13.0384,12.20656,12.20656,11.6619,11.6619,10.29563,10.81665,9.43398,9.43398,8.94427,8.06226,8.06226,8.06226,7.2111,6.7082,5.83095,5.83095,5.83095,4.47214,4.47214,4.47214,3.60555,3.60555,2.82843,2.23607,2.23607,1.41421,1.41421,1.0,0.0,0.0,0.0,0.0,1.0,1.0,1.0,1.0,2.0,1.0,2.0,2.0,2.0,2.0,2.0,2.0,2.0,2.0,2.0,2.0,2.23607,2.23607,2.23607,76.00658,70.17834,72.71864,69.97142,69.64194,64.66065,63.63175,64.3506,58.83026,59.16925,51.10773,55.22681,49.09175,49.39636,45.48626,42.54409,39.96248,36.89173,36.71512,34.4093,31.06445,26.07681,26.90725,23.60085,20.80865,18.02776,21.09502,17.02939,13.0384,7.81025,6.40312,4.24264,7.81025,6.7082,2.0,5.0,1.41421,6.7082,6.32456,7.61577,8.544,11.18034,10.77033,11.40175,12.04159,12.0,16.0,13.34166,13.60147,16.12452,16.15549,14.31782,15.81139,13.0,13.0384,14.42221,15.26434,45.17743,47.16991,47.75982,54.40588,51.1957,52.17279,50.80354,55.10898,53.60037,56.7186,60.40695,57.55867,61.66036,63.78871,68.11755,65.19202,68.26419,69.02898,73.02739,73.06162,73.0,78.0,77.10383,81.15417,81.3941,78.05767,77.16217,76.1643,74.24284,77.31753,70.11419,76.41989,71.25307,71.17584,69.06519,66.0303,66.0303,68.11755,64.28063,61.81424,63.63961,60.87693,62.0967,60.16644,60.72891,62.24147,59.48109,61.29437,62.64982,64.49806,67.74216,67.1193,70.21396,68.24954,73.4983,77.66595,74.4043
13.41641,12.52996,12.52996,11.6619,11.18034,11.18034,10.29563,9.84886,9.84886,8.94427,8.94427,8.544,7.61577,7.61577,6.7082,6.32456,6.32456,5.38516,5.38516,5.38516,4.47214,4.12311,4.12311,3.16228,3.16228,3.0,2.0,2.0,1.0,1.41421,1.41421,1.41421,1.41421,2.0,2.0,2.0,2.0,2.0,2.0,3.0,3.0,3.0,3.0,3.0,3.0,3.0,3.0,3.0,3.0,3.0,3.0,3.16228,74.51845,72.47068,75.0733,66.8431,68.41053,65.29931,63.78087,63.03174,57.28001,59.66574,55.21775,53.15073,50.60632,47.50789,46.75468,44.65423,41.40048,35.80503,35.60899,31.62278,31.62278,28.6531,29.06888,25.05993,23.02173,19.72308,17.20465,17.20465,14.31782,10.77033,7.61577,10.77033,9.0,3.0,5.65685,3.16228,3.60555,8.24621,5.09902,9.21954,8.06226,8.24621,9.21954,10.04988,12.04159,11.40175,13.60147,16.03122,13.15295,14.03567,14.03567,14.14214,16.12452,17.02939,18.0,16.03122,15.81139,44.04543,47.43416,46.64762,50.11986,48.33218,52.81098,49.98,51.86521,53.48832,51.86521,59.77458,59.13544,62.36185,60.16644,66.70832,65.52099,70.34202,67.68309,74.46476,73.5459,76.29548,76.11833,77.10383,77.78175,77.41447,78.08969,76.53104,79.51101,74.43118,79.40403,68.593,73.68175,72.69113,74.67262,68.88396,67.26812,65.30697,66.21933,62.93648,58.69412,62.76942,59.05929,63.52952,60.82763,59.16925,59.66574,60.21628,61.6198,64.38167,63.65532,64.38167,63.78087,70.29225,66.8431,70.83784,73.75636,70.80254
14.21267,13.45362,13.45362,12.80625,12.80625,11.40175,11.40175,10.63015,10.0,10.0,10.0,9.21954,8.60233,7.81025,7.81025,7.81025,6.40312,6.40312,5.65685,5.65685,5.0,5.0,4.24264,4.24264,2.82843,2.82843,2.82843,2.23607,1.41421,2.23607,2.0,2.0,2.0,1.0,1.0,1.41421,1.41421,1.41421,1.41421,1.41421,2.23607,2.23607,2.23607,2.23607,2.82843,2.82843,2.82843,2.82843,2.82843,2.82843,2.82843,3.16228,74.51845,70.72482,69.35416,72.12489,66.48308,68.593,63.63961,60.1415,60.10824,60.10824,57.28001,53.75872,50.9902,49.67897,46.75468,43.18565,43.27817,37.48333,38.41875,34.65545,32.55764,31.14482,28.3196,23.43075,19.10497,22.62742,19.84943,17.20465,13.60147,14.14214,14.42221,10.29563,8.94427,6.08276,6.08276,5.38516,8.60233,6.40312,7.07107,6.7082,7.07107,7.28011,13.89244,12.64911,10.29563,9.21954,10.19804,16.12452,13.92839,13.0,13.60147,13.60147,15.23155,15.65248,15.26434,14.42221,16.27882,44.28318,45.65085,47.20169,50.0,49.57822,49.57822,50.24938,53.07542,56.58622,54.20332,57.80138,59.40539,61.40033,64.63745,66.0303,67.95587,71.02816,68.7968,70.83078,74.09453,75.66373,75.17978,76.48529,77.87811,76.55064,80.41144,75.76939,77.25283,77.16217,75.39231,70.93659,71.51224,74.84651,70.00714,69.46222,68.15424,67.1193,64.4748,62.24147,62.6099,63.13478,60.03332,60.21628,60.46487,57.2014,64.44377,61.52235,60.1415,62.36986,65.11528,65.8559,68.0147,73.24616,72.62231,71.58911,75.28612,76.83749
13.0,13.0,12.0,12.04159,11.04536,11.04536,11.0,10.04988,10.0,9.05539,9.05539,8.06226,8.06226,7.0,7.07107,6.0,6.0,6.0,6.0,5.0,5.0,4.0,4.0,4.0,3.0,3.0,2.0,1.0,1.0,1.41421,1.41421,1.41421,1.0,1.0,1.0,1.0,1.0,1.0,1.41421,2.23607,2.23607,2.23607,2.23607,2.23607,2.23607,2.23607,2.23607,2.23607,2.23607,2.0,2.0,2.0,68.46897,71.06335,72.56032,66.0303,67.26812,66.1211,64.12488,65.06919,59.3043,57.00877,57.00877,52.08647,49.09175,50.03998,42.0119,41.10961,40.11234,37.05401,37.12142,31.14482,33.37664,28.0,30.06659,26.68333,23.08679,19.23538,17.72005,16.76305,15.81139,13.60147,11.6619,10.81665,7.61577,9.43398,5.83095,3.60555,6.08276,6.08276,7.07107,8.94427,9.21954,9.89949,13.60147,9.84886,9.84886,14.42221,13.0,10.29563,14.31782,14.42221,16.40122,16.12452,14.86607,15.81139,17.49286,15.13275,14.03567,46.38965,49.09175,48.0,51.15662,51.08816,51.62364,50.63596,54.91812,51.97115,57.87055,57.72348,59.77458,60.63827,63.06346,65.25335,69.64194,72.12489,68.35203,70.93659,73.00685,74.84651,76.05919,80.49845,79.30952,80.95678,79.70571,77.36924,80.06248,77.36924,78.29432,75.591,74.79305,74.30343,71.19691,72.06941,68.88396,68.942,65.0,62.03225,64.84597,62.0967,61.61169,64.53681,60.53098,58.54912,57.07889,61.07373,62.03225,63.07139,66.0303,67.47592,70.45566,68.26419,71.70077,74.96666,74.96666,79.40403
11.40175,11.40175,11.40175,10.44031,10.44031,10.44031,9.48683,8.24621,8.24621,8.24621,8.24621,7.28011,7.28011,6.32456,6.08276,6.08276,5.09902,4.12311,4.12311,4.12311,4.0,3.0,3.16228,2.0,2.0,2.0,1.0,1.0,1.0,1.0,1.0,1.0,1.0,2.0,2.23607,2.23607,2.23607,2.23607,2.23607,3.16228,3.16228,3.16228,3.16228,3.16228,3.16228,3.16228,3.16228,3.16228,3.0,3.0,3.0,3.0,74.96666,72.00694,70.71068,71.38627,67.08204,67.46851,64.93843,66.28725,55.31727,56.88585,54.57105,53.15073,51.62364,44.64303,46.87217,46.27094,40.02499,37.85499,36.49658,33.24154,31.57531,28.63564,28.16026,25.17936,22.56103,19.10497,18.02776,15.0333,14.14214,14.14214,9.05539,10.04988,5.83095,7.2111,7.81025,7.2111,7.0,9.05539,9.05539,11.18034,9.21954,10.77033,9.21954,12.16553,10.77033,12.52996,16.27882,14.56022,12.36932,15.52417,13.34166,13.34166,16.49242,13.0,17.26268,17.11724,17.46425,45.27693,47.01064,48.25971,48.83646,51.1957,50.80354,48.38388,51.24451,52.81098,53.75872,57.24509,58.87274,59.77458,59.80803,66.30988,63.15853,69.46222,66.70832,72.00694,72.94518,75.29276,75.29276,78.03204,76.8505,75.16648,77.10383,80.44874,77.42093,74.20243,78.00641,71.40028,73.60027,73.24616,72.00694,70.43437,68.24954,65.45991,65.0,64.00781,66.24198,64.41273,61.32699,63.24555,62.62587,65.14599,61.03278,61.40033,63.56099,61.39218,64.93843,70.17834,72.1734,72.24957,69.11584,74.02702,75.53807,75.05998
12.72792,12.72792,11.31371,11.31371,11.31371,10.63015,10.63015,9.89949,9.89949,8.48528,8.48528,8.48528,8.48528,7.07107,7.07107,7.07107,5.65685,5.65685,5.0,5.0,4.24264,4.24264,4.24264,3.60555,2.82843,2.82843,2.23607,2.23607,1.41421,1.0,1.0,1.0,1.0,1.41421,1.41421,1.41421,1.41421,1.41421,1.41421,1.41421,1.41421,2.23607,2.23607,2.23607,2.23607,2.23607,2.23607,2.82843,2.82843,2.82843,2.82843,2.82843,75.29276,73.81734,75.45197,71.86793,64.89992,67.41662,64.3506,61.58734,56.0803,56.4358,56.4358,54.70832,49.73932,48.37355,44.10215,41.6173,46.64762,41.88078,35.22783,33.6006,32.44996,29.15476,25.80698,25.6125,21.47091,20.80865,20.61553,17.80449,14.86607,14.21267,12.20656,11.18034,5.83095,5.38516,5.38516,6.32456,9.43398,6.40312,9.43398,10.0,7.28011,8.60233,11.7047,12.20656,10.19804,11.18034,12.20656,14.21267,14.31782,17.0,12.52996,15.55635,17.20465,12.52996,13.45362,15.26434,17.02939,43.18565,47.50789,49.09175,51.10773,50.24938,49.64877,48.8467,52.92447,53.14132,50.59644,55.71355,58.18935,59.61543,62.39391,66.40783,64.19502,66.76077,68.41053,73.75636,74.52516,76.68768,76.29548,72.83543,74.33034,76.41989,80.50466,79.30952,78.23043,76.32169,75.10659,70.17834,75.23962,72.1734,69.11584,71.11259,67.1193,65.9242,64.93843,62.36986,64.28841,66.48308,61.03278,64.84597,62.39391,60.00833,65.30697,62.17717,64.49806,68.24222,61.29437,70.0,67.80118,74.4043,70.43437,75.00667,75.43209,74.63243
11.40175,11.40175,10.19804,10.44031,10.44031,9.48683,9.21954,8.24621,8.24621,8.24621,7.28011,7.28011,6.32456,6.32456,6.32456,5.09902,5.09902,4.12311,4.12311,4.12311,3.16228,3.0,3.0,3.0,2.0,2.0,1.41421,1.41421,1.41421,1.0,1.0,1.0,2.0,2.0,2.23607,2.23607,2.23607,2.23607,2.23607,3.16228,3.16228,3.16228,3.16228,3.16228,3.16228,3.16228,3.16228,3.16228,3.16228,3.16228,3.0,3.0,74.33034,68.00735,70.5195,69.28925,62.03225,64.07808,60.41523,60.00833,55.15433,57.27128,55.03635,52.20153,50.69517,46.09772,44.77723,44.01136,41.78516,33.61547,36.40055,31.32092,33.10589,26.24881,22.13594,22.80351,22.80351,18.02776,19.31321,15.13275,12.36932,13.0384,10.19804,10.04988,8.0,5.65685,4.47214,6.40312,7.28011,9.48683,6.0,8.24621,9.0,9.05539,10.19804,12.64911,13.0,12.36932,14.03567,13.34166,14.86607,14.56022,16.15549,15.0333,13.15295,15.0,17.02939,16.03122,13.15295,44.38468,45.88028,49.24429,48.75449,49.39636,49.92995,49.24429,51.0,53.25411,51.61395,55.0,58.60034,64.03124,63.89053,63.60031,67.26812,69.42622,68.68042,74.33034,72.83543,76.41989,79.9062,77.83315,79.30952,78.74643,81.21576,77.80103,77.20104,76.83749,78.00641,74.02702,74.02702,74.20243,75.28612,71.21798,67.26812,68.0147,69.42622,65.94695,65.11528,60.87693,62.482,62.20129,63.24555,60.74537,60.20797,65.76473,60.92618,63.06346,62.39391,66.70832,68.15424,69.28925,67.41662,70.21396,71.7844,73.08215
12.20656,10.81665,10.81665,10.0,10.0,10.0,9.21954,8.60233,8.60233,7.81025,7.81025,7.81025,7.07107,6.40312,5.65685,6.40312,5.0,5.0,4.24264,4.24264,4.24264,3.60555,2.82843,2.82843,2.82843,2.23607,1.41421,1.41421,1.0,1.0,0.0,0.0,0.0,1.0,1.0,1.0,1.0,1.0,1.0,1.0,1.0,1.0,2.0,2.0,2.0,2.0,2.0,2.23607,2.23607,2.23607,2.23607,1.41421,68.00735,69.40461,66.28725,68.00735,69.02898,61.07373,67.35726,57.62812,58.41233,52.49762,52.20153,48.27007,48.60041,46.8615,45.27693,41.7732,41.10961,36.12478,33.97058,35.0,30.61046,29.69848,22.80351,22.80351,21.93171,21.63331,17.02939,17.49286,15.6205,12.52996,10.63015,11.18034,6.7082,5.09902,6.08276,7.28011,8.48528,8.06226,7.81025,7.28011,6.32456,9.21954,11.18034,11.40175,9.21954,10.77033,8.94427,13.0,10.44031,10.77033,12.36932,15.23155,13.92839,14.42221,13.45362,15.55635,12.72792,45.54119,43.9659,48.70318,47.01064,50.9902,46.64762,51.62364,50.24938,52.69725,58.41233,56.0803,56.0803,61.07373,65.19202,62.36986,65.8559,67.26812,70.00714,66.46804,70.83784,72.62231,76.57676,79.20227,76.02631,78.77182,75.80237,76.00658,74.33034,77.38863,72.94518,74.94665,71.34424,72.71864,70.49113,67.23095,67.95587,68.24222,63.82006,63.41136,61.40033,61.07373,63.65532,60.20797,63.65532,58.0,58.89822,60.44005,63.00794,59.40539,64.07027,63.81222,66.24198,64.14047,70.71068,73.43024,68.09552,74.88658
14.31782,13.15295,13.15295,12.36932,12.16553,11.40175,11.40175,10.19804,10.19804,9.21954,9.21954,9.21954,8.24621,8.06226,7.28011,7.07107,7.07107,6.08276,6.08276,5.09902,5.09902,4.0,4.0,4.0,3.0,3.0,3.16228,2.23607,2.23607,2.23607,1.41421,1.41421,2.23607,2.23607,2.23607,2.23607,2.23607,3.16228,2.23607,3.16228,3.16228,3.0,3.0,3.16228,3.16228,3.0,3.16228,3.16228,3.16228,3.16228,3.16228,3.16228,72.23573,73.53911,71.47027,69.89278,70.00714,65.9242,65.39113,64.07808,61.26989,57.69749,55.54278,53.85165,53.48832,49.24429,44.28318,44.28318,40.71855,40.8534,36.24914,33.83785,32.31099,31.7805,26.24881,27.313,25.07987,22.36068,19.41649,18.68154,17.08801,16.03122,14.31782,13.0384,9.05539,6.0,9.43398,9.21954,7.2111,10.44031,6.32456,8.544,11.7047,10.29563,13.60147,11.18034,12.0,11.40175,8.544,15.0333,14.14214,13.15295,15.13275,14.31782,13.92839,13.92839,15.52417,16.15549,15.81139,43.28972,47.07441,46.09772,49.33559,48.10405,50.08992,48.33218,50.56679,53.23533,52.83938,55.07268,57.68882,59.36329,60.20797,62.43397,63.60031,65.45991,68.00735,70.0,71.06335,75.9276,74.41102,76.36753,78.56844,78.49204,78.51751,74.41102,74.27651,76.57676,74.27651,73.0,75.00667,72.24957,70.03571,71.50524,66.48308,66.48308,63.63961,62.24147,63.25346,59.20304,61.85467,62.68174,62.76942,60.03332,63.56099,64.07808,61.32699,65.45991,67.77905,67.06713,70.83784,68.62215,68.96376,74.0,72.73239,77.16217
12.72792,12.72792,12.04159,12.04159,10.63015,10.63015,9.89949,9.89949,9.21954,9.21954,8.48528,8.48528,7.07107,7.07107,7.07107,7.07107,5.65685,5.65685,5.0,5.0,4.24264,3.60555,3.60555,3.60555,3.60555,3.16228,2.23607,2.0,2.0,2.0,2.0,2.23607,2.23607,1.41421,2.23607,2.23607,2.82843,2.82843,2.23607,2.23607,2.82843,2.82843,2.82843,2.82843,2.82843,2.82843,2.82843,2.82843,2.82843,2.82843,2.82843,2.82843,74.62573,75.17978,73.06162,72.71864,69.11584,66.7308,70.23532,63.06346,62.16912,59.03389,58.13777,53.23533,51.88449,47.88528,47.01064,45.79301,43.82921,42.54409,34.98571,35.35534,34.66987,28.84441,25.80698,26.83282,24.69818,24.41311,20.0,17.02939,18.02776,16.97056,12.72792,12.72792,9.89949,8.48528,8.06226,9.21954,8.24621,7.07107,7.61577,8.06226,9.21954,10.0,10.29563,9.89949,10.63015,12.72792,10.63015,12.80625,10.63015,15.81139,13.45362,13.60147,12.72792,11.6619,17.49286,16.40122,16.15549,43.86342,44.20407,47.43416,47.88528,49.73932,48.33218,50.15974,51.47815,51.62364,54.78138,54.70832,56.64804,60.08328,63.56886,62.29767,66.94027,67.91171,68.65858,67.68309,74.1485,74.8131,75.95393,80.50466,75.32596,75.42546,77.16217,78.16009,78.23043,77.05842,72.00694,75.10659,75.05998,72.00694,73.17103,70.02857,70.11419,67.36468,65.62012,64.32729,63.34824,63.95311,62.0967,62.36185,65.45991,59.80803,64.4748,66.18912,62.26556,66.24198,65.8635,65.73431,72.42237,72.40166,72.94518,72.67049,77.20104,78.54935
13.0384,13.0384,13.0384,12.04159,12.04159,11.04536,11.04536,10.0,10.04988,9.05539,9.05539,9.05539,8.06226,8.06226,7.07107,7.07107,7.07107,6.08276,6.08276,5.0,5.09902,4.12311,4.0,4.0,4.0,3.16228,2.0,2.0,2.0,1.0,1.0,1.0,1.0,0.0,1.0,1.0,1.0,1.0,1.0,1.0,1.0,1.0,1.0,1.41421,2.23607,2.23607,2.0,2.23607,2.0,2.0,2.0,2.0,77.27872,73.97973,70.45566,70.85901,65.9242,65.76473,64.13267,68.06614,62.16912,58.0517,55.7315,53.93515,54.12947,49.24429,46.87217,44.55334,44.64303,40.60788,41.0,34.36568,32.55764,28.86174,27.29469,25.31798,23.5372,21.09502,20.09975,19.10497,19.23538,14.03567,13.34166,11.18034,10.04988,7.28011,6.7082,6.7082,2.82843,5.83095,7.2111,6.08276,8.0,8.24621,10.19804,10.04988,9.21954,10.04988,8.544,8.06226,10.81665,10.44031,10.44031,11.18034,11.7047,9.21954,13.34166,13.0384,15.0,44.28318,47.0,43.01163,47.38143,47.85394,49.0306,50.28916,50.69517,53.16014,52.81098,56.32051,57.87055,61.98387,61.98387,64.84597,58.87274,68.70953,68.54196,70.77429,72.01389,71.58911,75.58439,75.66373,75.29276,78.77182,77.17513,74.62573,78.77182,73.4983,79.05694,72.67049,76.00658,73.81734,71.84706,70.49113,71.28113,65.51336,67.60178,65.36819,66.70832,62.76942,60.74537,66.7308,62.0967,64.7611,64.53681,61.0,64.77654,65.62012,68.35934,69.35416,71.02816,74.16873,71.11259,75.02666,80.22468,78.1025
11.7047,11.7047,11.7047,11.7047,10.44031,10.44031,9.48683,9.48683,8.544,8.544,8.24621,7.61577,7.28011,6.32456,6.32456,5.38516,5.38516,5.09902,4.47214,4.12311,3.16228,3.16228,3.16228,2.23607,2.23607,2.23607,1.41421,1.0,0.0,1.0,1.0,1.0,1.41421,1.0,1.0,1.0,1.41421,2.23607,2.23607,2.23607,2.23607,2.23607,2.23607,2.23607,2.23607,2.23607,2.23607,2.23607,2.23607,2.23607,2.23607,2.82843,73.3553,68.15424,73.79024,68.02941,65.76473,66.48308,62.24147,63.56099,55.9464,58.18075,55.9464,51.42956,47.53946,48.33218,42.48529,41.59327,40.31129,35.34119,36.67424,33.61547,32.64966,27.73085,28.30194,26.40076,21.0238,21.0238,16.97056,14.21267,14.42221,13.0384,12.72792,11.31371,8.06226,8.06226,6.32456,4.47214,4.47214,7.28011,8.24621,7.07107,6.32456,6.32456,9.48683,5.38516,11.18034,10.77033,11.18034,12.52996,13.0,13.0384,13.15295,14.31782,15.65248,13.45362,16.15549,11.40175,13.45362,42.95346,45.88028,46.32494,49.49747,46.69047,48.6621,49.25444,52.61179,50.24938,52.34501,56.14268,56.14268,60.40695,61.0082,66.0303,62.00806,69.02898,67.02984,72.00694,73.10951,73.10951,74.06079,72.56032,78.23043,76.79193,78.31347,75.80237,78.08969,72.18033,78.63841,72.00694,74.54529,71.02112,71.70077,69.46222,68.26419,68.11755,66.18912,62.03225,64.03124,65.37584,62.514,62.96825,60.63827,63.56099,61.03278,62.64184,63.69458,63.69458,64.4748,65.79514,68.88396,69.83552,68.96376,74.30343,73.3553,73.3553
13.45362,12.04159,12.80625,12.04159,12.04159,10.63015,10.63015,9.89949,9.21954,9.21954,9.21954,8.60233,7.81025,7.2111,6.40312,6.40312,6.40312,5.83095,5.0,5.0,5.0,4.47214,3.60555,3.16228,2.23607,3.16228,2.0,2.0,2.23607,2.23607,1.41421,1.41421,2.23607,2.23607,2.23607,2.23607,2.23607,2.23607,3.16228,3.16228,3.16228,3.16228,3.16228,3.16228,3.16228,3.16228,3.16228,3.16228,3.60555,3.60555,3.60555,3.60555,70.76722,70.83784,70.0928,69.31089,63.78087,68.0147,65.19202,62.62587,56.72742,55.44367,52.49762,54.67175,47.50789,46.40043,46.04346,41.10961,42.63801,38.20995,34.82815,35.38361,32.64966,27.58623,26.1725,23.43075,24.83948,20.51828,16.27882,17.02939,13.45362,10.0,10.29563,8.94427,9.48683,6.0,7.28011,7.61577,5.38516,4.24264,10.81665,9.48683,10.0,12.08305,11.6619,11.18034,12.08305,13.60147,13.0,14.76482,13.60147,14.56022,14.86607,14.76482,15.23155,13.41641,16.12452,12.80625,16.64332,44.20407,46.01087,46.66905,48.9183,48.60041,49.40648,51.62364,51.0,53.85165,53.85165,55.07268,55.47071,57.24509,56.85948,63.06346,62.16912,66.64083,66.70832,74.32362,72.23573,74.0,73.53911,74.04053,76.53757,76.90254,75.69016,77.87811,78.1025,74.95332,74.95332,71.30919,77.10383,74.73286,68.88396,70.0928,67.72001,61.40033,65.80274,62.96825,64.62198,61.7414,61.7171,64.49806,60.53924,61.05735,59.81639,60.60528,63.89053,63.70243,64.44377,67.20863,65.05382,72.13876,67.17887,73.53911,72.13876,72.83543
13.0384,12.04159,12.04159,12.04159,11.04536,11.04536,11.04536,10.04988,10.04988,9.05539,9.05539,8.0,8.0,8.06226,7.0,7.0,6.0,6.0,5.0,5.0,5.0,4.0,4.0,4.12311,3.0,3.16228,2.23607,2.23607,1.41421,1.41421,1.41421,1.0,2.0,2.0,2.0,2.0,2.0,2.23607,2.23607,2.23607,2.23607,2.23607,2.23607,2.23607,3.16228,3.16228,3.16228,3.16228,3.16228,3.16228,3.0,3.0,72.56721,73.34848,72.83543,67.26812,70.40597,67.18631,64.93843,65.11528,57.27128,55.31727,53.60037,50.9902,51.78803,49.47727,43.93177,43.73786,41.23106,38.83298,35.69314,33.54102,32.98485,30.06659,26.30589,23.34524,20.39608,22.02272,21.0,17.02939,13.15295,10.04988,12.16553,8.544,7.28011,5.83095,5.83095,7.61577,4.12311,7.0,9.05539,7.28011,8.24621,8.94427,10.44031,8.06226,13.92839,10.29563,10.77033,11.18034,10.77033,10.29563,15.81139,14.76482,18.02776,17.26268,18.02776,15.29706,16.0,45.70558,43.01163,45.88028,47.01064,49.24429,48.76474,48.76474,51.10773,52.47857,53.85165,55.75841,57.14018,60.53924,61.40033,61.85467,65.21503,67.20119,70.80254,69.6563,69.6563,74.41102,77.15569,77.89737,77.10383,77.78175,76.38063,75.66373,75.69016,76.36753,74.96666,74.27651,70.03571,70.76722,70.00714,71.42129,67.94115,67.94115,63.70243,63.41136,60.80296,62.20129,58.18075,61.26989,64.84597,59.48109,54.42426,59.23681,63.06346,63.56099,67.68309,65.0,67.60178,70.85901,67.47592,70.71068,72.00694,75.66373
11.40175,11.40175,11.40175,11.40175,10.44031,10.19804,10.19804,9.21954,9.21954,8.24621,8.24621,8.24621,7.28011,7.07107,6.08276,6.08276,5.38516,5.09902,4.12311,4.12311,4.12311,3.16228,3.16228,3.16228,2.0,2.23607,1.0,1.41421,1.0,1.0,1.0,1.41421,1.41421,1.41421,1.41421,1.41421,1.41421,2.23607,1.41421,2.23607,2.23607,2.23607,2.23607,2.23607,2.23607,2.23607,2.82843,2.82843,2.82843,2.82843,2.82843,2.23607,70.21396,71.30919,68.68042,69.57011,66.70832,65.0,65.25335,60.63827,57.72348,59.43904,53.93515,51.41984,48.6621,46.52956,44.91102,45.89118,41.59327,38.07887,33.37664,35.17101,33.24154,30.08322,29.42788,27.20294,22.2036,19.64688,20.61553,19.41649,13.34166,12.08305,12.52996,8.06226,7.28011,7.07107,8.06226,6.08276,7.0,6.08276,7.61577,6.32456,8.24621,11.18034,8.544,12.08305,10.81665,10.81665,11.40175,10.81665,12.80625,13.45362,12.80625,14.86607,13.41641,15.81139,13.60147,14.86607,14.31782,40.31129,46.06517,48.8467,46.48656,50.96077,48.16638,49.49747,54.58938,55.22681,48.37355,56.32051,56.00893,62.514,60.53098,63.07139,63.07139,69.02898,67.06713,74.16873,68.02941,71.11259,77.52419,78.77182,77.64664,78.64477,75.95393,73.4983,80.60397,73.76313,79.83107,73.24616,69.37579,69.26038,68.30813,73.76313,67.36468,67.08204,66.70832,63.63961,63.28507,64.19502,62.03225,62.07254,59.13544,60.40695,59.3043,57.87055,62.36986,63.06346,63.60031,63.06346,69.26038,65.78754,70.88018,72.11103,74.63243,74.63243
11.7047,11.7047,10.77033,10.77033,10.77033,9.84886,9.84886,9.84886,8.94427,8.544,8.544,7.61577,7.61577,6.7082,6.32456,6.32456,6.32456,5.38516,5.09902,5.09902,4.12311,4.12311,4.12311,3.0,3.0,3.0,3.0,2.0,2.23607,2.23607,2.23607,1.41421,1.41421,2.23607,2.23607,2.23607,2.23607,2.23607,2.23607,2.23607,2.23607,3.16228,3.16228,2.23607,3.16228,3.16228,3.16228,3.16228,3.16228,3.16228,3.16228,2.82843,70.3278,73.34848,70.71068,72.56032,67.60178,65.0,63.63175,60.03332,57.98276,55.75841,56.82429,53.53504,48.8774,48.60041,46.87217,43.56604,46.64762,36.35932,37.12142,36.23534,30.46309,29.52965,29.06888,25.05993,20.59126,21.0238,19.64688,17.46425,15.65248,15.52417,11.7047,11.04536,12.04159,6.32456,8.24621,5.0,6.40312,9.21954,5.09902,8.06226,9.21954,10.19804,8.544,11.18034,11.7047,13.60147,10.44031,11.18034,12.16553,15.29706,13.15295,14.56022,15.13275,12.36932,15.29706,15.65248,12.52996,41.4367,42.05948,42.48529,48.30114,48.25971,46.04346,49.81967,49.0408,51.22499,57.48913,57.62812,55.31727,58.89822,61.52235,62.2254,63.63961,67.26812,69.42622,71.70077,71.06335,72.20111,76.02631,76.40026,76.27582,74.62573,77.93587,77.17513,75.47185,75.66373,74.43118,74.43118,72.94518,71.86793,66.64833,70.49113,66.37017,66.57327,63.24555,63.00794,61.6198,57.38467,62.96825,57.28001,62.28965,58.13777,64.66065,59.81639,62.20129,64.3506,66.37017,64.49806,64.84597,67.08204,69.35416,70.77429,71.17584,71.55418
10.63015,10.63015,10.0,10.0,10.0,10.0,8.60233,8.60233,8.60233,7.2111,7.2111,6.40312,6.40312,5.83095,5.0,5.0,5.0,5.0,4.24264,3.60555,3.60555,3.60555,2.82843,2.23607,1.41421,1.41421,1.0,1.0,1.0,1.0,1.41421,1.41421,1.41421,1.41421,1.41421,1.41421,2.23607,1.41421,2.23607,2.23607,2.23607,2.23607,2.23607,2.23607,2.23607,2.23607,2.23607,2.23607,2.23607,2.23607,2.23607,2.82843,68.41053,71.84706,68.7968,66.85058,66.85058,62.1289,62.68174,61.05735,55.07268,54.70832,54.3783,48.25971,50.21952,47.16991,41.67733,45.17743,42.94182,35.8469,34.66987,33.6006,32.20248,26.92582,25.80698,23.43075,23.02173,20.80865,19.41649,17.69181,13.89244,14.14214,10.63015,9.43398,6.7082,5.83095,8.544,8.24621,4.47214,6.7082,9.21954,10.0,8.60233,10.0,7.2111,7.81025,12.80625,12.80625,11.40175,10.0,12.20656,12.04159,13.45362,14.86607,11.6619,15.55635,14.86607,15.0,14.21267,43.18565,44.55334,46.01087,48.27007,49.09175,48.8774,50.77401,49.39636,53.0,56.35601,55.54278,57.00877,57.93962,62.03225,64.4748,67.23095,66.85058,69.57011,70.2282,72.73239,74.46476,75.28612,76.90254,80.89499,77.78175,78.40918,76.65507,78.51751,76.53104,75.80237,73.82412,71.44928,72.56032,69.87131,69.87131,69.72087,66.61081,65.62012,62.80127,61.84658,61.13101,62.03225,62.76942,61.09828,60.00833,60.74537,57.98276,62.76942,61.85467,59.90826,65.80274,65.21503,71.06335,68.60029,70.80254,73.87828,69.52697
13.15295,12.04159,12.04159,12.04159,12.04159,11.04536,11.04536,10.04988,10.04988,9.05539,9.05539,8.06226,8.0,8.0,7.0,7.0,6.0,6.08276,6.08276,5.0,5.0,5.0,4.0,4.0,4.0,3.0,3.16228,2.23607,2.23607,2.23607,1.41421,1.41421,1.41421,1.41421,1.41421,1.41421,1.0,1.0,1.0,1.0,1.0,1.0,1.0,1.0,1.0,2.0,2.0,2.0,2.0,2.0,2.0,2.0,75.16648,75.0,72.1734,71.11259,72.00694,69.0,64.03124,66.00758,59.0,56.0803,56.0803,53.15073,50.03998,53.03772,44.04543,44.01136,39.05125,39.05125,39.11521,36.05551,34.0147,32.01562,28.01785,27.07397,27.07397,25.07987,23.02173,20.02498,21.37756,16.27882,12.64911,11.40175,11.40175,11.6619,7.81025,7.81025,9.21954,10.81665,8.60233,6.32456,13.15295,11.04536,8.24621,11.0,10.04988,12.04159,11.6619,11.04536,10.19804,11.04536,10.77033,13.60147,15.0333,13.15295,11.04536,14.03567,12.16553,42.04759,40.71855,44.59821,47.12749,49.24429,48.83646,51.78803,53.15073,53.15073,55.14526,56.0357,58.03447,61.0082,64.03124,63.12686,67.0,66.06815,70.45566,70.71068,73.68175,73.34848,77.66595,77.36924,80.28076,79.12016,77.62087,78.43469,76.53757,80.95678,76.32169,72.44998,73.73602,73.53911,73.53911,70.83784,71.86793,68.00735,66.48308,66.21933,65.30697,64.53681,63.15061,61.66036,64.28063,58.13777,63.28507,62.0,64.07027,66.0,66.18912,66.27217,70.03571,74.43118,69.26038,73.68175,75.80237,76.41989
11.31371,11.31371,11.31371,11.31371,9.89949,10.63015,9.21954,9.21954,9.21954,7.81025,7.81025,7.81025,7.81025,6.40312,6.40312,5.65685,5.65685,5.0,5.0,4.24264,4.24264,4.24264,2.82843,2.82843,2.82843,2.82843,2.23607,1.41421,1.0,1.0,1.0,1.0,1.41421,1.41421,1.41421,1.41421,1.41421,1.41421,1.41421,1.41421,2.23607,2.23607,2.23607,2.23607,2.23607,2.23607,2.23607,2.23607,2.23607,2.23607,2.82843,2.23607,70.83784,69.02898,70.83784,67.35726,66.21933,64.81512,61.40033,61.61169,56.0357,58.24946,53.82379,55.21775,51.0392,47.43416,45.48626,44.65423,41.04875,39.20459,38.83298,34.1321,34.4093,30.01666,27.20294,24.08319,22.2036,23.43075,20.51828,19.84943,17.69181,18.43909,16.40122,12.80625,10.63015,8.06226,9.43398,9.48683,7.0,9.0,7.0,7.0,9.0,6.7082,9.43398,8.06226,9.43398,9.43398,11.6619,10.77033,10.0,10.63015,9.89949,13.45362,14.21267,10.81665,11.18034,11.7047,12.20656,40.79216,45.88028,43.86342,48.30114,49.24429,50.47772,49.39636,51.0392,52.69725,53.15073,55.22681,57.48913,60.959,67.94115,64.3506,65.8559,67.20863,68.11755,71.8401,72.00694,73.23933,78.00641,75.80237,79.25907,78.39005,77.89737,78.26238,81.43709,75.13322,82.34683,75.6439,76.6942,71.30919,73.92564,72.09022,67.41662,66.30988,63.50591,64.40497,63.06346,65.76473,63.28507,62.96825,57.42822,59.36329,63.70243,61.84658,58.79626,64.38167,63.63961,66.48308,66.52819,72.86288,69.31089,73.59348,75.74299,74.24958
13.45362,12.72792,12.04159,12.72792,11.31371,11.31371,10.63015,9.89949,9.89949,9.89949,9.21954,8.48528,8.48528,8.48528,7.07107,7.07107,7.07107,5.65685,5.65685,5.65685,5.65685,5.0,4.24264,3.60555,3.60555,3.60555,2.82843,2.23607,3.16228,2.23607,2.23607,2.0,2.0,2.0,2.0,2.0,2.0,2.23607,2.23607,2.0,2.23607,2.23607,2.23607,2.23607,2.23607,2.23607,2.23607,2.23607,2.23607,2.23607,2.23607,3.0,74.24958,70.03571,70.76722,68.76772,68.62215,61.6198,64.53681,63.03174,61.40033,56.0803,55.31727,50.60632,48.16638,48.9183,48.41487,46.09772,44.82187,38.8973,36.79674,35.4683,32.64966,29.20616,26.24881,26.90725,26.87006,21.2132,23.02173,20.61553,18.43909,20.0,16.64332,12.72792,11.40175,13.0,10.44031,12.0,12.04159,10.19804,11.18034,13.0,7.61577,9.43398,7.61577,8.60233,10.29563,10.0,12.20656,11.40175,9.21954,10.0,11.31371,14.21267,14.21267,12.52996,13.89244,15.0,13.60147,44.91102,44.92215,46.48656,48.33218,50.11986,50.77401,53.85165,51.0392,52.80152,53.41348,60.44005,58.79626,63.12686,62.28965,64.3506,67.20863,69.35416,70.93659,71.8401,73.60027,76.05919,76.00658,80.77747,77.69813,81.00617,79.25907,76.94154,75.15318,75.15318,77.36924,71.58911,76.02631,72.09022,69.46222,71.17584,66.18912,66.18912,65.76473,60.53924,61.40033,63.51378,61.40033,63.00794,62.00806,59.03389,61.6198,62.28965,60.87693,64.44377,65.11528,64.81512,64.03124,64.66065,70.43437,72.47068,71.70077,77.46612
12.36932,12.36932,11.40175,11.40175,10.44031,10.44031,10.44031,9.48683,9.48683,8.544,8.544,8.544,7.28011,7.28011,6.32456,6.32456,6.32456,5.38516,5.38516,5.09902,4.12311,4.12311,4.12311,4.12311,3.16228,3.16228,2.0,3.0,2.0,2.0,2.0,2.0,2.0,2.23607,1.41421,1.41421,1.41421,1.41421,1.41421,1.41421,1.41421,1.41421,1.41421,1.41421,2.23607,1.41421,2.23607,2.23607,2.23607,2.23607,2.82843,2.82843,73.38937,71.86793,68.00735,66.12866,69.07966,63.69458,64.62198,62.16912,59.09315,55.03635,53.85165,52.0,51.07837,48.8467,40.70626,44.72136,43.41659,39.39543,36.76955,35.77709,30.8707,32.31099,28.16026,25.63201,24.69818,22.47221,21.84033,20.88061,15.81139,14.31782,14.31782,13.0384,14.14214,9.05539,6.0,10.04988,9.43398,9.43398,7.81025,9.21954,9.21954,7.81025,10.63015,10.0,11.18034,11.7047,9.84886,12.52996,11.18034,10.77033,10.44031,13.92839,12.52996,13.0,13.89244,15.0,15.0,50.35871,44.38468,50.0,50.15974,53.93515,47.51842,53.60037,61.98387,53.60037,56.7186,55.7853,61.68468,65.25335,71.58911,62.62587,69.857,74.24958,76.47876,69.31811,73.92564,77.07788,79.25907,78.03204,81.63333,80.44874,78.60025,83.86895,76.02631,77.46612,71.58911,76.2168,69.81404,70.29225,70.0,69.6563,68.76772,68.88396,64.40497,63.82006,65.73431,64.14047,64.14047,59.16925,63.95311,59.09315,63.15853,62.03225,63.60031,63.24555,64.84597,63.60031,68.68042,69.12308,71.58911,72.03471,73.75636,76.68768
11.04536,11.04536,11.04536,10.0,10.0,9.0,9.0,8.0,8.0,8.0,7.0,7.0,7.0,6.0,6.0,5.0,5.09902,5.0,4.12311,4.12311,3.0,3.16228,3.16228,3.16228,2.23607,2.23607,1.41421,1.41421,1.41421,1.41421,1.0,1.0,2.0,2.0,2.0,2.0,2.0,2.23607,2.23607,2.23607,2.23607,2.23607,2.23607,2.23607,2.23607,2.23607,3.16228,3.16228,3.16228,3.0,3.16228,3.0,69.72087,68.11755,71.84706,66.48308,64.28063,68.26419,63.1981,61.07373,58.00862,59.03389,51.08816,53.15073,48.09366,48.01042,43.01163,43.01163,41.01219,34.0147,38.11824,34.23449,31.40064,27.16616,27.16616,25.17936,24.5153,21.09502,19.10497,16.49242,14.14214,14.76482,11.18034,10.77033,10.29563,7.81025,8.24621,7.81025,6.7082,7.61577,8.06226,11.0,6.08276,8.24621,8.24621,8.06226,9.21954,9.21954,9.05539,12.08305,13.15295,14.56022,14.31782,12.52996,12.16553,14.56022,16.27882,14.03567,16.03122,43.909,47.42362,47.16991,45.88028,48.76474,50.9902,50.48762,51.78803,54.58938,55.22681,55.14526,57.03508,60.07495,62.0,67.00746,66.1211,71.0,68.18358,71.25307,72.56032,74.8131,76.94154,76.15773,76.90254,75.69016,77.36924,78.84795,78.44743,74.33034,77.88453,71.51224,74.94665,69.89278,67.6757,70.21396,67.05222,63.89053,64.28841,60.87693,63.56099,62.96825,58.42089,62.39391,60.07495,60.00833,58.07753,62.03225,61.40033,62.20129,62.28965,62.96825,69.05071,69.2315,67.26812,73.34848,73.34848,71.70077
12.64911,11.40175,11.40175,11.40175,11.40175,10.44031,10.44031,10.19804,9.21954,9.21954,9.21954,8.24621,8.24621,7.28011,7.28011,7.28011,6.32456,6.32456,5.38516,5.38516,5.38516,4.47214,4.47214,4.47214,3.16228,3.60555,2.82843,2.23607,2.82843,1.41421,2.23607,2.23607,2.23607,2.0,2.0,2.0,2.0,2.0,2.0,2.0,2.0,2.0,2.23607,2.0,2.23607,2.23607,2.23607,2.23607,2.0,3.0,2.0,3.0,73.1642,72.36712,70.61161,69.2315,71.38627,62.64982,64.62971,62.28965,55.44367,55.7315,55.44367,53.60037,51.62364,50.48762,46.27094,44.72136,43.17407,37.21559,35.35534,33.95585,35.69314,30.08322,28.86174,26.30589,25.70992,22.13594,21.18962,18.86796,17.88854,13.41641,14.76482,14.21267,9.21954,12.04159,7.81025,8.60233,5.09902,5.0,10.04988,6.08276,10.04988,8.24621,9.21954,8.06226,10.0,10.0,12.08305,10.0,11.40175,10.63015,12.80625,11.6619,15.23155,16.40122,14.42221,14.56022,14.14214,41.4367,47.53946,45.54119,49.64877,49.0408,48.01042,49.0102,51.0,55.14526,53.00943,57.21888,56.14268,59.21149,65.37584,63.3877,66.09841,67.74216,67.91171,69.87131,71.06335,73.75636,79.12016,72.8011,77.20104,76.2168,72.12489,75.27284,80.00625,76.89603,74.09453,74.67262,72.8011,71.86793,72.11103,71.16881,69.26038,66.09841,66.94027,64.53681,66.09841,65.76473,61.20457,64.49806,61.07373,59.03389,65.00769,64.07027,60.53098,64.38167,64.77654,64.62971,70.40597,75.50497,69.12308,73.4983,71.38627,75.50497
12.80625,12.80625,12.04159,11.40175,11.40175,11.40175,10.0,10.0,10.0,9.21954,8.60233,8.60233,8.60233,7.2111,6.40312,7.2111,6.40312,5.83095,5.0,5.0,4.47214,3.60555,3.60555,3.60555,3.60555,2.82843,2.82843,1.41421,1.41421,1.41421,1.0,1.0,1.0,1.0,1.0,1.0,1.0,1.41421,1.41421,1.41421,1.41421,1.0,1.0,1.41421,2.23607,1.41421,1.41421,2.23607,2.23607,1.41421,1.41421,2.23607,72.94518,68.60029,68.60029,63.82006,67.6757,66.28725,63.51378,58.30952,55.22681,57.45433,51.62364,51.86521,47.16991,46.14109,43.909,39.66106,42.54409,37.73592,36.05551,32.75668,31.90611,27.29469,25.23886,25.4951,22.47221,23.32381,21.63331,19.20937,16.27882,14.86607,10.63015,10.29563,9.89949,8.60233,9.84886,5.65685,7.2111,5.0,7.07107,7.61577,6.40312,6.40312,8.48528,7.2111,10.63015,7.81025,12.72792,10.63015,12.80625,11.31371,12.72792,10.63015,13.60147,10.63015,14.14214,14.21267,11.40175,45.65085,46.87217,47.80167,49.67897,48.10405,48.16638,52.40229,51.22499,53.41348,58.00862,56.30275,58.00862,59.90826,63.28507,67.1193,68.0,68.60029,67.53518,71.55418,73.92564,77.49194,76.55064,74.94665,75.96052,80.08121,74.33034,75.28612,75.43209,78.33901,73.75636,75.43209,75.50497,72.36712,71.19691,68.65858,70.0928,66.94027,64.84597,65.14599,63.69458,62.03225,60.92618,62.64982,63.95311,59.5399,59.36329,58.83026,61.61169,66.21933,64.2028,63.41136,63.03174,69.6563,68.88396,70.0928,72.00694,73.24616
11.40175,11.40175,10.63015,10.81665,9.43398,10.0,8.60233,8.60233,8.60233,7.81025,7.2111,7.2111,6.40312,6.40312,5.83095,5.65685,5.65685,5.0,4.24264,4.24264,4.24264,4.24264,3.60555,2.82843,2.82843,2.23607,2.23607,2.0,2.0,2.0,2.0,2.0,2.23607,1.41421,2.23607,2.23607,2.23607,2.23607,2.23607,2.23607,2.82843,2.82843,2.82843,2.82843,2.82843,2.82843,2.82843,2.82843,2.82843,2.82843,3.60555,3.60555,77.80103,66.57327,69.06519,67.42403,65.45991,63.51378,60.20797,64.66065,57.80138,54.3783,52.7731,51.62364,54.6443,47.01064,45.17743,45.48626,43.04649,38.07887,36.35932,33.61547,32.20248,30.23243,28.01785,23.02173,23.32381,21.93171,18.02776,18.43909,17.69181,14.86607,11.31371,12.04159,9.43398,13.41641,10.0,9.84886,7.28011,7.28011,7.28011,10.0,7.61577,10.29563,7.61577,10.44031,8.48528,8.48528,12.04159,9.89949,13.45362,10.63015,12.20656,13.45362,16.27882,13.60147,14.86607,16.55295,17.49286,43.909,48.01042,47.01064,52.34501,49.49747,51.08816,51.22499,53.41348,53.60037,54.91812,56.30275,61.40033,59.16925,64.49806,69.83552,63.95311,76.02631,68.42514,72.09022,72.44998,77.16217,79.40403,75.28612,77.88453,78.8543,74.95332,78.8543,79.30952,73.1642,79.83107,74.67262,74.96666,72.99315,70.21396,66.61081,68.24954,63.56099,65.51336,63.06346,64.56005,64.84597,60.74537,60.00833,57.00877,59.48109,58.24946,59.16925,59.64059,61.40033,60.74537,62.20129,66.8431,70.93659,66.21933,70.80254,71.58911,72.24957
12.52996,11.18034,11.6619,11.6619,11.6619,10.29563,10.29563,10.29563,8.94427,9.43398,8.94427,8.06226,8.06226,6.7082,6.7082,6.7082,6.7082,5.38516,5.38516,5.38516,4.47214,4.12311,4.12311,4.12311,3.16228,3.16228,2.0,2.0,2.0,2.0,2.23607,2.23607,2.23607,1.41421,2.23607,2.23607,2.23607,2.23607,2.23607,2.23607,2.23607,2.23607,2.23607,2.23607,3.16228,3.16228,3.16228,3.16228,3.60555,3.60555,3.60555,3.60555,73.73602,70.26379,71.51224,67.23095,64.62198,65.79514,60.53924,65.30697,59.05929,56.79789,52.7731,53.22593,50.56679,44.28318,42.48529,45.27693,41.34005,41.62932,36.24914,31.7805,35.4683,28.79236,27.73085,24.35159,20.24846,22.13594,20.88061,22.47221,21.0238,16.27882,11.18034,12.04159,10.04988,8.06226,8.24621,10.19804,9.48683,6.40312,9.21954,9.48683,5.38516,8.544,9.21954,7.61577,9.0,11.40175,12.36932,9.21954,13.0384,13.0,13.15295,14.31782,14.03567,17.02939,16.27882,16.15549,13.41641,43.10452,47.67599,43.41659,52.20153,49.98,52.92447,47.53946,54.12947,56.85948,51.88449,60.03332,58.5235,66.24198,62.42596,66.03787,65.80274,69.40461,66.8431,73.60027,74.33034,72.86288,77.83315,75.69016,77.7946,76.6942,75.74299,76.83749,78.87332,75.0,77.62087,69.02898,73.40981,71.21798,67.26812,68.88396,66.70832,61.22091,64.44377,63.70243,62.93648,65.8559,58.82176,62.80127,60.0,59.90826,58.59181,57.70615,57.69749,60.92618,58.69412,62.24147,66.85058,69.57011,64.84597,70.93659,71.51224,74.09453
11.40175,11.40175,10.44031,10.44031,10.44031,9.21954,9.21954,8.24621,8.24621,8.24621,8.24621,7.28011,7.28011,6.32456,6.08276,6.32456,5.09902,5.09902,4.12311,4.12311,3.16228,3.16228,3.16228,3.16228,2.23607,2.23607,1.41421,1.41421,1.41421,1.0,1.0,1.0,1.0,1.0,1.0,1.41421,1.0,1.41421,1.41421,1.41421,1.41421,1.41421,2.23607,2.23607,2.23607,2.23607,2.23607,2.23607,2.23607,2.23607,2.82843,2.23607,71.56815,71.16881,70.21396,70.0928,64.56005,66.21933,60.20797,62.0967,56.75385,57.87055,53.60037,51.66237,51.92302,43.68066,44.91102,44.40721,40.79216,39.29377,34.52535,34.9285,36.40055,30.36445,29.12044,25.96151,24.73863,22.56103,25.07987,15.81139,16.76305,16.12452,13.92839,12.80625,11.31371,8.48528,7.2111,6.40312,6.7082,5.38516,3.0,8.0,8.0,6.0,6.08276,12.20656,10.0,9.21954,9.89949,12.20656,9.21954,10.63015,10.29563,10.63015,14.42221,13.60147,14.42221,11.31371,14.56022,45.80393,46.32494,46.51881,52.39275,49.64877,48.76474,49.64877,52.17279,56.08921,52.7731,59.4138,60.82763,64.13267,64.38167,68.593,66.06815,72.1734,72.00694,76.10519,76.02631,73.10951,80.025,77.23341,76.41989,78.63841,80.62258,79.42921,82.37718,77.64664,79.62412,74.52516,77.66595,74.33034,73.1642,73.5459,72.00694,68.06614,66.37017,64.62971,65.0,65.06919,62.03225,64.00781,63.3877,64.49806,60.20797,62.16912,62.58594,64.7611,59.66574,67.44627,68.30813,72.44998,69.26038,73.38937,74.67262,73.38937
11.7047,11.7047,11.7047,11.40175,10.44031,10.19804,9.48683,9.21954,9.21954,8.24621,8.24621,7.28011,8.24621,7.28011,6.08276,6.08276,6.08276,5.09902,5.09902,5.09902,4.12311,4.12311,4.12311,3.16228,3.16228,3.16228,2.0,2.23607,2.0,1.41421,1.41421,1.0,1.41421,1.41421,1.0,1.0,1.0,1.0,1.0,1.0,1.0,1.0,1.41421,1.0,1.41421,1.41421,1.41421,1.41421,1.41421,2.23607,2.0,2.0,72.8011,69.07966,69.857,64.51356,67.41662,62.29767,64.51356,57.72348,60.40695,51.26402,55.36244,53.16014,51.24451,47.53946,43.65776,42.72002,42.72002,38.8973,33.73426,35.90265,33.24154,32.28002,27.51363,26.68333,23.5372,25.0,18.43909,18.35756,18.38478,15.65248,15.52417,11.6619,10.63015,8.60233,9.21954,9.43398,8.24621,7.81025,6.7082,5.09902,9.05539,8.06226,6.08276,7.61577,5.83095,9.21954,9.43398,11.6619,10.63015,10.81665,11.31371,10.29563,14.31782,11.7047,13.0,11.7047,12.16553,46.75468,42.44997,50.32892,50.0,49.09175,50.24938,52.3259,51.88449,54.56189,56.64804,56.0803,58.18935,63.56886,65.78754,64.56005,71.56815,70.0928,72.03471,71.80529,76.48529,76.68768,78.63841,81.30191,79.1012,80.09994,81.22192,78.02564,75.05998,79.00633,74.0,80.09994,72.06247,76.05919,71.0,72.00694,70.06426,68.00735,65.00769,65.06919,64.19502,62.514,64.32729,58.69412,64.7611,57.00877,64.03124,63.60031,61.46544,65.55151,68.54196,63.97656,64.88451,65.9242,67.97794,71.17584,72.61543,76.92204
11.6619,11.18034,11.6619,11.18034,9.84886,9.84886,8.94427,8.94427,8.544,8.06226,7.61577,6.7082,6.7082,6.7082,5.38516,5.83095,5.38516,5.38516,4.47214,4.47214,3.16228,3.60555,3.16228,2.82843,2.23607,2.23607,1.41421,1.41421,1.41421,1.0,1.0,1.0,1.41421,1.41421,1.0,1.41421,1.41421,1.41421,1.41421,1.41421,1.41421,2.23607,2.23607,2.23607,2.23607,2.23607,2.82843,2.82843,2.82843,2.82843,2.82843,2.23607,71.55418,71.17584,66.64083,68.54196,68.70953,64.62198,66.30988,58.5235,57.24509,54.08327,54.81788,51.86521,50.59644,47.80167,41.76123,43.68066,38.32754,35.4683,33.24154,37.0,30.46309,30.36445,27.313,24.16609,22.13594,21.93171,19.41649,20.61553,16.15549,13.89244,15.81139,10.63015,10.0,10.0,8.94427,7.81025,6.32456,7.07107,5.38516,8.0,9.05539,9.48683,8.48528,11.18034,11.40175,13.0384,10.0,13.45362,10.0,11.40175,15.81139,13.60147,14.76482,12.08305,12.52996,14.31782,15.13275,45.0,46.69047,48.9183,48.9183,52.00961,49.92995,55.56978,55.47071,52.7731,56.79789,58.69412,60.92618,62.16912,68.35203,65.55151,69.26038,72.12489,74.63243,71.8401,76.40026,75.50497,77.46612,80.399,78.40918,77.23341,79.30952,80.09994,76.10519,75.00667,75.02666,76.00658,78.00641,74.00676,75.00667,73.00685,70.25667,68.00735,68.06614,62.1289,64.28063,62.80127,63.15061,61.18823,62.64184,55.54278,61.35145,60.08328,62.39391,62.76942,65.79514,66.30988,66.21178,69.35416,72.47068,71.11259,71.11259,77.36924
12.52996,12.52996,12.08305,12.08305,11.18034,10.77033,9.84886,9.84886,9.84886,8.94427,8.94427,8.94427,8.06226,7.61577,6.7082,6.7082,6.7082,5.38516,5.38516,4.47214,4.47214,4.47214,4.47214,3.60555,3.60555,2.82843,2.82843,2.82843,2.82843,2.23607,2.23607,2.23607,2.0,2.0,2.0,2.0,2.0,2.0,2.23607,2.0,2.23607,2.23607,2.23607,2.23607,3.16228,2.23607,3.16228,3.16228,3.16228,3.16228,3.16228,3.0,69.92138,70.21396,68.88396,65.9242,67.68309,61.98387,59.03389,60.82763,57.87055,56.56854,52.34501,50.63596,48.37355,46.87217,43.28972,44.91102,38.63936,38.07887,34.71311,33.54102,28.63564,28.44293,27.65863,23.08679,20.88061,22.84732,19.64688,16.55295,14.86607,16.15549,13.0384,11.7047,9.21954,8.60233,7.81025,9.21954,9.0,8.24621,7.28011,9.0,9.05539,8.24621,9.05539,9.48683,12.52996,9.48683,13.0,14.31782,9.84886,11.6619,15.26434,16.49242,15.52417,14.31782,14.31782,15.13275,15.0333,44.20407,44.94441,49.64877,49.24429,51.47815,49.0408,51.24451,52.20153,56.75385,56.29387,56.51548,59.22837,63.34824,64.62971,68.26419,67.02984,73.17103,72.11103,71.06335,75.00667,75.02666,77.23341,78.40918,78.1025,80.75271,79.76215,82.03658,79.9062,77.66595,78.8543,76.48529,75.9276,73.24616,70.0928,71.80529,70.61161,65.30697,67.36468,63.50591,64.28063,63.1981,63.07139,62.0,62.39391,60.07495,56.14268,59.3043,61.0,64.32729,62.58594,65.96969,68.68042,70.83078,67.72001,72.73239,72.53275,71.30919
12.08305,11.18034,11.18034,10.29563,10.29563,10.29563,9.43398,8.94427,8.06226,8.06226,8.06226,8.06226,7.2111,6.7082,6.7082,5.83095,5.83095,5.38516,4.47214,4.47214,4.47214,4.12311,3.16228,3.16228,3.16228,3.0,2.0,2.23607,2.23607,2.23607,2.23607,2.23607,1.41421,2.82843,2.82843,2.82843,2.23607,2.23607,2.23607,2.23607,2.23607,2.23607,3.16228,3.16228,3.60555,3.60555,3.16228,3.60555,3.60555,3.60555,3.60555,2.82843,69.46222,69.33974,70.71068,67.23095,64.88451,65.19202,59.07622,61.05735,53.33854,56.0357,53.53504,49.64877,46.52956,42.43819,40.22437,39.82462,41.04875,37.21559,35.51056,28.6531,31.7805,25.55386,26.41969,23.70654,21.47091,21.54066,20.24846,18.38478,15.26434,14.56022,12.36932,10.44031,11.04536,11.7047,9.43398,8.94427,9.43398,7.81025,10.0,8.60233,11.40175,8.94427,8.544,12.64911,10.44031,14.56022,12.20656,12.16553,12.08305,13.92839,15.65248,17.72005,17.46425,14.31782,16.55295,16.12452,14.76482,45.17743,47.85394,46.09772,52.49762,49.33559,49.76947,52.92447,51.07837,57.70615,54.20332,59.05929,61.40033,64.14047,66.03787,71.28113,66.4003,72.00694,68.76772,72.47068,75.69016,72.18033,79.9062,78.51751,80.05623,79.39773,81.68843,79.81228,82.66196,74.06079,79.32213,72.40166,75.21303,73.81734,72.8011,72.67049,70.72482,66.0303,65.80274,63.78087,64.53681,62.93648,57.98276,60.959,60.30755,60.20797,61.03278,59.40539,58.83026,63.24555,57.70615,61.91123,62.64982,67.97794,65.30697,69.07966,70.3278,66.64833
12.20656,12.20656,11.40175,11.6619,10.81665,10.81665,9.43398,9.43398,9.43398,8.60233,8.60233,7.81025,7.2111,6.40312,6.40312,6.40312,5.65685,5.0,5.0,4.24264,4.24264,4.24264,3.60555,2.82843,2.82843,2.23607,2.23607,2.23607,2.0,2.0,2.0,2.0,2.23607,2.23607,2.23607,2.23607,2.82843,2.82843,2.82843,2.82843,2.82843,2.82843,2.82843,2.82843,2.82843,3.60555,3.60555,3.60555,3.60555,3.60555,3.60555,3.16228,74.20243,71.84706,68.24222,67.1193,66.03787,61.05735,64.66065,59.94164,56.4358,51.47815,50.11986,49.73932,44.77723,43.82921,44.72136,41.34005,38.47077,37.58989,33.61547,34.4093,29.41088,29.15476,26.92582,25.0,21.63331,18.60108,19.79899,17.02939,15.55635,14.86607,13.41641,12.52996,12.08305,9.43398,9.05539,5.09902,7.07107,7.0,7.07107,10.81665,9.43398,10.29563,6.7082,10.81665,12.04159,13.0384,12.80625,17.02939,11.31371,12.72792,12.72792,16.40122,15.55635,15.26434,16.40122,17.88854,16.12452,46.09772,46.87217,48.25971,49.81967,50.9902,49.51767,50.32892,54.20332,53.2635,56.0357,57.48913,62.00806,63.82006,67.6757,64.89992,67.1193,70.71068,70.66116,75.58439,76.32169,77.25283,77.62087,80.95678,79.05694,79.55501,82.21922,82.71034,77.36924,79.30952,77.92946,77.10383,73.1642,73.68175,71.56815,71.70077,66.91039,69.2315,63.78871,62.36185,61.98387,58.94065,62.62587,59.23681,60.16644,56.79789,58.30952,58.18075,60.20797,61.85467,63.60031,66.4003,63.03174,67.6757,70.17834,68.88396,71.40028,74.8131
11.6619,10.81665,10.81665,10.0,10.0,8.60233,8.60233,8.60233,8.60233,7.81025,7.2111,7.2111,6.40312,6.40312,6.40312,5.83095,5.0,5.0,5.0,4.24264,3.60555,3.60555,3.60555,2.82843,2.82843,2.82843,1.41421,1.41421,1.41421,1.41421,0.0,0.0,0.0,0.0,0.0,0.0,1.0,1.0,1.0,1.0,1.0,1.0,1.41421,1.41421,1.0,1.0,2.0,2.0,2.0,2.0,2.0,2.23607,70.3278,70.23532,71.19691,67.23095,66.18912,64.89992,60.20797,60.20797,54.3783,56.0803,53.82379,49.92995,48.8774,45.65085,43.04649,41.14608,40.81666,37.73592,35.35534,34.88553,35.34119,30.41381,24.69818,24.59675,23.32381,21.47091,19.69772,17.72005,13.92839,12.04159,11.18034,12.36932,7.0,8.06226,5.0,5.38516,5.38516,6.7082,3.16228,7.07107,8.06226,7.2111,7.28011,6.0,6.08276,9.48683,8.06226,11.0,11.0,13.0,13.15295,12.04159,12.04159,11.18034,16.03122,15.0333,13.34166,45.22168,51.24451,51.0,52.35456,53.7122,51.31277,55.0,54.40588,53.15073,56.72742,59.5483,62.36986,63.25346,67.94115,67.17887,67.20863,75.69016,73.5527,76.41989,73.24616,75.80237,81.60882,80.60397,80.21222,79.88116,81.27115,77.38863,80.1561,81.12336,79.07591,77.69813,76.15773,74.09453,74.79305,70.83078,73.24616,69.63476,67.80118,67.20119,64.03124,64.66065,63.63961,64.38167,63.78087,61.7171,58.89822,61.22091,62.20129,64.3506,63.81222,66.24198,67.08204,68.0,67.53518,72.01389,75.58439,74.24958
11.18034,11.18034,11.04536,11.04536,9.05539,10.04988,9.05539,9.05539,8.06226,8.06226,7.07107,7.07107,7.07107,6.08276,6.08276,5.09902,5.09902,4.12311,5.09902,4.12311,4.12311,4.12311,3.16228,3.16228,2.23607,2.23607,1.41421,1.41421,1.41421,1.0,1.0,1.0,1.0,1.0,2.23607,2.23607,1.41421,1.41421,1.41421,2.23607,2.23607,2.23607,2.82843,2.82843,2.82843,2.82843,2.82843,2.82843,2.82843,3.16228,3.16228,3.16228,67.74216,70.03571,65.49046,63.95311,67.46851,62.16912,62.80127,61.98387,58.46366,52.63079,51.97115,51.1957,46.69047,45.12206,43.41659,41.97618,41.59327,38.63936,36.87818,34.71311,32.01562,28.28427,29.42788,23.19483,20.22375,21.2132,18.0,15.52417,13.15295,14.14214,11.18034,11.18034,10.0,9.21954,5.09902,4.24264,6.40312,3.60555,7.28011,5.09902,6.08276,8.24621,7.0,7.07107,7.28011,9.48683,11.40175,12.08305,11.7047,12.64911,13.0384,14.56022,13.89244,11.18034,12.36932,14.86607,15.0,46.87217,46.38965,48.04165,51.0392,51.15662,51.24451,50.80354,54.12947,56.29387,57.07013,60.87693,63.06346,64.28841,65.45991,64.51356,69.07966,72.8011,73.53911,73.40981,74.24284,74.73286,78.29432,77.52419,80.1561,80.1561,77.69813,79.88116,78.23682,81.84131,78.23682,74.88658,75.21303,75.60423,72.00694,73.81734,71.28113,68.8186,67.95587,66.03787,62.17717,62.6099,65.74192,61.32699,66.7308,58.30952,59.90826,62.64184,62.0967,62.58594,65.30697,63.95311,67.36468,64.38167,67.74216,69.11584,73.68175,70.5762
11.18034,10.29563,10.29563,9.84886,8.94427,8.94427,8.94427,7.61577,7.61577,6.7082,7.61577,6.7082,6.32456,5.38516,5.38516,5.38516,4.47214,4.47214,4.47214,3.16228,3.16228,3.16228,3.16228,2.23607,2.23607,2.23607,1.41421,1.0,1.0,1.0,0.0,1.0,1.0,1.0,1.0,1.0,1.0,1.0,1.0,2.0,2.0,2.0,2.0,2.0,2.0,2.0,2.0,2.23607,2.23607,2.23607,2.23607,2.23607,72.71864,68.47627,70.71068,65.76473,68.0,64.88451,59.48109,59.9333,56.82429,55.4617,50.08992,47.88528,50.15974,43.909,39.35734,41.62932,39.39543,35.35534,35.8469,34.48188,35.51056,27.45906,27.29469,24.59675,21.93171,20.59126,19.69772,17.69181,13.89244,16.40122,12.04159,11.6619,6.40312,7.81025,7.81025,6.40312,4.47214,4.12311,5.0,4.47214,4.24264,5.09902,8.544,8.06226,10.77033,6.32456,8.24621,9.84886,9.48683,9.48683,12.52996,10.81665,12.20656,12.20656,13.45362,13.60147,13.45362,44.55334,47.50789,50.0,50.80354,51.10773,50.53712,52.80152,54.12947,54.23099,54.626,59.23681,62.62587,62.03225,64.84597,66.76077,65.52099,72.27724,67.46851,72.03471,73.82412,76.53104,79.6304,77.52419,77.78175,77.31753,79.51101,79.02531,80.05623,74.10803,81.05554,74.02702,75.0,72.00694,74.02702,70.00714,71.02816,67.1193,67.47592,66.48308,64.13267,63.15061,63.56099,63.06346,61.68468,58.5235,59.13544,62.29767,59.09315,63.07139,62.64982,62.1289,61.85467,70.49113,64.89992,72.67049,75.45197,72.11103
10.77033,10.77033,10.77033,10.77033,9.84886,9.84886,8.94427,8.544,7.61577,7.61577,7.61577,6.7082,6.7082,6.32456,5.38516,5.38516,5.38516,4.47214,4.12311,4.12311,3.16228,3.16228,2.23607,2.0,2.0,2.0,1.0,1.41421,1.41421,1.41421,1.0,1.0,1.0,2.0,2.0,2.0,2.0,2.0,2.0,2.0,2.0,3.16228,3.16228,3.16228,3.0,3.0,3.0,3.0,3.0,3.0,3.0,3.0,75.15318,70.66116,70.21396,66.64833,63.95311,64.14047,61.77378,61.77378,55.47071,57.70615,51.47815,50.53712,47.16991,45.79301,45.65085,42.95346,43.04649,36.24914,34.0,32.64966,32.75668,30.88689,26.57066,23.70654,24.69818,18.78829,17.49286,16.27882,14.31782,12.08305,10.77033,9.21954,4.12311,6.40312,5.38516,5.09902,8.60233,5.09902,8.60233,10.44031,11.04536,8.06226,9.0,11.04536,12.16553,11.04536,13.0,12.0,14.0,15.0333,15.0,15.13275,14.31782,16.27882,13.92839,15.29706,16.27882,46.38965,46.87217,53.45091,52.92447,50.69517,52.39275,52.39275,55.47071,56.0803,55.9017,58.30952,62.1289,64.3506,63.51378,68.00735,66.8431,72.20111,71.50524,70.43437,74.96666,77.7946,77.78175,82.02439,79.24645,77.15569,78.51751,77.89737,77.62087,78.40918,76.83749,74.20243,76.83749,74.4043,71.21798,73.10951,66.4003,66.70832,64.53681,62.93648,67.17887,60.87693,61.6198,61.84658,60.60528,58.82176,58.18075,59.16925,60.03332,60.82763,66.21178,65.19202,66.48308,71.17584,70.2282,70.2282,72.49828,75.6439
12.20656,12.20656,12.20656,11.6619,10.81665,10.29563,10.0,9.43398,9.43398,9.43398,9.43398,8.60233,8.60233,7.2111,7.2111,7.2111,6.40312,5.83095,5.0,5.0,5.0,4.24264,3.60555,4.24264,3.60555,3.60555,2.82843,2.23607,2.23607,2.23607,2.23607,2.23607,2.0,2.0,2.0,2.0,2.0,2.0,2.23607,2.0,2.23607,2.23607,2.23607,2.23607,2.23607,2.23607,2.23607,2.23607,3.16228,3.16228,3.16228,3.16228,71.44928,67.35726,73.66139,68.41053,60.60528,69.6563,59.03389,60.21628,55.21775,56.22277,54.40588,53.00943,48.25971,47.80167,44.68781,40.49691,41.23106,39.82462,35.51056,31.90611,33.83785,30.23243,26.90725,24.83948,22.67157,22.2036,19.41649,16.97056,16.27882,13.45362,14.21267,13.0384,10.77033,11.40175,10.04988,9.0,9.0,9.05539,6.08276,7.0,11.40175,5.65685,8.60233,10.29563,12.52996,10.81665,8.06226,13.45362,14.14214,14.42221,12.04159,15.6205,15.6205,13.0384,14.76482,13.41641,16.15549,43.73786,52.17279,45.35416,51.07837,49.1935,53.23533,55.07268,53.85165,58.5235,54.40588,59.81639,62.00806,63.25346,64.44377,68.62215,64.3506,74.24958,70.0928,75.16648,73.81734,75.21303,77.42093,77.69813,80.1561,79.25907,78.39005,78.71467,77.82673,74.68601,79.30952,71.17584,78.79086,71.69379,70.38466,73.40981,69.857,67.1193,64.84597,63.06346,62.64982,63.13478,58.83026,64.40497,57.2014,61.61169,59.66574,59.66574,59.46427,60.10824,59.4138,63.70243,67.35726,67.35726,64.03124,69.35416,72.34639,75.66373
12.0,11.0,11.0,10.0,10.0,10.0,10.0,9.0,9.0,9.0,8.0,8.0,8.06226,7.0,6.08276,6.0,6.0,5.0,5.0,5.0,5.0,4.0,4.0,4.0,3.0,3.0,2.0,2.0,2.0,2.0,2.0,2.0,2.0,1.0,1.41421,1.41421,1.41421,1.41421,1.41421,1.0,1.0,1.0,1.0,1.0,1.0,1.0,1.0,1.0,1.0,1.41421,1.41421,1.41421,70.71068,69.26038,68.88396,65.62012,66.1211,61.13101,61.40033,59.13544,58.0,55.14526,56.0803,49.0,48.04165,47.16991,46.01087,44.0,42.0,36.05551,37.01351,35.01428,31.01612,31.0,29.27456,27.16616,26.0,23.08679,23.02173,20.09975,16.12452,17.0,12.0,13.92839,12.64911,12.08305,7.61577,8.24621,7.61577,8.48528,7.2111,5.65685,9.84886,7.07107,6.32456,7.07107,7.07107,6.32456,6.08276,8.06226,10.19804,9.21954,11.18034,11.18034,11.40175,12.04159,11.40175,13.15295,11.0,46.66905,46.8615,49.40648,51.97115,50.60632,52.80152,55.03635,54.78138,54.70832,57.56735,61.40033,62.0967,64.28841,67.26812,68.06614,67.74216,70.5762,72.33948,76.10519,78.05767,77.02597,77.02597,83.0542,78.31347,79.76215,79.6304,78.51751,78.08969,76.94154,77.46612,74.73286,76.48529,76.68768,73.1642,75.50497,70.21396,69.05071,64.93843,65.37584,67.26812,62.1289,61.0,64.00781,63.07139,58.13777,66.00758,59.4138,62.16912,61.66036,64.93843,66.09841,67.91171,68.06614,69.12308,74.2159,71.80529,74.2159
11.04536,11.04536,11.04536,10.04988,10.0,9.0,9.05539,8.0,8.0,8.06226,7.07107,7.07107,6.08276,6.08276,6.08276,6.08276,5.09902,5.09902,5.09902,4.12311,4.12311,3.16228,3.16228,3.16228,2.23607,2.23607,1.41421,1.41421,1.41421,1.0,1.0,1.0,1.0,1.0,2.23607,2.23607,2.23607,2.23607,2.23607,2.23607,2.23607,2.23607,2.82843,2.82843,2.82843,2.82843,2.82843,2.82843,3.60555,3.16228,3.16228,3.16228,71.25307,67.0,67.1193,62.00806,62.00806,61.0,57.03508,58.00862,53.03772,51.08816,52.00961,48.01042,46.0,43.0,42.10701,43.10452,42.0,37.21559,37.05401,35.0,33.01515,29.06888,27.07397,24.08319,22.0,20.02498,19.64688,16.49242,16.15549,13.15295,10.0,11.40175,10.77033,6.7082,5.0,5.0,5.38516,4.12311,7.0,6.0,7.61577,8.06226,7.61577,9.84886,9.21954,8.94427,5.65685,13.0384,10.63015,11.31371,15.0,11.18034,12.20656,13.0,16.15549,17.46425,15.29706,46.51881,45.22168,47.29693,50.80354,48.50773,48.25971,51.35173,55.14526,54.00926,55.00909,60.00833,61.03278,63.00794,66.18912,65.37584,68.06614,72.99315,72.99315,74.96666,75.43209,77.46612,80.36168,76.40026,78.1089,77.7946,80.36168,75.96052,82.07923,76.55717,78.79086,70.21396,76.15773,74.73286,72.09022,71.69379,68.15424,67.06713,63.56886,64.84597,63.24555,66.76077,61.13101,62.8172,61.81424,60.20797,60.40695,60.20797,59.00847,63.00794,60.03332,61.13101,66.61081,68.46897,65.49046,69.46222,74.54529,70.45566
12.16553,12.16553,11.18034,11.18034,11.18034,10.19804,10.19804,9.05539,9.05539,9.05539,8.06226,8.06226,7.07107,7.07107,7.07107,6.08276,6.08276,5.09902,5.09902,5.09902,4.12311,4.0,4.0,4.0,3.0,3.16228,2.23607,2.0,2.23607,1.0,1.41421,1.41421,1.41421,1.41421,1.0,1.0,1.0,1.0,1.0,1.0,1.0,1.0,1.41421,1.41421,1.41421,1.41421,2.23607,2.23607,2.0,1.0,2.0,2.0,73.05477,69.64194,75.0,66.7308,67.91171,61.84658,63.78871,60.20797,57.72348,56.75385,55.7853,48.76474,51.1957,47.07441,46.09772,43.17407,42.95346,35.51056,37.36308,31.7805,33.24154,26.4764,29.61419,24.35159,20.88061,21.84033,21.84033,16.49242,17.72005,16.76305,11.7047,12.08305,10.29563,9.21954,6.40312,6.40312,8.06226,5.09902,8.06226,8.06226,7.07107,7.07107,6.7082,11.40175,6.7082,7.81025,10.29563,14.86607,8.94427,11.40175,13.60147,12.52996,11.40175,13.0,10.77033,14.76482,13.15295,43.93177,48.83646,47.01064,48.82622,51.10773,51.97115,49.64877,54.12947,53.66563,56.85948,56.0803,59.46427,62.24147,63.89053,66.09841,66.76077,73.4983,69.857,73.75636,73.97973,72.99315,80.23092,76.32169,81.09871,81.15417,79.05694,79.00633,80.00625,77.05842,77.00649,75.05998,79.02531,74.06079,74.10803,72.02777,70.0,66.00758,69.00725,66.06815,68.18358,66.48308,61.66036,65.9242,63.34824,63.56099,61.84658,60.72891,61.35145,65.9242,65.55151,66.12866,65.55151,72.61543,68.02941,74.46476,73.1642,73.92564
12.04159,10.63015,11.40175,10.63015,10.63015,10.0,9.21954,8.60233,8.60233,8.60233,7.81025,7.81025,7.81025,6.40312,6.40312,6.40312,5.0,5.0,5.0,5.0,4.47214,3.60555,3.60555,3.60555,3.60555,2.82843,2.23607,2.23607,1.41421,1.41421,1.41421,1.41421,1.0,0.0,1.0,0.0,0.0,0.0,0.0,0.0,1.0,1.0,1.0,1.0,1.0,1.0,1.0,1.0,1.0,1.0,1.41421,1.41421,73.06162,71.86793,69.06519,66.37017,65.45991,64.14047,60.53924,60.41523,55.75841,55.22681,51.47815,48.76474,49.24429,43.82921,43.56604,40.22437,41.88078,37.58989,33.61547,35.51056,31.62278,33.28663,28.84441,26.92582,23.32381,21.63331,21.09502,20.80865,18.60108,14.42221,13.45362,14.42221,13.45362,9.43398,9.89949,10.0,5.0,5.0,5.0,6.08276,7.07107,5.83095,4.47214,5.83095,8.48528,7.2111,6.40312,8.94427,5.38516,8.48528,10.29563,10.63015,14.21267,9.21954,10.0,9.89949,9.89949,42.72002,44.20407,45.25483,48.10405,49.51767,45.60702,50.47772,50.47772,54.3783,51.97115,54.70832,59.68249,64.49806,57.80138,63.95311,65.30697,66.21178,69.857,71.69379,73.73602,74.94665,76.844,75.58439,77.7946,76.65507,78.1025,78.8543,80.60397,76.48529,74.96666,72.56721,75.50497,72.69113,73.1642,72.69113,68.24954,67.89698,66.09841,65.0,66.09841,62.64184,62.24147,65.9242,62.6099,62.16912,66.24198,66.7308,59.68249,66.28725,66.03787,66.4003,67.35726,68.60029,67.00746,71.06335,73.24616,73.23933
12.64911,11.40175,11.40175,11.40175,10.44031,10.44031,10.44031,9.48683,9.21954,8.24621,8.24621,8.24621,7.28011,7.28011,7.07107,6.32456,6.32456,6.08276,5.09902,5.09902,5.09902,4.12311,4.12311,4.12311,3.16228,3.16228,2.23607,2.0,2.0,1.0,1.0,1.0,1.0,1.0,0.0,0.0,0.0,0.0,0.0,0.0,0.0,1.0,1.0,1.0,1.41421,1.41421,1.41421,1.41421,1.41421,1.41421,1.41421,1.0,71.38627,69.05071,69.2315,64.77654,65.49046,62.514,59.5399,63.3877,52.34501,56.32051,50.24938,50.48762,51.62364,47.09565,42.0,41.4367,41.19466,36.12478,35.51056,34.1321,29.27456,29.27456,28.16026,25.4951,25.70992,22.02272,19.41649,19.41649,16.49242,18.43909,15.29706,10.04988,10.19804,12.04159,8.94427,7.07107,4.12311,5.38516,2.82843,3.16228,5.83095,4.12311,4.0,5.65685,7.2111,5.38516,12.52996,7.0,8.544,7.07107,9.21954,9.43398,10.0,10.77033,11.7047,10.04988,11.18034,44.55334,48.01042,46.32494,52.7731,49.1935,53.66563,50.08992,55.54278,54.42426,55.08176,55.7853,59.90826,62.36986,63.95311,69.42622,65.49046,72.69113,69.46222,71.34424,73.24616,74.02702,79.15807,77.00649,77.16217,78.31347,78.31347,76.53104,77.64664,75.53807,78.91768,73.68175,76.53104,72.44308,70.34913,71.44928,72.33948,68.35934,67.26812,66.27217,68.06614,67.00746,61.03278,63.00794,62.1289,61.40033,61.0,65.76473,62.8172,62.8172,60.41523,63.95311,69.63476,71.56815,68.15424,72.12489,74.04053,72.27724
12.52996,11.6619,11.18034,11.18034,10.29563,10.29563,10.29563,9.43398,8.94427,8.94427,8.60233,8.06226,8.06226,7.2111,7.2111,6.7082,6.7082,5.83095,5.83095,5.83095,5.38516,4.47214,4.47214,4.47214,3.60555,3.60555,2.23607,3.16228,2.23607,2.23607,2.23607,2.0,2.0,2.0,1.0,1.0,1.0,1.0,1.0,1.41421,1.41421,1.41421,1.41421,1.0,1.41421,1.41421,1.41421,1.41421,1.41421,1.41421,1.41421,2.23607,70.26379,67.54258,68.54196,63.07139,60.83584,62.6099,61.26989,60.82763,54.56189,55.47071,54.12024,49.65884,50.53712,46.14109,45.61798,40.70626,40.70626,36.67424,35.4683,32.20248,34.0,31.30495,26.83282,27.29469,24.59675,22.84732,21.0238,21.93171,18.86796,16.64332,16.27882,16.55295,8.24621,8.06226,10.04988,6.08276,8.24621,4.12311,2.82843,5.83095,6.40312,3.60555,2.82843,5.0,6.08276,4.0,4.12311,8.06226,7.0,9.0,10.44031,11.04536,11.18034,9.48683,11.40175,11.40175,12.08305,46.17359,50.15974,52.08647,52.34501,50.63596,52.17279,53.45091,56.32051,55.97321,53.45091,59.46427,61.09828,64.62198,63.07139,67.23095,68.02941,73.79024,70.3278,75.47185,74.94665,78.49204,78.00641,76.6094,75.9276,78.64477,78.64477,79.24645,81.3941,74.96666,78.56844,72.83543,74.95332,74.96666,70.00714,71.42129,71.42129,67.20863,64.53681,62.482,61.22091,65.80274,57.68882,62.43397,59.90826,59.36329,56.46238,59.05929,60.41523,59.9333,64.84597,63.56886,64.19502,69.28925,65.14599,69.89278,72.42237,68.94926
12.52996,11.6619,11.6619,11.6619,10.81665,10.81665,10.29563,10.29563,9.43398,9.43398,9.43398,8.06226,8.06226,8.06226,7.2111,7.2111,6.7082,5.83095,5.83095,5.83095,5.83095,5.0,5.0,4.47214,3.60555,3.60555,3.60555,2.23607,2.23607,2.23607,2.23607,2.23607,1.41421,1.0,1.0,1.0,1.0,1.0,1.0,1.0,1.0,1.0,1.0,1.0,1.0,1.0,1.0,1.41421,1.41421,2.23607,1.41421,1.41421,70.72482,70.83784,68.62215,67.89698,69.42622,62.96825,61.07373,61.40033,57.38467,56.72742,53.2635,51.73973,50.9902,48.16638,43.27817,46.09772,44.59821,40.31129,36.12478,38.20995,33.24154,33.24154,26.1725,28.42534,24.08319,25.4951,24.08319,24.08319,17.69181,16.40122,17.80449,15.55635,12.04159,9.21954,6.7082,10.63015,7.2111,6.7082,4.12311,6.08276,2.23607,2.23607,3.60555,7.81025,5.83095,6.7082,6.32456,5.83095,4.47214,8.544,7.61577,11.40175,12.08305,8.06226,13.0384,10.0,11.40175,45.54119,49.1935,50.11986,49.64877,52.00961,53.15073,52.40229,55.97321,59.4138,56.58622,60.10824,61.55485,65.79514,66.70832,69.2026,70.72482,68.60029,71.86793,74.88658,76.05919,74.43118,83.19255,75.13322,77.82031,77.87811,80.62258,79.84986,81.15417,76.89603,75.39231,72.8011,74.0,73.37575,71.7844,72.42237,71.51224,67.23095,62.76942,61.26989,65.76473,62.26556,64.00781,57.14018,63.60031,59.40539,62.20129,65.19202,61.6198,65.06919,62.24147,66.48308,69.35416,67.94115,67.26812,68.0147,70.83784,73.59348
12.04159,12.04159,11.40175,11.40175,10.63015,10.0,10.63015,9.21954,9.21954,8.60233,8.60233,7.81025,7.81025,7.2111,6.40312,6.40312,6.40312,5.65685,5.65685,5.65685,4.24264,4.24264,4.24264,4.24264,2.82843,2.82843,2.23607,2.23607,2.23607,1.41421,1.0,1.0,1.0,1.41421,1.0,1.41421,1.41421,1.41421,1.41421,1.41421,1.41421,2.23607,2.23607,2.23607,2.23607,2.23607,2.23607,2.23607,2.23607,2.82843,2.82843,2.82843,74.4043,69.97142,69.63476,64.89992,68.50547,63.60031,64.14047,60.53924,61.58734,54.08327,53.7122,51.0,52.47857,46.04346,47.16991,44.94441,42.43819,41.34005,37.44329,36.40055,35.51056,34.4093,27.80288,26.92582,25.23886,24.59675,22.80351,19.41649,18.35756,17.20465,12.64911,11.40175,11.31371,7.2111,4.47214,3.60555,5.65685,3.60555,3.60555,4.12311,4.12311,7.61577,2.82843,6.40312,5.0,8.24621,10.44031,8.94427,6.40312,8.94427,9.84886,13.0384,13.0,9.84886,13.89244,12.80625,11.40175,43.86342,45.96738,49.81967,45.80393,50.11986,46.14109,50.9902,52.7731,53.7122,54.626,60.53924,59.23681,60.53924,60.74537,63.90618,68.30813,69.26038,71.8401,70.88018,73.24616,72.36712,74.96666,79.07591,76.32169,79.6304,74.54529,77.16217,76.32169,78.31347,73.17103,71.34424,73.17103,70.17834,72.1734,70.11419,67.36468,65.62012,59.5399,65.11528,62.36986,61.13101,60.08328,59.46427,62.39391,54.23099,61.05735,62.17717,62.76942,63.28507,63.24555,65.73431,68.41053,67.20119,69.81404,71.21798,72.8011,71.61006
11.40175,10.81665,10.81665,10.0,10.0,9.21954,9.21954,8.48528,7.81025,7.81025,7.81025,7.81025,6.40312,6.40312,5.65685,5.65685,5.0,5.0,5.0,4.24264,4.24264,3.60555,3.60555,2.82843,2.23607,1.41421,1.41421,1.41421,1.0,1.0,1.0,1.0,1.41421,0.0,1.0,1.0,1.0,1.0,1.0,1.0,1.0,2.0,2.0,2.0,2.0,2.0,2.0,2.0,2.0,2.0,2.23607,2.23607,73.10951,65.8559,68.76772,66.52819,66.48308,62.2254,63.65532,61.52235,57.28001,54.45181,53.03772,50.9902,45.96738,46.69047,44.59821,42.42641,42.44997,38.8973,37.53665,36.12478,33.24154,30.41381,27.58623,25.4951,26.1725,23.34524,21.26029,22.02272,16.40122,14.86607,13.45362,13.45362,8.60233,9.43398,6.40312,5.38516,6.08276,5.09902,4.12311,7.07107,6.7082,2.82843,5.65685,7.81025,6.40312,5.09902,6.32456,8.06226,8.06226,10.04988,10.04988,8.94427,10.77033,12.64911,12.52996,11.7047,10.0,42.54409,43.41659,47.16991,50.60632,48.41487,48.83646,47.38143,53.03772,53.74012,55.31727,54.56189,56.22277,59.03389,60.21628,62.00806,64.3506,67.6757,67.95587,71.56116,72.94518,73.06162,73.3553,73.82412,78.29432,75.6439,75.23962,75.02666,73.53911,71.16881,72.8011,68.70953,71.7844,71.16881,64.88451,66.70832,67.1193,65.30697,60.83584,62.64982,61.77378,58.30952,57.68882,60.46487,61.22091,60.60528,59.46427,57.98276,62.96825,62.96825,64.3506,67.20863,68.41053,71.06335,66.8431,71.02816,74.02702,72.00694
11.04536,11.18034,11.04536,10.19804,10.04988,9.21954,9.05539,9.05539,8.06226,8.06226,8.06226,7.07107,7.07107,6.08276,6.08276,6.08276,5.09902,5.09902,4.0,4.0,4.12311,4.0,3.0,3.0,3.0,3.0,2.0,2.0,2.23607,1.0,1.41421,1.41421,1.41421,1.41421,1.0,1.0,1.0,1.0,1.0,1.0,2.23607,2.23607,2.23607,2.23607,2.23607,2.23607,2.23607,2.23607,2.23607,2.23607,2.23607,3.0,72.24957,70.17834,71.70077,65.37584,69.72087,61.66036,62.80127,62.64982,56.22277,56.56854,51.35173,52.46904,51.08816,47.67599,42.75512,43.56604,41.0,40.4475,39.45884,35.35534,36.49658,32.38827,30.01666,27.07397,27.29469,24.08319,22.02272,22.02272,17.46425,18.0,15.0333,14.0,12.04159,12.16553,9.21954,8.06226,8.06226,8.94427,6.0,5.38516,5.38516,5.09902,5.0,6.08276,7.0,5.0,6.7082,8.24621,8.06226,6.32456,10.29563,11.7047,9.05539,8.94427,10.44031,14.14214,8.0,45.89118,47.85394,50.0,51.0,49.16299,53.46027,51.35173,49.36598,57.55867,51.97115,57.97413,58.82176,60.87693,61.03278,63.24555,62.29767,69.89278,66.7308,68.94926,69.07966,70.77429,77.07788,73.82412,73.92564,72.20111,77.69813,74.62573,74.33034,72.40166,75.71658,69.33974,72.11103,68.96376,71.34424,67.60178,67.60178,63.13478,63.13478,59.94164,60.83584,61.84658,61.09828,61.03278,63.06346,61.84658,57.07013,60.67125,61.52235,62.28965,60.40695,64.12488,65.03076,72.02777,65.03076,71.06335,69.00725,73.02739
12.36932,12.36932,12.36932,12.36932,11.40175,11.40175,10.44031,10.44031,9.48683,9.21954,9.21954,9.21954,8.24621,8.24621,7.28011,7.28011,7.07107,6.32456,6.08276,6.32456,5.38516,5.09902,5.09902,5.09902,4.12311,4.12311,3.16228,3.16228,3.16228,2.0,2.0,2.0,2.0,1.0,1.0,1.0,1.0,1.0,1.0,0.0,1.0,1.0,1.0,1.0,1.0,1.0,1.0,1.0,1.0,1.0,2.0,1.41421,76.48529,75.9276,72.36712,69.37579,69.63476,67.18631,64.28841,66.21933,60.87693,57.72348,57.48913,54.91812,54.12947,50.69517,46.48656,44.64303,47.29693,40.26164,40.26164,35.90265,35.90265,34.71311,31.57531,32.38827,29.83287,26.68333,23.34524,25.0,20.39608,19.23538,18.68154,14.14214,11.04536,12.04159,8.06226,10.04988,8.0,9.21954,4.12311,8.94427,5.0,5.0,2.23607,4.0,3.16228,5.0,8.24621,7.0,5.38516,8.24621,9.21954,8.0,7.61577,14.31782,9.21954,9.21954,11.18034,46.09772,48.04165,50.35871,51.78803,51.1957,54.57105,54.57105,54.12024,59.13544,56.64804,60.53924,63.97656,61.7414,65.0,67.08204,68.8767,75.591,69.35416,71.19691,72.40166,74.43118,78.23043,75.21303,78.00641,78.60025,77.20104,76.6942,79.20227,74.51845,76.05919,72.34639,77.00649,74.41102,74.8131,71.21798,70.80254,65.45991,65.21503,62.42596,65.51336,66.03787,61.7414,64.4748,63.32456,62.03225,62.0967,65.51336,63.78871,66.91039,63.34824,65.11528,71.02112,71.84706,70.85901,71.44928,75.66373,76.41989
12.52996,11.6619,11.6619,10.81665,10.81665,10.0,9.43398,9.43398,9.43398,9.43398,8.94427,8.06226,8.06226,7.2111,6.7082,6.7082,6.7082,5.83095,5.83095,5.38516,4.47214,4.47214,4.47214,4.12311,3.16228,3.16228,3.16228,3.0,2.0,2.0,2.0,2.0,2.0,1.0,2.23607,1.41421,1.41421,1.41421,1.41421,1.41421,1.41421,2.23607,2.0,2.0,2.23607,2.0,2.0,2.0,3.16228,2.23607,2.23607,2.23607,75.9276,72.86288,73.59348,73.5527,70.72482,67.89698,68.0147,66.48308,62.24147,58.69412,54.45181,56.58622,55.15433,50.91169,48.10405,46.66905,46.01087,41.01219,38.8973,36.12478,39.20459,33.6006,34.71311,30.41381,26.40076,25.23886,25.4951,24.20744,19.79899,18.02776,16.40122,13.0384,14.14214,9.21954,11.6619,8.60233,8.0,4.12311,2.23607,5.38516,5.0,7.2111,3.60555,6.40312,4.0,7.81025,6.40312,7.07107,9.05539,11.0,12.36932,13.0,12.08305,12.64911,11.6619,14.76482,14.56022,47.70744,46.09772,48.79549,50.32892,53.90733,49.0408,53.60037,54.6443,55.21775,57.14018,57.80138,57.45433,61.29437,63.52952,64.88451,67.54258,67.54258,71.58911,71.69379,74.46476,75.96052,78.43469,83.21658,76.24303,79.55501,76.65507,73.4983,77.12976,75.9276,73.97973,73.97973,72.27724,72.03471,70.34202,72.42237,67.44627,63.60031,63.69458,62.29767,63.15853,61.32699,59.9333,57.80138,63.81222,56.30275,62.482,59.66574,60.10824,62.96825,62.28965,68.62215,68.76772,66.48308,69.6563,68.68042,73.0,77.62087
11.40175,11.40175,11.40175,10.81665,10.0,10.0,9.21954,9.21954,9.21954,8.60233,8.60233,7.81025,7.81025,6.40312,6.40312,6.40312,5.65685,5.65685,5.0,4.24264,5.0,4.24264,4.24264,4.24264,2.82843,3.60555,2.23607,2.23607,2.23607,2.23607,2.0,2.0,1.0,1.0,1.41421,2.23607,1.41421,1.41421,1.41421,1.41421,2.23607,2.23607,2.23607,2.23607,2.23607,3.16228,2.23607,3.16228,2.23607,2.82843,2.23607,2.82843,80.60397,73.24616,76.57676,74.20243,70.60453,71.8401,69.52697,65.80274,60.80296,61.29437,55.47071,54.20332,52.63079,49.40648,48.27007,48.02083,46.8615,42.2019,39.82462,38.28838,34.82815,34.4093,35.38361,30.41381,29.06888,28.42534,22.67157,20.51828,21.93171,18.86796,16.97056,17.80449,9.89949,12.20656,9.21954,8.544,7.07107,6.32456,8.94427,6.08276,8.60233,5.38516,7.81025,8.06226,10.63015,11.7047,10.19804,11.04536,13.0,7.28011,12.36932,10.44031,13.60147,13.92839,14.76482,19.84943,14.86607,46.04346,50.20956,50.24938,53.2635,52.00961,51.61395,54.6443,53.33854,55.9464,53.33854,63.07139,62.76942,63.50591,67.23095,68.942,68.62215,73.1642,72.44998,73.37575,76.40026,75.69016,80.52329,76.90254,79.42921,78.08969,79.07591,78.91768,79.9062,75.66373,76.53104,70.71068,76.53104,71.70077,72.83543,70.5762,67.46851,66.4906,62.0967,63.56099,62.0967,63.89053,61.68468,60.82763,61.32699,56.79789,58.00862,59.36329,57.42822,63.41136,64.03124,65.94695,67.20863,72.18033,67.17887,74.27651,80.05623,75.74299
11.40175,11.40175,11.40175,10.63015,10.0,10.0,9.21954,8.60233,8.60233,7.81025,7.81025,7.81025,6.40312,6.40312,6.40312,5.83095,5.83095,5.0,5.0,4.24264,3.60555,3.60555,3.60555,2.82843,2.82843,2.82843,1.41421,1.41421,1.0,1.0,0.0,0.0,0.0,0.0,1.0,1.41421,1.41421,1.41421,1.41421,1.41421,1.41421,1.41421,1.41421,2.23607,2.23607,2.23607,2.23607,2.23607,3.16228,3.16228,2.0,2.0,70.83078,73.24616,67.60178,69.64194,67.74216,63.51378,63.81222,58.5235,54.70832,58.30952,56.82429,52.47857,49.65884,50.47772,46.64762,42.94182,39.11521,34.48188,32.75668,34.48188,33.61547,32.75668,24.41311,25.4951,26.41969,24.69818,20.24846,18.35756,15.65248,13.60147,7.81025,9.43398,9.43398,2.0,2.0,1.41421,3.16228,2.23607,4.24264,7.61577,9.84886,10.04988,7.07107,10.29563,8.48528,9.48683,14.76482,12.08305,12.64911,12.64911,13.89244,18.02776,15.23155,18.02776,18.0,17.02939,17.02939,55.21775,51.86521,52.40229,56.72742,54.81788,56.85068,55.86591,59.90826,59.5399,65.0,66.37017,67.95587,76.15773,66.28725,59.68249,70.21396,74.94665,80.11242,76.05919,77.07788,80.49845,77.47258,86.64872,79.37884,80.95678,79.69944,78.44743,77.83315,80.95678,77.7946,74.33034,74.09453,76.24303,69.89278,73.53911,66.85058,72.61543,65.30697,63.07139,62.76942,59.68249,61.61169,59.20304,60.959,59.4138,55.9017,58.72819,59.40539,59.90826,65.21503,63.24555,65.36819,63.28507,70.23532,71.11962,71.19691,76.94154
11.7047,11.7047,11.40175,10.77033,10.77033,10.44031,9.48683,9.48683,9.48683,8.544,8.544,8.544,7.61577,7.28011,7.28011,6.32456,6.32456,5.38516,5.38516,5.38516,4.47214,4.12311,4.12311,4.12311,3.16228,3.16228,2.23607,2.23607,2.23607,1.0,1.0,1.0,1.0,1.0,0.0,0.0,0.0,0.0,0.0,0.0,1.41421,1.41421,1.0,1.41421,1.41421,1.41421,1.41421,1.41421,2.23607,2.0,2.0,2.0,72.18033,70.83078,70.40597,65.96969,67.18631,64.03124,65.0,62.36185,63.32456,55.08176,53.85165,50.0,53.15073,49.24429,45.60702,41.10961,45.22168,40.60788,33.52611,36.87818,33.73426,31.04835,27.45906,27.45906,20.39608,22.36068,22.13594,21.84033,16.12452,12.36932,12.36932,13.0,8.24621,9.21954,9.84886,4.0,6.08276,3.16228,2.0,2.23607,3.60555,5.0,2.23607,4.47214,5.0,7.2111,8.60233,8.60233,8.60233,12.20656,10.81665,12.80625,12.72792,11.7047,14.31782,13.60147,12.36932,45.70558,45.35416,55.36244,54.626,58.59181,54.70832,55.9464,57.98276,56.30275,58.60034,60.0,63.82006,67.20119,68.60029,66.8431,72.34639,74.65253,74.33034,74.27651,76.38063,78.49204,77.23341,80.05623,80.72174,77.46612,77.46612,76.6094,77.00649,75.28612,71.8401,72.62231,69.02898,70.0,70.17834,68.24954,64.44377,63.70243,63.70243,59.5483,57.48913,55.44367,59.90826,56.60389,59.16925,54.12024,60.16644,57.00877,57.87055,56.75385,62.36185,61.13101,64.32729,63.78871,66.4906,67.60178,65.9242,73.68175
12.72792,12.04159,12.04159,11.31371,9.89949,9.89949,9.89949,9.89949,9.21954,9.21954,8.48528,8.48528,7.81025,7.81025,6.40312,7.07107,5.65685,5.65685,5.65685,5.0,5.0,4.24264,4.24264,3.60555,3.60555,3.60555,2.82843,2.23607,2.23607,1.41421,1.41421,1.0,1.0,1.0,0.0,0.0,0.0,1.0,0.0,1.0,1.0,1.0,1.41421,1.41421,1.41421,1.41421,1.0,1.41421,1.0,1.0,1.0,1.0,76.83749,72.18033,75.0,70.93659,66.70832,66.70832,62.93648,63.70243,58.0517,60.1415,54.48853,54.48853,50.93133,50.9902,46.75468,46.8615,43.18565,40.0,39.05125,36.87818,36.87818,31.89044,30.4795,29.06888,26.90725,25.6125,23.34524,23.02173,17.80449,19.10497,16.64332,15.26434,11.6619,9.21954,10.29563,10.81665,6.40312,6.08276,4.24264,3.16228,3.16228,2.23607,4.0,2.0,5.65685,2.82843,6.08276,6.32456,5.83095,6.08276,9.0,9.05539,8.06226,11.04536,14.14214,9.05539,7.61577,48.60041,52.40229,54.48853,53.2635,50.60632,55.21775,54.70832,57.45433,59.94164,60.53924,64.14047,64.14047,69.11584,69.83552,72.01389,68.02941,74.46476,72.8011,77.25283,75.27284,82.56513,81.7435,79.69944,80.36168,81.32035,80.65358,79.07591,76.90254,73.5459,82.71034,75.9276,75.31268,71.80529,69.857,68.88396,65.52099,62.93648,61.09828,63.15853,63.06346,62.6099,60.41523,62.76942,61.03278,58.00862,62.93648,59.03389,58.69412,58.72819,61.22091,65.80274,66.85058,69.81404,70.60453,75.16648,74.88658,68.00735
12.16553,11.18034,11.18034,11.04536,10.04988,10.04988,9.21954,9.05539,9.05539,8.06226,8.06226,8.06226,7.07107,7.07107,6.08276,6.08276,6.08276,5.09902,5.09902,5.09902,5.09902,4.12311,4.12311,3.16228,3.16228,3.16228,2.23607,2.23607,2.23607,1.41421,1.41421,1.41421,1.41421,1.0,1.0,1.0,1.0,1.0,1.0,1.41421,1.41421,1.41421,1.41421,1.41421,1.41421,1.41421,1.41421,2.23607,2.23607,2.82843,2.82843,2.82843,76.53104,72.33948,76.32169,71.25307,72.44308,69.26038,67.1193,65.0,61.13101,60.03332,56.22277,51.35173,51.08816,51.0392,49.0102,47.01064,46.27094,42.19005,40.11234,37.12142,35.01428,35.69314,33.37664,30.59412,26.1725,26.92582,26.30589,23.19483,19.0263,21.09502,17.26268,17.11724,14.31782,13.34166,10.19804,10.0,9.84886,6.7082,5.09902,5.65685,2.23607,3.60555,3.0,2.23607,2.23607,2.23607,3.60555,5.0,5.83095,8.94427,5.0,8.60233,9.21954,8.06226,9.43398,10.29563,9.21954,43.18565,47.38143,50.01,51.41984,48.38388,49.98,53.75872,53.48832,52.55473,58.18075,60.00833,59.5399,65.29931,64.40497,68.8767,67.60178,73.3553,70.83078,77.69813,77.38863,75.80237,79.61156,78.60025,78.60025,79.81228,79.20227,75.28612,79.51101,74.65253,78.60025,70.29225,72.62231,72.67049,65.80274,69.33974,63.51378,60.53924,62.96825,61.7171,60.37384,60.92618,58.82176,61.68468,58.46366,56.08921,60.20797,58.42089,60.03332,60.03332,62.03225,60.13319,66.06815,68.35934,65.27634,72.44308,73.68175,76.11833
12.20656,11.6619,11.6619,11.6619,10.81665,10.29563,9.43398,9.43398,9.43398,8.60233,8.06226,8.06226,7.2111,7.2111,6.7082,6.7082,5.83095,5.83095,5.0,5.0,4.47214,4.47214,3.16228,3.60555,3.60555,2.23607,2.23607,2.23607,1.41421,1.0,1.41421,1.0,0.0,0.0,0.0,0.0,1.0,1.0,1.0,1.0,1.41421,1.41421,1.41421,1.41421,2.0,2.0,2.0,2.0,2.0,2.0,2.0,2.0,73.92564,72.20111,76.32169,72.06941,67.1193,64.41273,64.88451,65.29931,64.40497,60.83584,59.03389,58.18075,54.58938,48.76474,47.85394,47.85394,51.88449,42.05948,36.67424,39.44617,36.89173,34.43835,31.76476,26.83282,28.17801,25.4951,23.85372,25.05993,23.4094,16.55295,17.88854,16.12452,11.6619,11.40175,13.89244,11.7047,6.7082,6.40312,4.47214,5.83095,3.16228,2.23607,1.0,3.0,7.28011,3.0,3.16228,6.0,7.0,7.07107,8.0,8.06226,10.04988,9.48683,12.36932,10.19804,8.24621,47.50789,48.75449,49.0408,54.12024,54.12947,50.9902,53.60037,53.60037,54.58938,58.30952,59.21149,62.39391,62.1289,62.20129,66.00758,65.12296,75.02666,70.00714,74.06079,75.00667,79.30952,77.31753,78.23043,80.399,80.75271,78.63841,74.43118,76.79193,75.13322,77.66595,72.18033,72.99315,74.33034,69.87131,71.70077,65.76473,65.12296,65.0,62.0,56.0803,58.13777,61.52235,59.68249,58.94065,58.46366,64.28841,59.77458,57.77543,62.76942,62.64982,63.13478,65.51336,64.66065,69.83552,72.40166,72.42237,74.79305
13.0,13.0,12.64911,11.7047,11.7047,11.7047,10.77033,10.77033,10.44031,9.48683,9.48683,9.48683,9.21954,8.24621,8.24621,7.28011,7.28011,6.32456,6.32456,6.32456,6.08276,5.09902,5.09902,5.09902,4.12311,4.12311,3.16228,3.0,3.0,2.23607,2.0,2.0,2.0,1.0,1.0,1.0,1.0,1.0,0.0,0.0,0.0,0.0,0.0,1.0,1.0,1.0,1.0,1.0,1.0,1.41421,1.41421,1.41421,77.41447,76.47876,74.79305,73.82412,73.43024,69.77822,72.47068,67.53518,62.6099,61.7414,62.64982,54.12947,55.07268,56.79789,52.39275,53.22593,50.53712,43.46263,43.82921,39.81206,38.91015,33.12099,32.75668,31.90611,30.52868,28.6531,27.73085,26.83282,25.55386,18.86796,19.41649,18.02776,13.89244,16.12452,10.63015,11.31371,9.48683,6.40312,9.21954,2.23607,1.0,1.0,2.23607,3.16228,1.0,3.60555,4.12311,7.0,4.0,9.48683,8.0,9.21954,7.0,11.40175,10.44031,10.29563,12.08305,46.95743,45.31004,48.27007,45.89118,51.24451,49.36598,50.15974,51.0392,54.14795,52.08647,57.0,58.00862,60.00833,61.0,59.03389,67.0,65.0,69.46222,70.25667,68.35934,73.43705,72.44308,78.26238,77.27872,76.48529,77.66595,74.2159,77.27872,75.50497,75.18643,70.34202,72.78049,70.21396,69.2315,69.42622,69.87131,64.38167,61.52235,58.30952,65.06919,60.00833,57.21888,59.5399,58.54912,57.55867,60.08328,52.92447,56.85948,60.92618,64.4748,61.77378,62.64982,66.37017,69.97142,73.78347,74.63243,74.43118
13.0384,12.20656,11.6619,11.6619,11.6619,10.81665,10.81665,10.81665,10.29563,9.43398,9.43398,8.60233,8.60233,8.06226,8.06226,7.2111,7.2111,6.40312,6.40312,6.40312,5.0,5.65685,5.0,5.0,4.24264,4.24264,3.60555,2.82843,2.82843,2.82843,2.23607,2.23607,2.0,2.0,2.0,2.0,2.0,1.0,1.41421,1.41421,2.23607,1.41421,1.41421,2.23607,1.41421,2.23607,2.23607,2.82843,2.82843,2.82843,2.82843,2.82843,76.05919,75.17978,73.57309,72.71864,70.71068,70.66116,68.42514,65.76473,62.6099,61.26989,61.05735,55.47071,55.4617,51.47815,52.80152,49.1935,52.35456,45.27693,46.14109,42.94182,42.19005,38.07887,34.66987,35.35534,30.52868,28.30194,26.07681,25.23886,27.45906,21.63331,22.2036,20.61553,15.55635,15.6205,12.04159,11.6619,10.63015,8.48528,10.0,4.47214,8.06226,8.06226,8.24621,4.47214,5.38516,8.60233,3.60555,7.81025,8.06226,8.60233,10.0,12.04159,10.77033,8.24621,13.0384,12.80625,11.18034,39.82462,43.56604,45.17743,45.69464,46.8188,46.48656,47.29693,48.70318,51.24451,51.24451,52.63079,55.31727,61.0,60.67125,61.39218,63.28507,66.37017,64.19502,68.26419,69.11584,69.18092,73.00685,70.00714,71.06335,77.31753,76.23647,75.16648,75.66373,71.56815,73.43705,68.593,71.34424,70.45566,68.26419,68.26419,68.26419,63.00794,62.00806,61.0082,63.00794,61.0082,59.21149,59.3043,56.88585,55.54278,56.61272,56.64804,59.46427,60.83584,57.69749,60.37384,64.00781,69.83552,63.95311,67.1193,72.20111,68.47627
12.72792,12.04159,12.04159,12.04159,11.40175,11.40175,10.63015,10.0,10.0,9.21954,9.21954,9.21954,9.21954,8.48528,7.81025,7.81025,7.07107,6.40312,6.40312,5.65685,5.65685,5.65685,5.0,5.0,5.0,4.24264,3.60555,3.60555,3.60555,3.16228,2.23607,2.23607,2.23607,2.0,2.0,2.0,2.0,2.23607,2.23607,2.23607,2.23607,2.23607,2.23607,2.23607,2.82843,2.23607,2.82843,2.82843,2.82843,2.23607,3.60555,2.23607,72.56032,73.79024,75.15318,73.3553,72.89719,73.34848,66.70832,62.64982,64.07808,59.5063,60.00833,59.09315,57.00877,52.80152,48.70318,50.53712,50.69517,47.92703,45.69464,43.86342,39.82462,38.48376,36.23534,37.33631,30.46309,32.20248,29.96665,26.40076,27.29469,21.09502,22.47221,18.02776,19.41649,15.81139,15.55635,12.72792,12.04159,10.81665,12.20656,11.40175,9.21954,9.0,8.06226,9.05539,8.24621,9.43398,13.0,10.81665,12.08305,11.18034,13.0384,13.89244,10.77033,12.08305,15.26434,13.15295,13.34166,39.82462,43.93177,43.13931,47.20169,45.27693,44.65423,46.51881,49.64877,50.08992,51.47815,50.15974,55.71355,57.93962,60.41523,63.90618,66.21933,65.25335,68.00735,69.857,70.03571,68.24954,77.10383,73.5527,72.33948,75.32596,78.23043,78.0,78.00641,77.02597,74.0,70.11419,73.00685,72.1734,70.0,71.00704,69.02898,64.0,65.12296,63.03174,65.19202,63.12686,60.53098,61.18823,63.95311,58.69412,56.30275,57.97413,59.80803,60.53924,61.46544,58.30952,65.29931,69.35416,68.96376,69.97142,74.09453,68.09552
13.34166,12.36932,13.34166,12.16553,12.16553,11.04536,11.18034,10.04988,10.19804,9.05539,9.05539,9.21954,8.06226,8.06226,7.07107,7.07107,6.08276,6.08276,6.08276,5.09902,5.09902,5.09902,4.12311,4.12311,4.12311,3.60555,3.60555,3.16228,2.82843,2.82843,2.23607,2.23607,2.23607,2.23607,2.23607,2.23607,2.0,2.23607,2.0,2.0,3.0,3.0,3.0,3.0,3.0,3.0,3.0,3.0,3.0,3.0,3.0,3.16228,75.50497,75.31268,71.70077,68.73136,70.40597,69.26038,68.11755,67.1193,62.07254,62.07254,58.42089,55.14526,55.08176,50.08992,49.09175,45.09989,50.48762,46.38965,42.04759,37.21559,37.33631,37.33631,32.38827,29.83287,29.83287,28.63564,28.28427,22.80351,22.47221,18.97367,21.18962,15.81139,16.64332,17.46425,15.81139,13.60147,12.04159,15.6205,13.0384,10.29563,10.19804,9.43398,11.7047,10.81665,11.18034,13.15295,10.04988,9.05539,12.04159,12.16553,14.03567,16.03122,14.14214,14.14214,15.29706,14.31782,16.15549,40.45986,39.40812,42.94182,46.09772,45.18849,43.46263,43.32436,49.64877,50.28916,49.72927,56.08921,55.57877,56.29387,61.66036,61.66036,60.07495,70.11419,67.06713,69.02898,70.02857,70.02857,76.23647,73.5527,76.94154,77.10383,76.94154,80.28076,78.1025,74.46476,75.0,72.27724,75.96052,71.16881,73.08215,70.5195,69.37579,66.48308,65.0,63.32456,63.78871,64.13267,62.39391,58.69412,62.1289,62.1289,59.03389,61.07373,58.13777,63.3877,61.40033,63.63961,64.32729,68.24954,65.11528,71.58911,72.36712,72.99315
11.7047,11.7047,10.77033,10.77033,9.84886,9.84886,9.48683,8.544,8.544,7.61577,8.06226,7.61577,6.7082,6.32456,5.38516,5.38516,5.38516,4.47214,4.12311,4.12311,4.12311,3.0,3.0,3.0,2.0,2.23607,2.23607,2.23607,2.82843,2.23607,2.82843,2.82843,2.23607,2.23607,3.16228,3.16228,3.16228,3.16228,3.16228,3.16228,3.16228,3.16228,3.60555,3.16228,3.16228,3.60555,3.60555,3.60555,3.60555,3.60555,2.82843,3.60555,73.3553,70.49113,72.00694,70.3278,64.66065,67.1193,61.58734,63.82006,59.90826,58.82176,54.6443,51.61395,48.60041,45.60702,46.2277,41.88078,42.0119,38.27532,36.40055,32.75668,31.38471,32.20248,27.29469,22.82542,25.94224,22.47221,22.47221,19.41649,16.27882,16.12452,18.02776,12.0,13.15295,11.18034,11.6619,12.08305,14.76482,14.14214,16.64332,16.40122,13.45362,14.14214,18.38478,16.97056,18.38478,17.69181,17.69181,18.43909,20.0,21.93171,17.80449,22.67157,22.02272,19.41649,19.20937,19.23538,20.61553,45.89118,51.62364,50.15974,49.25444,51.0,55.10898,49.33559,51.62364,55.57877,53.16014,62.96825,58.5235,66.7308,62.76942,67.1193,62.6099,76.55717,67.41662,77.17513,72.47068,77.00649,80.80223,78.00641,78.74643,82.21922,84.14868,82.02439,85.58621,77.89737,82.03658,77.33693,79.30952,74.41102,74.51845,75.16648,70.43437,67.47592,69.42622,63.70243,64.38167,68.593,61.55485,62.36986,60.44005,61.84658,62.62587,61.85467,60.53924,63.63175,62.64982,61.29437,65.79514,70.21396,65.29931,71.17584,74.24958,71.11259
13.15295,12.16553,12.04159,12.04159,11.04536,11.04536,10.04988,10.04988,9.05539,9.05539,9.05539,8.06226,8.06226,7.07107,7.07107,7.07107,6.08276,5.09902,5.09902,5.09902,4.12311,4.47214,4.12311,3.60555,3.60555,3.60555,2.82843,2.82843,2.82843,3.60555,3.16228,3.16228,3.16228,3.16228,3.16228,4.12311,3.16228,4.12311,4.12311,4.12311,4.12311,4.12311,4.12311,4.12311,4.12311,4.12311,4.12311,4.12311,4.47214,4.47214,3.60555,3.60555,70.45566,68.46897,67.74216,66.91039,62.96825,62.96825,61.81424,60.01666,57.07013,52.95281,53.85165,52.20153,47.53946,43.68066,44.14748,42.29657,36.68787,34.36568,34.9285,31.06445,30.41381,32.14032,24.08319,22.36068,23.19483,21.0238,19.10497,21.0238,15.13275,15.81139,12.52996,16.64332,13.45362,13.89244,16.97056,14.42221,12.80625,19.72308,12.08305,17.88854,17.20465,16.15549,18.97367,18.02776,17.08801,20.59126,17.88854,23.4094,16.76305,18.78829,19.23538,18.35756,21.63331,19.10497,19.10497,20.61553,18.43909,42.52058,43.909,48.37355,47.92703,49.0408,47.53946,49.47727,49.24429,53.60037,52.61179,56.32051,59.21149,63.1981,63.07139,62.00806,69.26038,67.18631,71.25307,73.5527,73.5459,74.95332,79.30952,75.18643,78.58753,77.16217,77.7946,78.54935,74.67262,74.46476,76.15773,73.92564,73.40981,71.55418,69.83552,68.42514,65.76473,65.30697,63.56099,61.68468,60.16644,60.08328,60.44005,59.48109,60.63827,57.07013,56.04463,55.31727,56.4358,56.4358,58.54912,60.03332,64.00781,66.06815,62.07254,66.0,65.03076,70.06426
11.04536,10.04988,10.04988,10.04988,9.21954,9.05539,8.06226,8.06226,7.07107,7.07107,7.07107,6.08276,6.08276,5.09902,5.09902,5.09902,4.12311,4.12311,3.0,3.0,2.0,2.0,2.0,1.0,1.0,1.0,1.0,1.0,1.0,1.0,1.0,1.0,2.23607,2.23607,2.23607,2.23607,2.23607,2.23607,2.23607,2.23607,2.23607,2.23607,2.23607,2.23607,2.23607,2.23607,2.23607,3.0,2.0,2.0,3.0,2.0,67.36468,65.37584,66.61081,61.29437,62.80127,60.20797,59.84146,54.91812,52.17279,51.97115,51.78803,46.32494,42.75512,40.80441,40.60788,36.49658,37.10795,29.41088,29.42788,26.07681,26.30589,23.5372,19.10497,18.02776,17.02939,15.13275,14.0,9.05539,8.24621,10.77033,6.0,6.40312,8.24621,9.48683,10.77033,12.04159,10.04988,12.0,13.34166,11.0,13.0384,10.04988,15.0333,14.03567,17.46425,13.34166,15.13275,14.14214,18.0,16.12452,17.02939,15.0333,16.0,16.03122,19.0263,15.29706,15.65248,46.84015,49.81967,52.08647,50.01,53.15073,54.33231,55.14526,57.70615,59.68249,59.43904,59.22837,66.48308,64.7611,69.64194,71.16881,70.5195,76.2168,70.93659,77.47258,77.87811,79.62412,82.73452,79.25907,81.00617,82.1523,80.45496,81.02469,82.92768,76.02631,78.23682,73.23933,77.20104,73.60027,75.21303,72.67049,69.06519,67.95587,65.19202,62.43397,62.17717,62.17717,63.97656,62.64982,62.96825,57.87055,62.29767,60.41523,55.9017,59.43904,59.84146,61.29437,62.514,66.06815,65.49046,69.11584,69.26038,69.11584
11.0,11.0,10.0,10.04988,9.0,9.05539,8.06226,8.06226,8.06226,7.07107,7.07107,6.08276,6.08276,5.09902,5.0,5.0,4.0,4.0,3.0,3.0,2.0,2.0,2.0,1.0,1.0,1.0,0.0,1.41421,1.41421,1.41421,1.41421,1.41421,2.23607,1.41421,2.23607,2.23607,1.41421,2.82843,2.82843,2.82843,2.82843,2.82843,2.82843,2.82843,2.82843,2.82843,2.23607,3.16228,3.16228,3.16228,3.16228,2.23607,64.38167,63.00794,67.00746,62.00806,62.03225,60.03332,53.0,52.0,51.0,53.03772,49.09175,45.04442,44.04543,42.19005,38.01316,38.01316,33.13608,29.01724,28.01785,25.07987,26.07681,21.09502,17.46425,16.76305,16.27882,13.0384,13.15295,10.19804,7.2111,7.07107,5.0,6.0,5.09902,8.24621,8.544,6.08276,10.44031,9.84886,13.41641,11.6619,11.40175,13.60147,13.89244,12.04159,13.0384,11.6619,13.0384,17.80449,15.26434,18.78829,19.69772,17.46425,15.23155,18.78829,18.86796,16.49242,13.34166,50.0,54.45181,53.15073,55.00909,59.07622,58.30952,58.54912,60.53098,60.82763,61.18823,60.41523,66.4906,68.24954,72.03471,72.42237,72.8011,78.16009,77.49194,79.37884,79.30952,79.84986,85.61542,83.25863,80.95678,83.19255,84.97058,81.9878,84.38009,81.12336,79.75588,79.25907,78.39005,77.38863,74.09453,74.94665,70.71068,69.83552,66.64083,67.54258,63.90618,63.07139,59.46427,65.80274,57.97413,58.69412,58.69412,60.53098,60.29925,61.0082,61.03278,60.00833,64.28063,62.1289,64.28063,69.18092,68.35934,70.25667
10.44031,10.44031,10.44031,9.48683,8.544,8.544,7.28011,7.28011,7.28011,6.32456,6.32456,6.08276,5.09902,5.09902,4.12311,4.12311,4.12311,3.16228,3.0,2.0,2.0,2.0,1.0,1.0,1.0,0.0,1.41421,1.41421,2.23607,2.23607,2.23607,2.23607,2.23607,2.82843,2.82843,2.82843,3.60555,2.82843,3.60555,3.60555,3.60555,3.60555,3.60555,3.60555,3.60555,3.60555,3.60555,3.60555,3.60555,4.47214,4.12311,4.12311,63.69458,60.53924,65.45991,59.80803,58.60034,58.60034,57.93962,56.85948,49.24429,47.42362,45.69464,43.46263,39.81206,38.47077,34.53983,29.54657,33.61547,27.313,24.16609,25.29822,23.4094,21.54066,19.41649,16.55295,14.56022,13.60147,12.64911,10.04988,8.24621,5.0,3.0,1.41421,5.09902,5.38516,6.32456,8.24621,10.0,10.81665,13.41641,13.0384,14.76482,14.76482,12.64911,15.81139,17.08801,18.60108,16.64332,15.65248,16.12452,18.78829,19.41649,17.88854,22.36068,18.38478,19.31321,18.11077,19.23538,52.92447,52.3259,53.00943,58.00862,57.80138,60.30755,58.72819,58.69412,59.39697,60.10824,63.89053,66.52819,69.52697,70.29225,72.24957,74.51845,80.1561,76.83749,78.60025,82.20097,81.84131,77.10383,83.00602,85.23497,85.08819,82.49242,81.00617,81.49233,79.17702,81.12336,76.15773,80.13114,77.41447,72.20111,76.05919,67.74216,67.74216,67.1193,66.0303,61.84658,60.60528,61.52235,60.82763,58.0,58.79626,61.61169,61.03278,58.83026,56.60389,58.18075,58.60034,59.9333,63.97656,62.39391,65.78754,67.41662,67.05222
11.40175,10.63015,10.0,9.21954,9.21954,9.21954,8.60233,7.81025,7.81025,7.07107,7.2111,6.40312,5.83095,5.65685,5.0,5.0,3.60555,3.60555,2.82843,2.82843,2.82843,2.23607,1.41421,1.41421,1.0,1.0,1.0,1.0,1.0,1.0,2.0,2.23607,2.23607,2.23607,2.23607,2.23607,2.23607,3.16228,3.16228,3.60555,3.16228,3.60555,3.60555,3.16228,3.60555,3.60555,3.60555,3.60555,3.60555,4.24264,3.60555,3.60555,34.1321,30.80584,30.61046,30.0,30.4795,28.6007,27.20294,26.40076,24.83948,22.80351,19.84943,22.67157,20.0,20.51828,16.27882,15.55635,17.69181,16.97056,13.45362,12.04159,12.04159,11.40175,8.48528,6.40312,7.2111,7.2111,6.32456,5.0,3.16228,2.23607,0.0,0.0,2.82843,2.23607,3.60555,3.60555,5.0,5.83095,5.0,6.40312,6.40312,7.07107,8.60233,8.48528,7.81025,7.81025,8.48528,8.06226,8.48528,10.0,8.60233,8.06226,10.0,9.43398,9.48683,8.06226,8.544,26.30589,27.0,27.01851,28.28427,29.15476,27.45906,30.59412,30.80584,32.28002,29.61419,32.75668,33.73426,34.71311,35.69314,35.69314,36.13862,37.36308,39.29377,38.07887,39.21734,39.21734,42.72002,40.80441,38.60052,43.01163,41.48494,43.9659,40.49691,39.84972,38.8973,42.05948,39.29377,38.07887,36.40055,36.13862,35.17101,34.71311,33.24154,34.05877,32.01562,33.01515,32.06244,31.40064,31.40064,30.59412,27.45906,30.08322,30.08322,31.38471,30.8707,29.52965,30.52868,32.75668,28.30194,34.05877,32.20248,34.20526
11.18034,11.18034,11.18034,10.29563,10.29563,9.43398,8.94427,8.94427,8.94427,8.06226,8.06226,8.06226,7.2111,7.2111,5.83095,5.83095,5.83095,5.0,5.0,4.47214,4.47214,3.60555,3.16228,3.60555,2.82843,2.23607,1.0,1.41421,1.0,1.0,0.0,0.0,0.0,0.0,1.0,1.41421,1.41421,1.41421,1.41421,1.0,1.41421,2.23607,2.23607,2.23607,2.23607,2.23607,3.16228,2.0,2.0,2.0,3.0,2.0,64.84597,64.88451,62.76942,63.52952,60.90156,60.83584,56.79789,57.80138,51.97115,48.76474,48.25971,48.8774,47.50789,42.05948,39.35734,39.20459,35.35534,31.06445,31.62278,28.30194,27.01851,23.32381,22.02272,19.41649,13.92839,17.20465,15.0,16.12452,11.40175,10.19804,6.32456,4.0,4.47214,4.0,5.38516,1.41421,6.7082,10.19804,5.09902,9.43398,8.60233,7.81025,8.48528,10.81665,14.86607,10.81665,14.14214,12.04159,15.6205,14.86607,12.80625,18.02776,18.60108,16.12452,16.15549,17.46425,14.03567,46.87217,49.24429,53.16014,54.78138,54.08327,55.47071,54.626,59.5063,57.70615,59.94164,60.83584,66.64083,70.71068,67.1193,70.71068,72.56032,73.43024,75.29276,75.66373,79.25907,79.25907,84.0595,81.9878,84.0595,84.59905,84.90583,82.92768,85.98256,81.84131,79.40403,76.32169,77.38863,73.43024,75.66373,72.00694,73.79024,67.97794,67.97794,65.19202,65.45991,64.56005,59.90826,61.61169,61.52235,58.69412,55.0,55.14526,58.07753,60.67125,61.29437,58.69412,59.13544,61.03278,60.40695,63.90618,64.88451,63.97656
10.77033,10.77033,9.84886,9.84886,9.84886,8.94427,8.94427,8.06226,8.06226,7.61577,6.7082,6.7082,6.7082,5.83095,5.83095,5.0,5.0,5.0,4.47214,3.60555,3.60555,3.60555,2.82843,2.23607,2.23607,1.41421,1.41421,1.0,1.0,0.0,0.0,0.0,1.0,1.0,1.41421,1.41421,1.41421,2.23607,1.41421,2.23607,2.23607,2.23607,2.23607,2.23607,3.16228,3.16228,3.16228,3.16228,3.16228,3.16228,3.16228,3.16228,65.25335,62.58594,60.72891,60.87693,60.08328,59.77458,56.921,52.55473,53.85165,50.92151,48.70318,48.38388,46.51881,42.54409,40.71855,37.57659,37.69615,34.43835,32.69557,30.01666,28.63564,26.83282,28.17801,25.23886,19.69772,17.20465,17.0,12.16553,14.56022,12.04159,8.24621,5.09902,5.0,5.0,5.0,6.0,5.0,5.0,9.05539,6.08276,8.60233,8.544,8.48528,10.63015,9.84886,10.0,16.40122,16.97056,15.6205,14.86607,17.20465,15.6205,18.38478,15.81139,18.86796,17.88854,17.72005,50.77401,52.20153,55.80323,56.0803,57.28001,55.17246,54.67175,55.97321,59.46427,59.03389,63.12686,66.6033,69.42622,68.88396,71.06335,73.0,75.00667,77.20104,75.9276,79.02531,83.40863,80.72174,83.60024,82.20097,84.81156,82.61961,85.8021,83.40863,84.38602,81.05554,80.91971,76.57676,76.2168,75.00667,72.86288,73.5527,69.42622,69.52697,64.40497,61.85467,61.85467,59.94164,59.16925,60.53924,53.85165,58.69412,59.22837,56.29387,57.31492,57.07889,57.00877,60.00833,57.00877,59.5399,64.77654,66.09841,67.26812
9.84886,10.29563,8.94427,9.84886,8.94427,8.94427,8.06226,8.06226,7.2111,6.7082,7.2111,6.40312,5.83095,5.83095,5.38516,5.0,4.47214,4.47214,4.47214,3.60555,3.16228,3.16228,2.23607,3.16228,2.0,2.0,2.0,1.41421,1.41421,1.41421,1.41421,2.23607,2.0,2.0,2.0,2.0,2.0,3.0,3.0,3.0,2.23607,3.0,3.16228,3.16228,3.16228,3.16228,3.16228,3.16228,3.16228,3.60555,3.60555,2.82843,68.30813,66.7308,65.39113,58.82176,61.09828,60.00833,57.58472,55.15433,52.39275,51.89412,49.39636,47.85394,44.72136,41.88078,39.82462,41.18252,37.21559,34.98571,32.64966,27.78489,28.6531,23.25941,25.0,20.24846,19.69772,17.20465,15.81139,15.29706,12.16553,9.05539,9.05539,9.05539,7.61577,6.7082,5.83095,4.12311,10.19804,6.08276,5.09902,12.04159,10.77033,13.60147,14.86607,13.0,15.65248,15.52417,16.55295,19.41649,19.41649,14.42221,17.49286,18.02776,18.43909,17.69181,20.51828,16.97056,18.86796,49.64877,52.40229,55.22681,57.28001,59.46427,58.72819,58.41233,60.44005,62.00806,61.61169,64.81512,67.62396,67.47592,71.58911,74.65253,71.8401,79.81228,72.20111,79.02531,79.64923,80.0,83.48653,84.20214,82.46211,80.91971,80.43009,81.56592,83.86895,81.56592,82.32861,74.27651,79.24645,75.74299,72.18033,76.41989,72.13876,67.47592,62.68174,64.2028,63.81222,64.88451,60.00833,56.64804,57.97413,58.82176,59.84146,55.10898,58.21512,62.07254,57.07889,58.21512,62.80127,66.28725,58.24946,67.18631,65.80274,66.09841
10.81665,9.43398,9.43398,9.43398,8.60233,8.60233,8.60233,7.81025,7.2111,7.2111,6.40312,6.40312,5.83095,5.83095,5.0,5.0,4.24264,3.60555,3.60555,3.60555,3.16228,3.16228,2.23607,2.23607,2.0,2.23607,1.0,1.41421,1.41421,1.41421,1.0,2.0,2.0,2.0,2.0,2.0,2.23607,2.0,3.16228,3.16228,3.16228,3.16228,3.16228,3.16228,3.16228,3.16228,3.60555,3.60555,3.60555,2.82843,2.82843,2.82843,62.20129,63.00794,64.44377,58.89822,56.56854,58.79626,54.56189,54.45181,49.51767,52.3259,49.49747,48.08326,41.86884,41.40048,41.03657,36.06938,36.12478,31.89044,28.28427,28.42534,26.1725,21.63331,20.24846,19.20937,18.38478,12.72792,14.14214,11.6619,10.0,9.43398,4.12311,7.28011,6.7082,4.24264,4.0,7.28011,8.24621,8.06226,9.43398,14.0,9.05539,13.60147,13.15295,12.16553,16.12452,16.76305,18.43909,20.61553,16.64332,19.92486,18.38478,18.78829,20.61553,21.63331,19.72308,20.61553,18.43909,53.15073,53.45091,51.86521,55.71355,55.9017,58.59181,58.18075,62.64982,60.82763,60.03332,65.51336,65.74192,67.08204,69.46222,73.79024,70.71068,77.52419,75.29276,80.06248,79.25907,80.13114,83.86298,78.54935,83.86298,82.1523,85.08819,78.77182,81.49233,78.54935,80.9506,75.591,79.15807,75.15318,71.17584,77.07788,68.94926,65.78754,64.28841,61.61169,60.67125,60.82763,60.0,60.00833,57.07889,58.21512,58.46366,59.90826,54.12024,57.38467,55.54278,56.36488,57.80138,64.3506,62.96825,64.89992,65.43699,64.2028
10.29563,10.29563,10.29563,8.94427,8.94427,8.94427,8.544,7.61577,7.61577,7.61577,6.32456,6.32456,5.38516,5.38516,5.38516,5.09902,4.12311,4.12311,3.16228,3.16228,3.16228,2.23607,2.0,2.0,1.0,1.0,1.0,0.0,0.0,1.0,1.41421,1.41421,1.41421,1.41421,1.41421,1.41421,2.23607,2.82843,2.82843,2.82843,2.82843,2.82843,2.82843,2.82843,2.82843,2.82843,3.60555,3.60555,3.60555,3.60555,3.16228,3.16228,64.38167,65.11528,65.8559,63.89053,61.22091,57.38467,58.25805,58.0,52.40229,49.40648,44.82187,47.50789,43.60046,43.01163,38.41875,38.83298,37.20215,33.83785,28.84441,27.45906,27.20294,22.67157,20.61553,21.9545,15.26434,12.20656,9.89949,13.0384,9.21954,4.47214,5.65685,2.23607,2.82843,2.0,5.65685,6.32456,6.08276,8.544,10.63015,12.80625,13.41641,11.31371,13.45362,12.52996,15.6205,15.55635,15.55635,16.64332,18.60108,18.02776,18.35756,17.20465,21.26029,16.97056,21.93171,20.24846,20.61553,49.0408,52.00961,52.00961,53.46027,55.31727,54.91812,59.22837,59.22837,61.39218,61.84658,64.03124,65.96969,66.4906,67.91171,68.88396,71.47027,76.65507,78.33901,79.81228,79.40403,78.58753,84.11896,84.20214,81.0432,80.00625,84.20214,82.0061,79.12016,81.27115,78.44743,75.69016,75.69016,75.28612,73.75636,70.61161,68.06614,66.75328,65.27634,63.03174,63.12686,59.07622,58.24946,58.0517,60.63827,55.36244,57.87055,57.24509,54.12947,55.75841,57.14018,58.24946,59.03389,60.1415,62.93648,68.0147,65.76473,62.93648
11.40175,11.40175,11.40175,11.40175,10.0,10.0,9.21954,9.21954,9.21954,8.60233,7.81025,7.2111,7.2111,7.2111,6.40312,5.65685,5.0,5.0,5.0,5.0,4.24264,3.60555,2.82843,2.82843,2.82843,1.41421,1.41421,1.41421,1.0,0.0,0.0,0.0,0.0,1.0,1.0,1.41421,1.41421,1.41421,1.41421,1.41421,2.23607,2.23607,2.23607,2.23607,2.23607,2.23607,2.23607,2.23607,2.0,2.0,3.0,3.0,74.8131,68.60029,68.11755,65.0,64.89992,64.03124,60.0,61.40033,54.81788,54.20332,51.61395,48.82622,45.0,45.0,41.86884,40.60788,36.05551,36.35932,33.61547,30.23243,28.17801,25.05993,21.09502,22.36068,17.80449,15.81139,14.31782,13.92839,13.45362,8.94427,8.24621,3.16228,2.23607,1.41421,0.0,5.0,5.0,5.65685,10.0,8.48528,11.31371,7.07107,11.31371,14.14214,14.86607,11.6619,17.02939,14.86607,13.45362,15.55635,20.61553,15.55635,16.27882,16.40122,16.55295,17.0,18.78829,48.75449,53.14132,50.28916,57.48913,56.29387,55.3263,55.3263,59.84146,59.5399,61.29437,63.12686,67.60178,69.35416,67.36468,71.25307,72.11103,80.1561,77.10383,80.025,81.05554,80.025,79.05694,83.02409,82.05486,87.00575,84.21401,79.22752,78.31347,81.30191,79.22752,77.05842,76.10519,77.00649,74.10803,73.06162,72.06247,66.1211,66.18912,63.95311,63.15061,59.90826,60.16644,60.72891,62.03225,59.48109,61.05735,55.21775,61.84658,60.10824,61.22091,64.3506,62.93648,65.05382,66.21933,67.80118,65.29931,70.29225
11.7047,10.44031,10.44031,9.48683,9.48683,9.48683,8.544,8.544,8.544,7.61577,7.61577,6.7082,6.7082,6.7082,5.38516,5.83095,5.0,5.0,4.47214,4.47214,3.60555,3.60555,2.82843,3.16228,2.23607,1.41421,1.0,1.0,0.0,0.0,0.0,1.0,1.41421,1.41421,1.41421,1.41421,2.23607,1.41421,2.23607,2.23607,2.82843,2.23607,2.82843,2.82843,2.23607,3.16228,3.16228,3.16228,3.16228,3.16228,3.16228,3.16228,66.76077,73.76313,64.84597,67.6757,69.28925,58.87274,62.03225,58.5235,59.61543,48.8467,50.32892,50.15974,47.42362,48.30114,38.27532,40.31129,36.71512,34.0,34.88553,32.20248,29.68164,29.68164,23.70654,21.9545,20.80865,18.35756,17.0,13.89244,11.18034,13.0384,14.56022,7.61577,7.61577,7.61577,4.47214,5.0,6.08276,5.0,5.09902,10.29563,8.60233,13.0,8.544,11.18034,11.6619,11.6619,15.0,13.60147,13.45362,19.20937,14.42221,14.14214,17.69181,18.43909,17.20465,17.80449,17.88854,49.0408,47.50789,55.15433,50.9902,54.45181,50.32892,54.03702,58.79626,55.44367,61.22091,57.80138,65.94695,67.35726,66.8431,68.24954,70.29225,73.75636,78.24321,75.28612,80.43009,81.8352,86.40023,83.40863,80.80223,81.27115,80.60397,81.40025,79.20227,81.40025,77.62087,80.80842,70.17834,76.41989,75.66373,69.31089,70.0928,65.19202,63.89053,60.46487,59.07622,61.29437,61.26989,59.5063,61.40033,53.16014,57.42822,56.4358,58.00862,60.00833,62.00806,55.08176,64.77654,59.03389,67.46851,66.4906,66.70832,73.4983
10.44031,10.44031,9.48683,9.48683,9.48683,8.24621,8.544,8.544,7.28011,7.61577,6.32456,6.7082,5.83095,5.38516,5.38516,4.47214,4.47214,4.12311,3.60555,3.16228,3.16228,3.16228,3.0,2.23607,2.0,2.0,2.23607,1.41421,1.41421,2.23607,2.0,2.0,2.0,2.0,3.0,3.0,3.0,3.16228,3.16228,3.16228,3.16228,3.16228,3.16228,4.12311,3.16228,4.12311,4.47214,3.60555,4.47214,3.60555,3.60555,3.60555,63.60031,65.51336,66.48308,64.28841,61.84658,56.04463,55.02727,55.54278,52.49762,48.70318,48.70318,46.8188,44.94441,42.95346,40.8534,38.07887,40.31129,33.10589,32.31099,30.41381,29.52965,23.70654,24.69818,20.24846,16.76305,13.0,18.02776,13.92839,13.15295,11.18034,10.77033,10.44031,11.40175,9.43398,9.21954,7.28011,8.94427,11.04536,13.60147,14.03567,12.04159,15.29706,16.03122,16.49242,16.49242,15.52417,18.43909,15.81139,16.15549,19.72308,16.49242,20.24846,16.55295,18.78829,21.63331,20.24846,21.2132,48.82622,49.92995,49.24429,56.36488,54.23099,55.71355,53.7122,57.38467,56.64804,56.46238,62.03225,60.00833,64.4748,66.70832,69.857,67.23095,76.05919,73.40981,76.96753,76.48529,77.82031,81.02469,80.11242,82.29216,81.939,81.02469,78.29432,79.70571,78.26238,78.39005,72.06941,77.52419,72.20111,70.21396,69.40461,66.8431,65.29931,62.93648,62.24147,60.1415,59.20304,58.18075,60.03332,60.37384,57.93962,60.16644,59.48109,56.56854,59.21149,61.07373,59.0,64.03124,68.18358,61.40033,66.27217,68.88396,68.44706
11.18034,11.18034,11.18034,10.04988,10.19804,9.21954,9.21954,8.24621,8.24621,8.24621,7.28011,7.28011,6.32456,6.32456,6.08276,5.09902,5.38516,4.12311,4.12311,4.12311,4.0,3.0,3.0,3.0,3.16228,2.23607,2.23607,2.23607,2.82843,2.82843,2.82843,3.16228,3.16228,3.16228,3.0,3.0,4.12311,3.16228,4.12311,4.12311,4.0,4.0,4.12311,4.0,4.0,4.0,4.0,4.0,4.0,4.0,4.12311,4.12311,66.48308,63.78871,64.77654,62.96825,57.87055,60.67125,58.42089,56.56854,50.24938,51.15662,48.09366,47.09565,46.04346,38.0,40.0125,36.01389,33.01515,29.0,30.01666,27.07397,26.01922,26.0,21.0238,18.11077,16.03122,16.03122,15.0,11.40175,15.23155,10.81665,13.0384,12.52996,8.06226,10.77033,11.0,12.16553,12.16553,14.0,16.27882,12.16553,17.72005,17.0,17.0,15.81139,17.49286,18.97367,19.69772,21.54066,18.86796,19.23538,21.9545,19.69772,21.93171,18.86796,21.63331,22.62742,21.26029,48.50773,49.33559,50.92151,53.85165,51.47815,51.47815,54.12947,51.86521,55.71355,55.36244,62.39391,59.23681,66.7308,65.78754,69.92138,69.57011,73.76313,70.83784,76.40026,76.92204,74.52516,75.96052,76.40026,79.07591,80.04998,78.8543,81.02469,80.41144,77.92946,77.92946,72.44308,72.44308,72.24957,74.00676,71.06335,67.47592,67.60178,61.61169,60.44005,58.82176,62.39391,55.9017,56.36488,56.40035,59.66574,57.48913,58.0,57.48913,57.80138,58.5235,59.16925,57.69749,64.2573,59.46427,68.68042,66.09841,66.21933
10.0,10.0,9.21954,9.21954,9.21954,9.21954,8.60233,7.81025,7.81025,6.40312,6.40312,6.40312,5.65685,5.0,5.0,5.0,5.0,4.24264,4.24264,2.82843,2.82843,2.82843,2.82843,2.23607,2.23607,2.23607,1.0,1.0,1.41421,1.41421,1.41421,2.23607,1.41421,2.23607,2.0,2.0,2.0,2.0,3.0,3.0,2.0,2.0,3.0,3.0,3.0,3.16228,3.16228,3.16228,3.16228,3.16228,3.16228,3.16228,66.70832,68.00735,67.42403,62.482,62.80127,57.00877,62.20129,57.42822,52.00961,48.41487,49.81967,45.60702,45.27693,42.43819,42.2019,36.89173,39.11521,36.05551,29.41088,30.52868,30.52868,27.29469,25.0,23.85372,18.86796,17.69181,14.21267,15.55635,10.0,11.31371,8.94427,7.28011,5.09902,4.24264,4.12311,3.60555,8.06226,8.24621,7.2111,6.08276,11.18034,9.0,13.34166,14.03567,12.36932,12.08305,13.34166,12.36932,11.7047,17.26268,12.16553,17.72005,17.08801,19.72308,17.08801,16.97056,15.6205,49.33559,50.44799,56.08921,52.61179,54.45181,52.15362,57.42822,58.07753,57.03508,61.07373,65.00769,69.02898,70.11419,73.0,71.06335,77.05842,77.00649,76.10519,76.00658,79.40403,82.1523,83.38465,86.28441,84.38009,84.09518,82.0975,83.86298,81.49847,81.22192,79.40403,77.16217,77.10383,79.22752,76.00658,72.02777,69.06519,67.06713,66.48308,63.78871,66.70832,61.98387,62.29767,60.74537,62.64982,56.35601,56.79789,60.90156,60.0,60.30755,63.12686,60.10824,63.78087,63.78087,64.2028,74.4043,68.11755,70.43437
10.77033,10.77033,10.77033,9.48683,9.84886,8.544,8.94427,8.544,7.61577,7.61577,6.7082,6.7082,6.7082,5.83095,5.83095,4.47214,4.47214,5.0,3.60555,4.47214,3.60555,3.16228,3.16228,2.23607,2.23607,2.23607,1.0,1.0,1.0,1.0,1.0,1.0,1.0,1.0,1.0,1.41421,2.23607,2.23607,1.41421,2.23607,1.41421,2.23607,2.23607,2.23607,2.82843,2.82843,2.82843,2.82843,2.82843,2.82843,3.60555,3.60555,67.06713,68.00735,65.55151,62.96825,61.35145,60.72891,57.00877,57.38467,50.15974,50.9902,46.61545,46.09772,47.53946,43.86342,40.24922,39.44617,36.24914,33.61547,31.38471,29.15476,27.78489,25.05993,23.4094,22.36068,19.92486,21.0238,16.15549,17.46425,13.92839,10.77033,12.0,6.0,8.0,8.06226,6.40312,6.40312,6.7082,8.48528,10.29563,11.04536,9.21954,10.04988,9.05539,12.16553,13.15295,12.52996,13.92839,12.64911,15.81139,16.27882,15.26434,18.86796,18.86796,19.20937,18.35756,17.02939,15.55635,49.40648,41.6173,49.67897,44.68781,54.20332,58.13777,54.81788,60.10824,65.79514,54.20332,61.84658,73.0,73.66139,63.70243,77.80103,72.13876,79.02531,70.60453,74.33034,74.63243,78.24321,83.00602,77.89737,78.1025,80.80223,81.68843,78.64477,82.21922,77.7946,79.9062,74.33034,76.38063,72.86288,72.83543,68.68042,70.93659,66.61081,62.80127,60.90156,62.16912,62.24147,57.93962,58.5235,62.64184,58.46366,55.3263,55.3263,59.00847,61.0,66.06815,63.1981,61.98387,64.32729,64.32729,65.30697,68.15424,65.80274
10.77033,10.77033,9.84886,9.48683,9.84886,8.544,8.544,8.544,7.61577,7.61577,7.61577,6.7082,6.7082,5.83095,5.83095,5.38516,5.38516,4.47214,4.47214,4.47214,3.60555,3.16228,3.16228,3.16228,3.16228,3.0,2.0,2.0,1.0,1.41421,1.41421,1.41421,1.0,1.0,1.0,2.0,1.0,1.0,1.41421,2.23607,2.23607,2.0,1.41421,2.23607,2.23607,2.23607,2.23607,2.23607,2.82843,2.82843,2.82843,2.82843,62.58594,62.8172,67.44627,61.13101,59.48109,61.13101,55.02727,58.5235,51.86521,50.28916,47.75982,50.28916,45.69464,43.01163,44.01136,37.16181,37.94733,31.7805,31.95309,29.15476,26.83282,26.92582,22.36068,20.22375,18.38478,18.02776,15.65248,12.04159,13.34166,10.77033,14.03567,8.06226,6.7082,5.65685,7.2111,8.544,8.24621,7.0,10.04988,12.04159,13.15295,9.84886,11.7047,15.65248,12.52996,14.31782,13.92839,13.89244,15.65248,17.49286,16.64332,16.12452,20.0,19.20937,19.79899,19.84943,16.27882,48.02083,50.9902,50.24938,57.28001,55.9017,58.25805,56.22277,60.44005,59.03389,57.48913,63.78087,64.66065,68.62215,69.02898,70.93659,67.00746,77.20104,72.8011,80.43009,79.05694,78.1025,84.31489,75.28612,83.86895,81.8352,81.68843,79.51101,86.21485,74.20243,79.64923,70.29225,77.23341,75.82216,70.0928,72.12489,65.79514,64.66065,66.61081,61.85467,62.64982,64.66065,59.03389,63.32456,59.77458,61.13101,55.10898,58.69412,59.84146,61.20457,59.03389,64.12488,64.38167,66.61081,58.46366,67.26812,65.25335,72.00694
11.6619,11.6619,10.81665,10.81665,10.29563,9.43398,9.43398,8.60233,8.60233,8.06226,7.81025,7.2111,7.2111,6.40312,5.83095,6.40312,5.0,5.0,4.47214,4.47214,3.60555,3.16228,3.16228,3.16228,3.16228,2.0,2.0,2.23607,1.41421,1.41421,1.41421,2.23607,2.23607,2.23607,1.0,2.0,2.0,2.0,2.0,3.0,3.16228,2.23607,3.16228,3.16228,2.23607,3.16228,3.16228,3.60555,3.60555,3.60555,3.60555,2.82843,66.64833,72.01389,67.54258,65.0,68.09552,62.64982,59.94164,55.9017,54.58938,50.60632,48.02083,47.16991,46.14109,44.77723,40.49691,38.58756,37.21559,35.80503,33.28663,32.01562,28.3196,27.20294,26.07681,18.60108,21.63331,17.80449,15.23155,15.0,16.49242,7.28011,11.0,7.07107,5.38516,5.65685,4.47214,8.60233,9.0,8.60233,5.38516,8.06226,10.44031,9.43398,11.7047,13.15295,13.0384,12.64911,11.40175,11.40175,13.41641,18.86796,17.20465,15.0,17.80449,15.55635,18.35756,17.80449,17.20465,49.47727,52.20153,52.55473,55.54278,55.9017,55.4617,55.9464,55.56978,60.90156,59.5399,65.51336,65.51336,68.60029,71.69379,72.20111,74.62573,73.78347,79.05694,74.88658,77.10383,82.0975,84.31489,83.81527,81.40025,80.0,79.88116,78.49204,79.05694,78.77182,79.32213,78.77182,73.24616,75.29276,71.58911,72.01389,68.42514,68.15424,68.62215,65.78754,63.06346,61.66036,62.96825,59.68249,60.00833,59.00847,64.00781,61.40033,64.13267,65.73431,60.63827,64.84597,64.84597,66.48308,68.70953,70.23532,70.77429,74.24958
12.04159,12.16553,12.16553,12.04159,11.18034,11.04536,10.04988,10.04988,9.05539,9.05539,8.06226,8.06226,8.06226,7.07107,7.07107,7.07107,6.08276,6.0,5.09902,5.09902,5.0,4.0,4.0,4.0,3.0,3.16228,2.23607,2.23607,2.23607,1.41421,1.41421,1.41421,1.0,1.0,2.0,1.0,2.23607,2.0,2.23607,2.23607,1.41421,2.23607,2.23607,2.82843,2.82843,2.82843,2.23607,2.23607,2.23607,2.23607,2.23607,2.23607,76.10519,71.34424,69.06519,68.02941,61.20457,68.26419,60.00833,59.13544,53.15073,55.08176,51.0,50.0,50.01,43.01163,43.28972,42.04759,44.0,40.0125,35.0571,32.14032,34.0147,28.07134,25.0,25.07987,22.0,21.09502,20.02498,17.0,15.13275,12.36932,9.84886,11.18034,10.0,7.2111,7.07107,7.2111,3.60555,3.60555,2.82843,6.7082,4.47214,4.24264,9.43398,7.2111,9.43398,10.0,13.41641,12.08305,12.20656,13.60147,13.15295,17.46425,16.03122,13.0,14.14214,14.03567,14.14214,47.16991,53.31041,50.08992,57.00877,52.20153,55.0,55.80323,56.22277,58.89822,58.89822,60.1415,65.19202,67.26812,70.71068,74.95332,70.00714,76.38063,73.5527,75.66373,77.15569,77.15569,85.79627,77.98718,79.51101,83.40863,82.46211,85.91275,84.02381,77.98718,79.51101,73.0,79.30952,77.15569,73.59348,72.12489,70.72482,65.11528,66.48308,64.66065,68.24222,68.24222,58.30952,65.36819,62.16912,63.69458,65.25335,62.62587,62.36986,66.70832,62.80127,65.30697,69.46222,72.33948,64.28063,72.24957,73.00685,73.17103
9.89949,9.89949,9.89949,9.89949,9.21954,9.21954,8.60233,7.81025,7.81025,7.81025,7.81025,7.2111,6.40312,6.40312,5.83095,5.83095,5.0,5.0,5.0,4.47214,3.60555,3.60555,3.60555,2.82843,2.82843,2.23607,1.41421,1.41421,1.41421,1.0,1.0,1.0,0.0,1.0,1.0,1.0,1.0,1.0,1.0,1.0,1.41421,2.0,2.23607,2.23607,2.23607,2.23607,2.23607,2.23607,2.23607,2.82843,2.82843,2.82843,66.70832,64.38167,65.11528,64.66065,63.25346,61.7171,58.89822,58.72819,55.44367,54.20332,51.22499,47.70744,47.43416,46.61545,40.80441,37.12142,39.96248,34.1321,33.61547,32.20248,30.01666,30.01666,26.40076,23.02173,24.18677,19.72308,20.0,17.69181,18.78829,14.42221,12.04159,10.81665,10.63015,9.48683,8.24621,7.0,6.7082,6.08276,7.61577,9.21954,9.43398,8.48528,8.60233,10.29563,11.40175,13.34166,13.15295,14.03567,14.03567,10.19804,18.02776,12.0,14.03567,14.14214,17.46425,15.52417,13.92839,47.01064,48.16638,51.47815,52.95281,56.29387,53.16014,57.07013,54.40588,57.56735,57.28001,61.40033,64.84597,64.7611,65.25335,68.68042,68.96376,72.53275,72.42237,76.53757,76.844,78.44743,80.00625,79.81228,77.7946,84.15462,81.60882,80.08121,81.32035,78.84795,78.8543,74.04053,76.65507,74.52516,71.02112,72.18033,72.24957,68.46897,67.06713,65.0,64.38167,62.03225,60.82763,60.41523,60.16644,59.20304,58.82176,60.16644,59.03389,61.91123,62.26556,61.58734,65.43699,64.53681,65.11528,67.94115,69.35416,70.00714
10.77033,9.84886,9.84886,9.84886,8.544,8.544,8.544,7.28011,7.61577,7.28011,7.28011,6.32456,6.32456,6.32456,5.38516,5.38516,4.47214,4.12311,4.47214,4.47214,3.60555,3.16228,2.23607,2.23607,2.82843,2.23607,1.41421,2.23607,2.0,2.0,1.41421,2.23607,1.41421,1.41421,2.23607,2.23607,2.23607,2.23607,2.23607,2.23607,2.23607,3.16228,3.16228,3.16228,3.16228,3.16228,3.16228,3.16228,3.16228,3.0,3.0,3.0,67.80118,66.57327,64.66065,63.82006,63.28507,61.58734,60.46487,56.60389,53.7122,50.24938,51.97115,44.72136,47.88528,45.17743,40.71855,42.04759,41.23106,37.69615,35.4683,33.61547,31.30495,29.96665,22.47221,25.4951,21.63331,18.86796,14.76482,16.64332,12.80625,10.0,12.72792,9.43398,8.60233,5.38516,8.06226,4.12311,8.06226,7.81025,8.60233,8.544,10.44031,8.544,9.21954,8.544,14.14214,12.64911,14.03567,13.15295,15.52417,16.0,14.03567,15.0333,19.23538,17.0,17.46425,15.29706,18.38478,48.27007,51.78803,50.35871,55.08176,54.0,55.03635,54.00926,57.0,57.07889,61.0082,63.03174,64.00781,63.0,67.18631,70.06426,71.17584,73.17103,72.24957,73.00685,76.32169,78.1025,81.3941,78.23043,79.30952,80.30567,80.50466,80.75271,80.09994,76.41989,78.1025,74.16873,77.05842,72.06247,71.0,75.05998,72.11103,69.58448,67.47592,64.77654,63.78871,64.56005,60.53924,63.97656,62.17717,62.6099,56.30275,59.68249,60.60528,65.94695,61.55485,63.65532,65.8559,66.6033,65.8559,68.11755,70.21396,66.61081
10.63015,10.63015,9.89949,9.89949,9.21954,9.21954,8.48528,8.48528,7.81025,7.07107,7.07107,7.07107,6.40312,5.65685,5.65685,5.65685,5.0,4.24264,4.24264,4.24264,2.82843,2.82843,2.82843,2.82843,2.23607,2.23607,1.0,1.0,1.0,1.41421,1.0,1.0,1.0,1.0,2.0,1.41421,2.23607,2.23607,2.23607,2.23607,2.23607,2.23607,2.23607,2.82843,3.60555,3.60555,3.60555,2.82843,2.82843,2.82843,2.82843,3.60555,70.26379,65.39113,67.1193,65.0,67.08204,62.6099,58.60034,60.37384,55.4617,52.7731,51.89412,50.08992,48.75449,46.06517,44.77723,43.41659,39.96248,37.44329,37.73592,30.8707,30.01666,28.84441,26.62705,24.69818,22.82542,21.9545,20.12461,17.69181,12.20656,13.0384,8.06226,11.40175,8.06226,7.0,4.47214,5.0,5.0,2.23607,7.0,7.28011,6.7082,5.83095,8.06226,10.81665,10.63015,11.6619,12.20656,12.04159,12.20656,14.14214,14.86607,14.42221,16.40122,15.6205,15.26434,15.26434,15.23155,46.52956,49.47727,48.38388,50.28916,53.48832,55.54278,54.56189,54.626,56.35601,57.69749,62.6099,62.17717,62.64982,68.02941,70.71068,66.24198,72.00694,71.11962,72.00694,75.29276,74.30343,78.77182,74.94665,78.89233,77.38863,78.54935,79.40403,78.54935,76.8505,75.80237,73.3553,71.69379,68.96376,72.01389,71.11259,68.02941,65.9242,65.80274,61.68468,64.32729,63.15061,63.78871,62.20129,62.03225,59.03389,63.07139,61.20457,61.40033,66.09841,61.61169,64.19502,69.26038,68.94926,67.06713,68.942,65.9242,70.00714
12.20656,12.20656,11.40175,10.81665,10.0,10.0,10.0,8.60233,9.21954,8.60233,8.60233,7.81025,7.81025,7.2111,6.40312,6.40312,6.40312,5.0,5.0,5.0,5.0,4.47214,3.60555,3.60555,3.16228,3.60555,3.16228,3.0,2.0,2.0,2.23607,1.41421,1.41421,1.41421,1.41421,1.41421,1.41421,2.23607,2.23607,2.23607,2.0,2.0,2.0,3.0,3.0,3.0,3.0,3.16228,3.16228,3.16228,3.16228,2.23607,70.72482,71.86793,67.6757,68.00735,68.24954,63.00794,61.85467,55.47071,60.60528,56.0803,53.8145,52.40229,52.00961,50.44799,47.38143,39.82462,44.04543,36.79674,37.64306,36.06938,31.89044,34.65545,29.0,27.65863,24.83948,20.51828,22.67157,22.67157,20.0,16.64332,15.26434,9.43398,13.92839,11.18034,10.44031,10.19804,7.61577,6.32456,7.2111,8.06226,5.0,7.0,8.06226,9.05539,11.0,12.0,13.34166,13.15295,12.04159,12.0,14.56022,11.18034,15.29706,15.52417,15.81139,13.45362,13.60147,48.01042,50.24938,49.36598,51.62364,51.66237,49.33559,54.57105,54.70832,57.28001,60.08328,61.35145,62.29767,65.14599,67.35726,65.78754,72.11103,72.12489,75.27284,71.16881,73.68175,80.41144,80.41144,84.30896,83.7735,82.8553,81.70679,80.95678,81.34494,81.70679,79.71198,78.77182,76.55064,74.94665,74.04053,76.24303,69.857,71.19691,68.88396,68.88396,68.06614,64.12488,66.06815,66.27217,65.27634,61.81424,63.06346,61.40033,64.84597,63.56886,65.9242,67.1193,65.29931,66.64833,70.3278,73.78347,71.61006,73.4983
11.18034,11.18034,11.18034,11.18034,10.19804,10.04988,9.05539,9.05539,9.05539,8.06226,8.06226,7.07107,7.0,7.07107,7.0,6.08276,6.0,5.0,5.0,5.0,5.09902,4.0,4.12311,4.12311,4.12311,3.16228,3.16228,2.23607,2.23607,1.41421,1.41421,2.23607,1.41421,1.41421,2.0,2.0,2.0,2.0,2.23607,2.23607,2.23607,2.23607,2.23607,2.23607,2.23607,2.23607,2.82843,2.82843,2.82843,2.23607,2.23607,2.23607,67.6757,69.26038,63.89053,64.19502,65.78754,61.40033,58.94065,57.56735,56.32051,51.41984,53.15073,46.32494,46.84015,45.35416,42.57934,44.14748,40.79216,36.13862,36.22154,34.36568,32.38827,29.0,27.07397,23.76973,26.07681,22.56103,21.18962,20.02498,19.64688,16.76305,15.0,10.77033,11.6619,7.81025,8.94427,4.12311,8.94427,6.7082,7.07107,6.32456,7.28011,8.06226,11.18034,11.31371,11.31371,12.04159,13.0384,12.04159,15.0,15.23155,13.0384,16.64332,14.56022,16.15549,15.29706,18.24829,16.03122,46.32494,45.65085,46.95743,51.47815,50.15974,51.24451,51.62364,53.85165,55.36244,55.97321,58.94065,59.13544,60.74537,60.40695,65.19202,66.48308,68.96376,68.00735,71.30919,75.43209,73.08215,78.58753,78.33901,80.65358,79.30952,80.52329,78.1025,79.12016,76.15773,74.63243,76.65507,75.89466,72.8011,71.7844,73.37575,70.26379,68.54196,65.30697,63.52952,68.96376,61.29437,58.41233,61.84658,60.1415,60.10824,60.87693,61.07373,61.03278,62.1289,63.63175,61.40033,63.50591,65.74192,66.30988,70.2282,71.51224,68.70953
11.18034,10.77033,9.84886,9.84886,9.84886,9.84886,9.48683,8.544,8.544,8.544,8.544,7.61577,6.32456,6.32456,6.32456,6.32456,5.38516,5.38516,5.38516,4.12311,4.12311,3.16228,4.12311,3.16228,3.16228,3.16228,2.23607,1.41421,1.41421,1.41421,1.0,1.0,1.0,0.0,0.0,1.0,1.0,2.0,2.0,2.0,1.0,2.0,2.0,2.0,2.23607,2.23607,2.23607,3.16228,3.16228,2.82843,2.82843,2.82843,69.31811,64.84597,69.35416,63.07139,64.88451,62.76942,63.50591,59.61543,56.46238,50.69517,51.47815,48.10405,49.0408,46.17359,44.01136,42.37924,44.38468,38.60052,35.1141,32.01562,30.67572,30.67572,29.15476,25.63201,23.76973,23.76973,21.09502,17.08801,16.55295,17.46425,14.31782,12.80625,10.81665,9.21954,5.0,5.38516,7.28011,7.07107,5.65685,9.43398,7.81025,9.21954,7.81025,12.20656,10.63015,10.19804,13.15295,14.14214,14.31782,15.29706,15.0333,15.13275,17.0,17.0,17.02939,17.46425,17.46425,46.95743,46.61545,49.0408,49.33559,54.12024,47.80167,49.0306,53.60037,57.00877,56.51548,59.5399,60.82763,64.53681,65.11528,68.06614,70.21396,70.03571,73.5459,70.40597,77.64664,76.29548,81.88406,80.23092,82.49242,80.75271,78.77182,78.23043,80.399,75.42546,78.63841,76.94154,74.8131,71.56815,72.18033,74.46476,72.03471,66.48308,66.12866,66.70832,69.857,65.39113,65.0,62.26556,67.95587,63.51378,56.85068,59.5483,62.24147,63.12686,65.94695,59.03389,65.45991,67.1193,66.57327,68.24222,68.60029,67.1193
12.08305,12.08305,11.18034,11.18034,11.18034,11.18034,9.84886,9.84886,8.94427,9.43398,8.94427,8.06226,8.06226,8.06226,7.2111,7.2111,5.83095,5.83095,5.83095,5.0,4.47214,5.0,4.47214,3.60555,3.60555,3.16228,2.23607,2.23607,2.0,2.0,1.0,1.0,1.41421,1.0,1.0,1.0,2.0,1.0,1.0,1.41421,2.23607,2.23607,2.23607,2.23607,2.23607,2.23607,2.82843,2.82843,2.82843,2.82843,2.82843,2.23607,69.64194,67.35726,68.94926,63.90618,64.84597,60.40695,56.46238,60.16644,53.85165,53.31041,54.78138,49.1935,52.35456,43.82921,42.95346,43.04649,43.38202,38.91015,36.67424,35.51056,30.23243,29.06888,27.78489,25.94224,25.0,19.31321,17.88854,17.0,15.13275,12.08305,10.44031,11.04536,8.06226,7.28011,9.21954,5.38516,7.61577,4.0,5.09902,5.0,6.32456,7.0,12.04159,11.7047,16.15549,11.18034,13.0384,13.89244,12.52996,14.14214,17.02939,14.21267,17.69181,17.02939,19.72308,20.24846,17.08801,42.95346,46.52956,48.02083,48.25971,45.48626,47.80167,47.43416,49.92995,53.00943,52.20153,54.48853,57.38467,64.2028,63.41136,67.35726,66.70832,71.21798,68.41053,71.8401,70.93659,72.47068,77.33693,75.74299,75.69016,78.51751,78.49204,77.15569,77.83315,75.82216,77.33693,70.93659,74.8131,70.80254,70.17834,67.41662,70.83078,64.14047,65.36819,61.40033,63.15853,62.96825,55.65968,58.94065,64.53681,58.85576,58.07753,60.07495,60.03332,60.40695,61.03278,61.40033,62.36986,67.89698,60.41523,62.58594,67.05222,68.41053
11.04536,10.04988,11.04536,10.04988,10.04988,9.05539,9.05539,9.05539,9.05539,8.06226,8.06226,7.07107,7.07107,7.07107,6.08276,6.08276,6.08276,5.09902,5.09902,5.0,4.0,4.0,4.0,4.0,3.0,3.16228,2.23607,2.23607,2.23607,1.41421,1.41421,1.41421,2.23607,2.23607,2.0,2.0,2.23607,2.0,2.23607,2.0,2.23607,2.23607,2.23607,2.82843,2.82843,2.82843,2.82843,2.82843,2.82843,2.82843,2.82843,2.23607,69.26038,70.21396,66.76077,64.51356,67.23095,60.92618,63.69458,61.84658,54.23099,54.626,52.20153,51.86521,49.24429,47.01064,45.69464,41.18252,41.18252,36.35932,35.34119,33.12099,34.66987,28.17801,26.41969,25.94224,22.84732,21.0238,22.36068,17.80449,15.23155,14.14214,12.64911,12.04159,10.44031,5.0,7.07107,6.7082,5.38516,4.24264,11.04536,7.07107,10.04988,12.0,9.05539,8.24621,12.64911,13.60147,14.86607,15.81139,16.64332,14.42221,15.26434,17.69181,18.35756,17.20465,15.6205,17.80449,16.97056,44.28318,44.41846,50.21952,47.63402,51.08816,51.08816,46.66905,53.03772,53.75872,55.9017,58.79626,59.20304,63.03174,62.482,67.47592,65.8559,71.06335,72.34639,70.83784,73.75636,77.10383,79.19596,77.7946,79.24645,79.98125,80.1561,79.30952,78.64477,78.51751,77.89737,75.16648,72.34639,75.16648,71.58911,73.87828,72.20111,66.85058,67.53518,62.17717,65.0,63.15853,65.78754,64.28841,63.78871,59.22837,65.11528,62.39391,60.13319,62.00806,65.03076,60.40695,64.49806,69.05071,66.09841,71.7844,73.00685,73.4983
10.29563,10.29563,10.29563,10.29563,9.43398,9.43398,8.60233,8.06226,7.2111,7.81025,7.2111,7.2111,6.40312,5.83095,6.40312,5.0,5.0,4.47214,4.24264,3.60555,3.60555,3.60555,2.23607,2.82843,2.23607,2.23607,2.0,1.0,1.0,1.41421,1.0,1.41421,2.0,2.0,2.0,3.0,2.23607,2.23607,2.23607,3.16228,3.16228,3.16228,3.16228,3.16228,3.60555,3.60555,3.60555,3.60555,3.60555,3.60555,4.24264,4.24264,69.26038,62.0967,66.40783,61.68468,61.98387,60.44005,57.58472,57.58472,57.00877,52.20153,48.38388,46.23851,47.16991,41.23106,41.4367,40.70626,37.12142,30.41381,34.17601,28.63564,28.6531,24.18677,27.313,19.69772,20.61553,22.36068,18.24829,13.92839,12.64911,9.84886,13.34166,14.0,10.77033,7.28011,5.0,7.28011,8.06226,5.0,10.0,10.19804,9.0,13.0384,13.0,13.0,14.31782,12.52996,16.12452,19.72308,15.26434,17.02939,19.41649,21.63331,18.38478,15.6205,18.43909,19.79899,17.80449,45.54119,45.18849,45.17743,47.50789,50.60632,54.08327,49.20366,54.40588,54.20332,55.80323,56.61272,60.46487,62.1289,63.82006,70.0,68.41053,72.42237,69.63476,74.63243,75.9276,78.1025,79.64923,78.87332,78.24321,80.60397,81.56592,75.43209,82.9759,78.1025,79.64923,74.65253,78.40918,72.34639,74.65253,73.40981,70.45566,69.64194,65.29931,67.60178,67.62396,68.54196,59.77458,62.0967,63.78871,63.95311,64.77654,62.514,59.3043,64.00781,63.0,61.13101,65.9242,70.5762,64.93843,67.91171,67.46851,69.37579
9.84886,9.84886,8.94427,8.94427,8.06226,8.06226,8.06226,6.7082,7.2111,6.40312,7.2111,6.40312,6.40312,5.65685,5.0,5.0,5.0,3.60555,3.60555,3.60555,3.60555,2.82843,2.23607,2.23607,2.23607,2.0,1.0,1.0,1.41421,1.41421,1.0,1.0,1.0,2.0,2.0,2.0,3.0,2.23607,3.16228,3.16228,3.16228,3.16228,3.16228,3.16228,3.60555,3.60555,3.60555,3.60555,3.60555,3.60555,3.60555,4.24264,67.77905,60.40695,62.64982,56.46238,60.83584,59.03389,52.35456,56.35601,49.64877,49.64877,47.01064,46.52956,42.94182,42.43819,41.40048,40.49691,36.89173,35.60899,31.76476,29.20616,29.20616,25.94224,27.45906,25.6125,23.34524,16.12452,16.97056,17.80449,15.52417,13.34166,13.92839,9.0,7.0,7.2111,7.61577,7.81025,7.28011,8.94427,8.24621,11.0,11.04536,12.04159,13.15295,12.0,15.0333,16.76305,19.31321,16.15549,16.55295,16.55295,14.86607,17.0,19.23538,16.15549,18.43909,18.86796,17.80449,48.70318,47.41308,46.06517,49.64877,52.15362,53.25411,54.6443,54.91812,57.42822,54.91812,57.98276,62.96825,62.76942,63.51378,68.50547,68.24222,74.4043,72.11103,79.05694,74.63243,78.23682,79.02531,81.60882,81.60882,80.28076,79.6304,79.81228,86.40023,78.1025,79.6304,73.00685,80.80223,78.40918,75.45197,74.62573,72.56032,70.23532,67.53518,66.21178,66.12866,68.62215,63.06346,63.78871,62.80127,64.93843,59.13544,64.07027,62.00806,57.14018,60.29925,63.3877,60.41523,67.26812,62.0967,66.09841,69.12308,63.56886
10.81665,10.29563,10.29563,10.29563,8.94427,8.94427,8.94427,8.94427,7.61577,7.61577,7.61577,7.61577,6.32456,6.32456,5.38516,6.32456,5.38516,5.38516,4.47214,4.47214,4.12311,3.16228,3.16228,3.16228,2.23607,2.23607,2.23607,1.41421,1.41421,1.41421,1.0,1.41421,1.0,1.41421,1.41421,1.41421,1.41421,2.0,2.0,2.0,2.0,2.0,2.0,2.0,2.0,3.0,2.0,3.16228,3.0,3.16228,2.23607,2.23607,68.7968,59.16925,66.85058,60.60528,60.0,61.84658,55.0,62.00806,51.85557,56.58622,47.50789,46.69047,47.42362,45.27693,41.86884,44.55334,39.05125,36.87818,38.18377,29.06888,29.69848,26.40076,28.42534,26.40076,24.83948,17.69181,18.38478,18.38478,20.12461,17.0,9.84886,9.48683,9.05539,11.04536,7.07107,9.21954,8.60233,6.40312,11.40175,8.24621,8.0,13.15295,10.04988,13.0384,18.0,16.03122,16.12452,18.11077,15.29706,15.52417,17.26268,17.26268,18.68154,17.08801,20.12461,20.24846,19.72308,44.64303,48.46648,45.31004,54.12024,48.8467,56.35601,53.23533,53.23533,55.9017,53.23533,61.77378,61.40033,64.88451,68.09552,69.77822,68.60029,76.94154,71.69379,79.25907,77.69813,76.32169,81.49233,76.8505,82.66196,84.05355,83.48653,79.32213,88.83693,76.00658,82.68011,75.80237,78.03204,74.70609,73.34848,72.44998,67.97794,65.9242,69.28925,65.55151,64.84597,65.96969,55.57877,60.41523,58.07753,59.00847,59.00847,58.42089,55.44367,59.22837,56.88585,59.77458,61.03278,66.85058,63.56099,59.9333,65.8635,62.76942
10.04988,9.05539,9.05539,9.05539,9.21954,8.24621,8.24621,7.28011,7.28011,7.28011,6.32456,6.32456,6.32456,5.38516,5.38516,5.38516,4.47214,4.47214,4.47214,4.47214,3.16228,3.16228,3.16228,3.16228,3.16228,2.23607,2.0,2.0,1.0,1.41421,1.41421,1.41421,1.41421,1.0,1.0,1.0,2.0,2.0,2.0,2.0,2.23607,2.23607,2.23607,2.23607,2.23607,2.23607,3.16228,2.23607,2.82843,2.82843,2.82843,2.82843,66.37017,61.40033,64.13267,60.67125,61.39218,56.29387,55.54278,53.85165,52.39275,50.92151,49.24429,45.88028,45.31004,44.01136,43.46263,40.8534,35.4683,36.24914,36.40055,28.23119,31.95309,27.85678,28.23119,25.94224,22.47221,23.08679,18.43909,21.18962,13.34166,15.81139,16.12452,15.0,14.03567,10.0,11.40175,7.2111,7.07107,12.80625,7.61577,11.40175,15.52417,13.41641,13.15295,15.13275,14.0,13.0384,14.03567,14.0,16.03122,18.11077,17.46425,17.46425,14.86607,17.46425,17.0,17.08801,17.0,46.61545,49.24429,47.16991,51.47815,48.75449,52.3259,52.92447,51.26402,55.54278,55.15433,57.27128,62.16912,63.97656,68.02941,66.64083,66.30988,73.82412,69.35416,78.29432,73.82412,78.18568,79.30952,78.77182,80.11242,82.63776,83.25863,80.23092,78.39005,78.72103,79.62412,72.00694,77.82673,72.56032,73.06162,71.19691,70.3278,67.00746,66.70832,61.55485,63.63961,62.93648,61.22091,61.61169,60.74537,58.59181,55.47071,55.4617,61.09828,58.24088,58.94065,60.29925,64.28063,62.39391,62.07254,65.03076,66.18912,67.00746
10.44031,10.44031,10.19804,9.21954,9.21954,9.21954,9.05539,9.05539,8.06226,8.06226,8.06226,7.0,7.0,6.0,6.0,6.0,6.0,5.0,5.0,5.0,4.0,4.0,4.0,3.0,3.16228,3.16228,3.16228,2.23607,2.23607,2.23607,2.23607,1.41421,2.23607,2.23607,2.23607,2.23607,2.0,2.0,2.0,2.0,2.0,2.0,2.23607,2.0,2.23607,2.23607,2.23607,2.23607,2.82843,2.82843,2.23607,2.82843,63.90618,64.62198,60.40695,59.77458,57.87055,55.7853,58.46366,51.92302,49.47727,51.78803,46.17359,48.05206,44.28318,40.31129,43.28972,38.32754,38.20995,35.22783,35.01428,30.01666,31.06445,29.0,28.28427,25.17936,23.34524,21.09502,19.0263,18.24829,17.72005,16.76305,14.76482,14.76482,16.12452,14.86607,12.52996,14.86607,12.08305,12.08305,15.13275,11.0,14.03567,16.12452,14.03567,16.12452,17.11724,15.0333,17.08801,15.52417,17.0,18.02776,18.38478,16.12452,18.02776,18.02776,18.60108,15.81139,19.10497,46.04346,46.01087,48.01042,49.09175,48.16638,48.50773,49.36598,53.75872,55.57877,54.74486,57.31492,60.20797,60.13319,65.27634,66.48308,68.35934,72.44308,72.44308,72.24957,77.64664,76.94154,77.41447,78.40918,84.38009,80.50466,78.40918,80.399,80.22468,75.05998,78.05767,72.02777,76.00658,74.00676,75.05998,71.44928,66.61081,65.9242,64.13267,63.34824,64.19502,62.29767,59.94164,62.17717,61.05735,59.64059,56.61272,59.03389,57.31492,60.10824,61.07373,57.62812,62.96825,65.45991,58.83026,65.74192,66.18912,65.30697
10.29563,9.84886,9.84886,9.84886,9.84886,8.544,8.544,8.544,8.544,8.24621,7.28011,7.28011,7.28011,7.28011,6.32456,6.32456,5.09902,5.38516,5.09902,5.38516,4.47214,4.47214,4.47214,4.47214,3.60555,3.60555,2.82843,2.82843,2.82843,3.60555,3.16228,3.16228,3.16228,3.0,3.0,3.0,4.0,4.0,3.0,3.0,4.12311,4.12311,4.12311,4.12311,4.12311,4.12311,4.47214,3.16228,4.47214,3.60555,3.60555,3.60555,66.48308,59.66574,59.81639,59.90826,61.29437,57.14018,53.33854,53.0,50.24938,48.8774,50.11986,45.61798,43.41659,41.67733,36.71512,38.07887,37.69615,35.77709,32.20248,29.54657,29.12044,30.80584,25.4951,26.41969,27.85678,22.2036,21.9545,20.12461,20.24846,17.80449,17.69181,18.35756,11.18034,13.41641,13.92839,15.52417,17.26268,17.11724,15.29706,14.14214,17.02939,15.29706,16.12452,20.61553,18.02776,17.08801,19.64688,18.97367,19.31321,22.47221,22.47221,21.9545,22.02272,20.51828,22.67157,20.51828,21.2132,46.8188,40.31129,46.06517,50.11986,49.64877,49.73932,51.62364,51.86521,55.56978,54.40588,57.80138,57.68882,61.91123,67.1193,67.1193,67.60178,70.23532,70.21396,71.19691,75.47185,77.02597,80.62258,77.69813,78.72103,80.13114,83.64807,81.84131,82.73452,76.92204,75.61085,75.61085,72.44998,73.92564,74.0,73.37575,71.80529,66.70832,66.75328,65.19202,66.0303,65.03076,62.28965,63.63961,65.25335,62.36986,61.61169,63.90618,59.61543,63.95311,61.40033,61.58734,62.20129,67.20119,63.70243,65.19202,61.6198,63.63961
9.84886,9.43398,9.43398,9.43398,8.60233,8.06226,7.81025,7.81025,7.2111,6.40312,6.40312,6.40312,5.65685,5.65685,5.0,5.0,5.0,4.24264,4.24264,3.60555,3.60555,3.60555,3.60555,2.82843,2.23607,3.16228,3.0,2.0,2.0,2.23607,2.23607,2.23607,2.82843,2.23607,2.82843,3.60555,3.60555,2.23607,3.16228,3.60555,3.60555,3.16228,3.16228,3.16228,4.47214,4.12311,4.12311,4.12311,4.12311,4.12311,4.0,4.0,60.82763,57.77543,59.03389,57.80138,58.5235,53.85165,53.85165,50.77401,49.40648,50.60632,48.41487,42.63801,44.59821,46.69047,41.72529,38.8973,36.87818,34.65545,31.241,31.82766,29.0,27.80288,25.6125,25.4951,20.61553,17.69181,19.10497,21.2132,15.81139,19.41649,16.15549,17.46425,15.29706,13.0384,14.0,15.0,13.60147,15.23155,13.0384,11.7047,17.69181,17.0,19.41649,16.97056,17.69181,14.86607,19.84943,19.84943,21.93171,20.51828,21.26029,20.59126,18.02776,21.63331,22.47221,20.12461,20.61553,44.40721,46.87217,48.54894,50.24938,47.88528,54.56189,51.42956,54.58938,53.7122,56.85948,57.69749,57.3062,65.29931,66.24198,66.7308,70.49113,72.40166,73.24616,76.55064,79.07591,80.13114,79.32213,80.99383,79.40403,79.07591,82.41966,81.5414,83.23461,77.80103,81.8352,77.46612,80.72174,76.38063,74.96666,73.59348,73.75636,68.41053,68.8186,68.8186,66.24198,65.74192,67.62396,66.09841,64.56005,62.0967,65.30697,63.78871,63.03174,63.00794,64.03124,64.38167,65.49046,60.67125,64.28841,68.41053,71.7844,66.48308
10.63015,9.89949,9.89949,9.89949,9.21954,9.21954,8.60233,7.81025,7.2111,7.81025,7.81025,7.2111,6.40312,6.40312,5.83095,5.83095,5.83095,5.0,5.0,5.0,5.0,3.60555,3.60555,3.60555,2.82843,2.82843,2.82843,2.23607,2.23607,2.23607,2.0,2.0,2.0,2.0,2.23607,2.23607,2.23607,1.41421,1.41421,2.82843,1.41421,2.23607,2.23607,2.23607,2.23607,2.23607,2.23607,2.23607,2.23607,3.0,2.0,2.0,61.85467,64.66065,62.20129,61.55485,61.40033,62.482,56.72742,55.9017,53.75872,53.15073,53.07542,46.66905,48.9183,45.25483,43.13931,39.69887,39.62323,38.28838,34.82815,32.01562,32.20248,31.14482,26.40076,28.28427,24.04163,24.04163,22.67157,20.0,21.40093,18.02776,17.20465,15.23155,16.12452,16.76305,16.12452,13.15295,14.03567,14.31782,14.31782,13.89244,12.08305,13.89244,14.14214,19.23538,17.02939,15.81139,16.27882,17.69181,20.51828,16.97056,19.20937,15.81139,18.86796,17.0,18.97367,20.24846,18.11077,42.04759,43.82921,44.77723,50.47772,49.64877,50.0,50.60632,48.01042,51.62364,54.81788,54.03702,54.81788,56.85068,63.60031,68.7968,64.63745,70.17834,71.28113,74.06079,76.8505,74.62573,78.23043,78.00641,79.20227,78.40918,81.27115,79.40403,78.03204,78.77182,80.62258,75.80237,76.53757,76.48529,74.24958,75.39231,70.93659,70.5762,71.16881,66.7308,69.12308,64.93843,65.37584,67.06713,66.06815,62.03225,58.21512,61.66036,61.61169,63.06346,64.56005,66.48308,64.84597,67.41662,65.30697,65.29931,64.84597,68.47627
11.18034,10.29563,9.84886,10.29563,9.84886,8.94427,8.544,8.544,8.544,7.61577,7.61577,7.28011,7.28011,6.32456,6.32456,6.32456,5.38516,5.09902,5.09902,4.12311,4.12311,4.12311,3.16228,3.16228,3.60555,3.60555,2.82843,2.82843,2.23607,2.23607,2.23607,2.0,2.0,2.0,2.0,2.23607,2.23607,2.23607,2.23607,2.23607,2.82843,2.82843,2.82843,2.82843,2.82843,2.82843,2.82843,2.82843,3.60555,3.16228,3.16228,3.16228,69.31089,63.65532,64.53681,62.482,61.84658,59.81639,55.0,55.60576,53.60037,52.00961,51.61395,47.16991,46.04346,45.27693,42.72002,40.49691,39.44617,37.12142,35.35534,34.20526,33.12099,30.88689,29.52965,26.07681,27.313,26.07681,20.61553,20.61553,19.41649,23.02173,19.84943,19.84943,14.21267,14.31782,12.36932,10.19804,12.16553,13.15295,9.21954,12.64911,13.15295,12.64911,13.92839,12.52996,14.86607,13.89244,12.52996,17.20465,16.27882,14.86607,16.12452,13.92839,17.02939,17.88854,19.23538,18.38478,17.0,40.11234,41.59327,44.64303,43.65776,43.68066,46.48656,45.88028,48.50773,50.28916,53.75872,55.36244,54.81788,60.44005,61.13101,63.24555,64.2573,68.96376,67.05222,69.57011,71.16881,72.61543,75.02666,76.55064,77.49194,78.43469,76.844,78.77182,80.32434,76.55064,76.24303,74.33034,77.62087,74.72617,73.4983,75.18643,74.33034,71.34424,68.11755,66.1211,67.00746,68.11755,62.64982,66.75328,66.4906,62.8172,62.96825,63.90618,64.07808,65.79514,62.6099,63.13478,65.19202,65.73431,63.41136,66.61081,72.00694,69.6563
12.08305,12.08305,12.08305,11.7047,11.18034,10.77033,10.77033,10.44031,9.48683,9.48683,9.48683,8.544,8.544,8.24621,7.28011,7.61577,7.28011,6.32456,6.32456,6.32456,5.38516,5.38516,5.38516,4.47214,4.47214,4.47214,3.60555,3.60555,2.82843,2.82843,2.82843,2.23607,2.23607,2.23607,3.16228,3.0,3.0,2.0,2.0,3.0,3.16228,2.23607,3.0,2.23607,3.16228,2.23607,3.16228,2.23607,2.82843,2.82843,2.82843,2.82843,76.05919,68.88396,65.79514,69.77822,73.79024,63.07139,64.4748,64.07808,58.30952,52.20153,54.42426,56.61272,55.02727,48.46648,48.38388,47.12749,44.27189,42.05948,39.56008,37.10795,37.36308,35.90265,33.24154,28.4605,33.83785,27.20294,24.59675,24.35159,26.57066,21.47091,22.2036,21.40093,16.27882,14.42221,15.81139,13.0384,12.80625,13.60147,11.04536,13.0,11.04536,12.0,13.0,14.31782,12.64911,14.86607,13.92839,15.81139,16.12452,16.12452,15.26434,15.6205,14.86607,15.26434,15.0,18.02776,17.08801,39.56008,38.60052,41.76123,42.2019,41.7732,39.45884,43.73786,45.54119,50.08992,49.25444,51.47815,53.23533,57.21888,60.20797,60.53098,64.28063,64.62971,66.18912,69.35416,70.25667,74.43118,73.24616,74.10803,76.41989,76.0,79.1012,81.15417,78.16009,80.1561,79.15807,78.51751,77.31753,75.80237,72.36712,72.99315,73.34848,69.12308,71.16881,68.00735,67.77905,68.8767,65.76473,64.41273,67.23095,62.96825,61.40033,66.70832,65.05382,65.79514,70.72482,64.66065,71.8401,72.42237,72.67049,72.11103,68.60029,74.24958
11.6619,11.6619,10.81665,10.29563,10.29563,9.43398,9.43398,9.43398,8.60233,8.60233,7.81025,7.81025,7.81025,7.2111,6.40312,6.40312,6.40312,6.40312,5.0,5.0,4.47214,4.47214,4.47214,4.47214,4.12311,3.60555,3.16228,3.0,3.0,3.0,3.16228,3.16228,2.23607,2.23607,2.23607,2.23607,2.82843,2.82843,2.82843,2.82843,2.82843,2.82843,3.60555,3.60555,3.60555,3.60555,3.60555,3.60555,3.16228,3.16228,3.16228,3.0,72.23573,71.58911,71.58911,70.68239,65.29931,65.76473,61.29437,60.37384,58.18075,59.16925,52.69725,53.41348,54.91812,48.54894,42.80187,45.80393,47.43416,40.80441,41.40048,34.82815,35.60899,34.71311,32.20248,33.94113,27.20294,23.60085,24.08319,25.05993,24.69818,21.54066,20.61553,17.88854,16.27882,18.43909,12.04159,13.0,12.16553,14.31782,15.81139,13.0,8.94427,14.42221,12.52996,14.21267,15.65248,15.0,15.23155,16.64332,15.23155,16.15549,16.15549,16.55295,14.86607,19.31321,19.41649,17.02939,19.10497,37.58989,42.43819,38.83298,42.80187,43.60046,45.45327,46.69047,48.82622,49.67897,50.32892,51.85557,52.63079,58.41233,62.80127,65.21503,59.81639,69.52697,66.06815,68.60029,72.47068,73.60027,81.05554,76.40026,79.98125,78.87332,79.02531,78.87332,81.8352,78.87332,79.81228,76.2168,78.00641,76.02631,76.00658,74.30343,73.82412,69.77822,66.70832,69.857,70.2282,69.64194,66.4906,70.83078,67.36468,69.18092,69.35416,68.18358,64.28063,71.56815,65.27634,66.61081,73.5459,74.72617,69.26038,71.86793,75.89466,79.71198
12.08305,11.18034,10.77033,9.84886,9.84886,9.84886,9.48683,9.48683,8.544,8.544,8.544,7.61577,7.61577,6.32456,6.32456,6.32456,6.32456,5.09902,5.09902,5.09902,4.12311,4.12311,4.12311,3.16228,3.16228,3.16228,2.23607,1.41421,1.41421,1.41421,1.0,1.0,1.0,0.0,0.0,1.0,1.41421,1.41421,1.41421,1.41421,1.41421,1.41421,2.23607,1.41421,2.0,2.0,2.0,2.0,2.0,2.0,2.0,2.23607,75.15318,73.1642,70.38466,70.00714,68.94926,62.39391,62.03225,62.39391,56.64804,55.71355,53.14132,49.72927,46.17359,43.17407,44.59821,43.17407,43.93177,39.05125,33.73426,34.9285,29.42788,28.63564,25.31798,24.02082,23.4094,21.18962,19.69772,18.38478,15.23155,13.92839,15.65248,10.77033,11.6619,10.0,6.40312,8.544,8.24621,6.0,7.07107,6.7082,7.28011,8.544,14.31782,7.81025,9.21954,10.81665,13.60147,14.21267,14.42221,14.76482,17.49286,15.26434,16.15549,16.12452,16.76305,13.34166,17.72005,39.66106,40.24922,39.39543,43.82921,44.38468,44.59821,42.72002,46.8188,51.41984,50.92151,52.49762,59.20304,58.5235,63.56886,65.45991,63.78871,68.96376,70.88018,70.34202,75.0,73.76313,79.30952,73.97973,77.36924,81.25269,80.28076,80.80842,80.77747,76.90254,78.84795,78.33901,78.16009,74.72617,74.63243,73.05477,71.86793,72.09022,70.66116,68.0,67.74216,65.19202,65.60488,67.80118,68.11755,67.26812,68.0147,66.6033,64.63745,69.6563,67.74216,71.86793,70.3278,72.56032,68.0,73.40981,73.92564,74.32362
12.16553,11.18034,10.04988,10.19804,10.04988,10.19804,9.05539,9.21954,9.05539,8.06226,8.06226,7.07107,7.07107,6.0,6.0,6.0,6.0,5.09902,5.0,4.0,4.0,3.0,4.0,3.0,3.0,3.0,2.0,1.0,1.0,1.0,0.0,0.0,0.0,0.0,0.0,0.0,1.0,1.0,1.0,1.0,1.0,1.0,1.0,2.0,2.0,2.0,2.0,2.0,2.23607,2.23607,2.23607,2.23607,73.92564,69.857,68.35203,68.30813,66.7308,68.35203,58.82176,61.68468,59.80803,57.56735,51.86521,52.39275,48.38388,45.35416,44.38468,45.35416,39.84972,37.36308,32.98485,31.7805,32.75668,28.44293,25.70992,25.0,20.02498,17.46425,17.46425,20.12461,15.23155,12.08305,13.41641,11.18034,5.0,7.07107,4.24264,4.47214,5.83095,7.81025,7.2111,2.82843,4.47214,7.2111,10.81665,11.18034,9.84886,9.21954,9.48683,12.16553,14.03567,17.02939,13.0,12.0,14.14214,17.0,13.34166,15.52417,14.56022,41.72529,43.27817,46.2277,44.65423,49.73932,45.65085,48.8774,47.88528,52.83938,53.23533,56.36488,56.79789,61.29437,62.16912,64.88451,65.55151,66.64833,67.1193,70.21396,73.92564,78.39005,77.83315,77.47258,79.69944,77.49194,74.67262,78.43469,76.6942,77.83315,76.6942,76.32169,72.8011,75.39231,72.23573,74.73286,71.11962,70.66116,66.7308,65.8635,63.82006,67.00746,63.12686,68.593,64.3506,62.96825,65.21503,66.61081,67.95587,67.1193,68.26419,66.7308,70.38466,71.86793,72.23573,74.32362,76.32169,75.61085
10.0,10.0,10.0,9.0,9.0,9.0,8.0,8.0,7.0,7.0,7.0,6.0,6.0,5.0,5.0,5.0,5.0,4.0,3.0,3.0,3.0,3.0,2.23607,2.0,1.0,2.23607,1.41421,1.0,1.0,1.0,1.41421,1.41421,1.41421,1.41421,1.41421,1.41421,1.41421,2.23607,2.23607,2.23607,2.23607,2.23607,2.23607,2.23607,3.16228,3.16228,3.16228,3.0,3.0,3.0,3.0,3.0,71.17584,64.00781,67.18631,63.07139,63.00794,62.03225,56.14268,55.00909,53.0,49.0102,49.09175,48.0,44.18144,42.0119,38.01316,39.20459,37.01351,34.0147,30.01666,29.27456,25.31798,23.34524,23.34524,21.0,20.02498,20.0,18.02776,12.16553,11.18034,9.21954,6.0,7.07107,5.0,5.0,3.60555,2.0,1.0,5.0,5.83095,8.06226,4.12311,6.40312,7.61577,9.05539,12.64911,8.0,7.28011,13.34166,17.26268,14.03567,14.56022,16.03122,17.11724,14.03567,15.29706,13.34166,16.49242,45.09989,49.0102,51.24451,51.24451,52.7731,51.5461,52.20153,58.5235,62.36185,61.40033,63.24555,65.79514,64.84597,71.30919,71.30919,69.07966,74.84651,77.38863,77.82673,77.82031,81.00617,83.24062,83.35466,85.70298,83.76157,84.59905,83.81527,80.70936,80.0,83.48653,79.32213,78.23682,78.77182,79.07591,77.38863,72.94518,72.89719,67.53518,66.18912,66.21178,65.39113,67.77905,68.00735,67.72001,65.52099,67.74216,66.09841,66.18912,68.35934,64.19502,74.10803,69.00725,74.00676,68.06614,71.0,72.1734,69.00725
9.05539,8.06226,8.06226,8.06226,7.07107,7.07107,6.0,6.0,6.08276,6.08276,5.0,5.0,5.0,4.0,4.12311,3.0,3.0,3.0,3.0,3.0,2.0,2.0,1.0,2.0,1.0,1.41421,1.0,1.0,1.0,1.41421,1.0,1.0,1.41421,1.41421,1.41421,1.41421,1.41421,1.41421,2.23607,1.41421,2.82843,2.82843,2.82843,2.82843,2.82843,2.82843,2.82843,2.82843,2.82843,2.82843,2.82843,3.60555,59.94164,59.94164,63.15853,56.82429,53.7122,51.97115,54.56189,47.16991,48.76474,42.95346,39.82462,42.94182,38.47077,38.94868,34.48188,30.41381,29.54657,30.8707,30.01666,26.0,21.93171,24.18677,16.76305,17.46425,14.31782,15.26434,9.48683,9.48683,11.40175,5.38516,3.60555,2.82843,5.0,4.0,2.23607,5.38516,5.83095,5.0,7.28011,6.08276,7.07107,7.28011,9.0,6.32456,9.84886,11.04536,10.29563,10.19804,10.44031,11.40175,13.0,16.49242,14.03567,15.81139,14.0,14.86607,12.0,45.54119,44.28318,47.04253,46.0,53.08484,50.24938,48.50773,50.48762,53.75872,59.77458,57.28001,61.98387,65.73431,70.88018,69.28925,71.69379,74.32362,77.47258,73.82412,77.02597,85.58621,82.49242,83.23461,83.23461,83.00602,82.80097,82.80097,79.39773,84.38602,77.23341,79.51101,73.66139,75.69016,74.27651,76.41989,72.91776,73.53911,68.76772,68.0147,70.80254,68.60029,68.00735,65.19202,68.8186,63.51378,60.41523,62.96825,67.53518,63.52952,64.4748,60.53924,65.39113,66.70832,66.85058,65.0,66.30988,69.64194
9.0,8.0,8.0,8.0,7.0,7.0,7.0,6.0,5.0,5.0,5.0,5.0,5.0,4.0,4.0,4.0,3.16228,3.16228,3.0,3.0,2.0,2.0,2.23607,1.0,1.41421,1.41421,1.0,1.0,1.0,1.0,1.41421,1.0,1.41421,1.41421,2.23607,2.23607,2.23607,2.23607,1.41421,2.23607,2.23607,2.23607,2.82843,2.82843,2.82843,3.60555,3.60555,2.82843,2.82843,3.60555,3.16228,3.16228,61.20457,53.08484,60.03332,57.00877,53.08484,49.16299,51.0098,51.15662,41.01219,41.01219,43.01163,40.04997,36.22154,34.05877,34.0147,32.0,31.0,28.07134,27.07397,23.0,21.37756,20.09975,19.23538,13.15295,13.15295,13.34166,12.04159,9.48683,6.08276,7.07107,6.7082,2.0,5.38516,5.0,5.09902,5.38516,6.32456,7.0,6.40312,8.60233,8.48528,8.48528,10.81665,9.43398,9.43398,10.81665,10.63015,10.81665,13.45362,12.04159,12.80625,16.27882,14.14214,14.21267,15.81139,15.81139,17.72005,43.86342,48.16638,50.60632,48.8774,48.76474,55.9464,51.89412,56.30275,55.36244,61.03278,62.36185,64.84597,72.78049,70.03571,71.58911,73.97973,78.77182,76.10519,80.09994,75.05998,81.09871,83.29466,83.38465,84.85281,81.88406,85.32878,81.58431,85.14693,77.66595,80.08121,76.90254,75.43209,77.20104,76.53757,70.61161,71.30919,71.56815,67.68309,64.56005,64.53681,63.56099,62.64982,66.37017,60.40695,59.4138,65.03076,57.21888,58.21512,59.07622,58.00862,55.14526,57.55867,61.66036,57.55867,61.52235,63.3877,65.12296
8.06226,8.24621,8.24621,7.07107,7.07107,7.07107,6.08276,6.08276,6.08276,5.09902,5.09902,5.09902,5.09902,4.12311,4.12311,3.16228,3.16228,3.16228,3.16228,2.23607,2.23607,2.23607,1.41421,1.41421,1.41421,1.41421,1.41421,1.0,1.0,1.0,1.0,1.0,1.41421,1.41421,1.0,1.41421,1.41421,1.41421,1.41421,1.41421,1.41421,2.23607,2.23607,2.23607,2.23607,2.23607,2.82843,2.82843,2.82843,2.82843,2.82843,2.82843,63.89053,55.7853,50.96077,52.39275,55.7853,47.12749,50.48762,45.89118,41.10961,40.31129,39.81206,36.49658,33.54102,34.71311,32.01562,31.257,28.63564,25.0,27.65863,23.76973,21.93171,19.10497,15.23155,15.52417,13.60147,13.0,11.40175,13.60147,10.44031,7.07107,8.06226,3.16228,2.82843,3.60555,2.23607,4.12311,2.0,4.47214,5.38516,5.0,8.06226,6.7082,5.38516,3.16228,5.09902,5.83095,10.81665,12.04159,6.08276,9.21954,10.0,11.6619,13.89244,14.31782,11.6619,11.31371,12.72792,42.05948,46.14109,48.27007,48.08326,48.10405,48.9183,51.66237,53.00943,56.40035,58.83026,61.29437,64.49806,64.14047,68.88396,65.79514,74.73286,71.30919,79.71198,77.16217,82.56513,79.07591,83.43261,84.5281,86.83317,84.29116,85.47514,83.02409,80.1561,81.00617,80.1561,78.05767,74.00676,79.00633,73.02739,71.11259,71.11259,68.00735,68.02941,65.0,64.07027,61.07373,60.07495,61.20457,59.5399,57.27128,61.40033,56.7186,58.24946,57.27128,59.77458,58.5235,57.72348,56.32051,60.87693,65.25335,56.32051,63.56886
9.21954,9.21954,8.60233,7.81025,7.81025,7.81025,7.2111,7.2111,6.40312,6.40312,6.40312,5.83095,5.0,5.0,4.24264,5.0,3.60555,3.60555,2.82843,2.82843,2.82843,2.23607,2.82843,2.23607,2.23607,2.23607,1.41421,1.0,1.41421,1.0,1.41421,1.0,1.0,1.0,1.41421,1.41421,1.41421,2.0,2.0,2.0,2.0,2.0,2.0,2.0,2.0,2.0,3.0,3.16228,3.16228,2.23607,2.23607,2.23607,65.30697,61.26989,59.05929,58.69412,54.56189,53.66563,51.89412,46.14109,46.51881,45.18849,43.9659,37.69615,38.27532,35.4683,35.34119,34.43835,31.38471,29.96665,23.70654,26.41969,23.32381,22.47221,18.68154,15.65248,18.02776,16.55295,15.23155,13.0384,11.40175,4.47214,8.48528,7.81025,4.24264,2.0,2.23607,4.12311,2.0,5.0,2.23607,2.23607,7.0,3.0,6.08276,6.32456,8.06226,10.0,9.21954,12.04159,12.64911,13.60147,13.34166,12.64911,14.56022,16.55295,12.08305,13.60147,14.76482,42.15448,41.14608,50.24938,51.10773,51.86521,48.41487,52.20153,53.00943,60.60528,59.5483,65.8559,65.11528,68.0147,68.68042,68.62215,75.74299,77.7946,80.80842,76.41989,84.29116,82.61961,86.55634,88.00568,86.82166,86.26703,85.44004,83.52844,82.37718,83.21658,79.32213,82.68011,77.10383,83.21658,79.05694,79.32213,74.20243,75.60423,72.67049,68.88396,67.35726,65.11528,69.42622,65.06919,69.52697,56.0803,66.61081,66.85058,64.14047,66.28725,68.09552,62.6099,64.84597,61.84658,63.50591,68.942,66.64083,70.38466
9.48683,8.544,8.24621,8.24621,8.24621,7.28011,7.61577,7.28011,6.7082,6.32456,6.32456,6.32456,5.38516,5.38516,5.09902,5.38516,4.12311,4.12311,4.12311,4.12311,4.12311,4.12311,3.16228,3.0,3.0,3.0,2.0,2.0,2.23607,2.0,1.41421,1.41421,1.41421,1.41421,1.41421,1.41421,1.41421,1.41421,1.0,1.0,1.0,1.0,2.0,1.0,1.0,2.0,1.0,1.41421,1.41421,1.41421,1.41421,1.41421,62.03225,60.72891,57.38467,56.921,56.64804,52.81098,50.28916,48.70318,45.69464,46.09772,43.82921,40.31129,38.94868,39.56008,34.43835,36.71512,35.8469,32.20248,31.38471,25.4951,26.83282,23.76973,22.82542,18.97367,21.54066,19.31321,17.08801,13.92839,16.15549,12.04159,9.43398,15.13275,7.61577,7.28011,6.32456,6.0,5.38516,6.08276,6.40312,4.47214,7.61577,5.83095,2.23607,2.23607,4.24264,7.28011,6.7082,6.32456,4.47214,7.07107,8.94427,8.06226,8.48528,9.84886,9.43398,9.84886,7.2111,44.28318,44.27189,44.64303,47.29693,46.69047,48.6621,46.69047,50.9902,54.58938,53.60037,57.70615,59.68249,67.47592,66.18912,69.46222,71.06335,74.16873,77.0,78.02564,79.05694,82.02439,84.21401,83.15047,85.2115,88.95504,85.70881,85.58621,89.10668,84.17244,84.17244,81.21576,80.06248,76.29548,82.20097,75.31268,77.92946,73.68175,73.17103,69.26038,72.00694,72.00694,63.00794,71.0,64.19502,67.26812,63.95311,63.95311,65.11528,62.36185,63.32456,65.25335,66.09841,65.14599,61.35145,64.62198,63.90618,65.78754
8.94427,8.06226,8.06226,8.06226,7.2111,7.2111,6.7082,6.7082,5.83095,5.83095,5.83095,5.38516,5.83095,5.83095,4.47214,4.47214,4.47214,3.16228,4.12311,3.16228,3.16228,3.16228,2.23607,2.23607,2.23607,2.23607,1.0,1.41421,1.41421,0.0,1.0,0.0,0.0,0.0,0.0,1.0,1.0,1.0,1.0,1.0,1.0,1.41421,1.41421,1.41421,1.41421,2.23607,2.23607,2.23607,1.41421,2.23607,2.82843,2.82843,61.55485,60.82763,58.89822,58.72819,51.66237,55.17246,48.79549,49.51767,47.38143,45.25483,45.27693,41.72529,39.69887,36.79674,36.79674,35.4683,31.82766,32.01562,34.05877,29.06888,29.73214,28.28427,25.4951,22.62742,20.80865,19.79899,18.60108,14.14214,12.04159,12.72792,13.0384,12.04159,8.06226,11.40175,6.40312,5.38516,5.65685,5.09902,3.0,6.08276,4.0,5.0,4.12311,3.16228,1.41421,6.08276,7.28011,5.38516,7.2111,9.21954,5.0,8.94427,9.21954,11.31371,7.61577,12.08305,10.81665,37.94733,43.38202,41.18252,47.01064,45.22168,47.20169,47.01064,49.92995,53.60037,48.41487,57.62812,59.81639,62.00806,63.63961,67.89698,67.20863,72.13876,72.34639,75.9276,80.21222,79.40403,81.27115,77.66595,84.87638,85.98256,84.0595,86.60831,85.95929,77.41447,80.49845,76.94154,82.76473,81.02469,77.87811,76.96753,76.05919,72.00694,75.66373,68.88396,69.64194,70.71068,66.0303,68.26419,66.4003,67.1193,65.8559,63.41136,63.25346,65.8559,62.62587,65.11528,62.96825,67.20863,63.65532,64.44377,68.62215,67.89698
11.04536,10.04988,10.0,10.0,10.0,9.05539,9.0,9.0,8.0,8.0,8.0,7.0,7.0,7.0,6.0,6.0,6.0,6.0,5.0,5.09902,4.0,5.0,4.0,4.0,3.0,3.0,3.16228,2.0,2.0,2.23607,2.0,2.0,1.0,1.0,1.41421,1.0,0.0,0.0,0.0,0.0,1.0,1.0,1.0,1.0,1.0,1.0,1.0,1.41421,2.23607,1.41421,1.41421,1.41421,69.35416,61.03278,60.03332,62.1289,58.03447,54.23099,55.14526,56.0357,47.04253,51.0,48.01042,44.0,44.10215,38.32754,44.01136,42.29657,39.05125,31.06445,32.24903,33.06055,32.14032,24.0,25.31798,28.0,22.0,24.02082,19.0263,21.2132,17.0,17.0,16.49242,13.34166,13.15295,8.94427,8.24621,7.07107,5.38516,7.07107,3.16228,3.60555,4.47214,2.0,1.0,7.07107,8.60233,5.38516,8.06226,11.18034,9.05539,8.94427,8.60233,7.81025,6.32456,10.77033,13.0,9.48683,11.18034,40.31129,41.01219,42.10701,43.41659,44.72136,46.32494,47.29693,50.9902,48.05206,52.7731,53.85165,54.81788,62.0967,64.56005,69.28925,68.35203,69.28925,68.35203,76.55717,77.07788,81.49233,80.05623,78.77182,81.30191,80.26207,79.15807,75.71658,81.63333,78.23043,82.37718,74.33034,76.00658,76.8505,74.79305,76.55064,73.06162,68.47627,72.56032,67.97794,66.24198,68.942,65.19202,68.942,67.6757,65.45991,65.11528,61.98387,66.28725,61.98387,61.66036,62.39391,63.07139,67.47592,63.03174,70.0,66.37017,69.58448
10.77033,10.77033,9.84886,10.77033,9.84886,9.84886,8.544,8.544,8.544,8.544,7.61577,7.61577,7.61577,7.28011,7.61577,6.7082,6.32456,5.38516,5.38516,5.38516,5.38516,5.38516,4.47214,4.47214,4.47214,3.60555,3.16228,3.60555,3.60555,2.23607,2.82843,2.82843,1.41421,2.23607,1.41421,1.41421,1.41421,1.0,1.0,1.0,0.0,1.0,1.0,1.0,0.0,1.0,1.0,1.0,1.0,1.41421,1.41421,1.41421,69.81404,67.41662,64.3506,66.4003,60.60528,58.41233,58.82176,55.21775,54.40588,52.00961,51.0392,47.43416,47.43416,47.01064,46.40043,42.72002,39.11521,35.60899,37.44329,33.42155,34.66987,31.62278,29.68164,28.84441,26.41969,24.69818,21.40093,21.09502,22.02272,19.72308,16.40122,14.21267,12.72792,13.0384,8.60233,10.63015,8.48528,6.40312,7.81025,1.41421,3.16228,4.0,1.0,3.0,6.40312,5.38516,5.09902,6.7082,5.0,9.84886,10.63015,8.48528,8.06226,10.29563,9.21954,9.48683,9.48683,41.01219,41.30375,43.73786,43.93177,46.84015,46.8188,49.98,48.33218,53.14132,56.85948,58.59181,59.5399,63.06346,69.46222,67.95587,69.89278,72.42237,77.10383,69.81404,80.72174,79.30952,82.02439,79.98125,82.13404,82.32861,81.05554,82.20097,83.00602,81.02469,80.80223,78.49204,74.88658,79.6304,76.6094,79.61156,76.27582,73.60027,69.2026,65.60488,68.88396,67.35726,68.68042,67.89698,67.20863,65.06919,61.22091,64.3506,65.43699,65.43699,68.41053,67.20119,66.61081,65.73431,70.60453,73.78347,68.50547,73.06162
9.84886,9.84886,8.94427,8.94427,8.544,8.544,7.61577,7.61577,7.61577,7.61577,6.32456,6.32456,6.7082,6.32456,5.83095,5.38516,4.47214,4.47214,4.47214,4.47214,4.12311,4.47214,3.16228,3.16228,3.16228,2.23607,2.23607,2.23607,2.23607,1.0,1.0,1.0,1.0,1.0,0.0,0.0,0.0,0.0,0.0,0.0,1.0,1.0,1.41421,1.41421,1.41421,1.41421,1.41421,1.41421,1.41421,2.23607,2.23607,2.23607,66.03787,64.07027,60.53924,63.24555,60.74537,61.85467,57.45433,53.00943,55.56978,51.86521,47.20169,48.54894,46.87217,47.70744,44.41846,41.34005,38.60052,36.23534,34.88553,35.51056,34.48188,31.38471,26.83282,29.06888,27.78489,26.40076,23.02173,24.18677,18.02776,17.20465,18.86796,17.88854,14.31782,11.7047,14.14214,10.63015,7.28011,8.24621,7.2111,6.7082,2.0,3.60555,1.0,1.41421,2.0,2.0,2.82843,3.60555,2.23607,7.81025,5.0,8.60233,5.38516,8.94427,5.83095,10.77033,9.05539,39.20459,41.01219,43.10452,44.18144,47.67599,43.73786,48.50773,49.64877,51.24451,51.86521,56.0803,58.60034,60.53924,63.52952,68.96376,68.60029,73.57309,68.8186,76.02631,75.0733,77.89737,81.8352,83.45058,84.14868,84.14868,83.48653,77.07788,80.80223,78.60025,82.61961,77.42093,79.64923,78.81624,75.43209,75.43209,72.8011,69.6563,72.00694,68.88396,69.02898,62.96825,66.6033,67.20863,65.19202,65.06919,59.03389,60.87693,62.80127,66.4003,62.00806,63.82006,69.89278,68.50547,66.7308,66.88797,72.71864,68.09552
10.0,10.0,10.0,10.0,8.60233,8.60233,8.60233,8.60233,8.60233,7.2111,7.81025,7.2111,7.2111,6.40312,6.40312,5.83095,5.83095,5.83095,5.0,4.47214,4.47214,4.47214,4.47214,3.60555,3.60555,4.47214,3.16228,2.23607,2.23607,2.23607,2.23607,2.23607,2.0,1.0,1.0,1.0,1.0,1.0,1.0,1.41421,1.0,0.0,1.0,0.0,1.0,1.0,1.0,1.0,2.0,2.0,2.0,2.0,67.94115,68.24954,61.6198,60.20797,60.87693,57.48913,59.66574,56.61272,55.97321,50.80354,49.67897,49.67897,46.8615,46.69047,47.38143,43.13931,43.41659,37.64306,39.69887,37.48333,31.82766,32.52691,31.14482,26.1725,28.3196,25.45584,23.34524,23.43075,21.93171,19.10497,16.97056,15.81139,15.6205,14.21267,14.31782,13.45362,10.63015,14.86607,7.61577,7.81025,5.09902,6.40312,3.60555,3.16228,1.0,2.0,2.23607,1.0,3.60555,4.47214,4.12311,4.24264,6.32456,5.09902,6.08276,9.21954,9.0,38.32754,42.95346,40.5216,43.9659,44.94441,41.78516,47.85394,49.73932,51.62364,53.53504,55.0,57.80138,59.81639,62.36986,62.96825,68.593,67.89698,70.03571,71.42129,75.0,76.2168,81.84131,80.70936,79.40403,80.06248,76.94154,78.72103,77.82031,76.05919,79.70571,77.07788,76.55717,76.15773,71.69379,74.84651,68.54196,70.68239,68.02941,67.54258,69.77822,63.95311,65.51336,62.26556,68.26419,62.96825,58.82176,61.40033,61.85467,64.03124,65.43699,64.53681,66.70832,69.35416,67.20863,65.05382,65.94695,69.29646
10.19804,10.19804,10.19804,10.19804,9.21954,9.21954,8.24621,8.24621,7.28011,7.28011,7.07107,7.07107,7.07107,6.08276,6.32456,6.08276,6.08276,5.09902,5.09902,5.09902,4.12311,4.12311,3.0,4.12311,3.16228,3.0,2.0,2.0,2.23607,1.0,1.0,1.0,1.0,1.0,1.0,0.0,1.0,0.0,0.0,0.0,1.41421,1.41421,1.41421,1.41421,1.41421,1.41421,1.41421,2.23607,1.41421,2.82843,2.23607,2.23607,66.64083,65.30697,59.23681,65.30697,60.00833,58.18075,56.79789,53.7122,53.31041,50.9902,52.39275,46.51881,43.08132,44.94441,45.31004,40.31129,40.71855,37.57659,34.17601,32.89377,35.1141,31.01612,25.0,31.01612,28.63564,22.47221,21.0238,23.76973,20.12461,18.97367,14.86607,16.15549,13.92839,15.52417,10.77033,9.48683,10.44031,6.32456,8.06226,5.09902,4.24264,2.23607,3.16228,5.0,0.0,3.16228,2.23607,5.09902,5.38516,6.40312,8.06226,10.29563,6.32456,8.48528,7.61577,5.38516,10.81665,39.31921,39.45884,41.4367,48.01042,44.10215,44.40721,46.52956,49.36598,51.15662,53.93515,55.31727,58.82176,62.64184,62.8172,65.78754,68.00735,71.30919,71.58911,74.73286,75.29276,79.25907,78.23043,81.27115,79.40403,82.20097,80.28076,80.1561,80.05623,79.98125,82.21922,76.41989,77.15569,75.66373,76.41989,77.10383,71.58911,71.50524,71.70077,69.42622,69.2026,70.83784,66.4003,67.80118,66.03787,64.3506,66.03787,65.76473,63.56099,66.64833,65.79514,65.76473,68.15424,70.26379,67.77905,67.62396,70.5762,72.8011
9.89949,9.21954,9.21954,8.48528,8.48528,8.48528,7.81025,7.81025,7.81025,7.07107,7.81025,7.07107,6.40312,5.65685,5.65685,5.65685,5.65685,5.65685,4.24264,4.24264,4.24264,4.24264,4.24264,3.60555,3.60555,3.60555,3.16228,2.23607,2.23607,2.23607,2.0,2.0,2.0,1.0,2.0,1.0,1.41421,1.41421,1.41421,1.41421,1.41421,1.41421,1.0,1.0,1.0,1.0,2.0,1.0,1.0,1.41421,1.0,1.41421,63.12686,63.41136,61.40033,59.40539,59.40539,57.00877,55.0,53.8145,52.80152,52.43091,46.09772,44.82187,45.22168,42.0119,42.2019,39.40812,39.11521,37.80212,35.8469,33.28663,34.66987,31.62278,26.62705,28.42534,22.67157,24.83948,25.80698,25.6125,19.84943,20.59126,19.10497,18.60108,14.21267,15.0,10.77033,6.7082,10.81665,8.544,8.24621,6.40312,6.08276,3.16228,6.0,4.47214,5.0,3.60555,10.81665,8.0,5.65685,10.04988,4.12311,8.0,8.24621,9.43398,8.06226,7.81025,8.48528,43.28972,41.59327,42.44997,47.80167,46.8188,47.42362,46.51881,53.22593,52.3259,55.07268,59.90826,61.58734,62.43397,65.21503,67.20119,68.24954,71.70077,72.86288,75.82216,77.98718,77.89737,80.28076,80.60397,81.05554,83.86895,84.05355,81.27115,80.1561,79.61156,79.07591,76.00658,77.93587,79.25907,76.8505,78.54935,75.80237,72.20111,72.42237,67.95587,70.21396,69.40461,64.53681,66.6033,65.11528,68.62215,65.94695,64.3506,68.0147,68.593,63.70243,68.88396,67.20119,66.61081,66.0303,69.6563,66.85058,63.89053
10.29563,10.29563,9.84886,9.84886,8.94427,8.94427,8.94427,8.06226,8.06226,7.61577,8.06226,7.2111,6.7082,6.7082,6.7082,5.83095,5.83095,5.83095,5.38516,5.38516,4.47214,4.47214,4.47214,4.47214,4.12311,3.60555,3.16228,3.0,3.0,2.0,3.0,2.0,2.23607,2.23607,2.0,2.0,1.41421,1.41421,1.41421,1.41421,1.41421,1.41421,2.23607,1.0,2.0,2.0,1.0,2.0,2.23607,2.23607,2.23607,1.41421,65.19202,60.08328,61.32699,61.84658,57.93962,54.23099,51.62364,53.22593,49.39636,51.07837,47.41308,47.41308,43.82921,40.31129,38.91015,39.81206,40.71855,36.24914,35.77709,33.10589,31.30495,31.06445,29.52965,23.70654,27.78489,21.84033,22.84732,25.6125,21.54066,19.31321,21.0238,17.49286,13.92839,15.0,12.0,12.16553,11.04536,11.18034,11.18034,8.544,9.05539,8.94427,9.21954,6.40312,3.60555,7.07107,1.41421,7.61577,6.08276,6.08276,8.06226,8.06226,7.2111,7.2111,11.18034,10.0,5.83095,39.69887,45.60702,45.17743,50.11986,44.72136,49.24429,48.46648,52.0,55.9464,56.30275,57.87055,61.98387,64.84597,69.12308,70.34202,69.05071,77.66595,72.56032,79.24645,80.09994,80.22468,81.22192,78.31347,83.00602,86.00581,84.05355,82.1523,85.05292,78.31347,81.15417,75.16648,79.15807,78.16009,77.10383,75.32596,73.17103,75.05998,69.0,68.02941,71.06335,69.02898,66.18912,65.27634,67.89698,59.03389,65.0,62.96825,65.25335,65.80274,63.78871,62.29767,63.56886,68.30813,61.68468,66.12866,70.00714,68.44706
8.94427,9.43398,8.06226,8.06226,7.2111,8.06226,7.2111,7.2111,7.2111,5.83095,7.2111,6.40312,5.83095,5.0,5.0,5.65685,5.0,4.24264,4.24264,4.24264,3.60555,3.60555,3.60555,3.60555,3.60555,2.82843,2.23607,2.23607,2.23607,1.41421,1.41421,1.0,1.0,1.0,1.41421,0.0,1.0,0.0,0.0,0.0,0.0,0.0,1.0,1.0,1.41421,1.41421,1.0,1.41421,1.41421,2.23607,2.0,2.0,62.36986,59.66574,57.48913,56.75385,54.57105,52.17279,52.88667,49.24429,49.72927,45.88028,46.87217,42.44997,40.26164,36.40055,38.27532,38.07887,37.33631,37.64306,35.17101,28.23119,30.8707,29.15476,29.15476,24.59675,23.76973,25.0,20.88061,20.59126,19.23538,18.97367,12.04159,14.0,16.76305,15.0333,7.07107,8.06226,8.06226,7.0,8.0,7.28011,8.544,6.32456,2.82843,5.65685,6.08276,5.09902,3.60555,8.0,8.06226,5.09902,7.2111,7.07107,8.48528,5.83095,8.60233,12.20656,8.544,41.59327,44.92215,42.05948,48.05206,48.6621,48.50773,47.04253,54.08327,54.08327,56.00893,61.20457,61.0082,65.03076,66.00758,68.18358,70.17834,73.43705,75.80237,76.65507,75.9276,80.04998,86.12201,81.49233,78.44743,82.46211,86.12781,79.12016,84.15462,81.90849,83.1685,79.05694,79.69944,76.32169,73.53911,75.27284,78.43469,70.2282,73.4983,69.37579,69.72087,65.0,62.64982,62.96825,67.18631,64.28063,68.26419,64.03124,62.07254,62.00806,60.03332,61.29437,59.3043,62.20129,62.80127,64.7611,63.15061,61.39218
8.48528,8.48528,8.48528,8.48528,7.07107,7.07107,7.07107,6.40312,5.65685,6.40312,5.65685,5.0,5.0,5.0,5.0,4.24264,4.24264,3.60555,3.60555,3.60555,3.60555,3.60555,2.82843,2.23607,2.82843,2.23607,1.41421,1.41421,1.41421,1.0,1.0,1.0,1.0,1.0,1.0,1.0,1.0,1.0,1.0,1.0,1.0,2.0,1.0,2.0,2.23607,2.23607,2.23607,2.23607,2.23607,2.23607,2.23607,2.82843,62.00806,55.0,59.5399,56.93856,55.22681,49.24429,50.60632,48.02083,45.65085,41.6173,46.95743,40.70626,40.71855,41.14608,36.35932,32.69557,33.61547,29.96665,29.15476,31.30495,26.92582,30.46309,24.04163,25.4951,21.47091,19.41649,21.09502,17.0,17.0,13.60147,12.04159,14.42221,15.26434,7.07107,7.81025,9.21954,4.47214,6.40312,1.41421,1.41421,6.0,5.38516,4.0,2.23607,4.47214,6.08276,3.60555,6.40312,3.60555,4.0,7.81025,10.19804,5.09902,10.04988,12.36932,10.04988,12.08305,45.22168,43.26662,45.22168,48.16638,51.62364,50.20956,53.03772,54.03702,50.32892,58.00862,58.24946,60.44005,62.482,66.28725,66.61081,73.23933,75.16648,74.62573,77.93587,82.1523,82.1523,81.49233,82.73452,83.63014,80.41144,85.86617,81.70679,79.30952,81.70679,81.939,76.02631,77.47258,76.15773,76.48529,76.96753,73.40981,73.34848,70.23532,62.76942,68.26419,64.66065,65.80274,66.4003,65.11528,60.30755,60.44005,60.82763,60.10824,58.79626,62.28965,63.70243,62.62587,59.66574,66.4003,62.482,59.20304,64.49806
10.19804,9.21954,9.48683,9.21954,8.24621,8.24621,8.24621,7.28011,8.24621,7.28011,7.28011,6.32456,6.32456,6.32456,5.38516,5.38516,5.38516,5.38516,4.47214,4.47214,4.47214,4.47214,4.12311,4.12311,3.16228,3.16228,3.16228,3.16228,2.0,2.0,2.0,2.0,1.0,1.0,1.0,1.0,1.41421,0.0,1.0,1.0,1.0,1.41421,0.0,1.0,0.0,1.0,0.0,1.0,1.0,1.0,1.0,1.0,61.07373,59.00847,58.07753,55.0,49.36598,54.00926,50.08992,50.01,43.56604,45.01111,39.20459,40.4475,39.81206,39.20459,34.52535,33.24154,34.23449,32.55764,30.41381,30.59412,29.41088,26.92582,22.47221,24.33105,22.09072,22.13594,18.24829,22.47221,16.27882,15.0333,17.11724,15.13275,11.7047,11.18034,9.05539,5.38516,6.7082,5.09902,5.38516,7.61577,4.12311,6.40312,3.16228,1.41421,3.16228,7.81025,4.47214,5.0,10.04988,5.65685,5.09902,8.60233,5.83095,7.81025,9.43398,6.7082,8.94427,41.10961,44.10215,48.6621,51.66237,48.27007,53.60037,50.59644,55.7853,54.08327,55.65968,58.87274,60.08328,65.19202,63.32456,70.00714,68.44706,73.82412,71.58911,80.9506,75.66373,77.41447,84.38009,77.89737,80.5295,81.63333,85.14693,80.77747,82.66196,74.4043,77.42093,74.88658,77.42093,76.02631,73.78347,71.34424,73.06162,71.19691,67.1193,69.35416,65.76473,65.36819,63.69458,63.56886,65.14599,61.68468,64.93843,61.0,62.16912,60.01666,58.42089,59.3043,62.20129,63.07139,56.0,61.0082,61.0082,63.03174
10.04988,10.0,9.05539,9.05539,9.05539,8.0,8.0,7.0,7.0,7.0,7.0,7.0,7.0,6.0,6.0,6.0,5.0,5.0,5.09902,5.09902,4.0,4.0,4.0,4.12311,4.12311,3.0,3.16228,3.16228,2.23607,2.23607,2.23607,2.23607,2.23607,1.41421,1.41421,1.41421,1.41421,2.23607,1.41421,1.41421,1.0,1.0,2.0,1.0,1.0,1.0,1.41421,1.41421,1.41421,1.41421,1.41421,1.41421,59.66574,60.41523,58.54912,55.9017,52.17279,49.16299,51.47815,52.61179,48.37355,42.04759,45.70558,44.38468,41.4367,39.05125,35.22783,36.05551,36.34556,29.01724,33.06055,30.0,31.06445,29.15476,28.07134,27.07397,25.4951,26.1725,21.84033,22.36068,21.09502,16.27882,18.11077,11.40175,13.60147,14.42221,9.21954,9.89949,12.80625,8.06226,8.60233,5.65685,7.07107,7.07107,5.09902,5.65685,6.08276,8.0,6.7082,8.06226,9.43398,10.0,5.65685,7.28011,6.7082,7.28011,9.05539,4.12311,8.06226,47.16991,46.0,47.09565,47.38143,52.7731,53.36666,53.85165,52.63079,52.39275,55.65968,62.36185,62.64184,66.09841,64.2573,70.83784,71.86793,74.46476,76.96753,76.55717,79.40403,80.13114,81.30191,85.88364,82.49242,85.98256,82.37718,85.44589,79.6304,78.40918,83.81527,79.05694,79.6304,78.60025,77.20104,76.844,72.67049,72.11103,67.74216,67.41662,68.8767,67.23095,60.92618,65.30697,61.32699,61.35145,60.16644,61.46544,61.13101,61.84658,60.44005,61.98387,61.81424,65.62012,59.68249,64.28063,62.1289,66.48308
9.43398,9.43398,8.94427,8.06226,8.06226,8.06226,8.06226,6.7082,6.7082,6.7082,6.7082,6.7082,5.83095,5.83095,5.83095,5.83095,5.83095,5.83095,4.47214,3.60555,3.60555,3.60555,3.60555,2.82843,2.82843,2.82843,2.82843,2.23607,2.23607,2.23607,2.0,2.0,2.0,1.0,2.0,2.0,2.0,1.41421,1.41421,1.41421,2.23607,1.41421,2.23607,2.23607,1.41421,2.23607,2.23607,2.0,2.0,2.0,2.0,2.0,60.53924,57.38467,57.24509,56.46238,54.78138,52.55473,52.80152,52.49762,46.17359,42.15448,44.64303,40.16217,41.10961,40.5216,36.40055,32.57299,34.78505,35.8469,34.78505,30.36445,29.41088,25.63201,25.29822,22.80351,25.29822,20.61553,19.92486,21.47091,20.61553,14.76482,16.12452,16.15549,10.63015,14.14214,7.81025,13.92839,6.40312,9.05539,10.04988,9.48683,4.12311,6.7082,5.38516,7.81025,9.21954,6.32456,5.83095,8.48528,6.08276,9.43398,11.18034,5.09902,11.0,8.06226,9.05539,8.06226,11.0,46.38965,48.05206,50.96077,50.0,49.64877,50.56679,50.15974,53.31041,56.85948,59.03389,61.77378,65.36819,61.77378,70.23532,72.20111,68.7968,74.62573,73.23933,75.21303,79.64923,81.05554,81.68843,80.05623,82.03658,85.56284,82.03658,84.8646,82.03658,82.73452,80.05623,75.0733,76.6942,77.7946,77.78175,73.59348,73.5527,69.42622,67.17887,70.76722,66.52819,63.70243,63.78087,63.41136,65.43699,59.68249,65.36819,59.16925,59.03389,59.5399,61.32699,62.16912,63.15853,63.90618,61.46544,63.32456,63.69458,64.62198
11.04536,10.04988,10.04988,9.05539,9.05539,9.05539,9.05539,8.06226,8.06226,7.07107,8.06226,7.07107,7.0,6.08276,6.0,7.0,6.0,6.0,5.0,5.0,4.0,5.0,4.0,4.0,4.0,4.0,3.16228,3.0,2.0,3.16228,2.0,2.0,1.0,1.0,1.0,1.0,1.0,1.0,1.0,0.0,0.0,0.0,0.0,0.0,1.0,0.0,0.0,1.41421,1.41421,1.41421,1.41421,1.0,71.7844,65.78754,60.08328,57.00877,61.84658,60.72891,53.14132,54.12024,49.24429,48.27007,47.53946,42.95346,40.60788,42.2019,40.79216,40.4475,40.26164,34.71311,31.62278,31.7805,37.10795,29.61419,29.27456,25.0,27.45906,26.92582,21.37756,22.36068,23.76973,20.02498,15.29706,19.31321,13.41641,12.04159,10.29563,6.32456,7.2111,8.94427,10.63015,4.12311,5.83095,5.0,5.09902,2.23607,1.41421,2.23607,5.65685,4.24264,1.41421,7.07107,4.12311,3.16228,8.24621,7.28011,9.05539,8.06226,10.0,44.18144,46.38965,46.09772,49.72927,49.47727,45.54119,50.59644,52.20153,57.00877,55.03635,57.38467,60.37384,63.07139,67.62396,68.8767,67.60178,75.80237,74.62573,73.92564,75.21303,77.66595,78.40918,80.21222,77.98718,80.1561,82.07314,83.54639,79.24645,75.66373,78.49204,74.96666,75.00667,74.24958,71.70077,74.33034,75.00667,67.35726,62.482,66.21933,69.02898,68.00735,64.49806,67.1193,67.53518,64.49806,59.03389,62.6099,65.0,62.29767,67.41662,61.03278,70.93659,70.60453,61.13101,64.84597,66.7308,63.32456
10.44031,10.44031,9.48683,9.48683,9.48683,9.48683,9.48683,8.544,8.544,7.61577,8.24621,7.28011,7.61577,6.7082,6.32456,6.32456,6.32456,6.32456,5.38516,5.38516,4.47214,4.47214,4.12311,4.47214,4.47214,4.12311,3.16228,3.16228,3.16228,3.16228,2.23607,2.23607,2.23607,2.23607,1.41421,1.0,1.0,1.41421,1.0,1.0,0.0,0.0,0.0,0.0,0.0,0.0,1.0,1.0,1.0,1.0,1.0,1.41421,63.15061,56.88585,60.87693,58.94065,58.5235,56.61272,53.15073,50.44799,46.09772,51.78803,47.12749,44.72136,45.35416,39.29377,42.29657,39.29377,36.13862,34.20526,34.52535,37.36308,35.17101,29.41088,28.16026,26.4764,22.47221,20.22375,25.70992,22.13594,21.84033,20.39608,18.97367,21.0238,15.52417,12.04159,13.0384,8.544,6.32456,6.32456,8.24621,6.32456,7.07107,5.0,2.23607,4.12311,5.0,2.0,5.09902,3.0,2.82843,3.16228,5.38516,1.0,7.07107,5.09902,6.0,4.47214,4.0,45.25483,47.42362,47.16991,53.45091,40.5216,48.8774,39.62323,44.72136,41.14608,59.66574,50.69517,59.61543,60.00833,63.1981,70.34202,60.01666,80.28076,74.00676,71.44928,78.0,78.1025,79.1012,70.00714,78.51751,81.61495,80.30567,74.8131,78.77182,71.25307,75.32596,75.42546,73.97973,74.43118,72.83543,72.00694,69.58448,71.17584,68.26419,64.28063,61.29437,61.03278,63.07139,61.0082,63.12686,67.06713,70.5762,62.39391,59.84146,61.39218,57.07013,61.13101,62.36986,63.34824,65.14599,61.40033,62.36986,63.32456
10.77033,10.77033,9.48683,9.84886,9.48683,9.48683,9.48683,8.544,8.544,7.61577,7.61577,7.28011,7.28011,6.32456,6.32456,6.32456,6.32456,6.32456,5.38516,5.38516,4.12311,4.12311,4.12311,4.12311,4.12311,4.12311,3.16228,3.16228,3.16228,2.23607,2.0,2.0,2.0,2.0,2.0,1.0,1.0,1.0,1.0,0.0,1.0,0.0,1.0,0.0,1.0,1.0,1.0,1.0,2.0,2.0,2.0,1.0,63.07139,55.54278,62.6099,59.5063,59.61543,60.03332,54.58938,54.23099,47.85394,49.39636,45.31004,47.53946,47.16991,40.31129,42.94182,44.01136,40.31129,32.64966,38.48376,35.73514,36.40055,31.38471,26.24881,27.73085,27.313,24.18677,23.76973,22.36068,21.93171,19.23538,14.86607,20.24846,18.60108,7.81025,13.92839,11.6619,13.92839,8.06226,8.60233,7.07107,5.38516,7.07107,4.12311,1.0,2.0,2.23607,2.23607,2.0,1.0,2.23607,2.0,5.0,5.38516,7.2111,6.08276,7.28011,8.24621,41.30375,44.01136,39.20459,44.40721,44.91102,46.57252,46.09772,48.76474,53.45091,51.5461,52.55473,59.80803,60.40695,62.64982,66.64083,64.40497,70.68239,67.60178,70.23532,73.06162,76.32169,75.45197,73.23933,76.83749,76.48529,77.89737,77.10383,82.02439,72.83543,78.49204,70.03571,72.83543,71.44928,70.00714,70.03571,66.46804,68.62215,67.20863,62.93648,67.47592,65.19202,61.40033,63.00794,62.1289,60.80296,59.5063,59.5399,58.59181,58.18075,57.69749,56.35601,64.62198,68.02941,55.71355,67.1193,66.12866,58.87274
8.544,8.544,8.544,7.61577,7.61577,7.61577,6.7082,6.7082,6.7082,5.83095,5.83095,5.0,5.0,4.47214,4.47214,4.47214,3.60555,3.60555,2.82843,3.60555,2.82843,2.82843,2.82843,2.82843,2.23607,2.23607,2.23607,2.23607,2.23607,2.0,1.0,1.0,1.0,1.0,1.0,1.0,1.41421,1.41421,0.0,1.41421,1.0,1.0,1.0,1.41421,1.41421,1.41421,1.41421,2.23607,1.41421,1.41421,1.41421,1.41421,61.91123,61.05735,60.20797,59.36329,57.68882,56.0357,54.40588,52.20153,50.0,47.80167,46.2277,44.82187,42.63801,41.23106,40.45986,38.41875,37.64306,36.23534,34.82815,34.05877,31.89044,30.4795,28.3196,26.90725,25.4951,23.34524,22.62742,20.51828,19.10497,17.69181,16.40122,15.0,13.60147,12.20656,11.6619,10.29563,9.43398,7.61577,6.32456,5.38516,4.12311,3.16228,2.0,1.41421,2.0,2.23607,2.23607,3.60555,4.47214,4.47214,5.09902,5.09902,5.0,6.0,6.08276,6.08276,6.32456,43.01163,44.10215,44.41846,45.17743,46.51881,47.92703,49.0408,51.5461,53.16014,54.57105,56.29387,59.03389,60.67125,62.39391,65.19202,67.02984,69.00725,71.11259,72.33948,73.68175,76.11833,77.66595,78.33901,79.12016,79.69944,79.71198,79.47956,79.30952,79.20227,77.82031,77.36924,76.94154,75.66373,75.29276,74.43118,73.06162,72.20111,70.83078,69.97142,68.60029,66.7308,66.24198,65.36819,64.88451,64.41273,64.41273,63.95311,63.50591,64.40497,64.40497,64.88451,64.88451,66.21178,67.1193,67.54258,68.8767,69.77822
10.63015,9.21954,9.21954,9.21954,8.60233,8.60233,8.60233,7.81025,7.81025,7.2111,7.81025,7.2111,6.40312,6.40312,5.83095,6.40312,6.40312,5.0,5.0,5.0,4.47214,4.47214,3.60555,3.60555,3.60555,3.60555,3.16228,3.0,2.23607,2.23607,2.23607,1.0,2.0,1.0,1.0,1.0,1.0,1.41421,1.0,0.0,1.0,1.0,1.0,1.0,0.0,0.0,0.0,1.0,1.0,1.0,0.0,1.0,62.482,66.8431,57.68882,60.80296,59.81639,54.20332,55.80323,53.0,49.20366,53.00943,48.9183,49.51767,46.32494,44.20407,36.61967,40.36087,39.20459,34.4093,29.83287,34.71311,33.30165,30.4795,26.40076,26.40076,26.90725,22.02272,28.01785,23.70654,21.63331,20.80865,18.43909,17.80449,14.76482,15.0,15.0,13.0,10.19804,5.09902,5.38516,7.81025,5.0,8.60233,2.23607,1.41421,5.83095,1.0,4.12311,2.23607,1.0,6.08276,2.82843,3.16228,7.0,6.7082,9.05539,10.19804,10.19804,42.95346,45.22168,44.59821,50.08992,50.08992,47.50789,50.08992,48.02083,52.15362,56.0357,59.03389,57.62812,61.22091,63.03174,63.65532,68.62215,71.42129,75.0733,72.86288,77.15569,77.20104,77.66595,82.92768,77.93587,81.49233,81.30191,79.75588,81.3941,80.5295,78.29432,75.13322,80.5295,81.02469,72.91776,76.6942,74.24958,71.55418,71.58911,68.8767,66.37017,65.30697,67.23095,68.0,67.23095,62.1289,58.82176,64.53681,64.66065,66.4003,69.2026,62.00806,66.6033,65.8559,63.65532,70.76722,69.52697,66.70832
10.44031,10.44031,10.44031,9.48683,9.48683,9.48683,9.48683,8.24621,8.24621,8.544,8.544,7.28011,7.28011,7.28011,6.32456,6.32456,6.08276,5.09902,6.08276,5.38516,5.09902,5.09902,4.12311,4.12311,4.12311,4.12311,3.16228,3.16228,3.16228,2.23607,2.23607,2.23607,2.23607,2.23607,1.0,1.0,1.41421,1.41421,1.41421,1.41421,0.0,0.0,0.0,0.0,0.0,0.0,1.0,0.0,0.0,0.0,1.0,1.0,63.06346,73.34848,65.76473,58.69412,59.61543,59.48109,58.59181,55.47071,53.7122,45.31004,52.55473,48.33218,46.61545,44.59821,43.82921,41.14608,42.15448,38.27532,37.10795,35.1141,34.53983,29.15476,31.95309,30.08322,26.4764,27.20294,23.76973,25.4951,21.18962,18.38478,17.11724,18.38478,13.92839,14.86607,13.60147,10.0,9.48683,9.05539,5.0,6.32456,5.38516,3.60555,6.08276,6.40312,2.23607,5.83095,3.60555,4.12311,5.65685,6.32456,2.82843,2.82843,5.38516,5.38516,5.0,12.20656,11.04536,45.01111,43.01163,43.28972,50.63596,48.27007,50.28916,49.0408,52.81098,57.00877,55.65968,57.58472,57.24509,65.19202,65.0,66.21178,64.49806,71.69379,71.86793,71.86793,78.81624,76.6094,79.6304,79.40403,82.21922,80.05623,82.21922,82.807,80.62258,79.98125,79.93122,80.61017,78.49204,81.32035,75.0733,77.15569,72.24957,70.00714,72.18033,67.62396,71.58911,71.06335,63.00794,70.76722,66.88797,63.24555,66.0303,64.07027,58.18075,67.53518,69.35416,69.31811,62.6099,64.88451,69.46222,72.44998,68.54196,68.8767
10.19804,10.19804,9.21954,9.21954,9.21954,9.48683,9.21954,8.24621,8.24621,7.28011,7.28011,7.28011,6.32456,6.32456,6.32456,6.08276,5.09902,5.09902,4.12311,4.12311,4.12311,4.12311,4.47214,3.16228,3.16228,2.23607,2.23607,2.23607,2.23607,1.41421,1.0,1.0,1.0,1.0,1.0,1.0,1.0,0.0,0.0,1.0,1.41421,0.0,1.0,1.0,1.0,1.0,1.0,1.0,1.0,1.41421,2.23607,1.41421,62.36986,63.60031,63.34824,61.98387,67.72001,56.921,53.14132,55.71355,50.59644,49.98,51.07837,51.41984,46.23851,43.65776,47.01064,46.17359,36.68787,36.13862,36.68787,33.83785,31.95309,31.32092,26.24881,20.88061,23.76973,24.5153,20.61553,19.64688,17.08801,19.23538,16.55295,13.0384,11.40175,8.544,12.64911,9.21954,9.05539,4.0,0.0,4.47214,8.48528,4.47214,4.47214,4.12311,3.16228,2.23607,2.0,5.83095,1.41421,6.7082,3.60555,4.47214,6.40312,8.60233,10.63015,8.94427,8.94427,42.54409,42.15448,43.01163,45.89118,46.52956,47.26521,48.16638,49.09175,49.16299,52.08647,56.0803,54.0,61.0082,63.1981,69.18092,69.46222,72.56032,69.63476,74.1485,79.83107,75.18643,80.28076,80.00625,83.9345,77.47258,80.5295,79.60528,82.8553,78.71467,80.05623,76.92204,77.82031,78.29432,74.30343,73.43024,73.79024,72.00694,69.31811,72.56032,68.42514,67.97794,66.85058,63.56099,69.28925,69.857,63.89053,67.05222,68.68042,64.53681,64.03124,64.03124,68.88396,71.58911,66.94027,69.857,73.97973,71.70077
10.0,10.0,9.0,9.05539,9.0,8.0,8.0,8.0,7.0,7.0,7.0,6.0,6.0,6.0,5.0,5.09902,5.09902,4.12311,4.0,4.0,4.0,4.0,3.16228,3.16228,3.0,2.23607,2.23607,2.0,1.41421,1.41421,1.41421,1.41421,1.0,0.0,1.0,1.0,1.0,0.0,1.0,1.0,1.41421,1.41421,1.41421,1.41421,2.23607,2.23607,2.23607,2.23607,2.23607,2.23607,2.23607,2.82843,64.84597,69.2315,66.21933,60.44005,62.36986,55.65968,62.8172,55.65968,56.29387,52.49762,49.33559,44.38468,43.56604,47.07441,39.81206,43.18565,36.67424,31.40064,38.32754,32.06244,30.26549,29.73214,27.01851,30.14963,22.36068,23.76973,21.09502,21.0238,16.15549,12.64911,15.52417,10.44031,13.15295,15.13275,5.38516,9.05539,8.24621,8.06226,4.0,1.0,2.0,1.41421,3.60555,2.23607,2.23607,5.83095,5.83095,5.83095,6.32456,8.94427,10.0,7.61577,8.544,9.43398,11.40175,11.40175,12.20656,40.1995,45.01111,44.04543,45.04442,45.54119,46.38965,44.91102,49.0306,50.21952,53.60037,55.31727,57.28001,61.40033,59.13544,66.12866,62.62587,70.93659,68.70953,72.8011,73.53911,76.48529,81.3941,81.88406,80.26207,80.45496,83.00602,80.1561,78.23682,79.40403,82.92768,73.23933,81.60882,77.20104,74.65253,78.49204,72.8011,77.20104,66.28725,70.72482,65.36819,68.96376,66.64833,68.42514,68.42514,64.62198,75.23962,65.14599,65.80274,65.80274,68.00735,65.25335,71.19691,65.73431,63.06346,68.65858,70.88018,77.46612
10.63015,10.0,10.0,9.43398,8.60233,8.60233,8.60233,8.60233,7.81025,7.2111,7.81025,7.07107,6.40312,6.40312,5.0,6.40312,5.0,5.0,4.47214,4.47214,3.60555,3.60555,3.60555,3.60555,2.82843,3.60555,2.23607,2.23607,1.0,1.41421,1.0,1.0,1.0,1.0,1.0,1.0,1.0,1.41421,1.41421,1.0,1.41421,1.0,1.0,1.0,2.0,2.0,2.0,2.23607,2.23607,2.23607,2.23607,2.23607,67.20119,67.62396,58.60034,66.0303,64.53681,54.20332,57.38467,54.48853,52.80152,49.20366,51.22499,48.10405,41.40048,43.93177,37.64306,39.05125,38.41875,34.20526,35.35534,32.55764,26.24881,25.6125,21.26029,23.34524,23.43075,24.08319,19.20937,20.80865,19.20937,16.27882,18.35756,17.49286,12.52996,7.81025,6.7082,4.12311,6.32456,2.82843,5.0,4.12311,1.0,3.60555,1.0,5.0,2.23607,2.23607,1.41421,4.12311,6.08276,10.19804,10.04988,8.0,9.21954,7.28011,11.04536,10.19804,9.05539,42.15448,41.97618,42.57934,41.30375,45.39824,43.01163,47.01064,47.0,50.0,55.14526,56.32051,58.30952,59.84146,59.84146,65.0,66.94027,69.26038,73.37575,71.8401,73.1642,78.39005,80.95678,81.9878,82.8553,79.92496,81.12336,84.59905,81.02469,82.0061,78.81624,78.60025,79.02531,77.46612,75.16648,79.93122,76.57676,79.64923,72.62231,72.24957,72.47068,69.52697,67.41662,66.4003,68.00735,64.63745,72.94518,65.19202,65.73431,64.66065,67.6757,60.90156,69.11584,66.7308,69.31811,69.31811,66.24198,70.3278
9.21954,9.21954,8.48528,9.21954,7.81025,7.81025,7.81025,6.40312,6.40312,6.40312,6.40312,6.40312,5.65685,5.0,5.0,4.24264,4.24264,3.60555,3.60555,4.24264,3.60555,2.82843,2.23607,2.82843,2.23607,1.41421,1.41421,1.41421,1.0,0.0,0.0,0.0,0.0,0.0,1.0,1.41421,1.41421,1.0,1.0,1.41421,1.41421,2.23607,1.41421,2.23607,2.23607,2.23607,2.23607,2.0,2.0,2.0,2.0,2.0,60.959,62.42596,59.64059,60.0,57.98276,52.20153,51.22499,53.60037,47.43416,46.32494,43.82921,43.41659,44.94441,39.66106,37.20215,36.23534,35.51056,32.20248,28.6007,28.30194,27.73085,29.52965,23.43075,25.0,20.61553,18.60108,18.02776,14.76482,16.64332,12.52996,12.52996,10.81665,8.60233,5.83095,4.12311,3.60555,3.60555,1.41421,1.41421,1.41421,3.60555,4.47214,4.47214,2.23607,2.82843,6.40312,4.0,5.83095,9.0,6.32456,9.0,10.44031,11.0,10.77033,8.24621,11.18034,13.89244,39.05125,41.4367,42.57934,45.35416,44.59821,44.59821,46.23851,46.61545,49.76947,50.69517,55.9464,57.3062,57.24509,65.51336,60.53924,65.19202,71.86793,67.00746,70.43437,77.83315,77.23341,79.93122,80.61017,78.74643,78.87332,79.02531,80.60397,80.44874,78.00641,81.5414,76.00658,79.92496,79.32213,79.07591,82.1523,72.00694,71.58911,71.19691,72.47068,69.83552,66.61081,64.63745,69.11584,68.88396,68.7968,64.40497,61.03278,62.482,67.26812,69.2026,65.11528,70.83784,65.29931,66.06815,63.70243,67.26812,68.76772
8.94427,8.94427,8.94427,8.06226,8.06226,6.7082,6.7082,6.7082,5.83095,5.83095,5.83095,5.38516,5.38516,5.38516,4.47214,4.47214,4.12311,3.60555,3.16228,3.16228,3.16228,2.23607,2.23607,2.23607,2.23607,1.0,1.0,1.0,1.0,0.0,0.0,0.0,0.0,1.0,1.0,1.0,1.41421,1.0,1.41421,1.41421,1.41421,1.41421,2.23607,2.23607,2.23607,1.41421,2.23607,2.23607,2.23607,2.23607,2.23607,2.23607,63.52952,63.52952,57.3062,59.94164,54.58938,52.47857,50.24938,46.51881,46.87217,45.17743,42.72002,40.81666,41.59327,36.24914,35.22783,34.43835,34.43835,26.62705,27.73085,26.57066,26.0,22.02272,20.61553,20.24846,18.02776,17.08801,13.89244,17.08801,15.23155,12.20656,12.52996,6.7082,7.28011,7.28011,6.32456,5.09902,4.47214,7.28011,2.0,4.0,4.12311,7.07107,3.16228,2.0,3.16228,6.32456,5.83095,5.0,9.43398,7.07107,7.81025,9.84886,9.84886,10.77033,9.05539,13.34166,10.77033,40.04997,43.0,44.10215,48.37355,43.93177,48.27007,46.32494,49.81967,53.85165,54.12024,52.0,58.82176,61.98387,64.56005,64.51356,66.85058,69.77822,72.89719,77.47258,72.47068,75.47185,81.9878,80.99383,82.80097,84.02381,84.81156,77.23341,80.80842,85.04117,83.73769,79.93122,81.56592,82.75869,78.51751,79.24645,76.41989,75.00667,70.76722,72.13876,68.68042,67.62396,65.29931,67.47592,69.89278,63.25346,65.60488,63.60031,65.8635,63.28507,63.52952,66.18912,66.64833,66.03787,66.18912,65.74192,67.1193,68.88396
10.0,10.0,10.0,10.0,8.60233,8.60233,8.60233,7.81025,7.81025,7.2111,7.2111,7.2111,6.40312,6.40312,6.40312,5.83095,5.0,5.0,5.0,5.0,5.0,4.24264,3.60555,3.60555,2.82843,2.82843,2.23607,2.23607,2.23607,1.41421,1.41421,1.41421,1.41421,1.41421,1.0,1.0,1.0,1.0,1.0,0.0,1.0,1.41421,0.0,1.41421,1.41421,1.41421,1.41421,1.41421,1.41421,1.41421,1.41421,1.41421,64.2573,57.00877,60.41523,57.24509,58.24088,55.54278,51.24451,51.24451,44.01136,42.2019,46.09772,42.2019,45.88028,44.27189,36.40055,33.54102,32.89377,30.8707,31.01612,28.63564,28.16026,27.65863,23.08679,19.92486,18.43909,19.23538,18.97367,19.69772,16.76305,15.13275,8.60233,8.24621,7.28011,7.61577,8.24621,7.0,6.40312,5.38516,7.81025,5.0,2.23607,1.41421,4.12311,2.23607,3.16228,4.0,8.94427,8.48528,4.24264,8.48528,9.43398,6.32456,10.81665,10.63015,10.29563,8.60233,7.81025,43.41659,41.23106,45.17743,49.1935,50.11986,47.01064,47.43416,50.80354,53.41348,56.61272,56.0803,59.20304,63.00794,63.03174,67.88225,68.593,70.29225,74.51845,75.16648,76.6094,76.55064,77.38863,81.41253,80.13114,85.0,85.42248,79.30952,85.79627,79.30952,81.60882,79.05694,83.9345,77.87811,78.74643,77.12976,73.75636,71.58911,73.97973,73.24616,71.8401,73.08215,69.92138,64.84597,68.15424,66.94027,66.48308,66.09841,62.96825,64.88451,64.62198,64.4748,64.62198,62.64982,61.7414,65.74192,70.00714,71.55418
10.44031,10.44031,9.48683,9.48683,9.48683,8.544,8.544,7.28011,7.28011,7.61577,7.28011,6.32456,6.32456,6.32456,6.32456,5.09902,5.09902,4.12311,4.47214,4.47214,4.12311,4.47214,3.16228,3.16228,3.16228,2.23607,2.23607,2.23607,2.23607,1.41421,1.41421,1.41421,1.41421,1.41421,1.0,1.0,0.0,1.0,0.0,0.0,0.0,0.0,0.0,0.0,1.0,1.0,0.0,0.0,1.0,1.0,1.0,1.0,63.90618,63.06346,60.16644,55.02727,56.64804,52.0,55.9464,49.98,49.33559,41.4367,46.8188,37.94733,39.21734,40.80441,37.69615,34.78505,34.20526,32.57299,28.79236,29.06888,27.65863,25.05993,22.80351,24.16609,21.58703,18.97367,16.55295,18.78829,12.36932,12.52996,12.08305,7.81025,9.48683,7.07107,5.38516,5.38516,6.7082,2.23607,4.12311,2.0,1.0,3.60555,6.40312,3.60555,4.0,5.38516,5.0,3.60555,6.32456,9.43398,8.544,10.0,7.61577,5.38516,7.2111,8.0,14.14214,41.18252,48.70318,47.80167,47.43416,52.17279,50.21952,50.01,47.09565,53.33854,53.23533,58.0517,61.81424,59.84146,64.03124,64.07027,70.0,70.00714,76.02631,79.40403,76.65507,75.80237,83.18654,87.09765,83.9345,83.52245,86.83317,83.21658,87.09191,84.17244,84.15462,81.5414,79.30952,82.76473,82.07923,84.58132,78.71467,76.96753,69.64194,70.26379,74.32362,69.857,70.77429,68.62215,73.38937,65.45991,68.94926,63.60031,64.28841,63.06346,62.64184,63.78871,65.96969,61.61169,68.24954,73.5459,68.65858,64.53681
9.21954,9.21954,7.81025,7.81025,7.81025,7.81025,7.81025,6.40312,6.40312,6.40312,6.40312,6.40312,5.0,5.0,5.0,5.0,5.0,4.47214,3.60555,3.60555,2.82843,2.23607,2.23607,2.23607,2.23607,2.23607,2.23607,1.41421,1.0,1.0,1.0,1.0,1.0,1.0,1.0,1.0,1.41421,1.0,1.0,1.0,1.0,1.41421,1.0,1.0,1.0,1.0,2.0,2.0,2.0,2.0,2.0,2.0,57.93962,60.00833,59.5063,53.23533,56.93856,54.12024,52.47857,49.39636,46.09772,43.909,38.27532,39.96248,39.11521,34.48188,34.98571,39.11521,30.41381,33.10589,30.80584,25.23886,28.42534,21.26029,21.63331,19.72308,15.26434,17.49286,21.40093,16.40122,14.31782,11.18034,10.29563,10.0,8.544,5.0,8.60233,4.0,2.23607,3.16228,2.23607,3.60555,1.0,2.0,3.60555,7.07107,5.0,4.0,1.41421,7.28011,5.38516,8.06226,6.08276,8.06226,12.04159,11.04536,13.34166,7.07107,10.19804,38.8973,40.45986,46.04346,48.25971,44.65423,47.16991,46.52956,49.24429,49.24429,51.88449,52.7731,54.20332,59.94164,63.15853,67.23095,67.06713,73.38937,70.2282,74.67262,74.33034,75.0,82.2253,81.7435,83.54639,78.77182,82.0,85.58621,86.83317,82.8734,82.29824,77.41447,79.30952,74.24284,78.51751,77.16217,76.41989,75.32596,69.87131,71.17584,68.06614,68.44706,68.44706,71.19691,69.64194,62.29767,59.48109,62.96825,67.35726,65.9242,60.83584,57.77543,66.18912,63.95311,59.94164,63.95311,66.24198,63.95311
8.06226,7.07107,7.07107,7.07107,7.07107,6.08276,6.08276,6.08276,5.0,5.09902,5.0,5.0,5.09902,4.0,4.12311,4.0,4.0,3.0,3.16228,3.0,2.0,2.0,2.0,2.0,1.0,1.41421,1.41421,1.0,1.0,1.0,1.0,1.0,1.0,1.0,1.41421,1.0,1.41421,1.41421,1.41421,1.41421,1.41421,1.41421,1.41421,1.41421,2.23607,2.23607,2.23607,2.23607,2.0,2.0,2.0,2.0,58.30952,51.47815,56.08921,51.35173,46.27094,49.49747,45.70558,45.12206,42.29657,44.40721,43.18565,38.83298,35.69314,32.01562,30.41381,31.7805,27.29469,24.33105,26.0,23.08679,24.0,18.24829,21.58703,16.0,16.12452,16.12452,12.16553,11.0,14.0,9.21954,13.60147,10.0,5.65685,4.0,5.0,2.23607,2.82843,4.47214,3.60555,6.08276,3.16228,5.0,4.12311,4.0,7.28011,5.0,3.16228,7.07107,7.81025,8.06226,5.0,5.09902,11.0,9.48683,9.05539,13.0,9.0,41.23106,41.18252,43.04649,47.85394,48.10405,45.22168,49.0408,51.42956,52.49762,52.55473,55.36244,62.93648,62.96825,67.18631,67.18631,71.38627,76.48529,73.97973,79.24645,83.02409,84.71718,83.09633,84.02381,87.05171,86.02325,85.00588,82.38932,83.0542,81.30191,88.36289,79.40403,90.09439,82.60751,80.22468,78.51751,77.64664,74.54529,74.54529,72.24957,69.11584,70.00714,68.02941,69.00725,64.19502,63.00794,62.00806,66.27217,60.40695,64.77654,60.53098,60.67125,63.95311,60.67125,61.13101,62.58594,60.63827,62.96825
8.0,8.0,7.0,7.0,7.0,6.0,6.0,6.0,5.0,5.0,5.0,5.0,5.0,4.0,4.0,4.0,4.0,3.0,2.0,3.0,2.0,2.0,2.23607,2.0,1.41421,1.41421,1.41421,1.41421,1.0,1.41421,1.0,1.0,1.0,1.0,1.0,1.41421,1.41421,1.41421,1.41421,1.41421,1.41421,1.41421,1.41421,1.41421,1.41421,2.23607,2.23607,2.23607,2.23607,2.23607,2.23607,2.23607,59.21149,53.00943,53.33854,53.15073,51.15662,50.0,46.09772,43.28972,41.10961,38.32754,38.0,37.12142,37.21559,32.24903,31.257,32.01562,28.28427,26.07681,18.68154,25.70992,25.70992,23.5372,18.24829,19.23538,18.11077,14.03567,16.76305,11.04536,12.04159,12.0,12.0,9.21954,7.07107,4.12311,7.2111,5.09902,4.12311,5.38516,3.16228,6.7082,4.12311,7.07107,2.23607,4.24264,5.09902,9.48683,8.06226,7.2111,5.0,8.60233,8.06226,10.0,11.18034,10.81665,11.18034,7.81025,11.7047,44.40721,44.28318,43.17407,47.12749,49.72927,45.60702,52.49762,49.98,57.28001,57.97413,60.72891,67.05222,67.44627,70.5195,69.89278,75.76939,76.2168,80.62258,76.6942,80.62258,83.67198,84.97058,85.90693,85.42248,87.13208,89.00562,87.70975,87.13208,84.53402,80.9506,84.11896,79.64923,79.92496,78.89233,82.8553,75.80237,76.47876,74.24284,69.857,70.00714,69.46222,71.47027,67.35726,69.64194,63.60031,68.24954,66.70832,64.93843,65.27634,62.64982,56.0,59.00847,63.03174,60.13319,60.03332,61.07373,62.00806
8.24621,7.28011,7.28011,7.28011,7.28011,6.32456,6.32456,5.38516,5.38516,5.38516,5.09902,5.09902,4.12311,4.47214,3.16228,3.16228,4.12311,3.16228,3.16228,2.23607,2.23607,2.0,2.0,2.0,2.0,1.41421,1.41421,1.0,1.41421,1.41421,1.0,1.0,1.0,1.0,2.0,2.0,2.0,1.0,1.0,1.41421,2.23607,2.23607,1.41421,2.23607,2.23607,2.23607,2.23607,2.23607,2.82843,2.82843,2.82843,2.82843,54.40588,53.36666,54.08327,49.33559,52.3259,46.52956,43.86342,43.9659,39.92493,39.92493,38.48376,35.8469,40.70626,32.69557,31.7805,28.17801,28.30194,28.6531,26.41969,26.90725,25.0,21.63331,18.35756,18.78829,17.88854,15.65248,15.81139,15.65248,13.41641,15.13275,11.40175,9.21954,7.07107,6.08276,9.0,5.38516,5.0,3.60555,6.08276,5.65685,4.12311,5.83095,6.0,5.0,5.38516,10.04988,6.40312,7.07107,8.24621,11.7047,10.19804,8.544,11.40175,7.2111,9.84886,10.0,8.48528,42.04759,44.18144,45.27693,47.51842,47.51842,50.44799,51.66237,53.75872,56.51548,60.01666,60.63827,61.84658,64.7611,67.46851,69.37579,76.65507,77.88453,80.00625,82.86133,86.40023,83.48653,87.31552,87.66413,87.31552,90.62009,87.31552,86.16264,86.92526,83.38465,85.23497,82.46211,79.71198,80.62258,79.40403,82.86133,79.37884,75.69016,74.46476,74.72617,71.38627,68.65858,67.89698,69.35416,70.11419,66.06815,66.06815,66.00758,64.07027,61.40033,57.31492,61.0,63.78871,64.53681,61.68468,63.32456,59.20304,59.90826
9.48683,9.48683,8.94427,8.544,7.61577,7.61577,7.61577,6.7082,6.7082,6.7082,6.7082,5.38516,5.83095,5.83095,5.38516,5.38516,4.47214,4.47214,4.47214,4.47214,3.60555,3.60555,3.16228,3.16228,3.16228,3.16228,2.0,2.0,2.0,2.0,2.0,2.0,1.0,1.0,1.41421,1.41421,1.41421,1.0,1.41421,1.41421,1.41421,1.41421,1.41421,2.0,2.0,2.0,2.0,1.0,1.0,1.0,1.41421,1.41421,54.03702,55.00909,50.35871,50.15974,51.35173,41.19466,43.56604,40.31129,39.01282,38.32754,36.34556,34.71311,34.71311,29.61419,33.54102,31.04835,25.70992,25.63201,25.70992,25.0,23.19483,25.70992,19.64688,18.11077,16.27882,17.26268,15.0,12.64911,17.02939,13.0384,15.0333,11.0,8.544,7.61577,9.21954,8.06226,10.0,9.43398,6.7082,7.81025,7.0,8.60233,7.07107,7.61577,7.07107,10.44031,6.7082,11.04536,7.07107,10.44031,13.0,9.05539,11.18034,7.28011,11.18034,10.81665,11.18034,38.07887,41.04875,44.20407,47.63402,49.64877,46.09772,49.49747,51.22499,56.0803,55.97321,61.07373,60.60528,68.41053,70.17834,72.18033,73.66139,72.34639,77.10383,76.57676,76.48529,78.56844,82.73452,84.85281,82.07314,84.8646,82.73452,84.95881,84.14868,82.03658,82.73452,81.32035,74.96666,73.53911,76.38063,75.16648,73.10951,71.40028,70.80254,69.40461,70.83078,67.1193,65.79514,62.16912,64.88451,59.46427,59.48109,56.04463,56.32051,59.43904,59.13544,55.7315,57.70615,59.07622,57.03508,56.0,57.03508,61.0
8.94427,8.06226,7.61577,7.2111,6.7082,6.7082,6.7082,6.7082,6.32456,5.38516,5.38516,5.38516,4.47214,4.47214,4.47214,4.47214,3.60555,3.60555,3.60555,3.60555,2.23607,2.82843,2.82843,1.41421,2.23607,2.82843,2.23607,2.23607,2.0,2.23607,2.0,1.41421,2.0,2.0,2.0,2.0,2.23607,2.23607,2.23607,2.23607,2.23607,2.23607,2.23607,2.23607,2.23607,2.23607,2.82843,2.82843,2.82843,2.82843,2.82843,2.82843,27.80288,26.62705,25.05993,24.69818,23.70654,23.32381,21.09502,20.59126,18.02776,18.35756,17.46425,16.64332,17.88854,17.08801,14.56022,13.92839,13.34166,13.92839,14.56022,11.18034,11.7047,7.61577,8.06226,11.18034,7.61577,7.28011,8.94427,9.43398,7.2111,6.40312,5.65685,4.47214,5.83095,5.09902,6.0,7.07107,6.0,6.0,4.12311,4.12311,4.0,5.09902,3.16228,5.09902,6.40312,6.32456,5.38516,5.83095,7.61577,5.0,5.83095,5.83095,6.40312,6.40312,6.40312,6.40312,5.0,23.19483,24.5153,25.4951,25.17936,25.07987,26.07681,27.07397,28.07134,31.14482,29.27456,32.14032,34.1321,35.22783,35.51056,38.32754,37.05401,41.19466,40.1995,40.1995,43.04649,43.01163,45.01111,43.01163,46.04346,45.04442,44.10215,46.17359,45.04442,41.01219,42.04759,42.10701,42.29657,41.19466,40.31129,40.31129,38.47077,37.65634,37.36308,33.95585,37.0,36.05551,33.10589,34.88553,32.64966,34.88553,32.20248,31.62278,30.80584,31.241,31.89044,29.69848,31.1127,32.64966,30.4795,29.41088,31.06445,29.20616
8.60233,8.06226,7.2111,7.2111,7.2111,6.7082,6.7082,5.83095,5.83095,5.83095,5.83095,5.38516,4.47214,4.47214,4.47214,4.47214,4.12311,3.16228,3.16228,3.16228,3.16228,2.23607,2.23607,2.23607,2.23607,2.23607,1.41421,1.41421,1.41421,1.41421,1.0,1.0,1.0,1.0,1.0,0.0,1.0,1.0,1.0,1.0,1.41421,1.0,1.0,1.0,1.0,1.0,1.0,1.0,1.0,1.0,1.41421,2.23607,53.0,55.47071,48.37355,45.27693,50.9902,45.61798,46.52956,43.04649,38.07887,37.12142,40.70626,33.83785,30.08322,33.83785,28.4605,29.73214,29.15476,23.76973,24.04163,21.84033,21.93171,20.61553,17.08801,18.78829,16.49242,15.29706,15.23155,10.77033,13.92839,13.0,9.43398,9.21954,9.43398,10.0,7.2111,7.61577,9.48683,10.04988,7.0,5.09902,7.2111,5.83095,10.0,7.61577,6.0,8.544,7.81025,8.06226,9.89949,10.81665,9.21954,9.21954,8.48528,10.63015,10.63015,11.18034,10.44031,45.31004,44.92215,48.38388,43.93177,51.97115,50.9902,52.46904,56.56854,56.7186,61.81424,63.34824,65.30697,69.2315,71.19691,70.03571,77.78175,78.08969,79.6304,76.79193,82.49242,83.29466,86.46965,87.28115,85.37564,90.44888,88.81441,86.70063,85.2115,84.38009,78.51751,81.7435,77.52419,81.49847,76.79193,76.94154,74.52516,73.75636,70.88018,66.7308,66.85058,66.12866,67.08204,60.82763,64.88451,60.74537,64.03124,58.60034,60.0,58.72819,57.28001,55.17246,60.1415,56.85068,57.48913,59.81639,56.40035,54.08327
7.81025,7.81025,7.81025,7.07107,6.40312,6.40312,6.40312,5.65685,5.0,5.0,5.0,4.24264,3.60555,4.24264,3.60555,3.60555,3.60555,2.82843,2.82843,2.23607,2.23607,2.23607,2.23607,2.23607,2.23607,2.23607,2.0,1.0,2.23607,2.0,1.41421,2.23607,1.41421,1.41421,1.41421,1.41421,1.41421,2.23607,2.23607,2.23607,2.23607,2.23607,2.23607,2.23607,2.23607,2.23607,2.23607,2.23607,2.23607,3.0,2.0,2.0,53.74012,55.86591,51.73973,45.45327,47.63402,43.27817,43.86342,41.03657,36.87818,36.87818,36.87818,33.83785,33.83785,26.62705,25.23886,27.45906,23.85372,22.82542,24.18677,18.60108,21.09502,18.43909,17.80449,16.40122,12.80625,11.18034,13.60147,8.544,10.81665,10.81665,8.94427,8.06226,9.84886,5.0,7.07107,10.44031,9.21954,7.28011,6.0,3.60555,6.40312,7.81025,7.2111,7.61577,8.06226,10.63015,9.21954,7.61577,10.77033,10.44031,11.7047,10.81665,16.49242,11.04536,10.04988,13.0384,13.0384,43.909,44.28318,47.53946,48.38388,51.24451,55.7853,54.40588,54.12024,56.75385,60.16644,63.78871,66.94027,66.94027,73.75636,72.99315,74.1485,77.92946,76.53104,81.3941,81.49847,81.7435,83.60024,84.85281,86.28441,87.28115,84.59314,85.09407,82.29824,79.30952,82.0975,75.42546,77.31753,80.399,75.13322,78.51751,71.84706,69.87131,72.56721,67.91171,65.25335,69.26038,68.00735,68.70953,64.07808,59.48109,63.07139,59.36329,57.68882,60.74537,61.61169,60.21628,57.00877,59.66574,60.82763,57.28001,56.58622,57.28001
7.61577,7.61577,6.7082,6.7082,6.32456,6.7082,5.83095,5.83095,5.0,5.38516,5.0,5.0,4.47214,3.60555,3.60555,3.60555,3.60555,2.82843,2.82843,2.82843,2.23607,2.23607,2.23607,2.23607,1.41421,1.41421,1.0,0.0,0.0,0.0,0.0,1.0,1.0,0.0,0.0,1.0,1.41421,1.41421,1.41421,1.41421,1.41421,1.41421,1.41421,1.41421,1.41421,1.41421,1.41421,1.41421,2.23607,1.41421,2.23607,2.23607,55.65968,54.40588,50.32892,48.10405,47.80167,44.94441,45.88028,40.8534,37.33631,34.48188,37.69615,36.40055,33.83785,32.44996,30.46309,27.73085,27.313,21.47091,19.69772,21.93171,18.86796,19.23538,17.88854,14.76482,15.52417,13.60147,11.40175,11.40175,10.04988,8.544,4.0,3.16228,6.0,5.09902,5.0,3.60555,2.23607,2.0,6.32456,5.09902,4.47214,5.0,8.544,7.07107,10.19804,8.06226,9.84886,11.18034,7.81025,9.21954,8.94427,13.60147,10.81665,11.18034,11.31371,9.89949,8.94427,35.51056,47.16991,49.24429,50.44799,54.70832,48.25971,57.07889,65.30697,60.00833,62.03225,60.00833,62.07254,67.02984,63.78871,70.00714,79.15807,84.02381,82.29824,79.30952,85.0,84.59314,84.92938,93.17188,87.64131,85.86617,86.12781,87.5557,82.0061,83.9345,81.90849,82.28001,77.7946,81.32035,76.24303,77.88453,71.56815,75.9276,70.83078,64.77654,65.76473,63.12686,66.27217,64.49806,67.06713,60.00833,59.0,58.03447,62.39391,57.55867,57.70615,56.08921,57.97413,57.97413,60.72891,62.36185,56.32051,59.13544
8.544,8.24621,7.28011,7.28011,7.28011,7.28011,6.32456,6.32456,5.38516,5.38516,5.38516,5.38516,4.47214,4.12311,4.12311,4.12311,4.12311,3.16228,3.16228,3.16228,3.0,3.0,2.0,2.0,2.0,2.0,2.0,1.41421,1.41421,1.41421,1.41421,1.0,1.41421,1.0,1.0,1.0,1.0,2.0,1.0,2.0,1.0,2.23607,2.0,2.0,2.0,2.23607,1.41421,2.23607,2.23607,2.23607,1.41421,1.41421,55.57877,51.1957,48.08326,51.5461,50.32892,47.12749,42.2019,43.68066,41.4367,41.78516,41.10961,34.17601,35.4683,37.57659,30.08322,27.51363,31.62278,26.92582,24.35159,20.12461,21.93171,17.88854,20.59126,16.12452,13.60147,13.92839,10.0,10.44031,11.18034,5.0,8.24621,6.0,4.0,6.40312,3.60555,4.0,4.47214,4.47214,7.07107,7.07107,4.12311,4.47214,7.28011,4.47214,12.08305,5.65685,11.18034,5.0,9.89949,10.63015,7.81025,10.77033,10.81665,9.21954,12.20656,11.6619,12.52996,41.76123,45.54119,46.38965,51.15662,51.15662,50.08992,54.03702,57.03508,59.3043,61.03278,59.21149,66.1211,72.33948,73.43705,75.95393,74.1485,79.07591,75.50497,80.80842,81.58431,81.25269,85.44004,84.48077,89.84431,88.60023,89.81091,86.16264,90.82401,82.28001,86.37708,81.9329,81.9329,78.43469,76.89603,79.71198,78.1089,73.68175,68.00735,68.68042,67.89698,67.89698,64.62971,65.37584,64.12488,60.29925,62.20129,62.1289,60.03332,64.19502,58.42089,60.67125,61.61169,65.11528,60.87693,64.56005,60.63827,59.77458
7.28011,7.28011,7.28011,7.28011,7.28011,6.08276,6.08276,5.09902,5.09902,5.38516,5.09902,5.09902,4.12311,4.12311,3.16228,3.16228,3.16228,3.0,3.16228,2.0,2.23607,2.23607,2.0,1.0,1.0,1.41421,1.0,0.0,0.0,1.0,1.0,1.41421,1.41421,1.41421,1.41421,1.41421,1.41421,1.41421,1.41421,1.41421,2.23607,2.23607,2.23607,2.23607,2.23607,2.23607,2.23607,2.23607,2.23607,3.16228,3.0,3.0,55.08176,55.08176,52.08647,52.15362,49.0102,51.0392,42.04759,45.01111,42.0119,41.01219,39.11521,35.35534,35.0571,32.24903,32.0,30.06659,28.0,28.16026,25.17936,23.08679,21.0238,20.02498,18.11077,17.11724,14.31782,12.16553,11.04536,12.0,9.21954,9.84886,6.0,5.0,3.60555,2.23607,3.16228,3.0,2.0,4.47214,9.43398,4.12311,0.0,7.2111,5.0,7.61577,8.24621,7.61577,7.61577,11.40175,11.7047,12.04159,14.03567,11.04536,13.0384,15.0,14.14214,13.0384,16.55295,46.87217,48.25971,48.25971,52.0,53.23533,52.23983,52.61179,58.69412,56.56854,57.70615,63.34824,65.73431,67.89698,71.38627,76.15773,74.33034,80.28076,75.28612,83.1685,83.81527,83.9345,85.61542,85.86617,87.23531,87.65843,85.42248,86.83317,86.4523,84.38009,83.52844,82.8553,80.9506,77.02597,81.30191,77.82673,75.17978,70.66116,69.77822,66.64083,67.1193,67.77905,68.70953,66.40783,62.93648,63.32456,61.40033,59.20304,60.67125,60.20797,62.80127,61.07373,61.07373,62.00806,59.13544,62.03225,64.07027,58.00862
7.81025,8.60233,7.2111,7.2111,6.40312,6.40312,6.40312,5.65685,5.65685,5.0,5.65685,5.65685,4.24264,4.24264,4.24264,4.24264,4.24264,2.82843,2.82843,2.82843,2.82843,1.41421,2.23607,1.41421,1.41421,2.23607,1.0,1.0,0.0,1.0,1.0,1.0,1.0,1.0,1.0,1.0,1.0,1.0,2.0,2.0,2.0,2.0,2.0,2.0,2.0,2.0,3.0,3.0,3.0,3.16228,2.23607,2.23607,57.69749,55.15433,56.4358,53.22593,53.23533,50.08992,48.30114,46.06517,40.31129,38.07887,36.71512,38.58756,37.12142,35.77709,33.12099,31.90611,26.62705,27.78489,26.62705,23.32381,24.41311,21.09502,21.09502,16.64332,16.12452,12.20656,13.0384,12.80625,10.29563,7.28011,6.40312,4.24264,5.09902,2.23607,2.0,1.0,3.16228,2.23607,4.12311,6.08276,5.38516,5.38516,9.84886,8.544,7.61577,9.84886,12.04159,10.77033,11.18034,10.44031,11.04536,11.18034,9.05539,10.04988,12.04159,11.0,14.03567,46.8615,43.60046,45.22168,48.30114,47.85394,52.0,52.55473,52.81098,59.46427,58.5235,61.98387,61.98387,68.00735,69.857,73.75636,72.99315,76.29548,79.6304,79.6304,80.22468,82.21922,85.28775,85.00588,86.00581,87.02299,87.05171,85.05292,87.20665,83.38465,84.14868,78.51751,80.22468,80.399,80.50466,76.41989,74.16873,69.11584,74.02702,70.11419,69.02898,67.00746,66.37017,66.1211,64.38167,59.22837,64.13267,60.63827,58.69412,61.03278,61.13101,57.97413,60.53924,59.46427,58.69412,58.18075,61.09828,60.41523
10.19804,10.19804,9.05539,9.05539,8.24621,8.06226,8.06226,8.06226,7.07107,7.07107,7.07107,6.08276,6.08276,6.0,5.0,5.0,5.0,5.0,4.0,4.0,4.0,3.0,3.0,3.0,3.0,2.0,2.0,2.0,1.41421,1.41421,1.41421,1.41421,1.0,1.0,1.0,1.0,2.0,1.0,2.0,1.0,1.41421,2.23607,2.23607,2.23607,2.23607,2.23607,2.0,3.16228,3.16228,3.0,3.0,3.0,56.0357,57.31492,57.00877,53.15073,51.08816,49.25444,50.15974,49.0102,42.0,44.04543,42.04759,40.11234,40.0,34.23449,34.1321,34.0,31.01612,30.06659,27.0,29.06888,26.01922,23.08679,22.0,18.11077,16.12452,17.02939,15.0333,12.04159,11.04536,10.04988,10.0,9.05539,6.7082,7.28011,2.82843,3.0,5.38516,5.83095,3.0,3.60555,5.83095,8.06226,7.28011,5.83095,4.47214,9.21954,8.60233,7.81025,8.48528,11.6619,8.60233,11.40175,8.94427,12.04159,12.08305,13.41641,14.31782,43.60046,47.70744,48.76474,50.53712,51.07837,52.20153,51.5461,56.61272,58.5235,56.08921,62.16912,62.28965,66.61081,72.24957,72.24957,72.06247,79.05694,77.02597,79.05694,84.59314,81.61495,84.85281,84.34453,87.5557,85.44004,85.72631,84.11896,86.02325,82.28001,84.50444,75.96052,79.47956,78.18568,75.61085,75.76939,73.92564,71.69379,70.83784,68.35203,66.7308,67.6757,64.84597,64.56005,66.4906,64.32729,64.93843,58.85576,60.67125,58.42089,61.66036,56.7186,57.42822,61.20457,60.20797,64.49806,62.07254,57.21888
8.60233,8.60233,7.81025,8.60233,7.81025,7.81025,7.81025,6.40312,6.40312,6.40312,6.40312,5.65685,5.65685,5.0,4.24264,4.24264,4.24264,4.24264,4.24264,3.60555,2.82843,2.82843,2.82843,2.23607,2.23607,2.23607,2.23607,1.0,1.0,1.0,1.41421,1.41421,1.41421,1.41421,1.41421,1.41421,1.41421,2.23607,2.23607,2.23607,2.23607,2.23607,2.23607,2.23607,2.82843,2.23607,2.82843,2.82843,2.82843,2.82843,2.82843,2.82843,60.44005,54.91812,56.61272,53.25411,50.80354,53.00943,50.21952,49.40648,47.43416,44.10215,40.60788,39.20459,39.40812,36.40055,34.71311,32.20248,33.6006,28.6007,30.0,27.80288,25.0,22.80351,23.43075,20.51828,17.20465,21.2132,15.6205,14.14214,13.45362,8.48528,9.43398,7.2111,8.60233,5.09902,5.38516,4.12311,4.12311,5.0,5.83095,6.40312,5.38516,5.65685,6.40312,6.7082,8.06226,9.21954,13.60147,10.77033,10.81665,11.6619,15.81139,13.89244,12.08305,15.65248,16.40122,15.0,14.86607,42.0119,47.16991,48.05206,51.66237,49.0408,49.39636,49.65884,54.56189,55.9017,53.33854,61.91123,63.51378,65.73431,68.60029,70.43437,68.76772,76.38063,73.5527,76.41989,77.89737,78.1025,81.02469,79.6304,81.27115,82.49242,79.64923,82.29824,82.29216,76.48529,82.28001,76.15773,78.77182,77.62087,74.46476,75.27284,73.73602,66.21178,68.54196,66.70832,70.00714,65.30697,63.06346,65.76473,59.94164,58.13777,59.5399,60.20797,59.07622,62.96825,58.5235,60.53924,58.24946,61.40033,55.31727,59.03389,63.03174,58.82176
8.48528,8.48528,8.48528,7.81025,7.07107,7.07107,7.07107,6.40312,6.40312,5.65685,5.65685,5.65685,5.0,4.24264,4.24264,4.24264,4.24264,2.82843,2.82843,2.82843,2.82843,2.82843,1.41421,1.41421,1.41421,1.41421,1.0,1.0,0.0,1.0,1.0,1.0,1.0,1.0,1.0,2.0,2.0,2.0,2.0,2.0,2.0,2.0,2.0,2.0,3.0,3.0,3.0,3.16228,2.23607,2.23607,2.23607,2.23607,58.82176,58.00862,56.0357,56.40035,54.20332,50.60632,46.8615,49.81967,44.82187,44.68781,42.63801,41.88078,39.82462,36.87818,37.01351,32.01562,31.241,28.01785,29.20616,30.0,25.80698,24.69818,20.12461,21.63331,20.80865,17.20465,14.42221,11.40175,14.21267,11.18034,10.0,8.24621,5.83095,6.32456,4.12311,3.16228,7.07107,7.07107,5.65685,8.0,7.28011,6.0,8.0,10.81665,10.04988,13.15295,12.0,14.14214,12.04159,12.04159,13.0,14.86607,12.64911,13.89244,16.15549,15.65248,15.0,42.72002,45.12206,47.38143,47.09565,50.03998,49.09175,49.25444,53.75872,53.36666,56.51548,60.16644,63.32456,65.80274,64.2573,70.93659,72.01389,73.40981,75.6439,77.02597,78.03204,78.77182,83.60024,81.05554,83.09633,80.80842,85.14693,82.75869,83.54639,79.24645,80.65978,77.10383,76.6942,77.46612,74.02702,74.20243,71.21798,66.8431,67.47592,64.44377,63.70243,59.46427,62.96825,62.93648,65.11528,60.1415,57.48913,54.56189,61.07373,58.89822,63.12686,62.42596,60.74537,58.82176,63.25346,61.40033,63.24555,62.1289
10.0,10.0,9.0,9.0,9.05539,8.06226,8.06226,7.0,7.07107,7.07107,6.08276,6.0,6.08276,5.09902,6.08276,5.09902,5.0,4.0,4.0,4.0,4.0,3.0,3.0,3.0,3.0,2.0,2.0,1.0,1.0,1.0,1.0,1.41421,1.0,0.0,1.0,1.0,1.0,1.0,1.0,1.0,1.0,1.0,1.0,1.0,2.0,2.0,2.0,2.0,2.0,2.0,2.23607,2.23607,62.64982,61.40033,57.07889,55.44367,56.22277,54.45181,53.60037,49.49747,46.38965,46.52956,45.27693,39.81206,36.34556,38.63936,36.34556,35.22783,33.06055,31.57531,31.57531,27.29469,25.07987,25.07987,20.09975,19.23538,17.02939,18.02776,16.0,15.0333,15.0333,12.36932,6.7082,9.48683,6.32456,8.60233,5.83095,5.0,5.0,7.0,6.32456,9.21954,8.544,9.84886,12.08305,11.7047,8.06226,9.48683,12.64911,13.34166,13.92839,12.36932,14.86607,17.26268,13.60147,13.15295,16.0,15.0,14.03567,46.69047,43.93177,46.04346,48.76474,50.53712,53.48832,53.48832,59.80803,56.75385,56.921,63.60031,62.8172,69.12308,69.05071,69.87131,71.17584,73.17103,77.00649,79.00633,79.15807,78.51751,84.48077,80.89499,81.3941,81.58431,81.02469,83.74366,83.43261,78.1089,81.60882,74.33034,79.37884,76.2168,74.84651,75.02666,72.23573,70.83784,68.94926,65.80274,67.44627,66.76077,62.0967,64.03124,67.08204,62.58594,59.5399,59.5399,59.68249,64.28063,63.3877,63.07139,62.03225,67.06713,61.20457,66.0303,64.07027,65.00769
8.544,8.544,8.24621,8.24621,7.28011,7.28011,6.32456,6.32456,6.08276,5.09902,5.38516,5.38516,4.12311,4.12311,4.12311,3.16228,3.16228,3.16228,3.16228,2.23607,2.23607,2.23607,1.41421,1.41421,1.0,1.41421,0.0,0.0,0.0,1.0,1.0,1.0,1.41421,2.23607,1.41421,2.23607,2.23607,2.23607,2.23607,2.23607,2.23607,2.23607,2.23607,2.23607,2.23607,2.23607,2.23607,2.82843,2.82843,2.82843,2.82843,2.82843,59.66574,62.58594,58.94065,55.10898,54.74486,54.57105,47.67599,50.9902,46.69047,43.93177,43.28972,41.59327,39.45884,35.69314,33.73426,33.54102,35.17101,30.08322,25.4951,25.17936,26.30589,22.2036,17.02939,18.11077,16.03122,15.29706,13.34166,11.18034,8.24621,7.07107,5.83095,5.83095,3.60555,3.16228,3.0,5.65685,10.29563,7.28011,10.29563,11.6619,12.20656,13.41641,9.89949,13.45362,12.04159,10.63015,15.65248,16.40122,15.55635,14.86607,15.6205,15.26434,19.41649,18.02776,17.08801,16.15549,20.22375,44.38468,47.41308,44.94441,50.0,52.00961,54.03702,51.85557,53.8145,56.72742,56.22277,62.00806,61.84658,62.62587,69.63476,69.11584,70.66116,73.34848,73.82412,78.29432,82.21922,81.32035,80.77747,81.25269,83.19856,81.58431,85.15868,82.8734,83.72574,77.31753,82.1523,77.05842,78.1025,78.00641,74.00676,78.0,71.0,68.00735,67.1193,68.26419,66.48308,64.28063,62.39391,67.47592,62.28965,63.3877,66.28725,61.39218,61.18823,61.84658,59.66574,63.24555,62.29767,63.24555,63.56886,66.40783,66.48308,66.70832
10.29563,9.43398,9.43398,8.94427,8.06226,8.06226,7.2111,7.2111,6.40312,5.83095,5.83095,5.83095,5.0,5.0,5.0,4.24264,4.24264,4.24264,2.82843,2.82843,2.82843,2.82843,2.23607,2.23607,1.41421,1.0,1.0,1.41421,1.41421,1.41421,1.41421,2.23607,2.23607,2.23607,2.23607,2.23607,3.16228,2.23607,3.16228,3.16228,3.16228,3.16228,3.16228,3.60555,3.60555,3.60555,3.60555,3.60555,3.60555,3.60555,4.24264,3.60555,59.64059,60.21628,55.75841,57.42822,54.6443,50.21952,51.97115,48.54894,46.87217,45.0,43.04649,39.96248,37.73592,36.61967,34.20526,33.83785,30.01666,28.01785,25.0,27.01851,22.67157,22.62742,20.61553,15.6205,14.86607,15.81139,14.21267,12.80625,10.0,7.2111,5.09902,3.0,3.60555,5.83095,5.38516,7.81025,7.61577,6.08276,10.44031,12.04159,11.40175,11.04536,12.04159,15.13275,13.34166,14.14214,14.76482,16.12452,15.23155,18.97367,18.97367,18.38478,20.24846,17.08801,19.69772,18.38478,17.20465,43.86342,44.77723,46.64762,48.60041,48.9183,50.93133,48.83646,55.9017,56.0803,57.48913,59.20304,61.40033,64.81512,66.85058,67.1193,73.92564,71.58911,77.36924,74.70609,78.72103,78.0,80.65358,87.46428,83.81527,84.89994,82.28001,83.95237,79.07591,81.78631,80.06248,77.46612,76.90254,75.66373,77.10383,74.52516,71.38627,71.80529,70.34202,65.0,64.56005,59.90826,65.19202,62.62587,63.69458,57.38467,58.30952,58.60034,60.03332,59.05929,61.77378,59.36329,61.85467,60.60528,62.68174,65.0,64.3506,67.20119
11.04536,10.04988,10.04988,10.04988,9.05539,9.05539,9.05539,8.06226,8.06226,7.07107,7.07107,6.08276,6.08276,5.09902,5.09902,5.09902,4.12311,4.12311,4.12311,3.16228,3.16228,3.16228,2.23607,2.23607,2.23607,2.23607,1.0,1.0,0.0,0.0,1.0,1.41421,1.0,1.0,1.0,1.41421,2.0,2.23607,2.23607,2.23607,2.23607,2.23607,2.23607,2.23607,2.23607,2.23607,3.16228,3.16228,3.16228,3.60555,3.60555,2.82843,67.02984,60.00833,57.03508,61.0082,62.03225,58.07753,51.0392,52.00961,47.01064,46.09772,44.10215,45.04442,42.10701,37.21559,34.23449,33.73426,31.40064,31.57531,28.01785,23.08679,22.80351,21.84033,21.2132,19.41649,15.13275,13.92839,13.34166,10.04988,8.24621,6.08276,5.0,3.0,2.23607,1.41421,3.16228,4.12311,4.47214,11.04536,9.21954,7.28011,8.06226,10.0,13.0,13.15295,12.64911,12.04159,15.0,16.49242,16.12452,17.02939,16.27882,14.14214,17.72005,16.76305,18.68154,18.68154,18.86796,44.18144,50.63596,48.83646,50.0,52.88667,52.49762,53.14132,54.78138,57.38467,60.41523,60.00833,61.32699,68.942,69.31811,71.11962,73.43024,74.79305,75.80237,76.53757,81.8352,81.27115,84.40379,82.20097,84.6286,82.41966,82.61961,83.60024,85.42833,80.28076,81.68843,73.75636,78.64477,77.33693,75.0,73.40981,73.00685,65.19202,69.89278,63.28507,69.31811,65.29931,62.64982,66.85058,65.19202,60.08328,60.08328,62.36185,58.85576,62.80127,59.4138,62.1289,64.07027,66.0303,59.13544,63.07139,66.0303,66.0
10.29563,9.43398,9.43398,9.43398,9.43398,8.60233,7.81025,7.81025,7.2111,6.40312,6.40312,5.65685,5.65685,5.65685,5.0,4.24264,4.24264,4.24264,3.60555,2.82843,2.82843,2.82843,2.23607,1.41421,1.41421,1.41421,0.0,0.0,0.0,1.0,1.0,1.41421,1.41421,1.41421,1.41421,1.41421,1.41421,2.82843,2.82843,2.82843,2.82843,2.82843,2.82843,2.82843,2.82843,3.60555,2.82843,2.82843,3.60555,3.60555,3.60555,3.16228,63.78871,56.75385,58.82176,58.18935,54.81788,53.75872,49.33559,48.50773,41.76123,46.48656,42.72002,40.16217,35.4683,34.53983,31.95309,32.57299,30.08322,28.63564,28.16026,21.93171,21.47091,18.78829,19.41649,17.88854,14.86607,10.29563,7.81025,9.05539,7.0,6.40312,5.0,3.60555,2.82843,2.0,5.38516,5.09902,11.04536,7.81025,5.65685,13.0384,12.20656,13.45362,11.40175,10.81665,13.0384,12.80625,13.41641,16.12452,18.02776,14.42221,17.88854,15.23155,17.49286,16.12452,18.38478,20.61553,18.97367,44.38468,47.29693,45.22168,48.70318,46.8188,52.7731,53.85165,53.66563,54.12947,58.18075,62.17717,63.06346,64.41273,68.88396,72.56032,65.8635,75.591,73.43024,78.77182,78.89233,77.52419,81.5414,80.1561,82.41966,82.0061,84.6286,82.66196,86.02325,76.6094,81.84131,75.21303,77.66595,77.17513,73.24616,71.69379,73.06162,68.09552,68.88396,65.74192,67.77905,64.84597,61.98387,63.32456,62.96825,60.67125,62.16912,59.3043,58.07753,60.0,58.03447,60.03332,61.52235,63.50591,59.84146,65.49046,60.82763,63.34824
10.81665,10.0,9.43398,9.43398,9.43398,8.06226,8.06226,7.2111,8.06226,6.7082,6.7082,6.7082,5.83095,5.38516,5.38516,5.38516,4.47214,4.47214,3.60555,3.60555,3.60555,3.60555,3.60555,2.82843,2.82843,2.23607,2.23607,2.23607,2.23607,2.0,2.0,2.0,2.0,2.0,2.23607,2.23607,2.23607,2.23607,2.23607,2.23607,2.23607,2.82843,2.82843,2.82843,2.82843,2.82843,2.82843,2.82843,2.82843,2.82843,2.82843,2.23607,62.93648,61.7171,57.38467,58.69412,55.9017,53.41348,52.80152,48.27007,50.21952,42.2019,42.80187,43.60046,42.80187,39.20459,36.71512,31.90611,32.69557,27.78489,25.4951,24.69818,24.18677,22.2036,19.23538,18.86796,17.02939,17.80449,16.40122,11.6619,13.60147,11.31371,11.6619,13.41641,9.05539,9.05539,11.18034,12.36932,13.15295,7.2111,11.31371,12.04159,14.86607,14.86607,12.20656,12.08305,12.20656,15.81139,17.20465,16.55295,16.40122,17.0,17.0,16.15549,17.08801,18.43909,16.15549,19.23538,20.39608,44.55334,46.87217,49.0408,49.0408,52.49762,50.69517,54.42426,53.48832,56.64804,60.44005,57.24509,63.06346,64.56005,66.76077,69.57011,69.37579,75.28612,78.44743,74.0,77.83315,78.77182,84.50444,85.3815,86.68333,84.77028,81.90849,84.11896,83.52245,81.60882,78.84795,80.77747,76.15773,79.07591,74.33034,76.68768,72.99315,70.34913,68.02941,67.02984,66.06815,65.27634,65.76473,60.20797,65.80274,61.98387,57.00877,62.03225,60.83584,62.17717,62.43397,63.24555,63.89053,64.2028,65.19202,66.48308,63.65532,65.06919
9.43398,9.43398,9.21954,9.43398,9.21954,8.60233,7.81025,7.81025,7.81025,7.81025,6.40312,6.40312,6.40312,5.65685,5.65685,5.65685,5.0,5.0,4.24264,4.24264,4.24264,4.24264,3.60555,3.60555,3.60555,3.16228,3.16228,3.16228,3.0,3.0,3.0,3.0,3.0,3.16228,3.16228,3.16228,3.16228,3.16228,2.23607,3.16228,3.60555,3.60555,3.60555,3.60555,3.60555,3.60555,3.60555,2.82843,2.82843,2.82843,3.60555,3.60555,68.15424,61.26989,62.17717,60.83584,53.23533,55.9464,53.53504,51.47815,48.76474,46.32494,45.79301,41.88078,40.0,38.01316,32.01562,36.23534,32.64966,29.83287,28.6007,27.58623,26.87006,24.41311,26.62705,22.02272,18.78829,17.69181,18.35756,15.81139,19.23538,16.55295,16.27882,19.64688,12.04159,15.0333,15.52417,15.52417,12.64911,13.34166,16.76305,15.26434,17.46425,14.86607,17.69181,15.6205,19.84943,16.64332,19.20937,17.80449,18.38478,19.20937,17.69181,19.20937,19.10497,17.80449,22.2036,22.2036,20.12461,44.29447,47.12749,44.94441,49.64877,49.0408,50.92151,46.8188,53.75872,53.85165,56.0803,61.46544,62.24147,64.88451,67.1193,72.49828,68.44706,75.591,72.47068,77.36924,79.17702,76.02631,83.00602,81.00617,80.1561,84.21995,80.99383,81.02469,83.21658,75.45197,82.0061,77.20104,80.28076,76.41989,70.72482,76.41989,70.83784,64.81512,67.95587,64.3506,62.17717,65.29931,61.84658,66.48308,58.46366,63.34824,62.1289,58.21512,61.0,62.07254,60.20797,61.66036,63.34824,65.30697,62.0967,63.89053,65.78754,65.55151
10.77033,9.48683,9.84886,9.84886,8.94427,8.544,8.06226,8.06226,8.06226,6.7082,6.7082,6.7082,5.83095,5.83095,5.0,5.83095,5.0,4.47214,4.47214,4.47214,3.60555,3.60555,4.47214,3.16228,3.16228,3.16228,3.16228,3.0,3.0,3.0,3.0,3.16228,3.16228,3.16228,3.16228,3.16228,3.16228,3.60555,3.16228,3.60555,3.60555,3.60555,3.60555,3.60555,3.60555,3.60555,3.60555,2.82843,2.82843,3.60555,2.82843,3.60555,62.29767,61.40033,58.87274,57.77543,55.4617,52.0,47.85394,52.3259,46.51881,46.64762,41.88078,41.88078,37.44329,39.66106,36.05551,37.80212,32.20248,30.23243,27.78489,24.83948,26.40076,22.2036,22.67157,19.84943,18.60108,15.65248,18.02776,15.52417,14.76482,13.92839,15.81139,16.27882,16.03122,15.0,17.02939,15.52417,17.02939,15.81139,17.88854,14.86607,19.69772,16.15549,19.23538,19.69772,19.23538,19.23538,19.69772,17.49286,17.80449,18.35756,20.24846,21.09502,21.93171,18.38478,19.10497,17.80449,19.84943,45.54119,44.91102,47.29693,49.24429,51.1957,51.41984,49.64877,53.93515,55.22681,55.57877,57.07013,61.52235,61.29437,65.12296,72.06247,70.00714,74.00676,72.00694,74.06079,77.23341,79.30952,81.61495,81.22192,79.6304,82.49242,82.8734,80.23092,81.3941,77.88453,78.84795,73.37575,73.73602,73.38937,72.89719,72.06941,68.7968,66.57327,64.40497,63.25346,67.89698,65.94695,60.80296,61.58734,58.18075,57.77543,57.24509,63.89053,62.16912,60.40695,63.3877,60.07495,60.00833,60.00833,62.20129,63.95311,61.39218,63.06346
10.04988,10.04988,10.04988,9.05539,9.0,8.0,8.0,8.0,7.0,7.0,7.07107,7.07107,6.08276,6.08276,5.09902,5.09902,5.09902,5.09902,4.12311,4.0,4.0,4.0,4.0,3.0,3.0,3.0,3.16228,3.16228,3.16228,3.16228,2.23607,2.82843,3.60555,2.82843,2.82843,2.82843,3.60555,2.82843,2.82843,3.60555,3.60555,3.60555,3.60555,2.82843,3.60555,3.60555,3.60555,3.60555,3.60555,3.60555,3.60555,3.16228,63.56099,57.97413,60.63827,54.12947,55.9017,54.45181,53.60037,51.35173,49.25444,47.09565,43.0,44.04543,38.0526,38.0526,37.05401,34.1321,34.05877,31.14482,27.07397,28.16026,24.08319,22.02272,25.0,22.02272,22.0,20.22375,16.03122,19.23538,18.43909,18.43909,11.40175,16.12452,17.20465,18.86796,16.27882,18.43909,18.43909,17.02939,20.61553,19.10497,19.41649,15.81139,16.12452,17.49286,18.35756,21.47091,19.72308,18.78829,20.61553,17.49286,19.69772,21.0238,20.61553,21.54066,21.54066,20.39608,20.61553,47.38143,48.9183,49.0408,54.03702,49.0408,50.44799,53.8145,53.8145,56.63921,57.28001,59.46427,62.482,65.43699,65.43699,70.0,69.2026,75.45197,74.06079,74.06079,76.844,80.99383,80.77747,79.17702,82.76473,80.9506,81.43709,81.5414,81.15417,76.6942,79.12016,73.08215,74.46476,73.4983,71.38627,73.82412,67.18631,66.00758,67.1193,61.52235,58.46366,62.58594,58.87274,62.24147,59.94164,61.40033,57.62812,57.48913,62.93648,61.52235,58.72819,59.20304,62.1289,61.91123,62.17717,64.88451,65.74192,63.15853
10.04988,9.05539,9.05539,8.06226,8.06226,8.24621,7.28011,7.28011,7.28011,6.32456,6.32456,5.38516,5.38516,4.47214,4.12311,4.12311,4.12311,4.12311,3.16228,3.16228,3.0,3.0,3.0,3.0,3.0,3.16228,3.16228,3.16228,2.82843,2.82843,2.82843,2.82843,2.82843,2.82843,3.60555,3.60555,3.60555,3.60555,3.60555,3.60555,3.60555,3.60555,3.60555,3.60555,3.60555,4.47214,4.47214,4.47214,4.12311,4.12311,4.12311,4.12311,61.03278,59.03389,57.03508,56.0803,56.0803,53.23533,46.38965,50.35871,49.16299,46.52956,43.73786,39.81206,41.7732,36.34556,33.54102,34.20526,32.98485,29.61419,29.61419,26.92582,22.13594,20.61553,22.2036,22.56103,19.0263,19.10497,16.12452,16.0,15.0,16.49242,18.11077,15.81139,16.40122,16.12452,15.6205,20.24846,17.49286,16.27882,16.40122,19.10497,17.80449,18.02776,21.2132,18.86796,21.40093,20.0,21.09502,22.47221,19.41649,20.61553,20.24846,18.02776,23.02173,19.72308,21.18962,21.0238,21.54066,44.41846,47.70744,47.70744,51.61395,49.67897,52.63079,54.08327,57.14018,55.75841,57.80138,63.52952,64.00781,66.70832,66.64083,72.01389,67.54258,75.02666,68.15424,77.62087,79.05694,75.96052,80.36168,74.73286,80.52329,80.04998,82.37718,78.44743,77.78175,77.41447,78.40918,73.17103,75.02666,71.00704,69.35416,67.74216,64.93843,66.94027,65.25335,63.32456,61.32699,61.77378,61.61169,60.60528,62.96825,59.4138,57.62812,62.00806,60.53924,62.17717,58.18075,61.32699,61.46544,58.24088,60.87693,64.13267,62.80127,64.77654
10.77033,9.84886,9.84886,9.84886,9.48683,8.544,8.24621,7.28011,7.28011,7.28011,6.32456,6.32456,6.32456,6.32456,5.38516,5.38516,5.09902,4.12311,4.12311,4.12311,4.12311,4.47214,4.47214,3.60555,3.60555,3.60555,4.24264,4.24264,3.60555,4.24264,3.60555,3.60555,3.60555,3.60555,4.47214,4.47214,4.47214,4.12311,4.12311,4.12311,4.12311,4.12311,4.12311,4.12311,4.12311,4.12311,4.12311,4.12311,4.12311,4.12311,4.0,4.0,65.74192,61.29437,60.41523,59.9333,57.93962,57.24509,57.24509,51.5461,51.5461,48.76474,44.14748,45.89118,44.72136,41.7732,38.47077,35.90265,36.34556,30.59412,25.4951,32.38827,25.31798,26.1725,24.18677,24.33105,18.97367,21.58703,19.69772,19.92486,22.36068,17.08801,20.24846,21.9545,18.38478,20.51828,21.2132,19.10497,20.59126,20.59126,22.82542,22.13594,18.35756,21.18962,23.25941,19.64688,21.58703,22.84732,20.61553,22.84732,22.13594,22.47221,21.18962,22.13594,23.19483,23.02173,23.02173,23.34524,22.02272,45.31004,50.59644,50.96077,52.81098,56.32051,50.28916,55.36244,56.921,57.93962,58.60034,60.83584,64.00781,64.66065,66.7308,69.46222,70.83078,72.62231,75.71658,73.87828,75.21303,79.40403,81.68843,84.29116,84.21995,82.75869,83.54639,81.3941,78.1025,82.21922,80.0,76.55064,73.92564,74.43118,74.24958,73.53911,68.62215,66.76077,65.51336,66.75328,63.07139,63.12686,64.38167,60.01666,65.96969,60.72891,55.9464,56.79789,59.94164,64.40497,62.1289,64.53681,66.48308,67.17887,64.53681,67.20119,62.1289,66.37017
11.04536,11.04536,10.04988,10.04988,9.0,9.0,9.0,8.0,8.0,7.07107,7.07107,7.07107,6.08276,6.08276,6.08276,6.08276,6.08276,5.09902,5.09902,4.0,4.0,4.0,4.0,3.0,3.0,4.0,3.16228,3.60555,3.60555,3.60555,2.82843,2.82843,2.82843,2.82843,2.82843,3.60555,2.82843,3.60555,3.60555,3.60555,3.60555,3.60555,3.60555,3.60555,3.16228,3.16228,3.16228,3.16228,4.12311,3.16228,3.16228,3.0,67.46851,57.97413,63.15061,59.84146,58.0517,57.31492,55.3263,54.23099,44.18144,46.09772,44.04543,45.0,39.0,38.01316,42.19005,37.05401,33.01515,28.0,31.14482,30.06659,25.07987,25.01999,25.07987,22.2036,22.0,22.02272,17.11724,21.2132,18.68154,19.41649,15.52417,17.46425,16.12452,14.21267,16.97056,16.97056,19.72308,15.81139,18.02776,18.35756,19.23538,17.0,21.0238,19.69772,21.18962,19.31321,22.36068,20.24846,21.18962,22.13594,21.18962,21.58703,22.2036,16.0,19.10497,23.02173,22.02272,48.16638,50.44799,50.60632,53.82379,53.25411,55.80323,51.0392,55.60576,56.72742,59.4138,60.20797,64.44377,65.79514,69.35416,71.50524,70.03571,76.2168,71.21798,77.42093,79.20227,82.66196,82.37718,79.40403,81.30191,83.00602,80.06248,84.59905,82.29216,75.58439,77.49194,72.11103,74.72617,72.27724,70.34202,71.19691,70.34913,64.0,66.0303,63.1981,61.66036,63.06346,57.24509,63.15853,59.5399,64.07027,54.20332,58.25805,59.39697,57.31492,60.87693,65.21503,63.81222,66.7308,64.88451,65.30697,69.07966,65.19202
11.6619,11.6619,10.81665,10.81665,9.43398,9.43398,8.60233,8.60233,8.60233,7.81025,7.81025,7.07107,6.40312,6.40312,6.40312,5.65685,5.65685,5.0,4.24264,5.0,3.60555,3.60555,4.47214,3.60555,3.16228,3.16228,3.16228,3.0,2.0,4.0,3.16228,3.16228,3.16228,2.82843,3.60555,3.60555,3.16228,2.82843,3.60555,2.82843,3.60555,3.60555,3.60555,4.24264,4.24264,3.60555,4.24264,3.60555,3.60555,3.60555,3.60555,3.16228,71.06335,59.77458,69.12308,61.40033,57.93962,60.40695,50.69517,55.15433,46.23851,52.80152,45.18849,45.79301,41.67733,39.11521,38.58756,36.05551,33.61547,28.6007,30.80584,27.20294,27.20294,21.93171,24.16609,23.02173,17.0,18.35756,15.26434,15.81139,13.34166,14.31782,17.26268,12.16553,14.14214,15.52417,15.26434,13.92839,14.76482,18.02776,18.38478,16.40122,16.40122,20.61553,18.43909,19.20937,19.20937,16.27882,23.43075,20.24846,20.61553,22.2036,21.54066,20.24846,19.41649,20.24846,18.38478,20.88061,21.37756,47.53946,51.24451,50.15974,56.85948,51.62364,58.30952,56.0803,56.64804,57.28001,54.81788,59.90826,61.98387,66.75328,66.4906,72.99315,67.26812,74.43118,72.44308,75.42546,74.43118,82.21922,81.15417,78.00641,81.02469,82.05486,81.15417,79.40403,85.2115,71.34424,80.75271,73.34848,77.36924,73.00685,72.11103,72.23573,67.62396,63.13478,68.24222,65.0,64.53681,61.52235,57.62812,64.03124,62.43397,61.91123,58.59181,57.58472,57.97413,61.61169,57.48913,62.20129,65.06919,68.02941,63.12686,70.34913,65.49046,65.76473
10.0,10.0,9.21954,8.60233,7.81025,7.81025,7.81025,7.81025,7.07107,6.40312,6.40312,6.40312,5.65685,5.0,5.0,5.0,5.0,4.47214,3.60555,3.60555,2.82843,2.82843,2.82843,2.23607,2.23607,1.41421,1.41421,2.0,2.0,1.0,1.41421,1.41421,1.41421,1.41421,1.41421,1.41421,2.23607,2.23607,2.23607,2.23607,2.23607,2.23607,3.16228,2.23607,3.16228,3.16228,3.16228,3.16228,3.0,3.0,3.0,3.0,63.07139,60.03332,63.06346,58.66856,59.07622,57.14018,53.82379,54.08327,51.0392,45.34314,44.65423,42.0119,43.13931,41.86884,35.4683,34.65545,35.38361,31.14482,29.0,25.4951,29.06888,24.08319,23.34524,22.67157,22.67157,17.49286,12.52996,18.02776,12.52996,11.7047,13.15295,13.0384,13.34166,11.40175,13.41641,15.29706,12.08305,13.60147,12.04159,14.14214,15.81139,15.0,15.6205,16.40122,14.86607,19.84943,19.20937,16.64332,14.76482,17.80449,18.38478,19.72308,20.61553,18.02776,16.55295,17.46425,20.09975,48.09366,51.0392,51.0,54.0,54.08327,53.00943,54.00926,59.03389,58.00862,56.0803,63.12686,65.27634,65.62012,67.74216,71.70077,70.03571,75.50497,76.90254,76.65507,74.95332,77.20104,81.7435,80.77747,82.21922,80.65358,82.28001,82.28001,83.25863,78.92401,82.29216,75.591,73.92564,71.56116,72.94518,74.8131,70.83784,66.48308,65.79514,65.19202,62.1289,63.81222,61.26989,63.50591,60.08328,61.84658,60.72891,62.514,60.20797,62.00806,60.13319,61.29437,64.13267,64.32729,59.03389,67.72001,67.6757,66.09841
11.18034,9.84886,10.29563,9.43398,9.43398,8.06226,8.06226,8.06226,7.2111,7.2111,7.2111,7.2111,6.40312,5.83095,5.0,5.0,5.0,5.0,4.24264,3.60555,3.60555,3.60555,3.16228,2.23607,2.23607,2.23607,2.0,1.0,1.0,1.41421,1.41421,1.41421,1.0,1.0,1.0,2.0,2.0,1.0,2.0,2.0,2.0,2.23607,2.23607,2.23607,2.23607,2.23607,2.23607,2.23607,2.23607,2.82843,2.23607,2.82843,62.96825,60.53924,63.81222,61.58734,56.85948,58.24946,55.47071,55.21775,50.0,48.60041,47.80167,44.04543,39.82462,38.94868,37.64306,35.4683,35.38361,31.14482,29.20616,25.6125,24.75884,22.02272,19.84943,18.43909,15.81139,13.45362,13.89244,11.40175,9.21954,9.43398,8.24621,7.07107,8.60233,7.81025,7.2111,6.32456,9.48683,8.24621,8.06226,9.05539,9.05539,14.03567,10.0,14.03567,14.31782,12.04159,15.65248,16.12452,15.29706,16.12452,15.23155,19.23538,17.20465,18.02776,19.23538,16.15549,15.26434,45.27693,48.01042,49.64877,54.81788,52.40229,50.93133,53.8145,56.0803,58.0517,56.22277,59.66574,59.66574,62.42596,66.4003,68.41053,64.66065,73.10951,71.40028,75.21303,74.8131,75.16648,80.43009,79.02531,77.42093,80.60397,81.40025,74.88658,80.44874,73.40981,79.88116,74.94665,77.69813,72.56032,72.06941,72.94518,71.55418,69.28925,65.80274,62.93648,61.61169,61.98387,62.80127,64.19502,61.0082,61.03278,67.06713,61.40033,59.22837,59.90826,60.44005,62.93648,60.53924,65.74192,62.24147,68.88396,67.53518,63.95311
11.6619,10.81665,10.81665,10.29563,9.43398,8.60233,8.60233,8.60233,7.81025,7.81025,7.2111,7.07107,6.40312,5.65685,5.0,5.65685,5.0,4.24264,4.24264,3.60555,2.82843,2.82843,2.82843,2.82843,1.41421,1.41421,1.41421,1.0,0.0,0.0,1.0,1.41421,1.41421,1.41421,1.41421,2.23607,1.41421,2.23607,2.82843,2.82843,2.23607,2.82843,2.82843,2.82843,3.60555,3.60555,3.60555,3.60555,3.60555,3.60555,3.16228,4.12311,65.19202,67.41662,62.8172,60.92618,58.69412,57.00877,58.30952,52.39275,49.98,51.07837,47.85394,46.06517,44.77723,38.58756,38.47077,36.67424,35.77709,33.61547,28.17801,24.69818,25.94224,19.69772,22.36068,19.41649,16.49242,14.42221,13.60147,11.18034,7.61577,8.06226,5.38516,2.0,2.0,3.16228,3.60555,3.16228,5.38516,8.94427,7.07107,9.84886,8.544,9.43398,13.0384,13.60147,14.86607,16.40122,11.40175,17.02939,15.55635,16.27882,17.02939,19.20937,17.20465,16.12452,16.64332,19.23538,14.76482,48.82622,48.10405,51.73973,53.75872,55.86591,52.40229,55.44367,55.17246,55.86591,57.31492,60.87693,63.78087,63.65532,68.593,65.8559,70.72482,72.86288,74.96666,74.41102,77.7946,79.20859,82.07314,82.73452,79.20859,82.75869,82.73452,82.13404,76.41989,82.87943,79.30952,77.23341,76.57676,74.51845,74.65253,75.21303,72.42237,68.60029,65.36819,67.08204,65.79514,63.69458,64.19502,60.63827,61.98387,60.53098,60.00833,61.13101,62.03225,65.12296,62.07254,66.37017,67.26812,65.11528,69.63476,69.63476,67.18631,69.37579
10.04988,9.05539,9.21954,9.05539,8.06226,8.06226,8.06226,7.07107,7.07107,6.08276,6.08276,6.08276,5.09902,5.09902,4.0,4.0,4.0,4.0,3.0,2.0,2.0,2.0,2.0,1.0,1.0,1.41421,1.0,1.0,0.0,1.0,1.41421,2.23607,1.41421,1.41421,2.23607,2.23607,2.23607,2.23607,2.23607,3.16228,3.16228,3.16228,3.16228,3.16228,3.16228,3.16228,3.16228,3.0,3.0,3.0,3.0,4.0,71.00704,62.1289,65.0,61.20457,61.07373,58.07753,56.0357,55.03635,52.00961,48.0,47.04253,45.09989,41.0,38.0526,37.01351,34.0147,34.0147,31.14482,28.28427,26.4764,27.07397,20.0,19.0263,18.11077,15.29706,14.0,13.0,11.04536,9.05539,8.544,3.60555,7.07107,2.23607,3.16228,3.16228,4.24264,7.61577,10.44031,7.0,11.18034,9.48683,10.19804,11.18034,14.0,13.15295,10.04988,15.81139,14.31782,16.03122,17.0,18.02776,18.02776,19.0263,16.0,20.02498,19.41649,16.55295,46.64762,50.47772,53.25411,50.32892,53.41348,55.9017,56.58622,56.85068,58.0,56.56854,61.55485,60.959,63.89053,70.83784,65.79514,66.48308,74.96666,72.86288,77.7946,76.48529,77.10383,78.74643,80.91971,82.73452,80.72174,80.72174,84.89994,82.9759,79.20859,84.29116,77.83315,80.80842,77.33693,76.38063,72.91776,72.12489,67.20863,69.2026,67.20119,64.63745,66.28725,61.77378,62.6099,65.30697,64.62198,65.39113,63.15853,63.90618,62.64184,64.03124,62.64982,64.28063,65.9242,65.37584,74.10803,71.11259,67.26812
12.0,11.0,11.0,11.0,10.0,10.0,9.0,9.0,8.0,8.0,7.0,7.0,7.0,7.0,6.0,6.0,5.0,5.0,5.0,4.0,4.0,4.0,3.0,3.0,3.0,2.0,1.0,1.41421,1.41421,1.0,1.0,1.0,1.0,1.0,1.0,1.0,1.0,1.0,1.0,1.0,2.0,1.0,1.0,2.0,2.0,2.0,2.0,2.0,2.0,2.0,2.23607,2.23607,68.18358,66.48308,63.12686,64.19502,63.78871,56.56854,57.55867,57.70615,53.75872,49.36598,47.51842,46.38965,45.54119,44.10215,39.31921,32.38827,35.90265,34.36568,28.44293,31.0,26.0,27.16616,22.02272,20.02498,18.68154,15.52417,15.0333,13.0384,10.19804,9.0,5.0,3.16228,2.23607,0.0,2.23607,2.23607,5.09902,7.28011,5.09902,5.09902,7.2111,5.09902,7.61577,8.0,13.60147,10.04988,11.04536,14.03567,15.29706,13.0,14.56022,15.23155,13.60147,14.86607,15.65248,14.21267,16.27882,45.12206,48.76474,48.46648,50.15974,51.88449,53.23533,51.47815,53.23533,54.12024,55.47071,56.85948,61.85467,64.3506,66.85058,68.50547,70.45566,72.11103,73.60027,73.60027,76.83749,77.00649,81.8352,82.13404,80.80842,82.07314,84.29116,80.72174,79.93122,81.34494,79.98125,79.30952,76.41989,80.28076,79.51101,74.65253,72.8011,73.24616,68.24954,69.40461,71.02816,68.09552,67.53518,64.88451,69.64194,64.62198,60.53924,63.24555,62.36185,67.72001,65.0,64.32729,65.9242,65.62012,70.5762,70.45566,70.45566,70.45566
10.81665,10.81665,10.0,10.29563,9.43398,9.43398,8.06226,8.06226,8.06226,7.2111,7.2111,5.83095,5.83095,5.83095,5.0,4.47214,4.47214,3.60555,3.60555,3.60555,3.60555,2.23607,2.23607,1.41421,1.41421,1.0,1.0,0.0,0.0,1.0,1.0,1.0,1.0,1.0,2.23607,2.23607,2.23607,2.0,2.23607,2.23607,3.16228,2.23607,2.23607,3.16228,3.16228,3.16228,3.16228,3.0,3.16228,3.0,4.0,3.16228,66.94027,60.44005,61.40033,62.36986,61.03278,58.24088,54.81788,52.39275,53.14132,51.86521,48.50773,43.93177,43.73786,41.23106,38.8973,36.40055,36.13862,33.83785,31.32092,25.07987,27.89265,23.76973,21.0238,20.24846,15.23155,14.86607,12.36932,10.29563,11.18034,8.94427,5.09902,7.07107,3.16228,1.0,1.0,2.23607,7.2111,5.09902,4.0,7.07107,6.40312,11.40175,10.19804,8.94427,13.0,11.04536,13.0384,12.04159,13.15295,13.15295,17.11724,14.14214,15.0333,15.0333,15.29706,14.31782,16.12452,47.29693,47.16991,50.0,48.04165,49.09175,52.00961,51.15662,52.23983,57.70615,56.14268,57.70615,62.07254,61.29437,67.60178,67.89698,68.06614,72.18033,73.75636,75.9276,76.92204,76.24303,83.24062,80.95678,78.58753,79.12016,79.81228,81.60882,82.5409,80.95678,80.05623,73.05477,80.32434,77.7946,74.63243,78.1089,75.96052,72.03471,71.80529,69.63476,68.06614,68.65858,65.27634,64.38167,68.26419,63.00794,62.00806,66.00758,68.35934,65.49046,65.19202,63.15061,66.70832,67.46851,67.68309,68.30813,70.34202,66.09841
10.77033,10.77033,10.77033,9.84886,9.84886,8.544,8.94427,8.544,8.544,7.61577,7.61577,7.61577,6.7082,6.7082,5.83095,5.83095,5.38516,4.47214,4.47214,4.47214,3.60555,3.60555,3.60555,2.82843,2.23607,2.23607,1.41421,1.41421,1.41421,1.0,1.0,1.0,1.0,1.0,0.0,1.41421,1.0,1.41421,1.41421,1.41421,1.0,1.0,1.41421,2.0,2.0,2.23607,2.23607,2.23607,2.23607,2.23607,2.23607,2.82843,62.24147,61.46544,64.51356,66.7308,62.76942,62.03225,56.30275,57.38467,50.15974,49.0408,46.8188,47.75982,44.77723,43.01163,38.8973,38.27532,36.68787,32.20248,29.54657,31.30495,26.92582,25.05993,25.05993,19.72308,20.24846,14.42221,15.65248,11.40175,11.7047,10.0,7.61577,7.2111,2.23607,5.09902,6.7082,4.47214,2.23607,4.47214,5.38516,5.38516,6.32456,7.61577,8.24621,5.38516,8.544,8.06226,12.04159,11.04536,9.21954,14.03567,14.03567,13.0384,13.15295,14.03567,17.72005,14.31782,15.23155,41.23106,40.60788,45.89118,48.25971,48.04165,48.0,47.04253,53.15073,52.0,51.15662,56.0357,61.13101,61.07373,63.28507,64.28063,65.76473,68.88396,68.73136,70.5762,73.1642,73.97973,76.48529,73.97973,79.30952,78.16009,80.77747,77.88453,77.7946,77.20104,83.24062,75.18643,79.12016,74.2159,76.90254,74.46476,75.31268,71.58911,70.03571,68.24954,65.76473,63.50591,67.02984,66.0303,64.03124,64.12488,61.29437,60.53098,66.28725,63.95311,65.30697,67.26812,66.21933,69.857,67.44627,65.78754,71.16881,71.51224
12.64911,11.7047,11.7047,10.77033,11.40175,10.44031,9.48683,9.48683,9.48683,8.544,8.24621,7.61577,7.61577,7.28011,6.32456,6.32456,5.38516,5.38516,5.38516,4.47214,4.47214,4.47214,4.12311,3.60555,3.60555,2.23607,2.0,2.23607,1.41421,1.41421,1.41421,1.0,1.0,1.0,0.0,1.0,1.0,1.41421,1.41421,1.41421,2.0,2.0,2.23607,2.0,2.23607,2.23607,2.23607,2.23607,2.82843,2.82843,2.82843,2.82843,32.75668,34.9285,32.28002,33.24154,30.08322,29.61419,28.63564,27.89265,26.4764,27.65863,23.08679,24.35159,22.56103,21.84033,19.64688,20.88061,19.92486,18.02776,14.14214,16.49242,15.81139,11.7047,12.64911,10.77033,8.544,9.48683,8.544,7.61577,6.32456,5.38516,5.83095,5.09902,2.82843,1.0,2.82843,3.0,2.0,1.41421,2.0,1.41421,1.0,1.41421,4.0,4.12311,4.0,4.12311,5.0,6.08276,5.09902,7.28011,6.0,8.24621,8.06226,8.544,8.94427,7.61577,8.60233,21.47091,18.38478,22.80351,22.80351,23.19483,22.36068,23.19483,24.33105,24.18677,28.28427,28.07134,29.06888,29.15476,30.06659,31.0,33.01515,33.01515,36.05551,34.0147,37.05401,38.11824,38.32754,40.4475,40.60788,40.60788,40.60788,39.05125,39.81206,39.81206,39.81206,38.63936,37.85499,38.63936,37.65634,37.65634,36.67424,35.51056,35.69314,35.35534,35.22783,33.13608,34.0,32.01562,34.0147,34.0147,34.1321,32.14032,32.55764,32.24903,33.54102,33.37664,32.98485,32.98485,36.13862,34.48188,33.24154,37.10795
9.84886,9.48683,8.94427,8.544,8.544,7.61577,7.61577,7.28011,7.61577,6.7082,6.32456,5.38516,5.38516,5.38516,4.47214,4.47214,4.12311,3.16228,3.16228,3.16228,2.23607,2.23607,2.23607,2.23607,1.41421,1.0,1.0,0.0,0.0,0.0,0.0,1.0,1.0,1.0,1.41421,1.41421,2.23607,2.0,2.23607,2.23607,2.23607,2.23607,3.16228,2.23607,3.16228,3.16228,3.16228,3.16228,3.16228,3.0,3.0,3.0,67.6757,67.6757,64.19502,62.64184,63.69458,57.24509,57.58472,57.00877,52.20153,51.26402,49.24429,45.69464,43.08132,45.54119,39.81206,37.16181,38.48376,30.08322,26.41969,30.41381,29.15476,21.93171,21.93171,19.23538,17.49286,15.65248,13.41641,12.04159,10.29563,10.19804,10.63015,9.43398,2.0,2.82843,4.47214,2.23607,2.0,1.0,5.65685,5.0,4.24264,4.24264,8.94427,9.84886,13.34166,13.89244,14.31782,11.40175,13.92839,14.56022,16.15549,15.52417,18.38478,19.23538,17.26268,16.12452,17.0,41.23106,42.57934,43.18565,46.01087,47.01064,50.24938,50.03998,51.08816,53.46027,53.23533,56.0803,57.14018,61.07373,66.48308,68.26419,66.27217,72.44308,74.52516,72.99315,77.27872,74.1485,80.77747,81.49233,79.07591,81.7435,81.7435,82.96987,81.90849,81.32035,80.08121,79.07591,80.65358,77.20104,76.40026,75.96052,74.52516,72.36712,72.36712,64.77654,69.35416,68.35934,72.00694,66.00758,69.11584,67.02984,65.12296,67.60178,68.24954,66.75328,68.88396,66.94027,71.80529,73.5459,69.92138,71.8401,69.57011,74.33034
11.18034,10.04988,10.19804,10.04988,9.05539,9.05539,9.05539,8.06226,8.06226,7.07107,7.07107,7.07107,6.08276,6.08276,5.09902,5.0,5.09902,4.12311,4.12311,3.0,3.16228,3.16228,3.0,2.23607,2.0,2.0,1.0,1.0,0.0,1.0,0.0,1.0,0.0,1.41421,1.41421,1.41421,1.41421,1.41421,2.0,2.23607,2.23607,2.23607,3.16228,3.16228,3.16228,3.0,3.0,3.0,3.0,3.0,4.0,4.12311,67.47592,67.1193,65.37584,57.42822,61.81424,61.29437,56.32051,51.35173,52.34501,51.47815,47.51842,46.52956,44.18144,42.29657,42.19005,41.0,36.49658,28.63564,31.40064,29.12044,25.70992,28.44293,20.39608,21.58703,21.84033,14.56022,15.65248,13.89244,11.40175,14.31782,6.7082,6.40312,6.08276,5.0,4.47214,2.23607,2.0,5.0,5.0,5.0,5.0,7.81025,6.08276,5.65685,12.08305,8.60233,13.0,13.60147,13.60147,12.36932,15.0,17.02939,17.11724,17.02939,21.0238,17.02939,17.46425,41.0,44.01136,43.56604,46.09772,47.67599,47.43416,50.96077,51.5461,54.70832,51.5461,56.64804,57.58472,60.44005,66.12866,63.24555,66.30988,70.2282,67.41662,72.61543,75.591,75.58439,78.29432,82.29216,81.3941,79.25907,85.0,83.64807,79.40403,84.11896,78.39005,79.17702,79.17702,78.03204,77.02597,79.25907,77.36924,77.47258,72.49828,71.86793,69.28925,73.37575,70.88018,68.44706,70.83078,68.24954,68.88396,70.71068,68.26419,67.36468,70.06426,69.02898,72.11103,70.0,72.02777,69.46222,72.33948,77.31753
9.89949,9.89949,9.89949,9.89949,8.48528,8.48528,7.81025,7.81025,7.07107,6.40312,6.40312,6.40312,5.65685,5.65685,5.0,5.0,3.60555,3.60555,3.60555,3.60555,3.60555,2.82843,1.41421,2.23607,2.23607,1.41421,0.0,1.0,0.0,0.0,0.0,0.0,1.0,0.0,1.41421,1.41421,1.41421,1.41421,1.41421,2.23607,2.23607,2.82843,2.82843,2.82843,2.82843,2.82843,2.82843,2.82843,2.82843,3.60555,3.60555,3.60555,70.83784,66.85058,65.19202,65.76473,61.7171,57.31492,53.2635,53.8145,47.50789,48.9183,50.44799,45.34314,43.18565,43.13931,39.69887,38.20995,36.06938,33.94113,26.87006,32.55764,26.40076,24.83948,21.93171,19.10497,22.02272,15.55635,20.51828,15.26434,11.40175,11.6619,7.07107,5.83095,8.24621,6.32456,3.60555,4.0,0.0,3.60555,4.24264,3.0,3.60555,5.65685,4.24264,7.2111,8.06226,10.0,10.0,12.04159,12.04159,14.42221,13.92839,13.41641,15.23155,14.76482,16.55295,18.24829,21.09502,43.01163,43.18565,46.66905,42.63801,46.01087,48.41487,48.60041,48.82622,51.31277,54.20332,57.14018,54.70832,58.83026,63.13478,64.49806,64.40497,66.18912,70.23532,72.94518,79.20227,73.92564,77.87811,78.92401,76.55064,82.5409,82.86133,79.40403,79.40403,80.65358,78.74643,79.40403,80.65358,77.49194,75.89466,78.44743,77.25283,70.21396,73.68175,68.15424,72.61543,71.55418,68.96376,67.54258,69.97142,67.74216,64.07027,66.61081,69.6563,66.8431,66.70832,69.2026,70.17834,74.27651,70.03571,74.96666,73.66139,74.95332
9.21954,9.21954,9.21954,9.21954,8.48528,7.81025,7.07107,7.07107,7.07107,6.40312,5.65685,5.65685,5.65685,5.65685,5.0,4.24264,4.24264,3.60555,2.82843,2.82843,2.82843,2.82843,1.41421,2.23607,1.41421,1.41421,1.0,1.0,1.0,0.0,0.0,0.0,0.0,1.0,1.41421,1.41421,1.41421,1.41421,1.41421,2.23607,2.82843,2.82843,2.82843,2.82843,2.82843,2.82843,3.60555,3.60555,3.16228,3.16228,3.16228,3.16228,71.17584,67.62396,61.7414,61.7414,62.16912,59.94164,56.36488,57.77543,52.92447,47.88528,47.92703,45.18849,44.72136,40.24922,38.48376,37.57659,37.58989,33.10589,32.20248,26.83282,25.94224,25.23886,24.18677,20.80865,16.64332,18.02776,14.86607,16.40122,10.63015,12.52996,12.20656,8.60233,6.7082,4.47214,1.41421,4.24264,3.16228,1.41421,2.23607,3.16228,7.61577,7.2111,6.40312,5.65685,8.48528,11.40175,12.80625,11.40175,14.76482,13.89244,15.65248,17.46425,13.60147,15.29706,14.14214,20.0,17.02939,42.19005,43.56604,48.46648,46.23851,49.64877,48.70318,48.70318,48.08326,56.75385,52.49762,56.75385,57.48913,61.18823,64.62971,64.28841,66.75328,67.89698,70.71068,70.45566,75.23962,77.64664,77.16217,78.02564,81.02469,80.0,78.00641,82.02439,82.0061,79.00633,82.02439,76.00658,80.00625,81.00617,80.00625,75.0,73.0,72.00694,72.24957,72.06247,71.56815,71.44928,67.60178,68.24954,73.00685,66.76077,71.47027,70.5195,66.12866,67.41662,74.09453,71.17584,74.84651,70.77429,69.77105,78.79086,72.44998,73.3553
10.19804,10.04988,9.05539,9.21954,9.21954,8.06226,8.06226,7.07107,7.07107,7.07107,6.08276,6.0,6.0,5.0,5.09902,4.0,4.0,4.0,3.0,4.0,3.0,3.0,2.0,2.0,2.0,1.41421,1.41421,1.0,1.0,1.0,0.0,0.0,1.41421,1.0,1.41421,1.41421,1.41421,1.0,2.0,2.0,2.23607,2.23607,2.23607,2.23607,2.23607,3.16228,3.16228,3.16228,3.60555,3.60555,3.60555,3.60555,68.35203,70.5762,65.52099,64.19502,62.62587,56.0803,58.18935,56.46238,52.0,47.75982,42.72002,43.65776,42.37924,38.60052,42.37924,37.10795,32.89377,35.1141,31.62278,27.65863,27.45906,23.08679,21.37756,20.39608,17.72005,16.27882,10.19804,15.0333,13.60147,10.04988,6.0,6.32456,8.06226,4.12311,4.47214,2.0,1.41421,3.0,3.0,2.23607,5.09902,3.60555,4.0,5.0,7.28011,9.48683,7.28011,8.24621,11.6619,14.56022,13.89244,13.60147,12.52996,17.20465,14.86607,17.20465,19.10497,40.4475,43.41659,45.60702,45.22168,47.53946,48.8467,47.88528,53.23533,53.7122,52.7731,59.5399,61.58734,61.91123,61.05735,65.36819,69.06519,68.60029,73.00685,70.45566,74.4043,77.20104,78.74643,80.05623,78.74643,78.51751,82.07314,79.9062,83.54639,80.65978,80.61017,78.51751,79.20859,78.49204,80.61017,77.7946,78.49204,72.91776,73.75636,68.0147,72.20111,71.40028,66.28725,68.26419,71.11962,65.0,72.91776,65.76473,66.70832,67.54258,70.83784,70.83784,68.62215,73.05477,72.11103,74.0,70.2282,71.47027
10.81665,10.81665,10.29563,10.0,9.43398,8.60233,8.06226,8.06226,7.2111,7.2111,7.2111,6.7082,5.83095,5.83095,5.83095,5.0,5.0,4.47214,4.47214,4.47214,4.47214,3.60555,3.16228,3.16228,3.60555,2.23607,2.23607,1.41421,1.41421,1.41421,1.41421,1.41421,1.41421,1.0,0.0,0.0,0.0,0.0,0.0,0.0,1.0,1.0,1.0,1.41421,1.41421,1.41421,1.41421,1.41421,1.41421,2.23607,2.23607,2.23607,66.37017,68.47627,65.0,62.96825,58.66856,58.30952,55.75841,53.0,51.97115,49.92995,45.65085,41.6173,45.79301,43.04649,36.89173,34.1321,35.22783,31.90611,30.8707,31.30495,29.06888,23.70654,21.47091,21.54066,18.02776,17.88854,18.02776,15.29706,12.64911,10.04988,10.44031,12.52996,5.09902,6.40312,3.60555,6.32456,7.07107,3.16228,3.60555,3.0,3.16228,4.24264,4.0,5.0,7.2111,7.07107,9.05539,11.6619,12.36932,8.94427,12.52996,12.08305,12.04159,14.14214,17.69181,16.64332,16.12452,44.14748,42.37924,45.88028,46.09772,52.3259,47.01064,47.70744,49.64877,55.22681,53.82379,57.42822,59.64059,62.80127,63.89053,64.66065,66.4003,67.00746,75.82216,71.50524,74.95332,77.07788,78.51751,82.07314,82.87943,83.40863,79.98125,79.02531,82.0061,81.8352,77.62087,81.8352,75.0,78.40918,74.20243,80.60397,72.47068,72.34639,71.58911,69.42622,68.593,68.62215,67.94115,70.17834,69.2026,61.22091,69.02898,66.61081,67.41662,69.33974,68.7968,67.1193,66.24198,74.24284,70.21396,75.591,71.55418,73.43024
10.44031,9.84886,9.84886,9.84886,8.544,8.544,7.61577,7.28011,6.32456,6.32456,6.32456,5.38516,6.32456,5.09902,5.09902,4.12311,4.12311,3.16228,4.0,3.0,3.0,3.0,2.0,2.0,2.0,1.41421,1.41421,1.0,1.0,1.0,1.0,1.0,1.0,1.0,1.41421,1.41421,1.41421,1.41421,1.41421,2.23607,2.23607,2.23607,2.23607,3.16228,2.23607,3.16228,3.60555,3.60555,3.60555,2.82843,3.60555,3.60555,66.4003,63.60031,63.60031,61.07373,57.98276,58.41233,55.21775,53.2635,48.82622,46.40043,42.80187,44.10215,42.2019,38.27532,32.44996,35.8469,32.24903,28.63564,29.06888,24.69818,26.83282,21.9545,18.78829,17.72005,14.31782,15.29706,11.7047,13.34166,9.84886,12.36932,6.7082,3.16228,3.60555,7.07107,2.82843,5.65685,4.24264,2.23607,3.0,3.0,4.12311,2.0,3.60555,5.65685,7.81025,10.63015,9.48683,7.28011,9.84886,11.18034,12.80625,12.52996,17.49286,18.38478,14.86607,14.76482,16.40122,43.60046,44.65423,44.68781,43.13931,48.79549,47.01064,50.60632,53.2635,54.91812,54.03702,55.0,57.14018,61.22091,68.60029,64.07027,67.1193,71.02112,73.92564,74.09453,73.92564,75.13322,80.49845,79.15807,79.30952,78.72103,80.5295,78.79086,81.939,78.92401,78.79086,78.79086,79.20227,77.38863,79.70571,76.55717,73.79024,68.42514,72.56032,67.60178,68.60029,67.74216,65.60488,68.50547,68.11755,64.44377,66.06815,66.48308,65.79514,68.62215,65.11528,66.70832,68.68042,69.2026,67.00746,70.72482,72.42237,70.0
10.63015,10.63015,10.63015,10.0,9.21954,9.21954,7.81025,8.48528,7.81025,7.81025,7.2111,6.40312,6.40312,6.40312,5.65685,5.0,5.0,4.24264,4.24264,4.24264,4.24264,4.24264,2.82843,2.82843,2.82843,2.23607,2.23607,2.23607,2.23607,1.41421,1.41421,1.41421,1.41421,1.0,1.0,1.0,1.0,1.0,0.0,0.0,1.0,1.0,1.0,1.0,1.0,1.0,2.0,2.0,1.0,2.23607,2.23607,2.23607,68.593,66.46804,60.82763,65.29931,57.98276,60.1415,58.0,55.9017,50.32892,49.57822,50.60632,46.8615,45.27693,41.72529,39.62323,38.28838,34.65545,31.14482,25.45584,27.58623,26.24881,24.75884,19.84943,19.84943,18.38478,16.12452,14.86607,16.12452,13.0384,12.20656,10.29563,10.0,7.61577,7.28011,2.23607,3.60555,1.41421,3.0,3.0,0.0,3.16228,1.41421,6.08276,1.41421,3.60555,7.0,6.32456,5.83095,11.6619,11.7047,10.44031,10.77033,13.0,12.16553,15.52417,12.16553,14.0,42.72002,42.37924,47.85394,45.65085,46.14109,48.60041,49.20366,52.63079,50.44799,58.79626,58.69412,60.1415,63.03174,64.3506,66.6033,68.11755,67.26812,71.8401,76.05919,73.40981,78.60025,76.02631,82.37718,83.76157,81.88406,81.49233,77.41447,77.82673,80.5295,80.05623,81.3941,76.94154,76.48529,77.82673,74.68601,72.01389,73.3553,72.56032,70.83078,66.24198,67.95587,69.2026,69.02898,70.0,63.41136,66.6033,65.19202,70.83784,67.17887,68.593,70.03571,70.76722,70.72482,70.76722,73.24616,71.70077,73.66139
11.0,10.0,10.0,10.0,9.0,9.0,9.0,8.0,8.0,7.0,7.0,7.0,6.0,6.0,5.0,5.0,5.0,4.0,4.12311,4.12311,4.12311,3.16228,3.16228,3.0,2.23607,2.23607,2.23607,2.23607,1.41421,2.23607,1.41421,1.41421,1.41421,1.41421,1.0,1.0,1.0,1.0,1.0,1.0,1.0,1.41421,1.41421,1.41421,1.41421,1.41421,1.41421,2.23607,2.23607,2.23607,2.23607,2.23607,68.593,68.46897,61.81424,64.07027,60.82763,56.7186,55.9017,54.12947,51.97115,50.63596,46.69047,41.97618,44.55334,42.05948,42.95346,36.87818,34.1321,32.55764,31.7805,28.44293,26.01922,24.18677,22.36068,17.02939,19.10497,19.41649,13.0,14.0,11.04536,13.0,9.05539,6.7082,9.21954,6.32456,7.2111,6.7082,7.2111,2.0,3.60555,5.38516,2.0,2.0,2.23607,5.38516,6.08276,5.0,6.40312,9.21954,10.63015,8.60233,12.72792,10.81665,12.20656,13.41641,13.89244,12.04159,14.31782,42.19005,43.82921,47.01064,47.29693,46.57252,46.52956,48.83646,50.80354,52.34501,55.57877,56.00893,59.0,61.0082,66.0303,68.0,67.1193,71.11259,71.25307,74.33034,71.19691,76.48529,76.11833,79.55501,80.36168,82.28001,82.5409,77.16217,79.05694,79.05694,84.50444,76.89603,75.27284,78.18568,75.96052,76.55064,71.86793,71.30919,71.16881,67.77905,68.96376,68.30813,68.88396,65.73431,67.26812,65.76473,70.85901,63.63961,66.37017,63.12686,66.48308,65.27634,70.00714,70.17834,67.06713,70.11419,70.02857,74.24284
11.40175,11.40175,10.0,10.81665,9.43398,9.43398,9.43398,8.60233,8.06226,8.06226,7.2111,7.2111,6.7082,5.83095,5.38516,5.83095,4.47214,4.47214,4.47214,3.60555,3.16228,3.16228,3.60555,2.23607,2.23607,2.23607,2.23607,1.0,1.0,1.41421,1.0,1.0,0.0,0.0,0.0,0.0,0.0,0.0,1.41421,1.41421,1.0,1.0,1.41421,1.41421,1.41421,1.41421,2.0,2.0,2.0,2.0,2.0,2.0,67.53518,62.64982,64.40497,60.37384,56.35601,57.93962,56.85948,54.78138,49.76947,52.0,46.51881,45.69464,44.77723,38.07887,36.40055,37.57659,33.61547,30.8707,30.08322,21.54066,26.41969,23.32381,22.13594,18.78829,20.59126,17.08801,15.65248,16.64332,12.08305,11.40175,10.63015,8.48528,7.07107,4.24264,4.24264,6.08276,3.60555,4.0,2.23607,2.23607,4.0,2.23607,2.23607,3.16228,4.12311,6.0,8.544,6.32456,9.21954,9.48683,10.0,13.0384,10.0,11.04536,10.19804,13.60147,14.42221,41.6173,45.0,46.66905,45.27693,44.04543,48.27007,49.40648,51.86521,55.22681,54.08327,57.3062,58.18075,62.68174,61.29437,65.76473,66.70832,71.86793,72.23573,76.15773,71.47027,74.63243,79.69944,79.12016,78.33901,82.76473,79.83107,79.62412,80.23092,79.42921,80.23092,76.11833,80.23092,75.80237,77.27872,76.79193,76.65507,71.19691,69.42622,69.42622,72.27724,71.30919,66.76077,68.96376,68.00735,64.84597,63.06346,66.64083,66.21178,68.942,66.18912,67.08204,70.23532,72.44998,65.29931,72.94518,72.94518,69.35416
9.84886,9.84886,9.84886,8.94427,8.94427,8.06226,7.61577,7.61577,7.61577,6.7082,6.7082,5.83095,5.38516,5.38516,4.47214,4.47214,3.16228,3.16228,3.16228,3.16228,2.23607,2.0,2.0,2.0,1.0,1.0,1.0,1.0,1.0,1.0,1.0,1.0,1.41421,1.41421,1.41421,1.41421,1.41421,1.41421,2.23607,2.82843,2.82843,2.82843,2.82843,2.82843,2.82843,2.82843,2.82843,3.60555,3.60555,3.60555,3.60555,3.60555,67.6757,70.21396,60.46487,64.3506,59.20304,56.72742,52.63079,52.49762,50.60632,48.27007,50.44799,45.0,44.65423,40.22437,39.05125,35.22783,35.80503,30.61046,28.30194,27.20294,21.63331,21.40093,20.61553,18.02776,16.64332,14.56022,9.84886,9.84886,10.44031,5.09902,8.06226,6.32456,2.0,3.60555,4.12311,1.0,7.2111,4.12311,8.544,6.08276,7.2111,5.0,5.83095,7.61577,7.61577,9.43398,10.29563,13.45362,10.29563,12.20656,14.42221,15.81139,13.0384,19.23538,14.76482,16.49242,17.11724,40.26164,39.84972,42.15448,45.17743,45.48626,47.16991,48.37355,47.01064,49.64877,53.25411,56.40035,56.40035,61.84658,59.5483,63.25346,63.12686,70.03571,71.50524,75.66373,71.42129,74.95332,77.7946,79.02531,79.20227,77.80103,79.64923,78.81624,78.81624,80.44874,78.81624,77.10383,77.10383,77.42093,75.0,77.00649,77.42093,72.8011,72.62231,73.60027,69.6563,75.0733,68.62215,68.593,70.83784,70.71068,66.70832,68.41053,65.0,69.2026,71.02816,69.40461,68.00735,69.89278,71.84706,73.00685,70.3278,73.24616
11.0,10.0,10.0,10.0,10.0,9.0,9.0,8.0,8.0,8.0,7.0,7.0,6.0,6.0,5.0,5.0,5.0,4.0,4.0,4.0,3.0,3.0,3.0,2.0,2.0,2.0,1.0,1.0,0.0,0.0,0.0,0.0,0.0,0.0,1.0,0.0,1.0,1.0,1.0,1.0,1.0,1.0,1.0,2.0,2.0,2.0,2.0,2.0,2.23607,2.23607,2.23607,2.23607,73.17103,69.11584,68.46897,66.27217,64.19502,62.07254,59.07622,57.00877,53.00943,51.15662,50.24938,47.09565,47.09565,40.04997,40.0125,39.01282,39.11521,32.14032,33.01515,25.17936,24.18677,23.34524,20.22375,17.08801,15.0,18.43909,12.36932,10.81665,11.7047,11.18034,7.2111,5.38516,3.0,3.16228,1.0,5.09902,4.12311,8.48528,5.0,7.2111,10.19804,6.7082,10.81665,8.544,11.18034,10.44031,12.04159,11.7047,12.64911,12.64911,12.64911,17.46425,17.46425,15.23155,16.55295,14.42221,18.43909,40.8534,43.41659,40.5216,44.28318,47.38143,48.37355,49.36598,50.08992,52.00961,51.15662,56.0357,60.03332,60.0,64.03124,67.06713,65.12296,73.24616,71.44928,75.42546,74.43118,78.91768,80.23092,76.29548,78.64477,79.81228,80.04998,80.52329,86.12201,78.84795,82.0061,78.44743,82.56513,79.69944,79.81228,78.1025,72.53275,73.34848,69.2315,70.85901,74.1485,70.85901,69.46222,70.25667,70.06426,71.17584,73.0,72.00694,70.02857,71.17584,70.25667,73.68175,73.43705,78.31347,75.16648,73.68175,80.62258,78.31347
11.04536,11.04536,10.04988,10.04988,10.0,9.05539,9.05539,8.06226,8.06226,7.07107,7.07107,7.07107,6.08276,6.08276,5.09902,5.09902,5.09902,4.12311,4.12311,3.16228,3.16228,2.23607,2.23607,2.23607,1.41421,1.41421,1.41421,1.0,1.0,1.0,1.0,1.0,1.41421,1.41421,1.41421,1.41421,2.23607,2.82843,2.23607,2.23607,2.23607,2.23607,2.23607,2.82843,3.16228,3.60555,3.60555,3.60555,3.60555,3.60555,3.60555,4.24264,71.00704,69.06519,66.0,65.12296,66.1211,58.00862,58.03447,57.21888,56.22277,49.09175,46.04346,47.16991,46.01087,44.40721,37.12142,38.01316,36.01389,35.01428,31.01612,30.0,25.01999,23.19483,22.02272,23.08679,16.03122,17.26268,12.0,14.86607,9.21954,11.18034,6.08276,5.38516,7.2111,5.0,5.09902,5.0,4.12311,6.7082,7.28011,7.07107,9.21954,7.07107,8.544,10.81665,9.84886,9.21954,10.29563,15.0,12.80625,12.04159,12.80625,13.45362,15.6205,17.02939,15.81139,16.64332,17.49286,40.24922,38.48376,44.94441,44.64303,47.07441,43.56604,46.38965,45.27693,50.24938,50.35871,54.14795,56.14268,59.13544,61.07373,63.00794,65.03076,65.12296,70.02857,68.11755,69.46222,73.82412,75.66373,74.1485,77.66595,81.78631,76.68768,78.58753,77.36924,80.52329,76.92204,77.20104,76.40026,74.04053,74.33034,78.33901,76.24303,73.24616,68.88396,70.40597,71.58911,69.2315,72.69113,69.35416,68.26419,66.48308,70.17834,68.02941,69.02898,70.00714,74.02702,70.00714,72.02777,69.06519,72.02777,74.06079,73.06162,71.06335
11.6619,10.81665,11.18034,10.29563,9.43398,9.43398,9.43398,8.06226,8.06226,8.06226,7.2111,7.2111,7.2111,5.83095,5.83095,5.83095,4.47214,4.47214,4.47214,3.60555,3.60555,3.60555,3.16228,2.23607,2.23607,2.23607,1.41421,1.0,1.0,0.0,0.0,0.0,1.0,1.0,1.0,1.41421,1.41421,1.41421,1.41421,1.41421,2.23607,2.23607,2.23607,2.23607,2.23607,2.23607,2.82843,3.16228,3.16228,3.16228,3.16228,3.16228,73.24616,65.19202,68.09552,67.1193,67.41662,62.1289,62.76942,60.20797,56.0803,54.40588,52.47857,51.31277,47.16991,44.10215,44.40721,39.40812,39.66106,34.98571,39.66106,36.89173,32.64966,26.83282,23.32381,24.41311,23.60085,17.08801,19.84943,17.46425,14.31782,11.18034,12.36932,4.47214,9.05539,8.06226,7.0,3.0,2.23607,1.0,2.23607,2.82843,3.16228,3.16228,5.09902,4.12311,5.0,5.0,8.06226,8.60233,8.60233,11.6619,13.60147,10.44031,18.02776,12.64911,14.31782,15.81139,15.0333,39.20459,39.20459,42.44997,43.01163,43.46263,42.15448,45.61798,48.75449,47.88528,48.30114,51.47815,55.07268,58.66856,61.40033,60.74537,64.66065,65.19202,68.60029,70.0,73.40981,74.41102,75.82216,75.66373,79.93122,76.41989,78.51751,77.23341,79.20859,77.33693,79.30952,76.6942,77.98718,76.57676,74.41102,75.28612,72.91776,72.91776,70.03571,71.50524,70.72482,71.44928,66.6033,64.44377,71.40028,65.43699,71.8401,68.8186,67.6757,69.33974,72.94518,70.72482,71.11962,71.86793,71.19691,72.20111,73.43024,75.17978
13.60147,12.80625,12.20656,12.20656,11.40175,10.63015,10.0,10.0,10.0,9.21954,9.21954,8.60233,7.81025,7.81025,7.81025,7.2111,6.40312,6.40312,5.83095,5.83095,5.0,5.0,4.24264,3.60555,3.60555,3.60555,2.82843,2.82843,2.23607,2.23607,2.23607,1.0,1.41421,1.0,1.0,1.0,1.0,0.0,1.0,0.0,1.0,1.0,1.0,1.0,1.0,1.0,1.0,2.0,2.0,2.0,2.0,2.0,69.6563,68.68042,68.68042,66.52819,63.89053,63.03174,58.79626,58.0,52.40229,53.75872,50.24938,50.9902,48.16638,41.72529,46.66905,40.36087,41.7732,36.40055,32.52691,35.35534,30.0,27.65863,27.58623,26.40076,24.75884,21.63331,19.10497,17.0,14.21267,14.21267,12.72792,12.72792,11.40175,9.43398,11.31371,6.7082,5.38516,8.544,2.23607,3.16228,3.60555,4.47214,6.08276,2.23607,4.12311,6.08276,8.24621,6.08276,8.06226,8.60233,9.21954,11.04536,11.40175,13.34166,11.04536,11.04536,16.27882,37.21559,42.44997,43.41659,44.28318,45.69464,43.04649,45.65085,47.50789,49.64877,49.39636,54.6443,52.69725,58.82176,61.61169,60.80296,66.06815,69.2026,66.6033,70.72482,72.86288,73.59348,76.41989,73.75636,79.81228,77.00649,81.8352,77.66595,79.6304,76.02631,79.40403,71.56116,77.38863,74.62573,75.45197,74.62573,72.11103,71.28113,73.4983,68.24222,71.21798,69.40461,64.03124,66.70832,67.17887,65.05382,68.0147,68.593,65.76473,67.35726,65.43699,65.43699,68.24954,71.21798,72.8011,69.81404,73.40981,68.00735
8.60233,7.81025,7.81025,7.07107,7.07107,6.40312,5.83095,5.0,5.0,5.0,5.38516,4.47214,4.47214,4.47214,4.47214,4.12311,3.16228,3.16228,3.16228,2.23607,2.23607,2.0,1.0,1.0,1.0,1.0,1.0,1.0,0.0,0.0,0.0,0.0,0.0,0.0,0.0,1.0,1.0,1.0,1.41421,1.41421,1.41421,2.23607,2.82843,2.82843,2.82843,1.41421,2.23607,2.23607,2.23607,2.23607,2.0,2.0,67.0,66.0,65.00769,64.00781,61.03278,60.07495,58.13777,56.22277,54.33231,52.46904,50.63596,48.83646,46.09772,44.14748,42.44997,39.56008,37.64306,36.05551,34.17601,32.69557,29.96665,28.17801,26.41969,24.18677,22.47221,20.24846,18.60108,16.40122,15.0,13.45362,12.04159,10.63015,9.21954,8.60233,7.2111,5.83095,5.38516,4.12311,3.0,2.0,1.41421,1.0,2.23607,3.16228,5.0,5.0,6.40312,7.07107,8.48528,8.48528,9.89949,10.63015,10.63015,12.04159,12.80625,13.60147,13.60147,42.48529,42.95346,43.46263,44.38468,46.23851,46.8188,47.75982,49.98,50.92151,53.14132,55.36244,56.64804,58.87274,61.09828,63.69458,65.55151,67.77905,70.93659,71.86793,73.73602,75.96052,77.25283,79.12016,80.05623,79.47956,80.41144,79.84986,81.15417,80.62258,80.11242,79.20227,78.26238,76.94154,75.66373,74.43118,73.78347,71.84706,70.0,69.6563,68.68042,67.88225,67.26812,66.8431,66.61081,65.73431,65.8635,65.29931,65.79514,66.85058,66.7308,67.05222,67.44627,67.91171,68.44706,69.05071,69.87131,69.72087
10.63015,10.63015,10.63015,10.0,9.21954,9.21954,9.21954,8.48528,7.81025,7.81025,7.81025,7.07107,6.40312,6.40312,5.65685,5.65685,4.24264,5.0,4.24264,4.24264,3.60555,2.82843,2.82843,2.82843,2.82843,1.41421,1.41421,1.41421,1.41421,1.41421,0.0,0.0,0.0,0.0,0.0,1.0,1.0,1.0,1.0,1.41421,1.41421,2.23607,2.23607,2.23607,2.23607,2.23607,2.23607,2.82843,2.82843,2.82843,2.82843,3.60555,66.4003,64.63745,66.8431,60.0,62.80127,60.21628,56.85948,59.40539,50.80354,51.22499,48.41487,48.60041,43.41659,45.0,41.86884,41.7732,37.64306,34.65545,32.80244,32.52691,33.42155,28.3196,26.1725,25.0,23.60085,20.80865,19.20937,16.27882,16.97056,14.21267,14.86607,15.55635,11.40175,6.7082,10.19804,6.40312,5.83095,5.0,3.0,2.82843,3.60555,3.60555,5.38516,3.16228,5.0,5.09902,9.05539,5.09902,7.28011,10.0,9.21954,14.14214,12.04159,12.04159,16.64332,15.0,15.65248,39.69887,41.6173,43.60046,44.41846,45.65085,43.41659,42.54409,48.10405,46.23851,52.0,52.35456,55.00909,57.38467,60.92618,63.32456,65.19202,66.7308,69.89278,70.88018,74.33034,73.75636,77.46612,80.60397,80.80842,80.60397,81.02469,80.06248,80.62258,79.40403,79.51101,77.52419,77.64664,80.399,77.52419,75.42546,76.79193,74.33034,68.65858,70.0928,66.94027,67.44627,67.35726,65.45991,65.9242,62.76942,62.24147,65.39113,63.95311,65.36819,65.45991,66.85058,66.4003,68.00735,65.45991,66.6033,67.42403,70.43437
11.04536,11.04536,10.04988,10.19804,9.05539,10.04988,9.05539,9.05539,8.0,8.0,8.0,7.0,7.0,6.0,6.0,6.08276,5.09902,5.0,4.12311,4.0,4.0,4.0,3.16228,3.16228,3.0,3.0,2.0,2.0,2.0,1.0,1.0,1.0,1.41421,1.0,1.0,1.0,1.0,1.0,1.41421,1.41421,1.41421,1.41421,1.41421,2.23607,2.23607,2.23607,2.23607,2.23607,2.23607,2.23607,3.16228,3.0,63.52952,63.63175,60.90156,61.05735,58.13777,57.69749,56.85948,56.36488,51.89412,48.33218,49.64877,44.01136,43.65776,42.04759,40.16217,36.40055,36.67424,32.75668,28.63564,26.57066,26.68333,21.58703,23.08679,23.76973,16.76305,20.39608,15.13275,14.86607,15.23155,13.0,10.77033,9.21954,6.0,10.63015,7.81025,7.2111,5.83095,5.65685,3.0,6.32456,5.83095,10.0,10.81665,9.89949,11.40175,8.24621,12.08305,13.0384,17.88854,13.41641,14.31782,18.11077,16.12452,15.52417,16.03122,16.03122,18.97367,38.27532,45.22168,42.05948,46.32494,47.07441,49.64877,49.81967,50.80354,51.41984,52.46904,57.07013,57.70615,59.43904,66.28725,65.96969,68.44706,71.58911,72.36712,74.52516,75.13322,77.92946,80.06248,82.60751,83.48653,85.37564,82.49242,81.61495,81.49847,80.62258,80.89499,79.07591,79.76215,79.07591,77.46612,76.68768,70.0928,73.00685,69.26038,66.76077,69.89278,65.39113,62.17717,68.47627,66.37017,63.41136,64.63745,62.42596,61.52235,64.44377,59.46427,65.19202,63.78087,63.41136,62.42596,65.19202,68.50547,66.88797
11.18034,11.18034,9.84886,9.84886,9.84886,8.94427,8.94427,8.544,7.61577,7.61577,7.61577,7.61577,6.32456,6.32456,6.32456,5.38516,5.38516,4.47214,4.12311,4.12311,4.12311,4.12311,3.16228,3.16228,3.16228,2.23607,2.23607,1.41421,1.41421,1.41421,1.41421,1.41421,1.0,1.0,1.0,1.41421,1.41421,1.41421,1.41421,2.23607,1.41421,2.23607,2.23607,2.23607,2.23607,2.23607,3.16228,3.0,3.0,3.0,3.16228,3.16228,68.09552,63.51378,58.30952,61.05735,55.07268,57.80138,55.00909,53.7122,47.88528,45.17743,44.77723,41.78516,40.70626,38.01316,35.77709,39.56008,33.10589,31.7805,30.46309,26.92582,28.4605,25.0,23.4094,23.4094,14.86607,15.23155,16.12452,15.52417,13.92839,7.2111,11.18034,7.2111,5.83095,5.65685,3.16228,3.60555,5.09902,3.60555,5.38516,5.65685,3.16228,11.18034,10.44031,6.40312,8.24621,11.18034,13.41641,15.52417,16.03122,14.03567,14.03567,19.0263,17.02939,21.2132,17.46425,19.69772,18.02776,40.60788,43.26662,39.82462,51.97115,48.33218,54.81788,53.85165,51.42956,60.74537,55.00909,57.93962,60.72891,59.03389,62.39391,68.35203,57.28001,71.30919,72.23573,75.0,76.92204,78.77182,81.59657,77.88453,79.81228,84.92938,85.61542,86.34813,85.61542,83.9345,79.81228,80.52329,84.89994,79.81228,79.40403,75.58439,73.68175,73.05477,71.16881,71.30919,69.83552,68.88396,67.41662,67.60178,64.81512,64.89992,64.40497,60.60528,60.81118,64.3506,64.3506,65.8559,65.43699,67.62396,66.0303,71.84706,69.89278,67.41662
8.94427,8.06226,8.06226,7.61577,7.61577,6.7082,6.7082,6.7082,6.7082,5.83095,5.38516,5.38516,4.47214,4.47214,3.60555,3.60555,3.60555,3.60555,2.23607,2.23607,2.23607,2.23607,2.23607,1.41421,1.41421,1.41421,1.0,0.0,0.0,1.0,0.0,1.0,1.41421,1.41421,1.41421,1.41421,1.41421,1.41421,1.41421,2.23607,2.82843,2.82843,2.82843,2.23607,2.82843,3.60555,3.16228,3.16228,3.16228,3.16228,4.12311,3.0,62.62587,62.03225,57.27128,57.58472,57.38467,54.23099,55.71355,51.89412,46.23851,47.42362,44.77723,41.14608,41.14608,39.0,38.91015,33.12099,31.30495,32.69557,28.23119,27.29469,26.07681,21.09502,22.80351,19.23538,15.26434,16.15549,14.42221,13.89244,13.92839,8.94427,9.43398,5.38516,2.82843,2.23607,3.16228,2.23607,2.23607,3.60555,5.0,6.7082,4.47214,4.47214,8.94427,8.94427,10.0,14.14214,12.20656,14.86607,15.6205,15.81139,14.76482,18.78829,18.68154,19.31321,16.27882,18.02776,19.0263,45.61798,45.31004,50.92151,50.59644,49.24429,50.44799,50.69517,53.15073,49.64877,54.12947,58.54912,57.27128,59.68249,62.80127,64.49806,68.26419,71.34424,73.17103,76.41989,76.05919,76.05919,81.0,82.0061,82.02439,85.14693,83.21658,82.0975,88.27797,82.29824,83.15047,81.30191,82.49242,81.61495,77.31753,78.40918,75.32596,72.06247,75.0,72.1734,73.0,68.0,67.26812,69.18092,68.73136,65.49046,67.74216,66.4906,65.51336,65.52099,64.7611,67.06713,65.14599,68.00735,65.9242,68.62215,70.38466,69.07966
11.18034,10.04988,10.04988,10.19804,9.21954,9.21954,8.06226,8.06226,8.06226,7.07107,7.07107,7.07107,6.08276,6.08276,5.09902,5.09902,5.09902,4.12311,4.12311,4.12311,3.16228,3.16228,3.16228,3.16228,2.23607,2.23607,2.23607,1.41421,1.41421,1.41421,1.41421,1.0,1.0,1.0,1.0,1.41421,1.41421,1.41421,1.41421,2.23607,2.23607,2.23607,2.23607,2.23607,3.16228,3.0,3.0,3.0,3.0,3.16228,3.16228,3.16228,59.80803,63.89053,64.19502,58.30952,59.80803,56.64804,52.55473,52.20153,49.24429,49.76947,44.01136,43.01163,44.94441,40.31129,38.07887,35.44009,34.48188,34.48188,27.85678,28.79236,28.79236,26.57066,22.2036,18.38478,23.08679,17.72005,17.11724,15.23155,16.55295,15.29706,14.31782,12.36932,7.61577,6.7082,7.61577,4.24264,5.0,3.60555,2.23607,4.12311,4.12311,3.60555,5.0,6.32456,6.32456,5.38516,8.06226,10.19804,11.04536,11.04536,12.64911,12.08305,14.86607,15.23155,15.81139,12.72792,17.69181,43.10452,47.51842,46.84015,50.69517,47.75982,53.14132,52.39275,51.62364,53.7122,54.56189,56.82429,58.66856,61.32699,64.49806,68.60029,65.8635,74.62573,70.72482,73.78347,75.60423,75.60423,79.02531,77.46612,79.51101,82.13404,79.30952,79.98125,85.58621,75.69016,79.98125,76.38063,80.61017,77.7946,79.9062,76.36753,74.96666,70.0928,73.0,67.94115,69.6563,69.2026,66.0303,68.24222,68.26419,68.26419,60.37384,66.24198,66.64083,65.79514,64.88451,63.15853,66.85058,69.07966,67.06713,68.35203,70.83784,67.41662
10.44031,10.44031,9.48683,9.48683,8.24621,8.24621,8.24621,7.28011,7.28011,7.28011,7.28011,6.32456,5.38516,5.38516,5.38516,5.09902,4.47214,4.12311,4.12311,3.16228,3.16228,3.16228,2.23607,2.23607,2.23607,2.0,2.0,1.0,1.0,1.0,0.0,1.0,0.0,1.0,1.0,1.0,2.0,1.41421,2.23607,2.23607,2.23607,2.23607,2.82843,2.82843,2.82843,2.82843,3.60555,3.60555,3.60555,3.16228,3.16228,3.16228,61.03278,59.4138,57.87055,56.56854,58.85576,54.33231,53.75872,51.24451,50.80354,48.05206,45.54119,43.28972,43.41659,40.79216,35.69314,37.65634,34.52535,29.61419,30.08322,28.79236,25.63201,23.4094,24.35159,21.58703,17.26268,18.24829,17.46425,15.29706,14.86607,13.0,11.7047,10.19804,10.44031,5.38516,8.06226,7.07107,5.0,5.83095,2.0,3.16228,3.16228,4.12311,6.32456,7.28011,10.29563,9.43398,8.60233,10.0,9.89949,12.04159,12.04159,14.42221,15.26434,16.55295,15.13275,17.46425,14.31782,41.0,44.18144,45.39824,47.07441,48.05206,50.96077,48.08326,50.44799,53.75872,54.70832,54.78138,57.93962,61.35145,64.51356,63.69458,67.23095,68.44706,71.55418,69.46222,75.13322,76.47876,76.53757,77.36924,79.17702,79.64923,79.64923,78.29432,76.66159,78.77182,79.64923,75.17978,75.66373,74.70609,71.58911,75.591,73.34848,72.23573,70.77429,69.64194,70.2282,66.7308,67.18631,65.0,66.70832,64.77654,65.30697,65.76473,66.27217,66.1211,66.00758,66.00758,65.03076,67.00746,66.1211,64.19502,66.48308,66.27217
11.18034,11.18034,11.18034,10.19804,10.19804,9.21954,9.21954,9.21954,8.24621,8.24621,7.07107,7.07107,7.07107,6.08276,6.08276,6.08276,5.09902,5.09902,5.09902,5.09902,4.12311,4.12311,3.16228,3.0,3.16228,3.16228,3.16228,2.23607,2.23607,2.23607,2.23607,1.41421,1.41421,1.41421,1.41421,1.41421,1.0,1.0,1.0,1.0,2.23607,1.41421,2.23607,1.41421,1.41421,2.23607,2.23607,2.23607,2.23607,2.23607,2.23607,2.0,66.09841,65.96969,68.06614,60.01666,58.85576,59.22837,54.74486,54.34151,50.80354,51.47815,47.85394,44.72136,43.41659,39.62323,41.4367,36.01389,36.34556,32.38827,32.14032,29.06888,30.01666,23.19483,22.56103,22.09072,22.02272,20.02498,18.0,18.02776,15.13275,15.29706,12.36932,10.44031,9.05539,8.24621,6.32456,6.7082,8.544,3.60555,5.09902,5.09902,5.0,4.12311,4.0,9.43398,8.06226,8.06226,7.2111,10.0,12.08305,12.20656,15.6205,11.04536,13.60147,12.04159,15.0,13.60147,16.0,43.01163,43.65776,45.17743,49.64877,50.60632,52.69725,52.69725,53.82379,55.60576,53.25411,60.60528,60.44005,63.25346,65.43699,68.76772,69.35416,75.16648,69.35416,74.41102,77.7946,77.15569,79.20859,80.62258,80.80842,81.3941,81.3941,81.3941,86.97701,79.24645,82.807,76.48529,82.73452,76.41989,77.07788,79.19596,72.91776,72.34639,75.16648,72.8011,72.20111,68.8186,69.33974,71.56116,66.7308,68.09552,66.70832,69.46222,65.9242,70.5762,68.00735,67.6757,72.03471,70.60453,64.53681,73.00685,73.75636,66.94027
9.48683,8.544,8.24621,8.544,8.24621,7.28011,7.28011,6.32456,6.32456,6.32456,6.08276,5.09902,5.09902,5.09902,5.09902,4.12311,4.0,3.16228,3.0,3.0,3.0,3.0,2.0,2.0,2.0,1.0,1.0,1.0,1.0,0.0,0.0,0.0,0.0,0.0,1.0,1.0,1.0,1.0,1.0,2.0,2.0,2.0,2.0,2.0,2.0,2.0,3.0,3.0,3.0,3.16228,3.16228,3.16228,63.32456,59.48109,64.03124,58.24088,55.36244,55.08176,50.96077,50.69517,49.98,44.92215,46.84015,41.7732,40.60788,37.85499,37.10795,33.95585,33.54102,29.83287,28.63564,27.29469,27.29469,20.61553,20.22375,20.02498,17.11724,17.11724,18.11077,15.13275,13.15295,13.34166,9.05539,8.06226,8.0,8.06226,5.38516,6.40312,5.0,3.16228,4.12311,5.0,3.60555,7.2111,7.81025,5.65685,6.40312,9.43398,11.18034,12.08305,9.48683,11.7047,12.36932,13.0,15.52417,15.0,14.0,18.24829,17.26268,40.70626,44.29447,42.54409,45.80393,45.80393,48.27007,47.50789,48.27007,52.63079,55.31727,58.72819,59.39697,60.87693,63.63961,66.46804,65.79514,70.71068,72.18033,72.91776,75.28612,77.00649,77.23341,81.21576,80.0,84.40379,79.64923,77.42093,81.21576,79.20227,79.6304,74.4043,77.00649,76.2168,74.65253,76.05919,69.6563,73.5527,70.0928,69.31089,69.29646,68.68042,67.62396,66.21933,66.85058,64.63745,66.28725,63.51378,65.36819,66.21178,65.55151,63.07139,67.62396,66.85058,62.29767,72.11103,67.6757,69.92138
10.0,10.63015,10.0,10.0,9.21954,9.21954,7.81025,7.81025,7.81025,6.40312,6.40312,7.07107,6.40312,5.65685,5.65685,5.0,5.0,4.24264,4.24264,3.60555,3.60555,3.60555,2.82843,2.82843,2.23607,2.23607,2.23607,1.41421,1.41421,1.41421,1.0,0.0,0.0,0.0,0.0,0.0,0.0,0.0,1.41421,1.41421,1.41421,1.41421,1.41421,1.41421,2.82843,2.23607,2.23607,3.16228,3.16228,3.16228,3.16228,3.16228,66.28725,60.90156,58.5235,56.4358,56.60389,54.3783,50.60632,52.47857,47.43416,46.04346,43.26662,41.04875,43.01163,38.01316,34.4093,31.62278,31.241,33.6006,32.20248,27.01851,26.90725,23.85372,22.80351,22.02272,15.6205,18.38478,17.80449,12.72792,12.72792,12.20656,9.21954,11.31371,6.7082,7.61577,4.24264,4.24264,3.16228,6.08276,4.47214,1.0,2.82843,3.16228,4.0,6.08276,4.24264,8.24621,8.24621,10.63015,8.94427,12.04159,14.21267,13.45362,13.60147,15.0,14.76482,17.08801,16.55295,38.58756,42.94182,43.86342,44.01136,45.22168,48.08326,47.29693,51.92302,50.96077,53.36666,53.60037,59.84146,59.43904,60.82763,67.26812,65.76473,69.87131,68.593,69.87131,74.24284,74.33034,79.15807,76.05919,79.00633,80.025,78.02564,79.05694,82.0061,77.02597,79.0,74.00676,77.0,74.00676,73.0,74.10803,72.11103,68.06614,67.18631,68.593,69.58448,69.58448,63.78871,68.88396,65.96969,63.60031,61.84658,62.62587,64.07808,65.9242,63.15853,64.41273,67.08204,67.1193,63.13478,64.41273,68.96376,67.60178
10.63015,9.89949,9.89949,9.89949,9.21954,8.48528,8.48528,7.81025,7.81025,7.81025,7.2111,7.07107,6.40312,5.65685,5.65685,5.65685,4.24264,4.24264,4.24264,4.24264,4.24264,3.60555,3.60555,2.82843,2.82843,2.82843,2.82843,2.23607,1.41421,1.41421,1.41421,1.41421,1.41421,1.41421,1.0,1.0,1.0,0.0,0.0,0.0,1.0,1.41421,1.0,1.41421,1.41421,1.41421,1.41421,1.41421,2.0,2.0,2.0,2.0,67.20119,65.0,64.81512,61.61169,59.81639,57.62812,54.6443,51.73973,50.32892,48.27007,48.02083,44.04543,46.04346,38.94868,39.05125,36.79674,36.87818,28.84441,28.30194,29.15476,28.30194,23.85372,23.85372,23.32381,20.24846,18.02776,15.6205,15.26434,14.76482,14.42221,10.29563,10.0,8.06226,7.07107,3.60555,7.81025,1.41421,3.16228,2.0,2.23607,4.47214,2.23607,6.0,4.12311,6.08276,8.06226,12.04159,6.40312,8.94427,13.60147,12.20656,13.45362,14.14214,14.76482,13.0,18.02776,13.92839,41.0,45.12206,45.22168,51.07837,48.33218,48.30114,54.12947,51.47815,53.23533,52.47857,58.82176,58.00862,59.40539,62.62587,67.62396,66.8431,70.93659,70.72482,74.33034,75.00667,77.78175,80.65978,79.51101,83.09633,80.44874,79.40403,79.05694,83.23461,76.844,81.60882,76.02631,76.40026,77.00649,74.65253,76.6094,72.34639,72.20111,68.00735,68.41053,68.11755,67.26812,67.17887,65.79514,65.79514,68.62215,70.45566,65.0,63.82006,67.6757,66.85058,66.8431,67.20119,65.80274,69.06519,68.24222,66.57327,69.46222
10.29563,10.29563,9.84886,10.29563,8.94427,8.06226,8.06226,7.2111,7.2111,6.7082,6.7082,6.7082,5.38516,5.38516,4.47214,4.47214,4.47214,3.16228,4.12311,3.16228,3.16228,3.16228,2.23607,3.0,2.0,2.0,1.0,1.0,1.0,1.0,1.0,1.0,1.0,1.0,1.0,1.41421,1.41421,1.41421,1.41421,1.41421,1.41421,1.41421,2.82843,2.82843,2.82843,2.82843,2.82843,3.60555,3.60555,3.16228,3.16228,3.16228,65.29931,66.52819,61.22091,60.80296,63.25346,56.72742,57.00877,53.15073,52.63079,52.63079,48.83646,44.59821,43.93177,43.18565,41.7732,39.66106,39.05125,31.241,31.89044,28.84441,28.30194,25.0,22.02272,22.47221,19.72308,18.86796,18.38478,17.0,16.12452,11.6619,14.31782,13.60147,10.44031,5.83095,9.21954,6.32456,5.09902,5.09902,3.0,2.0,1.41421,5.09902,4.24264,5.38516,6.40312,8.60233,10.0,9.21954,12.80625,10.29563,16.12452,13.89244,14.31782,15.23155,16.27882,20.61553,15.0333,43.86342,42.94182,47.01064,49.92995,50.47772,47.63402,52.00961,53.15073,53.74012,58.69412,58.0,61.07373,63.65532,65.8559,66.8431,71.70077,70.29225,75.21303,75.21303,78.77182,79.40403,79.92496,83.00602,80.77747,81.63333,84.58132,83.18654,81.3941,82.73452,78.26238,79.62412,76.55717,77.87811,77.38863,74.70609,77.36924,74.24284,68.47627,69.77105,69.64194,68.26419,70.21396,67.62396,69.52697,62.62587,68.593,70.00714,70.00714,67.94115,67.88225,66.52819,67.35726,72.34639,71.21798,75.0733,72.24957,68.24954
10.29563,10.29563,9.43398,9.43398,8.94427,8.94427,8.06226,8.06226,7.2111,6.7082,6.7082,6.7082,5.83095,5.83095,5.38516,5.38516,4.47214,4.47214,4.12311,3.16228,4.12311,3.16228,3.16228,3.0,3.0,3.0,2.0,2.0,2.0,2.0,2.0,2.23607,1.41421,1.41421,1.41421,1.41421,1.41421,1.41421,1.41421,1.0,1.0,2.0,2.0,2.0,2.0,2.0,2.0,3.0,3.0,3.0,3.0,3.16228,73.66139,70.72482,65.79514,65.8559,62.2254,64.38167,58.0517,55.22681,52.49762,50.20956,49.51767,44.04543,45.96738,41.7732,42.63801,38.20995,38.8973,32.55764,30.4795,26.62705,28.3196,24.08319,23.02173,20.61553,20.24846,20.12461,16.12452,17.88854,15.26434,14.86607,12.52996,16.55295,12.04159,11.6619,9.21954,6.7082,7.07107,4.12311,4.0,6.32456,2.82843,4.24264,3.60555,5.09902,8.60233,8.24621,6.32456,8.544,11.0,10.04988,11.04536,13.0384,15.13275,13.0384,18.0,14.56022,15.81139,43.65776,45.61798,42.48529,49.39636,56.40035,57.45433,52.63079,52.80152,53.75872,57.48913,62.36986,66.06815,59.46427,65.43699,67.20863,80.80223,73.24616,77.20104,71.02112,77.66595,78.49204,78.89233,81.88406,84.97058,82.76473,79.17702,80.95678,80.5295,81.70679,79.70571,77.38863,79.30952,81.70679,74.84651,76.05919,73.34848,72.44998,70.23532,69.46222,69.35416,66.37017,70.49113,66.85058,64.63745,64.66065,71.8401,65.29931,65.79514,67.88225,65.79514,68.593,67.89698,70.72482,69.31089,72.86288,67.94115,74.24958
10.29563,10.29563,9.84886,9.84886,9.84886,8.94427,8.544,8.544,7.61577,7.61577,7.61577,6.7082,6.32456,5.38516,5.38516,5.38516,5.38516,4.47214,4.47214,4.12311,3.16228,3.16228,3.16228,2.23607,2.23607,2.23607,1.41421,1.41421,1.41421,1.41421,1.41421,1.0,0.0,0.0,0.0,0.0,0.0,1.0,1.0,0.0,1.0,1.0,1.0,1.0,1.0,1.0,1.0,2.23607,2.23607,2.23607,1.41421,1.41421,64.66065,63.13478,65.51336,60.90156,59.03389,57.69749,56.36488,53.7122,51.0,50.08992,47.85394,43.86342,45.17743,39.0,38.07887,35.8469,35.77709,32.69557,27.313,28.63564,24.59675,23.70654,21.09502,18.86796,19.31321,18.86796,15.0,13.60147,12.72792,8.06226,9.89949,7.81025,6.40312,7.2111,4.12311,6.08276,3.16228,4.24264,5.09902,5.65685,5.09902,5.83095,8.06226,9.43398,6.0,8.94427,8.544,7.81025,10.19804,12.0,10.77033,12.52996,12.80625,15.26434,15.6205,15.6205,13.45362,46.61545,47.41308,48.25971,52.80152,54.67175,53.07542,52.34501,57.28001,58.72819,55.22681,63.03174,62.36986,64.81512,70.21396,72.42237,69.33974,76.00658,73.57309,77.41447,79.62412,83.25863,79.71198,84.15462,84.50444,82.86133,85.07056,86.40023,88.60023,81.49233,83.19856,78.8543,81.3941,78.08969,77.10383,77.87811,73.34848,70.83078,68.88396,68.06614,68.41053,68.68042,65.78754,67.6757,64.2573,60.53924,60.53924,64.4748,64.84597,64.88451,63.06346,61.58734,65.0,67.60178,66.03787,68.7968,69.89278,64.3506
10.29563,8.94427,10.29563,9.43398,8.94427,8.06226,8.06226,7.2111,6.7082,7.2111,5.83095,5.83095,5.83095,4.47214,4.47214,4.47214,3.16228,3.60555,3.16228,3.16228,2.23607,2.23607,2.0,2.0,1.0,1.0,1.0,1.41421,1.0,1.0,1.0,1.0,1.0,2.0,2.0,1.41421,2.23607,2.23607,2.23607,2.23607,2.23607,2.23607,2.23607,2.23607,3.16228,3.16228,3.16228,3.16228,3.16228,3.16228,4.12311,3.0,64.28841,64.2573,58.18935,61.03278,54.42426,53.48832,51.24451,49.39636,51.62364,50.15974,42.05948,43.46263,38.27532,40.8534,33.61547,35.4683,33.10589,27.73085,24.35159,27.89265,21.84033,21.47091,20.88061,17.11724,14.31782,13.0384,11.40175,14.14214,13.0384,7.0,7.07107,11.18034,5.38516,5.38516,5.65685,4.24264,7.61577,6.08276,8.06226,3.0,8.06226,10.29563,9.84886,8.544,6.32456,10.0,11.31371,13.0,10.81665,14.76482,10.81665,18.38478,16.55295,18.02776,15.23155,15.52417,16.76305,44.40721,45.0,52.0,50.15974,48.6621,49.0306,53.93515,54.12947,55.54278,59.90826,60.74537,65.14599,64.84597,66.48308,65.55151,70.38466,71.58911,75.591,78.77182,81.84131,82.68011,84.38009,86.53323,85.44589,87.00575,83.09633,83.09633,81.56592,85.14693,82.21922,85.04117,79.20859,80.62258,77.10383,77.98718,70.76722,74.51845,72.18033,69.42622,66.06815,63.25346,67.74216,65.60488,66.57327,61.85467,67.53518,60.82763,63.06346,57.24509,63.97656,60.53924,61.46544,58.5235,66.40783,65.45991,62.96825,68.62215
9.89949,9.21954,9.21954,9.21954,8.48528,7.81025,7.81025,7.81025,7.07107,6.40312,6.40312,6.40312,5.65685,5.0,4.24264,5.0,4.24264,3.60555,3.60555,3.60555,3.16228,2.23607,2.23607,2.23607,2.23607,2.0,2.0,1.0,1.41421,1.41421,1.41421,1.41421,1.41421,1.0,2.23607,1.0,2.0,1.0,2.0,2.0,2.0,2.0,2.0,3.0,3.0,3.0,3.0,3.0,3.0,3.16228,3.16228,3.16228,59.40539,58.24946,57.2014,53.82379,55.80323,50.80354,50.21952,50.21952,46.87217,42.54409,43.41659,41.6173,41.04875,37.44329,33.83785,32.20248,30.80584,27.01851,26.07681,26.62705,22.67157,19.20937,13.45362,19.20937,16.64332,14.14214,10.63015,10.63015,12.04159,8.06226,11.18034,5.0,3.60555,2.82843,5.0,3.60555,3.60555,2.82843,5.83095,5.09902,6.32456,8.0,5.38516,7.07107,10.04988,9.21954,9.05539,12.36932,10.04988,13.15295,14.03567,13.0384,14.14214,16.12452,14.56022,14.31782,16.76305,42.2019,46.09772,43.93177,43.13931,49.57822,49.20366,49.57822,53.82379,55.47071,54.91812,57.45433,58.30952,62.76942,65.51336,68.0,67.97794,72.00694,72.44998,75.76939,75.02666,79.71198,82.8734,82.56513,81.49233,82.2253,83.74366,82.8734,87.86353,81.04937,81.21576,78.77182,76.65507,78.63841,73.82412,77.92946,76.11833,70.40597,70.40597,67.89698,67.18631,65.0,62.64184,65.52099,65.19202,63.24555,61.03278,58.69412,60.37384,61.7171,57.24509,61.77378,61.29437,61.58734,54.91812,61.29437,60.21628,62.00806
8.94427,8.06226,8.06226,8.06226,7.2111,6.7082,6.7082,5.83095,5.83095,5.38516,5.38516,4.47214,4.47214,4.47214,4.47214,3.16228,3.16228,3.16228,2.23607,2.23607,2.23607,2.23607,1.41421,2.0,1.0,1.0,0.0,0.0,0.0,1.0,1.0,1.41421,1.0,1.41421,1.41421,1.41421,1.41421,1.41421,2.23607,2.23607,2.23607,2.23607,2.23607,2.82843,2.82843,2.82843,2.82843,2.82843,2.82843,2.82843,3.60555,3.16228,58.13777,58.0,58.0,52.49762,54.67175,53.07542,50.24938,50.32892,44.59821,46.2277,42.63801,44.04543,39.82462,36.23534,36.76955,33.24154,34.05877,31.40064,27.01851,27.65863,26.40076,22.02272,20.80865,17.80449,15.0,16.64332,11.40175,9.84886,8.94427,7.2111,6.40312,3.60555,4.0,1.41421,2.23607,1.0,4.24264,2.23607,3.60555,3.0,6.32456,3.16228,4.24264,8.48528,8.48528,6.40312,10.63015,10.29563,13.60147,13.0,13.45362,14.86607,16.64332,15.81139,16.12452,16.15549,15.81139,41.40048,44.40721,47.50789,48.79549,47.42362,48.9183,49.0408,51.22499,56.40035,55.21775,58.24946,60.46487,65.45991,66.03787,73.4983,72.40166,74.62573,70.83078,74.79305,76.92204,82.29216,82.34683,81.939,81.34494,87.59566,84.50444,83.1685,87.64131,79.71198,83.57033,81.60882,81.90849,78.18568,79.05694,80.65358,78.77182,74.67262,75.27284,74.46476,72.61543,71.58911,67.60178,68.88396,69.64194,65.36819,63.82006,59.40539,66.0303,60.60528,60.44005,61.6198,63.12686,67.20863,65.76473,64.3506,63.65532,64.44377
10.29563,9.43398,9.43398,9.43398,9.43398,8.06226,8.06226,8.06226,8.06226,7.2111,6.7082,7.2111,6.40312,5.83095,5.83095,5.83095,5.0,5.0,4.47214,4.47214,4.47214,3.60555,3.60555,2.82843,2.82843,3.16228,2.23607,2.23607,1.41421,1.41421,1.0,1.0,1.0,1.0,1.0,0.0,0.0,0.0,0.0,0.0,0.0,1.0,1.41421,1.41421,1.41421,1.41421,1.0,2.0,2.0,2.0,2.0,2.0,57.70615,59.68249,57.3062,53.85165,54.58938,55.07268,52.83938,49.73932,49.39636,44.77723,46.87217,42.05948,42.43819,38.07887,36.35932,35.35534,35.35534,29.15476,29.41088,30.23243,27.20294,25.55386,24.69818,20.61553,17.88854,17.20465,17.0,15.81139,13.0,17.0,11.18034,5.83095,7.2111,7.2111,6.7082,3.16228,4.12311,2.82843,4.12311,3.0,3.16228,6.32456,6.0,5.83095,7.07107,7.61577,5.83095,10.0,10.0,11.31371,10.63015,13.0384,13.92839,14.31782,16.49242,14.56022,17.11724,38.41875,40.80441,44.41846,47.01064,46.09772,45.31004,47.92703,47.92703,50.15974,54.40588,55.36244,61.03278,61.68468,63.78871,67.91171,67.18631,73.00685,71.84706,73.97973,74.8131,78.40918,78.26238,82.21922,82.05486,80.05623,81.05554,82.05486,85.00588,80.0,79.00633,79.0,81.02469,76.05919,78.1025,74.02702,75.05998,73.00685,71.11259,68.18358,69.35416,66.27217,68.73136,68.06614,68.24954,66.09841,62.36986,61.68468,62.62587,60.74537,61.68468,63.15853,62.24147,65.74192,62.17717,63.95311,63.95311,63.06346
9.05539,8.06226,8.06226,8.06226,8.06226,7.07107,7.07107,7.07107,6.08276,6.08276,6.08276,6.08276,5.09902,5.09902,4.12311,4.12311,4.12311,4.12311,3.16228,3.16228,3.16228,3.16228,2.23607,2.23607,2.23607,2.23607,1.41421,1.0,1.0,1.41421,0.0,0.0,0.0,0.0,0.0,0.0,1.0,1.0,1.0,1.0,1.0,2.0,2.0,2.0,2.0,2.0,2.0,2.0,3.0,3.16228,3.16228,3.16228,60.13319,58.42089,56.7186,53.60037,55.44367,51.97115,50.63596,53.46027,49.36598,46.17359,42.95346,41.97618,41.0,36.68787,38.63936,36.87818,34.52535,32.98485,31.04835,27.65863,25.96151,23.08679,25.0,24.69818,22.56103,21.58703,16.49242,15.52417,16.49242,14.03567,13.60147,13.15295,7.0,10.04988,5.09902,1.41421,6.7082,6.08276,4.12311,2.0,6.08276,7.0,4.12311,3.0,6.32456,5.83095,6.40312,12.20656,10.81665,9.84886,10.44031,14.31782,9.43398,11.40175,13.92839,15.0333,14.14214,39.45884,43.10452,45.0,47.04253,45.01111,49.16299,49.64877,48.6621,52.46904,51.47815,57.07013,58.24946,61.39218,62.58594,69.2315,66.70832,74.72617,70.60453,75.28612,76.92204,81.59657,82.5409,79.70571,83.38465,80.5295,82.46211,80.06248,86.31338,79.62412,80.49845,77.36924,80.5295,78.29432,74.68601,78.72103,74.32362,71.69379,71.86793,69.46222,69.57011,69.26038,65.52099,68.96376,63.56099,66.28725,63.15061,67.60178,63.28507,65.12296,57.21888,63.03174,65.06919,62.0,58.03447,65.06919,61.13101,65.12296
9.84886,9.48683,9.48683,8.544,8.544,8.544,8.544,7.61577,7.61577,7.28011,7.28011,6.32456,6.32456,6.32456,5.38516,5.09902,5.09902,5.38516,4.12311,4.12311,4.47214,4.12311,4.12311,4.12311,3.16228,3.16228,2.23607,2.23607,2.23607,2.23607,2.23607,1.41421,1.41421,1.41421,1.41421,1.0,1.0,1.0,1.0,1.0,1.0,1.41421,1.41421,1.41421,1.41421,1.0,1.0,1.0,1.0,1.0,1.0,1.41421,63.06346,57.28001,55.10898,55.36244,56.04463,55.31727,52.17279,50.69517,48.83646,46.17359,45.12206,44.38468,44.72136,38.47077,38.63936,36.87818,36.13862,32.28002,34.36568,27.29469,29.42788,25.96151,23.08679,24.18677,20.39608,21.2132,18.43909,17.46425,17.26268,18.11077,14.03567,11.7047,10.44031,10.77033,10.81665,5.0,7.2111,7.2111,5.38516,4.12311,4.12311,6.08276,6.0,4.47214,4.24264,5.65685,6.7082,6.7082,10.04988,10.0,10.19804,11.18034,10.04988,10.77033,11.7047,12.52996,13.89244,40.79216,41.04875,44.01136,45.39824,46.27094,45.17743,49.24429,51.78803,51.41984,52.39275,52.20153,60.44005,61.61169,65.52099,68.68042,69.57011,72.44998,75.39231,74.46476,79.15807,76.96753,81.49233,81.49233,82.1523,81.12336,83.52844,80.1561,85.2115,80.21222,83.23461,77.38863,79.40403,79.20227,77.10383,78.60025,75.21303,71.84706,71.40028,72.94518,69.33974,70.17834,70.71068,69.83552,65.74192,66.24198,63.56099,64.88451,64.88451,64.62198,65.19202,65.19202,62.93648,64.51356,65.14599,65.52099,63.56099,68.15424
9.48683,9.48683,9.21954,8.24621,8.24621,8.24621,8.24621,7.28011,7.28011,7.28011,6.32456,6.08276,6.32456,5.09902,5.09902,5.09902,4.12311,4.12311,4.12311,4.12311,3.16228,3.16228,3.16228,3.16228,2.23607,2.23607,2.23607,2.23607,1.41421,1.41421,1.41421,1.41421,1.0,1.0,1.0,1.0,1.0,1.41421,1.41421,1.41421,1.41421,2.23607,2.23607,2.23607,2.23607,2.23607,2.23607,3.16228,3.0,2.0,3.0,3.0,60.01666,59.68249,56.7186,55.57877,53.93515,52.17279,50.80354,48.6621,45.39824,44.55334,46.27094,43.56604,39.11521,37.33631,37.48333,36.05551,34.05877,32.0,32.24903,29.15476,25.17936,23.19483,26.07681,20.0,17.0,22.36068,20.02498,18.11077,16.12452,13.0384,14.03567,12.04159,12.64911,10.04988,11.40175,6.40312,7.61577,4.24264,8.48528,3.60555,6.32456,3.16228,5.09902,4.47214,9.21954,8.94427,9.84886,5.65685,9.21954,10.0,8.24621,11.40175,14.31782,16.0,11.18034,15.0333,14.56022,38.01316,43.04649,43.10452,44.28318,46.69047,49.0306,44.91102,51.1957,50.01,51.66237,58.69412,58.5235,62.36185,63.60031,65.14599,68.70953,71.7844,72.09022,75.15318,77.87811,76.02631,81.88406,81.00617,82.1523,85.44004,83.52844,80.70936,86.26703,77.42093,81.84131,79.88116,81.40025,82.41966,78.00641,80.44874,79.07591,71.28113,70.45566,70.49113,70.49113,73.43024,72.01389,70.66116,65.30697,67.1193,66.12866,63.24555,65.19202,66.48308,65.14599,66.48308,63.78871,66.94027,60.87693,65.51336,65.11528,60.20797
10.44031,10.44031,10.44031,9.48683,9.48683,9.21954,9.21954,8.24621,8.24621,8.24621,7.28011,7.07107,7.07107,6.08276,6.08276,6.08276,5.09902,5.09902,5.09902,5.09902,5.09902,4.12311,4.12311,4.12311,4.12311,4.12311,3.16228,3.16228,2.23607,2.23607,2.23607,2.23607,2.82843,1.41421,1.41421,1.41421,1.0,1.0,1.0,1.0,1.0,1.0,1.41421,1.41421,1.41421,1.41421,1.41421,1.0,2.0,1.0,2.0,1.0,56.61272,61.68468,60.16644,57.27128,55.36244,51.66237,51.1957,48.08326,47.29693,45.60702,45.89118,43.73786,44.64303,38.63936,39.29377,36.67424,35.90265,33.95585,31.57531,30.80584,27.65863,28.44293,24.08319,25.07987,21.37756,23.02173,18.02776,20.22375,20.02498,15.52417,15.13275,12.04159,14.86607,13.0,8.544,11.7047,8.06226,8.94427,4.47214,8.544,4.0,7.07107,5.0,9.05539,6.40312,6.40312,5.65685,8.94427,7.61577,8.06226,8.544,9.21954,9.84886,12.0,12.04159,12.04159,12.08305,37.21559,42.42641,43.93177,43.9659,43.9659,45.22168,47.43416,48.46648,49.24429,51.07837,56.46238,54.56189,59.48109,62.16912,66.18912,70.23532,70.21396,69.83552,77.17513,76.32169,76.55064,78.81624,75.60423,82.41966,80.43009,82.9759,79.81228,79.30952,81.3941,80.1561,82.21922,80.65978,77.10383,74.33034,77.07788,75.9276,72.34639,74.4043,71.21798,71.02816,65.73431,67.95587,66.88797,74.30343,65.0,65.51336,63.52952,63.69458,69.07966,68.35203,64.19502,65.14599,63.24555,66.12866,66.21933,64.84597,63.60031
10.19804,9.21954,9.21954,9.21954,8.24621,8.24621,8.06226,7.07107,7.07107,7.07107,7.07107,6.08276,6.08276,6.0,5.0,5.0,4.0,4.0,4.0,4.0,4.0,3.0,3.16228,3.0,3.0,3.0,2.0,2.0,2.0,1.0,1.0,1.0,1.0,1.41421,0.0,1.0,1.0,1.41421,1.41421,1.41421,1.41421,1.41421,1.41421,2.23607,2.23607,2.0,2.0,2.0,3.0,3.0,3.0,3.16228,58.24088,59.48109,59.77458,50.96077,54.12024,52.49762,52.88667,51.66237,47.53946,45.88028,44.14748,41.97618,40.26164,37.64306,37.48333,33.24154,34.9285,30.80584,30.59412,27.29469,26.30589,25.17936,26.4764,26.07681,23.19483,21.0238,17.26268,19.0263,19.64688,17.0,17.46425,16.76305,11.18034,11.04536,7.07107,9.84886,8.94427,6.40312,5.65685,8.48528,5.38516,5.38516,2.23607,3.60555,5.0,8.48528,7.81025,7.81025,8.60233,10.77033,10.77033,13.15295,12.16553,11.04536,11.04536,14.56022,13.34166,41.23106,40.26164,42.44997,46.09772,46.09772,45.61798,47.42362,45.61798,49.73932,53.85165,56.0803,56.30275,61.77378,62.1289,64.66065,66.57327,68.7968,68.60029,73.60027,76.2168,77.80103,78.87332,78.64477,83.48653,81.34494,80.62258,79.30952,82.03658,82.02439,79.93122,80.61017,79.93122,79.19596,74.27651,78.49204,73.5527,70.0928,75.00667,70.0928,69.52697,65.29931,66.61081,67.1193,66.0303,65.19202,69.35416,64.00781,67.1193,63.95311,63.15853,62.76942,65.39113,65.19202,66.7308,67.06713,68.62215,67.6757
9.89949,9.21954,9.21954,9.21954,8.48528,8.48528,7.81025,7.07107,7.81025,7.07107,7.07107,6.40312,5.65685,5.65685,5.0,5.0,5.0,5.0,4.47214,4.47214,3.60555,3.60555,3.60555,3.60555,3.60555,3.16228,2.23607,2.23607,2.23607,2.23607,1.41421,1.41421,1.41421,1.0,1.0,0.0,1.0,0.0,0.0,1.0,1.0,1.0,1.0,1.41421,1.41421,1.41421,1.41421,1.41421,2.23607,2.23607,2.23607,2.23607,62.42596,60.60528,61.22091,62.00806,59.4138,53.15073,54.81788,50.9902,48.08326,46.69047,44.68781,43.27817,41.01219,41.01219,38.28838,38.94868,37.48333,33.30165,31.14482,29.73214,27.20294,26.40076,23.85372,26.1725,25.6125,23.60085,23.60085,24.41311,20.61553,16.64332,15.6205,16.27882,14.76482,11.31371,12.04159,12.80625,8.544,10.44031,9.48683,8.24621,6.08276,5.83095,5.09902,6.40312,8.60233,8.06226,8.544,9.48683,7.61577,8.544,11.0,11.18034,11.18034,13.41641,11.31371,15.6205,12.80625,40.31129,43.82921,46.51881,45.69464,45.31004,45.54119,49.0408,49.33559,55.71355,54.70832,57.97413,58.82176,61.68468,62.93648,65.52099,70.34202,72.8011,71.58911,75.70997,77.36924,80.41144,81.21576,84.85281,83.38465,81.22192,82.29824,86.09297,84.29116,83.21658,82.21922,81.49847,78.16009,80.50466,79.22752,80.62258,77.10383,74.73286,71.56815,73.82412,71.38627,72.03471,68.94926,68.62215,72.11103,64.07808,63.56099,68.0,65.30697,68.60029,69.46222,67.41662,66.57327,68.50547,70.72482,70.80254,64.81512,67.62396
10.63015,9.21954,10.0,9.21954,9.21954,7.81025,7.81025,7.81025,7.81025,7.81025,7.81025,6.40312,6.40312,6.40312,5.0,5.83095,5.0,5.0,5.0,5.0,5.0,5.0,3.60555,4.47214,3.60555,3.60555,3.60555,2.82843,2.82843,2.82843,2.82843,2.23607,2.23607,2.23607,2.23607,2.23607,2.0,2.0,1.0,2.0,1.41421,1.41421,1.41421,1.41421,1.41421,1.41421,1.0,1.0,2.0,2.0,1.41421,1.41421,65.0,63.25346,61.6198,60.44005,58.13777,55.17246,55.31727,49.57822,48.08326,44.68781,46.75468,44.59821,43.86342,41.03657,40.31129,38.18377,35.35534,31.89044,29.0,31.82766,29.83287,26.24881,25.80698,25.4951,24.75884,23.32381,19.10497,18.35756,21.40093,17.69181,18.02776,15.55635,13.45362,10.63015,12.52996,11.40175,9.84886,9.84886,11.04536,6.7082,8.0,9.48683,8.24621,7.07107,6.40312,9.43398,8.544,8.06226,9.21954,10.19804,11.04536,11.40175,9.48683,11.40175,13.0,11.18034,11.31371,39.69887,40.80441,45.48626,42.05948,43.04649,46.95743,48.30114,48.46648,49.76947,51.89412,56.79789,55.03635,59.23681,63.69458,64.2573,66.40783,71.16881,69.57011,70.83784,75.58439,77.20104,78.58753,80.52329,80.52329,81.58431,80.60397,79.9062,83.86298,79.42921,82.56513,79.9062,76.94154,78.91768,76.11833,74.8131,74.33034,69.63476,72.53275,69.37579,70.83784,66.7308,66.7308,67.23095,69.35416,63.56099,64.07808,60.20797,66.24198,69.11584,67.1193,65.60488,67.00746,69.6563,69.02898,70.29225,67.80118,66.06815
10.44031,9.48683,9.21954,8.24621,8.24621,8.24621,8.24621,7.28011,7.28011,7.28011,6.08276,6.08276,6.08276,5.09902,5.09902,5.09902,5.0,4.12311,4.12311,4.12311,3.16228,3.0,3.16228,3.16228,3.16228,3.0,3.16228,2.23607,2.23607,2.23607,1.41421,1.41421,2.23607,2.23607,2.23607,2.0,2.0,2.0,2.23607,2.23607,2.23607,2.23607,2.23607,2.82843,2.82843,2.82843,2.82843,2.23607,3.16228,3.16228,3.16228,3.0,61.68468,66.09841,61.68468,60.16644,59.20304,49.98,52.88667,48.76474,48.83646,47.07441,46.09772,44.14748,41.0,40.26164,37.33631,36.67424,37.85499,32.75668,31.257,29.42788,25.31798,27.07397,23.08679,22.2036,24.33105,19.0,22.09072,18.11077,20.61553,18.02776,15.0333,16.12452,15.65248,14.14214,14.76482,11.40175,11.18034,7.81025,8.48528,8.48528,10.81665,10.44031,8.544,8.06226,10.04988,8.24621,8.94427,12.52996,14.21267,9.21954,11.6619,8.94427,14.21267,14.76482,14.14214,12.36932,15.13275,41.23106,39.39543,43.86342,44.77723,47.88528,44.94441,49.09175,49.40648,51.0392,52.43091,56.0357,59.03389,62.68174,61.61169,61.22091,69.52697,66.70832,75.80237,74.51845,77.89737,75.74299,78.51751,84.17244,82.07314,82.87943,83.54639,83.54639,79.39773,84.38602,79.19596,82.21922,75.00667,78.74643,77.15569,78.64477,75.69016,78.49204,72.91776,72.91776,68.88396,68.11755,70.0,66.0303,71.86793,62.96825,69.83552,68.0,67.23095,66.64083,70.26379,65.0,67.35726,62.96825,69.26038,68.62215,67.6757,70.34202
9.48683,9.48683,9.48683,8.544,8.544,7.61577,7.61577,7.61577,6.7082,6.7082,6.7082,6.7082,5.38516,5.38516,5.38516,5.38516,4.47214,4.47214,4.47214,3.60555,3.60555,3.60555,3.60555,3.60555,2.82843,2.82843,2.82843,2.23607,2.23607,1.41421,1.41421,1.0,1.0,1.0,1.0,1.0,0.0,0.0,1.0,0.0,1.41421,1.41421,1.41421,1.41421,1.41421,1.41421,2.23607,2.23607,2.23607,2.23607,2.0,2.0,63.24555,62.64184,63.60031,55.71355,57.24509,57.56735,52.49762,56.64804,44.92215,50.59644,43.65776,45.31004,39.39543,36.76955,37.33631,37.33631,34.53983,31.01612,33.12099,28.23119,29.96665,27.29469,25.05993,26.07681,21.47091,21.09502,17.0,17.0,16.55295,17.0,14.86607,14.31782,12.08305,12.64911,10.19804,11.7047,13.15295,13.60147,5.83095,6.0,3.16228,3.60555,4.24264,4.47214,7.0,3.16228,7.28011,7.61577,9.43398,8.94427,10.81665,10.0,8.94427,10.0,12.36932,12.64911,11.7047,38.91015,43.38202,43.32436,44.59821,43.9659,48.50773,46.32494,49.24429,50.21952,49.64877,54.91812,57.87055,60.53098,60.53098,65.49046,63.03174,70.06426,66.0303,77.16217,76.0,75.02666,81.05554,76.10519,80.50466,78.63841,81.7435,79.76215,83.60024,77.10383,82.60751,76.11833,83.72574,78.63841,77.41447,77.31753,76.32169,70.34913,71.25307,68.26419,71.06335,71.00704,65.00769,70.11419,65.19202,70.25667,67.36468,66.75328,65.73431,65.51336,62.36986,65.30697,64.03124,69.42622,61.98387,66.48308,71.8401,65.45991
9.43398,9.43398,8.60233,8.94427,8.06226,8.06226,7.2111,7.2111,7.2111,6.7082,5.83095,5.83095,5.83095,5.83095,5.0,5.0,4.47214,4.47214,4.47214,3.60555,3.60555,3.60555,3.60555,3.60555,3.16228,2.82843,2.23607,2.23607,2.23607,2.0,2.0,2.0,2.0,1.0,1.0,1.0,1.41421,1.41421,1.41421,1.41421,1.41421,1.41421,2.0,1.0,2.0,2.0,2.0,2.23607,2.23607,2.23607,1.41421,1.41421,66.37017,62.1289,63.24555,59.68249,55.22681,58.83026,52.15362,53.33854,45.22168,45.48626,43.82921,40.49691,40.81666,40.81666,37.44329,38.07887,35.22783,31.40064,31.62278,26.62705,25.4951,23.32381,24.08319,22.02272,20.24846,19.72308,21.26029,19.79899,21.26029,16.27882,14.42221,14.14214,10.63015,14.31782,11.40175,9.21954,8.24621,9.84886,7.0,7.07107,4.47214,3.60555,4.47214,1.41421,5.38516,7.07107,7.28011,7.0,3.60555,9.84886,8.60233,8.06226,11.40175,10.0,11.40175,12.04159,7.2111,41.04875,41.7732,42.44997,45.27693,48.27007,48.41487,45.22168,46.87217,53.0,53.0,55.56978,58.18075,61.29437,65.19202,68.0,70.21396,72.44998,72.94518,73.82412,74.46476,77.25283,79.69944,77.7946,81.32035,81.7435,83.19856,80.04998,80.80842,81.25269,80.23092,77.12976,81.3941,78.44743,78.64477,79.24645,74.52516,72.78049,71.30919,68.41053,70.88018,70.21396,65.9242,69.46222,65.79514,69.35416,63.95311,64.40497,67.1193,68.96376,66.18912,69.46222,65.51336,69.97142,66.7308,67.41662,69.64194,67.1193
10.44031,9.48683,9.48683,9.48683,9.48683,8.24621,8.544,7.28011,7.28011,7.28011,7.28011,6.32456,6.32456,6.08276,5.09902,5.09902,5.09902,5.09902,4.12311,4.12311,4.12311,4.12311,4.12311,3.16228,4.12311,3.16228,3.16228,3.16228,2.23607,2.23607,2.23607,2.23607,2.23607,1.41421,1.41421,1.41421,1.41421,1.0,1.0,1.0,1.0,1.0,1.0,1.41421,1.41421,1.0,1.0,1.0,1.0,1.0,1.0,1.41421,64.51356,62.8172,63.06346,58.5235,59.43904,54.81788,52.7731,53.36666,46.09772,45.35416,44.72136,45.35416,43.9659,39.29377,38.83298,34.36568,35.69314,31.257,29.27456,27.16616,28.07134,26.92582,25.17936,22.09072,22.02272,21.2132,16.0,19.23538,16.03122,10.0,12.04159,13.60147,10.0,11.18034,6.32456,12.04159,7.61577,7.61577,8.06226,7.2111,5.0,5.38516,2.23607,4.0,4.24264,5.0,6.32456,6.40312,5.0,7.0,10.04988,8.0,8.06226,10.04988,9.48683,10.44031,12.52996,40.1995,44.18144,44.01136,44.01136,47.26521,46.52956,48.50773,50.44799,53.36666,54.12947,59.03389,62.16912,61.84658,65.9242,68.15424,69.57011,69.92138,69.89278,74.0,76.48529,78.72103,80.9506,81.3941,88.58894,83.24062,83.64807,88.58894,83.35466,82.1523,84.59905,79.32213,79.61156,79.6304,79.05694,79.6304,76.844,75.71658,75.17978,72.94518,72.44998,69.77822,68.8767,70.00714,69.857,68.15424,69.89278,66.85058,65.55151,69.26038,68.15424,67.46851,66.94027,69.12308,66.94027,70.03571,65.51336,69.857
10.63015,9.89949,9.89949,9.89949,9.21954,9.21954,8.48528,7.81025,7.07107,7.07107,7.07107,6.40312,5.65685,5.65685,5.65685,5.0,5.0,4.24264,5.0,3.60555,4.24264,3.60555,2.82843,2.82843,2.82843,2.82843,2.23607,1.41421,1.41421,1.41421,1.41421,1.41421,1.0,1.41421,0.0,0.0,0.0,0.0,0.0,0.0,0.0,1.41421,1.41421,1.0,1.41421,1.41421,1.41421,1.0,2.0,2.0,2.0,2.0,65.11528,61.52235,61.52235,58.69412,55.17246,56.63921,52.40229,51.66237,47.50789,45.96738,41.03657,41.7732,41.01219,35.38361,33.97058,33.24154,34.71311,26.90725,28.3196,26.1725,26.24881,23.32381,21.40093,16.97056,13.89244,16.64332,12.04159,13.41641,11.40175,9.21954,9.89949,10.44031,8.544,5.09902,3.16228,2.23607,3.16228,2.23607,3.16228,1.41421,1.41421,3.0,5.38516,2.23607,4.12311,4.47214,7.2111,8.48528,11.40175,8.60233,12.20656,11.6619,12.64911,12.08305,10.44031,15.29706,14.14214,37.33631,44.64303,47.16991,49.65884,47.41308,51.31277,49.09175,53.00943,51.31277,53.00943,61.29437,60.21628,60.46487,65.60488,69.81404,68.11755,73.59348,71.50524,77.07788,77.62087,79.39773,84.81156,79.02531,82.61961,84.6286,86.02325,85.14693,84.87638,80.5295,86.82166,79.25907,81.63333,81.49233,78.77182,78.77182,75.66373,70.83078,72.40166,71.02112,72.67049,73.81734,67.42403,70.60453,65.43699,67.47592,71.50524,68.0147,66.48308,68.0147,65.76473,67.20863,64.44377,70.76722,64.38167,66.70832,70.17834,65.76473
10.0,10.0,8.60233,8.60233,8.60233,7.2111,7.2111,7.2111,7.2111,7.2111,6.40312,6.40312,5.83095,5.0,5.0,5.0,4.24264,3.60555,3.60555,3.60555,2.82843,2.82843,2.82843,2.82843,2.23607,2.82843,1.41421,1.41421,1.41421,1.41421,1.41421,0.0,0.0,0.0,0.0,0.0,0.0,0.0,0.0,0.0,1.0,1.41421,1.41421,1.41421,1.41421,1.41421,1.0,2.0,1.0,2.0,2.0,2.0,60.60528,63.12686,59.20304,58.41233,54.67175,49.20366,49.81967,51.40039,47.20169,46.61545,43.41659,40.31129,38.94868,34.82815,33.97058,30.4795,31.82766,28.3196,25.4951,25.4951,26.87006,21.93171,18.43909,17.69181,15.6205,10.63015,9.89949,12.20656,9.43398,7.61577,7.81025,5.83095,5.83095,3.60555,1.41421,2.82843,2.23607,1.0,3.60555,3.16228,5.0,7.07107,8.06226,7.81025,5.83095,8.06226,10.63015,9.43398,7.81025,14.42221,14.42221,10.63015,12.04159,13.60147,14.76482,13.0,14.76482,39.05125,41.7732,47.38143,46.09772,46.40043,48.41487,49.64877,49.92995,53.00943,57.3062,57.24509,60.53924,63.63175,66.24198,64.88451,68.44706,72.47068,73.79024,73.40981,77.62087,79.47956,80.05623,84.43341,83.24062,82.46211,81.0432,81.7435,81.49233,82.46211,84.92938,80.04998,81.7435,79.83107,74.2159,78.84795,74.04053,75.43209,71.7844,70.5195,68.00735,69.46222,68.8767,68.54196,68.0,65.36819,68.60029,66.88797,68.24222,68.00735,68.50547,66.0303,67.00746,66.4003,64.2028,66.70832,65.19202,66.06815
11.04536,10.04988,10.0,10.0,9.0,9.0,8.06226,8.0,7.0,7.0,7.07107,6.08276,6.0,6.0,5.0,5.0,4.12311,4.12311,4.0,4.0,3.0,3.0,2.0,2.0,2.0,2.0,1.0,1.41421,1.41421,1.41421,1.0,1.0,1.0,1.0,1.0,2.0,1.0,2.0,2.23607,2.23607,2.23607,2.82843,2.23607,2.23607,2.82843,2.23607,2.82843,2.82843,2.23607,2.23607,2.23607,2.23607,61.03278,61.0082,62.00806,56.14268,52.00961,53.03772,49.0102,50.03998,44.0,42.0,41.19466,38.01316,37.21559,35.0,32.06244,30.01666,28.16026,29.15476,24.02082,19.0263,24.18677,20.02498,19.0,17.02939,14.56022,10.04988,14.0,10.0,11.04536,7.28011,6.32456,7.07107,4.12311,4.24264,1.41421,2.23607,3.16228,2.82843,5.83095,4.24264,7.07107,5.65685,8.60233,6.40312,8.60233,7.07107,10.63015,12.52996,14.86607,14.76482,15.23155,17.46425,13.60147,15.29706,14.0,16.0,15.0333,41.04875,44.55334,47.07441,48.05206,47.53946,51.24451,50.92151,51.5461,54.70832,53.14132,54.626,58.69412,63.56099,64.4748,64.4748,68.44706,73.40981,74.24958,78.26238,78.71467,80.5295,80.62258,79.40403,85.75547,82.0975,84.38009,80.44874,84.31489,81.27115,82.68011,78.23682,83.23461,78.03204,76.8505,75.29276,73.92564,75.13322,73.3553,67.97794,70.38466,69.46222,67.6757,70.21396,64.28841,67.44627,69.58448,62.96825,62.80127,63.63961,66.91039,64.28063,64.12488,65.27634,70.0,68.11755,66.06815,66.0303
9.84886,8.544,9.48683,8.544,8.544,7.61577,7.28011,7.28011,6.32456,6.32456,6.32456,5.09902,5.09902,5.09902,4.12311,4.12311,3.16228,4.12311,3.0,3.0,2.23607,2.0,2.23607,2.23607,1.41421,1.41421,1.0,1.0,1.0,1.0,1.0,1.0,1.41421,1.41421,1.41421,1.41421,2.23607,2.23607,2.23607,2.23607,2.82843,2.23607,3.16228,3.16228,3.60555,3.16228,3.16228,3.16228,4.12311,3.16228,3.0,4.0,30.46309,27.51363,28.23119,26.92582,25.29822,25.63201,24.35159,22.80351,24.04163,21.58703,20.88061,20.61553,19.64688,17.46425,15.52417,16.27882,15.13275,14.14214,12.04159,10.19804,10.77033,11.18034,9.48683,8.24621,7.28011,7.28011,5.09902,6.08276,6.08276,3.16228,5.65685,4.12311,2.82843,4.12311,3.0,5.0,3.0,4.47214,3.60555,3.60555,5.83095,7.28011,5.83095,6.40312,7.07107,7.81025,7.07107,7.81025,7.2111,9.43398,8.60233,7.81025,8.544,7.81025,8.06226,9.84886,9.48683,20.88061,22.56103,22.36068,24.33105,25.31798,26.30589,26.30589,26.1725,29.27456,27.45906,29.61419,30.41381,32.55764,33.24154,36.34556,36.34556,38.47077,37.33631,40.4475,39.31921,39.20459,41.19466,42.57934,41.59327,41.30375,42.29657,41.4367,42.42641,39.20459,40.4475,39.81206,38.83298,39.05125,39.05125,38.07887,38.32754,34.78505,37.69615,35.8469,34.88553,34.48188,33.61547,34.1321,33.6006,31.89044,31.40064,32.55764,32.55764,31.89044,31.89044,32.01562,33.01515,33.28663,31.90611,32.44996,33.61547,31.76476
10.0,9.0,9.05539,8.06226,8.0,8.06226,7.07107,7.07107,7.07107,7.07107,6.08276,6.08276,5.09902,5.09902,5.09902,5.09902,4.12311,4.12311,4.12311,3.0,3.0,3.0,3.0,2.0,3.0,2.0,2.23607,2.23607,2.23607,2.23607,1.41421,2.23607,2.23607,2.23607,2.23607,2.23607,2.23607,2.23607,3.16228,3.0,3.0,3.0,3.0,3.0,3.0,3.0,3.0,3.16228,4.12311,4.12311,3.16228,3.16228,59.0,56.0803,57.0,56.0357,55.14526,53.15073,53.23533,51.15662,47.38143,43.41659,42.95346,41.7732,38.83298,39.62323,35.90265,35.73514,31.7805,31.04835,26.92582,27.89265,25.63201,21.84033,20.61553,20.61553,21.09502,19.41649,17.46425,17.02939,13.15295,14.03567,12.04159,16.03122,12.16553,12.16553,12.08305,13.41641,11.40175,11.6619,14.14214,11.31371,13.0384,15.81139,15.6205,14.42221,11.18034,16.55295,14.86607,15.29706,14.14214,16.15549,13.60147,18.0,16.12452,17.46425,18.24829,16.27882,17.08801,42.94182,42.95346,47.01064,48.10405,49.0408,51.5461,51.5461,52.81098,56.921,56.61272,58.5235,58.18935,62.39391,62.29767,67.06713,66.48308,71.69379,75.61085,73.53911,77.25283,77.62087,77.25283,81.9329,83.81527,81.9329,82.07923,76.6942,79.47956,79.20227,79.20227,74.68601,76.02631,76.15773,76.15773,73.24616,68.50547,71.21798,71.06335,65.11528,64.38167,63.65532,67.00746,68.41053,66.0303,62.1289,59.94164,60.83584,66.48308,63.32456,64.84597,60.16644,65.0,61.98387,64.62971,65.11528,64.62971,64.12488
11.6619,10.81665,10.0,10.81665,10.0,9.43398,9.21954,8.60233,8.60233,7.81025,7.81025,7.81025,7.81025,7.07107,6.40312,6.40312,6.40312,5.65685,5.65685,5.65685,5.0,5.0,5.0,5.0,5.0,4.47214,4.47214,3.60555,3.16228,3.16228,3.16228,3.16228,3.16228,3.16228,3.0,3.0,3.16228,2.0,2.23607,2.23607,2.23607,2.23607,2.23607,2.23607,2.82843,2.82843,2.23607,2.23607,2.23607,2.23607,2.23607,2.0,60.74537,60.53924,58.69412,56.79789,55.03635,53.66563,55.07268,53.23533,50.53712,44.77723,44.77723,43.26662,45.48626,43.26662,40.80441,39.44617,37.73592,35.8469,34.1321,33.83785,32.44996,27.80288,28.3196,25.55386,22.02272,24.20744,25.4951,19.72308,20.24846,18.86796,20.59126,18.78829,14.86607,16.76305,17.26268,14.03567,11.18034,13.0384,11.40175,16.03122,10.77033,11.7047,11.18034,13.89244,13.0384,14.21267,12.72792,10.63015,13.89244,16.40122,14.31782,14.86607,15.52417,14.86607,13.92839,14.14214,13.0,43.17407,45.31004,44.77723,47.41308,50.9902,47.41308,48.30114,54.3783,54.70832,53.22593,59.16925,60.03332,61.29437,65.76473,68.09552,67.1193,72.71864,72.94518,71.34424,74.33034,77.38863,77.69813,78.23043,76.32169,78.77182,78.23043,80.45496,78.23043,74.62573,77.02597,75.80237,73.82412,72.56032,76.05919,72.49828,71.17584,69.64194,65.19202,66.12866,67.72001,66.70832,61.18823,61.52235,64.38167,60.13319,59.07622,59.03389,61.20457,63.3877,59.84146,61.98387,66.70832,66.94027,60.44005,65.80274,62.93648,61.46544
10.19804,10.04988,10.04988,10.04988,9.05539,9.05539,9.05539,8.06226,8.06226,8.06226,8.06226,7.0,7.07107,7.0,7.0,6.0,6.0,6.0,6.0,5.0,5.0,5.0,5.09902,5.0,4.12311,4.12311,4.12311,4.12311,3.16228,3.16228,3.16228,3.60555,3.60555,2.82843,2.82843,2.82843,2.82843,2.82843,2.23607,3.16228,2.23607,2.23607,3.16228,3.16228,3.0,3.0,3.0,3.0,2.23607,2.23607,2.23607,2.23607,64.4748,60.08328,59.48109,56.32051,55.36244,56.04463,54.81788,51.92302,50.21952,49.81967,46.84015,44.38468,44.55334,39.05125,40.79216,37.65634,37.48333,36.67424,35.35534,31.57531,32.55764,29.83287,28.07134,26.07681,24.33105,25.4951,24.18677,22.02272,20.22375,18.43909,18.97367,18.35756,16.15549,15.81139,17.49286,14.42221,13.45362,14.14214,13.0384,14.21267,12.72792,11.6619,10.77033,14.86607,13.34166,9.05539,11.18034,12.64911,10.44031,9.48683,11.7047,11.7047,12.52996,13.0384,12.72792,15.0,13.45362,44.20407,46.69047,48.10405,49.51767,50.44799,48.60041,51.0392,50.60632,56.30275,56.40035,57.00877,62.20129,65.21503,65.80274,68.8186,68.7968,72.94518,74.88658,72.40166,76.05919,75.17978,80.5295,79.25907,77.89737,78.72103,81.84131,80.49845,79.62412,75.591,77.89737,73.82412,77.02597,71.58911,73.57309,75.80237,71.56116,69.06519,66.70832,67.47592,66.06815,67.88225,60.20797,65.76473,65.29931,61.07373,60.20797,63.60031,64.63745,64.00781,63.63175,62.17717,63.56099,67.1193,60.92618,62.39391,65.9242,62.29767
9.05539,9.21954,9.21954,8.24621,8.24621,8.06226,7.28011,7.28011,7.28011,6.32456,6.32456,6.08276,6.08276,5.09902,5.09902,5.38516,4.12311,5.09902,4.12311,4.12311,4.12311,3.16228,3.16228,3.16228,3.16228,3.0,3.0,2.0,2.0,2.0,2.23607,2.23607,2.23607,1.41421,1.41421,1.41421,1.41421,1.41421,2.23607,2.23607,2.0,2.0,2.0,2.0,2.0,2.0,2.23607,2.23607,2.23607,2.23607,2.23607,2.82843,61.61169,60.41523,61.39218,56.29387,56.04463,56.04463,51.24451,51.1957,50.96077,46.8188,45.88028,43.32436,43.32436,41.10961,41.10961,38.62642,37.69615,34.53983,33.24154,30.8707,31.30495,27.313,26.40076,26.24881,24.69818,26.40076,21.0238,22.82542,19.64688,20.61553,20.24846,19.64688,14.86607,15.29706,14.31782,12.04159,12.04159,10.04988,12.64911,12.16553,13.0,10.77033,10.81665,10.63015,10.63015,12.80625,6.40312,11.40175,8.24621,10.04988,12.04159,13.0,14.03567,12.04159,13.34166,12.64911,13.41641,41.10961,44.14748,45.35416,51.5461,49.64877,50.69517,54.12947,53.22593,55.4617,55.54278,60.92618,60.00833,63.32456,68.8767,70.21396,67.97794,72.44998,75.15318,75.591,77.89737,79.40403,79.75588,78.03204,82.76473,82.8553,82.1523,80.26207,83.00602,77.17513,79.25907,75.66373,77.17513,73.57309,75.66373,73.06162,71.11962,70.26379,68.94926,68.00735,65.80274,65.25335,64.53681,67.08204,65.62012,65.49046,61.40033,63.28507,63.12686,62.03225,66.00758,65.19202,64.62971,63.07139,63.63961,67.26812,67.89698,64.62971
9.43398,8.94427,8.94427,8.94427,8.06226,8.06226,7.61577,7.61577,6.7082,6.7082,6.7082,6.7082,6.7082,5.38516,5.38516,5.38516,5.38516,4.47214,4.47214,4.47214,3.60555,4.47214,3.60555,3.60555,3.60555,3.60555,3.60555,2.82843,2.82843,2.82843,2.82843,2.23607,2.23607,2.23607,2.23607,2.23607,2.0,2.0,2.0,2.0,2.0,2.23607,2.23607,2.23607,2.23607,2.23607,2.23607,2.82843,2.82843,2.23607,2.23607,2.23607,59.5063,57.77543,60.72891,55.71355,55.36244,52.92447,53.16014,53.45091,51.24451,49.0408,45.35416,46.57252,41.97618,41.76123,38.60052,36.68787,37.64306,35.90265,33.54102,32.55764,31.57531,29.42788,27.45906,27.29469,25.96151,25.31798,25.0,24.18677,20.61553,20.61553,18.24829,20.88061,18.68154,15.23155,13.92839,13.60147,11.40175,12.04159,12.04159,10.63015,12.20656,9.43398,12.08305,13.15295,9.21954,9.0,11.0,9.05539,9.48683,9.21954,10.77033,9.43398,10.81665,8.60233,11.40175,11.6619,11.18034,44.04543,46.09772,48.16638,47.50789,50.9902,50.32892,51.22499,53.2635,54.67175,57.80138,60.0,65.21503,62.20129,67.42403,64.89992,70.72482,71.61006,71.86793,75.47185,77.17513,76.66159,80.13114,80.13114,80.9506,79.60528,81.88406,80.95678,81.41253,77.82673,77.36924,73.3553,75.17978,73.3553,72.56032,74.79305,72.20111,69.89278,66.61081,66.61081,66.8431,67.35726,65.76473,64.3506,66.52819,65.76473,63.24555,66.4003,66.28725,62.68174,62.96825,61.40033,64.88451,64.88451,65.29931,67.53518,65.30697,64.07808
11.6619,10.29563,10.29563,10.29563,9.43398,9.43398,9.43398,9.43398,8.60233,8.60233,8.60233,8.06226,7.81025,7.2111,7.2111,6.40312,6.40312,6.40312,6.40312,6.40312,5.0,5.0,5.0,5.0,5.0,5.0,3.60555,3.60555,3.60555,3.60555,3.60555,3.16228,3.16228,3.16228,3.16228,2.23607,2.0,2.0,2.0,2.0,2.0,2.23607,1.41421,1.41421,1.41421,1.41421,1.41421,1.0,1.0,1.0,1.0,1.0,61.84658,59.09315,62.6099,57.27128,59.48109,57.24509,55.03635,51.88449,50.9902,48.76474,46.95743,46.06517,44.77723,41.34005,40.49691,40.49691,38.83298,36.05551,33.12099,33.28663,33.28663,31.241,28.42534,27.20294,21.63331,24.41311,26.41969,23.85372,22.2036,22.2036,21.63331,18.38478,18.38478,19.23538,16.76305,14.76482,15.81139,13.0384,10.19804,10.04988,13.0384,9.21954,9.48683,9.84886,8.24621,9.21954,7.81025,7.07107,10.0,6.08276,7.07107,6.32456,6.08276,8.24621,7.2111,8.94427,6.40312,44.72136,44.94441,43.9659,49.0306,49.0306,51.62364,50.24938,53.23533,53.23533,56.32051,60.13319,60.40695,65.06919,68.06614,68.02941,67.0,69.00725,73.10951,75.10659,75.23962,74.54529,80.62258,78.63841,80.30567,80.89499,81.04937,80.23092,81.21576,74.96666,78.44743,75.50497,77.92946,76.11833,72.69113,71.70077,71.56815,68.26419,69.11584,69.02898,66.0303,68.0,63.07139,66.27217,65.62012,63.78871,60.63827,64.13267,61.84658,64.19502,61.98387,65.45991,67.62396,67.06713,63.97656,67.62396,65.30697,66.21178
10.0,10.0,8.60233,8.60233,8.60233,7.81025,7.81025,7.81025,7.2111,7.2111,7.2111,6.40312,5.83095,5.83095,5.0,5.83095,5.0,5.0,5.0,5.0,4.24264,3.60555,3.60555,3.60555,3.60555,3.60555,2.82843,2.82843,2.82843,2.82843,2.23607,2.23607,2.23607,2.0,2.0,2.0,2.0,2.0,2.0,2.0,2.23607,2.23607,1.41421,1.41421,1.41421,2.23607,2.23607,2.23607,2.23607,2.23607,2.0,2.0,58.41233,59.20304,55.60576,57.2014,54.20332,51.40039,53.00943,51.61395,48.01042,47.80167,49.09175,44.40721,43.60046,40.49691,38.27532,37.73592,38.58756,35.22783,35.80503,33.12099,32.24903,30.88689,25.94224,26.41969,24.75884,24.18677,23.02173,21.9545,19.23538,20.61553,17.49286,17.80449,17.02939,12.80625,13.89244,14.86607,11.31371,13.41641,10.81665,11.40175,10.29563,6.7082,7.28011,8.0,5.38516,7.07107,5.38516,7.61577,6.40312,6.7082,8.06226,5.83095,8.24621,7.61577,5.09902,8.0,7.07107,41.67733,44.41846,45.22168,47.63402,49.57822,50.20956,51.62364,53.75872,55.17246,55.22681,59.46427,61.6198,63.12686,64.66065,67.47592,70.80254,72.42237,73.4983,74.06079,76.66159,74.94665,77.02597,76.94154,80.5295,79.15807,79.17702,78.29432,79.20227,77.07788,78.29432,76.15773,73.40981,70.68239,72.01389,73.82412,71.55418,67.53518,66.24198,66.88797,66.57327,63.81222,65.80274,62.62587,65.94695,61.7171,59.39697,60.82763,64.3506,62.93648,64.66065,65.11528,66.06815,66.06815,62.62587,64.81512,65.21503,65.43699
9.48683,8.544,8.544,8.24621,8.24621,7.28011,7.28011,7.28011,6.7082,6.32456,6.7082,6.7082,5.38516,5.38516,5.38516,5.0,4.47214,4.47214,4.47214,4.47214,4.47214,3.60555,3.60555,3.60555,3.60555,2.82843,2.82843,2.23607,2.23607,2.23607,2.23607,1.41421,1.0,1.41421,1.41421,1.0,1.0,0.0,0.0,0.0,0.0,0.0,0.0,0.0,1.0,1.0,1.0,1.0,1.0,1.0,1.0,2.0,63.95311,62.20129,58.69412,58.85576,56.56854,56.32051,55.57877,49.36598,49.16299,46.69047,43.73786,44.55334,41.59327,41.0,37.33631,39.62323,36.40055,36.87818,32.01562,30.08322,29.41088,27.89265,27.51363,26.92582,21.58703,24.35159,24.73863,22.56103,22.36068,18.68154,20.12461,18.24829,17.46425,15.13275,15.29706,12.04159,11.18034,9.05539,12.04159,8.24621,9.05539,6.08276,8.24621,6.32456,4.47214,4.47214,3.16228,5.83095,6.08276,3.16228,5.0,6.40312,7.2111,7.2111,8.94427,8.60233,7.07107,44.77723,47.12749,45.60702,48.05206,50.48762,51.24451,52.23983,53.08484,56.14268,58.00862,59.03389,61.0,66.00758,65.06919,69.26038,69.26038,74.33034,72.56032,73.5527,77.87811,77.36924,83.43261,81.0432,82.71034,81.27115,82.21922,84.50444,84.50444,80.32434,79.12016,76.2168,78.43469,76.844,73.38937,74.0,72.73239,69.89278,72.03471,65.52099,67.91171,68.24954,65.49046,62.64982,70.17834,62.39391,62.03225,62.0,66.00758,65.12296,67.06713,64.03124,66.27217,68.593,65.37584,65.37584,63.50591,67.60178
10.19804,10.19804,9.21954,9.05539,9.05539,8.06226,8.06226,8.06226,7.07107,7.07107,7.07107,7.07107,7.07107,6.08276,6.08276,6.08276,5.09902,5.09902,5.09902,5.09902,5.0,4.12311,4.0,4.0,4.0,3.0,3.0,3.0,3.0,3.0,2.23607,2.0,2.23607,2.23607,2.23607,2.23607,2.23607,1.41421,1.41421,1.41421,1.41421,1.41421,1.0,1.0,1.0,1.0,1.0,1.0,1.41421,1.41421,1.0,1.0,65.30697,61.98387,58.94065,56.88585,55.9017,50.01,53.75872,52.39275,53.15073,47.85394,47.29693,39.62323,41.59327,41.59327,37.65634,37.48333,36.87818,32.75668,31.7805,31.32092,29.83287,26.30589,26.0,25.70992,25.70992,23.25941,19.92486,19.92486,21.37756,18.11077,16.49242,16.76305,16.03122,14.14214,12.16553,13.0384,11.0,10.04988,11.18034,8.24621,8.06226,6.7082,6.7082,5.0,2.23607,2.82843,6.08276,5.38516,2.0,4.47214,5.0,5.0,4.24264,6.7082,7.61577,6.32456,8.06226,43.60046,46.64762,49.24429,51.89412,52.92447,49.0408,54.08327,54.57105,57.28001,60.16644,62.36986,63.15061,64.32729,69.05071,63.63961,74.43118,73.68175,76.1643,74.06079,80.00625,79.15807,81.02469,86.28441,85.37564,82.73452,82.49242,79.07591,77.10383,81.21576,77.78175,79.07591,75.13322,75.70997,74.73286,74.96666,70.85901,72.99315,67.89698,68.46897,68.06614,62.1289,66.0,62.00806,66.18912,63.1981,72.1734,64.12488,63.63961,63.63961,66.28725,63.95311,67.26812,62.16912,68.88396,64.7611,64.53681,65.80274
10.44031,10.44031,10.44031,10.44031,9.48683,9.48683,8.544,8.544,8.544,8.544,7.61577,7.28011,7.61577,6.32456,6.32456,6.32456,5.38516,5.38516,5.38516,5.09902,5.38516,5.38516,4.47214,4.47214,4.47214,4.12311,3.16228,3.16228,3.16228,2.23607,2.23607,2.23607,2.23607,2.23607,1.41421,1.41421,1.41421,1.41421,1.0,1.0,1.0,1.0,1.0,1.0,0.0,0.0,0.0,1.0,1.0,1.0,1.0,1.41421,57.27128,59.5063,58.60034,57.3062,55.4617,51.89412,52.39275,51.42956,49.1935,45.61798,46.06517,46.61545,40.70626,38.48376,39.35734,33.61547,36.76955,34.53983,32.20248,29.54657,30.41381,26.40076,24.69818,25.07987,21.18962,21.47091,21.93171,18.68154,19.69772,19.69772,15.23155,14.42221,13.0,13.0,11.6619,9.43398,10.29563,8.94427,7.81025,7.81025,5.83095,7.61577,5.38516,3.0,3.0,2.23607,5.0,2.0,5.38516,5.0,1.41421,4.0,5.83095,5.09902,5.38516,5.0,7.81025,44.72136,44.18144,48.09366,51.24451,52.34501,51.35173,52.7731,54.74486,58.0517,57.97413,60.44005,63.60031,64.19502,67.6757,72.44998,72.09022,73.40981,74.24958,74.24958,76.53757,78.39005,83.52844,77.93587,79.20227,83.60024,82.80097,80.05623,79.20227,75.0733,79.51101,73.66139,75.0733,74.33034,75.28612,73.75636,71.58911,68.11755,65.29931,68.60029,66.61081,68.00735,62.96825,64.89992,67.23095,63.28507,59.68249,62.6099,65.30697,66.30988,63.32456,63.15853,64.88451,66.48308,64.07808,65.0,69.46222,65.0
9.48683,9.48683,9.48683,8.544,8.24621,8.24621,7.28011,7.28011,7.28011,6.08276,6.32456,6.32456,6.08276,5.09902,5.09902,5.09902,4.12311,4.12311,4.0,4.0,3.0,3.0,3.0,3.0,3.0,2.0,2.0,2.0,2.0,1.0,1.0,1.0,1.0,0.0,0.0,0.0,0.0,0.0,1.0,1.0,1.0,1.0,1.0,1.0,1.41421,2.23607,2.23607,2.23607,2.23607,2.23607,2.23607,2.82843,61.09828,60.41523,57.69749,57.38467,52.92447,52.7731,52.0,52.0,45.69464,46.09772,40.70626,40.8534,42.15448,39.39543,36.40055,36.24914,33.24154,30.36445,28.79236,27.89265,26.57066,25.29822,25.0,22.13594,21.18962,20.88061,17.08801,16.49242,15.81139,16.15549,11.7047,13.0384,11.6619,9.48683,8.60233,9.21954,8.24621,6.40312,5.0,6.08276,4.12311,4.24264,0.0,2.82843,2.23607,5.0,6.32456,3.16228,6.32456,6.32456,7.2111,5.38516,7.2111,6.7082,8.60233,7.2111,9.89949,45.27693,45.04442,47.04253,50.08992,53.46027,52.17279,53.15073,55.31727,57.87055,57.97413,63.32456,63.69458,66.12866,68.00735,71.17584,72.44998,75.13322,75.66373,78.89233,77.69813,79.07591,86.02325,82.66196,84.20214,81.8352,84.64632,81.3941,82.21922,81.32035,81.3941,76.38063,78.49204,74.27651,75.00667,72.86288,71.50524,68.68042,68.11755,66.70832,67.00746,64.66065,62.68174,67.1193,66.57327,62.96825,59.94164,64.49806,64.84597,63.56099,64.84597,64.4748,63.97656,63.15853,64.62198,68.15424,63.69458,64.88451
10.29563,10.29563,10.29563,9.43398,9.43398,8.94427,8.94427,8.06226,8.06226,8.06226,7.2111,7.2111,6.7082,5.83095,5.83095,5.83095,5.83095,5.83095,5.0,5.0,4.47214,3.60555,3.60555,3.60555,3.60555,3.60555,3.60555,2.23607,2.23607,2.23607,2.23607,1.41421,1.41421,1.41421,1.0,1.0,1.0,1.0,0.0,0.0,0.0,0.0,0.0,0.0,1.0,1.0,1.0,1.0,1.0,1.0,1.0,1.41421,64.3506,60.46487,60.46487,57.68882,56.0357,52.47857,52.69725,49.39636,49.64877,46.04346,45.79301,43.60046,41.34005,40.60788,39.40812,34.4093,35.22783,31.06445,29.06888,29.20616,26.24881,25.4951,24.83948,20.80865,20.51828,19.41649,19.20937,18.38478,14.42221,14.21267,14.86607,13.60147,9.89949,8.60233,8.94427,6.7082,7.61577,8.06226,3.16228,4.12311,5.09902,4.24264,1.41421,0.0,3.0,2.82843,4.47214,3.16228,2.23607,8.48528,6.08276,8.06226,10.0,8.24621,9.21954,10.19804,9.0,46.23851,48.76474,51.31277,52.80152,51.85557,53.07542,54.45181,58.72819,58.0,58.89822,64.66065,64.81512,68.88396,68.60029,72.11103,71.69379,75.47185,74.79305,78.71467,77.47258,81.43709,82.8553,82.46211,82.8734,80.05623,81.27115,82.56513,77.20104,79.81228,77.36924,77.20104,79.30952,76.40026,73.76313,73.76313,73.4983,69.57011,68.94926,64.84597,66.85058,65.19202,66.21178,63.97656,63.52952,63.13478,64.66065,61.58734,66.03787,63.24555,60.46487,67.1193,63.41136,66.28725,63.82006,67.20119,66.61081,67.42403
9.43398,8.94427,9.43398,8.94427,8.06226,8.06226,8.06226,6.7082,6.7082,6.7082,6.7082,5.83095,5.83095,5.83095,4.47214,4.47214,4.47214,4.47214,4.47214,4.47214,3.60555,3.16228,3.16228,3.16228,2.23607,2.23607,2.23607,2.0,2.0,2.0,1.0,1.0,1.0,1.0,1.0,1.41421,1.0,1.0,1.0,1.0,1.0,1.0,1.0,1.0,1.0,1.41421,1.41421,1.41421,1.41421,1.41421,1.41421,1.0,57.2014,56.0357,57.62812,54.40588,53.8145,51.31277,51.61395,51.86521,45.22168,44.82187,41.40048,40.45986,38.20995,36.87818,35.4683,34.71311,33.30165,31.14482,27.65863,26.87006,27.58623,25.4951,21.93171,21.26029,18.38478,17.02939,18.43909,17.02939,14.86607,10.63015,8.60233,11.40175,7.07107,7.81025,5.83095,6.40312,3.60555,5.38516,3.16228,2.82843,2.82843,3.60555,4.47214,3.16228,3.16228,6.32456,5.83095,6.7082,6.32456,8.94427,6.32456,10.63015,8.48528,10.63015,11.31371,9.84886,9.84886,48.16638,46.69047,48.41487,52.43091,54.3783,54.70832,53.0,54.20332,59.05929,60.37384,60.82763,63.50591,66.21178,68.00735,70.2282,72.44998,76.55064,76.92204,75.96052,77.62087,82.0061,79.83107,84.72308,84.17244,84.0119,82.37718,79.9062,83.02409,79.6304,78.77182,74.67262,77.78175,75.53807,74.96666,73.82412,71.19691,71.19691,69.857,64.7611,68.00735,66.40783,65.19202,67.41662,67.23095,59.5063,65.0,62.43397,64.14047,64.66065,67.41662,64.89992,63.82006,61.61169,67.00746,66.0303,66.21933,65.0
10.63015,9.21954,9.21954,9.21954,8.48528,7.81025,7.81025,7.81025,7.2111,6.40312,6.40312,6.40312,6.40312,5.83095,5.0,5.0,4.47214,4.47214,3.60555,3.60555,3.60555,3.60555,3.16228,3.16228,2.23607,2.23607,2.23607,1.41421,1.41421,1.0,1.0,1.0,1.0,0.0,0.0,0.0,1.0,1.0,1.41421,1.0,1.41421,1.41421,1.41421,1.41421,1.41421,1.41421,2.23607,2.23607,2.23607,2.23607,2.23607,3.0,60.82763,58.79626,59.5483,57.28001,55.22681,52.34501,51.08816,50.9902,46.75468,43.27817,41.72529,38.8973,39.59798,34.65545,33.94113,34.65545,32.52691,29.69848,29.73214,24.83948,25.80698,23.43075,25.4951,20.80865,17.69181,17.20465,16.27882,18.02776,11.40175,10.29563,11.40175,10.0,7.2111,7.2111,4.12311,2.23607,4.12311,2.0,0.0,2.23607,1.0,3.16228,7.28011,4.47214,8.06226,7.61577,8.60233,7.81025,10.0,10.0,9.43398,9.21954,10.29563,13.0384,11.6619,11.18034,13.0,45.48626,46.01087,47.63402,52.34501,53.2635,53.82379,53.41348,55.0,57.98276,60.53924,65.0,64.66065,66.7308,68.47627,72.01389,72.91776,76.96753,76.6942,77.62087,79.37884,81.27115,82.5409,82.0061,83.9345,84.17244,82.2253,82.9759,82.76473,77.12976,82.76473,76.90254,77.87811,75.43209,72.78049,74.2159,72.03471,68.41053,71.16881,65.45991,64.2573,66.30988,63.52952,67.08204,65.0,64.00781,62.68174,59.68249,64.89992,64.63745,65.21503,64.03124,65.43699,66.6033,62.96825,66.06815,66.06815,65.76473
10.29563,10.29563,9.84886,9.84886,8.94427,8.94427,8.94427,7.61577,7.61577,7.61577,6.7082,6.7082,6.7082,6.32456,5.38516,5.38516,5.38516,4.47214,4.47214,4.47214,4.47214,4.47214,3.60555,3.16228,3.16228,2.23607,2.23607,2.23607,2.23607,2.23607,1.41421,1.41421,1.41421,1.41421,1.0,1.0,1.0,1.0,1.0,1.41421,1.41421,1.41421,1.0,1.0,1.0,1.0,1.0,2.0,1.0,1.0,1.41421,1.41421,61.05735,59.68249,59.16925,57.80138,52.83938,54.70832,51.47815,49.64877,45.17743,47.01064,43.909,38.47077,40.81666,36.23534,34.88553,32.75668,34.0147,29.54657,29.15476,27.78489,25.4951,24.16609,21.18962,19.31321,19.69772,17.08801,16.15549,16.76305,13.89244,13.41641,10.29563,11.40175,8.48528,7.07107,7.07107,4.24264,3.60555,4.12311,3.16228,2.82843,4.12311,5.0,4.12311,3.0,3.16228,7.28011,9.05539,8.06226,10.0,9.05539,11.18034,9.48683,10.0,12.52996,10.29563,12.20656,11.40175,46.23851,47.53946,48.33218,51.10773,51.86521,54.40588,54.56189,56.0803,58.13777,56.0803,60.20797,65.76473,66.52819,70.00714,70.72482,72.24957,73.66139,73.75636,76.2168,79.05694,78.23682,83.48653,81.5414,81.8352,84.21995,84.0595,83.35466,84.38009,77.02597,79.64923,75.29276,78.89233,73.92564,71.11962,71.69379,69.11584,67.6757,69.06519,67.20119,67.47592,66.70832,63.78087,65.76473,62.24147,62.93648,60.44005,61.84658,62.80127,64.89992,62.42596,62.76942,63.81222,69.11584,62.17717,64.41273,64.14047,63.13478
10.29563,9.43398,9.43398,9.43398,8.94427,8.06226,8.06226,7.2111,7.2111,7.2111,6.40312,6.40312,6.40312,5.83095,5.0,5.0,5.0,4.24264,4.24264,3.60555,3.60555,2.82843,2.82843,2.82843,2.82843,2.23607,1.41421,1.41421,1.41421,1.41421,1.0,0.0,0.0,0.0,0.0,0.0,0.0,1.0,1.41421,1.41421,1.41421,1.41421,1.41421,1.41421,2.23607,2.23607,2.23607,2.23607,2.23607,2.23607,3.16228,3.0,30.67572,29.15476,28.79236,27.85678,29.54657,26.40076,25.63201,23.4094,21.93171,21.47091,21.0238,20.59126,18.78829,18.35756,16.12452,17.20465,15.65248,15.81139,15.26434,13.89244,12.80625,10.81665,11.6619,10.81665,10.0,9.21954,7.07107,8.48528,8.06226,6.7082,5.38516,4.47214,4.12311,3.60555,2.82843,1.41421,2.0,2.82843,1.0,1.0,1.0,2.23607,2.0,3.16228,3.0,3.60555,3.16228,5.0,4.47214,5.83095,4.47214,5.83095,5.65685,5.0,6.40312,8.06226,7.07107,22.36068,23.19483,24.02082,26.0,25.01999,24.02082,27.07397,28.07134,29.27456,29.15476,30.26549,32.24903,34.23449,34.36568,36.67424,34.9285,36.87818,37.85499,38.07887,38.60052,39.29377,42.05948,40.80441,41.10961,42.37924,41.78516,41.78516,40.8534,39.92493,39.56008,39.21734,37.94733,36.68787,36.68787,36.40055,35.44009,33.73426,33.73426,32.55764,33.37664,31.257,33.01515,31.01612,32.0,31.06445,32.14032,31.40064,31.40064,32.38827,31.40064,31.04835,32.28002,32.01562,30.67572,32.57299,32.89377,32.57299
11.18034,10.19804,10.19804,9.21954,9.21954,9.21954,8.24621,8.24621,8.24621,7.28011,7.28011,7.28011,6.32456,6.32456,6.32456,6.32456,5.38516,5.38516,4.47214,4.12311,4.12311,4.12311,4.12311,3.16228,3.16228,3.16228,3.16228,2.23607,2.0,2.0,2.0,1.0,1.0,1.0,1.0,1.41421,1.41421,1.0,1.0,1.0,1.0,1.0,1.41421,1.41421,1.41421,1.41421,1.41421,1.0,1.41421,2.0,2.0,2.0,61.40033,63.28507,60.29925,60.40695,57.21888,50.08992,56.4358,51.78803,51.47815,44.55334,48.83646,45.70558,39.62323,43.56604,41.4367,35.90265,34.9285,29.61419,27.29469,29.42788,28.86174,26.92582,25.0,22.56103,18.24829,19.23538,18.43909,17.26268,14.31782,16.03122,16.12452,13.0384,11.0,7.07107,8.06226,7.61577,8.24621,5.38516,4.12311,5.38516,5.0,4.0,7.28011,8.24621,5.09902,8.06226,8.94427,9.21954,8.60233,12.20656,9.21954,13.0,12.08305,12.64911,12.64911,13.60147,15.29706,45.27693,43.10452,50.01,50.08992,51.15662,51.78803,54.91812,56.08921,59.03389,59.43904,63.60031,62.0967,65.25335,65.25335,65.45991,72.8011,73.68175,79.47956,75.61085,78.92401,78.39005,82.8553,85.90693,83.18654,82.76473,85.88364,81.84131,76.53757,81.12336,78.03204,80.62258,75.591,75.591,74.24958,74.68601,73.00685,73.92564,70.26379,66.48308,64.51356,62.93648,69.05071,62.58594,66.09841,62.96825,63.07139,64.0,64.0,65.00769,65.00769,64.07027,66.06815,62.20129,68.11755,64.28063,62.28965,65.49046
9.43398,9.43398,9.43398,8.94427,8.06226,8.06226,7.2111,7.2111,7.2111,7.2111,6.40312,6.40312,6.40312,5.0,5.0,5.0,5.0,4.24264,4.24264,4.24264,3.60555,4.24264,2.82843,3.60555,2.82843,2.82843,2.23607,2.23607,1.41421,1.41421,1.41421,1.41421,1.41421,0.0,1.0,0.0,0.0,0.0,0.0,1.0,1.0,1.0,1.0,1.0,1.0,2.0,2.0,2.0,2.0,2.0,2.0,2.0,63.89053,59.90826,60.72891,57.28001,59.13544,56.32051,56.921,52.20153,48.10405,52.55473,45.88028,44.01136,41.4367,42.37924,38.07887,36.05551,37.33631,34.0147,34.0147,30.23243,29.52965,26.83282,26.92582,25.07987,22.82542,22.84732,18.86796,21.09502,17.88854,14.76482,15.26434,14.42221,13.60147,14.31782,12.36932,11.18034,8.06226,8.24621,5.0,3.16228,4.0,2.23607,2.82843,5.38516,3.0,5.0,4.24264,5.65685,8.60233,9.43398,6.7082,8.94427,11.7047,12.36932,14.14214,13.34166,11.18034,41.67733,42.48529,44.28318,46.57252,49.72927,49.81967,51.97115,52.61179,54.45181,57.55867,59.21149,62.39391,64.38167,69.35416,67.02984,70.00714,75.00667,78.0,80.1561,79.22752,79.40403,80.399,81.88406,80.23092,83.18654,82.56513,80.60397,82.0,78.8543,81.25269,76.40026,78.33901,75.43209,73.24616,75.70997,70.40597,69.87131,69.72087,68.35934,66.06815,67.02984,67.00746,63.03174,65.00769,61.29437,68.06614,65.49046,62.64982,66.28725,65.30697,66.4906,66.21933,67.68309,65.52099,68.41053,68.94926,68.62215
10.19804,10.19804,10.19804,9.21954,9.21954,8.06226,8.06226,8.06226,8.06226,7.07107,7.07107,7.07107,6.08276,6.08276,6.08276,6.0,5.0,5.0,5.0,5.0,4.0,4.0,4.0,4.0,4.0,3.0,3.0,3.0,2.0,2.0,2.0,2.0,2.0,1.0,1.0,1.0,1.0,1.0,0.0,0.0,0.0,0.0,0.0,1.0,1.0,1.0,1.41421,1.41421,2.23607,2.23607,2.23607,2.0,67.74216,64.62971,60.40695,60.40695,60.20797,54.23099,55.3263,53.46027,49.25444,49.16299,49.09175,45.39824,46.17359,42.42641,42.29657,38.0526,37.21559,34.05877,33.06055,34.0147,33.0,30.06659,29.06888,29.06888,24.0,22.02272,26.01922,22.0,20.0,20.02498,17.0,17.02939,16.12452,13.0384,12.36932,10.04988,9.05539,8.24621,7.28011,5.09902,5.38516,4.24264,2.23607,2.23607,0.0,3.16228,3.0,6.0,7.28011,5.38516,4.12311,6.7082,5.83095,9.43398,9.89949,7.81025,10.63015,41.59327,43.08132,49.39636,47.53946,48.05206,47.67599,49.49747,53.46027,52.15362,57.21888,57.14018,59.00847,63.03174,65.0,66.1211,68.35934,70.25667,73.97973,72.69113,77.12976,77.62087,81.25269,86.40023,81.90849,80.65358,80.05623,79.12016,78.39005,80.11242,77.47258,77.87811,76.02631,73.79024,73.40981,76.05919,70.68239,69.857,69.89278,65.78754,66.09841,64.84597,66.21933,65.80274,65.0,59.66574,65.51336,63.78871,66.75328,65.62012,67.26812,64.07027,65.06919,66.18912,66.00758,69.02898,67.18631,67.36468
10.63015,10.63015,9.21954,9.21954,9.21954,9.21954,7.81025,7.81025,7.81025,7.81025,7.2111,6.40312,6.40312,6.40312,5.83095,5.0,5.0,5.0,4.47214,5.0,4.47214,3.60555,3.60555,3.60555,3.60555,3.60555,2.23607,2.23607,2.23607,2.23607,1.41421,2.23607,2.23607,1.0,1.0,1.0,1.0,0.0,0.0,0.0,1.0,1.0,1.0,1.0,1.0,1.0,2.0,2.0,2.0,2.0,2.0,2.0,66.48308,62.93648,64.3506,60.82763,59.39697,58.0,53.74012,53.74012,51.73973,48.79549,48.27007,46.66905,45.27693,41.72529,39.05125,39.69887,38.20995,32.55764,31.241,33.30165,31.90611,31.40064,27.80288,24.75884,22.80351,22.80351,20.59126,21.63331,21.0238,18.60108,17.02939,17.20465,15.6205,13.45362,11.40175,9.89949,10.63015,10.81665,8.06226,2.23607,1.0,3.60555,3.16228,1.0,2.0,2.0,5.0,3.60555,5.0,6.40312,8.06226,8.06226,12.08305,9.84886,8.544,12.36932,11.18034,41.62932,41.23106,42.48529,47.70744,46.87217,47.63402,49.0408,49.81967,56.63921,51.62364,60.1415,56.56854,62.2254,66.52819,65.94695,66.4003,71.8401,70.80254,76.00658,75.16648,74.62573,82.36504,77.89737,80.9506,82.73452,81.939,78.39005,77.87811,76.32169,77.62087,75.02666,76.89603,73.73602,73.53911,70.00714,70.77429,69.35416,67.1193,68.44706,64.88451,67.60178,64.66065,65.19202,64.07027,65.0,66.21933,66.06815,65.29931,66.70832,63.03174,63.70243,67.20863,64.38167,65.76473,65.76473,66.48308,67.89698
10.04988,10.04988,9.05539,9.05539,8.06226,8.06226,8.06226,7.07107,7.07107,7.07107,6.08276,6.08276,6.08276,5.09902,5.09902,5.09902,5.09902,4.12311,4.12311,4.12311,4.12311,4.12311,3.16228,3.16228,3.16228,3.16228,2.23607,2.23607,2.23607,1.41421,1.0,1.41421,1.0,1.0,0.0,0.0,0.0,0.0,0.0,1.0,1.0,1.41421,1.41421,1.41421,1.41421,1.41421,2.23607,2.23607,2.23607,2.23607,2.82843,2.82843,64.19502,64.19502,58.85576,58.54912,56.56854,54.08327,55.7315,55.3263,51.24451,45.09989,46.38965,47.26521,45.17743,43.28972,38.32754,39.31921,40.31129,33.06055,31.06445,32.24903,31.04835,29.42788,26.68333,24.33105,24.04163,21.18962,21.37756,21.09502,20.22375,16.49242,16.03122,18.43909,13.0384,13.34166,10.0,11.18034,11.0,7.07107,6.0,4.12311,4.12311,2.82843,2.23607,1.0,2.82843,1.41421,2.23607,4.0,5.38516,5.0,9.0,8.06226,8.06226,9.48683,10.0,10.63015,10.63015,40.31129,43.41659,46.32494,45.79301,46.06517,47.92703,49.39636,50.92151,54.42426,52.88667,59.20304,60.16644,61.84658,64.32729,64.13267,71.19691,71.70077,72.11103,72.24957,74.10803,74.02702,79.00633,83.21658,77.16217,81.04937,79.76215,75.80237,76.29548,77.87811,78.44743,76.48529,76.68768,75.31268,73.97973,71.58911,70.40597,71.02112,65.76473,65.49046,69.46222,64.19502,63.00794,64.00781,66.00758,62.03225,64.28063,63.07139,64.19502,63.28507,64.49806,67.60178,67.74216,69.05071,63.78871,66.75328,69.72087,64.13267
11.04536,10.04988,10.04988,10.04988,9.05539,9.05539,9.05539,8.06226,8.06226,8.06226,8.06226,7.07107,7.0,6.0,6.0,6.0,6.0,6.0,5.0,5.0,5.0,4.0,4.0,4.0,4.0,4.0,3.0,3.0,3.0,3.0,2.0,2.0,2.0,1.0,1.0,1.0,1.0,1.0,0.0,1.0,1.0,1.0,1.0,1.0,1.0,1.0,1.0,1.0,2.0,2.0,2.0,2.0,66.37017,67.74216,63.3877,61.40033,63.15061,57.48913,56.88585,55.14526,50.80354,49.36598,50.63596,46.52956,45.27693,44.55334,41.59327,38.83298,38.83298,34.71311,33.95585,33.06055,34.0147,27.16616,26.0,25.07987,24.5153,24.18677,22.09072,23.08679,19.41649,19.0263,20.0,15.29706,15.52417,16.03122,16.12452,10.77033,8.544,9.0,8.0,9.21954,5.09902,4.0,5.38516,2.0,1.41421,2.82843,4.47214,5.0,8.48528,5.83095,8.60233,5.65685,8.60233,9.43398,11.18034,9.21954,10.19804,43.18565,43.82921,46.52956,46.52956,46.23851,51.07837,48.38388,53.45091,53.85165,57.48913,59.84146,60.40695,62.64982,64.38167,64.28063,70.25667,72.06247,73.00685,75.00667,78.02564,77.92946,77.41447,81.21576,82.37718,82.28001,80.28076,80.32434,82.56513,80.65358,80.00625,74.33034,75.96052,75.61085,73.73602,72.8011,71.47027,68.62215,66.76077,69.28925,65.52099,64.28841,65.73431,64.32729,63.78871,62.58594,66.27217,64.62971,66.27217,65.06919,66.27217,63.3877,66.1211,69.02898,67.02984,69.11584,68.06614,67.1193
8.94427,8.94427,8.94427,8.94427,8.06226,8.06226,7.61577,7.2111,6.7082,6.7082,6.7082,5.38516,5.83095,5.38516,5.38516,4.47214,4.47214,4.12311,4.12311,3.16228,3.16228,3.16228,3.16228,3.16228,3.0,3.16228,2.0,2.0,2.0,1.0,1.0,1.0,1.0,1.0,0.0,0.0,0.0,0.0,0.0,1.41421,1.41421,1.41421,1.41421,1.41421,1.41421,2.23607,2.23607,2.23607,2.23607,2.23607,2.23607,2.23607,67.20119,63.89053,58.89822,57.2014,58.79626,55.9017,55.97321,51.73973,49.57822,48.83646,45.34314,44.68781,43.27817,39.69887,38.28838,37.53665,36.12478,34.4093,30.41381,32.01562,31.06445,29.73214,23.60085,25.4951,25.55386,21.40093,19.84943,21.09502,16.40122,19.72308,17.49286,16.12452,14.21267,12.52996,9.84886,9.43398,7.81025,6.32456,5.0,6.40312,2.23607,5.09902,1.0,2.0,1.0,2.23607,3.60555,5.38516,7.81025,6.32456,6.7082,10.77033,10.04988,9.21954,10.0,11.04536,12.16553,42.19005,41.10961,42.42641,45.54119,46.32494,45.60702,48.50773,50.28916,54.42426,54.08327,55.15433,58.18075,62.64982,62.16912,65.36819,68.09552,70.17834,69.33974,73.4983,73.60027,77.46612,82.13404,79.93122,80.62258,80.62258,81.32035,79.51101,78.87332,78.40918,79.02531,78.40918,76.844,73.24616,73.60027,72.00694,75.43209,68.24954,67.62396,68.76772,67.47592,65.11528,67.20863,66.48308,64.44377,65.05382,63.25346,65.29931,69.81404,64.40497,65.0,66.4003,68.8186,68.60029,65.60488,69.81404,69.2026,69.33974
10.63015,10.0,10.0,10.63015,9.21954,9.21954,9.21954,8.48528,7.81025,7.81025,7.81025,7.2111,7.07107,6.40312,6.40312,6.40312,5.0,5.0,5.0,5.0,5.0,5.0,3.60555,3.60555,3.60555,3.60555,3.60555,3.60555,3.60555,2.23607,2.82843,2.82843,2.82843,1.41421,1.41421,1.41421,1.41421,1.41421,1.41421,1.0,1.0,0.0,0.0,1.0,0.0,1.0,1.41421,1.41421,1.41421,1.41421,1.41421,1.41421,68.76772,64.44377,63.25346,60.81118,60.1415,59.4138,58.0517,54.48853,50.93133,48.08326,48.08326,48.10405,46.01087,44.59821,38.8973,41.23106,36.76955,36.12478,33.24154,31.89044,29.06888,31.1127,24.83948,23.43075,24.83948,25.6125,22.67157,20.80865,22.2036,20.24846,17.69181,17.69181,14.14214,14.21267,11.40175,10.63015,12.04159,8.94427,9.21954,5.65685,3.60555,6.7082,3.16228,3.16228,3.60555,1.41421,4.0,5.38516,3.0,5.09902,8.24621,9.84886,9.48683,8.544,12.20656,12.08305,13.0384,42.72002,44.64303,43.73786,49.16299,49.0408,50.03998,49.0408,51.47815,53.33854,55.3263,57.87055,60.67125,64.13267,65.25335,67.05222,67.72001,73.05477,73.40981,73.00685,76.92204,74.79305,81.9878,80.45496,79.05694,82.20097,80.80223,80.1561,79.30952,77.98718,77.83315,77.78175,76.38063,78.49204,74.27651,72.12489,72.83543,70.03571,70.72482,65.76473,70.0928,67.88225,67.35726,66.70832,68.8186,62.80127,64.3506,68.50547,66.85058,67.20119,66.85058,64.89992,67.6757,68.8186,68.41053,69.63476,68.8186,70.0
8.94427,8.94427,8.94427,8.94427,7.61577,7.61577,7.61577,6.7082,6.7082,6.7082,6.7082,5.38516,5.38516,5.38516,5.38516,4.47214,4.47214,4.47214,4.12311,4.12311,3.16228,3.16228,3.16228,3.16228,3.16228,3.0,2.0,2.23607,2.0,2.0,2.0,1.0,1.0,1.0,1.0,0.0,0.0,1.0,1.0,1.0,1.0,1.0,1.0,2.0,2.0,2.0,2.0,2.0,2.0,2.0,2.0,2.23607,66.85058,60.44005,64.40497,57.00877,58.25805,59.03389,50.0,52.40229,46.2277,50.32892,43.86342,43.93177,45.45327,40.60788,38.28838,38.27532,35.60899,32.01562,34.20526,27.80288,29.06888,23.43075,24.69818,23.85372,20.0,23.60085,20.24846,21.09502,19.72308,20.24846,17.08801,17.0,10.63015,13.41641,10.0,9.43398,9.84886,7.28011,7.61577,7.07107,5.09902,5.38516,3.16228,3.16228,5.0,5.38516,5.0,5.0,8.0,9.21954,10.19804,6.32456,8.60233,9.43398,12.20656,14.76482,14.14214,41.6173,47.01064,42.04759,49.47727,45.60702,48.50773,48.25971,50.35871,52.15362,50.08992,54.14795,58.00862,61.0,65.03076,67.26812,61.0,72.18033,67.46851,75.18643,71.51224,76.6942,78.39005,73.53911,74.84651,78.71467,79.17702,79.75588,83.21658,74.88658,81.27115,72.42237,79.20227,74.8131,76.57676,73.0,70.83784,64.66065,67.62396,65.80274,66.61081,71.21798,61.85467,68.8186,64.07027,66.03787,66.24198,66.28725,65.19202,66.85058,61.91123,64.88451,69.77105,70.3278,62.64982,69.46222,70.17834,66.03787
10.19804,9.48683,9.21954,9.21954,8.544,8.24621,8.544,7.28011,7.61577,6.32456,7.28011,6.32456,6.32456,5.38516,5.38516,5.09902,5.38516,4.12311,4.12311,4.12311,4.12311,3.16228,4.12311,3.16228,3.16228,3.16228,3.16228,2.23607,2.23607,2.23607,2.23607,2.0,1.41421,1.0,1.41421,1.0,1.41421,0.0,0.0,0.0,0.0,0.0,0.0,1.41421,1.0,1.0,1.0,1.41421,1.0,1.41421,1.0,1.0,63.32456,63.90618,61.09828,60.00833,61.09828,55.9464,57.38467,53.7122,52.3259,48.33218,49.64877,46.23851,45.61798,41.14608,39.39543,40.71855,39.0,35.34119,34.0,32.89377,28.23119,29.96665,26.4764,21.18962,26.07681,24.69818,23.76973,19.31321,18.68154,23.08679,17.46425,20.61553,13.60147,10.77033,13.0,9.48683,10.04988,11.04536,10.19804,6.08276,5.0,6.08276,4.24264,4.47214,0.0,3.16228,1.41421,7.61577,6.0,7.28011,9.05539,6.7082,10.29563,10.81665,11.7047,10.63015,14.42221,43.86342,43.13931,46.61545,48.25971,49.39636,48.75449,48.8467,53.85165,51.24451,56.30275,56.61272,58.5235,64.19502,67.46851,65.30697,68.593,70.25667,71.25307,71.00704,78.05767,76.23647,75.66373,80.89499,81.88406,78.26238,82.2253,80.04998,81.7435,81.27115,81.27115,79.05694,75.61085,75.96052,75.23962,71.17584,74.32362,68.70953,69.64194,67.41662,67.35726,66.40783,65.14599,68.30813,66.09841,63.60031,68.96376,68.41053,65.73431,66.70832,68.88396,66.70832,66.91039,69.37579,67.91171,68.88396,68.30813,69.64194
10.0,8.60233,8.60233,8.60233,7.81025,7.81025,7.2111,6.40312,6.40312,6.40312,6.40312,6.40312,5.65685,5.0,5.0,5.0,4.47214,3.60555,3.60555,3.60555,3.60555,3.60555,3.60555,3.16228,2.23607,2.23607,2.23607,2.23607,2.23607,2.23607,1.41421,1.0,1.41421,1.0,1.0,1.0,0.0,0.0,0.0,1.0,1.0,1.0,1.0,1.0,2.0,2.0,2.0,2.0,2.23607,2.23607,2.23607,2.23607,66.7308,61.03278,60.21628,58.83026,58.00862,57.00877,51.86521,51.86521,50.60632,47.42362,46.8615,43.18565,42.80187,37.53665,38.41875,36.12478,35.80503,33.6006,31.62278,28.6007,30.61046,26.40076,25.94224,25.55386,25.23886,21.63331,18.86796,22.36068,20.59126,18.60108,17.0,19.72308,15.81139,16.15549,11.40175,8.94427,11.7047,7.61577,7.2111,7.81025,8.06226,6.08276,4.12311,6.08276,3.0,4.47214,5.83095,4.47214,8.544,5.83095,8.24621,6.7082,9.84886,10.29563,11.6619,13.45362,17.02939,40.60788,43.56604,48.30114,48.10405,48.70318,48.83646,48.50773,49.81967,52.95281,55.22681,54.14795,60.0,63.03174,64.12488,66.1211,68.46897,69.58448,69.05071,72.36712,71.8401,75.0,78.44743,73.92564,75.96052,78.29432,82.29824,77.89737,76.53757,77.38863,79.92496,74.33034,74.63243,75.80237,71.61006,73.00685,73.60027,70.21396,67.1193,66.0303,66.28725,64.63745,64.3506,64.66065,65.51336,65.36819,68.09552,66.24198,64.84597,68.42514,65.74192,64.40497,67.08204,67.53518,65.29931,72.56032,68.47627,67.97794
12.20656,10.81665,10.81665,10.0,10.81665,10.0,10.0,9.21954,8.60233,8.60233,8.60233,7.81025,7.2111,7.2111,6.40312,7.2111,5.83095,5.83095,5.83095,5.83095,5.0,5.0,5.0,4.47214,4.47214,3.60555,3.60555,3.60555,3.60555,3.16228,3.60555,2.23607,2.23607,2.23607,2.23607,2.23607,1.41421,1.41421,1.0,1.0,1.0,1.0,1.0,1.41421,1.41421,1.41421,1.41421,1.41421,2.23607,2.23607,2.23607,2.23607,64.40497,62.17717,66.18912,60.20797,60.53924,54.3783,54.91812,56.30275,49.64877,50.0,49.39636,46.61545,43.56604,40.49691,39.96248,39.44617,38.07887,33.28663,34.1321,31.90611,30.52868,29.68164,26.57066,28.6531,26.40076,23.25941,22.84732,21.93171,21.54066,21.63331,18.02776,14.86607,16.12452,16.55295,10.77033,12.64911,11.40175,12.52996,9.21954,12.80625,5.38516,6.32456,4.12311,5.09902,5.65685,3.60555,2.23607,7.2111,9.21954,8.94427,6.32456,9.84886,11.40175,9.21954,11.40175,13.45362,14.86607,42.52058,47.43416,47.01064,52.35456,50.69517,52.81098,52.81098,53.60037,56.75385,58.0517,60.67125,60.20797,66.37017,65.06919,71.0,68.26419,74.33034,71.56815,77.41447,75.50497,76.68768,80.28076,78.44743,80.36168,85.79627,83.00602,78.79086,82.76473,80.05623,83.18654,74.68601,77.89737,75.66373,73.57309,78.03204,72.71864,69.46222,68.60029,68.09552,68.88396,69.46222,68.8767,67.08204,69.35416,67.54258,66.64083,63.56099,69.07966,69.07966,66.48308,66.12866,69.07966,70.77429,69.64194,72.01389,69.35416,66.30988
9.84886,8.94427,8.94427,8.94427,8.94427,8.06226,7.61577,7.2111,6.7082,6.7082,5.83095,5.83095,5.83095,5.83095,5.38516,5.38516,4.47214,3.60555,4.12311,4.12311,3.16228,3.16228,3.16228,3.16228,3.16228,2.23607,2.23607,2.23607,2.23607,2.0,2.0,1.0,1.0,1.0,1.0,1.0,0.0,0.0,1.0,1.0,1.0,1.0,1.0,1.0,2.0,2.0,2.0,2.23607,2.0,2.23607,2.23607,2.23607,62.64982,59.5399,62.17717,59.68249,54.58938,53.33854,52.15362,54.08327,46.61545,48.8774,45.48626,43.41659,41.67733,37.44329,37.80212,36.71512,38.58756,32.75668,32.24903,28.6531,30.80584,26.40076,26.41969,22.84732,24.16609,21.93171,19.64688,21.84033,19.31321,18.97367,17.72005,19.31321,16.55295,16.12452,14.31782,16.76305,11.18034,8.544,9.48683,6.32456,5.0,5.0,7.0,6.08276,5.0,5.0,6.40312,6.08276,8.24621,11.18034,5.0,10.0,13.0384,11.18034,15.0,15.6205,13.45362,44.04543,44.55334,44.40721,49.92995,46.64762,48.8467,52.55473,50.32892,55.65968,52.88667,60.20797,56.29387,61.39218,64.28063,69.06519,66.0,74.10803,72.00694,75.10659,76.41989,76.41989,77.27872,77.46612,78.16009,78.43469,80.00625,78.92401,80.41144,77.07788,81.02469,74.24958,78.26238,76.94154,73.82412,75.17978,68.42514,68.44706,70.23532,67.53518,67.23095,68.8767,60.37384,68.02941,66.30988,65.79514,60.53924,61.84658,67.23095,66.7308,65.78754,64.62198,65.19202,71.69379,66.12866,69.64194,71.86793,65.9242
10.63015,10.63015,9.89949,9.89949,9.21954,8.48528,8.48528,8.48528,8.48528,7.07107,7.07107,7.07107,6.40312,6.40312,5.65685,5.65685,5.65685,5.65685,4.24264,4.24264,4.24264,4.24264,4.24264,3.60555,2.82843,2.82843,2.82843,2.82843,2.82843,2.82843,2.82843,1.41421,1.41421,1.41421,1.41421,1.41421,1.0,0.0,0.0,0.0,0.0,0.0,0.0,0.0,1.0,1.0,1.0,1.41421,1.41421,1.41421,1.41421,2.23607,60.20797,67.74216,62.43397,59.16925,56.93856,56.60389,54.91812,53.33854,47.43416,46.40043,46.04346,46.32494,43.82921,41.23106,37.44329,38.27532,36.12478,32.24903,31.62278,31.38471,30.01666,28.30194,25.94224,25.94224,24.18677,22.84732,21.0238,20.59126,21.0238,19.23538,16.55295,17.0,17.46425,14.76482,16.15549,9.43398,13.92839,8.24621,9.43398,6.08276,6.0,7.0,3.60555,5.0,2.82843,5.0,3.60555,5.38516,5.38516,8.544,10.0,9.21954,13.41641,12.80625,11.18034,10.63015,12.80625,48.01042,48.37355,48.8467,49.98,50.69517,52.95281,52.17279,54.45181,54.45181,61.29437,59.00847,65.0,67.1193,64.07027,68.26419,69.58448,76.65507,72.83543,75.18643,77.88453,80.00625,80.99383,82.28001,81.43709,80.5295,84.5281,81.41253,80.13114,80.26207,80.13114,77.89737,78.23682,78.49204,77.38863,75.16648,70.17834,71.02816,69.89278,69.40461,68.8186,68.7968,66.7308,64.41273,68.42514,63.63175,66.70832,63.13478,65.76473,67.1193,65.76473,65.30697,68.44706,69.35416,65.74192,71.55418,70.21396,69.35416
11.7047,11.7047,10.77033,10.77033,9.84886,9.84886,8.94427,8.544,8.544,8.544,7.61577,7.61577,7.61577,6.7082,6.7082,6.32456,6.32456,5.38516,5.38516,5.38516,5.38516,4.47214,4.12311,4.12311,4.12311,4.12311,3.16228,3.16228,3.16228,3.16228,3.16228,3.16228,2.23607,2.23607,2.23607,2.23607,1.0,1.0,1.0,1.0,1.0,1.0,1.41421,1.41421,1.41421,1.41421,1.41421,1.41421,2.23607,2.82843,2.82843,2.82843,66.70832,63.56099,62.24147,63.07139,58.18075,57.24509,55.9464,55.00909,53.23533,48.54894,48.8774,43.41659,43.82921,44.94441,38.94868,36.23534,38.47077,32.20248,33.10589,34.88553,30.8707,28.30194,25.4951,25.07987,24.69818,23.4094,23.76973,24.04163,18.68154,18.24829,17.26268,17.46425,16.27882,13.34166,11.40175,11.6619,12.08305,13.15295,8.24621,9.21954,8.24621,9.0,6.7082,7.28011,4.12311,8.06226,6.32456,6.40312,6.32456,8.24621,8.06226,11.18034,13.92839,13.45362,11.18034,14.14214,16.40122,45.34314,47.42362,49.20366,49.92995,51.88449,52.80152,55.15433,55.15433,57.56735,56.51548,61.13101,63.34824,64.53681,65.62012,65.12296,73.10951,74.10803,74.02702,75.02666,77.31753,79.9062,80.89499,81.58431,86.34813,82.96987,81.32035,80.65358,78.54935,80.05623,81.15417,78.29432,79.20227,78.72103,76.02631,75.58439,71.11259,72.44998,71.11259,70.26379,69.857,69.857,63.32456,67.23095,66.85058,67.41662,64.62198,64.84597,64.19502,68.00735,70.21396,68.30813,67.35726,67.6757,66.7308,70.5195,67.18631,68.70953
9.84886,9.84886,8.94427,8.94427,8.94427,8.06226,8.06226,8.06226,7.2111,6.7082,6.7082,5.83095,5.83095,5.83095,5.38516,4.47214,4.47214,4.47214,4.12311,4.12311,3.16228,3.16228,3.16228,3.16228,3.16228,2.0,2.23607,2.0,2.0,1.0,2.0,1.0,1.0,1.0,1.0,1.41421,1.0,1.0,1.0,1.0,1.0,1.0,2.0,2.0,2.0,2.0,2.23607,2.23607,3.16228,2.23607,2.23607,2.23607,64.14047,60.90156,59.48109,57.98276,55.22681,55.22681,55.22681,53.00943,46.32494,46.64762,46.04346,41.40048,43.82921,39.44617,39.82462,34.66987,38.27532,30.52868,33.61547,31.06445,31.06445,27.80288,27.313,20.24846,20.12461,21.9545,19.23538,18.68154,19.31321,16.12452,14.31782,15.52417,13.92839,10.77033,13.0,8.544,12.0,7.07107,8.06226,7.07107,9.05539,6.7082,4.0,4.12311,5.38516,7.2111,4.24264,7.28011,8.06226,12.08305,7.61577,8.06226,12.08305,12.20656,10.63015,12.04159,16.27882,43.84062,45.45327,42.43819,49.24429,47.42362,47.53946,51.86521,54.40588,54.81788,52.20153,60.41523,59.5399,59.68249,64.12488,66.00758,66.0303,71.02816,70.17834,72.24957,72.18033,75.31268,77.87811,79.07591,76.844,79.71198,79.37884,78.92401,79.15807,76.92204,78.26238,75.13322,75.58439,74.79305,74.43118,72.40166,71.86793,69.11584,68.09552,64.49806,64.84597,66.7308,64.40497,64.84597,64.84597,59.48109,62.64982,65.29931,60.92618,61.84658,63.56099,65.79514,64.62198,66.30988,64.84597,67.23095,63.97656,66.18912
10.77033,9.84886,9.84886,9.84886,8.94427,8.94427,8.94427,8.06226,7.61577,8.06226,6.7082,6.7082,6.7082,6.7082,5.83095,5.38516,5.38516,5.38516,5.38516,4.47214,4.47214,4.47214,4.12311,4.12311,4.12311,3.16228,3.16228,3.16228,3.16228,3.16228,3.16228,2.23607,2.23607,2.0,2.0,2.0,1.0,2.0,1.0,1.0,1.0,1.41421,1.41421,1.41421,1.41421,1.41421,1.41421,2.23607,1.41421,2.82843,2.23607,2.23607,65.9242,63.15853,63.69458,60.41523,57.27128,56.79789,57.24509,55.9017,51.47815,48.76474,46.09772,43.41659,46.14109,43.04649,38.27532,39.44617,35.34119,32.24903,32.89377,31.76476,30.08322,29.96665,27.313,26.24881,22.36068,20.61553,20.88061,19.31321,21.54066,17.46425,13.92839,14.14214,14.86607,14.14214,13.60147,12.36932,9.84886,12.04159,11.04536,9.0,9.21954,7.28011,7.0,6.7082,4.24264,6.40312,7.2111,8.06226,8.48528,9.84886,9.48683,13.0384,12.80625,12.20656,13.60147,14.31782,15.55635,46.8615,43.93177,50.0,50.77401,51.42956,53.66563,52.39275,54.08327,56.0803,55.97321,58.94065,61.18823,67.26812,66.27217,67.47592,72.24957,71.25307,76.00658,74.00676,76.10519,75.16648,79.76215,79.9062,82.56513,81.60882,81.0432,79.40403,82.63776,79.12016,76.6942,75.76939,78.39005,78.29432,73.92564,73.00685,69.46222,69.857,70.26379,67.62396,67.08204,65.9242,65.78754,70.00714,63.56886,65.19202,65.0,63.60031,65.52099,65.52099,69.37579,65.80274,69.37579,68.68042,68.00735,68.30813,69.26038,68.96376
11.40175,11.40175,10.63015,10.63015,10.0,9.21954,9.21954,9.21954,8.48528,7.81025,7.81025,7.81025,7.81025,6.40312,6.40312,6.40312,5.83095,5.0,5.0,5.0,5.0,5.0,4.47214,4.47214,4.47214,3.60555,3.60555,3.60555,3.60555,3.16228,2.23607,3.16228,3.16228,2.23607,2.23607,2.23607,2.23607,2.0,2.0,1.0,1.0,1.41421,1.0,2.23607,2.23607,2.23607,2.23607,2.23607,2.23607,2.23607,3.16228,3.16228,65.79514,65.06919,60.82763,59.39697,61.52235,59.4138,55.9017,53.2635,48.08326,50.24938,44.82187,44.40721,45.22168,42.0119,39.82462,39.69887,34.65545,33.24154,32.55764,31.82766,31.82766,25.45584,25.6125,24.83948,24.20744,22.67157,18.43909,19.41649,18.38478,19.72308,20.24846,16.12452,17.49286,16.12452,13.89244,12.64911,11.6619,14.14214,9.48683,10.04988,6.7082,7.61577,6.08276,8.06226,7.07107,6.40312,5.83095,7.81025,7.28011,10.0,10.81665,9.21954,12.20656,14.21267,12.20656,13.89244,12.64911,46.23851,48.08326,48.83646,50.35871,50.24938,49.0,49.09175,54.03702,54.14795,55.57877,59.03389,61.61169,62.36185,68.88396,68.30813,70.5762,71.30919,75.23962,73.40981,75.13322,76.66159,82.37718,81.5414,80.80223,81.56592,81.34494,81.46779,83.45058,77.7946,80.62258,77.78175,74.95332,73.75636,71.58911,75.82216,71.58911,71.50524,65.94695,65.94695,69.31089,65.79514,67.35726,65.19202,69.42622,62.36986,65.06919,65.8559,61.52235,65.0,66.06815,64.03124,66.4003,68.88396,62.80127,67.47592,69.6563,69.02898
11.18034,10.29563,9.43398,9.43398,9.43398,8.60233,8.60233,7.81025,7.2111,7.2111,7.2111,7.2111,6.40312,5.83095,5.0,5.0,5.0,5.0,5.0,4.47214,4.24264,3.60555,3.60555,3.60555,3.16228,3.60555,2.23607,3.16228,2.23607,2.23607,2.23607,2.23607,2.23607,1.41421,1.41421,1.41421,1.0,1.0,1.0,1.0,0.0,0.0,1.41421,1.0,1.0,1.41421,1.41421,1.41421,1.41421,1.41421,2.23607,2.23607,65.78754,65.79514,64.19502,60.53924,58.30952,59.09315,54.12024,53.33854,47.41308,48.33218,43.86342,42.48529,42.94182,42.05948,40.24922,36.67424,35.35534,32.64966,35.35534,25.4951,32.31099,25.63201,22.47221,24.04163,21.84033,20.24846,23.76973,19.69772,18.68154,18.24829,15.29706,17.72005,15.13275,16.27882,14.0,13.0384,14.14214,11.40175,11.18034,8.24621,9.21954,7.07107,5.38516,6.40312,6.7082,5.0,7.81025,7.2111,10.29563,8.544,12.08305,7.81025,11.7047,12.52996,11.31371,12.80625,13.45362,44.59821,46.75468,47.01064,50.0,49.73932,52.3259,49.76947,55.03635,55.71355,55.36244,58.94065,62.36986,67.26812,63.63961,71.84706,67.18631,74.54529,70.11419,77.00649,75.10659,75.23962,84.21401,79.07591,80.41144,81.0432,77.87811,78.1089,83.81527,76.53757,79.71198,76.89603,78.39005,73.53911,75.23962,73.00685,71.30919,68.54196,67.1193,69.35416,66.70832,67.54258,63.56886,68.62215,63.32456,65.14599,65.80274,66.21933,64.7611,65.51336,63.06346,64.84597,65.0,69.64194,66.48308,68.00735,68.88396,68.00735
10.63015,10.63015,9.89949,9.89949,9.21954,8.48528,8.48528,8.48528,7.81025,7.07107,7.07107,7.07107,5.65685,5.65685,5.65685,5.65685,5.0,5.0,5.0,5.0,3.60555,4.47214,3.60555,3.60555,3.60555,3.60555,3.16228,3.16228,3.16228,3.16228,3.16228,3.16228,2.0,2.0,2.0,2.0,2.0,2.0,2.23607,2.23607,2.23607,1.41421,2.23607,2.23607,2.23607,2.82843,2.23607,2.23607,2.23607,3.16228,3.16228,3.16228,67.17887,64.66065,60.82763,62.2254,60.82763,56.85068,53.00943,56.85068,52.63079,49.40648,46.40043,43.27817,45.60702,41.34005,39.05125,35.60899,38.27532,34.71311,30.4795,28.6007,28.28427,29.69848,24.75884,23.34524,23.34524,24.20744,21.63331,21.26029,21.93171,19.41649,19.72308,18.86796,11.6619,14.31782,16.12452,13.0384,10.77033,10.77033,9.43398,10.77033,9.21954,9.05539,7.28011,7.0,6.32456,8.24621,6.40312,10.0,9.43398,10.63015,12.04159,13.0384,12.52996,13.0384,14.86607,12.36932,14.31782,44.28318,47.75982,49.47727,51.1957,49.09175,49.36598,51.0,51.0098,53.60037,55.44367,58.54912,60.53098,63.15061,63.78871,66.48308,67.35726,69.64194,71.86793,72.09022,74.24284,76.94154,81.9878,76.8505,81.40025,78.40918,79.20227,79.98125,79.98125,78.49204,77.7946,77.7946,76.41989,77.15569,68.76772,72.34639,72.47068,70.0928,70.00714,63.12686,65.79514,67.94115,65.06919,65.05382,65.79514,64.44377,62.96825,65.19202,63.89053,63.78087,61.7171,66.06815,64.66065,69.81404,67.89698,65.06919,67.26812,68.68042
11.0,11.0,10.0,10.0,9.0,9.0,9.0,8.0,8.0,8.0,8.06226,7.0,7.0,6.0,6.0,6.0,6.0,5.0,5.0,5.0,5.0,4.0,4.0,4.0,4.0,4.0,3.0,3.0,3.0,3.0,3.0,2.23607,2.0,2.0,2.0,2.0,1.0,1.0,1.0,1.41421,1.41421,1.41421,1.41421,1.41421,1.41421,1.0,1.41421,1.41421,2.23607,2.23607,2.23607,2.23607,63.28507,64.28063,61.07373,56.22277,59.21149,57.42822,56.14268,49.81967,51.47815,48.25971,47.85394,42.42641,39.62323,39.62323,35.51056,37.12142,39.31921,34.1321,30.14963,27.07397,30.01666,28.0,26.0,26.0,22.02272,24.02082,18.24829,21.0238,20.09975,20.0,18.11077,16.49242,14.03567,15.52417,14.31782,10.44031,11.40175,12.36932,10.29563,9.48683,10.04988,7.2111,8.06226,8.48528,5.38516,6.40312,8.544,6.32456,7.07107,10.44031,10.04988,11.18034,11.04536,11.18034,13.41641,11.18034,12.80625,44.29447,43.909,45.80393,46.69047,50.20956,52.34501,53.8145,51.40039,56.61272,56.30275,57.80138,61.77378,63.28507,64.40497,66.70832,64.62198,70.5195,72.73239,70.88018,73.75636,74.46476,79.62412,78.51751,78.23043,77.02597,79.05694,79.1012,77.16217,74.10803,76.10519,73.17103,76.65507,73.33485,75.32596,71.34424,70.45566,66.48308,65.37584,65.49046,64.28063,69.26038,61.0,63.1981,66.0,64.0,59.00847,64.0,63.0,63.03174,65.00769,63.1981,66.06815,68.11755,65.12296,65.06919,69.06519,66.27217
10.19804,9.21954,9.21954,8.24621,8.24621,8.06226,8.24621,7.07107,7.07107,7.07107,6.08276,6.08276,6.08276,5.09902,5.09902,5.09902,5.09902,4.12311,4.12311,4.12311,4.12311,3.16228,3.16228,3.16228,3.16228,3.16228,2.23607,2.23607,2.23607,2.23607,1.41421,1.41421,1.41421,1.41421,1.0,1.41421,1.0,1.0,1.0,1.0,1.0,1.0,1.41421,1.41421,1.41421,1.41421,1.41421,1.41421,2.23607,2.0,2.0,2.0,58.82176,64.28841,59.77458,59.77458,61.61169,53.60037,58.94065,51.97115,51.62364,47.07441,48.6621,46.38965,42.95346,40.79216,39.45884,35.69314,36.34556,33.54102,28.44293,31.04835,26.24881,27.51363,26.24881,23.76973,23.5372,19.92486,23.25941,20.88061,17.08801,18.38478,17.46425,13.92839,14.42221,12.52996,13.60147,12.20656,10.81665,9.89949,6.40312,7.07107,5.83095,7.07107,6.40312,5.83095,5.38516,2.82843,4.12311,10.04988,8.24621,6.32456,7.07107,11.0,12.04159,14.14214,14.31782,13.15295,10.77033,45.09989,45.09989,49.81967,49.24429,52.20153,50.32892,51.07837,52.3259,55.07268,57.14018,58.00862,59.20304,66.4003,61.7171,64.38167,70.0928,70.72482,71.58911,73.0,75.82216,77.20104,79.92496,80.77747,82.8553,82.29216,82.76473,76.15773,75.96052,77.62087,76.89603,74.63243,74.63243,69.92138,73.4983,73.4983,69.12308,70.60453,66.21933,66.76077,63.24555,64.84597,65.78754,62.64184,66.40783,61.46544,63.24555,61.46544,63.07139,63.97656,64.2573,64.88451,64.88451,66.85058,68.54196,67.62396,64.07808,65.55151
11.0,10.0,10.0,9.05539,9.05539,8.0,8.0,8.0,7.07107,7.0,7.0,6.0,6.0,6.0,5.0,5.0,5.0,5.0,4.12311,4.0,4.0,4.12311,3.16228,3.16228,3.16228,3.16228,3.16228,2.23607,2.23607,2.23607,2.23607,2.23607,1.41421,1.41421,1.41421,1.41421,1.0,1.0,2.0,1.0,2.0,2.0,2.0,2.0,2.0,2.0,2.0,3.0,3.0,3.0,3.0,3.0,68.35934,61.98387,61.98387,61.0,59.22837,55.10898,56.29387,53.45091,49.47727,48.50773,48.05206,45.60702,42.95346,43.41659,39.05125,38.07887,37.10795,34.9285,29.42788,31.7805,27.29469,26.68333,26.4764,23.02173,23.5372,24.02082,19.23538,22.02272,18.24829,17.26268,15.0,19.0263,16.03122,13.0384,13.0384,11.04536,12.36932,11.0,12.04159,8.60233,6.08276,6.7082,6.32456,9.84886,9.89949,8.60233,7.28011,5.83095,7.28011,7.07107,10.29563,12.36932,13.0,10.77033,14.76482,14.42221,10.63015,45.69464,43.41659,51.61395,47.63402,52.40229,51.73973,51.08816,55.80323,55.47071,57.98276,60.03332,61.29437,65.76473,64.4748,63.69458,68.00735,69.89278,72.53275,74.72617,73.00685,75.53807,77.78175,80.30567,78.1025,79.02531,81.00617,78.02564,81.30191,73.33485,75.53807,74.67262,75.95393,77.27872,69.42622,74.73286,70.40597,65.76473,63.34824,65.76473,65.11528,63.50591,64.62971,63.63961,65.27634,58.21512,62.03225,60.07495,62.1289,63.03174,64.12488,65.06919,64.00781,65.03076,65.0,67.18631,67.0,67.06713
10.04988,10.04988,10.04988,10.04988,9.0,9.0,8.0,8.0,8.0,8.0,7.0,7.0,7.0,6.0,6.0,6.0,5.0,5.0,5.0,5.0,4.0,4.0,4.0,4.0,4.0,3.0,3.16228,3.0,3.0,3.0,2.0,2.0,2.0,2.0,2.0,2.0,2.0,1.0,1.0,1.0,1.41421,1.41421,1.41421,1.41421,1.0,1.0,1.41421,2.0,1.41421,1.41421,2.23607,2.23607,67.47592,63.1981,65.12296,60.03332,59.07622,58.00862,57.03508,54.0,51.0392,50.0,48.16638,46.0,43.01163,41.04875,39.05125,40.11234,38.0526,34.1321,34.05877,31.0,30.01666,25.01999,28.01785,23.02173,25.07987,23.0,20.02498,21.2132,20.02498,18.68154,18.24829,17.0,16.27882,15.29706,11.40175,13.0384,11.04536,15.13275,10.44031,8.94427,7.2111,6.7082,7.81025,8.544,5.83095,8.94427,8.06226,9.21954,8.544,10.04988,9.48683,9.05539,10.19804,12.36932,13.34166,15.29706,14.42221,46.27094,50.01,48.38388,53.66563,51.0,52.83938,52.43091,54.03702,58.25805,57.38467,60.959,62.2254,67.89698,67.35726,68.41053,68.8186,75.0,71.86793,77.38863,77.82031,77.47258,81.02469,80.41144,82.86133,81.0432,81.49233,80.52329,77.87811,77.46612,78.91768,75.95393,78.51751,75.23962,71.11259,74.10803,72.06247,70.45566,70.34913,65.37584,65.62012,65.49046,64.93843,64.77654,67.26812,62.80127,59.22837,65.62012,64.7611,64.53681,65.73431,65.25335,66.21933,63.78871,65.51336,67.72001,66.28725,69.2315
12.08305,12.08305,12.08305,11.18034,11.18034,10.29563,10.29563,10.29563,9.43398,8.94427,8.94427,8.06226,8.06226,8.06226,6.7082,6.7082,6.7082,5.83095,5.38516,5.38516,5.38516,5.38516,4.47214,4.47214,4.47214,4.12311,3.16228,3.16228,3.16228,3.16228,3.16228,3.16228,2.23607,2.23607,2.0,2.0,2.0,2.0,2.0,2.0,1.0,1.41421,1.41421,1.41421,1.41421,1.41421,1.41421,2.23607,1.41421,2.82843,2.23607,2.23607,66.7308,66.18912,65.30697,62.96825,63.63175,58.82176,59.07622,57.42822,53.85165,49.40648,50.47772,46.61545,45.48626,43.60046,40.0,38.60052,39.82462,37.80212,35.22783,32.20248,32.75668,26.62705,26.41969,24.18677,27.29469,24.69818,21.18962,20.61553,18.78829,17.88854,20.59126,20.24846,14.56022,14.86607,14.31782,8.544,11.7047,10.19804,9.21954,11.04536,9.21954,7.07107,7.0,5.83095,5.65685,5.65685,7.81025,7.2111,7.61577,8.544,9.43398,10.0,12.20656,12.04159,13.0384,13.41641,12.72792,49.40648,47.01064,51.42956,53.48832,53.14132,52.63079,54.40588,57.87055,59.21149,60.40695,59.00847,62.00806,68.00735,69.06519,66.27217,71.44928,73.68175,73.5459,74.2159,73.76313,76.92204,77.7946,80.99383,77.62087,78.79086,82.29216,80.13114,80.13114,77.17513,77.02597,76.55064,75.47185,75.16648,71.84706,72.11103,69.33974,66.85058,69.89278,65.45991,67.41662,64.63745,65.36819,63.52952,64.84597,60.82763,67.1193,65.74192,60.92618,65.0,65.79514,64.40497,65.0,65.79514,67.41662,67.77905,68.70953,68.54196
11.40175,10.44031,10.44031,9.48683,9.48683,9.48683,8.544,8.544,8.544,8.24621,7.61577,7.28011,7.28011,6.32456,6.32456,6.08276,6.08276,5.09902,5.09902,5.09902,4.12311,5.09902,4.0,4.0,4.0,4.0,3.0,3.0,3.0,3.0,2.23607,2.23607,2.23607,2.23607,2.23607,2.23607,2.23607,1.41421,1.41421,1.41421,1.41421,2.23607,2.23607,2.23607,2.23607,2.23607,2.23607,3.16228,3.16228,3.16228,3.16228,3.60555,69.28925,68.15424,66.12866,63.56099,61.7171,59.5063,59.48109,58.18075,51.47815,51.47815,48.30114,49.64877,51.0,44.77723,41.59327,39.82462,39.35734,39.39543,35.34119,33.61547,31.7805,30.41381,28.63564,26.0,24.04163,23.76973,20.61553,22.84732,19.64688,18.97367,20.61553,17.0,16.15549,15.29706,14.03567,12.04159,11.0,9.0,9.05539,11.18034,7.07107,6.32456,9.48683,5.38516,5.83095,3.60555,9.21954,8.48528,8.94427,8.60233,11.18034,11.40175,9.84886,8.94427,13.0,14.21267,15.0,46.01087,50.47772,51.10773,52.3259,52.55473,54.40588,54.34151,55.54278,56.56854,59.5399,62.80127,62.28965,63.28507,68.11755,70.02857,69.06519,74.16873,71.44928,74.54529,78.8543,76.90254,81.49233,79.12016,78.44743,78.18568,79.71198,77.25283,81.85964,76.92204,78.26238,76.05919,76.94154,71.34424,73.57309,71.86793,69.97142,66.88797,68.8767,65.76473,67.54258,64.84597,65.0,64.4748,65.0,64.2573,63.15853,62.76942,62.64184,67.05222,65.14599,62.62587,64.56005,67.72001,68.96376,67.44627,67.05222,67.72001
11.18034,11.18034,11.18034,11.18034,10.29563,9.84886,8.94427,8.94427,8.94427,7.61577,7.61577,7.61577,7.61577,6.7082,6.7082,6.7082,5.83095,5.83095,5.0,5.0,5.0,5.0,5.0,3.60555,4.24264,3.60555,3.60555,3.60555,2.82843,2.82843,2.82843,2.82843,2.23607,2.82843,2.23607,2.23607,1.41421,2.23607,1.0,1.0,1.0,1.0,2.0,1.41421,2.0,2.23607,2.23607,2.23607,2.23607,2.23607,3.16228,3.0,69.33974,63.81222,64.66065,61.58734,60.74537,58.5235,59.36329,56.4358,54.58938,52.83938,51.62364,46.64762,45.48626,43.26662,41.18252,38.58756,41.62932,34.1321,31.90611,33.28663,30.23243,28.84441,28.01785,27.20294,23.02173,24.08319,22.2036,18.60108,22.67157,19.84943,17.80449,17.69181,15.0,13.45362,11.40175,14.42221,8.06226,9.84886,7.61577,6.32456,7.28011,5.0,6.08276,6.08276,8.24621,5.38516,7.2111,5.83095,7.2111,7.2111,11.31371,12.04159,12.04159,13.45362,14.31782,12.80625,13.92839,44.72136,45.54119,49.0408,50.56679,50.11986,50.24938,52.69725,50.80354,54.40588,58.25805,58.89822,58.72819,62.96825,65.06919,66.6033,68.24954,69.6563,70.0,75.0,74.88658,74.33034,79.07591,75.66373,76.96753,77.47258,78.92401,76.6942,80.23092,75.61085,73.38937,73.05477,73.37575,72.44998,71.7844,71.51224,68.00735,66.12866,68.94926,66.12866,63.32456,62.64982,60.37384,63.95311,64.88451,60.03332,66.28725,64.07027,61.03278,62.80127,63.24555,64.63745,63.60031,68.60029,64.3506,68.00735,69.2026,71.56116
12.20656,11.40175,12.20656,11.40175,11.40175,10.63015,10.0,9.21954,9.21954,9.21954,9.21954,8.60233,7.81025,7.2111,6.40312,6.40312,6.40312,6.40312,5.83095,5.0,5.0,5.0,5.0,4.47214,3.60555,3.60555,3.60555,3.60555,3.60555,3.16228,2.23607,2.23607,2.23607,2.23607,2.23607,2.0,1.0,1.0,1.0,1.0,1.0,1.0,1.41421,1.41421,1.41421,1.41421,1.41421,1.41421,2.23607,2.82843,2.23607,2.23607,68.41053,68.24954,67.62396,63.25346,65.0,64.53681,55.97321,58.0517,53.8145,53.75872,52.63079,49.51767,47.01064,44.04543,41.03657,41.7732,39.05125,38.28838,35.80503,33.30165,33.42155,30.4795,30.0,25.0,25.6125,24.20744,21.63331,21.9545,18.35756,13.89244,19.23538,16.64332,15.81139,14.31782,14.31782,13.0,13.60147,12.16553,7.61577,8.544,4.0,8.24621,6.0,7.2111,6.7082,5.0,5.38516,6.7082,6.40312,8.60233,8.94427,11.18034,10.77033,13.0384,11.6619,12.20656,12.80625,43.41659,45.04442,47.09565,50.35871,49.49747,52.39275,51.92302,53.85165,55.36244,55.36244,58.18075,60.16644,62.24147,67.08204,69.35416,68.60029,71.56116,72.40166,74.06079,75.28612,76.6094,79.98125,75.16648,78.64477,80.62258,78.49204,78.64477,82.87943,76.6942,79.02531,72.8011,77.80103,72.8011,73.24616,74.8131,71.02816,65.43699,68.68042,63.70243,66.52819,69.35416,63.63961,65.05382,65.11528,62.28965,59.40539,63.89053,68.60029,65.0,63.82006,66.57327,67.6757,70.21396,66.0303,71.56116,69.33974,72.94518
10.0,10.0,10.0,9.21954,9.21954,9.21954,9.21954,8.60233,7.81025,7.81025,7.07107,7.07107,7.07107,5.65685,5.65685,5.65685,5.0,5.0,4.24264,4.24264,4.24264,3.60555,3.60555,2.82843,2.82843,2.82843,2.82843,2.23607,1.41421,2.23607,1.41421,1.41421,1.41421,1.41421,1.41421,1.0,1.0,0.0,0.0,0.0,0.0,0.0,0.0,1.0,1.0,1.0,1.0,1.0,1.0,1.0,1.41421,1.41421,67.74216,66.28725,66.88797,62.26556,61.58734,59.16925,58.82176,58.60034,54.40588,51.86521,50.47772,46.61545,48.54894,47.01064,45.34314,41.6173,40.45986,36.87818,34.4093,34.1321,33.83785,31.241,25.0,27.78489,24.69818,23.85372,23.60085,22.2036,20.59126,16.15549,18.38478,15.81139,14.86607,12.64911,14.14214,10.77033,9.84886,8.06226,8.24621,8.24621,9.21954,4.12311,3.60555,5.0,4.24264,4.12311,5.38516,4.24264,9.21954,5.83095,10.0,11.18034,12.16553,11.40175,13.0384,12.20656,12.04159,47.07441,46.52956,49.0,49.0102,49.0408,51.47815,51.35173,54.91812,56.88585,55.7853,62.93648,62.96825,65.45991,65.0,65.9242,69.46222,71.17584,74.68601,76.05919,80.5295,78.77182,83.21658,80.21222,81.68843,80.05623,82.807,77.7946,77.89737,82.13404,80.62258,75.74299,75.00667,74.24958,72.12489,74.96666,71.42129,72.13876,70.00714,66.46804,66.46804,65.19202,66.06815,65.21503,68.24954,63.00794,62.26556,63.28507,68.09552,65.36819,68.60029,66.24198,69.35416,67.53518,65.36819,71.34424,73.3553,71.11259
10.81665,10.0,10.81665,10.0,10.0,9.21954,9.21954,8.60233,7.81025,7.81025,7.81025,7.07107,6.40312,6.40312,5.65685,6.40312,5.0,5.0,5.0,5.0,4.24264,4.24264,3.60555,3.60555,2.82843,3.60555,2.82843,2.23607,1.41421,2.23607,1.41421,1.41421,1.41421,1.41421,1.41421,1.0,1.0,0.0,0.0,0.0,0.0,1.0,1.0,1.0,1.0,1.0,1.0,1.0,1.0,2.0,1.0,1.41421,60.80296,69.06519,63.41136,61.61169,61.03278,59.20304,60.60528,57.38467,56.72742,48.9183,51.08816,48.27007,47.80167,44.82187,40.36087,39.20459,38.20995,34.82815,33.30165,33.83785,31.06445,29.83287,26.92582,25.0,27.20294,20.0,21.9545,20.80865,17.49286,17.46425,13.92839,15.23155,15.81139,10.29563,11.18034,10.19804,10.04988,9.21954,9.21954,6.0,6.32456,5.83095,5.83095,3.60555,6.32456,4.47214,6.08276,4.12311,6.08276,6.0,7.28011,9.21954,10.19804,11.40175,12.64911,10.77033,12.52996,44.10215,45.39824,48.50773,47.53946,49.64877,48.33218,51.07837,54.626,55.9017,59.5399,58.5235,60.53924,64.3506,64.3506,65.80274,69.63476,67.62396,72.47068,71.50524,76.41989,74.27651,76.41989,78.74643,77.33693,80.43009,78.40918,79.6304,76.6094,78.81624,73.81734,76.844,73.81734,74.88658,71.84706,73.24616,67.95587,70.21396,67.20119,64.2028,64.2028,63.12686,65.06919,62.2254,67.26812,60.87693,61.6198,59.5483,65.0,64.66065,67.00746,63.60031,64.07027,66.28725,64.89992,68.26419,66.28725,66.85058
12.04159,12.04159,11.04536,11.0,10.0,10.0,10.0,10.0,9.0,9.0,9.0,8.06226,7.07107,7.0,7.0,7.07107,6.08276,6.08276,5.09902,5.09902,5.09902,5.09902,4.12311,4.12311,4.12311,4.12311,3.16228,3.16228,2.23607,2.23607,2.23607,2.23607,2.23607,1.41421,1.41421,1.41421,1.41421,1.41421,1.41421,1.0,1.0,1.0,2.0,1.0,2.0,2.0,2.0,2.0,2.0,2.0,3.0,3.0,69.00725,64.07027,69.00725,63.07139,62.20129,62.03225,60.03332,59.13544,52.34501,56.0803,49.09175,50.24938,51.0392,45.01111,44.28318,42.04759,40.1995,37.05401,33.06055,32.06244,32.01562,30.14963,29.06888,25.01999,24.02082,26.1725,22.0,20.0,19.0263,18.24829,17.26268,16.0,15.29706,14.0,10.19804,9.48683,9.0,8.24621,7.28011,5.83095,6.40312,4.24264,3.16228,0.0,4.0,6.32456,8.06226,7.0,8.06226,7.07107,9.84886,10.29563,12.08305,10.44031,11.40175,13.0,14.31782,44.59821,51.22499,44.41846,49.24429,49.76947,51.07837,50.69517,53.14132,53.45091,50.44799,57.72348,57.97413,60.63827,64.93843,68.73136,64.12488,71.17584,69.18092,76.10519,74.06079,76.05919,77.05842,76.32169,78.77182,79.76215,81.7435,80.06248,84.5281,75.31268,80.77747,71.30919,79.62412,72.53275,73.24616,71.30919,72.78049,67.91171,68.24954,66.09841,63.63961,68.06614,62.28965,66.27217,66.06815,66.06815,60.03332,64.0,68.0,65.0,62.03225,67.02984,65.27634,71.11259,63.12686,70.11419,74.02702,68.26419
10.04988,10.04988,10.04988,10.19804,9.05539,8.06226,8.06226,8.06226,8.06226,7.07107,7.07107,6.08276,6.0,6.0,5.0,5.0,5.0,4.0,4.0,4.0,4.0,4.0,3.0,3.16228,3.16228,2.23607,2.23607,2.23607,1.41421,1.41421,1.41421,1.41421,1.41421,1.0,1.0,1.0,1.0,1.0,1.0,1.41421,1.41421,2.23607,2.23607,2.23607,2.23607,2.82843,2.23607,2.23607,2.23607,2.23607,3.16228,3.16228,67.97794,67.08204,68.942,62.17717,64.40497,61.7171,59.9333,58.83026,54.12024,56.4358,51.88449,49.24429,46.52956,45.61798,43.04649,41.67733,41.18252,34.0147,36.23534,30.88689,30.01666,28.63564,29.41088,27.85678,23.76973,23.76973,23.76973,20.61553,19.41649,18.24829,16.15549,15.13275,14.56022,11.04536,8.0,7.07107,8.0,6.08276,6.08276,5.09902,3.16228,4.47214,6.40312,3.60555,7.07107,5.0,5.0,8.544,10.0,11.18034,12.08305,11.04536,11.04536,13.0384,8.24621,13.0,13.0384,45.01111,49.0408,44.72136,49.47727,49.0306,49.33559,49.76947,52.81098,53.7122,55.03635,57.24509,59.03389,65.29931,66.24198,66.64833,65.19202,70.49113,70.17834,73.4983,76.6094,75.80237,82.32861,77.62087,77.89737,81.34494,79.9062,84.14868,84.89994,78.51751,79.24645,77.78175,78.49204,75.82216,76.38063,74.51845,74.33034,67.20863,67.17887,67.89698,65.8559,70.93659,64.2028,65.80274,67.6757,65.80274,68.60029,64.66065,64.66065,69.83552,66.24198,66.21178,67.08204,72.89719,65.74192,69.46222,70.77429,70.26379
12.04159,11.04536,11.04536,11.04536,10.04988,10.04988,9.05539,9.05539,9.05539,9.05539,8.06226,8.06226,8.06226,7.07107,7.07107,6.08276,6.08276,6.08276,5.09902,5.09902,5.09902,5.09902,4.12311,4.0,4.0,4.0,3.0,3.0,3.0,2.0,2.0,2.0,2.0,2.0,1.0,1.0,1.0,1.0,0.0,0.0,0.0,0.0,0.0,1.0,1.0,1.0,1.0,1.41421,1.41421,1.0,2.0,2.0,68.18358,66.75328,65.49046,65.62012,62.39391,62.80127,61.52235,59.68249,54.12947,54.58938,53.46027,49.25444,49.64877,44.91102,44.55334,39.45884,40.4475,39.31921,36.22154,33.24154,33.37664,30.41381,27.07397,26.01922,23.08679,22.02272,19.0263,23.08679,20.0,19.0263,17.11724,14.14214,14.14214,14.03567,14.0,8.0,6.08276,8.544,6.08276,5.09902,4.47214,2.23607,2.0,5.38516,4.0,4.12311,5.38516,7.28011,6.7082,7.28011,10.29563,11.6619,11.40175,11.6619,11.6619,13.60147,13.0384,45.31004,45.35416,49.24429,49.25444,49.16299,50.15974,53.08484,53.0,57.0,54.00926,59.07622,59.13544,63.1981,66.27217,66.48308,67.46851,69.857,74.95332,72.03471,73.76313,77.88453,79.12016,77.83315,79.71198,80.11242,81.15417,76.55717,83.63014,74.24284,77.02597,74.24284,76.05919,73.82412,74.43118,74.24284,69.77105,67.54258,66.64083,66.30988,63.69458,64.51356,62.96825,63.90618,65.73431,62.58594,61.18823,61.40033,64.93843,62.80127,65.62012,61.52235,67.18631,69.26038,65.37584,65.27634,71.25307,69.18092
12.20656,12.20656,12.20656,11.6619,11.6619,10.81665,10.81665,10.0,9.43398,9.43398,8.94427,8.60233,8.06226,7.2111,7.2111,7.2111,6.40312,6.40312,6.40312,5.65685,5.0,5.0,5.0,4.24264,4.24264,4.24264,3.60555,2.82843,2.82843,2.82843,2.82843,2.23607,2.23607,1.41421,1.41421,1.41421,1.0,1.0,1.0,1.0,1.0,1.41421,1.41421,1.41421,1.41421,1.41421,1.41421,1.41421,2.23607,2.23607,2.23607,2.23607,70.68239,68.8767,68.02941,65.79514,67.62396,63.32456,61.7414,60.92618,57.77543,53.22593,52.92447,49.98,49.1935,45.22168,45.69464,43.86342,43.08132,39.39543,34.43835,34.88553,34.1321,33.10589,25.94224,25.4951,24.59675,21.0238,23.02173,18.60108,21.54066,21.09502,15.81139,15.81139,15.0,13.60147,11.40175,8.60233,7.81025,7.28011,5.0,3.60555,5.38516,4.0,5.09902,3.60555,5.65685,4.12311,7.61577,7.61577,3.60555,7.61577,11.18034,8.06226,10.44031,13.89244,12.04159,12.80625,12.20656,44.59821,48.60041,46.61545,47.01064,49.1935,50.92151,52.0,51.26402,55.02727,52.20153,60.08328,60.63827,63.06346,63.06346,67.68309,68.44706,71.80529,71.84706,72.83543,74.54529,75.32596,79.22752,77.00649,79.00633,79.05694,77.23341,80.1561,80.09994,77.00649,77.05842,73.24616,75.23962,73.17103,69.46222,71.17584,70.02857,67.00746,67.00746,65.0,66.27217,65.37584,63.78871,63.95311,65.30697,61.18823,58.94065,63.89053,65.19202,65.78754,64.07808,60.53924,69.07966,71.30919,67.08204,69.857,69.35416,73.82412
12.52996,12.52996,11.6619,11.6619,10.81665,10.81665,10.29563,9.43398,9.43398,9.43398,9.43398,8.06226,8.06226,8.06226,7.2111,7.2111,6.7082,5.83095,5.83095,5.83095,5.0,4.47214,4.47214,4.47214,4.47214,3.60555,3.16228,3.16228,3.16228,2.23607,2.23607,2.23607,2.23607,1.41421,1.41421,1.41421,1.0,1.0,1.0,1.0,0.0,0.0,0.0,1.0,1.0,1.0,1.0,1.0,1.0,2.0,2.23607,2.23607,71.55418,68.88396,67.97794,65.74192,62.26556,60.90156,62.43397,62.43397,53.0,55.75841,55.56978,50.11986,48.8774,44.41846,44.10215,42.72002,42.19005,36.35932,34.48188,35.8469,33.61547,32.20248,27.73085,26.41969,25.4951,23.70654,23.76973,21.93171,18.35756,16.64332,13.92839,15.23155,11.6619,13.41641,10.29563,9.21954,9.48683,6.32456,6.08276,3.0,1.41421,3.60555,2.23607,5.0,4.0,3.60555,4.47214,5.38516,6.32456,7.28011,8.06226,10.04988,13.0384,12.04159,12.0,10.19804,12.36932,42.04759,46.38965,44.38468,50.44799,48.38388,49.98,49.0408,50.69517,53.85165,56.46238,58.59181,60.53924,62.64982,64.49806,66.88797,65.0,68.8186,72.20111,72.47068,75.43209,73.87828,79.93122,77.15569,78.49204,80.72174,77.33693,78.24321,80.91971,74.51845,79.39773,74.02702,75.60423,74.02702,72.24957,70.83784,70.93659,66.70832,65.94695,64.3506,64.3506,63.63961,60.959,63.41136,62.20129,61.40033,59.90826,63.81222,62.17717,66.64083,64.00781,64.49806,68.0,68.0,64.40497,69.77822,69.35416,68.44706
11.18034,10.19804,10.19804,10.19804,9.21954,9.21954,9.21954,8.24621,8.24621,7.28011,7.28011,7.07107,6.08276,6.08276,6.08276,5.09902,5.09902,5.09902,5.0,4.12311,4.0,4.0,3.0,3.0,3.0,3.0,2.0,2.0,2.0,1.0,1.0,1.41421,1.0,1.0,1.0,1.0,1.0,1.41421,1.41421,1.41421,1.41421,1.41421,1.41421,1.41421,2.23607,2.23607,2.23607,2.23607,2.23607,2.23607,3.16228,3.16228,68.00735,64.84597,69.64194,62.36185,65.80274,63.90618,55.97321,60.53924,53.45091,51.62364,50.32892,48.38388,48.08326,43.65776,42.37924,42.05948,39.56008,36.05551,33.73426,29.83287,31.32092,28.86174,28.16026,27.89265,23.19483,22.36068,22.09072,21.58703,18.43909,14.31782,15.0333,12.64911,9.0,10.04988,8.544,8.06226,8.06226,8.06226,2.0,1.41421,3.16228,1.41421,3.16228,4.24264,5.0,7.2111,8.60233,8.48528,10.0,9.43398,10.81665,13.45362,11.6619,11.6619,12.52996,14.31782,13.0384,42.75512,46.32494,47.12749,48.70318,48.46648,51.42956,49.1935,53.33854,53.33854,54.20332,57.45433,61.58734,62.43397,64.3506,67.42403,66.85058,72.8011,71.40028,76.2168,74.33034,75.0733,76.38063,77.7946,79.9062,78.56844,79.98125,75.28612,81.56592,75.28612,77.62087,73.66139,76.05919,75.9276,72.34639,72.18033,68.68042,65.05382,66.52819,65.06919,65.8559,67.47592,59.81639,63.82006,62.1289,59.90826,65.36819,62.17717,64.00781,66.64083,63.69458,65.9242,66.12866,69.64194,65.78754,68.15424,72.11103,70.60453
11.40175,10.63015,10.63015,10.0,10.0,9.21954,9.21954,8.60233,8.60233,7.81025,7.2111,7.2111,7.2111,6.40312,6.40312,6.40312,5.0,5.0,5.0,5.0,5.0,4.24264,3.60555,3.60555,3.60555,2.82843,2.23607,2.23607,2.23607,1.41421,2.0,1.0,1.0,1.0,1.0,1.0,0.0,1.0,0.0,1.0,0.0,1.0,1.41421,1.41421,1.41421,1.41421,1.0,1.0,2.0,1.0,2.0,1.0,66.8431,67.80118,67.20863,63.25346,64.66065,59.20304,59.03389,57.62812,55.80323,52.20153,50.80354,48.41487,49.20366,47.20169,43.60046,42.80187,39.82462,35.4683,35.0,32.55764,33.24154,30.4795,27.58623,27.58623,22.02272,26.1725,19.84943,24.08319,19.84943,19.10497,19.10497,16.27882,14.21267,10.0,9.21954,7.81025,7.28011,8.24621,5.0,5.38516,5.38516,3.16228,3.0,1.41421,3.60555,4.0,6.32456,6.32456,6.32456,9.05539,8.0,9.0,10.0,12.0,11.18034,11.18034,12.64911,44.68781,44.55334,48.16638,47.42362,50.80354,49.92995,51.62364,56.4358,54.70832,54.58938,59.48109,60.82763,62.16912,63.50591,65.39113,69.77822,70.26379,71.51224,71.51224,76.844,77.36924,79.12016,80.28076,76.40026,80.41144,77.87811,79.62412,76.94154,79.24645,77.46612,73.1642,73.82412,73.82412,72.56721,73.34848,66.4906,69.63476,68.15424,66.76077,67.06713,64.51356,64.4748,64.4748,64.88451,63.13478,64.40497,64.49806,64.3506,63.60031,66.61081,63.82006,67.47592,67.62396,68.0147,72.91776,69.42622,67.47592
10.77033,10.77033,10.77033,9.48683,9.48683,9.48683,8.544,8.544,7.28011,7.28011,7.28011,7.28011,6.32456,6.32456,5.38516,5.38516,5.38516,4.47214,4.47214,4.47214,3.16228,3.16228,3.16228,3.16228,2.23607,3.16228,2.23607,2.23607,1.0,1.0,1.0,1.0,0.0,0.0,0.0,0.0,1.0,1.0,1.0,1.0,1.0,1.41421,2.0,2.0,2.0,2.0,2.0,2.0,2.0,2.23607,2.23607,2.23607,68.00735,67.18631,66.94027,64.32729,65.96969,63.15061,58.46366,57.72348,55.7853,52.7731,53.75872,47.53946,47.53946,43.41659,43.56604,41.0,41.0,38.07887,36.87818,32.57299,32.98485,31.95309,25.29822,25.29822,22.47221,22.80351,22.13594,19.41649,17.72005,18.43909,15.52417,15.52417,13.34166,7.07107,8.60233,8.24621,8.60233,4.47214,5.65685,2.0,1.0,2.23607,1.0,3.0,5.38516,4.12311,4.24264,7.28011,7.28011,9.48683,8.544,10.44031,12.08305,13.0384,10.63015,11.6619,12.04159,41.88078,45.79301,46.09772,49.39636,47.75982,49.0408,50.21952,52.63079,54.74486,52.95281,60.82763,60.67125,65.30697,65.37584,69.35416,69.0,73.00685,70.06426,71.06335,76.05919,78.05767,78.16009,78.31347,78.40918,81.04937,82.73452,77.10383,79.24645,75.50497,78.08969,76.90254,76.15773,71.80529,72.99315,73.1642,69.87131,66.48308,66.48308,67.18631,64.12488,65.06919,62.0,65.00769,64.12488,62.20129,64.93843,62.80127,63.34824,65.30697,68.44706,67.18631,64.53681,66.21933,67.44627,69.64194,68.96376,70.88018
10.29563,10.29563,10.29563,9.43398,9.43398,9.43398,8.06226,8.06226,8.06226,7.2111,7.2111,6.7082,6.7082,5.83095,5.83095,4.47214,4.47214,4.47214,4.47214,4.47214,3.60555,3.16228,3.16228,3.16228,2.23607,2.23607,2.23607,2.23607,1.0,1.0,1.0,0.0,0.0,0.0,0.0,1.0,1.41421,1.0,1.41421,1.41421,1.41421,1.41421,1.41421,2.23607,2.23607,2.23607,2.23607,2.23607,2.23607,3.16228,3.16228,3.0,66.18912,65.29931,67.23095,61.26989,64.88451,61.77378,59.05929,58.66856,53.23533,51.47815,50.11986,45.18849,48.30114,42.94182,41.34005,39.96248,39.82462,37.16181,34.0,29.96665,31.7805,27.313,26.57066,27.313,24.35159,21.18962,19.69772,17.46425,17.72005,17.0,15.23155,13.60147,11.6619,9.48683,6.7082,5.0,6.7082,3.0,3.0,0.0,1.0,1.0,2.0,2.82843,5.0,6.40312,8.60233,6.40312,7.2111,11.31371,13.89244,11.18034,10.19804,12.64911,14.31782,15.0333,13.34166,42.2019,41.76123,43.46263,49.76947,46.95743,49.39636,48.8774,54.70832,55.07268,55.21775,57.00877,57.00877,63.60031,66.06815,68.76772,67.26812,72.91776,72.12489,74.27651,78.49204,77.89737,81.32035,78.1025,80.0,81.60882,81.60882,79.92496,79.88116,77.93587,77.66595,75.16648,75.16648,74.20243,76.2168,73.81734,69.81404,65.60488,67.42403,65.29931,65.8559,67.20863,62.28965,62.93648,66.6033,60.959,64.49806,62.1289,64.66065,65.8635,63.81222,62.43397,64.88451,71.11962,66.18912,66.7308,70.68239,67.53518
12.08305,12.08305,11.18034,11.18034,11.18034,10.77033,9.84886,9.84886,8.94427,8.94427,8.94427,8.06226,7.61577,6.7082,6.7082,6.7082,6.7082,5.83095,5.83095,5.0,5.0,4.47214,4.47214,3.60555,3.60555,3.60555,2.82843,2.23607,2.23607,2.23607,1.41421,1.41421,1.41421,1.41421,1.41421,0.0,0.0,0.0,1.0,1.0,1.0,1.0,1.0,1.0,1.0,1.41421,1.41421,2.23607,2.23607,2.23607,2.23607,2.82843,68.30813,68.00735,64.19502,65.80274,66.09841,60.87693,56.32051,57.00877,54.12024,53.36666,52.88667,50.0,46.84015,45.60702,43.65776,43.41659,39.84972,38.8973,37.0,34.9285,30.8707,29.54657,29.15476,25.63201,21.18962,21.18962,22.84732,19.72308,16.55295,17.49286,14.86607,13.89244,12.52996,10.81665,5.38516,5.0,5.83095,5.38516,4.24264,3.0,0.0,2.23607,4.47214,6.32456,5.0,5.09902,5.0,8.06226,7.07107,10.19804,10.04988,9.48683,13.92839,10.81665,13.0384,16.27882,13.89244,41.14608,43.86342,43.32436,48.38388,47.53946,50.21952,51.24451,52.7731,54.45181,56.56854,58.42089,58.30952,66.27217,65.27634,67.18631,67.06713,73.10951,72.06247,73.06162,76.53104,76.32169,78.91768,79.07591,79.9062,80.60397,83.54639,81.78631,77.66595,76.40026,76.65507,78.33901,76.15773,71.80529,74.46476,72.36712,73.34848,69.87131,65.76473,66.61081,67.26812,65.03076,64.0,65.00769,68.11755,62.20129,58.54912,62.28965,64.13267,65.96969,66.28725,67.44627,67.18631,70.88018,66.76077,70.5195,68.62215,71.51224
12.0,11.0,12.0,11.0,11.0,10.0,10.0,9.0,9.0,9.0,9.0,8.0,7.0,7.0,7.0,7.0,6.08276,6.08276,5.09902,5.09902,5.0,4.12311,4.12311,4.12311,3.16228,3.0,3.16228,2.0,2.23607,2.23607,2.23607,1.41421,1.41421,1.41421,1.41421,1.0,0.0,1.0,1.0,1.0,1.41421,1.41421,1.41421,1.41421,2.23607,2.23607,2.23607,2.23607,2.23607,2.23607,3.16228,3.16228,68.0,68.00735,63.07139,65.19202,64.03124,62.0,57.03508,59.03389,56.0,54.03702,52.0,50.01,49.36598,43.0,43.04649,40.31129,36.01389,35.0,33.0,32.14032,32.14032,28.01785,27.29469,26.07681,24.08319,23.08679,23.19483,16.12452,16.27882,15.52417,17.08801,14.31782,11.18034,9.21954,6.40312,5.09902,2.82843,2.0,1.0,1.0,0.0,2.23607,3.60555,5.38516,8.06226,7.28011,6.7082,9.84886,11.40175,9.43398,10.29563,10.29563,12.80625,13.45362,12.72792,12.04159,13.0,41.97618,46.52956,45.17743,47.16991,50.01,49.0102,49.0408,52.23983,54.33231,57.42822,59.84146,64.62971,64.77654,65.51336,66.4906,65.52099,70.83078,72.53275,75.28612,76.2168,77.16217,80.77747,80.23092,81.5414,82.34683,81.43709,79.17702,80.9506,79.25907,79.25907,76.53757,75.29276,74.30343,74.24284,73.79024,69.31811,69.35416,67.1193,68.942,65.78754,64.51356,61.68468,63.32456,65.30697,65.30697,62.16912,64.49806,63.12686,66.0303,66.06815,65.00769,65.00769,67.02984,67.18631,68.06614,70.11419,71.17584
12.36932,11.40175,11.40175,11.40175,10.44031,10.19804,9.48683,9.21954,9.21954,8.24621,8.24621,8.24621,7.28011,7.28011,6.32456,6.32456,6.32456,6.32456,5.38516,5.38516,4.12311,4.47214,4.12311,4.12311,3.16228,3.16228,2.23607,2.23607,2.23607,2.23607,1.41421,1.41421,1.41421,1.0,1.0,1.0,1.0,1.0,1.0,1.41421,1.41421,1.41421,1.41421,1.41421,1.41421,1.41421,2.23607,2.23607,2.23607,2.23607,2.23607,2.23607,69.63476,67.60178,62.80127,65.76473,63.63961,61.40033,58.85576,54.45181,57.31492,54.14795,51.24451,49.36598,47.51842,45.17743,40.4475,42.57934,38.32754,35.22783,33.37664,30.41381,31.32092,30.08322,25.70992,23.34524,21.2132,22.56103,22.09072,16.55295,15.29706,19.23538,13.92839,13.41641,9.21954,8.94427,7.07107,5.0,3.16228,5.0,2.23607,3.16228,3.16228,1.41421,5.0,4.47214,5.09902,6.0,8.60233,10.77033,8.94427,8.06226,10.81665,10.0,11.40175,13.60147,13.60147,10.63015,13.0384,42.37924,42.95346,46.09772,47.51842,50.08992,48.01042,49.09175,51.0392,56.0,58.03447,56.0357,61.07373,66.27217,67.26812,68.593,69.87131,72.69113,72.99315,73.1642,77.66595,80.36168,82.2253,80.36168,82.28001,83.21658,80.77747,81.15417,79.70571,79.84986,76.15773,75.96052,72.61543,73.53911,70.77429,73.53911,71.51224,68.94926,67.35726,66.40783,65.51336,64.32729,62.80127,64.93843,63.28507,61.13101,61.13101,59.03389,63.00794,65.06919,62.20129,64.12488,66.48308,66.75328,63.50591,65.62012,64.93843,68.65858
12.04159,12.04159,11.31371,10.63015,10.63015,10.63015,9.89949,9.21954,9.21954,9.21954,8.48528,7.81025,7.81025,7.07107,6.40312,6.40312,6.40312,5.65685,5.65685,5.65685,4.24264,4.24264,4.24264,4.24264,4.24264,2.82843,2.82843,2.82843,2.23607,1.41421,1.41421,1.41421,1.41421,1.0,1.0,0.0,0.0,0.0,0.0,1.0,1.0,1.0,1.0,1.0,1.0,1.0,1.0,2.0,2.23607,2.23607,2.23607,2.23607,68.88396,67.47592,66.8431,65.43699,63.89053,62.20129,55.21775,56.40035,54.20332,54.20332,53.41348,47.50789,47.63402,44.68781,41.6173,41.40048,36.87818,34.82815,32.01562,31.14482,32.55764,31.14482,26.90725,22.67157,21.93171,19.20937,18.38478,17.69181,14.86607,14.21267,12.04159,12.80625,9.89949,7.2111,7.81025,5.0,2.82843,3.0,4.47214,2.82843,2.23607,3.16228,3.0,1.0,4.0,7.0,9.21954,8.94427,11.04536,8.24621,10.0,11.04536,11.04536,12.04159,12.64911,11.18034,11.7047,43.93177,45.27693,44.68781,50.44799,50.0,52.15362,52.47857,52.83938,57.24509,56.82429,56.79789,65.79514,63.56099,68.02941,68.15424,68.70953,75.89466,75.27284,76.24303,77.88453,78.58753,80.28076,80.80842,82.56513,79.9062,80.62258,80.75271,80.50466,77.64664,79.51101,75.32596,76.65507,72.18033,71.02112,73.82412,69.63476,67.26812,70.03571,67.91171,66.76077,65.80274,61.84658,65.78754,64.84597,63.15853,65.36819,61.77378,60.53924,63.81222,64.89992,66.0303,65.80274,66.21933,67.47592,66.06815,71.50524,68.76772
9.84886,9.84886,9.84886,8.94427,8.94427,8.94427,8.06226,8.06226,8.06226,6.7082,6.7082,6.7082,5.83095,5.83095,5.38516,4.47214,4.47214,4.47214,4.47214,3.60555,3.60555,3.16228,2.23607,2.23607,2.23607,2.23607,1.41421,1.41421,1.41421,1.41421,1.0,0.0,0.0,1.0,1.0,1.0,1.0,1.0,1.0,1.0,2.0,2.0,2.23607,2.23607,2.23607,2.23607,2.23607,2.23607,2.23607,2.23607,2.23607,1.41421,68.88396,63.63175,64.40497,64.40497,60.82763,62.17717,57.24509,59.5399,52.83938,54.12024,49.64877,46.06517,46.51881,42.54409,43.82921,38.48376,38.07887,34.88553,33.61547,30.41381,26.41969,27.29469,25.63201,22.84732,25.07987,20.61553,18.68154,17.0,13.60147,13.92839,11.18034,10.44031,10.77033,6.7082,5.83095,7.07107,4.12311,3.60555,1.0,1.41421,2.23607,2.23607,4.12311,5.38516,10.29563,7.81025,8.60233,9.21954,10.0,12.04159,12.04159,11.18034,8.06226,10.81665,12.08305,11.7047,15.23155,45.31004,46.06517,47.70744,51.97115,50.0,53.41348,51.40039,56.85068,59.5483,60.20797,58.13777,62.24147,67.17887,65.76473,72.86288,69.52697,74.51845,75.28612,77.98718,82.61961,79.20227,84.05355,80.21222,84.0595,85.23497,83.00602,81.9878,84.11896,78.77182,80.13114,77.41447,76.53757,78.39005,74.33034,74.33034,71.56116,66.85058,69.63476,67.62396,68.24954,68.11755,65.11528,66.46804,62.96825,65.79514,65.0,65.0,62.43397,64.89992,63.63175,64.49806,64.49806,70.23532,64.40497,68.96376,71.55418,67.62396
10.0,9.21954,9.21954,9.21954,8.60233,7.81025,7.81025,7.2111,7.2111,6.40312,6.40312,6.40312,5.83095,5.0,5.0,5.0,4.24264,4.24264,4.24264,2.82843,2.82843,2.82843,2.82843,1.41421,1.41421,1.41421,1.41421,1.0,0.0,0.0,0.0,0.0,0.0,1.0,1.0,1.41421,1.41421,1.41421,1.41421,1.41421,2.23607,2.23607,2.23607,2.23607,2.23607,2.23607,2.23607,3.16228,3.16228,3.0,3.0,3.0,69.63476,65.45991,66.0303,63.82006,63.60031,59.64059,56.61272,56.30275,56.30275,49.81967,51.86521,47.80167,46.40043,43.60046,38.60052,39.20459,39.82462,37.01351,33.30165,32.80244,28.6007,26.90725,24.04163,23.60085,20.0,18.43909,16.27882,17.69181,15.6205,11.40175,11.31371,12.80625,9.21954,6.40312,5.0,3.60555,2.23607,1.0,2.23607,2.23607,3.60555,4.24264,7.28011,3.16228,7.61577,8.24621,11.18034,12.36932,9.48683,10.44031,13.34166,11.7047,14.31782,12.16553,14.0,16.27882,13.15295,45.61798,48.46648,45.88028,52.20153,53.15073,52.39275,51.62364,56.08921,58.85576,60.29925,61.13101,64.28063,65.49046,67.18631,71.17584,69.11584,75.23962,74.02702,77.02597,80.05623,82.05486,83.02409,85.09407,81.3941,85.98837,84.59314,82.8734,81.7435,81.3941,81.7435,77.23341,78.40918,74.33034,74.24284,76.32169,75.02666,70.17834,70.00714,67.00746,68.11755,71.25307,64.93843,65.30697,64.13267,60.87693,67.06713,62.29767,62.76942,66.21178,65.39113,62.6099,66.18912,66.24198,65.19202,69.64194,67.95587,68.8186
11.0,10.0,10.0,10.0,9.0,9.0,9.0,8.0,8.0,7.0,7.0,7.0,6.08276,6.08276,5.0,5.09902,5.09902,4.12311,4.12311,4.0,3.16228,3.16228,3.0,3.16228,2.23607,2.23607,1.41421,1.41421,1.41421,1.0,0.0,1.0,0.0,0.0,1.41421,1.41421,1.41421,1.41421,2.23607,1.41421,2.23607,2.23607,2.23607,2.23607,2.23607,2.23607,2.82843,2.82843,2.82843,2.82843,2.82843,2.82843,65.03076,63.12686,65.00769,59.03389,59.13544,56.22277,55.14526,54.23099,52.08647,51.08816,47.16991,44.28318,44.28318,42.19005,37.48333,38.0,37.12142,33.13608,31.0,29.06888,29.06888,27.0,25.01999,23.0,21.0238,18.0,18.11077,14.14214,13.0,13.0384,11.0,7.28011,9.0,9.05539,5.09902,2.23607,4.24264,1.41421,4.0,2.0,5.09902,5.0,6.32456,5.83095,7.2111,8.60233,10.44031,12.08305,10.29563,10.81665,10.29563,12.20656,14.21267,13.0384,17.02939,12.72792,16.40122,45.01111,43.04649,47.38143,50.48762,50.01,49.72927,50.28916,53.45091,52.49762,56.30275,58.30952,61.32699,63.69458,67.1193,68.02941,68.88396,74.24958,72.47068,73.3553,77.69813,76.8505,79.40403,78.49204,80.21222,79.02531,79.64923,79.02531,79.20227,74.8131,76.2168,72.62231,75.43209,73.10951,74.20243,70.80254,67.20119,66.28725,63.51378,64.07027,65.36819,66.64833,63.56099,63.15853,62.76942,60.53924,60.41523,62.36185,59.90826,61.39218,62.16912,61.39218,62.514,64.28063,63.1981,67.18631,67.47592,68.06614
12.64911,11.7047,11.7047,11.7047,10.44031,10.44031,10.44031,9.48683,9.48683,8.544,8.544,8.544,7.28011,7.28011,7.28011,6.32456,6.32456,5.38516,5.38516,5.38516,4.47214,4.47214,4.47214,3.60555,3.16228,3.60555,2.23607,2.23607,2.23607,1.41421,1.41421,1.41421,1.41421,1.0,1.0,1.0,0.0,1.41421,1.41421,1.41421,1.41421,1.41421,1.41421,1.41421,1.41421,1.41421,2.23607,2.23607,2.23607,2.23607,2.82843,2.23607,64.07027,65.27634,59.21149,61.20457,64.12488,54.00926,55.14526,53.08484,53.23533,48.37355,49.0408,46.04346,46.17359,44.04543,40.04997,38.11824,39.05125,33.06055,32.06244,33.01515,28.28427,28.16026,24.5153,24.08319,21.09502,17.46425,19.23538,17.26268,13.15295,17.11724,14.14214,13.0384,10.0,6.7082,3.0,4.47214,2.82843,2.23607,2.23607,4.0,3.16228,5.0,3.0,4.47214,7.0,5.0,6.08276,8.544,8.544,8.06226,9.84886,13.41641,9.43398,14.42221,11.6619,11.6619,14.21267,44.72136,45.17743,48.04165,48.0,51.0392,48.37355,51.47815,53.60037,53.93515,57.87055,60.20797,61.61169,65.30697,66.21933,63.32456,71.16881,70.83784,74.33034,73.73602,74.73286,76.6942,81.88406,81.3941,76.94154,79.25907,80.62258,79.40403,78.39005,78.89233,76.32169,75.80237,70.83078,71.86793,72.20111,70.49113,68.42514,69.31811,64.84597,60.83584,64.2573,62.96825,62.29767,57.28001,62.8172,56.75385,55.31727,59.84146,60.13319,61.13101,62.1289,60.00833,63.03174,63.12686,62.20129,65.06919,65.19202,65.37584
10.29563,10.29563,10.29563,9.84886,9.84886,8.94427,8.94427,8.06226,8.06226,8.06226,7.61577,6.7082,6.7082,6.7082,5.38516,5.38516,5.38516,4.47214,4.47214,4.47214,4.12311,3.16228,3.16228,3.16228,3.16228,2.23607,2.23607,2.0,2.0,1.0,1.0,1.0,1.0,0.0,0.0,0.0,0.0,0.0,0.0,1.0,1.41421,1.0,1.41421,1.41421,1.0,1.0,1.0,1.0,1.0,2.0,1.0,1.41421,68.00735,61.03278,64.19502,60.74537,62.64184,58.18935,55.97321,55.08176,53.85165,52.49762,47.43416,45.22168,44.92215,41.10961,40.5216,38.07887,37.94733,35.73514,31.01612,31.32092,29.12044,26.57066,24.16609,23.08679,20.88061,21.18962,16.49242,14.86607,15.29706,12.36932,8.24621,12.36932,7.61577,8.24621,4.47214,4.24264,5.09902,0.0,0.0,2.0,2.23607,3.0,4.24264,4.47214,5.38516,7.07107,8.24621,9.21954,8.0,8.0,10.19804,11.7047,11.40175,9.84886,10.81665,12.80625,12.04159,45.22168,45.27693,46.95743,49.24429,49.64877,49.64877,53.45091,55.97321,56.04463,58.69412,59.03389,61.40033,67.26812,67.60178,68.593,72.1734,71.17584,77.16217,74.06079,79.0,76.00658,81.05554,81.15417,81.49847,82.03658,78.63841,81.21576,79.9062,76.11833,76.94154,78.77182,74.33034,71.84706,72.44308,70.71068,71.70077,65.37584,68.18358,65.27634,65.27634,64.00781,62.03225,60.13319,64.38167,62.20129,60.41523,63.95311,60.41523,63.32456,59.90826,60.44005,63.89053,63.56886,61.03278,66.09841,64.2573,67.77905
11.18034,10.29563,10.29563,10.29563,9.43398,8.94427,8.94427,8.06226,8.06226,8.06226,6.7082,6.7082,6.7082,5.83095,5.83095,5.38516,4.47214,4.47214,4.47214,3.60555,3.60555,3.60555,3.60555,2.23607,2.23607,2.23607,1.41421,1.41421,1.41421,1.41421,1.0,1.0,0.0,1.0,0.0,1.0,1.0,1.0,1.0,1.0,1.0,1.0,1.41421,1.41421,2.23607,2.23607,2.23607,2.23607,1.41421,1.41421,2.23607,2.23607,68.88396,67.53518,64.4748,63.06346,61.26989,56.82429,58.59181,53.23533,50.60632,47.88528,49.1935,46.95743,44.72136,41.18252,41.18252,38.62642,36.67424,34.43835,31.7805,30.41381,27.20294,27.51363,25.07987,23.4094,21.47091,17.08801,19.31321,16.49242,14.31782,11.6619,13.34166,8.24621,5.38516,7.07107,4.24264,2.23607,3.0,3.0,1.41421,6.32456,1.41421,3.16228,3.60555,5.0,7.0,6.32456,7.81025,10.63015,9.21954,10.0,11.40175,12.20656,12.04159,8.60233,13.0,11.6619,12.64911,46.95743,46.64762,50.47772,51.85557,55.9017,50.91169,56.56854,55.86591,59.39697,60.1415,61.7171,63.89053,66.6033,70.29225,69.6563,74.8131,76.05919,77.42093,78.23682,79.32213,81.30191,79.64923,81.9878,83.72574,83.18654,82.29824,80.95678,81.939,80.5295,81.41253,74.24284,78.72103,77.82673,74.68601,74.24284,72.89719,72.20111,70.17834,66.85058,66.4003,65.80274,63.03174,63.03174,66.46804,63.65532,62.00806,62.482,63.89053,60.80296,65.45991,62.76942,66.7308,63.13478,66.24198,67.54258,68.0,68.8767
10.44031,10.44031,10.44031,9.48683,9.48683,8.544,8.24621,8.24621,7.28011,7.28011,7.28011,6.32456,6.32456,6.32456,5.38516,5.38516,5.38516,4.47214,4.47214,3.60555,3.60555,3.16228,3.16228,2.23607,2.23607,2.23607,1.41421,1.41421,1.41421,1.41421,1.0,1.0,1.0,1.41421,1.41421,1.41421,1.41421,1.41421,1.41421,1.41421,2.23607,2.23607,2.23607,2.23607,2.23607,2.23607,2.23607,2.23607,2.23607,2.82843,2.82843,2.82843,60.53098,56.32051,64.38167,58.85576,56.0803,56.0803,52.61179,56.0803,49.09175,49.25444,48.25971,46.52956,40.4475,40.11234,38.01316,38.01316,33.06055,31.01612,31.01612,28.16026,30.26549,23.5372,24.73863,22.56103,20.09975,20.39608,15.29706,14.03567,15.29706,14.03567,12.04159,9.05539,9.21954,8.544,5.0,4.12311,3.60555,4.12311,1.0,4.24264,5.0,4.47214,1.0,4.47214,5.83095,7.28011,9.48683,8.544,6.7082,10.29563,9.21954,13.60147,10.63015,10.81665,13.60147,12.72792,13.60147,46.95743,52.92447,47.67599,51.41984,50.44799,49.0102,51.66237,50.35871,53.15073,59.3043,60.13319,54.14795,56.4358,68.11755,63.15061,67.36468,70.61161,71.80529,78.26238,78.16009,80.80842,80.28076,79.37884,79.71198,77.83315,78.18568,76.05919,79.30952,76.6942,81.5414,73.92564,77.62087,75.02666,70.00714,71.16881,68.35203,66.48308,69.64194,63.89053,62.64184,64.03124,62.58594,63.15061,59.68249,59.5399,61.0082,60.00833,56.0,59.07622,59.03389,59.0,63.12686,65.12296,59.4138,64.07027,67.47592,63.95311
11.40175,10.63015,10.0,10.81665,10.0,9.43398,8.60233,8.60233,8.60233,7.2111,7.2111,7.2111,7.2111,6.7082,5.83095,5.83095,5.83095,5.0,4.47214,4.47214,4.47214,3.60555,3.60555,3.16228,3.16228,2.23607,2.23607,2.23607,2.0,1.0,1.0,1.0,1.0,0.0,1.0,0.0,0.0,1.0,1.0,1.0,1.41421,1.0,1.41421,1.0,1.41421,1.41421,1.0,1.0,1.0,1.0,1.0,1.0,65.60488,66.85058,64.40497,63.00794,61.61169,56.85948,56.85948,54.3783,55.75841,48.82622,48.25971,48.54894,44.40721,42.2019,41.67733,37.44329,39.44617,33.6006,33.83785,31.40064,27.01851,27.80288,23.60085,25.80698,21.40093,21.26029,20.61553,20.24846,15.81139,14.42221,12.04159,10.63015,12.04159,5.65685,5.83095,6.32456,5.38516,3.0,1.41421,1.41421,1.0,2.23607,3.60555,3.60555,5.38516,4.0,5.38516,6.32456,8.0,8.06226,9.05539,10.0,11.04536,10.19804,12.04159,10.77033,8.94427,47.42362,47.42362,49.20366,51.08816,55.47071,53.53504,54.70832,56.93856,56.82429,62.16912,60.16644,64.07808,65.74192,68.70953,71.86793,74.0,74.94665,77.49194,75.0,76.53757,78.33901,84.92938,86.31338,81.61495,81.49847,85.98837,83.48653,81.30191,79.30952,77.23341,78.16009,75.23962,74.8131,72.44308,73.82412,73.97973,71.44928,67.68309,68.24954,66.28725,65.73431,67.05222,63.60031,65.45991,60.53924,59.61543,58.66856,61.91123,61.40033,65.0,61.05735,62.96825,63.24555,66.61081,69.2026,66.4003,66.61081
11.40175,10.63015,10.63015,10.63015,10.63015,10.0,9.21954,9.21954,8.60233,7.81025,7.81025,7.81025,7.81025,7.07107,6.40312,6.40312,6.40312,5.65685,5.65685,5.65685,5.0,4.24264,4.24264,4.24264,4.24264,3.60555,2.82843,2.82843,2.23607,2.23607,1.41421,1.41421,1.41421,1.41421,1.41421,1.0,1.0,0.0,0.0,0.0,0.0,0.0,1.0,1.0,1.0,1.0,1.0,1.41421,1.41421,1.41421,1.41421,1.41421,67.88225,65.94695,63.70243,64.3506,60.82763,58.72819,57.28001,56.56854,53.07542,50.91169,50.93133,48.79549,44.59821,45.34314,41.03657,41.72529,38.20995,36.79674,31.82766,32.64966,31.40064,29.73214,27.58623,24.83948,23.34524,21.2132,22.02272,20.61553,17.69181,14.86607,13.60147,12.80625,9.21954,9.89949,6.40312,4.47214,5.83095,5.83095,5.09902,1.41421,2.82843,1.0,5.0,2.23607,5.09902,1.41421,5.38516,7.81025,3.16228,6.32456,9.05539,8.06226,7.07107,11.04536,9.21954,11.04536,10.19804,45.27693,48.10405,50.32892,50.80354,54.6443,50.24938,54.20332,54.70832,57.3062,59.03389,59.9333,63.50591,66.64083,67.62396,68.44706,69.28925,72.44998,76.844,75.89466,78.16009,79.81228,80.77747,82.2253,79.42921,82.20097,82.20097,79.9062,77.27872,79.9062,78.91768,77.10383,75.80237,75.95393,73.97973,75.31268,68.65858,71.06335,66.21933,65.80274,66.40783,63.56886,64.62198,61.32699,65.74192,60.83584,60.74537,62.76942,62.68174,63.41136,65.0,64.81512,63.25346,62.36986,63.03174,66.52819,64.3506,66.6033
10.19804,10.04988,10.19804,10.19804,9.21954,9.21954,9.05539,8.06226,7.28011,7.07107,7.07107,7.07107,7.07107,6.08276,6.08276,6.08276,5.0,5.09902,4.12311,4.0,4.0,4.0,3.0,3.0,2.0,2.0,2.0,2.0,1.0,1.0,1.0,1.0,0.0,1.0,1.0,1.0,1.41421,1.41421,1.41421,1.41421,1.41421,1.41421,1.41421,1.41421,1.41421,1.41421,2.23607,2.82843,2.23607,2.23607,2.23607,2.23607,68.41053,62.36185,66.09841,60.44005,60.74537,61.68468,54.40588,58.30952,50.59644,54.70832,51.26402,45.22168,46.48656,40.8534,42.15448,38.27532,37.64306,35.44009,34.78505,31.01612,33.83785,27.85678,29.12044,23.4094,25.0,18.97367,17.72005,19.31321,17.08801,16.15549,13.0,12.64911,10.0,9.48683,9.21954,6.08276,4.12311,7.07107,2.23607,1.41421,0.0,5.0,2.0,3.16228,5.83095,4.47214,7.2111,5.0,7.2111,8.48528,10.0,9.84886,8.06226,9.21954,11.18034,11.04536,10.19804,45.0,50.03998,48.37355,52.95281,50.44799,55.7853,52.81098,54.08327,54.42426,54.23099,62.24147,63.07139,66.64833,66.21178,72.94518,66.24198,75.29276,72.94518,79.40403,78.49204,80.21222,80.0,79.02531,80.28076,80.65978,82.87943,79.20859,84.85281,77.07788,80.61017,72.18033,80.65978,77.83315,74.24958,74.96666,71.42129,67.17887,66.70832,66.8431,66.8431,66.4003,61.85467,64.3506,64.66065,62.43397,61.77378,61.29437,62.24147,63.97656,60.16644,62.96825,64.2573,65.78754,62.93648,65.45991,68.00735,64.56005
10.63015,10.63015,10.0,9.89949,9.89949,9.21954,9.21954,8.48528,7.81025,7.81025,7.07107,7.07107,6.40312,5.65685,5.65685,5.65685,5.65685,5.65685,4.24264,4.24264,4.24264,4.24264,4.24264,2.82843,2.82843,2.82843,2.23607,2.23607,2.23607,1.41421,1.0,1.0,1.0,1.0,1.0,1.0,1.0,0.0,1.0,1.0,1.0,1.0,1.0,1.0,1.0,1.41421,1.41421,1.41421,1.41421,1.41421,1.41421,1.41421,63.70243,62.96825,64.3506,62.96825,58.0,55.9017,56.0803,56.72742,49.57822,50.93133,48.79549,44.55334,45.96738,41.03657,42.42641,38.8973,38.20995,35.35534,33.24154,30.4795,31.14482,29.0,27.58623,26.1725,21.93171,24.75884,19.84943,18.43909,15.55635,16.27882,12.20656,14.86607,11.40175,9.89949,6.40312,7.61577,6.7082,5.09902,4.47214,4.24264,1.0,3.16228,3.0,4.0,3.16228,5.65685,6.08276,1.0,6.32456,10.0,6.32456,9.21954,9.84886,8.06226,7.07107,9.48683,9.05539,43.18565,48.08326,47.80167,52.15362,50.24938,52.83938,55.07268,53.23533,55.47071,56.36488,58.60034,58.69412,64.40497,65.0,67.41662,66.7308,73.38937,72.73239,75.27284,77.20104,74.33034,80.28076,76.40026,80.60397,79.07591,78.64477,77.10383,80.06248,74.8131,77.78175,72.18033,79.24645,72.00694,70.21396,70.61161,69.42622,69.12308,70.40597,66.48308,65.80274,64.84597,61.46544,62.24147,61.26989,62.64982,59.5399,60.03332,60.0,59.64059,59.07622,61.61169,65.19202,63.12686,61.55485,64.38167,65.06919,64.3506
10.81665,9.43398,9.43398,9.43398,9.43398,8.60233,8.60233,8.06226,8.06226,7.2111,7.2111,7.2111,6.7082,5.83095,5.83095,5.83095,5.38516,5.83095,4.47214,4.47214,4.47214,4.47214,4.47214,3.16228,3.16228,3.16228,3.16228,2.23607,2.23607,2.0,1.0,1.0,1.0,1.0,1.0,1.0,1.0,0.0,1.0,1.0,1.0,1.0,1.0,1.0,1.0,1.0,2.0,2.0,2.0,2.0,2.0,2.0,66.4003,64.03124,64.2028,64.14047,62.00806,60.0,56.22277,57.80138,54.67175,52.63079,50.21952,47.43416,47.70744,42.80187,38.60052,39.40812,38.94868,35.60899,35.80503,31.38471,33.28663,30.23243,31.06445,25.0,24.20744,26.07681,22.80351,19.41649,19.84943,17.02939,14.86607,15.81139,9.48683,9.89949,10.0,9.89949,5.0,5.09902,5.65685,5.0,3.60555,2.0,4.0,2.0,3.60555,5.0,1.41421,5.38516,8.24621,8.544,7.07107,6.08276,11.18034,8.24621,11.18034,7.07107,14.14214,44.77723,47.43416,46.2277,48.16638,50.24938,49.51767,51.73973,52.40229,55.97321,60.44005,61.03278,61.61169,63.51378,66.61081,69.06519,67.95587,71.02112,75.29276,75.80237,76.15773,79.15807,80.49845,81.5414,80.23092,80.99383,81.27115,81.60882,82.5409,79.37884,77.7946,76.89603,76.89603,74.09453,70.00714,72.8011,68.54196,67.77905,67.1193,65.78754,65.29931,64.84597,62.64982,63.81222,63.60031,60.21628,61.07373,58.0517,59.39697,62.2254,60.10824,59.4138,63.03174,64.03124,59.46427,64.66065,63.00794,65.60488
10.81665,10.29563,9.43398,9.43398,9.43398,8.60233,8.60233,8.06226,7.2111,7.2111,7.2111,7.2111,7.2111,5.83095,5.83095,5.83095,5.38516,4.47214,4.47214,4.47214,3.60555,3.60555,3.60555,3.16228,2.23607,2.23607,2.23607,1.41421,1.41421,1.41421,1.41421,0.0,0.0,0.0,0.0,1.0,0.0,1.0,1.0,1.0,1.41421,1.41421,1.41421,2.23607,2.23607,2.23607,2.23607,2.23607,2.23607,2.23607,2.23607,2.23607,63.25346,63.78087,66.06815,62.28965,61.07373,56.0803,54.48853,55.86591,53.8145,53.75872,49.57822,47.80167,48.9183,43.26662,41.86884,37.64306,38.20995,37.01351,34.82815,33.24154,33.6006,29.06888,25.55386,24.04163,24.83948,22.2036,18.86796,20.80865,19.72308,17.02939,15.0,13.60147,10.81665,10.0,8.48528,9.21954,7.81025,5.83095,4.0,1.0,2.0,2.82843,2.0,2.82843,6.08276,5.38516,2.82843,5.38516,7.81025,5.0,7.07107,7.81025,9.89949,9.43398,10.81665,12.64911,10.44031,45.45327,47.01064,46.87217,48.37355,52.3259,53.22593,50.69517,52.39275,55.15433,57.38467,60.16644,61.68468,64.2573,67.6757,68.00735,68.41053,73.08215,71.56815,76.844,77.66595,80.28076,80.28076,80.41144,81.04937,82.03658,79.76215,80.62258,81.7435,77.41447,77.52419,74.67262,77.92946,73.68175,73.1642,73.82412,71.02112,68.88396,68.88396,66.21933,64.84597,67.06713,62.76942,63.32456,63.06346,61.26989,57.70615,57.45433,58.82176,60.21628,59.81639,61.6198,60.82763,65.11528,61.52235,62.28965,64.38167,64.44377
11.7047,10.77033,10.77033,9.84886,10.77033,9.48683,9.48683,8.544,8.544,8.544,8.544,7.28011,7.28011,7.28011,6.32456,6.32456,6.08276,6.08276,5.09902,5.09902,5.09902,4.12311,4.12311,4.12311,4.12311,3.16228,3.16228,3.16228,2.0,2.0,2.0,1.0,1.0,1.0,1.0,1.0,0.0,0.0,0.0,0.0,0.0,0.0,1.0,0.0,1.41421,1.41421,1.41421,1.41421,1.41421,1.41421,1.41421,2.23607,64.4748,61.68468,65.78754,59.13544,61.40033,60.74537,56.64804,60.16644,51.24451,53.75872,50.0,48.76474,49.24429,40.5216,43.32436,41.0,42.44997,37.64306,35.17101,30.80584,33.37664,31.257,31.57531,28.28427,25.07987,25.63201,24.5153,21.37756,20.39608,20.39608,17.46425,13.34166,9.84886,15.23155,9.21954,9.84886,7.2111,5.0,5.0,3.16228,3.16228,2.23607,4.12311,2.0,5.65685,4.47214,4.0,4.47214,8.06226,5.0,5.09902,7.07107,9.43398,7.28011,8.94427,9.84886,10.29563,45.60702,47.43416,43.26662,53.0,49.1935,52.80152,50.56679,51.42956,54.626,52.92447,59.03389,59.23681,62.24147,66.70832,70.38466,64.2573,72.44998,69.07966,77.83315,76.89603,76.89603,78.44743,75.89466,80.95678,81.7435,79.12016,77.7946,80.77747,73.76313,80.08121,74.04053,76.53757,73.05477,73.73602,73.1642,68.70953,64.07808,65.30697,63.95311,61.91123,66.37017,56.85948,62.20129,62.482,60.10824,57.31492,57.38467,59.81639,58.82176,58.24946,60.46487,59.16925,64.14047,58.60034,63.95311,63.50591,65.39113
10.81665,10.0,10.0,10.0,10.0,8.60233,8.60233,8.60233,8.60233,7.81025,7.81025,7.81025,6.40312,6.40312,6.40312,6.40312,5.0,5.0,5.0,5.0,4.47214,4.47214,3.60555,3.60555,3.60555,3.60555,3.16228,3.16228,2.0,2.23607,2.0,2.0,2.0,2.23607,1.41421,1.41421,1.41421,1.41421,1.41421,1.41421,1.41421,1.41421,2.0,2.0,2.0,2.0,2.0,2.0,2.0,2.23607,2.23607,1.41421,65.30697,63.13478,64.3506,61.29437,56.93856,61.91123,57.98276,58.59181,55.07268,53.33854,50.24938,48.02083,47.16991,45.17743,41.88078,40.81666,43.909,40.22437,36.40055,32.20248,33.42155,30.23243,30.0,26.24881,25.23886,23.60085,21.63331,22.2036,19.69772,17.49286,17.49286,15.81139,13.92839,13.92839,10.19804,8.544,9.21954,8.24621,9.05539,3.16228,6.32456,6.40312,4.47214,8.06226,7.28011,5.0,9.0,6.08276,8.24621,7.61577,8.60233,8.06226,10.81665,12.20656,10.0,10.63015,13.0,45.04442,47.51842,46.17359,51.62364,48.6621,53.93515,49.47727,55.31727,57.28001,53.16014,59.66574,62.29767,62.0967,65.80274,69.92138,65.14599,75.96052,69.26038,77.7946,77.16217,77.62087,82.28001,74.67262,78.92401,81.02469,82.63776,80.23092,83.7735,75.6439,80.62258,71.69379,77.25283,74.33034,72.8011,72.42237,70.34202,65.52099,64.13267,65.51336,65.62012,67.36468,60.20797,64.07027,60.0,62.07254,59.5399,61.0,61.18823,62.8172,57.28001,58.5235,61.03278,64.07808,61.46544,66.64083,68.88396,64.40497
11.7047,10.44031,10.44031,10.77033,10.77033,9.48683,9.48683,8.544,8.544,8.544,7.61577,7.28011,7.28011,7.28011,6.32456,6.32456,6.08276,5.38516,5.09902,5.38516,4.47214,4.12311,4.12311,3.16228,3.16228,3.16228,2.23607,2.23607,2.82843,2.23607,2.23607,2.23607,1.41421,2.0,2.0,1.0,1.0,1.41421,1.41421,1.41421,1.41421,1.41421,2.23607,2.23607,2.23607,2.23607,2.23607,2.23607,2.23607,2.0,2.0,2.0,64.62971,65.76473,66.37017,65.37584,62.514,60.29925,62.514,57.42822,55.57877,52.61179,52.08647,48.01042,48.09366,47.38143,45.04442,40.04997,42.04759,38.0526,36.12478,34.0147,33.24154,31.06445,31.06445,29.06888,28.16026,26.01922,25.01999,23.0,20.09975,19.23538,14.31782,14.31782,12.04159,14.31782,8.24621,12.52996,8.06226,11.6619,9.05539,5.38516,8.24621,6.08276,5.0,9.43398,5.0,6.7082,8.60233,9.21954,10.0,10.77033,10.0,10.44031,10.19804,12.16553,12.36932,11.0,10.0,45.25483,47.38143,51.85557,48.27007,52.80152,51.0392,51.40039,55.47071,57.42822,60.53924,60.46487,61.58734,66.03787,65.80274,68.60029,75.47185,74.33034,74.43118,78.54935,78.03204,81.00617,81.49233,84.53402,84.07735,83.63014,81.85964,78.71467,79.17702,82.76473,79.64923,77.82673,77.89737,78.29432,74.43118,76.32169,71.02112,72.62231,68.11755,68.41053,65.94695,62.96825,65.76473,65.94695,64.81512,57.00877,64.89992,60.03332,62.17717,59.03389,64.4748,58.18935,61.68468,61.40033,67.18631,68.88396,66.09841,67.08204
11.18034,11.18034,11.18034,9.84886,9.84886,8.94427,8.94427,8.94427,8.06226,8.06226,8.06226,8.06226,7.2111,6.7082,6.7082,5.83095,5.83095,5.83095,5.0,5.0,5.0,4.47214,3.60555,3.60555,3.60555,3.60555,2.23607,2.23607,2.23607,2.23607,2.0,1.0,1.0,1.0,0.0,0.0,0.0,1.0,1.0,1.0,1.0,1.41421,1.41421,1.41421,1.41421,2.23607,2.23607,2.23607,2.23607,2.23607,2.23607,2.23607,65.0,61.32699,62.16912,60.92618,59.61543,58.18075,59.09315,54.626,53.31041,51.89412,47.88528,48.30114,46.06517,43.82921,41.23106,42.94182,39.35734,39.82462,41.18252,29.52965,33.61547,26.92582,27.78489,27.20294,24.59675,25.23886,21.47091,20.24846,20.59126,15.65248,17.08801,15.81139,13.15295,13.0,12.0,11.18034,7.0,7.28011,8.24621,6.7082,3.60555,5.65685,5.65685,4.0,6.08276,7.61577,7.0,8.94427,10.29563,8.60233,11.40175,12.80625,10.81665,11.40175,13.89244,12.72792,14.42221,42.2019,47.12749,47.53946,47.92703,49.24429,49.65884,48.30114,52.39275,55.00909,55.47071,59.5399,62.17717,61.77378,64.88451,67.1193,65.51336,71.11962,69.46222,74.79305,74.09453,76.32169,81.49233,77.69813,79.05694,81.27115,77.10383,81.84131,80.21222,76.00658,78.77182,74.79305,76.32169,71.86793,73.57309,73.06162,69.35416,65.39113,66.70832,61.09828,62.29767,64.56005,58.0517,63.34824,59.84146,60.40695,61.0082,57.00877,59.03389,56.32051,55.22681,58.42089,61.81424,61.84658,56.32051,62.64184,63.56886,65.55151
10.0,9.21954,9.21954,9.21954,9.21954,7.81025,7.81025,7.81025,7.81025,7.81025,6.40312,7.07107,6.40312,5.65685,5.65685,5.65685,5.65685,4.24264,4.24264,4.24264,4.24264,3.60555,3.60555,2.82843,2.82843,2.82843,2.23607,2.23607,2.0,2.0,1.0,1.0,1.0,1.41421,1.41421,1.41421,1.41421,2.0,2.0,2.0,2.0,2.0,2.0,2.0,2.23607,2.23607,2.23607,3.16228,3.16228,2.23607,2.82843,2.82843,62.16912,58.30952,64.84597,63.07139,59.94164,59.94164,52.35456,59.05929,51.0,54.20332,49.24429,50.77401,47.16991,43.04649,44.29447,41.67733,39.44617,35.51056,36.89173,33.01515,33.6006,28.30194,30.80584,27.65863,23.85372,21.63331,23.70654,22.47221,20.24846,17.88854,17.88854,16.15549,11.7047,13.34166,11.04536,12.0,9.21954,9.05539,8.06226,8.94427,9.21954,9.43398,5.0,9.05539,8.544,11.18034,8.06226,11.0,11.04536,13.15295,12.36932,13.0,12.08305,12.52996,15.26434,14.42221,12.72792,43.46263,46.06517,47.01064,48.8774,48.37355,52.43091,52.43091,52.43091,54.3783,53.60037,59.07622,60.46487,61.29437,64.07027,67.1193,66.61081,74.33034,70.21396,78.23682,75.80237,77.42093,79.40403,81.60882,82.0061,79.51101,79.40403,78.24321,82.20097,76.6094,79.6304,70.45566,76.844,74.88658,73.24616,70.83078,68.47627,66.18912,68.42514,63.69458,63.15853,62.29767,61.40033,63.56099,60.01666,61.52235,60.00833,57.00877,57.31492,60.13319,56.22277,56.7186,60.82763,59.90826,58.5235,62.62587,63.56886,66.85058
10.44031,10.77033,10.77033,10.44031,9.48683,9.84886,8.544,8.544,8.544,8.544,7.61577,7.61577,6.7082,6.7082,6.7082,6.7082,5.83095,5.83095,5.0,5.0,4.47214,4.47214,3.60555,3.60555,3.60555,3.16228,2.23607,2.23607,2.0,2.0,1.0,1.0,1.0,1.41421,0.0,1.0,1.0,1.0,1.0,1.0,1.0,1.41421,2.23607,1.41421,2.23607,2.23607,2.23607,2.82843,2.23607,2.23607,2.23607,2.23607,63.1981,61.66036,63.95311,60.01666,60.01666,59.03389,57.07013,54.91812,55.08176,52.39275,53.36666,50.44799,48.38388,45.35416,43.17407,41.10961,41.97618,36.40055,36.68787,33.83785,31.95309,28.23119,27.51363,27.73085,25.70992,22.84732,21.37756,22.56103,16.76305,18.24829,17.26268,14.14214,15.0,10.19804,11.18034,8.94427,11.18034,7.28011,9.21954,4.47214,8.94427,8.06226,8.24621,5.38516,8.0,10.44031,11.18034,9.84886,7.61577,9.48683,14.86607,11.18034,13.0384,12.04159,14.86607,9.43398,14.42221,43.86342,47.80167,45.22168,49.64877,47.70744,51.97115,49.09175,53.85165,53.53504,53.0,57.80138,59.5399,65.51336,66.37017,66.37017,66.03787,71.84706,70.3278,75.47185,76.00658,76.00658,79.07591,81.12336,80.26207,80.13114,80.13114,80.13114,82.36504,78.23043,79.61156,75.16648,74.63243,74.4043,71.84706,71.61006,69.35416,65.11528,63.78087,65.11528,63.89053,64.2028,62.42596,62.43397,59.16925,58.18075,55.54278,55.15433,58.5235,56.75385,58.94065,55.57877,59.5399,60.13319,56.00893,59.03389,64.07027,62.07254
10.77033,10.77033,9.84886,10.77033,9.84886,8.94427,8.544,8.544,8.544,8.544,7.61577,6.7082,6.7082,6.32456,6.32456,5.83095,5.38516,4.47214,4.47214,4.47214,4.47214,4.47214,3.16228,3.16228,3.16228,3.0,2.0,2.0,2.0,2.23607,2.23607,2.23607,2.23607,2.82843,2.23607,2.23607,2.23607,2.23607,2.23607,2.23607,3.16228,3.16228,3.16228,3.0,3.0,3.0,3.0,3.0,3.0,3.16228,3.16228,3.16228,66.48308,65.52099,63.89053,62.36185,65.19202,58.87274,58.82176,58.87274,56.64804,50.92151,50.69517,50.32892,46.09772,47.92703,41.59327,38.07887,40.31129,36.89173,32.64966,32.75668,30.41381,29.15476,27.78489,25.94224,22.84732,22.36068,21.0238,19.23538,15.65248,16.15549,15.0333,13.60147,10.44031,10.04988,12.16553,9.48683,11.18034,9.84886,11.40175,11.18034,10.63015,12.08305,10.77033,12.52996,13.0,12.64911,14.03567,13.15295,17.46425,17.02939,18.11077,17.72005,17.0,17.26268,16.49242,18.78829,18.35756,44.72136,46.23851,47.43416,49.33559,52.39275,52.63079,54.34151,53.36666,56.04463,56.04463,61.03278,63.56886,67.06713,69.89278,69.92138,70.83784,72.44998,77.49194,73.73602,79.05694,78.77182,84.15462,82.63776,85.61542,81.5414,85.08819,83.00602,78.92401,80.11242,80.05623,78.29432,76.94154,76.94154,72.71864,72.71864,69.89278,69.2026,68.0147,65.05382,65.8559,63.70243,60.21628,61.29437,63.63175,58.69412,60.16644,59.80803,58.82176,61.18823,59.68249,58.13777,63.0,60.0,62.03225,65.11528,67.74216,66.70832
10.0,9.21954,9.21954,9.21954,8.48528,8.48528,7.81025,7.81025,7.07107,7.07107,6.40312,5.65685,5.65685,5.65685,5.0,4.24264,4.24264,4.24264,4.24264,2.82843,2.82843,2.82843,2.82843,2.23607,2.23607,2.23607,1.0,1.0,1.0,1.41421,1.41421,1.0,1.41421,1.0,2.0,2.0,2.0,2.0,2.0,2.0,3.0,3.0,3.0,3.0,3.16228,3.16228,3.16228,3.16228,3.16228,3.16228,3.60555,3.60555,64.40497,61.03278,64.03124,64.2028,61.22091,61.07373,58.89822,55.60576,52.34501,52.49762,53.2635,47.50789,47.42362,42.63801,42.42641,41.40048,38.8973,34.65545,32.52691,31.82766,29.06888,25.4951,25.45584,23.34524,19.10497,20.51828,18.38478,16.40122,15.55635,14.86607,10.81665,11.40175,11.04536,9.0,8.0,9.05539,4.47214,10.0,6.40312,8.94427,11.18034,11.6619,14.42221,12.36932,10.04988,10.77033,15.13275,13.0384,15.0,16.0,17.11724,12.36932,17.72005,17.72005,18.24829,18.97367,19.20937,44.77723,42.72002,48.01042,50.60632,50.93133,54.56189,53.15073,52.34501,55.31727,58.25805,57.00877,62.80127,67.80118,68.60029,70.0,69.81404,76.6094,74.65253,78.87332,80.28076,80.80842,85.14693,82.9759,86.21485,82.80097,83.23461,81.8352,83.40863,78.24321,80.80223,77.80103,76.02631,76.844,74.33034,74.06079,73.92564,67.53518,69.07966,66.76077,63.32456,61.68468,60.20797,61.40033,60.53098,55.08176,61.03278,59.00847,60.67125,58.30952,58.5235,60.16644,60.41523,58.87274,61.32699,61.91123,66.28725,66.28725
11.40175,10.44031,10.44031,10.44031,9.48683,9.48683,8.24621,8.24621,8.24621,7.28011,7.28011,7.07107,6.32456,6.08276,5.09902,6.08276,5.09902,5.09902,4.12311,4.12311,3.16228,3.16228,3.16228,2.23607,2.23607,2.23607,2.23607,2.23607,2.23607,2.0,2.0,2.0,2.23607,2.23607,2.23607,2.23607,2.23607,2.82843,2.82843,2.82843,2.82843,2.82843,2.82843,3.60555,3.60555,3.60555,3.60555,3.60555,3.60555,3.16228,3.16228,3.16228,64.41273,65.51336,66.24198,66.21178,65.30697,60.83584,59.9333,56.35601,55.54278,55.03635,48.8467,45.31004,47.92703,47.16991,41.23106,41.4367,37.0,36.68787,34.48188,31.32092,32.28002,26.92582,27.89265,23.4094,24.69818,19.31321,15.81139,16.55295,18.35756,13.0384,12.08305,8.48528,11.31371,8.24621,8.60233,7.28011,8.0,9.84886,9.84886,6.40312,9.84886,12.04159,9.21954,13.45362,15.26434,16.27882,14.21267,17.0,18.86796,16.64332,16.76305,18.97367,17.88854,18.97367,17.46425,18.02776,18.02776,45.88028,48.08326,49.0408,51.26402,49.76947,49.24429,51.62364,53.31041,55.54278,55.9464,64.07808,61.09828,63.90618,69.28925,70.93659,69.64194,76.89603,73.05477,75.96052,80.41144,81.27115,83.81527,83.48653,83.81527,84.50444,84.75848,81.9329,84.43341,81.59657,83.81527,76.65507,81.0432,75.70997,75.53807,79.24645,75.42546,69.18092,69.18092,65.0,67.00746,66.18912,61.66036,61.18823,60.08328,63.15853,56.0803,58.18075,61.91123,58.82176,57.2014,57.38467,65.06919,65.06919,61.07373,64.44377,67.00746,67.00746
12.04159,12.04159,11.04536,11.04536,11.04536,10.04988,10.04988,9.21954,9.05539,9.05539,8.06226,8.06226,7.07107,7.07107,7.07107,6.08276,6.08276,5.09902,5.09902,4.12311,4.12311,4.0,4.0,3.0,3.0,3.16228,2.23607,2.23607,2.23607,1.41421,2.23607,2.23607,2.23607,2.23607,2.0,2.0,2.0,2.0,2.0,3.0,3.0,3.16228,3.16228,3.16228,3.16228,3.16228,3.16228,3.16228,3.60555,3.60555,2.82843,2.82843,67.00746,66.0303,68.00735,62.00806,60.00833,63.03174,58.30952,61.13101,57.14018,55.3263,52.34501,48.25971,47.26521,46.04346,41.30375,40.4475,40.04997,36.49658,34.71311,32.55764,28.63564,25.31798,26.4764,22.80351,21.0238,21.0,17.26268,17.02939,16.12452,12.16553,11.40175,13.15295,7.81025,8.60233,11.40175,7.07107,9.48683,8.06226,9.05539,10.0,12.64911,11.7047,14.31782,13.89244,13.92839,13.89244,14.76482,17.49286,18.86796,19.20937,17.02939,18.02776,19.20937,18.38478,17.02939,18.02776,15.26434,43.9659,49.24429,45.54119,48.6621,47.38143,49.81967,51.78803,52.61179,55.57877,54.91812,59.68249,60.67125,63.78871,66.09841,68.88396,68.44706,73.97973,72.99315,78.44743,76.90254,79.62412,79.62412,80.60397,82.76473,83.18654,82.56513,79.9062,83.19856,76.90254,82.96987,72.8011,79.12016,73.68175,71.30919,71.86793,68.54196,70.26379,67.1193,64.66065,64.63745,66.21933,58.79626,64.3506,60.20797,60.20797,61.85467,54.91812,58.18075,57.69749,56.64804,56.61272,58.24088,64.32729,58.0517,63.3877,68.06614,66.00758
9.84886,9.84886,9.84886,9.84886,8.544,8.544,8.544,7.61577,7.28011,7.28011,7.28011,6.32456,6.32456,5.09902,5.09902,5.09902,4.12311,4.12311,4.12311,3.16228,3.16228,3.16228,2.23607,2.23607,2.23607,1.41421,1.41421,1.0,1.0,1.0,1.0,1.41421,1.0,1.41421,2.23607,2.23607,2.0,2.23607,2.23607,2.23607,2.23607,3.16228,3.0,3.0,3.0,3.0,3.0,3.0,3.0,3.0,3.0,3.16228,68.60029,66.61081,64.66065,65.19202,63.24555,58.5235,60.74537,57.45433,54.70832,52.83938,50.77401,50.77401,45.27693,43.04649,43.909,38.91015,37.21559,35.8469,31.30495,32.20248,29.54657,30.8707,24.69818,20.12461,23.70654,17.08801,17.49286,14.76482,12.20656,8.48528,10.81665,7.81025,8.94427,6.7082,6.0,5.09902,7.2111,7.07107,7.61577,10.81665,10.0,9.84886,12.64911,13.60147,12.64911,13.41641,14.56022,18.97367,15.13275,15.52417,17.46425,19.0263,17.02939,18.0,18.02776,20.22375,18.02776,46.17359,46.61545,50.08992,48.37355,52.83938,47.88528,54.58938,52.47857,55.9017,56.82429,57.70615,63.52952,65.79514,67.54258,69.77105,73.34848,74.73286,77.38863,75.6439,82.29824,80.5295,82.73452,86.76405,82.29216,83.19255,84.17244,86.00581,81.939,82.34683,77.62087,80.77747,78.43469,76.55064,73.08215,74.72617,73.24616,72.18033,66.37017,66.27217,67.02984,65.03076,64.07027,59.5399,61.18823,55.54278,58.24088,58.87274,56.36488,57.80138,59.64059,60.80296,59.46427,62.36986,65.05382,65.05382,62.2254,67.26812
10.63015,10.63015,10.63015,10.63015,9.21954,9.21954,8.48528,8.48528,7.81025,7.81025,7.81025,7.07107,7.07107,5.65685,5.65685,5.65685,5.65685,4.24264,4.24264,4.24264,3.60555,3.60555,2.82843,2.23607,2.23607,2.23607,2.0,2.0,2.0,1.41421,2.23607,1.41421,2.23607,2.23607,2.23607,2.23607,2.23607,2.23607,2.23607,3.16228,3.0,3.0,3.0,3.0,3.0,3.0,3.0,3.16228,3.0,3.16228,3.16228,3.16228,66.7308,72.89719,66.57327,64.14047,69.64194,60.53924,64.89992,57.45433,56.93856,55.0,51.40039,49.92995,47.80167,47.43416,43.56604,39.40812,43.41659,36.61967,31.40064,29.83287,29.20616,31.241,24.20744,25.0,21.93171,19.23538,20.24846,15.0,16.12452,14.76482,11.18034,8.24621,7.07107,5.38516,6.32456,6.7082,9.43398,10.29563,7.07107,10.44031,10.04988,9.0,10.0,12.04159,11.04536,12.36932,12.08305,14.76482,13.60147,15.52417,14.86607,18.86796,19.23538,17.46425,19.20937,18.60108,15.55635,46.2277,45.27693,48.10405,48.9183,53.75872,50.24938,50.24938,56.0803,55.22681,58.89822,62.28965,63.89053,65.79514,65.79514,67.26812,70.71068,72.83543,77.7946,73.66139,75.69016,78.56844,85.63294,83.63014,84.17244,81.56592,83.45058,81.34494,79.24645,81.34494,76.41989,79.24645,74.51845,76.6942,75.28612,74.20243,70.21396,71.56116,67.74216,65.76473,66.70832,61.46544,63.56886,62.36185,63.15061,54.58938,57.07889,59.0,59.03389,61.29437,60.67125,60.87693,63.60031,60.16644,67.06713,67.77905,62.64982,66.70832
12.20656,12.20656,11.40175,10.81665,11.40175,10.81665,10.0,10.0,10.0,8.60233,8.60233,8.60233,7.81025,7.2111,6.40312,6.40312,6.40312,5.65685,5.0,5.0,4.24264,4.24264,3.60555,3.60555,3.60555,2.82843,2.23607,2.23607,1.41421,1.0,1.0,1.0,1.0,0.0,0.0,1.0,1.0,1.0,1.0,1.0,1.41421,1.41421,1.41421,1.41421,2.23607,2.23607,2.82843,2.23607,2.23607,2.23607,2.23607,2.23607,70.71068,70.23532,63.51378,65.8635,65.0,61.91123,61.05735,58.5235,54.91812,53.53504,55.75841,53.0,47.16991,44.65423,44.10215,41.86884,41.6173,36.23534,33.6006,30.80584,30.80584,30.41381,24.83948,23.02173,23.02173,18.35756,17.20465,15.55635,15.26434,9.21954,12.64911,8.544,7.0,9.21954,3.0,5.65685,3.60555,3.0,3.16228,4.12311,4.47214,7.28011,7.61577,9.43398,12.08305,10.81665,11.18034,12.52996,14.42221,14.86607,16.27882,15.6205,14.21267,15.81139,16.55295,16.64332,18.35756,43.32436,44.77723,46.51881,47.88528,51.47815,50.24938,52.43091,50.77401,54.6443,54.70832,57.3062,62.76942,64.88451,68.0,69.11584,67.6757,77.38863,74.62573,74.43118,76.844,78.23682,83.00602,79.92496,81.30191,82.66196,81.30191,83.76157,83.48653,75.16648,77.17513,78.77182,79.07591,74.33034,76.66159,72.94518,72.06941,67.97794,70.5762,63.56886,66.76077,65.0,61.81424,61.66036,62.28965,63.12686,55.0,57.03508,57.21888,59.68249,60.41523,62.62587,60.74537,62.76942,60.00833,63.97656,63.52952,67.1193
11.40175,11.40175,11.40175,10.0,10.0,10.0,9.43398,8.60233,8.60233,8.60233,7.81025,7.2111,7.2111,6.40312,5.83095,5.38516,4.47214,4.47214,4.47214,4.47214,3.60555,3.60555,3.16228,2.23607,2.23607,2.23607,1.0,1.0,1.0,1.0,0.0,0.0,1.0,1.0,1.0,1.41421,1.41421,1.41421,1.41421,2.23607,2.23607,2.23607,2.23607,2.23607,2.23607,2.23607,3.16228,3.16228,3.16228,3.16228,3.16228,3.16228,70.00714,66.70832,68.593,62.93648,65.06919,64.38167,60.87693,60.82763,55.97321,51.62364,50.24938,49.57822,46.75468,45.45327,41.7732,42.44997,38.94868,34.65545,33.30165,29.73214,30.80584,26.62705,23.60085,22.80351,21.93171,17.20465,17.80449,14.86607,12.04159,9.43398,8.60233,8.60233,7.81025,3.16228,1.0,1.0,0.0,5.09902,4.0,9.89949,5.65685,9.89949,8.94427,11.18034,8.94427,11.40175,14.21267,14.86607,16.27882,13.45362,18.38478,16.27882,17.20465,15.0,17.46425,16.12452,15.52417,43.18565,48.01042,47.16991,50.48762,48.50773,49.0306,51.78803,51.97115,57.70615,54.58938,58.0517,63.34824,65.11528,67.08204,68.24954,68.65858,75.9276,73.75636,75.13322,79.81228,80.80842,83.67795,81.0432,81.27115,80.32434,82.86133,80.08121,83.52245,76.92204,78.16009,75.18643,76.15773,74.95332,75.13322,75.66373,70.45566,66.37017,66.48308,67.36468,69.02898,66.00758,62.28965,62.514,59.22837,59.90826,58.5235,59.23681,59.09315,60.82763,58.18075,60.41523,62.43397,64.07027,60.30755,66.61081,66.06815,70.72482
12.04159,12.04159,11.31371,11.31371,9.89949,9.89949,9.89949,9.21954,9.21954,8.48528,8.48528,7.81025,7.81025,7.07107,6.40312,6.40312,6.40312,5.0,5.0,5.0,4.24264,3.60555,3.60555,3.60555,2.82843,2.82843,1.41421,1.41421,1.41421,1.41421,1.0,0.0,0.0,0.0,0.0,1.0,1.0,1.0,1.0,1.41421,1.41421,1.41421,1.41421,2.23607,1.41421,1.41421,2.23607,2.23607,2.23607,2.23607,2.23607,2.23607,69.42622,70.00714,68.0147,68.68042,67.35726,65.11528,63.78087,58.72819,55.97321,55.97321,53.15073,51.08816,49.51767,44.55334,44.68781,41.86884,38.94868,37.48333,34.65545,31.14482,31.89044,29.0,26.24881,20.61553,20.51828,18.38478,17.02939,14.21267,13.0384,9.89949,7.81025,5.83095,2.82843,3.16228,2.23607,1.41421,2.23607,3.16228,5.38516,6.32456,5.83095,7.2111,12.20656,10.0,9.21954,10.63015,13.60147,12.04159,10.63015,14.31782,10.29563,13.89244,16.12452,17.20465,17.46425,16.49242,16.27882,43.01163,44.91102,45.54119,47.38143,49.25444,52.03845,51.0098,51.0,56.00893,56.00893,55.00909,62.0,65.00769,69.00725,68.0,67.26812,71.06335,72.33948,74.02702,76.65507,76.94154,81.61495,80.89499,81.88406,78.44743,83.72574,81.04937,82.8734,76.94154,77.92946,75.95393,75.95393,73.5527,74.67262,68.593,72.11103,66.06815,64.0,65.06919,64.19502,65.27634,62.80127,62.58594,59.90826,60.72891,58.30952,57.93962,59.03389,62.17717,60.53924,58.5235,62.42596,68.41053,64.66065,68.62215,71.50524,67.94115
12.52996,11.6619,11.6619,11.6619,10.29563,10.29563,10.29563,8.94427,8.94427,8.06226,8.06226,8.06226,6.7082,6.7082,5.83095,5.83095,5.83095,5.38516,4.47214,4.47214,3.60555,3.60555,3.60555,2.23607,2.23607,1.41421,1.41421,1.0,1.0,1.0,1.0,1.41421,1.41421,2.23607,2.0,2.0,2.0,2.0,3.0,2.0,2.0,3.0,3.0,3.0,3.0,3.16228,3.16228,3.16228,3.16228,3.60555,3.60555,2.82843,35.22783,35.0,34.4093,34.20526,33.83785,32.44996,30.0,31.40064,28.6007,27.20294,27.20294,26.07681,25.0,22.47221,23.02173,19.72308,19.20937,18.86796,16.12452,15.26434,13.89244,12.20656,13.41641,11.40175,11.40175,9.43398,8.06226,6.7082,5.83095,5.83095,4.24264,2.82843,3.60555,3.16228,2.0,3.0,1.41421,2.0,4.12311,2.23607,2.82843,5.38516,6.08276,6.08276,6.08276,6.7082,5.38516,6.32456,8.24621,8.06226,7.61577,8.544,8.60233,8.60233,8.48528,9.21954,7.2111,21.84033,22.56103,23.08679,25.07987,24.18677,24.08319,26.01922,27.01851,29.01724,27.07397,29.01724,31.01612,31.14482,33.06055,34.0147,35.01428,37.01351,38.0,38.0,39.05125,40.04997,41.04875,42.0119,41.04875,41.10961,41.01219,40.04997,41.04875,40.04997,40.0125,39.01282,40.0125,38.01316,38.01316,36.05551,35.12834,35.22783,34.36568,34.52535,33.95585,32.01562,32.89377,31.62278,32.31099,32.20248,29.15476,28.01785,31.40064,32.55764,30.4795,31.1127,31.241,33.97058,34.05877,34.82815,32.80244,37.80212
12.16553,12.16553,11.18034,11.04536,11.18034,11.18034,10.19804,9.05539,9.05539,9.05539,8.06226,8.06226,8.06226,7.07107,7.07107,6.08276,6.08276,5.09902,5.09902,5.09902,4.12311,4.12311,3.0,3.0,3.0,2.0,2.0,2.0,1.41421,1.0,1.41421,1.41421,1.0,1.0,1.0,1.41421,1.41421,1.41421,1.41421,1.41421,1.41421,2.23607,2.23607,2.23607,2.23607,2.23607,2.23607,2.23607,2.0,2.0,2.0,2.0,70.25667,68.73136,73.43705,70.34913,66.37017,65.37584,61.52235,61.29437,55.44367,60.20797,52.7731,52.61179,49.64877,48.25971,43.18565,45.39824,38.63936,38.63936,38.32754,34.36568,33.37664,27.16616,26.68333,24.73863,23.5372,20.88061,17.26268,16.76305,13.15295,14.14214,9.0,12.04159,7.07107,7.07107,5.38516,4.47214,5.83095,1.0,5.09902,6.7082,4.47214,8.24621,6.7082,10.29563,9.21954,10.44031,11.18034,10.77033,14.03567,15.0,15.13275,17.11724,15.13275,13.34166,16.03122,14.86607,16.15549,42.48529,44.41846,47.16991,50.0,48.60041,52.00961,52.00961,51.85557,55.60576,52.63079,58.0517,58.13777,63.89053,63.25346,65.79514,68.88396,73.66139,72.13876,77.15569,79.98125,79.24645,82.02439,80.72174,83.48653,84.21995,81.46779,83.63014,81.56592,79.93122,84.14868,74.96666,79.9062,77.7946,75.0733,74.27651,70.17834,70.43437,69.52697,68.24222,67.95587,65.0,63.13478,67.23095,62.39391,62.29767,60.08328,60.63827,61.40033,62.28965,62.20129,64.03124,65.06919,67.00746,66.06815,69.18092,70.34913,71.84706
11.31371,11.31371,11.31371,10.63015,9.89949,9.89949,9.21954,8.48528,8.48528,7.81025,7.81025,7.2111,7.07107,6.40312,6.40312,5.83095,5.83095,5.0,5.0,4.47214,3.60555,3.60555,3.16228,3.16228,2.23607,2.23607,2.0,1.0,1.0,1.0,1.0,1.0,1.0,1.0,1.0,1.0,1.41421,1.0,1.41421,1.41421,2.23607,2.23607,2.23607,2.23607,2.23607,2.23607,3.16228,3.16228,3.16228,3.16228,3.0,3.0,68.24954,66.6033,70.0928,65.43699,64.03124,61.22091,64.03124,59.81639,56.22277,53.2635,51.73973,49.51767,46.8615,44.82187,44.59821,42.63801,39.69887,36.06938,33.97058,30.4795,29.83287,30.41381,23.34524,24.08319,20.61553,21.2132,16.97056,18.38478,17.69181,13.45362,10.0,10.0,8.60233,4.47214,5.0,2.82843,3.60555,1.0,4.24264,4.47214,5.38516,6.40312,6.40312,6.40312,9.89949,10.81665,12.20656,12.20656,12.72792,15.81139,14.76482,14.31782,14.31782,15.23155,14.31782,14.86607,13.60147,40.11234,46.09772,44.01136,45.09989,46.27094,47.26521,47.67599,51.47815,48.83646,52.7731,56.7186,59.03389,61.40033,60.82763,67.08204,65.9242,73.34848,68.44706,75.31268,75.70997,73.24616,78.33901,77.62087,77.20104,79.12016,82.2253,78.84795,81.49233,76.65507,79.30952,73.76313,76.65507,76.40026,72.27724,72.78049,69.05071,64.77654,67.74216,63.12686,63.03174,62.0,62.1289,60.20797,61.52235,61.0,56.51548,59.20304,60.92618,59.61543,58.60034,60.82763,58.30952,66.37017,60.46487,66.85058,67.62396,67.20119
10.81665,10.81665,10.81665,10.81665,10.0,10.0,8.60233,8.60233,8.60233,8.60233,7.2111,7.2111,7.2111,6.40312,6.40312,5.83095,5.0,5.0,5.0,4.24264,3.60555,3.60555,2.82843,2.82843,2.82843,2.23607,1.41421,1.41421,1.0,1.0,1.0,1.41421,1.41421,1.0,1.0,1.0,1.0,1.0,2.0,2.0,2.0,2.0,2.0,2.23607,2.23607,2.23607,2.23607,2.23607,2.82843,2.23607,2.82843,2.82843,72.86288,66.6033,72.34639,66.52819,64.44377,61.55485,61.7171,62.36986,55.22681,54.56189,53.90733,47.63402,51.08816,48.27007,44.04543,41.01219,42.52058,38.8973,33.24154,31.1127,31.89044,29.0,29.73214,23.34524,22.02272,21.26029,17.69181,14.86607,15.55635,12.72792,11.40175,10.63015,8.60233,6.32456,2.23607,4.0,2.82843,1.41421,1.0,2.0,5.0,4.47214,4.12311,4.47214,8.06226,7.81025,11.40175,10.63015,12.20656,15.26434,12.20656,16.12452,15.23155,13.92839,14.31782,14.31782,13.34166,44.27189,44.27189,43.56604,50.63596,47.67599,47.26521,49.25444,51.24451,56.14268,54.33231,56.22277,60.13319,64.19502,65.03076,66.0303,67.00746,75.00667,72.0,74.00676,78.1025,78.16009,82.1523,80.399,80.30567,84.38009,80.399,80.62258,82.49242,77.78175,79.51101,76.41989,80.62258,75.32596,73.68175,73.17103,72.24957,66.00758,65.03076,66.1211,67.60178,65.49046,61.0,62.96825,62.64184,61.35145,61.26989,60.83584,57.27128,63.06346,60.90156,60.21628,62.68174,65.21503,64.03124,69.31089,65.11528,69.52697
12.04159,12.04159,10.63015,11.40175,10.63015,10.0,9.21954,9.21954,9.21954,7.81025,7.81025,7.81025,7.81025,6.40312,6.40312,6.40312,5.65685,5.0,5.0,4.24264,4.24264,3.60555,3.60555,3.60555,2.82843,2.82843,2.23607,2.23607,1.0,1.0,1.0,1.0,1.41421,1.41421,1.0,1.0,1.0,1.0,1.0,2.0,2.23607,2.23607,2.23607,2.23607,2.23607,2.23607,2.82843,2.23607,2.82843,2.23607,2.23607,2.23607,65.74192,72.49828,69.83552,66.24198,67.97794,70.66116,60.82763,61.7171,58.60034,54.12024,55.00909,49.65884,49.24429,51.07837,43.82921,42.48529,44.29447,37.58989,34.98571,33.28663,34.4093,27.45906,28.6531,25.4951,24.69818,21.63331,20.59126,18.86796,18.86796,14.76482,15.23155,11.6619,9.21954,8.06226,4.47214,6.0,3.0,2.82843,3.16228,5.83095,1.41421,4.24264,4.47214,2.82843,6.40312,6.32456,11.6619,10.63015,9.84886,12.20656,13.0,13.0384,14.03567,13.0384,13.0384,12.04159,14.03567,46.38965,47.01064,48.04165,47.04253,49.36598,51.35173,50.48762,51.47815,52.61179,57.07013,57.70615,59.22837,64.32729,66.94027,67.68309,68.88396,70.0928,71.06335,75.18643,75.0,75.89466,80.65358,81.27115,82.07923,83.00602,81.15417,82.46211,83.57033,83.00602,76.89603,81.70679,77.25283,76.2168,74.67262,71.7844,72.8011,69.64194,68.65858,67.18631,67.74216,66.48308,64.00781,62.1289,64.00781,60.03332,62.20129,62.514,59.03389,62.64184,61.68468,63.06346,59.13544,63.69458,67.62396,67.54258,70.21396,66.64833
11.04536,11.04536,11.0,10.04988,10.04988,10.04988,9.0,9.0,9.0,8.06226,8.06226,8.0,7.0,6.0,6.0,6.0,6.0,5.0,5.0,4.0,4.0,4.0,3.0,3.0,3.0,2.0,2.0,1.41421,1.41421,1.41421,1.0,1.0,1.0,1.41421,1.41421,1.41421,1.41421,1.41421,1.41421,2.23607,2.0,2.23607,2.0,2.0,3.0,3.0,3.0,3.0,3.16228,3.16228,3.16228,2.23607,70.11419,66.0303,70.0,66.00758,66.06815,64.03124,64.00781,62.00806,56.0,57.00877,54.0,52.08647,48.09366,45.04442,43.10452,41.04875,39.11521,37.12142,38.01316,35.0571,32.06244,30.01666,28.07134,25.01999,23.0,21.0238,22.2036,19.0263,14.03567,14.14214,14.03567,12.16553,8.0,6.0,5.83095,5.09902,4.0,4.24264,3.16228,4.47214,5.38516,2.23607,3.16228,10.0,7.07107,8.06226,10.04988,12.36932,11.18034,10.04988,13.34166,14.56022,12.36932,13.34166,14.56022,11.18034,15.81139,40.49691,46.61545,45.17743,49.73932,47.50789,49.64877,49.09175,51.31277,53.25411,53.53504,57.98276,58.5235,64.07027,64.3506,67.20119,68.0147,71.70077,74.41102,76.48529,77.89737,78.24321,79.20859,77.83315,82.73452,81.32035,82.73452,78.51751,83.4386,77.15569,80.80842,76.38063,79.9062,75.66373,77.7946,72.86288,71.44928,65.94695,67.80118,64.2028,64.66065,66.28725,61.40033,66.7308,62.17717,60.83584,56.0803,59.77458,60.16644,59.03389,57.87055,58.85576,64.00781,66.18912,63.07139,68.02941,71.25307,68.11755
11.6619,10.81665,11.6619,10.29563,10.29563,9.43398,9.43398,8.60233,8.60233,8.60233,8.06226,7.2111,7.2111,6.40312,6.40312,6.40312,6.40312,5.65685,5.65685,5.0,4.24264,4.24264,4.24264,3.60555,2.82843,2.82843,2.82843,2.23607,1.41421,1.41421,1.41421,1.0,0.0,0.0,0.0,0.0,1.0,1.0,1.0,1.0,2.0,2.0,2.0,2.0,2.0,2.0,3.0,3.0,3.0,3.0,3.16228,3.16228,71.84706,66.03787,71.84706,65.19202,66.85058,67.6757,61.85467,63.13478,57.80138,56.85948,55.9464,51.0392,49.39636,48.25971,44.82187,42.0119,43.60046,39.69887,40.31129,35.22783,32.55764,31.14482,29.0,28.3196,24.08319,25.6125,19.10497,23.02173,18.38478,17.69181,16.27882,15.26434,11.40175,9.21954,6.7082,8.06226,5.09902,3.16228,2.23607,4.47214,3.16228,2.23607,2.82843,7.2111,7.07107,10.0,10.81665,8.60233,8.94427,11.6619,10.29563,7.61577,11.40175,13.89244,14.56022,13.15295,12.04159,43.73786,45.17743,44.0,48.01042,47.01064,50.08992,50.63596,52.61179,51.78803,50.15974,57.42822,60.40695,63.12686,64.19502,67.74216,65.9242,74.96666,68.88396,76.94154,79.55501,77.62087,80.32434,78.33901,80.52329,82.28001,85.16455,82.56513,85.72631,76.55064,84.11896,75.0,77.20104,76.2168,76.53757,74.72617,74.72617,67.26812,66.91039,64.28063,65.06919,67.26812,56.0,64.19502,58.42089,62.28965,55.9017,60.20797,61.13101,58.5235,57.87055,61.7171,63.95311,66.18912,59.05929,69.64194,69.35416,68.47627
13.0384,12.20656,12.20656,12.20656,12.20656,10.81665,10.81665,10.81665,10.81665,10.0,9.43398,9.43398,8.60233,8.60233,7.2111,7.2111,6.40312,7.2111,6.40312,5.83095,5.65685,5.0,5.0,5.0,4.24264,3.60555,3.60555,3.60555,2.23607,2.23607,2.23607,1.41421,1.0,1.0,1.0,1.0,0.0,0.0,0.0,0.0,0.0,1.41421,1.0,1.41421,1.0,1.0,2.0,2.0,2.0,2.0,2.0,2.23607,72.11103,71.86793,67.6757,69.33974,72.11103,65.19202,62.96825,61.05735,60.20797,56.93856,53.53504,52.69725,51.86521,50.47772,46.04346,44.68781,43.60046,37.44329,37.20215,36.61967,32.80244,34.05877,29.06888,28.01785,26.40076,26.07681,22.62742,19.20937,19.79899,18.38478,16.40122,13.45362,11.18034,12.52996,9.84886,7.07107,7.28011,5.0,2.23607,2.23607,2.0,3.16228,2.23607,1.41421,6.40312,6.40312,6.7082,8.60233,8.94427,9.43398,11.7047,11.18034,13.34166,12.36932,11.0,14.31782,10.19804,41.48494,42.72002,45.70558,46.17359,50.35871,47.16991,51.0392,51.15662,57.0,55.0,54.03702,59.07622,62.00806,65.03076,66.00758,69.02898,70.00714,74.06079,74.02702,76.94154,78.91768,84.17244,83.02409,81.04937,84.5281,82.03658,82.9759,78.8543,82.0,75.31268,78.8543,75.50497,77.46612,76.48529,72.99315,73.82412,70.5762,68.26419,69.02898,66.0,64.00781,65.12296,61.20457,62.39391,58.24946,59.68249,59.43904,59.77458,62.29767,60.41523,60.82763,64.00781,64.00781,64.3506,65.45991,65.8635,72.11103
12.64911,12.64911,11.7047,11.7047,11.7047,11.40175,10.77033,9.48683,9.48683,9.48683,9.48683,8.544,8.544,7.61577,7.28011,6.7082,6.7082,6.32456,5.38516,5.38516,5.38516,5.38516,4.47214,4.47214,4.12311,4.12311,3.16228,3.0,2.0,2.0,2.0,2.23607,1.41421,1.41421,1.41421,1.41421,1.0,1.0,1.0,1.0,1.41421,1.41421,2.23607,1.41421,1.41421,1.41421,2.23607,2.23607,2.23607,2.23607,2.0,2.0,71.11259,66.7308,69.64194,66.88797,67.41662,64.66065,62.26556,63.06346,56.0803,53.85165,54.58938,53.0,48.02083,49.92995,43.82921,39.96248,45.27693,39.82462,38.41875,37.80212,36.23534,33.01515,28.6007,23.34524,24.20744,23.60085,20.0,20.80865,19.72308,15.0,17.20465,14.86607,12.20656,11.6619,5.83095,10.29563,5.83095,7.0,2.82843,4.0,3.16228,4.0,4.0,4.47214,3.16228,7.07107,10.29563,8.60233,13.45362,11.40175,12.20656,13.45362,12.08305,14.76482,12.16553,10.77033,15.29706,44.18144,45.17743,48.37355,51.08816,48.6621,48.83646,51.41984,55.31727,55.31727,53.93515,58.82176,60.63827,65.96969,67.18631,70.83078,68.68042,69.857,75.0,78.44743,78.74643,82.21922,81.59657,83.9345,82.8734,85.23497,83.38465,80.77747,79.47956,84.15462,81.59657,77.07788,81.34494,78.77182,75.27284,76.2168,72.42237,71.30919,68.88396,67.08204,67.60178,63.50591,66.18912,61.07373,63.00794,60.07495,63.63961,61.66036,61.39218,61.39218,64.19502,62.29767,60.41523,65.39113,63.07139,70.66116,70.68239,71.11962
12.04159,12.04159,12.04159,12.04159,11.04536,11.04536,10.04988,10.04988,10.04988,9.05539,9.05539,9.0,8.0,7.07107,7.0,7.0,6.0,6.0,6.0,6.0,5.0,5.0,5.0,4.0,4.0,4.0,3.0,3.0,2.0,2.0,2.0,1.0,1.0,1.0,0.0,0.0,0.0,0.0,1.0,1.41421,1.0,1.0,1.41421,1.41421,1.41421,1.41421,2.23607,2.23607,2.23607,2.82843,2.23607,2.23607,67.44627,68.68042,69.63476,66.48308,62.96825,66.21933,58.54912,59.5399,54.12947,56.7186,53.93515,50.9902,48.6621,47.29693,45.89118,42.29657,40.1995,37.21559,37.48333,33.54102,31.14482,28.16026,29.06888,28.01785,25.17936,23.19483,23.0,22.2036,20.61553,20.0,16.12452,15.0333,10.19804,10.77033,8.24621,8.94427,6.40312,1.0,3.16228,4.47214,4.0,2.23607,4.12311,6.0,9.21954,6.32456,8.0,6.08276,9.21954,11.40175,10.77033,9.21954,13.0,11.6619,15.65248,12.80625,12.72792,39.40812,43.93177,42.42641,48.83646,45.45327,47.01064,51.61395,50.80354,52.43091,54.20332,59.81639,55.80323,64.2028,60.60528,63.82006,62.1289,73.4983,70.72482,77.38863,72.94518,76.53757,78.77182,76.94154,80.13114,82.29824,76.53757,80.9506,82.34683,76.92204,78.71467,72.00694,76.02631,75.15318,70.66116,70.83078,66.7308,66.24198,66.0303,66.0303,62.00806,63.25346,58.69412,60.82763,58.0517,61.6198,54.20332,58.41233,57.98276,55.9464,58.59181,57.77543,58.5235,63.24555,60.41523,61.40033,65.0,65.73431
11.40175,11.40175,10.44031,10.44031,10.44031,10.44031,9.48683,9.48683,8.544,8.544,8.24621,7.28011,7.28011,6.32456,6.32456,6.32456,5.38516,5.38516,4.47214,4.12311,4.12311,4.12311,4.12311,3.16228,3.16228,2.23607,2.0,2.0,1.0,1.0,1.41421,1.0,1.0,1.0,1.0,1.41421,1.41421,1.41421,1.41421,2.23607,2.23607,2.23607,2.23607,2.23607,2.23607,3.16228,3.16228,3.16228,3.16228,3.0,3.0,3.0,69.72087,66.91039,69.05071,65.73431,67.26812,65.96969,59.43904,59.68249,59.22837,56.29387,54.74486,54.91812,49.47727,47.51842,45.12206,42.72002,43.41659,37.10795,38.07887,36.13862,32.98485,31.04835,25.96151,25.70992,21.2132,21.37756,21.58703,20.88061,21.0238,18.97367,15.13275,13.0,12.04159,11.04536,11.04536,6.7082,3.0,4.24264,6.08276,4.12311,6.08276,6.08276,5.83095,6.40312,8.06226,8.94427,8.94427,11.40175,12.64911,11.18034,11.18034,13.15295,16.03122,14.31782,16.27882,14.0,16.76305,43.65776,44.94441,49.1935,49.24429,47.50789,48.8774,49.64877,52.43091,54.40588,54.91812,57.45433,61.03278,62.68174,67.41662,67.42403,71.40028,72.20111,72.00694,77.80103,79.39773,79.51101,82.07314,79.98125,81.68843,84.89994,83.54639,82.9759,82.73452,80.05623,78.64477,75.74299,77.10383,76.36753,74.33034,72.91776,70.93659,68.41053,69.40461,64.07027,65.51336,66.24198,57.77543,61.7414,60.08328,62.36185,53.85165,55.54278,60.29925,59.21149,60.20797,59.03389,61.07373,62.28965,62.28965,62.96825,67.47592,69.87131
12.16553,12.16553,12.16553,11.18034,11.18034,11.18034,10.19804,10.19804,9.21954,9.21954,9.21954,8.24621,8.06226,8.06226,7.07107,7.07107,6.08276,6.08276,6.08276,5.09902,5.09902,5.09902,4.12311,4.12311,4.12311,3.0,3.0,3.0,2.23607,2.0,2.23607,2.23607,1.41421,1.41421,1.0,1.0,1.0,1.0,1.0,1.41421,1.41421,1.41421,1.41421,1.41421,2.23607,2.23607,2.23607,2.23607,2.0,2.0,2.0,2.0,72.69113,69.2315,72.83543,66.91039,69.87131,68.46897,62.96825,64.93843,59.3043,55.57877,55.9017,53.75872,53.60037,48.83646,46.52956,43.93177,47.07441,40.4475,41.59327,38.07887,39.05125,30.08322,29.73214,28.86174,27.65863,26.4764,23.5372,21.2132,22.13594,18.11077,17.02939,15.0,14.14214,11.18034,9.21954,4.0,7.61577,3.60555,3.60555,5.83095,2.82843,6.40312,3.16228,4.24264,5.83095,8.48528,8.60233,10.44031,14.56022,13.0384,11.7047,15.26434,14.56022,13.60147,17.11724,13.15295,13.92839,41.23106,45.61798,46.95743,47.70744,47.43416,50.21952,49.20366,53.60037,52.43091,56.61272,57.00877,61.07373,62.20129,66.06815,70.17834,69.6563,73.24616,72.86288,76.57676,75.00667,78.74643,81.3941,82.75869,82.21922,83.48653,80.65978,83.54639,81.3941,80.62258,79.9062,76.41989,77.78175,75.69016,72.83543,75.00667,65.94695,66.8431,64.53681,64.66065,66.85058,62.26556,57.3062,60.00833,60.53924,56.30275,57.00877,58.69412,56.7186,56.56854,59.07622,60.07495,63.03174,64.03124,65.19202,68.35934,65.9242,72.00694
12.04159,11.18034,11.04536,11.04536,10.19804,10.04988,9.05539,9.05539,9.05539,8.06226,8.06226,8.06226,7.07107,7.07107,6.08276,6.08276,6.08276,5.09902,5.09902,4.12311,4.12311,4.12311,4.12311,3.16228,3.16228,3.16228,2.23607,2.0,1.0,1.0,1.0,0.0,0.0,0.0,1.0,1.0,1.0,1.0,2.23607,2.0,2.0,2.0,2.0,2.0,2.0,3.16228,3.16228,3.16228,3.16228,3.16228,3.60555,3.60555,73.17103,74.02702,71.0,65.00769,70.0,64.28063,65.03076,63.0,61.20457,57.00877,57.00877,55.00909,54.03702,50.15974,48.01042,43.01163,43.0,42.0,40.0,36.0,31.14482,32.06244,29.15476,28.28427,25.07987,26.0,24.02082,22.2036,21.09502,18.02776,14.0,14.03567,9.05539,10.0,6.0,4.47214,4.12311,3.16228,5.0,3.16228,3.16228,3.0,4.12311,4.12311,6.0,7.07107,13.0,12.04159,7.07107,11.04536,12.16553,13.34166,12.64911,16.76305,16.12452,13.41641,16.55295,44.10215,46.40043,44.59821,46.66905,48.79549,45.34314,48.9183,54.48853,55.22681,55.22681,53.90733,60.44005,63.03174,65.8559,66.8431,69.52697,70.17834,73.24616,72.62231,73.40981,78.81624,79.88116,82.0975,83.76157,81.63333,82.68011,78.77182,80.1561,77.69813,79.32213,77.38863,74.88658,73.81734,72.40166,74.4043,71.61006,67.00746,65.19202,62.62587,65.06919,62.96825,59.40539,61.40033,58.83026,54.70832,60.03332,54.23099,58.5235,60.16644,59.90826,57.27128,62.96825,63.63961,63.1981,66.18912,68.11755,70.06426
12.04159,12.04159,11.04536,11.04536,10.04988,11.04536,10.04988,9.05539,9.05539,9.05539,8.06226,8.06226,8.06226,7.07107,7.07107,6.0,6.08276,5.09902,5.09902,5.09902,4.12311,4.12311,4.12311,3.0,3.16228,3.16228,2.23607,2.23607,1.41421,1.41421,1.0,1.0,1.0,1.41421,1.41421,1.41421,1.41421,1.41421,2.23607,2.23607,2.23607,2.0,2.0,3.0,3.0,3.0,3.0,3.0,3.0,3.16228,3.16228,2.23607,68.96376,72.12489,71.30919,68.68042,69.37579,66.76077,64.28841,64.03124,61.40033,57.27128,56.61272,52.20153,53.60037,49.72927,45.35416,47.07441,46.57252,38.83298,38.60052,36.87818,37.10795,33.37664,30.59412,26.4764,23.08679,26.4764,23.02173,21.2132,18.78829,17.72005,16.49242,13.92839,12.52996,11.40175,8.94427,6.32456,6.08276,5.09902,4.12311,4.0,2.23607,3.60555,5.0,5.83095,10.04988,8.24621,10.04988,11.18034,13.0384,13.15295,12.52996,13.92839,13.0384,14.76482,17.49286,15.55635,16.27882,43.93177,45.60702,46.87217,47.88528,49.92995,49.65884,51.42956,53.7122,55.9464,55.07268,59.05929,59.03389,63.95311,65.76473,65.76473,70.68239,70.21396,72.09022,73.82412,75.76939,76.96753,79.70571,81.70679,79.47956,83.1685,81.70679,79.37884,78.77182,80.99383,78.77182,78.0,76.32169,74.09453,73.1642,75.96052,70.38466,69.77105,66.64833,64.41273,62.68174,61.85467,61.22091,61.07373,58.72819,58.0517,59.03389,55.80323,58.83026,60.20797,59.9333,59.09315,63.15853,65.78754,66.12866,68.62215,65.80274,70.60453
13.0384,12.20656,12.20656,12.20656,10.81665,10.81665,10.81665,10.0,10.0,9.43398,9.43398,8.06226,8.06226,8.06226,8.06226,7.2111,6.7082,6.7082,6.7082,5.83095,5.83095,5.0,4.47214,4.47214,4.47214,3.60555,2.82843,2.82843,2.82843,2.82843,1.41421,1.41421,1.41421,1.0,1.0,1.0,1.0,0.0,1.0,1.0,1.0,1.0,1.0,1.0,2.0,1.41421,1.41421,1.41421,1.41421,1.41421,1.41421,1.41421,71.8401,73.24616,68.11755,69.6563,69.02898,68.11755,68.76772,62.00806,62.36986,58.79626,58.25805,56.72742,53.90733,50.9902,48.83646,45.27693,49.57822,45.34314,39.59798,41.03657,35.35534,36.06938,31.1127,30.41381,26.1725,26.90725,25.4951,24.08319,20.51828,20.51828,17.20465,16.64332,10.77033,12.20656,10.44031,6.7082,7.07107,2.23607,3.16228,5.0,1.41421,6.08276,5.0,4.24264,5.38516,7.61577,10.0,7.2111,9.21954,11.6619,9.89949,17.49286,12.80625,15.65248,16.55295,11.7047,13.15295,40.0,41.19466,46.57252,47.51842,47.85394,39.56008,45.35416,51.97115,43.17407,49.81967,55.08176,61.18823,52.95281,59.43904,61.0,62.96825,64.7611,72.78049,71.38627,75.69016,75.18643,70.2282,80.00625,79.40403,80.00625,79.69944,79.71198,78.43469,80.05623,73.05477,79.05694,75.28612,72.53275,71.56815,72.03471,71.06335,65.51336,65.9242,61.66036,60.29925,61.0,59.07622,57.07889,61.52235,55.31727,59.77458,58.5235,57.00877,57.69749,59.03389,59.94164,65.73431,66.57327,63.24555,68.60029,65.43699,70.43437
12.08305,11.7047,11.7047,11.7047,10.77033,10.77033,9.84886,9.84886,9.84886,8.544,8.94427,8.06226,8.06226,6.7082,6.7082,6.7082,5.83095,5.83095,5.83095,5.0,4.47214,4.47214,3.60555,3.60555,3.60555,2.82843,2.23607,2.23607,1.41421,1.41421,1.41421,1.41421,0.0,0.0,1.0,1.0,1.0,1.0,1.0,1.0,2.0,2.0,2.0,2.0,3.0,2.0,3.0,3.0,3.0,3.0,3.16228,3.16228,73.38937,73.53911,71.30919,70.93659,68.942,65.55151,66.70832,62.76942,65.0,60.16644,56.85948,57.69749,52.39275,50.56679,47.85394,46.51881,46.51881,41.14608,42.15448,36.35932,37.58989,31.76476,31.62278,30.52868,25.94224,27.29469,24.18677,23.02173,18.86796,17.88854,15.26434,15.23155,12.08305,7.81025,10.77033,7.28011,6.0,5.0,2.23607,3.60555,2.23607,4.47214,3.0,2.82843,8.60233,7.81025,7.2111,10.44031,11.18034,9.84886,15.81139,14.86607,13.92839,13.34166,14.14214,16.03122,16.03122,44.01136,46.95743,47.50789,48.37355,45.79301,49.64877,49.81967,48.25971,54.6443,52.43091,56.0357,60.46487,61.85467,65.80274,68.8186,64.40497,69.89278,71.61006,72.42237,75.80237,76.05919,80.43009,79.64923,80.43009,82.13404,81.8352,82.21922,82.46211,80.1561,80.43009,76.83749,77.66595,71.40028,73.23933,74.4043,71.56116,66.57327,66.24198,65.51336,61.32699,62.39391,61.35145,61.84658,58.0517,58.0517,59.3043,58.42089,57.14018,60.13319,62.39391,59.68249,63.34824,64.19502,64.03124,70.2282,72.73239,74.0
13.0384,13.0384,12.0,12.04159,11.0,11.0,11.0,10.0,10.0,9.05539,9.0,9.0,8.0,8.0,7.0,7.0,7.0,6.0,6.0,6.0,5.0,5.0,5.0,4.12311,4.0,4.0,3.0,2.0,2.0,2.0,1.0,1.0,1.0,1.0,0.0,0.0,0.0,0.0,1.41421,1.0,1.41421,1.41421,1.41421,1.41421,1.41421,1.41421,2.23607,2.23607,2.82843,2.82843,2.82843,2.23607,75.32596,73.24616,70.17834,73.10951,70.34913,67.06713,65.12296,66.27217,63.28507,60.07495,59.13544,57.21888,53.03772,51.24451,49.64877,47.04253,45.27693,42.10701,40.0125,39.11521,37.0,34.0,32.0,27.01851,28.01785,23.34524,23.08679,22.0,19.10497,17.11724,14.0,15.0333,9.21954,10.19804,8.24621,7.28011,6.08276,1.0,3.60555,2.23607,2.0,3.16228,3.0,4.12311,9.05539,6.32456,9.05539,11.04536,10.44031,12.16553,11.0,10.44031,13.60147,10.81665,15.65248,11.40175,16.40122,43.93177,44.04543,44.55334,45.25483,47.80167,48.41487,48.41487,51.40039,53.60037,54.20332,54.40588,56.0357,63.41136,62.80127,66.61081,66.61081,72.20111,71.28113,72.40166,74.88658,76.00658,78.23043,78.39005,77.82673,83.24062,80.5295,79.64923,80.9506,78.39005,77.82673,76.00658,73.92564,75.29276,73.06162,71.86793,69.33974,64.63745,65.80274,63.25346,63.03174,58.69412,59.66574,58.89822,60.80296,56.85948,57.27128,57.69749,61.46544,59.13544,60.74537,59.77458,63.56099,61.18823,66.75328,67.60178,66.61081,69.46222
12.16553,12.36932,12.16553,11.18034,11.18034,10.19804,10.19804,10.19804,9.21954,9.21954,8.24621,8.06226,8.24621,7.07107,6.08276,7.07107,6.08276,6.08276,5.09902,5.09902,4.12311,4.12311,4.12311,3.16228,3.16228,3.16228,2.23607,1.41421,1.41421,1.41421,1.0,1.0,1.0,1.41421,1.41421,1.41421,1.41421,2.23607,2.23607,2.0,2.23607,2.23607,2.0,3.0,3.0,3.0,3.0,3.0,3.16228,3.16228,3.16228,3.16228,72.78049,70.0928,71.06335,70.83078,62.8172,67.18631,66.70832,65.73431,59.48109,60.16644,56.75385,56.29387,51.97115,46.57252,44.64303,47.85394,44.14748,42.2019,40.5216,37.48333,37.65634,31.57531,31.7805,26.68333,25.96151,27.01851,19.23538,20.39608,18.24829,14.03567,14.31782,11.40175,11.7047,6.7082,3.16228,5.0,4.24264,4.12311,3.16228,5.0,4.24264,3.16228,6.08276,10.0,9.0,7.0,11.04536,13.0384,13.34166,13.0,11.40175,11.40175,13.41641,13.0,14.76482,13.89244,12.72792,42.0119,46.8615,45.48626,48.25971,48.25971,50.08992,50.60632,51.47815,53.23533,51.0,57.70615,60.82763,63.13478,65.36819,69.35416,67.1193,69.83552,72.89719,79.15807,75.6439,77.38863,83.38465,79.84986,79.47956,81.59657,82.5409,81.34494,85.23497,79.05694,84.8646,76.32169,81.70679,74.46476,72.49828,72.91776,70.26379,64.84597,66.24198,63.63175,65.80274,64.07027,57.48913,62.93648,60.81118,59.46427,60.21628,60.46487,57.45433,64.00781,60.92618,62.16912,64.07808,70.2282,64.28841,72.27724,69.64194,68.88396
13.92839,13.0,13.0,13.0,12.08305,11.7047,10.77033,10.77033,10.77033,9.84886,9.84886,9.48683,9.48683,8.544,8.544,7.61577,7.61577,6.32456,6.32456,5.38516,5.38516,5.38516,4.47214,4.47214,4.47214,3.60555,3.60555,2.82843,2.23607,2.23607,1.41421,1.41421,1.41421,1.0,1.0,1.0,1.0,1.41421,1.0,1.41421,1.0,1.0,1.0,2.0,2.0,2.23607,2.0,2.23607,2.23607,2.23607,2.23607,1.41421,72.47068,72.47068,72.49828,69.857,65.30697,66.64083,68.44706,63.56099,59.09315,59.5063,56.79789,52.7731,52.92447,51.07837,47.85394,46.51881,44.77723,43.46263,39.39543,37.94733,37.33631,31.38471,30.36445,29.15476,27.313,26.0,23.70654,23.08679,21.09502,15.65248,15.0,16.40122,11.40175,7.81025,6.40312,6.40312,4.47214,4.12311,3.16228,3.60555,2.23607,5.0,4.12311,5.0,10.04988,9.05539,10.0,10.19804,13.0,11.18034,13.34166,10.63015,14.56022,16.12452,13.89244,14.86607,13.45362,41.10961,42.44997,46.57252,44.91102,46.52956,48.27007,50.24938,50.80354,53.46027,51.78803,55.44367,55.57877,61.66036,64.13267,65.76473,67.26812,72.00694,69.46222,72.83543,76.41989,77.41447,81.22192,79.22752,81.15417,78.0,81.15417,81.05554,78.1025,78.05767,77.16217,75.32596,78.31347,74.54529,72.44308,72.69113,68.593,65.30697,67.18631,63.06346,61.68468,66.12866,62.64982,65.29931,59.36329,58.5235,60.21628,57.48913,60.1415,59.46427,61.84658,62.80127,61.85467,65.19202,65.19202,70.71068,68.96376,69.35416
12.0,13.0,11.0,12.0,11.0,11.04536,10.04988,10.04988,10.04988,9.05539,9.05539,9.05539,8.06226,8.06226,7.07107,7.07107,7.07107,6.08276,6.08276,5.09902,5.09902,5.09902,4.12311,4.12311,4.12311,4.12311,3.16228,2.0,2.0,2.0,2.0,1.0,1.0,1.0,1.0,0.0,0.0,0.0,1.0,1.0,1.0,1.0,1.0,2.0,1.0,2.0,2.0,2.23607,2.23607,2.23607,2.23607,2.23607,76.15773,65.96969,72.18033,71.58911,68.06614,68.44706,65.73431,66.4906,59.43904,59.84146,57.70615,56.29387,56.88585,48.83646,47.85394,48.50773,44.72136,45.17743,42.42641,35.0571,38.32754,31.06445,33.06055,29.01724,26.1725,25.4951,22.09072,19.0263,20.39608,20.02498,15.13275,15.29706,12.64911,10.44031,7.0,5.09902,6.32456,4.12311,5.0,3.0,4.0,3.60555,5.83095,9.48683,9.21954,10.04988,10.04988,10.44031,14.14214,10.04988,13.34166,14.03567,14.31782,12.36932,14.31782,15.23155,14.42221,41.62932,45.18849,42.72002,50.69517,43.32436,48.50773,48.05206,48.76474,55.08176,49.72927,53.85165,61.40033,59.20304,63.60031,70.60453,65.96969,73.76313,70.60453,77.62087,75.69016,77.36924,83.19856,77.66595,79.83107,81.21576,83.54639,83.36066,83.95237,77.66595,81.78631,75.18643,81.7435,73.37575,76.65507,72.12489,71.51224,62.96825,65.79514,65.30697,66.64833,66.24198,59.36329,62.00806,57.31492,58.72819,51.08816,58.00862,56.30275,62.43397,55.75841,60.53924,65.29931,70.26379,59.46427,68.30813,71.47027,66.94027
11.6619,11.6619,10.29563,10.81665,10.29563,9.43398,9.43398,9.43398,8.60233,8.06226,8.06226,8.06226,7.2111,7.2111,6.40312,5.83095,5.83095,5.0,5.0,5.0,4.24264,3.60555,3.60555,3.60555,2.82843,2.82843,2.23607,2.23607,2.0,1.0,1.0,1.0,1.41421,1.41421,1.41421,1.41421,1.41421,1.0,2.0,2.0,2.0,2.0,2.0,2.0,2.0,2.23607,2.23607,2.23607,2.23607,2.23607,2.23607,2.82843,73.43024,71.86793,72.89719,68.09552,68.09552,66.7308,63.52952,64.88451,58.83026,62.1289,56.82429,53.23533,52.7731,49.73932,47.41308,47.50789,44.29447,39.82462,39.81206,35.77709,39.39543,31.76476,27.29469,29.06888,28.17801,26.40076,23.25941,20.80865,19.20937,17.49286,19.72308,13.60147,9.89949,8.06226,7.28011,7.81025,6.08276,7.2111,6.32456,3.16228,5.0,4.24264,5.38516,11.0,10.04988,7.61577,9.21954,12.16553,13.92839,10.29563,12.20656,12.52996,14.42221,12.72792,16.40122,14.21267,14.76482,43.82921,46.14109,46.52956,47.42362,49.0408,49.0408,44.59821,53.48832,53.14132,55.65968,59.90826,61.13101,62.96825,66.40783,71.47027,68.62215,75.28612,71.80529,75.9276,78.1025,79.62412,83.54639,79.42921,82.8734,84.0119,79.9062,83.72574,85.58621,79.76215,84.85281,77.10383,78.91768,78.77182,72.99315,74.1485,71.38627,68.44706,67.05222,68.00735,64.51356,66.12866,64.84597,66.37017,62.1289,59.07622,60.60528,59.5483,60.1415,60.10824,57.31492,60.80296,64.40497,65.45991,68.26419,66.7308,70.83078,72.71864
11.7047,11.7047,11.7047,11.7047,10.77033,10.77033,9.84886,9.84886,9.84886,8.544,8.94427,8.544,8.544,7.61577,7.61577,7.28011,6.32456,6.32456,5.38516,5.38516,5.38516,4.47214,4.47214,4.47214,4.47214,3.60555,2.82843,2.23607,2.23607,1.41421,1.41421,1.41421,1.41421,1.41421,1.0,1.0,1.0,1.0,1.0,1.0,1.0,1.0,1.0,1.0,1.0,1.0,1.0,1.41421,1.41421,1.41421,1.41421,1.41421,73.53911,72.44998,69.89278,70.5195,70.93659,68.94926,69.64194,64.2573,60.16644,58.82176,54.78138,55.71355,52.81098,53.48832,45.31004,44.94441,44.01136,40.80441,40.49691,38.27532,35.90265,32.57299,30.36445,28.4605,25.0,26.68333,21.93171,22.80351,20.12461,15.81139,15.26434,14.86607,12.04159,8.60233,10.63015,7.07107,6.08276,3.16228,5.38516,1.0,3.60555,7.2111,4.12311,6.08276,8.24621,8.06226,10.44031,10.44031,10.19804,14.31782,12.52996,13.60147,14.31782,14.76482,15.81139,16.27882,13.45362,36.79674,48.02083,42.48529,44.38468,42.72002,49.39636,50.60632,60.80296,52.80152,56.36488,64.4748,60.00833,67.23095,81.32035,62.17717,75.96052,83.48653,86.64872,81.70679,69.64194,69.857,85.09407,83.52245,81.3941,84.72308,84.40379,91.5478,84.40379,81.7435,81.04937,78.84795,77.7946,78.16009,77.20104,74.0,69.28925,67.77905,65.0,64.4748,66.64833,65.19202,59.07622,62.1289,60.44005,59.20304,56.58622,57.31492,58.60034,61.07373,62.68174,61.58734,64.84597,65.76473,66.70832,68.942,69.857,70.00714
12.64911,12.64911,11.40175,12.64911,11.40175,11.40175,10.44031,10.44031,10.44031,9.48683,9.48683,9.21954,8.24621,8.24621,7.28011,7.28011,7.28011,6.32456,6.08276,6.32456,5.38516,5.09902,4.47214,4.12311,4.12311,4.12311,3.16228,2.23607,2.23607,2.23607,1.41421,1.41421,1.41421,1.0,1.0,1.0,1.0,1.0,1.41421,1.41421,1.0,1.0,1.41421,1.0,1.0,2.0,2.0,2.0,2.0,2.23607,2.23607,1.41421,73.06162,68.47627,67.60178,69.11584,67.53518,65.76473,61.77378,63.95311,60.41523,55.47071,55.9017,54.58938,54.58938,48.76474,46.95743,44.28318,46.06517,44.01136,37.57659,34.43835,36.67424,32.69557,31.01612,27.313,25.07987,24.18677,22.36068,18.38478,19.23538,18.38478,17.08801,13.45362,11.18034,10.63015,8.60233,6.40312,7.61577,3.16228,5.0,4.0,5.09902,5.0,6.0,4.0,9.05539,8.24621,9.0,9.05539,9.05539,10.44031,9.48683,13.89244,15.0,12.52996,15.26434,13.89244,12.72792,40.8534,44.27189,43.9659,44.91102,44.92215,45.89118,47.51842,47.85394,52.95281,49.81967,53.93515,59.03389,61.61169,65.30697,67.26812,64.49806,70.5762,73.5527,72.56032,75.23962,75.32596,83.0542,78.23043,76.1643,80.05623,82.0975,82.1523,83.15047,79.05694,80.09994,77.23341,75.10659,73.10951,74.24284,72.33948,69.58448,68.06614,64.03124,65.0,63.89053,63.06346,59.61543,59.61543,59.16925,57.3062,53.53504,58.24946,56.0803,59.39697,56.58622,60.20797,62.20129,65.45991,63.82006,64.14047,66.03787,69.46222
11.7047,10.77033,10.77033,9.84886,9.84886,9.84886,9.84886,8.544,8.544,8.544,8.544,7.61577,6.32456,6.32456,6.32456,5.83095,5.38516,5.38516,4.47214,4.47214,3.16228,3.16228,3.16228,2.23607,2.23607,2.23607,2.0,1.0,1.0,1.41421,1.0,1.0,1.0,1.0,1.41421,1.41421,1.41421,1.41421,1.41421,2.82843,2.23607,2.23607,2.82843,2.82843,2.82843,3.60555,3.60555,3.16228,3.16228,3.16228,3.16228,3.0,69.83552,63.13478,68.60029,67.53518,66.24198,63.28507,57.45433,58.66856,55.07268,57.24509,52.47857,52.80152,52.35456,42.48529,43.909,44.94441,43.909,39.11521,34.98571,34.4093,31.06445,29.41088,27.45906,24.59675,23.25941,20.59126,22.36068,19.69772,16.12452,17.02939,15.65248,13.41641,8.06226,8.06226,6.08276,8.544,1.41421,2.23607,6.08276,2.23607,4.12311,4.24264,5.83095,8.94427,9.89949,7.07107,9.21954,10.81665,14.42221,12.04159,13.0384,13.0,16.55295,14.86607,16.49242,15.13275,12.36932,41.30375,42.42641,43.93177,49.49747,47.07441,49.0408,50.28916,49.64877,50.59644,54.40588,56.32051,60.44005,60.72891,61.40033,66.12866,68.35203,73.05477,72.23573,75.02666,78.79086,77.47258,79.20227,79.20227,80.9506,80.9506,80.5295,80.49845,80.5295,72.44998,80.49845,75.13322,76.94154,76.47876,72.00694,72.01389,69.857,67.77905,66.76077,65.0,61.84658,61.39218,60.20797,59.3043,59.00847,57.03508,54.0,59.03389,56.56854,54.91812,60.63827,56.61272,60.40695,60.74537,59.61543,62.6099,67.53518,64.41273
11.18034,11.18034,11.18034,10.29563,9.84886,9.84886,9.84886,8.94427,8.544,7.61577,7.61577,7.61577,6.7082,6.7082,6.32456,5.38516,5.38516,4.12311,4.12311,4.12311,4.12311,3.16228,3.16228,3.16228,2.23607,2.23607,1.41421,1.0,1.0,0.0,0.0,0.0,0.0,1.0,1.0,1.0,1.0,1.0,2.23607,2.23607,2.23607,2.23607,2.23607,3.16228,3.16228,3.16228,3.60555,3.60555,3.60555,3.60555,3.60555,3.60555,67.74216,66.28725,69.11584,66.88797,68.26419,64.63745,61.05735,61.77378,60.90156,57.80138,54.20332,53.0,51.0,48.37355,45.17743,42.94182,44.29447,39.35734,34.43835,35.77709,31.95309,31.76476,29.73214,23.70654,22.84732,20.12461,22.82542,15.65248,19.10497,15.23155,12.52996,9.21954,7.81025,6.7082,3.16228,4.12311,4.12311,3.16228,2.0,3.16228,3.60555,5.09902,8.06226,9.21954,11.18034,9.48683,11.18034,11.04536,15.23155,12.16553,13.0,14.56022,17.46425,17.0,18.60108,14.21267,19.10497,44.38468,43.68066,50.01,47.85394,48.04165,50.35871,48.09366,53.23533,53.08484,54.33231,56.14268,61.07373,66.27217,65.37584,69.18092,71.17584,74.16873,74.00676,74.06079,81.02469,79.0,85.00588,84.02381,83.09633,80.1561,86.14523,87.14356,85.09407,81.0,81.02469,80.025,78.0,78.00641,74.0,75.00667,72.02777,68.26419,68.26419,65.62012,65.96969,61.61169,64.19502,60.16644,64.07808,59.09315,60.82763,59.05929,55.0,60.30755,58.0517,58.79626,65.19202,65.11528,62.482,65.0,67.00746,69.33974
12.16553,12.16553,12.16553,11.04536,11.04536,10.04988,10.04988,9.21954,9.05539,9.05539,8.06226,8.06226,8.06226,7.07107,7.07107,6.08276,6.08276,5.09902,5.09902,5.09902,5.0,4.12311,4.0,4.12311,4.0,3.0,2.0,2.0,2.0,1.41421,1.41421,1.41421,1.41421,1.41421,1.0,1.0,1.0,1.0,1.0,2.23607,2.23607,1.41421,2.23607,2.23607,2.23607,2.82843,2.23607,2.23607,2.23607,2.23607,2.23607,2.0,70.11419,70.00714,67.1193,66.18912,65.06919,62.03225,62.28965,60.0,60.20797,54.14795,54.03702,51.24451,47.09565,49.0102,45.09989,47.04253,44.10215,38.47077,36.12478,33.24154,33.24154,31.14482,28.44293,26.4764,22.2036,23.02173,20.09975,15.29706,16.12452,13.15295,15.0,12.04159,9.05539,9.43398,8.06226,4.24264,5.38516,4.24264,2.23607,3.0,5.38516,7.07107,6.40312,6.7082,7.2111,9.43398,10.77033,11.6619,12.80625,14.42221,13.15295,13.34166,15.0333,13.34166,16.12452,15.0333,16.27882,43.60046,44.59821,45.27693,46.01087,47.50789,48.27007,49.0408,54.20332,52.63079,55.31727,60.60528,62.00806,63.25346,68.41053,69.52697,71.21798,72.62231,73.81734,76.2168,78.00641,78.77182,83.23461,83.21658,82.68011,82.36504,80.26207,81.63333,82.1523,80.99383,82.37718,74.06079,78.23043,74.88658,75.21303,74.20243,69.2026,68.11755,66.6033,65.76473,63.65532,63.78087,61.85467,58.24946,62.43397,57.70615,60.41523,57.69749,56.32051,62.0967,60.87693,62.16912,61.40033,59.5399,63.03174,66.00758,70.00714,69.02898
10.04988,10.04988,10.04988,10.04988,9.05539,9.05539,8.06226,8.06226,8.06226,7.0,7.0,7.0,6.0,6.0,5.0,5.0,5.0,4.0,4.0,4.0,3.0,3.0,3.0,3.0,2.0,2.0,1.0,1.0,1.0,0.0,0.0,0.0,0.0,1.0,1.0,1.0,1.0,2.0,2.0,2.0,2.0,3.0,2.0,2.0,3.0,3.16228,3.16228,3.16228,3.16228,3.16228,3.60555,3.60555,69.07966,67.23095,66.12866,62.62587,65.55151,61.46544,62.03225,61.84658,58.82176,55.36244,52.39275,49.98,49.76947,45.88028,44.01136,39.56008,41.23106,36.40055,38.60052,30.36445,33.24154,28.23119,25.4951,23.76973,20.88061,23.5372,14.86607,16.49242,13.92839,12.04159,12.52996,8.06226,8.24621,5.65685,2.82843,3.16228,1.0,0.0,2.82843,4.47214,6.0,8.06226,6.32456,6.32456,6.0,10.04988,8.0,14.03567,12.36932,14.14214,15.52417,16.12452,15.65248,16.55295,16.64332,15.65248,18.43909,43.909,44.77723,46.95743,49.39636,51.62364,48.70318,49.98,52.20153,55.65968,58.5235,60.08328,59.77458,65.78754,68.62215,69.28925,71.30919,72.73239,76.24303,75.96052,78.1025,81.49233,83.19856,82.56513,82.76473,85.15868,85.70298,83.18654,82.56513,82.20097,79.62412,79.42921,76.90254,74.52516,74.46476,75.50497,70.34202,70.60453,69.07966,65.55151,63.07139,60.82763,62.64982,60.03332,64.40497,61.22091,55.44367,58.0517,59.5483,56.85068,58.60034,58.82176,67.41662,64.88451,65.76473,64.84597,64.84597,70.26379
10.29563,10.29563,10.29563,10.29563,9.43398,8.60233,8.94427,8.06226,8.06226,8.06226,6.7082,6.7082,6.7082,5.83095,5.38516,5.38516,4.47214,4.47214,3.16228,3.60555,3.16228,3.16228,2.23607,2.23607,2.23607,1.41421,1.41421,1.0,0.0,0.0,0.0,0.0,1.0,1.0,1.0,1.41421,2.23607,1.41421,2.23607,2.23607,2.23607,2.23607,3.16228,2.23607,2.23607,2.82843,3.60555,3.60555,3.60555,2.82843,3.60555,3.60555,69.857,69.35416,67.62396,68.02941,63.90618,60.92618,60.74537,60.74537,56.0803,57.77543,54.78138,52.0,50.32892,48.10405,43.65776,41.10961,39.05125,37.64306,32.28002,34.20526,34.48188,31.04835,26.24881,24.73863,19.64688,19.10497,19.23538,17.72005,14.86607,13.34166,8.24621,8.94427,5.83095,7.2111,3.0,2.0,2.23607,3.16228,4.24264,4.47214,5.09902,6.08276,6.32456,8.0,9.05539,10.0,9.05539,11.18034,10.44031,12.16553,12.36932,16.15549,17.0,16.12452,14.42221,16.12452,17.20465,41.62932,42.15448,47.92703,50.92151,49.72927,50.21952,52.88667,51.41984,54.74486,56.51548,60.41523,59.90826,62.0967,62.96825,71.38627,70.40597,76.15773,74.33034,79.07591,80.06248,78.63841,82.03658,82.73452,82.60751,86.57944,82.8734,82.49242,83.60024,78.63841,80.75271,76.65507,80.62258,78.08969,72.00694,74.1485,70.03571,67.72001,69.57011,64.84597,62.03225,61.46544,60.41523,64.00781,59.36329,57.42822,60.1415,54.48853,58.69412,58.72819,61.22091,57.68882,60.74537,61.05735,65.8635,69.77822,68.8767,66.64083
13.15295,12.16553,13.15295,12.16553,11.18034,11.18034,11.18034,10.19804,10.19804,9.21954,9.21954,9.21954,8.24621,8.06226,7.07107,7.07107,6.08276,6.08276,5.09902,5.09902,5.09902,5.09902,4.12311,4.12311,3.16228,3.16228,2.23607,2.23607,2.23607,1.41421,1.41421,1.41421,1.0,1.0,1.0,1.0,1.0,1.41421,1.0,1.0,1.0,2.23607,2.0,2.0,2.0,2.0,2.0,2.0,2.0,2.23607,2.23607,2.23607,73.5459,69.42622,66.75328,65.9242,67.89698,62.96825,63.34824,58.69412,59.03389,53.93515,56.7186,52.95281,51.24451,48.50773,45.89118,43.18565,43.41659,40.11234,34.23449,33.37664,31.257,30.41381,27.0,27.01851,22.36068,21.2132,20.22375,18.02776,14.86607,13.34166,13.15295,13.15295,10.44031,6.08276,5.38516,4.24264,4.24264,2.82843,0.0,2.23607,4.12311,6.32456,5.09902,9.84886,8.0,12.04159,11.0,11.04536,13.0,11.04536,14.0,13.60147,17.46425,13.34166,16.12452,16.64332,14.76482,44.55334,44.59821,46.40043,46.32494,49.39636,47.85394,50.77401,54.20332,56.93856,56.60389,59.94164,63.52952,66.24198,67.54258,69.35416,71.11259,72.47068,75.13322,75.58439,78.29432,80.23092,85.08819,82.28001,82.28001,84.8646,81.34494,82.8734,77.49194,79.47956,79.47956,78.54935,77.62087,77.62087,73.82412,72.91776,72.89719,68.47627,63.63175,65.19202,64.89992,63.00794,61.55485,57.62812,62.24147,55.9017,57.42822,57.14018,55.56978,56.79789,60.41523,55.54278,58.87274,58.5235,62.0967,68.41053,63.56099,69.42622
12.04159,12.04159,12.04159,12.04159,11.04536,11.18034,10.04988,10.04988,9.05539,9.05539,9.05539,8.06226,8.0,7.0,7.0,6.0,6.0,5.0,5.0,5.0,4.0,4.0,4.0,4.12311,3.0,3.0,2.0,2.0,2.0,1.0,1.0,0.0,1.0,0.0,1.0,0.0,0.0,1.0,1.0,1.0,1.0,1.0,2.0,2.0,2.0,2.0,2.23607,2.23607,2.23607,2.23607,2.23607,2.82843,69.92138,67.72001,70.0928,66.28725,67.68309,65.52099,59.90826,58.94065,59.66574,53.46027,53.60037,50.28916,51.92302,49.47727,47.29693,43.93177,43.56604,36.49658,36.67424,32.24903,34.36568,32.24903,23.08679,18.24829,24.02082,22.2036,20.61553,17.02939,16.49242,17.02939,11.18034,11.18034,7.28011,7.61577,5.38516,1.0,2.0,1.41421,1.0,1.0,6.08276,4.12311,6.08276,9.05539,10.04988,10.04988,11.0,12.04159,14.31782,10.04988,13.34166,13.41641,15.81139,15.81139,16.15549,17.69181,12.52996,44.94441,46.06517,46.51881,47.92703,48.70318,51.24451,49.39636,50.56679,54.70832,56.30275,52.88667,60.72891,64.84597,60.74537,72.12489,66.09841,69.63476,74.43118,80.04998,78.92401,92.47702,75.43209,89.44272,73.92564,86.31338,88.45903,90.25519,89.94443,73.75636,90.62009,83.19856,88.07383,60.92618,71.58911,68.24954,70.66116,60.90156,62.24147,56.0803,71.84706,59.16925,55.47071,48.83646,52.00961,56.63921,48.27007,52.49762,57.42822,54.6443,58.30952,58.83026,61.32699,62.24147,61.46544,60.40695,66.76077,65.52099
12.04159,12.04159,11.04536,11.04536,11.04536,10.04988,10.04988,9.05539,9.05539,9.0,8.0,8.0,7.0,7.0,7.0,6.0,6.08276,5.0,5.09902,5.0,4.0,4.0,4.0,4.12311,3.0,3.16228,3.16228,2.0,2.0,1.41421,1.0,1.0,1.41421,1.0,0.0,1.0,1.0,1.41421,1.0,1.41421,1.41421,1.41421,1.41421,1.41421,1.41421,1.41421,2.23607,2.23607,2.82843,2.82843,2.82843,2.82843,70.60453,68.00735,69.2315,65.80274,67.72001,65.96969,65.51336,62.36185,60.41523,57.48913,53.16014,54.81788,52.88667,49.0408,48.08326,45.89118,41.76123,39.62323,39.81206,33.95585,32.38827,28.44293,27.16616,25.07987,23.76973,22.36068,19.41649,17.26268,16.12452,13.0384,12.16553,13.15295,11.7047,9.05539,5.09902,4.12311,4.12311,0.0,1.41421,2.23607,3.60555,5.09902,8.544,6.32456,7.61577,9.05539,11.40175,12.08305,13.0384,12.52996,11.31371,15.26434,14.31782,14.21267,16.27882,14.86607,14.21267,45.96738,45.96738,47.42362,47.20169,48.82622,50.47772,48.8774,51.97115,56.4358,56.60389,58.30952,62.68174,62.26556,64.14047,70.3278,68.47627,71.19691,73.3553,77.36924,77.87811,80.23092,83.00602,79.47956,81.34494,81.34494,81.34494,81.34494,83.81527,77.16217,80.05623,74.33034,74.67262,74.94665,73.37575,70.93659,70.00714,63.97656,66.24198,60.03332,61.05735,61.29437,55.80323,57.62812,53.75872,53.2635,55.17246,54.81788,53.85165,55.47071,55.00909,55.15433,60.92618,59.80803,60.44005,63.78871,65.25335,69.12308
11.40175,11.40175,11.40175,10.81665,10.0,10.0,10.0,8.60233,8.60233,8.60233,7.81025,7.2111,7.2111,6.40312,5.83095,5.0,5.0,5.0,4.24264,4.24264,3.60555,3.60555,2.82843,2.82843,2.23607,2.23607,1.41421,1.41421,0.0,0.0,0.0,0.0,1.0,1.0,1.41421,1.41421,1.41421,1.41421,2.23607,2.23607,2.23607,2.23607,2.23607,3.16228,3.16228,3.16228,3.16228,3.16228,3.0,3.0,3.0,3.0,70.0,69.2026,65.21503,64.63745,68.8186,63.00794,61.61169,61.03278,57.45433,55.80323,56.4358,51.31277,51.31277,49.92995,42.80187,42.2019,39.44617,37.01351,35.0,35.60899,32.80244,30.0,25.4951,27.45906,23.85372,17.80449,21.26029,18.43909,15.0,15.6205,11.40175,10.29563,8.60233,6.40312,6.40312,2.23607,3.60555,1.0,2.0,4.24264,4.12311,5.65685,8.94427,9.05539,9.43398,10.29563,11.6619,13.0,10.81665,15.13275,15.29706,14.31782,13.34166,15.0333,15.29706,13.15295,15.29706,46.8188,48.05206,49.24429,49.64877,50.15974,54.08327,51.0098,56.0,58.0,57.03508,60.07495,63.0,63.03174,72.0,69.18092,73.02739,75.23962,77.16217,76.32169,78.64477,78.44743,85.90693,82.37718,81.3941,84.92938,81.78631,82.0,81.49233,78.84795,79.55501,77.36924,74.46476,74.46476,73.76313,71.8401,70.21396,69.857,62.514,60.20797,62.1289,61.03278,57.07889,55.22681,57.31492,53.15073,51.1957,52.39275,54.70832,54.42426,56.85948,59.16925,61.85467,59.90826,58.5235,64.03124,65.21503,71.28113
12.20656,10.81665,10.81665,10.81665,9.43398,10.29563,9.43398,9.43398,8.60233,8.06226,8.06226,7.2111,7.2111,6.40312,5.83095,5.83095,5.0,5.0,4.24264,3.60555,3.60555,3.60555,3.60555,2.82843,2.82843,2.23607,1.41421,1.41421,1.0,0.0,0.0,0.0,1.0,1.0,1.41421,1.41421,1.41421,2.23607,2.23607,2.23607,2.23607,2.23607,3.16228,3.16228,3.16228,3.16228,3.16228,3.16228,3.16228,3.0,3.0,3.0,68.8767,70.26379,66.30988,67.62396,69.07966,63.32456,62.96825,61.35145,60.16644,55.36244,55.9464,50.69517,51.47815,46.23851,47.01064,45.88028,43.38202,36.67424,34.0147,34.88553,30.88689,30.01666,25.05993,24.69818,21.9545,21.47091,21.47091,18.86796,14.56022,15.81139,10.44031,8.94427,9.43398,7.07107,5.0,2.23607,3.16228,2.0,2.82843,2.0,5.09902,5.0,5.09902,11.04536,11.18034,12.0,11.40175,15.13275,10.04988,14.03567,14.14214,14.14214,16.12452,15.0,16.49242,14.31782,14.31782,46.01087,48.16638,49.49747,52.17279,53.60037,50.44799,52.88667,54.40588,57.56735,56.921,59.77458,62.29767,66.40783,67.6757,70.93659,70.93659,74.46476,76.15773,76.6942,78.29432,79.62412,85.88364,84.53402,82.76473,80.45496,81.88406,84.21995,79.61156,80.77747,80.45496,78.03204,76.66159,72.56032,72.94518,72.47068,71.11962,67.53518,66.7308,63.32456,63.56886,60.08328,57.72348,57.27128,57.31492,54.14795,59.00847,52.00961,54.58938,55.7315,55.10898,58.24088,57.56735,64.84597,64.4748,67.62396,65.9242,68.942
11.31371,10.63015,10.63015,10.63015,9.89949,9.21954,9.21954,8.48528,8.48528,7.81025,7.81025,7.07107,7.07107,6.40312,5.65685,5.65685,5.0,5.0,4.24264,3.60555,3.60555,2.82843,2.82843,2.23607,2.23607,2.23607,1.41421,1.0,1.0,0.0,0.0,0.0,1.0,1.41421,1.41421,1.41421,1.41421,1.41421,2.23607,2.23607,2.23607,2.23607,2.82843,3.16228,3.16228,3.16228,3.16228,3.16228,3.16228,3.16228,3.0,3.0,70.83784,72.91776,69.35416,71.50524,68.68042,66.6033,64.38167,61.52235,58.72819,56.58622,55.31727,53.74012,49.57822,46.69047,44.55334,43.86342,42.80187,40.36087,35.4683,37.44329,34.82815,31.241,25.80698,26.07681,26.40076,23.02173,19.20937,18.02776,18.02776,14.86607,9.89949,10.29563,7.07107,7.81025,5.0,3.0,2.23607,1.0,3.16228,3.60555,4.12311,7.81025,8.06226,10.63015,6.32456,12.72792,10.81665,13.89244,13.60147,16.40122,15.26434,15.65248,16.55295,15.29706,18.11077,16.12452,16.03122,47.01064,46.8188,49.0408,49.24429,53.93515,53.60037,55.10898,56.7186,54.91812,60.40695,63.28507,62.28965,67.36468,65.03076,68.26419,74.02702,74.06079,76.00658,81.02469,81.05554,82.02439,83.0542,82.21922,85.47514,82.60751,84.48077,83.72574,79.51101,83.29466,78.51751,76.53104,78.31347,74.16873,72.24957,73.06162,69.11584,67.02984,66.00758,60.07495,59.3043,56.4358,60.20797,57.97413,54.08327,54.70832,59.16925,54.20332,54.08327,56.0357,56.22277,58.41233,61.55485,62.93648,64.38167,65.94695,67.47592,72.34639
11.7047,10.77033,10.77033,10.77033,10.44031,10.44031,9.84886,8.544,8.544,8.544,8.24621,7.28011,7.28011,6.32456,6.32456,6.32456,5.38516,5.38516,4.12311,4.47214,3.16228,3.16228,3.16228,3.16228,2.0,2.0,1.0,1.0,1.0,1.0,0.0,0.0,1.41421,1.0,1.41421,1.41421,1.0,2.23607,2.23607,2.23607,2.23607,2.0,3.16228,3.0,3.0,3.0,3.0,3.0,3.16228,3.0,3.16228,3.16228,72.00694,72.44998,74.43118,67.23095,67.08204,67.1193,63.95311,63.07139,58.59181,59.48109,56.35601,52.7731,50.9902,47.92703,45.61798,42.95346,40.24922,38.07887,36.23534,33.61547,34.1321,30.88689,30.41381,27.20294,21.9545,20.24846,22.82542,17.20465,15.26434,14.31782,15.26434,14.21267,7.28011,5.38516,2.82843,6.32456,0.0,1.41421,2.0,4.12311,2.0,5.83095,7.07107,5.83095,11.40175,10.04988,10.44031,12.64911,12.16553,14.31782,16.49242,16.03122,16.03122,16.03122,15.29706,15.81139,15.65248,46.09772,50.01,49.0408,54.45181,52.7731,53.60037,54.12024,53.75872,56.08921,56.51548,60.16644,65.25335,67.18631,69.26038,72.8011,69.26038,76.2168,74.67262,80.41144,81.70679,79.84986,83.38465,80.5295,83.63014,84.21995,82.36504,81.12336,83.18654,76.94154,81.88406,70.21396,77.82673,72.09022,70.38466,67.62396,68.15424,62.03225,62.03225,58.82176,59.90826,62.58594,57.31492,55.03635,56.0803,55.00909,54.45181,51.62364,56.04463,56.04463,56.04463,58.5235,60.92618,63.15853,61.29437,67.53518,70.3278,66.37017
14.31782,13.15295,13.15295,13.15295,12.16553,12.16553,11.18034,11.18034,10.19804,10.19804,10.04988,9.21954,9.21954,8.06226,8.06226,7.07107,7.07107,6.08276,6.08276,6.08276,5.09902,5.09902,4.12311,4.12311,4.0,3.0,3.0,3.0,2.0,1.0,1.0,1.0,1.0,0.0,0.0,0.0,1.0,1.0,1.0,1.41421,1.0,2.0,2.0,2.0,2.0,2.0,2.0,2.0,2.0,2.23607,2.23607,2.23607,76.65507,76.53104,75.13322,71.56815,73.97973,70.5762,68.18358,67.47592,64.77654,60.40695,56.14268,56.32051,54.33231,52.46904,46.38965,44.91102,46.27094,44.40721,40.60788,37.48333,33.54102,32.55764,31.57531,26.4764,25.4951,25.4951,20.61553,17.26268,17.26268,14.56022,15.13275,14.14214,12.16553,8.24621,3.60555,4.47214,6.0,2.0,1.41421,1.41421,2.23607,3.16228,4.0,7.28011,9.0,9.0,8.0,12.04159,12.0,13.0384,14.14214,14.31782,12.08305,13.92839,13.0,13.92839,12.80625,43.32436,43.46263,48.76474,49.1935,48.54894,50.24938,48.25971,53.53504,51.86521,56.0357,60.46487,59.90826,64.3506,68.24222,68.8186,69.02898,72.8011,72.34639,74.20243,77.83315,78.64477,78.49204,80.65978,82.807,82.75869,82.73452,82.07314,77.83315,76.36753,79.20859,74.24958,71.42129,70.00714,70.76722,70.00714,65.94695,64.2028,61.03278,61.91123,61.29437,59.94164,56.46238,55.97321,58.24088,56.04463,51.97115,56.56854,57.14018,60.00833,65.03076,60.07495,68.18358,68.26419,69.05071,73.1642,72.00694,74.96666
12.20656,12.20656,12.20656,12.20656,11.40175,11.40175,10.0,10.0,9.21954,8.60233,8.60233,8.60233,7.81025,7.2111,6.40312,6.40312,6.40312,5.0,5.0,5.0,5.0,4.24264,3.60555,3.60555,2.82843,2.82843,2.82843,1.41421,1.41421,1.41421,1.0,1.0,1.0,0.0,0.0,0.0,1.0,1.0,1.0,1.41421,1.41421,1.41421,1.41421,1.41421,1.41421,1.41421,2.23607,2.23607,2.23607,2.23607,2.23607,2.0,75.74299,78.56844,73.66139,70.00714,72.34639,70.0928,64.3506,63.63961,59.4138,57.98276,58.72819,53.75872,50.9902,49.67897,44.59821,44.55334,43.13931,38.28838,41.10961,35.38361,33.6006,31.241,27.45906,24.83948,26.40076,23.60085,20.51828,21.93171,17.02939,15.23155,11.18034,13.41641,8.24621,11.40175,8.94427,7.28011,4.24264,4.12311,5.0,2.23607,2.0,4.0,3.0,7.28011,8.544,5.83095,8.48528,8.94427,10.0,5.83095,13.0384,12.36932,11.18034,13.15295,13.15295,12.0,13.0,41.62932,45.22168,44.64303,46.57252,48.05206,48.05206,48.50773,51.1957,54.91812,55.9017,55.44367,61.66036,62.64982,67.60178,67.47592,69.35416,73.33485,72.1734,74.16873,77.00649,80.1561,81.02469,78.0,81.00617,79.02531,80.025,82.05486,82.21922,75.23962,75.16648,72.1734,74.16873,71.06335,68.06614,72.00694,69.02898,64.38167,62.39391,63.50591,60.01666,62.16912,59.48109,58.5235,56.85948,59.23681,59.36329,58.24946,57.2014,60.44005,58.41233,62.93648,63.03174,67.17887,67.26812,69.52697,73.59348,72.47068
13.0384,12.04159,12.04159,11.04536,11.04536,10.04988,10.04988,10.0,9.0,8.06226,9.05539,8.06226,7.0,7.07107,6.0,6.08276,6.08276,6.0,5.09902,5.0,4.0,4.0,4.0,3.0,3.0,3.0,2.0,1.0,1.0,1.0,1.0,0.0,0.0,0.0,0.0,1.0,1.0,1.0,1.0,1.0,2.0,2.0,2.0,2.0,2.0,2.23607,2.23607,2.23607,2.23607,2.23607,2.23607,2.23607,76.40026,74.2159,74.46476,72.27724,72.8011,71.38627,69.63476,68.88396,62.16912,60.41523,59.66574,56.51548,55.54278,50.44799,48.05206,44.14748,45.70558,42.72002,37.10795,35.73514,36.68787,32.75668,29.41088,29.73214,25.96151,22.84732,20.24846,19.31321,19.41649,18.78829,16.55295,15.23155,9.43398,6.40312,8.24621,1.41421,5.38516,1.41421,3.16228,6.32456,4.0,3.60555,3.16228,7.07107,4.0,6.08276,9.05539,10.04988,12.36932,10.19804,14.56022,15.52417,13.34166,11.7047,14.31782,14.31782,15.26434,42.19005,46.69047,46.09772,46.32494,46.57252,51.5461,51.92302,52.20153,54.70832,55.65968,60.16644,63.69458,65.19202,70.77429,71.51224,70.26379,75.23962,72.44998,76.05919,77.36924,80.95678,82.36504,79.17702,82.68011,82.0975,84.59905,80.70936,81.5414,79.05694,80.1561,76.00658,80.99383,75.71658,72.71864,73.82412,67.53518,66.64833,67.97794,64.4748,62.24147,64.84597,61.61169,61.84658,61.81424,60.20797,59.03389,62.03225,62.1289,62.28965,65.27634,66.48308,69.63476,72.00694,68.41053,75.18643,74.72617,74.72617
12.36932,12.36932,11.40175,11.18034,11.18034,10.19804,10.19804,9.21954,9.21954,8.24621,8.24621,8.24621,7.28011,7.28011,6.08276,6.08276,5.09902,5.09902,4.12311,4.12311,4.12311,4.12311,3.16228,3.16228,3.16228,2.0,2.0,2.23607,1.0,1.0,1.0,0.0,0.0,0.0,0.0,1.0,1.0,1.0,1.0,1.0,2.0,2.0,2.0,2.0,2.0,2.0,2.0,2.0,3.16228,2.23607,2.23607,2.23607,71.44928,73.33485,73.43705,75.16648,73.5527,67.18631,70.17834,65.06919,62.1289,59.03389,57.03508,58.13777,53.23533,50.03998,46.17359,46.04346,47.38143,38.32754,35.12834,37.12142,34.52535,30.14963,31.14482,28.44293,24.33105,22.36068,26.30589,20.02498,18.11077,16.15549,17.08801,15.13275,12.16553,9.0,8.24621,7.61577,6.32456,2.0,1.0,2.0,2.23607,3.60555,5.0,4.12311,5.0,3.60555,6.40312,8.06226,8.94427,7.28011,11.18034,13.60147,10.77033,13.0384,14.42221,10.81665,14.86607,45.17743,43.17407,45.88028,46.8188,52.49762,45.88028,49.39636,52.55473,54.626,54.78138,58.18075,59.5399,63.97656,65.29931,64.41273,69.83552,73.82412,74.79305,76.53757,78.23682,80.45496,84.20214,81.40025,79.81228,81.05554,80.21222,81.56592,78.56844,80.1561,76.57676,77.33693,75.43209,73.40981,74.02702,71.21798,69.40461,68.24222,63.51378,61.29437,63.13478,60.82763,58.69412,57.93962,60.44005,57.72348,57.27128,62.80127,58.03447,64.00781,63.00794,65.00769,65.06919,65.49046,69.35416,78.31347,72.83543,76.65507
12.04159,11.04536,11.18034,11.04536,10.04988,10.04988,10.04988,9.05539,9.05539,8.06226,8.0,7.0,7.07107,7.0,6.0,6.08276,5.09902,5.09902,5.09902,4.0,4.0,4.0,4.0,3.16228,3.0,3.0,2.0,1.0,1.0,1.0,1.0,0.0,0.0,0.0,0.0,0.0,0.0,1.0,1.0,1.0,2.0,2.0,2.0,2.0,2.0,2.0,2.0,2.0,2.23607,2.23607,2.23607,2.23607,78.77182,71.17584,76.53104,68.73136,69.58448,71.44928,67.06713,66.27217,62.20129,60.20797,59.4138,56.88585,53.08484,50.35871,47.16991,47.67599,46.17359,39.62323,38.11824,37.48333,33.37664,30.06659,30.26549,30.80584,29.42788,26.1725,21.58703,21.84033,19.41649,16.49242,16.49242,14.56022,13.60147,7.0,10.44031,9.43398,7.07107,6.32456,2.0,4.0,3.60555,2.0,2.23607,5.0,7.0,5.83095,8.0,7.07107,9.05539,9.21954,12.36932,10.29563,14.14214,12.20656,12.64911,10.81665,12.04159,42.10701,44.40721,45.12206,49.24429,49.72927,48.38388,49.24429,49.33559,55.02727,54.78138,59.61543,60.83584,64.88451,64.88451,67.1193,70.23532,75.591,75.17978,75.17978,77.89737,77.52419,82.68011,79.6304,81.02469,82.20097,81.60882,80.0,80.43009,76.6942,80.0,74.20243,79.20227,74.33034,73.23933,71.02816,71.02112,65.45991,67.1193,64.88451,63.97656,63.56099,60.74537,63.32456,61.13101,58.69412,63.3877,62.39391,62.07254,62.00806,64.0,63.03174,66.27217,71.25307,69.35416,71.44928,75.42546,77.27872
11.6619,12.52996,11.18034,11.6619,10.29563,10.29563,9.43398,9.43398,9.43398,8.94427,8.06226,8.06226,7.61577,6.7082,6.7082,6.7082,6.7082,5.38516,5.38516,4.47214,4.47214,4.47214,4.12311,4.12311,4.12311,3.16228,3.16228,2.0,2.23607,2.0,2.0,1.0,1.0,1.0,1.0,1.0,1.41421,1.0,1.0,1.0,1.0,1.0,2.0,2.0,2.0,2.0,2.0,2.0,2.0,2.0,2.0,3.16228,77.7946,73.5527,74.27651,74.95332,72.13876,70.72482,63.65532,67.26812,62.28965,58.79626,58.72819,55.22681,53.07542,49.67897,47.38143,47.38143,46.01087,43.86342,38.8973,36.76955,34.71311,33.97058,29.73214,29.0,29.06888,28.28427,22.02272,19.84943,20.0,23.43075,18.02776,16.27882,11.18034,11.6619,11.40175,9.89949,8.48528,6.7082,5.38516,5.38516,4.0,5.0,2.0,3.0,6.08276,7.07107,6.0,7.61577,8.24621,8.06226,9.21954,15.0333,11.0,11.18034,13.0,13.15295,12.64911,41.03657,41.86884,44.40721,45.79301,47.01064,45.79301,47.16991,49.64877,52.80152,50.11986,55.4617,60.00833,63.32456,67.06713,68.94926,65.14599,70.5195,68.62215,77.62087,77.66595,76.68768,80.89499,77.46612,75.53807,80.399,80.89499,82.49242,81.22192,76.32169,78.1025,72.44308,75.23962,71.34424,71.25307,70.5762,68.35934,64.62971,64.53681,62.0967,61.40033,64.84597,58.5235,59.46427,57.77543,58.13777,60.53924,59.36329,59.03389,63.89053,59.66574,62.96825,65.76473,72.13876,67.26812,67.26812,75.66373,74.33034
11.40175,11.40175,10.81665,10.81665,10.81665,10.0,9.43398,9.43398,8.60233,8.60233,8.60233,7.81025,7.2111,7.2111,6.40312,6.40312,5.83095,5.0,5.0,5.0,4.47214,5.0,3.60555,3.60555,3.60555,2.82843,2.82843,2.23607,2.23607,1.41421,2.23607,1.0,1.0,1.0,1.0,1.0,1.0,1.41421,1.0,1.0,1.0,1.0,1.41421,1.41421,1.41421,1.41421,1.41421,1.41421,1.41421,1.41421,1.41421,2.0,72.71864,71.19691,70.83078,70.23532,67.60178,67.08204,63.95311,63.07139,57.3062,53.66563,52.7731,51.97115,51.47815,46.06517,46.14109,44.77723,44.72136,40.31129,37.58989,34.1321,33.83785,32.44996,30.80584,27.29469,24.18677,24.41311,22.80351,20.0,18.78829,18.60108,15.65248,12.20656,12.72792,12.52996,7.07107,9.21954,7.61577,7.28011,4.12311,4.12311,4.0,1.41421,1.41421,1.41421,4.12311,5.65685,7.61577,9.21954,8.94427,5.83095,11.04536,10.0,10.04988,9.05539,14.0,12.16553,11.18034,41.23106,43.01163,43.41659,43.93177,45.70558,44.55334,49.36598,49.49747,52.23983,52.15362,57.55867,59.13544,62.28965,66.18912,68.18358,67.0,70.06426,72.00694,74.06079,75.42546,75.32596,80.30567,76.94154,76.94154,79.07591,80.06248,78.44743,77.87811,72.78049,75.70997,75.31268,75.70997,73.75636,70.21396,69.2315,66.61081,64.38167,64.19502,62.07254,63.00794,63.00794,57.31492,60.40695,59.4138,59.22837,59.43904,57.56735,56.0803,61.35145,61.46544,61.7171,65.8635,68.47627,64.89992,69.06519,74.33034,73.78347
13.45362,12.72792,12.72792,12.04159,11.31371,10.63015,10.63015,9.89949,9.89949,9.89949,9.21954,8.48528,8.48528,7.81025,7.07107,7.81025,7.07107,6.40312,5.65685,5.65685,5.65685,5.0,5.0,5.0,4.24264,4.24264,2.82843,2.82843,2.82843,2.82843,2.82843,1.41421,1.41421,1.41421,1.41421,1.0,0.0,0.0,0.0,0.0,0.0,1.0,0.0,1.0,1.0,1.0,1.0,1.0,1.0,2.0,2.0,2.23607,72.34639,71.58911,72.13876,73.0,68.62215,71.50524,65.06919,64.44377,60.1415,59.4138,58.0517,53.15073,53.75872,50.9902,49.0408,47.38143,43.27817,43.86342,38.20995,38.94868,36.79674,33.30165,29.83287,29.73214,26.1725,25.45584,22.2036,23.02173,21.93171,17.80449,16.27882,16.40122,13.45362,15.55635,13.0384,7.2111,7.07107,5.83095,7.07107,1.0,2.82843,1.0,2.0,2.82843,5.0,5.0,7.07107,7.81025,7.2111,11.18034,7.81025,9.48683,11.18034,11.04536,11.7047,12.0,13.0,38.01316,41.67733,42.48529,44.94441,45.88028,49.39636,50.92151,49.39636,53.75872,56.32051,57.56735,60.72891,64.56005,66.21933,68.65858,70.21396,75.50497,73.34848,77.64664,78.40918,79.30952,80.1561,79.15807,82.0975,81.15417,82.0975,81.00617,83.00602,77.00649,79.02531,75.02666,75.02666,75.02666,74.00676,73.0,69.02898,66.37017,67.47592,66.4906,62.36986,62.36185,59.20304,61.98387,62.76942,58.60034,59.48109,59.05929,60.80296,60.74537,64.63745,64.81512,67.94115,66.06815,64.44377,70.00714,70.72482,75.69016
11.6619,11.6619,11.18034,11.18034,10.29563,10.29563,9.43398,9.43398,8.94427,8.06226,8.06226,8.06226,7.2111,7.2111,7.2111,6.40312,5.83095,5.0,5.0,5.0,5.0,4.24264,3.60555,4.24264,2.82843,2.82843,2.82843,2.23607,1.41421,1.41421,1.41421,1.41421,1.0,1.0,1.0,0.0,0.0,0.0,1.0,1.0,1.0,2.0,2.0,2.0,2.0,2.0,2.0,3.0,3.0,3.16228,3.16228,3.16228,74.84651,68.35203,76.55717,71.11259,63.97656,67.41662,64.07808,61.68468,59.61543,60.00833,56.85948,54.23099,54.56189,46.23851,48.8467,44.72136,45.61798,40.24922,38.07887,33.12099,35.51056,29.15476,31.06445,28.01785,27.65863,26.07681,20.61553,21.09502,16.55295,16.12452,17.0,16.40122,10.63015,13.45362,9.21954,9.89949,8.06226,4.47214,5.83095,1.0,0.0,3.0,2.0,2.23607,5.83095,8.24621,7.28011,11.18034,7.07107,9.05539,13.0,12.36932,9.48683,14.31782,13.0,12.0,13.34166,37.0,42.04759,43.18565,43.73786,46.32494,47.29693,45.70558,49.81967,52.17279,53.36666,55.7853,60.40695,61.84658,63.89053,67.72001,63.56886,73.68175,70.2282,77.16217,74.0,78.18568,81.59657,76.15773,79.17702,81.88406,81.3941,79.25907,85.95929,75.66373,79.60528,70.66116,78.71467,76.05919,72.09022,70.5762,67.77905,65.55151,64.2573,65.78754,61.35145,63.89053,59.03389,60.82763,58.69412,61.13101,60.13319,56.4358,57.55867,58.46366,60.20797,62.58594,60.87693,69.26038,65.78754,69.89278,71.86793,68.44706
12.36932,12.36932,11.40175,11.18034,11.18034,10.19804,10.44031,9.21954,9.21954,9.21954,9.21954,8.24621,8.24621,7.07107,7.07107,7.28011,6.32456,6.32456,5.09902,5.38516,5.09902,5.09902,4.12311,4.12311,4.12311,3.16228,3.16228,3.0,2.0,2.0,2.0,2.0,1.0,1.0,1.41421,1.41421,1.0,1.0,1.0,1.0,1.0,1.41421,1.41421,1.41421,1.41421,1.41421,1.41421,1.41421,2.0,2.0,2.0,2.23607,70.77429,66.30988,73.82412,72.00694,65.76473,64.88451,61.32699,62.76942,58.60034,56.36488,52.39275,52.0,49.1935,50.08992,47.85394,42.95346,41.59327,39.82462,35.77709,34.98571,36.05551,30.88689,30.23243,27.45906,25.23886,24.20744,21.93171,24.20744,21.40093,17.80449,16.40122,13.0384,10.81665,10.0,13.41641,7.81025,6.40312,6.40312,8.48528,2.82843,3.16228,4.0,3.16228,2.0,4.12311,5.83095,6.7082,7.61577,7.81025,12.04159,8.06226,10.19804,13.15295,10.77033,14.31782,11.18034,12.16553,39.45884,44.18144,43.0,46.0,45.17743,49.25444,48.25971,51.47815,52.15362,53.46027,57.70615,59.68249,62.96825,63.95311,69.63476,65.30697,72.56721,70.88018,75.43209,76.65507,77.88453,81.7435,81.34494,79.47956,80.65358,80.41144,82.46211,80.62258,76.15773,83.57033,74.09453,77.83315,75.39231,71.47027,72.11103,67.44627,67.05222,65.96969,62.58594,61.39218,62.96825,61.13101,62.07254,60.03332,61.0,59.5399,60.20797,57.72348,59.90826,63.06346,62.03225,65.19202,65.55151,66.70832,68.02941,72.09022,75.15318
11.6619,11.6619,10.81665,10.81665,10.0,9.43398,9.43398,9.43398,9.43398,8.06226,8.06226,8.06226,6.7082,6.7082,6.7082,6.7082,5.38516,5.38516,5.38516,5.38516,4.47214,4.47214,4.12311,4.12311,3.16228,3.16228,3.16228,2.23607,2.23607,2.0,2.0,1.0,1.0,1.0,1.0,1.0,0.0,0.0,1.0,1.0,1.0,1.41421,1.41421,1.41421,1.41421,2.23607,2.23607,2.23607,2.23607,2.23607,2.0,3.0,73.66139,71.58911,69.42622,66.21933,64.03124,65.94695,64.44377,62.28965,60.20797,58.13777,57.80138,51.85557,49.20366,48.41487,46.75468,46.2277,43.27817,37.64306,38.01316,35.22783,35.51056,32.20248,26.92582,29.41088,25.23886,23.02173,20.24846,21.47091,21.63331,18.60108,15.81139,15.65248,12.72792,13.60147,9.21954,8.94427,5.83095,7.81025,2.0,3.0,2.23607,2.82843,1.41421,1.41421,4.0,7.81025,7.81025,9.43398,9.21954,9.21954,10.63015,9.89949,11.31371,11.6619,13.60147,14.31782,13.92839,41.59327,38.91015,45.31004,44.94441,45.88028,47.80167,49.24429,50.59644,54.12024,53.60037,58.24946,61.61169,60.20797,65.11528,66.48308,70.45566,74.67262,73.5527,76.53104,76.32169,79.15807,80.025,80.025,80.00625,80.025,82.0,77.05842,81.0,79.05694,80.025,77.02597,76.05919,75.02666,71.02816,73.00685,69.06519,67.00746,65.27634,62.39391,63.56099,60.01666,57.28001,60.40695,58.87274,55.9464,57.70615,58.13777,56.61272,60.80296,60.0,60.20797,65.19202,67.20863,64.38167,67.26812,69.52697,70.0928
11.04536,10.04988,10.04988,10.04988,10.04988,9.05539,9.05539,8.06226,8.06226,8.06226,7.07107,7.07107,7.07107,6.08276,6.08276,6.0,5.0,5.0,4.0,4.0,4.12311,4.0,3.16228,3.0,3.16228,3.0,2.0,2.0,1.0,1.0,1.0,1.0,1.0,1.0,1.0,1.0,1.41421,1.41421,1.41421,1.41421,1.41421,2.23607,2.0,2.23607,2.0,2.0,2.0,2.0,2.0,2.0,2.23607,2.23607,70.34913,69.46222,69.06519,70.25667,67.18631,65.37584,60.29925,63.3877,57.31492,53.46027,55.08176,52.08647,53.08484,46.27094,46.38965,43.10452,39.0,39.05125,37.05401,37.05401,34.0147,33.06055,30.01666,27.0,26.0,23.02173,22.09072,21.09502,21.0238,20.0,14.0,15.13275,12.04159,10.04988,10.04988,9.05539,6.08276,7.81025,4.0,1.41421,2.23607,2.82843,3.60555,3.16228,4.12311,8.24621,5.83095,9.84886,7.28011,9.05539,10.77033,11.18034,14.31782,11.40175,12.64911,13.92839,12.80625,46.23851,41.23106,38.94868,50.69517,51.22499,43.909,44.20407,51.0,54.20332,52.63079,61.61169,59.46427,58.89822,69.40461,68.00735,65.94695,80.05623,70.76722,75.74299,72.91776,75.66373,81.46779,85.27602,80.72174,85.42833,86.21485,79.20227,82.0061,77.00649,79.40403,76.05919,79.02531,74.02702,73.66139,73.75636,71.50524,66.48308,67.17887,65.79514,63.12686,61.6198,62.20129,61.29437,59.68249,56.82429,60.83584,61.09828,58.24088,62.64184,62.8172,58.69412,64.93843,63.63961,64.77654,70.85901,73.00685,71.44928
12.0,11.0,11.0,11.0,10.0,10.0,9.0,9.0,9.0,8.0,8.0,8.0,7.0,7.0,6.0,6.0,6.0,5.0,5.0,5.0,4.0,4.12311,4.0,3.16228,3.0,3.0,2.0,2.0,2.0,1.0,1.0,1.0,1.0,0.0,0.0,0.0,1.0,1.0,1.0,1.0,1.41421,2.0,2.0,2.0,2.23607,2.23607,2.23607,2.23607,2.23607,2.82843,2.82843,2.82843,68.02941,65.37584,71.11259,65.03076,65.06919,65.19202,61.13101,60.00833,58.03447,56.0357,52.23983,51.35173,50.01,46.09772,43.01163,43.01163,43.10452,39.0,36.01389,34.05877,31.06445,29.01724,30.41381,29.06888,24.0,23.08679,21.0,19.0,19.0263,19.0,14.03567,16.03122,11.04536,9.05539,12.04159,7.28011,5.83095,3.0,3.16228,2.23607,3.16228,3.16228,3.16228,3.16228,6.08276,3.60555,7.0,9.0,9.05539,12.0,11.40175,11.18034,13.41641,10.44031,11.6619,13.41641,13.0384,37.85499,43.41659,41.0,44.94441,45.88028,47.01064,50.11986,51.89412,52.35456,52.35456,56.93856,57.80138,61.91123,63.63175,67.95587,67.1193,71.84706,70.0,74.4043,78.1025,73.75636,77.89737,78.49204,79.98125,82.03658,83.4386,76.38063,79.98125,74.96666,75.16648,75.00667,75.00667,74.27651,71.44928,68.62215,65.79514,61.6198,65.43699,61.6198,63.41136,60.80296,58.18075,60.90156,58.60034,58.60034,57.93962,57.00877,55.08176,57.27128,59.03389,60.53098,62.20129,67.26812,62.20129,67.02984,69.00725,68.00735
12.52996,12.52996,12.52996,12.08305,11.18034,11.18034,10.29563,10.29563,10.29563,8.94427,8.94427,8.94427,8.06226,8.06226,6.7082,7.2111,7.2111,6.7082,5.83095,5.83095,5.83095,5.0,5.0,5.0,4.47214,4.47214,3.60555,3.60555,2.23607,2.23607,2.23607,2.23607,1.0,1.41421,1.0,1.0,0.0,0.0,0.0,0.0,1.0,0.0,1.0,1.0,1.0,1.0,1.0,2.0,2.0,2.0,2.0,2.23607,72.20111,73.82412,68.0,68.96376,66.64833,64.88451,67.1193,63.50591,58.18075,58.59181,54.12024,53.7122,52.47857,46.52956,47.01064,46.06517,44.29447,38.94868,38.07887,37.21559,36.05551,32.24903,30.41381,29.68164,25.23886,23.32381,22.82542,21.63331,19.72308,21.63331,19.23538,16.12452,15.0,12.64911,9.84886,7.61577,6.7082,8.60233,5.38516,2.0,2.23607,4.12311,2.23607,4.12311,3.16228,3.16228,8.06226,10.29563,8.544,8.60233,8.544,12.16553,12.16553,10.19804,14.14214,12.04159,13.15295,44.01136,41.76123,46.09772,45.89118,49.64877,48.09366,51.24451,52.15362,55.08176,55.22681,57.00877,62.0,63.03174,68.06614,67.0,69.46222,71.17584,72.33948,75.66373,77.64664,76.65507,81.21576,82.76473,81.02469,79.30952,80.28076,83.67795,79.12016,80.36168,78.16009,77.88453,75.96052,75.43209,73.4983,71.06335,67.68309,68.24954,64.77654,64.49806,64.19502,61.07373,61.0082,59.0,62.20129,57.14018,58.69412,54.57105,58.94065,60.74537,60.16644,58.30952,64.4748,66.64083,65.8635,69.77105,69.46222,70.71068
13.15295,12.16553,12.16553,12.04159,11.18034,11.18034,11.04536,10.04988,10.04988,9.05539,9.05539,9.21954,8.24621,8.06226,7.07107,7.07107,7.28011,6.32456,6.08276,5.38516,5.09902,5.09902,5.09902,4.12311,4.12311,4.12311,3.16228,3.16228,3.16228,2.23607,2.0,2.0,1.0,1.0,1.0,1.0,0.0,0.0,0.0,0.0,0.0,1.0,1.0,1.0,1.0,1.0,1.0,2.23607,2.23607,2.23607,2.23607,2.23607,72.00694,67.02984,71.02816,69.00725,69.00725,67.0,62.00806,63.0,59.03389,57.00877,56.00893,53.00943,54.00926,48.01042,46.09772,48.16638,46.0,41.04875,40.04997,38.20995,37.65634,35.22783,31.257,28.01785,28.07134,26.1725,23.19483,21.09502,20.22375,18.43909,17.0,14.14214,11.04536,12.16553,10.04988,9.21954,9.05539,6.08276,6.40312,2.23607,1.0,3.60555,3.16228,4.47214,5.83095,6.40312,4.12311,9.21954,9.05539,8.94427,11.40175,12.04159,14.03567,10.19804,14.86607,13.0384,10.81665,40.80441,42.05948,43.46263,46.14109,46.52956,48.37355,48.25971,51.62364,54.08327,53.82379,57.42822,59.64059,64.2028,66.0303,67.80118,65.43699,72.00694,73.75636,76.6942,74.96666,76.38063,81.32035,77.07788,82.13404,81.46779,82.75869,77.89737,80.65978,75.82216,78.56844,72.91776,75.69016,70.83784,72.91776,72.24957,69.31089,63.65532,64.53681,63.12686,60.80296,59.40539,57.80138,60.82763,59.03389,61.7171,55.97321,56.921,57.27128,59.03389,58.24946,62.514,65.00769,67.1193,63.00794,70.06426,70.00714,74.00676
11.18034,10.19804,11.18034,10.19804,10.19804,9.21954,9.21954,8.06226,8.06226,8.06226,7.28011,7.07107,7.07107,6.08276,6.08276,6.08276,5.09902,5.09902,5.09902,4.12311,4.12311,4.0,4.0,3.0,3.0,3.0,2.0,2.0,1.0,1.0,1.0,0.0,0.0,0.0,0.0,1.0,1.0,1.0,1.41421,1.41421,2.23607,2.23607,2.23607,2.23607,2.23607,2.23607,2.23607,2.23607,2.82843,2.82843,2.82843,2.82843,72.24957,71.44928,70.71068,71.11259,68.593,64.77654,64.38167,63.50591,61.52235,56.7186,54.45181,56.22277,52.15362,48.50773,48.50773,45.09989,40.11234,40.0,37.01351,39.11521,34.1321,33.24154,28.01785,28.01785,25.17936,23.02173,22.09072,23.08679,18.24829,15.52417,14.14214,15.13275,12.0,11.04536,8.0,6.08276,3.60555,4.12311,0.0,3.60555,3.60555,2.23607,4.12311,5.0,7.07107,8.06226,11.18034,7.07107,10.04988,13.0384,13.0,12.64911,14.31782,15.6205,14.76482,14.86607,14.21267,43.65776,42.04759,44.29447,47.01064,48.25971,49.64877,49.40648,52.20153,53.60037,54.40588,58.89822,62.2254,64.81512,67.20863,67.17887,69.35416,72.83543,74.27651,72.83543,73.53911,77.83315,80.65978,82.32861,83.81527,83.81527,81.40025,80.0,77.42093,81.8352,75.80237,73.00685,73.81734,73.40981,71.70077,71.21798,66.70832,66.6033,64.44377,61.52235,63.03174,63.03174,58.60034,58.25805,57.68882,60.20797,57.3062,57.77543,59.46427,60.44005,60.08328,62.36986,63.95311,67.46851,69.05071,67.60178,71.44928,71.34424
12.08305,11.18034,12.08305,11.18034,11.18034,10.29563,10.29563,8.94427,8.94427,8.94427,8.06226,8.06226,8.06226,7.2111,6.7082,6.7082,5.83095,5.38516,5.38516,4.47214,4.47214,4.47214,4.47214,3.60555,3.60555,3.60555,2.82843,2.82843,1.41421,1.41421,1.0,1.0,1.0,1.0,1.0,1.41421,1.41421,1.41421,1.41421,1.0,2.0,2.0,2.0,2.0,2.0,2.23607,2.23607,2.23607,2.23607,2.23607,2.23607,2.23607,71.06335,66.76077,66.21933,68.65858,68.88396,63.32456,66.21933,64.84597,59.48109,56.04463,55.10898,54.34151,53.75872,47.53946,45.60702,45.12206,43.68066,40.4475,34.36568,33.73426,35.35534,34.23449,30.59412,28.07134,25.4951,24.08319,21.2132,17.46425,20.39608,15.29706,15.29706,15.29706,14.03567,9.48683,9.48683,8.544,5.09902,6.7082,5.38516,3.16228,4.0,3.16228,4.47214,3.16228,6.32456,6.08276,8.06226,8.06226,12.36932,11.04536,10.04988,12.64911,12.04159,13.60147,14.31782,14.76482,13.60147,41.40048,45.60702,44.55334,46.75468,47.63402,51.22499,48.41487,49.0408,52.43091,53.82379,57.98276,60.20797,65.73431,67.95587,67.95587,71.34424,71.86793,73.82412,73.3553,77.17513,74.73286,80.06248,79.70571,79.30952,81.70679,80.23092,80.23092,80.62258,79.84986,77.07788,75.15318,74.24958,76.15773,73.34848,71.11259,71.58911,68.09552,66.88797,61.40033,62.42596,62.80127,59.5483,59.4138,59.39697,57.48913,54.3783,57.14018,61.29437,58.59181,61.7171,60.53924,64.2573,65.14599,67.6757,70.5195,72.11103,70.0928
13.45362,13.45362,12.04159,12.80625,12.04159,11.40175,11.40175,10.63015,10.0,10.0,9.21954,9.21954,9.21954,7.81025,7.81025,7.81025,7.81025,6.40312,6.40312,5.65685,5.65685,5.65685,5.0,4.24264,4.24264,4.24264,3.60555,2.82843,2.82843,2.82843,2.23607,2.23607,1.41421,1.41421,1.0,1.0,0.0,0.0,0.0,0.0,1.0,1.41421,1.0,1.0,1.0,1.0,2.0,1.0,2.0,2.0,2.0,2.23607,77.10383,72.40166,70.21396,73.57309,71.86793,68.47627,65.73431,65.19202,62.1289,59.68249,57.70615,56.60389,52.15362,48.82622,48.25971,45.80393,46.04346,42.0119,40.49691,40.60788,36.05551,33.83785,31.89044,29.41088,26.1725,25.80698,23.85372,20.80865,23.02173,20.80865,21.63331,16.97056,12.08305,12.08305,10.29563,7.28011,5.65685,5.38516,5.0,3.60555,3.60555,3.16228,4.47214,3.60555,4.47214,8.06226,6.40312,8.06226,11.7047,8.544,12.52996,11.0,14.31782,14.03567,15.0,12.04159,13.34166,42.54409,46.09772,46.48656,48.76474,51.41984,52.39275,50.35871,52.46904,56.4358,55.3263,58.54912,62.28965,64.38167,68.26419,69.18092,67.00746,74.06079,74.02702,77.0,77.23341,78.40918,82.49242,79.30952,80.50466,82.8734,81.49847,81.61495,84.5281,79.24645,81.3941,73.68175,75.95393,74.33034,74.33034,74.52516,68.88396,67.26812,65.03076,67.00746,63.07139,62.07254,61.13101,62.514,58.24946,58.69412,63.60031,61.98387,60.16644,61.84658,57.70615,63.81222,63.51378,67.74216,68.50547,72.00694,69.81404,71.84706
12.52996,12.08305,11.18034,11.6619,11.6619,10.29563,10.29563,9.43398,8.94427,8.94427,8.60233,8.06226,8.06226,7.2111,7.2111,6.7082,5.83095,5.83095,5.83095,4.47214,5.0,4.47214,4.47214,3.60555,3.60555,3.60555,2.82843,2.82843,2.23607,1.41421,1.0,1.0,1.0,1.0,1.0,1.41421,1.41421,1.41421,1.41421,1.0,2.0,2.0,2.0,2.0,2.0,2.23607,2.23607,2.23607,2.23607,2.23607,2.82843,2.23607,70.43437,73.10951,71.70077,69.6563,68.41053,65.60488,65.43699,60.20797,61.6198,56.22277,57.38467,54.03702,53.8145,51.40039,48.01042,44.10215,42.63801,40.0,37.80212,37.20215,35.8469,36.35932,31.06445,28.6531,26.24881,25.80698,26.62705,22.47221,20.0,18.86796,14.86607,15.6205,14.21267,11.6619,8.48528,9.21954,6.7082,3.60555,7.0,2.82843,3.16228,2.23607,5.38516,6.7082,8.544,6.7082,7.81025,9.43398,8.06226,9.21954,12.80625,12.04159,12.04159,12.20656,14.21267,12.52996,14.31782,44.04543,45.48626,49.24429,50.08992,53.66563,49.76947,53.48832,55.97321,56.64804,59.13544,61.35145,63.89053,66.40783,66.40783,70.34202,70.34202,73.4983,72.78049,75.9276,75.31268,79.07591,84.85281,83.36066,82.60751,81.30191,83.72574,84.48077,80.30567,83.21658,81.3941,78.40918,75.53807,75.23962,74.24284,74.24284,70.5762,72.36712,66.4906,63.78871,63.06346,60.08328,63.32456,61.7414,63.50591,57.98276,58.83026,58.5235,57.2014,63.12686,61.55485,59.4138,67.35726,65.11528,67.47592,71.06335,69.81404,69.2026
12.04159,12.04159,11.31371,10.63015,10.63015,10.63015,9.89949,9.21954,9.21954,9.21954,8.48528,7.81025,7.81025,7.07107,6.40312,7.07107,5.65685,6.40312,5.65685,5.0,5.0,5.0,4.24264,3.60555,3.60555,3.60555,2.82843,2.23607,2.23607,2.0,2.0,2.0,1.0,1.0,1.41421,1.41421,1.0,1.0,1.0,1.0,1.0,1.0,2.23607,2.23607,2.23607,2.23607,2.23607,2.82843,1.41421,2.23607,2.23607,2.23607,71.42129,69.35416,69.31089,65.94695,65.29931,63.65532,62.96825,62.24147,62.93648,57.31492,54.56189,54.20332,48.41487,50.20956,47.38143,45.0,44.59821,41.23106,39.40812,35.22783,36.40055,32.20248,32.44996,28.6007,24.41311,24.83948,24.08319,22.47221,19.20937,17.69181,14.86607,13.89244,12.80625,13.45362,10.81665,6.32456,6.7082,5.83095,4.24264,3.60555,2.0,5.38516,4.12311,6.08276,9.21954,8.06226,11.7047,8.94427,10.29563,9.21954,13.89244,13.89244,12.72792,14.21267,13.60147,12.80625,14.86607,44.77723,43.9659,50.0,49.72927,50.21952,49.36598,52.61179,53.75872,55.3263,53.46027,61.0,59.13544,63.07139,65.06919,66.06815,67.02984,74.00676,73.00685,78.00641,78.0,77.00649,78.00641,79.05694,81.61495,80.399,81.49847,78.91768,79.30952,79.51101,77.31753,74.43118,79.15807,73.02739,73.02739,72.02777,71.00704,68.02941,64.00781,65.12296,64.49806,61.81424,59.22837,58.94065,58.82176,56.921,55.9017,55.56978,57.68882,58.24946,58.00862,60.80296,61.84658,63.65532,62.24147,68.593,68.0147,74.24958
12.16553,12.16553,12.04159,12.16553,11.18034,11.18034,11.04536,10.04988,10.04988,10.04988,9.05539,9.05539,8.06226,8.06226,7.07107,7.07107,7.07107,6.08276,6.0,6.0,6.08276,5.0,5.09902,5.0,4.12311,4.12311,3.16228,3.16228,3.16228,2.23607,2.23607,2.23607,1.41421,1.41421,1.0,1.0,1.0,1.0,1.0,1.41421,1.41421,1.41421,1.0,1.0,1.0,2.0,2.0,2.0,2.0,2.23607,2.23607,1.41421,75.02666,76.23647,71.02816,71.17584,68.00735,68.06614,65.12296,63.03174,64.12488,59.13544,56.00893,54.08327,52.03845,54.03702,52.00961,44.0,45.04442,41.01219,39.0,38.11824,37.01351,35.0571,31.257,28.16026,27.01851,27.45906,28.16026,22.02272,24.0,18.02776,19.0,15.0333,13.34166,11.0,11.18034,6.7082,4.12311,3.0,3.60555,5.38516,3.16228,0.0,4.12311,3.16228,8.48528,5.38516,8.06226,8.06226,8.06226,11.18034,12.04159,13.15295,9.05539,13.15295,14.31782,12.64911,13.0,43.01163,43.27817,50.32892,50.24938,53.07542,49.51767,52.49762,51.85557,53.60037,57.62812,59.64059,61.61169,62.20129,63.60031,64.40497,71.84706,71.02816,73.57309,74.63243,76.55064,77.69813,80.44874,84.38009,80.62258,80.9506,79.64923,75.80237,79.64923,81.63333,78.29432,75.591,75.47185,76.00658,74.88658,73.78347,69.40461,71.61006,66.4003,64.81512,62.96825,61.55485,62.36986,59.81639,65.21503,58.30952,58.59181,56.85948,58.82176,58.69412,65.0,60.87693,64.93843,64.77654,68.73136,69.35416,69.26038,75.42546
12.08305,12.08305,12.08305,11.18034,10.77033,10.77033,9.84886,9.84886,9.84886,8.94427,8.94427,8.544,7.61577,7.61577,6.7082,6.32456,6.32456,5.38516,5.38516,5.38516,4.47214,4.47214,4.47214,3.60555,3.60555,3.16228,2.23607,2.82843,1.41421,1.41421,1.0,1.0,1.0,1.0,1.0,1.41421,1.41421,1.41421,1.41421,2.0,2.0,2.0,2.0,2.0,2.0,2.0,2.0,3.16228,3.16228,2.23607,2.23607,2.82843,74.20243,73.60027,75.21303,68.41053,68.8186,69.2026,64.40497,65.0,59.40539,62.68174,57.00877,53.00943,52.43091,48.02083,48.8774,46.32494,46.52956,42.05948,40.81666,34.1321,37.58989,32.44996,30.23243,31.06445,27.45906,26.62705,24.59675,21.63331,22.47221,19.41649,16.55295,16.64332,14.86607,11.6619,8.48528,10.29563,5.38516,4.12311,5.09902,5.0,3.0,5.09902,3.16228,7.61577,6.08276,7.07107,7.07107,11.40175,10.44031,10.77033,11.18034,13.45362,14.42221,13.45362,16.27882,14.14214,15.81139,45.31004,44.27189,50.0,50.01,50.9902,49.36598,52.46904,53.60037,55.57877,58.0517,58.69412,59.68249,64.13267,63.78871,67.36468,69.18092,71.44928,73.43705,77.23341,79.05694,79.00633,83.02409,83.00602,86.02325,84.05355,82.0,81.05554,80.025,78.05767,82.05486,74.02702,80.05623,76.05919,74.02702,74.10803,71.11259,68.26419,68.73136,65.76473,63.15061,59.90826,60.08328,60.16644,62.16912,59.09315,62.43397,58.24946,60.44005,59.03389,60.87693,58.72819,63.89053,65.94695,66.61081,68.41053,73.60027,75.80237
12.08305,11.18034,11.18034,10.77033,10.77033,9.84886,9.84886,9.84886,9.84886,8.544,8.544,7.61577,7.61577,7.61577,6.7082,6.7082,5.83095,5.83095,5.38516,5.38516,4.47214,4.47214,4.47214,4.12311,3.16228,3.16228,3.0,3.0,2.0,2.0,2.0,2.0,1.41421,1.41421,1.41421,1.41421,1.0,1.0,1.0,1.0,1.41421,1.41421,1.41421,2.23607,1.41421,1.41421,2.23607,2.23607,2.23607,2.23607,2.23607,2.0,75.02666,74.67262,75.76939,69.46222,72.61543,66.85058,66.48308,64.84597,64.62198,56.921,55.54278,52.39275,52.39275,52.0,47.43416,46.61545,46.61545,44.77723,40.70626,36.40055,38.47077,33.61547,35.35534,27.73085,29.06888,25.05993,24.18677,24.35159,21.18962,17.0,16.76305,13.92839,11.7047,10.19804,9.21954,8.06226,8.06226,6.32456,5.09902,2.23607,5.0,4.0,2.23607,6.40312,9.21954,10.0,7.61577,11.18034,13.0384,13.0384,14.86607,12.36932,11.18034,13.34166,17.46425,16.0,14.14214,45.09989,45.04442,46.52956,49.24429,49.24429,50.0,50.69517,51.41984,56.04463,56.32051,58.87274,61.09828,64.84597,64.84597,67.6757,69.64194,72.23573,73.1642,73.1642,76.05919,77.47258,80.95678,84.09518,84.11896,80.26207,78.39005,79.07591,80.62258,78.54935,81.41253,76.15773,77.41447,76.55717,73.82412,73.79024,68.8767,67.23095,66.21178,65.45991,63.32456,61.84658,58.24946,59.03389,59.3043,59.03389,55.14526,59.21149,59.22837,58.85576,64.13267,59.90826,64.84597,63.56886,65.78754,73.38937,72.23573,71.17584
12.72792,12.72792,12.04159,12.04159,11.31371,11.31371,10.63015,10.63015,10.63015,9.89949,9.21954,9.21954,8.48528,8.48528,7.81025,7.81025,7.07107,7.07107,6.40312,5.65685,5.65685,5.65685,5.65685,4.24264,4.24264,4.24264,3.60555,2.82843,2.82843,2.23607,2.23607,1.41421,1.41421,1.41421,1.0,1.0,1.0,0.0,0.0,0.0,0.0,1.41421,1.0,1.41421,1.41421,1.41421,1.41421,2.23607,2.23607,2.0,2.0,2.0,74.51845,77.33693,71.44928,70.93659,72.18033,69.6563,68.41053,65.94695,63.41136,60.87693,60.30755,58.13777,55.0,51.73973,52.3259,49.57822,49.20366,43.86342,37.48333,41.01219,38.8973,34.65545,33.30165,34.71311,29.69848,27.65863,27.58623,23.43075,22.67157,20.61553,17.69181,17.02939,14.14214,11.40175,11.31371,8.94427,5.0,6.40312,5.0,3.60555,3.0,4.12311,4.12311,3.60555,3.16228,6.40312,7.2111,9.21954,9.21954,11.31371,12.80625,10.81665,14.42221,14.42221,13.0,15.81139,14.31782,44.28318,44.0,45.09989,47.38143,48.6621,47.38143,48.27007,51.92302,55.9017,52.7731,56.7186,59.03389,61.98387,63.95311,66.4906,69.857,68.88396,71.56815,71.06335,73.37575,75.28612,82.56513,79.40403,77.49194,79.05694,82.5409,81.9329,77.83315,78.54935,74.67262,75.27284,73.05477,73.68175,70.5762,68.30813,67.18631,66.4906,60.82763,58.42089,59.4138,61.20457,59.03389,57.21888,55.57877,53.15073,52.17279,56.64804,57.77543,54.12947,56.82429,60.20797,63.82006,62.20129,64.81512,66.06815,67.47592,71.06335
13.41641,13.41641,12.08305,12.52996,12.08305,12.52996,11.18034,11.18034,10.29563,10.29563,10.29563,8.94427,8.94427,8.06226,8.06226,8.06226,7.61577,6.7082,6.7082,6.32456,5.83095,5.38516,4.47214,4.47214,4.47214,4.47214,3.60555,3.60555,2.82843,2.82843,2.82843,1.41421,1.41421,1.41421,1.0,1.0,1.0,0.0,0.0,0.0,1.0,1.0,1.0,1.0,1.41421,1.41421,1.41421,1.41421,1.41421,2.23607,2.23607,2.0,76.32169,73.24616,74.43118,73.24616,72.71864,66.57327,70.17834,67.23095,64.66065,60.90156,58.83026,56.85948,55.22681,54.91812,54.70832,50.24938,49.73932,44.10215,42.54409,43.04649,37.21559,39.82462,34.88553,33.12099,27.73085,27.73085,25.4951,24.18677,21.63331,21.63331,16.64332,14.86607,16.64332,9.21954,9.21954,10.0,5.0,5.09902,5.38516,5.09902,3.0,4.47214,2.23607,6.08276,5.38516,7.07107,8.94427,10.29563,8.544,11.40175,13.60147,11.6619,13.60147,12.04159,12.80625,13.41641,13.89244,43.82921,42.04759,44.94441,45.54119,49.0408,49.24429,51.41984,49.0306,53.15073,55.31727,57.87055,58.24946,61.84658,63.34824,67.68309,65.9242,71.02112,73.97973,70.03571,75.53807,74.67262,82.21922,81.22192,79.05694,79.05694,83.09633,81.30191,80.025,76.05919,76.0,75.10659,73.10951,72.02777,70.11419,68.26419,70.25667,68.593,63.15061,62.8172,61.03278,57.77543,58.5235,55.47071,55.9464,53.33854,50.21952,55.0,52.34501,58.72819,57.62812,62.62587,62.68174,65.19202,65.0,68.09552,69.83552,76.05919
11.7047,11.7047,11.7047,11.7047,10.77033,10.77033,10.77033,9.84886,9.48683,9.48683,9.48683,8.544,8.24621,8.24621,7.28011,7.28011,6.32456,6.32456,6.08276,5.09902,5.09902,5.09902,4.12311,4.12311,4.12311,3.16228,3.16228,2.23607,2.23607,2.23607,1.0,1.0,1.0,0.0,0.0,0.0,0.0,0.0,1.41421,1.41421,1.41421,1.41421,1.41421,1.41421,1.41421,2.23607,2.23607,2.23607,2.23607,2.23607,2.23607,3.16228,76.05919,73.3553,73.79024,68.44706,68.8767,68.88396,67.1193,69.83552,61.29437,62.17717,57.69749,56.36488,55.03635,49.65884,48.75449,47.42362,48.33218,42.54409,42.95346,37.33631,37.69615,33.10589,34.17601,30.36445,29.15476,26.0,27.313,22.84732,20.24846,17.08801,16.55295,17.88854,13.41641,10.77033,9.84886,10.77033,7.28011,4.12311,4.12311,2.0,3.16228,0.0,3.16228,5.38516,3.0,7.2111,9.48683,9.48683,8.06226,9.89949,11.6619,11.6619,15.55635,13.45362,13.45362,13.60147,15.6205,40.24922,43.86342,44.27189,48.08326,47.80167,49.81967,47.85394,53.15073,53.15073,51.78803,59.03389,60.20797,60.67125,63.15061,67.89698,67.08204,73.97973,70.45566,77.64664,74.43118,78.63841,82.29824,79.15807,82.1523,81.00617,82.1523,81.02469,82.0975,78.05767,80.025,70.0,73.06162,72.02777,72.24957,72.44308,70.45566,65.76473,64.7611,60.20797,62.64184,60.40695,55.15433,55.00909,55.56978,50.80354,56.40035,53.90733,56.58622,58.13777,59.5483,57.62812,61.29437,64.89992,65.0,71.56116,72.94518,68.88396
12.04159,12.04159,11.04536,11.04536,11.04536,11.04536,10.04988,10.0,9.05539,9.0,9.0,9.05539,8.0,8.0,7.0,7.0,7.0,6.0,6.0,5.0,5.0,5.09902,4.0,4.0,4.0,3.0,3.0,3.0,2.0,2.0,2.0,2.0,1.0,1.0,1.0,0.0,0.0,0.0,0.0,1.41421,1.0,1.41421,1.41421,1.41421,1.41421,1.41421,1.41421,2.23607,2.23607,2.82843,2.23607,2.23607,74.63243,70.5762,70.5195,72.11103,70.88018,70.2282,64.56005,67.6757,61.03278,60.44005,57.07013,56.04463,57.28001,51.24451,49.0408,47.29693,48.50773,41.23106,42.44997,37.10795,39.29377,34.36568,32.24903,30.59412,27.65863,26.1725,24.18677,21.2132,18.97367,19.23538,18.43909,17.46425,14.56022,11.04536,7.61577,7.07107,5.0,4.47214,2.0,1.41421,3.16228,0.0,4.12311,5.83095,9.43398,7.0,7.61577,11.04536,10.29563,11.7047,11.6619,13.0384,12.20656,14.21267,16.27882,16.27882,15.55635,41.88078,44.94441,44.29447,47.92703,48.33218,47.53946,48.46648,48.8467,52.39275,53.31041,57.58472,58.87274,61.84658,64.84597,66.85058,66.40783,72.73239,68.96376,72.44998,77.88453,78.16009,81.7435,81.49233,80.80842,82.0,82.9759,78.64477,82.56513,76.11833,75.95393,75.95393,78.44743,71.58911,70.0928,69.857,67.44627,64.84597,62.29767,63.69458,61.26989,61.26989,57.45433,55.47071,54.67175,55.17246,54.45181,54.67175,54.20332,58.00862,57.70615,55.9017,61.7414,65.30697,65.79514,69.46222,68.00735,71.16881
12.16553,12.36932,11.40175,11.18034,10.19804,11.18034,10.19804,10.19804,9.21954,8.24621,9.05539,8.24621,8.06226,7.07107,7.07107,6.08276,6.08276,6.08276,5.09902,5.09902,4.12311,4.12311,4.12311,3.0,3.16228,3.0,2.0,2.0,2.0,1.0,1.0,1.0,1.0,1.0,1.0,1.41421,1.41421,1.0,1.41421,2.23607,2.23607,2.23607,2.23607,2.0,3.16228,3.0,3.0,3.0,3.0,3.16228,3.16228,3.16228,74.33034,71.70077,71.56815,70.34913,70.17834,68.18358,66.18912,63.12686,66.27217,58.30952,58.21512,56.14268,55.22681,51.24451,49.0408,46.27094,46.09772,42.19005,42.04759,36.01389,36.05551,34.1321,30.41381,29.27456,27.01851,26.01922,25.01999,21.0238,21.09502,19.10497,16.0,14.0,13.0384,10.04988,8.0,7.61577,2.23607,5.38516,3.60555,3.60555,2.23607,3.60555,7.0,8.24621,9.48683,7.07107,8.0,11.40175,9.05539,8.06226,11.18034,15.65248,13.41641,13.0,14.56022,10.63015,15.6205,43.56604,43.01163,45.22168,47.92703,51.07837,50.11986,48.75449,54.12024,52.7731,56.79789,59.05929,58.59181,63.06346,67.60178,67.1193,68.7968,74.09453,74.33034,73.24616,74.06079,77.66595,80.60397,82.46211,84.50444,82.13404,81.56592,78.51751,81.32035,75.00667,78.51751,75.66373,74.27651,75.66373,72.18033,68.0147,68.11755,65.60488,65.0,61.29437,60.53924,57.14018,57.69749,55.9464,57.58472,52.49762,59.84146,55.10898,55.08176,57.03508,60.20797,58.03447,60.07495,64.00781,65.62012,68.46897,69.72087,69.35416
12.80625,12.80625,12.04159,12.04159,12.04159,10.63015,10.63015,10.63015,9.89949,9.21954,9.21954,9.21954,8.48528,7.81025,7.07107,7.07107,7.07107,6.40312,5.65685,5.65685,5.65685,4.24264,4.24264,4.24264,4.24264,2.82843,2.82843,2.23607,2.23607,2.23607,1.0,1.0,1.0,1.0,1.41421,1.41421,1.0,1.0,1.0,1.0,2.23607,1.0,2.23607,2.23607,2.23607,2.23607,2.23607,2.82843,2.23607,2.23607,2.23607,2.23607,72.24957,75.69016,72.18033,72.83543,69.35416,69.31089,66.48308,65.11528,64.3506,61.55485,56.58622,57.28001,55.22681,53.03772,50.24938,44.55334,45.96738,45.25483,41.10961,38.28838,37.80212,36.12478,33.94113,31.14482,30.4795,26.1725,23.34524,22.80351,20.51828,19.10497,16.64332,14.21267,14.86607,11.31371,7.2111,11.31371,7.28011,7.28011,1.41421,1.0,2.23607,3.0,3.60555,4.0,6.40312,8.48528,10.0,8.544,12.72792,13.45362,14.21267,13.60147,12.08305,13.60147,13.60147,11.40175,13.60147,40.16217,44.91102,44.18144,46.27094,47.09565,48.04165,49.0,51.0,55.00909,54.08327,56.00893,58.0,62.0,64.07027,67.02984,67.18631,71.02816,72.24957,75.42546,73.43705,76.23647,83.86298,81.21576,79.9062,78.26238,80.60397,81.49233,80.80842,79.62412,78.08969,72.56721,75.50497,73.97973,70.71068,67.47592,64.19502,61.40033,60.07495,61.0082,61.20457,56.22277,54.74486,57.07013,51.92302,54.08327,59.9333,55.03635,56.93856,60.46487,58.00862,61.40033,63.03174,64.44377,65.11528,69.31089,70.71068,73.5527
12.16553,12.16553,11.18034,11.18034,11.18034,10.19804,10.04988,10.04988,9.05539,9.05539,9.05539,8.06226,8.06226,7.07107,7.07107,7.0,6.0,6.08276,5.0,5.0,5.0,4.0,4.0,4.0,3.0,2.0,2.0,2.0,1.0,1.0,1.0,0.0,0.0,0.0,1.0,1.0,1.0,1.0,1.0,2.23607,2.23607,2.23607,2.23607,2.23607,2.23607,2.23607,3.16228,2.82843,3.60555,2.82843,2.82843,2.82843,75.18643,70.88018,77.12976,68.41053,71.8401,70.60453,66.76077,66.76077,59.48109,61.61169,61.98387,56.04463,57.56735,49.72927,49.72927,48.83646,49.24429,41.97618,41.59327,34.71311,36.87818,33.37664,32.24903,30.59412,28.86174,26.30589,22.36068,21.09502,20.61553,21.84033,13.34166,14.31782,11.7047,9.84886,8.06226,6.40312,2.82843,3.16228,1.0,3.60555,4.47214,5.0,5.38516,6.32456,8.24621,10.44031,13.0,12.16553,14.31782,15.26434,12.08305,13.41641,17.20465,14.42221,15.0,15.55635,12.72792,39.69887,43.27817,45.60702,48.01042,47.43416,49.92995,50.24938,48.25971,53.85165,53.82379,57.14018,61.91123,62.76942,63.28507,68.47627,67.60178,75.17978,70.23532,77.82673,80.11242,76.05919,80.62258,75.39231,80.99383,81.9329,85.61542,82.8734,83.1685,75.89466,79.37884,74.0,80.05623,72.44998,72.23573,71.30919,67.23095,63.97656,63.13478,60.41523,61.61169,59.07622,55.97321,60.20797,56.58622,56.63921,54.3783,57.98276,55.07268,57.24509,60.92618,62.03225,63.90618,69.57011,67.05222,72.73239,75.18643,74.2159
13.0,13.0,11.7047,12.08305,10.77033,10.77033,10.77033,9.84886,9.84886,8.544,8.94427,8.544,7.61577,7.61577,7.61577,6.32456,6.32456,5.38516,5.38516,4.47214,4.47214,4.47214,4.47214,3.60555,3.60555,2.82843,2.23607,1.41421,1.41421,1.41421,1.0,1.0,1.0,1.41421,1.41421,1.41421,1.41421,2.0,2.0,2.0,2.0,2.0,2.0,2.0,2.0,2.0,3.16228,3.16228,2.23607,2.23607,2.23607,2.23607,74.30343,75.47185,71.55418,76.53757,72.47068,66.24198,68.60029,64.14047,62.64982,60.37384,59.94164,57.24509,54.58938,52.47857,51.47815,46.95743,48.02083,42.54409,41.18252,38.47077,35.34119,37.16181,30.46309,30.88689,25.07987,27.313,23.76973,20.59126,20.12461,19.69772,14.76482,16.15549,11.31371,10.81665,4.24264,4.12311,4.12311,2.0,5.0,1.41421,6.40312,5.09902,6.0,8.06226,6.08276,8.24621,11.40175,12.08305,7.2111,11.6619,13.60147,10.81665,12.72792,14.86607,14.21267,14.86607,13.60147,42.19005,42.54409,48.46648,46.8188,51.24451,46.84015,49.24429,51.66237,56.04463,58.24946,58.0517,59.43904,64.03124,67.68309,64.7611,71.38627,72.18033,74.52516,74.33034,77.64664,78.51751,82.29824,81.30191,80.22468,80.1561,82.21922,81.15417,80.1561,81.22192,76.10519,77.10383,73.24616,72.33948,71.25307,70.45566,67.89698,67.08204,62.58594,64.28841,61.68468,58.5235,58.13777,56.82429,61.91123,54.40588,58.89822,60.20797,58.79626,58.89822,60.44005,61.03278,66.28725,65.73431,68.7968,71.19691,73.24616,77.82673
11.18034,11.18034,11.18034,11.18034,10.29563,10.29563,8.94427,8.94427,8.94427,8.94427,8.06226,7.61577,6.7082,6.7082,6.7082,6.7082,5.38516,5.38516,5.38516,4.47214,4.47214,3.16228,3.16228,3.16228,3.16228,2.23607,1.41421,1.41421,1.0,0.0,0.0,0.0,0.0,1.0,1.0,1.0,1.41421,1.41421,1.41421,2.23607,2.23607,2.23607,2.82843,2.82843,2.82843,2.82843,2.82843,2.82843,2.82843,2.82843,3.60555,3.16228,76.55064,75.47185,71.69379,73.57309,71.56116,67.41662,68.60029,66.37017,60.20797,58.30952,58.30952,56.93856,54.91812,52.15362,47.70744,47.70744,43.60046,43.04649,42.19005,37.12142,35.51056,35.8469,31.76476,28.6531,25.55386,20.61553,23.25941,18.78829,19.41649,15.26434,16.40122,9.89949,10.44031,8.06226,8.48528,3.60555,3.0,2.82843,1.0,4.12311,0.0,3.16228,6.32456,10.63015,8.94427,7.81025,7.07107,11.40175,12.04159,12.04159,10.81665,12.04159,14.21267,13.60147,13.89244,14.86607,15.52417,44.10215,44.29447,44.72136,46.09772,50.69517,47.53946,48.70318,53.14132,55.02727,57.24509,60.72891,59.48109,62.93648,66.76077,67.05222,70.60453,73.24616,75.0,75.13322,80.60397,79.42921,83.18654,83.02409,79.76215,80.399,85.37564,81.22192,82.1523,77.31753,75.53807,76.41989,73.68175,73.5527,70.45566,70.21396,67.89698,65.0,65.0,61.13101,59.46427,61.46544,59.94164,58.59181,61.29437,58.00862,58.79626,58.69412,58.0517,60.1415,63.25346,61.22091,64.66065,67.6757,68.50547,71.86793,71.69379,73.82412
13.89244,13.0384,12.52996,12.52996,11.6619,11.6619,11.18034,10.29563,10.29563,10.29563,9.43398,8.94427,8.94427,8.06226,8.06226,8.06226,6.7082,6.7082,6.7082,5.83095,5.83095,5.38516,4.47214,4.47214,4.47214,3.60555,2.82843,2.23607,2.82843,1.41421,1.41421,1.41421,1.41421,1.41421,1.0,1.0,0.0,0.0,0.0,0.0,1.0,1.0,1.0,1.0,1.41421,1.41421,1.41421,1.41421,1.41421,1.41421,2.23607,2.23607,75.16648,77.15569,72.34639,73.10951,76.05919,72.24957,65.79514,68.11755,62.36986,61.6198,60.30755,58.89822,57.48913,54.48853,49.57822,47.63402,48.25971,43.60046,42.72002,40.22437,40.80441,36.40055,30.23243,29.41088,26.92582,24.41311,27.45906,21.47091,21.40093,17.20465,17.80449,15.81139,11.31371,11.40175,5.83095,8.06226,6.7082,2.23607,2.82843,3.16228,3.16228,3.16228,2.23607,5.65685,6.7082,6.40312,7.81025,10.0,12.04159,12.04159,13.0384,14.14214,12.72792,12.04159,14.86607,13.34166,11.7047,41.97618,44.40721,44.55334,48.25971,47.01064,46.17359,49.0102,50.01,54.00926,55.00909,55.08176,60.0,61.03278,64.07027,68.00735,69.11584,73.10951,73.33485,74.24284,75.66373,75.32596,79.42921,79.51101,77.92946,81.3941,81.3941,81.78631,79.24645,75.50497,77.46612,74.1485,73.82412,71.56815,68.46897,70.25667,69.35416,63.07139,65.03076,64.28063,62.514,58.85576,57.72348,58.24088,59.80803,57.38467,57.77543,57.80138,59.64059,60.80296,61.22091,59.81639,65.06919,67.17887,64.38167,73.24616,73.75636,72.47068
12.80625,12.04159,12.04159,12.04159,12.04159,10.63015,10.63015,10.0,10.0,9.21954,9.21954,8.60233,7.81025,7.81025,7.2111,7.2111,5.83095,5.83095,5.83095,5.0,4.47214,5.0,4.47214,3.60555,3.60555,3.16228,2.23607,2.23607,1.41421,1.41421,1.41421,1.0,1.0,0.0,0.0,1.0,1.0,1.0,1.0,1.0,2.23607,1.41421,2.23607,2.23607,2.23607,2.23607,2.23607,2.23607,2.23607,3.0,3.0,3.0,73.40981,72.62231,72.00694,72.47068,73.87828,67.35726,68.41053,62.482,63.25346,59.03389,56.22277,55.0,52.63079,52.63079,48.60041,49.0408,45.60702,43.60046,40.49691,40.22437,35.51056,36.89173,32.44996,30.01666,28.3196,23.85372,20.0,20.80865,21.40093,15.81139,16.12452,14.76482,13.0384,8.60233,10.63015,5.38516,5.65685,3.60555,2.0,1.41421,5.38516,5.83095,5.65685,4.47214,8.60233,9.84886,11.31371,10.0,12.20656,12.04159,12.20656,14.14214,13.0384,13.45362,13.41641,14.14214,13.92839,42.15448,42.54409,44.92215,47.43416,49.47727,47.67599,49.64877,51.97115,51.47815,52.61179,56.56854,58.54912,61.81424,64.13267,67.47592,68.18358,75.32596,74.10803,73.06162,76.00658,79.0,82.02439,83.02409,79.15807,82.29824,81.00617,79.0,77.02597,79.15807,78.16009,72.02777,74.16873,74.06079,71.06335,72.0,67.06713,64.07027,62.64982,60.53098,61.0,60.63827,57.28001,55.71355,59.09315,55.9017,53.33854,55.80323,53.00943,60.87693,62.24147,63.63961,63.70243,66.6033,65.60488,70.43437,72.47068,74.8131
12.52996,12.52996,11.6619,11.6619,11.18034,11.18034,10.29563,10.29563,9.43398,8.94427,8.94427,8.06226,8.06226,7.61577,6.7082,6.7082,5.83095,5.83095,5.83095,5.83095,4.47214,4.47214,4.47214,4.47214,3.16228,3.16228,2.23607,2.0,2.0,1.0,2.0,1.0,1.41421,1.0,1.0,1.0,1.0,1.0,1.0,1.0,1.41421,1.41421,1.41421,1.41421,1.41421,1.41421,1.41421,2.23607,2.23607,2.23607,2.23607,2.23607,74.73286,72.00694,76.94154,68.54196,69.35416,67.97794,68.42514,67.08204,60.41523,61.77378,57.24509,55.9464,51.47815,49.73932,44.77723,46.32494,44.77723,42.05948,40.71855,35.77709,34.98571,31.06445,33.61547,27.29469,25.94224,26.24881,21.63331,20.24846,18.35756,15.81139,13.45362,12.80625,8.24621,10.77033,8.60233,7.28011,5.09902,4.12311,5.0,2.0,2.23607,3.60555,5.38516,5.38516,7.2111,8.60233,7.2111,8.60233,10.29563,14.42221,10.0,13.89244,14.31782,13.60147,16.15549,10.19804,12.04159,42.04759,44.40721,45.12206,46.09772,47.29693,50.0,49.98,53.75872,55.15433,54.08327,59.13544,57.87055,64.84597,65.55151,69.89278,70.93659,73.53911,74.73286,75.6439,77.82673,77.82673,82.29824,80.62258,82.76473,81.00617,82.29824,80.26207,81.12336,76.66159,80.5295,72.47068,77.41447,73.43024,73.3553,70.68239,68.942,65.19202,61.09828,63.06346,64.03124,62.36986,58.69412,60.20797,61.07373,61.0082,56.22277,59.5399,60.67125,59.48109,62.64184,62.62587,66.21178,68.15424,66.21178,68.09552,73.34848,72.47068
11.40175,11.40175,10.81665,10.81665,10.0,10.0,9.43398,8.60233,9.43398,8.06226,7.81025,7.2111,6.40312,6.40312,6.40312,5.83095,5.83095,5.0,5.0,3.60555,3.60555,3.60555,3.60555,2.82843,2.23607,2.23607,2.23607,1.0,1.0,0.0,0.0,0.0,0.0,1.0,1.41421,1.41421,1.41421,1.41421,1.41421,2.23607,2.23607,2.23607,2.23607,2.23607,2.23607,2.23607,3.16228,2.23607,3.16228,3.16228,3.16228,3.0,75.80237,72.00694,71.70077,66.4003,71.61006,65.45991,66.28725,63.60031,61.40033,57.68882,58.82176,54.91812,50.80354,50.80354,49.40648,46.40043,43.26662,37.53665,36.05551,34.71311,32.64966,32.01562,29.83287,24.83948,24.08319,24.08319,18.60108,18.38478,14.42221,15.26434,12.80625,11.40175,9.21954,8.544,5.83095,3.60555,1.41421,1.41421,2.82843,3.0,2.82843,4.47214,4.47214,6.40312,9.43398,6.40312,10.63015,11.40175,10.29563,11.40175,12.64911,11.18034,13.41641,14.14214,14.31782,12.36932,14.03567,42.37924,41.97618,46.09772,47.38143,51.15662,48.04165,51.0392,54.08327,53.08484,57.00877,59.00847,59.07622,64.03124,66.06815,67.1193,70.06426,73.17103,73.43705,75.42546,79.6304,79.76215,79.07591,82.56513,83.95237,80.52329,80.80842,78.8543,79.30952,79.42921,78.8543,74.33034,77.87811,73.34848,72.56721,73.34848,68.06614,69.35416,65.12296,61.13101,61.03278,58.13777,61.81424,56.88585,61.61169,56.29387,54.42426,54.12024,60.41523,60.37384,64.00781,62.43397,64.66065,66.85058,70.21396,71.06335,71.21798,73.87828
13.0,13.0,11.7047,12.08305,10.77033,11.18034,9.84886,9.84886,9.84886,8.94427,8.94427,8.544,8.544,7.61577,7.61577,6.7082,6.7082,5.38516,5.38516,5.38516,5.38516,4.47214,4.47214,4.12311,3.16228,3.16228,2.23607,2.23607,2.23607,1.41421,1.41421,1.41421,1.41421,1.0,0.0,0.0,0.0,0.0,0.0,0.0,1.0,1.0,1.0,1.0,1.41421,1.0,1.41421,1.41421,1.41421,1.41421,1.41421,1.41421,77.66595,70.21396,75.45197,69.63476,67.42403,67.80118,63.24555,68.24222,57.80138,61.03278,59.40539,52.43091,51.85557,48.82622,46.87217,45.79301,46.32494,41.18252,40.22437,35.22783,37.20215,31.06445,28.30194,27.45906,26.41969,23.32381,23.60085,19.23538,15.65248,19.41649,15.65248,12.04159,12.04159,12.04159,8.48528,5.09902,4.12311,2.82843,2.23607,1.41421,2.23607,6.32456,2.0,5.0,7.2111,5.65685,6.40312,9.43398,11.18034,11.6619,10.81665,10.63015,12.20656,13.41641,11.18034,10.29563,13.92839,41.01219,45.25483,45.60702,48.25971,45.79301,50.60632,51.88449,49.64877,54.626,53.0,58.13777,61.77378,65.8635,62.16912,69.31811,67.06713,73.05477,69.64194,75.96052,75.0,77.20104,80.28076,79.07591,76.65507,79.07591,78.58753,78.8543,79.62412,74.33034,81.3941,74.52516,74.52516,69.87131,70.21396,68.06614,67.46851,62.36185,61.03278,61.46544,63.97656,60.83584,57.80138,59.64059,57.14018,58.89822,57.42822,57.31492,58.13777,60.30755,59.81639,64.40497,69.06519,68.24222,64.63745,70.3278,74.94665,72.94518
12.04159,12.04159,11.31371,11.31371,10.63015,9.89949,9.89949,9.21954,9.21954,8.48528,8.48528,7.81025,7.07107,6.40312,6.40312,5.65685,5.0,5.0,5.0,4.24264,3.60555,3.60555,2.82843,2.23607,2.82843,2.23607,1.41421,1.41421,1.41421,1.0,0.0,0.0,0.0,0.0,1.0,1.41421,1.41421,1.41421,1.41421,1.41421,2.23607,2.23607,2.23607,2.23607,2.82843,2.82843,2.23607,2.23607,2.23607,2.23607,3.16228,3.16228,72.62231,72.47068,70.29225,68.24954,68.76772,68.0147,65.79514,64.38167,60.82763,58.69412,58.0517,52.40229,50.93133,48.9183,48.9183,45.96738,44.59821,40.60788,37.20215,36.23534,33.6006,32.55764,29.41088,24.83948,23.43075,21.63331,18.43909,18.43909,15.26434,14.42221,13.60147,10.29563,10.63015,6.40312,5.65685,3.16228,6.08276,1.41421,1.0,3.16228,0.0,2.82843,7.81025,5.0,5.65685,8.06226,7.81025,12.04159,11.40175,10.0,11.6619,13.41641,13.41641,13.89244,11.04536,13.92839,12.08305,40.49691,45.79301,45.17743,46.09772,48.75449,48.70318,50.0,50.59644,55.97321,55.08176,59.48109,58.24088,63.32456,66.21933,66.94027,70.61161,75.50497,75.13322,75.80237,80.399,77.64664,81.3941,82.38932,81.09871,79.22752,81.05554,80.09994,82.0061,76.00658,77.02597,74.10803,75.05998,74.10803,73.17103,69.26038,70.5762,62.64982,65.11528,64.93843,61.13101,61.13101,61.46544,58.30952,60.37384,56.36488,60.0,58.24946,59.03389,60.30755,60.87693,63.03174,67.89698,67.17887,69.52697,70.17834,73.24616,73.24616
13.0384,13.0384,12.16553,12.04159,11.04536,11.04536,11.04536,10.04988,10.04988,9.05539,9.05539,9.05539,8.06226,8.06226,8.06226,7.07107,7.07107,6.08276,6.08276,5.09902,5.09902,5.09902,4.12311,4.12311,4.12311,4.12311,3.16228,2.23607,2.23607,2.23607,1.41421,1.41421,1.41421,1.41421,1.0,1.0,1.0,0.0,0.0,1.41421,1.41421,1.41421,1.41421,1.41421,1.41421,1.41421,2.23607,2.23607,2.23607,2.82843,2.82843,2.82843,74.43118,73.33485,76.41989,72.33948,69.87131,67.18631,66.91039,61.66036,59.4138,59.4138,53.46027,53.46027,53.33854,48.37355,45.70558,45.17743,42.42641,36.34556,38.63936,35.51056,33.24154,31.57531,28.16026,27.45906,24.5153,25.96151,22.56103,20.88061,17.72005,19.64688,12.04159,11.7047,12.04159,10.77033,7.81025,5.0,4.0,4.12311,4.12311,2.23607,1.0,3.16228,3.60555,3.60555,7.07107,6.08276,8.0,8.24621,9.0,8.06226,11.0,13.0384,12.04159,11.40175,13.41641,11.6619,13.0,37.85499,45.22168,47.12749,48.33218,46.09772,51.07837,50.11986,51.0,53.23533,55.47071,56.0803,58.30952,65.19202,65.19202,70.17834,70.21396,72.71864,73.00685,72.20111,74.20243,76.2168,80.91971,79.39773,79.39773,80.65978,80.1561,77.07788,79.93122,77.7946,75.82216,72.18033,70.72482,71.50524,66.70832,69.35416,64.81512,65.80274,59.90826,60.74537,61.29437,57.27128,58.30952,56.64804,58.5235,56.75385,53.33854,59.5399,59.07622,60.00833,60.03332,63.00794,64.07027,67.26812,68.26419,70.71068,68.88396,69.46222
12.64911,11.7047,11.7047,11.7047,10.77033,10.77033,10.77033,9.84886,9.48683,9.48683,8.544,8.544,8.544,7.61577,7.28011,6.32456,6.32456,6.32456,5.38516,5.38516,5.38516,4.47214,4.47214,4.12311,4.12311,3.16228,3.16228,2.23607,2.23607,2.23607,1.41421,1.41421,1.41421,1.0,1.0,0.0,0.0,0.0,0.0,0.0,0.0,1.0,1.0,1.0,1.0,1.41421,1.41421,1.41421,1.41421,1.41421,1.41421,2.23607,75.66373,72.36712,72.69113,71.84706,67.74216,63.15061,67.89698,67.36468,63.78871,57.72348,57.55867,54.34151,50.80354,51.97115,47.07441,45.89118,41.59327,38.47077,36.05551,38.47077,35.0571,30.41381,30.14963,28.16026,24.5153,24.18677,25.4951,22.09072,21.09502,16.03122,13.0,13.0,11.04536,8.24621,7.0,4.12311,3.0,3.0,3.60555,2.82843,1.41421,2.0,4.12311,3.0,6.08276,6.08276,6.0,8.60233,10.44031,8.24621,11.6619,11.18034,10.81665,13.89244,11.40175,15.55635,13.45362,45.69464,43.86342,48.30114,48.02083,48.54894,50.0,53.00943,53.41348,52.80152,57.38467,60.30755,61.6198,63.78087,64.38167,66.46804,71.42129,74.33034,76.41989,76.48529,77.98718,77.46612,78.1025,84.40379,81.60882,81.84131,80.21222,78.49204,78.81624,75.21303,76.40026,76.2168,75.0,76.40026,71.28113,70.80254,68.24954,68.88396,63.78087,62.36986,60.30755,58.41233,56.85948,62.1289,60.90156,54.58938,60.00833,57.77543,58.24088,61.68468,61.13101,65.73431,68.06614,68.06614,69.87131,73.5527,72.33948,75.66373
12.04159,12.04159,11.04536,11.04536,10.04988,10.0,9.05539,9.0,9.0,8.0,8.0,7.0,7.0,7.0,6.0,6.0,6.0,5.0,5.0,4.0,4.0,4.0,3.0,3.0,3.0,2.0,2.0,1.0,1.0,1.0,0.0,0.0,0.0,1.0,1.41421,1.0,1.0,1.0,2.0,2.0,2.0,2.0,2.0,2.0,2.0,2.0,3.0,3.16228,3.0,3.16228,3.16228,2.23607,76.02631,70.06426,71.0,71.00704,72.02777,69.11584,64.19502,64.19502,56.0803,58.03447,56.0357,55.0,53.03772,48.09366,44.10215,45.0,43.01163,40.0,38.01316,33.0,32.01562,30.0,29.01724,27.01851,24.02082,25.07987,20.02498,19.0263,20.02498,17.02939,14.03567,14.31782,10.04988,8.24621,5.09902,6.08276,5.38516,1.0,2.0,1.0,4.0,1.0,5.0,8.24621,7.28011,6.0,9.21954,7.61577,12.16553,9.48683,14.31782,11.7047,11.18034,13.0384,16.12452,13.60147,16.27882,43.17407,47.12749,46.17359,46.61545,47.92703,50.53712,51.0,51.88449,58.30952,54.58938,57.68882,60.20797,64.3506,67.1193,73.23933,68.8186,74.4043,73.00685,74.20243,78.24321,79.02531,83.54639,79.98125,81.32035,83.4386,82.07314,81.34494,82.02439,77.07788,79.98125,75.66373,74.96666,72.13876,71.44928,69.31089,70.0928,63.89053,63.41136,63.41136,61.03278,65.45991,59.5399,61.29437,60.16644,59.61543,54.40588,58.94065,57.87055,60.53098,63.63961,61.40033,69.02898,69.18092,65.00769,72.02777,73.02739,73.00685
11.40175,10.44031,10.44031,10.44031,9.48683,9.48683,9.21954,8.24621,8.544,8.24621,8.24621,7.28011,6.08276,6.08276,5.09902,5.09902,5.09902,5.09902,4.12311,4.12311,4.12311,3.16228,3.0,3.0,3.0,2.0,2.0,1.0,1.0,1.0,1.0,0.0,1.0,1.0,1.0,1.41421,1.41421,1.41421,1.41421,1.41421,1.41421,1.41421,2.23607,2.23607,2.82843,2.82843,2.82843,2.82843,2.82843,2.82843,3.16228,2.23607,73.00685,73.92564,73.40981,72.01389,68.15424,64.88451,63.97656,61.32699,57.27128,56.46238,57.27128,53.7122,52.0,51.62364,46.61545,44.01136,39.81206,37.64306,35.8469,33.24154,33.83785,29.83287,27.73085,27.45906,22.56103,23.4094,22.13594,19.10497,18.97367,13.34166,14.56022,10.19804,9.48683,10.04988,6.32456,4.12311,3.0,3.16228,5.09902,3.16228,1.41421,4.24264,2.82843,6.7082,5.0,7.81025,7.07107,9.21954,11.40175,9.89949,14.14214,12.52996,12.20656,11.31371,17.49286,15.6205,16.15549,40.0,42.44997,44.59821,48.16638,46.09772,49.81967,49.81967,51.61395,55.21775,55.47071,59.64059,60.21628,63.24555,65.45991,71.56116,65.76473,71.69379,72.00694,73.79024,78.29432,79.20227,77.47258,78.79086,81.43709,79.71198,78.92401,81.9329,82.28001,77.16217,78.18568,74.09453,75.61085,73.73602,74.67262,70.00714,67.23095,64.88451,67.53518,65.0,63.24555,62.1289,57.00877,63.12686,58.69412,59.4138,58.72819,59.66574,57.68882,60.20797,62.76942,63.95311,66.21178,68.02941,69.07966,70.77429,72.8011,72.23573
13.15295,13.0384,12.04159,12.04159,12.04159,11.04536,11.04536,10.04988,10.04988,9.05539,9.05539,8.06226,8.06226,8.06226,7.07107,7.07107,7.07107,6.08276,5.09902,5.09902,5.09902,5.09902,5.09902,4.12311,4.12311,4.12311,3.16228,2.23607,2.23607,2.23607,2.23607,2.23607,1.41421,1.41421,1.41421,1.0,1.0,1.0,1.0,1.41421,1.0,1.41421,1.41421,1.41421,1.41421,1.41421,2.23607,2.23607,2.23607,2.23607,2.23607,2.23607,74.06079,74.16873,71.0,71.11259,72.00694,68.06614,70.06426,66.00758,61.20457,57.07889,55.08176,53.03772,54.0,51.08816,48.04165,47.0,44.01136,37.05401,37.05401,35.0571,35.12834,31.06445,30.06659,30.0,28.0,23.02173,22.02272,20.09975,19.0,17.46425,17.02939,12.16553,10.0,10.04988,8.24621,7.28011,6.0,5.0,3.16228,3.60555,5.09902,3.16228,4.24264,7.81025,8.06226,5.0,7.28011,10.44031,8.60233,10.0,13.89244,12.80625,12.80625,14.86607,14.21267,14.42221,15.6205,39.05125,42.0119,47.16991,46.38965,52.17279,48.27007,50.9902,51.92302,52.20153,54.70832,59.20304,58.5235,64.56005,67.41662,67.62396,69.857,73.40981,73.79024,72.47068,80.62258,79.25907,82.1523,81.30191,82.66196,82.20097,82.37718,81.60882,80.43009,82.0061,78.40918,75.0,75.60423,76.83749,72.20111,72.20111,68.24222,67.6757,65.8635,65.51336,63.07139,60.00833,60.16644,59.77458,60.08328,58.24088,64.32729,61.98387,59.21149,60.20797,62.07254,63.03174,66.06815,69.06519,69.00725,71.34424,73.10951,75.05998
11.40175,11.40175,11.40175,10.44031,10.44031,10.44031,9.48683,9.48683,8.24621,8.24621,8.24621,7.28011,7.28011,7.28011,6.32456,6.08276,5.09902,5.09902,5.09902,4.12311,4.12311,4.0,4.0,3.0,3.0,2.0,2.0,1.0,1.0,1.0,1.0,1.0,0.0,1.0,1.0,1.0,1.41421,1.41421,1.41421,1.41421,1.41421,1.41421,2.82843,2.23607,2.82843,2.82843,2.82843,2.82843,2.82843,3.60555,3.60555,3.16228,71.30919,71.30919,70.2282,68.942,66.48308,63.50591,65.39113,61.84658,58.18075,54.56189,55.9464,52.39275,51.42956,45.18849,45.61798,44.77723,42.54409,38.8973,38.07887,34.17601,33.61547,31.38471,28.4605,27.20294,23.4094,21.18962,23.08679,18.97367,19.41649,16.12452,16.12452,13.15295,10.77033,9.0,8.06226,7.28011,5.0,5.0,2.23607,1.0,1.41421,2.23607,2.0,4.24264,5.38516,5.83095,6.40312,9.89949,7.81025,8.94427,13.0384,10.81665,13.45362,12.20656,15.23155,13.0384,14.56022,40.49691,41.14608,44.94441,46.61545,48.41487,45.60702,50.9902,52.40229,52.34501,53.07542,58.72819,59.4138,64.38167,67.17887,65.8559,68.68042,73.0,71.06335,77.20104,75.45197,79.05694,81.5414,80.45496,76.8505,78.77182,78.03204,81.88406,79.60528,78.71467,78.71467,74.30343,74.79305,71.11962,70.21396,68.42514,68.26419,66.88797,64.07027,63.82006,63.25346,61.22091,60.10824,55.9017,59.66574,58.89822,58.41233,57.42822,58.66856,60.41523,61.29437,63.69458,67.23095,69.857,62.24147,71.47027,72.11103,72.11103
10.81665,10.81665,10.81665,10.81665,9.43398,9.43398,8.60233,8.60233,8.60233,8.06226,7.2111,7.2111,6.7082,5.83095,5.83095,5.38516,5.38516,4.47214,4.47214,4.47214,3.60555,3.16228,3.16228,3.16228,2.23607,2.23607,2.23607,1.0,1.0,1.0,1.0,1.0,0.0,0.0,0.0,1.0,1.41421,1.41421,1.41421,1.41421,1.41421,2.23607,2.23607,2.82843,2.82843,2.82843,2.82843,2.82843,2.82843,3.16228,3.16228,3.16228,73.24616,74.62573,68.26419,68.7968,71.28113,63.82006,64.63745,61.61169,59.40539,53.60037,54.08327,54.08327,52.69725,48.82622,46.61545,43.60046,41.34005,37.21559,35.22783,37.58989,34.43835,31.38471,28.17801,27.29469,25.94224,21.93171,23.70654,17.88854,18.78829,16.15549,13.0,14.42221,11.7047,8.94427,8.06226,6.0,4.47214,1.0,3.60555,1.0,1.41421,3.60555,5.83095,2.23607,6.40312,5.65685,7.81025,8.60233,8.48528,9.21954,12.20656,13.0,10.81665,14.31782,13.92839,13.92839,16.03122,38.28838,40.36087,44.04543,46.01087,53.2635,55.0,50.60632,51.97115,45.0,55.47071,60.46487,60.46487,71.02816,65.19202,64.49806,65.0,72.00694,75.13322,75.23962,78.18568,73.00685,77.25283,83.52245,81.90849,79.05694,78.43469,80.52329,78.1025,80.77747,74.04053,75.18643,74.72617,73.24616,70.88018,72.42237,67.05222,69.26038,64.4748,62.24147,62.6099,58.59181,61.91123,57.68882,59.40539,56.85068,56.72742,54.45181,61.7171,60.30755,63.82006,63.60031,62.68174,62.42596,69.33974,71.19691,69.11584,71.69379
13.0384,13.0384,12.20656,12.20656,11.6619,10.81665,10.81665,10.81665,10.29563,9.43398,9.43398,8.60233,8.60233,8.60233,7.2111,7.2111,7.2111,6.40312,6.40312,6.40312,5.0,5.0,5.0,5.0,4.24264,3.60555,2.82843,2.82843,2.23607,2.23607,1.41421,1.41421,1.41421,1.41421,1.41421,1.0,0.0,0.0,0.0,0.0,1.0,1.0,1.0,1.0,1.0,1.0,2.0,2.0,2.23607,2.23607,2.23607,2.23607,77.20104,74.62573,72.11103,71.84706,69.11584,67.95587,67.95587,65.19202,61.40033,59.36329,59.94164,55.56978,56.60389,50.77401,48.8774,47.50789,46.06517,40.81666,42.43819,38.60052,35.80503,35.22783,30.80584,28.84441,28.01785,26.07681,22.2036,23.60085,19.41649,18.86796,16.64332,13.89244,12.20656,12.80625,8.94427,6.7082,5.83095,2.82843,2.82843,2.0,1.0,2.23607,5.09902,6.08276,7.28011,5.65685,7.07107,7.0,10.04988,11.18034,12.04159,11.0,13.0384,11.18034,15.0333,11.40175,17.49286,43.18565,42.72002,43.04649,51.10773,48.76474,47.92703,48.8467,52.0,54.78138,55.65968,59.66574,63.89053,63.89053,67.05222,67.72001,66.4906,73.34848,72.18033,78.08969,80.89499,79.51101,82.21922,79.02531,81.30191,81.05554,77.05842,80.05623,80.00625,80.09994,79.05694,76.00658,75.00667,74.02702,70.0,72.06247,67.06713,66.0303,62.1289,63.50591,61.18823,61.98387,59.66574,61.84658,62.62587,57.00877,57.24509,58.18075,60.03332,61.91123,62.96825,64.07027,69.40461,71.61006,68.60029,70.29225,73.60027,78.1025
13.15295,13.15295,12.16553,12.16553,11.18034,11.18034,10.19804,10.19804,10.19804,9.21954,9.21954,9.21954,8.24621,8.06226,7.07107,7.07107,7.07107,6.08276,6.08276,6.08276,5.09902,5.0,5.0,4.0,4.0,4.0,3.0,3.0,2.0,2.0,2.23607,1.0,1.0,1.41421,1.41421,1.41421,1.0,1.0,1.0,1.0,1.0,1.41421,1.41421,2.23607,2.23607,2.23607,2.23607,3.16228,2.23607,3.16228,3.0,3.0,78.64477,78.1025,76.15773,73.75636,72.56721,67.44627,68.41053,68.68042,63.24555,59.22837,57.97413,57.27128,55.7853,50.96077,48.50773,44.64303,46.48656,41.10961,41.97618,37.85499,35.51056,32.38827,29.15476,27.45906,28.16026,24.5153,23.08679,20.22375,22.36068,20.02498,19.41649,16.03122,10.19804,12.0,10.04988,7.0,7.28011,4.12311,5.0,3.0,2.23607,3.0,2.23607,3.60555,5.83095,5.83095,7.07107,9.43398,7.81025,11.6619,14.14214,12.80625,15.26434,13.60147,13.41641,11.40175,14.86607,41.78516,41.62932,44.77723,48.76474,48.02083,50.0,50.21952,50.21952,53.60037,56.85068,55.31727,60.959,65.94695,65.79514,71.44928,69.31089,72.13876,75.0733,73.0,78.64477,75.82216,83.86895,80.80223,80.80223,81.5414,79.32213,80.77747,81.8352,77.17513,79.07591,75.45197,79.61156,74.33034,70.21396,70.0,67.00746,62.62587,64.03124,63.70243,62.93648,61.52235,55.0,58.60034,60.03332,56.4358,58.18075,60.00833,61.35145,62.29767,64.84597,64.84597,68.41053,73.75636,68.65858,70.40597,76.29548,76.94154
12.16553,12.16553,11.18034,11.18034,11.18034,11.04536,10.04988,10.04988,9.05539,8.06226,8.06226,8.06226,7.07107,7.07107,7.07107,6.08276,6.08276,6.08276,5.09902,5.09902,4.12311,4.12311,4.0,4.12311,3.16228,3.0,2.0,2.0,1.0,1.0,1.0,1.0,0.0,0.0,0.0,1.0,1.41421,1.0,1.41421,1.0,2.23607,2.23607,2.0,2.0,2.0,2.0,3.0,3.0,3.0,3.16228,3.16228,2.23607,72.56032,73.33485,71.44928,68.593,69.46222,64.19502,64.38167,62.28965,58.30952,61.20457,54.23099,51.35173,52.08647,49.0408,47.04253,44.18144,43.28972,39.11521,35.35534,36.87818,35.69314,31.40064,28.63564,28.63564,23.34524,27.29469,22.09072,19.41649,17.02939,17.72005,15.81139,16.03122,12.64911,12.04159,9.05539,6.0,10.0,2.23607,3.16228,2.23607,2.0,1.0,0.0,3.16228,5.09902,7.07107,7.28011,7.28011,8.94427,9.21954,12.36932,10.19804,8.24621,13.34166,13.92839,15.26434,14.21267,41.59327,44.72136,45.35416,48.38388,48.70318,49.0408,49.98,51.47815,53.31041,52.39275,58.30952,61.26989,61.7171,63.07139,64.49806,67.60178,73.82412,72.71864,76.00658,78.23043,78.00641,80.0,75.60423,77.80103,81.68843,79.20227,77.46612,77.98718,74.65253,75.28612,73.87828,73.66139,71.21798,69.2026,69.6563,66.61081,66.85058,62.43397,57.45433,61.32699,58.69412,57.38467,61.98387,59.90826,58.69412,58.85576,56.4358,62.1289,60.07495,63.07139,64.03124,65.19202,65.49046,68.46897,73.34848,71.56815,75.66373
14.0,14.0,13.0,13.0,12.0,12.04159,11.0,11.0,10.0,10.0,10.04988,10.0,9.0,9.0,8.0,8.0,7.0,7.0,7.0,6.0,6.0,5.0,5.0,5.0,4.0,4.0,3.0,3.0,3.0,2.23607,2.23607,2.23607,1.41421,1.41421,1.41421,1.41421,1.0,1.0,1.0,1.0,1.0,1.0,1.0,1.0,2.0,1.0,2.0,2.23607,2.23607,2.23607,2.23607,1.41421,74.33034,80.89499,73.24616,70.71068,75.42546,67.89698,68.593,65.62012,62.36986,57.14018,58.42089,54.33231,53.33854,52.23983,49.64877,46.38965,42.29657,43.18565,39.11521,39.11521,37.01351,34.05877,34.0147,29.06888,29.06888,29.01724,27.16616,23.08679,23.34524,19.23538,16.12452,15.0333,13.15295,10.04988,12.16553,3.0,10.0,4.0,5.09902,3.16228,2.23607,1.0,3.0,2.23607,6.08276,4.12311,10.19804,9.21954,10.0,8.94427,9.48683,9.84886,12.20656,12.04159,13.0384,14.21267,13.89244,42.37924,43.65776,48.33218,49.65884,50.77401,50.47772,51.47815,51.97115,56.0357,55.21775,59.03389,61.22091,64.2028,66.06815,68.11755,67.20863,74.33034,74.27651,74.33034,77.07788,82.02439,79.19596,80.28076,80.65978,81.8352,80.28076,80.0,77.00649,79.64923,75.0,76.6942,75.28612,73.0,72.13876,71.44928,70.00714,65.76473,62.93648,64.44377,61.07373,61.61169,59.07622,58.66856,61.7414,58.60034,58.5235,56.30275,59.43904,65.11528,64.13267,63.78871,67.74216,69.35416,69.26038,73.24616,77.10383,76.32169
12.72792,12.72792,12.04159,12.04159,11.31371,10.63015,10.63015,9.89949,9.89949,9.21954,9.21954,7.81025,7.81025,7.81025,7.07107,6.40312,6.40312,6.40312,5.83095,5.0,5.0,5.0,4.47214,3.60555,3.60555,3.60555,2.23607,2.23607,2.23607,1.41421,1.0,1.0,1.0,1.0,1.0,1.0,1.0,1.0,1.0,1.0,2.0,2.0,2.0,2.0,2.0,3.0,3.0,3.0,3.0,3.0,3.0,3.16228,76.6942,71.06335,75.82216,71.8401,69.35416,71.8401,70.93659,65.29931,62.00806,59.66574,58.13777,56.0803,51.66237,51.08816,50.32892,43.86342,46.69047,39.59798,40.36087,36.87818,36.76955,34.05877,33.24154,27.58623,26.1725,24.75884,23.34524,24.08319,19.20937,18.60108,15.81139,14.21267,11.31371,10.63015,10.63015,11.40175,7.2111,3.60555,3.60555,1.41421,2.23607,3.16228,7.2111,5.83095,6.7082,7.28011,6.7082,9.43398,8.94427,12.08305,14.86607,10.19804,11.18034,14.14214,14.0,14.03567,15.13275,42.94182,44.77723,46.61545,49.0408,47.80167,51.41984,50.44799,51.1957,51.78803,57.27128,61.0,62.16912,64.13267,64.77654,66.37017,68.11755,70.5762,74.33034,75.16648,79.00633,75.0,81.00617,80.00625,82.0061,82.05486,80.05623,79.15807,81.30191,78.16009,76.23647,72.44308,75.42546,74.16873,73.10951,72.11103,67.02984,66.0,65.12296,61.20457,59.5399,61.39218,57.97413,58.24088,58.5235,57.77543,61.32699,60.82763,59.68249,60.46487,63.00794,63.41136,65.43699,69.52697,67.35726,70.71068,71.44928,75.82216
12.04159,11.04536,11.04536,11.04536,11.04536,10.04988,10.04988,9.05539,9.05539,8.06226,8.06226,8.0,7.0,7.0,6.0,6.0,6.0,5.0,5.0,5.0,4.0,4.0,4.0,3.16228,3.0,3.0,2.0,2.0,1.0,1.0,1.0,0.0,0.0,0.0,1.0,1.41421,1.41421,1.41421,1.41421,1.41421,2.23607,2.23607,2.23607,2.23607,2.23607,2.82843,2.82843,3.60555,2.82843,2.82843,3.60555,3.60555,73.82412,75.31268,68.24954,72.00694,71.58911,67.26812,65.30697,63.56099,59.84146,57.07013,58.24946,53.15073,50.9902,52.7731,46.09772,43.73786,40.79216,40.1995,37.33631,36.49658,33.24154,32.38827,32.01562,27.01851,28.07134,24.08319,23.02173,20.09975,21.0238,14.56022,16.76305,14.03567,14.03567,12.0,8.24621,5.38516,5.09902,2.23607,5.0,0.0,2.82843,2.82843,4.47214,5.38516,7.07107,10.29563,7.61577,12.36932,13.0384,10.81665,13.60147,16.64332,12.72792,14.86607,16.40122,15.81139,15.23155,46.09772,44.29447,46.87217,47.43416,49.0408,47.20169,49.67897,53.07542,54.48853,58.69412,62.24147,60.10824,64.3506,67.17887,70.00714,70.03571,71.44928,73.75636,75.9276,75.16648,78.23682,78.00641,80.80223,79.32213,79.61156,81.5414,80.99383,79.92496,77.38863,75.45197,76.00658,74.33034,74.94665,70.72482,69.64194,69.40461,68.41053,63.12686,61.6198,62.93648,60.10824,57.48913,59.20304,59.07622,54.70832,56.82429,54.12947,59.80803,61.98387,63.89053,63.06346,66.28725,66.91039,68.06614,73.5459,73.97973,77.78175
13.0384,13.0,12.0,12.04159,12.04159,11.04536,11.04536,11.0,10.0,10.0,9.0,9.0,9.0,8.0,8.0,8.0,7.0,7.0,6.0,6.0,5.0,5.0,5.09902,4.12311,4.0,4.0,3.0,3.0,3.0,2.0,2.0,2.0,1.0,1.41421,1.41421,1.0,1.0,1.0,1.0,1.0,1.41421,1.41421,1.41421,1.41421,1.41421,2.23607,2.82843,2.23607,2.23607,3.16228,3.16228,3.16228,75.96052,73.1642,72.44998,73.05477,73.73602,69.64194,65.55151,67.77905,61.84658,60.16644,61.35145,58.18935,52.20153,53.14132,48.46648,49.0408,40.71855,41.76123,41.10961,39.21734,34.71311,34.20526,32.89377,30.08322,29.73214,27.65863,27.89265,23.08679,21.84033,17.46425,17.08801,18.97367,13.41641,10.29563,11.04536,7.07107,6.40312,5.65685,3.0,4.47214,2.23607,1.0,3.60555,4.24264,7.28011,9.21954,8.24621,9.43398,9.84886,12.80625,10.63015,14.76482,12.80625,12.64911,15.65248,15.52417,14.14214,41.14608,45.17743,48.82622,45.45327,48.9183,46.75468,48.16638,50.9902,53.03772,57.28001,57.48913,61.6198,63.03174,64.81512,64.38167,71.06335,72.62231,72.20111,72.11103,76.32169,76.8505,79.32213,80.62258,80.5295,76.47876,80.49845,78.29432,77.82031,77.82673,76.92204,74.24284,72.01389,68.8767,68.42514,70.21396,66.24198,64.66065,61.29437,61.29437,61.40033,59.03389,56.58622,58.69412,56.0803,56.61272,55.47071,54.20332,60.37384,58.18075,63.97656,62.03225,64.51356,65.14599,68.94926,71.56815,73.37575,74.04053
12.64911,12.64911,12.64911,12.64911,11.7047,11.7047,10.77033,10.44031,9.84886,9.48683,9.48683,8.544,8.544,8.544,7.28011,7.61577,7.28011,6.7082,6.32456,6.32456,5.38516,5.38516,5.38516,5.38516,4.12311,4.47214,3.16228,3.16228,3.16228,2.23607,2.23607,1.41421,1.41421,1.41421,1.0,1.41421,0.0,0.0,0.0,0.0,1.0,1.0,1.41421,1.41421,1.41421,1.41421,1.41421,1.41421,1.41421,2.0,2.0,2.0,77.02597,72.67049,74.24284,71.86793,72.20111,67.1193,67.95587,66.37017,61.40033,58.5235,59.36329,56.4358,55.75841,49.64877,51.31277,45.65085,46.64762,43.909,43.04649,38.07887,38.07887,35.22783,34.0,31.06445,29.15476,30.41381,23.70654,26.0,21.40093,18.35756,18.78829,18.43909,13.89244,11.40175,8.60233,8.06226,7.61577,8.544,6.40312,3.60555,0.0,1.0,2.82843,4.47214,4.24264,6.40312,9.43398,7.81025,9.21954,8.60233,9.84886,11.18034,13.34166,12.36932,14.56022,14.14214,13.0384,43.26662,43.82921,48.16638,48.79549,50.24938,48.9183,47.63402,51.85557,55.44367,54.67175,56.61272,61.40033,63.24555,65.45991,66.03787,66.24198,71.69379,71.19691,75.17978,76.55717,76.02631,81.34494,76.6942,77.62087,77.62087,79.71198,77.62087,79.40403,72.8011,72.12489,72.11103,72.73239,70.5195,70.2282,70.5195,66.7308,62.24147,62.16912,58.59181,57.45433,58.30952,56.0803,58.89822,58.72819,55.17246,53.03772,58.25805,59.64059,61.85467,59.16925,61.77378,66.37017,69.83552,68.0,73.34848,72.01389,77.36924
13.89244,13.89244,13.0384,13.0384,11.6619,11.6619,11.6619,10.81665,10.29563,9.43398,10.29563,9.84886,8.94427,7.61577,8.06226,7.61577,7.61577,6.7082,6.32456,6.7082,5.38516,5.38516,5.38516,5.38516,4.12311,4.12311,3.16228,3.16228,2.23607,2.23607,2.23607,1.0,1.0,1.0,1.0,1.0,1.0,1.0,1.0,1.0,1.0,2.23607,2.23607,2.23607,2.23607,2.23607,3.16228,3.16228,3.16228,3.16228,3.0,3.0,78.87332,76.83749,75.60423,72.62231,71.8401,68.41053,71.8401,64.66065,65.60488,62.62587,59.20304,59.03389,56.40035,52.00961,51.85557,46.8615,49.40648,44.65423,40.60788,39.11521,38.27532,39.05125,33.28663,31.40064,32.24903,29.41088,27.45906,23.60085,23.02173,18.86796,16.12452,17.88854,14.21267,12.52996,8.94427,7.81025,7.2111,5.38516,4.12311,1.41421,2.23607,2.23607,3.60555,5.65685,2.0,7.61577,8.94427,7.61577,11.18034,10.77033,15.0,13.0,14.56022,13.15295,15.29706,14.03567,13.0384,42.2019,42.2019,47.70744,47.70744,47.42362,47.85394,50.08992,53.31041,53.85165,57.58472,57.58472,58.18935,61.98387,65.78754,66.09841,70.0928,69.92138,70.88018,73.75636,75.13322,73.5459,80.06248,78.08969,76.79193,79.15807,78.40918,78.31347,76.32169,78.31347,75.10659,73.33485,69.46222,69.46222,69.35416,66.61081,67.26812,63.34824,62.8172,60.63827,60.08328,62.76942,59.5063,56.79789,61.29437,56.30275,54.20332,59.5483,57.98276,60.82763,66.48308,67.26812,66.21933,67.47592,70.60453,74.20243,73.60027,79.40403
12.04159,11.31371,11.31371,10.63015,10.63015,9.89949,9.89949,9.21954,8.48528,8.48528,7.81025,7.07107,7.07107,7.07107,7.07107,6.40312,6.40312,5.65685,5.0,5.0,4.24264,4.24264,4.24264,3.60555,2.82843,2.82843,2.82843,1.41421,1.41421,1.41421,1.41421,0.0,0.0,0.0,0.0,1.41421,1.0,1.41421,1.41421,1.41421,1.41421,1.41421,2.23607,2.82843,2.82843,2.23607,3.16228,3.16228,3.16228,3.16228,3.16228,3.16228,75.16648,69.64194,72.67049,71.02112,66.88797,70.83078,63.28507,65.36819,58.30952,57.3062,55.22681,51.97115,53.53504,49.92995,47.43416,45.80393,44.20407,41.6173,40.80441,34.20526,37.20215,31.89044,33.42155,29.41088,26.90725,26.90725,22.80351,22.67157,21.40093,20.51828,17.69181,15.26434,12.72792,13.0384,9.21954,7.61577,7.07107,4.12311,5.0,2.23607,3.60555,4.47214,4.0,5.38516,6.40312,5.65685,10.29563,9.84886,10.77033,15.23155,10.77033,12.36932,15.29706,13.60147,16.03122,15.0333,16.27882,41.4367,41.97618,45.70558,44.28318,46.69047,48.37355,51.0392,52.08647,52.00961,52.00961,57.07889,56.0357,61.0082,65.0,68.06614,63.07139,70.25667,68.18358,75.42546,72.83543,73.68175,77.10383,75.80237,76.29548,75.50497,79.62412,78.84795,79.83107,70.0928,76.24303,70.61161,73.00685,70.83078,69.42622,65.11528,66.4906,60.40695,60.07495,59.07622,61.03278,61.07373,51.62364,57.31492,58.24946,58.69412,59.48109,60.08328,57.27128,62.24147,59.5399,64.14047,67.95587,74.79305,65.45991,69.63476,71.84706,74.4043
12.36932,12.36932,11.40175,11.40175,11.40175,11.40175,10.19804,10.19804,9.21954,9.21954,9.21954,9.21954,8.24621,8.24621,7.28011,7.07107,7.07107,6.08276,6.08276,5.09902,5.09902,5.09902,5.09902,4.12311,4.12311,4.12311,3.0,3.0,2.0,2.0,2.0,2.0,1.0,1.0,0.0,0.0,1.0,1.0,1.0,1.0,1.0,1.41421,2.23607,2.23607,2.23607,2.23607,2.23607,2.23607,2.23607,2.23607,3.16228,3.0,79.69944,70.2282,73.05477,74.04053,69.28925,69.89278,66.12866,65.19202,62.62587,61.03278,57.58472,56.04463,53.85165,51.5461,49.24429,49.33559,47.75982,40.26164,41.76123,35.73514,40.80441,36.13862,33.95585,31.95309,28.63564,29.15476,26.24881,25.70992,20.88061,20.24846,18.11077,16.15549,14.31782,9.48683,11.18034,6.7082,5.83095,1.0,3.60555,2.23607,3.60555,3.16228,3.0,5.65685,4.12311,6.40312,8.48528,8.94427,8.60233,12.04159,13.45362,12.20656,10.0,15.26434,15.6205,15.81139,14.31782,42.05948,45.79301,45.80393,50.32892,47.42362,46.75468,50.20956,53.03772,53.75872,53.90733,56.22277,57.62812,59.81639,64.66065,68.41053,66.21933,71.61006,73.23933,75.45197,77.10383,77.17513,78.54935,76.53757,77.36924,78.26238,78.79086,78.72103,80.11242,76.15773,75.58439,73.34848,72.47068,70.68239,69.77105,66.64833,66.88797,63.28507,64.07027,59.90826,59.81639,58.72819,59.46427,57.38467,56.85068,59.07622,53.0,56.93856,58.18075,60.83584,62.96825,65.79514,67.05222,68.70953,70.5195,74.2159,74.33034,75.43209
11.40175,11.40175,10.81665,10.81665,10.0,9.43398,9.43398,8.60233,8.60233,8.06226,8.06226,7.2111,7.2111,6.40312,5.83095,5.83095,5.0,5.0,5.0,4.24264,3.60555,3.60555,3.60555,3.60555,3.60555,2.23607,2.23607,1.41421,1.41421,1.0,0.0,0.0,0.0,0.0,1.0,1.41421,1.41421,1.41421,1.41421,2.23607,2.23607,2.23607,2.23607,2.23607,2.23607,3.16228,3.0,3.0,3.0,3.0,3.0,3.16228,75.16648,73.78347,70.45566,69.97142,72.94518,65.73431,67.23095,61.91123,64.66065,53.85165,58.66856,53.85165,53.53504,48.54894,48.8774,47.01064,44.41846,41.40048,36.05551,40.31129,37.73592,34.4093,29.68164,29.41088,26.40076,27.78489,25.23886,20.0,19.23538,19.41649,18.78829,15.26434,12.52996,10.0,7.81025,7.07107,5.38516,2.0,1.0,1.0,4.0,3.16228,4.0,5.83095,7.61577,8.24621,9.0,9.05539,10.0,11.40175,15.0333,14.14214,14.14214,15.13275,12.36932,14.56022,14.76482,44.41846,43.82921,47.01064,46.48656,49.47727,49.72927,50.21952,53.75872,56.08921,57.27128,58.54912,61.66036,65.62012,68.46897,69.26038,71.11259,69.26038,72.1734,74.06079,76.00658,79.00633,80.1561,79.15807,80.09994,81.61495,80.399,80.50466,76.65507,79.76215,77.92946,75.80237,73.68175,71.84706,72.44308,70.25667,67.36468,66.1211,63.00794,62.03225,62.20129,58.30952,62.80127,54.12947,58.24088,58.5235,55.71355,57.58472,61.7414,64.41273,62.76942,66.37017,65.45991,67.42403,68.8186,73.81734,72.67049,76.6094
11.18034,11.18034,11.18034,11.18034,10.19804,10.19804,9.21954,9.21954,8.24621,8.24621,8.24621,8.06226,7.07107,7.07107,6.08276,6.08276,6.08276,5.09902,5.09902,5.09902,4.12311,4.12311,4.12311,3.16228,3.16228,3.16228,2.23607,2.23607,1.41421,1.41421,1.41421,1.0,1.0,0.0,1.0,1.0,1.0,1.0,1.0,2.0,2.0,2.0,2.0,2.0,2.23607,2.23607,2.23607,2.23607,2.23607,2.23607,2.82843,2.82843,75.50497,72.36712,74.67262,71.34424,72.56032,68.65858,65.76473,63.95311,60.01666,59.03389,57.70615,53.46027,52.61179,51.35173,47.85394,45.70558,44.91102,42.19005,36.12478,39.20459,36.05551,34.05877,30.26549,30.06659,27.07397,24.18677,26.68333,22.02272,21.37756,20.0,17.0,14.56022,12.16553,10.0,11.04536,6.7082,7.28011,3.60555,1.41421,2.23607,1.41421,3.16228,4.0,6.32456,7.28011,8.06226,11.40175,8.94427,10.29563,11.7047,13.60147,15.0,12.80625,13.0384,14.86607,15.6205,13.60147,43.86342,45.27693,47.01064,48.82622,52.40229,48.83646,52.40229,50.24938,55.9017,57.28001,58.79626,60.81118,60.1415,66.52819,67.26812,69.52697,72.47068,74.65253,74.8131,77.00649,75.60423,77.20104,78.49204,78.54935,77.52419,79.07591,78.89233,75.47185,77.69813,78.89233,74.09453,72.94518,70.45566,73.00685,70.21396,68.88396,65.94695,58.72819,61.55485,58.72819,61.6198,58.25805,60.21628,59.36329,56.82429,60.16644,58.18935,63.32456,63.56886,64.56005,59.90826,65.51336,70.0928,73.00685,74.33034,73.97973,77.27872
11.6619,11.6619,10.81665,11.18034,10.29563,10.29563,9.43398,9.43398,8.94427,8.06226,8.06226,7.2111,7.2111,6.7082,5.83095,5.83095,5.83095,5.83095,5.0,5.0,4.47214,3.60555,3.60555,2.82843,2.82843,2.23607,2.23607,1.41421,1.0,1.0,0.0,0.0,0.0,0.0,1.0,1.41421,1.0,1.41421,1.41421,2.23607,2.23607,2.23607,2.23607,2.23607,2.23607,2.23607,3.16228,3.0,3.0,3.0,3.0,3.16228,77.10383,73.24616,74.06079,72.40166,70.49113,67.74216,69.06519,63.28507,61.58734,61.58734,59.36329,54.08327,53.53504,49.09175,48.8774,47.70744,46.32494,43.82921,39.40812,37.20215,38.41875,38.58756,35.0,31.06445,27.45906,25.0,25.80698,22.80351,19.23538,18.02776,17.20465,15.81139,11.18034,12.04159,7.2111,2.82843,3.16228,3.60555,3.60555,2.0,2.0,4.0,6.08276,7.07107,7.07107,5.38516,8.24621,11.04536,8.0,12.16553,13.15295,13.15295,16.0,13.34166,17.26268,13.0384,15.23155,41.23106,45.88028,47.53946,47.51842,49.64877,48.25971,52.15362,54.14795,54.03702,58.03447,57.00877,61.0082,64.03124,65.00769,65.00769,72.11103,72.00694,74.16873,72.56032,75.80237,77.10383,79.24645,78.1025,78.1025,77.46612,77.46612,81.02469,76.68768,77.46612,74.73286,72.78049,72.78049,69.63476,69.12308,67.89698,63.78871,64.38167,62.00806,59.03389,62.03225,57.07889,59.4138,58.85576,57.48913,53.85165,62.64184,58.5235,59.09315,62.24147,63.95311,65.36819,66.88797,69.97142,67.95587,73.23933,74.88658,75.16648
13.60147,12.80625,12.80625,12.04159,12.04159,10.63015,10.63015,10.63015,10.63015,9.21954,9.21954,8.60233,8.60233,7.81025,7.81025,7.81025,7.2111,6.40312,6.40312,5.65685,5.65685,5.0,4.24264,4.24264,4.24264,3.60555,2.82843,2.82843,1.41421,1.41421,1.0,1.0,1.0,0.0,0.0,0.0,1.0,1.0,1.0,1.41421,1.41421,2.23607,2.23607,1.41421,1.41421,2.23607,2.23607,2.23607,2.23607,2.23607,2.23607,2.23607,76.41989,75.66373,72.24957,70.00714,72.34639,68.62215,68.593,62.24147,62.93648,57.28001,60.959,55.17246,54.48853,53.74012,48.9183,48.16638,48.16638,42.63801,39.20459,38.83298,37.44329,39.20459,34.20526,29.20616,31.14482,25.4951,26.40076,23.85372,21.26029,19.10497,16.40122,13.45362,11.31371,12.04159,9.84886,8.60233,5.83095,2.0,1.41421,2.23607,2.0,1.0,5.38516,4.47214,4.47214,9.21954,10.0,10.0,11.6619,11.40175,13.89244,13.92839,12.08305,13.0384,14.14214,14.31782,15.0333,45.17743,42.37924,48.08326,48.50773,49.47727,47.53946,51.1957,52.17279,55.57877,58.69412,55.7315,61.66036,61.0,64.38167,65.49046,69.46222,70.25667,74.16873,73.06162,78.00641,76.00658,83.0542,79.02531,78.05767,78.1025,80.05623,81.05554,77.16217,75.16648,76.1643,74.06079,72.00694,72.02777,67.06713,69.00725,68.11755,65.27634,62.20129,60.67125,60.41523,59.90826,58.87274,57.93962,61.7414,56.93856,55.07268,63.63175,62.80127,62.482,68.11755,65.79514,67.88225,70.00714,70.03571,73.0,73.75636,73.75636
13.60147,12.64911,12.64911,12.64911,11.7047,11.40175,11.40175,10.44031,10.44031,9.48683,9.48683,9.48683,8.24621,8.24621,8.24621,7.28011,7.28011,6.32456,6.08276,6.08276,5.09902,5.09902,5.09902,5.09902,4.12311,4.12311,3.16228,3.0,2.0,2.0,2.0,1.0,1.0,1.0,1.41421,1.41421,1.0,1.0,1.0,1.0,2.0,2.23607,2.23607,2.23607,2.23607,2.23607,2.23607,3.16228,3.16228,3.0,3.0,3.0,75.27284,74.84651,75.96052,73.00685,74.09453,66.85058,70.93659,65.19202,65.55151,55.54278,60.00833,56.64804,53.31041,50.92151,51.26402,47.75982,46.48656,42.05948,42.72002,39.21734,35.73514,35.1141,29.41088,32.20248,29.73214,26.92582,27.51363,21.84033,20.88061,19.64688,16.27882,16.76305,12.36932,9.84886,9.48683,7.81025,7.61577,6.08276,4.12311,3.16228,3.16228,2.23607,4.24264,8.06226,4.47214,7.2111,7.61577,9.84886,9.21954,12.20656,13.34166,11.18034,14.86607,11.40175,14.86607,16.27882,14.14214,43.08132,42.48529,45.61798,42.72002,48.60041,46.40043,47.42362,48.9183,53.8145,54.56189,55.31727,60.30755,60.20797,62.96825,63.65532,66.48308,68.76772,71.70077,68.88396,74.63243,76.27582,79.05694,79.88116,75.80237,79.32213,78.49204,78.23043,77.69813,77.41447,74.79305,70.71068,73.43024,72.06941,68.09552,67.23095,64.3506,65.21503,61.7171,61.84658,59.4138,61.52235,59.5483,58.0517,62.62587,55.47071,56.0357,59.36329,61.32699,62.24147,65.0,61.09828,66.48308,68.62215,69.92138,71.47027,73.68175,74.63243
12.20656,12.20656,11.40175,11.6619,10.81665,10.81665,10.0,9.43398,9.43398,8.60233,8.60233,8.06226,7.2111,7.2111,7.2111,6.40312,5.83095,5.83095,5.0,5.0,4.47214,3.60555,3.60555,3.60555,3.60555,2.23607,1.41421,1.41421,1.41421,1.0,0.0,0.0,0.0,1.0,1.41421,1.0,1.0,1.0,2.0,2.0,2.0,2.0,2.0,2.0,3.0,3.0,3.0,3.0,3.0,3.0,3.16228,3.16228,69.63476,72.56032,73.4983,68.50547,68.24222,69.97142,66.28725,65.8635,59.36329,58.83026,55.9464,55.22681,53.33854,47.16991,46.64762,44.65423,44.65423,40.22437,36.89173,35.60899,36.05551,33.83785,33.83785,26.90725,24.69818,24.08319,22.67157,20.61553,18.60108,17.20465,14.42221,14.42221,8.48528,9.84886,9.21954,7.2111,3.60555,1.0,3.16228,5.09902,4.47214,5.0,7.07107,8.0,11.40175,7.07107,7.28011,13.15295,10.19804,12.0,13.0,14.03567,15.13275,15.29706,15.0,15.52417,13.60147,41.23106,44.59821,46.57252,49.47727,46.09772,48.37355,50.24938,54.23099,53.08484,54.45181,57.42822,58.13777,62.07254,63.03174,66.00758,69.00725,74.02702,73.06162,78.1025,75.16648,77.41447,79.40403,74.54529,80.62258,78.91768,80.75271,79.24645,78.91768,72.78049,77.46612,73.75636,76.68768,72.56721,71.02112,68.73136,66.91039,63.1981,67.02984,64.0,60.13319,59.03389,59.21149,60.20797,57.48913,58.94065,55.65968,57.00877,58.69412,61.26989,64.41273,64.66065,64.63745,69.06519,70.17834,70.80254,73.4983,71.84706
12.80625,12.80625,11.40175,12.20656,11.40175,11.40175,10.0,10.0,10.0,8.60233,8.60233,8.60233,7.81025,7.81025,7.2111,7.07107,6.40312,6.40312,5.65685,5.65685,5.0,5.0,5.0,4.24264,4.24264,3.60555,2.82843,2.82843,2.82843,1.41421,1.41421,1.41421,1.41421,1.41421,1.0,1.0,1.0,0.0,0.0,1.0,1.0,1.0,1.0,1.0,1.0,2.23607,2.23607,2.23607,2.23607,2.23607,2.23607,2.82843,73.0,71.06335,73.66139,73.0,70.76722,67.47592,64.53681,63.78087,58.79626,59.03389,59.46427,53.15073,51.66237,49.0408,47.80167,46.09772,45.34314,39.69887,36.79674,37.48333,36.76955,33.24154,33.24154,28.42534,24.08319,24.75884,22.62742,17.69181,19.84943,16.40122,15.81139,14.86607,12.04159,10.63015,12.04159,9.21954,7.07107,4.47214,2.23607,2.0,3.60555,3.60555,6.0,7.07107,7.0,8.0,9.48683,10.04988,10.19804,12.04159,11.04536,11.04536,15.0,11.0,14.31782,15.52417,15.81139,40.80441,43.01163,45.65085,49.39636,45.17743,50.92151,52.92447,51.86521,54.78138,54.70832,57.56735,59.77458,61.98387,64.03124,65.0,66.91039,73.34848,72.18033,75.95393,74.8131,78.51751,82.49242,78.40918,80.025,81.09871,80.05623,76.05919,82.0061,76.00658,78.00641,75.0,74.00676,73.00685,68.11755,70.02857,66.37017,67.18631,60.40695,59.03389,59.84146,58.94065,56.32051,60.08328,55.54278,56.82429,59.5399,56.93856,57.42822,61.40033,64.81512,63.03174,65.11528,70.76722,67.17887,70.71068,71.42129,72.83543
11.04536,11.04536,11.04536,11.04536,10.04988,10.04988,9.0,9.05539,8.0,8.06226,8.06226,7.07107,7.07107,6.08276,6.08276,6.08276,5.09902,5.09902,5.09902,4.12311,4.12311,3.16228,3.16228,3.16228,3.16228,2.23607,1.41421,1.41421,1.41421,1.41421,1.41421,1.0,1.0,1.0,1.41421,1.41421,1.41421,1.41421,2.23607,2.23607,2.23607,2.23607,2.23607,2.23607,2.82843,2.82843,2.82843,2.82843,2.82843,2.82843,2.82843,3.60555,75.02666,71.0,75.00667,68.00735,67.0,65.00769,67.02984,63.12686,60.13319,56.0803,57.03508,55.0,52.00961,48.01042,48.01042,42.10701,43.0,41.01219,39.31921,35.01428,37.05401,33.24154,28.28427,28.28427,24.18677,24.33105,24.5153,17.11724,18.02776,13.0384,13.60147,12.16553,10.04988,9.48683,8.24621,7.2111,8.544,2.23607,2.82843,3.60555,3.60555,5.83095,5.0,6.40312,8.24621,8.544,9.84886,11.40175,12.52996,15.26434,12.80625,13.0384,14.14214,15.6205,15.6205,13.45362,18.02776,42.44997,43.68066,44.27189,47.42362,46.95743,49.73932,51.97115,50.60632,55.22681,56.0803,60.74537,61.85467,61.58734,65.51336,67.42403,71.06335,74.02702,75.82216,75.16648,77.15569,75.74299,80.65978,79.9062,82.02439,86.55634,78.51751,77.83315,77.98718,78.51751,79.30952,74.51845,77.15569,73.59348,73.5527,70.00714,67.17887,63.78087,63.03174,61.84658,65.21503,62.42596,56.35601,59.16925,58.87274,57.77543,61.40033,55.7853,59.43904,61.0,61.66036,62.80127,67.02984,67.06713,69.11584,72.11103,73.00685,75.00667
11.18034,11.18034,10.19804,11.18034,10.19804,10.19804,9.21954,9.21954,9.05539,8.24621,8.06226,7.28011,7.07107,6.08276,6.08276,6.08276,6.08276,5.09902,5.09902,4.12311,4.0,4.12311,3.16228,3.16228,3.16228,2.0,2.0,1.0,1.0,1.0,0.0,0.0,0.0,1.0,1.0,1.0,1.0,1.0,2.0,2.0,2.0,2.0,2.0,2.0,3.16228,2.23607,3.16228,3.16228,3.16228,3.16228,2.23607,2.23607,73.43705,70.25667,67.08204,70.34913,70.5762,65.27634,63.1981,60.03332,59.21149,57.14018,56.0803,54.33231,52.08647,48.09366,46.04346,45.54119,43.41659,39.11521,38.32754,39.20459,34.36568,31.7805,27.45906,27.07397,23.34524,21.09502,22.80351,16.76305,16.03122,17.72005,16.27882,13.0,8.94427,8.24621,8.06226,4.12311,4.24264,3.60555,3.0,1.41421,5.0,4.0,5.09902,7.28011,8.94427,8.94427,8.06226,10.29563,9.84886,12.08305,13.41641,13.60147,12.52996,14.86607,14.21267,15.6205,15.6205,44.18144,46.09772,45.27693,47.51842,48.83646,51.66237,51.24451,52.88667,55.65968,56.32051,59.46427,60.40695,64.19502,66.48308,67.06713,69.35416,73.40981,75.15318,76.48529,74.43118,77.52419,81.49233,82.1523,80.1561,79.88116,80.99383,81.02469,81.02469,78.60025,80.80223,76.40026,75.45197,70.45566,75.80237,69.89278,68.26419,65.8635,62.17717,62.17717,63.97656,60.16644,61.03278,58.82176,59.66574,59.43904,56.22277,59.13544,59.0,62.0,62.00806,64.12488,71.17584,67.47592,70.5762,70.85901,75.66373,74.8131
13.34166,12.64911,12.64911,12.36932,11.40175,11.40175,11.40175,10.44031,10.44031,9.48683,9.48683,9.48683,8.544,8.544,7.28011,7.28011,7.28011,6.32456,6.32456,5.38516,5.38516,5.38516,5.38516,4.47214,4.47214,3.16228,3.16228,2.23607,2.23607,2.23607,1.41421,1.41421,1.41421,1.41421,1.0,1.0,1.0,1.0,1.41421,1.41421,1.41421,1.41421,1.41421,1.41421,1.41421,2.82843,2.82843,2.82843,2.82843,2.23607,3.16228,3.16228,72.78049,73.34848,72.56721,72.56721,70.83078,66.91039,63.34824,63.15061,59.03389,61.18823,56.88585,50.48762,55.9017,52.7731,50.01,48.05206,45.35416,42.44997,40.60788,39.29377,35.17101,34.48188,30.80584,28.16026,25.96151,25.4951,24.33105,21.0238,18.78829,18.68154,16.27882,13.60147,7.28011,8.544,8.94427,8.60233,4.12311,2.23607,4.47214,3.60555,5.0,2.0,5.09902,7.61577,7.2111,8.06226,7.07107,9.48683,11.40175,10.81665,12.72792,12.80625,13.45362,11.6619,14.86607,18.60108,15.26434,42.44997,45.54119,42.57934,48.09366,50.01,48.04165,47.16991,52.34501,52.46904,53.33854,55.22681,60.20797,62.20129,65.62012,66.28725,65.96969,73.00685,71.38627,73.4983,76.55064,75.02666,80.05623,74.33034,78.18568,78.77182,82.63776,78.29432,82.73452,74.24958,78.26238,73.00685,74.68601,71.11962,69.31811,68.44706,67.62396,65.9242,61.98387,61.40033,60.63827,61.18823,57.70615,61.52235,61.40033,57.03508,53.0,57.07889,61.29437,61.52235,60.82763,64.32729,65.73431,70.83078,66.48308,74.0,71.06335,71.8401
12.20656,11.40175,11.40175,11.40175,11.40175,10.0,10.0,9.21954,9.21954,8.60233,8.60233,7.81025,7.81025,7.81025,6.40312,6.40312,5.83095,5.83095,5.0,5.0,4.24264,4.24264,4.24264,3.60555,2.82843,2.82843,2.23607,1.41421,1.41421,1.41421,1.0,1.0,0.0,0.0,0.0,1.0,1.0,1.41421,1.0,1.41421,1.41421,1.41421,1.41421,1.41421,1.41421,2.23607,2.23607,2.23607,2.23607,2.23607,2.23607,2.0,74.63243,71.40028,72.11103,68.60029,68.50547,70.21396,63.82006,65.45991,58.24946,58.60034,56.61272,51.86521,52.43091,48.25971,48.02083,43.909,51.31277,39.82462,39.40812,36.71512,34.0,32.24903,32.64966,30.01666,26.62705,24.69818,22.47221,20.59126,21.09502,16.12452,13.0,11.18034,8.60233,8.60233,7.2111,4.24264,5.0,1.0,1.41421,4.12311,4.0,5.83095,7.28011,6.32456,8.60233,8.06226,10.29563,8.544,9.84886,10.44031,14.31782,13.92839,12.64911,14.56022,16.12452,14.03567,15.0,41.72529,45.45327,46.40043,46.32494,47.01064,48.37355,50.08992,51.0,52.83938,54.56189,55.9017,62.16912,59.9333,66.21178,68.15424,66.85058,74.46476,70.2282,76.2168,75.58439,78.84795,78.58753,80.52329,83.67795,83.43261,82.0,77.87811,82.20097,78.44743,78.8543,75.50497,78.26238,74.1485,70.61161,71.06335,68.15424,64.28841,66.85058,61.46544,61.46544,61.84658,61.40033,58.83026,57.42822,64.2028,56.85068,59.03389,58.69412,60.82763,63.89053,65.80274,66.28725,68.8186,66.03787,74.09453,74.88658,71.84706
13.41641,12.52996,12.08305,12.52996,12.08305,11.18034,11.18034,10.29563,10.29563,8.94427,8.94427,8.94427,8.94427,7.61577,7.61577,6.7082,6.7082,5.83095,6.32456,5.83095,5.83095,4.47214,4.47214,4.47214,4.47214,3.60555,2.23607,2.23607,2.23607,2.23607,1.41421,1.41421,1.41421,1.0,0.0,0.0,0.0,0.0,1.0,1.0,1.0,1.41421,1.41421,1.41421,1.41421,1.0,2.23607,2.0,2.0,2.0,2.0,2.0,73.34848,72.89719,74.73286,69.77822,71.11259,68.88396,66.18912,66.24198,60.90156,57.80138,59.68249,55.47071,54.12024,49.24429,49.1935,47.01064,43.41659,42.54409,38.91015,36.23534,36.71512,34.0,30.67572,31.38471,27.29469,22.36068,24.69818,23.4094,19.69772,18.02776,15.23155,15.81139,12.64911,11.18034,8.544,5.09902,5.09902,1.0,2.82843,3.16228,3.16228,5.38516,7.07107,5.65685,7.61577,9.89949,10.29563,11.18034,11.18034,10.44031,12.08305,14.31782,14.76482,10.44031,11.7047,14.31782,13.15295,43.38202,43.26662,45.0,46.2277,50.91169,48.79549,50.93133,53.07542,54.48853,55.44367,58.0517,60.0,61.6198,65.43699,66.21933,68.24222,73.00685,72.42237,72.67049,79.40403,76.05919,84.53402,81.84131,82.36504,80.49845,81.02469,77.87811,79.20227,78.0,77.47258,72.01389,77.62087,75.6439,74.24284,70.68239,68.44706,63.06346,65.51336,61.91123,58.00862,60.80296,59.66574,60.1415,59.39697,58.69412,61.40033,58.24946,60.74537,61.91123,66.37017,67.97794,64.84597,66.64083,70.21396,71.69379,73.34848,74.84651
