14.86607,13.92839,13.92839,13.0,13.0,12.64911,12.08305,11.7047,12.08305,11.18034,10.77033,11.18034,10.29563,9.43398,9.43398,10.0,9.43398,9.43398,8.60233,8.60233,8.60233,8.60233,8.60233,7.81025,8.60233,8.60233,8.60233,7.81025,7.2111,8.60233,8.06226,8.06226,6.7082,6.7082,7.61577,7.28011,7.28011,6.08276,6.08276,6.0,6.0,6.0,5.0,5.09902,5.09902,5.09902,4.47214,4.47214,3.60555,4.24264,4.24264,4.24264,84.11896,83.63014,86.31338,80.05623,81.3941,78.79086,75.17978,77.82673,67.23095,68.0,68.96376,63.63175,63.28507,56.61272,59.64059,58.41233,56.72742,53.15073,53.90733,53.8145,54.56189,51.66237,48.83646,51.08816,48.79549,47.42362,48.83646,46.40043,45.22168,48.9183,46.8615,48.16638,45.96738,42.63801,44.55334,41.72529,41.23106,41.01219,39.82462,40.22437,39.66106,39.35734,36.24914,33.24154,29.15476,31.32092,30.80584,27.29469,28.01785,26.0,24.18677,23.76973,22.80351,19.23538,19.69772,22.36068,20.61553,23.34524,24.75884,22.67157,23.34524,20.51828,24.83948,23.60085,24.69818,23.4094,24.16609,26.40076,27.85678,29.73214,30.67572,33.95585,32.28002,37.65634,36.13862,39.45884,40.4475,43.41659,44.55334,48.25971,48.25971,48.16638,52.0,55.14526,57.00877,58.13777,57.03508,57.0,62.0,63.03174,62.07254,64.19502,65.19202,62.39391,67.74216,67.89698,67.89698,70.21396,67.18631,74.95332,72.27724,71.8401,77.20104,75.27284,76.89603,79.12016,76.05919,79.20227,83.25863,83.19255,79.62412,83.64807,90.35486,84.07735
13.92839,13.92839,13.0,13.0,11.7047,12.08305,12.08305,12.08305,11.18034,11.18034,10.29563,10.81665,10.29563,9.43398,9.43398,10.0,9.21954,9.21954,9.21954,8.48528,8.48528,8.48528,8.48528,8.48528,8.48528,8.48528,8.48528,8.48528,7.81025,7.81025,7.81025,7.2111,7.2111,7.2111,7.2111,6.7082,6.7082,5.38516,5.38516,5.38516,5.09902,5.09902,4.0,4.0,4.0,4.0,3.16228,3.16228,3.16228,2.82843,2.82843,2.82843,82.41966,79.32213,78.77182,79.40403,78.39005,71.86793,76.32169,72.20111,67.95587,65.74192,66.30988,66.64833,64.84597,60.74537,51.89412,56.0803,52.7731,57.28001,47.07441,50.0,54.34151,51.41984,50.44799,46.48656,50.96077,49.72927,44.72136,44.72136,48.50773,46.17359,46.17359,43.28972,41.97618,45.88028,42.95346,37.69615,41.62932,38.07887,35.8469,37.33631,37.44329,30.61046,38.58756,33.24154,33.97058,27.65863,26.24881,30.0,25.55386,27.29469,22.82542,20.59126,26.92582,21.09502,22.56103,19.92486,22.09072,25.31798,24.69818,19.41649,23.34524,25.31798,20.22375,22.09072,22.09072,26.01922,26.01922,25.4951,31.7805,31.7805,33.24154,36.05551,35.90265,42.54409,37.36308,38.8973,38.01316,40.8534,45.88028,46.51881,48.10405,48.33218,46.64762,55.07268,54.20332,52.83938,54.3783,55.22681,60.90156,57.00877,61.85467,60.53924,61.61169,64.07027,65.11528,63.12686,65.19202,70.17834,65.79514,63.78087,72.24957,68.76772,70.0,71.06335,74.06079,68.60029,73.24616,71.19691,80.26207,82.37718,71.28113,80.99383,81.8352,80.21222
15.13275,14.14214,14.14214,13.0384,13.15295,13.15295,12.16553,12.16553,12.16553,11.18034,11.40175,11.40175,10.44031,10.44031,9.48683,10.77033,9.84886,9.84886,8.94427,8.94427,8.544,8.94427,8.94427,8.94427,8.94427,8.94427,8.94427,8.544,8.544,7.61577,7.28011,7.28011,7.28011,7.28011,7.07107,7.07107,7.07107,7.0,6.0,6.08276,6.08276,6.08276,5.09902,5.38516,5.38516,4.47214,4.47214,5.0,5.0,4.24264,4.24264,3.60555,83.00602,82.05486,80.09994,81.00617,82.05486,78.00641,73.06162,73.10951,68.11755,67.18631,66.27217,63.3877,63.50591,58.0517,56.32051,60.63827,54.12947,53.60037,54.12024,55.97321,48.70318,54.08327,46.23851,48.70318,45.69464,46.8188,46.09772,49.24429,45.69464,48.33218,46.23851,46.23851,47.92703,42.37924,45.54119,39.84972,39.56008,37.64306,40.60788,41.59327,39.31921,35.0571,36.0,33.06055,30.14963,30.14963,29.12044,28.79236,25.07987,24.16609,23.32381,25.23886,22.67157,20.61553,20.61553,18.60108,19.72308,23.4094,23.76973,21.84033,23.08679,21.0238,21.47091,23.02173,24.41311,27.01851,26.90725,27.01851,26.1725,30.4795,30.41381,33.42155,33.30165,36.87818,37.64306,37.73592,41.88078,40.49691,45.22168,50.60632,46.32494,48.8774,50.9902,55.00909,53.66563,55.9464,55.54278,60.41523,56.85948,60.83584,63.24555,64.19502,63.69458,64.84597,63.24555,65.52099,68.41053,70.0928,69.05071,68.24954,74.54529,67.26812,71.44928,74.33034,77.02597,78.05767,79.22752,79.0,82.02439,83.0,80.09994,86.09297,83.0,88.0
13.0384,13.0384,13.0384,13.0384,12.20656,11.40175,11.40175,10.63015,10.0,10.0,10.63015,9.89949,9.89949,8.48528,8.48528,9.21954,8.60233,7.81025,8.60233,8.60233,8.60233,8.60233,8.06226,8.06226,8.60233,7.2111,7.2111,7.81025,7.81025,7.07107,7.07107,7.07107,7.07107,6.40312,6.40312,5.83095,5.83095,5.83095,5.38516,5.38516,5.09902,4.12311,4.12311,4.0,4.0,4.12311,4.12311,3.16228,3.16228,3.60555,3.60555,2.82843,82.8553,77.49194,82.34683,78.72103,74.73286,74.24958,71.69379,74.33034,65.79514,66.64833,61.77378,60.53924,65.0,57.80138,54.3783,57.14018,57.42822,56.61272,55.60576,50.44799,54.67175,48.83646,50.20956,45.96738,43.84062,48.83646,46.75468,48.83646,43.86342,47.38143,45.27693,46.66905,43.84062,44.04543,42.44997,42.0119,39.20459,40.80441,39.44617,38.07887,36.23534,33.10589,32.89377,34.17601,34.20526,28.44293,26.0,25.17936,25.31798,22.02272,23.19483,25.0,22.13594,21.47091,22.67157,19.84943,19.84943,26.1725,24.08319,22.67157,24.04163,22.67157,22.80351,24.83948,23.32381,23.32381,24.18677,26.40076,29.54657,31.7805,31.62278,36.40055,35.1141,36.68787,36.13862,41.23106,43.73786,42.42641,49.81967,46.69047,45.39824,47.85394,53.33854,54.45181,58.21512,52.23983,60.00833,57.07889,66.00758,60.03332,64.00781,65.00769,63.00794,64.07027,66.1211,66.18912,68.46897,70.45566,65.73431,69.2315,71.30919,72.53275,68.68042,71.47027,72.44998,78.1089,76.2168,76.55064,84.30896,83.7735,75.23962,84.15462,90.87354,82.29216
15.0333,15.0333,14.03567,14.03567,13.0384,13.0,13.0384,12.04159,12.04159,11.04536,12.16553,11.18034,11.18034,10.19804,10.19804,10.19804,10.44031,9.21954,9.48683,9.48683,9.21954,9.48683,9.48683,8.544,8.544,9.48683,9.48683,8.24621,8.24621,8.24621,8.06226,8.06226,8.06226,7.0,7.0,7.0,7.0,7.07107,6.08276,6.32456,6.32456,6.32456,5.38516,5.83095,5.0,5.0,5.0,4.24264,5.0,5.0,4.47214,4.47214,82.1523,84.38009,84.14868,82.02439,79.05694,78.02564,71.02816,71.11259,67.00746,68.00735,68.02941,61.0,64.00781,56.14268,60.07495,57.21888,57.31492,53.60037,52.95281,52.7731,53.15073,50.44799,48.76474,48.08326,46.57252,47.12749,47.80167,47.12749,47.53946,49.0408,43.41659,49.24429,41.48494,43.73786,42.57934,41.4367,42.29657,41.30375,38.0526,37.01351,35.0571,38.32754,33.54102,31.57531,34.78505,31.01612,32.31099,23.25941,27.78489,24.41311,25.6125,24.04163,22.67157,22.2036,21.54066,21.93171,20.24846,24.16609,26.24881,22.84732,22.84732,22.36068,24.18677,23.85372,22.2036,27.80288,26.24881,29.0,29.0,33.30165,33.97058,34.65545,35.4683,37.80212,39.96248,37.64306,43.60046,40.81666,46.32494,46.87217,48.25971,48.54894,50.53712,50.60632,56.82429,56.4358,57.24509,58.18075,60.83584,60.00833,60.92618,61.32699,65.0,62.03225,68.62215,65.45991,69.57011,69.12308,67.91171,71.56815,69.2315,73.34848,71.02112,74.43118,75.32596,75.23962,75.32596,80.1561,83.15047,83.15047,78.1025,82.02439,85.0,86.05231
13.60147,13.0384,13.0384,13.0384,12.20656,11.6619,11.18034,11.18034,11.18034,10.29563,10.29563,9.84886,9.84886,9.84886,8.544,9.48683,9.21954,9.21954,9.21954,8.24621,8.24621,8.06226,8.06226,8.06226,8.06226,8.06226,8.06226,8.24621,7.07107,7.07107,7.28011,7.28011,6.32456,6.32456,5.38516,5.83095,5.83095,5.0,5.0,4.24264,4.24264,4.24264,4.24264,3.60555,3.60555,3.16228,3.16228,3.0,3.0,3.0,3.16228,3.16228,82.32861,84.95881,83.45058,80.72174,82.02439,77.07788,73.59348,71.50524,70.76722,66.48308,63.89053,64.53681,63.89053,59.03389,58.5235,60.03332,57.42822,53.85165,53.33854,53.66563,54.12024,49.1935,47.01064,46.95743,44.77723,46.09772,47.53946,45.69464,45.18849,49.33559,47.53946,49.39636,42.94182,43.38202,40.71855,40.31129,40.81666,39.40812,39.20459,37.44329,38.41875,34.65545,33.42155,33.30165,28.84441,27.45906,29.15476,28.6531,23.76973,25.63201,21.37756,21.37756,25.01999,22.09072,20.61553,17.88854,20.12461,22.2036,23.02173,25.23886,24.69818,24.18677,24.16609,23.4094,25.63201,27.51363,27.45906,32.75668,31.40064,30.01666,34.52535,35.12834,36.0,39.0,40.0125,40.1995,43.04649,45.27693,48.09366,50.24938,50.35871,51.47815,53.93515,55.9017,59.66574,54.57105,59.22837,58.94065,63.56099,63.06346,62.93648,64.84597,65.78754,66.7308,67.62396,66.85058,72.91776,72.09022,72.47068,70.23532,77.38863,75.71658,73.4983,74.63243,77.62087,81.40025,77.80103,79.64923,82.13404,85.14693,82.807,83.73769,86.55634,87.11487
12.80625,12.80625,12.80625,12.80625,12.04159,11.40175,10.63015,10.63015,10.63015,9.89949,9.21954,9.21954,9.21954,9.21954,9.21954,8.60233,8.06226,8.06226,8.06226,8.60233,8.06226,8.06226,8.06226,7.61577,7.61577,7.61577,7.2111,7.2111,7.2111,7.2111,6.40312,6.40312,6.40312,5.65685,5.65685,5.65685,5.0,5.0,5.0,4.47214,4.47214,4.12311,4.12311,4.0,4.0,4.0,3.16228,3.16228,3.16228,3.16228,3.60555,2.82843,86.21485,79.02531,82.0061,79.19596,75.82216,74.51845,72.34639,72.62231,69.42622,65.11528,65.76473,62.36986,60.20797,59.46427,56.0803,57.62812,54.56189,53.90733,50.21952,51.86521,51.97115,49.64877,51.0,49.1935,46.14109,46.52956,49.1935,47.88528,44.10215,46.52956,45.65085,47.41308,40.24922,42.94182,40.31129,41.6173,41.04875,38.01316,38.60052,36.87818,32.55764,34.05877,33.28663,32.20248,28.84441,25.94224,26.07681,28.79236,22.80351,22.56103,22.2036,19.0,21.0238,20.02498,19.23538,19.31321,18.60108,24.04163,22.67157,26.24881,25.55386,23.85372,23.60085,23.70654,26.0,26.24881,26.57066,29.54657,31.01612,32.75668,33.52611,36.67424,37.48333,36.34556,37.12142,40.0125,42.0119,45.01111,45.04442,48.0,49.0102,50.01,51.0098,54.00926,56.14268,58.07753,58.42089,60.67125,61.20457,61.98387,63.78871,63.56099,64.56005,64.19502,68.41053,68.00735,71.16881,70.5195,69.46222,71.58911,74.24958,71.58911,70.71068,74.62573,74.62573,80.99383,78.54935,80.77747,80.1561,83.81527,81.60882,83.21658,83.60024,86.83317
14.14214,13.34166,13.15295,13.15295,12.16553,12.16553,11.18034,11.40175,11.40175,10.44031,10.44031,10.44031,9.48683,9.84886,8.544,9.84886,8.94427,8.94427,8.94427,8.06226,8.94427,8.06226,8.06226,8.06226,8.06226,8.06226,8.06226,7.61577,7.61577,7.61577,6.32456,6.32456,6.32456,6.32456,6.08276,6.08276,6.08276,5.0,5.0,5.0,5.09902,4.12311,4.12311,3.16228,3.60555,3.60555,2.82843,2.82843,2.82843,2.23607,2.23607,2.0,80.41144,80.75271,79.42921,77.27872,74.52516,74.33034,67.26812,66.61081,67.46851,67.08204,64.56005,62.0967,61.03278,59.13544,61.68468,53.85165,55.71355,52.3259,51.47815,54.12947,54.12024,49.1935,47.16991,45.48626,45.27693,46.61545,46.04346,44.94441,45.79301,45.79301,42.94182,47.70744,38.58756,41.34005,42.48529,39.92493,38.91015,35.35534,36.40055,37.94733,38.32754,34.36568,33.37664,31.14482,30.0,28.07134,24.18677,25.07987,27.20294,20.88061,21.0238,19.72308,21.0238,19.10497,19.41649,18.38478,16.55295,22.36068,23.76973,22.36068,25.55386,21.63331,23.85372,23.34524,24.83948,28.28427,24.83948,27.65863,30.4795,29.20616,35.51056,35.22783,32.75668,38.07887,38.27532,38.91015,40.71855,40.31129,46.09772,47.42362,44.77723,48.33218,51.62364,51.86521,55.65968,54.12024,56.32051,56.61272,59.20304,60.87693,61.81424,63.15061,66.91039,64.62971,65.76473,65.9242,68.26419,65.27634,68.11755,70.11419,68.02941,70.06426,74.06079,73.33485,72.56032,76.41989,74.43118,75.23962,80.75271,83.72574,81.61495,79.6304,85.0,81.21576
14.21267,14.21267,13.60147,14.21267,12.80625,12.80625,12.80625,11.40175,11.40175,10.81665,10.81665,10.81665,10.29563,10.29563,10.29563,9.84886,9.84886,9.84886,9.48683,8.544,8.544,8.544,8.94427,8.544,8.544,8.544,8.544,7.61577,7.61577,8.06226,8.06226,7.2111,7.2111,7.2111,7.2111,6.40312,6.40312,6.40312,6.40312,5.83095,5.83095,5.38516,5.38516,5.09902,5.09902,4.12311,5.0,4.0,4.0,4.12311,4.12311,4.47214,84.20214,81.02469,85.44589,80.80223,81.60882,75.0,74.06079,76.27582,69.63476,68.60029,67.1193,61.77378,64.49806,57.80138,58.83026,59.5399,60.00833,56.0803,52.39275,52.0,53.85165,49.24429,51.24451,47.53946,50.59644,47.53946,48.70318,46.84015,45.60702,47.12749,43.68066,46.09772,44.27189,43.01163,44.77723,43.86342,36.76955,38.07887,39.44617,35.60899,38.27532,37.53665,31.82766,33.24154,30.4795,29.68164,26.07681,25.80698,23.08679,24.33105,24.35159,22.2036,24.02082,19.0263,21.84033,18.43909,18.97367,24.5153,24.5153,24.73863,24.18677,24.02082,23.02173,26.07681,27.16616,28.07134,26.30589,29.83287,33.73426,31.62278,32.57299,38.62642,36.40055,39.56008,38.27532,38.07887,42.37924,42.94182,47.92703,48.33218,47.01064,53.23533,54.3783,54.56189,56.82429,55.75841,62.1289,58.83026,67.41662,63.28507,66.0303,65.45991,66.0303,65.21503,67.80118,69.42622,69.31089,71.58911,72.13876,72.13876,77.23341,72.18033,70.03571,77.33693,74.8131,82.61961,77.62087,80.0,80.91971,78.24321,81.5414,85.8021,90.6973,88.23265
13.92839,13.0,13.60147,12.64911,12.64911,11.7047,11.40175,10.44031,10.44031,10.19804,10.44031,9.21954,10.19804,10.04988,9.05539,9.05539,9.05539,9.05539,8.0,8.0,8.0,8.0,8.0,8.0,8.0,8.0,8.0,8.0,7.0,7.07107,7.07107,7.07107,7.07107,6.08276,6.32456,6.32456,5.83095,5.83095,5.0,5.0,5.65685,5.0,4.24264,4.47214,4.47214,4.47214,4.12311,4.12311,4.12311,4.0,4.0,4.0,81.9329,84.43341,78.84795,77.20104,75.43209,72.73239,75.43209,71.06335,69.64194,67.18631,61.68468,59.90826,62.80127,61.0,60.82763,53.33854,57.14018,53.03772,50.08992,53.15073,51.0392,48.04165,50.48762,50.48762,49.0408,45.39824,44.28318,45.17743,43.28972,45.04442,43.18565,45.09989,42.10701,46.27094,41.01219,41.04875,41.01219,41.04875,40.11234,36.49658,38.83298,34.48188,31.04835,32.31099,31.01612,28.63564,27.80288,29.41088,27.80288,25.4951,24.20744,22.47221,22.2036,20.12461,19.41649,18.43909,18.0,27.07397,26.07681,25.0,24.02082,25.17936,24.18677,24.5153,24.73863,25.70992,28.23119,29.15476,31.38471,33.10589,34.1321,31.38471,36.05551,39.96248,39.44617,41.04875,39.82462,46.61545,46.8615,47.80167,51.08816,49.0408,49.57822,52.40229,59.4138,58.69412,58.72819,60.82763,63.70243,63.70243,62.62587,68.11755,64.03124,67.62396,70.0,68.7968,67.23095,69.64194,72.00694,72.94518,74.24284,69.77822,74.73286,76.6942,77.62087,78.77182,80.05623,79.71198,80.65358,78.0,83.52245,87.36132,84.64632,85.72631
14.21267,13.60147,13.45362,12.80625,12.04159,12.04159,12.04159,11.40175,11.31371,9.89949,10.63015,10.63015,10.0,10.0,10.0,10.0,9.43398,8.60233,9.43398,8.60233,8.60233,8.06226,8.60233,8.94427,8.06226,8.94427,8.60233,8.06226,8.60233,7.81025,7.2111,7.2111,6.40312,7.07107,7.07107,6.40312,6.40312,5.83095,5.83095,5.38516,5.38516,4.47214,4.12311,4.12311,4.12311,4.0,3.0,3.16228,3.16228,2.23607,2.23607,2.23607,86.60831,81.8352,82.92768,80.77747,78.23043,76.6094,71.84706,73.81734,64.89992,66.21933,65.45991,62.80127,64.07027,58.79626,57.62812,55.86591,55.9017,53.8145,53.07542,51.85557,55.22681,50.44799,51.0392,48.27007,50.60632,49.0408,48.82622,46.32494,45.79301,48.01042,46.61545,49.0408,43.82921,43.41659,43.13931,40.36087,38.20995,36.76955,39.62323,38.83298,37.64306,35.35534,32.75668,31.76476,29.54657,27.51363,29.61419,26.4764,24.08319,23.08679,23.08679,21.84033,21.58703,20.24846,17.88854,17.49286,19.20937,24.18677,22.47221,24.18677,22.47221,21.0238,24.59675,22.84732,22.84732,29.15476,25.70992,28.63564,31.257,29.27456,33.13608,36.12478,35.35534,41.4367,35.0,40.0125,44.04543,44.01136,45.01111,47.01064,48.25971,49.09175,52.34501,55.3263,59.13544,56.88585,58.42089,56.56854,60.67125,61.98387,63.56099,60.82763,64.53681,64.28841,66.09841,68.35203,67.77905,70.83784,70.38466,71.51224,71.11259,73.34848,76.96753,76.48529,78.71467,78.39005,74.79305,78.49204,83.48653,84.0595,77.89737,79.81228,85.2115,84.38009
14.21267,14.21267,14.21267,14.21267,13.60147,12.80625,12.20656,12.20656,12.20656,10.81665,11.6619,11.6619,11.18034,10.29563,10.29563,9.84886,9.84886,9.84886,9.84886,9.84886,8.94427,9.48683,9.48683,9.48683,9.48683,9.48683,8.544,8.544,8.544,8.544,8.06226,8.06226,8.06226,7.2111,8.06226,7.2111,7.81025,7.07107,7.07107,6.40312,6.40312,6.40312,5.83095,5.83095,5.38516,4.47214,4.47214,4.12311,4.12311,4.0,4.0,4.0,79.98125,81.32035,83.63014,77.33693,76.83749,76.83749,74.51845,74.51845,62.62587,70.0,65.0,61.29437,61.61169,57.98276,56.82429,60.03332,56.79789,51.47815,53.22593,52.92447,53.75872,50.92151,48.08326,51.26402,49.0408,47.75982,44.92215,45.35416,43.32436,47.07441,44.38468,48.38388,43.9659,44.92215,42.37924,41.78516,42.48529,41.14608,41.67733,37.73592,36.05551,35.60899,33.97058,33.42155,29.0,29.73214,28.42534,30.23243,25.0,24.59675,22.80351,20.39608,21.37756,20.09975,21.09502,18.24829,18.68154,21.0238,22.84732,19.69772,23.08679,23.08679,24.33105,21.37756,23.08679,24.33105,26.30589,24.02082,31.01612,33.24154,36.01389,34.1321,36.22154,39.62323,36.49658,42.2019,39.62323,44.14748,46.32494,46.09772,49.33559,47.53946,49.0408,55.15433,58.30952,54.08327,62.76942,58.69412,60.41523,60.92618,63.69458,63.56099,66.18912,64.49806,66.88797,64.3506,66.85058,73.24616,68.60029,72.8011,70.29225,73.66139,76.57676,76.38063,73.59348,75.74299,75.66373,77.10383,78.24321,84.29116,79.39773,82.46211,86.4523,82.32861
13.0384,13.0384,13.0,13.0384,12.04159,11.04536,11.04536,11.0,10.0,10.0,10.0,10.04988,10.04988,9.05539,9.05539,9.05539,9.21954,8.24621,8.24621,8.24621,8.24621,8.24621,7.28011,8.24621,8.24621,8.24621,7.07107,7.07107,7.07107,7.07107,7.07107,7.0,7.0,6.0,6.08276,6.08276,6.08276,5.09902,5.38516,5.38516,4.47214,4.47214,5.0,4.24264,4.24264,3.60555,3.60555,3.60555,3.16228,3.16228,4.12311,4.0,83.1685,77.88453,82.2253,73.37575,72.8011,72.8011,70.21396,73.08215,67.18631,63.06346,60.63827,61.18823,62.58594,55.44367,53.33854,56.0803,55.08176,52.00961,52.03845,48.01042,54.03702,49.16299,50.15974,49.16299,47.09565,49.25444,43.28972,47.67599,42.57934,45.70558,42.10701,42.57934,43.18565,44.10215,41.01219,39.01282,41.19466,42.19005,38.83298,32.28002,35.51056,32.98485,34.20526,32.28002,30.41381,27.78489,26.62705,27.01851,24.04163,23.85372,23.60085,20.59126,18.78829,21.58703,19.64688,22.09072,20.09975,23.34524,24.73863,23.5372,25.31798,22.80351,25.70992,23.34524,24.69818,27.313,26.83282,31.38471,29.41088,32.20248,33.30165,37.44329,38.01316,40.0,38.41875,40.45986,44.68781,48.16638,48.83646,49.51767,49.51767,50.93133,54.56189,54.48853,57.31492,56.58622,60.30755,56.22277,64.53681,61.84658,65.60488,66.61081,65.0,62.96825,66.88797,67.60178,70.71068,71.58911,65.76473,71.11962,72.09022,72.09022,75.76939,74.32362,74.67262,78.1089,75.69016,78.44743,78.84795,83.24062,79.69944,84.89994,84.89994,86.40023
14.76482,13.41641,13.89244,12.52996,12.52996,11.6619,11.6619,11.6619,10.81665,10.81665,10.81665,10.0,10.0,9.21954,9.21954,9.89949,9.89949,9.89949,9.21954,9.21954,8.60233,8.60233,9.21954,8.60233,7.81025,7.81025,7.81025,7.81025,7.81025,8.48528,7.07107,7.07107,7.07107,6.40312,6.40312,7.2111,5.83095,5.83095,5.38516,4.47214,5.09902,4.12311,4.12311,4.12311,4.0,3.0,3.16228,3.16228,3.16228,2.82843,2.82843,2.82843,83.9345,80.05623,80.32434,81.34494,78.54935,75.96052,73.82412,73.73602,68.02941,65.39113,66.85058,62.17717,63.07139,58.66856,59.03389,59.36329,57.14018,53.00943,53.41348,52.49762,54.67175,47.63402,48.08326,47.42362,46.09772,50.91169,49.51767,45.96738,46.8615,45.96738,46.8615,45.45327,42.44997,41.86884,44.68781,37.20215,39.40812,37.20215,40.31129,38.07887,36.76955,36.40055,30.67572,30.36445,27.29469,30.41381,27.07397,28.0,23.02173,24.5153,24.73863,20.61553,20.12461,17.72005,18.60108,18.43909,17.80449,27.01851,24.83948,24.75884,25.45584,24.75884,24.75884,24.75884,24.20744,25.80698,30.52868,30.88689,29.15476,34.0,34.88553,37.69615,38.07887,40.49691,39.84972,42.72002,43.9659,44.64303,47.12749,47.75982,49.72927,51.66237,54.12947,52.95281,55.7315,55.7315,61.66036,62.64982,61.52235,60.20797,62.20129,64.12488,69.35416,68.00735,66.0303,68.0,70.06426,68.11755,71.44928,73.24616,73.5459,69.58448,76.15773,73.5459,76.40026,78.33901,81.02469,76.65507,78.16009,82.0061,82.56513,83.1685,86.97701,84.15462
15.6205,14.21267,14.21267,14.21267,13.60147,12.80625,12.80625,12.20656,12.20656,12.20656,11.6619,11.6619,11.18034,10.29563,10.29563,10.77033,9.84886,9.84886,9.84886,9.84886,9.84886,9.84886,9.48683,9.48683,9.48683,8.544,8.544,8.544,8.94427,8.544,8.06226,8.06226,8.06226,7.2111,7.2111,7.2111,6.40312,7.07107,6.40312,6.40312,6.40312,5.0,5.83095,4.47214,4.47214,4.12311,4.12311,4.12311,4.0,4.0,4.0,4.12311,76.48529,81.56592,82.21922,79.81228,77.62087,74.20243,76.05919,70.43437,66.0303,65.21503,64.3506,62.42596,63.81222,57.98276,56.0803,58.59181,55.00909,54.12947,50.53712,55.36244,51.86521,50.32892,46.8188,48.38388,46.23851,45.54119,48.76474,47.12749,43.9659,47.29693,43.41659,44.64303,46.23851,42.72002,43.32436,38.91015,38.62642,39.44617,38.58756,35.51056,36.05551,34.05877,33.24154,29.69848,30.4795,30.4795,26.62705,30.01666,22.82542,22.82542,25.63201,23.34524,21.2132,21.09502,20.09975,17.72005,16.76305,24.35159,23.4094,26.57066,21.84033,24.18677,21.09502,25.17936,22.09072,30.14963,28.0,28.0,30.06659,33.01515,33.37664,33.37664,36.49658,35.90265,40.02499,39.29377,45.35416,47.80167,47.53946,50.59644,48.38388,52.81098,52.81098,50.92151,54.12947,56.46238,58.69412,58.59181,59.09315,62.17717,59.5399,64.88451,64.49806,68.7968,67.23095,68.24222,69.63476,66.28725,73.75636,71.06335,74.51845,69.35416,75.66373,72.86288,74.95332,75.66373,76.36753,76.38063,79.24645,77.33693,79.51101,84.38602,79.81228,84.20214
14.86607,14.86607,13.92839,13.92839,13.92839,12.64911,12.64911,12.36932,12.64911,11.40175,11.40175,11.40175,11.40175,11.18034,10.19804,11.18034,10.04988,10.04988,10.04988,9.05539,9.05539,9.05539,9.05539,9.05539,9.05539,9.05539,9.05539,9.05539,8.06226,8.06226,7.28011,8.24621,8.24621,7.28011,7.61577,7.61577,6.7082,7.2111,6.40312,6.40312,6.40312,5.65685,5.65685,5.0,5.0,4.47214,4.47214,4.12311,4.12311,4.12311,4.0,4.0,80.49845,82.29824,75.591,80.05623,78.0,70.21396,74.24284,68.8767,68.942,66.30988,65.79514,61.84658,62.62587,61.35145,56.32051,60.16644,56.61272,54.34151,49.24429,54.74486,54.23099,52.61179,51.47815,48.50773,48.50773,47.16991,51.08816,45.17743,45.39824,46.04346,42.19005,41.04875,43.56604,40.79216,43.41659,36.40055,38.07887,37.85499,37.94733,37.0,35.4683,34.48188,35.8469,33.61547,31.40064,29.83287,27.01851,24.75884,25.6125,22.80351,20.24846,21.93171,24.35159,22.2036,19.23538,18.0,15.0333,25.07987,23.0,24.02082,23.02173,24.18677,23.34524,25.17936,23.5372,28.28427,30.08322,29.41088,27.51363,34.53983,34.53983,34.0147,37.57659,37.57659,42.48529,39.44617,45.17743,44.41846,45.65085,52.43091,51.10773,52.47857,52.20153,54.40588,53.41348,55.80323,55.44367,63.89053,59.4138,61.84658,64.38167,65.94695,65.19202,66.48308,70.00714,65.8559,70.29225,66.52819,72.00694,68.00735,72.42237,68.8186,72.94518,72.71864,77.17513,77.17513,80.77747,79.25907,78.79086,84.09518,81.3941,82.29824,84.53402,82.34683
14.14214,13.0384,14.03567,13.0384,13.0384,12.04159,12.04159,11.04536,11.0,11.0,11.0,11.0,10.04988,10.04988,10.04988,10.19804,9.21954,9.21954,9.21954,9.21954,9.21954,9.21954,9.21954,9.48683,9.21954,8.24621,8.24621,8.24621,8.24621,8.06226,8.06226,8.06226,8.06226,7.07107,7.0,7.0,7.07107,6.08276,6.08276,6.08276,5.38516,5.38516,5.38516,4.47214,4.47214,3.60555,4.24264,3.60555,2.82843,2.82843,3.16228,3.16228,84.77028,80.32434,80.00625,74.63243,74.72617,74.72617,70.61161,73.4983,68.41053,68.41053,63.78871,62.36986,62.16912,59.68249,56.7186,54.33231,57.31492,53.03772,52.08647,51.0,52.08647,47.04253,54.14795,50.08992,50.08992,49.16299,46.38965,48.25971,48.25971,46.38965,45.39824,43.10452,44.18144,45.01111,40.0125,42.0119,42.19005,39.11521,39.45884,37.65634,35.35534,33.52611,33.83785,31.95309,32.69557,29.06888,28.6007,26.92582,25.45584,22.67157,23.43075,21.0238,21.09502,20.12461,15.81139,18.38478,18.11077,27.07397,25.07987,23.02173,25.01999,23.5372,25.17936,23.76973,24.73863,27.51363,27.89265,29.73214,28.63564,32.20248,32.64966,32.24903,34.48188,41.34005,39.96248,41.23106,41.34005,43.41659,49.67897,43.60046,51.66237,50.44799,52.3259,52.49762,55.31727,57.28001,60.10824,56.56854,64.3506,62.24147,59.5483,63.70243,60.1415,62.62587,65.60488,65.0,66.03787,67.1193,68.09552,72.00694,70.23532,71.11259,64.88451,68.54196,74.32362,76.89603,77.07788,78.77182,75.28612,81.59657,75.89466,84.48077,86.68333,83.1685
13.0384,12.04159,13.0384,12.04159,12.04159,11.04536,11.04536,10.04988,10.04988,10.19804,10.19804,9.21954,9.21954,9.21954,9.21954,9.48683,8.544,8.544,8.544,8.544,8.544,7.61577,7.61577,7.61577,7.61577,7.61577,7.28011,7.28011,7.28011,7.28011,7.28011,7.07107,6.08276,6.08276,6.0,6.0,6.08276,5.09902,5.09902,5.09902,4.47214,4.47214,4.47214,4.24264,4.24264,4.24264,3.60555,3.60555,3.60555,3.16228,3.16228,4.12311,83.00602,81.02469,83.00602,75.00667,77.02597,74.00676,70.06426,72.02777,69.06519,65.0,61.03278,62.1289,58.21512,58.13777,57.70615,55.31727,57.27128,53.15073,55.31727,52.20153,52.88667,50.0,49.98,48.38388,51.41984,49.33559,48.38388,46.61545,46.8188,46.09772,41.78516,43.01163,43.17407,40.5216,40.79216,43.18565,40.4475,39.31921,39.05125,37.0,37.01351,35.0571,33.13608,32.14032,29.83287,28.16026,28.23119,27.29469,23.02173,21.40093,21.93171,24.20744,21.93171,19.20937,20.24846,15.81139,18.11077,25.4951,25.94224,25.4951,25.4951,24.20744,26.62705,27.20294,28.01785,27.80288,28.28427,29.69848,31.1127,33.01515,34.82815,37.01351,34.05877,39.05125,40.81666,42.19005,43.26662,43.01163,48.37355,47.50789,49.1935,55.07268,52.92447,53.66563,56.85948,55.03635,62.24147,61.09828,61.84658,62.24147,64.07808,65.9242,66.40783,63.89053,65.80274,66.21933,68.96376,70.34202,67.89698,72.36712,72.83543,70.45566,72.44308,73.5527,74.33034,78.40918,79.15807,80.025,81.00617,82.0061,76.00658,81.02469,85.00588,85.02353
15.29706,15.29706,14.31782,14.31782,13.15295,13.15295,13.15295,12.16553,12.04159,11.04536,11.04536,11.04536,11.04536,11.04536,11.0,11.04536,10.04988,10.04988,10.04988,9.05539,9.05539,9.05539,9.05539,9.05539,9.05539,9.05539,9.05539,9.05539,9.0,9.0,8.0,8.0,8.06226,8.06226,8.06226,7.07107,7.28011,6.32456,6.32456,6.7082,5.83095,5.83095,5.83095,5.0,5.0,4.24264,5.0,4.47214,4.47214,4.47214,4.12311,4.12311,80.00625,83.81527,75.89466,81.27115,82.56513,75.28612,76.53757,72.73239,71.47027,65.0,65.52099,63.56099,63.78871,60.63827,61.0,61.20457,55.44367,53.23533,52.03845,55.03635,52.00961,52.03845,46.09772,48.09366,49.0408,50.08992,48.37355,47.16991,45.17743,48.01042,47.38143,45.27693,42.29657,44.0,43.04649,38.11824,42.0119,37.05401,39.31921,38.32754,38.32754,35.69314,34.17601,30.41381,29.54657,31.38471,25.80698,28.84441,24.04163,24.83948,24.08319,23.32381,21.09502,23.70654,19.31321,18.43909,18.43909,25.17936,24.08319,25.4951,25.07987,23.02173,21.09502,27.16616,24.18677,27.45906,26.92582,28.79236,27.85678,32.89377,33.24154,34.0147,35.77709,37.57659,40.70626,39.44617,43.82921,43.26662,45.48626,48.82622,48.60041,48.54894,51.22499,52.49762,52.49762,55.97321,54.56189,60.20797,60.87693,61.6198,60.82763,65.11528,67.20863,70.83784,68.24954,66.21933,67.20119,66.4003,73.78347,71.28113,73.57309,69.46222,69.31811,72.01389,72.23573,75.23962,80.23092,77.07788,79.37884,78.18568,82.8734,81.34494,84.15462,83.81527
15.29706,14.31782,14.31782,13.34166,13.34166,13.34166,12.36932,12.36932,12.36932,12.36932,11.40175,11.7047,10.77033,10.77033,9.84886,11.18034,9.84886,10.29563,8.94427,8.94427,8.94427,8.94427,9.84886,8.60233,8.06226,8.94427,8.94427,8.94427,7.61577,8.94427,7.61577,7.61577,7.28011,7.28011,7.28011,7.07107,7.07107,7.07107,6.0,6.0,6.0,6.08276,6.08276,5.38516,5.38516,4.47214,4.47214,5.0,5.0,4.24264,4.24264,3.60555,79.62412,83.63014,85.0,81.41253,77.41447,76.02631,72.44998,71.58911,70.23532,69.46222,65.73431,65.19202,61.85467,60.46487,61.05735,60.21628,59.40539,54.40588,50.44799,55.31727,54.56189,52.80152,50.24938,48.08326,47.38143,43.86342,51.66237,46.66905,48.79549,46.8615,43.93177,45.25483,41.10961,45.45327,41.7732,43.93177,36.76955,39.59798,36.05551,36.89173,36.23534,35.34119,32.31099,29.41088,29.12044,29.12044,30.41381,28.07134,27.07397,27.07397,24.08319,22.2036,20.24846,19.23538,18.02776,21.09502,18.38478,25.0,26.1725,23.43075,24.83948,24.08319,25.45584,26.07681,24.69818,28.17801,26.83282,31.7805,30.41381,30.46309,32.31099,32.57299,32.57299,39.29377,41.7732,42.95346,42.95346,45.17743,45.39824,46.38965,49.0306,52.34501,52.15362,51.24451,55.14526,56.0803,57.00877,58.00862,63.03174,63.07139,62.1289,64.19502,62.28965,67.36468,69.35416,65.62012,68.06614,68.44706,70.0928,68.88396,72.12489,69.26038,77.16217,74.0,75.76939,75.6439,74.32362,78.92401,79.30952,81.939,80.11242,85.0,83.35466,88.54942
14.86607,14.21267,14.86607,14.21267,13.45362,13.45362,12.72792,12.04159,12.04159,11.31371,11.31371,10.63015,10.63015,10.63015,10.0,10.0,9.43398,10.0,9.43398,9.43398,9.43398,9.43398,9.43398,9.43398,9.43398,9.43398,8.60233,9.43398,8.60233,8.60233,7.81025,7.81025,7.81025,7.07107,7.07107,7.07107,6.40312,6.40312,5.83095,5.83095,5.83095,5.38516,5.38516,5.38516,5.09902,4.12311,5.09902,4.0,4.0,4.12311,3.16228,3.16228,81.02469,82.61961,84.40379,76.00658,79.32213,72.67049,75.21303,70.45566,69.06519,68.26419,66.7308,67.08204,61.7171,58.18075,59.03389,59.09315,58.13777,54.23099,53.14132,56.64804,51.24451,50.92151,50.69517,49.24429,48.50773,50.9902,48.27007,48.83646,47.53946,48.05206,42.75512,45.60702,44.27189,43.01163,41.23106,40.49691,40.49691,40.16217,38.62642,37.57659,40.24922,37.44329,33.42155,32.80244,31.241,30.41381,29.06888,25.4951,25.80698,21.9545,22.82542,21.54066,24.04163,17.26268,19.10497,18.11077,17.26268,22.02272,26.92582,19.23538,17.46425,31.04835,26.68333,18.68154,25.0,17.02939,41.0,31.257,18.60108,28.17801,38.01316,20.12461,25.4951,29.15476,50.0,46.09772,35.51056,43.32436,49.0306,48.08326,43.08132,41.76123,52.55473,49.0408,53.7122,52.0,49.24429,59.5399,65.73431,49.76947,66.52819,79.05694,59.36329,60.0,64.89992,65.45991,67.20119,65.43699,69.52697,68.0147,73.75636,70.03571,77.46612,73.66139,76.6094,76.48529,77.46612,77.23341,78.87332,78.60025,78.49204,82.61961,84.40379,81.8352
15.29706,14.31782,14.56022,14.31782,13.34166,13.34166,13.34166,12.36932,12.36932,11.40175,11.7047,11.7047,10.77033,10.77033,9.84886,10.77033,10.29563,9.84886,9.43398,8.94427,8.94427,8.94427,8.94427,9.43398,8.06226,8.94427,8.94427,8.94427,8.544,8.544,7.61577,7.61577,7.28011,7.28011,7.28011,7.07107,7.07107,7.0,6.0,6.0,6.08276,6.08276,5.09902,5.38516,5.38516,4.47214,4.47214,4.24264,4.24264,4.24264,4.24264,3.60555,80.05623,81.22192,81.49847,78.00641,78.16009,79.05694,74.43118,75.53807,69.46222,70.45566,65.06919,66.91039,65.62012,56.88585,58.69412,60.16644,59.90826,55.02727,55.02727,52.81098,53.75872,50.69517,47.85394,49.39636,47.53946,47.92703,45.69464,47.41308,44.41846,47.85394,47.88528,47.42362,42.04759,42.54409,42.72002,37.36308,39.21734,38.32754,36.87818,36.22154,38.63936,38.0526,34.0,31.0,32.0,30.41381,28.44293,25.70992,28.79236,25.4951,23.02173,24.83948,22.67157,17.69181,21.26029,19.20937,19.72308,24.16609,24.59675,23.70654,25.4951,25.55386,25.05993,25.05993,23.32381,27.80288,25.80698,29.73214,30.41381,32.55764,36.12478,33.30165,35.80503,38.28838,38.83298,39.11521,42.63801,43.56604,44.20407,45.79301,46.95743,45.61798,51.07837,53.22593,54.56189,54.626,55.15433,56.64804,61.68468,60.41523,62.03225,62.96825,65.55151,62.36185,65.0,65.25335,66.09841,69.42622,67.89698,70.34913,72.24957,70.34913,70.45566,72.33948,74.16873,77.05842,74.02702,77.05842,80.1561,84.05355,78.0,83.72574,81.15417,80.30567
14.86607,14.86607,14.21267,14.21267,13.45362,12.80625,12.80625,12.20656,12.20656,11.40175,10.81665,11.6619,10.81665,10.81665,10.29563,10.29563,10.29563,9.84886,9.84886,9.84886,8.94427,9.84886,8.94427,9.84886,9.84886,9.84886,8.94427,8.94427,8.94427,8.06226,8.06226,8.06226,7.81025,7.81025,7.81025,7.07107,7.07107,6.40312,6.40312,6.40312,5.83095,5.83095,5.38516,5.38516,4.47214,4.12311,4.12311,4.0,4.0,4.0,4.12311,3.16228,82.9759,79.39773,81.34494,79.24645,76.36753,74.33034,71.50524,74.41102,67.94115,68.593,64.38167,65.43699,63.25346,59.46427,60.30755,58.41233,57.00877,56.0357,55.80323,53.0,53.66563,49.09175,53.33854,48.30114,48.02083,48.30114,44.72136,47.88528,47.50789,49.24429,45.61798,47.42362,44.77723,45.48626,43.41659,43.04649,43.01163,41.88078,39.40812,34.82815,37.64306,33.97058,36.40055,30.80584,33.12099,29.15476,28.17801,26.92582,26.24881,23.5372,22.56103,19.0263,19.0263,20.02498,18.02776,17.46425,14.86607,25.55386,23.70654,23.25941,25.94224,23.25941,25.63201,21.54066,24.73863,25.70992,27.45906,27.45906,31.14482,32.0,31.06445,34.0147,32.01562,36.12478,36.01389,39.45884,41.30375,43.56604,46.27094,43.73786,47.85394,50.01,49.47727,49.24429,52.49762,53.85165,60.16644,54.12024,63.32456,63.89053,62.03225,64.84597,59.46427,64.4748,66.21178,66.21178,69.35416,70.23532,66.24198,71.69379,67.74216,73.4983,73.24616,74.20243,75.9276,76.2168,76.2168,76.6942,80.28076,82.13404,77.23341,83.54639,84.89994,83.45058
15.0,14.0,14.0,14.03567,13.0384,13.0,13.0,12.0,12.04159,12.0,11.04536,11.04536,11.04536,10.04988,10.04988,10.19804,10.19804,10.19804,9.21954,9.21954,9.21954,9.21954,9.21954,9.21954,9.21954,9.21954,8.24621,8.06226,8.06226,8.06226,7.07107,7.07107,8.0,7.0,7.0,7.07107,7.07107,6.08276,6.32456,6.32456,5.38516,5.38516,5.83095,5.0,5.0,5.0,4.24264,4.24264,4.24264,3.60555,4.47214,4.12311,85.47514,84.48077,85.37564,80.22468,82.29824,78.31347,71.56815,73.33485,68.26419,70.11419,65.00769,65.0,67.0,58.0,60.03332,59.13544,59.07622,54.14795,56.32051,52.23983,57.07013,51.62364,51.41984,48.05206,47.85394,47.29693,47.53946,47.29693,45.89118,49.24429,44.14748,50.63596,42.57934,43.93177,40.4475,42.19005,39.45884,40.1995,38.0526,39.0,39.0,35.12834,36.13862,28.86174,32.28002,27.51363,28.23119,27.73085,23.32381,23.60085,24.20744,22.67157,22.62742,19.69772,20.12461,18.02776,19.92486,25.0,27.20294,23.08679,28.16026,23.76973,24.04163,23.70654,25.23886,28.84441,26.62705,31.06445,29.83287,32.64966,34.20526,36.79674,35.35534,36.79674,40.31129,41.10961,40.36087,42.63801,44.82187,48.27007,47.20169,50.32892,53.41348,55.60576,57.68882,54.70832,59.90826,58.18075,59.68249,61.91123,63.50591,64.84597,66.64083,63.07139,66.30988,67.1193,68.70953,71.86793,67.44627,72.42237,73.4983,75.69016,68.88396,75.95393,76.65507,78.08969,75.13322,78.08969,80.89499,83.86298,78.40918,82.21922,87.36704,84.21401
16.03122,15.0333,14.03567,14.03567,14.03567,14.03567,13.15295,13.15295,12.16553,11.18034,12.16553,11.40175,11.18034,10.44031,10.44031,10.44031,10.77033,9.48683,9.84886,9.84886,8.94427,8.94427,8.94427,8.94427,8.544,9.84886,8.94427,8.544,8.544,8.544,8.24621,8.24621,8.24621,7.28011,8.06226,7.07107,7.0,7.0,6.0,6.08276,6.08276,6.08276,5.09902,5.38516,5.38516,4.47214,5.0,5.0,4.24264,4.24264,3.60555,3.60555,81.21576,80.80842,83.95237,81.3941,81.88406,75.31268,75.95393,72.18033,69.05071,67.60178,69.35416,65.27634,67.1193,59.07622,61.20457,58.0,58.00862,56.0357,55.03635,52.15362,53.46027,56.56854,47.29693,49.81967,48.6621,45.89118,50.48762,48.27007,46.87217,50.69517,48.83646,47.53946,43.73786,44.28318,46.52956,40.1995,38.20995,40.04997,38.0,37.0,39.20459,36.22154,33.73426,33.24154,30.36445,31.7805,26.57066,27.73085,24.41311,26.07681,24.75884,20.61553,22.02272,21.63331,17.88854,17.88854,18.97367,27.16616,24.33105,26.4764,25.4951,24.5153,25.0,24.04163,23.76973,28.16026,26.57066,26.40076,28.6531,33.12099,34.98571,34.66987,33.83785,39.66106,39.40812,38.20995,42.0119,45.34314,44.68781,46.01087,50.91169,48.10405,49.67897,52.49762,55.97321,55.22681,56.85068,58.00862,60.21628,61.61169,61.40033,64.89992,65.45991,64.66065,66.7308,69.83552,67.53518,70.23532,72.01389,71.17584,70.5762,71.16881,74.09453,73.68175,75.0,78.58753,77.87811,76.65507,82.2253,85.14693,81.78631,84.17244,84.34453,82.37718
13.60147,13.92839,12.64911,12.64911,11.7047,11.7047,11.7047,11.18034,10.77033,10.29563,11.18034,10.29563,9.43398,9.43398,9.43398,9.43398,9.43398,8.60233,8.60233,8.60233,8.60233,9.21954,8.48528,8.60233,7.81025,7.81025,8.60233,7.2111,7.2111,7.2111,7.2111,7.2111,6.7082,6.7082,6.7082,6.32456,6.32456,5.09902,5.09902,5.09902,5.0,4.0,4.0,4.12311,4.12311,3.16228,3.16228,2.82843,2.82843,2.82843,2.82843,2.23607,80.1561,83.21658,82.38932,79.02531,81.3941,76.53104,73.43705,73.5527,70.34913,68.06614,67.36468,64.38167,63.63961,59.22837,59.68249,58.94065,57.56735,53.45091,51.5461,55.15433,52.55473,50.92151,50.15974,46.09772,48.8467,46.06517,53.22593,46.09772,45.18849,47.88528,46.09772,46.95743,43.38202,40.8534,41.78516,40.5216,41.76123,39.84972,38.83298,38.63936,37.33631,35.0571,34.0,27.0,30.41381,28.07134,27.65863,27.89265,27.51363,21.9545,22.82542,22.02272,19.10497,17.80449,18.43909,17.49286,16.49242,24.16609,26.07681,25.4951,25.63201,25.80698,27.45906,26.92582,27.20294,29.20616,31.14482,29.06888,35.38361,32.52691,32.55764,34.71311,37.80212,39.20459,40.22437,38.60052,40.81666,47.01064,44.72136,48.37355,46.09772,47.50789,53.22593,55.47071,53.66563,55.71355,58.69412,60.74537,60.16644,60.74537,64.51356,63.89053,61.68468,66.21933,69.42622,67.26812,66.09841,65.51336,67.89698,71.02112,70.17834,68.18358,74.24284,73.00685,76.0,79.0,78.05767,77.0,82.0061,81.05554,84.0,83.21658,85.28775,86.37129
14.56022,13.60147,13.60147,13.60147,13.60147,12.64911,12.64911,12.36932,12.36932,11.7047,10.77033,10.77033,9.84886,10.29563,9.84886,10.29563,9.43398,10.29563,9.43398,9.43398,8.94427,9.43398,9.43398,8.60233,8.60233,8.94427,8.94427,8.06226,8.06226,8.94427,7.61577,7.61577,7.28011,7.28011,7.28011,7.07107,7.07107,6.08276,6.0,6.0,6.0,6.08276,5.09902,5.09902,5.38516,4.47214,4.47214,5.0,4.24264,4.24264,4.24264,3.60555,84.30896,86.72946,70.83784,77.25283,83.00602,69.857,70.93659,71.17584,63.95311,63.89053,61.68468,65.45991,63.60031,62.96825,57.70615,52.08647,53.23533,51.41984,49.72927,59.21149,51.08816,52.46904,43.01163,45.39824,43.28972,49.09175,45.01111,42.19005,48.04165,48.04165,47.0,41.04875,48.83646,39.62323,45.70558,37.94733,43.41659,39.29377,39.84972,37.16181,26.4764,38.58756,33.28663,37.20215,31.38471,34.82815,24.41311,28.3196,23.34524,23.85372,22.13594,21.0238,24.73863,23.08679,21.0238,17.02939,21.0,30.08322,28.16026,31.06445,23.08679,30.01666,26.57066,28.4605,26.24881,26.68333,31.01612,31.38471,28.6531,34.17601,32.20248,35.4683,39.82462,33.24154,40.0,40.45986,41.18252,44.41846,45.60702,48.83646,45.45327,52.49762,53.90733,52.3259,55.97321,58.72819,53.03772,60.10824,57.38467,59.66574,60.81118,64.03124,65.76473,62.20129,58.00862,62.00806,62.42596,64.89992,66.88797,67.23095,68.60029,62.16912,66.40783,67.62396,81.70679,71.55418,81.3941,76.96753,82.34683,79.37884,81.939,73.38937,80.00625,81.9329
14.76482,14.42221,14.42221,13.89244,13.0384,13.0384,12.20656,12.20656,12.20656,11.40175,10.81665,10.81665,10.63015,10.0,9.21954,9.89949,9.89949,9.89949,9.21954,9.21954,9.21954,9.21954,8.48528,8.48528,8.48528,8.48528,8.48528,8.48528,8.48528,7.81025,7.81025,7.81025,7.2111,7.2111,7.2111,6.7082,6.7082,6.32456,6.32456,6.08276,6.08276,5.09902,5.0,5.0,5.0,4.12311,4.12311,4.47214,4.47214,3.60555,3.60555,4.24264,84.5281,76.05919,84.5281,78.72103,74.70609,77.47258,70.68239,73.34848,63.52952,68.0,65.0,64.49806,61.58734,56.0357,58.5235,57.42822,56.22277,55.44367,55.17246,51.73973,55.86591,48.9183,50.32892,48.10405,45.96738,48.83646,47.42362,45.60702,46.2277,48.16638,45.34314,46.66905,42.52058,46.09772,43.86342,47.50789,38.8973,37.01351,40.60788,38.58756,37.58989,35.77709,32.24903,34.0147,33.83785,29.61419,28.86174,27.45906,27.07397,26.01922,20.61553,24.5153,22.13594,21.47091,19.69772,17.20465,19.84943,23.34524,26.24881,22.62742,26.87006,24.08319,25.4951,28.3196,26.62705,27.01851,26.41969,27.29469,28.23119,32.31099,32.20248,37.0,34.78505,39.21734,35.44009,41.48494,40.80441,41.23106,45.12206,44.91102,45.54119,47.51842,52.46904,54.45181,54.33231,53.15073,61.13101,54.0,61.0082,60.00833,65.03076,61.03278,63.0,60.07495,64.49806,66.61081,69.87131,71.56815,68.06614,71.80529,67.44627,73.97973,72.44998,75.89466,74.33034,77.25283,75.02666,78.39005,84.17244,88.76936,79.47956,80.49845,85.42248,80.5295
14.03567,13.0384,13.0384,12.04159,12.04159,12.0,11.0,11.0,11.0,10.0,10.04988,10.19804,10.04988,9.21954,9.21954,9.21954,9.21954,9.21954,8.544,8.24621,8.24621,8.544,8.544,8.544,8.544,8.544,8.24621,7.28011,7.28011,7.28011,7.07107,7.07107,7.07107,7.07107,7.0,6.0,6.0,5.09902,5.09902,5.09902,4.12311,4.47214,4.47214,3.60555,3.60555,2.82843,2.82843,3.60555,3.16228,3.16228,3.16228,2.0,82.37718,79.62412,81.88406,80.80842,77.27872,78.26238,72.99315,75.95393,68.06614,69.72087,68.88396,64.19502,62.514,57.21888,62.00806,58.00862,60.0,55.08176,55.03635,55.14526,54.23099,52.15362,52.46904,46.52956,48.25971,50.24938,46.69047,45.89118,46.38965,44.38468,47.85394,46.17359,45.09989,45.54119,44.28318,43.04649,41.04875,41.01219,40.04997,37.21559,37.48333,36.87818,31.7805,29.73214,32.20248,30.41381,25.4951,27.45906,26.1725,26.1725,22.62742,21.63331,20.80865,19.72308,14.76482,18.11077,17.11724,25.29822,26.68333,22.56103,25.96151,26.24881,27.20294,28.4605,24.69818,29.15476,25.05993,30.01666,30.88689,34.48188,35.22783,37.44329,32.80244,38.41875,38.60052,41.72529,40.45986,40.36087,43.13931,43.86342,48.16638,48.16638,51.85557,52.80152,57.42822,51.85557,57.62812,53.60037,63.51378,61.58734,60.21628,59.07622,61.91123,64.88451,66.64833,65.29931,69.35416,70.26379,68.942,72.23573,71.51224,74.0,75.89466,75.27284,75.69016,75.28612,74.46476,78.8543,81.21576,83.9345,82.2253,82.37718,85.70298,82.0
15.26434,15.81139,14.42221,14.42221,14.42221,13.60147,13.0384,12.80625,12.20656,11.40175,11.40175,12.04159,12.04159,11.31371,11.31371,10.63015,10.63015,9.21954,10.63015,10.63015,10.63015,10.0,10.0,9.21954,10.0,9.21954,9.21954,9.21954,9.21954,8.48528,8.48528,8.48528,7.81025,7.81025,7.81025,7.2111,7.2111,6.7082,6.7082,6.7082,6.32456,6.32456,6.08276,5.09902,5.09902,5.0,5.0,4.12311,4.12311,4.12311,3.60555,3.60555,79.6304,74.33034,78.51751,76.29548,74.33034,70.83078,73.5459,62.80127,70.34913,68.73136,64.12488,61.52235,59.13544,59.03389,58.30952,49.25444,52.23983,51.0,50.08992,49.09175,46.52956,47.04253,46.27094,49.64877,49.81967,48.50773,47.67599,49.64877,48.6621,43.17407,39.31921,42.42641,47.38143,37.21559,42.0119,39.31921,43.18565,40.0125,41.19466,36.0,35.69314,29.83287,35.69314,30.67572,32.57299,30.01666,24.69818,27.73085,25.4951,22.80351,25.0,25.45584,20.24846,20.12461,21.18962,21.0,18.0,30.59412,29.41088,28.63564,27.65863,29.42788,26.92582,28.4605,27.78489,27.73085,32.64966,29.41088,35.35534,29.96665,33.61547,34.1321,38.41875,37.44329,41.7732,41.03657,44.68781,40.45986,45.96738,53.90733,52.49762,48.10405,51.62364,54.45181,52.34501,56.40035,62.36986,57.00877,60.0,58.41233,59.90826,69.64194,60.46487,63.52952,64.66065,69.35416,65.76473,67.53518,73.40981,71.30919,76.32169,69.89278,65.51336,67.72001,78.1025,74.73286,80.08121,73.4983,72.78049,74.33034,86.34813,76.53757,82.73452,85.51023
14.14214,13.15295,13.15295,13.15295,13.15295,12.04159,11.18034,11.18034,10.19804,10.19804,10.19804,10.44031,10.44031,9.48683,9.48683,9.48683,8.544,8.544,8.94427,8.94427,8.544,8.94427,7.61577,8.94427,8.544,7.61577,7.61577,7.61577,7.61577,7.28011,7.28011,7.28011,7.07107,6.08276,6.08276,6.0,6.0,6.0,5.09902,5.09902,5.09902,5.38516,4.47214,4.47214,5.0,4.24264,4.24264,4.24264,3.60555,3.60555,3.16228,4.12311,83.40863,83.45058,72.62231,78.56844,82.13404,70.76722,73.75636,62.96825,63.12686,59.5483,59.4138,60.30755,60.60528,62.1289,54.40588,59.03389,58.5235,54.70832,51.88449,56.79789,51.42956,51.10773,47.01064,46.48656,48.8467,48.76474,49.1935,49.24429,44.01136,48.33218,45.18849,49.92995,45.17743,43.86342,41.34005,44.29447,34.98571,38.41875,36.23534,32.52691,37.48333,38.18377,32.01562,37.01351,30.23243,30.01666,30.8707,27.51363,23.76973,27.16616,27.45906,21.0238,24.18677,19.64688,19.41649,22.80351,15.26434,25.17936,22.84732,26.57066,28.16026,24.08319,27.16616,22.36068,26.07681,30.0,30.06659,29.42788,31.14482,31.257,38.63936,38.32754,34.23449,37.64306,37.0,39.56008,36.68787,40.5216,47.01064,42.05948,49.0408,46.48656,47.75982,54.70832,52.55473,53.31041,53.7122,58.60034,57.24509,57.24509,61.32699,58.83026,65.8635,66.64083,68.26419,67.20119,68.41053,64.40497,68.00735,66.21933,73.0,65.94695,63.25346,71.58911,74.24958,71.42129,79.19596,74.96666,79.93122,74.95332,76.48529,76.41989,80.43009,85.63294
14.21267,14.21267,14.21267,14.21267,12.80625,12.80625,12.20656,12.20656,12.20656,10.81665,11.6619,10.81665,10.81665,10.29563,10.29563,9.84886,9.84886,9.84886,9.84886,9.84886,9.84886,9.48683,9.48683,9.48683,9.84886,9.48683,8.544,8.94427,8.94427,8.94427,8.06226,8.06226,8.06226,7.2111,7.2111,7.2111,7.07107,7.07107,6.40312,6.40312,5.83095,5.83095,5.83095,5.38516,4.47214,4.47214,4.12311,4.12311,4.0,4.0,4.0,3.16228,84.14868,82.03658,81.3941,81.3941,80.23092,77.78175,76.53104,77.23341,72.00694,66.09841,65.30697,61.61169,60.20797,57.87055,55.54278,56.921,56.32051,53.7122,52.92447,46.61545,49.65884,43.86342,53.25411,48.30114,48.37355,44.94441,42.94182,46.09772,47.70744,47.50789,41.18252,44.72136,42.48529,42.19005,38.62642,40.71855,38.27532,46.8188,39.84972,31.7805,33.24154,30.08322,33.24154,33.24154,31.14482,31.06445,34.52535,25.0,26.92582,25.07987,21.58703,24.69818,22.80351,21.09502,19.79899,19.79899,25.4951,29.73214,25.63201,29.96665,28.17801,27.51363,26.92582,29.15476,28.6007,29.41088,34.4093,31.38471,35.22783,35.4683,38.60052,36.87818,36.12478,36.06938,42.0119,47.88528,47.63402,40.49691,51.0,46.14109,53.53504,54.58938,60.20797,51.0,56.82429,57.38467,64.84597,63.52952,61.68468,63.32456,68.35203,63.69458,67.05222,64.7611,71.16881,69.37579,75.69016,74.1485,71.44928,73.34848,75.53807,73.24616,68.15424,73.24616,80.05623,81.02469,79.1012,81.15417,82.0,87.46428,75.10659,87.02299,92.13577,84.48077
13.89244,13.41641,12.52996,13.0384,12.52996,12.08305,11.18034,10.77033,10.77033,10.77033,10.77033,9.48683,9.48683,9.48683,9.48683,9.21954,9.21954,9.21954,9.05539,8.06226,8.06226,8.06226,8.06226,8.06226,8.06226,8.06226,8.06226,8.06226,7.28011,7.28011,7.28011,7.28011,7.28011,6.32456,6.32456,5.83095,5.83095,5.0,5.0,5.0,4.24264,4.24264,4.24264,3.60555,3.60555,3.16228,3.16228,3.0,3.0,3.0,3.16228,3.16228,88.28363,83.67795,81.32035,74.95332,76.65507,70.21396,75.96052,70.83078,64.84597,61.13101,65.0,60.08328,58.30952,66.30988,57.69749,55.54278,55.00909,54.12947,52.7731,53.25411,48.25971,48.54894,49.81967,42.72002,47.50789,44.68781,45.80393,45.22168,47.20169,45.22168,43.27817,38.20995,46.32494,42.05948,46.04346,45.48626,42.19005,45.18849,36.05551,38.32754,35.34119,28.79236,34.9285,30.80584,31.40064,33.06055,27.07397,27.16616,23.76973,24.5153,20.12461,26.57066,22.82542,20.59126,22.47221,21.93171,19.20937,27.29469,26.92582,24.69818,27.65863,24.59675,25.23886,24.41311,27.20294,28.6007,27.01851,32.64966,31.82766,34.82815,33.01515,31.06445,36.40055,34.98571,41.14608,41.10961,45.61798,43.909,51.07837,47.16991,53.66563,52.55473,50.59644,55.65968,50.28916,60.44005,57.27128,58.54912,58.0517,64.84597,62.96825,61.61169,65.11528,60.40695,63.78871,71.25307,72.00694,66.0303,68.06614,65.06919,64.28063,61.66036,73.02739,67.26812,73.43705,76.68768,78.26238,80.41144,77.87811,77.12976,79.42921,82.0,79.42921,93.21481
14.56022,13.0,13.0,12.64911,12.64911,11.7047,12.08305,10.77033,11.18034,11.18034,10.29563,10.29563,9.43398,9.43398,8.60233,10.0,9.21954,9.21954,9.21954,9.21954,7.81025,8.48528,9.21954,8.48528,8.48528,7.81025,7.81025,7.81025,7.81025,7.81025,7.2111,7.2111,7.2111,6.7082,6.7082,6.7082,6.32456,5.38516,5.38516,5.09902,5.09902,4.0,4.0,4.0,4.12311,3.16228,3.16228,3.16228,2.82843,2.82843,2.82843,2.23607,81.88406,79.17702,81.49233,79.40403,78.03204,77.82673,72.40166,72.40166,68.09552,68.09552,66.28725,64.63745,60.80296,59.20304,57.98276,59.03389,58.25805,50.9902,53.03772,53.03772,55.22681,50.24938,50.0,48.01042,48.27007,47.01064,47.01064,45.45327,44.82187,47.01064,45.34314,46.09772,42.2019,42.80187,39.69887,40.36087,41.72529,36.76955,39.82462,38.60052,38.60052,35.8469,32.24903,29.06888,29.54657,29.41088,25.70992,24.18677,27.01851,24.08319,23.5372,25.07987,18.97367,18.43909,19.23538,17.49286,18.43909,26.90725,26.1725,24.08319,25.0,25.0,26.40076,27.29469,25.0,26.92582,28.17801,31.7805,33.83785,32.28002,31.95309,34.78505,35.44009,38.07887,37.10795,41.7732,40.1995,42.29657,47.26521,47.38143,53.23533,52.23983,52.08647,52.23983,54.08327,53.00943,61.03278,56.0357,61.03278,61.07373,62.20129,67.47592,66.48308,65.62012,65.76473,65.76473,69.42622,68.06614,69.37579,73.00685,72.12489,73.05477,69.07966,75.27284,79.15807,76.55717,73.40981,76.92204,79.15807,83.64807,79.15807,84.5281,87.20665,84.59905
14.31782,14.31782,13.34166,13.34166,13.15295,12.16553,12.16553,12.16553,12.16553,11.04536,11.04536,11.0,10.04988,10.0,10.0,10.0,9.05539,9.05539,9.05539,9.05539,9.05539,9.05539,9.05539,8.24621,9.05539,9.05539,9.05539,8.06226,8.06226,8.06226,8.0,8.0,7.07107,7.07107,7.07107,7.07107,7.07107,6.32456,6.32456,5.38516,5.38516,5.38516,5.0,5.0,5.0,4.24264,4.24264,5.0,4.47214,4.47214,4.47214,3.16228,83.21658,78.18568,77.88453,78.84795,76.92204,76.15773,73.00685,72.12489,70.88018,66.94027,62.58594,62.16912,64.93843,57.27128,59.68249,57.70615,55.14526,53.23533,55.08176,55.0,55.0,50.01,49.0102,48.09366,49.0408,48.37355,46.27094,46.17359,45.17743,48.16638,45.27693,46.27094,43.10452,42.19005,45.01111,41.10961,41.01219,38.01316,40.1995,34.23449,36.87818,34.9285,35.4683,30.08322,30.08322,26.83282,26.92582,26.62705,27.45906,24.20744,25.4951,22.2036,19.20937,20.61553,18.97367,19.92486,19.10497,28.07134,26.0,25.17936,24.08319,26.30589,25.96151,24.33105,28.16026,27.20294,28.4605,30.8707,33.61547,33.12099,34.9285,35.77709,38.07887,40.49691,37.73592,42.2019,44.20407,46.04346,48.25971,48.41487,49.81967,53.60037,54.67175,54.56189,55.97321,59.4138,56.58622,58.72819,64.3506,60.87693,65.94695,64.44377,66.6033,66.06815,68.60029,67.62396,69.63476,71.56116,69.97142,73.43024,75.591,72.47068,72.61543,78.29432,78.18568,80.23092,76.32169,81.5414,81.27115,87.59566,81.90849,84.43341,84.11896,84.11896
14.14214,14.14214,13.45362,14.14214,12.72792,12.72792,12.04159,12.20656,11.40175,11.40175,10.81665,10.81665,10.81665,10.81665,10.29563,10.29563,9.84886,9.84886,8.94427,9.84886,8.94427,8.544,8.544,8.544,8.544,8.544,8.544,8.94427,8.06226,7.61577,8.06226,8.06226,8.06226,7.2111,7.2111,6.40312,6.40312,6.40312,6.40312,6.40312,5.0,5.0,5.83095,4.47214,4.47214,4.47214,4.47214,4.12311,4.12311,4.0,4.0,3.0,83.00602,81.02469,84.40379,81.46779,73.87828,79.02531,74.41102,75.16648,67.26812,67.94115,65.79514,62.93648,61.55485,59.39697,57.98276,56.85068,56.72742,51.66237,53.82379,51.62364,55.56978,48.37355,52.35456,48.8774,47.70744,46.06517,46.52956,48.76474,46.52956,47.01064,44.72136,45.17743,42.54409,41.59327,41.18252,42.63801,39.11521,40.0,38.01316,38.01316,34.65545,32.52691,33.30165,31.06445,30.23243,26.07681,26.40076,26.83282,27.85678,24.35159,25.4951,20.02498,22.09072,20.22375,22.56103,16.76305,19.64688,22.02272,24.08319,25.23886,25.23886,21.9545,26.07681,28.30194,26.0,26.40076,26.83282,27.313,31.95309,33.52611,35.90265,37.85499,34.71311,39.20459,36.34556,41.19466,44.10215,45.01111,48.04165,46.09772,51.15662,51.0098,55.03635,54.03702,55.14526,56.7186,61.29437,58.54912,66.48308,62.96825,61.66036,67.26812,65.51336,63.34824,72.27724,66.94027,67.72001,71.47027,68.54196,73.40981,69.857,73.40981,74.30343,72.06941,74.30343,76.66159,76.94154,78.39005,80.21222,80.70936,78.60025,83.23461,85.98256,85.2115
14.14214,13.45362,13.45362,12.72792,12.04159,12.04159,12.04159,11.40175,11.40175,10.81665,10.81665,10.81665,10.0,9.43398,9.43398,9.84886,8.94427,9.84886,8.544,8.544,8.544,8.544,8.544,8.544,8.544,8.544,8.544,8.544,7.61577,7.61577,7.61577,7.61577,7.2111,7.2111,7.2111,6.40312,6.40312,5.65685,5.65685,5.0,5.0,5.0,4.47214,4.47214,4.12311,4.12311,3.16228,3.0,3.0,3.0,3.16228,2.23607,82.46211,80.60397,79.51101,79.51101,76.57676,76.83749,71.50524,70.0928,65.11528,68.11755,65.06919,61.52235,61.55485,60.20797,56.56854,56.0803,56.0357,53.25411,52.15362,52.80152,53.23533,47.16991,49.73932,47.85394,46.52956,48.76474,47.41308,47.42362,46.51881,47.42362,45.27693,47.42362,44.29447,43.909,41.88078,39.11521,38.58756,39.20459,38.41875,35.60899,35.38361,34.4093,32.01562,32.01562,31.90611,28.6531,26.92582,24.59675,24.73863,25.17936,23.19483,21.0,21.0238,20.39608,16.15549,18.38478,18.78829,25.23886,24.18677,25.55386,26.41969,25.94224,24.04163,25.96151,27.85678,29.83287,24.08319,30.80584,34.71311,33.24154,38.0,35.35534,38.01316,40.0,37.05401,42.0119,43.18565,44.18144,48.09366,48.25971,48.37355,50.15974,56.4358,55.3263,54.91812,55.9017,60.01666,58.0517,63.56099,59.48109,64.28841,64.84597,63.89053,66.40783,67.35726,68.35203,71.51224,72.61543,71.58911,70.66116,71.58911,70.3278,75.17978,73.24616,75.45197,78.00641,76.27582,81.02469,80.60397,83.23461,82.0975,80.1561,84.64632,82.9759
15.0333,14.03567,14.0,13.0384,13.0384,13.0,12.0,12.0,12.04159,11.04536,11.0,11.04536,10.04988,10.04988,10.04988,10.19804,9.21954,9.21954,9.21954,9.21954,9.21954,8.24621,8.24621,8.24621,8.24621,8.24621,8.24621,8.24621,8.24621,8.24621,8.06226,7.07107,7.07107,7.0,7.0,7.0,7.07107,6.08276,6.32456,6.32456,6.32456,5.38516,5.38516,5.83095,5.0,5.0,4.24264,4.24264,4.24264,3.60555,3.60555,3.16228,79.62412,77.66595,78.26238,78.44743,77.10383,73.1642,72.00694,72.00694,67.60178,63.50591,61.52235,60.29925,59.21149,56.0357,56.22277,56.0357,54.00926,53.0,50.08992,49.09175,49.49747,49.64877,46.52956,44.72136,44.40721,45.70558,47.07441,43.93177,42.2019,46.09772,43.73786,43.93177,40.4475,41.4367,42.10701,36.05551,37.05401,38.0526,37.12142,37.21559,37.21559,36.34556,32.28002,29.73214,28.63564,28.79236,27.313,25.05993,20.80865,21.26029,20.51828,21.2132,22.2036,21.63331,19.23538,16.76305,18.43909,28.16026,24.04163,24.35159,25.29822,23.76973,24.16609,27.29469,25.05993,25.05993,30.52868,29.41088,31.241,35.22783,34.82815,37.64306,36.40055,38.28838,39.59798,38.8973,41.01219,45.27693,48.79549,46.75468,48.9183,49.51767,52.63079,55.60576,56.61272,55.0,55.21775,61.85467,59.81639,63.51378,61.85467,63.28507,63.81222,66.37017,67.1193,66.18912,68.42514,66.21178,69.35416,69.64194,71.16881,68.30813,68.68042,74.04053,75.0,74.72617,75.28612,72.27724,78.44743,82.9759,75.13322,80.60397,79.42921,80.41144
14.42221,14.42221,13.60147,13.60147,12.20656,13.0384,11.6619,11.6619,11.6619,10.29563,11.18034,11.18034,10.29563,9.84886,9.84886,9.84886,9.48683,9.48683,9.48683,9.48683,8.544,8.544,8.544,9.48683,8.544,8.544,8.544,8.544,8.544,7.61577,8.06226,8.06226,7.2111,7.2111,7.2111,7.2111,6.40312,6.40312,5.65685,6.40312,5.0,5.83095,5.83095,4.47214,4.47214,4.12311,4.12311,4.12311,4.0,4.0,4.0,3.16228,86.31338,79.24645,80.65978,79.98125,77.10383,75.82216,71.58911,74.27651,65.76473,68.11755,65.94695,62.80127,63.41136,54.40588,56.60389,56.0803,57.14018,54.58938,54.70832,53.66563,55.54278,48.33218,52.0,46.95743,47.53946,47.42362,48.33218,44.94441,46.61545,48.10405,46.09772,47.53946,41.14608,44.28318,40.70626,42.43819,39.11521,39.11521,39.40812,37.80212,37.01351,35.38361,33.42155,28.3196,30.52868,27.78489,27.45906,25.63201,26.0,27.51363,20.39608,24.18677,23.0,19.0263,20.39608,19.69772,18.35756,23.25941,25.63201,24.08319,18.02776,29.61419,38.94868,25.63201,32.14032,26.68333,21.0238,31.14482,27.45906,39.31921,34.20526,32.0,38.32754,41.0,42.95346,44.14748,45.12206,44.64303,49.33559,49.24429,49.0408,52.63079,53.45091,53.48832,58.87274,56.30275,64.2573,57.77543,64.2573,63.15853,63.95311,66.18912,66.18912,66.24198,67.60178,66.37017,69.06519,73.4983,67.80118,74.4043,70.60453,75.43209,76.41989,74.96666,77.89737,78.56844,74.24958,75.66373,81.32035,84.89994,79.9062,84.17244,87.72685,85.70298
13.89244,13.89244,13.41641,13.89244,12.08305,12.52996,11.18034,11.18034,11.18034,10.77033,10.77033,10.77033,9.48683,10.19804,10.44031,9.21954,9.21954,9.21954,9.05539,9.05539,9.05539,9.05539,8.06226,9.05539,8.06226,8.06226,8.06226,8.06226,8.06226,8.24621,7.28011,7.28011,7.28011,6.32456,6.32456,6.7082,5.83095,5.83095,5.83095,5.0,5.0,4.24264,4.24264,4.24264,4.24264,3.60555,3.60555,3.16228,3.16228,3.16228,3.0,2.0,81.63333,79.07591,78.03204,74.33034,75.29276,69.46222,72.06941,70.21396,67.60178,64.41273,60.03332,60.37384,60.41523,58.18075,53.22593,56.30275,53.48832,53.16014,54.40588,49.0408,50.44799,49.0408,47.67599,47.51842,46.32494,47.16991,45.54119,45.27693,45.27693,45.54119,45.70558,43.56604,43.28972,41.59327,39.56008,40.26164,39.81206,38.60052,37.0,37.16181,35.35534,34.1321,33.61547,28.01785,27.01851,27.58623,25.4951,25.4951,25.55386,24.41311,20.59126,20.61553,18.38478,15.29706,18.02776,16.03122,17.26268,25.17936,25.17936,26.01922,23.34524,27.07397,28.07134,25.01999,26.01922,30.01666,32.01562,29.27456,33.24154,33.95585,34.9285,35.17101,35.90265,37.94733,43.68066,41.10961,42.72002,44.77723,43.46263,46.09772,49.76947,49.65884,51.88449,51.42956,53.7122,55.9464,59.68249,55.47071,59.5399,61.05735,61.29437,63.81222,62.68174,66.4003,63.25346,66.70832,68.62215,71.70077,68.593,67.89698,70.83784,65.94695,73.0,70.17834,71.8401,75.45197,77.66595,76.02631,76.27582,76.00658,75.71658,82.92768,83.52844,84.90583
13.0,13.0,13.0,13.0384,12.04159,12.0,12.0,11.0,11.04536,10.04988,10.04988,10.19804,9.21954,9.21954,9.21954,9.21954,9.48683,9.48683,8.544,8.544,8.544,8.544,8.544,7.61577,7.61577,8.544,8.544,7.28011,7.28011,7.28011,7.28011,7.07107,6.08276,6.08276,6.0,6.0,6.0,5.09902,5.09902,4.12311,4.12311,4.12311,4.12311,3.60555,3.60555,2.82843,2.82843,3.60555,2.23607,2.23607,2.23607,2.0,82.76473,81.25269,80.60397,81.58431,73.5459,78.44743,71.38627,73.24616,66.75328,66.4906,66.61081,61.29437,63.28507,56.4358,56.00893,56.00893,55.00909,55.08176,51.0098,50.24938,52.08647,51.15662,50.63596,46.52956,47.38143,45.12206,45.17743,45.39824,44.28318,47.51842,45.39824,48.25971,41.04875,44.10215,43.18565,41.01219,40.0125,39.05125,34.23449,39.20459,35.51056,31.32092,36.68787,32.57299,27.313,26.0,26.07681,24.69818,24.75884,24.83948,21.93171,20.24846,18.60108,16.76305,20.39608,17.72005,17.26268,25.70992,27.51363,26.68333,26.92582,27.20294,26.0,28.79236,30.8707,31.76476,28.6007,31.90611,36.35932,34.98571,37.20215,39.05125,37.20215,40.0,41.40048,43.86342,47.42362,45.96738,48.16638,48.79549,48.9183,54.45181,55.22681,58.0,57.31492,58.72819,58.79626,62.80127,63.89053,63.00794,64.89992,64.07027,67.1193,64.14047,67.41662,68.60029,68.96376,71.19691,68.44706,73.40981,74.46476,74.32362,69.26038,72.44998,74.33034,79.69944,76.844,79.40403,83.9345,86.58522,79.55501,83.43261,86.83317,84.72308
13.41641,13.41641,12.52996,12.52996,11.18034,12.08305,11.18034,10.77033,10.77033,9.48683,9.48683,9.48683,9.48683,9.48683,9.21954,9.21954,9.05539,8.06226,9.05539,8.06226,8.06226,8.06226,8.06226,8.06226,8.06226,8.06226,8.06226,7.07107,7.07107,7.07107,7.28011,7.28011,6.32456,6.32456,5.38516,5.38516,5.83095,5.0,5.0,4.24264,4.24264,4.24264,3.60555,3.60555,3.60555,3.16228,3.16228,3.0,3.0,3.0,3.16228,2.23607,79.30952,81.32035,80.1561,81.21576,79.30952,73.0,74.33034,73.5527,68.11755,69.52697,65.0,63.89053,61.61169,56.40035,59.07622,56.93856,53.53504,56.82429,53.23533,50.56679,55.4617,53.23533,47.75982,47.01064,44.38468,45.88028,47.16991,47.53946,45.69464,46.8188,43.01163,45.69464,40.49691,44.38468,39.81206,39.96248,36.23534,34.98571,40.80441,36.89173,33.42155,33.30165,31.82766,29.83287,29.41088,26.62705,26.07681,24.16609,25.94224,24.73863,22.56103,18.11077,20.02498,19.41649,18.68154,17.72005,21.9545,27.65863,29.27456,27.01851,29.15476,27.0,26.68333,26.01922,30.59412,30.01666,26.01922,32.01562,32.0,36.49658,36.01389,40.31129,37.21559,41.97618,42.57934,43.41659,46.69047,47.67599,50.0,51.41984,50.0,51.66237,54.42426,56.04463,59.13544,59.46427,62.96825,59.61543,62.76942,63.07139,66.18912,67.08204,68.47627,68.0,65.0,68.47627,71.86793,71.56116,71.21798,75.60423,76.2168,75.9276,77.89737,75.66373,74.96666,79.20859,75.74299,78.49204,82.03658,82.75869,82.02439,85.04117,86.97701,87.72685
13.0384,12.04159,12.04159,12.04159,12.04159,11.04536,11.04536,10.04988,10.04988,10.0,9.0,9.05539,9.05539,9.05539,8.06226,9.05539,8.06226,8.06226,8.24621,8.24621,7.28011,8.24621,7.28011,7.61577,7.28011,7.07107,7.07107,7.28011,7.07107,7.07107,6.08276,6.0,6.0,6.0,6.08276,6.08276,5.09902,5.09902,5.09902,4.47214,4.47214,4.47214,4.47214,4.24264,3.60555,3.60555,3.60555,3.60555,3.16228,3.16228,3.16228,3.0,79.05694,79.71198,81.60882,75.27284,77.49194,71.16881,74.67262,68.94926,66.76077,62.62587,62.64184,61.61169,59.90826,58.0517,56.29387,54.74486,54.58938,54.33231,50.08992,52.15362,51.15662,47.09565,49.09175,47.04253,45.01111,46.09772,43.01163,45.17743,45.04442,43.01163,43.04649,41.01219,44.0,40.04997,38.47077,40.31129,38.47077,34.36568,35.69314,37.33631,32.57299,32.20248,33.54102,30.41381,27.78489,27.01851,26.90725,25.4951,25.4951,22.02272,20.12461,23.4094,19.69772,18.02776,18.43909,18.02776,18.0,31.32092,25.96151,27.20294,25.70992,28.79236,26.24881,27.73085,28.23119,32.24903,29.15476,30.52868,34.48188,34.66987,38.60052,40.22437,38.58756,37.80212,39.20459,42.44997,44.68781,43.18565,49.67897,48.27007,50.91169,50.32892,54.45181,52.34501,56.56854,55.97321,58.0517,59.46427,62.482,62.36986,63.25346,66.70832,66.61081,66.0303,66.61081,69.63476,69.46222,69.46222,68.0,68.0,76.05919,69.31811,68.942,75.23962,74.46476,78.39005,75.61085,79.30952,80.65358,78.54935,78.1089,82.8734,83.48653,81.60882
14.21267,13.45362,13.45362,12.80625,12.80625,12.04159,12.04159,11.31371,10.63015,10.63015,10.63015,10.63015,10.0,10.0,9.21954,10.0,9.43398,9.43398,8.94427,8.94427,8.06226,8.06226,8.60233,8.94427,8.06226,8.06226,8.06226,8.06226,8.06226,7.81025,7.2111,6.40312,6.40312,6.40312,6.40312,6.40312,6.40312,5.0,5.0,4.47214,4.47214,4.47214,4.12311,4.12311,4.12311,3.0,3.0,3.0,3.16228,3.16228,2.23607,2.23607,83.48653,85.00588,79.51101,74.10803,78.77182,72.56032,70.21396,72.18033,67.18631,65.76473,66.00758,62.03225,62.20129,52.03845,60.00833,56.0803,50.08992,52.23983,52.7731,50.63596,50.48762,48.09366,44.91102,45.89118,50.96077,43.41659,44.27189,44.38468,46.87217,44.55334,47.38143,45.89118,44.10215,43.28972,43.10452,41.04875,37.0,40.0,38.0,39.05125,37.33631,34.78505,29.61419,27.78489,25.29822,32.69557,27.20294,25.0,21.93171,25.4951,23.43075,26.1725,19.41649,19.72308,21.84033,16.27882,18.02776,29.96665,29.15476,22.36068,28.63564,26.92582,30.67572,25.6125,29.41088,29.0,31.1127,31.62278,33.97058,34.05877,37.48333,38.20995,40.31129,42.44997,43.13931,40.45986,45.0,46.40043,52.49762,57.62812,52.63079,54.81788,55.75841,60.30755,59.07622,59.81639,58.83026,63.06346,66.18912,64.41273,65.76473,65.9242,66.21178,65.55151,69.07966,70.60453,69.64194,73.38937,64.51356,74.63243,76.53757,70.61161,76.11833,72.33948,80.75271,81.21576,77.64664,76.94154,81.78631,83.38465,81.61495,88.28363,78.63841,84.00595
15.13275,14.14214,14.03567,13.15295,13.0384,13.0384,13.0384,12.04159,12.04159,11.0,11.0,11.0,10.0,10.04988,10.04988,10.04988,10.04988,10.19804,9.21954,9.05539,9.05539,9.05539,9.05539,8.24621,9.05539,9.05539,9.21954,8.06226,8.06226,8.06226,7.0,8.0,7.07107,7.07107,7.07107,7.07107,7.07107,6.32456,6.32456,5.38516,5.38516,5.83095,5.83095,5.0,5.0,4.24264,4.24264,5.0,3.60555,3.60555,3.60555,3.16228,81.00617,77.0,80.00625,79.02531,75.0,76.0,73.06162,70.00714,64.00781,68.00735,65.37584,63.1981,61.29437,55.22681,57.03508,59.68249,53.23533,51.62364,53.15073,52.49762,53.60037,50.69517,47.80167,49.0408,47.12749,47.12749,44.92215,47.16991,46.84015,46.17359,44.38468,47.07441,38.32754,42.2019,39.29377,38.83298,36.49658,38.32754,37.12142,41.04875,37.01351,33.24154,32.75668,29.83287,30.36445,28.86174,26.57066,23.85372,24.69818,24.41311,23.43075,19.84943,22.02272,18.60108,17.46425,18.38478,17.72005,25.45584,23.43075,24.75884,24.75884,26.1725,26.24881,24.08319,25.80698,27.80288,28.84441,32.20248,31.76476,37.21559,34.1321,37.12142,38.94868,42.04759,41.14608,45.17743,45.88028,47.92703,49.65884,46.61545,52.0,52.92447,54.42426,54.23099,55.02727,57.58472,61.98387,60.44005,63.24555,63.32456,62.36986,64.03124,66.4906,70.40597,70.83078,67.46851,70.21396,70.03571,69.26038,72.69113,71.34424,71.25307,71.00704,75.0,76.0,77.00649,79.02531,82.02439,83.09633,83.0,77.00649,84.02381,86.02325,86.20905
13.60147,13.60147,12.64911,12.64911,11.7047,11.40175,11.40175,10.19804,10.19804,10.19804,10.19804,10.04988,9.05539,9.05539,9.05539,9.0,9.0,8.0,9.0,8.0,8.0,8.0,8.06226,8.06226,8.0,8.06226,8.0,7.0,7.0,7.0,7.07107,7.07107,6.08276,6.08276,6.08276,6.08276,5.38516,5.38516,4.47214,4.47214,4.47214,3.60555,4.24264,3.60555,3.60555,3.60555,3.16228,3.16228,3.16228,3.0,3.0,2.0,89.15716,77.07788,80.23092,74.84651,72.49828,80.49845,73.79024,78.72103,71.11259,69.97142,69.11584,61.29437,61.58734,53.82379,57.45433,54.40588,56.0357,51.88449,59.5483,50.9902,51.66237,43.27817,50.93133,50.93133,47.42362,48.16638,41.72529,48.83646,43.13931,44.55334,43.86342,43.41659,43.84062,45.45327,43.18565,44.68781,39.20459,37.20215,38.01316,40.70626,32.44996,30.46309,34.78505,31.32092,33.37664,34.17601,29.27456,27.29469,22.0,29.15476,29.15476,22.09072,21.37756,23.76973,21.54066,17.20465,18.43909,26.40076,27.80288,27.45906,29.06888,23.43075,29.41088,26.1725,29.12044,31.38471,31.62278,33.61547,35.73514,33.52611,36.24914,42.72002,41.48494,44.14748,40.5216,50.9902,44.72136,47.16991,51.62364,51.62364,52.34501,56.88585,59.0,58.30952,62.20129,63.28507,64.28063,61.07373,68.02941,67.02984,65.00769,70.02857,66.1211,67.47592,61.98387,70.5762,73.17103,73.97973,70.0928,77.88453,76.24303,74.72617,78.77182,72.8011,74.33034,82.5409,79.05694,82.07923,83.19255,87.09191,80.62258,89.31965,88.95504,89.15716
13.60147,13.60147,13.0384,12.20656,12.20656,12.20656,10.81665,10.81665,10.81665,10.29563,10.29563,10.29563,9.84886,8.94427,8.544,8.544,8.544,8.544,8.24621,8.24621,8.24621,8.24621,7.61577,8.24621,8.24621,7.28011,7.61577,7.28011,7.61577,6.7082,6.7082,6.7082,6.7082,6.7082,6.40312,6.40312,6.40312,5.65685,5.65685,5.0,5.0,4.47214,4.47214,4.47214,4.12311,4.12311,4.12311,4.0,4.0,4.0,4.12311,4.12311,83.48653,82.13404,79.24645,74.41102,77.89737,70.83784,72.24957,71.70077,64.66065,64.44377,62.36986,63.03174,57.80138,59.40539,53.82379,54.6443,51.86521,55.07268,51.0,48.37355,51.89412,47.85394,47.53946,47.16991,45.61798,45.69464,43.38202,45.60702,45.18849,45.61798,42.15448,45.17743,43.46263,42.37924,41.18252,41.59327,39.39543,39.44617,39.40812,35.60899,36.87818,33.94113,33.97058,29.20616,30.61046,29.06888,27.78489,25.05993,24.69818,23.34524,23.5372,19.41649,19.0263,21.09502,19.10497,20.39608,20.61553,27.0,26.1725,26.0,27.01851,28.0,25.0,27.07397,29.0,26.1725,32.06244,32.24903,33.54102,38.07887,36.67424,36.13862,39.84972,40.8534,42.15448,43.65776,45.22168,52.49762,47.92703,49.24429,51.89412,55.97321,57.38467,56.30275,60.92618,57.27128,63.07139,61.26989,63.07139,64.84597,64.00781,67.08204,63.52952,66.37017,68.26419,67.41662,72.20111,70.45566,73.60027,73.24616,75.28612,72.24957,71.50524,74.41102,74.96666,79.93122,80.62258,77.7946,78.51751,82.73452,79.98125,81.46779,84.17244,85.63294
13.34166,13.34166,13.34166,12.36932,12.36932,11.40175,11.40175,11.7047,10.77033,10.77033,10.77033,9.84886,9.84886,8.94427,8.94427,9.84886,9.43398,8.94427,8.06226,8.60233,8.60233,8.60233,8.60233,8.60233,8.06226,8.60233,8.60233,8.06226,6.7082,7.2111,6.7082,6.7082,6.7082,6.32456,6.32456,6.32456,6.08276,5.09902,5.0,5.0,4.0,4.0,4.12311,4.12311,4.12311,3.16228,3.60555,3.60555,2.82843,2.82843,2.23607,2.23607,81.02469,74.96666,79.40403,78.40918,76.844,72.47068,74.06079,72.94518,64.3506,74.33034,64.89992,62.20129,63.24555,58.41233,56.0803,54.78138,55.47071,53.7122,52.35456,56.0803,54.08327,49.0306,48.70318,54.42426,44.38468,48.30114,44.27189,47.43416,46.32494,44.92215,44.72136,50.0,43.32436,42.04759,39.56008,35.1141,40.24922,34.4093,40.22437,32.75668,39.11521,36.71512,36.79674,30.0,26.1725,30.80584,28.30194,26.0,23.70654,27.29469,21.18962,23.25941,21.09502,20.24846,25.01999,21.0,18.02776,25.01999,24.5153,28.16026,27.07397,25.31798,29.42788,29.27456,28.01785,33.01515,27.07397,29.15476,33.24154,35.12834,34.9285,41.7732,40.26164,44.14748,38.27532,47.12749,48.83646,52.95281,52.20153,51.86521,53.85165,57.24509,55.02727,61.32699,66.21178,56.46238,58.5235,66.70832,66.18912,72.49828,69.77105,74.30343,69.97142,66.88797,69.64194,74.33034,68.60029,74.88658,75.9276,70.17834,74.51845,70.83784,80.05623,79.24645,75.69016,74.24958,79.19596,79.02531,84.64632,81.34494,82.75869,80.05623,86.97701,82.73452
14.21267,14.21267,13.60147,13.60147,12.80625,12.04159,12.04159,12.04159,11.31371,11.31371,10.63015,10.63015,10.63015,10.63015,10.0,10.0,10.0,10.0,9.43398,9.43398,9.21954,8.60233,8.60233,8.60233,8.60233,8.60233,8.60233,8.60233,8.60233,7.81025,7.81025,8.48528,7.07107,7.07107,7.07107,6.40312,7.2111,6.7082,5.83095,5.38516,5.38516,5.38516,5.38516,5.09902,5.09902,4.0,4.0,4.0,4.0,4.12311,3.16228,3.16228,77.38863,79.07591,79.88116,78.23682,74.4043,72.67049,71.28113,73.24616,66.0303,66.28725,64.63745,62.36986,56.22277,57.00877,57.38467,54.56189,54.48853,55.86591,52.34501,51.85557,51.40039,47.50789,51.85557,49.0408,47.50789,48.41487,46.61545,47.80167,45.60702,46.40043,42.0119,43.41659,46.2277,42.52058,43.18565,38.8973,40.36087,39.69887,39.82462,35.4683,33.6006,33.83785,32.69557,32.69557,30.8707,28.4605,26.24881,27.45906,25.31798,25.01999,24.0,21.09502,23.19483,17.46425,20.88061,20.24846,17.49286,24.69818,25.63201,26.92582,25.96151,24.69818,25.63201,27.45906,28.16026,28.63564,27.29469,31.57531,34.9285,34.1321,34.0147,38.01316,37.21559,41.01219,40.0125,44.10215,44.04543,48.04165,47.09565,49.09175,50.24938,53.33854,55.57877,55.22681,58.69412,59.4138,63.95311,58.85576,65.62012,65.62012,63.78871,69.42622,66.21933,66.21933,68.68042,68.68042,70.88018,70.21396,70.93659,71.30919,71.17584,76.02631,72.01389,73.34848,76.15773,76.05919,77.52419,78.39005,77.89737,79.92496,82.1523,81.63333,83.52844,80.70936
14.03567,13.0384,13.0384,13.0384,13.0384,12.04159,12.04159,11.0,11.0,11.04536,11.0,10.04988,10.04988,10.04988,10.19804,10.04988,9.21954,9.21954,9.21954,9.21954,9.21954,9.21954,8.24621,9.48683,8.24621,8.24621,8.24621,8.24621,8.24621,8.06226,8.06226,8.06226,7.07107,7.0,7.0,7.0,7.07107,6.08276,6.08276,5.09902,5.38516,5.38516,4.47214,4.47214,4.47214,3.60555,3.60555,4.24264,3.60555,3.60555,3.16228,3.16228,79.30952,83.81527,78.44743,76.92204,75.0,68.96376,72.27724,69.37579,65.96969,62.0967,60.41523,59.03389,58.85576,57.70615,54.91812,55.44367,55.14526,52.15362,50.01,49.0102,48.04165,47.09565,49.36598,48.09366,46.52956,46.27094,43.41659,45.17743,45.27693,43.18565,44.28318,45.39824,44.28318,41.30375,41.0,39.01282,40.04997,38.0526,39.11521,35.51056,35.90265,34.17601,33.83785,34.17601,30.8707,28.17801,26.07681,25.23886,24.83948,23.85372,23.43075,20.61553,21.40093,22.47221,17.46425,18.35756,18.68154,26.1725,24.73863,25.31798,25.4951,26.4764,26.68333,24.69818,28.16026,27.51363,27.73085,29.15476,34.9285,33.12099,34.88553,34.98571,38.58756,38.83298,42.2019,41.86884,45.80393,47.01064,51.22499,53.2635,51.40039,54.20332,53.2635,57.00877,58.89822,61.52235,61.52235,62.96825,62.24147,65.11528,63.78087,67.62396,65.43699,67.47592,67.94115,66.06815,72.42237,70.21396,69.46222,69.89278,75.80237,70.3278,68.54196,71.17584,73.92564,78.18568,77.87811,78.79086,77.07788,75.76939,75.96052,83.21658,81.59657,84.75848
13.60147,13.60147,12.20656,12.20656,11.40175,12.20656,11.40175,11.40175,10.63015,9.89949,9.89949,10.63015,9.21954,9.21954,9.21954,9.21954,10.0,8.60233,9.43398,8.60233,8.06226,8.06226,8.60233,8.06226,8.06226,8.06226,8.06226,8.06226,8.06226,7.2111,7.81025,7.2111,6.40312,6.40312,7.07107,6.40312,6.40312,5.65685,5.0,5.0,4.47214,4.47214,4.47214,4.47214,4.12311,4.12311,4.0,3.0,3.0,3.16228,3.16228,3.16228,79.02531,73.40981,77.15569,70.45566,76.05919,78.00641,71.21798,68.88396,63.24555,64.07027,62.42596,58.00862,69.46222,56.61272,52.47857,50.53712,55.56978,49.76947,45.54119,47.53946,59.13544,51.41984,48.46648,45.61798,48.70318,40.80441,44.14748,43.17407,39.56008,44.72136,48.27007,45.54119,43.08132,42.05948,37.64306,35.77709,39.92493,36.89173,39.39543,42.72002,31.38471,34.1321,33.24154,33.42155,32.55764,27.80288,27.45906,26.40076,26.07681,23.32381,22.82542,26.40076,20.88061,24.18677,23.0,20.0,25.0,25.07987,27.20294,28.63564,29.27456,27.07397,31.57531,33.01515,30.01666,34.0147,28.07134,31.06445,36.12478,36.34556,38.32754,35.22783,38.63936,45.35416,42.44997,45.12206,52.63079,47.53946,54.40588,55.02727,50.69517,57.56735,58.18075,60.92618,54.08327,59.46427,63.90618,64.41273,64.07808,61.26989,65.79514,65.30697,73.82412,66.37017,69.33974,63.63175,70.17834,66.85058,72.8011,76.2168,70.43437,71.06335,70.83784,78.49204,78.49204,74.96666,80.65978,77.83315,84.64632,84.21995,73.10951,79.98125,73.10951,79.20227
13.0384,13.0384,13.0384,12.20656,12.20656,11.6619,11.6619,10.81665,10.81665,10.0,10.0,9.21954,9.21954,9.21954,8.48528,9.21954,8.48528,8.48528,7.81025,7.81025,7.81025,7.81025,7.81025,7.81025,7.81025,7.81025,7.81025,7.81025,7.07107,7.07107,6.40312,6.40312,6.40312,6.40312,6.7082,6.7082,6.7082,5.38516,5.38516,5.38516,5.09902,5.09902,5.0,5.0,5.0,5.09902,5.09902,4.12311,4.47214,4.47214,4.47214,3.60555,78.77182,75.71658,77.66595,73.78347,73.23933,69.63476,67.20119,70.45566,63.60031,65.0,62.20129,59.20304,59.66574,54.48853,56.72742,53.75872,53.03772,48.16638,49.81967,48.16638,52.63079,49.0408,48.02083,44.20407,44.40721,43.26662,45.22168,44.65423,42.72002,44.65423,43.82921,44.20407,38.60052,42.80187,40.60788,39.05125,38.18377,36.87818,36.79674,37.01351,34.4093,33.83785,31.38471,30.88689,28.63564,27.20294,28.63564,25.4951,24.5153,27.01851,24.08319,23.02173,20.02498,20.61553,21.93171,18.38478,20.12461,24.35159,23.25941,25.07987,25.4951,26.0,26.24881,25.96151,27.89265,28.86174,28.44293,32.01562,35.0,33.24154,34.0147,35.0571,39.11521,43.0,40.0,45.01111,42.0119,46.01087,48.09366,49.0102,52.15362,52.03845,55.14526,57.07889,57.42822,58.54912,61.66036,59.84146,66.09841,64.32729,64.53681,65.11528,65.51336,65.30697,71.30919,65.80274,69.89278,71.16881,69.46222,74.09453,72.01389,76.15773,73.73602,69.857,76.05919,75.591,74.94665,74.62573,77.69813,81.9878,78.23043,80.45496,81.8352,82.41966
13.60147,13.34166,13.34166,13.34166,12.36932,12.36932,12.16553,11.18034,11.18034,11.04536,11.04536,10.04988,10.0,10.0,10.0,10.0,10.0,9.05539,10.04988,9.05539,9.05539,9.05539,9.05539,9.05539,9.05539,9.05539,9.05539,9.05539,9.05539,8.0,8.0,8.0,8.0,8.0,8.06226,7.07107,7.28011,7.28011,6.32456,6.32456,6.32456,5.83095,5.38516,5.0,5.0,5.0,4.24264,4.24264,4.24264,3.60555,3.60555,3.60555,81.84131,81.00617,81.3941,73.06162,77.52419,73.82412,70.23532,72.44998,69.35416,64.00781,62.64982,61.7414,61.09828,57.38467,56.921,55.97321,55.7853,52.17279,50.9902,50.9902,51.78803,50.63596,50.48762,48.25971,49.16299,48.37355,49.25444,51.0098,49.0408,50.03998,47.04253,45.17743,48.25971,47.16991,45.89118,41.59327,43.73786,42.05948,43.32436,38.27532,38.27532,35.77709,38.47077,36.67424,35.51056,32.80244,34.05877,31.14482,29.06888,29.83287,27.45906,26.92582,25.07987,23.4094,22.80351,22.2036,23.02173,22.02272,20.39608,22.2036,18.43909,24.02082,22.02272,25.01999,26.30589,26.01922,24.33105,26.4764,31.7805,29.73214,29.15476,29.96665,36.40055,37.12142,36.67424,39.66106,37.73592,46.52956,43.909,48.54894,49.64877,49.09175,52.63079,50.80354,55.21775,57.2014,58.60034,57.2014,61.7171,64.40497,66.21933,64.81512,65.43699,66.52819,66.46804,67.89698,71.42129,68.68042,70.93659,72.13876,72.62231,72.8011,73.24616,70.60453,74.06079,76.844,79.40403,78.23043,80.26207,82.1523,77.38863,81.88406,83.72574,84.53402
13.0384,13.0384,13.0,12.04159,12.04159,11.04536,11.04536,10.0,10.0,10.0,10.04988,9.05539,9.05539,9.21954,9.05539,8.24621,8.24621,8.24621,8.544,8.544,8.544,8.544,7.61577,7.61577,7.61577,7.61577,8.24621,8.544,7.28011,7.28011,7.28011,7.28011,7.07107,7.07107,7.0,7.0,7.0,6.0,6.08276,6.08276,5.09902,5.09902,5.38516,4.47214,5.0,5.0,4.24264,4.24264,4.24264,4.24264,3.60555,4.47214,77.23341,79.32213,75.60423,74.94665,75.71658,74.63243,76.40026,74.4043,60.1415,65.21503,53.90733,62.20129,58.13777,54.56189,59.46427,53.15073,54.45181,48.60041,49.40648,49.0408,50.80354,51.86521,47.01064,45.79301,49.73932,50.53712,47.16991,49.24429,43.86342,50.80354,49.39636,50.24938,48.60041,48.54894,43.01163,44.77723,44.20407,46.61545,39.62323,38.41875,43.18565,41.10961,31.241,32.24903,34.1321,29.15476,31.90611,29.06888,24.5153,32.98485,28.28427,27.0,27.01851,22.09072,23.08679,21.09502,26.40076,24.69818,23.43075,19.23538,21.93171,24.69818,24.04163,27.73085,26.40076,31.04835,26.92582,25.96151,31.40064,27.07397,31.7805,33.06055,34.1321,38.0526,44.01136,39.01282,35.0571,38.01316,42.57934,48.04165,43.10452,49.36598,51.24451,53.08484,56.4358,58.24946,60.08328,58.69412,53.36666,57.28001,58.46366,66.70832,68.30813,68.00735,64.53681,68.54196,68.02941,65.0,68.942,76.96753,75.591,66.24198,68.0,64.88451,76.05919,68.88396,76.15773,74.33034,75.16648,84.72308,76.92204,85.60374,81.8352,81.9878
14.21267,13.60147,13.0384,12.80625,12.20656,12.20656,12.20656,11.6619,11.6619,10.29563,10.81665,10.29563,9.84886,9.84886,9.84886,9.84886,9.48683,9.48683,9.48683,9.21954,9.21954,9.21954,8.544,9.21954,9.21954,9.21954,9.21954,8.24621,8.24621,8.544,7.61577,7.61577,8.544,7.61577,8.06226,7.2111,7.2111,6.40312,6.40312,6.40312,5.65685,5.65685,5.0,5.0,5.0,4.47214,4.47214,4.12311,4.12311,4.0,3.0,3.0,75.42546,81.3941,73.00685,80.30567,75.53807,74.33034,66.61081,70.21396,65.19202,72.69113,64.12488,61.98387,60.41523,58.24946,58.94065,57.00877,55.97321,54.23099,55.71355,49.1935,51.07837,51.47815,50.24938,53.22593,43.46263,46.64762,50.60632,51.10773,42.54409,47.70744,47.53946,44.77723,43.909,44.77723,44.28318,47.42362,44.64303,38.8973,36.68787,43.32436,41.10961,36.49658,36.49658,33.24154,38.0526,34.1321,29.06888,28.63564,29.27456,26.83282,28.79236,30.67572,24.16609,22.84732,27.78489,22.62742,24.04163,25.6125,27.58623,28.84441,29.83287,27.01851,29.0,24.75884,28.3196,28.42534,26.07681,33.61547,30.01666,35.77709,38.07887,34.98571,38.01316,39.81206,37.94733,41.76123,43.08132,45.22168,47.53946,50.32892,49.0306,50.32892,52.34501,58.69412,51.1957,58.42089,61.98387,59.03389,64.93843,60.01666,58.54912,59.3043,64.77654,69.06519,63.50591,62.20129,72.24957,72.00694,74.10803,77.10383,74.02702,73.06162,72.24957,73.24616,79.22752,81.49847,81.61495,77.31753,82.76473,82.60751,74.1485,75.80237,83.02409,85.32878
13.60147,12.20656,12.20656,12.20656,12.20656,10.81665,10.81665,10.29563,10.29563,10.29563,9.43398,9.84886,8.94427,8.94427,8.544,8.544,8.24621,8.24621,8.24621,8.24621,8.24621,8.24621,8.24621,8.24621,8.24621,8.24621,8.06226,7.28011,7.28011,7.28011,7.28011,7.28011,7.61577,6.7082,6.7082,5.83095,5.83095,6.40312,5.0,5.0,5.0,5.0,4.47214,3.60555,4.24264,3.60555,3.60555,3.0,3.0,3.16228,3.16228,3.16228,85.02353,87.00575,78.1025,76.10519,71.06335,64.0,72.00694,71.0,68.0,65.06919,62.1289,58.42089,59.5399,59.07622,54.08327,53.23533,56.4358,54.81788,50.01,54.81788,55.71355,48.33218,48.70318,49.98,43.86342,49.0408,44.94441,48.70318,46.23851,47.01064,45.88028,42.44997,46.61545,43.01163,40.5216,41.10961,40.02499,43.28972,37.05401,40.04997,36.12478,39.0,29.15476,33.24154,39.11521,27.29469,30.41381,26.40076,26.68333,25.07987,27.58623,21.09502,25.4951,11.40175,23.43075,17.49286,21.63331,29.06888,25.4951,24.83948,27.01851,27.58623,29.83287,28.28427,30.4795,29.20616,31.62278,26.0,30.0,35.8469,36.89173,37.58989,34.66987,37.12142,42.05948,39.39543,44.38468,41.67733,50.92151,53.33854,52.49762,53.85165,57.00877,55.36244,56.921,55.03635,61.03278,64.03124,66.7308,59.77458,63.89053,67.72001,72.78049,64.7611,72.00694,69.05071,74.95332,71.38627,73.5459,68.88396,73.5527,70.25667,64.0,74.02702,73.00685,85.00588,79.05694,78.0,81.02469,78.16009,77.00649,84.02381,92.26592,84.14868
13.41641,12.52996,12.52996,12.52996,11.6619,11.6619,11.6619,10.81665,10.81665,10.0,10.0,10.0,9.21954,9.21954,8.48528,9.21954,8.48528,8.48528,8.48528,8.48528,7.81025,7.81025,8.48528,7.81025,7.81025,7.81025,8.48528,7.81025,7.07107,7.07107,7.07107,7.07107,7.07107,6.40312,6.40312,6.40312,6.7082,5.83095,5.38516,5.38516,5.09902,5.09902,4.12311,4.12311,4.0,4.0,3.0,3.16228,3.16228,3.16228,2.23607,2.82843,79.70571,80.26207,75.13322,76.94154,76.94154,73.00685,72.47068,64.41273,62.64982,60.82763,60.53924,63.06346,56.0803,51.62364,52.39275,55.54278,51.86521,51.1957,50.28916,48.05206,45.60702,49.25444,46.38965,42.2019,47.85394,43.9659,47.38143,42.57934,41.7732,48.09366,47.04253,47.26521,38.8973,40.31129,40.4475,39.05125,36.87818,36.05551,32.57299,39.56008,38.07887,35.4683,34.0147,32.01562,30.61046,22.02272,25.4951,33.94113,26.87006,22.67157,25.55386,24.69818,23.76973,20.39608,18.68154,18.68154,20.02498,20.24846,32.98485,25.17936,36.76955,25.70992,39.69887,32.44996,35.35534,30.08322,23.70654,22.36068,35.90265,32.55764,34.82815,41.72529,47.01064,33.01515,31.40064,46.61545,43.60046,58.25805,52.20153,47.38143,48.16638,50.20956,61.6198,56.58622,57.62812,63.65532,60.1415,64.2028,70.43437,60.87693,70.0928,62.00806,62.24147,56.85948,66.6033,68.68042,74.65253,71.70077,68.96376,71.28113,72.20111,73.3553,69.83552,75.80237,73.92564,78.03204,74.33034,72.94518,80.5295,88.58894,76.32169,77.36924,82.1523,81.02469
14.42221,13.89244,13.89244,13.89244,13.0384,12.52996,11.6619,11.6619,11.18034,11.18034,10.77033,10.77033,9.84886,9.84886,9.84886,9.48683,10.44031,9.21954,9.48683,9.48683,9.48683,9.21954,8.24621,9.21954,9.21954,8.24621,8.24621,8.24621,8.24621,8.24621,8.544,7.61577,7.61577,7.61577,7.61577,6.7082,6.7082,7.2111,6.40312,6.40312,5.65685,5.65685,5.65685,5.0,5.0,4.47214,4.47214,4.47214,4.12311,4.12311,4.12311,4.0,78.31347,71.34424,76.94154,70.85901,69.05071,66.61081,63.50591,72.56032,64.93843,58.54912,54.12947,53.60037,55.9017,53.33854,50.9902,52.88667,49.24429,48.05206,51.26402,45.54119,50.32892,39.56008,46.95743,49.24429,44.38468,47.88528,38.94868,43.41659,43.82921,43.41659,41.62932,40.31129,36.24914,42.04759,34.53983,41.4367,38.8973,33.52611,36.40055,34.71311,28.86174,32.0,26.1725,30.59412,28.0,23.08679,34.71311,26.30589,23.76973,24.04163,21.47091,20.0,19.69772,13.89244,16.40122,15.0,19.72308,24.69818,26.1725,29.41088,30.01666,26.07681,28.17801,26.62705,31.7805,26.92582,29.41088,33.61547,34.1321,35.44009,33.52611,42.37924,36.40055,44.27189,41.0,49.0306,48.27007,51.66237,50.96077,49.47727,56.29387,57.97413,63.56099,57.87055,58.5235,60.16644,61.0,62.0967,72.00694,65.30697,68.06614,70.40597,65.30697,66.48308,66.48308,67.36468,73.06162,75.16648,62.20129,71.00704,76.00658,75.16648,69.18092,70.17834,72.56032,80.22468,73.97973,78.40918,80.06248,82.60751,77.52419,79.9062,79.51101,78.63841
13.92839,13.0,14.31782,13.92839,13.0,12.08305,12.08305,11.18034,11.18034,11.18034,11.18034,10.29563,10.29563,10.29563,10.0,10.0,10.0,10.0,9.21954,9.21954,9.21954,9.21954,9.21954,9.21954,9.21954,9.21954,7.81025,9.21954,8.60233,8.60233,7.81025,8.06226,8.60233,8.06226,6.7082,6.7082,6.32456,6.32456,6.32456,6.32456,5.09902,5.09902,5.09902,5.0,5.0,4.0,4.12311,4.12311,4.12311,3.16228,3.16228,3.60555,83.38465,82.21922,77.83315,70.2282,76.55064,71.51224,70.21396,67.91171,68.70953,59.61543,62.29767,58.5235,59.77458,56.51548,50.9902,49.24429,49.72927,48.37355,47.26521,49.64877,45.0,47.09565,48.0,51.0098,45.0,45.01111,41.30375,44.01136,38.0526,40.11234,43.01163,42.04759,42.42641,45.17743,39.45884,40.1995,35.51056,38.11824,36.34556,36.13862,35.73514,36.76955,32.28002,31.76476,29.52965,30.41381,24.04163,26.07681,22.62742,20.51828,20.59126,25.94224,19.31321,23.4094,19.10497,19.0,20.0,26.40076,23.70654,25.4951,26.41969,26.87006,24.04163,20.88061,32.80244,29.20616,35.38361,32.01562,34.71311,37.80212,36.76955,44.55334,41.6173,43.27817,52.49762,42.42641,42.52058,46.2277,50.32892,54.45181,53.90733,55.22681,59.4138,64.2028,70.76722,65.06919,64.53681,65.11528,65.06919,65.19202,71.70077,72.20111,68.0147,75.16648,70.29225,69.06519,72.11103,73.00685,70.71068,74.62573,79.60528,71.86793,76.48529,78.39005,78.26238,76.32169,80.06248,78.74643,84.11896,81.43709,81.15417,80.32434,80.05623,89.19641
13.45362,13.45362,12.72792,12.72792,12.72792,11.31371,11.31371,10.63015,10.63015,10.63015,10.63015,10.0,10.0,9.43398,8.60233,9.43398,8.94427,8.94427,8.94427,8.94427,8.94427,8.94427,8.94427,8.94427,8.94427,8.06226,8.06226,8.06226,8.06226,8.06226,7.2111,7.2111,7.2111,6.40312,7.07107,7.07107,6.40312,5.0,5.0,5.0,4.47214,4.47214,4.47214,4.12311,4.12311,3.16228,3.0,3.0,3.16228,3.16228,3.16228,2.23607,87.66413,77.92946,77.92946,74.54529,76.65507,72.24957,71.84706,72.24957,63.03174,61.40033,61.81424,65.0,63.00794,56.00893,53.00943,53.33854,51.0098,49.25444,50.80354,49.81967,51.78803,49.49747,42.75512,48.76474,42.72002,38.83298,45.70558,39.05125,42.37924,46.87217,48.25971,47.53946,40.31129,41.97618,44.0,34.05877,40.1995,36.05551,39.11521,37.0,37.12142,31.57531,29.61419,31.62278,32.57299,31.01612,27.78489,21.93171,29.52965,22.80351,24.08319,20.51828,21.93171,20.80865,21.63331,18.60108,18.97367,21.26029,24.83948,20.61553,25.0,23.34524,25.23886,22.67157,29.15476,28.3196,27.73085,32.75668,38.07887,37.58989,38.01316,41.59327,44.29447,45.17743,47.16991,41.67733,50.11986,52.83938,53.31041,54.12024,54.58938,54.12947,61.77378,61.7171,64.14047,63.15853,65.30697,68.70953,64.4748,64.84597,69.857,67.62396,67.23095,71.69379,69.89278,71.47027,70.83784,71.7844,71.7844,71.58911,76.92204,75.9276,67.89698,76.53104,79.9062,79.9062,79.76215,78.40918,87.46428,79.51101,77.52419,85.84288,85.47514,81.49847
13.41641,13.41641,12.08305,12.52996,12.08305,11.18034,11.18034,11.18034,9.84886,9.48683,9.48683,9.48683,9.21954,9.21954,9.21954,9.21954,9.05539,8.06226,8.06226,8.06226,8.06226,8.06226,8.06226,8.0,8.0,8.0,8.06226,8.06226,8.06226,8.06226,8.06226,7.28011,7.28011,7.28011,7.61577,7.61577,6.7082,6.7082,6.7082,6.40312,6.40312,5.65685,5.65685,5.0,5.83095,5.83095,5.38516,5.38516,5.09902,5.09902,5.09902,5.0,74.96666,74.46476,76.53757,73.34848,74.52516,69.64194,65.25335,67.6757,63.24555,64.28841,61.35145,58.5235,59.46427,49.73932,56.0803,57.27128,54.12024,49.39636,49.65884,49.1935,51.31277,47.41308,50.44799,52.34501,45.0,46.69047,49.0408,47.20169,41.7732,47.43416,43.01163,49.73932,45.48626,46.87217,39.35734,42.54409,38.48376,44.10215,44.77723,40.8534,40.71855,39.05125,41.23106,40.31129,32.55764,38.0,37.0,33.01515,34.0147,28.16026,29.27456,25.31798,25.70992,26.41969,23.02173,20.0,24.08319,18.02776,24.20744,16.64332,24.20744,22.62742,21.93171,23.32381,25.0,20.61553,20.61553,27.29469,23.85372,27.85678,27.89265,31.32092,30.08322,32.98485,37.36308,40.04997,42.05948,43.73786,40.4475,47.29693,44.91102,46.09772,57.87055,54.08327,61.39218,54.91812,56.0803,57.87055,58.30952,60.07495,59.07622,62.514,66.18912,61.03278,67.06713,67.26812,69.02898,70.06426,66.1211,75.10659,68.24954,70.00714,70.61161,72.78049,69.58448,77.10383,73.76313,71.38627,81.02469,76.94154,76.15773,77.49194,80.28076,80.08121
14.14214,14.14214,14.03567,14.03567,13.0384,13.0384,12.04159,12.04159,11.04536,11.0,11.0,11.0,11.04536,11.04536,10.04988,10.04988,10.19804,10.19804,10.19804,10.19804,9.21954,10.44031,9.21954,9.48683,9.48683,9.21954,9.21954,9.21954,10.19804,9.21954,9.21954,9.21954,9.21954,9.05539,9.05539,9.0,8.0,8.06226,7.07107,7.07107,7.07107,7.28011,6.32456,6.32456,6.32456,5.38516,5.83095,5.0,5.0,5.0,4.24264,4.24264,79.75588,81.84131,73.00685,76.15773,82.80097,75.80237,72.11103,67.20119,72.40166,69.11584,66.24198,59.40539,60.0,57.62812,57.62812,60.1415,55.97321,55.31727,52.80152,51.85557,50.21952,51.86521,44.77723,47.20169,50.47772,54.91812,50.60632,42.94182,44.94441,45.65085,50.56679,54.23099,48.33218,48.30114,47.50789,45.22168,44.40721,48.82622,44.40721,38.20995,41.72529,40.36087,42.52058,42.44997,37.73592,33.83785,34.88553,32.44996,30.88689,33.28663,34.53983,31.7805,31.7805,26.92582,27.16616,27.01851,26.1725,26.87006,20.61553,26.07681,22.80351,23.43075,20.80865,23.34524,27.58623,25.0,27.51363,26.57066,26.92582,29.12044,29.54657,31.40064,33.24154,32.75668,37.33631,42.57934,37.33631,40.11234,44.40721,48.37355,45.09989,44.18144,49.0408,55.03635,55.00909,56.14268,50.15974,59.00847,57.70615,63.28507,62.96825,60.53098,62.514,67.26812,68.73136,68.15424,67.44627,66.70832,68.15424,64.28841,73.1642,67.77905,68.35203,74.33034,72.94518,78.26238,78.29432,71.86793,85.23497,78.77182,84.21995,78.03204,82.36504,76.6094
14.03567,14.03567,14.0,13.0384,13.0,12.04159,12.0,12.0,12.0,11.04536,11.04536,11.04536,11.18034,10.19804,10.19804,10.19804,10.19804,9.21954,10.44031,9.48683,9.48683,9.48683,9.48683,9.84886,9.84886,9.48683,9.48683,9.48683,9.48683,9.21954,9.21954,9.21954,9.21954,9.05539,8.06226,8.06226,8.0,8.0,7.0,7.0,7.07107,6.08276,6.08276,6.08276,5.38516,5.38516,5.38516,4.47214,4.47214,4.47214,4.24264,4.24264,80.49845,79.15807,75.15318,73.40981,79.47956,76.47876,70.23532,72.44998,71.58911,66.64833,68.35203,62.64982,66.88797,57.68882,53.66563,56.30275,57.68882,59.40539,54.48853,52.15362,50.9902,52.49762,50.32892,48.41487,47.38143,49.49747,47.38143,42.44997,43.13931,48.83646,53.07542,52.49762,48.10405,47.38143,39.82462,47.42362,50.9902,52.00961,43.26662,47.01064,40.70626,44.77723,43.32436,39.56008,40.5216,36.67424,34.23449,33.73426,33.06055,34.0147,30.06659,30.41381,25.70992,26.30589,22.47221,26.83282,26.62705,24.69818,22.82542,23.25941,23.32381,24.16609,24.69818,24.69818,23.76973,25.07987,24.16609,26.07681,28.16026,29.06888,30.08322,32.55764,32.24903,34.52535,31.14482,35.0,35.12834,41.19466,50.08992,46.17359,41.19466,48.04165,47.16991,56.22277,56.14268,50.21952,52.34501,56.56854,56.88585,58.30952,64.13267,58.54912,64.53681,64.03124,64.53681,62.8172,66.94027,70.03571,64.56005,71.7844,67.77905,71.86793,70.68239,69.35416,72.44998,72.49828,68.942,76.48529,75.17978,83.63014,75.6439,77.82673,85.47514,79.25907
13.15295,13.15295,13.34166,13.15295,12.16553,11.18034,11.40175,11.40175,10.19804,10.44031,10.44031,9.48683,9.84886,9.84886,9.84886,8.94427,8.94427,8.94427,9.43398,9.43398,8.60233,8.60233,8.60233,8.60233,8.60233,8.60233,8.60233,8.06226,8.06226,8.06226,8.06226,8.06226,7.61577,7.61577,7.28011,7.28011,7.28011,7.07107,6.08276,6.08276,6.0,6.0,6.0,5.09902,5.09902,5.09902,4.47214,4.47214,4.47214,3.60555,4.24264,4.24264,84.95881,82.32861,80.05623,78.49204,75.00667,76.6942,73.5527,73.53911,64.40497,73.0,67.17887,64.53681,59.5483,59.40539,62.42596,56.93856,56.35601,62.16912,54.58938,49.24429,56.36488,52.3259,52.39275,53.85165,52.92447,54.12947,49.0408,52.17279,48.10405,48.76474,52.20153,52.55473,47.12749,53.75872,47.42362,48.33218,48.33218,48.75449,42.04759,48.82622,44.77723,43.26662,45.0,40.60788,38.8973,35.60899,37.53665,33.28663,32.80244,33.61547,28.6531,27.73085,24.04163,21.93171,24.04163,26.68333,24.08319,24.16609,22.84732,20.24846,25.07987,20.61553,23.4094,18.68154,24.16609,26.92582,24.04163,28.07134,29.27456,34.1321,33.13608,31.01612,32.0,38.0,35.01428,40.31129,42.95346,37.48333,39.05125,37.21559,41.97618,46.57252,53.16014,52.49762,51.5461,50.96077,56.08921,51.86521,65.14599,58.5235,56.61272,59.13544,61.09828,54.626,63.07139,61.91123,62.96825,71.19691,62.26556,68.0,65.21503,69.63476,65.94695,71.84706,65.60488,73.24616,71.06335,77.10383,73.53911,85.63294,71.70077,76.6942,84.14868,81.46779
13.15295,14.14214,13.15295,13.0384,12.16553,12.16553,12.16553,11.18034,11.18034,10.19804,11.40175,10.44031,10.44031,9.48683,9.48683,9.84886,9.84886,9.84886,9.84886,8.94427,8.94427,8.94427,8.94427,9.43398,8.94427,9.43398,8.94427,8.94427,8.94427,8.94427,8.544,8.544,8.544,7.28011,8.24621,7.28011,7.07107,7.07107,6.08276,6.0,6.0,6.0,5.09902,5.09902,5.09902,4.47214,4.47214,3.60555,3.60555,3.60555,2.82843,2.82843,81.8352,83.52844,77.66595,77.66595,80.99383,73.60027,73.24616,67.95587,69.33974,67.20119,72.62231,66.21933,62.482,59.64059,62.28965,57.28001,59.4138,58.72819,54.48853,52.3259,51.85557,46.09772,56.0803,49.49747,46.66905,51.66237,51.61395,50.44799,51.61395,49.64877,49.64877,51.22499,48.10405,48.27007,50.47772,46.66905,46.8615,49.0408,48.01042,43.13931,42.63801,40.60788,39.66106,36.71512,39.81206,34.17601,31.62278,37.0,26.68333,32.55764,27.07397,28.0,29.0,23.0,25.29822,24.5153,19.69772,24.16609,18.86796,20.80865,25.07987,26.92582,18.35756,23.4094,25.63201,23.76973,27.65863,31.257,31.01612,34.0147,32.0,32.01562,35.22783,39.01282,35.01428,39.05125,43.01163,44.04543,46.0,45.39824,47.01064,45.39824,54.57105,51.35173,53.60037,54.45181,50.48762,57.07013,54.91812,56.56854,61.98387,62.36185,61.0,59.90826,59.20304,65.14599,66.40783,62.29767,64.4748,62.24147,68.94926,68.96376,72.06941,71.58911,68.02941,73.82412,75.13322,76.94154,75.71658,76.8505,73.40981,81.27115,84.59905,82.1523
14.21267,14.21267,14.21267,14.21267,13.45362,12.80625,12.04159,12.04159,12.04159,11.31371,12.04159,11.40175,10.63015,11.40175,10.63015,10.81665,10.81665,10.0,10.81665,10.0,10.0,10.29563,9.43398,10.29563,10.29563,10.29563,9.43398,9.43398,9.43398,9.43398,8.60233,8.60233,9.21954,8.60233,8.48528,7.81025,8.48528,7.81025,7.81025,7.2111,6.40312,5.83095,5.83095,5.38516,5.38516,5.38516,5.09902,5.09902,5.09902,4.12311,4.0,4.0,79.84986,81.34494,80.65358,77.49194,72.61543,70.83784,69.26038,70.93659,68.00735,59.48109,61.84658,58.24088,58.94065,59.90826,53.45091,54.40588,55.7315,53.93515,55.3263,51.62364,49.16299,48.09366,51.0392,49.09175,51.08816,50.01,47.38143,49.09175,46.09772,44.04543,43.04649,48.04165,47.04253,46.01087,45.09989,42.57934,45.54119,44.28318,38.63936,37.65634,38.32754,35.8469,37.58989,34.17601,32.64966,33.61547,29.52965,33.30165,29.73214,22.2036,25.45584,22.82542,23.02173,24.04163,24.18677,19.31321,22.13594,24.33105,23.19483,24.08319,25.70992,24.73863,26.92582,28.86174,25.0,29.12044,29.41088,32.57299,30.46309,34.53983,35.51056,34.43835,33.12099,38.83298,33.42155,42.52058,40.49691,40.22437,48.83646,44.68781,50.80354,47.80167,51.22499,56.85068,51.62364,55.17246,58.0,56.63921,55.97321,60.81118,65.06919,62.93648,59.46427,58.13777,62.36986,68.60029,66.03787,71.02816,65.0,66.0303,67.23095,64.89992,65.39113,67.95587,72.61543,71.11962,74.73286,72.23573,72.89719,71.69379,72.11103,77.83315,83.25863,76.53757
14.03567,14.03567,14.14214,14.03567,13.0384,13.0384,12.16553,12.16553,12.16553,12.16553,11.18034,11.40175,11.40175,10.44031,10.44031,10.44031,10.77033,9.48683,9.84886,9.84886,9.84886,9.84886,9.84886,9.84886,9.84886,9.84886,8.94427,9.84886,8.94427,8.544,8.544,8.544,8.24621,8.24621,8.06226,8.06226,7.07107,7.07107,6.0,6.0,6.0,5.09902,5.09902,5.09902,4.12311,4.12311,4.47214,3.16228,3.60555,3.60555,2.82843,2.82843,84.50444,76.83749,80.21222,79.51101,74.20243,71.70077,71.02816,72.8011,66.70832,67.62396,66.70832,64.03124,58.00862,57.14018,56.30275,59.90826,56.60389,51.0,51.47815,56.85948,51.62364,52.39275,50.96077,50.92151,46.17359,49.39636,48.38388,46.09772,47.80167,47.92703,44.94441,49.39636,44.94441,46.48656,43.86342,42.37924,41.4367,41.18252,37.44329,40.0,37.80212,34.1321,29.69848,33.24154,28.84441,24.83948,31.241,21.2132,26.0,22.13594,23.08679,22.56103,22.2036,20.39608,17.11724,19.10497,15.0333,28.63564,29.83287,26.92582,31.257,30.08322,28.16026,26.4764,33.01515,31.14482,26.01922,32.24903,36.34556,32.75668,36.40055,37.05401,38.32754,43.93177,41.23106,45.88028,43.32436,49.24429,50.92151,54.70832,54.40588,54.12024,58.82176,56.04463,62.62587,61.46544,63.32456,60.37384,66.18912,59.94164,68.44706,66.85058,66.70832,68.42514,69.83552,70.83078,72.00694,71.28113,69.06519,66.03787,71.21798,70.21396,77.80103,74.8131,75.66373,79.19596,72.91776,78.56844,78.49204,74.41102,77.98718,80.80223,83.40863,83.73769
14.56022,13.92839,13.92839,13.60147,13.60147,12.64911,12.64911,12.08305,11.7047,12.08305,12.08305,11.18034,11.18034,11.18034,10.29563,10.29563,10.81665,10.0,10.0,10.0,10.0,10.0,10.0,10.0,10.0,10.0,8.60233,9.43398,9.43398,8.60233,8.60233,8.06226,8.06226,8.06226,7.61577,7.61577,7.28011,6.32456,7.28011,6.08276,6.08276,6.08276,5.09902,5.0,5.0,4.12311,4.12311,4.12311,3.16228,3.16228,2.23607,2.82843,79.64923,76.2168,74.06079,74.62573,71.40028,72.20111,71.34424,66.03787,66.88797,66.37017,62.42596,58.30952,55.56978,53.31041,51.42956,51.47815,52.55473,54.08327,48.10405,45.69464,49.72927,46.23851,44.55334,44.14748,46.32494,44.92215,44.59821,42.95346,43.32436,45.88028,41.48494,43.68066,38.63936,41.76123,39.92493,39.21734,39.82462,38.48376,38.48376,34.4093,37.64306,31.01612,29.83287,32.80244,29.06888,25.0,24.16609,23.02173,25.05993,21.47091,19.41649,16.03122,14.31782,18.02776,16.03122,17.02939,16.76305,32.0,29.01724,30.14963,26.01922,28.07134,27.01851,32.24903,25.31798,30.26549,32.01562,31.01612,31.62278,33.61547,34.9285,39.39543,35.8469,38.91015,42.37924,42.37924,47.88528,43.04649,54.58938,53.7122,53.22593,55.56978,60.03332,55.22681,56.0803,58.18075,62.76942,60.74537,61.58734,61.58734,62.96825,66.28725,60.21628,62.42596,63.60031,67.26812,66.52819,67.35726,70.93659,69.52697,72.83543,68.11755,77.89737,75.69016,64.63745,74.62573,71.70077,75.45197,79.40403,77.42093,75.16648,73.43024,82.49242,80.1561
13.15295,13.15295,12.16553,12.04159,12.16553,11.04536,11.18034,11.18034,10.19804,9.21954,9.21954,9.48683,8.544,8.544,8.544,8.544,8.94427,8.94427,8.06226,7.61577,7.61577,8.06226,8.06226,7.2111,7.2111,8.06226,8.06226,6.7082,6.7082,7.61577,6.32456,6.32456,6.32456,6.32456,6.32456,6.08276,6.08276,5.0,5.0,4.0,4.0,4.12311,4.12311,3.16228,3.16228,3.60555,2.82843,2.82843,2.82843,2.23607,2.23607,2.23607,79.07591,75.60423,81.68843,78.77182,76.32169,72.94518,72.11103,71.69379,62.20129,61.7171,64.14047,59.03389,54.56189,53.22593,58.18075,58.13777,57.00877,54.12947,46.8188,49.72927,54.57105,50.01,45.89118,43.9659,41.76123,47.07441,42.75512,46.52956,44.72136,42.95346,45.39824,42.29657,44.38468,41.4367,41.97618,40.71855,33.24154,34.53983,35.77709,34.53983,32.24903,30.52868,28.3196,34.4093,28.6007,29.83287,27.65863,25.0,25.4951,22.36068,25.4951,21.09502,26.30589,23.76973,25.0,20.02498,13.34166,26.57066,24.69818,25.63201,24.33105,24.5153,25.4951,28.28427,29.0,29.0,32.01562,33.06055,33.06055,34.05877,43.04649,41.0,43.17407,38.63936,42.05948,47.80167,50.21952,53.85165,53.60037,53.85165,52.20153,53.85165,62.03225,56.46238,58.87274,59.20304,62.76942,62.39391,64.84597,73.82412,64.40497,66.64083,68.88396,67.60178,70.83078,71.86793,71.56116,74.63243,74.33034,76.41989,77.00649,70.72482,73.24616,72.83543,74.24958,74.96666,79.51101,82.807,79.98125,80.60397,81.8352,77.46612,84.20214,78.60025
13.45362,13.45362,13.45362,12.80625,12.04159,12.04159,11.40175,11.40175,11.40175,10.81665,10.81665,10.81665,10.29563,8.94427,8.94427,9.84886,9.84886,8.94427,8.544,8.544,8.544,8.544,8.544,8.544,8.544,8.544,8.544,8.544,7.61577,7.61577,7.61577,7.61577,7.2111,7.2111,7.2111,6.40312,6.40312,5.65685,5.65685,5.0,5.0,5.0,5.0,4.47214,4.47214,4.12311,4.12311,4.0,3.0,3.0,3.16228,3.16228,67.26812,78.1025,73.00685,70.00714,84.14868,66.00758,73.06162,69.02898,69.00725,61.07373,69.06519,58.13777,60.03332,52.03845,55.0,53.15073,52.61179,47.85394,49.36598,53.33854,46.87217,50.69517,41.48494,45.12206,44.55334,39.81206,50.92151,39.05125,40.26164,43.86342,42.72002,42.75512,38.07887,37.10795,43.56604,32.06244,39.05125,39.05125,40.1995,34.0147,37.33631,34.0147,33.95585,30.08322,28.23119,31.04835,26.92582,34.1321,25.4951,27.01851,26.1725,29.0,22.80351,25.80698,20.59126,21.54066,15.23155,25.55386,25.94224,30.01666,25.05993,28.17801,24.69818,30.61046,29.83287,27.65863,30.41381,31.14482,30.4795,34.66987,31.62278,39.66106,42.19005,41.67733,41.40048,43.909,44.41846,43.41659,53.00943,55.22681,54.20332,57.24509,62.17717,57.80138,54.56189,64.40497,61.32699,69.77822,62.64982,69.46222,69.77822,67.1193,67.23095,71.47027,70.83784,66.48308,66.76077,62.39391,76.94154,69.92138,72.36712,71.02112,74.33034,73.1642,74.33034,76.05919,75.42546,71.17584,77.00649,75.13322,84.02381,74.06079,76.00658,77.23341
13.45362,13.45362,12.72792,12.72792,12.72792,12.04159,11.31371,11.31371,11.31371,10.63015,10.63015,10.63015,10.0,8.60233,8.60233,9.43398,9.43398,8.60233,8.94427,8.06226,8.06226,8.06226,8.06226,7.61577,8.06226,8.06226,8.06226,8.06226,8.06226,8.06226,7.2111,7.2111,7.2111,7.07107,7.07107,7.07107,6.40312,6.40312,5.83095,5.83095,5.83095,5.83095,5.38516,5.38516,5.09902,5.09902,5.09902,5.0,5.0,5.09902,5.09902,4.12311,80.1561,76.41989,77.89737,72.47068,70.03571,73.0,72.86288,71.44928,65.06919,64.38167,60.82763,60.81118,59.4138,55.0,54.81788,55.21775,57.45433,50.24938,50.77401,49.39636,50.11986,46.14109,47.42362,42.94182,42.48529,43.86342,43.86342,44.94441,44.38468,44.01136,46.48656,44.94441,42.72002,40.8534,44.29447,40.71855,40.70626,39.44617,42.43819,41.10961,38.27532,36.06938,36.12478,34.05877,32.52691,32.01562,27.78489,31.06445,26.40076,26.40076,28.16026,26.68333,25.70992,23.5372,21.09502,24.02082,22.36068,22.02272,24.08319,21.63331,24.41311,23.70654,20.12461,20.12461,23.4094,25.70992,23.76973,29.15476,30.06659,31.14482,33.13608,37.0,36.0,41.0,40.11234,41.4367,47.01064,46.27094,51.0392,49.36598,56.32051,56.32051,57.27128,57.55867,61.20457,57.42822,65.49046,62.96825,64.93843,66.09841,68.24954,67.68309,66.28725,67.35726,68.94926,68.70953,67.77905,69.07966,67.23095,73.40981,70.68239,70.21396,69.31811,69.35416,71.86793,76.32169,76.40026,76.2168,76.83749,76.6094,72.62231,79.30952,82.21922,78.64477
14.31782,14.31782,13.34166,13.34166,13.34166,13.34166,13.15295,12.16553,12.16553,11.04536,11.04536,11.04536,11.0,10.0,10.0,10.04988,10.04988,9.05539,9.05539,9.05539,9.05539,9.05539,9.05539,9.21954,9.05539,9.21954,9.21954,9.05539,9.05539,8.06226,9.05539,9.05539,8.0,8.0,8.0,8.0,8.06226,7.07107,7.28011,7.28011,7.28011,7.28011,6.32456,6.7082,6.7082,5.83095,6.40312,6.40312,5.65685,5.65685,5.65685,5.0,75.23962,77.82031,79.30952,74.73286,73.40981,75.39231,68.00735,71.17584,62.96825,69.28925,62.29767,63.24555,61.13101,54.57105,59.03389,55.10898,55.57877,50.48762,51.47815,50.15974,55.08176,48.01042,52.0,48.01042,45.0,49.0102,45.04442,46.09772,46.04346,49.0,49.09175,48.16638,44.04543,43.04649,47.09565,46.0,45.0,44.28318,42.29657,44.40721,40.79216,44.64303,38.60052,39.21734,39.84972,36.05551,33.10589,31.38471,35.0,32.44996,32.01562,31.1127,29.0,27.65863,26.62705,26.41969,29.41088,19.69772,20.24846,18.97367,19.92486,20.39608,19.23538,18.0,20.02498,22.09072,22.02272,24.73863,26.24881,25.07987,29.73214,32.64966,33.61547,40.24922,35.77709,42.72002,42.54409,44.77723,49.24429,48.8774,48.02083,53.7122,55.22681,56.0803,59.90826,56.0803,64.89992,60.80296,65.21503,63.41136,63.24555,64.40497,65.60488,64.2028,67.35726,70.03571,67.17887,67.88225,69.35416,68.88396,68.41053,71.58911,69.06519,70.45566,73.78347,70.45566,71.86793,74.79305,76.05919,79.17702,74.79305,76.96753,79.17702,80.11242
13.92839,13.60147,13.60147,13.60147,12.64911,12.36932,12.36932,12.36932,11.40175,11.18034,11.18034,11.18034,11.18034,10.04988,10.04988,10.0,10.0,10.0,10.0,9.0,9.0,9.0,9.0,9.05539,9.0,9.05539,9.05539,9.0,9.05539,9.05539,9.0,9.0,9.05539,9.05539,9.05539,9.05539,8.24621,8.24621,8.24621,8.544,7.61577,7.61577,7.61577,6.7082,6.7082,6.40312,6.40312,6.40312,5.65685,5.65685,5.65685,5.83095,78.39005,77.89737,76.48529,76.02631,76.96753,72.01389,72.00694,66.70832,67.62396,64.62198,65.39113,63.56886,62.29767,60.72891,56.75385,58.69412,59.20304,50.80354,54.34151,53.33854,52.23983,53.33854,50.08992,48.01042,44.04543,47.09565,47.04253,49.0102,50.01,53.08484,48.09366,50.01,48.01042,48.04165,49.0,48.25971,43.01163,46.17359,43.41659,43.73786,45.54119,44.14748,41.76123,42.05948,42.72002,39.39543,38.07887,40.71855,35.35534,36.71512,36.05551,32.01562,33.42155,29.83287,29.0,26.92582,28.6531,18.38478,17.88854,16.55295,17.49286,16.15549,13.41641,15.0333,16.03122,18.11077,18.02776,20.22375,20.61553,24.04163,24.69818,26.92582,30.41381,27.73085,33.12099,34.88553,37.12142,39.44617,41.18252,40.70626,47.88528,50.11986,53.0,52.47857,53.33854,56.4358,56.0803,59.68249,60.46487,58.5235,64.63745,61.03278,63.89053,60.60528,63.41136,63.12686,63.03174,65.11528,65.05382,68.11755,70.00714,68.0147,63.89053,70.21396,69.63476,69.40461,72.40166,71.84706,78.03204,77.38863,73.82412,79.25907,80.45496,82.36504
14.86607,14.14214,14.86607,13.45362,14.14214,12.72792,12.80625,12.80625,12.80625,12.04159,12.20656,12.20656,11.40175,10.81665,10.81665,11.18034,10.29563,11.18034,10.29563,11.18034,11.18034,10.77033,10.77033,10.77033,11.18034,10.77033,10.77033,11.18034,9.84886,10.77033,9.84886,10.29563,10.29563,10.29563,9.43398,9.43398,10.0,9.21954,9.21954,8.48528,8.48528,8.48528,8.48528,7.81025,7.2111,7.2111,6.7082,6.7082,6.7082,6.32456,6.08276,6.08276,83.63014,80.80842,82.0061,77.23341,76.6094,78.24321,73.24616,74.8131,68.50547,68.24222,69.40461,69.64194,68.50547,63.52952,59.94164,61.7171,65.9242,60.40695,54.626,58.18935,58.69412,55.97321,58.5235,54.70832,53.14132,55.08176,54.57105,54.34151,57.48913,56.29387,56.29387,57.72348,55.54278,54.12024,54.57105,51.92302,53.16014,56.64804,52.20153,53.48832,52.20153,50.60632,50.08992,49.92995,46.87217,47.20169,42.52058,39.69887,40.0,38.8973,37.20215,37.73592,34.66987,33.28663,32.64966,34.53983,27.51363,19.84943,19.79899,20.0,22.02272,19.41649,17.49286,14.42221,13.41641,16.76305,17.08801,19.64688,20.09975,18.24829,22.0,19.0263,23.34524,24.73863,26.57066,29.54657,28.63564,29.12044,35.8469,36.76955,38.27532,42.54409,47.53946,45.69464,48.75449,48.33218,50.53712,49.65884,56.79789,58.30952,55.03635,56.36488,60.82763,55.9464,56.93856,62.43397,60.20797,66.4003,65.80274,66.4003,66.61081,66.70832,65.06919,67.89698,69.31089,73.66139,70.71068,69.35416,77.98718,80.80842,72.00694,79.51101,84.38602,78.60025
14.03567,13.0,14.0,13.0,13.0,12.0,12.0,11.0,11.04536,11.04536,11.04536,11.04536,10.19804,10.19804,9.21954,10.19804,9.21954,9.48683,9.84886,9.48683,9.48683,9.84886,9.48683,9.84886,9.84886,9.84886,9.84886,9.84886,9.84886,9.48683,9.48683,9.48683,8.544,9.21954,9.21954,9.21954,8.06226,8.06226,8.0,8.0,8.0,7.07107,7.07107,7.07107,6.32456,6.32456,6.32456,5.38516,5.83095,5.83095,5.65685,5.65685,79.76215,77.27872,81.7435,78.44743,75.95393,75.53807,75.13322,74.8131,67.60178,67.36468,67.06713,66.0303,66.18912,61.0,58.07753,61.03278,62.20129,58.13777,56.56854,57.42822,57.87055,54.33231,56.04463,54.57105,51.92302,55.10898,52.63079,53.45091,54.12024,54.70832,53.16014,54.12024,55.36244,53.36666,49.0306,53.93515,52.95281,53.36666,51.35173,50.08992,44.18144,48.16638,44.10215,46.01087,44.28318,42.42641,41.97618,40.02499,36.13862,39.84972,37.69615,36.23534,35.77709,31.38471,29.68164,29.69848,30.4795,24.08319,26.07681,23.34524,25.17936,18.97367,19.10497,19.10497,19.0,19.10497,17.08801,19.64688,18.38478,17.0,22.2036,21.40093,21.09502,24.83948,24.75884,31.89044,27.01851,31.40064,36.61967,35.80503,40.80441,40.0,42.2019,45.22168,45.48626,49.09175,51.62364,48.8774,52.47857,52.47857,57.24509,57.70615,57.80138,57.70615,60.41523,61.26989,62.24147,66.70832,60.16644,64.62198,65.55151,63.90618,60.72891,66.76077,67.68309,73.97973,71.38627,73.5459,74.1485,73.34848,75.9276,78.44743,82.20097,78.08969
14.76482,13.41641,14.76482,13.89244,14.76482,13.41641,13.41641,13.0,12.08305,13.0,13.0,12.64911,11.7047,11.40175,10.44031,12.36932,11.18034,11.18034,11.18034,11.18034,11.18034,11.04536,11.04536,11.04536,11.04536,11.04536,11.04536,11.04536,10.04988,11.04536,10.04988,10.19804,10.19804,10.19804,9.48683,10.44031,9.48683,9.48683,8.94427,8.94427,8.94427,8.06226,8.06226,7.2111,7.81025,6.40312,7.07107,7.07107,6.40312,6.40312,5.83095,5.83095,80.77747,81.5414,78.23043,79.75588,81.12336,76.53757,76.32169,73.57309,72.94518,69.31811,67.97794,65.79514,69.46222,63.07139,59.61543,65.19202,64.84597,60.72891,58.5235,59.90826,58.0517,53.75872,58.24946,57.55867,56.08921,58.0517,59.21149,57.31492,54.74486,57.07889,56.14268,59.07622,55.44367,52.61179,58.21512,52.17279,53.75872,54.81788,53.15073,52.63079,52.63079,51.26402,48.8467,45.88028,48.33218,44.29447,40.31129,42.72002,37.20215,34.82815,33.97058,33.24154,34.71311,31.40064,32.01562,29.68164,27.78489,24.69818,24.20744,20.61553,19.41649,21.40093,19.20937,17.02939,19.72308,19.69772,16.12452,17.08801,16.49242,19.41649,22.09072,19.0263,22.2036,22.80351,26.57066,24.04163,28.4605,29.54657,32.24903,34.43835,35.77709,37.16181,39.44617,40.81666,42.80187,46.14109,46.61545,47.70744,51.97115,48.25971,55.0,56.61272,55.21775,57.80138,57.00877,59.20304,60.959,63.12686,61.52235,63.63961,63.65532,63.65532,68.41053,65.21503,65.0,71.40028,69.6563,73.00685,75.47185,79.88116,71.56116,79.88116,77.69813,80.77747
13.60147,13.60147,13.0384,13.0384,13.0384,12.20656,12.20656,11.40175,11.40175,11.40175,10.63015,10.63015,10.63015,11.31371,10.63015,10.0,10.0,10.0,10.0,10.0,10.0,10.81665,9.43398,9.43398,9.43398,9.43398,9.43398,9.43398,9.43398,10.0,9.43398,10.0,9.21954,9.21954,9.21954,8.48528,8.48528,7.81025,7.2111,7.2111,7.2111,7.2111,6.7082,5.83095,6.32456,5.38516,5.09902,5.09902,5.0,5.0,4.12311,4.12311,79.07591,78.39005,80.99383,78.77182,76.00658,76.27582,73.78347,72.42237,69.89278,69.81404,67.20119,65.0,65.11528,60.80296,61.55485,60.82763,60.1415,55.15433,58.89822,59.20304,60.0,57.48913,56.40035,54.6443,56.22277,57.42822,54.6443,54.08327,55.0,56.4358,56.0803,54.91812,54.08327,54.6443,52.69725,51.40039,50.21952,53.2635,50.44799,48.83646,50.24938,44.55334,47.80167,43.27817,43.26662,39.11521,39.40812,35.8469,37.58989,33.10589,35.8469,31.04835,29.42788,32.38827,26.1725,26.01922,27.29469,28.17801,27.313,24.18677,26.40076,22.84732,23.25941,21.0238,21.0238,21.0238,21.63331,18.86796,19.10497,19.84943,21.93171,20.51828,19.69772,21.47091,21.18962,26.92582,27.51363,29.61419,30.59412,31.257,32.14032,35.51056,38.01316,41.0,44.0,43.0,46.04346,48.25971,50.08992,51.08816,49.64877,54.23099,53.60037,51.41984,57.07013,55.57877,60.41523,59.22837,60.40695,64.19502,63.24555,64.51356,60.74537,65.39113,68.42514,67.62396,70.26379,71.11259,69.77105,72.56032,75.80237,78.54935,78.89233,76.53757
15.0,15.0,15.0,14.21267,14.21267,13.60147,13.60147,13.0384,13.0384,13.0384,12.52996,12.52996,12.52996,11.6619,11.18034,12.08305,10.77033,11.7047,11.7047,10.77033,10.77033,10.77033,10.77033,11.40175,11.40175,11.40175,10.44031,10.77033,10.77033,10.77033,9.84886,10.77033,11.18034,10.29563,10.29563,10.29563,9.43398,9.43398,8.60233,8.60233,8.48528,8.48528,8.48528,7.07107,7.81025,6.40312,6.7082,6.7082,6.7082,5.83095,5.38516,5.09902,87.9659,78.56844,80.1561,82.13404,77.15569,76.36753,75.0733,76.48529,67.17887,70.83784,70.72482,70.72482,70.72482,65.29931,63.12686,65.73431,64.81512,61.03278,61.85467,60.20797,58.18075,58.18075,58.59181,56.61272,56.4358,61.91123,57.27128,59.09315,56.36488,56.46238,61.03278,61.7171,53.7122,56.36488,55.4617,56.0803,51.62364,54.91812,52.80152,52.80152,47.43416,47.01064,47.63402,49.81967,42.63801,43.41659,42.63801,40.0,35.51056,34.48188,32.75668,30.67572,33.61547,31.62278,29.83287,29.61419,23.08679,28.28427,26.1725,23.34524,27.45906,24.08319,25.0,24.41311,20.0,21.26029,18.38478,20.24846,21.63331,19.41649,25.55386,18.78829,20.12461,21.54066,23.08679,24.02082,29.27456,25.07987,31.01612,31.0,34.0147,38.83298,38.32754,44.14748,42.75512,42.57934,44.64303,45.22168,51.41984,47.29693,51.1957,56.04463,53.75872,54.56189,57.38467,56.46238,59.03389,61.46544,59.05929,62.76942,61.58734,66.57327,63.81222,64.49806,65.19202,67.41662,65.73431,69.6563,74.41102,80.1561,73.0,72.86288,77.62087,80.80842
15.0333,15.0,14.03567,14.03567,13.0384,13.0,13.0,13.0,13.0,12.0,12.04159,12.16553,11.04536,11.04536,11.18034,11.18034,11.18034,11.18034,10.44031,10.44031,10.44031,10.44031,10.44031,10.77033,10.44031,10.77033,10.44031,10.44031,10.44031,10.44031,10.19804,10.44031,10.19804,9.21954,10.19804,9.21954,9.05539,9.05539,9.0,9.0,8.06226,8.06226,8.06226,7.07107,7.28011,7.28011,6.32456,6.7082,5.83095,5.83095,5.83095,5.0,71.28113,79.81228,80.80223,71.40028,74.20243,72.8011,77.42093,73.10951,71.56116,68.24954,69.52697,65.79514,62.24147,66.46804,59.66574,62.482,58.89822,57.00877,58.0517,54.20332,53.82379,50.47772,55.56978,54.3783,52.20153,56.30275,56.85948,51.86521,52.80152,57.24509,49.39636,47.50789,54.08327,56.60389,56.85948,46.04346,50.77401,51.0392,50.21952,49.64877,46.01087,48.27007,47.38143,45.27693,46.40043,39.40812,35.0,38.07887,34.4093,36.40055,34.9285,30.08322,26.92582,31.257,28.16026,27.16616,26.1725,32.01562,29.73214,28.01785,31.82766,30.61046,29.20616,29.83287,29.83287,30.4795,26.24881,26.1725,30.0,29.15476,29.20616,32.64966,25.63201,28.23119,30.08322,31.7805,33.73426,31.62278,34.52535,32.38827,37.05401,35.90265,37.01351,40.04997,42.29657,42.0119,47.04253,43.28972,48.04165,49.49747,52.7731,52.95281,57.07013,52.17279,59.66574,48.05206,58.87274,60.44005,53.22593,64.62198,59.61543,65.39113,53.85165,63.52952,64.88451,61.77378,69.46222,68.96376,70.72482,73.81734,76.32169,72.94518,82.80097,71.19691
14.31782,13.41641,13.41641,13.41641,13.41641,12.52996,12.52996,12.52996,12.52996,11.6619,11.6619,12.20656,11.40175,11.40175,10.63015,11.40175,10.63015,10.63015,10.63015,11.31371,9.89949,10.63015,10.63015,10.63015,9.89949,10.63015,10.63015,9.89949,9.89949,9.89949,9.89949,9.89949,9.89949,9.21954,10.0,10.0,8.60233,8.06226,8.06226,7.61577,7.61577,7.61577,7.28011,6.32456,6.32456,6.08276,6.08276,5.0,5.0,5.0,4.12311,4.12311,82.2253,78.84795,78.26238,76.29548,80.23092,81.02469,75.80237,75.61085,75.0,61.84658,71.11259,63.50591,71.17584,66.91039,63.03174,65.00769,65.12296,65.00769,66.00758,63.03174,61.13101,57.42822,54.0,54.45181,58.30952,53.15073,60.20797,56.4358,55.08176,60.16644,58.69412,59.5399,55.14526,54.58938,62.39391,52.03845,54.33231,52.00961,55.00909,52.00961,48.16638,50.01,49.81967,42.57934,42.05948,45.70558,41.30375,40.80441,37.0,35.34119,35.90265,32.24903,42.0119,33.42155,32.44996,29.69848,26.1725,28.16026,29.0,29.06888,32.01562,34.36568,28.01785,27.16616,24.73863,28.01785,25.07987,32.06244,26.01922,32.01562,28.07134,24.33105,33.24154,27.89265,30.08322,30.08322,29.73214,33.24154,31.62278,38.27532,39.82462,36.87818,36.87818,43.13931,43.27817,42.44997,46.69047,51.73973,45.25483,49.49747,48.10405,51.22499,56.30275,54.40588,55.75841,55.44367,59.90826,55.56978,61.58734,62.64982,59.5063,58.13777,67.23095,67.6757,73.34848,72.44998,71.30919,75.89466,78.1089,67.18631,79.40403,84.20214,79.55501,79.83107
14.14214,13.34166,13.34166,13.15295,13.15295,12.16553,12.36932,12.36932,11.40175,11.40175,11.40175,11.40175,10.44031,10.77033,10.77033,10.77033,10.29563,10.77033,10.29563,10.29563,10.29563,10.29563,10.29563,10.29563,10.29563,10.29563,10.29563,10.29563,10.29563,9.84886,8.94427,8.94427,9.84886,8.94427,9.48683,9.48683,8.24621,8.24621,8.06226,8.06226,7.07107,7.07107,7.0,6.0,6.0,6.08276,5.09902,5.09902,5.38516,4.47214,4.47214,3.60555,86.27862,77.07788,78.56844,74.33034,78.51751,77.89737,75.82216,75.69016,71.44928,66.48308,76.38063,68.0147,65.29931,65.76473,61.85467,66.0303,63.82006,60.20797,62.00806,60.53924,59.9333,56.79789,58.66856,60.90156,61.77378,58.13777,61.84658,58.13777,57.77543,61.84658,55.9464,59.5063,55.9017,54.42426,59.48109,54.08327,59.64059,54.58938,57.98276,50.47772,53.60037,51.31277,48.01042,50.21952,47.42362,37.48333,37.64306,40.22437,40.31129,38.94868,34.82815,31.76476,35.73514,36.40055,28.86174,32.14032,28.44293,31.62278,28.63564,27.58623,32.44996,26.40076,27.65863,30.01666,26.83282,28.30194,32.24903,27.73085,35.17101,27.85678,37.69615,35.51056,25.70992,28.23119,32.24903,29.06888,26.92582,32.28002,35.17101,30.41381,32.24903,35.90265,44.38468,34.71311,43.93177,48.08326,45.12206,48.05206,50.0,46.52956,53.14132,51.62364,52.55473,54.626,55.9017,55.00909,60.82763,59.23681,64.41273,61.40033,60.82763,62.00806,66.7308,69.2026,65.60488,63.82006,71.21798,67.47592,76.38063,75.60423,80.05623,77.83315,79.9062,82.80097
15.23155,15.23155,14.31782,14.31782,13.41641,14.31782,13.41641,12.52996,13.0384,11.6619,12.52996,12.20656,11.40175,12.20656,11.40175,11.40175,12.04159,10.63015,11.31371,11.31371,11.31371,10.63015,11.31371,10.63015,11.31371,11.31371,10.63015,9.89949,11.31371,11.31371,10.63015,9.89949,9.89949,10.63015,10.0,10.0,9.43398,9.43398,8.94427,8.94427,8.544,8.544,7.61577,7.28011,7.28011,7.28011,7.07107,6.08276,6.0,6.0,6.08276,6.08276,77.10383,77.88453,80.30567,78.31347,78.05767,80.50466,73.82412,77.27872,73.02739,68.11755,63.07139,66.1211,69.00725,62.00806,61.0082,63.07139,65.06919,58.30952,57.14018,58.30952,67.26812,53.93515,61.18823,58.18935,57.00877,55.02727,60.40695,54.12024,57.28001,58.30952,58.87274,55.36244,58.69412,55.02727,49.47727,48.27007,48.76474,50.69517,49.39636,47.53946,49.36598,43.10452,50.21952,45.01111,43.04649,39.05125,44.01136,42.29657,38.32754,37.12142,37.21559,38.32754,34.53983,25.96151,28.30194,25.05993,24.69818,38.01316,34.52535,27.0,34.0,29.12044,29.0,30.06659,28.4605,30.06659,24.0,26.01922,29.01724,29.15476,25.01999,29.15476,29.12044,30.26549,37.85499,34.48188,31.01612,29.15476,32.20248,33.01515,38.58756,35.60899,32.55764,38.20995,42.52058,42.44997,42.44997,48.27007,49.51767,43.18565,47.50789,48.41487,53.25411,53.85165,57.98276,56.0357,51.31277,61.05735,56.4358,66.09841,55.15433,64.84597,58.30952,64.84597,70.34202,69.64194,62.8172,71.80529,71.58911,75.13322,75.9276,73.97973,84.34453,87.69265
14.21267,14.21267,13.45362,13.45362,13.45362,12.80625,13.45362,12.72792,12.72792,11.31371,12.04159,12.04159,11.40175,11.40175,11.40175,10.81665,10.81665,10.81665,10.29563,10.29563,10.29563,10.29563,10.29563,10.29563,10.29563,10.29563,10.29563,10.29563,10.29563,10.29563,9.43398,9.43398,9.43398,9.43398,10.0,9.21954,9.21954,8.48528,8.48528,7.81025,7.81025,7.81025,7.2111,7.2111,6.7082,6.7082,6.7082,6.32456,6.32456,6.08276,6.08276,5.0,74.16873,75.66373,80.62258,77.23341,80.22468,72.83543,74.00676,74.24284,72.83543,72.33948,72.00694,73.10951,72.0,61.03278,62.00806,67.47592,63.07139,62.16912,58.46366,63.50591,64.93843,61.0,56.75385,58.5235,57.27128,56.51548,58.85576,57.56735,59.46427,61.03278,59.48109,55.36244,60.41523,58.0517,60.74537,58.5235,51.62364,49.47727,51.24451,51.41984,51.92302,52.7731,49.0102,47.01064,40.31129,40.04997,43.10452,42.0119,37.33631,35.69314,38.47077,37.65634,33.73426,34.53983,33.24154,25.6125,27.78489,33.13608,31.14482,31.01612,30.14963,31.0,32.14032,27.01851,30.14963,26.01922,25.31798,26.07681,33.01515,29.27456,30.06659,23.76973,28.63564,32.01562,30.08322,29.15476,28.63564,28.63564,35.38361,30.61046,36.89173,37.20215,38.18377,41.34005,37.48333,45.45327,41.40048,47.38143,44.82187,53.90733,45.60702,45.61798,53.85165,54.70832,58.66856,61.40033,58.66856,61.7414,63.15853,66.30988,63.56886,63.89053,60.74537,63.24555,67.26812,63.15061,71.8401,72.03471,73.1642,74.52516,76.11833,83.18654,72.36712,76.41989
15.0,14.42221,14.42221,13.60147,14.42221,13.60147,13.0384,13.0384,13.0384,12.52996,12.52996,12.08305,11.18034,10.77033,10.77033,11.7047,10.77033,10.77033,10.44031,11.40175,10.44031,10.44031,10.44031,10.19804,10.44031,10.44031,10.44031,10.44031,10.44031,10.44031,9.48683,9.48683,9.84886,9.84886,9.84886,9.84886,9.43398,8.94427,8.60233,7.81025,7.81025,7.81025,7.81025,7.07107,7.81025,6.40312,7.2111,5.83095,6.7082,5.38516,5.38516,6.08276,78.8543,80.06248,79.07591,76.65507,76.15773,74.95332,71.80529,73.76313,71.8401,69.64194,66.76077,66.21933,69.64194,63.90618,62.16912,64.84597,62.39391,53.66563,61.84658,57.3062,59.68249,58.60034,57.80138,51.40039,55.4617,53.33854,53.33854,62.43397,52.69725,58.82176,55.75841,52.3259,56.0357,54.3783,53.0,53.66563,53.22593,55.9017,55.54278,48.33218,51.47815,49.33559,46.57252,48.70318,39.62323,45.27693,41.7732,41.4367,37.12142,34.0,37.33631,35.69314,35.17101,34.48188,29.54657,25.07987,23.70654,34.88553,31.90611,30.46309,29.96665,27.85678,27.29469,27.20294,27.29469,23.76973,26.83282,26.07681,24.20744,27.80288,26.62705,25.45584,29.06888,27.65863,28.42534,24.20744,34.1321,32.75668,31.06445,32.75668,27.85678,33.10589,35.17101,37.10795,38.32754,40.8534,41.97618,43.41659,50.0,49.36598,55.57877,51.62364,47.29693,51.08816,61.13101,56.0,53.03772,57.00877,54.00926,64.0,56.14268,64.49806,63.12686,62.1289,70.03571,68.88396,65.12296,67.18631,75.70997,73.68175,73.75636,75.9276,76.68768,80.52329
14.42221,14.42221,13.89244,13.89244,13.89244,13.0384,12.52996,12.52996,12.52996,12.08305,12.52996,12.08305,11.7047,11.7047,11.7047,11.40175,11.40175,11.40175,11.18034,11.18034,11.18034,11.18034,11.18034,11.18034,11.18034,11.18034,11.18034,11.18034,11.18034,11.40175,10.44031,10.19804,10.19804,9.48683,9.48683,9.84886,8.94427,8.94427,8.06226,8.06226,8.06226,8.06226,7.2111,7.2111,6.40312,7.07107,6.40312,5.65685,5.0,4.47214,4.47214,4.47214,77.0,79.00633,78.00641,84.05355,82.0061,76.05919,80.00625,78.0,72.00694,69.11584,69.35416,70.11419,69.72087,64.38167,62.03225,65.25335,63.63961,54.91812,62.36986,60.01666,58.94065,66.48308,54.23099,52.49762,53.45091,59.61543,57.27128,53.85165,50.32892,57.69749,57.93962,58.18075,52.55473,50.69517,55.71355,54.40588,50.63596,53.60037,49.64877,57.55867,50.9902,50.9902,47.67599,46.17359,44.10215,40.0125,41.04875,41.01219,41.04875,37.33631,36.67424,36.24914,32.69557,36.89173,32.20248,31.241,31.76476,31.32092,32.24903,32.01562,26.30589,26.68333,31.01612,28.44293,25.96151,29.15476,27.29469,23.70654,29.96665,33.52611,29.15476,28.6531,26.40076,30.01666,29.06888,28.3196,32.01562,29.83287,27.80288,34.71311,33.94113,33.61547,35.35534,36.67424,48.02083,38.48376,45.61798,45.18849,48.70318,50.32892,48.08326,53.14132,54.42426,52.46904,58.18935,60.16644,58.24946,62.29767,59.21149,61.40033,61.52235,56.22277,67.26812,66.37017,68.11755,69.11584,64.28063,64.00781,79.00633,78.00641,76.41989,78.00641,76.10519,79.05694
14.31782,14.76482,13.41641,13.41641,12.52996,13.41641,12.52996,12.52996,12.52996,11.6619,11.6619,11.6619,10.81665,11.40175,11.40175,10.63015,11.31371,10.63015,10.63015,9.89949,9.89949,9.89949,9.89949,9.89949,9.89949,11.31371,10.63015,9.89949,9.89949,9.89949,9.21954,9.21954,9.21954,9.21954,10.0,9.43398,9.43398,8.94427,8.06226,8.94427,7.61577,8.544,7.28011,7.28011,7.07107,7.07107,7.07107,6.0,6.0,6.08276,5.09902,6.08276,69.89278,75.58439,79.05694,72.47068,76.53757,73.43024,68.09552,72.71864,67.08204,64.62198,66.30988,60.03332,70.5762,60.72891,55.65968,56.921,59.48109,61.98387,52.63079,57.48913,63.95311,52.61179,52.15362,56.29387,49.24429,52.46904,52.46904,54.23099,53.46027,50.24938,54.08327,55.14526,53.75872,53.15073,50.15974,50.0,55.7853,50.63596,46.09772,48.70318,51.92302,44.01136,45.18849,45.69464,49.09175,39.81206,38.47077,40.31129,36.23534,36.23534,37.01351,31.241,29.73214,29.68164,28.6007,18.86796,22.36068,29.61419,29.15476,31.32092,29.12044,27.78489,26.0,24.69818,24.73863,25.96151,32.55764,27.85678,24.35159,25.31798,26.68333,28.01785,28.07134,27.29469,27.07397,26.68333,31.257,30.59412,31.95309,27.65863,33.10589,34.53983,39.35734,38.07887,40.22437,42.54409,43.01163,41.34005,43.26662,50.47772,50.80354,43.60046,53.15073,48.83646,56.58622,53.07542,58.89822,58.72819,59.81639,50.9902,63.78087,57.80138,61.03278,62.00806,66.37017,65.19202,66.03787,69.63476,69.11584,73.57309,71.19691,68.60029,79.25907,70.71068
13.60147,13.60147,13.92839,12.64911,12.64911,12.64911,12.36932,12.36932,11.18034,11.40175,11.18034,11.18034,11.18034,10.04988,10.04988,11.04536,11.0,11.0,11.0,10.0,10.0,10.04988,10.04988,10.04988,10.04988,10.04988,10.04988,10.04988,10.04988,10.04988,10.0,9.0,10.0,9.0,9.05539,9.05539,9.05539,8.06226,8.24621,7.28011,7.28011,7.28011,6.7082,6.7082,5.83095,5.83095,5.83095,5.0,5.0,5.0,4.24264,3.60555,76.90254,82.8734,80.41144,77.62087,80.32434,73.5459,77.7946,78.16009,70.88018,71.8401,65.79514,69.07966,69.31811,65.78754,59.61543,67.41662,64.41273,64.66065,64.41273,57.98276,60.21628,59.90826,57.00877,59.20304,64.53681,58.60034,56.0357,58.69412,58.79626,56.85068,55.80323,53.75872,55.60576,56.63921,52.00961,57.42822,54.67175,51.22499,53.25411,50.60632,51.97115,51.89412,46.51881,46.8188,44.28318,44.01136,38.62642,40.16217,40.79216,38.32754,33.95585,33.01515,32.01562,32.14032,32.38827,25.17936,28.16026,28.86174,28.28427,26.92582,28.86174,29.27456,28.86174,26.41969,25.63201,26.57066,29.73214,26.0,25.4951,24.59675,21.40093,27.80288,22.2036,25.6125,27.45906,25.45584,32.01562,31.241,33.28663,32.55764,37.44329,32.64966,36.76955,37.33631,41.10961,44.92215,47.80167,42.95346,48.08326,50.21952,51.66237,55.7315,52.95281,52.17279,55.3263,54.45181,60.13319,61.07373,58.13777,61.0,59.0,59.03389,57.55867,61.81424,65.11528,70.17834,73.24616,69.58448,73.82412,71.38627,76.48529,77.87811,79.07591,82.9759
15.55635,14.86607,14.86607,14.14214,14.14214,13.45362,13.45362,13.45362,12.80625,12.80625,12.80625,12.20656,12.20656,12.20656,11.6619,12.52996,11.18034,11.18034,11.18034,11.18034,11.18034,12.08305,11.18034,11.18034,11.18034,11.18034,10.77033,11.18034,11.18034,11.18034,11.18034,11.18034,11.18034,10.29563,10.81665,9.43398,10.0,10.0,9.21954,9.21954,8.48528,8.48528,8.48528,7.81025,7.81025,7.2111,6.7082,6.7082,6.7082,6.32456,5.38516,5.09902,84.89994,82.75869,77.89737,80.05623,80.28076,75.82216,77.89737,76.05919,74.41102,70.17834,69.02898,66.28725,68.26419,63.41136,63.60031,65.73431,64.3506,62.26556,63.63175,62.24147,63.15853,59.23681,62.96825,57.87055,56.46238,60.16644,61.98387,58.87274,56.46238,57.28001,55.97321,62.39391,58.5235,60.72891,57.24509,56.30275,54.42426,55.9464,54.56189,53.22593,51.97115,50.47772,49.0408,47.80167,44.82187,44.68781,46.66905,42.52058,38.20995,34.65545,33.6006,36.61967,37.20215,29.96665,29.96665,28.86174,28.86174,28.30194,26.40076,25.23886,27.80288,24.20744,22.2036,25.0,23.60085,22.47221,22.47221,22.47221,22.82542,25.07987,23.76973,26.0,23.76973,23.5372,26.07681,26.30589,26.0,28.07134,31.06445,30.26549,34.05877,33.73426,36.49658,37.85499,36.13862,41.10961,40.16217,45.69464,44.77723,47.75982,49.76947,49.65884,48.8467,51.42956,54.58938,57.24509,58.66856,55.9464,59.07622,61.07373,64.2028,58.60034,66.70832,66.70832,65.06919,70.76722,70.83784,69.35416,74.24958,75.66373,70.83784,75.66373,77.23341,78.56844
13.34166,13.34166,13.34166,13.34166,13.34166,12.16553,12.16553,12.04159,11.04536,11.04536,11.04536,11.04536,11.04536,11.0,10.0,10.0,10.04988,10.04988,10.19804,10.19804,10.19804,10.19804,10.19804,10.19804,10.19804,10.19804,9.21954,10.19804,9.21954,9.05539,9.05539,9.21954,9.05539,9.05539,9.05539,9.0,9.05539,8.06226,8.06226,7.07107,7.28011,7.28011,7.28011,6.32456,6.32456,5.38516,5.83095,5.83095,5.0,5.65685,5.0,5.0,79.20227,79.70571,81.34494,78.29432,77.16217,74.33034,75.27284,75.39231,72.8011,67.44627,70.5762,66.21933,66.40783,63.56099,61.98387,62.39391,63.28507,64.19502,62.28965,56.4358,58.03447,59.07622,62.07254,60.0,56.0803,56.0,52.03845,57.31492,55.3263,59.84146,66.0303,59.68249,54.33231,58.42089,56.0803,58.07753,53.03772,51.0,54.23099,52.23983,51.15662,47.67599,46.27094,46.38965,47.43416,40.8534,42.15448,41.78516,38.47077,36.71512,34.66987,31.06445,33.42155,31.40064,26.90725,27.65863,27.45906,28.16026,27.51363,27.85678,26.0,24.04163,25.4951,23.25941,22.13594,24.5153,24.5153,23.5372,23.19483,26.1725,24.02082,25.01999,24.33105,26.01922,26.4764,25.4951,25.07987,27.85678,31.38471,29.73214,34.48188,29.15476,36.23534,38.27532,40.22437,41.40048,45.45327,45.45327,48.83646,48.83646,50.91169,51.62364,51.73973,53.03772,52.3259,56.22277,59.03389,59.40539,58.00862,62.80127,63.24555,64.14047,64.63745,68.26419,67.23095,69.31811,67.97794,72.49828,75.23962,76.05919,72.09022,78.79086,81.5414,78.92401
15.0,15.0,14.0,14.0,14.0,13.0,14.03567,13.0384,13.0384,12.04159,12.04159,12.04159,12.16553,11.18034,11.18034,11.40175,11.40175,11.40175,10.44031,10.77033,10.44031,10.77033,11.7047,10.77033,10.77033,10.77033,10.77033,10.77033,10.77033,10.77033,10.44031,10.44031,10.44031,10.19804,10.19804,10.19804,9.21954,9.05539,9.05539,8.0,8.0,8.0,8.0,7.0,7.07107,7.07107,7.28011,6.32456,6.32456,6.32456,5.83095,5.83095,87.86353,78.49204,87.80091,75.80237,68.68042,82.21922,77.46612,83.09633,72.8011,75.80237,72.71864,70.80254,66.7308,62.80127,63.06346,69.35416,60.82763,65.74192,59.07622,61.05735,63.07139,57.56735,61.35145,62.76942,65.39113,56.04463,58.18935,53.22593,61.03278,58.5235,51.92302,58.24088,56.75385,59.20304,53.36666,55.15433,53.48832,55.54278,57.24509,53.23533,51.31277,49.09175,44.41846,47.16991,47.70744,43.26662,41.7732,38.94868,33.30165,36.79674,34.20526,33.42155,33.01515,28.17801,34.0147,25.70992,21.0238,30.41381,31.38471,30.23243,33.12099,32.20248,23.70654,30.80584,28.42534,28.6531,24.41311,26.83282,25.4951,25.63201,24.69818,30.26549,24.73863,32.89377,23.19483,31.14482,32.14032,36.12478,31.57531,30.06659,35.90265,39.05125,38.11824,41.48494,50.92151,41.10961,51.24451,44.38468,56.46238,50.92151,49.24429,54.23099,49.24429,49.64877,61.05735,57.77543,62.64982,61.29437,66.28725,62.482,63.63175,66.52819,75.74299,68.593,64.44377,74.96666,66.52819,72.18033,74.41102,78.64477,68.593,82.87943,87.04596,73.5527
14.14214,13.15295,13.15295,13.0384,13.15295,13.15295,12.16553,12.16553,12.36932,11.18034,12.36932,11.40175,11.40175,10.44031,10.44031,10.77033,10.77033,10.77033,9.84886,10.29563,10.29563,10.29563,10.29563,10.29563,10.29563,10.29563,10.29563,9.84886,10.29563,9.84886,9.84886,9.84886,9.84886,9.48683,9.48683,9.48683,8.24621,8.06226,8.06226,8.06226,7.07107,7.07107,7.0,6.0,6.0,6.08276,5.09902,5.09902,5.38516,4.47214,4.47214,4.24264,83.48653,75.66373,89.20202,75.21303,81.40025,80.91971,72.47068,82.61961,69.52697,71.56116,62.43397,67.41662,71.86793,59.64059,63.13478,64.00781,63.50591,54.12947,58.59181,59.77458,59.77458,57.93962,61.98387,60.40695,56.64804,56.32051,57.28001,56.921,57.56735,62.514,51.66237,57.31492,58.5235,54.12024,55.36244,60.00833,52.88667,59.77458,53.85165,51.0,50.15974,55.03635,50.15974,45.27693,48.8774,42.44997,39.66106,37.53665,43.86342,36.05551,33.97058,35.60899,35.77709,30.0,30.01666,27.51363,31.30495,25.55386,29.06888,29.06888,28.01785,21.26029,28.6007,20.51828,24.69818,23.32381,27.73085,25.4951,23.76973,23.76973,28.63564,26.68333,26.83282,31.257,21.2132,29.01724,29.01724,35.01428,36.01389,33.95585,35.51056,34.71311,32.01562,38.07887,43.68066,39.56008,45.54119,43.65776,52.83938,47.53946,52.88667,50.9902,51.10773,47.01064,54.3783,52.7731,57.45433,64.00781,62.96825,58.41233,60.21628,58.25805,68.593,65.19202,64.3506,70.71068,67.88225,65.76473,73.87828,77.62087,75.69016,77.33693,83.45058,87.00575
14.03567,15.0333,14.03567,14.03567,13.0384,14.03567,13.0384,13.0,13.0,12.0,12.0,12.04159,11.04536,11.04536,11.04536,11.18034,11.18034,11.18034,11.18034,11.18034,11.18034,10.19804,10.44031,10.44031,10.44031,10.44031,10.44031,10.44031,10.44031,10.44031,10.19804,10.19804,10.19804,10.04988,9.05539,10.04988,9.05539,9.0,8.0,8.06226,8.06226,8.06226,7.07107,7.07107,7.28011,6.32456,6.7082,6.7082,5.83095,5.83095,5.83095,5.0,79.32213,84.05355,79.40403,80.43009,73.81734,74.20243,78.60025,73.78347,65.80274,73.60027,65.94695,66.52819,64.53681,55.31727,62.28965,63.78087,60.87693,57.98276,58.0,51.86521,58.82176,57.00877,61.29437,50.80354,49.67897,60.46487,53.53504,55.9464,57.68882,56.82429,55.56978,55.56978,50.24938,55.60576,45.65085,54.20332,51.31277,51.40039,53.00943,49.39636,49.20366,51.66237,47.42362,41.03657,44.82187,39.05125,39.05125,40.60788,38.47077,30.41381,37.16181,32.89377,31.32092,31.40064,26.24881,26.1725,22.56103,32.55764,29.06888,24.69818,30.01666,26.90725,29.73214,29.69848,23.02173,20.80865,22.62742,29.69848,26.90725,31.14482,24.75884,33.28663,24.75884,31.30495,23.76973,32.57299,37.94733,30.67572,38.32754,34.52535,38.60052,39.62323,37.36308,40.0125,39.0,42.19005,46.38965,45.01111,52.23983,45.54119,52.00961,53.46027,52.61179,54.81788,51.78803,56.88585,55.54278,60.44005,55.36244,59.77458,62.93648,65.55151,59.16925,59.94164,69.35416,66.64083,70.21396,70.23532,71.58911,74.62573,77.66595,77.38863,76.15773,84.05355
13.60147,13.60147,12.64911,13.60147,12.64911,12.64911,12.36932,12.36932,12.36932,11.18034,11.18034,11.18034,11.18034,10.04988,10.04988,11.0,11.0,10.0,10.0,10.0,10.0,10.04988,10.04988,10.04988,10.04988,10.04988,10.04988,10.0,10.04988,10.04988,9.0,9.0,9.0,9.0,9.05539,9.05539,8.24621,8.24621,8.24621,7.28011,7.28011,6.32456,6.32456,5.83095,5.83095,5.83095,5.0,5.0,4.24264,5.0,3.60555,3.60555,83.9345,81.78631,85.70298,77.62087,81.78631,74.72617,77.36924,74.1485,77.46612,68.88396,70.34202,65.80274,68.68042,68.15424,63.89053,57.70615,63.69458,59.23681,67.23095,57.70615,64.66065,54.3783,57.3062,61.77378,57.80138,56.60389,54.70832,53.85165,61.77378,56.61272,60.20797,65.8635,59.9333,57.98276,55.80323,53.0,62.6099,56.79789,46.06517,51.0,48.30114,48.38388,48.08326,51.92302,42.95346,41.48494,43.18565,38.32754,37.05401,41.10961,35.01428,32.55764,33.95585,31.7805,36.68787,28.6531,25.4951,28.63564,23.76973,25.94224,27.89265,24.73863,27.73085,25.4951,25.29822,26.40076,26.92582,28.16026,24.16609,24.83948,28.3196,28.3196,25.6125,31.89044,34.65545,34.20526,30.61046,36.76955,38.58756,32.24903,36.35932,42.54409,39.39543,44.77723,41.59327,46.23851,47.12749,47.16991,50.59644,52.20153,54.74486,56.51548,52.95281,50.63596,55.22681,61.18823,60.01666,57.21888,60.00833,67.00746,59.03389,59.13544,67.47592,69.18092,70.03571,71.17584,71.17584,71.06335,72.36712,76.94154,76.41989,79.76215,79.07591,78.1025
14.03567,13.0,13.0,13.0384,12.0,13.0,12.0,12.04159,11.04536,11.04536,11.04536,11.04536,11.04536,10.04988,10.19804,10.44031,10.44031,10.44031,10.44031,9.48683,10.44031,9.84886,9.84886,9.84886,9.84886,9.84886,9.84886,9.84886,9.84886,9.84886,9.48683,9.48683,9.48683,8.544,8.24621,9.21954,8.06226,8.06226,7.07107,7.07107,7.07107,7.0,6.0,6.0,6.0,5.09902,5.09902,5.09902,4.47214,4.47214,3.60555,3.60555,79.30952,75.66373,80.72174,78.49204,82.21922,76.57676,77.78175,70.72482,69.52697,72.47068,72.8011,66.21933,65.0,69.81404,60.20797,62.26556,59.68249,59.5399,55.07268,57.27128,59.23681,54.56189,57.87055,54.70832,56.64804,59.46427,59.20304,57.00877,57.72348,52.49762,53.14132,57.24509,56.75385,55.02727,57.28001,50.9902,53.14132,54.70832,56.36488,49.76947,48.46648,45.18849,46.32494,47.16991,49.0408,44.41846,39.20459,35.60899,40.45986,39.66106,32.52691,31.06445,29.06888,34.4093,30.41381,25.4951,24.73863,34.1321,22.80351,30.23243,37.73592,42.44997,34.52535,29.61419,40.16217,23.19483,32.20248,24.41311,23.76973,40.1995,15.65248,39.31921,13.15295,31.14482,26.07681,35.12834,33.01515,39.20459,33.73426,34.9285,33.01515,36.05551,38.20995,32.0,44.91102,50.03998,51.15662,54.57105,59.46427,50.15974,44.38468,58.18935,53.0,52.95281,56.61272,56.64804,57.87055,55.9017,61.58734,60.20797,62.1289,57.42822,70.72482,63.24555,62.80127,75.60423,71.70077,71.44928,75.16648,71.58911,80.62258,79.93122,77.83315,84.8646
13.0,13.92839,13.41641,13.92839,13.0,12.08305,12.08305,12.08305,11.18034,11.18034,11.18034,10.81665,10.81665,10.81665,10.0,10.63015,10.0,9.89949,10.63015,10.63015,9.21954,9.89949,9.89949,9.89949,9.89949,9.89949,9.89949,9.89949,9.89949,9.89949,9.21954,9.21954,9.21954,8.60233,8.60233,8.60233,8.06226,8.06226,7.61577,7.61577,6.32456,6.32456,6.32456,6.08276,6.08276,5.0,5.0,5.0,5.09902,5.09902,4.12311,4.47214,74.52516,79.07591,84.17244,77.88453,76.65507,77.87811,79.07591,77.62087,71.19691,72.18033,69.2315,66.91039,64.93843,64.28063,63.78871,62.28965,64.19502,59.00847,64.03124,57.0,59.68249,61.07373,60.03332,61.13101,65.37584,58.30952,56.88585,58.24946,56.88585,57.42822,56.32051,54.03702,54.45181,55.22681,53.33854,50.08992,50.08992,54.08327,55.08176,54.00926,48.04165,48.09366,45.04442,47.51842,47.26521,43.17407,40.5216,39.29377,34.48188,31.01612,34.1321,32.75668,29.06888,23.43075,29.69848,30.41381,25.80698,29.01724,29.01724,21.0,25.01999,28.16026,25.0,24.33105,27.0,22.02272,26.01922,23.76973,28.28427,29.61419,24.69818,29.54657,23.5372,30.88689,36.05551,36.23534,29.54657,29.15476,38.94868,35.22783,35.22783,37.20215,36.87818,42.44997,46.69047,43.84062,46.09772,43.84062,46.69047,50.9902,51.66237,55.9017,51.85557,52.80152,52.69725,56.61272,61.40033,61.7171,64.00781,60.03332,60.41523,59.94164,65.55151,66.64833,67.97794,67.35726,68.8767,70.34202,71.47027,72.27724,73.68175,74.04053,76.844,72.18033
14.76482,14.76482,14.31782,14.31782,14.31782,13.41641,13.41641,13.0,12.08305,11.7047,11.7047,11.7047,11.40175,11.40175,11.40175,11.18034,11.18034,11.18034,10.04988,10.04988,11.04536,10.04988,10.04988,10.0,10.04988,10.04988,10.04988,10.04988,10.04988,10.04988,10.04988,10.19804,9.21954,9.21954,9.21954,9.48683,9.48683,8.544,8.544,7.61577,8.06226,8.06226,7.2111,6.40312,6.40312,6.40312,6.40312,5.65685,5.0,5.0,4.47214,5.38516,73.92564,78.77182,83.7735,77.07788,78.72103,80.5295,75.15318,73.40981,68.942,72.47068,69.31811,69.857,68.88396,60.0,67.1193,65.21503,62.43397,58.83026,61.84658,58.89822,59.20304,56.58622,53.75872,53.90733,58.72819,58.13777,56.58622,48.83646,58.13777,56.85068,58.0517,51.40039,50.9902,55.9017,50.24938,48.10405,51.66237,54.67175,46.2277,53.85165,50.21952,48.37355,47.01064,42.80187,47.43416,40.70626,39.56008,40.24922,37.94733,37.0,35.90265,29.83287,28.16026,26.1725,26.01922,24.5153,32.01562,28.42534,25.0,30.41381,31.90611,29.06888,24.20744,25.23886,27.01851,27.80288,23.60085,28.6007,28.3196,29.83287,32.80244,28.01785,28.6531,31.7805,38.83298,31.95309,39.81206,33.10589,34.88553,34.78505,39.0,39.29377,48.6621,47.53946,44.55334,47.85394,46.57252,46.69047,54.08327,52.61179,53.33854,58.07753,54.33231,55.14526,55.08176,55.00909,57.03508,61.13101,58.30952,58.21512,62.16912,65.25335,74.46476,65.51336,65.14599,70.88018,69.37579,69.37579,77.62087,75.27284,73.73602,78.39005,79.15807,79.62412
14.31782,13.41641,13.92839,13.0,13.92839,13.0,13.0,11.7047,11.7047,11.7047,11.7047,11.7047,11.40175,10.44031,10.19804,11.18034,10.19804,11.18034,10.04988,10.04988,10.04988,10.0,10.04988,10.04988,10.04988,10.04988,10.04988,10.04988,10.04988,10.04988,9.05539,9.05539,9.05539,9.21954,9.21954,8.24621,8.544,8.544,7.61577,7.61577,8.06226,7.2111,7.2111,6.40312,6.40312,5.65685,5.65685,5.0,5.0,4.47214,5.38516,5.38516,90.47099,86.33076,78.54935,80.9506,82.07923,79.84986,73.92564,75.591,70.77429,75.13322,74.68601,67.23095,63.06346,59.05929,62.16912,65.0,60.03332,56.30275,57.2014,57.38467,66.52819,58.69412,58.0517,60.81118,55.9017,54.48853,53.75872,53.75872,53.03772,53.03772,51.73973,60.60528,54.56189,53.41348,54.81788,52.34501,47.38143,54.03702,50.9902,52.3259,45.22168,48.27007,42.94182,46.04346,44.01136,39.56008,40.71855,38.07887,40.31129,36.76955,33.73426,30.26549,28.86174,28.16026,27.16616,29.12044,25.17936,32.75668,26.92582,27.20294,28.42534,27.45906,24.18677,29.41088,25.4951,24.08319,27.20294,28.3196,29.73214,23.34524,27.01851,35.51056,36.05551,31.40064,33.6006,30.52868,34.0,36.24914,39.56008,41.14608,38.27532,42.72002,43.65776,39.39543,43.93177,45.12206,50.21952,49.0306,55.14526,55.57877,57.55867,52.08647,55.0,57.00877,60.07495,56.00893,59.21149,57.03508,55.3263,67.06713,65.27634,66.61081,66.7308,64.03124,63.78871,63.24555,73.76313,74.95332,71.80529,75.27284,71.17584,75.76939,80.77747,81.84131
14.42221,14.42221,13.60147,13.60147,13.60147,13.60147,12.80625,12.80625,12.80625,12.04159,12.04159,12.04159,12.04159,11.31371,10.63015,11.40175,11.40175,11.40175,10.81665,10.0,10.0,10.81665,10.81665,10.81665,10.0,10.81665,10.81665,10.81665,10.0,10.0,10.0,10.0,9.21954,9.21954,9.89949,8.48528,9.21954,7.81025,7.81025,7.2111,7.2111,7.2111,6.7082,6.7082,6.32456,5.38516,5.38516,5.09902,5.09902,5.0,4.0,4.0,78.44743,82.56513,85.61542,80.80842,80.89499,76.90254,76.53104,82.9759,75.13322,75.66373,74.8131,71.19691,67.18631,64.62971,63.12686,63.1981,64.03124,61.0082,61.52235,59.13544,65.00769,59.13544,62.39391,57.87055,53.46027,53.93515,56.7186,56.56854,55.57877,55.44367,57.07013,54.58938,56.32051,54.12947,54.74486,54.00926,52.23983,53.33854,53.00943,48.04165,48.37355,50.01,48.04165,47.38143,39.29377,41.7732,37.64306,35.73514,36.24914,38.07887,30.67572,32.64966,28.01785,34.05877,31.89044,26.62705,24.75884,29.41088,25.29822,27.16616,28.79236,26.0,24.04163,22.47221,27.85678,28.79236,26.0,23.4094,27.89265,29.41088,28.17801,26.83282,31.38471,30.61046,31.90611,33.42155,37.48333,39.59798,34.20526,40.36087,42.42641,41.7732,43.93177,50.80354,45.80393,45.22168,55.22681,53.0,48.27007,58.13777,50.44799,55.47071,60.03332,61.40033,58.18075,60.41523,61.05735,63.63175,67.06713,66.21178,66.30988,68.68042,65.78754,63.60031,74.46476,68.65858,71.47027,69.63476,74.33034,76.68768,85.98837,82.49242,80.52329,84.85281
13.41641,13.41641,13.41641,13.41641,13.0,12.52996,12.08305,12.08305,12.08305,10.77033,11.7047,10.77033,10.44031,10.44031,10.44031,10.44031,10.19804,9.21954,10.04988,10.04988,9.05539,10.04988,9.05539,10.04988,10.04988,10.04988,10.04988,9.05539,9.05539,9.21954,9.21954,9.21954,9.21954,8.24621,8.544,8.544,8.544,7.61577,7.61577,7.61577,7.2111,7.2111,6.40312,6.40312,5.65685,5.65685,5.83095,5.0,5.0,4.47214,4.47214,4.12311,78.43469,83.43261,80.36168,76.844,80.00625,79.37884,75.58439,67.05222,71.30919,68.15424,71.47027,70.83784,68.00735,62.03225,66.40783,68.15424,56.85948,56.36488,53.7122,55.75841,58.5235,59.5399,51.47815,58.79626,57.00877,53.03772,59.03389,48.02083,54.03702,58.00862,55.60576,52.80152,49.40648,50.32892,54.6443,51.0392,51.40039,50.21952,44.65423,48.8774,46.52956,48.33218,40.16217,44.72136,36.05551,43.93177,36.67424,33.95585,30.26549,35.51056,34.0147,34.05877,30.01666,21.2132,29.15476,27.20294,23.76973,28.3196,24.41311,26.24881,22.2036,26.87006,22.62742,24.08319,24.83948,27.20294,20.61553,29.06888,29.73214,28.42534,29.20616,30.8707,33.83785,33.83785,36.67424,32.64966,37.16181,40.16217,40.31129,42.54409,45.22168,44.64303,49.72927,46.48656,50.9902,46.09772,50.01,47.67599,50.48762,53.75872,55.14526,60.53098,58.30952,59.3043,62.514,61.0,56.00893,53.0,66.06815,63.0,62.28965,61.20457,55.57877,68.88396,75.0,66.4906,72.18033,70.21396,73.5459,78.08969,79.62412,75.0,84.20214,81.60882
15.0,14.42221,14.21267,13.60147,13.60147,12.80625,12.80625,12.80625,12.80625,12.04159,12.04159,12.04159,11.31371,11.31371,10.63015,10.63015,10.63015,10.63015,10.0,10.0,10.0,10.0,10.0,9.43398,10.0,10.0,10.0,10.0,10.0,10.0,9.21954,9.21954,9.21954,9.21954,9.21954,8.48528,9.21954,8.60233,8.06226,7.2111,8.06226,7.61577,6.7082,6.32456,6.32456,6.08276,6.08276,6.08276,6.0,5.0,5.0,5.09902,81.61495,82.37718,74.33034,77.52419,84.29116,80.22468,73.5459,73.1642,69.26038,69.46222,71.17584,64.03124,74.02702,60.00833,60.07495,60.03332,61.13101,54.45181,54.14795,59.4138,59.03389,56.7186,50.63596,52.39275,57.70615,56.29387,53.85165,54.81788,51.78803,52.20153,56.921,56.921,49.0408,55.7853,53.16014,46.69047,50.48762,50.01,52.15362,48.01042,46.17359,49.09175,46.04346,44.04543,41.04875,43.01163,36.22154,42.44997,38.47077,33.52611,30.67572,29.96665,28.4605,24.16609,27.20294,28.42534,22.02272,18.68154,23.08679,18.38478,25.07987,22.80351,24.69818,24.16609,25.05993,25.45584,22.47221,27.01851,26.87006,29.20616,32.01562,26.87006,31.241,35.38361,32.52691,38.20995,38.94868,39.62323,40.45986,48.60041,41.86884,44.20407,45.34314,47.50789,50.11986,50.80354,49.64877,52.7731,57.2014,57.42822,55.56978,55.4617,58.83026,58.18075,59.5063,58.60034,62.62587,67.54258,63.24555,69.28925,64.4748,62.64184,68.73136,69.2315,74.2159,70.83078,66.48308,70.85901,71.34424,77.10383,76.1643,80.025,79.9062,86.70063
15.65248,14.76482,14.76482,15.65248,14.76482,13.89244,13.89244,13.89244,13.0384,13.0384,13.0384,12.20656,12.80625,11.40175,12.04159,12.04159,11.31371,11.31371,11.31371,11.31371,11.31371,11.31371,10.63015,11.40175,10.63015,10.63015,10.63015,11.31371,10.63015,10.63015,10.63015,10.63015,10.63015,10.63015,9.21954,10.0,10.0,9.43398,9.43398,8.94427,8.06226,7.61577,7.61577,7.61577,7.28011,7.28011,6.08276,6.08276,6.08276,6.0,5.0,5.0,77.38863,82.1523,75.13322,74.63243,78.03204,70.49113,74.79305,73.43024,71.55418,65.51336,64.41273,62.26556,60.92618,60.41523,59.48109,58.18075,62.62587,59.13544,52.63079,50.59644,51.97115,50.44799,48.50773,52.63079,49.49747,51.62364,53.60037,51.15662,50.44799,53.60037,49.47727,49.36598,49.49747,52.34501,43.01163,47.26521,49.49747,51.62364,49.81967,48.27007,50.32892,41.23106,42.54409,39.35734,42.15448,38.94868,34.98571,37.21559,33.61547,33.97058,30.41381,28.3196,31.241,26.87006,24.75884,28.23119,22.36068,20.24846,23.02173,20.09975,20.02498,23.5372,23.0,17.02939,20.09975,19.64688,20.61553,26.01922,27.89265,29.61419,31.7805,29.83287,33.73426,30.08322,31.32092,30.8707,38.27532,35.51056,42.94182,44.01136,42.54409,43.82921,44.72136,47.41308,51.10773,47.70744,58.30952,54.20332,59.68249,54.08327,54.20332,54.6443,52.20153,59.36329,55.47071,59.81639,58.89822,61.22091,55.9017,60.87693,66.06815,57.38467,62.24147,66.06815,69.63476,70.17834,70.0,74.94665,72.8011,72.56032,69.6563,77.52419,82.1523,73.57309
14.76482,14.76482,14.31782,14.31782,14.31782,13.41641,13.0,13.0,13.0,11.7047,12.08305,11.7047,11.40175,11.40175,11.40175,11.18034,11.18034,11.18034,11.04536,11.04536,11.04536,11.04536,11.04536,11.04536,11.04536,11.04536,11.04536,11.04536,11.04536,11.04536,10.04988,10.19804,10.19804,10.19804,10.19804,9.48683,9.48683,8.544,8.544,8.544,8.06226,8.06226,8.06226,7.2111,6.40312,6.40312,6.40312,5.65685,5.65685,5.0,5.0,4.47214,85.86617,78.84795,76.65507,76.24303,80.80842,73.05477,75.0,68.35203,71.86793,68.41053,65.80274,64.03124,65.19202,60.83584,61.09828,59.23681,56.82429,52.35456,55.9464,59.09315,61.40033,57.68882,51.08816,47.43416,52.69725,51.62364,55.47071,52.63079,52.40229,56.40035,54.70832,55.21775,52.20153,47.01064,53.53504,47.88528,50.21952,48.8774,49.92995,46.61545,47.12749,49.0408,42.48529,43.86342,43.65776,43.17407,41.23106,37.33631,32.24903,39.05125,41.04875,33.37664,31.257,35.90265,29.41088,26.92582,27.73085,20.80865,16.40122,18.43909,16.27882,19.79899,18.38478,19.72308,19.23538,18.43909,22.84732,22.84732,26.68333,25.96151,33.73426,32.01562,29.41088,35.90265,31.01612,35.1141,33.24154,35.0571,40.02499,44.38468,41.0,45.39824,43.41659,47.85394,47.38143,49.36598,49.09175,51.24451,49.09175,52.34501,54.33231,58.54912,59.22837,57.0,57.00877,53.08484,61.13101,61.29437,62.07254,60.53098,64.32729,58.42089,64.93843,64.13267,66.28725,67.68309,72.27724,71.16881,74.73286,81.0432,79.81228,78.92401,74.67262,84.75848
14.86607,14.86607,14.86607,14.86607,14.21267,12.80625,13.60147,12.80625,12.80625,12.80625,12.20656,12.20656,11.6619,11.6619,11.6619,11.18034,10.77033,11.18034,10.77033,10.77033,11.18034,10.77033,10.77033,10.44031,10.77033,10.77033,10.77033,10.77033,10.77033,10.77033,10.77033,11.18034,9.84886,10.29563,9.43398,10.29563,9.43398,8.60233,9.21954,8.60233,9.21954,7.81025,8.48528,7.81025,7.2111,7.2111,7.2111,7.2111,6.7082,6.7082,6.32456,5.38516,88.09086,80.09994,83.86298,79.30952,72.00694,73.33485,75.66373,78.31347,76.32169,66.91039,69.87131,62.36986,67.46851,62.36185,62.8172,64.32729,67.05222,53.14132,60.16644,55.71355,61.32699,54.626,54.12947,57.70615,58.18075,56.82429,56.35601,50.47772,56.79789,51.47815,54.12947,60.82763,56.36488,57.3062,52.35456,51.47815,54.12024,53.22593,53.66563,51.62364,49.0408,47.80167,46.84015,51.66237,38.83298,40.1995,47.67599,40.04997,35.0571,35.35534,35.01428,34.52535,30.41381,32.55764,30.67572,25.63201,30.36445,19.69772,17.80449,17.46425,18.02776,18.02776,16.64332,23.43075,25.05993,25.6125,23.60085,21.26029,29.20616,28.3196,29.0,34.66987,34.66987,37.80212,34.66987,39.40812,38.07887,35.77709,44.82187,43.82921,47.41308,48.8774,49.1935,50.08992,48.76474,48.37355,52.7731,47.85394,54.626,61.09828,57.00877,57.38467,58.30952,52.55473,59.46427,62.8172,62.8172,60.87693,60.40695,65.76473,68.06614,65.76473,59.00847,63.0,68.00735,75.10659,73.0,82.38932,73.1642,80.05623,69.18092,80.09994,80.30567,92.34717
13.0,13.0,14.03567,13.0,13.0,12.0,11.04536,11.04536,11.04536,11.04536,11.04536,10.04988,10.19804,10.19804,9.21954,10.19804,9.48683,9.48683,8.544,9.48683,9.48683,9.84886,9.48683,9.84886,9.84886,8.544,8.544,9.48683,8.544,8.544,9.48683,9.48683,9.21954,8.24621,8.06226,8.06226,8.06226,8.0,8.0,7.0,7.07107,7.07107,7.07107,6.08276,6.32456,6.32456,5.38516,5.38516,5.83095,5.83095,5.65685,5.0,76.41989,79.24645,81.3941,72.18033,76.36753,78.56844,74.20243,77.83315,71.44928,70.76722,67.88225,67.47592,64.2028,62.62587,60.30755,58.41233,61.29437,59.68249,53.33854,57.45433,59.94164,56.0357,58.60034,59.5063,53.7122,55.71355,56.0803,56.30275,48.8467,58.13777,56.85948,50.08992,52.81098,53.31041,51.31277,55.03635,54.56189,51.86521,51.31277,49.39636,52.43091,51.73973,47.41308,43.18565,40.31129,45.96738,44.59821,39.05125,33.28663,40.81666,36.05551,31.76476,34.0147,31.38471,32.28002,30.06659,29.42788,17.88854,17.46425,19.31321,16.27882,18.97367,21.0,15.52417,20.02498,20.09975,18.24829,26.01922,26.24881,25.70992,29.61419,32.75668,28.86174,29.15476,37.10795,37.65634,33.61547,39.84972,43.38202,47.12749,45.60702,46.48656,47.43416,51.41984,48.70318,52.0,56.0803,48.38388,57.77543,55.65968,54.23099,63.13478,59.61543,54.42426,56.85948,55.47071,57.70615,59.5399,57.14018,62.96825,64.40497,62.62587,58.83026,60.44005,66.48308,63.03174,70.71068,69.35416,66.48308,75.43209,72.86288,80.62258,80.80842,74.24958
15.0,14.21267,13.60147,14.21267,13.60147,13.60147,13.0384,13.0384,13.0384,11.6619,11.6619,12.08305,11.18034,11.18034,11.18034,10.77033,10.77033,10.77033,10.44031,10.44031,10.44031,10.44031,10.44031,10.44031,10.44031,11.40175,10.19804,10.44031,10.44031,10.44031,10.44031,10.44031,10.77033,9.48683,9.84886,9.84886,9.84886,8.94427,9.43398,8.60233,8.60233,7.81025,7.81025,7.81025,7.07107,7.07107,7.07107,6.40312,7.2111,6.7082,6.7082,5.83095,73.82412,74.54529,80.75271,77.31753,71.25307,69.58448,73.5527,64.32729,68.06614,65.9242,62.58594,63.06346,61.39218,66.09841,57.56735,52.55473,56.61272,55.71355,52.39275,55.36244,55.56978,50.60632,56.4358,51.47815,47.88528,53.7122,52.47857,53.23533,51.31277,52.15362,50.24938,48.82622,56.60389,48.25971,49.92995,48.75449,56.93856,50.11986,50.11986,50.56679,47.01064,48.08326,49.0408,36.40055,43.9659,45.70558,40.31129,38.32754,44.01136,36.05551,38.47077,38.47077,34.23449,35.69314,29.73214,28.4605,30.88689,21.93171,18.38478,17.46425,23.60085,20.0,20.0,18.43909,21.9545,19.84943,22.62742,23.43075,27.65863,24.08319,32.75668,34.82815,30.0,35.80503,34.82815,32.44996,46.87217,39.35734,41.59327,42.43819,44.77723,50.53712,46.32494,53.25411,51.07837,55.47071,59.05929,51.97115,58.18075,56.79789,58.13777,62.96825,59.61543,57.87055,60.44005,56.75385,64.03124,59.66574,61.18823,61.98387,60.67125,57.70615,62.00806,60.03332,64.28063,75.23962,74.0,71.11259,64.12488,68.02941,75.05998,78.77182,79.40403,77.64664
13.0384,12.04159,12.04159,12.04159,12.04159,11.04536,11.18034,11.18034,10.19804,10.19804,9.21954,9.48683,9.48683,9.48683,8.544,9.84886,8.94427,8.94427,8.06226,8.06226,8.06226,8.06226,8.94427,8.06226,8.06226,8.06226,8.06226,8.06226,8.06226,8.06226,7.61577,7.61577,7.61577,7.61577,8.544,8.24621,7.28011,7.28011,7.07107,7.07107,7.07107,7.07107,6.0,6.0,6.0,6.08276,6.08276,5.09902,5.38516,5.38516,5.38516,4.47214,74.16873,73.43705,79.1012,74.16873,70.06426,73.10951,69.0,67.06713,63.03174,64.00781,61.03278,61.13101,57.14018,55.08176,57.31492,50.9902,53.60037,49.72927,48.50773,51.24451,52.20153,50.28916,50.69517,48.46648,46.61545,48.46648,47.16991,49.24429,47.42362,47.01064,49.65884,51.47815,43.82921,47.92703,44.59821,47.53946,48.38388,44.59821,45.88028,43.9659,46.38965,47.38143,39.62323,39.01282,41.10961,41.04875,42.0,38.0526,37.12142,36.67424,34.71311,35.17101,32.28002,32.31099,32.64966,31.38471,28.84441,24.02082,27.29469,24.0,29.12044,27.29469,28.07134,29.61419,30.08322,30.08322,35.17101,34.78505,37.0,35.8469,37.33631,36.76955,40.71855,49.24429,45.61798,46.64762,46.06517,50.77401,51.97115,54.70832,58.00862,57.98276,61.03278,57.42822,60.60528,61.7171,64.53681,62.28965,63.65532,63.70243,62.96825,65.79514,63.70243,66.06815,64.53681,62.482,64.81512,69.06519,65.36819,66.88797,66.18912,67.54258,71.69379,67.41662,68.96376,71.47027,65.14599,71.06335,75.70997,76.90254,70.61161,73.5459,76.29548,73.97973
11.18034,11.18034,11.40175,10.19804,10.44031,9.21954,9.21954,9.48683,8.24621,8.544,8.544,7.61577,7.61577,7.61577,6.7082,6.7082,6.7082,6.7082,6.40312,6.40312,6.40312,6.40312,6.40312,6.40312,6.40312,5.83095,5.83095,5.83095,5.83095,5.83095,5.38516,5.38516,5.38516,5.38516,5.09902,5.09902,5.0,5.0,5.0,4.0,4.12311,4.12311,4.12311,4.12311,4.47214,3.60555,3.60555,3.60555,4.24264,4.24264,3.60555,3.60555,71.56815,72.11103,73.68175,68.73136,67.89698,63.95311,62.96825,63.95311,60.82763,58.24946,52.95281,55.54278,52.63079,52.88667,49.0408,47.16991,46.61545,42.95346,45.69464,42.95346,42.05948,41.34005,40.81666,40.31129,41.18252,38.58756,37.44329,38.83298,39.66106,37.01351,37.01351,36.35932,34.66987,35.35534,34.48188,35.4683,36.24914,33.61547,29.61419,30.08322,30.26549,30.26549,31.06445,28.07134,26.07681,27.01851,26.4764,25.31798,24.35159,25.4951,23.76973,24.69818,22.47221,20.24846,24.75884,22.2036,21.40093,38.91015,35.35534,37.12142,40.24922,38.94868,40.71855,38.91015,41.88078,44.28318,44.41846,47.20169,47.43416,50.0,50.80354,51.08816,54.67175,57.62812,55.60576,57.38467,54.67175,58.79626,60.81118,58.0,62.28965,65.79514,63.12686,64.53681,64.66065,66.06815,69.81404,64.2028,67.00746,67.80118,67.6757,69.97142,67.23095,67.54258,67.1193,68.15424,66.7308,70.00714,70.60453,68.41053,73.00685,67.18631,72.00694,70.45566,72.83543,71.34424,75.23962,73.06162,73.00685,69.06519,73.02739,77.23341,78.02564,75.23962
11.0,11.0,11.0,11.0,10.0,10.0,9.0,9.0,9.0,8.06226,8.06226,8.06226,8.06226,7.07107,7.28011,7.07107,7.28011,7.28011,6.32456,6.32456,6.32456,6.32456,6.32456,6.32456,6.32456,6.08276,6.08276,5.09902,6.08276,6.08276,5.09902,5.09902,5.0,5.0,5.09902,5.09902,4.12311,5.09902,4.12311,4.47214,4.47214,3.60555,3.60555,4.24264,4.24264,3.60555,3.60555,3.60555,4.47214,4.12311,4.12311,4.12311,76.11833,71.38627,71.56815,66.61081,63.95311,63.78871,62.64982,64.62971,59.03389,57.55867,55.3263,53.08484,54.14795,50.01,47.01064,48.0,50.03998,47.26521,45.39824,40.1995,41.4367,40.4475,44.38468,40.60788,37.85499,41.7732,34.71311,40.02499,36.13862,37.85499,34.52535,35.35534,34.52535,36.67424,34.1321,32.06244,36.34556,32.01562,30.0,31.06445,27.45906,30.59412,28.4605,28.4605,28.79236,25.4951,24.18677,23.02173,26.24881,22.62742,22.02272,18.60108,21.93171,21.9545,17.88854,21.58703,19.10497,36.13862,35.44009,35.73514,37.0,36.40055,37.33631,40.31129,38.01316,41.62932,41.23106,43.46263,46.61545,45.61798,51.42956,52.35456,50.53712,54.58938,54.20332,55.22681,56.93856,58.5235,58.83026,57.45433,58.24946,60.74537,63.60031,61.03278,65.0,61.07373,67.47592,62.24147,66.48308,65.79514,67.20863,66.52819,68.68042,62.96825,65.60488,68.41053,66.61081,71.28113,64.88451,67.74216,70.21396,65.29931,65.30697,70.38466,67.35726,74.0,73.73602,73.38937,70.88018,73.4983,68.30813,73.76313,76.15773,73.5459
13.60147,12.80625,13.60147,12.20656,12.20656,11.40175,11.6619,10.81665,10.29563,10.81665,10.29563,10.29563,10.29563,8.94427,8.94427,9.48683,8.544,8.544,8.544,8.544,8.544,8.24621,8.544,7.28011,7.61577,7.28011,7.28011,7.61577,7.61577,7.61577,6.7082,6.7082,6.7082,6.7082,6.7082,7.2111,6.40312,5.65685,5.65685,5.65685,5.65685,5.0,5.0,5.0,4.47214,4.47214,4.47214,4.12311,4.12311,4.12311,4.0,4.0,74.4043,74.4043,76.844,71.86793,70.3278,70.17834,64.63745,66.03787,63.81222,62.64982,57.24509,58.60034,54.626,53.22593,52.3259,55.36244,51.07837,47.16991,46.8188,46.32494,50.28916,45.88028,45.60702,43.17407,40.02499,43.32436,41.7732,42.29657,38.47077,42.29657,39.45884,41.23106,35.44009,40.80441,36.13862,36.40055,38.62642,34.0147,34.88553,35.77709,32.20248,30.80584,30.23243,29.83287,26.87006,26.90725,28.28427,27.45906,25.6125,25.05993,23.70654,22.47221,22.56103,21.37756,23.08679,19.10497,20.02498,36.01389,34.0147,34.1321,37.05401,36.12478,37.01351,36.01389,38.0526,40.0125,40.11234,45.01111,44.40721,45.17743,47.09565,47.67599,48.09366,54.33231,52.08647,51.62364,56.56854,54.74486,59.68249,58.69412,60.63827,56.51548,62.0967,60.87693,66.48308,63.06346,68.30813,62.29767,66.12866,64.84597,66.30988,69.35416,64.4748,68.26419,67.60178,65.51336,69.33974,71.56116,66.0303,72.20111,69.81404,70.29225,67.94115,69.31089,70.72482,74.33034,70.93659,71.58911,76.83749,77.80103,75.80237,78.40918,77.20104,75.45197
13.41641,12.08305,13.0,12.08305,12.08305,11.18034,10.77033,9.84886,9.84886,9.48683,9.84886,9.48683,9.48683,9.48683,8.24621,8.24621,8.24621,8.24621,8.06226,8.06226,7.07107,8.06226,7.28011,7.07107,7.07107,7.28011,7.28011,7.07107,7.28011,7.28011,6.32456,6.32456,6.32456,6.32456,5.83095,5.83095,5.83095,5.0,5.0,5.65685,5.65685,5.0,5.0,4.47214,4.47214,4.47214,4.12311,4.12311,4.12311,4.0,4.0,4.0,71.19691,72.42237,61.40033,65.0,75.13322,66.7308,64.3506,63.63175,65.0,61.85467,57.14018,55.0,57.42822,51.62364,51.61395,54.08327,50.0,48.16638,47.38143,46.09772,51.66237,41.23106,42.44997,43.86342,34.65545,41.23106,43.93177,38.60052,39.59798,36.12478,41.72529,43.86342,33.97058,35.4683,41.86884,39.69887,37.20215,34.05877,36.05551,36.40055,34.48188,34.4093,30.01666,28.23119,30.67572,29.41088,28.16026,23.19483,21.18962,29.06888,23.34524,29.06888,20.61553,20.61553,23.08679,23.60085,20.12461,36.68787,34.48188,37.94733,34.20526,36.40055,35.44009,38.32754,36.13862,42.2019,41.7732,43.32436,43.41659,43.56604,43.32436,50.24938,47.53946,53.93515,55.9017,51.35173,50.9902,52.7731,63.00794,60.40695,55.9017,62.514,62.514,58.30952,62.39391,58.03447,62.03225,64.28063,61.0082,62.00806,63.0,61.03278,68.00735,64.19502,66.27217,66.28725,66.4906,72.18033,63.78871,67.72001,64.51356,61.98387,69.89278,69.64194,66.48308,69.77105,70.77429,71.17584,73.82412,75.6439,69.77105,71.86793,77.36924,76.02631
12.80625,12.80625,12.20656,12.80625,11.40175,11.40175,11.40175,10.81665,10.81665,9.43398,10.81665,10.29563,9.84886,8.94427,8.94427,8.94427,9.84886,8.544,8.544,8.544,8.544,8.544,8.544,8.24621,8.24621,8.544,8.544,8.544,8.544,7.61577,7.61577,7.61577,7.61577,6.7082,7.2111,7.2111,7.2111,6.40312,6.40312,6.40312,5.65685,5.65685,5.65685,5.0,5.0,4.47214,4.47214,4.47214,4.12311,3.16228,3.16228,3.0,76.79193,73.82412,74.54529,72.99315,79.40403,77.78175,70.45566,67.60178,64.49806,64.62971,62.20129,63.12686,62.07254,50.01,57.03508,56.32051,55.00909,56.22277,51.0392,52.08647,51.62364,50.63596,45.35416,49.0408,41.97618,41.7732,44.91102,40.79216,45.39824,50.59644,44.91102,50.21952,41.19466,41.30375,41.4367,35.22783,38.11824,43.01163,41.01219,39.11521,38.0526,38.11824,35.69314,32.38827,35.51056,27.16616,36.13862,32.28002,28.30194,26.92582,27.313,30.23243,26.40076,24.08319,25.23886,25.23886,23.02173,35.35534,31.90611,31.30495,33.83785,37.57659,37.33631,33.83785,34.48188,42.48529,38.58756,40.81666,44.20407,50.77401,43.04649,51.22499,51.22499,47.42362,52.3259,51.08816,48.02083,51.40039,57.00877,51.08816,60.87693,58.89822,57.28001,61.6198,64.3506,61.55485,62.93648,63.78087,62.36986,58.25805,68.0147,63.65532,68.00735,66.28725,65.45991,69.64194,66.7308,66.7308,65.79514,67.1193,67.62396,64.62198,73.1642,67.77905,75.02666,71.06335,66.09841,67.72001,79.42921,80.28076,76.68768,73.68175,77.41447,73.34848
14.31782,14.31782,13.34166,13.34166,12.36932,13.34166,12.36932,11.40175,11.40175,10.44031,11.7047,10.77033,10.77033,9.84886,9.84886,9.84886,10.29563,8.94427,9.43398,9.43398,8.94427,8.94427,9.43398,8.60233,8.60233,9.43398,9.43398,8.06226,9.43398,9.43398,8.94427,7.61577,8.06226,7.61577,8.544,8.544,8.544,7.28011,7.28011,7.07107,7.07107,7.07107,6.08276,7.0,6.0,6.08276,6.08276,5.38516,6.32456,5.38516,5.38516,5.38516,70.72482,75.60423,78.60025,70.03571,75.16648,72.42237,72.47068,71.06335,68.76772,63.78087,64.03124,64.40497,58.00862,57.2014,61.05735,53.85165,58.83026,53.85165,54.12024,51.89412,53.7122,49.76947,50.59644,47.92703,47.53946,47.92703,47.80167,48.33218,47.16991,45.54119,47.16991,49.64877,47.12749,47.01064,39.84972,42.94182,42.15448,42.94182,44.41846,44.94441,39.44617,38.01316,36.87818,38.60052,36.76955,38.8973,33.97058,33.97058,33.12099,29.83287,32.24903,29.52965,29.73214,26.40076,26.30589,30.01666,24.08319,36.68787,30.80584,30.59412,36.68787,33.54102,36.76955,31.7805,32.98485,32.75668,37.65634,38.47077,40.11234,39.01282,44.04543,46.27094,39.0,45.0,49.0,41.04875,46.17359,48.04165,52.03845,47.01064,50.01,54.33231,55.08176,56.08921,54.45181,51.62364,59.20304,50.44799,59.20304,60.41523,56.51548,62.8172,65.19202,62.24147,60.08328,58.60034,65.76473,65.79514,69.02898,65.51336,64.63745,66.0303,75.60423,67.62396,71.70077,67.80118,66.46804,69.40461,74.27651,73.10951,72.86288,71.44928,80.65978,67.47592
14.31782,13.34166,14.31782,13.34166,13.34166,12.36932,12.36932,12.36932,11.40175,11.7047,11.7047,11.7047,10.77033,10.77033,9.84886,11.18034,10.29563,10.29563,10.29563,10.81665,10.29563,10.0,10.29563,10.0,10.0,9.43398,10.0,10.81665,9.43398,9.43398,9.43398,9.43398,9.43398,8.94427,8.94427,8.544,8.544,8.544,8.24621,7.28011,8.24621,7.28011,7.07107,6.08276,7.0,6.0,6.0,6.0,6.08276,5.09902,5.38516,4.47214,84.11896,78.8543,78.84795,77.49194,74.33034,74.72617,73.76313,73.37575,68.15424,65.78754,66.12866,63.90618,62.24147,61.84658,61.46544,58.13777,61.7414,57.3062,55.07268,56.30275,57.00877,54.6443,52.20153,53.41348,53.41348,54.67175,53.2635,52.40229,52.00961,49.57822,50.44799,53.41348,51.08816,53.75872,50.9902,50.80354,50.60632,49.67897,49.92995,47.70744,47.88528,46.14109,46.95743,44.72136,44.01136,39.92493,40.49691,39.84972,35.35534,33.73426,33.24154,33.0,35.12834,31.01612,31.14482,26.92582,28.63564,29.15476,28.6007,29.68164,30.41381,29.20616,28.6531,26.62705,25.6125,27.01851,29.68164,32.20248,30.41381,30.61046,31.1127,33.30165,30.4795,33.97058,33.01515,34.48188,38.01316,37.58989,38.91015,39.39543,41.62932,42.48529,44.01136,41.76123,44.38468,50.0,51.41984,47.85394,54.57105,53.93515,55.44367,58.69412,56.56854,56.32051,58.42089,60.29925,64.0,64.38167,60.07495,67.00746,65.12296,62.20129,61.66036,64.62971,69.72087,72.18033,71.58911,71.84706,72.78049,74.52516,73.00685,81.02469,79.30952,78.84795
13.41641,13.41641,13.89244,12.52996,12.52996,12.52996,12.52996,11.6619,11.6619,10.81665,10.81665,10.81665,10.0,10.0,9.21954,10.63015,9.89949,10.63015,9.89949,9.89949,9.21954,9.89949,9.89949,9.21954,9.21954,9.21954,9.89949,9.89949,9.21954,9.89949,9.21954,9.21954,9.21954,9.21954,9.43398,8.60233,8.06226,8.06226,8.06226,6.7082,7.61577,7.28011,7.28011,7.07107,6.08276,7.07107,6.0,6.0,6.0,5.09902,6.08276,5.09902,75.591,77.41447,73.92564,73.43024,79.40403,71.11962,71.02112,71.34424,69.33974,64.66065,65.29931,65.73431,66.28725,60.60528,57.2014,60.44005,59.46427,58.0,55.86591,53.07542,52.34501,55.86591,49.81967,51.66237,50.32892,50.44799,52.49762,50.80354,52.49762,53.41348,54.20332,54.03702,51.40039,50.21952,53.41348,48.16638,51.85557,48.16638,50.20956,47.38143,50.20956,47.01064,43.60046,44.65423,42.72002,41.59327,38.94868,40.24922,36.68787,34.48188,33.95585,33.73426,31.57531,30.14963,29.15476,29.0,27.45906,27.73085,27.313,25.4951,29.06888,25.4951,25.4951,28.17801,26.92582,30.46309,26.24881,27.85678,31.95309,34.71311,29.42788,32.75668,34.71311,35.12834,36.49658,32.38827,38.01316,38.20995,43.04649,44.04543,42.04759,43.04649,49.25444,49.0408,51.08816,52.15362,51.62364,53.23533,54.45181,57.27128,57.07013,61.0,61.0,60.63827,61.0,65.51336,64.84597,65.52099,67.72001,65.0,71.30919,67.06713,69.28925,69.64194,71.17584,71.55418,73.40981,72.44998,76.05919,72.89719,76.94154,75.80237,82.1523,78.39005
12.04159,12.04159,13.0,12.04159,12.04159,11.04536,11.04536,11.0,10.04988,10.0,10.04988,10.04988,9.05539,9.05539,9.21954,9.21954,9.21954,8.24621,9.21954,8.24621,9.48683,9.48683,8.544,8.544,8.544,8.544,9.48683,8.544,8.544,8.24621,8.24621,8.24621,8.24621,8.06226,8.06226,8.06226,8.06226,7.0,7.0,7.0,7.07107,6.08276,6.08276,6.32456,5.38516,5.38516,5.83095,5.38516,5.0,5.0,5.0,4.24264,71.58911,76.32169,74.33034,70.00714,73.73602,68.35203,73.1642,65.19202,66.7308,60.16644,58.82176,61.03278,59.13544,59.90826,55.54278,54.12947,59.5399,53.46027,51.15662,54.23099,51.0392,52.15362,51.0392,51.0098,49.0408,49.0102,52.0,50.08992,51.15662,51.08816,52.00961,49.0,52.00961,46.01087,46.01087,48.01042,48.01042,49.09175,48.16638,44.91102,46.27094,46.57252,43.17407,42.2019,39.84972,38.8973,37.57659,39.35734,34.48188,33.83785,33.6006,28.42534,32.64966,28.3196,28.3196,27.45906,23.32381,29.15476,33.01515,17.46425,12.16553,23.25941,44.20407,29.20616,26.01922,30.14963,39.0,30.8707,49.64877,14.21267,14.31782,39.40812,44.94441,33.42155,32.01562,35.80503,37.01351,39.11521,38.8973,39.82462,44.20407,43.13931,51.62364,49.49747,54.45181,45.80393,54.67175,39.82462,47.80167,65.11528,59.46427,66.70832,49.1935,54.58938,59.81639,58.24946,63.51378,61.85467,63.63175,61.03278,66.57327,60.20797,65.8635,64.41273,66.64083,68.88396,69.35416,71.11259,66.70832,68.54196,74.09453,79.20227,73.92564,77.62087
13.15295,13.15295,13.34166,12.16553,12.16553,12.16553,12.36932,11.18034,11.40175,10.44031,10.44031,10.44031,9.84886,9.84886,9.84886,10.29563,10.29563,10.29563,9.43398,9.43398,10.29563,9.43398,10.29563,10.0,10.0,10.0,9.43398,9.43398,9.43398,9.43398,9.43398,9.43398,8.94427,8.94427,8.544,8.544,8.544,8.544,7.28011,7.07107,7.28011,7.07107,7.07107,6.08276,6.0,6.0,5.09902,5.09902,5.09902,4.12311,4.47214,4.47214,77.23341,74.43118,77.16217,72.06247,71.44928,71.17584,65.06919,67.06713,63.00794,65.12296,65.00769,63.00794,62.03225,59.07622,62.03225,60.29925,56.4358,53.15073,55.9017,56.7186,56.75385,51.41984,55.65968,51.5461,49.39636,50.0,52.20153,51.5461,49.98,53.16014,53.48832,55.36244,53.75872,49.33559,51.24451,51.92302,50.0,49.33559,50.69517,49.64877,46.27094,48.09366,44.0,43.04649,44.01136,41.01219,43.10452,37.05401,37.65634,32.75668,36.40055,30.80584,31.01612,27.85678,27.80288,27.58623,26.62705,26.07681,29.15476,26.40076,26.40076,27.20294,26.92582,29.68164,26.41969,26.62705,28.3196,27.29469,29.41088,32.20248,32.80244,27.80288,31.82766,33.97058,33.94113,33.97058,35.4683,33.42155,38.83298,37.01351,39.82462,43.41659,43.01163,42.72002,50.24938,44.41846,46.95743,50.11986,51.0,47.42362,53.22593,55.9017,53.7122,55.71355,58.30952,57.58472,62.03225,60.40695,60.63827,68.41053,60.63827,63.06346,69.2315,62.0967,61.66036,66.91039,66.91039,66.91039,72.44308,74.8131,71.34424,74.33034,75.42546,76.1643
12.64911,12.36932,12.36932,11.7047,11.40175,11.40175,11.18034,11.18034,10.19804,10.19804,10.19804,10.04988,10.04988,10.04988,9.0,10.0,10.0,9.05539,9.05539,9.05539,9.05539,9.05539,9.21954,9.21954,9.05539,10.19804,10.19804,9.05539,9.21954,9.05539,9.05539,9.05539,9.05539,9.05539,9.05539,9.0,8.0,8.06226,8.06226,8.06226,7.07107,7.28011,7.28011,6.32456,6.32456,5.38516,5.38516,5.83095,4.47214,5.0,4.24264,4.24264,73.06162,73.24616,75.29276,72.91776,76.94154,71.58911,69.77105,70.71068,68.42514,67.53518,67.54258,64.4748,62.62587,59.46427,60.74537,58.18935,58.82176,55.08176,55.31727,55.9017,58.30952,55.9017,54.33231,54.14795,53.60037,51.15662,56.14268,54.08327,53.15073,56.0803,55.14526,52.15362,51.0098,53.23533,55.14526,53.46027,52.23983,51.78803,48.83646,54.12947,53.16014,48.38388,44.94441,45.31004,45.31004,43.46263,39.35734,42.54409,37.44329,40.80441,34.4093,34.82815,29.20616,30.4795,31.14482,28.42534,25.55386,27.01851,26.07681,26.0,27.16616,26.0,30.14963,24.0,25.0,27.0,26.1725,26.1725,27.16616,26.4764,25.17936,30.41381,31.04835,31.04835,31.95309,31.32092,33.61547,35.1141,36.23534,38.47077,40.31129,42.05948,44.10215,43.56604,44.65423,46.32494,48.25971,49.40648,51.40039,53.82379,49.81967,56.85068,58.25805,60.1415,58.69412,58.69412,61.52235,58.69412,63.12686,60.959,66.70832,61.7171,62.00806,68.41053,68.60029,67.41662,68.60029,68.8186,74.09453,72.40166,76.66159,77.38863,76.8505,78.29432
14.21267,14.21267,12.80625,13.45362,12.80625,12.80625,12.80625,12.20656,12.20656,11.6619,11.6619,11.6619,11.18034,11.18034,11.18034,10.77033,10.77033,10.77033,10.44031,10.44031,11.40175,10.44031,10.44031,11.18034,11.18034,11.40175,11.40175,10.44031,11.40175,10.44031,10.44031,10.44031,10.77033,9.84886,9.84886,9.84886,10.29563,8.94427,8.94427,8.60233,8.60233,8.60233,7.81025,7.81025,7.07107,7.07107,6.40312,6.40312,6.40312,5.83095,5.83095,5.38516,76.40026,75.21303,76.2168,73.81734,70.21396,72.62231,70.93659,68.41053,68.88396,66.70832,64.53681,60.87693,64.38167,58.72819,55.86591,60.20797,60.959,59.81639,59.90826,51.85557,55.47071,52.43091,56.82429,51.62364,51.88449,54.70832,51.97115,54.12947,54.20332,57.45433,56.0803,60.90156,55.9017,58.13777,53.23533,55.22681,54.58938,54.70832,53.85165,50.80354,50.21952,52.49762,50.20956,49.51767,48.08326,44.82187,44.04543,43.27817,40.80441,39.66106,36.71512,36.23534,36.24914,33.52611,31.04835,30.59412,31.257,23.25941,25.55386,25.55386,28.01785,25.55386,25.80698,23.85372,25.55386,25.23886,21.93171,26.40076,26.40076,25.4951,29.73214,25.4951,26.68333,30.06659,27.29469,31.01612,33.01515,31.01612,38.01316,35.01428,37.01351,36.22154,41.04875,40.11234,45.27693,44.55334,47.67599,48.50773,50.63596,49.72927,50.21952,55.08176,54.81788,56.75385,55.36244,58.94065,61.03278,62.39391,57.24509,62.24147,60.92618,64.84597,67.1193,62.17717,65.8635,67.60178,65.51336,68.47627,74.43118,77.93587,71.58911,72.67049,78.77182,76.6094
13.92839,13.92839,13.0,13.0,13.0,13.0,12.08305,12.08305,11.18034,11.18034,11.18034,11.18034,10.29563,10.81665,10.0,10.0,10.63015,10.63015,9.89949,9.89949,9.89949,9.89949,9.89949,9.89949,9.89949,9.89949,9.89949,9.89949,9.89949,9.89949,9.89949,9.89949,9.21954,9.21954,10.0,10.0,9.43398,8.94427,8.06226,8.94427,8.06226,8.94427,7.61577,7.28011,7.28011,7.28011,7.28011,7.07107,7.0,6.0,6.0,6.08276,73.73602,77.25283,74.84651,75.96052,70.26379,69.07966,72.01389,69.35416,72.00694,66.24198,66.64833,63.07139,60.90156,60.46487,61.85467,59.07622,58.79626,56.63921,52.63079,56.72742,58.79626,55.44367,52.40229,50.9902,50.20956,52.34501,56.72742,55.60576,49.40648,57.80138,50.0,55.97321,56.0803,53.07542,55.97321,53.07542,55.17246,51.62364,52.3259,54.56189,54.48853,50.24938,50.44799,46.01087,46.87217,47.50789,43.909,43.86342,37.57659,43.08132,40.26164,38.60052,32.75668,32.01562,33.06055,31.257,33.06055,29.73214,21.93171,29.0,27.58623,25.6125,27.01851,28.3196,25.4951,26.87006,25.80698,27.01851,25.55386,24.20744,28.17801,26.41969,28.63564,31.30495,30.88689,32.89377,32.31099,33.24154,34.20526,41.23106,39.05125,40.4475,44.55334,39.45884,44.72136,48.16638,51.24451,51.47815,46.38965,54.14795,53.08484,55.00909,54.23099,57.42822,60.07495,57.31492,58.69412,60.13319,64.38167,59.84146,63.95311,61.39218,67.68309,63.60031,66.40783,69.26038,70.21396,71.51224,73.05477,72.8011,72.8011,74.84651,76.6942,75.96052
14.0,14.0,14.0,14.0,13.0,13.0384,13.0384,12.04159,12.04159,11.04536,11.18034,11.18034,10.19804,10.19804,10.19804,10.44031,10.44031,9.48683,9.84886,9.84886,10.44031,9.84886,9.84886,9.84886,9.84886,10.77033,9.84886,9.84886,9.84886,10.77033,9.84886,9.84886,10.44031,9.48683,9.48683,10.44031,10.19804,9.21954,9.05539,9.05539,8.06226,8.0,8.0,8.0,8.06226,8.06226,7.07107,7.28011,7.28011,6.32456,6.7082,6.7082,75.23962,73.33485,79.1012,73.10951,73.00685,77.16217,71.06335,71.00704,69.06519,68.00735,68.0,64.03124,64.38167,60.29925,63.50591,59.84146,59.03389,57.97413,56.04463,56.32051,56.30275,57.24509,55.54278,52.39275,51.62364,54.08327,51.47815,52.35456,52.0,56.85948,55.47071,56.36488,53.66563,57.77543,56.85948,54.626,56.46238,53.7122,51.86521,55.02727,54.08327,50.69517,50.01,48.27007,45.54119,46.09772,45.27693,47.26521,42.10701,40.11234,40.1995,39.45884,40.79216,36.13862,34.48188,35.4683,34.53983,31.01612,31.01612,30.41381,31.40064,26.4764,26.92582,31.04835,27.51363,28.16026,27.89265,28.4605,26.0,30.46309,29.54657,32.44996,30.52868,33.97058,33.42155,34.71311,37.53665,36.87818,39.62323,39.59798,41.72529,42.44997,49.0408,44.82187,49.81967,50.44799,49.92995,51.31277,53.82379,53.53504,53.53504,54.3783,57.24509,59.05929,59.9333,60.53924,61.84658,62.39391,63.24555,65.78754,65.80274,69.64194,64.53681,67.91171,71.02112,66.4906,68.24954,72.36712,77.41447,73.68175,72.44308,78.23043,79.6304,78.23043
12.04159,13.0384,12.0,12.0,12.0,11.0,11.0,11.0,11.0,10.04988,10.04988,10.04988,10.19804,9.05539,9.21954,9.21954,9.21954,9.21954,9.48683,8.544,9.48683,8.544,8.544,8.544,9.48683,8.544,9.48683,8.544,9.48683,8.544,8.24621,8.544,8.544,8.24621,8.24621,8.24621,8.06226,8.06226,8.0,8.0,7.07107,7.07107,7.07107,7.07107,7.07107,6.32456,6.32456,6.32456,6.32456,5.83095,6.40312,6.40312,76.68768,76.24303,76.48529,76.11833,71.38627,73.1642,67.46851,71.19691,69.05071,62.28965,64.62971,63.1981,62.1289,58.13777,54.14795,56.0357,60.13319,55.22681,55.14526,53.23533,56.7186,49.64877,54.34151,55.9017,54.81788,56.7186,53.60037,52.88667,54.57105,54.08327,52.49762,56.04463,55.7853,56.32051,53.36666,54.12947,54.12947,52.95281,49.81967,53.46027,51.35173,50.15974,48.09366,46.01087,52.00961,45.17743,42.75512,45.17743,42.75512,38.83298,38.60052,34.53983,37.16181,35.77709,34.48188,36.35932,36.87818,29.42788,30.14963,28.28427,32.01562,26.1725,32.01562,26.30589,28.44293,29.15476,25.70992,28.86174,29.41088,30.67572,31.7805,29.15476,30.46309,33.54102,31.90611,34.82815,37.20215,38.41875,42.80187,38.83298,40.45986,41.40048,44.55334,47.38143,48.10405,51.66237,55.17246,50.44799,56.0803,51.85557,56.85068,59.20304,56.40035,55.80323,57.80138,62.1289,66.7308,65.51336,60.82763,65.76473,66.21178,67.62396,64.88451,67.62396,68.00735,72.11103,66.40783,71.7844,71.7844,74.94665,71.30919,80.52329,76.65507,81.58431
14.42221,13.0384,13.60147,13.89244,13.0384,12.20656,12.20656,12.20656,11.40175,11.40175,11.40175,11.31371,11.31371,11.31371,9.89949,10.63015,11.40175,10.0,10.81665,10.0,10.0,10.81665,10.0,10.29563,10.81665,10.29563,10.29563,10.81665,10.81665,10.81665,10.0,10.81665,10.0,10.0,10.0,10.0,9.89949,9.89949,9.21954,9.21954,9.21954,8.60233,8.60233,8.60233,8.06226,8.06226,7.61577,7.61577,7.61577,7.28011,6.08276,6.08276,80.32434,74.67262,76.55064,72.61543,71.58911,74.73286,71.69379,73.34848,64.88451,67.62396,62.64982,62.17717,64.00781,58.30952,58.83026,59.07622,61.61169,60.44005,57.2014,55.22681,57.28001,53.75872,52.34501,55.17246,53.07542,53.07542,54.40588,53.41348,53.2635,55.0,54.67175,55.31727,55.17246,54.45181,52.3259,57.31492,52.3259,53.03772,52.49762,51.08816,48.83646,52.49762,50.60632,49.64877,51.31277,47.41308,44.77723,42.05948,45.18849,40.16217,40.80441,39.92493,43.17407,36.13862,38.32754,35.01428,35.01428,27.65863,29.83287,25.0,30.80584,29.15476,25.23886,24.20744,26.40076,28.42534,29.73214,25.0,30.41381,25.4951,28.42534,31.241,28.6007,33.01515,35.35534,33.54102,35.1141,35.77709,41.23106,38.62642,39.29377,43.65776,43.01163,44.38468,49.24429,50.01,48.6621,47.85394,53.15073,54.74486,57.31492,57.48913,54.45181,54.14795,60.00833,59.00847,60.00833,64.19502,61.13101,64.19502,63.50591,65.37584,61.81424,63.78871,67.91171,72.78049,67.18631,68.41053,72.12489,71.8401,68.62215,70.5195,79.12016,72.44998
12.80625,13.60147,12.20656,12.20656,12.20656,12.20656,10.81665,10.81665,10.81665,10.29563,10.29563,10.29563,9.84886,9.84886,9.84886,9.84886,9.48683,9.48683,9.21954,9.21954,9.21954,9.21954,9.21954,9.05539,9.21954,9.21954,9.21954,9.21954,9.21954,9.21954,9.21954,9.48683,9.21954,8.544,9.84886,8.544,8.94427,8.94427,8.06226,8.06226,8.06226,8.60233,7.2111,7.81025,7.07107,7.07107,7.07107,6.40312,6.40312,5.83095,6.7082,6.32456,73.40981,75.43209,77.23341,73.87828,75.9276,73.75636,69.29646,70.0928,65.19202,65.8559,60.1415,64.3506,61.52235,56.72742,55.97321,54.81788,57.68882,55.47071,54.3783,54.3783,54.12024,53.7122,55.15433,51.89412,53.22593,55.15433,53.7122,55.71355,55.02727,52.49762,52.55473,54.08327,55.54278,55.97321,53.66563,55.15433,53.48832,50.69517,53.66563,51.88449,51.97115,50.80354,45.48626,46.04346,48.27007,44.59821,43.86342,43.13931,40.45986,43.41659,41.04875,37.73592,39.82462,35.8469,34.88553,35.4683,36.87818,31.40064,31.62278,30.23243,30.61046,29.20616,29.83287,29.06888,27.65863,29.41088,28.84441,27.29469,32.44996,29.54657,28.23119,26.92582,32.20248,32.98485,33.52611,35.51056,36.22154,32.14032,40.11234,39.31921,41.04875,44.0,47.0,46.04346,48.0,49.0102,51.35173,50.24938,52.7731,53.46027,57.31492,54.58938,57.87055,56.04463,60.16644,60.72891,63.90618,64.84597,62.96825,65.45991,66.21178,64.88451,61.26989,68.44706,68.26419,69.46222,67.60178,72.40166,70.45566,74.06079,70.60453,80.0,75.43209,79.30952
12.52996,12.52996,12.52996,12.52996,11.6619,11.18034,11.18034,11.18034,10.77033,10.77033,10.44031,10.44031,9.48683,9.48683,9.21954,9.21954,10.19804,9.05539,9.05539,9.05539,9.05539,9.05539,9.0,9.0,10.0,10.0,10.0,10.04988,10.04988,9.05539,9.05539,9.05539,9.05539,9.05539,9.21954,8.24621,8.24621,8.544,8.544,7.61577,7.61577,7.61577,7.2111,6.7082,6.40312,6.40312,6.40312,6.40312,5.65685,6.40312,5.83095,5.83095,73.66139,70.83784,76.48529,71.50524,71.42129,70.00714,67.26812,68.593,64.38167,63.78087,65.43699,58.25805,57.62812,58.25805,59.20304,58.30952,53.25411,51.47815,49.92995,52.80152,54.23099,55.15433,51.47815,53.14132,51.62364,45.22168,57.24509,51.24451,55.36244,52.63079,51.24451,58.82176,51.86521,55.97321,49.98,52.55473,44.77723,52.81098,53.85165,50.56679,48.75449,51.0392,46.32494,47.16991,42.2019,44.94441,42.80187,44.68781,43.13931,40.36087,37.53665,39.40812,35.35534,35.77709,35.35534,30.67572,31.32092,29.06888,29.68164,34.4093,33.28663,28.84441,29.41088,29.68164,31.30495,28.6007,30.01666,30.88689,29.06888,28.16026,28.63564,28.63564,29.73214,32.55764,32.06244,35.12834,35.22783,36.22154,38.01316,39.01282,43.18565,44.04543,43.41659,46.17359,47.67599,47.85394,50.63596,50.01,55.31727,53.36666,53.36666,60.20797,54.40588,57.56735,56.921,61.03278,55.54278,58.30952,63.95311,62.43397,61.77378,63.28507,65.76473,67.1193,69.40461,66.85058,71.61006,69.81404,71.70077,70.43437,74.65253,77.10383,71.58911,75.16648
13.34166,13.60147,12.36932,13.34166,12.36932,12.36932,11.40175,11.7047,11.7047,10.44031,10.77033,10.77033,9.84886,10.29563,10.29563,10.29563,10.29563,9.43398,10.0,9.43398,9.43398,10.0,9.43398,9.21954,10.0,10.0,10.0,9.43398,10.0,10.0,9.43398,9.43398,9.43398,9.43398,10.29563,8.94427,9.84886,8.544,8.544,8.544,8.24621,8.24621,8.24621,8.06226,8.06226,8.06226,7.0,7.0,7.07107,7.07107,7.07107,7.28011,76.05919,76.10519,75.32596,75.32596,74.67262,73.68175,68.73136,69.72087,65.30697,68.88396,68.06614,64.32729,63.34824,56.32051,59.22837,61.68468,56.32051,52.49762,52.39275,55.54278,55.9017,53.22593,55.22681,50.24938,53.33854,53.0,53.85165,54.70832,52.15362,55.47071,51.97115,53.85165,53.0,56.85948,55.07268,55.9464,56.82429,52.83938,52.7731,51.47815,54.626,53.7122,50.92151,46.17359,45.88028,45.88028,47.51842,43.73786,45.39824,41.19466,40.0125,40.04997,36.12478,35.22783,36.13862,37.10795,33.10589,30.08322,31.32092,29.73214,30.08322,28.63564,31.04835,28.16026,27.20294,28.63564,25.63201,30.41381,31.76476,27.78489,27.20294,29.83287,30.23243,35.38361,31.82766,34.05877,31.40064,39.40812,38.83298,40.45986,42.43819,44.20407,43.41659,45.17743,48.37355,46.95743,50.60632,51.42956,54.12947,55.15433,53.31041,56.64804,58.5235,57.58472,61.98387,61.13101,61.13101,60.41523,61.98387,66.09841,66.09841,62.39391,62.0,62.1289,71.17584,69.0,69.00725,69.02898,72.0,74.10803,75.0,76.1643,73.43705,74.10803
13.0384,13.0384,13.0384,13.0384,11.6619,12.20656,11.6619,11.6619,11.6619,9.84886,11.18034,10.77033,10.77033,9.48683,10.44031,10.44031,10.44031,9.21954,10.19804,10.19804,10.19804,10.19804,10.19804,10.04988,10.04988,10.19804,10.19804,10.19804,10.19804,10.19804,10.19804,10.19804,9.21954,9.21954,9.48683,9.48683,8.94427,8.544,8.544,8.94427,8.06226,8.06226,7.2111,7.2111,7.2111,6.40312,7.07107,7.07107,5.65685,6.40312,5.83095,5.83095,78.56844,72.91776,75.00667,72.13876,71.44928,72.18033,70.0928,70.00714,65.19202,67.17887,64.44377,64.38167,64.44377,61.07373,61.07373,57.42822,60.20797,59.5399,57.98276,56.82429,57.70615,53.22593,56.46238,53.7122,50.32892,53.75872,52.92447,54.70832,56.64804,56.921,55.36244,57.38467,52.81098,56.61272,53.48832,57.77543,53.85165,53.85165,52.7731,50.53712,53.23533,52.43091,50.77401,47.43416,49.0408,43.18565,49.51767,43.18565,42.52058,40.36087,40.0,39.11521,39.44617,35.35534,32.69557,35.1141,34.48188,31.30495,30.01666,26.92582,32.44996,25.6125,30.01666,28.42534,28.30194,29.15476,27.78489,29.06888,31.38471,27.85678,30.67572,31.01612,29.61419,32.28002,31.14482,35.35534,33.06055,36.12478,37.12142,39.01282,42.04759,42.0119,46.17359,46.27094,51.24451,47.07441,52.39275,49.0306,50.21952,52.88667,56.75385,57.56735,54.40588,55.02727,59.13544,62.64982,61.7414,65.39113,57.69749,62.16912,64.49806,64.41273,61.91123,62.43397,62.1289,68.8186,66.4003,71.21798,72.42237,78.40918,68.11755,75.82216,80.91971,78.51751
13.89244,13.41641,13.41641,13.41641,12.08305,12.52996,12.52996,12.08305,11.18034,10.77033,11.7047,11.7047,10.44031,10.44031,10.44031,10.44031,10.19804,10.19804,10.04988,10.19804,10.04988,10.04988,10.04988,10.0,11.04536,10.04988,10.04988,10.04988,10.04988,10.04988,10.19804,10.19804,10.19804,10.19804,9.48683,9.48683,9.48683,8.544,8.544,8.544,8.94427,7.61577,7.61577,7.2111,7.2111,7.2111,6.40312,6.40312,6.40312,5.65685,5.65685,5.83095,78.23043,77.10383,73.23933,75.71658,76.32169,68.24222,69.64194,69.97142,68.96376,65.76473,62.76942,65.0,65.29931,61.7414,55.07268,57.38467,58.30952,59.46427,58.82176,56.61272,55.36244,52.17279,54.58938,55.31727,55.31727,53.15073,56.88585,53.23533,54.33231,53.60037,57.55867,53.75872,55.44367,54.58938,56.7186,51.78803,52.61179,55.31727,50.0,54.34151,54.78138,49.98,49.0408,47.53946,44.77723,42.72002,43.82921,39.96248,39.44617,38.83298,40.0,39.62323,38.28838,34.65545,33.42155,32.20248,30.52868,26.92582,27.85678,27.51363,27.313,26.24881,25.63201,27.51363,26.83282,26.92582,25.70992,26.57066,27.89265,27.65863,31.14482,29.42788,30.01666,29.15476,28.07134,32.24903,33.54102,35.51056,38.47077,36.67424,38.60052,39.29377,41.76123,43.68066,46.48656,48.10405,48.46648,48.33218,49.64877,54.56189,53.31041,51.89412,56.0803,52.35456,52.47857,58.24946,61.61169,58.82176,60.87693,59.40539,62.96825,58.72819,63.65532,65.76473,63.65532,70.0928,69.42622,70.0928,69.02898,73.75636,65.43699,74.02702,77.80103,77.42093
13.0384,12.04159,13.15295,13.15295,12.16553,12.16553,11.18034,11.18034,11.18034,10.19804,10.19804,10.44031,10.44031,10.77033,9.48683,9.84886,9.84886,9.84886,8.94427,10.29563,9.43398,9.43398,8.94427,9.43398,9.43398,9.43398,9.43398,9.43398,9.43398,9.43398,8.94427,8.94427,8.94427,8.544,8.544,8.544,8.24621,8.24621,8.24621,7.07107,8.06226,7.07107,7.07107,7.0,6.0,6.0,6.08276,6.08276,6.08276,5.38516,5.38516,5.38516,78.54935,76.32169,75.23962,74.32362,75.6439,70.77429,73.92564,73.40981,68.44706,66.64083,66.7308,61.29437,65.51336,62.43397,60.53924,60.03332,61.61169,55.21775,56.22277,55.44367,54.56189,52.34501,58.0,52.49762,52.3259,55.31727,53.75872,56.0803,53.07542,53.90733,56.58622,54.81788,53.07542,55.44367,55.9017,52.34501,53.74012,53.03772,54.48853,49.57822,48.9183,48.8774,47.43416,46.64762,44.94441,42.54409,41.14608,42.94182,40.8534,37.33631,36.40055,33.24154,34.48188,32.75668,32.14032,30.01666,33.01515,30.0,29.83287,31.241,29.20616,31.62278,28.01785,28.3196,27.01851,29.06888,29.83287,29.06888,28.3196,29.73214,29.06888,32.44996,30.23243,30.80584,33.61547,34.88553,37.12142,34.0147,39.39543,37.33631,40.49691,40.16217,45.35416,44.27189,47.07441,50.80354,50.63596,48.83646,53.46027,53.46027,56.32051,56.14268,53.60037,56.0357,58.00862,60.03332,58.00862,61.03278,60.20797,63.3877,65.62012,62.20129,63.89053,65.96969,62.36185,69.89278,69.92138,72.27724,70.21396,68.30813,70.83784,76.53757,77.49194,75.39231
14.14214,13.15295,14.03567,14.03567,13.0384,13.0384,13.0384,12.0,12.0,12.0,12.0,11.0,11.04536,11.04536,11.04536,11.04536,11.18034,11.18034,10.44031,11.40175,10.44031,10.44031,11.40175,10.44031,10.44031,10.44031,10.44031,11.40175,10.44031,10.44031,10.19804,10.19804,10.19804,10.19804,10.04988,10.04988,10.0,9.05539,9.0,8.0,9.0,8.06226,8.06226,7.07107,7.07107,7.07107,7.28011,6.32456,6.32456,6.32456,5.83095,5.83095,75.39231,75.6439,76.53757,75.89466,75.58439,73.68175,71.7844,72.11103,67.35726,65.25335,66.09841,62.0967,64.56005,61.81424,62.96825,60.53098,60.20797,57.07889,59.13544,58.03447,58.03447,54.00926,55.14526,57.07889,59.03389,57.21888,54.23099,55.10898,58.30952,56.7186,56.7186,55.44367,55.57877,55.44367,51.0392,55.00909,53.08484,57.03508,53.0,52.08647,54.0,46.17359,49.09175,47.38143,47.51842,47.29693,40.79216,44.72136,40.49691,41.4367,39.0,40.24922,35.4683,35.35534,33.61547,29.20616,29.69848,29.15476,29.01724,28.28427,30.59412,28.44293,22.80351,30.59412,26.1725,27.01851,29.01724,25.17936,26.01922,29.06888,27.45906,26.4764,27.89265,31.7805,31.62278,33.10589,30.46309,33.61547,40.49691,32.75668,37.57659,39.11521,44.10215,43.26662,46.87217,45.22168,49.64877,46.61545,52.00961,53.41348,51.85557,53.03772,56.85068,53.74012,56.56854,57.31492,57.48913,61.07373,56.85068,58.13777,64.66065,60.46487,63.13478,65.51336,62.17717,68.42514,71.11962,68.44706,70.00714,69.77105,70.2282,75.76939,76.6942,79.12016
12.36932,13.34166,12.16553,13.34166,12.36932,12.36932,11.40175,11.18034,11.18034,11.04536,11.04536,11.04536,10.04988,10.0,10.0,10.04988,10.04988,9.05539,10.04988,10.04988,9.05539,9.05539,9.05539,9.21954,9.21954,10.04988,9.21954,9.21954,9.21954,9.05539,9.05539,9.05539,9.05539,9.0,9.0,9.0,8.06226,8.06226,8.06226,8.06226,7.28011,7.28011,7.28011,7.28011,6.7082,6.7082,5.83095,5.83095,5.83095,5.0,5.65685,5.0,78.77182,76.55064,79.37884,72.44998,72.11103,73.53911,70.5195,70.21396,64.7611,68.00735,64.84597,60.63827,63.32456,57.97413,58.24946,58.69412,61.52235,62.20129,58.07753,53.08484,56.0357,55.00909,56.0803,58.0,54.14795,54.03702,52.23983,55.7315,52.46904,53.46027,53.23533,60.20797,53.33854,56.14268,50.15974,54.0,53.03772,55.0,52.03845,49.16299,51.08816,48.37355,49.81967,50.21952,44.38468,39.84972,45.60702,40.80441,42.04759,39.35734,35.8469,36.23534,36.05551,29.68164,33.42155,30.41381,31.62278,27.01851,28.01785,28.07134,29.0,26.0,31.06445,26.1725,25.31798,28.01785,24.5153,28.07134,27.29469,29.83287,29.41088,30.36445,29.41088,31.01612,31.7805,33.54102,35.77709,35.8469,38.58756,36.71512,38.41875,40.80441,43.41659,44.82187,48.60041,46.09772,52.00961,48.27007,53.90733,50.93133,55.86591,53.8145,57.38467,53.07542,55.97321,53.15073,59.66574,60.80296,57.62812,60.80296,64.89992,64.3506,62.64982,64.49806,65.30697,68.8767,66.18912,68.54196,71.58911,71.69379,65.39113,75.39231,79.47956,73.73602
13.60147,12.80625,12.80625,12.04159,12.04159,12.04159,12.04159,11.31371,11.31371,11.31371,10.63015,11.40175,10.0,10.81665,10.0,10.81665,10.81665,10.81665,10.29563,10.29563,10.29563,10.29563,10.29563,9.84886,10.77033,9.84886,9.84886,10.29563,9.84886,10.29563,9.43398,10.29563,9.43398,9.43398,9.43398,10.0,8.60233,8.60233,7.81025,7.81025,8.48528,7.07107,7.07107,6.40312,6.40312,5.83095,5.83095,5.83095,5.38516,5.38516,5.38516,5.09902,70.83078,74.24284,74.94665,74.62573,76.8505,68.96376,72.71864,66.03787,68.09552,64.89992,63.82006,62.00806,66.8431,60.30755,59.81639,59.4138,58.79626,58.0,53.75872,57.48913,56.72742,58.72819,54.40588,53.0,56.61272,55.22681,59.07622,58.83026,54.40588,58.00862,56.30275,55.0,56.60389,53.53504,56.22277,54.6443,52.15362,51.0392,54.81788,51.85557,50.93133,52.40229,48.79549,46.69047,44.68781,45.80393,40.49691,42.2019,39.35734,36.23534,37.16181,35.34119,33.52611,30.67572,30.41381,29.61419,30.01666,29.06888,27.01851,26.87006,29.73214,27.65863,26.90725,28.3196,27.65863,26.90725,26.90725,27.65863,29.68164,28.84441,26.83282,27.20294,29.54657,32.20248,32.31099,30.67572,30.26549,35.17101,35.22783,40.60788,40.60788,39.31921,41.4367,45.39824,46.17359,48.01042,49.0408,50.03998,50.03998,51.0392,52.34501,55.44367,54.08327,58.54912,57.14018,57.70615,59.68249,58.24946,63.34824,62.36185,66.09841,58.94065,67.6757,64.07808,65.19202,68.44706,69.857,67.77905,69.857,67.1193,76.92204,76.47876,77.36924,78.77182
12.80625,12.80625,12.80625,12.80625,12.04159,12.04159,11.40175,11.40175,10.81665,10.81665,10.81665,10.81665,10.29563,10.29563,10.29563,10.29563,9.84886,9.84886,9.48683,9.48683,9.48683,9.48683,9.48683,9.48683,9.48683,9.48683,9.84886,9.48683,9.48683,9.84886,9.84886,9.84886,8.94427,8.94427,9.43398,9.43398,8.60233,8.60233,7.81025,7.81025,7.81025,7.81025,7.81025,7.2111,7.2111,6.7082,6.7082,5.83095,5.38516,6.32456,5.09902,6.08276,76.48529,75.9276,76.40026,76.41989,75.74299,69.52697,74.8131,71.70077,65.43699,67.47592,66.4003,63.41136,66.8431,64.07027,57.68882,60.82763,60.37384,58.59181,58.59181,55.4617,59.5063,53.85165,56.0803,54.42426,54.42426,57.58472,58.82176,57.72348,55.7853,55.36244,57.00877,57.87055,57.58472,54.08327,52.92447,55.15433,52.20153,52.92447,50.53712,50.56679,53.33854,51.47815,48.8774,48.01042,43.82921,43.27817,40.36087,42.44997,40.36087,36.12478,37.80212,34.66987,34.98571,34.98571,32.20248,34.78505,33.24154,29.42788,29.41088,29.12044,26.57066,28.63564,25.0,26.92582,28.63564,28.28427,26.07681,28.16026,29.15476,28.16026,28.01785,29.06888,33.0,29.42788,34.36568,35.90265,37.12142,38.07887,36.67424,43.01163,40.71855,45.88028,46.23851,44.59821,48.10405,50.15974,52.0,49.65884,56.46238,58.69412,55.03635,56.46238,57.77543,55.9464,56.82429,59.68249,62.1289,64.66065,66.28725,64.07027,62.80127,61.61169,67.62396,67.47592,68.68042,70.76722,67.88225,67.20863,74.24958,76.41989,70.00714,75.69016,78.56844,79.02531
13.34166,13.34166,12.36932,12.36932,11.40175,11.40175,11.40175,11.7047,11.7047,10.77033,10.77033,11.18034,10.29563,10.29563,10.29563,10.81665,10.81665,10.81665,10.0,10.0,10.0,10.0,10.0,9.89949,9.21954,10.63015,10.63015,10.0,10.0,10.0,10.0,10.0,9.43398,9.43398,9.43398,8.94427,8.94427,8.06226,7.61577,7.61577,7.28011,7.28011,7.28011,7.07107,6.08276,6.08276,6.08276,6.0,5.0,5.09902,5.09902,4.12311,71.11259,73.00685,71.0,78.0,74.02702,69.02898,68.18358,68.11755,65.12296,63.1981,65.37584,64.19502,61.66036,61.0,60.01666,61.40033,57.28001,56.0803,55.02727,57.24509,52.55473,53.85165,51.88449,51.42956,54.56189,54.20332,53.66563,55.47071,55.56978,57.3062,57.45433,57.80138,51.89412,52.69725,56.79789,52.80152,53.22593,51.62364,49.39636,54.08327,48.76474,47.29693,48.27007,48.50773,40.80441,41.4367,41.30375,41.04875,37.01351,37.05401,35.0571,34.23449,31.57531,31.7805,30.67572,29.73214,27.313,27.73085,29.54657,29.15476,27.89265,25.31798,25.96151,26.57066,25.07987,28.23119,25.07987,28.63564,30.88689,28.6007,33.61547,28.6007,31.62278,30.41381,34.65545,33.94113,34.65545,34.65545,40.36087,38.41875,39.82462,42.44997,44.68781,45.60702,51.40039,43.60046,49.39636,51.0392,51.97115,51.31277,53.33854,56.79789,57.3062,55.03635,57.27128,57.38467,60.08328,61.32699,61.98387,63.90618,62.8172,64.7611,62.62587,64.84597,64.93843,69.58448,65.62012,65.27634,71.56815,73.33485,67.36468,72.11103,72.0,80.22468
13.0,13.0,13.0,13.0,12.08305,12.08305,11.18034,11.6619,11.6619,10.81665,10.81665,10.81665,10.81665,10.0,10.0,10.63015,9.89949,10.63015,9.89949,9.89949,9.89949,9.89949,9.89949,9.21954,10.63015,10.63015,10.63015,9.89949,9.21954,10.63015,9.89949,9.89949,9.89949,9.21954,9.21954,9.21954,8.60233,8.06226,7.2111,7.2111,7.61577,7.61577,6.7082,6.7082,6.32456,6.32456,6.08276,5.09902,5.09902,5.0,5.0,4.0,73.37575,76.40026,76.53757,71.47027,74.04053,69.89278,68.00735,73.38937,65.55151,71.51224,67.62396,66.21178,65.30697,57.69749,62.17717,59.5399,60.03332,56.0357,59.07622,58.5235,58.60034,52.80152,55.97321,57.48913,51.40039,55.31727,53.8145,56.63921,54.56189,57.38467,56.72742,58.0,53.03772,56.0803,54.03702,54.67175,51.61395,49.81967,48.60041,54.08327,49.39636,52.83938,47.41308,45.61798,46.06517,40.31129,43.08132,42.37924,38.63936,37.85499,35.12834,36.05551,29.0,28.07134,30.01666,27.29469,26.92582,27.65863,28.84441,26.40076,26.1725,26.62705,27.80288,27.01851,25.6125,30.41381,27.20294,28.01785,30.0,27.80288,27.80288,30.41381,32.75668,31.38471,30.52868,34.0147,37.57659,38.27532,42.15448,40.16217,40.16217,43.65776,48.38388,45.60702,50.28916,47.07441,51.78803,50.44799,52.95281,52.39275,56.29387,55.57877,58.24946,56.56854,59.13544,57.03508,58.00862,64.0,60.03332,65.03076,64.12488,62.20129,66.91039,66.61081,66.48308,72.36712,68.06614,68.88396,73.5459,75.31268,65.96969,73.4983,75.96052,75.96052
13.45362,13.45362,13.45362,13.45362,13.45362,12.80625,12.04159,12.20656,11.40175,11.40175,12.20656,11.6619,11.6619,10.81665,10.81665,11.18034,10.29563,10.29563,11.18034,11.18034,10.77033,10.77033,9.84886,10.77033,10.77033,10.77033,10.77033,9.84886,10.77033,9.84886,10.29563,10.29563,9.43398,9.43398,9.43398,9.43398,10.0,8.60233,8.60233,8.48528,7.81025,7.81025,7.07107,7.2111,7.2111,5.83095,5.83095,6.7082,5.83095,5.38516,5.38516,5.09902,76.8505,76.8505,78.49204,78.23682,76.02631,73.23933,71.56116,72.40166,67.42403,71.40028,68.00735,67.47592,64.81512,60.44005,62.36986,62.28965,60.1415,60.10824,56.72742,59.4138,57.2014,57.68882,54.6443,55.60576,55.60576,54.03702,53.60037,55.9464,51.40039,56.4358,55.22681,54.6443,55.60576,53.00943,53.53504,51.22499,48.79549,53.41348,53.75872,52.40229,50.91169,49.51767,48.16638,45.0,43.82921,44.41846,43.01163,36.05551,39.39543,37.64306,35.44009,31.7805,32.28002,30.41381,31.40064,27.07397,24.08319,26.24881,26.92582,26.41969,25.4951,24.18677,25.4951,30.41381,27.51363,26.92582,27.73085,28.86174,27.89265,25.70992,30.26549,29.15476,29.27456,31.01612,32.06244,33.06055,37.12142,36.12478,41.01219,42.10701,44.04543,45.09989,46.69047,46.17359,48.83646,49.49747,51.47815,49.0306,54.91812,52.46904,54.91812,58.0517,61.0,57.97413,61.98387,62.93648,61.35145,64.56005,65.19202,63.69458,68.44706,63.06346,61.84658,63.07139,66.18912,70.66116,71.55418,66.24198,73.57309,73.57309,71.34424,77.38863,78.89233,82.37718
14.31782,13.34166,13.15295,13.15295,13.15295,12.16553,12.16553,12.04159,12.04159,11.04536,12.04159,11.0,11.0,11.0,11.0,11.04536,11.04536,10.04988,10.19804,10.19804,10.19804,11.18034,10.19804,10.19804,10.19804,10.19804,10.19804,10.19804,10.19804,10.04988,10.04988,10.04988,10.04988,9.0,9.0,9.0,9.0,9.0,8.06226,8.06226,7.28011,8.24621,7.28011,6.32456,6.32456,6.32456,6.32456,5.83095,5.83095,5.0,5.0,4.24264,79.70571,79.70571,76.05919,73.34848,71.7844,73.40981,77.16217,73.38937,75.27284,68.35203,68.94926,62.62587,61.35145,63.32456,57.07013,59.03389,61.18823,58.30952,59.4138,54.33231,56.22277,57.07889,55.08176,54.08327,54.03702,54.08327,57.00877,54.08327,52.15362,57.14018,55.22681,51.0,58.03447,54.03702,57.00877,52.00961,50.01,53.15073,53.60037,50.01,49.81967,47.26521,44.91102,42.95346,43.17407,43.32436,38.07887,42.05948,35.8469,34.0,31.40064,32.44996,34.66987,29.06888,30.4795,28.42534,24.69818,28.16026,26.01922,27.07397,26.01922,26.07681,24.33105,25.0,26.07681,23.08679,26.1725,25.07987,26.92582,27.51363,26.92582,22.47221,29.15476,31.01612,29.54657,30.52868,35.22783,35.35534,39.96248,40.60788,41.40048,44.04543,48.41487,47.50789,46.8615,49.57822,51.08816,53.07542,53.90733,56.0803,56.63921,58.0,56.72742,58.0,58.89822,64.03124,62.20129,61.07373,65.43699,62.80127,70.21396,63.60031,67.47592,64.66065,65.36819,69.46222,72.06941,71.11259,76.05919,72.56032,79.17702,73.40981,74.24958,79.84986
14.03567,14.14214,14.14214,14.03567,14.14214,13.0384,13.15295,12.16553,12.16553,12.36932,11.18034,11.18034,11.40175,11.40175,10.44031,10.44031,10.77033,10.77033,10.77033,10.77033,10.77033,9.84886,9.84886,9.84886,10.77033,9.84886,10.29563,9.84886,9.84886,9.84886,9.48683,9.84886,9.48683,9.48683,9.48683,9.21954,9.21954,9.05539,9.05539,8.06226,8.0,7.0,8.0,7.0,7.07107,6.08276,6.08276,6.08276,5.38516,5.38516,5.38516,4.47214,80.22468,76.94154,79.51101,76.23647,75.16648,72.24957,77.23341,70.02857,71.17584,65.06919,65.00769,62.07254,61.13101,60.00833,60.00833,56.32051,60.67125,59.3043,57.55867,58.69412,57.00877,57.55867,53.60037,54.12024,53.93515,58.94065,53.75872,53.85165,54.40588,52.49762,56.32051,55.36244,56.32051,51.24451,54.12024,48.6621,48.83646,51.1957,49.64877,52.46904,45.27693,44.18144,46.01087,44.04543,43.01163,41.01219,39.62323,39.45884,33.95585,34.20526,32.01562,32.31099,31.62278,30.08322,30.01666,26.92582,25.4951,25.63201,25.29822,22.47221,21.93171,25.07987,19.64688,22.84732,23.76973,25.80698,25.80698,25.23886,25.07987,29.68164,29.41088,27.65863,26.1725,31.241,31.89044,33.6006,34.20526,36.23534,41.88078,41.40048,44.04543,42.43819,41.67733,48.82622,49.09175,50.24938,50.60632,52.47857,56.35601,53.23533,57.38467,56.82429,60.41523,57.38467,59.61543,61.09828,65.19202,65.19202,63.24555,61.68468,65.80274,60.08328,64.53681,63.34824,66.28725,66.91039,74.1485,73.5459,73.82412,74.96666,75.32596,78.40918,75.80237,76.65507
13.0384,14.03567,12.04159,13.0384,12.04159,12.04159,12.16553,12.16553,11.18034,10.19804,11.40175,11.40175,10.44031,10.44031,10.44031,10.77033,10.77033,9.84886,9.84886,9.84886,9.84886,8.94427,8.94427,8.94427,8.94427,10.29563,10.29563,8.94427,9.84886,8.94427,8.544,8.544,8.544,8.544,8.544,8.24621,8.24621,7.07107,7.07107,7.07107,7.0,7.0,6.0,6.0,5.09902,5.09902,5.09902,5.09902,4.47214,4.47214,4.47214,3.60555,80.1561,73.82412,74.96666,75.16648,74.16873,76.41989,68.35934,70.45566,66.1211,66.1211,65.03076,66.0303,65.0,61.03278,60.03332,63.03174,56.22277,55.14526,56.56854,53.46027,59.22837,58.0517,51.92302,53.75872,49.47727,52.88667,51.66237,50.69517,48.76474,55.02727,53.45091,51.66237,51.92302,54.34151,55.36244,50.01,47.29693,49.24429,49.64877,46.87217,49.16299,49.0102,48.0,40.0125,43.10452,39.11521,40.31129,37.48333,32.38827,31.04835,31.62278,31.95309,28.17801,26.41969,28.84441,26.1725,26.1725,23.76973,25.29822,22.80351,26.4764,22.13594,22.80351,25.70992,25.29822,25.07987,23.25941,26.41969,26.41969,26.24881,29.41088,27.58623,29.06888,29.83287,31.1127,32.01562,32.55764,35.0,39.40812,37.64306,42.0119,43.41659,46.61545,50.60632,51.62364,48.02083,51.10773,54.20332,53.53504,55.9017,56.35601,58.18075,63.95311,57.70615,59.9333,58.18075,64.07808,66.70832,64.2573,65.45991,64.84597,68.94926,68.88396,69.28925,74.2159,69.42622,70.83078,72.03471,74.95332,78.44743,69.05071,72.83543,77.10383,76.23647
14.21267,13.45362,14.14214,13.45362,12.04159,12.72792,12.72792,12.04159,12.04159,11.31371,11.31371,11.31371,10.63015,10.63015,10.0,10.81665,10.81665,10.81665,10.29563,10.29563,10.29563,10.29563,9.43398,10.29563,10.29563,10.29563,10.29563,10.29563,9.43398,10.0,9.43398,9.43398,9.43398,8.60233,9.21954,8.48528,8.48528,8.48528,7.81025,7.07107,7.2111,6.40312,7.2111,6.7082,6.7082,5.38516,5.38516,5.38516,5.09902,4.12311,4.12311,4.0,80.70936,76.844,76.27582,76.55064,77.38863,72.94518,70.0,70.80254,69.2026,67.80118,63.24555,61.22091,63.60031,56.72742,57.31492,58.0,58.0517,57.28001,55.86591,53.75872,55.97321,52.80152,50.0,52.80152,52.80152,52.63079,51.40039,52.15362,51.31277,55.75841,54.08327,52.20153,51.0392,50.0,50.80354,47.80167,49.40648,47.50789,48.10405,46.69047,46.69047,46.40043,43.01163,41.40048,45.22168,41.18252,39.81206,38.83298,33.54102,33.24154,32.98485,31.62278,32.01562,27.65863,28.01785,31.0,25.07987,23.25941,26.41969,22.47221,26.07681,22.47221,21.93171,21.63331,21.93171,23.25941,21.37756,23.76973,26.4764,27.45906,23.19483,27.45906,27.45906,29.01724,28.01785,28.16026,34.05877,34.1321,36.05551,39.45884,43.41659,40.60788,44.72136,49.81967,48.6621,49.24429,52.88667,51.66237,56.04463,55.36244,59.03389,57.48913,58.69412,57.00877,60.63827,62.62587,60.92618,64.62198,63.15853,63.90618,64.84597,65.29931,66.30988,63.97656,70.68239,68.96376,74.70609,71.86793,73.57309,78.39005,70.17834,77.42093,77.38863,77.42093
14.14214,14.14214,13.15295,13.15295,13.15295,13.15295,13.34166,12.36932,12.36932,11.40175,11.40175,11.40175,10.44031,10.77033,10.77033,10.77033,9.84886,9.84886,10.29563,9.84886,9.84886,9.84886,9.84886,9.43398,9.43398,10.29563,10.29563,8.94427,8.94427,9.84886,8.94427,8.94427,8.94427,8.544,8.544,8.544,8.24621,8.24621,8.06226,7.07107,7.07107,7.07107,7.0,7.0,6.08276,6.08276,6.08276,6.08276,6.32456,5.38516,5.38516,4.47214,76.05919,79.15807,78.16009,75.10659,78.77182,76.53104,72.24957,68.26419,65.9242,66.61081,67.26812,66.09841,66.75328,61.84658,61.13101,61.68468,59.66574,57.00877,54.08327,56.0803,53.48832,55.9464,51.89412,51.47815,52.80152,52.3259,55.07268,52.15362,50.60632,56.4358,51.47815,51.0,49.1935,49.24429,56.35601,45.69464,49.24429,51.07837,47.16991,46.48656,46.8188,46.84015,43.32436,45.12206,40.79216,41.4367,38.20995,38.0526,31.01612,34.05877,32.06244,30.36445,31.32092,28.4605,27.313,28.79236,26.92582,29.41088,22.67157,31.40064,29.06888,27.89265,14.31782,24.35159,41.7732,20.59126,18.97367,19.20937,15.81139,8.94427,47.43416,33.24154,43.41659,23.43075,28.42534,41.14608,32.64966,37.21559,42.05948,41.59327,36.40055,45.27693,39.81206,43.01163,53.23533,52.55473,62.39391,56.04463,48.02083,66.70832,59.48109,56.64804,57.27128,55.22681,63.56099,64.13267,66.28725,63.15061,63.78871,64.53681,69.72087,65.49046,65.27634,66.37017,69.35416,74.06079,72.02777,73.00685,75.05998,75.00667,73.10951,79.30952,79.15807,77.16217
13.34166,13.34166,13.15295,12.16553,13.15295,11.18034,11.18034,11.18034,11.18034,11.04536,10.04988,10.04988,10.0,10.0,10.0,10.0,9.05539,10.04988,9.05539,9.05539,9.05539,9.05539,9.05539,9.21954,9.05539,9.05539,9.05539,9.05539,9.05539,9.05539,8.0,8.0,8.0,8.0,8.06226,8.06226,7.07107,7.07107,7.07107,7.28011,6.7082,6.7082,6.32456,5.83095,5.83095,5.65685,5.65685,5.65685,5.65685,5.0,5.0,4.47214,75.47185,79.07591,80.5295,75.71658,71.86793,72.94518,72.00694,72.89719,66.64833,66.7308,64.00781,60.41523,65.74192,58.69412,60.16644,57.58472,61.35145,59.48109,58.94065,50.96077,59.20304,54.81788,56.08921,54.12947,53.36666,53.36666,50.48762,52.23983,52.95281,51.15662,49.16299,50.63596,50.63596,53.36666,48.37355,50.44799,50.01,50.0,48.08326,44.38468,44.38468,42.15448,45.69464,38.91015,39.44617,40.22437,38.28838,36.40055,35.35534,34.05877,31.06445,32.01562,29.20616,29.68164,28.84441,28.86174,27.65863,28.01785,28.07134,25.07987,27.07397,23.02173,26.01922,26.01922,25.07987,25.17936,25.0,22.36068,22.2036,28.16026,26.40076,27.85678,31.38471,32.69557,31.90611,36.71512,36.71512,40.81666,42.19005,43.26662,44.20407,47.43416,48.60041,50.77401,50.60632,54.20332,57.00877,55.0,57.80138,56.40035,60.44005,60.20797,59.81639,61.07373,59.39697,65.05382,67.17887,68.62215,62.28965,70.00714,67.20119,68.88396,67.20119,67.62396,65.43699,74.33034,71.02112,74.94665,74.70609,75.16648,71.56116,80.5295,81.63333,79.61156
14.42221,13.60147,13.60147,13.60147,13.0384,12.80625,12.20656,12.20656,11.40175,10.63015,11.40175,11.31371,10.63015,9.89949,9.89949,10.63015,10.63015,9.21954,10.0,10.0,9.21954,10.0,10.0,9.43398,10.0,10.0,10.0,9.21954,9.21954,9.21954,9.21954,9.21954,8.48528,8.48528,9.21954,7.81025,8.60233,7.2111,7.2111,6.7082,6.7082,6.7082,6.32456,6.32456,5.38516,5.09902,5.09902,5.0,5.0,4.0,4.12311,4.12311,83.21658,79.75588,78.39005,76.15773,79.92496,74.62573,71.86793,72.20111,69.40461,64.63745,70.23532,62.80127,66.85058,64.81512,60.60528,62.482,62.93648,56.56854,55.86591,57.31492,58.72819,56.56854,51.86521,51.85557,50.91169,53.15073,53.41348,54.81788,52.20153,52.43091,53.41348,52.49762,52.40229,52.00961,51.85557,44.55334,47.50789,49.57822,46.2277,48.27007,44.20407,42.2019,46.40043,39.44617,40.24922,40.71855,36.68787,40.31129,34.9285,33.52611,32.38827,29.42788,31.14482,26.01922,28.16026,25.96151,25.29822,26.07681,27.01851,25.6125,24.75884,22.80351,24.69818,23.32381,26.40076,27.73085,24.16609,25.94224,29.96665,31.95309,27.89265,29.83287,31.04835,31.7805,35.35534,33.06055,37.33631,38.01316,45.09989,41.01219,41.01219,49.0408,53.00943,49.0102,53.03772,52.34501,51.24451,54.08327,51.47815,59.21149,59.21149,59.4138,62.514,65.11528,63.95311,66.4906,63.06346,66.21933,66.76077,67.35726,68.00735,68.30813,70.00714,69.57011,67.77905,74.68601,73.34848,72.06941,75.80237,77.89737,73.82412,78.89233,78.03204,78.89233
14.03567,14.03567,14.14214,14.03567,13.0384,13.0384,13.15295,12.16553,12.16553,11.18034,11.18034,11.18034,11.40175,10.44031,10.44031,10.44031,10.44031,9.84886,10.77033,9.84886,9.84886,9.84886,9.84886,9.84886,9.84886,9.84886,9.84886,9.84886,9.48683,9.48683,9.48683,8.544,8.544,8.24621,8.24621,8.24621,8.06226,8.06226,8.06226,7.0,7.0,7.0,7.07107,6.08276,6.08276,5.38516,5.38516,5.38516,4.47214,4.47214,5.0,4.24264,78.40918,78.51751,75.16648,74.00676,79.22752,76.32169,73.24616,72.24957,70.25667,65.27634,63.0,61.07373,64.03124,60.0,58.0,54.23099,61.0082,56.22277,53.46027,55.9017,54.12947,52.7731,51.24451,54.81788,51.78803,52.20153,51.24451,53.16014,51.24451,49.33559,50.0,45.35416,54.08327,46.17359,47.07441,44.14748,45.12206,47.07441,46.87217,42.42641,44.10215,41.0,41.04875,39.05125,39.05125,39.20459,37.85499,36.67424,32.28002,29.96665,29.96665,29.52965,27.29469,28.30194,26.24881,24.08319,26.24881,26.30589,24.18677,24.33105,25.4951,29.42788,23.5372,27.85678,27.65863,27.89265,29.83287,27.85678,30.08322,27.78489,28.6531,31.38471,31.90611,35.60899,35.80503,34.82815,38.94868,41.10961,41.03657,41.03657,44.55334,46.09772,46.66905,46.01087,49.0408,53.2635,56.40035,54.81788,55.44367,55.80323,54.08327,60.46487,57.45433,62.26556,61.40033,59.16925,60.82763,60.83584,64.4748,60.40695,66.7308,61.68468,61.13101,64.28841,68.65858,71.38627,73.1642,70.40597,70.71068,72.56032,77.78175,79.51101,76.79193,79.30952
14.03567,13.0,13.0,13.0,12.0,12.0,12.04159,11.04536,11.04536,11.04536,10.04988,10.04988,10.04988,10.19804,9.21954,9.21954,9.48683,8.544,8.544,8.544,8.544,8.544,8.544,8.544,8.544,8.544,8.544,8.544,7.61577,8.544,7.28011,7.28011,7.28011,7.28011,7.28011,7.07107,7.07107,6.0,6.0,6.0,6.0,6.08276,5.09902,5.09902,5.09902,4.47214,4.47214,4.47214,4.47214,4.24264,4.24264,3.60555,83.72574,72.03471,82.37718,77.46612,73.82412,77.41447,68.73136,71.34424,67.60178,69.35416,66.18912,66.18912,63.07139,58.07753,58.00862,59.00847,56.0357,56.22277,54.14795,50.24938,56.7186,48.6621,49.0306,47.85394,47.26521,48.25971,46.09772,48.76474,47.07441,50.69517,47.53946,50.28916,45.35416,43.68066,44.91102,44.91102,43.41659,40.31129,44.01136,45.04442,41.04875,39.0,40.04997,37.12142,38.07887,34.52535,32.75668,32.28002,31.04835,28.4605,31.38471,25.23886,27.80288,24.75884,26.87006,23.34524,23.02173,29.27456,29.0,30.0,33.01515,28.01785,29.15476,32.14032,31.40064,32.38827,31.40064,33.95585,36.05551,37.69615,34.17601,39.39543,37.94733,40.31129,39.81206,44.77723,47.88528,48.30114,48.02083,48.37355,51.10773,49.09175,55.47071,52.43091,59.20304,56.0803,56.85068,56.63921,63.70243,60.87693,58.72819,62.28965,62.2254,62.36986,62.482,61.7171,63.82006,65.80274,65.8635,68.60029,67.08204,66.64083,66.48308,68.54196,72.23573,72.42237,67.6757,71.47027,77.20104,77.20104,70.61161,75.9276,83.24062,79.30952
12.04159,11.31371,12.04159,11.31371,10.63015,9.89949,10.63015,9.89949,9.21954,9.21954,9.21954,8.60233,8.60233,8.60233,8.60233,8.06226,8.06226,7.2111,7.61577,7.61577,7.61577,7.61577,6.7082,7.61577,6.7082,6.7082,6.7082,6.7082,6.7082,6.7082,6.7082,6.7082,5.83095,6.40312,6.40312,5.65685,5.65685,5.65685,5.65685,5.0,5.0,4.47214,4.47214,4.47214,4.12311,4.12311,4.0,4.0,4.0,4.0,4.12311,3.16228,76.41989,71.44928,74.24958,73.0,70.83784,67.89698,70.03571,69.35416,64.44377,61.84658,61.22091,56.60389,58.60034,55.0,50.60632,50.80354,52.20153,53.53504,49.64877,44.77723,47.42362,43.86342,43.46263,42.72002,42.15448,44.77723,43.86342,41.10961,45.54119,40.8534,41.78516,40.49691,41.23106,39.56008,40.49691,38.07887,40.24922,38.94868,37.12142,36.89173,34.98571,32.64966,34.71311,34.65545,33.30165,30.41381,31.40064,28.6007,27.45906,26.83282,27.313,24.59675,25.07987,26.68333,24.08319,24.0,21.0,33.28663,32.75668,33.28663,36.05551,34.0,35.35534,35.35534,37.12142,38.47077,38.48376,38.91015,43.46263,43.32436,45.88028,48.38388,46.17359,48.50773,49.0306,50.21952,50.01,54.23099,53.60037,57.07013,56.4358,59.03389,58.30952,59.68249,58.13777,59.07622,61.03278,58.00862,62.07254,62.20129,63.3877,66.48308,61.52235,60.82763,61.98387,62.16912,68.41053,65.52099,65.39113,62.39391,70.26379,61.32699,66.57327,66.37017,67.95587,73.78347,68.8186,70.45566,72.20111,73.87828,68.24954,74.51845,78.51751,73.59348
13.41641,12.52996,13.0384,11.6619,11.6619,11.6619,11.6619,10.81665,10.81665,10.0,10.0,10.0,9.21954,9.21954,8.48528,9.21954,8.48528,8.48528,7.81025,7.81025,7.07107,7.81025,8.48528,7.81025,7.81025,7.81025,7.81025,7.81025,7.07107,7.07107,7.07107,7.07107,6.40312,6.40312,7.2111,7.2111,6.7082,6.7082,6.32456,5.38516,6.32456,6.32456,6.08276,5.09902,5.0,5.0,6.0,5.0,5.09902,5.09902,5.09902,4.47214,72.47068,77.41447,74.94665,71.58911,76.15773,67.53518,69.64194,63.28507,63.81222,58.83026,61.05735,60.74537,57.98276,56.0357,54.08327,53.2635,53.07542,49.57822,48.08326,50.91169,45.27693,50.20956,43.27817,43.18565,41.86884,42.52058,48.16638,42.0119,41.40048,43.41659,42.80187,42.63801,39.82462,39.20459,41.7732,36.87818,38.94868,36.76955,36.06938,36.40055,37.44329,34.0,33.28663,32.24903,30.46309,34.78505,30.80584,31.62278,26.68333,30.06659,27.01851,29.01724,26.07681,26.07681,24.33105,25.63201,23.4094,36.87818,32.64966,40.22437,34.20526,35.0,34.05877,35.80503,38.01316,42.0119,39.44617,42.54409,42.54409,44.72136,45.17743,46.14109,48.37355,51.07837,50.9902,47.53946,53.31041,53.85165,55.15433,60.92618,57.38467,60.40695,60.08328,61.09828,60.16644,60.63827,59.90826,64.53681,59.84146,63.63961,65.62012,62.64982,66.48308,66.06815,66.27217,65.06919,67.18631,64.12488,69.87131,64.62971,70.61161,62.16912,68.44706,68.68042,72.12489,70.83784,72.8011,70.93659,72.09022,74.0,75.58439,73.40981,74.70609,76.94154
13.45362,12.80625,12.80625,12.04159,12.20656,11.40175,11.40175,11.40175,10.81665,10.81665,10.0,9.43398,9.43398,9.84886,8.94427,9.84886,8.94427,8.94427,8.544,8.544,8.544,8.24621,8.544,8.24621,8.24621,8.544,8.544,7.61577,7.61577,7.61577,6.7082,6.7082,6.7082,6.7082,7.2111,6.40312,6.40312,5.65685,5.65685,5.65685,5.0,5.0,5.0,4.47214,4.47214,4.47214,4.12311,4.12311,4.12311,3.0,4.0,3.16228,74.33034,73.75636,69.42622,72.18033,73.5527,67.89698,67.94115,64.3506,63.65532,60.82763,58.0,55.17246,60.20797,56.85068,53.00943,52.00961,50.60632,48.76474,47.16991,46.64762,44.29447,44.77723,44.72136,44.29447,39.35734,42.04759,43.46263,42.37924,41.4367,44.59821,43.38202,41.59327,40.24922,37.16181,38.94868,37.12142,39.96248,34.98571,35.60899,36.23534,34.71311,32.01562,31.82766,32.55764,31.241,33.61547,28.6531,31.30495,23.4094,27.51363,24.18677,26.07681,24.02082,24.0,24.02082,20.61553,20.61553,38.27532,34.48188,34.48188,36.40055,37.0,36.13862,36.68787,36.40055,42.72002,41.7732,42.2019,43.56604,44.55334,46.87217,48.50773,49.0306,51.62364,51.62364,49.49747,52.61179,52.46904,59.84146,56.14268,59.03389,56.0803,59.00847,61.07373,60.0,60.03332,58.00862,60.20797,60.29925,62.28965,64.28063,65.19202,63.78871,64.53681,60.44005,63.56886,65.78754,66.40783,69.07966,67.23095,66.64083,59.9333,67.1193,65.74192,65.36819,71.58911,71.28113,70.43437,75.43209,72.62231,69.40461,75.74299,70.29225,75.9276
12.16553,11.18034,12.04159,11.18034,11.18034,9.21954,10.04988,9.05539,9.05539,9.05539,9.05539,9.05539,8.0,8.0,7.0,8.06226,7.07107,8.06226,7.07107,7.07107,7.07107,7.07107,7.07107,7.07107,7.07107,6.08276,6.08276,7.07107,6.08276,6.0,6.0,6.0,6.0,6.0,5.09902,5.09902,5.38516,5.38516,4.47214,4.47214,5.0,4.24264,5.0,4.24264,4.24264,3.60555,3.60555,4.47214,4.12311,4.12311,4.0,4.0,73.06162,73.10951,72.00694,66.0303,71.02816,65.03076,66.00758,65.0,63.00794,56.0803,56.22277,53.46027,56.4358,54.14795,49.49747,48.6621,50.80354,44.38468,48.76474,44.38468,43.9659,42.37924,42.37924,42.37924,44.94441,41.23106,39.39543,41.23106,40.8534,41.23106,35.8469,38.8973,38.27532,36.40055,35.17101,36.13862,34.20526,33.95585,36.34556,33.24154,30.06659,31.06445,29.15476,29.15476,29.61419,27.65863,25.29822,25.07987,24.69818,24.41311,24.20744,22.67157,19.84943,21.26029,20.24846,18.35756,21.54066,37.21559,37.73592,38.07887,35.51056,37.12142,41.18252,41.6173,41.6173,42.43819,43.60046,43.82921,46.04346,47.43416,48.41487,49.40648,51.22499,54.67175,53.2635,56.85068,56.22277,57.38467,59.5483,60.20797,60.87693,62.28965,62.2254,60.1415,63.65532,62.96825,64.44377,64.03124,63.25346,64.40497,66.0303,67.1193,65.36819,63.81222,66.7308,66.64833,67.08204,65.76473,69.64194,65.9242,69.89278,64.51356,68.15424,67.18631,67.46851,69.58448,74.8131,71.84706,71.56815,71.44928,69.58448,72.24957,74.24284,76.23647
12.36932,12.36932,12.36932,11.18034,11.40175,11.18034,10.44031,10.44031,10.44031,9.48683,9.48683,8.544,8.94427,8.94427,8.94427,8.94427,8.06226,8.06226,8.06226,8.06226,8.06226,8.06226,7.2111,7.2111,7.2111,7.2111,6.7082,7.2111,6.7082,6.7082,6.7082,6.7082,6.32456,6.32456,6.08276,6.08276,5.09902,5.09902,5.09902,5.0,5.0,4.12311,4.12311,4.12311,4.12311,3.16228,3.60555,3.60555,3.60555,2.82843,2.82843,2.82843,74.54529,72.44308,74.24284,68.35934,68.11755,68.18358,66.1211,67.1193,63.00794,57.03508,54.00926,54.03702,54.03702,51.08816,50.24938,50.48762,51.35173,46.52956,46.69047,42.75512,44.91102,43.41659,43.01163,41.76123,41.76123,41.97618,41.10961,39.84972,41.4367,36.76955,38.8973,37.64306,34.9285,37.10795,35.51056,34.23449,33.54102,32.38827,31.257,32.01562,29.06888,28.16026,27.45906,25.70992,27.20294,25.07987,24.59675,24.69818,23.43075,19.79899,19.10497,19.20937,21.2132,18.02776,17.88854,18.68154,18.68154,34.66987,36.71512,31.30495,34.98571,36.23534,35.35534,37.21559,40.49691,41.34005,42.80187,43.01163,42.72002,47.43416,49.81967,52.43091,51.61395,52.20153,52.80152,55.97321,57.42822,57.80138,58.41233,58.13777,61.07373,60.30755,59.66574,63.70243,62.93648,62.28965,64.38167,63.03174,65.11528,63.12686,66.70832,63.89053,65.80274,66.0303,67.42403,64.49806,68.09552,68.8767,64.88451,63.50591,68.54196,67.23095,60.72891,65.80274,66.40783,72.27724,72.53275,72.56721,72.56721,72.36712,68.88396,77.92946,77.64664,74.54529
12.04159,12.04159,12.04159,12.04159,11.04536,11.04536,10.04988,10.04988,9.05539,9.21954,9.21954,9.21954,8.544,8.544,7.28011,7.61577,7.61577,6.7082,7.61577,6.7082,6.7082,6.7082,6.7082,6.7082,6.7082,6.7082,6.32456,6.32456,6.32456,5.38516,5.38516,6.08276,5.09902,5.09902,5.0,5.0,5.09902,4.12311,5.09902,4.12311,4.47214,3.60555,4.47214,4.24264,4.24264,3.60555,3.60555,3.60555,3.60555,3.16228,4.12311,4.12311,72.56032,70.25667,73.17103,68.06614,67.18631,67.00746,63.12686,63.03174,59.07622,59.07622,55.00909,51.08816,52.03845,51.47815,48.16638,45.09989,47.51842,46.32494,44.64303,42.95346,42.75512,37.94733,39.21734,39.21734,41.10961,41.76123,36.40055,38.8973,36.40055,37.94733,35.44009,36.68787,35.73514,33.73426,32.01562,32.24903,33.24154,33.37664,31.57531,30.01666,28.0,29.61419,28.86174,27.20294,22.80351,21.54066,21.9545,21.40093,19.20937,19.20937,19.10497,20.80865,20.24846,20.61553,17.46425,20.09975,18.11077,34.88553,38.47077,38.07887,38.48376,38.94868,37.12142,38.47077,39.96248,41.67733,43.26662,44.10215,46.32494,49.64877,50.21952,54.81788,50.47772,54.6443,56.40035,57.38467,60.0,58.13777,64.03124,61.07373,60.44005,63.12686,63.65532,64.3506,68.593,65.19202,66.48308,63.78087,70.83784,67.47592,70.29225,69.81404,68.00735,69.06519,69.64194,67.41662,70.23532,71.55418,67.62396,69.857,73.1642,71.16881,72.53275,69.64194,72.27724,77.12976,75.50497,76.94154,76.48529,74.96666,69.46222,77.92946,79.40403,78.23043
13.34166,13.34166,12.36932,12.36932,12.36932,11.18034,11.18034,11.18034,10.04988,10.04988,10.04988,9.05539,9.05539,9.05539,8.0,9.05539,8.06226,8.06226,8.06226,8.06226,7.0,7.07107,7.07107,7.07107,7.07107,7.07107,7.07107,7.0,7.0,6.0,6.08276,6.08276,6.08276,6.08276,6.08276,6.08276,5.38516,5.38516,5.83095,5.0,5.0,5.0,5.0,4.24264,4.24264,4.24264,4.47214,4.47214,4.47214,4.47214,4.12311,4.12311,73.37575,72.27724,69.37579,67.44627,69.63476,68.41053,65.0,61.84658,60.63827,55.7315,58.69412,53.93515,55.44367,52.23983,49.0408,50.0,46.01087,44.04543,42.0,46.09772,43.04649,40.11234,40.1995,39.11521,36.34556,38.32754,38.32754,36.67424,36.87818,35.44009,36.49658,34.52535,32.06244,31.0,35.12834,32.06244,31.06445,29.06888,29.83287,32.38827,28.28427,25.29822,26.92582,26.40076,25.94224,25.05993,24.20744,22.67157,21.93171,22.80351,21.93171,22.2036,20.24846,20.61553,23.76973,17.46425,22.09072,32.01562,31.57531,32.55764,35.35534,33.54102,36.49658,38.47077,38.63936,39.62323,39.21734,43.08132,43.65776,42.72002,47.16991,49.76947,49.64877,52.92447,51.62364,53.22593,55.54278,55.9464,60.41523,57.3062,60.90156,58.66856,61.58734,63.81222,64.66065,63.28507,63.28507,63.24555,67.80118,66.0303,69.02898,64.66065,69.81404,66.48308,66.52819,64.66065,69.52697,66.06815,69.40461,69.63476,71.02112,71.34424,76.15773,76.05919,73.82412,74.24958,73.00685,71.86793,74.33034,77.83315,74.94665,74.94665,76.53757,76.2168
12.0,12.0,12.04159,11.04536,11.04536,10.0,10.04988,10.04988,9.05539,9.05539,8.06226,8.24621,8.24621,7.28011,7.28011,7.28011,6.32456,7.28011,6.7082,6.7082,6.7082,6.7082,6.32456,6.7082,6.7082,5.38516,5.38516,6.32456,5.38516,6.32456,5.38516,5.09902,5.09902,5.09902,5.0,5.0,5.09902,5.0,5.09902,4.12311,4.47214,4.47214,4.47214,3.60555,4.24264,4.24264,4.24264,4.24264,4.24264,3.60555,4.47214,4.12311,73.76313,76.24303,74.94665,69.37579,65.45991,62.64184,61.68468,61.35145,58.87274,55.15433,55.9464,50.53712,50.53712,53.7122,46.14109,43.04649,45.79301,44.10215,40.49691,37.80212,41.86884,36.87818,38.18377,35.38361,34.71311,38.94868,32.55764,33.97058,33.24154,33.24154,33.24154,32.55764,34.20526,33.42155,31.89044,30.61046,31.62278,28.84441,32.44996,27.313,28.4605,26.92582,25.63201,26.68333,27.45906,27.07397,26.07681,25.07987,19.23538,22.56103,23.76973,22.56103,22.84732,21.93171,22.80351,22.80351,21.93171,32.20248,30.52868,34.98571,33.61547,35.22783,33.28663,37.01351,37.01351,37.64306,40.60788,41.7732,43.13931,47.42362,47.38143,46.69047,50.20956,53.90733,52.40229,56.22277,60.44005,57.80138,61.05735,61.40033,66.0303,64.07027,65.73431,65.45991,64.14047,68.60029,69.77105,68.0,70.66116,70.77429,72.44998,72.8011,68.62215,70.61161,72.42237,71.30919,71.80529,72.99315,70.71068,75.31268,74.06079,69.06519,75.02666,73.24616,74.33034,79.40403,76.32169,74.54529,76.65507,77.46612,76.29548,82.37718,79.83107,77.12976
13.45362,12.72792,12.72792,12.72792,11.31371,10.63015,10.63015,10.63015,10.0,10.0,10.0,9.43398,8.60233,8.60233,8.60233,8.94427,8.06226,7.61577,7.61577,7.61577,7.61577,7.61577,7.61577,7.61577,7.61577,7.61577,7.61577,6.7082,6.7082,6.7082,7.2111,7.2111,7.2111,6.40312,6.40312,6.40312,6.40312,6.40312,6.40312,6.40312,5.83095,5.83095,5.83095,5.38516,5.38516,5.38516,5.09902,5.09902,5.09902,5.09902,5.0,5.0,78.24321,72.42237,73.24616,71.21798,69.52697,67.17887,61.52235,62.93648,59.5483,59.4138,53.74012,51.66237,52.40229,48.16638,49.0408,48.25971,47.20169,46.04346,46.64762,38.58756,41.62932,41.18252,40.71855,37.58989,38.47077,38.83298,38.07887,37.57659,37.57659,33.83785,35.77709,37.57659,33.12099,36.71512,34.66987,34.48188,34.4093,33.30165,35.4683,33.6006,30.41381,31.82766,30.0,32.64966,33.61547,31.06445,30.46309,29.54657,29.12044,25.96151,27.20294,27.01851,29.27456,27.01851,25.0,23.08679,25.70992,29.15476,28.6007,30.01666,29.41088,29.52965,30.80584,32.44996,33.10589,33.10589,34.53983,39.0,40.80441,42.2019,42.44997,46.32494,47.53946,51.97115,46.87217,53.60037,54.58938,53.60037,56.56854,57.55867,59.3043,63.28507,63.07139,65.12296,69.0,62.07254,69.02898,65.00769,69.00725,66.1211,68.46897,68.18358,68.46897,65.49046,67.26812,65.73431,73.24616,73.4983,68.35203,70.38466,69.857,70.26379,75.591,71.58911,76.53757,76.53757,73.92564,76.55064,75.0,77.10383,74.4043,79.81228,78.40918,74.20243
12.52996,12.52996,12.08305,11.18034,11.18034,10.29563,9.84886,9.84886,9.84886,8.544,8.544,8.544,8.24621,7.28011,8.24621,8.06226,7.07107,7.07107,7.07107,7.07107,7.0,7.0,7.07107,7.0,7.07107,6.08276,7.07107,7.07107,6.08276,6.32456,6.08276,6.08276,6.32456,6.32456,6.32456,6.7082,5.83095,5.83095,5.83095,5.83095,6.40312,5.65685,5.65685,5.65685,5.65685,5.83095,5.83095,5.83095,5.38516,5.38516,5.09902,5.09902,77.7946,76.6942,71.7844,70.38466,68.96376,65.78754,67.18631,63.32456,60.72891,58.69412,52.39275,50.01,50.9902,49.81967,45.39824,47.51842,48.04165,44.04543,44.01136,41.10961,40.0,40.0125,41.59327,39.45884,38.20995,39.20459,39.11521,37.85499,37.85499,37.33631,38.83298,36.67424,40.26164,39.81206,39.20459,38.0526,36.34556,38.0526,37.0,37.33631,35.69314,33.37664,35.22783,32.38827,33.73426,33.83785,30.36445,33.61547,31.7805,30.41381,31.62278,26.62705,30.0,28.3196,26.90725,27.01851,31.62278,25.96151,23.5372,24.08319,24.18677,24.08319,28.01785,29.01724,30.41381,36.34556,32.14032,34.52535,37.65634,38.60052,43.01163,42.2019,43.17407,48.10405,52.20153,46.8188,52.39275,51.47815,58.59181,58.69412,56.79789,58.18075,64.40497,65.8635,66.37017,66.24198,70.3278,63.63175,69.63476,69.33974,66.85058,69.2026,72.62231,71.06335,71.50524,73.5527,72.18033,75.00667,70.29225,67.80118,75.21303,69.81404,72.67049,75.45197,75.66373,76.53757,78.71467,71.58911,78.92401,80.5295,74.67262,78.39005,78.1089,83.1685
12.04159,12.04159,11.31371,10.63015,11.31371,9.89949,9.89949,9.21954,9.21954,9.21954,8.60233,8.06226,8.60233,8.06226,8.06226,8.06226,7.61577,7.61577,7.61577,6.7082,7.61577,7.61577,6.32456,7.28011,7.28011,7.28011,7.28011,7.61577,7.61577,7.61577,6.7082,6.7082,6.7082,6.7082,7.2111,6.7082,6.40312,6.40312,6.40312,7.07107,6.40312,6.40312,6.40312,5.0,5.83095,5.38516,5.38516,5.38516,5.09902,4.12311,5.09902,5.0,77.25283,76.6942,77.83315,75.96052,78.79086,70.68239,67.1193,71.58911,63.52952,62.64982,57.70615,56.93856,56.4358,54.70832,51.62364,50.80354,48.82622,50.44799,48.27007,46.75468,48.79549,46.09772,42.44997,44.55334,40.36087,43.27817,40.22437,42.80187,45.34314,43.60046,43.01163,45.60702,42.63801,42.80187,41.23106,45.27693,44.55334,43.86342,41.10961,43.13931,41.23106,44.20407,40.49691,35.8469,41.14608,38.58756,38.94868,36.40055,33.61547,35.1141,37.48333,33.06055,33.54102,31.14482,31.01612,33.13608,32.24903,19.41649,20.24846,17.80449,20.51828,20.0,18.43909,22.80351,22.2036,26.92582,25.80698,28.84441,29.15476,32.57299,33.54102,35.1141,37.0,37.64306,39.84972,44.38468,45.22168,50.44799,51.41984,49.81967,53.60037,54.57105,58.85576,59.03389,60.67125,60.20797,61.98387,62.96825,66.48308,67.36468,63.3877,65.27634,70.06426,68.02941,67.02984,66.0303,72.02777,71.06335,68.88396,72.56032,75.50497,68.88396,66.09841,74.95332,72.8011,76.92204,75.69016,79.71198,79.69944,80.95678,76.32169,78.77182,81.27115,80.41144
13.60147,12.64911,12.64911,12.64911,12.64911,11.7047,11.7047,11.7047,10.77033,11.18034,10.29563,10.29563,9.43398,9.43398,9.43398,10.0,10.0,10.0,9.21954,9.21954,9.21954,9.21954,9.89949,9.21954,9.21954,9.21954,9.21954,9.89949,9.21954,9.89949,8.48528,9.21954,9.21954,8.60233,9.43398,8.60233,8.60233,8.06226,8.06226,6.7082,7.61577,6.7082,7.28011,6.32456,6.08276,6.08276,6.0,6.0,5.0,5.0,5.0,5.09902,80.23092,73.75636,79.24645,77.92946,74.33034,74.52516,70.61161,70.21396,67.68309,64.7611,63.56099,62.36185,63.32456,54.08327,58.82176,57.77543,55.71355,53.31041,51.88449,50.11986,51.0,50.11986,52.20153,53.00943,49.09175,49.40648,51.61395,48.9183,49.20366,50.44799,53.60037,54.20332,49.0408,51.0392,54.20332,47.16991,49.64877,47.16991,48.54894,51.0,48.37355,47.16991,43.9659,44.27189,45.88028,41.10961,38.83298,38.83298,42.57934,37.21559,36.34556,34.05877,37.01351,29.12044,33.37664,31.95309,31.95309,15.65248,17.49286,12.20656,14.76482,13.45362,12.72792,15.0,16.64332,15.55635,18.35756,21.09502,23.25941,24.35159,26.24881,26.92582,29.96665,33.24154,35.4683,38.47077,35.17101,40.02499,42.37924,45.60702,47.80167,45.22168,52.49762,52.17279,57.72348,55.54278,58.24946,53.15073,57.27128,58.46366,59.68249,60.20797,67.08204,62.64982,64.62971,63.50591,65.12296,68.11755,65.12296,66.00758,68.06614,69.02898,69.0,71.02816,74.24284,74.33034,72.69113,74.67262,76.79193,81.04937,76.11833,75.66373,83.86298,80.06248
15.13275,14.14214,14.14214,13.0384,13.15295,13.15295,12.16553,12.16553,12.16553,11.18034,11.40175,11.40175,10.44031,10.44031,10.44031,10.77033,9.84886,9.84886,9.84886,9.84886,9.84886,9.84886,9.84886,9.43398,9.43398,10.29563,10.29563,9.84886,10.29563,9.84886,9.84886,9.84886,9.84886,9.48683,9.48683,9.48683,9.21954,9.21954,8.06226,8.06226,8.06226,8.0,8.0,7.0,7.07107,7.07107,7.07107,6.32456,6.32456,6.32456,5.38516,5.83095,76.11833,77.10383,76.48529,77.46612,73.34848,73.34848,69.42622,70.40597,64.53681,67.26812,66.94027,62.36185,63.06346,56.30275,58.82176,55.97321,55.03635,54.12024,53.23533,55.47071,52.7731,52.35456,51.62364,51.0392,50.77401,50.21952,51.62364,53.60037,48.25971,52.00961,52.43091,53.25411,52.80152,52.63079,51.31277,51.0392,50.77401,47.70744,51.42956,46.51881,48.10405,47.53946,46.61545,44.94441,45.12206,43.17407,44.55334,37.85499,39.31921,34.1321,35.01428,37.01351,35.0571,32.06244,29.12044,31.62278,31.01612,13.60147,11.7047,13.41641,14.21267,11.6619,11.40175,12.20656,13.0,14.42221,16.49242,19.23538,16.76305,23.08679,25.0,23.34524,28.16026,31.57531,30.59412,36.22154,35.90265,39.45884,40.60788,42.75512,46.27094,41.7732,48.50773,47.53946,53.60037,51.35173,51.47815,54.58938,53.46027,58.42089,58.30952,60.53098,59.3043,60.29925,62.39391,62.1289,63.07139,63.28507,65.03076,66.0,64.07027,65.03076,66.18912,65.37584,69.35416,70.85901,70.45566,69.46222,73.34848,75.66373,75.80237,76.90254,80.80842,82.03658
14.56022,13.60147,13.92839,13.60147,13.92839,12.64911,12.64911,13.0,11.7047,12.08305,12.08305,11.6619,11.6619,11.6619,10.81665,10.81665,10.81665,10.81665,10.63015,11.40175,11.40175,10.63015,10.63015,11.31371,11.31371,10.63015,10.63015,10.63015,10.63015,10.63015,10.0,10.0,10.0,10.0,9.43398,10.29563,9.43398,9.43398,8.94427,8.94427,8.544,8.544,8.544,7.28011,7.28011,7.07107,7.07107,7.0,6.0,6.0,6.0,5.09902,80.23092,84.72308,78.1025,81.04937,75.18643,76.90254,74.73286,74.95332,72.27724,69.64194,67.18631,69.26038,65.80274,62.39391,63.69458,63.52952,60.41523,58.59181,61.77378,56.35601,61.91123,60.03332,57.80138,55.75841,59.07622,58.30952,60.44005,58.89822,58.00862,58.79626,56.85068,56.61272,59.20304,55.0,57.2014,55.75841,55.56978,56.4358,55.56978,53.66563,57.24509,53.22593,49.76947,46.61545,50.92151,46.09772,44.38468,43.93177,39.11521,37.0,36.01389,36.01389,37.12142,35.22783,33.95585,29.73214,29.73214,15.81139,14.14214,13.41641,14.14214,13.0384,8.06226,10.63015,10.0,12.80625,12.20656,14.31782,17.08801,16.15549,23.19483,21.37756,20.39608,22.36068,26.1725,27.0,34.36568,35.35534,36.13862,37.48333,37.33631,43.04649,39.11521,44.10215,47.16991,49.0306,50.08992,51.24451,51.24451,54.33231,53.03772,61.07373,57.31492,58.0,57.03508,60.0,62.03225,62.0,62.0,63.03174,67.47592,67.47592,68.11755,67.06713,71.34424,74.43118,75.80237,76.48529,77.36924,76.15773,76.68768,83.19856,82.0,84.92938
14.31782,14.31782,14.31782,14.31782,13.41641,13.41641,12.52996,13.0384,12.52996,12.20656,12.52996,12.20656,12.20656,11.40175,11.40175,11.40175,11.31371,11.31371,11.31371,11.31371,11.31371,11.31371,10.63015,11.40175,11.40175,12.04159,11.40175,11.31371,11.31371,11.31371,11.31371,11.31371,10.63015,10.63015,10.63015,10.63015,10.0,10.0,9.43398,9.43398,8.94427,8.94427,8.544,7.61577,7.61577,7.28011,7.28011,7.07107,6.08276,6.0,6.0,5.0,78.74643,78.74643,77.49194,78.16009,78.0,71.86793,75.61085,74.67262,68.94926,70.38466,67.77905,65.79514,68.44706,64.84597,65.0,62.68174,61.05735,60.46487,61.61169,56.85948,61.6198,59.66574,58.0,57.48913,56.85068,59.5483,55.86591,60.81118,58.69412,56.72742,61.6198,60.82763,57.31492,58.72819,58.69412,56.63921,55.31727,58.79626,57.14018,53.41348,51.61395,51.61395,47.70744,47.43416,47.88528,47.41308,43.38202,47.16991,38.60052,39.05125,36.49658,34.1321,34.1321,31.40064,32.14032,30.14963,29.42788,15.29706,18.11077,13.34166,12.36932,13.60147,13.0384,11.40175,9.05539,13.0384,12.20656,13.0384,12.72792,14.21267,15.81139,13.92839,18.38478,21.58703,21.58703,22.36068,26.24881,28.16026,31.57531,29.42788,37.12142,35.69314,37.12142,38.32754,43.41659,44.72136,48.25971,46.04346,50.35871,52.46904,53.03772,53.33854,55.03635,54.03702,56.00893,59.03389,57.14018,60.03332,58.69412,56.14268,63.1981,63.63961,60.20797,62.64982,64.13267,68.44706,71.38627,70.34202,73.4983,74.2159,71.47027,76.2168,78.74643,79.81228
13.34166,13.34166,13.34166,13.34166,13.34166,12.36932,12.16553,12.16553,12.16553,11.18034,11.18034,11.04536,11.04536,11.0,10.0,10.0,10.04988,10.04988,10.04988,10.19804,10.04988,10.19804,10.04988,10.19804,10.19804,10.19804,10.19804,10.19804,10.19804,10.04988,10.04988,10.04988,10.04988,10.04988,9.0,10.0,9.05539,8.06226,8.06226,8.24621,8.24621,7.28011,7.28011,6.32456,6.7082,6.7082,5.83095,5.83095,5.65685,5.65685,5.0,5.0,80.06248,80.399,81.22192,75.42546,79.05694,76.23647,76.0,79.15807,73.06162,73.24616,68.02941,68.00735,69.02898,68.02941,63.63961,60.40695,64.49806,58.0517,62.58594,57.00877,61.68468,56.51548,58.82176,60.08328,61.35145,58.87274,60.16644,60.41523,61.7414,60.53924,61.32699,60.41523,60.83584,59.48109,57.69749,60.92618,57.38467,59.13544,57.72348,54.34151,51.86521,51.41984,47.51842,47.85394,47.51842,43.18565,42.19005,43.04649,39.0,36.49658,38.11824,34.20526,36.87818,34.48188,26.0,28.17801,28.30194,17.46425,19.72308,17.08801,20.24846,18.02776,16.15549,17.46425,10.44031,11.7047,14.0,14.0,14.56022,15.81139,15.52417,15.0,17.08801,20.80865,18.43909,21.2132,23.34524,27.65863,29.69848,29.73214,36.12478,35.60899,35.0,40.0,39.82462,45.27693,50.21952,46.40043,47.16991,53.82379,50.47772,54.70832,50.80354,54.58938,54.12024,59.09315,62.64982,60.37384,60.00833,60.00833,68.00735,61.98387,66.85058,62.64184,69.857,69.64194,72.42237,72.03471,73.34848,75.9276,73.76313,79.51101,79.30952,78.26238
15.65248,14.76482,14.76482,14.76482,14.76482,13.89244,13.89244,13.0384,13.0384,13.60147,12.80625,12.20656,12.80625,12.80625,12.04159,12.04159,11.31371,12.04159,11.31371,12.04159,12.04159,12.04159,12.04159,12.04159,12.04159,11.40175,12.04159,12.04159,12.04159,12.04159,11.31371,12.04159,11.31371,10.63015,10.0,11.40175,10.81665,10.29563,9.43398,9.43398,8.94427,8.94427,8.94427,7.61577,8.24621,7.28011,7.28011,7.07107,7.07107,6.0,6.0,5.0,82.76473,83.9345,83.25863,79.20227,81.84131,78.72103,82.46211,80.5295,73.92564,73.79024,71.58911,69.89278,69.46222,64.49806,69.31811,66.61081,65.45991,64.03124,60.44005,64.53681,62.93648,61.52235,62.24147,65.06919,60.959,62.93648,63.70243,63.03174,65.05382,63.70243,61.7171,59.66574,61.55485,61.6198,58.13777,60.81118,58.0,56.58622,58.69412,55.9017,52.40229,52.69725,49.39636,50.60632,52.3259,45.79301,48.33218,46.51881,41.10961,41.23106,39.56008,35.73514,36.49658,35.69314,34.05877,28.01785,28.28427,19.10497,18.11077,17.11724,19.10497,15.52417,18.02776,14.0,14.56022,13.92839,12.52996,13.60147,11.18034,15.55635,15.0,15.81139,16.64332,18.38478,17.26268,25.4951,23.34524,25.0,27.16616,28.44293,33.13608,35.69314,35.12834,37.85499,42.0,42.10701,43.04649,45.04442,46.04346,51.0392,50.15974,54.23099,54.03702,56.0,57.21888,56.22277,60.20797,59.03389,63.3877,62.8172,66.28725,61.61169,63.56886,69.64194,69.57011,67.06713,69.26038,74.63243,70.34202,75.76939,74.84651,79.71198,82.28001,86.92526
14.31782,13.34166,13.34166,13.34166,12.36932,12.16553,12.16553,12.16553,12.16553,11.04536,11.04536,11.0,11.0,10.0,10.0,11.04536,10.04988,10.04988,10.04988,10.04988,10.04988,10.04988,10.19804,10.19804,10.19804,10.19804,10.19804,10.19804,10.19804,10.19804,9.05539,10.04988,9.05539,9.0,9.0,9.0,9.0,8.06226,8.06226,8.06226,7.28011,7.28011,7.28011,6.32456,5.38516,5.38516,5.83095,5.0,5.0,4.24264,4.24264,3.60555,77.83315,78.92401,76.05919,78.29432,77.89737,76.92204,82.8553,78.54935,70.71068,68.8186,68.42514,66.37017,69.06519,70.45566,63.51378,60.87693,64.3506,60.82763,65.0,62.36986,60.10824,53.90733,60.30755,60.10824,56.72742,62.36986,57.2014,57.68882,57.2014,64.66065,55.9464,60.46487,56.85068,54.6443,55.80323,50.32892,54.03702,60.959,51.66237,50.20956,53.75872,49.57822,49.57822,49.39636,49.73932,44.65423,42.94182,46.06517,40.16217,36.76955,34.17601,36.87818,31.57531,33.37664,31.32092,31.257,28.07134,24.33105,19.64688,19.41649,18.68154,18.38478,17.46425,15.0333,15.81139,11.6619,16.64332,10.29563,13.89244,16.40122,15.26434,13.0,17.46425,20.61553,22.36068,24.0,19.41649,22.2036,32.28002,33.73426,36.34556,37.01351,43.10452,37.01351,46.01087,46.09772,39.0,48.09366,48.04165,50.01,52.0,51.0098,49.09175,53.15073,58.85576,51.78803,64.13267,61.0,60.20797,56.61272,56.61272,57.97413,66.28725,61.61169,69.89278,74.67262,69.89278,71.86793,72.09022,81.34494,77.82031,81.02469,87.72685,76.15773
14.76482,14.76482,14.76482,15.26434,13.89244,13.89244,13.41641,13.41641,12.52996,12.08305,12.08305,12.08305,11.7047,11.7047,11.7047,11.40175,11.40175,11.40175,11.40175,11.40175,11.18034,11.40175,11.18034,11.18034,11.18034,11.18034,11.18034,11.40175,11.18034,11.18034,10.44031,10.44031,10.77033,10.44031,10.77033,9.84886,9.84886,9.84886,8.94427,8.94427,8.60233,8.60233,7.81025,7.81025,7.81025,7.07107,7.07107,6.40312,6.40312,5.83095,5.83095,5.38516,86.14523,80.025,82.0061,81.05554,73.24616,82.0,70.25667,82.0975,73.02739,64.03124,72.1734,67.06713,59.4138,67.18631,60.07495,57.70615,56.22277,60.82763,62.0967,55.54278,60.16644,52.88667,60.16644,56.61272,56.04463,60.63827,52.20153,58.5235,59.46427,60.92618,58.24088,54.81788,54.42426,55.36244,52.63079,55.31727,60.44005,54.81788,55.7315,51.24451,49.25444,47.04253,49.09175,53.46027,48.04165,38.0526,39.31921,42.04759,38.60052,32.55764,32.55764,31.7805,35.8469,31.76476,31.14482,28.01785,24.08319,22.2036,19.0263,20.88061,17.88854,18.24829,16.27882,13.0384,13.92839,16.12452,13.45362,12.64911,21.2132,20.0,22.67157,20.61553,19.84943,24.75884,23.02173,26.41969,27.85678,26.0,32.24903,32.69557,30.46309,37.94733,40.5216,35.90265,41.10961,44.72136,54.70832,43.41659,48.76474,52.88667,50.80354,55.57877,53.85165,51.78803,54.34151,54.45181,58.21512,62.64982,58.30952,66.27217,63.12686,61.52235,63.78871,65.12296,70.00714,71.34424,73.0,72.69113,74.00676,78.05767,76.00658,79.02531,79.00633,82.29824
15.23155,15.23155,14.76482,14.31782,14.31782,13.41641,14.31782,13.41641,13.41641,12.52996,12.52996,12.52996,11.6619,11.6619,10.81665,12.20656,11.40175,11.40175,10.63015,10.63015,10.81665,10.63015,11.40175,11.31371,10.63015,10.63015,10.63015,10.63015,10.0,11.40175,10.0,10.0,10.81665,10.29563,10.29563,10.29563,9.84886,9.84886,8.544,8.544,8.24621,8.24621,8.06226,7.07107,7.07107,7.0,7.0,6.08276,6.08276,6.08276,6.32456,5.38516,76.40026,86.02325,85.16455,85.37564,76.68768,80.52329,76.68768,76.48529,73.75636,76.79193,70.45566,71.19691,68.88396,60.20797,63.1981,68.593,58.30952,53.00943,55.44367,60.07495,56.0357,66.18912,56.14268,56.0803,57.07889,57.55867,52.23983,58.69412,54.14795,57.55867,55.22681,60.53098,58.07753,56.14268,52.46904,54.08327,54.23099,55.00909,55.14526,49.16299,46.09772,46.87217,48.50773,47.53946,41.04875,40.5216,40.71855,42.37924,35.4683,30.01666,33.28663,31.62278,33.24154,31.1127,25.6125,28.30194,29.20616,20.02498,21.2132,22.02272,20.61553,16.03122,13.0384,16.0,13.0384,17.72005,14.76482,16.55295,13.0384,16.40122,18.35756,17.20465,23.34524,23.43075,26.24881,23.43075,33.24154,32.55764,31.82766,32.01562,36.12478,37.64306,35.51056,43.01163,45.34314,42.63801,45.61798,47.01064,48.60041,52.47857,54.6443,54.70832,52.47857,57.70615,54.626,60.41523,57.45433,61.91123,63.24555,67.53518,60.74537,67.06713,72.42237,71.38627,71.30919,68.00735,70.0928,76.2168,76.15773,82.5409,80.08121,77.87811,86.83317,78.1089
15.81139,15.0,15.81139,15.0,15.0,13.60147,13.60147,13.60147,13.45362,12.80625,13.45362,12.72792,12.72792,12.72792,12.72792,12.04159,11.40175,11.40175,11.40175,11.40175,11.40175,11.40175,11.6619,11.6619,11.6619,11.6619,11.6619,11.6619,11.6619,10.81665,11.40175,11.40175,11.40175,10.63015,10.63015,10.63015,9.89949,9.89949,9.89949,9.21954,8.60233,8.60233,8.60233,8.06226,8.06226,7.61577,7.61577,6.32456,6.32456,6.32456,6.08276,5.09902,79.07591,85.37564,78.8543,76.15773,80.36168,72.73239,76.24303,72.8011,73.24616,69.92138,67.06713,69.28925,69.46222,62.96825,58.30952,60.41523,61.7171,63.07139,59.05929,60.90156,58.24946,59.64059,57.14018,57.98276,56.61272,57.80138,60.0,56.40035,59.46427,58.25805,56.22277,60.44005,56.61272,54.20332,57.00877,55.60576,56.61272,54.91812,52.15362,55.22681,52.83938,51.42956,50.15974,44.38468,44.38468,45.54119,43.17407,44.92215,40.60788,35.35534,33.37664,35.0571,31.06445,31.14482,29.42788,28.28427,24.35159,19.23538,20.09975,17.11724,15.13275,16.27882,15.0,10.19804,14.56022,12.08305,11.40175,13.89244,11.40175,10.0,18.02776,15.26434,19.23538,21.54066,22.56103,22.80351,26.0,27.20294,30.80584,28.4605,34.78505,35.44009,37.65634,41.4367,38.60052,43.73786,44.55334,42.19005,43.73786,45.70558,52.34501,53.23533,52.46904,54.23099,53.08484,54.08327,60.07495,58.00862,60.20797,59.00847,62.03225,59.21149,65.37584,64.77654,64.13267,69.87131,73.34848,71.19691,75.18643,74.73286,73.97973,75.50497,77.66595,80.80842
13.0384,13.0384,13.0384,13.0384,12.04159,12.04159,12.04159,11.0,11.0,11.0,11.0,11.0,10.04988,10.04988,10.04988,10.04988,10.19804,9.21954,9.48683,9.48683,9.48683,9.48683,9.48683,9.48683,9.48683,9.48683,9.48683,9.48683,10.44031,9.21954,9.48683,9.21954,9.21954,9.21954,9.05539,8.06226,9.0,8.0,8.0,8.0,7.07107,7.07107,6.08276,6.32456,6.32456,6.32456,5.38516,5.38516,5.0,5.0,5.0,5.0,78.63841,82.29824,82.49242,77.78175,74.43118,74.43118,73.10951,76.32169,73.43705,68.35934,68.00735,65.03076,65.12296,65.00769,65.03076,63.07139,61.07373,58.30952,56.22277,57.48913,58.69412,56.08921,57.07013,56.75385,58.24946,58.18935,58.46366,59.77458,55.65968,54.70832,54.40588,58.94065,56.61272,56.61272,55.36244,52.39275,52.95281,53.15073,52.39275,52.7731,50.35871,49.0102,50.24938,43.18565,43.10452,43.0,42.19005,38.0526,40.79216,35.69314,32.28002,35.44009,33.61547,33.12099,27.45906,25.80698,27.58623,21.2132,15.0333,18.02776,17.26268,18.11077,17.26268,18.0,12.0,11.18034,16.27882,14.86607,15.81139,20.12461,18.86796,18.43909,18.02776,20.51828,26.24881,25.45584,26.92582,30.23243,28.42534,31.62278,34.98571,37.73592,40.70626,39.82462,44.94441,43.41659,48.8774,47.01064,50.24938,55.47071,51.47815,51.97115,53.66563,57.00877,55.54278,57.58472,59.09315,58.5235,59.90826,60.08328,67.05222,62.8172,68.15424,66.48308,66.4906,72.36712,75.31268,71.19691,74.1485,76.29548,74.96666,79.40403,79.51101,86.70063
15.29706,14.31782,14.31782,14.31782,14.31782,13.34166,13.34166,13.34166,12.36932,12.64911,12.64911,11.7047,12.08305,12.08305,12.08305,11.18034,11.18034,11.18034,11.6619,11.6619,11.6619,10.81665,10.81665,11.40175,11.40175,11.40175,11.40175,11.40175,10.81665,10.81665,10.81665,10.81665,10.29563,10.29563,9.84886,9.84886,9.84886,9.84886,8.94427,8.544,8.24621,8.24621,8.24621,7.07107,7.07107,7.07107,7.0,6.0,6.0,6.0,6.08276,5.09902,86.14523,80.62258,79.6304,79.40403,76.10519,78.51751,75.80237,75.42546,74.10803,67.1193,67.36468,68.0,68.02941,66.00758,65.00769,66.27217,63.12686,58.30952,61.18823,59.43904,60.41523,56.51548,55.65968,59.20304,56.04463,59.20304,59.46427,57.24509,58.87274,59.46427,59.80803,58.82176,56.921,59.46427,55.02727,53.16014,55.65968,52.49762,54.12024,54.12947,53.60037,50.15974,51.47815,46.17359,46.01087,44.10215,40.04997,40.04997,36.22154,34.9285,34.71311,31.95309,32.28002,31.38471,27.85678,27.78489,26.62705,18.68154,19.72308,18.97367,18.97367,15.52417,14.14214,11.40175,11.18034,15.13275,13.0384,16.76305,17.0,15.65248,18.35756,21.2132,16.64332,19.84943,24.04163,26.40076,27.65863,27.20294,32.01562,31.241,33.94113,37.80212,35.51056,41.6173,43.56604,44.40721,46.32494,47.16991,50.21952,46.64762,50.60632,52.83938,57.24509,55.00909,55.54278,53.7122,61.32699,61.26989,56.921,61.46544,64.84597,60.44005,68.41053,64.7611,66.4906,70.40597,72.00694,70.83078,69.87131,75.31268,72.44308,78.91768,78.51751,82.49242
14.03567,13.15295,13.15295,13.15295,13.0384,12.16553,12.16553,11.18034,11.18034,11.40175,11.40175,10.44031,10.44031,10.77033,10.77033,9.84886,9.84886,9.84886,10.29563,10.29563,9.84886,10.29563,9.43398,9.43398,10.29563,9.43398,10.29563,9.43398,10.29563,8.94427,8.94427,9.84886,8.94427,8.544,8.544,8.544,8.544,8.24621,8.24621,7.07107,7.07107,7.0,7.0,6.0,6.08276,6.08276,6.08276,5.09902,5.38516,5.38516,4.47214,5.0,86.34813,80.36168,81.49233,78.33901,76.48529,79.81228,75.31268,76.15773,73.34848,73.82412,70.03571,67.36468,65.49046,63.12686,64.28063,66.00758,66.1211,63.00794,65.00769,56.14268,60.53098,55.44367,57.27128,57.87055,58.42089,57.70615,55.9017,60.63827,56.7186,60.16644,55.9017,57.72348,57.07013,57.27128,54.57105,56.88585,57.31492,58.42089,55.22681,52.15362,53.08484,49.0408,51.0,46.27094,48.04165,45.09989,45.54119,41.0,39.21734,36.76955,36.40055,35.77709,33.10589,34.1321,29.68164,32.55764,27.01851,16.76305,20.39608,18.02776,19.31321,20.24846,17.72005,18.43909,18.11077,16.03122,14.14214,16.15549,17.72005,17.0,19.23538,17.0,22.02272,21.93171,20.0,28.28427,27.65863,33.24154,35.35534,37.53665,40.45986,41.01219,37.73592,41.86884,48.9183,50.0,47.50789,51.85557,55.31727,52.49762,53.41348,54.08327,56.85948,54.91812,56.60389,60.03332,61.40033,62.76942,64.84597,66.18912,63.95311,63.15853,65.39113,72.61543,74.0,73.38937,68.68042,72.53275,78.16009,78.58753,74.72617,79.12016,84.17244,81.25269
15.0,14.21267,15.0,13.60147,13.60147,12.80625,12.20656,12.20656,13.0384,13.0384,12.20656,11.6619,11.18034,11.18034,10.77033,12.08305,10.77033,11.7047,10.44031,11.40175,10.19804,11.18034,10.44031,11.18034,11.40175,10.44031,11.40175,11.40175,10.44031,11.40175,9.48683,10.44031,10.44031,9.48683,9.84886,10.29563,9.43398,8.94427,8.60233,8.06226,8.60233,7.81025,7.81025,7.07107,7.07107,7.07107,6.40312,6.40312,5.83095,5.83095,5.38516,4.47214,80.61017,85.58621,79.9062,80.65978,80.61017,71.42129,81.32035,69.31089,71.44928,68.62215,70.72482,69.35416,66.70832,64.81512,62.80127,64.63745,64.3506,63.51378,58.83026,58.66856,58.18075,61.05735,55.00909,52.92447,54.56189,56.79789,59.9333,56.0803,55.54278,58.5235,54.78138,61.29437,59.09315,59.46427,54.12024,53.66563,54.12947,53.33854,55.22681,54.91812,51.40039,47.80167,48.41487,48.83646,43.84062,51.08816,42.52058,39.69887,38.01316,39.44617,38.07887,35.34119,32.31099,32.69557,28.16026,26.92582,23.34524,23.02173,17.02939,15.0,16.97056,18.60108,12.80625,15.0,12.80625,11.7047,14.86607,15.52417,17.11724,14.0,17.26268,19.64688,23.76973,23.08679,21.58703,24.35159,27.89265,28.63564,33.10589,35.8469,37.69615,37.69615,41.59327,42.05948,42.95346,45.61798,47.92703,51.07837,50.08992,50.9902,50.08992,56.46238,54.20332,59.16925,55.9464,58.24946,58.30952,56.4358,63.82006,61.29437,63.60031,60.74537,66.8431,63.25346,69.35416,67.89698,76.41989,74.27651,74.96666,73.5527,77.10383,82.75869,80.65978,78.56844
14.14214,14.31782,13.34166,13.15295,13.34166,13.34166,13.34166,12.36932,12.36932,11.40175,11.40175,11.7047,10.77033,10.77033,9.84886,11.18034,11.18034,10.29563,10.29563,10.81665,10.29563,10.81665,10.81665,10.0,10.0,10.81665,10.81665,10.81665,10.81665,10.81665,10.29563,10.29563,9.43398,8.94427,9.84886,8.94427,9.48683,8.544,8.24621,8.24621,8.24621,8.24621,7.07107,7.07107,7.07107,6.0,6.08276,6.08276,5.09902,5.09902,5.09902,4.47214,79.51101,78.63841,80.89499,76.53104,76.65507,77.10383,72.99315,75.13322,69.87131,71.44928,73.5459,66.70832,64.7611,58.24088,63.56099,62.58594,61.98387,57.87055,56.64804,63.56099,58.60034,60.41523,58.59181,55.22681,51.89412,51.31277,57.14018,53.85165,57.80138,56.60389,55.75841,60.03332,54.70832,55.80323,55.9464,55.4617,53.0,55.00909,51.88449,53.7122,50.92151,54.57105,48.76474,49.64877,46.69047,43.93177,43.17407,40.4475,42.0,38.01316,36.05551,34.23449,31.04835,32.75668,32.31099,31.01612,25.23886,20.61553,22.56103,19.41649,19.64688,16.27882,19.41649,16.49242,17.0,19.20937,15.26434,17.69181,15.81139,18.43909,17.69181,18.60108,21.63331,22.82542,26.0,24.18677,26.92582,32.31099,32.01562,34.0147,36.68787,36.05551,39.56008,42.37924,43.9659,42.05948,44.38468,50.44799,50.69517,50.96077,50.21952,54.34151,58.94065,57.70615,57.70615,56.88585,58.42089,60.67125,64.12488,62.1289,63.00794,66.06815,67.26812,66.0303,68.0,70.11419,72.02777,73.43705,72.24957,76.32169,75.23962,77.16217,77.31753,76.53104
14.56022,14.56022,13.60147,13.60147,13.60147,12.64911,12.64911,12.64911,11.7047,12.08305,12.08305,11.18034,11.18034,11.18034,10.29563,10.81665,11.40175,10.81665,10.63015,10.0,10.63015,10.63015,10.63015,10.63015,10.63015,10.63015,11.31371,10.63015,10.63015,10.63015,10.0,10.0,10.0,10.0,10.29563,9.43398,9.43398,8.94427,8.94427,8.544,8.544,8.544,7.28011,7.28011,7.07107,6.08276,6.08276,6.0,5.0,5.0,5.09902,4.12311,82.60751,75.66373,77.10383,78.44743,74.96666,73.68175,73.1642,75.95393,71.19691,70.85901,69.63476,64.53681,65.25335,61.40033,65.80274,60.08328,60.74537,59.23681,59.5063,55.71355,62.6099,55.9464,56.60389,55.9464,53.85165,52.80152,53.53504,54.08327,56.93856,58.00862,53.53504,61.03278,53.25411,55.80323,55.22681,54.20332,54.91812,57.45433,54.20332,53.7122,52.39275,51.62364,49.0408,46.48656,47.53946,43.41659,44.72136,42.42641,37.05401,41.04875,38.0526,32.01562,33.24154,29.61419,26.92582,29.73214,25.94224,21.37756,21.0238,21.0238,18.43909,18.43909,19.41649,16.76305,16.49242,15.23155,17.88854,19.41649,18.38478,18.38478,21.2132,22.80351,21.40093,24.41311,26.40076,25.94224,29.96665,31.95309,30.08322,36.35932,36.71512,38.48376,42.44997,43.65776,44.59821,44.27189,47.43416,42.72002,50.59644,49.33559,53.36666,51.66237,54.81788,54.57105,56.75385,57.07013,57.55867,61.66036,58.07753,62.28965,60.29925,64.12488,66.00758,63.03174,68.06614,71.11259,65.03076,71.11259,73.00685,78.40918,73.43705,78.31347,80.89499,80.23092
14.21267,14.21267,13.45362,13.45362,13.45362,13.45362,12.80625,12.04159,12.04159,11.31371,11.31371,11.40175,10.63015,11.40175,10.0,10.81665,10.0,10.0,10.29563,10.29563,10.29563,10.29563,10.29563,9.84886,9.84886,10.29563,9.84886,10.29563,10.29563,10.29563,9.43398,10.29563,9.43398,9.43398,10.0,10.0,8.60233,9.21954,8.48528,8.48528,7.81025,8.60233,7.81025,7.2111,8.06226,6.7082,6.32456,6.32456,6.32456,6.08276,6.08276,6.0,79.39773,79.39773,75.00667,75.74299,77.7946,75.00667,77.10383,72.18033,73.5527,68.593,65.76473,68.68042,67.88225,64.38167,61.7171,62.62587,60.80296,60.20797,57.68882,58.82176,54.20332,58.66856,55.15433,52.3259,52.39275,54.78138,57.00877,54.40588,55.02727,54.08327,51.62364,54.78138,54.70832,53.31041,54.23099,52.3259,53.7122,54.12947,54.12947,52.80152,51.47815,48.25971,47.43416,51.40039,46.2277,45.27693,41.72529,41.10961,40.60788,39.62323,36.12478,35.80503,33.28663,34.0147,34.17601,30.67572,30.06659,24.75884,20.51828,20.51828,22.67157,17.02939,19.10497,17.46425,18.97367,17.08801,17.08801,18.38478,23.08679,20.39608,22.09072,20.22375,24.18677,25.0,28.01785,27.89265,31.06445,31.14482,35.35534,35.35534,36.22154,38.63936,42.05948,41.7732,45.89118,48.08326,48.08326,47.80167,48.70318,51.66237,52.81098,55.02727,57.24509,55.71355,53.85165,57.38467,60.00833,58.59181,62.64982,62.64982,65.51336,59.16925,67.6757,66.0303,68.60029,68.76772,71.8401,70.43437,73.24616,74.65253,75.43209,77.62087,82.21922,79.20859
13.41641,13.41641,13.41641,13.41641,12.08305,12.08305,12.08305,11.7047,10.77033,10.77033,10.44031,10.44031,10.44031,10.44031,10.44031,10.19804,10.04988,9.05539,10.04988,10.04988,9.05539,9.05539,9.0,9.0,10.0,10.0,10.0,10.04988,10.04988,9.0,9.05539,9.05539,9.05539,9.21954,9.21954,9.21954,9.21954,8.24621,8.544,8.544,7.61577,7.61577,6.7082,6.40312,6.40312,5.65685,5.65685,5.65685,5.0,5.0,5.0,4.47214,81.8352,78.40918,85.8021,80.1561,77.69813,76.00658,74.88658,78.00641,71.02816,71.02112,71.19691,67.62396,68.0,62.64982,59.48109,65.39113,63.97656,59.61543,63.24555,59.46427,59.13544,52.7731,58.24946,51.97115,57.42822,56.7186,54.33231,56.22277,53.15073,55.22681,56.22277,59.3043,54.74486,56.56854,55.7315,55.9017,53.46027,58.69412,55.31727,57.07013,53.60037,50.0,47.53946,48.10405,48.30114,42.19005,43.909,40.49691,40.0,36.12478,36.35932,35.80503,34.65545,33.30165,28.84441,28.6531,30.41381,21.63331,24.20744,19.84943,19.72308,22.2036,17.49286,21.63331,15.52417,18.38478,17.26268,20.22375,22.09072,20.61553,23.08679,23.02173,24.0,29.27456,31.04835,28.44293,33.73426,30.08322,37.94733,38.60052,35.4683,39.21734,42.04759,44.38468,46.23851,45.61798,51.88449,49.24429,56.35601,52.80152,56.35601,56.0803,59.36329,57.80138,59.64059,59.16925,63.51378,64.89992,61.40033,65.94695,61.7171,65.76473,63.03174,66.6033,75.16648,72.34639,70.76722,76.48529,73.87828,82.32861,71.8401,77.00649,82.20097,81.8352
14.86607,14.14214,14.86607,14.14214,14.14214,13.45362,13.45362,12.80625,12.80625,12.80625,11.40175,12.20656,11.40175,10.81665,10.81665,11.18034,11.18034,11.18034,11.18034,10.77033,9.84886,10.77033,10.77033,10.77033,10.77033,10.44031,10.77033,10.77033,10.77033,10.77033,9.84886,11.18034,9.84886,10.29563,10.29563,10.29563,9.43398,9.43398,8.60233,9.21954,8.60233,8.48528,8.48528,7.81025,7.81025,7.2111,7.2111,7.2111,6.7082,6.7082,5.38516,5.09902,84.00595,80.00625,81.05554,76.32169,76.65507,77.41447,67.74216,77.31753,66.48308,70.85901,70.40597,66.91039,70.03571,60.20797,61.18823,57.56735,61.84658,55.97321,57.24509,55.15433,57.93962,52.80152,58.59181,54.56189,54.78138,60.00833,53.7122,59.05929,53.25411,54.70832,48.76474,54.12024,51.10773,59.16925,45.48626,52.55473,52.35456,49.24429,49.24429,48.75449,51.07837,48.83646,48.27007,53.60037,50.80354,38.83298,44.10215,43.41659,39.01282,39.20459,36.68787,29.83287,36.49658,33.83785,33.52611,32.69557,31.7805,21.54066,24.33105,22.2036,23.5372,20.24846,21.84033,21.09502,15.26434,17.49286,15.65248,17.02939,26.1725,23.34524,24.41311,25.0,25.55386,27.45906,34.1321,30.0,31.40064,41.4367,40.49691,34.66987,37.58989,42.72002,42.19005,49.39636,44.94441,47.42362,55.9464,49.33559,57.00877,56.64804,55.54278,53.45091,57.87055,55.7315,59.90826,63.56099,63.63961,67.46851,61.29437,63.12686,60.67125,68.11755,60.07495,68.11755,69.58448,76.32169,75.05998,71.17584,68.26419,79.15807,74.0,79.05694,80.89499,78.31347
15.81139,15.0,15.81139,14.42221,14.42221,13.60147,13.60147,12.80625,13.45362,12.80625,12.72792,11.31371,12.04159,12.04159,11.31371,12.20656,10.81665,10.81665,10.81665,10.81665,10.81665,10.81665,10.81665,11.18034,11.6619,11.18034,11.18034,11.6619,11.18034,11.18034,10.81665,10.81665,10.81665,10.81665,10.81665,10.63015,10.0,9.21954,9.89949,8.48528,9.21954,9.21954,9.21954,7.81025,7.2111,7.2111,6.7082,6.7082,6.32456,6.32456,6.32456,6.08276,82.8734,78.1089,86.64872,78.54935,75.13322,76.15773,76.32169,79.37884,69.46222,76.47876,69.31811,67.23095,67.53518,58.18075,58.30952,62.68174,64.40497,59.40539,60.44005,55.0,60.20797,49.49747,60.81118,52.34501,54.45181,57.28001,50.44799,54.67175,55.80323,56.61272,55.80323,61.84658,53.07542,59.4138,51.40039,55.31727,51.62364,56.63921,57.28001,53.8145,45.25483,51.22499,49.51767,49.81967,50.47772,42.19005,45.17743,42.54409,42.15448,38.62642,34.48188,34.20526,37.65634,29.42788,31.40064,31.0,29.01724,17.72005,20.61553,17.46425,21.37756,19.31321,16.64332,18.78829,18.35756,16.40122,14.21267,18.60108,16.12452,19.41649,22.80351,21.47091,22.80351,28.23119,22.13594,28.23119,27.313,33.52611,36.40055,31.57531,34.78505,36.40055,42.75512,43.93177,49.24429,42.95346,50.69517,50.24938,53.60037,53.60037,53.75872,52.15362,55.14526,49.0408,56.0,57.03508,59.0,65.27634,57.55867,65.19202,61.52235,64.93843,64.32729,65.0,68.00735,71.8401,68.41053,69.64194,75.27284,81.60882,69.46222,80.65358,86.97701,82.28001
14.14214,13.15295,13.34166,13.15295,13.15295,12.16553,12.16553,11.40175,11.40175,11.40175,10.44031,10.44031,10.77033,10.77033,9.84886,9.84886,9.84886,8.94427,9.43398,9.43398,9.43398,9.43398,8.60233,9.21954,9.21954,9.21954,10.0,10.0,9.43398,8.60233,9.43398,9.43398,9.43398,8.06226,8.94427,8.544,8.544,7.61577,7.28011,8.24621,7.07107,7.07107,7.07107,6.0,6.0,6.0,6.08276,5.09902,5.38516,5.38516,5.38516,5.0,82.20097,77.27872,84.0119,80.60397,73.33485,79.9062,69.05071,76.11833,65.62012,70.34913,64.38167,64.00781,65.27634,57.00877,57.07889,59.3043,63.28507,59.5399,60.82763,48.37355,57.87055,47.85394,55.54278,51.41984,51.24451,57.00877,45.54119,50.69517,50.32892,53.7122,50.15974,56.46238,48.38388,56.61272,45.54119,49.72927,48.08326,52.17279,48.05206,49.81967,44.38468,47.85394,46.27094,44.55334,47.04253,40.0125,41.59327,38.0526,41.48494,33.95585,33.73426,34.17601,31.32092,31.38471,28.6531,27.29469,30.61046,15.52417,19.23538,14.56022,16.49242,15.0,14.03567,13.0,12.36932,15.13275,14.86607,18.35756,16.55295,21.93171,23.02173,23.43075,22.80351,25.80698,24.04163,30.41381,34.65545,35.4683,38.8973,32.80244,39.40812,41.86884,43.27817,45.60702,52.80152,44.68781,54.20332,47.01064,55.60576,50.47772,55.47071,55.21775,57.68882,51.97115,58.18075,59.05929,60.41523,67.62396,59.5063,63.97656,61.40033,65.14599,66.40783,69.64194,68.88396,68.15424,70.21396,72.78049,78.91768,80.23092,69.42622,77.46612,84.0119,75.80237
14.56022,14.56022,14.31782,14.56022,13.34166,12.36932,12.36932,12.36932,12.36932,12.16553,11.04536,11.04536,11.04536,11.0,11.0,11.0,11.0,10.0,10.04988,10.04988,10.04988,10.04988,10.04988,10.19804,10.19804,10.04988,10.04988,10.19804,10.19804,10.04988,10.04988,10.0,10.0,10.0,9.05539,9.05539,9.05539,9.05539,9.05539,8.24621,8.24621,7.28011,7.28011,7.28011,6.7082,6.7082,6.40312,6.40312,5.0,5.0,5.65685,5.0,82.46211,81.02469,82.28001,79.47956,77.87811,78.54935,74.0,75.39231,70.5762,71.86793,65.55151,63.24555,64.84597,61.98387,58.69412,60.87693,63.15061,57.87055,55.7315,57.27128,54.33231,52.23983,55.0,54.03702,53.03772,52.03845,53.03772,51.15662,53.03772,55.22681,52.15362,53.03772,51.0098,54.0,52.00961,53.33854,50.24938,50.15974,50.15974,50.80354,48.6621,47.80167,47.12749,46.32494,46.8188,42.95346,42.48529,39.82462,39.11521,34.98571,37.20215,34.65545,34.65545,30.41381,29.20616,27.29469,27.29469,16.49242,13.92839,13.89244,13.15295,14.14214,12.0,11.04536,14.14214,14.56022,15.23155,17.88854,13.60147,19.23538,22.2036,22.02272,25.6125,28.6007,30.4795,33.30165,33.30165,35.38361,39.20459,39.62323,41.72529,45.25483,44.55334,46.69047,52.34501,50.91169,55.31727,48.83646,56.56854,55.17246,55.9017,58.25805,57.38467,59.03389,59.66574,59.40539,63.00794,65.19202,61.29437,67.1193,67.60178,65.8635,70.3278,66.24198,71.55418,72.01389,69.46222,75.23962,77.47258,78.79086,75.76939,83.00602,88.95504,84.30896
14.0,13.0,13.0,13.0,12.0,12.0,12.04159,11.04536,11.04536,10.04988,10.19804,10.19804,9.21954,9.21954,9.21954,9.48683,9.48683,8.544,8.544,8.94427,8.544,8.544,8.94427,8.94427,8.06226,8.94427,8.94427,8.06226,7.61577,8.94427,8.544,7.61577,7.61577,7.61577,7.28011,7.28011,7.28011,7.07107,7.07107,6.08276,6.0,6.0,6.0,6.0,5.09902,5.09902,5.09902,4.47214,4.47214,4.47214,4.24264,3.60555,77.92946,79.30952,74.24284,79.22752,77.23341,74.33034,71.17584,71.02816,66.18912,64.12488,65.0,59.00847,61.0,59.4138,57.55867,57.55867,55.44367,52.61179,49.64877,54.34151,53.85165,53.16014,50.96077,48.08326,48.08326,46.48656,48.46648,49.64877,43.08132,48.8467,48.75449,50.15974,45.31004,46.48656,48.10405,42.72002,45.54119,43.9659,44.72136,44.14748,42.95346,42.57934,40.11234,40.0,41.04875,36.01389,34.36568,33.24154,32.55764,30.36445,30.36445,29.73214,29.06888,28.84441,25.05993,23.34524,24.75884,17.02939,16.27882,12.04159,12.0,11.18034,13.34166,14.76482,14.42221,17.80449,18.43909,24.08319,26.1725,26.87006,26.24881,28.3196,32.01562,33.30165,38.01316,38.07887,40.22437,40.80441,47.01064,49.20366,50.21952,51.61395,51.61395,53.53504,52.69725,54.20332,58.00862,59.36329,60.74537,61.03278,59.90826,60.74537,64.89992,63.52952,65.30697,61.7414,64.88451,67.23095,67.41662,63.89053,68.94926,69.64194,70.61161,71.06335,74.73286,75.70997,73.75636,75.31268,78.77182,78.91768,79.51101,82.38932,81.49847,81.3941
13.60147,13.0384,13.60147,12.20656,12.20656,11.40175,11.40175,10.81665,11.40175,10.63015,10.0,10.63015,9.89949,9.89949,8.48528,9.21954,9.21954,9.21954,8.60233,8.60233,8.60233,8.60233,8.60233,8.06226,8.60233,8.60233,8.60233,8.06226,7.81025,7.81025,7.81025,7.81025,7.81025,7.07107,7.81025,7.81025,7.2111,7.2111,6.7082,6.7082,6.7082,6.7082,6.32456,6.08276,6.08276,6.08276,6.0,5.0,5.0,5.09902,5.09902,5.09902,79.6304,81.30191,82.41966,73.4983,76.6094,74.33034,70.60453,69.2026,68.41053,65.0,64.2028,59.66574,61.84658,55.97321,58.0517,53.03772,52.40229,50.9902,51.08816,50.21952,50.47772,48.41487,49.40648,46.64762,47.16991,43.04649,45.80393,47.42362,47.50789,47.01064,45.27693,47.16991,48.25971,47.50789,41.6173,45.80393,45.60702,41.40048,42.0119,42.44997,42.44997,40.45986,39.82462,36.61967,34.1321,35.8469,31.7805,31.7805,30.08322,30.08322,29.42788,30.06659,27.29469,25.0,25.01999,23.34524,22.56103,14.21267,14.76482,14.56022,17.88854,18.02776,18.43909,16.49242,21.2132,20.09975,22.02272,25.01999,26.07681,27.16616,31.40064,33.13608,36.34556,40.79216,43.73786,41.4367,42.57934,48.6621,46.09772,51.97115,52.95281,51.62364,58.24946,57.31492,59.5399,55.9017,60.82763,59.84146,64.32729,63.15061,64.13267,61.81424,63.34824,68.41053,65.80274,66.48308,69.07966,68.15424,68.15424,70.38466,71.11962,68.44706,71.17584,71.58911,75.29276,78.23043,77.38863,77.93587,78.23682,84.21995,79.61156,81.8352,81.60882,81.5414
11.7047,12.08305,12.08305,11.7047,10.77033,10.77033,9.84886,9.84886,8.94427,9.43398,9.43398,8.60233,8.60233,8.60233,7.81025,7.81025,7.81025,7.07107,7.07107,7.07107,7.07107,7.07107,7.07107,7.81025,6.40312,6.40312,7.07107,7.07107,7.07107,6.40312,6.40312,6.40312,6.40312,6.40312,5.83095,5.83095,5.38516,5.38516,5.38516,5.09902,5.09902,5.09902,5.0,4.0,4.12311,4.12311,4.12311,4.12311,4.47214,3.60555,3.60555,4.24264,78.44743,77.92946,74.95332,73.00685,68.88396,69.42622,71.58911,66.94027,61.40033,59.20304,58.5235,58.5235,58.87274,56.04463,52.92447,52.55473,50.56679,52.7731,47.88528,47.16991,48.37355,44.10215,45.80393,47.43416,41.34005,46.40043,39.82462,41.23106,40.80441,41.86884,42.2019,44.68781,43.82921,40.45986,39.82462,39.66106,37.73592,38.47077,38.47077,33.10589,38.07887,35.4683,35.1141,31.7805,29.12044,28.63564,28.28427,28.16026,30.01666,25.17936,25.31798,25.70992,23.4094,24.59675,22.47221,21.63331,18.43909,21.18962,20.24846,24.18677,27.45906,22.67157,23.43075,25.4951,27.65863,27.65863,30.23243,32.01562,35.60899,38.27532,38.07887,41.67733,41.67733,47.16991,46.06517,51.0,51.88449,54.70832,53.33854,55.9017,56.36488,57.70615,59.9333,60.37384,63.56099,64.88451,69.64194,64.4748,66.70832,66.48308,68.94926,69.64194,67.35726,68.41053,67.72001,67.91171,71.38627,70.40597,70.45566,72.44308,75.32596,67.06713,68.00735,75.0,75.02666,81.09871,77.10383,77.31753,81.3941,78.63841,80.50466,84.59314,81.61495,85.70881
13.0,12.64911,11.7047,11.7047,10.77033,11.40175,10.44031,10.44031,9.48683,9.21954,9.21954,9.05539,9.05539,8.06226,8.06226,8.0,8.0,8.0,8.0,7.0,7.0,7.0,7.07107,7.07107,7.07107,7.07107,7.07107,7.0,7.0,7.0,6.0,6.08276,6.08276,6.08276,6.08276,5.09902,6.32456,5.38516,5.38516,4.47214,4.47214,4.47214,4.24264,4.24264,3.60555,3.60555,3.60555,3.16228,3.16228,3.16228,3.0,3.0,75.6439,73.82412,74.68601,71.86793,71.69379,68.942,64.88451,68.54196,64.07808,59.46427,61.68468,56.64804,54.57105,50.0,51.92302,51.97115,48.27007,45.89118,44.91102,45.17743,49.0408,45.27693,43.01163,43.01163,40.0125,36.12478,42.04759,40.0125,40.0,42.10701,41.04875,43.04649,41.0,40.04997,38.0526,36.12478,37.05401,35.51056,34.23449,34.23449,34.9285,32.57299,29.15476,29.06888,27.73085,28.63564,28.63564,26.24881,22.67157,25.6125,23.60085,20.61553,20.0,22.36068,20.61553,20.24846,19.0263,25.07987,24.0,25.07987,28.0,24.08319,26.1725,25.70992,28.86174,28.4605,31.32092,34.20526,34.48188,36.05551,42.05948,40.31129,43.41659,48.33218,47.53946,51.47815,51.47815,51.89412,54.56189,57.69749,60.00833,58.18075,62.6099,63.95311,61.7171,61.77378,67.60178,63.63175,66.88797,67.41662,67.42403,69.2026,69.2026,67.62396,69.52697,68.24954,68.68042,70.72482,71.44928,72.91776,72.91776,72.62231,68.50547,71.86793,75.45197,72.40166,75.80237,76.8505,79.40403,80.5295,78.77182,79.75588,80.5295,78.29432
12.64911,12.64911,11.7047,12.36932,11.40175,11.7047,10.77033,10.77033,10.77033,9.84886,9.84886,8.94427,8.94427,8.06226,8.06226,8.94427,8.06226,8.06226,7.2111,7.2111,7.2111,7.2111,7.2111,6.40312,6.40312,7.81025,6.40312,6.40312,5.83095,5.83095,5.83095,5.83095,5.38516,4.47214,5.38516,5.38516,5.09902,4.12311,4.0,3.0,3.0,3.0,3.16228,2.23607,2.23607,2.23607,2.23607,1.41421,1.41421,2.23607,2.0,1.0,79.39773,73.75636,77.33693,74.95332,71.44928,70.29225,65.79514,63.78087,62.96825,59.66574,57.62812,58.41233,58.25805,48.60041,51.86521,49.24429,51.31277,50.60632,44.29447,43.65776,49.39636,43.82921,44.29447,35.8469,34.9285,41.67733,38.27532,34.9285,40.71855,37.12142,42.05948,36.40055,35.34119,37.33631,32.64966,36.35932,34.1321,30.4795,29.0,32.64966,29.83287,24.75884,27.78489,22.62742,21.47091,22.2036,25.4951,24.16609,15.0333,14.03567,19.23538,14.03567,13.60147,17.46425,17.26268,13.89244,12.20656,27.65863,32.28002,29.61419,32.06244,33.95585,33.52611,27.20294,27.20294,37.16181,37.94733,38.07887,45.31004,42.72002,40.02499,51.07837,45.22168,50.28916,51.47815,52.7731,49.65884,52.49762,55.03635,60.41523,57.77543,62.64982,63.63175,65.79514,62.64982,61.77378,67.1193,64.88451,62.6099,67.53518,70.71068,67.60178,72.06941,66.61081,69.81404,66.85058,70.45566,72.00694,70.0928,68.88396,77.33693,72.13876,73.87828,77.10383,73.5527,81.32035,75.82216,73.10951,77.46612,82.46211,73.66139,87.20665,83.63014,83.54639
14.14214,14.14214,14.14214,12.72792,12.72792,12.72792,12.04159,11.31371,11.31371,11.31371,10.63015,10.63015,10.0,10.0,9.21954,10.0,9.43398,9.43398,8.60233,8.60233,8.60233,8.60233,8.06226,8.06226,8.06226,8.06226,8.06226,8.60233,7.2111,7.2111,6.40312,7.07107,7.07107,6.40312,6.40312,6.40312,5.65685,5.83095,5.0,4.47214,4.47214,4.47214,4.12311,3.16228,3.16228,3.0,3.0,3.0,3.0,2.0,2.0,2.23607,76.48529,78.44743,83.02409,68.24954,70.5762,70.03571,67.47592,69.05071,64.93843,58.0517,58.42089,55.3263,56.4358,55.14526,51.15662,50.24938,51.0,53.03772,48.09366,45.01111,42.29657,41.04875,42.29657,43.41659,39.45884,41.30375,40.02499,41.0,40.31129,39.05125,38.32754,37.21559,36.12478,38.0526,34.05877,33.01515,30.01666,28.07134,32.55764,29.61419,28.28427,25.31798,26.4764,27.85678,24.69818,19.23538,21.09502,21.9545,14.86607,15.26434,12.64911,14.31782,16.15549,11.40175,15.0,9.05539,10.0,32.80244,33.30165,26.90725,30.4795,27.01851,32.75668,30.0,33.12099,32.75668,34.98571,41.34005,42.94182,47.70744,46.52956,45.79301,47.16991,50.47772,51.97115,55.03635,57.38467,54.23099,61.29437,56.79789,59.03389,63.63175,60.37384,65.29931,65.36819,62.17717,68.47627,60.92618,72.00694,70.38466,67.1193,68.35203,70.26379,68.96376,68.35203,70.21396,73.75636,70.5195,69.857,71.30919,74.2159,73.00685,70.71068,73.82412,73.75636,78.91768,79.30952,77.52419,76.32169,78.1025,76.05919,78.40918,82.73452,82.73452
14.31782,13.15295,13.15295,13.34166,12.36932,12.16553,12.16553,11.18034,11.04536,10.19804,11.04536,10.04988,10.04988,10.04988,9.05539,10.0,9.0,9.0,9.0,9.0,8.0,8.0,8.0,8.0,8.0,8.0,8.0,7.0,8.0,7.0,7.07107,7.07107,7.07107,6.08276,6.08276,6.08276,6.32456,5.38516,5.38516,4.47214,4.47214,5.0,4.24264,3.60555,4.24264,3.60555,3.60555,2.82843,2.23607,2.23607,2.23607,2.0,78.49204,78.23682,77.66595,77.00649,77.80103,71.61006,72.8011,66.28725,65.51336,62.1289,64.03124,56.85068,57.62812,52.80152,53.8145,51.66237,50.91169,52.49762,48.9183,47.42362,49.20366,41.86884,43.93177,45.34314,45.96738,42.2019,42.72002,39.20459,41.40048,43.27817,39.40812,42.0119,40.60788,42.52058,33.24154,39.05125,36.87818,34.71311,36.61967,31.14482,27.20294,29.41088,26.92582,29.06888,26.0,20.24846,19.10497,18.11077,20.02498,16.27882,12.36932,14.56022,15.81139,14.31782,11.6619,6.40312,14.86607,29.27456,26.01922,30.01666,32.55764,28.0,30.26549,32.14032,33.13608,37.21559,34.71311,36.87818,41.97618,47.80167,45.70558,50.21952,45.88028,50.80354,50.0,55.65968,55.08176,55.36244,65.51336,62.0967,65.73431,62.0967,59.66574,60.72891,69.26038,61.39218,70.60453,63.32456,65.0,70.5195,68.00735,70.83784,67.77905,64.84597,71.30919,71.30919,76.05919,77.82031,71.69379,73.3553,70.23532,70.45566,79.40403,78.03204,75.21303,77.42093,77.66595,78.77182,80.43009,82.80097,80.60397,84.05355,82.37718,83.00602
13.15295,13.15295,12.16553,12.16553,11.18034,11.18034,11.18034,10.19804,10.19804,9.21954,10.19804,9.48683,9.48683,8.544,8.544,9.48683,8.544,8.544,7.61577,7.61577,7.61577,7.61577,8.06226,8.06226,7.61577,8.06226,7.61577,6.7082,7.61577,7.28011,6.32456,6.32456,6.32456,5.09902,6.08276,6.08276,5.0,4.0,4.0,4.0,4.0,4.12311,3.16228,3.16228,2.23607,2.23607,2.23607,1.41421,1.41421,1.41421,1.41421,1.0,75.80237,78.81624,82.46211,73.00685,71.58911,75.0,68.8186,67.6757,64.03124,65.8559,59.66574,62.36986,59.81639,54.56189,53.15073,55.97321,54.45181,52.63079,49.57822,47.50789,48.41487,45.80393,44.20407,42.63801,43.13931,43.18565,43.26662,45.79301,42.43819,46.14109,43.26662,38.27532,36.61967,41.7732,38.18377,40.45986,38.20995,35.4683,33.6006,32.80244,33.30165,34.05877,28.84441,28.17801,24.35159,22.47221,20.24846,20.88061,18.97367,18.11077,15.13275,15.29706,14.14214,13.60147,12.64911,13.0384,8.544,24.33105,26.1725,27.16616,30.41381,31.06445,29.01724,34.1321,29.61419,30.26549,33.73426,32.24903,38.07887,40.80441,40.49691,42.44997,47.12749,45.54119,45.70558,46.09772,46.87217,51.24451,51.1957,50.96077,54.08327,54.40588,58.87274,58.30952,61.13101,55.7853,64.03124,59.48109,62.96825,61.03278,61.98387,63.60031,64.2573,62.16912,66.70832,66.21178,62.6099,66.30988,65.51336,68.96376,67.6757,70.43437,76.8505,71.86793,74.62573,73.24616,74.4043,75.80237,76.57676,77.80103,75.43209,81.32035,81.68843,79.05694
14.21267,14.21267,14.21267,13.60147,12.80625,12.80625,12.04159,12.04159,12.04159,11.31371,11.31371,11.31371,10.63015,10.63015,10.63015,10.63015,10.0,10.0,10.0,10.0,10.0,10.0,9.43398,9.43398,9.43398,9.43398,9.43398,9.21954,9.21954,8.60233,8.48528,8.48528,8.48528,7.81025,7.07107,7.07107,7.2111,6.40312,5.83095,5.83095,5.83095,5.38516,5.38516,4.47214,4.12311,4.12311,4.12311,4.0,3.0,3.0,3.0,2.0,75.18643,76.844,80.52329,71.8401,75.18643,78.1025,67.46851,68.88396,61.84658,63.06346,61.81424,61.98387,60.67125,56.32051,60.82763,55.3263,52.23983,54.23099,55.00909,50.01,50.01,47.0,50.08992,46.0,47.01064,49.16299,43.0,48.09366,47.01064,43.41659,42.0119,44.04543,42.04759,44.28318,34.0147,44.18144,37.65634,35.35534,42.75512,34.52535,33.54102,33.95585,32.64966,29.06888,29.96665,28.01785,27.80288,21.26029,21.26029,17.80449,18.86796,17.49286,17.46425,17.46425,14.76482,14.31782,13.15295,28.6007,28.3196,27.65863,30.41381,32.52691,31.241,29.06888,35.80503,37.48333,32.20248,31.40064,37.01351,42.43819,43.82921,44.04543,40.45986,46.8615,46.2277,49.09175,50.24938,50.77401,55.60576,50.24938,55.47071,53.82379,59.20304,57.00877,62.96825,60.46487,62.68174,59.36329,64.66065,64.00781,64.49806,63.63175,63.63175,63.06346,63.97656,68.15424,68.8767,72.09022,67.41662,69.07966,67.35726,73.24616,72.11103,71.16881,71.80529,73.24616,70.88018,78.1025,78.16009,78.08969,73.75636,82.9759,80.41144,78.8543
13.41641,12.08305,13.41641,12.52996,12.52996,12.08305,11.7047,10.77033,10.77033,10.77033,10.77033,10.44031,9.48683,9.48683,9.48683,9.21954,9.05539,9.21954,9.05539,9.21954,9.21954,9.05539,8.06226,9.05539,9.05539,8.06226,8.06226,8.06226,8.06226,8.06226,7.28011,7.28011,7.28011,7.28011,6.32456,6.32456,5.83095,5.83095,5.83095,5.0,5.0,3.60555,4.24264,4.24264,3.60555,2.82843,3.16228,3.16228,3.16228,2.0,2.0,2.0,74.68601,83.18654,75.58439,73.57309,77.82673,74.70609,71.55418,69.77105,64.41273,63.63175,68.09552,61.40033,59.64059,54.91812,59.36329,58.24946,59.40539,52.69725,53.60037,54.81788,56.63921,47.01064,48.83646,45.25483,46.75468,48.79549,45.96738,48.79549,48.16638,44.55334,45.27693,48.08326,46.09772,45.45327,44.59821,44.04543,41.23106,41.10961,40.22437,41.6173,37.44329,32.69557,35.8469,32.89377,33.10589,28.4605,27.20294,27.45906,22.56103,21.37756,20.0,18.24829,18.0,17.49286,17.0,15.26434,12.20656,28.44293,28.86174,28.44293,25.96151,28.01785,34.36568,26.68333,30.06659,32.38827,32.55764,35.69314,39.05125,41.4367,37.05401,43.01163,40.31129,43.41659,45.01111,49.0102,49.0,47.09565,52.00961,50.0,55.3263,51.0098,55.00909,56.0357,58.00862,55.03635,63.12686,54.08327,58.00862,61.13101,61.98387,66.61081,58.42089,61.61169,63.95311,62.16912,66.94027,65.45991,65.19202,62.36185,68.96376,66.48308,67.35726,71.16881,69.77105,78.26238,80.5295,72.91776,74.24958,78.39005,77.89737,80.11242,80.06248,87.32125
15.13275,14.14214,14.14214,14.14214,14.14214,13.15295,13.15295,12.16553,12.16553,12.36932,11.40175,11.40175,11.40175,11.7047,10.44031,10.77033,10.77033,10.77033,9.84886,9.84886,9.84886,10.29563,9.84886,10.29563,9.84886,9.84886,9.84886,9.84886,9.84886,9.48683,9.48683,8.544,8.544,8.544,8.24621,8.06226,7.07107,7.07107,7.07107,7.0,6.0,6.0,6.08276,5.09902,5.09902,4.12311,4.12311,4.12311,3.16228,3.60555,3.60555,2.82843,77.62087,83.40863,79.39773,73.60027,85.79627,71.84706,71.58911,71.70077,63.78087,68.41053,59.5483,60.20797,60.1415,58.0517,59.4138,53.74012,59.46427,54.03702,51.08816,53.90733,51.86521,50.44799,47.43416,48.8774,47.50789,47.70744,48.01042,47.01064,50.77401,44.41846,45.80393,50.80354,47.20169,48.54894,40.22437,43.18565,40.60788,39.62323,38.8973,36.79674,37.01351,37.01351,31.90611,33.61547,32.75668,29.96665,27.313,25.4951,26.40076,19.10497,18.43909,22.02272,18.68154,18.02776,16.0,14.14214,17.02939,26.07681,30.14963,27.01851,32.01562,30.01666,29.0,27.0,29.01724,33.0,33.73426,35.35534,37.12142,37.48333,38.47077,39.05125,39.62323,45.39824,45.89118,43.41659,50.44799,48.83646,50.01,55.31727,51.62364,55.08176,57.72348,58.94065,59.20304,57.93962,63.60031,58.5235,61.03278,62.03225,60.74537,65.78754,59.46427,62.76942,65.74192,62.16912,68.88396,66.24198,64.66065,67.53518,67.1193,68.7968,67.95587,72.40166,68.7968,73.60027,70.45566,75.82216,75.28612,75.16648,79.20227,79.81228,80.1561,79.20859
13.60147,12.80625,12.80625,12.80625,12.20656,11.40175,11.40175,10.63015,10.63015,10.63015,9.89949,9.89949,9.89949,9.89949,9.21954,9.21954,9.21954,8.60233,8.60233,8.60233,8.60233,8.60233,8.06226,8.94427,8.60233,8.06226,8.60233,8.60233,8.60233,7.2111,7.81025,7.81025,7.07107,7.07107,7.07107,6.40312,6.40312,6.40312,5.83095,5.83095,4.47214,5.38516,4.47214,4.12311,4.12311,4.0,4.0,4.0,3.0,3.16228,3.16228,2.23607,75.96052,76.55064,79.37884,77.49194,76.24303,74.33034,72.73239,68.94926,70.88018,67.91171,65.73431,62.0967,61.61169,61.39218,59.43904,57.27128,59.21149,56.88585,49.64877,51.35173,53.46027,49.0,52.00961,51.08816,48.16638,51.15662,49.16299,47.0,47.09565,44.04543,45.17743,48.04165,50.08992,46.01087,44.18144,45.01111,44.40721,39.31921,42.04759,39.31921,39.81206,38.8973,38.62642,37.64306,32.64966,33.61547,27.45906,27.80288,23.60085,22.67157,25.80698,24.08319,22.62742,22.2036,15.81139,13.0,20.59126,23.76973,28.4605,24.35159,29.54657,31.01612,24.69818,21.0238,29.06888,28.6531,30.0,31.90611,36.89173,33.83785,36.05551,38.07887,43.41659,38.83298,44.20407,41.01219,42.63801,46.2277,50.21952,47.80167,49.40648,51.66237,54.48853,53.8145,52.63079,54.48853,57.98276,56.63921,55.31727,56.22277,59.81639,60.1415,58.79626,64.2028,64.63745,63.00794,61.61169,63.63175,64.84597,64.49806,72.20111,60.37384,72.91776,63.52952,65.76473,73.73602,76.6942,74.46476,71.16881,73.38937,75.27284,81.34494,81.15417,82.86133
14.56022,14.56022,13.60147,13.60147,13.60147,12.64911,12.64911,12.64911,12.64911,11.7047,11.7047,11.7047,10.77033,10.77033,9.84886,11.18034,10.29563,10.29563,9.43398,9.43398,9.43398,9.43398,10.29563,9.43398,9.43398,9.43398,9.43398,9.43398,8.94427,8.94427,8.94427,8.94427,8.544,8.544,8.24621,8.24621,8.24621,7.07107,7.07107,7.07107,7.07107,7.0,6.0,6.08276,6.08276,5.09902,5.09902,5.38516,4.47214,4.47214,4.47214,3.60555,77.20104,78.81624,79.32213,79.88116,73.00685,77.38863,67.95587,71.40028,67.00746,67.53518,62.96825,63.81222,62.1289,59.90826,60.82763,59.5063,57.3062,60.53924,52.0,54.23099,57.24509,49.33559,53.48832,49.0408,47.01064,50.28916,44.59821,46.32494,48.70318,49.72927,48.70318,48.08326,44.01136,47.43416,42.72002,46.8188,43.04649,42.04759,38.07887,38.91015,43.909,38.58756,39.05125,37.64306,35.35534,33.94113,32.52691,32.55764,30.80584,23.43075,22.80351,23.25941,23.4094,18.97367,23.08679,19.23538,19.0263,26.57066,26.30589,23.34524,23.34524,26.1725,24.73863,26.4764,26.30589,30.08322,28.86174,30.46309,34.0147,36.67424,32.69557,42.15448,35.77709,37.69615,38.01316,39.82462,47.01064,47.50789,47.92703,48.54894,51.10773,51.42956,54.3783,51.86521,53.85165,55.75841,55.07268,53.00943,60.46487,58.82176,62.96825,62.62587,61.61169,59.66574,65.94695,60.20797,65.76473,65.76473,64.38167,65.06919,69.42622,67.35726,65.29931,67.00746,74.63243,73.10951,72.00694,72.67049,75.29276,77.17513,75.21303,73.24616,78.81624,81.84131
13.0384,13.0,13.0,13.0384,12.0,12.0,12.0,11.0,11.0,11.0,10.0,10.04988,10.04988,10.04988,9.05539,9.21954,9.21954,9.21954,9.21954,9.21954,8.24621,8.544,8.24621,8.544,8.24621,8.24621,8.24621,8.24621,8.24621,8.24621,8.06226,8.06226,8.06226,7.07107,7.0,7.0,7.0,6.0,6.08276,6.08276,6.08276,5.38516,5.38516,5.38516,4.47214,5.0,5.0,4.24264,4.24264,4.24264,3.60555,3.60555,82.07314,75.69016,77.15569,76.38063,77.89737,76.05919,70.72482,73.10951,69.31089,67.89698,67.88225,63.03174,67.26812,64.03124,59.66574,55.17246,57.42822,52.20153,52.20153,55.21775,53.53504,50.0,52.0,50.15974,50.32892,44.94441,52.35456,47.92703,47.92703,49.24429,50.08992,46.32494,51.42956,47.16991,43.60046,50.60632,44.28318,42.54409,42.2019,40.80441,40.31129,41.10961,36.06938,33.97058,36.12478,32.44996,31.06445,31.1127,30.41381,32.31099,26.0,27.51363,20.61553,20.39608,21.2132,21.84033,22.02272,23.19483,27.45906,26.30589,23.5372,23.5372,24.02082,28.07134,28.01785,27.0,30.06659,33.06055,32.01562,33.01515,30.41381,35.01428,38.01316,38.0,39.81206,44.14748,42.95346,39.05125,45.89118,49.81967,44.72136,50.24938,52.63079,53.36666,53.36666,52.39275,52.49762,53.45091,55.71355,58.87274,59.61543,63.69458,61.09828,61.26989,59.23681,61.26989,61.26989,64.41273,65.36819,61.77378,69.33974,65.73431,68.60029,66.28725,74.8131,70.71068,73.10951,72.34639,80.91971,75.28612,75.82216,72.86288,77.78175,79.98125
14.31782,13.0,14.86607,13.0,13.92839,11.7047,12.64911,11.7047,11.40175,11.40175,11.40175,11.40175,10.19804,10.19804,10.19804,10.04988,10.04988,10.04988,10.0,10.0,10.0,10.0,10.04988,9.0,10.0,9.0,9.0,10.0,9.0,10.04988,9.05539,9.05539,9.05539,8.06226,8.24621,8.24621,8.24621,7.28011,6.32456,6.32456,6.7082,5.83095,6.7082,5.83095,5.0,5.0,5.0,4.24264,4.24264,4.24264,3.60555,3.60555,80.00625,80.04998,77.16217,80.28076,74.46476,74.63243,75.28612,66.48308,63.69458,68.70953,68.96376,62.29767,63.89053,61.7414,63.90618,57.77543,55.4617,50.9902,51.42956,57.70615,55.47071,52.3259,51.31277,47.70744,48.54894,49.39636,50.21952,47.63402,46.61545,51.40039,45.80393,49.73932,45.48626,46.87217,49.64877,44.28318,44.72136,44.41846,45.88028,44.92215,47.07441,40.49691,36.68787,37.85499,37.33631,32.01562,34.05877,33.01515,32.06244,31.0,35.90265,28.16026,25.4951,21.47091,23.4094,22.84732,19.41649,25.70992,22.47221,25.23886,25.4951,26.57066,27.73085,27.85678,28.63564,27.89265,31.04835,31.04835,35.1141,36.13862,34.78505,38.60052,39.05125,42.44997,36.67424,41.4367,45.27693,47.38143,41.59327,47.67599,51.24451,47.38143,55.44367,53.23533,56.0803,55.00909,58.00862,53.08484,58.21512,54.33231,58.00862,56.0,63.07139,59.00847,64.03124,62.03225,66.09841,63.1981,68.44706,68.65858,66.09841,62.58594,61.68468,63.06346,75.96052,71.30919,76.2168,76.55064,76.32169,79.55501,78.33901,79.30952,79.12016,78.39005
14.03567,14.03567,14.0,13.0384,13.0,12.0,12.0,12.0,11.0,11.04536,11.04536,11.04536,10.19804,10.19804,10.19804,10.19804,10.19804,9.21954,9.48683,9.48683,9.48683,9.48683,9.48683,9.84886,9.48683,9.48683,9.48683,9.48683,9.48683,9.21954,9.21954,9.21954,9.21954,8.24621,8.06226,8.06226,8.0,8.0,7.0,7.0,7.07107,6.08276,6.08276,6.08276,5.38516,5.38516,4.47214,4.47214,4.47214,3.60555,3.60555,4.24264,85.49269,76.96753,81.939,80.49845,74.09453,76.55717,72.89719,73.92564,68.02941,69.857,63.95311,64.84597,63.52952,57.70615,56.82429,56.82429,59.36329,55.60576,54.20332,54.20332,53.41348,45.22168,53.03772,49.49747,47.38143,47.38143,42.0119,48.16638,46.69047,48.79549,48.9183,48.08326,43.13931,44.59821,43.18565,48.60041,42.42641,41.86884,45.0,38.83298,40.81666,39.44617,40.70626,40.70626,36.05551,40.26164,37.65634,32.24903,32.14032,33.95585,26.01922,26.01922,24.73863,22.80351,21.84033,21.37756,24.59675,29.06888,28.16026,28.17801,31.7805,28.17801,28.4605,34.48188,29.54657,36.68787,32.75668,33.83785,34.78505,38.83298,39.29377,37.33631,36.05551,41.97618,47.38143,44.18144,44.55334,49.49747,52.46904,51.47815,47.09565,49.16299,57.55867,52.08647,55.00909,51.0098,58.13777,56.32051,59.07622,58.13777,60.29925,62.07254,61.29437,60.53098,63.3877,66.91039,66.75328,64.7611,63.78871,68.44706,66.85058,69.37579,72.61543,75.96052,74.04053,73.1642,73.92564,74.24284,80.49845,82.07923,72.09022,83.18654,84.59905,83.72574
14.31782,13.34166,12.16553,12.16553,12.36932,11.40175,11.40175,11.40175,10.44031,10.44031,10.77033,10.77033,9.84886,9.84886,8.94427,9.43398,9.43398,9.43398,8.60233,8.60233,8.60233,8.60233,8.60233,8.60233,8.60233,8.60233,8.60233,8.60233,8.60233,8.60233,8.06226,7.61577,8.06226,7.61577,7.61577,7.61577,7.28011,6.32456,6.08276,6.08276,6.08276,6.08276,5.0,5.0,5.0,4.12311,4.12311,3.16228,3.16228,3.16228,3.16228,2.82843,75.66373,79.98125,76.48529,72.47068,75.43209,67.94115,75.74299,76.48529,66.6033,69.81404,63.89053,61.61169,58.41233,53.60037,54.3783,54.56189,52.15362,51.88449,50.32892,51.47815,51.07837,50.28916,49.64877,50.15974,42.95346,48.46648,48.10405,43.93177,43.9659,51.41984,51.92302,51.24451,41.0,45.88028,46.8188,45.18849,43.41659,42.54409,45.48626,39.81206,40.31129,38.47077,35.8469,37.01351,35.60899,35.4683,33.97058,31.89044,26.24881,33.28663,33.54102,28.63564,27.85678,26.68333,29.83287,19.10497,20.0,29.06888,27.29469,33.24154,30.06659,30.41381,29.0,32.06244,30.59412,36.05551,30.41381,36.01389,35.0571,37.05401,38.11824,41.10961,38.32754,41.10961,40.4475,42.10701,51.24451,47.85394,48.16638,46.69047,51.97115,52.7731,51.24451,57.28001,55.9017,54.40588,59.66574,57.38467,56.921,61.61169,57.24509,60.92618,61.46544,63.56099,65.8635,63.95311,69.11584,68.54196,67.1193,66.61081,68.24222,63.89053,64.38167,75.16648,68.76772,75.00667,74.96666,74.27651,80.65978,84.38602,75.28612,80.05623,79.20859,81.34494
14.31782,13.0,13.92839,13.0,13.0,11.7047,11.7047,11.7047,11.7047,11.40175,11.40175,11.40175,10.19804,10.19804,10.04988,10.19804,10.04988,10.04988,9.0,10.0,9.0,10.0,10.04988,10.0,10.0,9.0,9.05539,9.05539,9.05539,9.05539,8.06226,8.06226,8.06226,8.24621,8.24621,7.28011,7.61577,6.7082,6.7082,6.7082,5.83095,5.83095,5.0,5.0,4.24264,4.24264,4.24264,3.60555,3.60555,3.16228,3.16228,3.16228,66.70832,75.89466,76.844,72.42237,69.37579,73.68175,66.7308,61.03278,63.89053,66.09841,61.98387,60.72891,59.61543,55.03635,56.0803,50.69517,55.9464,45.17743,53.23533,49.39636,49.09175,43.56604,48.27007,46.61545,42.43819,43.82921,47.63402,45.25483,46.04346,52.20153,45.27693,45.0,44.10215,38.83298,44.29447,38.58756,40.80441,41.04875,34.9285,40.71855,40.5216,33.24154,28.28427,30.67572,30.14963,31.14482,35.12834,27.07397,28.16026,27.16616,26.0,21.84033,23.25941,22.36068,21.09502,18.86796,18.43909,25.63201,29.54657,28.63564,32.31099,29.12044,29.96665,28.63564,31.95309,33.24154,32.31099,35.8469,37.36308,38.48376,40.8534,41.4367,41.76123,43.93177,44.38468,42.2019,43.68066,48.27007,48.76474,51.1957,50.0,55.7853,53.60037,53.85165,54.57105,54.57105,59.5399,57.14018,59.5399,62.514,59.3043,57.42822,61.03278,62.03225,65.03076,57.07889,64.38167,66.37017,66.61081,69.58448,62.58594,73.34848,70.60453,64.32729,72.03471,67.91171,74.63243,73.00685,75.43209,73.76313,72.53275,75.96052,74.67262,74.09453
13.0384,13.0384,13.0384,12.20656,11.6619,11.6619,11.18034,11.18034,10.29563,9.84886,9.84886,9.48683,9.48683,8.544,8.544,9.48683,9.21954,8.24621,8.24621,8.24621,8.24621,8.24621,8.06226,8.06226,8.24621,8.06226,8.24621,8.24621,7.28011,7.28011,7.28011,7.28011,6.7082,6.7082,6.7082,5.83095,5.83095,5.0,5.0,5.65685,4.24264,4.24264,4.47214,3.60555,3.60555,3.16228,3.16228,3.0,3.0,3.0,2.0,2.23607,82.0,83.09633,77.00649,78.00641,74.0,70.0,72.00694,69.00725,68.00735,62.07254,60.20797,60.13319,61.03278,59.5399,58.30952,58.30952,57.55867,54.74486,55.7853,49.72927,49.0408,47.53946,50.28916,50.69517,51.5461,50.32892,43.32436,53.75872,48.76474,43.86342,46.51881,41.10961,50.28916,43.93177,42.75512,44.72136,45.27693,42.29657,40.1995,36.34556,37.33631,35.22783,33.0,32.55764,31.7805,31.06445,27.20294,28.4605,24.04163,23.85372,20.61553,22.2036,21.40093,21.93171,17.69181,13.60147,15.52417,30.41381,29.69848,30.4795,26.90725,30.61046,25.6125,31.90611,29.83287,33.97058,34.1321,37.20215,39.82462,38.58756,39.11521,38.58756,43.82921,45.60702,45.79301,45.17743,50.08992,54.3783,55.21775,54.20332,57.69749,51.89412,56.36488,53.23533,58.30952,64.4748,58.69412,59.03389,59.5063,60.16644,57.58472,62.39391,65.78754,65.0,66.09841,64.28841,69.64194,65.51336,67.89698,65.62012,73.82412,68.46897,69.0,68.35934,74.10803,73.02739,75.10659,81.09871,72.0,74.02702,72.02777,83.15047,77.10383,79.0
13.15295,13.15295,13.15295,12.16553,12.16553,12.16553,11.04536,11.04536,11.04536,10.04988,10.04988,10.0,10.0,9.0,9.05539,9.05539,9.05539,9.05539,9.05539,9.21954,8.24621,8.24621,8.24621,8.24621,8.06226,8.24621,8.24621,8.06226,8.06226,8.06226,7.07107,7.07107,7.0,7.0,7.0,6.0,6.08276,5.09902,5.09902,5.38516,4.47214,4.47214,4.47214,3.60555,3.60555,2.82843,2.82843,2.82843,2.23607,2.23607,2.23607,2.0,83.86895,80.0,77.98718,72.83543,76.36753,73.5527,72.83543,72.91776,67.94115,65.11528,63.12686,60.959,60.44005,63.65532,58.25805,50.44799,54.67175,53.41348,49.40648,52.35456,47.41308,49.24429,49.65884,48.30114,50.11986,50.60632,44.28318,48.75449,49.65884,47.01064,47.01064,42.37924,49.39636,45.27693,44.77723,47.50789,48.8774,38.27532,44.10215,34.82815,36.87818,34.71311,35.22783,34.82815,29.83287,28.84441,27.78489,27.29469,17.88854,19.69772,20.59126,22.02272,19.0263,20.0,19.0263,14.14214,12.04159,29.01724,28.16026,26.0,31.257,30.14963,28.01785,33.01515,36.05551,34.0147,38.01316,39.31921,35.01428,37.12142,39.01282,44.01136,46.09772,41.10961,42.57934,42.29657,43.28972,47.38143,50.80354,55.44367,56.921,54.45181,57.87055,52.39275,54.57105,57.70615,59.20304,58.30952,55.65968,64.84597,60.53924,62.96825,62.76942,63.07139,63.97656,68.70953,62.64982,63.13478,66.57327,67.1193,69.06519,64.81512,72.67049,71.06335,70.83784,73.00685,78.1025,73.10951,73.5527,73.59348,84.89994,82.61961,79.39773,81.34494
15.0,15.0,14.0,14.0,13.0,13.0,13.0,13.0384,12.0,11.04536,12.04159,11.18034,11.04536,10.04988,10.19804,10.19804,10.19804,10.19804,9.21954,9.21954,9.21954,9.21954,9.48683,9.48683,9.21954,9.48683,9.21954,9.21954,9.21954,8.24621,8.06226,8.06226,8.0,8.0,8.0,7.0,7.07107,7.07107,6.08276,6.32456,6.32456,5.38516,5.38516,5.38516,5.0,5.0,5.0,4.24264,4.24264,4.24264,3.60555,3.60555,79.24645,79.19596,78.51751,77.89737,73.0,75.16648,68.88396,69.6563,63.70243,69.52697,60.959,64.40497,63.41136,53.60037,50.77401,54.6443,54.91812,52.47857,45.80393,50.08992,50.15974,52.92447,50.32892,45.27693,46.09772,49.65884,46.23851,40.70626,46.51881,41.76123,44.94441,46.23851,45.65085,44.28318,39.82462,37.21559,38.94868,39.96248,40.60788,34.4093,33.61547,37.48333,31.241,34.71311,31.06445,27.80288,26.41969,26.07681,21.54066,20.59126,21.54066,21.0238,21.2132,18.11077,16.12452,12.16553,14.56022,23.19483,30.59412,25.0,28.01785,28.01785,25.70992,29.06888,33.73426,31.57531,34.48188,33.54102,38.27532,39.84972,42.37924,36.68787,41.10961,43.41659,43.65776,45.88028,51.5461,50.59644,52.81098,50.69517,53.16014,53.45091,56.0803,56.0803,56.85948,57.69749,57.27128,58.13777,60.41523,65.0,60.41523,60.82763,61.7171,64.3506,63.00794,65.19202,67.1193,64.3506,62.36986,66.6033,70.43437,69.35416,74.33034,73.5527,73.59348,74.33034,72.91776,75.28612,77.33693,82.32861,78.87332,79.64923,84.8646,80.72174
14.14214,13.15295,13.15295,12.16553,12.16553,12.16553,12.04159,11.04536,11.04536,11.04536,11.04536,11.0,10.0,10.0,9.0,10.04988,9.05539,10.04988,9.05539,9.05539,9.05539,9.21954,9.21954,8.24621,8.06226,8.06226,8.24621,8.06226,8.06226,8.06226,8.06226,8.0,7.0,7.0,7.0,7.07107,7.07107,6.08276,6.32456,5.38516,5.38516,5.38516,5.83095,4.47214,5.0,5.0,4.24264,4.24264,4.24264,3.60555,3.60555,3.60555,75.74299,78.51751,80.62258,71.50524,79.24645,76.57676,72.18033,69.31089,63.65532,69.35416,64.03124,61.07373,53.82379,55.80323,51.86521,55.22681,54.40588,50.60632,51.62364,49.64877,51.89412,45.31004,46.61545,42.95346,46.95743,46.23851,46.17359,39.39543,46.61545,48.46648,44.01136,46.17359,43.82921,43.86342,40.16217,42.04759,44.29447,36.71512,38.27532,34.98571,37.53665,31.40064,32.20248,33.42155,30.61046,29.69848,24.75884,25.94224,26.41969,24.69818,18.68154,16.76305,22.80351,17.11724,18.11077,15.13275,17.02939,30.59412,26.1725,32.06244,27.16616,30.41381,29.27456,32.06244,30.01666,32.24903,35.0,40.0,37.0,41.19466,43.01163,44.10215,44.40721,42.19005,45.39824,47.51842,54.74486,52.23983,51.78803,53.46027,53.75872,63.63961,61.98387,56.51548,62.64982,59.90826,63.56099,55.97321,59.13544,60.72891,64.84597,67.41662,62.24147,62.39391,62.39391,65.76473,67.54258,71.11259,65.73431,71.84706,70.83078,63.82006,70.21396,75.0,72.86288,79.64923,76.83749,71.8401,77.83315,79.9062,75.66373,87.0,86.27862,82.87943
13.41641,13.41641,12.52996,13.41641,12.52996,12.52996,11.18034,11.6619,11.6619,10.81665,10.29563,10.29563,9.43398,10.0,9.43398,9.21954,9.21954,9.21954,8.48528,8.48528,8.48528,8.48528,8.48528,8.48528,8.48528,8.48528,8.48528,7.81025,7.81025,7.81025,7.2111,7.2111,7.2111,7.2111,6.7082,6.7082,6.32456,6.32456,6.08276,6.08276,5.09902,5.09902,5.0,5.0,5.09902,4.12311,4.12311,4.47214,3.16228,3.60555,3.60555,3.60555,76.92204,78.33901,75.43209,69.857,74.72617,70.34202,67.46851,65.80274,62.16912,66.61081,59.84146,62.96825,59.5399,57.42822,52.15362,56.56854,53.08484,49.0102,47.01064,48.04165,55.3263,46.01087,47.38143,48.04165,44.18144,45.04442,47.01064,43.18565,45.17743,48.25971,44.28318,41.4367,42.29657,44.40721,43.04649,35.01428,38.32754,38.11824,37.48333,37.48333,34.9285,37.33631,33.52611,27.29469,27.51363,26.92582,26.41969,27.80288,24.20744,23.43075,21.40093,19.20937,19.79899,18.02776,21.0238,15.52417,12.36932,27.78489,29.54657,21.9545,30.46309,31.30495,32.69557,31.30495,32.01562,33.28663,32.20248,35.4683,36.05551,42.80187,40.22437,43.01163,43.41659,46.75468,45.80393,49.20366,45.45327,45.96738,46.69047,52.00961,49.51767,50.60632,55.9017,57.48913,58.0517,53.90733,58.69412,57.80138,58.89822,60.82763,59.5483,63.60031,65.60488,62.96825,68.0,65.73431,64.40497,67.53518,66.64083,69.77822,69.857,68.15424,77.16217,72.8011,74.0,67.41662,70.00714,73.37575,77.66595,77.62087,76.40026,78.33901,78.33901,75.58439
14.21267,14.21267,14.21267,14.21267,13.45362,12.80625,12.04159,12.04159,12.04159,12.04159,11.31371,11.31371,10.63015,10.63015,10.63015,10.0,10.0,10.0,10.0,10.0,10.0,9.43398,9.43398,9.43398,9.43398,9.43398,9.43398,9.43398,8.60233,8.60233,8.60233,7.81025,8.48528,8.48528,7.81025,7.81025,7.2111,7.2111,6.40312,5.83095,5.83095,5.38516,5.38516,5.09902,5.09902,4.12311,4.0,4.0,4.0,4.0,3.0,3.16228,83.36066,77.88453,78.91768,74.52516,70.5762,66.48308,74.33034,68.88396,66.75328,57.14018,61.07373,61.29437,59.13544,58.0,58.0,54.0,57.14018,49.64877,47.16991,45.27693,48.6621,47.07441,53.85165,48.08326,46.69047,45.70558,45.39824,45.22168,45.88028,42.75512,42.42641,41.7732,42.44997,45.35416,41.7732,37.12142,37.01351,40.1995,40.1995,35.0571,33.06055,33.13608,33.37664,31.04835,30.80584,26.24881,29.15476,27.78489,26.40076,23.60085,22.80351,21.40093,18.97367,15.6205,16.40122,16.12452,21.37756,33.10589,28.6531,31.7805,35.4683,28.6531,31.7805,33.54102,34.0,35.8469,34.88553,40.81666,40.22437,38.60052,41.88078,41.03657,38.94868,43.27817,45.45327,48.16638,48.83646,52.40229,50.93133,50.44799,51.62364,53.03772,55.9017,60.10824,57.38467,55.22681,59.66574,57.62812,63.60031,61.84658,62.96825,65.45991,55.31727,61.29437,65.76473,66.7308,64.40497,72.47068,68.02941,69.31811,71.7844,71.86793,70.2282,67.06713,74.72617,74.33034,75.50497,77.46612,79.42921,75.9276,80.23092,81.04937,86.68333,75.50497
14.14214,13.15295,14.14214,13.15295,13.15295,12.16553,12.04159,12.04159,11.04536,11.04536,11.0,11.0,11.0,10.04988,10.04988,10.04988,9.05539,10.04988,9.21954,9.21954,9.05539,9.21954,9.05539,9.21954,9.21954,9.05539,9.05539,9.05539,8.24621,8.06226,8.06226,8.06226,8.0,7.0,7.0,7.07107,7.07107,6.08276,6.08276,5.09902,5.38516,5.38516,5.38516,4.47214,4.47214,3.60555,3.60555,3.60555,2.82843,2.82843,2.23607,2.23607,77.23341,82.20097,80.05623,72.47068,78.87332,74.8131,77.10383,67.35726,64.3506,70.17834,63.70243,64.44377,61.55485,59.46427,57.38467,57.62812,55.17246,55.21775,49.20366,52.80152,48.82622,52.69725,46.64762,49.24429,48.60041,48.25971,43.82921,47.01064,43.41659,45.48626,46.51881,49.24429,42.72002,40.81666,43.41659,40.0,37.20215,40.80441,39.82462,42.52058,38.41875,40.31129,36.12478,31.38471,30.41381,26.83282,27.85678,26.0,23.08679,25.29822,25.07987,24.02082,20.22375,19.23538,14.56022,15.13275,13.41641,31.04835,34.48188,32.89377,34.20526,29.83287,29.41088,29.27456,31.04835,35.69314,36.13862,34.71311,36.34556,37.12142,39.29377,43.01163,40.1995,47.16991,47.09565,42.0119,44.04543,46.04346,52.34501,49.09175,48.83646,53.60037,56.4358,52.95281,54.34151,52.88667,55.31727,54.74486,54.57105,59.77458,65.96969,63.60031,67.35726,62.29767,64.07808,63.56099,65.0,67.08204,67.74216,68.0,74.33034,69.11584,75.43209,71.28113,80.1561,72.20111,76.40026,81.21576,79.39773,81.3941,74.8131,82.07314,84.14868,82.07314
13.15295,12.16553,13.15295,12.16553,12.16553,11.18034,11.18034,10.19804,10.19804,10.19804,10.44031,9.48683,9.48683,9.48683,8.544,8.544,8.544,8.544,8.94427,8.06226,8.06226,8.06226,7.61577,8.06226,8.06226,6.7082,7.61577,7.61577,7.61577,6.7082,6.32456,7.28011,6.32456,6.32456,6.08276,5.09902,6.0,5.0,5.0,5.09902,4.12311,4.12311,4.12311,3.60555,3.60555,3.60555,3.60555,2.82843,2.82843,2.82843,3.16228,3.16228,82.49242,78.23043,78.77182,74.33034,69.46222,73.24616,73.43024,72.40166,67.95587,63.63175,67.1193,63.52952,63.97656,59.61543,58.60034,56.36488,61.29437,51.26402,50.56679,51.92302,50.92151,50.15974,51.41984,47.85394,50.28916,50.9902,46.17359,47.29693,42.44997,39.84972,43.41659,45.54119,44.55334,41.97618,37.33631,41.62932,38.01316,37.69615,39.82462,38.58756,34.4093,31.14482,34.05877,31.89044,24.18677,29.73214,22.62742,23.25941,27.73085,22.84732,23.76973,18.43909,18.68154,19.0263,12.36932,16.03122,13.0384,29.01724,33.24154,28.44293,31.257,35.44009,32.24903,32.38827,31.14482,31.257,30.59412,37.01351,43.01163,36.40055,35.4683,34.9285,42.72002,41.14608,45.54119,43.86342,42.04759,47.01064,50.11986,50.9902,50.56679,50.60632,54.58938,52.7731,52.83938,54.20332,58.00862,54.3783,59.07622,60.80296,59.81639,60.44005,54.48853,64.03124,65.29931,61.55485,65.79514,65.8559,68.62215,70.83784,67.80118,68.60029,67.47592,68.11755,71.56116,72.11103,76.844,73.24616,74.62573,77.38863,84.31489,80.26207,76.05919,82.68011
14.21267,14.21267,14.21267,14.21267,13.45362,12.80625,12.80625,12.80625,12.20656,11.40175,10.81665,10.81665,10.81665,10.81665,10.29563,10.29563,10.29563,9.84886,10.29563,9.84886,9.84886,8.94427,8.94427,8.94427,8.94427,8.94427,8.544,8.94427,8.94427,8.06226,8.06226,8.06226,7.2111,7.81025,7.2111,6.40312,7.07107,6.40312,6.40312,6.40312,5.83095,5.0,5.38516,4.47214,4.12311,4.12311,4.12311,4.12311,3.0,3.0,3.0,3.0,84.48077,81.09871,81.49847,74.00676,76.05919,73.10951,72.1734,76.1643,66.00758,68.26419,61.13101,64.00781,61.03278,58.0,56.0357,55.08176,52.03845,53.15073,56.08921,48.37355,48.37355,49.64877,55.54278,51.78803,46.09772,52.7731,45.88028,46.17359,47.01064,44.55334,42.75512,41.10961,44.28318,41.30375,39.45884,36.01389,39.81206,38.20995,29.01724,32.0,29.0,33.52611,30.36445,37.0,27.85678,24.16609,26.41969,24.41311,24.08319,24.04163,17.02939,16.40122,18.43909,15.65248,19.10497,14.0,14.14214,33.24154,31.89044,31.40064,35.0,29.06888,32.52691,29.69848,36.12478,37.48333,41.01219,39.59798,36.76955,41.03657,42.44997,40.31129,38.20995,47.42362,45.22168,50.80354,44.20407,51.0392,52.69725,48.25971,55.47071,54.03702,58.83026,54.91812,60.53924,56.85948,56.60389,57.70615,61.32699,68.54196,64.51356,62.64184,66.85058,63.56886,70.93659,69.28925,70.34202,69.12308,67.89698,69.37579,72.36712,74.96666,71.02112,70.5762,73.24616,80.00625,73.17103,76.23647,78.40918,78.02564,77.16217,82.38932,90.35486,82.21922
14.03567,13.0384,14.03567,13.0384,13.0384,12.04159,12.04159,11.04536,11.04536,11.0,11.0,11.0,10.04988,10.04988,10.04988,10.04988,9.05539,10.04988,9.21954,9.21954,9.05539,9.21954,9.05539,9.21954,9.21954,8.06226,8.06226,8.06226,8.06226,8.06226,7.07107,8.0,7.0,7.0,7.07107,6.08276,6.08276,6.08276,5.09902,5.09902,5.38516,4.47214,4.47214,3.60555,3.60555,2.82843,2.82843,2.82843,2.82843,2.23607,2.23607,2.23607,90.13878,82.92768,81.8352,79.40403,75.21303,76.00658,75.60423,77.80103,62.96825,68.47627,63.81222,61.29437,63.24555,54.67175,57.68882,60.30755,61.52235,47.50789,51.73973,47.38143,50.91169,49.51767,47.42362,47.42362,41.72529,49.57822,44.82187,48.16638,45.34314,46.2277,45.27693,44.82187,43.18565,43.93177,39.82462,44.04543,34.4093,40.22437,30.23243,37.58989,36.35932,39.05125,29.96665,29.15476,28.4605,25.07987,25.4951,24.02082,23.0,21.09502,22.56103,20.61553,18.97367,17.08801,17.46425,19.72308,14.21267,28.16026,33.37664,25.01999,32.38827,29.01724,31.01612,30.01666,33.06055,39.0,34.1321,34.0147,39.62323,36.0,42.75512,44.10215,43.01163,44.01136,44.40721,45.88028,47.07441,48.6621,52.7731,47.38143,55.7853,55.7853,55.31727,57.00877,60.16644,57.24509,59.13544,59.20304,62.29767,58.94065,59.77458,62.64184,64.56005,61.46544,63.69458,62.17717,64.00781,72.91776,67.1193,72.00694,69.33974,69.83552,70.71068,73.43024,69.33974,72.47068,70.60453,76.48529,82.80097,71.8401,77.00649,81.56592,78.00641,79.24645
15.29706,14.31782,14.14214,14.31782,13.34166,13.15295,13.15295,12.16553,12.16553,11.04536,11.04536,12.04159,11.0,11.0,10.0,11.0,10.0,10.04988,9.0,10.0,9.0,9.0,9.05539,9.05539,9.05539,9.05539,9.05539,9.0,8.0,8.0,8.06226,8.06226,8.06226,7.07107,7.07107,7.28011,7.28011,6.32456,6.32456,5.83095,5.83095,5.0,5.0,5.0,4.24264,4.24264,4.24264,3.60555,3.60555,3.16228,3.16228,3.16228,82.29216,75.23962,76.55717,74.73286,81.3941,72.00694,74.43118,68.44706,67.08204,65.8635,61.05735,58.30952,57.70615,59.16925,53.85165,56.63921,54.03702,57.00877,49.64877,46.09772,49.57822,45.27693,46.75468,50.24938,45.25483,46.8615,43.13931,45.27693,43.27817,42.44997,41.01219,41.7732,43.93177,38.83298,35.38361,41.04875,33.61547,36.71512,41.14608,37.94733,37.21559,26.40076,31.62278,28.4605,29.42788,25.07987,25.17936,26.01922,19.0,23.76973,16.49242,17.0,18.86796,17.69181,12.20656,13.0384,12.64911,29.15476,32.57299,28.79236,30.67572,33.83785,32.75668,32.28002,35.4683,39.05125,34.71311,36.67424,37.12142,38.07887,42.42641,46.69047,40.02499,44.40721,42.29657,45.04442,45.54119,45.35416,51.15662,54.00926,54.00926,54.00926,56.0,57.07889,57.07889,59.0,58.00862,63.07139,63.00794,60.82763,67.18631,63.50591,64.00781,62.36986,64.56005,67.46851,67.05222,68.41053,67.6757,66.7308,73.38937,66.85058,68.02941,71.30919,70.23532,77.62087,73.82412,76.48529,84.72308,81.84131,77.52419,81.85964,86.76981,83.18654
13.92839,13.60147,13.0,13.0,11.7047,11.7047,11.7047,11.40175,11.40175,10.44031,10.19804,10.19804,10.19804,9.21954,9.05539,10.04988,9.05539,9.05539,9.05539,9.05539,9.05539,9.05539,9.0,8.0,8.0,8.0,8.0,8.06226,8.06226,7.07107,7.07107,7.07107,6.32456,6.32456,6.32456,6.32456,5.38516,5.83095,5.0,5.0,4.24264,4.24264,4.24264,3.60555,3.60555,2.23607,3.16228,3.16228,3.0,2.0,2.0,2.23607,91.08238,81.32035,82.21922,72.42237,77.20104,77.49194,72.03471,75.69016,62.96825,69.12308,61.35145,64.62198,59.80803,60.74537,60.00833,56.79789,58.59181,56.79789,60.83584,46.64762,52.15362,46.52956,56.0803,51.31277,48.01042,47.50789,42.2019,43.60046,43.56604,45.48626,44.10215,44.29447,42.94182,46.52956,41.88078,38.27532,43.41659,41.23106,38.91015,34.78505,33.10589,34.23449,31.14482,29.61419,29.15476,27.16616,25.07987,25.29822,22.56103,19.69772,20.80865,20.59126,16.64332,17.69181,15.6205,13.89244,16.27882,28.6531,30.41381,30.41381,31.01612,30.46309,28.6531,25.94224,31.01612,33.24154,35.1141,32.69557,35.77709,39.29377,39.62323,43.17407,33.61547,44.14748,45.35416,47.51842,44.59821,46.17359,50.44799,48.83646,50.96077,53.15073,57.55867,56.32051,61.40033,55.14526,60.07495,53.15073,64.19502,65.03076,60.07495,65.06919,62.03225,67.26812,63.50591,66.27217,64.77654,71.34424,67.18631,69.12308,76.15773,71.47027,66.21933,67.72001,75.43209,80.77747,75.96052,75.27284,79.69944,84.75848,73.73602,83.1685,86.97701,76.92204
14.86607,14.86607,14.14214,14.14214,14.14214,13.45362,12.80625,12.80625,12.04159,12.04159,12.04159,11.40175,11.40175,11.40175,10.0,10.29563,10.29563,10.29563,10.29563,10.29563,9.43398,8.94427,8.94427,9.43398,9.43398,8.94427,8.94427,9.43398,9.43398,8.60233,8.60233,8.60233,7.81025,7.81025,7.07107,7.07107,6.40312,6.40312,5.83095,5.83095,5.83095,5.38516,5.38516,5.09902,4.12311,4.12311,4.12311,4.0,4.0,3.16228,3.16228,2.23607,77.92946,85.47514,76.32169,70.71068,71.19691,68.35934,72.33948,69.63476,64.49806,62.514,62.64982,62.36986,54.34151,63.78871,60.01666,53.48832,53.45091,55.65968,47.75982,54.626,49.39636,49.39636,52.3259,48.76474,50.15974,46.52956,46.09772,47.42362,48.33218,43.46263,41.23106,45.17743,44.27189,45.31004,37.33631,44.59821,38.48376,37.64306,39.56008,37.10795,35.22783,32.06244,32.01562,30.01666,28.44293,23.34524,22.13594,24.73863,20.59126,20.24846,21.40093,22.47221,15.23155,15.0,17.69181,14.31782,13.41641,31.241,26.1725,29.0,33.30165,31.1127,28.3196,34.20526,35.80503,32.01562,32.20248,33.94113,42.52058,41.6173,43.27817,43.60046,45.27693,39.96248,42.19005,40.70626,45.65085,53.22593,52.92447,51.47815,51.42956,52.15362,56.35601,51.88449,52.49762,58.69412,59.61543,62.62587,60.83584,62.64184,63.89053,66.70832,60.87693,61.39218,65.9242,64.13267,64.62971,64.38167,67.02984,68.02941,77.05842,71.02816,66.37017,68.06614,72.69113,76.53104,81.15417,78.40918,78.91768,74.54529,79.22752,86.37129,83.18654,79.40403
13.92839,13.92839,13.0,13.0,13.0,12.08305,12.08305,12.08305,11.18034,10.29563,11.18034,10.81665,9.43398,10.0,9.43398,10.0,10.0,9.43398,9.21954,9.21954,9.21954,9.21954,9.21954,8.48528,8.48528,8.48528,8.60233,8.60233,8.60233,8.60233,7.2111,7.2111,6.7082,6.7082,6.7082,6.32456,6.32456,5.38516,5.09902,5.09902,5.0,4.0,4.0,4.0,3.16228,3.16228,3.16228,2.23607,2.82843,2.82843,2.23607,2.23607,79.81228,78.00641,78.54935,78.60025,83.81527,76.27582,71.06335,70.45566,66.03787,71.28113,64.89992,62.00806,61.84658,59.16925,54.12024,60.92618,56.35601,54.58938,55.4617,52.55473,51.07837,48.10405,52.20153,48.76474,46.23851,44.01136,48.10405,48.27007,44.94441,41.97618,46.09772,45.69464,36.71512,42.48529,39.0,38.94868,40.49691,40.49691,39.05125,41.03657,34.66987,32.20248,33.97058,31.89044,28.6007,26.90725,25.07987,28.17801,21.37756,17.26268,21.54066,24.73863,20.22375,21.09502,17.11724,17.46425,14.31782,29.15476,29.83287,24.5153,29.42788,27.01851,30.01666,31.14482,26.24881,32.55764,36.40055,32.57299,36.67424,40.49691,41.62932,41.23106,37.33631,42.37924,42.72002,44.28318,45.54119,43.32436,53.22593,45.17743,47.42362,51.88449,55.56978,59.90826,59.68249,55.07268,55.56978,58.00862,62.42596,61.03278,63.24555,63.60031,65.60488,58.25805,67.17887,62.36986,69.29646,73.59348,65.76473,72.18033,70.93659,73.24616,75.0733,71.06335,75.0,75.28612,73.00685,77.42093,81.8352,84.6286,80.0,78.49204,85.42833,81.5414
15.23155,14.86607,13.92839,14.31782,13.0,13.0,12.64911,12.64911,12.64911,11.7047,11.40175,11.40175,11.18034,10.19804,10.19804,10.04988,10.04988,10.04988,10.04988,9.05539,9.05539,10.04988,9.05539,9.05539,9.05539,9.05539,9.05539,9.05539,9.21954,9.05539,8.24621,8.24621,8.24621,7.28011,7.61577,7.61577,6.7082,6.7082,5.83095,6.40312,5.83095,5.0,5.65685,5.0,5.0,4.24264,4.47214,4.47214,4.12311,4.12311,3.16228,3.0,77.20104,77.62087,74.46476,79.81228,72.78049,72.36712,69.64194,62.0967,66.48308,63.32456,59.80803,58.30952,56.75385,56.75385,54.23099,49.64877,49.76947,48.33218,53.23533,47.85394,50.11986,44.10215,46.06517,46.87217,41.59327,45.17743,46.61545,44.10215,45.69464,43.26662,36.89173,38.47077,43.38202,42.04759,41.59327,43.08132,39.84972,38.91015,37.10795,34.78505,34.20526,28.28427,30.41381,27.0,31.06445,29.15476,19.10497,26.30589,23.4094,23.4094,21.84033,17.02939,18.02776,15.55635,21.40093,15.81139,17.88854,30.61046,31.90611,29.06888,33.24154,28.6007,30.0,34.48188,28.23119,33.28663,29.83287,27.29469,33.12099,37.12142,37.16181,42.05948,40.70626,41.78516,40.71855,46.48656,45.18849,47.16991,52.81098,49.0408,49.39636,53.85165,53.75872,54.40588,60.20797,51.66237,58.46366,54.12947,61.52235,61.66036,60.82763,62.07254,62.28965,55.14526,60.03332,65.03076,67.06713,67.00746,63.12686,67.47592,70.21396,65.49046,68.96376,72.18033,66.4906,79.42921,79.07591,74.52516,78.58753,74.46476,73.97973,80.30567,79.9062,78.84795
13.89244,13.41641,12.52996,13.41641,12.52996,12.52996,11.6619,11.6619,10.81665,10.0,10.81665,10.81665,10.63015,9.21954,9.89949,9.89949,9.89949,9.21954,9.21954,9.21954,9.21954,9.21954,9.21954,8.60233,8.60233,9.21954,9.21954,8.48528,8.48528,8.48528,7.07107,7.07107,7.07107,6.40312,7.2111,6.40312,6.7082,5.83095,5.38516,5.38516,5.09902,4.12311,4.12311,4.12311,4.0,3.0,3.0,3.16228,2.23607,2.23607,2.23607,1.41421,81.00617,81.8352,76.55064,75.29276,80.99383,69.83552,73.57309,69.33974,65.29931,67.60178,66.24198,61.7414,61.84658,54.56189,55.03635,56.36488,55.71355,52.20153,50.59644,53.75872,55.36244,49.47727,44.72136,49.72927,48.27007,43.93177,43.93177,51.41984,45.54119,47.07441,42.05948,46.48656,44.27189,39.56008,38.32754,39.0,41.78516,34.17601,38.58756,38.07887,40.80441,32.69557,38.20995,32.64966,27.58623,27.65863,27.65863,29.41088,25.23886,21.0238,19.64688,22.80351,20.09975,16.03122,22.2036,19.10497,13.34166,26.68333,33.37664,29.12044,29.12044,27.65863,30.59412,29.61419,28.63564,31.32092,33.83785,29.15476,30.67572,33.24154,38.62642,39.81206,39.11521,39.96248,39.35734,41.67733,45.45327,46.14109,47.20169,48.25971,51.0392,50.60632,51.22499,50.80354,54.56189,57.80138,58.00862,60.0,58.89822,59.5483,58.41233,65.8559,66.48308,65.8559,61.7171,63.65532,64.53681,65.8559,67.42403,70.80254,71.86793,66.03787,72.67049,74.33034,69.77105,70.71068,79.88116,74.30343,78.03204,79.15807,78.26238,82.28001,81.3941,80.62258
13.92839,13.0,13.60147,12.64911,12.64911,11.7047,11.7047,11.40175,10.44031,10.44031,10.44031,10.44031,10.19804,10.19804,9.05539,10.04988,9.0,9.05539,9.0,9.0,9.0,9.0,9.05539,9.0,9.0,9.05539,8.06226,9.0,8.06226,8.06226,8.06226,8.06226,8.06226,7.28011,7.28011,6.7082,6.7082,5.83095,5.83095,5.0,5.0,5.0,4.24264,4.24264,4.24264,3.60555,3.60555,3.16228,3.16228,2.0,2.0,2.0,82.76473,75.96052,76.15773,82.34683,73.73602,72.8011,68.00735,68.942,63.90618,63.15853,66.30988,59.23681,60.41523,50.08992,60.00833,55.9017,55.47071,50.47772,54.08327,49.24429,51.86521,50.47772,48.83646,43.84062,46.75468,48.10405,44.82187,42.80187,43.86342,45.60702,47.80167,43.82921,39.05125,42.80187,42.54409,37.44329,41.14608,36.35932,39.81206,34.0147,34.98571,29.73214,30.80584,31.57531,29.15476,33.06055,26.07681,24.02082,27.07397,25.31798,20.88061,24.16609,20.0,13.0384,19.10497,13.45362,16.55295,25.29822,29.15476,27.73085,32.64966,26.92582,30.08322,32.28002,32.64966,35.34119,33.83785,27.20294,35.73514,36.49658,42.2019,37.94733,35.90265,42.72002,40.31129,47.51842,46.52956,55.9017,45.39824,49.49747,53.08484,50.15974,55.3263,54.33231,60.13319,57.0,60.0,55.03635,67.0,55.22681,57.00877,59.13544,59.3043,65.19202,65.19202,63.50591,66.70832,71.06335,65.96969,68.88396,67.18631,74.72617,69.28925,68.96376,74.94665,69.64194,72.49828,71.16881,85.44004,84.53402,69.26038,83.7735,83.21658,80.13114
13.60147,13.34166,12.36932,12.64911,12.36932,12.36932,11.40175,11.18034,11.18034,10.19804,10.04988,10.04988,10.04988,9.05539,9.05539,9.0,10.0,9.0,9.05539,9.0,8.06226,8.0,8.06226,8.06226,8.06226,8.06226,8.06226,8.0,8.0,7.0,7.07107,7.07107,7.07107,7.07107,6.08276,6.32456,5.38516,5.38516,5.38516,5.0,5.0,4.24264,4.24264,4.24264,3.60555,3.16228,3.16228,3.16228,3.0,3.0,2.0,2.23607,84.20214,78.91768,79.42921,75.43209,78.1089,71.58911,77.12976,69.12308,66.28725,68.15424,58.82176,59.61543,61.03278,63.60031,57.77543,56.82429,59.48109,51.42956,53.23533,49.09175,49.39636,46.61545,51.62364,48.02083,46.14109,47.70744,50.60632,55.21775,48.01042,48.82622,47.80167,44.20407,44.20407,47.70744,42.72002,42.2019,40.81666,44.29447,43.46263,39.56008,41.23106,33.54102,33.24154,34.1321,32.14032,27.01851,29.15476,28.07134,24.18677,18.97367,21.93171,18.38478,19.92486,18.35756,15.26434,13.45362,14.42221,29.73214,29.73214,30.61046,31.40064,28.42534,29.83287,31.1127,30.61046,35.4683,33.61547,33.83785,32.80244,39.20459,40.0,36.35932,39.82462,40.71855,47.50789,42.72002,43.08132,46.52956,48.33218,45.18849,49.24429,53.85165,55.36244,56.921,56.61272,58.18935,56.921,56.32051,58.24088,60.16644,63.15061,59.22837,65.11528,61.13101,62.20129,62.0,66.27217,74.16873,68.06614,69.02898,69.0,66.61081,77.78175,70.21396,71.84706,77.27872,73.97973,81.78631,77.87811,84.17244,82.71034,87.47571,78.08969,80.60397
14.42221,13.60147,14.42221,13.60147,13.60147,13.0384,13.0384,12.52996,11.6619,11.6619,11.18034,11.18034,11.18034,11.18034,9.84886,10.77033,9.48683,10.44031,9.48683,9.48683,9.48683,9.48683,9.48683,9.48683,9.48683,9.21954,9.21954,9.48683,8.544,8.544,8.94427,8.06226,8.06226,8.06226,8.06226,7.2111,7.2111,7.07107,7.07107,6.40312,6.40312,5.83095,5.83095,4.47214,4.47214,4.47214,4.12311,4.12311,4.12311,3.0,3.0,3.0,79.02531,73.24616,83.38465,75.02666,73.17103,71.11259,70.11419,71.06335,69.87131,67.1193,63.3877,66.61081,60.13319,54.12947,54.34151,51.66237,56.921,52.81098,47.29693,52.55473,46.17359,49.24429,48.30114,50.32892,44.28318,46.09772,43.41659,48.8467,45.88028,49.24429,37.12142,43.86342,46.06517,40.8534,38.27532,36.87818,40.02499,37.94733,40.4475,31.14482,38.11824,33.13608,34.0147,29.27456,34.36568,28.44293,24.18677,29.15476,23.08679,23.32381,21.26029,20.80865,17.69181,19.20937,17.69181,21.18962,18.78829,34.4093,27.313,34.43835,32.75668,29.96665,32.75668,31.40064,33.01515,30.61046,31.40064,36.79674,40.80441,40.31129,40.31129,37.80212,38.20995,45.27693,44.20407,46.32494,43.01163,42.80187,53.25411,48.37355,54.40588,50.77401,56.82429,54.20332,59.94164,62.64982,59.48109,55.9464,60.83584,64.62198,60.00833,60.40695,63.90618,67.6757,68.65858,67.72001,67.68309,71.38627,70.0928,68.73136,73.68175,69.18092,70.03571,72.56032,75.00667,79.1012,77.10383,73.00685,83.00602,79.22752,83.38465,84.00595,85.37564,79.1012
13.34166,13.34166,12.16553,12.36932,12.36932,11.18034,11.18034,11.18034,11.04536,10.04988,10.04988,10.0,9.0,9.0,9.0,9.05539,9.05539,9.05539,9.05539,8.06226,8.06226,8.06226,8.06226,8.24621,8.06226,8.24621,8.06226,8.06226,8.06226,8.06226,7.0,7.0,7.0,7.07107,7.0,6.08276,6.08276,5.38516,5.38516,5.38516,4.47214,4.47214,4.24264,3.60555,3.60555,3.60555,3.60555,3.16228,3.16228,3.0,2.0,2.0,88.11924,84.97058,86.76405,80.13114,73.57309,80.62258,72.56032,76.05919,63.81222,68.8186,64.41273,58.60034,62.64982,60.74537,55.60576,56.40035,54.45181,52.40229,55.22681,52.34501,50.20956,48.27007,50.24938,47.42362,44.04543,54.48853,46.75468,51.22499,50.44799,48.54894,48.54894,50.32892,45.34314,46.01087,42.52058,46.2277,40.60788,45.80393,40.45986,44.10215,37.21559,38.01316,36.23534,33.10589,32.57299,31.40064,25.01999,29.01724,27.16616,20.02498,24.73863,21.2132,22.56103,22.82542,17.72005,19.10497,20.51828,32.89377,34.53983,30.8707,35.77709,29.96665,30.36445,29.73214,30.46309,32.20248,32.75668,35.44009,34.71311,38.63936,40.02499,46.38965,38.32754,41.10961,37.0,49.0102,48.04165,44.10215,54.00926,44.40721,54.00926,53.00943,53.23533,55.14526,64.38167,54.23099,64.49806,57.72348,62.39391,66.48308,61.29437,63.63961,68.65858,65.51336,63.89053,67.91171,68.15424,77.88453,69.07966,75.39231,73.00685,75.6439,65.79514,76.05919,74.70609,78.29432,74.24958,82.8553,77.82673,91.3017,78.29432,84.53402,88.50989,94.36631
13.15295,13.0384,13.0384,12.04159,12.16553,12.16553,11.18034,11.18034,10.19804,10.44031,10.44031,10.44031,9.48683,8.94427,8.544,9.84886,8.94427,8.94427,8.06226,8.94427,8.06226,8.06226,8.60233,8.60233,8.60233,8.60233,8.60233,8.06226,8.06226,8.06226,7.61577,7.61577,6.7082,6.32456,6.32456,6.32456,6.32456,5.09902,5.09902,5.0,5.0,5.0,4.0,4.12311,3.16228,3.16228,3.16228,2.82843,2.82843,2.82843,2.23607,2.23607,73.60027,81.40025,83.09633,72.13876,74.24958,72.47068,63.12686,67.17887,62.96825,70.72482,63.03174,62.36986,55.86591,53.75872,57.42822,56.0803,52.20153,50.60632,51.0,44.65423,48.54894,47.16991,42.95346,43.82921,43.86342,43.46263,44.29447,47.92703,42.48529,46.61545,50.92151,47.16991,42.15448,40.71855,39.92493,42.43819,40.0,43.01163,35.0,36.40055,38.28838,35.22783,41.23106,37.64306,35.51056,29.83287,29.68164,28.17801,23.76973,20.61553,20.39608,18.11077,22.09072,20.02498,19.0263,18.02776,15.29706,29.54657,31.62278,27.51363,32.28002,27.51363,31.32092,28.63564,32.69557,34.0147,30.08322,39.56008,31.257,37.10795,38.83298,42.2019,39.31921,44.10215,41.19466,48.09366,45.04442,44.01136,51.0098,47.04253,51.0098,51.15662,53.33854,52.00961,55.57877,59.13544,56.4358,54.12947,58.69412,57.48913,60.44005,64.32729,64.84597,61.98387,64.62198,64.62198,68.02941,68.8767,63.06346,69.35416,71.69379,70.3278,67.1193,72.67049,72.34639,73.78347,71.40028,79.39773,76.57676,82.46211,76.57676,81.40025,85.42833,89.02247
13.41641,13.41641,13.41641,13.41641,12.08305,11.18034,11.18034,10.81665,10.29563,10.29563,10.0,10.0,9.21954,9.21954,9.21954,8.48528,8.48528,8.48528,8.48528,8.48528,8.48528,8.48528,7.81025,8.60233,7.81025,7.81025,7.81025,7.81025,7.81025,7.07107,7.81025,7.81025,6.40312,7.2111,5.83095,5.83095,5.83095,5.38516,5.38516,5.09902,5.09902,4.12311,4.0,4.0,4.0,4.12311,3.16228,3.16228,3.60555,3.60555,2.82843,2.82843,81.02469,79.25907,74.79305,75.17978,69.33974,73.57309,68.88396,68.09552,67.97794,59.64059,61.29437,56.30275,60.41523,59.80803,49.24429,48.33218,55.36244,49.72927,51.26402,50.59644,48.05206,46.57252,48.6621,46.32494,48.05206,51.97115,48.05206,47.04253,46.09772,42.57934,43.93177,44.72136,36.87818,43.56604,42.72002,41.76123,41.4367,45.18849,36.05551,38.01316,36.71512,33.83785,32.80244,31.40064,28.84441,25.80698,28.84441,27.78489,24.69818,21.40093,19.31321,19.41649,17.46425,12.16553,17.0,17.11724,17.46425,29.42788,34.71311,34.1321,29.83287,31.7805,35.90265,31.7805,33.73426,37.65634,35.77709,33.73426,37.10795,32.64966,38.07887,38.48376,36.67424,42.95346,43.82921,44.10215,44.59821,47.85394,49.73932,48.54894,45.79301,47.16991,52.00961,56.0357,55.75841,56.0803,58.82176,56.72742,58.79626,61.7171,61.22091,64.53681,63.63961,62.93648,67.94115,68.62215,66.70832,66.21933,72.8011,72.47068,76.02631,69.63476,66.21933,68.60029,72.11103,76.8505,80.1561,80.13114,81.12336,74.62573,77.89737,87.32125,81.84131,84.97058
14.14214,14.14214,14.14214,14.14214,13.15295,12.16553,12.16553,12.16553,11.18034,11.40175,11.40175,10.44031,10.44031,10.44031,10.44031,9.84886,9.84886,9.84886,9.84886,9.84886,8.94427,9.84886,8.94427,9.43398,8.94427,8.94427,8.94427,8.94427,8.544,8.544,8.544,8.544,8.24621,7.28011,7.07107,7.07107,7.07107,7.0,6.0,6.0,5.09902,5.09902,5.09902,4.12311,4.47214,4.47214,3.60555,3.60555,3.60555,2.82843,2.82843,2.23607,76.6942,81.56592,73.00685,77.83315,75.0733,71.44928,72.62231,67.00746,68.68042,61.52235,63.78087,61.85467,59.20304,57.68882,55.31727,55.47071,59.16925,46.64762,48.75449,48.37355,46.23851,47.85394,42.72002,49.64877,49.0408,48.76474,43.65776,46.8188,42.15448,42.54409,43.38202,46.23851,40.5216,44.77723,43.56604,42.43819,36.61967,34.88553,34.98571,38.07887,35.22783,35.38361,33.6006,29.73214,31.241,25.94224,30.8707,27.51363,24.73863,25.0,24.02082,21.37756,18.97367,15.0333,15.0333,16.55295,23.76973,36.12478,34.0147,30.41381,32.06244,30.41381,33.24154,30.06659,32.01562,33.13608,33.73426,37.65634,40.4475,35.69314,39.45884,41.48494,44.27189,46.8188,45.35416,45.17743,43.65776,53.14132,50.92151,52.92447,52.83938,53.7122,51.47815,54.23099,56.46238,58.13777,57.98276,58.30952,61.05735,58.66856,64.63745,62.68174,60.46487,66.61081,64.66065,69.42622,71.8401,69.02898,68.0147,71.70077,76.36753,70.03571,76.41989,72.18033,77.89737,78.1025,80.91971,81.02469,78.1025,77.23341,79.93122,87.86353,87.61849,87.41853
14.14214,13.0384,13.0384,12.04159,12.04159,11.04536,11.04536,11.0,11.04536,10.0,10.0,10.04988,9.05539,9.05539,9.05539,9.21954,8.24621,9.21954,8.24621,8.24621,8.24621,8.24621,8.24621,7.28011,8.24621,8.24621,8.24621,7.28011,7.28011,7.28011,6.08276,7.07107,7.0,6.0,6.0,6.0,6.0,5.09902,5.09902,4.12311,4.12311,4.47214,4.47214,3.60555,3.60555,2.82843,2.82843,2.23607,2.23607,2.23607,2.23607,2.0,82.36504,82.29824,85.23497,70.17834,80.26207,69.83552,74.30343,70.23532,69.97142,67.6757,62.1289,60.46487,58.24946,57.14018,55.80323,51.85557,55.0,48.41487,48.9183,50.20956,50.44799,47.63402,50.93133,40.36087,48.16638,44.55334,46.09772,50.47772,46.69047,46.8615,43.93177,42.52058,43.01163,44.59821,42.63801,45.96738,41.10961,36.87818,41.72529,37.80212,40.49691,37.58989,30.41381,29.06888,30.08322,28.63564,25.29822,28.44293,22.56103,21.0238,24.08319,19.0263,15.23155,18.43909,17.88854,17.69181,18.02776,30.67572,34.43835,32.89377,34.78505,36.40055,32.57299,33.24154,32.24903,34.9285,32.75668,40.49691,35.44009,34.23449,37.85499,40.31129,40.26164,47.16991,46.27094,44.10215,45.01111,46.17359,50.01,51.0392,57.03508,53.03772,52.23983,52.00961,57.14018,59.21149,55.9017,57.70615,63.28507,60.82763,64.53681,65.30697,63.60031,66.21933,68.30813,61.39218,69.57011,69.92138,70.77429,71.69379,74.46476,68.35203,74.79305,72.47068,74.30343,72.89719,78.39005,83.24062,79.88116,83.52844,82.0975,82.8553,82.73452,80.13114
14.86607,13.45362,14.21267,14.21267,13.45362,12.04159,12.04159,11.31371,11.31371,11.31371,10.63015,10.63015,10.63015,10.63015,10.0,10.0,9.43398,9.43398,9.43398,9.43398,9.43398,9.43398,9.43398,9.43398,9.43398,8.94427,8.60233,8.60233,8.60233,8.60233,7.81025,7.81025,7.81025,7.81025,7.07107,7.07107,7.07107,6.40312,5.83095,5.83095,5.83095,5.38516,5.38516,4.12311,4.12311,4.12311,4.12311,4.0,4.0,3.0,3.16228,3.16228,76.10519,83.02409,82.1523,68.11755,80.0,69.00725,69.11584,72.00694,67.02984,63.07139,64.00781,60.00833,55.22681,57.31492,53.46027,57.72348,53.85165,52.88667,52.61179,48.38388,50.0,51.1957,46.61545,51.88449,44.59821,44.38468,44.01136,48.8467,47.42362,42.15448,41.10961,41.23106,40.71855,41.4367,39.84972,42.2019,37.10795,39.21734,39.45884,35.0,32.06244,28.07134,29.06888,30.14963,28.0,26.07681,25.70992,28.4605,23.34524,20.59126,26.07681,19.72308,19.10497,18.60108,18.43909,18.86796,17.46425,30.41381,29.41088,32.01562,34.82815,30.61046,29.15476,33.97058,25.4951,35.35534,36.12478,32.55764,37.48333,36.87818,36.87818,39.20459,45.60702,48.01042,44.94441,44.65423,47.70744,52.15362,49.73932,49.73932,54.56189,52.3259,52.7731,58.13777,52.92447,57.58472,56.36488,55.71355,64.51356,58.87274,63.32456,65.78754,62.8172,60.63827,64.13267,68.88396,69.05071,71.58911,71.25307,70.85901,74.67262,67.1193,69.02898,68.11755,74.33034,77.05842,84.14868,79.1012,79.0,79.00633,81.00617,89.14034,86.20905,83.29466
14.76482,14.76482,13.89244,13.89244,13.89244,13.41641,12.52996,12.08305,12.08305,12.08305,11.7047,11.7047,10.77033,10.77033,10.77033,10.44031,10.44031,10.19804,9.21954,9.21954,9.21954,9.21954,9.21954,9.21954,9.21954,9.21954,9.21954,8.24621,8.544,8.24621,8.544,8.544,7.61577,7.61577,8.06226,6.7082,7.2111,7.2111,6.40312,6.40312,5.65685,5.65685,5.0,5.0,5.0,4.47214,4.47214,4.12311,4.12311,4.12311,3.0,3.0,81.32035,83.19856,79.07591,82.46211,78.84795,72.12489,71.30919,73.4983,66.48308,59.77458,59.80803,55.36244,56.04463,54.42426,55.36244,48.8467,55.47071,52.39275,52.80152,48.75449,48.8774,47.41308,48.02083,45.79301,47.50789,50.24938,45.27693,41.04875,47.20169,43.41659,43.60046,44.41846,40.22437,43.01163,41.6173,38.94868,39.35734,40.8534,36.05551,36.05551,34.48188,29.06888,35.35534,34.05877,27.0,29.27456,27.0,22.36068,21.93171,20.02498,16.15549,20.12461,21.09502,22.2036,18.38478,17.69181,11.6619,28.6531,31.38471,30.80584,33.6006,33.12099,31.89044,31.06445,31.06445,33.54102,32.20248,39.92493,33.54102,37.0,39.81206,41.59327,39.92493,41.76123,40.79216,44.01136,50.0,48.27007,51.41984,50.69517,50.9902,53.36666,56.88585,54.12947,54.34151,59.66574,59.68249,54.58938,62.80127,64.19502,62.00806,70.06426,64.03124,60.07495,67.36468,67.1193,68.06614,69.35416,67.26812,71.70077,72.69113,72.18033,71.19691,71.58911,69.64194,82.0061,78.44743,79.37884,81.0432,78.84795,84.11896,80.36168,84.48077,84.89994
14.31782,13.15295,13.15295,12.36932,12.16553,12.16553,12.16553,11.04536,11.04536,10.04988,10.0,10.0,10.0,9.0,9.0,9.05539,9.05539,9.05539,9.05539,8.06226,8.06226,8.06226,8.24621,8.24621,8.24621,8.24621,8.24621,8.06226,8.06226,8.06226,7.0,7.0,7.0,6.0,7.0,6.08276,6.08276,5.09902,5.38516,5.38516,4.47214,4.47214,3.60555,3.60555,2.82843,2.82843,2.82843,3.16228,3.16228,2.23607,2.0,2.0,83.48653,76.40026,81.56592,77.98718,72.18033,73.59348,72.34639,70.0928,66.48308,62.24147,60.959,60.1415,55.80323,59.5483,57.2014,55.80323,52.80152,52.63079,54.3783,47.53946,52.47857,48.30114,52.7731,48.46648,46.14109,52.92447,43.38202,46.95743,48.54894,47.42362,44.94441,45.31004,39.82462,42.19005,39.56008,37.73592,44.10215,40.81666,39.05125,36.23534,36.40055,35.38361,35.60899,33.42155,33.28663,28.01785,25.63201,26.0,25.07987,28.23119,19.92486,17.46425,17.72005,19.0263,17.02939,15.52417,15.29706,30.41381,30.41381,31.95309,25.0,25.4951,30.67572,29.41088,31.7805,34.9285,30.41381,33.37664,40.02499,40.1995,40.60788,35.35534,39.05125,38.01316,44.01136,44.0,47.04253,49.0,48.09366,46.38965,47.16991,52.0,52.23983,52.23983,55.7315,55.7315,62.96825,57.72348,60.41523,61.13101,62.0967,67.05222,63.32456,64.51356,66.40783,69.57011,67.1193,69.77822,65.76473,76.15773,73.3553,72.20111,75.43209,70.0,75.43209,76.2168,80.45496,79.02531,77.66595,84.29116,76.6942,85.27602,91.5478,86.37129
14.31782,14.86607,13.0,14.31782,13.0,13.0,12.64911,11.7047,11.7047,10.77033,11.40175,11.40175,10.44031,10.19804,10.19804,10.19804,10.04988,9.05539,10.04988,9.05539,9.05539,9.05539,9.05539,9.0,9.05539,9.05539,9.05539,8.24621,9.05539,8.06226,8.24621,8.24621,8.24621,7.28011,7.61577,7.61577,6.7082,6.7082,5.83095,6.40312,5.65685,5.65685,5.65685,5.0,5.0,3.60555,4.47214,4.47214,3.16228,3.16228,3.16228,3.0,84.17244,75.66373,79.30952,70.0928,74.43118,76.68768,72.44308,71.56815,62.16912,64.13267,59.03389,60.01666,54.34151,53.75872,57.00877,53.16014,49.64877,53.48832,52.20153,48.46648,52.39275,42.15448,47.01064,43.08132,49.64877,46.8188,41.62932,45.61798,46.09772,47.88528,43.82921,43.46263,39.0,42.95346,39.81206,42.72002,39.39543,41.23106,35.44009,33.24154,32.28002,31.57531,32.06244,31.14482,34.9285,26.24881,26.83282,23.70654,26.40076,22.67157,20.24846,15.81139,24.20744,19.79899,15.6205,15.0,21.54066,33.6006,33.01515,29.0,32.44996,28.01785,28.3196,31.62278,29.68164,30.52868,34.66987,34.48188,39.82462,34.88553,39.35734,42.54409,42.94182,41.10961,37.57659,49.64877,47.41308,47.01064,52.80152,49.98,53.14132,50.69517,55.31727,53.75872,63.90618,59.90826,60.01666,53.75872,59.03389,62.64982,64.62971,64.62971,69.46222,61.29437,67.18631,68.26419,68.06614,69.0,68.26419,71.00704,73.0,71.34424,79.9062,71.17584,76.94154,79.76215,76.10519,79.51101,74.8131,81.02469,74.33034,83.54639,89.627,78.77182
13.0384,13.0384,13.0,13.0384,12.0,12.04159,11.0,11.0,10.0,10.0,10.0,9.05539,9.05539,9.05539,9.05539,9.21954,9.21954,8.24621,8.24621,8.24621,8.24621,8.544,7.28011,7.61577,8.544,7.28011,7.28011,7.28011,7.28011,7.07107,7.07107,7.07107,7.07107,6.08276,6.0,6.0,6.08276,6.08276,5.09902,5.38516,4.47214,4.47214,4.47214,3.60555,4.24264,3.60555,3.60555,3.60555,3.16228,3.16228,3.16228,3.0,78.77182,74.65253,79.51101,80.44874,80.26207,71.02816,71.21798,70.60453,66.57327,64.63745,64.81512,60.21628,62.68174,60.81118,55.22681,55.22681,55.17246,54.48853,55.17246,55.17246,50.24938,47.63402,49.39636,46.61545,48.01042,44.20407,43.27817,45.0,43.26662,45.80393,43.26662,43.27817,48.25971,43.86342,43.18565,37.53665,36.12478,39.82462,37.80212,36.79674,33.42155,34.43835,34.0147,32.31099,30.46309,26.24881,25.4951,24.73863,23.02173,23.34524,21.37756,21.2132,19.92486,19.10497,21.0238,13.41641,14.86607,30.0,31.40064,27.45906,27.65863,32.24903,24.18677,31.40064,28.28427,31.257,30.06659,29.42788,39.20459,34.1321,37.05401,35.69314,42.10701,42.57934,42.04759,43.28972,46.09772,47.80167,47.38143,50.21952,50.35871,51.92302,52.39275,57.27128,58.0517,57.00877,54.40588,57.00877,59.20304,62.0967,60.40695,61.68468,65.45991,64.62198,65.0,66.21178,67.1193,69.77105,69.35416,70.23532,71.84706,76.66159,68.26419,74.63243,77.00649,73.23933,75.71658,82.46211,79.6304,78.23043,81.02469,84.81156,88.40814,84.31489
13.89244,12.52996,13.41641,12.52996,12.52996,11.18034,11.18034,11.18034,10.77033,10.77033,9.84886,9.84886,9.48683,9.48683,8.24621,9.21954,8.24621,8.24621,8.06226,8.06226,8.06226,8.06226,8.06226,8.06226,8.06226,8.24621,8.06226,8.06226,7.28011,7.28011,7.28011,7.28011,7.28011,6.32456,6.7082,6.7082,6.40312,5.0,5.0,5.65685,5.0,5.0,5.0,4.47214,4.47214,4.12311,4.12311,3.16228,3.0,3.0,3.16228,3.16228,81.85964,80.05623,75.02666,80.23092,73.92564,72.44998,66.85058,69.31811,68.8767,65.29931,62.29767,61.40033,62.17717,57.98276,59.05929,54.20332,49.73932,50.80354,49.0408,54.03702,50.60632,47.42362,48.79549,43.93177,48.79549,49.51767,46.75468,41.03657,46.01087,46.69047,45.25483,46.01087,39.69887,42.44997,43.93177,42.52058,41.23106,38.28838,41.18252,32.64966,36.05551,33.10589,33.61547,28.86174,27.20294,26.1725,28.86174,26.1725,24.08319,23.02173,24.02082,19.23538,16.55295,17.80449,18.38478,16.97056,16.12452,33.01515,27.20294,27.80288,31.40064,30.4795,30.0,28.84441,30.46309,33.83785,33.61547,34.66987,32.24903,40.16217,34.43835,37.36308,41.10961,41.10961,39.56008,45.60702,43.68066,46.8188,51.97115,47.29693,50.48762,52.39275,53.16014,52.17279,56.0803,54.33231,56.7186,60.20797,62.03225,58.00862,62.0,61.03278,63.0,62.28965,63.1981,64.28063,64.62971,70.85901,67.47592,71.58911,72.78049,67.05222,75.18643,77.36924,74.33034,79.47956,71.51224,70.93659,77.83315,77.49194,77.49194,80.11242,87.72685,79.12016
13.60147,13.60147,12.80625,12.20656,12.20656,12.20656,11.40175,11.40175,11.40175,10.63015,10.63015,10.63015,9.89949,9.89949,9.21954,9.21954,9.21954,9.21954,8.60233,8.60233,8.60233,8.60233,8.60233,8.60233,8.60233,8.60233,8.60233,7.81025,7.81025,7.81025,7.81025,7.07107,7.07107,7.07107,6.40312,6.40312,5.83095,5.83095,5.38516,5.38516,4.47214,4.12311,4.12311,4.12311,3.0,3.0,3.0,3.16228,2.23607,2.23607,2.23607,1.41421,77.83315,81.9329,77.25283,74.33034,80.05623,70.83078,72.11103,68.00735,66.30988,67.44627,61.13101,64.56005,62.36986,55.54278,57.00877,57.27128,53.75872,55.7315,50.15974,53.15073,51.08816,47.26521,50.15974,46.0,47.0,46.09772,46.38965,49.25444,46.04346,46.09772,42.29657,46.52956,41.59327,41.59327,43.28972,39.29377,34.78505,41.7732,40.5216,40.80441,32.69557,36.23534,30.01666,34.05877,30.4795,28.01785,25.45584,23.34524,21.63331,20.0,20.12461,20.12461,22.84732,16.49242,17.11724,17.11724,14.03567,25.55386,28.42534,31.30495,30.23243,31.38471,27.45906,30.0,28.30194,33.6006,36.12478,34.71311,35.35534,36.79674,35.60899,41.72529,40.31129,42.42641,42.52058,46.09772,48.27007,47.20169,46.75468,53.25411,53.82379,50.24938,56.22277,53.41348,56.85948,57.62812,57.68882,59.16925,63.51378,59.16925,58.30952,64.88451,63.06346,61.7171,65.79514,64.00781,70.66116,67.23095,68.62215,67.41662,67.6757,69.89278,72.23573,76.2168,75.9276,77.49194,79.12016,79.12016,79.55501,83.81527,75.9276,83.24062,85.61542,82.0061
14.31782,13.0,13.92839,13.0,13.0,12.08305,11.7047,11.7047,10.77033,10.44031,10.44031,10.44031,10.19804,10.19804,9.21954,9.21954,9.05539,9.05539,8.06226,9.05539,8.06226,8.0,8.06226,8.0,8.0,8.0,8.06226,8.06226,8.06226,8.06226,7.07107,7.07107,7.28011,7.28011,6.7082,6.7082,6.7082,5.83095,5.83095,5.0,5.65685,5.0,5.0,4.47214,4.47214,4.47214,4.12311,4.12311,3.16228,3.0,3.0,3.16228,78.79086,78.33901,77.20104,76.53757,77.36924,75.96052,68.96376,67.05222,65.52099,63.06346,63.56886,61.46544,62.03225,57.27128,58.18075,54.23099,58.18075,49.73932,51.31277,49.73932,50.47772,49.73932,44.40721,47.43416,47.20169,50.20956,46.40043,41.34005,40.0,47.01064,48.37355,42.2019,45.79301,40.70626,43.26662,35.35534,41.04875,38.94868,34.17601,36.76955,38.20995,32.01562,33.37664,32.75668,32.24903,26.07681,29.01724,22.0,24.33105,23.76973,23.34524,21.54066,17.88854,17.69181,21.93171,15.81139,17.69181,31.90611,30.52868,29.20616,28.30194,29.52965,30.01666,34.0,29.96665,37.58989,28.79236,34.43835,39.35734,34.78505,38.07887,39.39543,40.02499,43.65776,39.56008,43.93177,44.91102,48.50773,52.39275,50.28916,48.76474,51.97115,53.75872,51.62364,61.66036,57.55867,54.74486,61.20457,60.00833,56.0803,63.50591,60.20797,68.0,57.03508,63.00794,61.13101,67.36468,65.9242,67.60178,68.35934,70.61161,72.36712,69.92138,71.80529,75.96052,77.36924,78.44743,76.92204,82.71034,77.12976,78.58753,82.2253,83.1685,76.2168
14.56022,14.31782,14.31782,13.34166,13.34166,12.36932,12.16553,12.16553,12.16553,11.18034,11.18034,11.18034,11.04536,10.04988,10.0,10.0,10.0,10.0,10.04988,10.04988,9.05539,9.05539,9.0,9.05539,9.05539,9.05539,9.0,9.0,9.0,9.0,8.0,8.0,8.06226,8.06226,7.28011,7.28011,7.61577,6.7082,6.32456,5.83095,5.83095,5.0,5.0,4.24264,4.24264,3.60555,3.60555,3.60555,3.16228,2.23607,2.0,2.0,82.68011,81.8352,69.52697,74.88658,80.70936,65.51336,69.2026,64.40497,69.89278,61.58734,59.03389,60.60528,58.0,57.62812,56.40035,57.48913,56.58622,55.22681,53.00943,55.86591,46.09772,46.2277,43.18565,41.88078,42.43819,44.41846,49.81967,46.64762,46.04346,43.82921,43.01163,42.19005,40.22437,36.89173,43.86342,37.20215,41.04875,39.69887,40.31129,41.40048,41.03657,36.05551,33.28663,31.40064,30.41381,31.95309,29.06888,25.96151,21.37756,26.1725,23.02173,22.0,19.0263,19.0263,18.35756,17.46425,20.51828,31.95309,33.24154,32.89377,28.63564,33.24154,32.31099,29.73214,35.44009,31.7805,31.57531,34.20526,37.94733,34.23449,39.31921,41.30375,43.73786,39.45884,47.04253,40.0125,47.01064,48.01042,48.09366,55.08176,52.23983,52.00961,55.10898,58.00862,58.42089,59.5399,49.49747,62.80127,58.24946,56.7186,60.01666,65.0,66.4906,66.7308,65.14599,65.55151,71.16881,62.24147,73.00685,63.07139,69.35416,67.53518,70.66116,71.19691,74.30343,79.32213,85.23497,82.68011,81.8352,76.15773,83.21658,83.48653,77.00649,85.70298
13.60147,13.34166,13.34166,12.36932,12.36932,11.40175,12.16553,11.18034,10.19804,10.19804,10.04988,10.04988,10.04988,9.05539,9.0,9.0,9.05539,9.05539,8.06226,9.05539,8.06226,8.06226,8.06226,8.06226,8.06226,8.06226,8.06226,8.0,8.0,8.0,7.0,7.0,7.0,6.08276,6.08276,6.08276,6.32456,5.38516,5.38516,4.47214,4.47214,4.47214,4.24264,4.24264,3.60555,3.60555,3.16228,3.16228,3.16228,3.0,2.0,2.23607,81.8352,74.88658,75.21303,76.844,83.24062,75.21303,75.0,71.84706,67.62396,60.44005,62.00806,61.6198,60.10824,59.5483,55.31727,55.17246,60.82763,48.79549,55.44367,50.0,52.69725,43.04649,51.40039,48.02083,45.48626,48.60041,46.32494,42.63801,45.48626,42.19005,43.82921,43.909,38.60052,44.82187,45.22168,40.49691,39.82462,41.86884,41.86884,38.18377,35.35534,33.24154,33.28663,35.51056,31.38471,27.51363,25.4951,25.4951,23.4094,21.0238,20.09975,20.0,24.02082,17.11724,17.20465,16.15549,14.21267,31.32092,35.1141,31.01612,32.75668,32.31099,30.46309,28.4605,32.98485,32.01562,32.28002,33.24154,34.36568,38.63936,40.0125,43.41659,39.01282,41.19466,47.0,47.09565,51.0392,51.24451,49.0408,52.15362,57.03508,52.00961,55.08176,56.0803,56.88585,55.03635,57.31492,55.10898,59.84146,61.66036,62.16912,65.11528,63.06346,64.51356,68.70953,63.24555,68.62215,68.35203,67.97794,71.11259,68.942,74.79305,68.8767,68.96376,75.71658,74.09453,76.66159,83.21658,82.41966,83.76157,81.60882,84.59905,82.92768,83.48653
14.31782,14.31782,13.41641,13.0,13.41641,13.0,12.52996,12.08305,11.18034,10.29563,11.18034,10.81665,9.43398,9.43398,9.43398,10.0,9.21954,9.21954,9.21954,8.48528,9.21954,9.21954,9.21954,8.48528,8.48528,9.21954,9.21954,7.81025,7.81025,8.60233,7.2111,7.2111,8.06226,6.7082,7.61577,7.61577,7.28011,6.32456,6.08276,6.08276,6.08276,6.0,5.0,5.09902,5.09902,4.12311,4.12311,4.47214,4.47214,3.60555,3.60555,4.24264,81.84131,79.07591,77.52419,77.17513,74.94665,76.55717,68.8767,62.64982,66.64833,68.88396,61.84658,61.7414,55.9017,56.46238,55.36244,60.72891,52.55473,49.98,46.61545,51.78803,49.64877,46.32494,43.18565,52.17279,42.2019,48.25971,44.72136,39.31921,39.62323,44.28318,43.41659,40.4475,39.81206,40.60788,38.32754,39.92493,38.62642,37.0,37.33631,33.61547,34.88553,35.51056,36.40055,27.58623,29.06888,30.61046,25.4951,20.80865,26.07681,23.32381,20.24846,19.64688,24.33105,18.11077,18.11077,18.02776,13.92839,25.31798,32.98485,30.41381,31.95309,36.40055,30.67572,32.55764,33.61547,34.78505,32.31099,34.0147,41.14608,36.23534,38.48376,42.15448,42.94182,43.82921,44.72136,43.909,48.30114,47.42362,52.69725,48.54894,52.15362,58.18075,53.82379,57.98276,56.30275,60.46487,60.60528,60.0,62.28965,63.25346,66.52819,59.46427,66.21933,67.88225,65.76473,65.76473,64.53681,68.41053,69.40461,70.0,72.67049,73.60027,69.31811,72.71864,76.53757,74.09453,71.28113,75.47185,79.17702,76.48529,83.24062,80.26207,83.24062,90.73588
13.0384,13.0384,12.20656,12.20656,11.6619,11.6619,11.18034,10.29563,9.84886,9.84886,9.84886,9.84886,9.84886,8.94427,8.544,8.24621,9.21954,8.24621,8.24621,8.24621,8.24621,8.06226,8.06226,8.06226,8.24621,8.06226,8.06226,7.28011,7.28011,7.28011,7.28011,6.32456,6.32456,6.32456,6.32456,5.38516,5.83095,5.0,5.0,4.24264,4.24264,4.24264,3.60555,3.60555,3.60555,3.16228,3.16228,3.0,3.0,3.0,2.23607,2.23607,78.8543,82.0061,76.68768,71.16881,74.63243,73.4983,72.36712,68.41053,69.26038,63.95311,65.19202,60.53924,54.78138,60.16644,53.22593,56.82429,50.11986,51.62364,53.53504,48.25971,49.09175,41.18252,50.21952,43.18565,45.22168,48.16638,40.45986,48.60041,51.40039,40.22437,42.63801,42.19005,41.34005,44.65423,41.04875,40.24922,38.58756,37.44329,40.24922,38.07887,33.83785,33.83785,31.04835,31.257,32.01562,26.01922,27.07397,30.06659,23.76973,24.73863,23.4094,21.84033,21.84033,13.41641,14.76482,15.6205,16.27882,28.84441,33.42155,31.14482,35.0,32.01562,30.61046,33.01515,33.01515,32.52691,35.8469,33.61547,33.61547,40.70626,35.8469,38.91015,38.47077,42.19005,42.72002,44.94441,47.42362,51.47815,53.23533,49.39636,53.45091,52.20153,53.75872,55.15433,54.57105,57.56735,62.93648,54.91812,62.58594,59.4138,61.20457,62.80127,56.22277,58.07753,66.0,69.11584,62.39391,73.02739,65.19202,66.1211,72.56032,72.56032,69.06519,70.11419,70.71068,80.50466,76.11833,74.95332,80.06248,74.33034,78.08969,82.2253,81.32035,88.29496
14.42221,13.89244,14.42221,13.0384,13.0384,12.20656,12.20656,11.40175,11.40175,11.40175,11.40175,10.63015,10.63015,10.63015,9.89949,10.63015,9.21954,9.21954,9.21954,9.21954,9.21954,9.21954,9.21954,8.60233,9.21954,9.21954,8.60233,9.21954,9.21954,8.48528,8.48528,8.48528,7.81025,7.81025,7.81025,7.2111,7.2111,6.7082,6.7082,6.32456,5.38516,5.38516,5.09902,5.09902,5.09902,4.0,4.0,4.0,4.12311,3.16228,3.16228,3.16228,78.77182,80.05623,75.27284,75.76939,73.38937,68.42514,64.84597,66.12866,64.51356,65.78754,60.74537,57.56735,59.23681,56.75385,50.44799,52.88667,53.60037,49.49747,51.47815,43.0,49.0408,43.41659,54.03702,48.09366,45.17743,40.04997,43.01163,44.10215,45.39824,44.0,42.04759,40.0,39.05125,43.01163,41.01219,42.2019,38.32754,39.20459,35.17101,35.44009,34.9285,35.34119,26.41969,29.15476,31.30495,28.01785,24.41311,26.1725,25.4951,25.45584,21.0238,15.65248,17.88854,17.49286,15.81139,18.0,21.0238,30.67572,33.24154,31.32092,31.7805,30.08322,31.57531,32.01562,32.98485,34.0147,38.01316,37.94733,39.39543,40.70626,38.48376,44.29447,42.54409,41.67733,45.61798,46.64762,48.25971,49.24429,51.31277,54.08327,53.53504,52.20153,53.60037,60.44005,54.56189,57.62812,63.03174,58.41233,62.2254,62.28965,62.24147,60.87693,59.4138,63.25346,68.0147,65.60488,71.84706,70.83078,69.89278,70.45566,74.62573,69.33974,65.8635,67.1193,75.58439,78.29432,72.8011,79.40403,79.84986,80.06248,80.41144,77.62087,79.37884,88.23831
13.0,13.0,12.08305,13.0,12.08305,12.08305,11.18034,10.29563,10.29563,9.43398,9.43398,9.43398,9.43398,9.43398,8.60233,9.21954,8.48528,7.81025,8.48528,8.48528,7.81025,7.81025,7.07107,7.07107,7.07107,7.07107,7.07107,7.81025,7.81025,6.40312,7.2111,6.40312,5.83095,6.7082,5.83095,5.38516,5.38516,5.38516,5.38516,5.09902,4.0,4.0,4.0,4.12311,3.16228,3.16228,3.60555,3.60555,2.82843,2.82843,2.82843,3.16228,77.42093,84.50444,79.88116,71.40028,70.0,71.70077,70.80254,68.00735,65.8635,61.29437,61.07373,56.30275,62.1289,55.9464,55.22681,52.3259,52.20153,51.62364,52.0,48.33218,52.0,46.61545,52.49762,46.32494,45.60702,45.89118,42.05948,49.0408,46.57252,42.72002,42.72002,38.07887,40.02499,39.29377,35.1141,38.63936,35.8469,38.07887,40.24922,36.40055,36.61967,28.42534,28.3196,30.23243,24.75884,29.73214,27.78489,27.65863,20.24846,20.24846,25.0,17.72005,18.97367,18.02776,18.02776,17.88854,19.69772,30.01666,33.01515,31.01612,32.14032,35.35534,28.0,28.07134,32.24903,34.0,36.0,39.20459,39.31921,41.59327,38.63936,34.20526,41.97618,41.59327,41.78516,42.72002,52.49762,51.07837,46.09772,48.70318,53.7122,50.32892,58.87274,56.30275,53.48832,60.90156,53.22593,54.56189,61.77378,61.26989,66.24198,64.89992,58.66856,63.28507,64.2028,67.26812,63.25346,68.0147,67.20863,65.79514,72.91776,66.06815,65.0,68.88396,72.24957,73.24616,76.41989,74.8131,77.46612,76.55064,75.9276,83.24062,83.00602,75.28612
13.60147,13.60147,13.0384,12.80625,12.20656,12.20656,12.20656,10.81665,10.81665,10.29563,10.29563,10.29563,9.84886,9.84886,9.84886,9.84886,9.48683,8.544,8.544,8.544,8.544,8.544,8.544,8.24621,8.544,8.544,8.544,8.544,8.544,7.61577,7.61577,7.61577,6.7082,7.2111,6.40312,6.40312,6.40312,5.65685,5.65685,5.0,5.0,5.0,4.47214,4.47214,3.16228,3.16228,3.16228,3.0,3.0,2.0,2.0,2.23607,77.10383,81.30191,77.23341,75.23962,77.10383,74.24284,68.06614,67.36468,67.1193,63.50591,67.1193,65.06919,61.0082,51.0098,60.03332,60.13319,52.03845,53.33854,51.35173,52.23983,48.83646,50.63596,45.35416,42.44997,47.29693,40.26164,48.50773,41.23106,46.84015,43.56604,46.32494,46.69047,38.47077,39.81206,40.26164,39.01282,41.04875,36.12478,38.11824,38.0,38.20995,31.04835,31.04835,30.67572,29.12044,29.54657,27.29469,26.83282,22.82542,22.2036,24.83948,25.45584,18.86796,17.46425,15.81139,21.09502,18.78829,30.61046,33.30165,31.89044,31.82766,29.73214,31.14482,34.65545,32.01562,36.40055,34.05877,36.79674,39.05125,35.80503,44.65423,44.20407,42.72002,47.80167,44.65423,46.87217,49.92995,48.76474,52.15362,50.60632,51.88449,47.70744,54.58938,55.22681,62.64982,55.54278,62.6099,57.27128,59.09315,61.32699,60.00833,60.92618,66.09841,66.76077,66.12866,66.76077,69.42622,69.2315,68.88396,71.06335,68.46897,71.84706,66.27217,70.03571,75.80237,77.64664,73.43705,72.56032,80.05623,85.14693,76.1643,84.00595,84.38009,82.1523
13.15295,13.0384,13.0384,12.16553,12.04159,12.04159,11.04536,11.04536,11.0,10.0,10.0,10.04988,9.05539,9.05539,9.05539,9.05539,9.21954,9.21954,8.24621,8.24621,8.24621,8.24621,8.24621,8.24621,8.24621,8.24621,8.24621,7.07107,7.07107,7.07107,7.07107,7.07107,7.0,6.0,6.0,6.0,6.08276,5.09902,5.09902,4.12311,4.47214,4.47214,3.60555,3.60555,3.60555,2.82843,2.82843,3.16228,2.23607,2.23607,2.23607,2.0,82.32861,82.41966,75.9276,78.1025,79.93122,72.47068,74.8131,66.0303,73.10951,62.28965,62.24147,62.24147,60.10824,58.72819,54.67175,58.0517,55.44367,51.66237,47.80167,42.72002,50.47772,49.64877,46.87217,48.25971,42.43819,46.87217,48.54894,44.94441,48.8774,46.06517,46.06517,44.29447,49.64877,39.11521,41.04875,39.20459,43.56604,44.41846,38.94868,36.23534,35.60899,29.06888,32.80244,29.68164,30.01666,24.69818,21.54066,31.30495,24.08319,23.08679,24.02082,19.0263,22.02272,18.02776,17.11724,16.12452,16.64332,34.48188,29.41088,31.62278,28.16026,33.95585,30.08322,30.67572,33.54102,33.73426,33.01515,36.34556,38.20995,37.01351,38.11824,40.31129,42.29657,42.04759,38.01316,43.01163,53.0,49.0,48.04165,49.25444,53.46027,57.14018,57.55867,55.44367,54.91812,61.84658,55.44367,62.16912,63.34824,58.94065,62.93648,62.36185,68.00735,62.03225,65.9242,66.70832,70.26379,67.23095,66.70832,66.30988,72.49828,65.0,75.45197,77.80103,74.63243,80.44874,77.17513,79.61156,82.32861,79.05694,79.20227,79.61156,77.00649,82.66196
15.26434,14.42221,14.42221,13.89244,13.89244,13.0384,13.0384,12.20656,12.20656,11.40175,11.40175,11.40175,11.40175,10.63015,10.63015,10.63015,9.89949,9.89949,9.89949,9.89949,9.89949,9.21954,9.21954,9.21954,9.21954,9.21954,9.21954,9.21954,8.48528,8.48528,8.48528,8.48528,7.81025,7.81025,7.2111,7.2111,7.2111,6.7082,6.7082,6.32456,5.38516,5.38516,5.09902,5.09902,5.09902,4.0,4.0,4.0,4.12311,3.16228,3.16228,2.23607,87.66413,78.54935,79.47956,74.94665,76.55717,72.91776,68.30813,73.05477,67.05222,63.24555,59.90826,59.77458,60.08328,53.16014,56.30275,50.44799,53.75872,49.24429,48.83646,49.64877,52.08647,47.07441,46.09772,46.27094,46.17359,47.04253,42.04759,46.17359,43.10452,45.09989,41.4367,42.19005,43.18565,41.30375,39.62323,37.48333,42.95346,40.0125,35.44009,37.69615,33.54102,34.66987,30.8707,29.15476,29.52965,29.83287,23.43075,29.06888,22.80351,20.61553,21.63331,23.76973,17.08801,14.86607,17.11724,19.10497,17.02939,29.52965,29.73214,29.15476,27.73085,31.7805,36.24914,31.76476,32.24903,35.22783,37.44329,37.73592,38.47077,38.28838,43.01163,41.40048,43.27817,44.68781,45.60702,46.8615,45.34314,53.07542,52.40229,56.63921,52.34501,54.48853,55.15433,59.03389,58.69412,60.82763,62.24147,57.31492,64.3506,61.22091,64.66065,63.82006,65.60488,66.03787,71.02816,68.26419,68.50547,69.06519,72.20111,71.69379,76.02631,72.44998,72.11103,70.93659,78.18568,80.95678,76.89603,80.99383,83.00602,81.5414,80.05623,84.8646,75.96052,85.61542
15.0,14.0,14.0,13.0384,14.0,12.0,13.0,12.0,12.0,11.04536,11.04536,11.04536,11.04536,10.04988,10.04988,10.19804,10.19804,10.19804,9.21954,9.21954,9.21954,9.21954,9.21954,9.21954,9.21954,9.21954,9.21954,9.05539,8.06226,8.06226,8.06226,8.06226,8.0,7.0,8.0,7.07107,7.07107,6.08276,6.32456,5.38516,6.32456,5.38516,5.83095,5.0,5.0,5.0,4.24264,4.24264,3.60555,3.60555,3.60555,3.16228,77.07788,70.83784,85.56284,77.15569,73.59348,72.83543,66.52819,65.76473,59.4138,67.94115,63.03174,59.20304,65.19202,55.44367,54.03702,50.21952,55.75841,49.57822,52.47857,47.16991,47.42362,42.54409,49.64877,49.73932,44.40721,43.56604,43.9659,41.62932,44.38468,44.94441,39.84972,41.23106,39.44617,43.26662,36.71512,41.86884,36.12478,41.86884,36.06938,34.71311,32.01562,33.97058,30.4795,29.41088,30.41381,26.0,28.6531,24.59675,25.07987,22.02272,22.09072,19.0263,16.76305,18.38478,17.11724,18.35756,18.38478,31.257,33.01515,29.27456,38.0,30.06659,31.01612,31.14482,31.06445,37.01351,36.01389,35.0571,40.1995,41.59327,40.60788,48.27007,41.10961,46.17359,40.31129,47.12749,46.69047,47.12749,52.95281,53.16014,50.96077,51.5461,56.36488,59.46427,59.80803,52.92447,64.07808,56.46238,64.4748,60.92618,64.40497,62.16912,62.64982,60.03332,64.00781,67.1193,70.72482,74.70609,67.26812,70.21396,71.28113,76.6942,72.34639,70.00714,80.62258,78.51751,79.24645,74.96666,78.49204,83.54639,72.13876,81.34494,85.58621,82.07314
14.31782,12.36932,13.34166,13.34166,12.36932,11.40175,11.40175,10.44031,10.44031,10.44031,10.44031,9.48683,9.84886,9.84886,8.94427,8.94427,8.06226,8.94427,8.06226,8.60233,8.06226,8.60233,8.06226,8.60233,8.06226,7.2111,7.2111,8.06226,7.2111,7.2111,6.7082,6.7082,7.61577,6.32456,6.32456,6.32456,6.08276,6.0,5.0,5.0,5.09902,4.12311,4.12311,4.12311,3.60555,3.60555,3.60555,3.60555,2.82843,2.82843,3.16228,3.16228,80.49845,83.35466,80.77747,72.49828,76.15773,74.24284,74.24284,70.93659,70.38466,68.02941,63.69458,63.56099,65.9242,59.48109,50.96077,53.14132,59.13544,56.32051,53.16014,52.49762,47.67599,49.47727,46.69047,47.67599,44.55334,46.38965,41.97618,43.0,43.28972,43.56604,41.7732,42.57934,44.91102,46.09772,43.93177,39.81206,40.16217,43.65776,38.47077,37.16181,35.77709,32.64966,28.84441,35.60899,33.6006,26.1725,28.6007,22.80351,23.08679,23.70654,24.18677,19.23538,17.02939,16.49242,18.0,16.0,13.34166,36.13862,34.17601,32.57299,31.38471,32.69557,34.53983,30.88689,34.1321,36.67424,33.10589,37.16181,42.94182,38.07887,35.35534,38.83298,44.10215,45.27693,46.64762,48.60041,47.70744,48.16638,52.49762,50.0,55.60576,54.67175,55.86591,52.63079,56.63921,57.98276,59.46427,57.98276,62.93648,59.4138,68.593,67.62396,65.29931,70.0928,70.60453,66.57327,67.42403,69.63476,69.11584,76.32169,76.66159,70.83078,73.1642,76.66159,74.32362,77.89737,81.84131,81.15417,80.05623,76.53757,83.72574,83.7735,85.70298,89.05055
12.16553,12.16553,12.36932,12.16553,12.36932,11.18034,11.18034,10.19804,10.44031,10.44031,9.48683,9.48683,9.48683,8.544,8.544,8.94427,8.06226,8.06226,8.06226,8.06226,8.06226,8.06226,8.06226,7.2111,8.06226,7.2111,7.2111,7.2111,6.7082,6.7082,6.7082,6.32456,6.32456,6.32456,5.09902,6.08276,6.08276,5.0,5.0,5.0,4.12311,4.12311,4.12311,3.60555,3.60555,3.60555,3.60555,2.82843,2.82843,3.60555,3.16228,3.16228,77.89737,85.75547,76.66159,83.86298,78.89233,69.46222,74.70609,69.33974,62.17717,70.66116,61.40033,59.03389,62.76942,60.00833,54.12024,57.58472,58.18935,49.33559,50.96077,52.49762,47.43416,44.27189,48.50773,48.83646,48.27007,43.17407,47.85394,41.59327,44.18144,43.93177,42.75512,43.68066,43.73786,43.41659,36.13862,37.85499,37.94733,39.29377,39.81206,34.98571,33.01515,35.60899,29.15476,28.6531,26.1725,29.73214,28.3196,26.1725,27.20294,21.9545,19.23538,17.0,21.84033,16.49242,19.10497,12.16553,14.0,28.16026,30.08322,30.36445,29.27456,35.17101,30.41381,31.32092,32.31099,35.73514,35.4683,37.94733,34.43835,37.16181,37.94733,39.56008,38.62642,42.04759,40.71855,42.54409,49.1935,49.64877,49.1935,48.37355,51.0392,52.15362,51.0392,58.00862,58.00862,53.90733,61.6198,51.86521,59.20304,60.44005,58.13777,67.88225,59.5483,65.76473,64.3506,62.482,68.41053,71.70077,66.48308,66.70832,70.43437,67.62396,70.0,69.40461,75.29276,70.49113,78.29432,76.8505,77.41447,74.79305,81.85964,83.24062,78.29432,87.81799
13.15295,12.04159,13.0384,13.0384,12.04159,11.04536,11.04536,11.0,11.0,10.0,10.0,10.0,10.04988,9.0,9.05539,9.05539,8.06226,8.06226,8.24621,8.24621,8.24621,8.24621,8.24621,8.24621,8.24621,7.28011,7.28011,7.28011,7.28011,7.07107,7.0,7.07107,7.0,7.0,6.08276,6.08276,5.09902,5.09902,5.38516,5.38516,4.47214,4.47214,4.47214,4.24264,4.24264,3.60555,3.60555,3.60555,3.16228,3.16228,3.16228,3.0,81.32035,74.51845,78.56844,82.03658,74.24958,74.24958,67.20863,69.29646,62.28965,63.70243,62.28965,59.46427,60.81118,50.93133,56.72742,53.90733,56.0357,54.3783,55.0,48.37355,46.14109,41.67733,50.08992,48.30114,48.37355,46.09772,45.61798,46.61545,42.54409,47.41308,41.62932,42.54409,41.10961,38.47077,41.40048,37.21559,36.23534,37.44329,38.27532,31.14482,34.05877,34.71311,29.69848,27.78489,30.61046,25.4951,26.0,22.47221,22.13594,23.5372,21.54066,17.0,21.09502,16.27882,19.10497,16.12452,11.04536,31.01612,33.13608,32.06244,29.83287,30.26549,29.15476,34.0,34.05877,34.36568,37.12142,34.0,39.01282,34.0147,36.05551,42.19005,41.04875,46.87217,40.31129,48.76474,46.32494,42.44997,51.41984,52.17279,48.50773,53.14132,53.16014,56.51548,57.00877,56.921,60.72891,54.40588,60.41523,61.09828,61.32699,65.79514,60.41523,64.41273,68.0,69.11584,67.41662,68.24222,73.00685,74.94665,70.60453,68.60029,78.64477,74.02702,79.20227,74.65253,74.33034,73.59348,81.32035,78.51751,80.80842,82.807,82.87943,82.807
13.60147,13.60147,13.34166,13.34166,12.36932,12.36932,12.36932,11.40175,11.18034,11.18034,11.18034,11.18034,10.04988,10.04988,10.04988,10.0,9.0,9.0,9.0,9.05539,9.0,9.05539,9.0,9.05539,9.05539,8.0,8.0,8.0,8.0,8.0,8.0,8.0,7.07107,7.07107,7.07107,6.08276,6.32456,6.32456,5.38516,5.38516,5.38516,4.47214,4.47214,3.60555,4.24264,2.82843,3.60555,2.82843,2.82843,2.23607,2.23607,2.0,77.47258,74.84651,85.0,76.89603,71.30919,73.53911,63.69458,67.54258,63.15853,66.48308,63.50591,57.69749,60.83584,51.62364,58.13777,54.3783,50.21952,44.68781,46.32494,48.37355,53.00943,50.0,44.59821,44.55334,41.23106,42.52058,44.04543,44.59821,40.45986,46.01087,42.80187,45.60702,41.03657,41.03657,38.01316,39.66106,31.06445,36.89173,36.71512,34.17601,32.28002,30.46309,30.41381,27.29469,24.73863,30.06659,29.42788,22.2036,24.02082,25.96151,21.84033,20.12461,13.60147,18.60108,19.72308,18.60108,16.64332,30.36445,32.75668,30.80584,32.57299,28.79236,32.89377,34.20526,30.67572,34.20526,32.75668,33.54102,40.79216,40.02499,35.90265,39.81206,41.19466,51.41984,42.29657,48.16638,47.04253,44.10215,52.00961,50.01,54.03702,53.23533,55.0,53.33854,59.0,54.03702,59.4138,56.0803,63.3877,59.84146,56.22277,66.75328,63.78871,61.18823,68.44706,67.26812,68.96376,65.96969,71.16881,72.73239,63.24555,73.68175,75.6439,69.857,74.73286,74.94665,72.91776,79.70571,77.47258,82.29216,78.79086,86.31338,89.0,82.63776
12.80625,12.80625,12.80625,12.80625,11.40175,11.40175,10.63015,10.63015,10.63015,9.89949,9.89949,9.21954,9.21954,8.48528,9.21954,8.60233,8.60233,8.60233,8.60233,8.60233,7.2111,7.2111,8.06226,7.2111,8.06226,7.2111,7.2111,7.2111,7.2111,7.2111,6.40312,6.40312,5.65685,5.65685,5.65685,5.0,5.0,5.0,4.47214,4.47214,4.12311,4.12311,4.12311,3.0,3.0,3.0,3.16228,3.16228,3.16228,3.60555,2.82843,2.23607,80.41144,78.1025,81.49233,71.19691,73.97973,66.21933,74.2159,68.44706,67.89698,62.64184,61.18823,62.96825,58.0517,56.7186,50.63596,47.26521,57.27128,56.0357,48.16638,48.6621,50.0,43.04649,46.17359,48.01042,46.01087,49.36598,41.30375,44.18144,44.18144,44.18144,41.0,38.01316,40.0,42.04759,37.12142,40.31129,36.34556,34.23449,36.34556,35.69314,29.83287,30.67572,31.62278,30.08322,29.96665,25.05993,23.85372,26.07681,18.60108,19.72308,20.80865,17.88854,15.65248,18.78829,11.40175,15.0333,13.15295,26.1725,30.4795,29.0,29.83287,29.0,28.3196,30.41381,30.41381,30.4795,35.38361,35.38361,35.80503,34.71311,39.82462,37.80212,40.45986,39.66106,46.04346,44.94441,49.24429,44.10215,51.40039,49.81967,49.64877,50.53712,54.626,52.92447,54.70832,59.16925,56.79789,53.85165,60.37384,63.06346,62.24147,60.92618,63.15853,66.40783,63.89053,66.7308,66.76077,74.46476,67.46851,68.88396,72.56721,65.52099,77.62087,69.12308,72.69113,81.88406,82.20097,82.8734,74.43118,74.52516,77.10383,79.6304,82.0,87.13208
13.60147,13.60147,13.0384,13.0384,12.20656,12.20656,12.20656,10.81665,10.81665,10.29563,10.29563,10.29563,9.84886,9.84886,8.94427,9.84886,9.48683,8.544,8.544,8.544,8.544,8.24621,7.61577,8.24621,8.24621,8.24621,7.61577,7.61577,7.28011,7.61577,6.7082,6.7082,6.7082,6.7082,6.40312,6.40312,6.40312,5.65685,5.0,5.0,5.0,4.47214,4.47214,4.47214,4.12311,4.12311,4.0,4.0,3.0,3.16228,3.16228,3.16228,77.36924,79.9062,78.64477,75.50497,79.62412,72.36712,65.96969,70.60453,65.73431,68.44706,61.61169,64.03124,61.39218,55.08176,57.56735,53.48832,48.70318,47.75982,48.75449,50.56679,51.89412,46.95743,43.56604,47.16991,40.49691,44.65423,45.65085,43.26662,39.82462,47.01064,36.61967,42.95346,38.47077,36.05551,41.23106,36.24914,37.33631,33.61547,35.1141,34.9285,37.33631,31.04835,32.0,31.01612,26.07681,25.4951,27.29469,25.29822,24.35159,20.24846,21.54066,20.59126,17.69181,16.27882,15.26434,13.89244,14.76482,30.8707,34.48188,31.30495,35.4683,28.63564,27.29469,30.8707,29.61419,31.01612,32.28002,40.31129,37.16181,40.5216,38.32754,41.10961,42.44997,45.60702,44.94441,45.09989,50.80354,49.0408,42.75512,57.55867,51.78803,51.5461,52.7731,58.69412,56.7186,55.7315,62.20129,59.07622,60.20797,58.03447,59.07622,64.03124,66.06815,59.07622,71.34424,66.1211,64.28063,66.27217,71.56815,73.68175,70.40597,71.25307,73.08215,75.80237,82.76473,80.80842,75.0,70.40597,81.02469,80.80842,81.78631,82.71034,78.16009,84.77028
14.31782,14.31782,13.41641,13.41641,13.41641,12.52996,11.6619,11.6619,11.6619,10.81665,10.81665,10.81665,10.81665,10.0,10.0,9.21954,9.21954,9.21954,9.21954,9.21954,9.21954,9.21954,8.48528,8.48528,8.48528,8.48528,8.48528,8.48528,7.81025,7.81025,7.81025,7.81025,7.81025,7.2111,6.7082,6.7082,6.7082,6.7082,6.32456,5.38516,5.09902,5.09902,5.09902,4.12311,4.0,4.0,4.0,4.12311,3.16228,3.16228,2.23607,2.23607,76.8505,80.44874,83.81527,75.45197,76.6094,72.11103,73.00685,68.00735,68.09552,62.36986,62.76942,64.14047,55.75841,53.33854,53.85165,57.3062,53.33854,47.16991,50.15974,47.75982,45.18849,47.53946,46.32494,43.32436,48.83646,45.88028,46.17359,43.17407,43.17407,41.48494,37.0,43.01163,39.56008,36.49658,39.21734,38.8973,37.0,33.28663,33.83785,32.64966,34.98571,31.14482,31.40064,23.34524,26.24881,27.20294,24.69818,22.2036,19.69772,25.29822,20.09975,17.46425,20.02498,15.13275,15.13275,17.72005,13.15295,30.08322,31.257,31.30495,30.80584,26.92582,34.9285,32.55764,30.08322,33.24154,35.44009,40.16217,39.84972,39.81206,43.38202,44.29447,44.72136,44.72136,44.29447,49.39636,46.64762,47.70744,53.85165,52.7731,56.60389,52.15362,58.83026,57.14018,62.68174,61.03278,64.40497,58.25805,68.11755,62.482,62.482,67.94115,65.79514,62.96825,65.76473,70.00714,67.47592,73.0,65.94695,67.94115,74.02702,71.40028,69.2026,72.62231,77.69813,81.30191,85.14693,80.21222,79.40403,82.49242,79.32213,91.06591,83.00602,81.27115
14.42221,13.0384,13.60147,12.20656,12.20656,11.40175,11.40175,11.40175,11.40175,10.63015,10.63015,10.63015,9.89949,9.21954,9.21954,9.89949,9.21954,9.21954,8.60233,8.60233,8.60233,8.60233,8.60233,8.06226,8.06226,8.60233,8.60233,7.81025,7.2111,7.81025,6.40312,6.40312,6.40312,6.40312,6.40312,6.40312,5.83095,5.0,5.0,4.47214,4.47214,4.47214,4.12311,3.16228,3.16228,3.0,3.0,3.0,2.0,2.23607,2.23607,1.41421,79.47956,83.67198,83.7735,79.05694,75.02666,68.02941,66.48308,71.30919,65.74192,70.93659,66.30988,62.62587,57.97413,54.12947,55.36244,54.34151,58.5235,47.80167,45.12206,53.33854,52.23983,47.38143,45.70558,44.04543,43.18565,45.27693,44.18144,40.04997,44.01136,44.01136,41.30375,39.31921,37.48333,45.27693,41.59327,36.67424,38.07887,38.83298,31.04835,38.07887,32.31099,31.90611,28.6007,34.1321,25.45584,29.83287,23.34524,23.60085,26.40076,21.26029,23.02173,19.20937,17.11724,18.43909,12.36932,15.13275,13.0384,31.7805,28.6531,29.54657,26.40076,29.54657,31.38471,29.96665,29.20616,33.83785,35.51056,36.35932,39.11521,37.73592,37.44329,41.23106,45.34314,46.69047,41.40048,45.25483,46.69047,47.42362,50.20956,50.9902,51.66237,46.01087,56.58622,53.75872,59.64059,60.10824,59.39697,58.60034,61.6198,57.80138,61.85467,62.62587,64.14047,63.24555,71.02112,64.63745,62.43397,67.23095,68.44706,73.3553,70.68239,71.11962,76.55064,73.1642,78.92401,76.2168,77.62087,82.28001,80.77747,80.99383,79.12016,78.84795,86.97701,85.09407
13.89244,13.89244,13.41641,12.52996,12.52996,11.6619,11.18034,11.18034,11.18034,10.77033,10.29563,9.84886,9.84886,9.48683,9.48683,9.48683,9.48683,8.544,8.24621,8.24621,8.24621,8.24621,8.24621,8.06226,8.24621,8.24621,7.28011,7.28011,7.61577,7.61577,6.7082,6.7082,6.7082,6.7082,6.40312,6.40312,6.40312,5.65685,5.65685,5.0,5.0,4.47214,4.47214,4.12311,4.12311,4.12311,4.0,4.0,3.0,3.16228,3.16228,3.16228,78.74643,79.69944,74.33034,77.20104,77.88453,70.61161,73.5459,64.84597,69.37579,61.68468,62.58594,58.87274,65.19202,54.23099,54.78138,55.9464,51.88449,48.75449,51.0,53.33854,48.37355,46.32494,46.04346,43.60046,39.35734,43.56604,49.09175,39.96248,43.82921,45.27693,45.60702,44.41846,41.88078,38.07887,41.67733,40.49691,36.24914,38.91015,32.89377,32.89377,34.71311,34.20526,26.4764,28.01785,25.17936,27.01851,24.18677,25.4951,24.35159,22.36068,18.02776,19.72308,15.6205,13.45362,14.42221,14.21267,13.0,30.8707,28.6531,31.38471,28.84441,31.90611,29.68164,32.24903,28.4605,29.73214,34.88553,37.16181,36.40055,40.80441,34.78505,42.72002,37.64306,43.41659,45.70558,41.48494,44.40721,45.27693,49.0306,51.97115,48.08326,52.95281,54.14795,56.32051,57.87055,61.0,56.00893,62.07254,59.03389,60.13319,60.03332,64.07027,68.06614,66.1211,65.19202,68.11755,70.40597,68.593,76.15773,70.40597,73.76313,67.46851,76.65507,75.0,76.844,82.0061,79.37884,74.33034,82.96987,76.15773,82.86133,82.56513,77.83315,82.21922
13.0384,13.0,13.0384,12.0,12.04159,11.0,11.04536,11.04536,10.04988,10.04988,10.04988,9.21954,9.21954,9.21954,9.21954,8.24621,8.24621,8.24621,8.24621,8.544,7.61577,7.61577,7.28011,7.61577,7.61577,7.61577,7.28011,7.28011,7.28011,6.08276,6.08276,7.07107,6.08276,6.0,6.0,6.0,5.09902,5.0,5.09902,5.09902,4.47214,4.47214,4.47214,3.60555,3.60555,2.82843,3.60555,2.82843,3.16228,3.16228,3.16228,3.0,85.04117,79.9062,79.20859,77.7946,72.12489,75.69016,72.86288,71.42129,65.05382,67.17887,58.79626,63.65532,63.65532,51.66237,55.44367,54.56189,55.0,51.31277,53.82379,46.87217,49.40648,49.20366,51.97115,49.24429,45.22168,43.04649,42.05948,41.23106,46.14109,42.48529,42.43819,45.22168,39.82462,46.14109,39.20459,42.63801,36.40055,35.60899,35.38361,32.52691,34.20526,38.41875,32.64966,28.6007,29.68164,31.06445,27.29469,20.61553,25.96151,21.09502,21.09502,19.0263,14.03567,14.31782,12.08305,15.23155,12.04159,29.15476,30.0,26.07681,31.01612,29.06888,34.0147,28.16026,31.06445,31.06445,33.37664,35.35534,30.26549,36.34556,37.21559,36.40055,36.68787,36.40055,42.72002,43.01163,41.76123,44.27189,52.20153,47.92703,51.07837,51.07837,54.56189,50.56679,56.35601,54.12947,59.5399,53.66563,62.6099,63.06346,60.82763,59.07622,61.91123,59.36329,62.1289,66.6033,65.29931,71.06335,70.43437,71.8401,72.18033,74.65253,70.0928,75.69016,72.86288,74.51845,79.24645,81.32035,80.65978,83.54639,75.82216,77.07788,85.63294,89.80535
14.86607,13.45362,13.45362,13.45362,12.80625,12.04159,12.04159,12.04159,11.40175,10.81665,10.81665,10.81665,10.29563,10.29563,9.43398,10.29563,10.29563,8.94427,8.94427,8.94427,8.94427,8.94427,8.94427,8.544,8.544,8.94427,8.94427,7.61577,7.61577,8.06226,8.06226,7.2111,7.2111,7.2111,6.40312,6.40312,5.65685,5.65685,5.0,5.0,5.0,4.47214,4.47214,4.12311,3.16228,3.16228,3.0,3.0,2.0,2.0,2.23607,2.23607,75.32596,86.14523,78.08969,76.53104,88.27797,73.5527,71.44928,70.5762,67.36468,65.27634,64.49806,68.593,61.07373,62.28965,58.03447,55.00909,45.01111,52.08647,49.09175,55.10898,50.24938,51.78803,44.40721,49.81967,47.16991,46.87217,50.80354,45.54119,46.87217,47.12749,47.53946,39.81206,44.72136,36.49658,40.4475,41.0,38.01316,33.01515,37.12142,37.0,35.51056,36.13862,33.24154,28.16026,24.04163,33.61547,22.82542,27.45906,24.04163,22.82542,20.51828,22.2036,20.80865,18.38478,16.27882,14.31782,13.60147,33.24154,29.41088,34.20526,28.30194,32.20248,29.73214,32.55764,29.83287,31.89044,34.05877,36.87818,41.10961,36.87818,39.05125,37.20215,43.26662,42.80187,50.60632,43.56604,46.04346,48.82622,47.16991,57.80138,53.66563,46.52956,54.91812,61.7171,51.42956,63.50591,54.12947,60.92618,56.85948,63.07139,55.65968,68.54196,62.62587,70.88018,71.16881,68.88396,68.24954,60.44005,73.34848,69.857,79.24645,69.11584,81.88406,81.58431,79.9062,81.04937,82.73452,80.1561,91.13726,82.03658,91.35097,92.0489,73.33485,91.5478
13.60147,13.60147,12.80625,13.0384,12.20656,11.40175,11.40175,10.63015,10.63015,10.63015,9.89949,9.89949,9.89949,9.21954,8.48528,9.21954,8.60233,7.81025,8.60233,7.81025,7.81025,7.81025,7.2111,8.06226,7.81025,7.2111,7.2111,7.81025,7.07107,6.40312,7.07107,7.07107,6.40312,6.40312,5.83095,5.83095,5.83095,4.47214,5.38516,4.47214,4.12311,4.12311,4.0,3.0,3.0,3.16228,3.16228,3.60555,2.82843,2.82843,2.82843,2.23607,84.17244,83.54639,79.42921,77.27872,74.96666,74.33034,74.96666,64.93843,67.08204,61.40033,59.5399,58.07753,56.56854,56.22277,55.00909,54.0,56.56854,54.33231,51.0392,50.01,44.04543,49.25444,48.09366,45.89118,49.09175,45.04442,46.01087,47.38143,47.67599,42.29657,37.85499,40.60788,44.55334,43.18565,37.12142,42.04759,44.10215,33.01515,37.12142,31.57531,36.49658,30.59412,27.20294,30.36445,30.08322,27.73085,22.47221,20.61553,21.40093,18.38478,18.86796,17.49286,13.92839,18.35756,14.86607,13.41641,13.92839,34.4093,33.12099,28.01785,27.78489,29.73214,33.42155,31.38471,29.52965,30.80584,30.41381,29.0,35.35534,36.06938,36.23534,39.05125,36.87818,37.48333,41.01219,41.86884,42.63801,40.0,48.41487,48.01042,49.09175,53.82379,50.08992,46.64762,53.85165,55.56978,58.13777,57.98276,59.94164,61.32699,63.13478,62.64982,61.32699,59.80803,65.78754,59.77458,71.47027,69.89278,65.0,68.15424,72.56721,64.56005,70.61161,71.30919,77.87811,81.88406,78.08969,77.10383,78.40918,79.42921,72.78049,85.47514,84.0119,85.70881
14.03567,13.0384,13.0384,13.15295,12.04159,12.04159,12.04159,12.0,11.0,10.0,10.0,10.04988,10.04988,9.05539,9.05539,9.05539,9.21954,9.21954,8.24621,8.24621,8.24621,8.24621,8.24621,8.24621,8.24621,8.24621,8.24621,7.07107,7.07107,7.28011,7.07107,7.07107,6.0,6.0,6.0,6.0,6.08276,5.09902,5.09902,4.12311,4.47214,4.47214,3.60555,3.60555,2.82843,2.82843,2.82843,2.23607,2.23607,2.0,2.0,2.0,81.43709,79.71198,81.02469,77.82031,70.3278,72.94518,68.02941,74.68601,64.40497,63.63175,60.82763,62.26556,63.82006,53.66563,56.40035,54.08327,54.6443,54.81788,53.60037,48.27007,51.08816,49.57822,50.20956,46.01087,48.79549,48.10405,44.04543,48.83646,43.13931,42.2019,42.63801,46.01087,41.01219,43.13931,38.94868,43.13931,40.45986,41.23106,34.98571,35.35534,38.58756,32.64966,31.62278,26.92582,29.73214,23.08679,22.36068,21.2132,24.02082,22.02272,20.24846,23.0,20.88061,18.78829,17.26268,15.26434,19.41649,31.38471,33.28663,30.23243,32.20248,36.89173,30.23243,30.23243,31.76476,32.24903,36.67424,34.48188,31.01612,41.10961,37.33631,39.84972,34.43835,37.94733,42.10701,45.70558,42.2019,42.95346,46.87217,45.17743,49.81967,54.23099,52.15362,56.0803,55.08176,54.00926,55.03635,53.00943,61.07373,61.13101,64.28063,68.18358,63.50591,67.26812,65.30697,62.8172,70.83078,72.36712,69.92138,69.26038,72.12489,71.16881,75.13322,77.82031,74.09453,85.90693,81.59657,84.50444,81.41253,88.23831,79.15807,88.25531,85.49269,86.92526
14.56022,13.60147,13.60147,13.60147,13.60147,12.64911,12.64911,12.64911,11.7047,10.77033,10.77033,11.18034,9.84886,10.29563,8.94427,10.29563,9.43398,9.43398,8.60233,9.43398,8.60233,8.60233,9.43398,8.60233,8.60233,8.60233,8.06226,8.06226,8.06226,8.06226,6.7082,7.61577,7.61577,7.28011,7.28011,7.28011,7.07107,6.08276,6.0,5.0,6.0,5.0,5.09902,4.12311,4.12311,4.12311,4.47214,3.60555,3.60555,3.60555,2.82843,2.82843,83.18654,74.62573,79.20227,76.15773,77.82031,77.38863,69.46222,69.77822,63.32456,65.29931,64.88451,62.76942,62.03225,55.36244,57.87055,57.97413,55.65968,49.0306,49.0306,49.64877,46.52956,48.25971,46.27094,40.60788,43.73786,42.42641,48.50773,40.1995,43.18565,44.01136,50.21952,45.04442,43.56604,40.5216,37.33631,40.02499,36.05551,39.56008,36.05551,35.44009,37.33631,31.7805,28.84441,23.02173,30.0,29.41088,26.24881,27.80288,23.34524,23.60085,17.20465,15.23155,14.31782,19.0263,14.0,15.0,12.36932,35.44009,32.98485,32.01562,31.06445,37.85499,32.98485,32.14032,34.20526,31.57531,31.7805,36.13862,37.69615,41.76123,37.12142,38.62642,41.62932,43.9659,39.35734,43.38202,41.88078,43.909,47.41308,50.77401,53.53504,51.22499,56.61272,54.56189,58.69412,53.75872,63.78087,60.82763,64.66065,65.79514,61.55485,62.24147,67.89698,67.20119,68.00735,62.68174,68.24222,67.6757,73.81734,77.52419,68.7968,73.57309,83.52844,76.53757,73.34848,78.39005,79.88116,75.13322,82.07923,81.70679,83.63014,86.76405,85.90693,84.59905
14.86607,13.92839,14.86607,13.60147,13.92839,13.0,13.0,12.08305,12.08305,12.08305,11.18034,11.18034,11.18034,10.29563,10.29563,10.81665,10.0,10.0,10.0,10.0,10.0,9.21954,8.60233,9.21954,9.21954,8.60233,8.60233,8.60233,8.60233,8.60233,8.06226,8.06226,8.06226,7.61577,7.61577,7.28011,6.32456,6.32456,6.08276,6.08276,5.09902,5.0,5.0,4.0,4.0,4.12311,3.16228,3.16228,3.16228,2.23607,2.82843,2.82843,86.28441,91.04944,87.45856,76.83749,74.02702,78.64477,76.6094,69.06519,66.28725,63.41136,63.60031,56.85948,62.1289,59.16925,54.6443,53.7122,56.82429,52.92447,54.12947,47.85394,48.33218,48.8467,47.43416,48.46648,44.38468,49.0408,42.48529,44.28318,41.76123,41.4367,43.65776,42.05948,41.4367,44.01136,37.73592,37.21559,39.81206,42.19005,36.23534,29.73214,34.71311,32.01562,34.66987,26.92582,32.24903,24.69818,28.01785,25.05993,22.36068,25.01999,23.34524,22.2036,16.03122,16.12452,14.14214,16.49242,21.18962,31.7805,31.257,32.75668,32.28002,34.9285,32.01562,31.04835,31.257,39.05125,36.13862,37.36308,39.56008,39.0,41.0,38.27532,38.62642,41.18252,42.15448,38.48376,43.38202,46.14109,53.22593,50.47772,54.6443,55.00909,53.8145,57.14018,57.3062,58.82176,58.72819,57.2014,66.4003,62.482,62.482,66.06815,59.81639,69.35416,66.52819,72.13876,68.0147,70.72482,77.46612,70.93659,81.8352,69.6563,77.83315,77.07788,81.02469,80.80223,84.05355,80.44874,82.80097,86.53323,81.40025,91.02198,85.14693,91.83681
14.42221,14.42221,14.42221,14.42221,13.60147,12.20656,12.80625,12.20656,11.40175,11.40175,11.40175,10.63015,10.63015,10.63015,10.63015,10.63015,9.89949,9.21954,10.0,10.0,9.21954,10.0,8.60233,9.21954,9.21954,9.21954,8.60233,9.21954,9.21954,8.48528,8.48528,8.48528,7.81025,7.81025,7.81025,7.2111,7.2111,6.7082,5.83095,5.83095,5.38516,5.38516,5.09902,5.09902,4.12311,4.0,4.0,4.0,4.0,3.16228,3.16228,3.16228,84.48077,75.69016,74.96666,71.80529,78.08969,65.11528,70.85901,66.09841,65.62012,55.7315,61.40033,56.7186,58.69412,59.4138,54.23099,56.0,55.00909,50.15974,50.03998,51.24451,53.60037,52.15362,45.70558,44.28318,47.16991,40.4475,43.18565,42.42641,46.17359,42.57934,44.18144,44.40721,41.7732,42.75512,42.29657,36.01389,34.71311,39.45884,39.31921,36.34556,31.04835,26.68333,32.57299,27.313,29.06888,23.70654,25.07987,29.06888,20.61553,22.02272,19.10497,23.02173,15.0,19.20937,15.23155,14.31782,17.46425,34.78505,31.32092,32.31099,32.69557,31.62278,32.89377,37.94733,35.17101,34.17601,36.24914,36.05551,36.67424,39.96248,43.26662,40.49691,36.35932,46.8615,40.36087,47.38143,42.43819,46.04346,48.41487,48.08326,53.07542,50.91169,50.91169,53.03772,53.15073,55.22681,56.72742,52.63079,55.80323,59.90826,62.76942,63.63175,59.90826,66.24198,61.7171,66.64833,66.64083,69.46222,76.2168,71.58911,68.70953,64.62198,78.1089,73.53911,77.7946,75.69016,78.16009,78.1025,76.15773,83.52245,82.0061,83.95237,81.25269,86.49277
13.60147,13.60147,13.60147,12.64911,12.64911,11.7047,11.40175,11.40175,11.40175,10.19804,10.19804,10.19804,10.19804,9.05539,9.05539,9.05539,9.05539,9.05539,9.0,8.0,8.06226,8.0,8.0,8.0,8.0,8.0,8.06226,8.06226,7.07107,7.07107,7.07107,7.07107,7.07107,6.32456,6.32456,6.7082,5.83095,5.83095,5.0,5.0,4.24264,5.0,4.24264,3.60555,3.60555,4.12311,3.16228,3.16228,3.0,3.0,3.16228,3.16228,76.48529,74.67262,77.07788,72.23573,73.05477,68.15424,69.31811,67.62396,66.64833,60.41523,68.15424,61.7171,58.13777,53.33854,57.77543,55.22681,51.97115,53.53504,50.77401,49.09175,51.0,48.01042,49.81967,45.22168,44.65423,46.40043,45.60702,41.88078,42.52058,39.05125,42.72002,42.80187,49.39636,37.73592,41.18252,38.01316,37.44329,37.69615,35.34119,36.05551,35.44009,31.57531,28.79236,25.17936,30.26549,26.01922,26.30589,20.61553,23.08679,21.84033,18.02776,16.12452,15.55635,15.81139,13.45362,13.89244,13.45362,37.0,31.95309,30.46309,32.64966,33.52611,31.01612,34.0147,34.17601,30.41381,31.62278,32.28002,30.08322,37.10795,39.45884,39.45884,36.12478,41.19466,39.31921,42.04759,42.57934,43.10452,48.09366,47.01064,45.04442,49.25444,51.0098,52.00961,53.00943,54.03702,56.32051,51.47815,58.54912,59.66574,57.07013,61.18823,59.43904,64.13267,61.98387,62.36986,65.0,69.857,72.42237,71.30919,71.86793,68.94926,78.43469,76.32169,72.91776,76.32169,72.11103,78.54935,77.07788,85.61542,75.6439,77.62087,84.17244,79.60528
13.60147,12.64911,12.36932,12.36932,12.36932,11.40175,11.18034,10.19804,10.19804,10.19804,10.19804,10.04988,9.05539,9.05539,9.05539,9.05539,9.0,8.0,8.0,8.0,8.0,8.0,8.0,8.0,8.0,7.0,7.0,7.0,7.0,7.07107,6.08276,6.08276,6.08276,6.08276,6.32456,5.38516,5.38516,5.38516,5.0,5.0,4.24264,4.24264,4.24264,3.60555,3.60555,3.60555,3.16228,3.16228,3.16228,3.0,3.0,3.0,82.29216,81.43709,76.92204,81.85964,76.6942,75.39231,69.31811,66.18912,73.82412,65.76473,63.97656,60.90156,60.53924,55.44367,55.47071,59.90826,51.61395,52.20153,52.80152,48.41487,49.40648,48.27007,46.69047,43.86342,46.01087,44.55334,43.13931,43.13931,46.66905,46.09772,41.10961,42.42641,43.84062,42.63801,38.41875,36.23534,40.0,37.64306,36.05551,39.39543,32.57299,32.28002,31.62278,33.24154,27.65863,25.07987,25.07987,21.0238,21.0238,18.97367,22.36068,17.46425,18.02776,13.45362,15.6205,14.21267,16.40122,33.54102,31.32092,33.95585,34.9285,34.78505,33.52611,32.69557,29.61419,34.20526,35.90265,35.90265,37.36308,39.05125,39.20459,34.78505,41.10961,46.09772,43.28972,38.0,42.0119,44.01136,46.04346,53.23533,53.00943,53.0,53.03772,53.03772,57.03508,55.14526,57.55867,60.40695,56.7186,61.39218,61.13101,61.84658,66.21933,64.53681,67.35726,61.98387,69.57011,70.5195,71.16881,70.5762,73.92564,69.64194,69.64194,72.8011,85.0,81.02469,73.79024,80.26207,85.08819,84.11896,83.7735,85.0,81.8352,89.1852
13.0384,12.20656,13.0384,11.6619,11.6619,10.81665,10.81665,10.81665,10.0,10.0,9.21954,9.21954,9.21954,9.21954,9.21954,8.48528,8.48528,8.48528,7.81025,8.48528,8.48528,7.81025,7.81025,7.81025,7.81025,7.07107,7.07107,7.07107,7.07107,7.07107,6.40312,6.40312,6.40312,5.83095,5.83095,5.38516,5.38516,5.38516,5.09902,4.12311,4.12311,4.0,4.0,3.0,3.16228,3.16228,2.23607,2.23607,2.82843,2.82843,2.23607,2.23607,83.81527,90.52072,78.33901,73.24616,75.69016,69.857,74.95332,64.93843,69.92138,63.78871,58.18935,56.75385,56.75385,57.70615,58.30952,58.0517,53.33854,54.33231,52.15362,50.01,46.0,49.25444,48.0,51.0098,42.0,43.10452,47.04253,42.04759,42.0,43.0,45.39824,46.0,39.05125,38.0526,36.05551,42.10701,35.51056,39.05125,34.23449,36.68787,32.31099,32.64966,34.17601,27.51363,27.73085,24.41311,26.87006,20.59126,20.61553,24.83948,17.0,18.97367,19.20937,18.38478,10.29563,15.0333,18.11077,30.80584,28.17801,30.23243,31.62278,31.90611,31.01612,34.98571,33.61547,35.51056,32.75668,31.62278,33.6006,36.12478,39.05125,37.53665,37.48333,43.13931,41.7732,39.62323,43.13931,43.82921,46.2277,43.93177,49.92995,49.39636,53.00943,51.40039,54.91812,59.36329,56.85948,55.07268,57.3062,57.70615,59.05929,59.48109,62.16912,61.7414,67.08204,68.94926,68.35203,66.12866,65.52099,69.57011,73.73602,65.0,71.19691,71.58911,75.58439,78.84795,80.36168,79.24645,82.20097,78.84795,82.2253,85.47514,79.42921,85.90693
15.13275,14.14214,14.14214,14.14214,13.15295,13.15295,13.0384,12.04159,12.04159,11.04536,11.0,11.0,11.0,10.0,10.0,10.04988,10.04988,10.04988,9.05539,9.05539,9.05539,9.05539,9.21954,9.05539,9.05539,9.21954,8.24621,8.06226,8.06226,8.06226,8.0,8.0,7.0,7.0,7.0,7.07107,7.07107,6.32456,6.32456,5.38516,5.38516,5.38516,4.47214,4.47214,4.24264,4.24264,4.24264,3.60555,3.60555,3.60555,3.60555,3.16228,87.98295,75.16648,76.94154,79.20227,76.6094,71.02112,67.74216,71.84706,62.96825,63.82006,60.80296,52.63079,58.25805,58.25805,52.40229,53.03772,58.79626,55.17246,52.34501,50.32892,47.63402,43.82921,49.67897,48.79549,46.01087,41.88078,41.88078,43.60046,39.82462,41.6173,41.40048,39.44617,37.53665,41.40048,36.40055,39.62323,36.61967,35.38361,35.38361,34.05877,29.69848,28.30194,32.44996,27.29469,28.17801,26.92582,27.07397,26.24881,22.09072,16.76305,18.11077,16.49242,20.22375,17.88854,14.56022,10.63015,15.81139,34.17601,32.89377,31.01612,31.76476,33.52611,29.54657,35.4683,33.83785,41.78516,34.48188,35.73514,37.64306,38.83298,35.17101,37.65634,40.79216,43.28972,41.30375,46.17359,44.40721,46.04346,49.0102,44.04543,49.09175,49.0,50.24938,53.23533,57.87055,57.07889,57.07889,55.44367,63.3877,61.66036,58.24088,62.58594,58.5235,61.68468,66.94027,63.90618,70.83784,68.70953,69.46222,72.49828,71.11962,72.89719,72.06941,76.47876,77.52419,79.64923,78.29432,74.94665,80.44874,83.21658,76.53757,83.19255,85.70298,81.5414
13.89244,14.42221,13.0384,13.0384,12.52996,11.6619,11.6619,11.6619,10.81665,11.18034,10.29563,9.84886,9.48683,9.48683,9.84886,9.48683,9.48683,9.48683,8.24621,8.544,8.544,8.24621,8.24621,8.24621,8.24621,8.24621,8.24621,7.28011,7.28011,7.61577,6.7082,6.7082,6.7082,6.7082,6.40312,6.40312,5.65685,5.0,5.65685,5.0,5.0,4.47214,4.47214,4.47214,4.12311,4.12311,4.0,4.0,3.0,3.0,3.16228,3.16228,77.00649,80.0,80.025,80.05623,77.00649,72.02777,64.00781,67.06713,62.1289,66.18912,64.03124,55.22681,64.28063,53.75872,54.0,53.46027,53.75872,46.87217,52.61179,53.75872,53.93515,44.14748,46.8188,39.21734,45.88028,45.54119,45.60702,48.10405,42.37924,45.88028,45.12206,44.64303,36.40055,37.36308,41.0,36.13862,39.62323,36.13862,35.01428,39.11521,32.01562,32.06244,23.19483,25.07987,24.18677,23.76973,28.63564,21.18962,19.72308,20.0,19.10497,15.6205,16.40122,12.08305,14.42221,15.65248,18.02776,35.38361,36.61967,32.44996,28.42534,35.77709,30.80584,35.51056,33.42155,35.4683,36.79674,36.61967,36.23534,35.4683,39.62323,38.20995,37.80212,41.23106,40.0,45.17743,44.04543,44.94441,46.40043,48.37355,47.43416,49.73932,54.12947,50.11986,57.98276,51.0,58.69412,55.9017,61.68468,57.00877,58.5235,60.72891,61.98387,57.72348,67.44627,69.857,65.96969,67.60178,69.72087,71.25307,70.17834,74.1485,73.33485,66.1211,77.41447,74.24284,76.41989,77.16217,85.0,80.05623,79.00633,78.02564,84.0,80.0
14.42221,14.42221,13.89244,13.0384,13.0384,12.20656,12.20656,11.6619,11.6619,11.18034,11.6619,11.18034,10.77033,9.84886,9.84886,9.84886,10.44031,9.48683,9.48683,9.48683,9.48683,9.21954,9.48683,9.21954,9.21954,8.544,8.544,8.24621,8.24621,8.544,7.61577,7.61577,7.61577,6.7082,7.2111,7.2111,6.40312,5.65685,5.0,5.0,5.0,5.0,4.24264,3.60555,3.60555,3.16228,3.16228,3.16228,2.0,2.0,2.0,2.0,79.15807,73.10951,80.1561,79.02531,78.02564,75.00667,70.11419,68.02941,62.28965,67.1193,61.29437,61.07373,62.28965,57.42822,54.33231,52.46904,56.56854,50.63596,52.17279,50.44799,50.44799,53.36666,45.22168,44.14748,42.2019,39.92493,45.35416,44.01136,41.97618,44.59821,45.69464,42.72002,38.27532,39.81206,43.93177,33.73426,37.48333,38.32754,39.05125,35.01428,32.06244,29.15476,31.57531,32.28002,27.16616,29.41088,26.57066,23.70654,24.41311,20.51828,17.20465,18.86796,19.79899,18.35756,18.43909,18.86796,12.08305,28.6007,34.82815,37.64306,34.05877,34.20526,29.0,37.64306,34.20526,32.01562,35.60899,39.40812,37.64306,37.64306,39.66106,36.71512,38.58756,42.05948,41.14608,42.94182,44.41846,41.23106,41.67733,49.64877,49.39636,54.12947,50.59644,53.14132,54.70832,53.48832,58.24946,61.13101,57.97413,58.46366,59.66574,66.4906,65.11528,65.49046,66.48308,63.78871,63.07139,66.06815,72.0,73.00685,72.06247,74.02702,73.02739,70.00714,77.16217,75.05998,79.1012,78.1025,80.22468,85.05292,81.15417,82.21922,83.02409,81.3941
14.42221,14.42221,13.60147,13.60147,13.60147,12.20656,12.20656,11.40175,11.40175,10.63015,11.40175,10.63015,10.63015,9.89949,9.89949,9.89949,9.89949,9.21954,9.21954,9.21954,8.48528,9.21954,8.48528,8.60233,7.81025,8.48528,8.48528,7.81025,7.81025,7.81025,7.07107,7.81025,7.2111,7.2111,6.7082,6.7082,6.7082,5.38516,5.38516,5.09902,5.09902,5.09902,5.0,5.0,4.0,4.12311,4.12311,3.16228,3.16228,3.60555,3.60555,2.82843,81.7435,79.1012,74.43118,83.72574,75.9276,76.65507,67.26812,70.45566,66.75328,68.35934,63.00794,63.00794,66.27217,53.03772,57.21888,58.00862,56.00893,56.0357,53.08484,52.08647,51.47815,47.01064,43.18565,43.56604,49.36598,49.16299,44.55334,43.18565,45.17743,44.18144,46.0,43.18565,40.04997,38.0526,37.01351,38.0,34.36568,35.12834,37.48333,41.7732,33.95585,30.80584,33.52611,27.29469,26.92582,26.40076,25.94224,20.51828,19.79899,17.80449,18.43909,19.41649,16.12452,13.0,14.31782,15.23155,10.04988,30.23243,33.97058,31.82766,33.97058,37.64306,29.83287,37.44329,33.97058,35.60899,38.18377,35.38361,38.18377,36.87818,39.05125,37.64306,39.11521,39.66106,43.60046,39.40812,40.22437,43.93177,50.77401,47.50789,51.0392,48.25971,52.39275,56.35601,57.38467,55.9464,56.64804,57.93962,62.39391,60.16644,63.56886,62.29767,64.84597,66.48308,67.26812,62.58594,64.28841,71.8401,69.72087,69.87131,73.82412,72.18033,67.47592,75.10659,78.51751,74.43118,79.05694,78.1025,79.15807,87.09191,85.05292,83.60024,89.08984,82.0975
14.14214,13.15295,14.14214,13.15295,13.0384,12.16553,12.04159,12.04159,11.04536,11.04536,11.04536,11.0,10.0,10.0,10.0,10.04988,9.05539,10.04988,9.05539,9.05539,9.05539,9.21954,9.05539,9.05539,9.05539,8.06226,8.06226,8.0,8.06226,8.0,8.0,8.0,7.0,7.0,7.07107,7.07107,6.32456,6.32456,5.38516,5.38516,4.47214,4.47214,4.47214,3.60555,3.60555,3.60555,2.82843,2.82843,2.23607,2.23607,2.23607,2.0,74.8131,79.88116,74.33034,83.60024,78.00641,69.63476,69.52697,70.60453,68.11755,63.41136,65.80274,60.80296,59.81639,53.03772,54.81788,57.28001,57.28001,51.08816,48.79549,50.93133,48.10405,51.73973,44.59821,42.2019,45.45327,44.04543,45.0,43.56604,44.82187,50.0,43.18565,42.63801,39.62323,42.44997,38.18377,41.72529,32.55764,37.48333,30.4795,37.44329,37.12142,31.76476,30.46309,26.0,26.0,27.01851,26.92582,22.0,23.19483,23.08679,23.34524,21.09502,14.56022,11.6619,18.60108,16.40122,15.6205,36.01389,37.21559,38.83298,31.257,35.01428,39.11521,32.06244,42.29657,41.0,39.11521,38.20995,33.0,34.0,43.04649,41.0,42.10701,40.11234,46.38965,41.48494,49.0306,45.70558,44.40721,45.88028,47.85394,56.61272,52.88667,55.54278,55.03635,59.23681,53.14132,59.80803,60.08328,57.38467,64.40497,62.16912,63.15853,60.37384,66.64833,66.57327,68.7968,70.49113,63.24555,71.34424,72.11103,69.06519,73.23933,72.8011,73.24616,73.40981,76.38063,72.86288,78.1025,82.21922,78.40918,85.63294,78.51751,82.46211
14.86607,14.14214,14.14214,12.72792,12.72792,12.72792,12.72792,11.31371,11.31371,10.63015,10.63015,10.63015,10.0,10.0,10.0,10.0,9.43398,9.43398,8.94427,8.60233,8.60233,8.60233,8.60233,8.06226,8.06226,8.60233,8.60233,7.81025,7.2111,7.81025,7.07107,7.07107,7.07107,6.40312,6.40312,6.40312,5.83095,5.83095,5.38516,5.38516,5.09902,5.09902,4.12311,4.0,4.0,4.0,4.0,3.16228,3.16228,3.16228,3.16228,3.60555,79.76215,82.73452,83.21658,82.29824,75.05998,80.399,73.10951,68.35934,69.02898,67.36468,69.35416,64.00781,66.0,56.00893,53.08484,58.03447,56.56854,52.34501,53.46027,54.45181,46.09772,50.9902,44.91102,46.09772,44.55334,52.63079,46.23851,42.05948,41.97618,49.72927,40.49691,48.27007,38.60052,44.18144,41.30375,35.35534,33.54102,33.37664,37.0,41.19466,34.52535,29.06888,30.08322,28.79236,28.23119,25.0,27.51363,21.93171,21.63331,18.35756,16.97056,23.34524,21.47091,16.55295,11.18034,10.77033,15.29706,38.01316,33.61547,34.1321,35.80503,34.20526,37.58989,32.44996,36.23534,37.44329,34.82815,40.36087,37.53665,38.20995,41.23106,42.52058,43.13931,45.27693,43.86342,44.68781,44.04543,48.01042,48.25971,54.20332,46.40043,57.68882,54.6443,59.64059,56.4358,56.0803,56.93856,59.9333,57.80138,56.85948,58.13777,58.18075,65.78754,66.7308,62.76942,65.78754,68.68042,69.63476,73.00685,70.61161,72.03471,72.36712,79.07591,74.95332,75.66373,77.52419,74.54529,79.30952,83.29466,87.57283,82.38932,85.02353,81.30191,83.48653
13.15295,12.16553,13.15295,13.15295,12.16553,11.18034,11.18034,10.19804,10.19804,10.19804,9.21954,9.48683,9.48683,9.48683,8.544,8.544,8.544,7.61577,8.94427,8.06226,7.61577,8.06226,8.06226,8.06226,7.61577,6.7082,7.61577,7.61577,6.7082,6.32456,6.32456,6.32456,6.32456,6.08276,6.08276,5.0,5.0,5.0,5.0,4.12311,4.12311,3.16228,4.12311,3.60555,3.60555,2.82843,2.82843,2.82843,2.82843,2.23607,3.16228,3.16228,77.07788,88.56636,78.18568,74.24958,69.77105,72.06941,71.11259,68.02941,71.58911,59.23681,63.15853,58.69412,56.79789,61.68468,57.58472,55.97321,50.28916,50.44799,51.41984,50.21952,49.24429,47.29693,48.6621,41.4367,49.81967,47.51842,44.10215,43.73786,41.4367,45.35416,44.14748,40.26164,44.40721,39.62323,42.37924,34.52535,33.52611,37.94733,36.68787,36.23534,39.40812,32.64966,30.52868,30.23243,24.20744,28.42534,25.45584,25.80698,19.72308,23.4094,19.41649,20.61553,17.72005,20.61553,12.0,16.49242,14.03567,31.7805,29.96665,33.24154,35.1141,38.60052,31.38471,30.8707,33.10589,32.31099,35.73514,37.36308,37.12142,34.0,37.58989,42.94182,39.44617,41.14608,38.58756,42.43819,43.41659,47.43416,50.32892,47.63402,51.66237,48.60041,54.03702,54.08327,54.45181,57.38467,49.67897,58.0517,56.72742,59.4138,61.84658,60.0,61.52235,61.7171,63.24555,63.51378,64.3506,69.89278,68.60029,72.94518,69.77105,64.3506,74.09453,72.89719,76.53757,77.25283,78.29432,74.24958,76.05919,72.09022,79.15807,79.70571,86.53901,85.79627
14.21267,14.21267,13.60147,14.21267,12.80625,12.80625,12.20656,12.20656,11.40175,10.81665,10.81665,10.81665,10.29563,10.29563,10.29563,10.29563,10.29563,8.94427,9.84886,8.544,8.544,8.544,8.544,8.544,8.544,8.94427,8.544,8.06226,8.06226,8.06226,7.2111,7.2111,7.2111,7.2111,6.40312,6.40312,5.65685,5.65685,5.0,5.0,4.47214,4.47214,3.60555,4.47214,3.16228,3.16228,3.16228,3.0,2.0,2.0,2.23607,2.23607,82.0,81.21576,81.3941,86.46965,74.52516,76.29548,75.13322,71.84706,65.76473,67.08204,68.46897,64.38167,66.18912,57.21888,63.3877,57.00877,55.08176,54.00926,54.00926,53.46027,57.31492,53.00943,47.26521,50.35871,47.01064,46.01087,46.09772,52.08647,46.52956,43.10452,50.15974,45.17743,41.01219,43.04649,43.01163,43.01163,36.05551,37.12142,37.33631,34.0,31.257,32.31099,30.88689,27.73085,27.51363,25.63201,25.94224,24.04163,23.43075,17.49286,21.93171,23.02173,21.47091,20.12461,18.78829,16.49242,16.49242,33.30165,34.71311,35.0,34.05877,31.241,32.20248,31.241,32.80244,34.1321,38.94868,36.06938,36.40055,38.8973,41.86884,43.86342,45.34314,45.60702,49.0408,46.2277,46.61545,45.34314,51.66237,49.64877,48.41487,50.60632,60.20797,52.20153,57.45433,51.97115,62.43397,63.95311,60.82763,59.5063,62.76942,63.07139,62.39391,68.35203,72.44998,69.57011,71.16881,68.41053,72.18033,72.78049,66.76077,73.24616,72.53275,75.13322,80.75271,73.82412,77.23341,78.08969,83.60024,80.50466,80.75271,83.48653,85.70298,85.00588
13.34166,12.64911,13.60147,13.34166,12.36932,11.40175,11.40175,10.44031,10.44031,10.44031,10.44031,9.84886,9.84886,8.94427,8.94427,8.94427,8.94427,8.94427,8.06226,8.94427,8.06226,8.06226,8.06226,8.06226,8.06226,7.2111,7.2111,7.61577,6.7082,6.7082,6.32456,6.7082,6.7082,6.32456,6.32456,6.08276,5.0,5.0,5.0,5.0,4.12311,4.12311,4.12311,3.16228,3.60555,3.60555,2.82843,2.82843,2.82843,2.23607,2.23607,3.0,85.08819,80.45496,84.21995,75.13322,73.23933,68.50547,72.00694,70.49113,71.55418,63.81222,61.26989,58.30952,64.88451,63.50591,48.75449,57.69749,57.27128,59.80803,48.76474,47.75982,46.8188,49.64877,48.76474,49.47727,43.93177,49.72927,48.46648,43.93177,45.60702,47.53946,40.5216,42.37924,43.68066,39.84972,40.8534,36.40055,41.18252,39.21734,35.77709,36.05551,34.66987,33.42155,30.4795,29.06888,27.80288,27.78489,25.6125,20.61553,21.0238,19.31321,17.72005,19.31321,16.76305,15.29706,18.24829,19.41649,12.08305,36.67424,34.48188,34.53983,34.20526,32.98485,32.38827,30.36445,31.62278,34.78505,35.17101,39.84972,37.16181,34.9285,43.32436,36.24914,37.69615,41.62932,41.59327,43.909,45.18849,42.54409,50.47772,48.76474,45.27693,53.85165,53.0,48.01042,55.21775,55.44367,55.97321,57.62812,61.55485,57.28001,59.4138,60.959,63.65532,62.24147,58.0,64.44377,68.68042,67.62396,65.21503,65.0,73.78347,69.06519,72.56032,68.7968,72.91776,75.66373,81.12336,79.07591,79.64923,77.38863,78.54935,85.86617,83.24062,78.71467
14.76482,14.76482,14.76482,13.89244,13.89244,12.52996,12.52996,12.52996,12.52996,11.18034,12.08305,11.7047,10.77033,10.77033,9.84886,10.77033,10.44031,10.44031,9.48683,9.48683,9.48683,9.48683,9.48683,9.21954,9.21954,9.48683,9.48683,8.544,8.544,8.544,7.61577,8.06226,8.06226,8.06226,7.2111,7.2111,7.2111,6.40312,5.65685,5.65685,5.65685,5.0,5.0,4.47214,4.47214,4.47214,4.12311,4.12311,3.0,3.0,3.0,3.0,76.90254,88.0568,70.0928,73.37575,76.40026,69.12308,68.88396,68.88396,66.70832,57.97413,62.29767,61.40033,57.48913,56.921,55.02727,52.0,54.23099,52.3259,48.46648,43.38202,48.8774,48.75449,49.64877,44.77723,45.61798,44.77723,45.61798,42.43819,42.54409,37.80212,40.80441,43.41659,41.59327,39.81206,36.24914,38.27532,39.56008,41.76123,33.24154,27.07397,31.57531,29.61419,29.27456,32.38827,32.14032,23.08679,23.76973,24.33105,26.92582,18.38478,15.81139,19.20937,15.0,16.27882,15.6205,13.89244,14.31782,32.69557,31.38471,32.75668,36.40055,35.34119,35.77709,39.0,36.71512,39.82462,37.16181,35.8469,38.27532,39.81206,44.59821,40.5216,44.92215,39.56008,50.0,44.92215,50.69517,51.78803,52.49762,49.72927,54.91812,54.34151,52.46904,50.63596,54.74486,62.64982,58.54912,60.20797,56.0803,61.66036,61.0082,61.0,61.07373,61.13101,64.49806,64.12488,63.1981,69.11584,71.19691,63.50591,73.1642,66.28725,77.36924,69.63476,72.53275,75.96052,75.43209,77.20104,77.83315,80.60397,76.24303,82.56513,85.3815,87.09765
14.21267,14.21267,13.45362,12.80625,12.72792,12.04159,12.04159,12.04159,11.31371,10.63015,10.63015,10.63015,10.0,10.0,10.0,10.0,10.0,9.43398,9.43398,9.43398,8.60233,9.43398,9.43398,8.94427,8.94427,8.06226,8.06226,8.06226,8.06226,7.81025,7.2111,7.2111,6.40312,6.40312,6.40312,6.40312,6.40312,5.0,5.0,4.47214,4.47214,4.47214,4.12311,4.12311,3.16228,3.16228,3.0,3.0,2.23607,2.0,2.23607,1.41421,87.93179,80.77747,77.27872,78.16009,80.08121,76.92204,73.76313,72.12489,62.96825,69.42622,67.68309,60.82763,60.40695,55.10898,62.8172,56.7186,53.08484,57.00877,53.15073,55.08176,49.0102,55.03635,43.10452,51.0,47.16991,47.04253,51.0,48.01042,42.10701,46.04346,49.0102,46.38965,40.04997,39.11521,47.09565,39.0,39.62323,38.63936,40.5216,36.13862,30.08322,33.24154,29.54657,31.40064,30.01666,30.4795,24.20744,22.62742,24.20744,23.43075,19.10497,17.0,21.93171,17.11724,15.0,15.0333,13.0384,37.01351,39.69887,31.76476,34.48188,34.9285,36.61967,36.67424,38.58756,36.89173,36.89173,34.82815,40.80441,42.2019,40.45986,41.23106,44.04543,49.49747,45.25483,43.84062,46.01087,51.66237,54.56189,49.51767,50.24938,53.75872,53.41348,61.07373,62.20129,53.00943,60.21628,58.82176,61.61169,59.40539,59.16925,66.88797,62.64982,65.76473,65.79514,67.53518,69.46222,67.77905,70.21396,69.57011,70.5762,73.38937,74.73286,75.28612,73.37575,77.46612,74.95332,79.40403,81.0432,86.88498,81.58431,85.0,85.44004,88.32327
14.14214,14.03567,14.03567,13.0384,13.0384,12.04159,12.04159,12.0,11.04536,11.0,11.0,10.0,10.0,10.04988,10.04988,10.04988,9.05539,9.05539,9.21954,9.21954,9.21954,9.21954,9.05539,9.21954,9.21954,9.05539,8.06226,9.05539,8.06226,8.06226,8.06226,8.0,7.0,7.0,7.07107,6.08276,6.08276,6.08276,6.08276,5.38516,4.47214,4.47214,4.47214,3.60555,3.60555,3.60555,2.82843,2.82843,2.82843,2.23607,2.23607,2.0,81.8352,78.71467,77.89737,74.09453,76.53757,73.3553,72.06941,70.83078,61.61169,62.17717,66.64083,59.36329,55.47071,55.0,57.45433,59.03389,52.80152,48.16638,46.2277,49.49747,52.3259,49.51767,48.27007,48.27007,46.75468,43.86342,43.27817,41.03657,40.36087,45.96738,37.53665,46.01087,40.36087,44.55334,43.27817,44.40721,35.22783,35.4683,37.58989,34.48188,28.63564,36.40055,28.16026,26.40076,31.57531,25.01999,31.14482,25.0,22.2036,23.19483,22.47221,16.49242,16.49242,17.88854,14.21267,14.21267,16.27882,38.32754,32.98485,33.54102,32.28002,30.59412,35.51056,35.44009,36.87818,38.07887,36.49658,38.32754,39.20459,48.16638,43.18565,36.67424,39.20459,45.04442,43.10452,45.27693,47.16991,52.0,53.0,52.0,56.00893,49.16299,50.35871,53.46027,57.31492,54.58938,62.96825,53.75872,60.87693,59.66574,64.32729,62.58594,62.64184,67.72001,71.80529,67.06713,63.97656,67.54258,70.00714,71.69379,71.58911,69.35416,70.77429,72.20111,76.8505,77.69813,74.94665,76.8505,77.17513,81.5414,79.07591,85.58621,86.28441,84.81156
13.60147,13.92839,13.60147,12.64911,12.64911,12.64911,11.7047,11.40175,11.40175,11.18034,11.18034,11.04536,10.04988,10.04988,10.04988,10.04988,10.04988,9.05539,10.0,9.0,9.0,9.0,9.0,9.05539,9.0,9.0,8.0,8.0,8.0,8.06226,8.0,8.06226,7.07107,7.07107,7.28011,6.32456,6.32456,6.32456,5.38516,5.38516,4.47214,5.0,3.60555,4.24264,4.24264,3.60555,2.82843,2.23607,2.23607,2.23607,2.23607,2.0,75.50497,75.53807,77.66595,72.03471,80.06248,72.36712,63.06346,69.05071,64.51356,68.15424,67.46851,61.84658,56.29387,56.04463,53.85165,55.36244,52.92447,51.86521,48.10405,48.70318,52.55473,51.07837,45.61798,45.61798,40.70626,45.17743,46.95743,42.72002,40.31129,45.27693,43.04649,44.29447,41.67733,41.78516,42.72002,34.53983,43.68066,40.8534,36.67424,36.01389,34.36568,34.71311,32.0,28.16026,26.30589,24.08319,28.01785,19.92486,24.73863,22.56103,21.09502,18.60108,12.04159,14.42221,14.21267,16.97056,16.27882,31.62278,35.22783,32.20248,32.80244,34.1321,34.4093,30.80584,36.71512,38.27532,34.98571,40.70626,39.81206,39.35734,39.92493,40.31129,42.54409,45.17743,44.38468,42.72002,49.0408,45.88028,52.49762,49.39636,52.49762,53.85165,56.51548,57.24509,56.04463,51.62364,55.9017,59.22837,59.5399,65.11528,59.3043,62.514,62.514,61.13101,65.03076,63.0,71.06335,70.00714,66.00758,72.33948,73.5527,73.10951,65.19202,77.64664,77.10383,71.70077,70.03571,81.02469,81.0432,82.03658,81.78631,78.1025,79.07591,78.1089
13.92839,13.92839,13.0,12.64911,12.64911,11.7047,11.7047,10.77033,11.18034,10.77033,11.18034,10.29563,10.29563,9.43398,8.94427,9.43398,9.43398,9.43398,8.60233,8.60233,8.60233,8.60233,8.60233,8.60233,8.60233,8.60233,8.60233,8.06226,8.06226,8.06226,6.7082,6.7082,6.7082,6.7082,6.32456,6.32456,6.08276,5.09902,5.09902,4.0,5.0,4.0,4.12311,4.12311,3.16228,3.16228,2.23607,2.23607,2.23607,1.41421,1.41421,2.23607,82.1523,82.92768,84.59905,78.03204,74.09453,78.23682,67.42403,73.43024,62.26556,69.97142,63.52952,66.30988,60.53924,61.58734,59.5063,57.00877,53.85165,50.28916,50.11986,54.12947,53.85165,47.12749,51.92302,48.08326,45.88028,47.80167,49.0306,49.72927,49.47727,48.05206,44.91102,46.87217,51.26402,44.01136,35.77709,44.77723,42.54409,41.34005,40.81666,33.12099,36.89173,34.66987,35.38361,29.41088,27.20294,29.83287,24.16609,21.0238,22.82542,22.82542,19.72308,17.08801,20.02498,16.03122,17.0,17.11724,15.29706,34.78505,33.83785,36.13862,36.13862,31.7805,32.98485,37.0,35.90265,36.05551,36.40055,41.76123,39.92493,41.23106,43.41659,42.48529,39.96248,43.82921,40.71855,50.77401,45.27693,46.61545,45.27693,53.82379,54.08327,55.56978,53.90733,52.43091,56.40035,54.20332,63.12686,59.81639,65.43699,63.25346,63.41136,65.79514,64.44377,66.6033,67.20863,65.11528,66.21933,65.60488,68.00735,75.60423,72.24957,72.42237,73.57309,72.47068,77.38863,75.47185,83.72574,82.8553,81.49233,79.75588,75.17978,79.07591,91.58603,79.25907
13.89244,13.0384,13.0384,13.0384,12.20656,11.6619,11.6619,12.20656,10.81665,10.81665,10.81665,10.0,9.21954,9.21954,9.21954,9.89949,9.89949,9.89949,8.48528,8.48528,8.48528,8.48528,8.48528,7.81025,7.81025,8.48528,8.48528,8.48528,7.07107,7.81025,7.07107,7.81025,7.2111,7.2111,6.7082,6.7082,6.32456,5.38516,5.09902,5.09902,5.09902,5.0,5.0,5.0,4.0,4.12311,4.12311,3.16228,3.60555,3.60555,3.60555,2.82843,81.58431,77.87811,80.41144,80.75271,86.14523,71.58911,73.75636,61.39218,67.08204,60.13319,68.18358,62.514,58.13777,59.4138,58.00862,59.07622,54.00926,58.00862,48.16638,54.23099,54.58938,50.48762,46.69047,40.79216,48.25971,47.51842,50.01,49.49747,42.29657,51.1957,44.91102,38.63936,42.95346,41.30375,40.60788,37.01351,38.0,38.0526,39.62323,36.12478,36.40055,32.98485,27.73085,29.73214,26.41969,28.63564,26.57066,25.23886,19.23538,22.67157,20.0,15.55635,14.76482,17.0,11.40175,13.34166,12.36932,36.71512,31.95309,35.51056,30.8707,34.78505,30.23243,34.0,36.23534,41.67733,39.96248,37.21559,39.20459,39.20459,43.82921,40.60788,43.60046,45.96738,47.38143,47.50789,49.49747,46.2277,53.15073,55.86591,50.20956,51.73973,58.00862,62.36986,55.44367,53.2635,57.31492,64.07027,57.80138,62.1289,68.60029,60.80296,71.11962,70.3278,66.64833,65.8635,64.88451,63.50591,74.33034,70.2282,73.1642,71.8401,68.24954,74.33034,78.74643,77.88453,83.54639,75.96052,75.95393,83.43261,78.91768,83.18654,72.99315,87.09765
13.89244,13.89244,12.52996,12.52996,11.6619,11.6619,11.6619,10.81665,10.81665,10.0,10.81665,10.0,9.21954,9.21954,9.21954,9.89949,9.89949,8.48528,9.21954,8.48528,8.48528,8.48528,8.48528,7.81025,8.48528,8.48528,8.48528,8.48528,8.48528,7.81025,7.07107,7.07107,6.40312,6.40312,6.7082,6.7082,5.83095,5.38516,5.38516,4.47214,4.12311,4.12311,4.0,4.0,3.0,3.0,2.23607,2.23607,2.23607,1.41421,1.41421,1.41421,80.95678,75.61085,77.16217,83.52245,72.53275,69.64194,72.78049,73.08215,62.93648,64.28841,61.81424,62.36986,58.0517,56.75385,62.80127,56.32051,53.75872,55.57877,51.35173,56.0357,54.08327,46.09772,51.0,48.16638,43.04649,45.04442,45.01111,46.01087,47.01064,43.01163,41.10961,48.25971,47.01064,45.0,42.10701,38.32754,37.05401,39.20459,36.68787,35.8469,37.64306,35.1141,32.64966,26.41969,26.24881,29.20616,27.20294,21.40093,26.1725,24.41311,24.08319,16.76305,19.92486,17.11724,18.11077,19.41649,14.14214,32.20248,33.83785,31.30495,34.43835,37.21559,34.9285,35.0,30.88689,34.05877,32.44996,36.05551,39.11521,42.2019,35.80503,47.20169,44.82187,41.23106,41.03657,46.69047,46.75468,49.81967,48.16638,50.91169,50.9902,49.57822,56.58622,58.0517,54.67175,53.90733,57.2014,59.90826,61.22091,61.61169,63.24555,65.19202,61.85467,68.0,65.8635,67.23095,66.18912,64.2573,67.53518,74.67262,68.70953,74.67262,71.8401,75.69016,80.00625,76.24303,77.12976,81.59657,78.74643,78.74643,77.12976,83.67795,80.95678,80.52329
14.42221,13.60147,13.60147,13.60147,13.0384,12.80625,12.80625,11.40175,11.40175,11.40175,11.40175,11.31371,10.63015,9.89949,9.89949,10.63015,10.0,9.21954,10.0,10.0,9.21954,10.0,9.21954,9.21954,9.21954,9.21954,9.21954,9.21954,9.21954,8.48528,8.48528,8.48528,7.81025,7.81025,7.2111,7.2111,6.7082,6.7082,6.7082,5.38516,5.38516,5.38516,5.09902,4.12311,4.12311,4.0,4.0,4.0,3.16228,3.16228,3.16228,2.23607,77.23341,75.16648,82.0975,72.44308,72.02777,72.11103,71.06335,74.06079,58.07753,66.18912,64.38167,62.1289,58.13777,52.08647,54.0,54.58938,56.22277,52.15362,57.55867,55.57877,54.91812,47.67599,49.64877,46.17359,49.47727,42.72002,42.72002,46.17359,47.53946,47.80167,38.32754,40.79216,42.95346,44.91102,41.7732,43.28972,36.22154,39.31921,37.12142,35.0571,34.23449,29.83287,31.257,29.83287,31.62278,26.92582,27.73085,25.29822,24.08319,21.2132,19.20937,21.0238,15.6205,12.80625,16.55295,17.46425,15.29706,32.80244,27.65863,34.20526,35.0,33.83785,37.44329,34.82815,33.94113,36.06938,37.80212,37.64306,42.0119,39.59798,40.60788,44.55334,41.40048,46.09772,46.2277,49.09175,47.01064,51.08816,55.22681,52.20153,53.53504,54.20332,56.40035,57.42822,60.21628,50.80354,60.82763,59.94164,67.23095,64.07808,65.0,62.6099,62.64184,60.08328,69.46222,69.28925,65.78754,65.96969,68.15424,68.88396,73.97973,73.75636,71.44928,74.06079,77.31753,71.02816,78.63841,79.07591,77.78175,76.11833,76.65507,84.02381,88.45903,82.02439
13.89244,13.89244,13.0384,12.52996,12.20656,12.20656,11.6619,11.6619,11.6619,10.81665,11.40175,10.63015,10.63015,9.89949,9.89949,9.89949,9.89949,9.89949,9.21954,9.21954,9.21954,9.21954,9.21954,8.60233,9.21954,9.21954,9.21954,8.48528,8.48528,8.48528,7.81025,7.81025,7.81025,6.40312,7.2111,7.2111,6.7082,5.83095,5.38516,5.38516,5.38516,4.12311,4.12311,4.12311,4.0,3.0,3.16228,2.23607,2.23607,2.23607,2.23607,1.41421,71.58911,77.25283,80.23092,72.8011,74.63243,70.88018,73.38937,69.12308,66.09841,67.44627,59.66574,62.8172,59.5399,57.28001,61.39218,54.12947,52.95281,48.83646,48.50773,52.03845,51.35173,52.46904,45.27693,49.36598,49.49747,52.23983,46.04346,44.04543,46.04346,49.0408,43.18565,48.09366,43.10452,40.31129,42.29657,41.23106,45.27693,39.56008,37.10795,31.95309,34.9285,34.53983,30.01666,30.52868,29.41088,31.241,29.20616,24.41311,23.34524,24.20744,22.84732,19.41649,21.18962,19.23538,14.03567,15.52417,16.27882,28.6531,33.12099,34.9285,37.57659,32.64966,31.95309,35.4683,36.24914,34.9285,36.61967,37.58989,38.58756,39.82462,38.58756,36.61967,46.32494,48.01042,44.41846,44.68781,46.40043,45.0,48.9183,56.58622,50.93133,55.15433,57.48913,51.62364,54.56189,53.03772,58.89822,58.00862,60.44005,65.19202,59.03389,63.12686,62.42596,68.7968,66.37017,68.00735,65.19202,66.57327,72.89719,66.64833,76.05919,72.01389,64.88451,74.32362,70.00714,74.46476,80.23092,74.63243,83.00602,79.37884,82.46211,78.74643,74.0,85.70298
13.0,13.0,13.0,12.0,12.0,12.0,11.04536,11.04536,11.04536,10.04988,11.04536,10.04988,9.05539,9.05539,9.21954,9.21954,9.48683,8.24621,8.544,8.24621,8.24621,8.544,8.544,8.544,8.24621,8.544,8.24621,7.28011,7.28011,7.28011,7.07107,7.07107,7.07107,7.07107,6.0,6.0,6.0,5.09902,5.09902,4.12311,4.12311,4.12311,3.60555,3.60555,3.60555,2.82843,2.82843,2.23607,2.23607,2.23607,2.0,2.0,83.86298,81.30191,79.20227,76.40026,72.8011,75.21303,73.57309,73.81734,65.80274,63.70243,61.22091,59.46427,65.76473,61.7171,55.22681,56.58622,54.45181,53.74012,53.90733,50.44799,52.63079,45.45327,50.21952,48.41487,49.0408,49.64877,49.64877,46.32494,51.08816,46.52956,46.32494,44.40721,42.80187,50.44799,45.27693,40.36087,43.86342,39.82462,42.2019,33.30165,34.20526,34.48188,34.98571,30.01666,33.10589,25.0,24.04163,25.0,24.02082,25.4951,20.09975,21.2132,18.24829,17.46425,22.36068,16.12452,13.89244,31.62278,31.95309,35.69314,35.1141,28.86174,31.40064,30.59412,32.55764,33.54102,35.12834,39.20459,35.51056,38.01316,43.18565,42.10701,36.05551,41.0,45.01111,48.01042,44.10215,47.0,49.16299,47.01064,51.0098,57.55867,52.23983,59.03389,59.68249,58.42089,61.29437,57.48913,61.98387,62.36986,61.61169,64.03124,65.80274,61.68468,66.09841,63.90618,67.53518,72.91776,65.29931,66.64083,68.8767,73.79024,75.29276,74.4043,68.8186,74.88658,71.28113,77.10383,77.42093,86.83893,74.62573,84.20214,84.40379,78.81624
14.0,14.0,13.0,13.0384,12.0,12.0,12.0,12.04159,11.0,10.04988,11.04536,11.18034,10.19804,10.19804,10.19804,10.19804,10.44031,9.21954,9.48683,9.21954,9.21954,9.21954,8.544,8.544,8.544,8.544,8.24621,8.24621,8.24621,8.24621,8.06226,7.07107,7.0,7.0,7.0,6.0,6.08276,5.09902,5.09902,5.09902,4.12311,4.47214,3.60555,3.60555,3.60555,2.82843,2.82843,2.23607,2.23607,2.23607,2.0,2.0,79.81228,77.66595,79.6304,75.00667,74.51845,74.27651,65.60488,64.44377,63.89053,69.42622,61.6198,64.44377,55.86591,58.89822,56.58622,61.84658,55.31727,51.61395,51.40039,53.41348,54.20332,53.33854,51.62364,49.20366,42.63801,45.34314,46.32494,46.32494,48.76474,49.92995,41.6173,46.2277,42.0119,45.45327,41.04875,41.72529,39.82462,41.40048,39.05125,35.0,35.80503,32.20248,29.15476,29.06888,27.89265,29.73214,24.5153,25.29822,20.02498,20.61553,22.09072,18.02776,19.23538,19.31321,15.13275,16.55295,14.86607,32.75668,27.45906,32.75668,31.40064,28.28427,30.41381,32.06244,36.12478,33.24154,35.35534,32.01562,36.12478,38.01316,37.0,38.0,40.0125,45.01111,40.0,45.88028,48.0,46.01087,47.26521,47.26521,46.27094,50.24938,50.28916,51.41984,55.10898,60.01666,58.82176,55.97321,55.36244,57.00877,56.61272,60.44005,61.35145,66.21178,65.30697,67.1193,66.21178,69.857,64.88451,66.03787,69.46222,65.51336,72.71864,66.85058,74.65253,74.8131,73.60027,76.48529,77.33693,80.05623,76.6942,78.74643,83.24062,81.05554
14.86607,14.56022,13.60147,13.60147,13.60147,12.64911,12.36932,12.36932,12.36932,11.40175,11.18034,11.18034,11.18034,10.19804,10.19804,11.04536,10.04988,10.04988,10.04988,10.04988,9.05539,9.05539,9.0,9.0,9.05539,9.05539,9.05539,9.21954,9.21954,9.05539,8.24621,8.24621,7.28011,7.28011,7.61577,7.61577,6.7082,6.7082,5.83095,6.40312,5.0,5.65685,5.65685,4.24264,5.0,3.60555,4.47214,3.60555,3.16228,3.16228,3.16228,3.0,83.1685,79.62412,77.88453,75.13322,78.1025,74.94665,69.857,66.4906,65.25335,64.03124,58.5235,57.24509,56.921,58.82176,55.71355,57.69749,59.61543,52.0,53.23533,50.11986,51.0,44.94441,51.62364,44.29447,48.75449,48.76474,42.72002,46.14109,46.06517,41.59327,38.83298,46.61545,45.17743,43.08132,37.57659,40.49691,40.8534,36.76955,29.83287,33.24154,36.34556,29.27456,31.06445,28.01785,32.06244,24.5153,24.04163,23.19483,21.54066,22.47221,22.02272,20.0,19.10497,18.43909,16.64332,17.46425,11.6619,35.51056,37.64306,31.90611,33.97058,33.28663,36.71512,35.22783,35.35534,31.7805,35.34119,33.54102,38.07887,42.95346,39.56008,43.32436,39.81206,45.17743,38.62642,48.38388,44.38468,45.35416,51.1957,44.01136,48.08326,54.81788,48.38388,55.36244,58.0517,53.45091,57.07013,55.9017,59.4138,56.88585,67.47592,63.12686,57.14018,59.00847,65.03076,68.0,69.06519,70.06426,65.62012,68.18358,66.18912,70.03571,67.36468,68.65858,70.61161,80.80842,71.58911,73.97973,73.4983,87.32125,71.06335,82.96987,86.40023,77.62087
14.31782,13.41641,13.41641,12.52996,12.52996,12.52996,11.6619,11.6619,11.6619,10.81665,10.81665,10.81665,10.0,10.0,10.0,10.0,9.21954,9.21954,9.21954,8.48528,8.48528,8.48528,8.48528,8.48528,8.48528,9.21954,8.48528,7.81025,7.81025,7.81025,7.2111,7.2111,7.2111,6.7082,6.7082,6.7082,6.32456,5.38516,5.09902,5.09902,4.0,4.0,4.0,3.0,3.0,3.16228,3.16228,2.23607,2.23607,1.41421,1.41421,1.41421,85.47514,76.66159,82.1523,71.19691,75.6439,77.36924,70.83078,66.7308,69.35416,65.29931,67.08204,60.82763,59.80803,59.5063,56.0803,55.7853,57.24509,59.48109,52.49762,54.42426,57.27128,53.60037,46.69047,51.66237,46.17359,48.70318,51.1957,47.53946,50.0,51.24451,50.48762,48.76474,41.78516,39.62323,45.60702,39.92493,38.94868,41.23106,39.44617,38.01316,33.28663,33.61547,34.20526,30.41381,29.06888,23.60085,27.65863,22.02272,24.18677,19.64688,20.88061,17.08801,18.24829,15.23155,16.03122,14.14214,14.56022,33.54102,35.22783,29.06888,35.35534,34.05877,25.17936,34.52535,31.32092,32.06244,35.12834,32.01562,38.8973,34.48188,36.40055,40.71855,39.84972,41.78516,42.15448,44.72136,45.88028,47.85394,44.72136,47.41308,49.64877,50.77401,53.85165,53.0,56.85948,51.40039,57.98276,57.2014,61.29437,59.40539,63.41136,65.21503,66.21933,68.62215,68.593,67.17887,66.52819,66.46804,71.8401,70.43437,68.88396,70.80254,72.20111,68.50547,76.6094,80.26207,79.40403,73.82412,84.11896,84.90583,76.47876,77.36924,81.8352,83.86298
14.42221,13.60147,13.60147,13.0384,12.20656,12.20656,12.20656,11.40175,11.40175,10.63015,10.63015,10.63015,9.89949,9.89949,10.63015,9.89949,9.21954,9.21954,8.60233,9.21954,9.21954,8.60233,8.60233,8.60233,8.60233,8.60233,8.60233,7.81025,7.81025,7.81025,7.81025,7.07107,7.07107,7.07107,7.2111,6.40312,5.83095,5.83095,5.0,4.47214,5.38516,4.12311,4.12311,4.12311,4.0,3.0,3.0,2.0,2.23607,2.23607,2.23607,1.41421,77.25283,74.63243,74.72617,77.49194,75.28612,71.30919,67.06713,72.73239,68.00735,69.26038,61.61169,63.95311,60.82763,57.27128,54.91812,56.22277,55.44367,56.14268,54.45181,50.0,55.0,50.0,48.16638,50.01,46.04346,44.01136,50.01,46.01087,45.0,49.0102,43.01163,53.00943,38.20995,45.09989,41.10961,35.22783,38.63936,39.20459,34.9285,45.88028,37.33631,36.76955,30.41381,25.4951,29.15476,25.80698,26.24881,22.67157,21.2132,23.34524,22.47221,17.20465,17.49286,19.23538,16.12452,14.56022,16.49242,35.1141,28.79236,27.85678,31.62278,33.24154,30.36445,30.8707,31.7805,33.24154,29.96665,34.88553,33.10589,37.16181,36.24914,36.89173,41.04875,43.26662,41.04875,42.63801,50.21952,52.49762,53.15073,50.44799,48.82622,50.24938,49.57822,55.22681,55.22681,51.73973,61.6198,56.72742,58.72819,63.03174,61.84658,60.21628,63.82006,63.51378,65.80274,63.24555,66.37017,66.88797,63.50591,69.11584,67.97794,72.49828,75.0,77.83315,78.43469,70.77429,75.02666,72.23573,80.32434,83.81527,75.58439,79.40403,81.90849,77.49194
13.0384,13.0384,12.52996,11.6619,11.6619,10.81665,10.81665,10.0,10.0,10.0,10.0,9.89949,9.21954,9.21954,9.21954,8.48528,8.48528,8.48528,7.81025,7.81025,7.81025,7.81025,7.81025,7.81025,7.81025,7.81025,7.81025,7.81025,7.07107,7.07107,6.40312,6.40312,6.40312,6.40312,5.83095,5.83095,5.38516,5.38516,4.47214,4.12311,4.12311,4.0,4.0,3.0,3.0,3.16228,3.16228,3.16228,2.23607,2.82843,2.82843,2.23607,90.60905,79.07591,81.3941,74.95332,73.5459,73.34848,68.88396,71.44928,71.38627,68.35934,61.52235,65.37584,59.84146,59.4138,51.47815,53.15073,59.07622,53.08484,51.0392,54.14795,54.33231,52.03845,49.36598,52.46904,48.16638,50.15974,49.64877,50.63596,49.81967,46.17359,45.54119,43.01163,46.38965,46.09772,44.18144,44.18144,46.09772,41.19466,40.79216,33.83785,35.90265,29.54657,32.01562,29.73214,30.80584,25.94224,24.41311,28.17801,19.79899,24.08319,23.32381,20.80865,19.72308,15.81139,17.08801,15.52417,15.29706,30.46309,31.04835,32.57299,32.69557,34.0147,33.10589,33.61547,34.0147,32.75668,37.73592,33.12099,32.64966,36.12478,37.20215,40.49691,42.80187,42.43819,42.2019,41.01219,52.34501,51.08816,53.75872,46.75468,56.58622,55.86591,53.03772,50.0,55.15433,57.38467,56.72742,61.84658,62.28965,59.40539,58.41233,62.1289,56.60389,64.63745,64.88451,67.60178,68.47627,68.02941,64.40497,71.19691,73.53911,69.57011,74.09453,69.07966,76.24303,74.2159,78.1025,77.12976,77.88453,74.72617,78.1025,84.34453,89.05055,78.26238
14.14214,13.15295,13.15295,12.16553,12.16553,12.16553,12.16553,11.18034,11.18034,10.44031,10.44031,10.77033,9.84886,9.84886,8.544,9.84886,8.94427,8.94427,8.94427,8.94427,8.94427,8.94427,8.94427,8.06226,8.60233,8.06226,8.06226,7.61577,7.61577,7.61577,7.28011,7.28011,7.28011,6.32456,6.08276,6.08276,6.08276,5.09902,5.0,5.0,4.12311,4.12311,4.12311,3.16228,3.16228,2.82843,2.82843,2.82843,2.82843,2.23607,2.23607,2.23607,75.21303,80.0,77.66595,70.80254,79.51101,68.24954,68.62215,71.8401,65.19202,64.38167,67.26812,62.36986,59.4138,62.96825,58.13777,57.31492,55.9017,53.2635,45.60702,52.00961,50.77401,51.31277,45.22168,50.0,46.40043,49.20366,47.85394,47.88528,48.54894,51.10773,41.59327,40.70626,45.22168,40.60788,45.60702,42.44997,38.20995,36.79674,38.01316,36.76955,36.23534,32.44996,31.90611,32.20248,32.69557,28.63564,25.0,24.18677,23.5372,22.02272,16.03122,20.22375,18.24829,17.46425,17.72005,12.36932,14.42221,27.29469,34.9285,31.257,29.83287,31.04835,31.57531,32.55764,29.42788,31.7805,33.54102,36.22154,36.22154,36.0,37.05401,39.0,41.01219,41.0,42.0119,42.19005,49.0,54.08327,47.16991,51.47815,48.01042,52.46904,50.01,56.08921,57.27128,58.24946,57.70615,57.97413,51.97115,58.0517,55.31727,64.32729,64.84597,62.96825,64.07808,64.2573,66.30988,63.95311,69.857,66.64833,66.7308,66.57327,66.57327,72.94518,69.06519,76.27582,75.16648,71.28113,77.62087,79.64923,81.34494,83.73769,84.31489,83.48653
14.21267,13.45362,12.80625,13.45362,12.04159,12.80625,12.04159,12.04159,10.63015,10.63015,10.63015,10.63015,9.89949,9.89949,9.21954,9.21954,9.21954,9.21954,8.60233,8.60233,8.60233,8.60233,8.60233,8.60233,8.60233,8.60233,8.60233,7.81025,7.81025,8.48528,7.07107,7.07107,7.07107,7.2111,7.2111,6.7082,6.7082,6.32456,5.38516,5.38516,5.09902,5.09902,5.09902,5.0,4.0,4.12311,4.12311,4.12311,3.60555,3.60555,3.60555,2.82843,69.2315,79.83107,73.97973,77.52419,70.61161,71.19691,62.96825,64.93843,67.26812,61.0,61.81424,60.53098,62.39391,53.15073,58.07753,56.0357,55.00909,51.15662,50.0,49.0102,52.23983,51.24451,45.12206,50.08992,46.27094,44.10215,42.04759,46.04346,41.10961,40.04997,44.55334,44.0,37.0,43.0,44.28318,37.01351,37.05401,36.49658,36.49658,39.81206,34.17601,34.17601,28.4605,30.46309,28.84441,30.41381,26.24881,21.93171,18.02776,19.20937,20.24846,24.16609,20.61553,15.52417,22.80351,13.0384,15.0,34.05877,33.42155,34.0,33.83785,34.4093,34.82815,29.69848,33.24154,38.41875,33.24154,39.69887,37.48333,39.62323,36.79674,41.7732,43.13931,43.93177,45.96738,46.2277,43.84062,46.75468,47.63402,47.80167,52.69725,51.0392,54.20332,48.01042,57.68882,51.86521,55.07268,58.83026,57.3062,63.52952,60.41523,64.88451,65.39113,63.07139,62.6099,65.30697,62.62587,68.54196,70.5195,71.47027,64.62198,66.48308,71.7844,70.0928,70.03571,73.97973,76.90254,72.36712,79.30952,83.36066,75.32596,82.76473,78.44743,82.60751
13.0,12.0,12.04159,12.0,11.0,11.0,11.04536,11.04536,10.0,10.04988,10.04988,9.21954,9.21954,9.21954,9.21954,8.24621,8.24621,8.24621,8.544,8.544,8.544,8.544,7.61577,8.06226,7.61577,7.61577,7.61577,7.28011,7.28011,7.28011,7.28011,7.07107,7.07107,6.08276,6.0,6.0,6.0,5.0,5.09902,5.09902,4.47214,4.47214,4.47214,3.60555,3.60555,2.82843,2.82843,3.60555,2.23607,3.16228,3.16228,3.0,72.42237,79.92496,76.55064,76.27582,75.21303,71.02816,65.80274,67.62396,65.29931,61.84658,64.66065,60.81118,58.25805,57.98276,54.67175,51.85557,55.15433,55.17246,50.20956,51.40039,51.08816,46.40043,51.0392,44.20407,46.40043,46.87217,45.48626,46.32494,48.54894,45.79301,42.2019,48.60041,45.60702,40.80441,45.96738,40.45986,39.05125,38.20995,39.62323,34.82815,33.6006,30.41381,30.01666,31.76476,27.20294,30.46309,25.4951,20.39608,22.36068,21.2132,18.24829,19.23538,17.08801,14.76482,15.26434,13.41641,14.86607,31.40064,31.04835,32.55764,32.28002,34.23449,29.41088,31.01612,35.44009,33.54102,36.87818,33.54102,37.65634,41.0,36.12478,41.19466,43.28972,42.0119,42.0119,46.27094,43.04649,45.17743,54.14795,50.15974,54.08327,52.34501,52.15362,57.03508,57.31492,58.85576,56.08921,57.55867,59.22837,58.94065,66.09841,63.06346,64.32729,63.56886,65.19202,60.08328,65.19202,65.80274,66.21178,66.24198,73.79024,68.02941,70.68239,68.44706,70.45566,74.09453,76.844,73.78347,74.65253,74.63243,76.27582,79.05694,85.42833,78.1025
13.0384,13.0,12.0,12.0,11.0,11.0,11.0,10.0,10.0,10.04988,10.04988,9.05539,9.21954,9.21954,9.21954,8.24621,8.24621,8.24621,8.24621,8.544,8.544,8.544,7.28011,7.61577,8.544,7.28011,7.28011,7.28011,7.28011,7.28011,7.07107,7.07107,7.07107,6.08276,6.0,6.0,6.08276,5.09902,5.09902,5.09902,4.47214,4.47214,4.47214,3.60555,4.24264,3.60555,3.60555,3.60555,3.16228,3.16228,3.16228,3.0,76.2168,78.74643,72.24957,76.57676,75.43209,77.83315,70.29225,73.5527,66.48308,67.88225,60.10824,55.9017,60.81118,52.49762,59.4138,53.8145,55.22681,51.08816,50.21952,50.77401,51.97115,50.77401,47.41308,49.24429,45.18849,50.08992,51.0392,43.41659,43.909,43.82921,41.18252,43.26662,43.41659,44.10215,42.80187,43.26662,36.71512,44.20407,38.8973,36.79674,36.23534,38.83298,29.52965,30.0,30.8707,26.07681,24.59675,24.73863,24.33105,25.0,22.09072,16.0,18.02776,18.97367,16.27882,16.15549,14.31782,32.14032,33.13608,28.28427,31.257,29.42788,31.06445,35.12834,33.24154,35.12834,33.01515,36.12478,47.26521,40.11234,41.10961,44.28318,39.31921,51.15662,45.17743,47.26521,43.04649,46.17359,51.24451,54.58938,50.08992,54.58938,55.9017,57.31492,56.7186,59.43904,57.56735,58.24946,60.63827,60.72891,62.96825,64.2573,61.46544,62.76942,66.12866,62.24147,66.18912,75.17978,67.41662,66.18912,69.89278,71.56116,79.92496,73.06162,72.20111,76.83749,77.98718,79.40403,80.60397,79.81228,74.4043,81.3941,83.86895,74.33034
13.41641,13.0,12.08305,12.08305,12.08305,11.18034,10.77033,10.77033,10.77033,9.48683,9.84886,9.48683,9.48683,9.48683,9.21954,9.21954,9.21954,8.24621,8.06226,8.06226,8.06226,8.06226,8.06226,8.06226,8.06226,8.24621,8.24621,8.24621,7.28011,7.61577,7.28011,7.28011,6.7082,6.7082,7.2111,5.83095,6.40312,5.65685,5.65685,5.0,5.0,5.0,4.47214,4.12311,4.12311,4.12311,4.12311,4.0,3.0,3.0,3.16228,3.16228,82.60751,71.58911,82.20097,71.19691,68.88396,75.80237,64.93843,72.56032,60.20797,60.82763,61.0,59.43904,64.7611,53.75872,53.60037,54.08327,52.39275,47.53946,52.0,48.8467,52.3259,51.86521,51.88449,44.01136,42.04759,43.86342,44.28318,39.44617,43.909,45.69464,46.51881,46.61545,38.62642,44.01136,37.69615,35.1141,40.80441,38.27532,35.69314,39.81206,37.33631,33.01515,30.01666,27.29469,27.07397,26.30589,26.57066,21.93171,23.70654,18.60108,24.20744,17.69181,18.43909,16.55295,11.6619,15.26434,14.31782,31.76476,33.6006,33.01515,32.44996,30.80584,38.27532,34.0,30.52868,36.71512,34.66987,36.89173,41.14608,42.04759,38.62642,41.18252,39.35734,44.77723,44.77723,49.0408,41.78516,45.22168,49.76947,49.39636,48.76474,53.36666,53.60037,57.56735,58.69412,50.63596,56.29387,51.66237,61.18823,62.0967,61.18823,62.80127,59.43904,60.03332,64.03124,61.0,70.17834,71.11259,63.03174,70.11419,67.00746,71.17584,70.00714,70.17834,75.66373,74.52516,73.00685,70.03571,82.56513,77.10383,71.44928,77.27872,81.3941,79.9062
14.56022,14.56022,13.60147,13.60147,12.64911,13.60147,12.36932,12.36932,11.40175,11.18034,11.18034,11.18034,11.18034,10.04988,10.04988,10.04988,10.04988,10.0,10.0,9.0,9.0,9.0,9.0,9.0,9.0,9.0,9.0,8.06226,9.05539,8.06226,8.06226,8.24621,8.24621,7.28011,7.28011,7.28011,7.61577,6.7082,6.7082,5.83095,5.83095,5.0,5.0,5.0,4.24264,4.24264,3.60555,3.60555,3.60555,3.16228,3.16228,3.16228,79.30952,75.6439,71.17584,69.35416,71.11962,66.24198,69.77822,68.44706,65.51336,63.52952,58.13777,56.30275,60.21628,56.40035,55.07268,54.40588,57.48913,53.85165,49.57822,52.34501,48.79549,45.96738,43.13931,48.10405,45.27693,46.09772,48.25971,43.93177,45.27693,48.10405,43.27817,41.40048,46.66905,38.01316,41.72529,41.23106,38.83298,38.41875,39.44617,35.51056,35.0,28.79236,31.32092,23.76973,27.51363,23.76973,25.01999,22.02272,15.0333,22.0,20.22375,19.64688,17.46425,19.23538,16.27882,14.14214,13.45362,31.95309,31.7805,32.69557,31.7805,33.24154,29.73214,29.96665,35.1141,33.61547,35.90265,33.83785,37.10795,46.32494,45.88028,47.29693,47.43416,48.6621,47.75982,46.38965,51.47815,50.08992,54.45181,49.36598,53.75872,52.34501,58.00862,56.56854,48.04165,59.07622,60.03332,61.20457,66.18912,58.13777,66.27217,65.27634,63.03174,63.95311,62.514,65.9242,68.44706,64.32729,69.857,64.56005,74.33034,64.56005,65.0,66.85058,72.09022,76.96753,74.67262,74.46476,75.13322,75.58439,75.96052,74.33034,76.92204,79.70571
13.60147,12.64911,12.64911,12.64911,12.64911,11.7047,11.7047,10.77033,10.77033,10.77033,9.84886,9.84886,10.29563,9.43398,9.43398,9.43398,8.60233,8.60233,8.60233,8.60233,8.60233,8.60233,8.60233,8.60233,8.60233,7.81025,7.81025,8.60233,7.2111,7.2111,6.7082,7.61577,6.7082,6.7082,6.32456,6.32456,6.08276,6.08276,6.08276,5.0,4.0,4.12311,4.12311,4.12311,3.16228,3.60555,3.60555,2.82843,2.82843,2.82843,2.23607,3.16228,69.35416,78.1025,79.02531,65.8559,72.00694,68.60029,70.93659,68.00735,67.42403,57.62812,61.03278,57.2014,59.40539,56.0357,54.20332,52.92447,55.9017,56.46238,47.53946,48.30114,53.22593,52.80152,45.88028,45.88028,50.56679,47.43416,45.88028,46.17359,47.07441,44.59821,46.48656,44.92215,46.48656,37.36308,41.14608,39.82462,41.78516,39.82462,36.89173,35.51056,36.06938,31.89044,30.41381,29.69848,29.41088,25.23886,27.313,26.41969,18.43909,20.24846,17.02939,16.49242,15.13275,14.31782,14.56022,15.29706,15.29706,31.57531,34.0147,32.0,31.06445,30.06659,35.01428,33.0,33.06055,34.1321,36.01389,40.79216,37.48333,30.08322,39.29377,41.59327,45.35416,46.69047,45.35416,43.9659,49.0408,51.97115,52.17279,50.32892,52.39275,47.42362,55.36244,58.18075,56.46238,61.46544,59.5063,57.38467,61.91123,57.69749,61.7171,61.7414,59.16925,64.49806,64.07027,64.03124,64.40497,66.8431,66.06815,65.29931,69.35416,71.50524,67.89698,73.59348,68.68042,77.07788,72.13876,76.57676,78.1025,77.98718,76.57676,72.94518,75.0,79.39773
13.0,11.7047,12.08305,12.08305,10.77033,10.77033,10.44031,10.44031,10.44031,9.48683,9.21954,9.21954,9.21954,9.21954,9.21954,9.05539,9.0,9.05539,8.06226,8.06226,8.06226,8.06226,8.0,8.0,8.0,8.0,8.0,7.07107,7.07107,7.07107,7.07107,6.08276,6.32456,6.32456,6.32456,6.32456,5.38516,5.0,4.47214,5.0,4.24264,3.60555,3.60555,3.60555,3.60555,2.23607,3.16228,2.0,2.0,2.0,2.0,2.23607,79.69944,81.90849,78.16009,75.69016,75.0,73.05477,72.12489,72.42237,66.12866,62.62587,61.68468,61.35145,56.85948,55.9464,56.35601,55.56978,55.9464,53.23533,48.02083,51.07837,41.88078,46.61545,47.43416,51.61395,50.24938,49.64877,49.40648,49.20366,45.48626,45.0,46.01087,43.26662,42.72002,41.67733,44.41846,37.21559,42.05948,40.71855,34.9285,28.79236,38.48376,28.86174,33.52611,35.0571,27.45906,24.0,22.56103,23.08679,22.2036,23.76973,22.36068,17.0,16.49242,17.88854,19.41649,11.40175,14.14214,33.24154,33.54102,32.24903,37.44329,32.64966,31.38471,32.75668,33.24154,35.35534,32.89377,38.62642,36.76955,42.37924,39.56008,43.08132,39.56008,44.01136,43.32436,46.87217,50.32892,47.43416,53.45091,49.47727,55.7853,51.78803,52.61179,53.60037,55.31727,61.0,59.21149,58.42089,59.21149,64.28063,63.28507,66.37017,62.20129,65.19202,65.19202,69.06519,69.35416,70.11419,62.514,70.03571,68.73136,69.05071,75.18643,70.34202,68.65858,76.90254,76.94154,77.49194,75.27284,84.40379,77.20104,80.32434,74.04053,85.44004
13.89244,12.52996,13.41641,12.52996,12.08305,11.6619,11.6619,11.18034,11.18034,10.77033,10.77033,10.77033,10.44031,10.44031,9.48683,10.44031,9.48683,9.21954,9.21954,9.21954,9.21954,9.21954,8.24621,9.05539,9.05539,8.24621,9.21954,8.24621,8.24621,8.24621,7.28011,7.61577,7.61577,6.7082,6.7082,6.7082,5.83095,5.83095,5.0,5.0,5.0,4.24264,4.24264,3.60555,3.60555,3.16228,3.16228,3.16228,2.23607,2.0,2.0,2.0,71.38627,76.11833,76.29548,75.70997,68.88396,77.62087,63.34824,64.56005,64.13267,64.03124,60.40695,61.68468,64.51356,57.48913,57.00877,52.63079,50.59644,48.46648,51.86521,49.24429,50.32892,51.47815,48.8774,47.50789,41.67733,47.16991,49.64877,46.51881,46.52956,46.95743,38.48376,46.32494,41.14608,40.49691,37.16181,38.62642,42.72002,39.92493,36.68787,36.87818,33.37664,35.22783,27.01851,30.06659,26.01922,27.16616,26.4764,25.29822,24.73863,22.36068,22.13594,25.05993,19.20937,19.20937,14.76482,12.80625,14.31782,30.88689,32.64966,34.98571,31.30495,30.80584,34.48188,34.43835,33.61547,34.20526,37.57659,42.05948,42.19005,40.31129,36.23534,42.15448,41.62932,49.0408,46.09772,44.59821,48.08326,48.05206,52.81098,52.20153,55.02727,57.56735,56.32051,57.24509,53.36666,61.61169,61.29437,62.36185,62.64982,63.15061,61.40033,60.40695,61.40033,68.11755,69.26038,66.0303,65.0,63.00794,68.18358,71.00704,70.17834,69.02898,71.58911,72.56721,76.79193,68.593,73.5459,77.64664,78.77182,74.96666,81.25269,84.17244,74.33034,85.72631
13.89244,13.89244,13.89244,13.0384,12.52996,12.52996,12.52996,11.18034,11.18034,11.18034,11.18034,10.77033,10.77033,9.84886,9.84886,10.44031,10.44031,9.48683,9.48683,9.48683,9.48683,9.21954,9.21954,9.21954,9.21954,9.21954,9.21954,8.544,8.544,8.544,8.544,7.61577,7.61577,7.61577,7.2111,7.2111,7.2111,6.40312,5.65685,5.65685,5.65685,5.65685,5.0,5.0,4.47214,4.47214,4.12311,4.12311,3.16228,4.12311,3.0,3.0,73.5527,79.22752,70.25667,75.80237,70.71068,71.34424,72.33948,68.26419,65.76473,56.56854,61.0,60.87693,56.04463,57.55867,52.7731,53.14132,50.9902,54.40588,50.96077,53.85165,47.01064,50.56679,42.94182,47.41308,47.75982,47.41308,42.48529,47.42362,46.95743,44.29447,44.77723,41.14608,40.71855,42.95346,39.56008,45.54119,39.56008,44.38468,36.67424,37.10795,34.52535,32.38827,35.0571,28.63564,29.06888,23.19483,23.08679,26.07681,22.84732,18.86796,18.35756,17.02939,18.02776,16.97056,16.55295,14.86607,13.15295,36.61967,36.79674,33.83785,33.30165,33.42155,38.28838,32.64966,34.65545,38.20995,37.20215,34.05877,41.23106,38.83298,40.31129,41.34005,40.49691,43.60046,43.04649,46.51881,49.73932,51.0,47.88528,47.16991,57.27128,59.94164,54.626,57.77543,57.00877,61.32699,58.18075,61.09828,67.35726,63.15061,62.64184,67.46851,68.06614,66.91039,64.28841,67.60178,71.02112,62.20129,70.25667,66.48308,73.24616,70.00714,65.11528,70.17834,70.02857,79.22752,70.06426,82.0975,78.40918,78.40918,76.65507,80.09994,80.22468,81.04937
12.20656,12.20656,12.20656,12.20656,10.81665,11.40175,10.0,10.0,10.0,9.21954,9.89949,9.89949,9.21954,9.21954,8.48528,8.60233,8.60233,7.81025,8.60233,7.81025,7.81025,7.81025,7.2111,8.06226,8.06226,7.2111,7.2111,7.81025,7.81025,6.40312,6.40312,7.07107,7.07107,6.40312,5.83095,5.83095,5.83095,5.0,4.47214,4.47214,4.12311,4.12311,4.0,3.0,3.0,3.16228,3.16228,3.16228,2.23607,2.23607,2.82843,2.23607,75.31268,86.40023,82.0061,79.81228,77.46612,74.54529,72.18033,68.68042,68.73136,61.40033,63.63961,63.1981,61.20457,61.20457,58.00862,53.33854,58.07753,59.13544,55.03635,52.0,50.08992,50.03998,47.67599,53.15073,47.26521,54.91812,43.10452,45.39824,51.97115,45.01111,47.26521,47.16991,40.1995,43.28972,48.04165,40.11234,40.04997,42.04759,39.01282,30.41381,32.55764,37.64306,31.7805,29.54657,27.73085,26.92582,21.9545,26.62705,26.1725,19.23538,17.69181,19.41649,17.02939,17.20465,16.15549,14.56022,15.0,38.07887,31.95309,32.69557,33.54102,33.83785,30.46309,33.10589,37.58989,33.10589,38.58756,38.07887,45.27693,39.40812,45.27693,40.60788,39.96248,45.27693,43.41659,48.16638,49.81967,50.44799,51.66237,48.41487,53.75872,53.90733,56.63921,55.97321,53.75872,62.93648,58.69412,58.0517,58.25805,62.80127,64.3506,63.81222,65.45991,64.63745,64.89992,64.14047,68.0,68.7968,64.00781,69.46222,71.30919,69.35416,69.64194,68.62215,76.2168,80.08121,78.43469,75.0,74.63243,75.18643,80.08121,86.40023,80.77747,76.11833
12.72792,12.72792,12.72792,12.72792,11.31371,11.40175,11.31371,10.63015,10.63015,10.0,10.0,9.43398,9.43398,9.43398,9.43398,8.94427,8.94427,8.94427,8.94427,8.06226,8.06226,8.94427,7.61577,8.544,7.61577,7.61577,8.06226,8.06226,7.2111,7.2111,7.2111,7.2111,6.40312,6.40312,5.65685,5.65685,5.65685,5.0,5.0,4.47214,4.47214,4.12311,4.12311,3.16228,3.0,3.0,3.0,3.16228,3.16228,2.23607,2.23607,2.23607,81.22192,77.0,83.21658,78.16009,70.00714,68.26419,74.00676,74.00676,63.03174,61.0082,58.07753,60.03332,62.07254,56.0803,57.87055,52.46904,49.36598,51.97115,52.34501,53.60037,51.62364,48.83646,46.17359,46.17359,51.66237,47.07441,44.64303,46.8188,48.05206,44.27189,44.38468,40.02499,43.01163,44.14748,43.93177,39.29377,40.1995,42.57934,39.05125,39.11521,32.06244,30.26549,28.28427,29.61419,28.63564,25.70992,24.35159,23.76973,24.16609,20.0,20.51828,21.40093,17.69181,14.14214,13.45362,16.12452,19.0263,31.89044,35.4683,30.0,30.4795,28.01785,32.01562,32.64966,35.38361,33.97058,41.03657,35.38361,33.97058,37.64306,40.45986,43.93177,40.31129,40.36087,45.22168,44.10215,46.04346,50.9902,47.16991,49.81967,54.08327,50.80354,53.85165,53.0,51.97115,54.58938,62.17717,55.9464,64.40497,60.41523,60.74537,63.56099,61.68468,61.68468,62.96825,64.56005,67.08204,68.94926,61.18823,67.35726,69.12308,68.593,67.26812,67.47592,71.17584,75.0,78.23043,75.23962,74.00676,79.05694,73.0,78.05767,78.00641,80.05623
12.52996,12.52996,12.52996,12.52996,11.6619,11.6619,10.81665,10.81665,10.0,10.0,10.0,10.0,9.21954,9.21954,9.21954,8.48528,8.48528,8.48528,8.48528,8.48528,8.48528,7.81025,7.81025,7.81025,7.81025,7.81025,7.81025,7.07107,7.07107,7.07107,6.40312,6.40312,6.40312,5.83095,5.83095,5.83095,5.38516,5.38516,5.09902,4.12311,4.12311,4.0,4.0,3.0,3.16228,3.16228,3.16228,2.23607,2.82843,2.82843,2.82843,2.23607,79.42921,82.0061,81.3941,71.06335,72.18033,72.03471,71.19691,70.61161,61.0,70.40597,59.5399,60.53098,62.1289,55.9017,54.74486,52.15362,53.08484,55.03635,53.08484,51.08816,51.15662,46.0,52.00961,46.38965,46.04346,47.26521,42.19005,51.15662,51.47815,46.17359,42.0119,47.09565,40.1995,42.19005,37.0,42.10701,38.0,36.22154,38.0526,37.21559,34.20526,29.15476,35.73514,26.57066,28.23119,25.0,25.05993,23.43075,22.47221,20.80865,21.2132,18.38478,17.0,17.49286,19.31321,9.48683,15.13275,30.23243,30.52868,34.0,31.62278,32.64966,34.53983,30.52868,33.54102,35.80503,36.71512,39.82462,43.41659,38.8973,40.0,41.40048,37.20215,47.42362,43.27817,49.0408,42.43819,42.63801,53.2635,48.83646,51.66237,50.20956,55.15433,57.31492,55.17246,58.79626,62.96825,57.48913,61.40033,58.00862,57.68882,62.68174,65.19202,60.46487,62.64982,61.77378,71.58911,70.26379,61.32699,69.77822,69.28925,71.17584,73.68175,73.05477,70.60453,76.40026,72.11103,75.0,74.2159,77.7946,69.92138,87.80091,84.17244,86.88498
14.31782,13.41641,13.41641,13.0,12.08305,12.08305,12.08305,12.08305,11.18034,10.29563,10.29563,10.29563,9.43398,9.43398,9.43398,10.0,9.43398,10.0,9.21954,8.60233,8.60233,9.21954,9.21954,7.81025,8.60233,8.60233,8.60233,8.60233,7.2111,8.60233,7.2111,7.61577,7.61577,6.7082,7.61577,7.28011,6.32456,6.08276,6.08276,5.0,6.0,5.0,5.09902,5.09902,4.12311,4.47214,4.47214,3.60555,3.60555,2.82843,2.82843,2.82843,78.16009,74.09453,79.84986,65.45991,69.26038,72.12489,63.89053,71.16881,57.72348,65.0,65.14599,57.87055,60.53098,56.75385,53.85165,53.75872,51.66237,49.25444,54.45181,52.08647,50.0,44.72136,45.27693,40.0125,42.42641,39.31921,43.01163,42.0119,47.01064,44.0,41.04875,44.01136,42.29657,40.60788,42.10701,40.60788,38.32754,33.95585,34.20526,34.20526,36.68787,34.88553,28.84441,27.45906,29.0,24.18677,23.32381,18.43909,18.60108,19.20937,16.55295,16.49242,18.24829,17.46425,13.34166,14.03567,17.11724,34.66987,35.22783,32.24903,36.35932,35.51056,29.15476,34.1321,34.66987,34.66987,34.48188,34.66987,41.6173,36.76955,39.44617,44.04543,42.43819,44.82187,45.22168,48.41487,45.96738,50.32892,53.15073,48.08326,53.41348,53.15073,56.56854,56.58622,57.98276,58.0,60.30755,56.61272,58.72819,54.20332,60.30755,61.03278,67.00746,66.28725,62.96825,64.40497,66.57327,67.60178,65.8635,70.66116,71.55418,75.58439,66.09841,73.68175,73.53911,76.32169,73.1642,75.58439,77.16217,80.95678,79.55501,74.94665,82.21922,75.58439
15.0333,14.03567,14.03567,14.03567,13.15295,12.04159,13.15295,12.16553,12.16553,12.16553,11.18034,11.40175,11.40175,10.44031,10.44031,10.44031,10.44031,9.48683,9.84886,9.84886,9.84886,9.84886,9.48683,9.84886,9.84886,9.48683,9.48683,9.48683,8.544,8.544,8.24621,8.24621,8.24621,8.06226,7.07107,7.0,7.0,6.0,6.0,6.08276,5.09902,5.09902,5.09902,4.47214,4.47214,3.60555,3.60555,3.60555,2.82843,2.82843,2.23607,2.23607,77.78175,75.16648,76.36753,68.41053,71.50524,71.70077,69.31089,65.76473,57.48913,65.76473,61.55485,55.22681,57.28001,53.2635,50.91169,52.49762,50.32892,53.60037,51.86521,47.70744,45.22168,46.14109,49.76947,43.909,41.59327,45.27693,43.56604,47.85394,45.69464,44.65423,42.94182,41.34005,41.14608,40.70626,34.65545,38.27532,38.58756,39.66106,35.80503,34.82815,36.79674,33.83785,28.84441,28.6007,26.07681,30.46309,27.85678,23.70654,24.5153,21.37756,17.46425,22.0,23.0,19.10497,17.26268,14.86607,17.0,33.0,34.1321,31.40064,33.24154,36.01389,32.06244,33.06055,34.23449,38.01316,35.0571,43.10452,40.0125,44.72136,40.1995,43.10452,47.04253,48.50773,45.12206,47.38143,49.24429,49.24429,53.15073,51.1957,52.81098,60.63827,57.72348,57.00877,60.87693,58.5235,60.40695,56.30275,60.74537,66.12866,58.87274,66.18912,62.29767,70.66116,65.36819,63.50591,60.82763,68.96376,73.24616,73.60027,71.40028,66.24198,74.24958,80.80223,76.83749,72.18033,70.0928,75.60423,82.32861,82.13404,77.89737,77.15569,80.62258,79.20859
13.15295,13.15295,12.16553,12.16553,11.18034,11.18034,11.18034,10.04988,10.04988,10.04988,10.0,10.0,10.0,9.0,9.0,9.05539,9.05539,9.05539,8.06226,8.06226,8.06226,8.06226,8.06226,8.24621,8.06226,8.06226,8.06226,7.07107,7.0,7.0,7.0,6.0,7.0,6.08276,6.08276,6.08276,6.08276,5.38516,4.47214,4.47214,4.47214,3.60555,3.60555,2.82843,2.82843,2.82843,2.23607,2.23607,2.0,2.0,2.0,2.0,81.00617,77.02597,83.24062,72.40166,76.27582,76.05919,70.23532,67.23095,63.07139,66.61081,69.64194,61.29437,60.30755,57.48913,57.48913,55.31727,55.31727,53.07542,53.15073,48.16638,53.25411,48.79549,50.9902,46.40043,47.38143,46.75468,47.20169,52.49762,48.16638,45.45327,48.25971,44.68781,42.52058,42.44997,39.69887,45.60702,41.10961,37.80212,41.40048,34.65545,33.83785,34.98571,30.08322,26.92582,29.73214,25.70992,29.27456,25.31798,21.0238,25.0,20.02498,19.10497,19.31321,20.61553,18.02776,10.44031,15.55635,31.62278,37.65634,34.0147,37.69615,34.20526,32.20248,36.13862,33.52611,36.87818,37.85499,41.30375,41.7732,45.39824,42.42641,44.01136,39.62323,44.40721,46.04346,47.09565,45.09989,46.04346,52.00961,48.04165,53.00943,53.15073,60.03332,55.08176,61.07373,57.03508,61.13101,56.22277,70.25667,60.07495,60.67125,67.47592,60.63827,62.96825,68.88396,68.88396,72.42237,67.6757,72.44998,73.1642,70.00714,71.69379,83.18654,71.58911,70.71068,73.43024,72.94518,74.68601,79.75588,84.38009,73.78347,83.24062,83.24062,80.70936
13.60147,12.36932,13.34166,12.36932,12.36932,11.40175,11.18034,11.18034,11.18034,11.04536,10.19804,10.04988,10.04988,10.0,9.0,10.0,9.0,10.0,9.05539,9.05539,9.05539,9.05539,9.05539,9.05539,9.05539,9.0,8.06226,9.0,8.06226,8.0,7.0,8.0,7.0,7.07107,7.07107,6.32456,6.32456,6.32456,5.38516,5.38516,5.38516,4.47214,4.47214,3.60555,3.60555,3.60555,2.82843,2.82843,2.23607,2.23607,2.23607,2.0,72.73239,80.00625,80.77747,76.96753,74.84651,72.61543,70.21396,67.08204,65.30697,66.64083,64.88451,61.68468,60.41523,54.56189,55.47071,60.53924,47.70744,50.44799,49.64877,53.41348,48.41487,47.43416,42.44997,45.27693,46.2277,46.69047,50.44799,42.42641,46.09772,47.50789,46.61545,43.26662,40.0,37.48333,38.01316,39.40812,34.05877,35.34119,31.38471,37.16181,34.20526,34.52535,29.83287,28.63564,27.65863,26.1725,26.07681,22.36068,21.37756,24.73863,20.61553,20.61553,14.31782,16.97056,15.23155,19.79899,14.42221,36.05551,34.20526,35.90265,37.16181,32.69557,34.88553,31.95309,36.68787,41.76123,39.81206,37.85499,41.76123,43.17407,43.68066,41.7732,43.56604,44.55334,53.60037,46.38965,47.07441,52.7731,51.24451,56.22277,56.56854,57.07889,57.14018,58.21512,60.07495,59.07622,57.07889,61.03278,60.07495,61.0082,66.1211,65.03076,64.19502,64.93843,66.48308,67.26812,68.44706,67.68309,70.34202,78.1025,74.72617,64.53681,80.00625,78.44743,74.94665,80.41144,77.83315,76.89603,78.92401,80.41144,80.05623,84.8646,79.30952,80.95678
14.21267,14.21267,13.60147,13.60147,12.80625,12.80625,12.04159,11.31371,11.31371,11.31371,11.31371,10.63015,10.63015,10.63015,10.63015,10.0,10.0,9.43398,9.43398,9.43398,9.43398,9.43398,9.43398,9.43398,9.43398,9.43398,9.43398,8.60233,8.60233,8.60233,8.60233,8.48528,7.81025,7.81025,7.07107,7.07107,6.40312,6.40312,5.83095,5.83095,5.38516,5.38516,5.38516,4.12311,4.12311,4.12311,4.12311,4.0,3.0,3.0,3.16228,2.23607,77.83315,77.25283,77.25283,72.73239,67.44627,65.55151,66.94027,65.25335,65.25335,60.44005,59.23681,59.43904,60.63827,57.72348,54.91812,50.63596,54.45181,51.47815,47.09565,48.09366,49.0408,46.01087,47.04253,43.01163,43.01163,45.0,42.04759,47.16991,45.09989,40.11234,40.04997,43.04649,44.10215,43.01163,38.01316,41.04875,43.93177,38.11824,36.13862,34.71311,30.80584,27.20294,32.28002,29.54657,30.01666,26.62705,21.63331,24.08319,19.79899,18.60108,20.59126,19.23538,17.72005,11.6619,17.46425,18.11077,14.0,33.54102,30.01666,28.79236,34.4093,31.7805,33.54102,34.48188,30.8707,36.89173,36.40055,35.80503,41.6173,41.6173,41.88078,46.32494,44.82187,48.27007,49.20366,50.0,45.34314,50.32892,53.00943,53.90733,51.85557,56.56854,57.28001,58.69412,58.69412,58.13777,58.72819,65.11528,67.35726,59.66574,66.21933,65.79514,64.38167,67.41662,69.89278,63.63175,70.17834,70.45566,66.64833,68.47627,72.01389,64.88451,66.18912,69.77822,79.25907,78.39005,76.89603,75.96052,71.7844,80.05623,70.26379,80.28076,79.12016,75.76939
12.52996,11.6619,12.52996,11.6619,11.18034,11.18034,10.77033,10.77033,9.84886,9.84886,9.84886,9.48683,9.48683,8.544,8.24621,9.21954,8.06226,8.06226,8.06226,8.06226,8.06226,8.06226,8.06226,8.06226,8.06226,8.06226,8.06226,7.28011,7.07107,7.07107,6.32456,7.28011,6.32456,6.32456,6.32456,5.38516,5.0,5.0,5.0,5.0,4.24264,4.24264,3.60555,3.60555,3.16228,3.16228,2.23607,2.0,3.0,2.0,2.23607,2.23607,77.88453,79.07591,77.92946,71.56815,71.80529,68.68042,67.91171,70.83078,66.28725,54.42426,63.06346,58.94065,57.00877,62.39391,51.92302,56.0803,57.24509,53.66563,51.47815,50.77401,47.50789,49.1935,48.37355,52.47857,47.01064,53.53504,51.0,49.09175,44.20407,42.19005,44.40721,43.909,47.85394,42.54409,35.4683,38.58756,46.14109,38.94868,40.5216,35.73514,35.34119,31.7805,36.01389,32.24903,28.16026,30.01666,27.89265,25.4951,17.02939,23.19483,17.88854,21.9545,22.84732,17.88854,20.24846,16.40122,14.42221,32.80244,33.30165,30.0,31.90611,30.80584,29.06888,35.22783,33.61547,36.71512,39.66106,37.44329,39.40812,39.44617,46.32494,38.01316,42.48529,47.53946,51.89412,48.37355,45.31004,47.53946,52.20153,53.48832,52.0,53.22593,55.65968,59.13544,54.81788,61.61169,62.16912,55.54278,57.00877,61.0,65.62012,71.06335,67.26812,63.95311,65.19202,66.06815,71.06335,66.00758,73.02739,66.0,74.10803,69.06519,74.33034,72.69113,69.72087,73.97973,76.41989,77.64664,76.68768,75.13322,76.29548,80.60397,75.80237,79.55501
13.15295,13.15295,13.15295,12.16553,12.16553,11.18034,11.18034,10.19804,10.19804,10.44031,9.48683,9.48683,9.48683,9.48683,9.48683,8.94427,8.94427,8.94427,8.94427,8.06226,8.94427,8.94427,8.06226,8.60233,8.06226,8.06226,8.06226,8.06226,8.06226,7.61577,7.61577,7.28011,7.28011,6.32456,6.08276,6.08276,6.0,5.0,5.0,5.09902,4.12311,4.12311,4.12311,3.60555,3.60555,3.60555,2.82843,2.82843,2.82843,2.23607,3.16228,3.16228,81.8352,79.81228,74.33034,74.65253,72.18033,67.35726,69.6563,70.21396,70.17834,57.48913,59.20304,58.89822,57.00877,56.30275,52.69725,57.80138,53.53504,53.23533,51.10773,51.88449,51.07837,48.75449,45.88028,44.77723,44.94441,45.18849,45.61798,46.32494,46.48656,44.59821,46.06517,42.72002,42.04759,41.14608,40.49691,36.71512,36.71512,41.88078,34.1321,34.05877,36.76955,33.30165,31.89044,27.20294,30.52868,29.52965,23.4094,25.4951,18.68154,21.18962,18.68154,18.11077,17.11724,17.11724,15.13275,12.64911,16.76305,36.22154,32.75668,33.73426,36.87818,36.22154,35.22783,34.36568,38.47077,32.24903,39.62323,39.62323,39.56008,35.73514,38.32754,41.76123,44.01136,46.48656,43.32436,45.88028,47.80167,51.5461,49.0408,57.00877,53.7122,52.55473,56.46238,60.83584,54.626,56.82429,63.07139,59.9333,61.7171,61.40033,61.40033,66.7308,65.0,64.89992,63.24555,64.2028,68.88396,74.20243,67.62396,68.24954,73.59348,69.35416,71.70077,73.0,72.13876,76.36753,74.41102,74.51845,79.51101,79.24645,79.20859,82.21922,82.03658,79.51101
13.41641,13.41641,13.0,13.0,11.7047,12.08305,11.7047,10.77033,10.44031,10.44031,10.77033,10.44031,10.44031,9.48683,10.19804,9.21954,10.19804,9.21954,9.05539,9.05539,9.05539,9.05539,9.05539,9.05539,9.05539,9.05539,8.06226,8.24621,8.24621,8.24621,7.28011,7.28011,7.28011,7.28011,6.7082,6.7082,6.40312,5.83095,5.0,5.0,4.24264,4.24264,4.24264,3.60555,3.60555,3.16228,3.16228,3.16228,2.23607,2.0,2.0,2.0,80.62258,75.16648,74.67262,73.00685,76.53104,69.26038,69.87131,63.78871,58.13777,61.40033,62.20129,59.43904,55.22681,52.39275,52.39275,53.15073,50.28916,48.83646,47.43416,50.32892,49.98,42.2019,45.69464,46.09772,46.95743,44.01136,50.53712,42.54409,46.95743,39.0,42.05948,45.54119,41.48494,43.86342,42.05948,39.05125,39.05125,35.90265,37.10795,37.33631,37.0,34.0147,33.73426,29.27456,26.4764,27.51363,28.86174,18.60108,23.85372,21.09502,22.84732,19.20937,16.40122,14.42221,13.92839,15.81139,17.0,37.21559,28.84441,33.83785,33.6006,35.51056,32.20248,33.61547,35.8469,37.80212,36.24914,39.82462,40.24922,38.91015,39.82462,43.86342,43.38202,46.51881,44.28318,50.32892,49.0408,51.86521,44.38468,51.07837,55.03635,50.32892,54.23099,60.87693,58.30952,54.12024,61.03278,54.81788,61.68468,60.01666,60.20797,62.514,66.4906,61.18823,64.77654,64.62971,65.37584,70.34913,69.18092,68.11755,69.00725,72.06247,72.06247,73.00685,74.16873,72.33948,75.42546,75.16648,71.11259,82.05486,78.40918,83.09633,83.48653,79.9062
12.36932,12.36932,12.16553,11.40175,12.36932,10.19804,10.19804,10.19804,10.19804,10.19804,9.21954,9.05539,9.05539,9.05539,9.05539,9.0,8.0,8.0,8.06226,8.0,8.0,8.06226,8.0,8.06226,8.06226,7.0,7.0,7.0,7.0,7.07107,7.0,7.07107,7.07107,6.08276,6.32456,6.32456,5.38516,5.38516,5.38516,4.47214,5.0,4.24264,4.24264,4.24264,3.60555,3.60555,3.16228,3.16228,3.16228,3.0,3.0,3.0,82.32861,73.75636,78.87332,75.60423,74.8131,73.87828,62.80127,64.03124,58.0517,69.35416,61.6198,60.87693,58.69412,50.91169,54.67175,57.28001,54.45181,54.03702,53.41348,50.9902,57.62812,49.67897,47.01064,48.8774,43.26662,48.54894,43.01163,41.88078,47.80167,48.54894,50.44799,51.40039,36.23534,41.7732,43.41659,39.69887,39.69887,38.18377,36.76955,40.60788,33.6006,33.61547,26.62705,30.8707,31.95309,26.24881,26.57066,19.0263,23.0,21.2132,23.0,19.0263,18.02776,16.15549,14.86607,17.88854,13.45362,35.0,27.0,33.0,34.1321,31.01612,35.0571,38.01316,40.0125,34.0,35.0571,41.0,40.04997,40.04997,44.10215,41.10961,39.31921,50.08992,44.72136,48.50773,47.51842,50.80354,50.96077,50.01,52.95281,55.54278,59.43904,58.24946,61.68468,56.29387,58.94065,58.24088,69.28925,58.5235,63.15853,57.87055,68.35203,62.16912,66.85058,67.62396,68.942,68.44706,64.14047,68.8767,72.20111,74.79305,67.42403,72.11103,71.21798,78.40918,72.42237,78.49204,82.20097,79.81228,76.15773,81.05554,80.05623,85.14693
14.14214,12.72792,13.45362,12.72792,12.04159,12.04159,12.04159,10.63015,10.63015,10.81665,11.40175,10.0,9.43398,9.43398,9.43398,10.29563,9.84886,8.94427,8.94427,8.94427,8.94427,8.544,8.94427,8.544,8.544,8.544,8.94427,8.94427,7.61577,8.06226,8.06226,8.06226,7.2111,7.2111,6.40312,6.40312,6.40312,5.65685,5.65685,5.0,5.0,5.0,4.47214,3.60555,3.16228,3.16228,3.16228,3.0,3.0,2.0,2.0,2.0,78.16009,81.00617,69.00725,81.15417,79.1012,71.02816,67.0,63.03174,70.0,61.20457,61.52235,68.35934,60.03332,55.22681,57.87055,58.69412,48.16638,55.10898,51.62364,53.85165,52.7731,49.33559,41.4367,48.08326,49.0408,47.80167,52.0,42.72002,42.95346,47.41308,46.17359,46.48656,41.0,42.72002,41.23106,39.81206,41.04875,40.79216,33.24154,38.20995,37.48333,30.0,32.01562,30.41381,27.89265,31.14482,27.65863,27.51363,25.80698,20.51828,25.94224,19.20937,14.14214,19.20937,13.0384,16.27882,14.31782,33.24154,29.06888,35.0,28.3196,33.01515,31.89044,33.30165,38.8973,36.87818,34.65545,33.97058,41.23106,43.18565,44.04543,41.88078,43.18565,41.88078,48.01042,45.48626,43.60046,51.61395,54.81788,51.0392,52.7731,50.60632,62.26556,62.26556,53.7122,56.79789,55.4617,65.74192,63.50591,59.23681,62.96825,66.7308,64.19502,64.03124,70.0928,68.44706,69.05071,68.65858,72.00694,71.56815,69.05071,68.35934,80.50466,70.11419,74.06079,77.52419,78.02564,73.10951,82.05486,81.0,79.02531,78.0,80.0,83.38465
13.0384,13.0384,12.0,13.0384,11.0,11.0,10.0,10.0,10.0,10.04988,9.05539,9.05539,9.05539,9.21954,9.05539,8.06226,8.24621,8.24621,8.24621,8.24621,8.24621,8.24621,7.28011,7.61577,8.24621,7.28011,7.28011,7.07107,7.07107,7.07107,7.07107,7.07107,7.0,7.0,6.08276,5.09902,5.09902,5.09902,5.09902,5.38516,4.47214,4.47214,4.47214,4.24264,4.24264,3.60555,3.60555,3.16228,2.23607,3.16228,3.0,3.0,78.00641,74.94665,81.5414,73.23933,71.28113,69.89278,62.42596,74.20243,64.81512,63.00794,60.21628,60.0,59.5483,55.9017,54.56189,51.73973,50.93133,51.62364,48.79549,43.13931,50.9902,43.41659,48.82622,45.45327,49.0408,42.2019,42.43819,44.82187,43.41659,45.34314,41.86884,43.13931,37.64306,41.40048,36.06938,36.87818,41.86884,40.36087,35.60899,35.51056,33.12099,33.54102,32.31099,29.54657,25.4951,26.92582,27.20294,24.18677,24.0,25.17936,24.18677,19.31321,20.0,14.56022,15.65248,17.69181,12.04159,31.14482,33.37664,32.01562,34.36568,35.01428,32.01562,32.38827,30.14963,35.12834,38.0,34.05877,36.67424,39.01282,37.01351,39.11521,42.0119,47.09565,39.01282,41.0,49.49747,47.85394,48.6621,48.37355,50.44799,53.75872,56.51548,57.42822,59.90826,54.40588,56.921,58.82176,61.35145,63.24555,64.2573,64.19502,63.56886,64.84597,64.84597,66.64833,69.31811,64.41273,70.23532,70.23532,68.42514,69.35416,78.23682,71.58911,73.06162,74.02702,74.63243,74.4043,82.66196,80.80223,77.10383,81.56592,79.6304,79.81228
13.15295,12.16553,12.16553,12.16553,11.04536,11.18034,11.04536,10.04988,10.04988,10.0,9.0,9.0,10.0,9.0,9.05539,9.05539,8.06226,8.06226,8.06226,8.06226,8.06226,8.06226,7.07107,8.24621,8.24621,8.06226,7.07107,7.07107,7.07107,7.0,7.0,7.0,7.0,6.0,6.08276,6.08276,6.32456,5.38516,5.38516,5.38516,4.47214,4.47214,4.24264,4.24264,3.60555,3.60555,3.60555,3.16228,3.16228,3.16228,3.0,3.0,78.49204,73.24616,67.47592,76.8505,76.32169,62.68174,71.02816,66.28725,65.0,60.0,65.0,58.89822,58.00862,58.0517,53.90733,52.34501,58.72819,55.44367,50.44799,49.57822,47.50789,55.22681,44.94441,43.27817,46.69047,47.01064,47.80167,44.65423,45.22168,44.82187,41.23106,46.01087,41.01219,39.62323,44.55334,37.01351,40.0,42.63801,35.80503,38.47077,33.12099,33.12099,33.61547,27.85678,29.15476,28.63564,24.73863,26.07681,19.0,24.08319,19.10497,15.81139,18.68154,12.36932,12.52996,19.23538,13.89244,33.01515,32.01562,37.01351,32.14032,35.12834,33.0,33.06055,35.0571,38.0526,37.12142,36.12478,43.28972,39.20459,40.60788,43.18565,48.09366,43.18565,44.55334,44.38468,44.10215,50.48762,48.25971,54.81788,50.9902,50.92151,57.97413,61.84658,59.22837,59.77458,51.92302,62.36185,58.87274,59.23681,63.89053,62.29767,68.35203,64.84597,70.68239,65.36819,70.71068,74.30343,73.3553,64.88451,74.09453,66.88797,76.94154,76.05919,70.83078,81.9878,80.0,77.00649,82.20097,81.21576,83.21658,79.39773,71.40028,89.20202
13.0384,11.6619,13.0384,12.52996,11.6619,10.81665,10.81665,10.0,10.0,10.0,10.0,9.21954,9.21954,9.21954,9.21954,8.48528,8.48528,8.48528,7.81025,7.81025,8.48528,8.48528,7.81025,7.81025,7.81025,7.81025,7.81025,7.81025,7.07107,7.07107,7.07107,7.07107,6.40312,6.40312,5.83095,5.83095,5.83095,5.38516,5.38516,5.09902,4.12311,4.12311,4.0,4.0,3.0,3.16228,3.16228,3.16228,2.23607,2.82843,2.82843,2.23607,79.40403,78.58753,74.73286,72.27724,71.56815,73.5459,71.06335,72.00694,67.91171,64.13267,57.31492,58.94065,56.4358,56.56854,55.10898,57.21888,55.00909,55.22681,50.08992,52.0,46.01087,46.01087,49.25444,49.09175,45.09989,50.24938,47.01064,53.46027,46.01087,50.01,43.0,45.01111,43.10452,43.18565,40.0125,38.01316,42.29657,35.01428,39.62323,35.44009,38.27532,32.01562,31.57531,33.10589,27.89265,25.4951,26.92582,22.84732,18.43909,22.62742,19.41649,19.41649,17.88854,19.31321,14.56022,15.0333,17.02939,34.48188,26.62705,31.40064,36.40055,32.75668,31.14482,33.30165,28.3196,29.41088,33.42155,30.4795,37.20215,33.97058,41.7732,41.23106,38.94868,39.69887,45.27693,47.50789,38.8973,44.04543,53.15073,45.22168,51.85557,51.22499,54.91812,56.85068,55.0,56.85948,57.14018,57.98276,60.20797,57.70615,59.05929,63.50591,62.64982,62.6099,62.16912,65.39113,69.64194,69.46222,62.93648,70.93659,71.7844,68.94926,72.11103,71.47027,71.06335,73.75636,75.18643,78.58753,76.90254,79.55501,74.52516,81.21576,80.80842,82.2253
14.0,14.0,13.0,13.0,13.0,13.0,12.0,12.04159,12.04159,11.04536,11.04536,11.04536,10.04988,10.04988,10.04988,10.19804,10.19804,9.21954,9.21954,9.21954,9.21954,9.21954,9.21954,8.24621,9.21954,9.21954,9.21954,8.24621,8.24621,8.06226,8.06226,8.06226,8.0,7.0,8.0,7.07107,7.07107,6.08276,6.32456,6.32456,5.38516,5.38516,5.83095,4.47214,5.0,5.0,4.24264,4.24264,3.60555,3.60555,3.60555,3.16228,83.35466,71.34424,76.8505,69.35416,72.20111,71.56116,62.1289,70.83078,61.91123,64.84597,59.9333,60.00833,57.24509,50.53712,53.7122,52.49762,57.77543,50.0,54.08327,45.89118,51.41984,45.54119,48.27007,44.38468,41.76123,45.12206,40.79216,44.72136,42.44997,38.32754,46.27094,48.25971,43.41659,49.39636,44.14748,41.78516,37.69615,37.44329,38.94868,39.0,33.61547,33.28663,33.01515,31.62278,32.64966,26.1725,27.58623,26.90725,23.43075,24.18677,22.13594,17.46425,20.22375,17.02939,20.02498,16.03122,15.52417,32.75668,34.05877,30.14963,30.59412,28.07134,30.41381,35.17101,33.24154,33.24154,40.60788,42.75512,38.07887,37.36308,40.16217,41.10961,38.62642,44.77723,42.15448,44.38468,42.37924,51.62364,50.60632,51.89412,53.33854,53.66563,54.20332,52.69725,58.00862,58.30952,59.64059,57.68882,61.61169,59.90826,59.66574,62.36986,61.6198,61.55485,62.482,64.3506,72.12489,68.593,68.0147,74.02702,70.0,72.47068,69.2026,73.40981,72.94518,76.02631,74.33034,82.0975,78.77182,87.36704,73.24616,80.45496,83.52844,77.89737
13.15295,13.15295,12.16553,12.04159,11.18034,12.16553,11.18034,11.18034,10.19804,10.19804,10.44031,10.44031,9.48683,8.544,8.544,8.94427,8.94427,8.94427,8.06226,8.06226,8.06226,8.06226,8.06226,8.06226,8.06226,8.06226,8.06226,8.06226,7.61577,7.61577,7.61577,7.61577,6.32456,6.32456,6.32456,6.08276,6.08276,5.09902,5.0,5.0,5.0,4.0,4.12311,3.16228,3.16228,3.16228,2.23607,2.23607,2.82843,2.23607,2.23607,2.23607,74.02702,82.61961,74.63243,75.13322,77.41447,73.78347,69.11584,62.20129,68.50547,63.52952,62.6099,61.32699,59.9333,56.82429,55.71355,54.70832,56.35601,51.5461,49.76947,52.88667,50.0,53.60037,46.57252,46.57252,50.44799,43.41659,43.93177,50.44799,41.30375,45.54119,43.56604,43.73786,46.09772,42.2019,44.55334,36.49658,37.0,44.01136,38.32754,36.05551,36.40055,33.61547,35.38361,29.73214,31.1127,29.73214,25.0,29.06888,20.51828,23.32381,18.78829,21.0238,18.02776,21.2132,18.02776,15.0333,14.03567,33.24154,38.20995,31.06445,29.83287,31.06445,33.06055,30.01666,38.07887,32.55764,35.17101,37.36308,35.44009,39.05125,42.72002,42.95346,41.10961,38.60052,42.54409,43.82921,49.24429,52.20153,52.20153,51.42956,51.0,54.12024,51.0,58.18075,59.90826,59.5399,56.0803,62.68174,58.24946,57.68882,65.45991,64.63745,65.19202,63.89053,62.28965,66.48308,68.62215,70.72482,67.35726,70.0,75.16648,70.0,67.80118,70.93659,77.62087,73.40981,76.27582,76.27582,78.39005,73.24616,77.02597,80.62258,79.05694,82.76473
13.92839,13.92839,12.64911,12.64911,11.7047,12.08305,12.08305,11.18034,11.18034,10.29563,11.18034,10.29563,9.43398,9.43398,9.43398,9.43398,9.43398,8.60233,9.21954,9.21954,9.21954,9.21954,8.60233,8.48528,8.48528,9.21954,9.21954,7.81025,8.60233,7.81025,7.2111,7.2111,7.2111,6.7082,6.7082,6.7082,6.32456,5.38516,5.09902,5.09902,4.12311,5.0,4.0,4.0,3.16228,3.16228,3.16228,2.23607,2.23607,2.23607,1.41421,1.41421,82.68011,77.80103,74.33034,73.24616,73.23933,69.77105,71.28113,71.28113,70.3278,63.13478,65.30697,60.41523,62.17717,55.9464,55.03635,58.87274,55.15433,53.48832,48.70318,49.0408,51.5461,51.86521,44.64303,50.21952,43.32436,44.14748,42.95346,49.0408,45.12206,51.24451,44.14748,47.07441,47.12749,42.05948,42.75512,41.4367,39.81206,38.62642,43.86342,38.91015,39.66106,35.35534,35.4683,29.73214,29.73214,25.4951,21.93171,26.62705,22.84732,23.76973,22.36068,20.61553,15.0333,16.03122,16.12452,13.0384,12.16553,31.7805,30.80584,29.61419,30.59412,28.44293,32.75668,30.41381,38.32754,33.54102,32.28002,37.33631,38.07887,37.16181,37.58989,39.56008,43.65776,38.91015,44.38468,46.06517,46.52956,47.88528,49.09175,50.47772,53.85165,53.66563,54.91812,54.70832,60.21628,57.68882,54.3783,55.47071,59.40539,61.22091,61.22091,63.12686,70.0928,68.0147,69.29646,63.65532,68.68042,66.48308,66.8431,69.6563,73.24616,62.80127,77.20104,74.20243,76.27582,72.11103,72.67049,80.0,81.00617,77.69813,84.87638,83.86298,78.29432,83.23461
14.14214,13.45362,13.45362,12.72792,12.04159,12.04159,12.04159,12.04159,12.04159,11.40175,11.40175,10.81665,10.81665,10.29563,9.43398,10.29563,10.29563,10.29563,9.84886,8.94427,8.94427,8.94427,8.94427,8.544,8.544,8.94427,8.94427,8.94427,8.06226,8.06226,7.2111,8.06226,7.2111,7.2111,7.07107,7.07107,7.07107,5.65685,5.65685,5.0,5.0,4.47214,4.47214,4.47214,4.12311,3.16228,3.16228,3.0,2.0,2.0,2.23607,2.23607,77.0,77.10383,80.00625,75.05998,76.00658,74.24284,72.11103,69.06519,62.1289,68.02941,65.27634,65.06919,60.40695,55.22681,54.08327,59.84146,56.56854,48.50773,52.63079,49.24429,55.15433,48.38388,53.31041,43.41659,49.39636,42.72002,49.33559,45.69464,44.27189,48.10405,42.72002,52.20153,44.55334,44.64303,43.17407,44.64303,40.79216,41.4367,34.05877,39.20459,35.0,32.55764,31.06445,31.40064,25.07987,26.4764,27.20294,28.01785,22.82542,22.82542,23.02173,26.07681,17.80449,20.61553,17.02939,17.49286,14.31782,33.24154,35.0,31.82766,35.38361,34.82815,39.62323,31.14482,38.60052,38.83298,32.80244,37.73592,39.40812,38.28838,39.81206,43.26662,41.34005,43.82921,42.94182,48.82622,49.24429,44.28318,47.85394,51.89412,55.9464,53.7122,55.36244,56.82429,60.53924,58.82176,64.51356,57.24509,63.06346,63.56099,64.7611,60.87693,62.58594,67.46851,67.91171,69.42622,70.11419,66.75328,76.11833,75.23962,71.11259,78.00641,76.10519,76.02631,75.00667,76.02631,80.09994,80.1561,85.00588,80.00625,77.05842,80.75271,83.15047,77.41447
13.89244,13.89244,13.0384,13.0384,12.52996,11.6619,11.6619,11.6619,10.81665,10.81665,10.81665,10.81665,10.0,10.0,9.21954,9.21954,9.21954,9.21954,8.48528,8.48528,8.48528,8.48528,8.48528,8.48528,8.48528,8.48528,8.48528,7.81025,7.81025,8.60233,7.2111,7.2111,7.2111,6.7082,7.61577,6.7082,6.32456,6.08276,6.08276,5.09902,6.08276,5.0,5.0,5.09902,5.09902,4.12311,4.12311,3.60555,3.60555,3.60555,3.60555,2.82843,76.53104,71.70077,70.45566,76.1643,78.77182,70.17834,68.24954,64.13267,60.13319,65.37584,61.03278,60.07495,59.13544,57.14018,53.0,53.00943,51.0098,55.14526,54.23099,51.35173,53.03772,50.80354,45.12206,47.67599,47.16991,45.17743,45.89118,42.57934,46.69047,44.55334,48.37355,37.21559,44.40721,35.0,39.01282,35.0571,39.01282,36.12478,35.22783,35.51056,37.65634,33.73426,30.41381,34.0147,28.84441,27.73085,25.05993,27.01851,24.75884,22.80351,15.6205,19.31321,17.72005,16.76305,15.0,11.7047,13.0,31.14482,29.83287,32.01562,32.80244,33.97058,31.40064,31.14482,32.52691,33.42155,29.83287,34.4093,33.83785,37.48333,38.28838,40.45986,40.22437,45.27693,46.87217,43.909,45.48626,43.82921,48.37355,48.76474,53.0,53.25411,55.9464,57.3062,54.58938,59.05929,61.7171,55.9464,54.12024,60.41523,60.74537,62.76942,66.48308,66.7308,66.76077,66.70832,66.21933,67.18631,67.91171,73.5459,70.40597,69.2315,73.33485,72.02777,74.54529,76.32169,70.25667,79.42921,79.51101,85.58621,85.70881,78.51751,76.79193,83.72574
13.41641,13.0384,13.0384,12.52996,11.6619,11.6619,11.6619,10.81665,10.81665,10.0,10.81665,10.0,10.0,9.21954,9.21954,9.21954,9.21954,9.21954,8.48528,8.48528,8.48528,8.48528,8.48528,8.48528,8.48528,8.48528,7.81025,7.81025,7.81025,7.81025,7.81025,7.2111,7.2111,6.7082,6.7082,6.7082,6.32456,6.32456,5.09902,5.09902,6.0,5.0,5.0,5.0,4.12311,4.12311,4.12311,4.47214,3.60555,3.60555,3.60555,2.82843,74.33034,76.29548,73.02739,77.10383,76.53104,67.60178,70.03571,67.36468,68.46897,65.37584,58.00862,65.00769,59.3043,57.14018,56.00893,55.0,57.03508,52.23983,48.16638,52.7731,50.9902,47.51842,48.6621,45.17743,45.27693,44.91102,47.38143,48.05206,44.38468,47.29693,46.27094,42.42641,42.19005,40.60788,41.19466,41.04875,41.01219,40.1995,38.01316,37.05401,33.95585,34.17601,32.69557,26.41969,27.85678,27.73085,26.40076,21.93171,21.2132,26.1725,20.59126,22.80351,16.55295,17.49286,14.56022,14.0,13.0384,30.4795,29.68164,29.41088,33.83785,32.20248,27.80288,31.89044,33.24154,31.1127,31.82766,33.97058,37.48333,35.80503,41.03657,38.28838,43.41659,44.10215,49.40648,45.80393,46.64762,49.39636,50.80354,52.69725,56.93856,50.47772,55.47071,52.15362,53.0,54.08327,55.9017,64.88451,59.05929,60.82763,61.7171,63.07139,61.32699,65.14599,62.62587,65.78754,66.76077,68.70953,72.36712,66.21933,67.18631,68.41053,76.40026,73.24616,80.06248,72.56721,78.51751,73.68175,77.78175,87.82369,80.50466,81.78631,84.48077,89.20202
13.45362,12.72792,12.72792,12.04159,12.04159,11.31371,11.31371,10.63015,10.63015,10.63015,10.63015,10.0,10.0,10.0,9.43398,9.43398,8.06226,9.43398,8.06226,8.06226,8.06226,7.61577,8.06226,7.61577,8.06226,8.06226,8.06226,8.06226,7.2111,7.2111,7.2111,7.2111,7.2111,6.40312,7.07107,6.40312,6.40312,5.83095,5.83095,5.83095,5.38516,5.38516,5.38516,4.12311,4.12311,4.12311,4.0,4.0,4.12311,3.16228,3.16228,3.60555,76.0,78.02564,76.02631,77.16217,73.06162,73.06162,71.11259,63.03174,62.0,59.5399,61.29437,59.4138,63.3877,54.23099,56.32051,60.67125,54.91812,49.64877,48.38388,53.46027,51.66237,46.8188,49.24429,48.38388,43.08132,42.54409,53.16014,46.61545,43.08132,44.27189,47.12749,50.96077,41.7732,40.31129,45.12206,37.01351,47.85394,37.33631,33.01515,34.05877,37.0,37.05401,31.57531,31.57531,29.83287,27.89265,26.57066,25.05993,22.47221,22.36068,23.76973,20.0,17.69181,19.31321,18.35756,14.76482,16.76305,31.1127,33.30165,27.65863,29.0,30.4795,30.41381,28.28427,31.241,34.65545,37.20215,36.06938,38.8973,38.28838,40.0,42.19005,41.86884,44.20407,45.79301,47.16991,45.18849,49.24429,51.10773,53.53504,49.1935,51.89412,55.9464,58.18075,57.24509,58.13777,61.09828,59.80803,63.24555,59.48109,61.03278,60.72891,62.76942,63.78871,66.48308,72.78049,64.7611,64.84597,67.47592,66.28725,71.06335,71.84706,75.23962,73.5527,77.05842,72.11103,76.02631,79.15807,79.02531,80.025,84.09518,82.0,83.02409,81.09871
13.0,12.0,12.0,12.0,12.0,11.04536,11.04536,11.04536,11.04536,10.04988,10.04988,10.19804,9.21954,9.21954,8.24621,9.48683,9.48683,9.48683,8.544,8.544,8.544,8.544,8.544,7.61577,7.61577,8.544,8.544,7.61577,7.28011,8.24621,7.28011,7.07107,7.07107,6.08276,7.0,7.0,6.0,5.0,5.09902,5.09902,5.09902,4.12311,4.47214,3.60555,3.60555,2.82843,2.82843,2.82843,2.23607,2.23607,2.23607,2.0,78.87332,80.72174,77.00649,71.42129,77.89737,73.59348,74.95332,70.0928,70.72482,63.03174,62.93648,58.89822,60.60528,58.13777,58.5235,62.76942,54.40588,53.00943,51.61395,52.83938,51.42956,53.23533,46.06517,45.65085,52.47857,50.11986,46.61545,46.8188,47.42362,50.9902,49.0408,43.38202,46.14109,48.76474,45.18849,39.82462,38.41875,42.52058,41.03657,35.22783,37.64306,39.20459,33.30165,33.28663,31.14482,26.92582,25.80698,29.15476,27.51363,21.84033,21.37756,17.11724,23.02173,19.10497,18.43909,12.64911,13.41641,28.28427,31.06445,27.89265,29.83287,28.44293,30.41381,36.12478,30.06659,33.13608,32.01562,33.06055,37.01351,39.11521,40.0,39.31921,39.05125,42.04759,45.39824,46.17359,47.26521,53.08484,50.48762,51.35173,54.34151,52.63079,54.12024,55.54278,56.04463,64.28841,58.82176,58.24088,62.8172,64.84597,62.39391,62.03225,63.50591,65.76473,69.35416,68.47627,68.26419,66.88797,74.94665,69.40461,69.40461,77.20104,71.06335,76.2168,76.6094,79.02531,73.10951,80.65978,77.78175,84.89994,78.87332,82.73452,84.38602,88.45903
14.0,14.0,14.03567,13.0384,13.0384,12.04159,12.04159,12.04159,11.04536,11.04536,11.18034,11.18034,10.19804,10.19804,9.21954,10.44031,9.48683,9.48683,9.48683,9.48683,8.544,8.544,9.48683,8.544,8.544,8.544,8.544,8.544,8.24621,8.544,8.24621,8.24621,7.28011,7.07107,8.06226,7.0,7.0,6.0,6.0,6.08276,6.08276,5.09902,5.38516,5.38516,4.47214,4.47214,4.47214,4.24264,4.24264,3.60555,3.60555,3.60555,77.80103,74.02702,81.40025,73.40981,78.00641,75.43209,69.33974,67.1193,69.81404,64.49806,63.81222,64.88451,61.26989,57.24509,60.41523,60.41523,54.58938,46.06517,49.39636,52.20153,47.53946,48.50773,49.0408,45.22168,45.35416,45.88028,49.47727,43.9659,41.76123,47.80167,45.54119,39.81206,43.68066,44.59821,44.14748,41.14608,42.54409,42.04759,36.76955,37.12142,36.76955,31.62278,30.4795,29.73214,29.0,25.6125,23.43075,25.80698,20.61553,22.47221,20.0,21.93171,18.97367,20.09975,21.2132,16.0,16.76305,29.01724,31.01612,34.0,32.06244,35.12834,34.05877,33.06055,38.0526,32.01562,34.1321,34.23449,42.42641,42.19005,39.11521,41.19466,43.41659,42.05948,48.50773,49.47727,49.0408,51.86521,54.91812,48.38388,55.65968,54.70832,59.23681,53.85165,56.85948,61.46544,60.92618,59.23681,64.84597,62.6099,68.8767,56.82429,63.63175,67.60178,73.23933,69.63476,71.40028,65.45991,69.6563,72.24957,75.69016,72.18033,70.29225,73.0,71.50524,75.16648,77.89737,81.05554,76.40026,73.75636,86.68333,79.24645,81.05554,80.80223
13.60147,13.60147,13.0384,13.0384,12.52996,11.6619,11.6619,11.6619,11.6619,11.18034,10.29563,10.29563,9.84886,9.84886,9.84886,9.84886,9.48683,9.48683,9.48683,9.48683,9.48683,9.21954,9.48683,9.21954,9.21954,9.48683,8.544,8.24621,8.544,8.544,7.61577,7.61577,7.61577,6.7082,7.2111,7.2111,6.40312,6.40312,5.65685,5.65685,5.0,5.0,5.0,3.60555,3.60555,3.16228,3.16228,3.0,3.0,2.0,2.0,2.23607,74.54529,75.66373,74.67262,74.67262,77.31753,75.66373,72.00694,65.27634,63.12686,65.49046,64.49806,58.30952,61.0082,56.14268,57.03508,54.03702,53.08484,53.33854,54.14795,54.58938,52.46904,51.35173,47.16991,49.09175,46.17359,43.41659,45.89118,45.89118,45.54119,43.68066,45.54119,42.75512,43.04649,41.7732,45.09989,37.01351,43.01163,40.0,36.05551,38.63936,37.85499,32.98485,36.13862,32.57299,28.17801,30.88689,31.76476,25.55386,21.09502,26.40076,24.08319,19.84943,18.86796,20.24846,15.23155,17.26268,18.43909,27.65863,28.3196,33.24154,30.41381,32.01562,34.82815,35.4683,29.83287,32.55764,37.48333,40.31129,38.28838,37.80212,42.52058,38.20995,40.60788,44.20407,44.68781,44.40721,48.83646,57.68882,51.40039,54.6443,53.0,51.85557,58.24946,57.98276,59.5399,59.5399,58.18075,64.84597,58.18075,61.29437,60.37384,67.1193,70.66116,70.2282,66.85058,67.41662,66.40783,68.62215,76.15773,74.73286,73.4983,72.00694,74.67262,73.24616,81.02469,77.10383,80.89499,81.61495,81.3941,83.74366,79.51101,76.41989,81.04937,88.20431
12.52996,12.52996,12.52996,12.52996,12.08305,11.18034,11.18034,10.77033,10.29563,9.84886,9.84886,9.84886,9.48683,9.48683,9.48683,8.544,8.24621,8.24621,8.24621,8.24621,8.24621,8.24621,8.24621,8.06226,8.24621,8.24621,8.24621,7.28011,7.28011,7.28011,7.28011,7.61577,6.7082,6.7082,6.40312,6.40312,6.40312,5.65685,5.65685,5.0,5.0,5.0,4.47214,4.47214,4.12311,4.12311,4.0,4.0,3.0,3.0,3.16228,3.16228,78.26238,76.47876,77.82031,76.15773,69.77105,69.77105,68.42514,70.71068,66.64833,64.41273,61.40033,64.40497,60.21628,54.03702,58.66856,59.36329,56.61272,51.0392,52.00961,54.6443,46.75468,49.51767,49.49747,43.93177,41.23106,41.23106,43.86342,45.25483,44.68781,48.79549,49.51767,47.38143,39.59798,41.86884,43.27817,38.41875,37.64306,41.03657,43.41659,39.35734,33.54102,38.48376,35.44009,31.7805,28.86174,30.41381,30.36445,25.07987,23.0,24.33105,17.46425,20.39608,15.29706,15.23155,14.86607,14.14214,17.02939,28.63564,32.28002,30.67572,29.42788,32.98485,29.83287,34.78505,32.38827,34.71311,36.49658,32.75668,39.62323,39.29377,35.90265,46.17359,42.10701,50.08992,50.35871,49.16299,52.00961,48.16638,54.03702,54.00926,53.03772,50.01,52.00961,58.03447,58.00862,57.00877,60.03332,57.21888,62.28965,62.36986,58.69412,65.30697,62.8172,65.25335,65.62012,57.87055,66.4906,70.0928,71.16881,71.16881,65.78754,69.89278,77.82673,74.24284,75.591,76.53757,75.23962,73.92564,81.5414,79.62412,80.05623,81.5414,85.42833,82.29824
13.15295,13.15295,13.15295,13.15295,12.16553,12.16553,12.16553,11.04536,11.04536,11.04536,11.04536,10.0,10.0,10.04988,10.0,10.0,10.0,9.05539,9.05539,9.05539,9.05539,9.05539,9.05539,9.21954,9.05539,9.05539,9.05539,9.05539,9.05539,8.0,8.0,8.0,8.06226,7.07107,7.07107,7.07107,6.32456,6.32456,6.32456,5.38516,4.47214,5.0,4.47214,3.60555,4.24264,3.60555,2.82843,3.60555,2.82843,2.23607,2.23607,2.0,75.43209,75.95393,70.40597,75.18643,74.95332,70.21396,67.72001,70.34202,57.72348,63.89053,60.82763,57.87055,58.24946,54.40588,55.02727,55.9464,52.7731,48.76474,47.01064,48.8467,49.73932,49.64877,45.27693,43.86342,42.94182,46.95743,43.04649,41.34005,46.61545,44.77723,44.29447,42.48529,42.54409,39.44617,43.32436,37.58989,37.12142,42.15448,33.83785,38.60052,35.22783,36.05551,32.98485,32.14032,28.01785,27.16616,27.51363,26.1725,26.92582,21.93171,22.84732,18.86796,17.02939,17.02939,15.23155,17.02939,16.64332,31.95309,34.43835,28.17801,31.38471,31.76476,32.28002,33.12099,31.90611,36.24914,34.78505,37.0,37.36308,37.64306,40.79216,41.23106,44.01136,43.01163,47.80167,47.53946,50.69517,48.76474,56.32051,50.9902,55.57877,51.1957,59.22837,52.39275,62.64982,56.29387,59.68249,58.69412,59.13544,59.5399,63.12686,62.07254,69.18092,61.07373,70.00714,64.00781,69.26038,69.00725,70.45566,69.46222,77.64664,69.26038,77.64664,72.00694,70.03571,76.90254,76.90254,79.55501,77.88453,81.49233,74.73286,82.56513,82.9759,81.25269
13.0384,13.0384,13.0384,13.0384,12.04159,12.04159,12.0,11.0,11.0,11.04536,11.04536,10.04988,10.04988,10.04988,10.04988,10.04988,10.19804,9.21954,9.21954,9.21954,9.21954,9.21954,9.21954,9.48683,9.21954,8.24621,9.21954,8.24621,8.24621,8.06226,8.06226,8.06226,8.0,8.0,7.07107,7.07107,6.08276,6.08276,6.08276,5.09902,5.38516,5.38516,4.47214,4.47214,3.60555,3.60555,2.82843,2.82843,2.82843,2.82843,2.23607,2.23607,80.80223,77.89737,75.60423,73.00685,68.60029,56.85068,71.50524,69.42622,67.47592,65.29931,60.959,63.51378,55.22681,53.74012,60.20797,50.93133,54.67175,53.25411,51.40039,52.40229,52.00961,51.61395,44.20407,44.77723,46.32494,44.77723,44.94441,46.64762,44.10215,45.0,47.16991,42.80187,39.11521,41.67733,45.60702,38.94868,39.82462,39.59798,36.06938,36.71512,34.65545,31.90611,31.38471,31.40064,26.40076,26.57066,26.83282,27.20294,24.33105,22.02272,23.0,23.0,18.02776,19.31321,20.88061,18.38478,16.64332,27.01851,33.13608,35.69314,27.16616,32.01562,32.06244,32.06244,35.0,37.01351,36.12478,34.05877,40.04997,36.05551,41.30375,47.04253,45.39824,50.15974,45.01111,47.26521,46.17359,51.1957,56.56854,55.7315,57.48913,52.7731,55.54278,61.61169,58.69412,61.61169,61.13101,58.24946,59.66574,59.90826,62.64184,64.56005,68.62215,68.70953,69.07966,64.4748,67.1193,67.54258,70.23532,72.44998,73.23933,71.11962,66.61081,74.62573,72.8011,74.33034,80.21222,80.60397,85.0,87.65843,79.20227,85.91275,86.26703,81.68843
12.64911,11.7047,11.7047,11.7047,11.7047,10.77033,9.84886,9.84886,9.84886,9.84886,8.94427,9.43398,8.94427,8.94427,8.60233,8.60233,8.60233,8.60233,7.81025,7.81025,7.81025,7.81025,7.81025,7.81025,7.81025,7.81025,7.2111,7.2111,7.2111,7.2111,6.7082,6.7082,6.7082,6.32456,6.32456,6.32456,5.09902,5.09902,5.09902,5.0,4.0,4.12311,4.12311,3.16228,3.60555,3.60555,3.60555,3.60555,2.82843,2.82843,2.23607,3.16228,76.32169,78.77182,75.66373,71.02112,73.06162,67.60178,68.50547,65.73431,62.76942,56.4358,58.30952,57.24509,62.17717,55.71355,53.7122,51.07837,53.45091,55.7853,49.98,52.0,50.92151,49.0408,44.55334,47.80167,47.07441,45.60702,43.56604,42.75512,47.51842,43.28972,43.73786,45.12206,43.17407,38.27532,38.07887,39.56008,39.39543,38.91015,39.35734,34.1321,34.66987,32.64966,30.4795,31.82766,28.3196,29.20616,22.2036,27.45906,23.85372,20.24846,20.61553,17.11724,15.81139,17.26268,17.0,18.11077,17.26268,27.85678,31.38471,27.51363,34.48188,30.46309,30.67572,34.53983,33.24154,33.24154,36.24914,35.8469,38.47077,38.48376,42.54409,42.04759,46.06517,42.15448,49.39636,44.41846,46.95743,44.77723,50.77401,49.64877,53.85165,50.21952,51.88449,59.36329,53.0,56.61272,55.21775,54.81788,60.46487,59.03389,65.94695,60.959,62.24147,60.10824,62.482,61.52235,63.03174,70.72482,65.8559,64.03124,73.81734,67.62396,61.40033,74.06079,76.2168,77.69813,74.20243,74.62573,75.16648,75.71658,73.92564,75.71658,77.17513,79.75588
13.89244,13.0384,13.0384,13.0384,13.0384,12.20656,11.6619,11.40175,10.81665,11.40175,10.63015,10.63015,10.63015,9.89949,9.89949,9.89949,9.89949,9.89949,9.21954,9.89949,9.21954,9.89949,9.21954,9.21954,9.21954,9.21954,9.21954,9.21954,8.48528,8.48528,7.81025,7.81025,7.81025,7.2111,7.2111,6.7082,6.7082,6.7082,6.32456,5.38516,5.38516,5.09902,5.09902,5.0,4.0,4.0,4.0,4.0,3.16228,3.16228,3.16228,2.23607,81.60882,76.32169,76.15773,66.4003,67.23095,64.3506,66.37017,64.88451,61.91123,61.7171,64.41273,58.30952,58.59181,56.4358,53.22593,50.56679,52.55473,55.08176,50.0,49.0408,48.08326,43.73786,47.29693,48.50773,50.01,44.92215,43.93177,46.52956,46.57252,43.41659,44.28318,43.9659,38.60052,43.17407,37.10795,41.78516,39.81206,38.62642,39.81206,40.31129,31.06445,32.24903,28.01785,30.52868,28.6007,27.01851,28.3196,26.87006,22.80351,22.47221,22.47221,20.61553,19.41649,18.43909,18.02776,19.0263,20.39608,30.80584,31.57531,31.40064,32.24903,33.13608,37.10795,36.49658,33.73426,35.22783,35.69314,39.84972,38.07887,43.32436,42.72002,45.88028,40.49691,44.14748,48.8467,50.32892,53.16014,47.12749,54.78138,49.98,50.9902,52.3259,55.9464,51.47815,60.41523,59.05929,59.5399,55.47071,62.43397,59.68249,62.96825,63.24555,61.58734,63.82006,66.4003,64.66065,66.6033,70.76722,68.593,70.00714,72.91776,75.66373,66.61081,70.03571,74.65253,74.63243,75.28612,74.09453,76.844,83.23461,73.60027,76.8505,84.59905,86.60831
13.0384,12.16553,12.16553,12.16553,11.18034,11.18034,11.18034,11.18034,10.19804,10.19804,10.19804,10.19804,9.21954,9.48683,8.544,9.84886,8.94427,8.94427,8.94427,8.94427,8.94427,8.94427,8.94427,8.06226,7.61577,8.544,8.06226,7.61577,7.61577,7.61577,7.28011,7.28011,7.28011,6.08276,7.07107,6.08276,6.0,5.09902,5.0,5.09902,5.09902,4.12311,4.12311,3.16228,3.16228,3.60555,2.82843,2.82843,2.23607,2.23607,2.0,2.0,75.80237,78.87332,79.20227,73.24616,73.40981,72.8011,70.45566,69.06519,61.07373,65.19202,60.37384,65.0,58.13777,56.60389,57.80138,59.5399,58.66856,50.77401,55.47071,49.39636,54.40588,47.16991,52.92447,49.39636,48.70318,47.75982,43.65776,45.31004,45.18849,43.32436,43.46263,50.69517,40.24922,42.04759,45.61798,42.48529,42.48529,39.11521,42.43819,39.44617,35.0,36.06938,31.62278,37.80212,29.06888,33.28663,25.05993,24.16609,25.96151,20.88061,18.24829,18.02776,21.0238,21.09502,18.43909,12.36932,14.76482,29.83287,28.4605,31.04835,33.73426,31.62278,32.28002,33.83785,36.76955,33.61547,36.87818,40.49691,35.8469,39.92493,40.49691,50.28916,40.71855,44.41846,45.54119,48.30114,47.01064,47.92703,56.60389,56.0803,51.89412,55.36244,57.70615,55.54278,60.03332,59.05929,60.74537,61.03278,59.16925,61.61169,63.78087,62.482,61.7171,62.62587,66.06815,66.0303,66.06815,69.02898,69.29646,72.18033,64.38167,69.42622,68.60029,70.17834,76.02631,76.27582,75.0733,75.60423,81.40025,86.21485,78.49204,80.1561,80.43009,77.69813
11.04536,11.0,11.04536,11.04536,11.04536,11.04536,11.0,10.0,10.0,10.0,10.0,10.0,10.0,10.04988,10.04988,9.05539,9.05539,9.05539,8.06226,9.05539,8.06226,8.06226,8.0,8.0,9.0,9.0,9.05539,8.06226,8.24621,7.28011,7.61577,6.7082,6.40312,6.40312,5.65685,5.0,4.47214,4.47214,4.47214,4.12311,4.12311,4.0,4.0,3.16228,3.0,3.0,3.0,2.0,2.23607,1.41421,1.41421,1.41421,78.44743,77.46612,76.48529,75.50497,73.5459,71.38627,70.40597,68.44706,66.28725,64.13267,62.96825,60.82763,59.68249,58.42089,57.31492,56.22277,55.22681,54.14795,53.08484,53.03772,52.03845,51.0392,50.03998,49.0102,49.0102,48.0,48.0,47.01064,47.04253,46.04346,45.09989,45.17743,44.28318,43.41659,42.75512,42.2019,40.5216,39.84972,38.27532,37.16181,35.77709,33.61547,32.44996,30.80584,29.06888,27.58623,26.24881,25.0,23.32381,22.36068,21.54066,19.92486,19.41649,18.11077,18.02776,17.0,16.03122,31.76476,31.76476,31.76476,32.24903,32.24903,33.61547,33.61547,34.48188,35.35534,36.23534,38.47077,39.35734,40.70626,41.59327,43.38202,44.72136,45.61798,46.95743,47.85394,48.75449,49.65884,50.56679,52.80152,53.7122,54.626,55.54278,56.46238,57.38467,58.69412,59.61543,60.16644,61.46544,62.03225,62.62587,63.56886,65.14599,65.80274,66.76077,66.48308,68.15424,68.88396,68.65858,69.63476,70.40597,71.19691,71.02112,72.99315,73.82412,74.8131,74.67262,76.65507,77.64664,78.63841,79.76215,80.75271,81.88406,81.88406
14.42221,13.89244,13.89244,13.0384,13.89244,12.52996,12.52996,12.08305,12.08305,12.52996,11.18034,11.18034,11.18034,10.77033,10.77033,10.77033,10.44031,10.44031,9.48683,9.48683,9.48683,10.44031,9.48683,9.21954,9.48683,9.48683,9.48683,9.48683,8.544,9.48683,8.544,8.94427,8.06226,8.06226,8.06226,7.2111,7.81025,7.07107,7.07107,6.40312,6.40312,5.0,5.83095,5.0,4.47214,4.47214,4.12311,4.12311,4.0,4.0,3.0,3.0,80.41144,76.6942,81.85964,68.02941,68.44706,68.02941,70.26379,72.09022,63.97656,65.30697,61.29437,62.64982,59.16925,52.69725,60.60528,52.80152,52.15362,54.48853,50.60632,50.32892,48.9183,44.04543,50.24938,50.91169,48.83646,48.10405,41.03657,48.10405,44.55334,42.42641,41.72529,46.09772,42.44997,41.03657,34.65545,43.26662,41.88078,36.87818,39.11521,38.62642,35.8469,31.01612,31.38471,30.08322,32.75668,21.37756,27.45906,20.39608,25.4951,20.09975,22.56103,18.43909,18.97367,17.88854,18.86796,14.86607,15.6205,33.12099,30.80584,30.80584,31.62278,30.0,35.8469,35.8469,32.20248,38.58756,39.82462,42.54409,41.59327,40.71855,44.38468,43.46263,41.10961,52.0,46.32494,50.59644,51.86521,47.75982,53.75872,52.39275,55.65968,58.24946,58.24946,57.48913,55.3263,62.0967,62.96825,55.7315,62.07254,62.28965,65.03076,65.0,58.03447,62.0,64.00781,60.07495,66.27217,72.44308,67.47592,65.76473,71.84706,68.88396,65.96969,69.12308,72.11103,75.18643,71.06335,77.49194,73.53911,76.53757,74.94665,82.56513,78.0,83.25863
14.76482,13.89244,13.89244,13.89244,13.41641,12.52996,12.52996,12.08305,12.08305,11.18034,11.7047,11.7047,10.77033,10.44031,10.44031,10.44031,10.19804,10.19804,10.19804,10.19804,9.48683,9.21954,10.19804,9.21954,10.19804,9.21954,9.21954,9.21954,9.21954,9.21954,8.544,8.544,8.544,7.61577,7.61577,8.06226,7.2111,7.2111,6.40312,6.40312,5.65685,5.65685,5.0,5.0,5.0,4.47214,4.47214,4.12311,4.12311,3.16228,3.0,3.0,82.2253,80.23092,83.1685,69.12308,69.857,67.26812,70.40597,70.34202,65.80274,67.6757,56.75385,56.61272,60.53924,62.96825,58.30952,52.0,60.53924,48.76474,49.24429,48.01042,49.92995,42.54409,47.50789,51.97115,48.76474,52.47857,47.20169,50.44799,46.52956,41.34005,36.35932,41.62932,42.04759,45.61798,41.4367,43.86342,40.49691,41.23106,36.67424,34.71311,34.20526,29.42788,31.257,33.13608,28.07134,27.45906,28.44293,26.92582,23.08679,24.16609,19.72308,20.80865,18.02776,15.0,15.0,18.60108,14.86607,35.51056,30.52868,34.4093,36.71512,34.48188,34.4093,32.44996,35.8469,39.20459,40.31129,40.49691,41.18252,40.70626,40.31129,46.14109,45.88028,47.92703,46.17359,51.07837,47.85394,51.47815,54.12024,50.69517,55.08176,55.02727,54.70832,56.04463,59.46427,58.69412,62.0967,61.68468,64.53681,61.98387,58.69412,68.593,64.49806,58.13777,65.06919,63.3877,66.0303,68.06614,65.12296,71.17584,69.11584,62.28965,72.0,72.1734,69.72087,76.79193,75.13322,73.75636,78.64477,76.68768,74.33034,84.77028,81.49233,87.36132
13.89244,13.89244,13.41641,13.41641,13.0,12.52996,12.08305,12.08305,11.7047,10.77033,10.77033,10.77033,10.44031,10.44031,10.19804,10.19804,10.19804,10.19804,10.04988,10.04988,9.05539,9.05539,9.21954,9.05539,9.05539,9.05539,9.05539,9.05539,8.06226,8.24621,8.24621,8.24621,7.28011,7.28011,7.61577,6.7082,7.2111,5.83095,5.83095,5.83095,5.0,5.0,4.24264,4.24264,3.60555,3.60555,3.60555,3.16228,3.16228,2.0,2.0,2.0,69.92138,73.00685,75.89466,77.88453,77.16217,70.88018,68.30813,66.85058,66.12866,63.69458,62.39391,60.40695,64.84597,57.69749,59.5063,54.58938,56.4358,52.00961,49.64877,54.6443,51.0392,47.20169,49.20366,49.0408,46.87217,47.50789,50.0,44.65423,37.53665,45.45327,38.94868,43.82921,42.63801,37.64306,43.82921,40.81666,38.48376,37.57659,38.48376,44.28318,38.27532,35.1141,31.57531,32.38827,32.01562,26.01922,25.0,26.07681,25.17936,26.92582,25.29822,23.70654,15.6205,19.41649,14.76482,15.81139,17.80449,31.62278,30.4795,35.22783,35.60899,33.28663,33.42155,34.1321,34.20526,39.11521,41.40048,41.18252,37.73592,42.05948,41.23106,42.05948,45.27693,46.06517,44.28318,44.94441,44.38468,50.56679,49.39636,54.78138,51.66237,52.20153,57.97413,54.57105,58.5235,58.46366,60.63827,61.84658,61.81424,60.01666,62.39391,66.91039,63.63961,66.0303,67.00746,62.07254,67.1193,66.00758,69.26038,71.17584,70.03571,66.27217,72.78049,70.03571,73.1642,75.31268,75.50497,76.65507,80.41144,80.28076,79.55501,79.05694,78.18568,77.87811
13.15295,13.15295,13.15295,12.16553,12.16553,12.04159,12.04159,11.04536,11.04536,10.04988,11.0,10.0,10.0,10.0,9.05539,10.04988,10.04988,9.21954,9.21954,9.21954,8.06226,8.24621,8.24621,8.24621,8.24621,8.24621,8.24621,8.06226,8.06226,8.06226,7.07107,7.0,7.0,7.0,7.0,6.0,6.08276,5.09902,5.09902,5.38516,4.47214,4.47214,3.60555,3.60555,3.60555,2.82843,2.82843,2.23607,2.23607,2.0,2.0,2.0,81.84131,76.96753,75.13322,71.84706,74.09453,68.96376,73.06162,71.69379,66.7308,59.40539,63.24555,58.41233,62.00806,56.60389,56.0803,53.90733,56.40035,51.73973,55.22681,52.34501,49.67897,49.81967,47.80167,47.42362,49.57822,47.50789,48.9183,45.34314,46.8615,47.01064,42.63801,45.0,43.84062,48.41487,40.36087,45.27693,41.86884,38.94868,40.0,37.73592,36.89173,32.44996,37.12142,29.52965,27.89265,27.65863,28.79236,27.65863,21.58703,21.09502,19.0,16.03122,17.11724,15.52417,17.26268,11.18034,14.42221,30.52868,28.17801,35.34119,34.98571,30.41381,31.38471,31.7805,35.8469,38.07887,31.38471,39.92493,38.27532,43.01163,40.16217,41.76123,44.59821,44.72136,45.88028,46.32494,45.89118,50.63596,52.46904,48.50773,49.49747,53.75872,57.21888,52.34501,60.13319,63.03174,57.14018,56.14268,59.00847,62.03225,63.0,66.0,63.03174,62.28965,64.93843,66.91039,68.24954,70.21396,64.03124,67.18631,69.37579,71.16881,67.62396,67.62396,72.61543,72.01389,76.02631,76.94154,81.43709,80.95678,75.80237,77.87811,77.87811,82.76473
13.92839,13.92839,12.64911,12.64911,12.64911,12.64911,12.64911,11.40175,11.40175,11.40175,11.40175,10.19804,10.19804,10.04988,10.04988,10.04988,10.04988,9.05539,10.0,9.0,9.0,9.0,9.0,9.0,9.0,9.0,9.0,9.0,9.05539,8.06226,8.06226,8.06226,7.07107,7.07107,7.28011,6.32456,6.32456,6.32456,5.38516,5.83095,5.0,5.0,4.47214,4.24264,4.24264,3.60555,3.60555,2.82843,2.23607,2.23607,2.23607,2.0,79.83107,78.84795,79.30952,81.3941,76.40026,76.90254,68.68042,69.12308,59.90826,63.32456,63.89053,58.82176,62.36185,56.85948,57.77543,57.24509,56.82429,51.42956,46.06517,50.9902,50.11986,53.85165,48.82622,52.3259,50.11986,49.73932,47.88528,42.43819,40.80441,48.76474,48.30114,47.85394,39.96248,41.14608,42.95346,37.57659,42.15448,37.58989,39.56008,32.55764,37.0,33.95585,30.26549,32.55764,29.15476,24.33105,27.07397,25.01999,20.61553,22.36068,21.54066,23.60085,18.02776,18.43909,13.45362,14.14214,14.86607,32.80244,38.20995,29.41088,33.6006,30.41381,33.97058,30.4795,34.1321,34.1321,32.20248,39.96248,37.80212,39.82462,40.70626,39.96248,44.10215,42.15448,47.41308,47.01064,46.87217,47.92703,52.3259,49.64877,50.59644,46.95743,54.70832,55.97321,61.03278,58.18935,58.94065,62.62587,60.87693,56.7186,59.84146,59.03389,60.63827,59.68249,68.46897,60.00833,67.02984,70.02857,66.06815,71.11259,69.58448,74.02702,73.24616,74.16873,76.94154,80.23092,71.58911,71.84706,76.68768,81.78631,76.11833,81.02469,79.81228,81.3941
13.15295,12.16553,13.15295,12.16553,12.04159,11.18034,11.04536,11.04536,10.04988,11.0,10.04988,10.0,9.0,9.0,9.0,9.05539,9.05539,8.06226,8.24621,8.06226,8.06226,8.24621,8.06226,8.24621,8.24621,7.07107,7.07107,8.06226,7.07107,7.07107,7.0,7.0,7.0,6.0,6.08276,6.08276,5.38516,5.38516,5.38516,4.47214,5.0,5.0,3.60555,4.24264,3.60555,3.60555,3.60555,3.16228,3.16228,3.16228,3.0,3.0,81.3941,76.38063,77.78175,81.32035,72.86288,71.42129,74.33034,70.0928,65.60488,65.43699,65.43699,58.60034,64.66065,53.60037,58.25805,55.21775,55.21775,53.0,49.81967,48.37355,52.47857,48.02083,52.80152,46.48656,44.94441,41.62932,45.61798,45.22168,44.27189,40.70626,46.51881,46.09772,35.34119,44.94441,43.909,38.60052,38.27532,38.58756,35.4683,37.01351,28.3196,32.64966,30.4795,27.01851,30.80584,21.54066,26.83282,20.61553,26.83282,23.19483,20.61553,22.09072,18.02776,11.04536,17.46425,13.92839,14.76482,36.49658,29.01724,30.0,33.01515,29.06888,39.05125,34.05877,33.06055,33.0,37.21559,34.1321,35.12834,38.20995,37.12142,41.30375,40.1995,41.01219,43.01163,48.05206,45.17743,47.67599,47.07441,52.39275,48.76474,56.61272,54.12947,51.97115,54.78138,55.36244,58.82176,56.30275,60.92618,59.5063,60.82763,63.95311,60.83584,61.29437,58.60034,61.7171,69.89278,69.40461,70.17834,71.02816,69.52697,67.47592,69.63476,70.21396,73.53911,73.59348,75.00667,75.66373,82.07314,79.93122,77.10383,79.20859,86.31338,80.65978
13.15295,13.15295,13.34166,13.15295,13.15295,12.16553,12.16553,11.18034,11.40175,11.40175,10.44031,10.44031,10.44031,10.77033,9.84886,9.84886,9.84886,8.94427,8.94427,8.94427,8.94427,8.94427,8.94427,8.94427,8.94427,8.94427,8.06226,8.94427,7.61577,7.61577,7.61577,7.61577,7.28011,7.28011,7.07107,6.08276,6.08276,6.08276,6.0,6.0,5.0,5.09902,5.0,4.12311,4.12311,3.16228,3.60555,3.16228,3.60555,2.23607,2.82843,2.82843,80.62258,87.11487,79.39773,75.69016,82.807,68.60029,79.98125,61.7171,70.72482,60.20797,65.76473,61.7171,60.44005,61.84658,60.959,55.0,61.85467,52.00961,47.50789,53.7122,51.97115,53.0,48.10405,47.41308,47.16991,48.75449,48.60041,44.77723,47.88528,45.17743,41.34005,42.54409,48.75449,43.04649,42.43819,40.0,38.41875,38.41875,39.05125,42.0119,36.61967,33.30165,36.35932,25.23886,25.0,30.88689,24.16609,26.83282,30.67572,25.07987,27.01851,18.11077,16.12452,15.81139,17.72005,15.23155,13.41641,32.01562,28.16026,31.0,34.05877,31.01612,30.26549,37.33631,37.01351,38.20995,39.05125,38.0526,37.12142,40.31129,39.20459,39.62323,44.40721,45.27693,46.32494,41.0,49.47727,46.87217,53.60037,58.69412,54.91812,54.12947,54.12024,62.64184,54.40588,53.7122,57.77543,64.07808,61.32699,61.26989,62.64982,62.6099,64.40497,63.50591,71.58911,68.24222,69.89278,67.41662,71.21798,65.0,81.40025,66.06815,66.70832,72.62231,79.20859,74.27651,84.17244,82.807,83.45058,77.7946,81.32035,83.54639,81.46779,84.14868
13.0384,12.04159,12.04159,12.04159,12.04159,11.04536,11.04536,11.18034,10.19804,10.19804,10.19804,9.21954,9.48683,9.48683,8.544,8.544,8.544,8.544,8.94427,8.544,8.544,8.544,7.61577,8.06226,7.61577,7.61577,7.61577,7.28011,7.28011,6.32456,7.28011,7.28011,6.08276,6.08276,6.0,6.0,6.0,5.0,5.09902,5.09902,4.47214,4.47214,4.47214,3.60555,3.60555,2.82843,3.60555,3.60555,3.60555,3.16228,3.16228,3.16228,77.83315,79.02531,80.28076,80.0,77.46612,72.86288,65.11528,74.41102,68.68042,65.8559,62.28965,62.96825,63.70243,55.9017,55.97321,49.81967,59.03389,54.40588,53.00943,43.82921,54.91812,50.80354,49.64877,46.32494,46.52956,48.30114,43.909,49.1935,47.50789,48.54894,43.82921,47.20169,47.01064,44.40721,36.61967,42.19005,41.7732,35.22783,35.35534,38.94868,34.4093,29.06888,32.64966,30.23243,28.30194,29.54657,26.57066,22.47221,23.5372,24.0,24.0,21.2132,21.37756,16.49242,14.31782,19.72308,15.6205,33.73426,31.257,26.1725,31.40064,29.42788,29.42788,30.08322,36.49658,33.73426,33.73426,32.55764,36.01389,38.01316,39.01282,44.01136,39.20459,41.0,42.0119,43.18565,49.16299,49.0,48.50773,47.04253,48.04165,48.6621,52.46904,57.42822,57.07013,52.17279,58.24946,53.75872,59.48109,58.24088,59.48109,58.18935,65.80274,61.32699,62.93648,62.64982,67.1193,67.97794,66.88797,66.64833,69.97142,66.7308,64.89992,67.42403,74.63243,75.16648,72.24957,77.83315,77.42093,81.40025,76.6942,81.21576,80.44874,85.63294
14.31782,13.41641,13.89244,13.41641,13.41641,12.52996,12.52996,11.6619,11.6619,11.6619,10.81665,10.81665,10.81665,10.81665,10.0,10.0,10.0,9.21954,9.89949,9.21954,9.21954,9.21954,9.21954,9.21954,9.21954,9.21954,8.60233,8.60233,8.60233,8.60233,8.06226,8.06226,8.06226,7.61577,7.61577,7.28011,6.32456,6.32456,6.08276,6.08276,5.09902,5.0,5.0,4.0,4.12311,4.12311,3.16228,3.16228,3.16228,3.16228,2.82843,2.82843,80.00625,83.21658,83.1685,75.61085,74.94665,72.42237,73.37575,71.47027,66.48308,64.84597,65.14599,61.03278,58.24088,59.66574,60.16644,54.57105,54.12947,54.74486,48.16638,50.35871,54.33231,50.63596,46.09772,45.09989,43.18565,42.29657,47.16991,48.6621,45.09989,40.11234,42.75512,41.48494,46.27094,45.54119,44.14748,42.05948,43.28972,35.73514,36.13862,36.05551,40.24922,30.52868,30.61046,27.73085,30.41381,30.4795,29.69848,24.20744,29.0,19.72308,25.05993,17.11724,19.92486,19.0263,17.46425,17.26268,14.31782,34.66987,30.23243,32.75668,35.0,34.66987,35.34119,34.66987,41.67733,36.23534,35.0,40.0,42.80187,43.93177,40.31129,42.63801,43.18565,44.55334,45.96738,45.45327,48.16638,52.20153,53.75872,50.9902,57.28001,53.75872,53.90733,58.79626,60.44005,62.00806,61.61169,56.30275,63.89053,60.03332,62.96825,66.88797,63.81222,63.81222,65.8635,68.54196,70.68239,62.64982,73.40981,69.31811,70.00714,68.942,74.46476,73.1642,76.2168,77.49194,82.86133,81.7435,75.58439,75.89466,82.0061,85.07056,83.81527,87.93179
13.0384,11.6619,13.0384,12.52996,11.6619,10.81665,10.81665,10.81665,10.0,10.0,10.0,10.0,9.21954,9.21954,9.21954,9.21954,8.48528,8.48528,8.48528,8.48528,8.48528,7.81025,7.81025,7.81025,7.81025,7.07107,7.07107,7.07107,7.07107,7.07107,6.40312,6.40312,6.40312,5.83095,5.83095,5.38516,5.38516,5.38516,5.09902,4.12311,4.12311,4.0,4.0,3.16228,3.16228,3.16228,3.16228,2.23607,2.82843,2.82843,2.23607,2.23607,81.49233,79.12016,78.44743,73.97973,76.40026,64.28841,76.15773,67.18631,69.12308,65.96969,64.19502,58.24946,59.90826,57.70615,57.48913,54.12947,58.21512,55.3263,55.14526,53.15073,46.27094,51.24451,49.0102,54.03702,48.09366,51.0392,43.04649,46.01087,53.33854,41.01219,45.01111,41.7732,40.0125,36.22154,42.29657,38.83298,43.01163,39.05125,36.68787,32.20248,32.98485,36.05551,29.52965,32.31099,22.36068,26.87006,27.65863,23.60085,20.80865,19.41649,20.24846,21.09502,17.46425,16.15549,15.81139,12.0,17.11724,33.12099,29.83287,26.07681,29.96665,30.52868,29.41088,32.64966,32.44996,30.88689,32.20248,38.41875,35.0,37.01351,35.4683,38.18377,36.79674,41.23106,41.86884,45.34314,47.01064,44.68781,49.51767,49.67897,51.73973,54.03702,53.90733,55.44367,57.31492,53.90733,55.44367,52.20153,57.68882,54.6443,63.63175,61.58734,60.53924,59.90826,64.88451,63.13478,67.53518,69.77822,67.54258,68.35203,69.64194,61.35145,69.12308,69.64194,70.93659,75.9276,73.75636,75.96052,80.77747,74.04053,75.96052,81.25269,81.32035,84.48077
14.76482,13.89244,13.89244,13.89244,13.89244,13.0384,13.0384,12.20656,12.20656,11.40175,11.40175,11.40175,10.63015,10.63015,10.63015,9.89949,9.89949,9.89949,9.89949,9.89949,9.89949,9.21954,9.21954,9.21954,9.21954,9.21954,9.21954,9.21954,8.48528,8.48528,8.48528,8.48528,7.81025,7.81025,7.2111,7.2111,6.7082,6.7082,5.83095,5.38516,5.38516,5.38516,5.09902,5.09902,4.0,4.0,4.0,4.0,3.0,3.16228,3.16228,2.23607,83.1685,77.36924,76.40026,75.0,75.39231,70.5195,70.88018,70.0928,63.32456,62.36185,58.46366,57.72348,60.20797,58.54912,49.49747,53.60037,57.55867,49.16299,55.0,45.04442,55.08176,45.01111,46.27094,50.03998,45.17743,43.01163,42.04759,44.18144,45.09989,40.1995,40.0125,44.01136,41.01219,44.10215,38.01316,37.21559,36.67424,36.12478,39.29377,34.88553,32.57299,24.73863,26.83282,29.41088,26.41969,25.23886,27.20294,21.40093,26.40076,23.70654,24.69818,19.23538,21.84033,18.24829,17.08801,13.0384,18.11077,34.0147,34.0,33.01515,35.34119,30.88689,34.17601,34.9285,36.24914,37.58989,36.67424,34.4093,38.01316,43.26662,41.7732,39.82462,41.18252,42.52058,42.52058,47.38143,47.63402,48.9183,48.10405,48.79549,55.17246,51.66237,48.79549,53.03772,58.69412,60.10824,54.48853,54.40588,63.00794,58.82176,65.80274,63.00794,63.82006,64.3506,71.86793,65.36819,64.88451,65.74192,69.35416,69.46222,71.55418,71.17584,75.96052,72.8011,71.86793,76.24303,80.77747,79.12016,75.58439,78.77182,74.04053,78.84795,82.76473,83.67795
14.31782,14.31782,14.31782,13.92839,13.41641,13.0,12.08305,12.52996,12.08305,11.6619,11.6619,10.81665,10.81665,10.81665,10.81665,10.0,10.0,10.0,9.21954,10.0,9.21954,9.21954,9.21954,9.89949,9.21954,9.21954,9.21954,9.21954,9.21954,8.60233,8.60233,8.60233,8.06226,7.2111,6.7082,6.7082,6.7082,6.32456,6.32456,6.32456,5.09902,5.09902,5.09902,4.0,4.0,4.0,4.0,4.12311,3.16228,3.16228,3.16228,2.23607,82.5409,80.5295,82.8553,75.39231,76.6942,69.35416,76.6942,74.46476,68.70953,61.68468,60.53924,62.03225,62.03225,59.80803,56.46238,52.20153,55.7315,58.30952,48.37355,51.1957,51.47815,48.09366,43.18565,45.04442,48.50773,46.09772,43.10452,44.0,41.01219,40.04997,39.62323,46.04346,41.04875,42.29657,39.11521,40.02499,39.45884,34.71311,36.67424,31.01612,35.77709,33.12099,29.54657,26.92582,30.8707,24.83948,24.83948,24.83948,27.20294,20.24846,21.40093,21.0238,17.26268,13.34166,16.49242,16.12452,14.03567,33.24154,31.7805,31.06445,32.28002,31.06445,33.37664,35.90265,35.73514,36.68787,37.94733,34.9285,38.60052,40.49691,37.16181,41.78516,40.71855,44.29447,43.41659,47.01064,49.64877,45.27693,54.12024,49.09175,56.61272,55.22681,59.64059,54.67175,60.80296,59.81639,62.28965,60.20797,64.03124,60.87693,58.72819,64.3506,62.93648,66.6033,70.03571,66.8431,67.20119,68.8186,70.0,69.2026,78.03204,73.23933,77.17513,74.09453,74.43118,79.60528,76.15773,78.71467,79.15807,80.95678,74.73286,85.23497,83.64807,85.08819
14.03567,13.0384,13.0384,12.04159,12.04159,12.04159,12.04159,11.18034,11.18034,10.19804,10.19804,10.19804,9.21954,9.21954,9.21954,9.48683,9.48683,8.544,8.544,8.544,8.544,8.544,8.544,7.61577,8.544,8.544,8.544,7.28011,7.28011,7.28011,7.07107,7.07107,6.08276,6.08276,6.08276,6.0,6.0,5.0,5.09902,4.12311,4.12311,4.12311,3.60555,3.60555,3.60555,2.82843,2.82843,2.82843,2.23607,2.23607,2.0,2.0,77.00649,78.23043,82.32861,77.98718,67.89698,77.33693,71.61006,70.17834,66.70832,67.20863,63.89053,65.94695,61.52235,59.46427,54.48853,53.41348,57.31492,57.48913,53.60037,50.21952,53.41348,45.65085,49.39636,47.43416,46.04346,49.67897,46.87217,42.94182,45.61798,45.79301,42.04759,49.24429,35.80503,41.88078,38.83298,39.82462,36.79674,41.72529,39.40812,34.05877,32.55764,31.1127,32.80244,35.0,30.01666,29.06888,23.76973,26.83282,22.80351,20.61553,22.36068,20.09975,15.13275,20.88061,12.64911,15.81139,17.08801,30.36445,30.36445,26.92582,33.24154,28.44293,29.41088,32.31099,30.46309,33.24154,31.7805,32.55764,33.37664,38.47077,38.0,42.0119,35.01428,38.11824,42.0,40.1995,44.28318,45.04442,50.0,47.51842,46.87217,51.08816,56.22277,50.69517,56.56854,50.9902,56.32051,55.7853,58.5235,65.11528,59.90826,61.35145,62.36185,59.61543,67.77905,61.84658,72.44998,72.00694,65.36819,69.35416,68.60029,71.19691,66.88797,68.7968,75.21303,74.09453,73.81734,71.8401,78.24321,80.1561,75.43209,78.56844,85.91275,79.64923
14.56022,14.86607,14.56022,14.56022,13.60147,13.60147,12.64911,12.64911,12.64911,12.08305,11.7047,11.18034,11.18034,11.18034,11.18034,11.18034,10.29563,10.29563,10.81665,10.29563,9.43398,9.43398,9.43398,9.43398,9.43398,9.43398,9.43398,9.43398,8.94427,8.06226,8.94427,8.94427,8.544,7.61577,7.28011,7.28011,7.28011,6.08276,6.08276,6.08276,5.0,5.0,5.0,5.09902,4.12311,4.12311,3.16228,3.16228,3.16228,3.16228,2.82843,2.82843,79.64923,80.0,78.81624,79.88116,76.40026,73.23933,72.56032,72.71864,64.07027,61.61169,61.40033,58.66856,64.66065,52.83938,64.3506,55.47071,61.26989,58.18075,51.86521,46.09772,48.75449,44.72136,48.08326,44.01136,45.31004,45.88028,43.56604,49.0306,50.92151,42.04759,43.01163,46.09772,43.32436,41.23106,40.71855,42.48529,39.81206,35.77709,34.66987,33.30165,32.55764,38.28838,27.58623,32.52691,24.04163,26.41969,20.24846,28.17801,25.55386,21.18962,18.02776,21.0238,20.0,20.0,15.23155,15.52417,19.31321,35.22783,32.0,32.01562,35.0,34.71311,35.35534,30.01666,33.37664,33.06055,34.36568,35.44009,38.27532,43.41659,38.27532,40.8534,44.92215,41.10961,47.80167,48.33218,48.10405,51.42956,51.26402,51.47815,52.55473,52.83938,55.9464,56.36488,60.90156,61.58734,56.30275,57.14018,63.24555,62.00806,69.06519,68.11755,68.00735,67.47592,68.00735,64.53681,73.66139,71.44928,70.03571,72.13876,70.29225,65.8559,73.87828,73.40981,70.29225,77.20104,77.98718,79.40403,84.38602,86.60831,77.20104,80.44874,93.08598,87.46428
14.56022,14.56022,14.56022,13.60147,13.60147,12.64911,12.36932,12.36932,12.36932,12.36932,11.18034,11.18034,11.18034,10.19804,10.19804,11.04536,10.0,10.0,9.05539,9.05539,9.05539,9.0,9.0,9.0,9.0,9.0,9.0,8.06226,8.06226,8.06226,7.07107,8.06226,7.28011,7.28011,7.28011,7.28011,6.32456,6.7082,5.83095,5.83095,5.83095,5.0,5.65685,4.24264,4.24264,4.24264,3.60555,3.60555,3.16228,3.16228,3.16228,3.16228,75.80237,81.05554,75.45197,74.8131,71.44928,65.8559,73.0,71.40028,63.89053,63.78087,55.17246,59.4138,58.89822,60.1415,52.3259,57.42822,52.34501,45.80393,44.20407,49.24429,54.08327,46.09772,46.61545,42.94182,49.73932,46.64762,45.65085,42.2019,47.41308,43.82921,40.71855,40.71855,44.10215,39.35734,43.26662,41.23106,38.83298,40.60788,34.4093,32.64966,30.4795,29.73214,26.90725,29.15476,25.0,27.313,21.63331,22.80351,21.2132,20.39608,21.84033,17.26268,19.0263,14.0,13.34166,13.41641,12.08305,32.24903,29.15476,30.41381,29.15476,28.63564,30.88689,33.83785,32.69557,31.01612,32.89377,39.0,40.16217,39.29377,41.7732,40.4475,41.7732,40.11234,39.45884,48.50773,49.0,48.04165,43.18565,48.09366,52.00961,52.03845,55.03635,52.34501,52.23983,59.5399,56.22277,61.81424,62.96825,58.0517,65.30697,61.40033,63.32456,65.14599,67.41662,66.48308,66.09841,67.62396,72.01389,69.35416,69.77822,65.74192,74.09453,70.60453,76.00658,80.44874,71.56116,74.06079,74.06079,73.10951,76.05919,83.00602,80.0,87.61849
15.65248,14.31782,14.76482,14.31782,14.76482,12.52996,13.41641,12.52996,12.52996,11.6619,11.6619,12.20656,10.81665,11.40175,10.81665,10.63015,10.0,10.63015,9.89949,9.21954,10.0,9.89949,9.89949,9.89949,9.89949,9.21954,9.21954,9.21954,9.21954,8.60233,8.60233,8.60233,8.06226,8.06226,7.61577,6.7082,6.7082,6.32456,6.32456,6.32456,5.09902,5.09902,5.09902,4.0,4.0,4.0,4.12311,3.16228,3.16228,3.16228,2.23607,2.23607,78.0,81.939,81.43709,76.48529,75.591,73.53911,70.00714,75.76939,62.29767,66.70832,60.92618,58.82176,63.90618,57.58472,58.18075,52.20153,56.30275,55.9017,51.41984,48.05206,51.78803,48.6621,51.35173,47.38143,51.35173,47.26521,44.91102,46.69047,43.41659,45.12206,43.73786,44.92215,41.97618,43.41659,43.56604,43.01163,37.94733,35.44009,38.8973,36.67424,34.4093,37.20215,33.83785,30.52868,25.4951,28.28427,28.3196,27.80288,22.82542,21.63331,20.12461,21.09502,16.49242,20.61553,19.0263,16.49242,18.24829,29.96665,36.76955,32.20248,34.53983,34.9285,28.63564,33.12099,30.08322,30.41381,33.12099,35.34119,37.12142,36.35932,36.61967,43.04649,44.10215,45.22168,44.41846,46.61545,44.20407,54.40588,50.44799,55.21775,55.0,54.03702,58.00862,58.60034,58.89822,57.38467,59.46427,54.48853,60.87693,65.76473,64.38167,66.6033,66.6033,66.70832,65.43699,73.0,67.6757,73.4983,69.46222,74.09453,73.3553,73.78347,73.92564,78.29432,76.96753,83.25863,72.49828,78.71467,79.64923,77.36924,83.00602,83.7735,83.24062,83.18654
15.81139,15.0,15.0,14.42221,14.42221,12.80625,12.80625,12.80625,12.80625,12.04159,11.40175,11.31371,11.31371,11.31371,11.31371,10.63015,10.0,10.63015,10.0,10.0,9.21954,10.0,10.0,9.43398,10.0,8.60233,8.60233,9.21954,9.21954,8.48528,8.48528,8.48528,8.48528,7.81025,7.81025,7.81025,7.2111,6.7082,6.7082,5.83095,5.38516,5.38516,5.09902,4.12311,4.12311,4.12311,4.0,4.0,3.0,3.0,3.16228,2.23607,83.64807,85.47514,75.66373,73.78347,73.78347,72.94518,73.34848,70.23532,65.39113,55.56978,59.07622,59.9333,60.53924,58.69412,54.56189,55.15433,52.39275,52.20153,55.08176,46.51881,48.08326,47.12749,44.72136,44.92215,49.64877,52.63079,44.64303,45.70558,44.64303,38.83298,44.72136,40.16217,43.73786,38.07887,42.95346,35.34119,38.47077,35.22783,33.61547,36.40055,33.28663,26.87006,26.62705,25.4951,28.3196,24.20744,30.0,23.43075,26.24881,23.4094,20.24846,16.0,18.02776,18.02776,15.13275,13.0,18.38478,30.08322,32.89377,30.08322,30.80584,30.46309,32.89377,30.80584,27.20294,29.54657,35.34119,36.61967,33.54102,40.24922,40.71855,41.67733,41.18252,43.26662,45.48626,45.80393,45.60702,43.60046,48.54894,48.01042,52.00961,52.49762,56.40035,57.48913,58.24946,58.0,60.10824,60.1415,58.0,56.63921,66.52819,62.93648,66.48308,63.70243,65.43699,71.06335,71.56116,69.52697,66.61081,67.80118,77.10383,71.02112,83.00602,70.17834,72.56032,78.54935,80.13114,75.15318,80.26207,82.36504,77.69813,82.34683,84.58132,83.63014
13.41641,13.41641,13.41641,13.41641,12.08305,12.08305,11.18034,11.18034,11.18034,10.77033,10.77033,10.77033,9.48683,9.48683,9.48683,9.48683,9.21954,8.24621,8.24621,8.24621,8.24621,8.24621,8.24621,8.06226,8.06226,8.24621,8.24621,7.28011,7.28011,7.28011,7.28011,6.32456,6.7082,6.7082,5.83095,5.83095,6.40312,5.0,5.65685,5.0,5.0,5.0,4.47214,4.47214,4.12311,4.12311,4.12311,3.16228,3.0,3.0,3.16228,3.16228,82.20097,78.44743,76.11833,78.77182,79.51101,76.29548,68.06614,69.46222,64.28841,70.03571,66.48308,64.32729,66.70832,53.93515,55.57877,56.29387,50.28916,50.32892,50.59644,49.76947,51.86521,48.76474,43.65776,42.54409,44.77723,45.18849,39.92493,40.31129,44.38468,48.33218,44.27189,46.48656,44.77723,43.68066,38.60052,39.29377,34.36568,37.36308,33.24154,38.47077,35.01428,29.61419,29.01724,23.0,23.19483,25.17936,27.51363,20.24846,21.63331,26.07681,25.80698,19.41649,17.69181,13.92839,18.97367,13.41641,15.0333,29.20616,30.61046,24.69818,32.01562,25.55386,28.30194,33.54102,33.83785,35.35534,31.38471,35.35534,37.12142,38.58756,42.54409,42.95346,44.38468,45.61798,42.95346,41.4367,45.88028,44.77723,46.8188,50.32892,51.5461,51.86521,61.68468,57.56735,58.5235,57.07013,55.7853,58.46366,59.84146,58.69412,61.20457,64.38167,65.62012,63.3877,70.45566,63.3877,68.18358,70.02857,68.02941,73.10951,71.34424,65.00769,71.11259,73.33485,77.41447,75.42546,72.69113,72.18033,83.86298,82.73452,75.66373,82.73452,79.76215,83.18654
15.0,14.21267,14.42221,14.21267,13.60147,12.80625,12.20656,12.20656,12.20656,11.6619,11.6619,11.6619,10.81665,10.29563,10.29563,10.77033,9.84886,9.84886,9.84886,9.84886,9.84886,9.48683,9.48683,8.544,8.544,8.544,8.544,8.94427,8.544,7.61577,7.61577,8.06226,8.06226,7.2111,7.2111,7.2111,6.40312,6.40312,5.65685,5.65685,5.65685,5.0,5.0,4.47214,4.47214,4.47214,4.12311,4.12311,3.16228,3.0,3.0,3.0,82.49242,72.0,83.02409,70.71068,75.32596,77.16217,75.02666,74.06079,63.50591,69.58448,62.03225,61.0,58.42089,57.55867,52.95281,51.24451,54.40588,50.28916,57.48913,50.32892,52.81098,47.53946,49.24429,49.47727,44.59821,47.80167,40.16217,48.75449,41.14608,38.47077,36.40055,45.12206,39.0,39.56008,38.60052,38.07887,31.62278,36.76955,40.26164,29.15476,29.42788,29.27456,35.0,31.06445,31.01612,26.30589,24.16609,21.0238,23.76973,20.51828,20.61553,17.69181,14.31782,18.02776,12.20656,19.23538,11.6619,29.83287,29.83287,26.90725,33.30165,29.69848,34.65545,29.0,32.01562,34.71311,34.20526,37.20215,42.63801,39.11521,41.88078,43.26662,42.43819,46.64762,37.16181,47.01064,43.909,46.64762,51.42956,50.11986,51.89412,49.76947,54.23099,59.61543,61.46544,57.00877,60.53924,59.46427,61.03278,63.90618,67.44627,70.60453,67.18631,61.66036,67.91171,68.88396,70.45566,75.31268,60.29925,73.33485,70.11419,73.02739,68.0,71.0,75.00667,82.05486,75.05998,76.1643,78.16009,89.08984,71.06335,85.37564,93.90421,85.09407
14.21267,13.45362,13.60147,12.80625,12.80625,12.80625,11.40175,11.40175,11.40175,10.81665,10.81665,10.81665,10.29563,10.29563,9.43398,10.29563,10.29563,8.94427,8.94427,8.94427,8.94427,8.544,8.94427,8.544,8.544,8.94427,8.06226,7.61577,7.61577,8.06226,6.7082,7.2111,7.2111,7.2111,6.40312,6.40312,5.65685,5.65685,5.0,5.0,5.0,4.47214,3.60555,3.16228,3.16228,3.16228,3.0,3.0,2.0,2.23607,2.0,2.0,82.0061,76.1643,78.63841,76.65507,74.8131,76.53104,67.1193,73.24616,60.53098,65.76473,63.0,62.28965,59.00847,52.00961,57.14018,57.00877,49.0,53.03772,50.03998,54.08327,52.46904,47.16991,48.37355,46.38965,42.42641,45.27693,42.72002,43.93177,43.56604,46.04346,45.17743,44.10215,37.12142,36.0,43.04649,39.11521,35.22783,35.0571,36.0,40.31129,32.38827,33.24154,29.96665,26.92582,30.01666,25.23886,20.80865,24.04163,23.34524,22.67157,22.02272,20.0,20.12461,18.35756,20.24846,12.64911,18.02776,26.62705,30.61046,30.80584,33.42155,29.73214,29.20616,28.42534,34.66987,30.88689,34.66987,38.41875,35.8469,35.35534,34.0,38.07887,35.4683,41.59327,44.77723,43.46263,46.61545,44.92215,50.92151,47.53946,55.03635,50.53712,51.89412,55.9464,57.38467,56.921,59.77458,60.72891,59.13544,58.69412,61.81424,61.0,66.09841,61.84658,67.91171,67.72001,71.06335,67.08204,69.42622,72.33948,67.47592,75.00667,67.0,76.02631,72.02777,76.10519,68.00735,78.05767,80.1561,84.29116,76.10519,75.66373,83.02409,84.05355
13.34166,13.34166,12.64911,12.36932,12.36932,12.36932,11.7047,11.7047,10.44031,10.77033,10.77033,10.77033,9.84886,9.84886,8.94427,9.84886,8.94427,8.94427,8.06226,8.06226,8.06226,8.06226,8.06226,8.06226,8.06226,8.06226,8.06226,8.06226,8.06226,7.61577,6.7082,6.7082,6.32456,6.32456,6.32456,6.08276,6.08276,5.09902,5.0,5.0,4.0,4.12311,4.12311,3.16228,3.16228,3.16228,2.23607,2.23607,1.41421,2.23607,2.23607,2.0,77.38863,85.60374,79.92496,80.21222,81.5414,73.57309,75.47185,69.33974,69.33974,65.51336,67.23095,63.81222,64.63745,56.93856,59.9333,60.92618,57.69749,52.92447,48.33218,51.26402,50.28916,49.39636,47.01064,48.10405,43.82921,46.17359,44.59821,48.08326,43.32436,41.48494,46.17359,47.85394,41.14608,39.35734,45.31004,39.82462,37.44329,39.40812,35.60899,36.61967,33.97058,33.42155,32.55764,29.20616,23.32381,30.52868,30.01666,23.70654,17.88854,24.04163,24.04163,14.31782,22.56103,18.02776,15.29706,15.52417,18.68154,36.05551,29.20616,33.42155,38.07887,32.75668,35.8469,41.7732,27.78489,38.27532,32.20248,34.66987,38.58756,36.61967,35.77709,36.40055,47.01064,31.82766,53.0,39.66106,53.16014,40.60788,43.82921,50.44799,44.55334,44.40721,55.31727,54.81788,57.28001,60.1415,62.24147,73.5527,56.58622,62.93648,55.17246,66.46804,66.48308,71.06335,63.51378,66.0303,68.24954,66.4003,73.4983,70.21396,69.89278,67.6757,80.70936,77.69813,76.15773,73.06162,77.02597,76.94154,76.55717,81.9878,83.24062,84.59905,82.1523,85.44004
14.86607,13.60147,13.60147,13.92839,13.0,12.64911,12.64911,12.64911,11.7047,11.40175,11.40175,11.40175,10.19804,10.19804,10.19804,10.04988,10.04988,10.04988,9.05539,9.05539,9.05539,9.05539,9.05539,9.0,9.05539,9.05539,9.05539,8.06226,8.06226,8.06226,7.07107,8.24621,7.28011,7.28011,7.28011,7.28011,6.7082,6.7082,5.83095,5.83095,5.83095,5.0,5.0,4.24264,4.24264,3.60555,3.60555,4.47214,3.16228,3.16228,3.16228,3.16228,78.44743,75.69016,79.69944,76.6942,77.47258,75.58439,66.30988,74.84651,67.77905,65.19202,64.4748,59.48109,52.80152,52.39275,51.31277,51.97115,54.12024,53.53504,49.92995,48.16638,53.25411,38.8973,49.0408,50.93133,44.04543,47.20169,41.03657,42.0119,46.69047,41.7732,40.36087,42.44997,43.26662,34.05877,38.18377,39.40812,39.96248,39.82462,38.91015,34.0147,31.76476,30.8707,32.89377,28.63564,28.63564,28.01785,26.07681,25.01999,27.0,20.02498,17.46425,15.81139,19.72308,12.36932,16.55295,12.72792,18.38478,31.38471,34.48188,25.94224,35.35534,30.01666,32.44996,35.35534,29.52965,33.10589,31.76476,35.17101,36.40055,41.23106,38.83298,44.14748,38.32754,46.32494,43.17407,47.07441,47.85394,45.60702,53.93515,50.69517,50.9902,55.14526,55.14526,53.03772,58.07753,57.55867,66.18912,59.13544,66.1211,66.18912,64.03124,68.00735,65.19202,59.03389,69.35416,70.5762,72.00694,80.41144,66.70832,70.40597,73.76313,77.36924,71.30919,77.88453,75.28612,86.02325,78.77182,80.99383,80.05623,83.00602,75.61085,86.97701,86.76405,86.53901
13.15295,12.16553,13.0384,12.04159,12.04159,11.18034,11.04536,10.04988,10.04988,10.04988,10.04988,9.0,9.0,9.0,9.0,9.05539,8.06226,8.06226,8.06226,8.06226,8.06226,8.06226,7.07107,7.28011,7.07107,7.07107,7.07107,7.07107,7.07107,7.0,7.0,6.0,7.0,6.08276,6.08276,6.08276,5.09902,5.09902,5.38516,4.47214,4.47214,5.0,4.24264,4.24264,3.60555,3.60555,3.60555,3.16228,3.16228,3.16228,3.0,3.0,84.11896,79.61156,80.0,74.09453,75.80237,73.06162,68.8186,69.89278,64.07027,68.7968,66.03787,60.46487,59.90826,56.40035,52.43091,51.40039,55.9017,50.93133,51.66237,50.32892,51.73973,46.40043,45.60702,46.40043,43.41659,46.09772,46.69047,45.0,44.65423,45.34314,40.22437,47.38143,39.59798,41.40048,44.04543,38.28838,38.94868,38.8973,35.60899,32.75668,30.88689,35.77709,29.20616,31.40064,32.20248,25.07987,25.4951,22.80351,25.07987,25.17936,19.0263,19.41649,18.43909,10.81665,12.20656,11.6619,15.81139,32.55764,24.18677,27.01851,25.70992,29.61419,31.7805,29.15476,29.06888,33.24154,33.06055,35.51056,36.22154,36.05551,36.01389,43.10452,38.0,48.16638,41.19466,45.27693,42.29657,46.04346,53.46027,48.83646,52.46904,53.46027,54.74486,59.68249,58.54912,55.57877,59.22837,58.54912,59.22837,68.06614,65.45991,65.96969,65.51336,65.45991,65.45991,68.942,69.07966,70.00714,70.93659,71.30919,76.48529,70.26379,75.23962,73.53911,77.36924,75.29276,79.32213,81.63333,81.12336,81.00617,80.70936,75.16648,85.98256,80.44874
14.86607,13.92839,13.92839,13.60147,13.0,12.64911,11.7047,12.08305,12.08305,11.18034,11.18034,11.18034,11.18034,11.18034,10.29563,10.29563,9.43398,9.43398,9.43398,9.43398,9.43398,9.43398,8.60233,8.60233,8.60233,8.60233,8.60233,8.60233,8.60233,8.06226,8.06226,8.06226,8.06226,7.61577,7.61577,6.7082,6.32456,6.32456,6.08276,6.08276,5.0,5.0,5.0,4.0,4.12311,4.12311,4.12311,4.12311,3.16228,3.16228,2.82843,2.82843,79.6304,83.00602,79.05694,76.00658,70.49113,71.28113,69.64194,72.42237,70.3278,54.3783,58.18075,55.9017,59.9333,54.12024,53.60037,52.3259,57.38467,49.24429,51.26402,50.96077,45.31004,49.39636,48.05206,50.80354,43.01163,46.57252,46.57252,44.91102,45.35416,41.0,42.2019,38.83298,42.95346,43.17407,42.04759,37.36308,35.4683,38.62642,34.88553,34.88553,31.06445,28.42534,31.76476,30.61046,24.08319,32.64966,29.41088,28.01785,18.43909,15.29706,23.76973,18.43909,18.97367,16.03122,18.24829,16.03122,15.52417,31.57531,31.32092,30.08322,25.96151,35.69314,28.44293,30.08322,31.62278,31.38471,37.33631,37.69615,37.64306,42.54409,40.24922,42.04759,44.27189,44.27189,46.52956,45.17743,50.11986,49.73932,53.85165,53.23533,57.80138,54.08327,59.36329,61.91123,61.85467,67.41662,58.5235,63.60031,64.03124,69.2026,65.80274,67.62396,63.12686,66.52819,63.70243,70.0928,74.95332,70.76722,77.15569,68.68042,79.64923,69.35416,64.03124,69.2026,80.80223,81.5414,84.0595,81.5414,77.02597,81.27115,77.62087,87.70975,85.14693,87.98295
13.60147,12.80625,13.60147,12.80625,12.80625,11.40175,11.31371,11.31371,10.63015,10.63015,9.89949,9.89949,9.21954,9.21954,9.21954,8.60233,8.60233,8.60233,8.60233,8.60233,8.06226,8.06226,8.06226,8.06226,8.06226,8.06226,6.7082,7.2111,7.2111,7.2111,7.2111,6.40312,6.40312,6.40312,5.65685,5.65685,5.65685,5.83095,5.0,4.47214,4.47214,4.12311,4.12311,4.12311,3.0,3.0,3.0,3.16228,3.16228,2.23607,2.23607,2.82843,82.73452,76.48529,77.92946,74.2159,69.857,71.84706,71.38627,71.58911,67.60178,61.07373,62.20129,56.22277,58.85576,58.69412,55.0,55.08176,58.00862,51.35173,49.0102,50.08992,48.04165,44.04543,43.73786,45.39824,46.87217,47.38143,42.57934,42.95346,45.35416,36.49658,38.63936,43.41659,43.10452,47.04253,34.0,38.01316,39.11521,40.04997,36.49658,34.48188,30.41381,33.24154,32.89377,24.73863,31.7805,27.51363,25.05993,23.85372,23.02173,18.38478,18.35756,19.20937,20.80865,18.86796,16.55295,14.31782,14.14214,28.6007,29.41088,29.06888,29.15476,27.80288,27.65863,27.01851,31.1127,30.41381,31.241,34.71311,34.65545,36.61967,42.0119,43.18565,38.28838,46.40043,40.80441,49.09175,46.40043,43.82921,54.08327,46.8615,52.15362,57.2014,56.0803,53.33854,57.68882,58.5235,62.76942,55.9464,64.88451,60.82763,68.8767,66.24198,65.29931,61.40033,65.19202,67.72001,67.41662,67.06713,61.03278,70.83078,72.12489,70.60453,63.34824,67.46851,72.27724,75.43209,72.18033,73.97973,77.31753,75.80237,75.80237,80.50466,85.51023,80.60397
14.21267,14.21267,14.21267,13.45362,12.80625,12.80625,12.80625,12.20656,11.40175,10.81665,10.81665,10.29563,10.29563,10.29563,10.29563,9.84886,9.84886,8.94427,9.84886,8.94427,8.94427,8.94427,8.544,8.544,8.544,8.544,8.544,8.94427,8.94427,8.544,8.06226,8.06226,7.2111,8.06226,7.2111,6.40312,6.40312,6.40312,6.40312,6.40312,5.65685,5.0,5.0,5.0,4.47214,4.47214,4.12311,4.12311,3.16228,4.0,3.0,3.0,78.08969,81.04937,74.02702,73.33485,72.00694,66.37017,68.11755,67.06713,61.40033,63.0,60.07495,55.3263,58.00862,54.03702,51.24451,47.26521,51.62364,51.62364,53.15073,49.0306,46.09772,45.88028,48.10405,49.64877,43.9659,46.57252,37.57659,45.54119,43.41659,40.16217,39.56008,44.77723,38.32754,43.01163,39.05125,34.53983,36.13862,39.84972,32.75668,33.73426,31.01612,31.01612,34.05877,33.01515,29.06888,27.65863,27.07397,26.24881,21.37756,25.05993,20.61553,18.02776,17.80449,16.27882,12.20656,15.0,13.41641,27.29469,31.90611,31.38471,29.96665,27.78489,31.241,30.01666,33.42155,35.8469,33.61547,36.05551,34.4093,38.41875,41.04875,43.18565,42.43819,43.13931,46.75468,39.62323,50.32892,50.20956,53.07542,52.3259,53.60037,53.8145,58.13777,58.0,60.20797,61.22091,61.40033,60.20797,65.21503,63.60031,62.76942,65.8635,61.40033,63.95311,68.47627,68.88396,63.97656,74.68601,69.28925,72.11103,81.27115,71.47027,68.06614,74.33034,67.26812,75.13322,75.66373,72.99315,75.80237,78.23043,74.54529,78.08969,89.80535,81.3941
12.64911,12.64911,11.7047,12.08305,11.7047,11.7047,10.44031,10.44031,10.44031,9.21954,10.19804,9.21954,9.21954,9.05539,9.05539,9.05539,9.0,8.0,8.0,8.0,8.0,8.0,8.0,8.0,8.0,8.06226,8.0,7.0,7.0,7.0,7.07107,6.08276,6.08276,6.08276,6.08276,6.08276,5.38516,5.38516,4.47214,4.47214,3.60555,3.60555,4.24264,3.60555,3.60555,2.23607,3.16228,3.16228,2.23607,2.0,2.0,2.23607,79.84986,75.39231,82.21922,75.17978,77.47258,71.86793,76.6942,71.58911,68.8767,60.00833,61.26989,56.30275,58.18075,61.7414,56.36488,58.5235,52.15362,53.85165,50.21952,46.75468,49.64877,46.8615,50.44799,47.42362,45.34314,48.27007,45.27693,45.25483,46.69047,42.52058,45.96738,40.36087,40.36087,41.03657,36.06938,43.26662,34.48188,40.0,41.18252,34.43835,31.90611,32.89377,33.52611,31.7805,28.86174,24.35159,27.07397,26.1725,23.02173,20.39608,19.41649,19.0263,19.92486,17.72005,16.12452,16.15549,14.21267,29.83287,30.41381,27.85678,31.38471,33.54102,35.77709,34.43835,30.46309,33.24154,37.10795,37.33631,38.60052,40.26164,41.76123,43.01163,41.48494,45.17743,45.70558,53.15073,50.63596,48.05206,50.63596,52.46904,49.24429,55.7315,60.29925,52.7731,59.07622,63.03174,60.29925,63.00794,61.20457,66.1211,64.00781,70.02857,63.03174,63.1981,69.46222,63.95311,67.26812,63.63961,75.50497,66.70832,72.56721,65.0,75.02666,73.76313,72.73239,72.27724,78.33901,79.05694,74.84651,79.40403,73.92564,81.15417,73.05477,85.49269
13.92839,13.92839,13.92839,13.92839,13.0,13.0,12.08305,12.08305,12.08305,11.18034,11.18034,11.18034,10.29563,10.81665,10.81665,10.0,10.0,10.0,10.0,10.0,9.21954,9.21954,9.21954,9.21954,9.21954,9.21954,9.21954,9.21954,8.60233,8.60233,8.60233,8.60233,8.06226,8.06226,7.61577,6.7082,6.7082,6.32456,6.32456,6.08276,5.09902,5.0,5.09902,5.0,4.0,4.12311,4.12311,4.12311,3.16228,3.16228,3.16228,2.23607,84.87638,77.42093,77.69813,73.24616,74.06079,74.63243,71.34424,69.33974,63.28507,64.2028,57.98276,61.7171,59.94164,55.15433,53.22593,51.88449,52.3259,50.56679,51.89412,47.16991,49.0408,39.84972,43.17407,50.59644,46.57252,45.88028,43.9659,41.97618,43.9659,41.23106,45.22168,40.49691,45.88028,43.93177,38.07887,38.32754,39.84972,39.56008,32.69557,38.07887,31.241,31.241,34.20526,30.80584,32.55764,31.89044,28.6007,30.52868,19.69772,21.0238,19.92486,17.46425,21.09502,18.02776,16.03122,15.13275,17.46425,28.44293,32.01562,32.28002,35.17101,33.95585,33.37664,34.71311,35.17101,33.52611,34.17601,35.73514,38.8973,44.01136,39.82462,43.65776,46.48656,45.18849,45.18849,49.64877,52.7731,50.56679,56.82429,51.62364,55.15433,53.23533,51.88449,58.60034,61.29437,62.76942,60.46487,65.21503,67.42403,65.51336,64.89992,69.63476,65.0,67.42403,69.02898,66.52819,65.79514,74.96666,70.0928,71.42129,71.58911,76.2168,75.82216,71.8401,77.23341,76.2168,80.1561,74.88658,75.71658,79.6304,80.60397,83.35466,80.44874,81.49233
13.89244,13.89244,13.89244,13.0384,12.52996,12.52996,12.52996,11.18034,11.18034,11.18034,10.77033,10.77033,9.84886,9.84886,9.84886,9.48683,9.21954,9.21954,9.21954,9.21954,8.24621,9.21954,8.24621,9.21954,8.24621,8.24621,8.24621,8.24621,8.24621,8.24621,7.61577,7.61577,7.61577,7.61577,6.7082,6.7082,5.83095,6.40312,6.40312,5.65685,5.65685,5.65685,5.0,5.0,4.47214,4.47214,4.47214,4.12311,3.16228,3.16228,3.0,3.0,80.22468,80.399,72.36712,73.82412,78.26238,67.1193,77.27872,64.77654,62.0967,60.20797,58.24946,58.24088,57.07013,57.56735,52.55473,53.31041,55.02727,52.39275,47.92703,47.92703,48.76474,48.75449,42.94182,47.42362,46.09772,48.37355,41.04875,45.79301,45.48626,42.19005,38.41875,40.22437,43.82921,42.72002,39.39543,37.94733,39.39543,39.39543,40.60788,30.80584,31.57531,31.40064,33.54102,27.45906,31.0,26.4764,24.08319,27.07397,21.84033,24.35159,21.54066,15.81139,17.02939,18.35756,16.64332,14.21267,13.41641,31.82766,28.3196,31.82766,31.1127,30.23243,29.73214,31.89044,34.05877,39.59798,36.23534,36.89173,39.66106,42.43819,39.82462,45.60702,47.70744,43.60046,46.14109,46.06517,54.56189,53.33854,54.3783,53.22593,51.89412,55.47071,59.9333,58.18075,61.7414,58.18075,60.16644,59.80803,65.25335,62.62587,65.52099,64.62198,68.88396,67.74216,67.89698,67.91171,69.63476,68.88396,70.25667,70.45566,72.33948,69.02898,67.00746,74.00676,75.02666,78.05767,75.16648,77.23341,74.54529,77.41447,79.15807,84.71718,77.23341,89.14034
13.92839,13.92839,12.64911,12.64911,11.7047,12.64911,11.7047,11.7047,11.7047,9.84886,11.18034,10.29563,10.29563,9.43398,8.94427,9.43398,9.43398,9.43398,8.60233,8.60233,8.06226,8.60233,8.60233,7.81025,8.60233,8.60233,8.60233,8.06226,8.06226,8.06226,6.7082,7.61577,7.61577,7.28011,7.28011,7.28011,6.08276,6.08276,6.08276,5.0,5.0,6.08276,5.09902,5.09902,4.12311,4.47214,4.47214,3.60555,3.60555,3.60555,4.24264,2.82843,72.00694,72.67049,75.66373,72.47068,73.3553,76.05919,69.33974,71.34424,65.76473,61.29437,60.82763,58.59181,59.9333,55.9017,54.12024,58.5235,55.65968,55.36244,51.5461,50.21952,49.0408,46.57252,42.95346,48.83646,47.80167,46.32494,41.7732,44.40721,39.81206,43.04649,45.27693,47.26521,39.45884,43.17407,41.10961,35.4683,39.56008,38.01316,34.9285,34.9285,28.23119,36.35932,28.84441,27.01851,28.84441,30.4795,28.3196,20.51828,23.85372,18.78829,20.12461,20.09975,17.08801,20.0,16.27882,15.0333,14.56022,28.63564,33.54102,28.44293,33.24154,30.26549,32.98485,31.57531,31.7805,34.52535,34.20526,34.71311,35.73514,38.27532,44.94441,48.46648,44.64303,43.46263,42.05948,44.94441,52.35456,55.9464,52.92447,51.0,52.47857,57.24509,56.85948,57.45433,55.9464,56.0803,59.16925,57.42822,62.1289,56.0803,63.63175,59.40539,65.60488,58.72819,60.87693,65.19202,70.83784,67.89698,63.41136,73.10951,71.70077,73.66139,61.85467,69.35416,74.88658,74.51845,76.55064,77.66595,77.41447,80.70936,74.62573,77.41447,75.16648,77.17513
14.14214,13.45362,12.72792,13.45362,12.72792,12.72792,12.04159,12.04159,11.31371,10.63015,10.63015,10.63015,10.0,10.0,9.43398,10.29563,9.43398,9.43398,8.94427,8.94427,8.94427,8.94427,8.94427,8.94427,8.94427,8.94427,8.94427,8.06226,8.06226,8.60233,7.2111,7.2111,7.2111,7.2111,7.07107,7.07107,6.40312,5.65685,5.0,5.0,5.38516,4.47214,4.12311,4.12311,4.12311,3.0,3.0,3.0,3.0,2.23607,2.23607,2.23607,79.76215,74.33034,84.21401,74.24284,80.1561,80.025,57.55867,66.06815,61.29437,65.12296,60.40695,64.00781,64.03124,53.15073,54.23099,56.32051,53.15073,51.24451,48.01042,49.64877,52.7731,50.01,49.0306,44.72136,44.91102,43.93177,42.44997,43.17407,42.95346,43.93177,46.84015,50.69517,40.4475,41.19466,41.0,38.11824,33.01515,37.01351,39.01282,38.0526,37.33631,35.35534,36.24914,31.32092,29.83287,26.0,25.94224,24.83948,22.84732,18.38478,19.10497,17.80449,22.36068,19.69772,20.80865,18.97367,19.64688,32.55764,30.0,26.62705,28.01785,34.05877,36.89173,33.30165,29.73214,38.20995,29.73214,36.87818,40.45986,38.94868,41.86884,42.80187,43.18565,50.32892,41.86884,50.47772,46.2277,54.81788,49.67897,51.10773,51.73973,56.85068,56.0357,64.3506,64.14047,57.98276,60.90156,53.23533,67.54258,63.06346,59.16925,66.64083,67.08204,59.46427,68.70953,66.12866,66.7308,75.27284,65.30697,74.46476,65.0,73.97973,66.75328,71.84706,73.68175,72.33948,69.72087,74.43118,79.22752,83.48653,73.33485,77.05842,83.60024,77.23341
12.20656,12.20656,12.80625,12.20656,11.40175,10.81665,10.63015,10.63015,9.89949,9.89949,9.89949,8.48528,9.21954,9.21954,9.21954,8.60233,8.60233,8.60233,8.06226,8.06226,7.2111,8.06226,7.2111,8.06226,8.06226,7.2111,7.2111,7.2111,7.2111,7.2111,6.40312,6.40312,6.40312,5.65685,5.65685,5.0,5.0,5.83095,5.38516,4.47214,4.12311,4.12311,4.12311,3.0,3.0,3.0,3.16228,3.16228,3.16228,2.23607,2.82843,2.23607,87.57283,81.58431,81.0432,80.399,73.34848,71.38627,71.38627,68.35934,70.25667,63.1981,66.75328,66.37017,59.03389,64.19502,61.29437,55.0,59.00847,54.33231,55.3263,49.0102,49.16299,48.50773,48.50773,50.0,46.69047,46.32494,46.09772,48.70318,45.54119,42.2019,42.19005,44.27189,44.64303,45.12206,40.4475,43.28972,42.19005,41.04875,38.0526,36.05551,35.01428,33.54102,33.06055,34.48188,28.4605,24.5153,23.25941,26.41969,20.0,23.43075,19.84943,24.08319,16.64332,19.20937,21.0238,18.02776,14.56022,28.42534,31.30495,30.88689,36.89173,34.17601,33.12099,33.10589,33.10589,35.0,31.241,44.65423,38.27532,37.01351,37.64306,32.80244,46.40043,44.68781,41.7732,51.08816,44.68781,45.27693,58.0,51.66237,55.44367,55.15433,59.4138,55.22681,57.38467,59.20304,59.46427,55.44367,58.41233,61.29437,60.90156,68.88396,65.45991,61.77378,66.18912,67.1193,70.68239,73.40981,69.857,70.2282,75.39231,67.44627,80.60397,75.43209,73.4983,80.23092,75.43209,79.55501,80.89499,80.41144,83.18654,86.40023,86.97701,84.0119
14.76482,13.89244,13.41641,13.89244,13.41641,12.52996,12.52996,11.18034,11.18034,11.18034,10.77033,10.77033,10.77033,9.84886,9.48683,9.48683,9.48683,9.48683,9.48683,9.48683,8.544,8.24621,9.21954,8.24621,9.21954,9.21954,8.24621,8.544,8.544,8.544,7.61577,7.61577,8.06226,6.7082,7.2111,7.2111,7.2111,6.40312,6.40312,5.65685,5.65685,5.0,5.0,4.47214,4.47214,4.47214,4.12311,4.12311,4.12311,3.16228,3.0,3.0,78.05767,76.1643,78.02564,67.02984,73.10951,74.24284,66.18912,67.02984,64.07027,60.07495,62.00806,60.29925,55.7315,58.54912,53.15073,54.12947,56.51548,52.95281,53.60037,44.27189,46.48656,44.59821,49.98,44.38468,47.16991,48.38388,43.41659,44.77723,45.31004,40.24922,40.31129,45.18849,43.08132,42.72002,35.1141,41.23106,39.84972,39.29377,38.63936,31.14482,32.01562,28.07134,35.0571,31.14482,32.98485,27.89265,21.0238,25.07987,20.59126,20.24846,19.84943,18.38478,19.79899,14.86607,21.26029,22.13594,16.12452,31.241,34.20526,27.58623,30.61046,29.83287,31.82766,32.80244,34.71311,40.31129,33.83785,35.80503,38.83298,44.82187,45.48626,47.70744,41.03657,43.26662,45.27693,47.41308,47.80167,48.25971,51.62364,47.42362,54.56189,53.0,55.15433,58.13777,57.93962,57.24509,61.46544,58.30952,62.64982,62.29767,58.5235,64.03124,62.29767,58.24946,63.60031,60.41523,71.84706,76.68768,68.593,70.34913,70.5762,68.35934,77.10383,72.11103,69.00725,79.02531,64.03124,82.05486,76.23647,80.09994,74.24284,82.05486,83.38465,81.22192
15.23155,15.23155,13.92839,14.31782,13.92839,13.92839,12.64911,12.64911,12.64911,11.7047,11.40175,11.18034,11.40175,10.19804,10.19804,10.19804,10.19804,10.04988,10.04988,10.04988,9.05539,9.05539,9.05539,9.0,9.05539,9.05539,9.05539,9.05539,9.05539,9.05539,8.24621,8.24621,8.24621,7.61577,7.61577,7.61577,6.7082,6.7082,6.40312,6.40312,6.40312,5.0,5.65685,5.0,5.0,3.60555,4.47214,3.60555,4.12311,3.16228,3.0,3.0,84.11896,74.46476,81.70679,76.6942,69.28925,69.89278,65.0,69.857,68.44706,62.03225,65.9242,61.7414,56.36488,55.07268,53.22593,52.69725,55.22681,51.86521,55.47071,44.04543,44.41846,44.40721,45.0,44.20407,44.94441,45.45327,40.80441,41.7732,41.10961,41.01219,39.05125,42.2019,39.40812,36.40055,37.21559,38.58756,35.51056,38.27532,34.9285,35.44009,26.92582,28.79236,32.06244,28.16026,28.07134,28.44293,24.02082,23.08679,23.5372,26.4764,22.36068,17.46425,21.09502,15.81139,20.51828,14.21267,15.65248,29.15476,31.04835,28.79236,28.17801,30.8707,30.8707,36.67424,35.1141,36.68787,33.24154,39.56008,37.65634,40.79216,36.67424,40.26164,43.41659,46.69047,41.97618,47.09565,47.51842,52.46904,50.24938,48.25971,51.15662,52.00961,54.08327,53.15073,59.0,52.00961,60.00833,54.03702,64.12488,61.0082,60.07495,65.12296,61.07373,54.58938,69.06519,66.09841,70.0928,69.05071,62.58594,75.89466,68.41053,70.88018,81.34494,75.89466,71.86793,77.25283,74.63243,73.92564,78.77182,73.00685,80.41144,82.46211,82.8553,78.39005
14.86607,13.45362,13.45362,13.45362,12.72792,12.04159,12.04159,11.31371,11.31371,10.63015,10.63015,10.63015,10.0,10.0,10.0,10.0,8.60233,9.21954,8.60233,8.06226,8.06226,8.60233,8.60233,8.06226,8.06226,8.60233,8.60233,7.81025,7.2111,7.81025,7.07107,7.07107,7.07107,7.07107,7.2111,7.2111,6.7082,5.83095,5.38516,5.38516,5.38516,5.09902,5.09902,4.0,4.0,4.0,4.12311,4.12311,3.16228,3.16228,3.60555,3.60555,81.05554,72.11103,81.22192,84.00595,80.05623,75.02666,66.00758,69.0,64.03124,68.00735,68.0,64.12488,61.07373,51.0,56.0803,52.7731,52.00961,49.36598,48.50773,52.39275,55.7315,48.6621,47.67599,48.83646,42.37924,43.93177,48.05206,42.72002,46.09772,45.88028,48.38388,40.79216,40.60788,41.59327,43.73786,41.01219,43.04649,37.05401,34.23449,37.01351,33.54102,32.75668,32.98485,29.83287,23.25941,26.57066,23.25941,23.02173,22.2036,16.27882,16.27882,17.69181,17.20465,17.08801,18.38478,15.23155,13.15295,30.41381,32.44996,29.06888,34.71311,29.83287,31.89044,31.40064,32.64966,30.4795,35.51056,35.4683,35.51056,38.47077,40.80441,43.04649,42.72002,47.01064,44.40721,50.08992,45.27693,49.64877,49.1935,49.09175,54.12024,49.73932,54.626,53.31041,55.03635,54.12024,64.51356,54.78138,66.76077,63.24555,65.45991,61.35145,64.56005,66.70832,68.24954,67.08204,67.89698,65.9242,69.35416,74.8131,70.5762,75.23962,69.02898,74.24284,75.32596,74.06079,79.22752,84.00595,83.02409,83.00602,80.00625,78.0,81.02469,83.09633
13.0384,12.04159,13.0384,12.04159,12.04159,11.04536,11.04536,10.04988,10.04988,10.0,10.0,9.0,9.0,9.0,9.0,9.05539,8.06226,8.06226,8.06226,8.06226,8.06226,8.06226,8.06226,8.24621,7.28011,7.07107,7.07107,7.07107,7.07107,7.07107,7.0,7.0,6.0,6.0,6.08276,6.08276,5.09902,5.38516,5.38516,4.47214,4.47214,3.60555,3.60555,4.24264,3.60555,3.60555,3.60555,3.16228,3.16228,3.16228,3.0,3.0,83.21658,80.70936,77.93587,74.88658,73.81734,77.93587,66.06815,67.6757,63.00794,65.45991,61.03278,58.89822,58.72819,57.2014,51.85557,50.44799,53.75872,54.48853,52.00961,52.40229,51.62364,44.82187,48.82622,42.63801,46.8615,47.63402,43.93177,41.34005,43.26662,43.41659,43.82921,43.84062,41.23106,43.01163,37.64306,42.52058,34.65545,32.55764,33.01515,35.35534,35.80503,30.01666,27.78489,28.17801,28.4605,26.1725,21.09502,19.0263,22.36068,21.0238,18.11077,20.02498,18.43909,15.65248,20.61553,16.55295,13.0384,29.12044,26.92582,29.83287,30.26549,30.08322,29.41088,27.45906,30.26549,35.12834,30.26549,37.12142,39.01282,37.01351,34.1321,41.19466,43.01163,38.0,44.0,43.28972,42.04759,42.57934,51.35173,46.01087,49.25444,50.9902,54.45181,51.47815,59.5399,57.00877,58.46366,56.04463,61.13101,60.08328,63.32456,62.29767,65.0,60.08328,64.84597,63.32456,68.02941,65.30697,64.4748,72.01389,69.11584,72.00694,66.37017,70.49113,76.00658,76.8505,78.60025,74.20243,77.38863,79.88116,73.4983,85.23497,85.14693,82.61961
13.0,13.0,13.0,13.0,13.0,12.08305,10.77033,10.77033,10.77033,10.44031,9.48683,9.48683,9.21954,9.21954,9.21954,9.21954,8.06226,8.06226,8.0,8.06226,8.06226,8.0,8.06226,8.0,8.0,7.07107,8.06226,7.07107,7.07107,7.07107,6.08276,7.28011,6.32456,6.32456,6.32456,5.83095,5.83095,5.83095,5.0,5.0,4.24264,4.24264,4.24264,3.60555,4.47214,4.12311,3.16228,3.16228,3.0,3.0,3.0,3.16228,89.94443,73.92564,78.39005,78.89233,77.87811,75.15318,67.60178,71.11962,63.28507,66.18912,66.88797,64.41273,60.20797,57.98276,55.00909,60.74537,53.0,49.20366,48.16638,48.9183,45.45327,45.60702,46.01087,43.13931,43.84062,41.7732,51.66237,41.10961,45.45327,48.79549,42.44997,41.10961,42.52058,42.42641,42.72002,37.48333,34.20526,36.40055,34.4093,41.34005,33.12099,33.54102,29.15476,29.96665,26.24881,25.4951,26.4764,22.02272,22.09072,24.02082,26.07681,18.68154,15.65248,13.60147,15.55635,15.26434,12.80625,29.15476,32.20248,28.4605,29.52965,24.69818,33.83785,33.95585,29.41088,31.7805,33.73426,29.15476,38.63936,43.41659,38.32754,38.01316,41.7732,47.09565,44.18144,42.0119,42.19005,46.01087,48.04165,50.15974,49.0,54.0,52.00961,57.00877,57.14018,57.03508,62.39391,54.14795,59.5399,58.94065,62.16912,66.75328,60.01666,63.34824,69.12308,66.70832,65.30697,66.7308,71.86793,74.94665,71.17584,71.69379,75.591,73.57309,78.26238,75.15318,77.38863,77.02597,80.62258,88.14193,81.43709,79.64923,84.59905,81.8352
