type,id,mac,rssi,rate,sig_mode,mcs,bandwidth,smoothing,not_sounding,aggregation,stbc,fec_coding,sgi,noise_floor,ampdu_cnt,channel,secondary_channel,local_timestamp,ant,sig_len,rx_state,len,first_word,data
CSI_DATA,12,1a:00:00:00:00:00,-38,11,1,0,1,1,1,0,0,0,1,-96,0,11,2,447947,0,44,0,384,0,"[0,0,0,0,0,0,0,0,0,0,0,0,7,2,7,2,7,2,8,3,7,3,7,3,8,3,7,3,8,3,8,3,8,3,9,3,8,3,8,3,8,3,9,2,9,2,8,2,8,2,8,2,8,2,8,2,8,2,9,1,9,2,9,1,0,0,9,1,9,1,9,1,8,1,8,1,8,1,8,1,7,1,8,1,7,1,8,1,7,1,7,1,6,2,6,2,6,2,6,2,5,2,5,2,5,2,4,2,4,2,4,2,3,2,3,3,2,2,0,0,0,0,0,0,0,0,0,0,0,0,0,0,-19,-33,-18,-38,-20,-35,-23,-41,-25,-50,-23,-40,-24,-50,-23,-45,-22,-46,-19,-45,-23,-48,-20,-44,-25,-51,-16,-47,-21,-48,-26,-48,-29,-53,-29,-47,-22,-51,-25,-41,-29,-47,-24,-50,-33,-44,-30,-41,-26,-45,-30,-51,-32,-46,-31,-48,-29,-45,-32,-41,-28,-46,-31,-41,-30,-41,-30,-41,-37,-36,-26,-42,-27,-39,-29,-36,-25,-39,-27,-35,-32,-36,-23,-38,-20,-34,-25,-34,-20,-36,-21,-34,-18,-35,-19,-33,-14,-29,-13,-31,-15,-31,-13,-26,-8,-29,-6,-26,-4,-27,-1,-25,2,-22,0,0,0,0,0,0,0,0,0,0,0,0,0,0,0,0,0,0,0,0,0,0,-34,37,-33,31,-37,33,-40,36,-42,34,-43,28,-39,34,-44,32,-49,36,-57,34,-61,35,-62,33,-63,45,-66,34,-69,27,-72,28,-70,34,-80,29,-71,18,-81,23,-75,15,-84,19,-75,13,-84,13,-80,4,-73,17,-71,5,-71,2,-71,4,-69,3,-60,1,-57,1,-62,0,-54,1,-49,-3,-46,-3,-45,0,-41,-3,-38,-3,-38,0,-30,-5,-28,0,-30,-4,-24,-4,-19,-3,-19,-8,-18,-10,-12,-5,-15,-6,-5,-11,-3,-12,4,-13,6,-15,11,-13,14,-19,16,-11,18,-22,0,0]"
CSI_DATA,13,1a:00:00:00:00:00,-38,11,1,0,1,1,1,0,0,0,1,-96,0,11,2,457950,0,44,0,384,0,"[0,0,0,0,0,0,0,0,0,0,0,0,0,-9,0,-9,0,-9,0,-10,1,-10,1,-9,1,-10,1,-9,1,-10,0,-10,0,-10,0,-10,0,-10,0,-10,0,-10,-1,-11,-1,-10,-1,-10,-1,-10,-1,-10,-1,-10,-1,-10,-1,-10,-2,-11,-2,-10,-2,-10,0,0,-2,-10,-2,-10,-2,-10,-3,-9,-2,-9,-2,-10,-2,-9,-2,-9,-2,-9,-2,-8,-2,-9,-2,-8,-1,-8,-1,-8,-1,-8,-1,-8,-1,-7,-1,-7,0,-7,0,-6,0,-6,0,-6,1,-6,1,-5,1,-5,1,-4,0,0,0,0,0,0,0,0,0,0,0,0,0,0,-32,23,-37,24,-34,26,-35,27,-38,31,-39,28,-38,26,-43,27,-38,25,-42,28,-38,27,-42,28,-50,27,-43,29,-42,26,-40,34,-43,34,-39,35,-42,31,-42,30,-48,37,-37,32,-35,36,-38,32,-40,31,-38,34,-33,35,-32,43,-35,36,-37,40,-33,38,-33,38,-30,36,-31,40,-30,34,-35,34,-31,38,-26,37,-32,34,-30,34,-30,32,-28,31,-28,36,-27,33,-30,28,-29,24,-27,25,-28,25,-30,21,-29,17,-26,14,-27,14,-25,13,-27,12,-24,8,-20,5,-23,1,0,0,0,0,0,0,0,0,0,0,0,0,0,0,0,0,0,0,0,0,0,0,32,27,35,33,33,34,30,40,30,41,32,43,31,43,29,47,35,52,34,49,36,54,38,54,43,59,34,56,34,65,29,66,36,70,30,65,26,67,22,71,21,74,22,76,18,72,21,78,19,70,18,71,10,70,14,70,9,66,10,67,9,55,8,58,6,54,1,50,0,48,5,45,3,45,-1,45,3,38,-1,37,2,33,-1,27,-3,29,-1,21,-4,19,-9,16,-6,13,-3,16,-7,5,-9,4,-6,4,-14,0,-17,-3,-17,-4,-18,-9,-22,-11,-21,-16,0,0]"
CSI_DATA,14,1a:00:00:00:00:00,-38,11,1,0,1,1,1,0,0,0,1,-96,0,11,2,467976,0,44,0,384,0,"[0,0,0,0,0,0,0,0,0,0,0,0,-8,-3,-8,-3,-8,-3,-9,-4,-8,-4,-8,-4,-9,-4,-8,-4,-9,-4,-8,-4,-9,-4,-9,-3,-9,-4,-9,-3,-9,-3,-10,-3,-10,-2,-9,-2,-9,-2,-9,-2,-9,-3,-10,-2,-9,-2,-10,-2,-10,-2,-10,-2,0,0,-9,-1,-10,-1,-10,-1,-9,-1,-9,-1,-9,-1,-9,-1,-8,-1,-8,-1,-8,-1,-8,-1,-8,-1,-8,-1,-7,-1,-7,-1,-7,-2,-7,-1,-6,-2,-6,-2,-6,-2,-6,-2,-5,-2,-5,-3,-5,-3,-4,-3,-4,-3,0,0,0,0,0,0,0,0,0,0,0,0,0,0,20,31,15,38,17,34,17,31,15,41,16,44,20,41,17,43,13,45,16,50,21,41,17,46,18,49,17,48,22,49,25,47,25,50,21,52,21,43,20,47,26,45,26,45,23,39,27,41,21,43,24,45,27,44,26,41,23,40,34,42,28,32,27,43,26,39,26,41,31,38,26,37,27,41,27,39,21,40,25,34,28,36,23,33,20,34,22,35,16,30,19,31,18,32,15,28,16,31,14,27,8,34,9,27,5,27,3,23,0,22,4,22,-3,23,0,0,0,0,0,0,0,0,0,0,0,0,0,0,0,0,0,0,0,0,0,0,26,-35,31,-37,33,-31,35,-29,39,-33,42,-35,40,-32,51,-33,51,-39,50,-37,59,-37,54,-35,60,-43,61,-34,72,-26,64,-33,68,-39,68,-26,68,-25,74,-20,71,-18,75,-23,74,-15,77,-15,76,-9,74,-18,69,-5,65,-5,65,-5,71,-5,52,-5,58,-3,59,3,51,-2,51,1,46,-1,43,-3,38,2,38,2,37,5,30,1,30,-2,27,6,28,6,18,4,15,6,13,7,6,6,9,7,5,12,8,13,-2,15,-5,10,-8,18,-16,13,-16,17,-22,20,0,0]"
CSI_DATA,15,1a:00:00:00:00:00,-38,11,1,0,1,1,1,0,0,0,1,-96,0,11,2,479245,0,44,0,384,0,"[0,0,0,0,0,0,0,0,0,0,0,0,-1,8,-1,8,-1,8,-1,9,-1,8,-2,8,-1,9,-1,8,-1,9,-1,9,-1,9,-1,9,-1,9,-1,9,-1,9,0,10,0,9,0,9,0,9,0,9,0,9,0,9,0,9,1,9,0,9,1,9,0,0,1,9,1,9,0,9,1,9,0,8,0,8,0,8,0,8,1,8,0,8,0,8,-1,7,0,7,0,7,-1,7,-1,7,-1,6,-1,6,-1,6,-1,5,-2,5,-2,5,-2,4,-3,4,-3,4,-3,3,0,0,0,0,0,0,0,0,0,0,0,0,0,0,25,-30,29,-26,29,-32,26,-29,30,-30,30,-30,29,-34,35,-34,35,-31,35,-32,32,-40,36,-32,31,-34,35,-40,35,-36,32,-37,35,-40,34,-39,33,-36,32,-37,33,-44,28,-41,26,-41,31,-41,28,-40,31,-41,28,-38,26,-45,29,-36,27,-42,29,-39,27,-39,24,-39,27,-43,24,-34,27,-41,22,-42,24,-42,27,-36,24,-35,21,-36,23,-33,29,-30,24,-34,24,-30,23,-29,26,-25,23,-28,23,-19,24,-22,23,-19,22,-25,21,-18,24,-12,22,-14,23,-7,14,-7,0,0,0,0,0,0,0,0,0,0,0,0,0,0,0,0,0,0,0,0,0,0,-40,-16,-42,-19,-43,-22,-47,-22,-44,-24,-48,-30,-46,-27,-44,-29,-55,-30,-52,-32,-53,-38,-54,-36,-60,-43,-54,-46,-53,-50,-51,-51,-62,-51,-54,-55,-56,-57,-52,-56,-47,-59,-53,-61,-45,-63,-45,-67,-43,-66,-40,-61,-31,-63,-37,-66,-29,-61,-32,-59,-23,-52,-29,-59,-22,-54,-25,-46,-20,-48,-20,-45,-13,-40,-15,-44,-10,-31,-9,-34,-12,-30,-8,-29,-7,-23,-6,-20,-1,-22,-8,-16,-3,-14,3,-13,-1,-11,4,-8,12,-5,11,-5,17,0,17,1,14,7,22,1,22,11,0,0]"
CSI_DATA,16,1a:00:00:00:00:00,-38,11,1,0,1,1,1,0,0,0,1,-96,0,11,2,487964,0,44,0,384,0,"[0,0,0,0,0,0,0,0,0,0,0,0,5,-7,5,-7,4,-8,5,-8,5,-8,5,-7,5,-8,5,-8,5,-8,5,-8,6,-8,5,-9,5,-8,5,-8,5,-8,4,-9,4,-9,4,-8,4,-9,4,-9,4,-9,3,-9,4,-9,4,-10,4,-9,4,-9,0,0,3,-9,3,-10,3,-9,2,-9,3,-9,3,-9,2,-9,3,-8,2,-8,3,-8,3,-8,3,-7,3,-7,3,-7,3,-7,3,-7,3,-7,3,-6,3,-5,3,-5,3,-5,3,-5,3,-4,3,-4,3,-3,3,-2,0,0,0,0,0,0,0,0,0,0,0,0,0,0,-39,9,-38,11,-39,11,-44,9,-44,11,-48,16,-40,13,-52,12,-45,11,-51,9,-48,7,-53,12,-52,15,-54,14,-54,14,-47,18,-52,18,-51,16,-51,17,-50,19,-56,25,-51,18,-46,20,-48,23,-49,17,-46,19,-46,18,-47,24,-49,23,-46,23,-44,19,-49,25,-44,19,-46,27,-39,27,-45,17,-42,21,-43,21,-39,20,-39,16,-39,17,-40,20,-39,15,-36,15,-40,17,-36,12,-38,9,-35,12,-36,10,-33,4,-32,5,-28,2,-26,4,-22,3,-28,0,-20,-6,-27,-9,0,0,0,0,0,0,0,0,0,0,0,0,0,0,0,0,0,0,0,0,0,0,22,34,27,39,26,39,27,43,26,44,26,49,24,47,20,55,26,59,21,56,24,62,23,64,32,68,20,68,14,73,17,72,23,84,10,78,9,74,12,73,9,80,2,82,4,82,5,79,-1,84,3,75,-10,67,-7,74,-7,63,-9,73,-7,54,-10,58,-12,58,-6,47,-14,54,-7,49,-10,41,-4,45,-8,33,-9,34,-3,30,-9,27,-9,25,-5,22,-7,24,-12,12,-8,13,-5,8,-9,4,-8,8,-11,-3,-8,-6,-15,-9,-14,-9,-14,-14,-14,-16,-15,-20,0,0]"
CSI_DATA,17,1a:00:00:00:00:00,-38,11,1,0,1,1,1,0,0,0,1,-96,0,11,2,497943,0,44,0,384,0,"[0,0,0,0,0,0,0,0,0,0,0,0,-8,1,-9,2,-9,2,-10,2,-9,2,-10,1,-9,2,-9,2,-10,2,-9,2,-10,2,-10,2,-10,2,-10,2,-10,2,-10,3,-10,3,-9,3,-9,3,-9,3,-9,3,-9,3,-9,3,-10,4,-10,3,-9,4,0,0,-9,4,-9,4,-9,4,-9,4,-8,4,-8,4,-8,4,-8,3,-8,4,-8,3,-8,3,-8,3,-7,2,-7,2,-7,2,-7,2,-7,2,-7,1,-7,1,-6,1,-6,0,-6,0,-6,0,-5,-1,-5,-1,-4,-1,0,0,0,0,0,0,0,0,0,0,0,0,0,0,30,14,27,20,39,19,34,21,37,17,34,24,41,21,45,26,40,23,40,29,38,27,42,26,45,22,40,25,42,27,48,25,47,24,46,23,41,27,44,19,54,24,45,22,46,22,46,24,43,21,49,18,48,23,44,18,48,21,51,17,48,17,47,17,43,13,48,12,44,10,39,14,41,12,44,12,42,15,44,14,40,14,40,14,36,17,36,15,33,12,37,16,34,20,31,16,30,16,26,14,26,17,25,15,23,17,19,14,12,19,20,19,14,18,0,0,0,0,0,0,0,0,0,0,0,0,0,0,0,0,0,0,0,0,0,0,7,-45,14,-44,12,-46,17,-50,22,-48,21,-50,18,-50,24,-49,25,-60,28,-55,29,-58,26,-59,27,-69,36,-62,45,-61,40,-55,45,-72,48,-60,44,-62,53,-56,56,-55,56,-61,53,-49,58,-57,58,-54,56,-56,53,-44,58,-42,55,-38,56,-42,44,-32,50,-37,48,-31,39,-30,45,-24,39,-23,36,-23,34,-21,32,-16,34,-16,31,-19,27,-19,22,-12,19,-7,21,-10,16,0,15,-4,12,-3,12,1,13,1,7,8,8,7,5,14,-1,17,-4,27,-2,24,-6,24,0,0]"
CSI_DATA,18,1a:00:00:00:00:00,-38,11,1,0,1,1,1,0,0,0,1,-96,0,11,2,508988,0,44,0,384,0,"[0,0,0,0,0,0,0,0,0,0,0,0,-3,8,-3,8,-3,8,-3,9,-3,9,-3,8,-3,9,-3,8,-3,9,-3,9,-3,9,-3,9,-3,9,-3,9,-2,9,-2,10,-2,9,-2,9,-1,9,-1,9,-2,9,-1,9,-1,9,-1,10,-1,10,-1,9,0,0,0,9,0,10,0,9,0,9,-1,8,-1,9,0,9,0,8,0,8,0,8,-1,8,-1,8,-1,7,-1,7,-1,7,-1,7,-1,7,-1,6,-2,6,-2,5,-2,5,-2,5,-3,4,-3,4,-3,3,-3,3,0,0,0,0,0,0,0,0,0,0,0,0,0,0,29,-23,26,-19,37,-22,41,-18,38,-25,37,-22,42,-25,42,-23,37,-23,40,-20,45,-25,40,-23,44,-25,42,-22,39,-25,41,-30,47,-34,38,-31,42,-27,42,-30,48,-36,38,-30,38,-39,41,-32,37,-31,40,-32,36,-30,34,-39,34,-36,38,-38,32,-36,33,-35,35,-30,37,-35,31,-32,32,-33,31,-34,27,-33,31,-32,30,-26,31,-29,32,-26,26,-29,30,-29,32,-25,29,-26,25,-24,23,-24,30,-16,29,-20,25,-12,25,-14,27,-13,22,-13,21,-14,21,-8,20,-5,0,0,0,0,0,0,0,0,0,0,0,0,0,0,0,0,0,0,0,0,0,0,-34,-31,-31,-39,-27,-36,-34,-38,-29,-42,-29,-46,-26,-47,-28,-51,-35,-54,-28,-54,-34,-58,-33,-58,-40,-58,-36,-64,-28,-68,-27,-70,-30,-73,-25,-72,-23,-72,-20,-78,-15,-73,-17,-84,-15,-70,-18,-74,-13,-78,-14,-75,-7,-71,-6,-73,-5,-66,-6,-68,-3,-54,-1,-59,-1,-56,2,-56,4,-54,0,-45,0,-42,0,-42,-2,-32,-1,-37,6,-32,3,-33,3,-30,-2,-24,4,-22,0,-23,7,-18,5,-12,5,-10,8,-6,9,3,11,1,13,3,17,6,18,13,21,12,19,13,0,0]"
CSI_DATA,19,1a:00:00:00:00:00,-38,11,1,0,1,1,1,0,0,0,1,-96,0,11,2,518921,0,44,0,384,0,"[0,0,0,0,0,0,0,0,0,0,0,0,-2,-8,-3,-9,-3,-9,-3,-10,-3,-9,-2,-9,-3,-9,-3,-9,-2,-10,-3,-9,-3,-10,-4,-10,-3,-10,-3,-10,-3,-10,-4,-10,-4,-10,-4,-9,-4,-9,-4,-9,-4,-9,-5,-9,-4,-9,-5,-10,-5,-9,-5,-9,0,0,-5,-9,-5,-9,-5,-9,-6,-8,-5,-8,-5,-9,-4,-8,-4,-8,-5,-8,-4,-8,-4,-8,-4,-8,-4,-8,-3,-7,-3,-7,-3,-7,-3,-7,-3,-7,-2,-6,-2,-6,-2,-6,-1,-6,-1,-6,-1,-5,0,-5,0,-5,0,0,0,0,0,0,0,0,0,0,0,0,0,0,-11,34,-21,32,-24,31,-22,40,-23,40,-27,39,-24,41,-28,41,-28,47,-29,43,-27,45,-24,42,-26,47,-23,48,-29,43,-23,46,-31,50,-21,44,-25,49,-25,47,-25,53,-21,42,-16,47,-17,49,-22,46,-18,48,-21,47,-16,49,-16,50,-15,50,-20,52,-19,49,-16,51,-13,50,-9,51,-14,45,-12,52,-11,49,-19,45,-9,44,-16,39,-17,37,-13,37,-18,38,-18,39,-17,32,-20,30,-16,32,-17,26,-17,26,-20,22,-22,25,-16,25,-19,18,-17,20,-20,14,-22,12,0,0,0,0,0,0,0,0,0,0,0,0,0,0,0,0,0,0,0,0,0,0,42,4,48,11,47,11,52,11,48,14,50,17,48,15,57,23,58,18,57,24,63,27,62,23,69,26,63,38,64,43,62,42,72,41,61,43,62,46,66,45,58,53,62,50,61,53,58,53,59,57,55,51,47,54,44,54,42,56,45,54,34,43,38,49,30,49,35,39,32,46,30,41,22,41,23,36,21,27,20,30,20,29,14,25,10,23,11,21,9,19,3,20,3,16,1,16,-6,12,-2,11,-10,7,-8,3,-15,3,-22,6,-31,-4,-24,-2,-24,-4,0,0]"
CSI_DATA,20,1a:00:00:00:00:00,-38,11,1,0,1,1,1,0,0,0,1,-96,0,11,2,528610,0,44,0,384,0,"[0,0,0,0,0,0,0,0,0,0,0,0,4,6,4,7,4,6,4,8,4,7,4,7,5,7,4,7,4,7,5,7,5,8,5,7,5,8,5,7,5,7,6,7,6,7,5,7,6,7,6,7,6,7,6,6,5,6,7,7,6,6,7,6,0,0,7,6,6,6,7,6,6,5,6,6,6,6,6,6,6,5,6,5,5,5,6,5,5,5,4,5,5,5,4,5,4,5,4,5,4,5,3,5,3,4,2,5,2,4,1,4,1,4,1,4,0,4,0,0,0,0,0,0,0,0,0,0,0,0,0,0,13,-32,13,-34,9,-42,16,-42,12,-45,16,-43,17,-47,19,-51,17,-45,18,-48,16,-43,19,-47,21,-49,12,-49,19,-49,13,-54,15,-57,9,-57,14,-54,15,-53,10,-57,13,-45,9,-53,9,-53,7,-49,15,-54,9,-52,10,-57,10,-54,9,-54,7,-54,7,-50,8,-53,6,-54,0,-47,6,-50,4,-45,6,-47,3,-42,4,-43,-1,-45,8,-42,9,-45,5,-41,7,-46,7,-38,12,-35,10,-38,11,-33,13,-28,11,-34,9,-27,13,-29,13,-25,13,-23,15,-20,12,-20,0,0,0,0,0,0,0,0,0,0,0,0,0,0,0,0,0,0,0,0,0,0,-46,-3,-53,-7,-46,-9,-53,-8,-49,-12,-53,-12,-50,-15,-58,-19,-62,-19,-56,-22,-62,-23,-62,-22,-71,-22,-69,-25,-67,-35,-67,-34,-74,-34,-68,-33,-69,-40,-66,-43,-70,-42,-70,-51,-59,-46,-63,-54,-65,-50,-62,-46,-53,-53,-54,-53,-47,-48,-55,-55,-40,-44,-45,-49,-33,-45,-35,-42,-33,-40,-31,-34,-24,-36,-26,-29,-20,-32,-25,-28,-22,-34,-19,-22,-13,-27,-16,-16,-10,-20,-8,-6,-5,-10,-2,-13,0,-16,0,-8,6,-9,11,-7,14,-9,17,-5,19,3,21,-2,22,4,0,0]"
CSI_DATA,21,1a:00:00:00:00:00,-38,11,1,0,1,1,1,0,0,0,1,-96,0,11,2,540495,0,44,0,384,0,"[0,0,0,0,0,0,0,0,0,0,0,0,-4,6,-4,7,-4,7,-5,7,-5,7,-5,7,-5,7,-5,7,-5,8,-5,7,-5,8,-4,8,-4,8,-4,8,-5,8,-4,9,-4,8,-4,8,-4,8,-4,8,-4,8,-4,8,-4,8,-3,9,-3,9,-3,9,0,0,-3,8,-3,9,-3,9,-2,8,-3,8,-3,8,-3,8,-3,7,-2,7,-3,7,-3,7,-3,7,-3,7,-3,6,-3,6,-3,6,-3,6,-3,5,-3,5,-3,4,-3,4,-4,4,-4,3,-4,3,-4,2,-4,2,0,0,0,0,0,0,0,0,0,0,0,0,0,0,35,-9,32,-17,37,-15,35,-12,42,-13,41,-7,43,-17,44,-19,46,-9,47,-13,47,-11,51,-15,49,-13,48,-16,47,-15,49,-21,53,-20,48,-20,46,-20,48,-22,50,-20,51,-20,44,-24,46,-22,43,-19,50,-23,48,-21,43,-26,41,-20,47,-28,45,-26,43,-26,40,-24,39,-24,43,-29,38,-23,35,-23,38,-21,37,-19,39,-18,35,-22,38,-17,35,-14,35,-22,37,-19,35,-14,35,-16,33,-15,32,-12,29,-12,27,-5,28,-6,28,-8,21,0,26,-1,27,-1,22,3,0,0,0,0,0,0,0,0,0,0,0,0,0,0,0,0,0,0,0,0,0,0,-26,-36,-24,-41,-22,-41,-26,-42,-30,-49,-24,-47,-24,-47,-25,-50,-26,-55,-21,-60,-27,-65,-25,-60,-31,-69,-23,-66,-18,-69,-19,-71,-20,-76,-15,-78,-13,-69,-12,-77,-10,-75,-9,-80,-4,-81,-4,-77,1,-77,-2,-79,5,-70,5,-67,6,-71,8,-67,8,-58,8,-54,9,-54,6,-52,10,-49,8,-49,9,-44,7,-42,7,-34,5,-33,5,-25,10,-31,8,-28,4,-23,11,-22,6,-15,13,-14,8,-13,8,-4,15,-4,11,-2,11,2,17,3,17,10,11,14,8,16,11,26,0,0]"
CSI_DATA,22,1a:00:00:00:00:00,-38,11,1,0,1,1,1,0,0,0,1,-96,0,11,2,547931,0,44,0,384,0,"[0,0,0,0,0,0,0,0,0,0,0,0,4,-8,4,-8,4,-8,5,-8,5,-8,5,-8,5,-8,5,-8,5,-8,5,-8,5,-9,5,-9,5,-9,4,-9,4,-8,4,-10,4,-9,4,-9,3,-9,3,-9,4,-9,3,-9,4,-9,3,-10,3,-10,3,-9,0,0,3,-9,3,-10,3,-10,2,-9,2,-9,3,-9,3,-9,2,-8,2,-8,2,-8,3,-8,3,-8,3,-8,3,-7,3,-7,3,-7,3,-7,3,-6,3,-6,3,-5,3,-5,3,-5,3,-4,3,-4,3,-3,3,-3,0,0,0,0,0,0,0,0,0,0,0,0,0,0,-35,5,-39,8,-39,12,-42,7,-37,10,-44,5,-45,2,-47,7,-44,10,-51,7,-47,9,-44,2,-46,11,-54,8,-52,8,-51,13,-58,12,-52,11,-45,11,-48,11,-53,20,-48,12,-51,19,-47,12,-46,11,-50,17,-46,15,-47,18,-47,20,-49,22,-45,19,-53,20,-45,20,-45,20,-39,21,-45,15,-45,20,-39,20,-43,13,-39,17,-41,17,-40,11,-41,16,-40,19,-38,12,-38,8,-38,7,-33,13,-31,2,-29,5,-33,5,-29,3,-27,0,-27,1,-25,-2,-25,-1,-20,-6,0,0,0,0,0,0,0,0,0,0,0,0,0,0,0,0,0,0,0,0,0,0,18,39,20,36,17,43,19,43,15,45,11,53,13,50,17,52,14,56,12,60,14,65,12,66,19,67,12,68,3,66,3,73,8,79,3,76,-2,74,-6,79,-6,74,-8,83,-7,75,-11,79,-14,74,-8,73,-22,71,-16,70,-17,63,-19,63,-16,55,-17,57,-20,52,-17,49,-18,47,-17,45,-13,41,-14,37,-8,32,-10,31,-14,26,-10,27,-14,21,-7,21,-11,15,-6,16,-10,13,-14,12,-9,4,-13,2,-10,-5,-13,-3,-15,-5,-15,-19,-17,-16,-17,-19,-10,-22,0,0]"
CSI_DATA,23,1a:00:00:00:00:00,-38,11,1,0,1,1,1,0,0,0,1,-96,0,11,2,560768,0,44,0,384,0,"[0,0,0,0,0,0,0,0,0,0,0,0,1,-9,1,-9,0,-9,1,-10,1,-9,1,-9,1,-10,1,-9,1,-10,1,-9,1,-10,1,-10,1,-10,0,-10,1,-10,0,-11,0,-10,0,-10,0,-10,0,-10,0,-10,-1,-10,0,-10,-1,-11,-1,-10,-1,-10,0,0,-1,-10,-1,-10,-1,-10,-2,-9,-1,-9,-1,-9,-1,-9,-1,-9,-1,-9,-1,-9,0,-9,-1,-8,0,-8,0,-8,0,-8,0,-8,0,-7,0,-7,0,-7,0,-6,1,-6,1,-6,1,-5,1,-5,2,-4,2,-4,0,0,0,0,0,0,0,0,0,0,0,0,0,0,-31,27,-26,27,-26,32,-33,28,-33,31,-32,28,-36,30,-42,33,-36,26,-34,31,-39,33,-37,34,-41,30,-35,32,-43,31,-41,33,-40,38,-33,39,-36,35,-39,38,-33,38,-34,34,-29,38,-34,37,-31,37,-33,40,-32,38,-33,45,-32,38,-32,42,-31,35,-31,38,-31,37,-29,40,-24,39,-29,34,-24,37,-24,37,-27,33,-28,36,-26,29,-30,30,-27,34,-29,32,-29,28,-30,26,-27,26,-26,27,-23,20,-24,17,-23,16,-25,14,-28,12,-26,14,-27,9,-25,6,-22,6,0,0,0,0,0,0,0,0,0,0,0,0,0,0,0,0,0,0,0,0,0,0,36,19,38,28,39,23,43,31,38,31,37,34,37,34,40,39,49,41,44,43,44,50,44,45,53,44,47,50,43,59,43,57,48,61,46,62,39,60,39,65,39,65,36,74,36,64,34,63,28,71,32,70,21,65,21,67,18,65,21,63,13,52,15,53,11,53,17,44,8,52,14,42,5,45,8,36,7,37,7,34,3,31,4,23,5,26,4,23,1,20,-9,13,-6,19,-2,15,-6,10,-7,8,-10,6,-14,3,-17,-2,-14,-7,-21,-9,-26,-11,-23,-12,0,0]"
CSI_DATA,24,1a:00:00:00:00:00,-38,11,1,0,1,1,1,0,0,0,1,-96,0,11,2,567990,0,44,0,384,0,"[0,0,0,0,0,0,0,0,0,0,0,0,-8,2,-8,2,-9,3,-9,2,-9,2,-9,2,-9,3,-9,2,-9,3,-9,3,-10,3,-10,4,-10,3,-9,4,-9,3,-10,4,-9,4,-9,4,-8,4,-9,4,-9,4,-9,4,-9,4,-9,5,-8,5,-8,5,0,0,-8,5,-9,5,-8,5,-8,5,-8,4,-8,5,-8,4,-7,4,-7,5,-7,4,-7,4,-7,4,-7,4,-7,3,-7,3,-7,3,-7,3,-6,2,-6,2,-6,2,-6,1,-6,1,-5,1,-5,0,-5,0,-4,-1,0,0,0,0,0,0,0,0,0,0,0,0,0,0,35,15,33,18,36,16,43,20,41,16,41,17,44,18,42,26,47,20,41,23,42,23,43,23,44,26,42,23,46,25,47,21,53,24,51,21,47,20,49,17,55,12,51,14,47,14,47,15,44,18,51,17,52,12,49,12,50,17,55,10,51,9,54,11,49,13,50,11,45,3,44,13,42,9,46,7,42,12,45,8,46,7,40,11,37,13,40,12,36,12,36,12,37,15,31,12,30,14,29,16,30,11,28,14,20,15,19,12,21,13,17,14,12,23,0,0,0,0,0,0,0,0,0,0,0,0,0,0,0,0,0,0,0,0,0,0,10,-47,11,-43,14,-46,10,-52,20,-50,26,-51,20,-51,21,-53,21,-61,28,-58,33,-62,29,-61,31,-69,37,-63,41,-62,45,-66,40,-69,44,-62,49,-60,50,-58,57,-61,57,-60,56,-56,55,-59,60,-57,55,-55,54,-49,55,-46,51,-41,50,-42,48,-37,49,-35,49,-32,40,-26,42,-27,36,-28,35,-25,35,-23,28,-17,30,-17,32,-15,26,-17,22,-16,21,-14,21,-14,14,-1,16,-1,19,-2,10,-2,10,2,8,8,3,13,6,19,2,13,-1,19,-2,24,-1,25,0,0]"
CSI_DATA,25,1a:00:00:00:00:00,-38,11,1,0,1,1,1,0,0,0,1,-96,0,11,2,578090,0,44,0,384,0,"[0,0,0,0,0,0,0,0,0,0,0,0,-8,-2,-8,-2,-9,-2,-9,-2,-9,-2,-9,-3,-9,-2,-9,-2,-10,-2,-9,-2,-10,-3,-10,-2,-10,-2,-10,-2,-9,-2,-11,-1,-10,-1,-10,-1,-10,-1,-10,-1,-9,-1,-10,0,-9,-1,-10,0,-10,-1,-10,-1,0,0,-10,0,-10,0,-10,0,-10,0,-9,0,-9,0,-9,0,-9,0,-9,0,-9,0,-9,-1,-8,-1,-8,-1,-7,-1,-8,-1,-8,-1,-7,-1,-7,-1,-7,-2,-6,-2,-6,-2,-6,-2,-5,-3,-5,-3,-4,-3,-3,-3,0,0,0,0,0,0,0,0,0,0,0,0,0,0,35,22,31,25,40,25,33,28,36,25,36,22,38,25,44,28,38,27,41,30,44,31,37,28,44,25,44,29,43,30,45,30,47,35,49,26,45,33,45,23,47,23,43,25,46,21,46,26,44,27,46,25,45,26,43,20,48,26,52,18,47,18,43,15,47,20,50,20,44,16,48,18,44,19,44,19,39,18,39,16,41,15,37,18,35,17,33,17,35,19,36,16,36,20,30,22,26,17,23,15,28,21,25,19,21,17,15,21,15,18,17,22,11,16,0,0,0,0,0,0,0,0,0,0,0,0,0,0,0,0,0,0,0,0,0,0,11,-47,14,-44,17,-43,20,-52,17,-47,24,-49,22,-50,28,-53,26,-61,32,-55,38,-59,33,-60,38,-65,45,-59,48,-62,43,-59,48,-66,48,-60,58,-57,58,-60,59,-55,61,-61,55,-50,60,-51,62,-48,55,-51,59,-38,60,-39,54,-37,58,-42,48,-31,53,-31,51,-27,45,-28,50,-21,40,-23,36,-18,37,-21,32,-16,33,-15,28,-14,25,-14,25,-11,21,-7,17,-6,18,-4,19,-6,10,-1,11,3,10,7,9,9,2,9,3,12,5,18,3,20,-7,23,-5,22,0,0]"
CSI_DATA,26,1a:00:00:00:00:00,-38,11,1,0,1,1,1,0,0,0,1,-96,0,11,2,588698,0,44,0,384,0,"[0,0,0,0,0,0,0,0,0,0,0,0,-6,-6,-7,-6,-7,-6,-7,-7,-7,-7,-7,-7,-7,-7,-7,-7,-7,-7,-7,-7,-8,-8,-8,-7,-8,-7,-8,-7,-7,-7,-9,-7,-8,-6,-8,-6,-8,-6,-8,-6,-8,-6,-9,-6,-8,-6,-9,-6,-9,-6,-9,-6,0,0,-9,-5,-9,-6,-9,-5,-9,-5,-8,-5,-8,-5,-8,-5,-7,-5,-8,-4,-8,-5,-8,-5,-7,-5,-7,-5,-6,-5,-6,-5,-6,-5,-6,-5,-6,-5,-5,-5,-5,-4,-4,-5,-4,-5,-4,-5,-3,-5,-2,-5,-2,-4,0,0,0,0,0,0,0,0,0,0,0,0,0,0,2,37,-1,40,1,36,-6,40,-1,48,1,48,-3,44,-4,51,-2,44,-3,48,-5,46,-1,47,-6,54,0,52,3,51,-1,49,2,53,2,49,-4,51,-2,50,3,56,0,46,2,50,0,49,6,53,3,52,7,49,8,54,6,54,7,51,8,50,3,46,6,45,5,49,8,41,3,46,4,46,0,44,2,48,3,41,6,38,2,43,-2,37,2,42,-3,39,-1,39,-3,36,-6,36,-3,34,-3,32,-7,33,-7,30,-9,24,-10,20,-14,25,-9,20,-9,18,0,0,0,0,0,0,0,0,0,0,0,0,0,0,0,0,0,0,0,0,0,0,41,-15,43,-11,42,-12,46,-14,48,-10,49,-8,50,-6,58,-7,64,-11,56,-7,60,-11,66,-9,75,-10,74,-4,74,-1,71,4,79,2,73,5,72,7,75,16,78,15,78,18,71,18,78,15,77,20,72,11,65,21,66,22,59,27,64,22,51,21,53,22,48,28,46,24,44,28,41,24,33,21,36,17,36,15,32,15,28,19,25,14,19,13,20,12,18,7,2,12,9,11,2,14,3,10,1,10,-2,10,-11,13,-14,9,-13,9,-16,6,-19,10,-26,4,0,0]"
CSI_DATA,27,1a:00:00:00:00:00,-38,11,1,0,1,1,1,0,0,0,1,-96,0,11,2,597933,0,44,0,384,0,"[0,0,0,0,0,0,0,0,0,0,0,0,-3,7,-3,7,-3,8,-3,8,-4,8,-4,8,-3,9,-3,8,-3,8,-3,8,-3,9,-3,9,-3,9,-3,9,-3,9,-2,10,-2,9,-2,9,-2,9,-2,9,-2,9,-2,9,-2,9,-1,9,-1,9,-1,9,0,0,-1,9,-1,9,-1,9,0,9,-1,8,-1,8,-1,8,-1,8,0,8,-1,8,-1,8,-1,7,-1,7,-1,7,-2,7,-2,7,-1,6,-2,6,-2,5,-2,5,-2,5,-2,4,-3,4,-3,4,-3,3,-3,3,0,0,0,0,0,0,0,0,0,0,0,0,0,0,28,-21,33,-13,34,-20,38,-22,39,-19,38,-19,46,-24,43,-21,41,-23,42,-18,44,-19,43,-19,47,-24,45,-27,47,-20,43,-21,50,-28,48,-23,46,-20,50,-28,48,-33,42,-28,36,-27,41,-29,41,-28,43,-30,41,-29,44,-34,42,-30,44,-32,38,-29,38,-31,37,-27,37,-30,36,-27,37,-29,34,-30,34,-29,36,-29,31,-24,39,-26,38,-22,35,-26,33,-24,28,-22,35,-18,31,-16,29,-18,27,-11,30,-15,30,-8,28,-10,24,-12,25,-6,25,-5,24,-4,18,1,0,0,0,0,0,0,0,0,0,0,0,0,0,0,0,0,0,0,0,0,0,0,-29,-32,-29,-33,-29,-37,-33,-35,-34,-40,-29,-45,-29,-47,-30,-47,-35,-52,-35,-54,-32,-59,-31,-58,-40,-63,-30,-65,-24,-65,-25,-68,-36,-70,-26,-70,-24,-70,-21,-72,-18,-70,-14,-79,-14,-76,-14,-78,-10,-77,-17,-78,-6,-74,-7,-71,0,-68,-3,-69,-1,-58,1,-60,-3,-54,-2,-51,0,-53,-2,-50,-1,-43,5,-43,4,-37,3,-34,1,-33,1,-26,4,-24,0,-23,6,-19,2,-15,5,-18,7,-13,6,-11,10,-9,10,1,9,-4,8,5,13,10,15,8,13,11,18,15,0,0]"
CSI_DATA,28,1a:00:00:00:00:00,-38,11,1,0,1,1,1,0,0,0,1,-96,0,11,2,608554,0,44,0,384,0,"[0,0,0,0,0,0,0,0,0,0,0,0,-9,1,-9,1,-9,2,-10,1,-10,1,-9,1,-10,1,-10,1,-10,1,-10,2,-11,2,-10,2,-10,2,-10,2,-10,1,-11,3,-10,3,-10,2,-9,3,-10,3,-10,2,-10,3,-10,2,-10,3,-10,3,-9,3,0,0,-9,3,-10,4,-9,4,-9,4,-9,3,-9,3,-9,3,-9,3,-9,3,-9,2,-9,2,-8,2,-8,2,-7,2,-8,1,-8,1,-7,1,-7,1,-7,0,-6,0,-6,0,-6,-1,-6,-1,-6,-1,-5,-1,-5,-2,0,0,0,0,0,0,0,0,0,0,0,0,0,0,31,16,33,19,36,15,34,19,40,18,37,21,45,21,40,24,39,24,41,22,44,26,42,24,46,27,42,27,44,27,45,23,48,25,48,23,43,23,43,17,48,23,51,21,42,17,47,17,41,17,50,23,48,18,47,17,48,20,50,16,47,16,50,22,47,20,45,16,44,9,43,15,43,16,43,15,45,18,43,14,39,13,41,16,36,16,39,14,35,19,38,19,34,16,32,14,28,18,26,15,24,14,21,17,18,19,17,20,8,21,15,21,9,20,0,0,0,0,0,0,0,0,0,0,0,0,0,0,0,0,0,0,0,0,0,0,2,-44,6,-46,7,-46,6,-50,9,-49,13,-52,13,-51,18,-52,14,-62,20,-59,23,-61,20,-63,20,-68,28,-66,31,-63,34,-65,34,-76,38,-67,42,-62,43,-62,50,-63,54,-69,48,-61,46,-58,50,-59,46,-61,51,-50,52,-51,48,-46,51,-47,40,-38,47,-40,45,-33,41,-32,42,-31,35,-28,37,-26,35,-25,30,-20,31,-20,27,-18,23,-14,22,-13,14,-10,15,-6,21,-10,14,-7,14,-2,14,0,7,3,10,9,7,6,6,15,4,12,-2,22,-1,21,-8,28,0,0]"
CSI_DATA,29,1a:00:00:00:00:00,-38,11,1,0,1,1,1,0,0,0,1,-96,0,11,2,627947,0,44,0,384,0,"[0,0,0,0,0,0,0,0,0,0,0,0,-8,3,-8,3,-8,3,-9,3,-9,3,-9,3,-9,3,-9,3,-9,4,-9,3,-10,4,-10,4,-10,4,-9,4,-9,4,-9,5,-9,5,-8,4,-8,5,-8,5,-8,5,-8,5,-8,5,-9,6,-9,6,-9,6,0,0,-8,6,-8,6,-8,6,-8,6,-7,5,-8,5,-7,5,-7,5,-7,5,-7,4,-8,4,-7,4,-7,4,-7,4,-6,3,-7,4,-6,3,-6,3,-6,2,-6,2,-6,2,-6,1,-5,1,-5,1,-5,0,-5,0,0,0,0,0,0,0,0,0,0,0,0,0,0,0,37,16,32,11,39,12,34,16,38,17,40,19,40,24,46,19,44,26,40,23,39,19,42,22,47,21,42,23,41,24,44,18,49,21,48,21,45,21,46,21,50,18,48,20,43,11,42,14,44,19,43,22,48,17,48,12,49,14,52,12,48,10,52,17,42,12,44,10,49,9,44,11,43,10,42,5,39,10,43,12,39,10,39,11,39,9,40,12,39,16,36,14,37,13,33,12,27,12,26,11,27,16,26,14,23,17,20,16,15,16,17,18,12,18,0,0,0,0,0,0,0,0,0,0,0,0,0,0,0,0,0,0,0,0,0,0,2,-41,7,-44,6,-45,13,-53,15,-48,13,-51,12,-50,17,-51,21,-61,20,-53,24,-59,24,-61,23,-67,25,-68,37,-65,40,-63,35,-72,42,-63,41,-58,40,-59,48,-62,52,-63,47,-59,51,-57,51,-57,48,-60,52,-51,53,-50,50,-43,51,-46,44,-42,46,-38,43,-33,39,-31,36,-28,38,-30,35,-25,31,-26,28,-20,31,-21,28,-16,23,-20,17,-11,17,-14,18,-11,11,-11,17,-4,14,-1,11,3,8,8,8,4,5,8,9,14,0,17,-3,21,3,27,-7,25,0,0]"
CSI_DATA,30,1a:00:00:00:00:00,-38,11,1,0,1,1,1,0,0,0,1,-96,0,11,2,647940,0,44,0,384,0,"[0,0,0,0,0,0,0,0,0,0,0,0,3,-8,3,-8,3,-9,4,-9,4,-9,4,-9,4,-9,4,-9,4,-9,4,-9,4,-10,3,-10,4,-10,3,-10,4,-9,3,-10,3,-10,3,-9,3,-10,3,-10,3,-10,3,-10,3,-9,2,-10,2,-10,2,-10,0,0,2,-10,2,-10,2,-10,1,-10,2,-9,2,-9,2,-9,2,-9,2,-9,2,-8,2,-9,2,-8,2,-8,2,-8,2,-7,3,-8,2,-7,2,-7,3,-6,3,-6,3,-5,3,-5,3,-4,3,-4,3,-3,3,-3,0,0,0,0,0,0,0,0,0,0,0,0,0,0,-36,14,-46,10,-36,17,-36,12,-46,11,-44,10,-49,13,-47,9,-44,9,-48,9,-49,10,-47,10,-50,15,-51,9,-51,10,-49,15,-55,13,-52,20,-49,15,-50,16,-56,18,-53,10,-43,19,-50,13,-44,19,-51,18,-49,17,-46,27,-50,20,-50,27,-42,19,-46,24,-45,22,-44,22,-40,23,-40,18,-38,17,-39,24,-42,15,-39,16,-42,17,-40,15,-38,14,-38,12,-37,9,-45,13,-33,6,-35,11,-31,6,-29,3,-35,4,-30,3,-29,-1,-27,0,-24,-1,-25,-5,-22,-6,0,0,0,0,0,0,0,0,0,0,0,0,0,0,0,0,0,0,0,0,0,0,24,35,23,38,25,39,24,38,24,45,24,45,23,45,24,51,27,54,26,59,22,64,25,58,28,67,23,69,16,68,17,72,16,76,14,79,10,70,12,77,5,76,8,79,-2,80,4,76,0,78,5,74,-7,68,-7,67,-13,63,-7,64,-6,63,-11,54,-7,57,-10,50,-9,50,-8,46,-10,45,-6,41,-5,32,-12,34,-8,29,-11,31,-10,26,-7,22,-9,21,-4,13,-7,12,-8,9,-6,4,-10,2,-8,1,-13,-2,-17,-5,-13,-13,-13,-17,-14,-20,-17,-22,0,0]"
CSI_DATA,31,1a:00:00:00:00:00,-38,11,1,0,1,1,1,0,0,0,1,-96,0,11,2,658522,0,44,0,384,0,"[0,0,0,0,0,0,0,0,0,0,0,0,2,-8,2,-9,2,-9,3,-10,3,-9,3,-9,3,-10,3,-9,3,-9,3,-9,3,-10,2,-10,3,-10,2,-10,3,-10,2,-11,2,-10,2,-10,1,-10,2,-10,2,-10,1,-10,2,-10,1,-11,1,-11,1,-10,0,0,1,-10,1,-10,1,-10,0,-10,1,-9,1,-10,1,-9,1,-9,1,-9,1,-9,1,-9,1,-8,1,-8,2,-8,1,-8,2,-8,1,-7,2,-7,2,-6,2,-6,2,-6,2,-5,3,-5,2,-4,3,-4,3,-3,0,0,0,0,0,0,0,0,0,0,0,0,0,0,-33,24,-36,15,-35,20,-36,20,-45,21,-43,18,-44,23,-44,21,-49,17,-50,19,-48,26,-50,17,-51,23,-49,20,-44,19,-49,27,-50,26,-42,30,-41,24,-48,23,-50,32,-48,21,-46,27,-46,28,-43,27,-48,26,-45,30,-44,34,-43,29,-43,33,-40,29,-43,27,-40,31,-41,31,-40,26,-40,23,-43,27,-35,24,-40,23,-37,22,-38,21,-36,20,-33,21,-37,20,-31,14,-34,18,-36,16,-35,15,-36,12,-29,9,-34,8,-29,3,-28,5,-26,4,-27,4,-24,-3,-23,-5,0,0,0,0,0,0,0,0,0,0,0,0,0,0,0,0,0,0,0,0,0,0,37,27,35,29,36,27,38,30,39,33,37,41,30,38,36,44,46,45,35,52,43,49,46,51,50,57,40,56,30,66,39,66,43,76,33,69,30,71,31,71,29,75,24,76,24,74,27,75,19,76,21,71,17,69,12,68,9,64,8,65,7,58,8,63,1,58,5,52,2,52,0,45,2,47,5,40,2,35,0,32,0,32,-3,31,-4,28,1,21,-6,19,-9,23,-11,13,-8,11,-7,7,-8,3,-13,5,-11,3,-17,-3,-18,-7,-10,-13,-21,-19,-16,-18,0,0]"
CSI_DATA,32,1a:00:00:00:00:00,-38,11,1,0,1,1,1,0,0,0,1,-96,0,11,2,677932,0,44,0,384,0,"[0,0,0,0,0,0,0,0,0,0,0,0,5,-7,5,-7,5,-7,6,-7,6,-7,6,-7,6,-8,6,-7,6,-7,5,-8,6,-8,5,-9,6,-8,5,-8,5,-8,5,-9,5,-9,5,-8,4,-9,4,-9,5,-9,4,-9,4,-8,4,-10,4,-9,4,-9,0,0,3,-9,4,-9,4,-9,3,-9,3,-8,3,-9,3,-8,3,-8,3,-8,3,-8,3,-8,3,-7,3,-7,3,-7,3,-7,3,-7,3,-6,3,-6,3,-6,3,-5,3,-5,3,-4,3,-4,3,-3,3,-3,3,-3,0,0,0,0,0,0,0,0,0,0,0,0,0,0,-40,2,-45,2,-45,9,-45,0,-47,2,-52,6,-46,-2,-56,-2,-48,1,-49,0,-51,1,-52,-4,-55,-2,-57,-2,-47,1,-53,3,-57,-1,-51,3,-50,0,-53,0,-55,7,-52,7,-49,7,-50,6,-51,4,-52,6,-49,6,-56,12,-51,5,-54,14,-54,11,-53,9,-50,10,-49,16,-47,14,-43,11,-44,9,-40,10,-43,10,-47,7,-46,7,-44,4,-44,7,-44,5,-41,6,-45,5,-37,1,-37,5,-36,3,-34,-3,-32,-3,-31,-2,-28,-7,-26,-6,-23,-5,-24,-11,-22,-8,0,0,0,0,0,0,0,0,0,0,0,0,0,0,0,0,0,0,0,0,0,0,14,43,14,45,9,44,13,47,9,49,10,53,6,53,4,57,5,63,2,59,7,66,4,67,5,77,3,73,-4,76,-5,74,-2,81,-10,76,-12,77,-16,74,-17,74,-22,80,-22,75,-17,80,-22,75,-21,78,-24,69,-22,69,-27,58,-24,65,-26,52,-30,53,-25,49,-27,48,-26,45,-23,42,-27,35,-21,39,-17,28,-17,33,-15,29,-15,22,-17,25,-12,19,-11,18,-6,17,-9,13,-14,7,-10,-1,-12,4,-14,-1,-11,-9,-12,-12,-8,-16,-10,-15,-12,-25,-11,-26,0,0]"
CSI_DATA,33,1a:00:00:00:00:00,-38,11,1,0,1,1,1,0,0,0,1,-96,0,11,2,687966,0,44,0,384,0,"[0,0,0,0,0,0,0,0,0,0,0,0,-3,-8,-3,-9,-3,-9,-3,-10,-3,-9,-3,-10,-3,-10,-3,-9,-3,-10,-3,-9,-3,-10,-4,-10,-4,-10,-4,-9,-4,-10,-4,-10,-5,-10,-4,-9,-4,-9,-5,-9,-4,-9,-5,-9,-4,-8,-5,-9,-5,-9,-5,-9,0,0,-6,-9,-5,-9,-5,-9,-6,-8,-5,-8,-5,-8,-5,-8,-5,-8,-5,-8,-5,-7,-4,-8,-4,-8,-4,-7,-4,-7,-3,-7,-3,-7,-3,-7,-3,-7,-2,-7,-2,-6,-2,-6,-1,-6,-1,-6,-1,-5,0,-5,0,-5,0,0,0,0,0,0,0,0,0,0,0,0,0,0,-26,30,-25,33,-26,35,-25,38,-29,36,-28,31,-31,36,-29,37,-36,41,-35,34,-29,39,-33,38,-33,39,-34,38,-28,36,-32,38,-38,45,-30,40,-28,41,-26,44,-27,43,-31,42,-23,43,-26,41,-25,37,-23,43,-25,39,-21,49,-26,47,-24,49,-19,39,-23,42,-24,43,-21,45,-16,43,-24,42,-19,40,-19,43,-24,36,-20,38,-21,43,-20,36,-19,36,-18,40,-25,32,-20,32,-20,29,-19,29,-21,27,-17,21,-21,20,-23,21,-19,20,-21,15,-17,16,-19,14,-18,9,0,0,0,0,0,0,0,0,0,0,0,0,0,0,0,0,0,0,0,0,0,0,41,16,41,16,40,17,42,22,41,25,43,25,43,27,46,30,54,35,50,34,51,37,56,36,58,38,55,43,49,50,49,55,60,49,51,55,51,53,48,59,47,56,46,66,44,62,46,59,46,63,44,60,33,62,30,55,33,61,31,61,28,45,25,55,25,49,20,49,15,49,15,44,12,39,14,35,11,29,14,34,9,31,11,25,7,24,7,19,0,22,2,11,1,17,-4,16,-6,7,-10,13,-9,2,-12,6,-14,-1,-16,-5,-18,-3,-19,-3,-26,-13,0,0]"
CSI_DATA,34,1a:00:00:00:00:00,-38,11,1,0,1,1,1,0,0,0,1,-96,0,11,2,698789,0,44,0,384,0,"[0,0,0,0,0,0,0,0,0,0,0,0,-4,-8,-5,-8,-5,-8,-5,-9,-5,-9,-4,-9,-5,-9,-5,-9,-5,-9,-5,-9,-5,-10,-6,-9,-5,-9,-6,-9,-5,-9,-6,-9,-6,-9,-6,-8,-6,-8,-6,-9,-6,-9,-6,-8,-6,-8,-7,-8,-7,-8,-7,-8,0,0,-7,-8,-7,-8,-7,-8,-7,-7,-6,-7,-6,-8,-6,-7,-6,-7,-6,-7,-6,-7,-6,-7,-5,-7,-5,-7,-4,-6,-5,-7,-5,-7,-4,-7,-4,-6,-3,-6,-3,-6,-3,-6,-2,-6,-2,-6,-2,-6,-1,-5,-1,-5,0,0,0,0,0,0,0,0,0,0,0,0,0,0,-11,38,-16,37,-12,44,-10,38,-12,46,-12,41,-9,47,-15,52,-11,49,-14,48,-18,51,-16,52,-15,51,-16,53,-18,48,-9,52,-14,57,-5,54,-9,51,-14,53,-6,60,-10,52,-7,56,-12,52,-10,50,-5,52,-9,49,-3,53,-5,50,-5,50,-2,50,-6,51,-5,50,-3,52,2,49,1,48,-5,52,-3,44,-5,42,-2,43,0,41,-8,44,-5,41,-6,45,-5,38,-6,37,-9,36,-11,38,-7,30,-8,30,-13,30,-8,28,-13,27,-18,23,-11,21,-15,19,-17,13,0,0,0,0,0,0,0,0,0,0,0,0,0,0,0,0,0,0,0,0,0,0,42,-3,48,2,46,-1,49,2,48,9,53,6,50,7,55,10,60,10,64,10,65,7,63,10,74,12,69,12,70,23,75,24,74,23,69,28,70,28,67,31,67,36,72,41,66,38,72,39,67,47,64,38,59,43,55,41,53,44,54,43,41,35,48,37,44,41,37,37,37,39,32,31,32,32,31,31,25,27,30,17,22,22,20,21,19,22,11,17,11,14,13,22,4,14,3,12,1,7,-5,10,-10,9,-12,7,-13,4,-19,6,-21,4,-24,-5,-24,-2,0,0]"
CSI_DATA,35,1a:00:00:00:00:00,-38,11,1,0,1,1,1,0,0,0,1,-96,0,11,2,718167,0,44,0,384,0,"[0,0,0,0,0,0,0,0,0,0,0,0,-7,-6,-7,-6,-8,-6,-7,-6,-8,-6,-7,-6,-8,-6,-8,-6,-8,-6,-8,-6,-9,-7,-9,-6,-9,-6,-9,-6,-8,-6,-10,-5,-9,-5,-9,-5,-9,-5,-9,-5,-9,-5,-9,-4,-9,-5,-10,-5,-10,-5,-9,-5,0,0,-9,-4,-10,-4,-9,-4,-10,-3,-9,-4,-9,-3,-9,-3,-8,-3,-8,-3,-8,-3,-8,-4,-8,-4,-7,-4,-7,-3,-7,-4,-7,-4,-7,-4,-6,-3,-6,-4,-6,-3,-5,-4,-5,-4,-4,-4,-4,-4,-4,-4,-3,-4,0,0,0,0,0,0,0,0,0,0,0,0,0,0,13,32,10,38,9,38,12,43,13,46,8,40,12,45,12,47,12,43,10,48,11,50,9,45,13,54,12,52,9,45,15,52,14,55,18,50,12,50,16,48,21,52,23,51,21,46,20,53,17,48,21,48,21,45,26,45,17,48,25,43,23,44,27,47,21,42,24,43,26,39,19,44,19,45,25,37,17,42,22,36,20,34,20,38,18,41,18,36,13,33,18,34,13,30,14,35,11,33,8,35,6,31,6,30,5,26,6,29,-3,25,-1,23,-3,21,0,0,0,0,0,0,0,0,0,0,0,0,0,0,0,0,0,0,0,0,0,0,39,-22,41,-20,42,-23,49,-19,47,-18,50,-19,48,-17,56,-21,60,-21,62,-21,62,-14,67,-19,71,-21,70,-17,70,-6,72,-11,78,-12,81,-7,75,-10,82,-2,80,3,88,5,81,6,79,6,82,11,73,4,71,11,68,12,67,13,67,14,59,12,66,11,59,12,52,13,49,17,46,9,42,11,45,12,32,11,36,8,35,13,29,9,25,8,24,8,16,5,21,8,13,8,9,13,4,11,4,5,0,14,-6,12,-12,12,-10,15,-13,14,-17,12,-25,15,0,0]"
CSI_DATA,36,1a:00:00:00:00:00,-38,11,1,0,1,1,1,0,0,0,1,-96,0,11,2,729287,0,44,0,384,0,"[0,0,0,0,0,0,0,0,0,0,0,0,0,-8,0,-9,0,-9,0,-9,0,-9,0,-9,0,-9,0,-9,0,-9,0,-9,0,-10,-1,-10,0,-10,-1,-10,0,-9,-1,-10,-1,-10,-1,-9,-1,-9,-2,-10,-1,-9,-2,-10,-2,-9,-2,-10,-2,-10,-2,-10,0,0,-3,-9,-2,-10,-2,-9,-3,-9,-2,-9,-2,-9,-2,-8,-2,-8,-3,-8,-2,-8,-2,-8,-1,-8,-1,-8,-1,-7,-1,-7,-1,-7,-1,-7,-1,-7,-1,-6,0,-6,0,-6,0,-6,0,-5,1,-5,1,-4,1,-4,0,0,0,0,0,0,0,0,0,0,0,0,0,0,-38,27,-28,26,-30,29,-34,29,-33,29,-36,26,-37,26,-41,33,-34,22,-41,26,-36,32,-36,27,-41,33,-42,29,-43,28,-34,36,-45,35,-38,37,-37,30,-38,35,-35,40,-38,36,-35,42,-36,40,-36,34,-34,33,-33,34,-33,44,-35,39,-34,42,-31,38,-30,38,-31,37,-34,45,-28,37,-31,39,-25,43,-27,34,-28,34,-23,33,-23,32,-27,31,-24,28,-26,32,-28,30,-29,23,-25,25,-26,27,-26,23,-25,19,-23,18,-28,13,-26,18,-22,13,-25,14,-23,8,-21,3,0,0,0,0,0,0,0,0,0,0,0,0,0,0,0,0,0,0,0,0,0,0,38,22,38,26,32,32,33,33,35,31,35,36,39,34,36,45,45,46,39,44,40,49,44,51,50,57,41,54,37,64,38,59,44,66,35,63,37,72,30,71,28,69,33,71,23,71,25,71,25,72,22,68,15,66,18,65,12,63,21,66,15,50,16,58,14,54,10,50,8,51,8,46,3,43,8,38,6,38,4,36,4,30,7,29,3,28,6,19,-1,24,3,20,-4,17,-6,10,-5,8,-8,9,-14,1,-13,0,-20,1,-15,-6,-15,-5,-22,-8,-19,-16,0,0]"
CSI_DATA,37,1a:00:00:00:00:00,-38,11,1,0,1,1,1,0,0,0,1,-96,0,11,2,737956,0,44,0,384,0,"[0,0,0,0,0,0,0,0,0,0,0,0,3,7,3,7,3,7,3,7,3,8,3,7,3,8,3,7,3,8,3,7,3,8,4,8,4,8,4,8,3,8,4,8,4,7,4,7,4,7,4,7,4,7,5,7,4,7,5,7,5,7,5,7,0,0,5,6,5,7,5,7,5,6,5,6,5,6,4,6,4,6,5,6,4,5,5,6,4,6,4,5,3,5,3,5,3,5,3,5,3,5,2,5,2,5,1,5,1,5,1,4,1,4,0,4,0,3,0,0,0,0,0,0,0,0,0,0,0,0,0,0,17,-32,21,-28,21,-34,24,-39,25,-45,21,-36,27,-39,27,-42,25,-41,30,-37,24,-40,26,-44,26,-47,31,-47,27,-45,24,-45,31,-51,25,-43,29,-46,21,-45,23,-49,26,-48,18,-47,19,-47,18,-46,22,-54,22,-48,19,-55,21,-45,16,-53,17,-49,18,-52,20,-46,17,-54,8,-44,20,-45,19,-50,17,-47,17,-47,12,-44,15,-34,20,-35,21,-38,20,-40,16,-40,14,-33,19,-34,16,-34,18,-27,17,-29,21,-27,18,-28,20,-22,21,-19,18,-17,21,-15,20,-15,0,0,0,0,0,0,0,0,0,0,0,0,0,0,0,0,0,0,0,0,0,0,-46,-10,-48,-10,-47,-15,-48,-15,-50,-18,-49,-25,-50,-20,-53,-23,-60,-25,-59,-27,-59,-34,-60,-33,-71,-33,-66,-44,-62,-48,-65,-45,-68,-46,-61,-49,-61,-44,-58,-52,-58,-54,-62,-62,-49,-55,-56,-56,-56,-58,-50,-55,-42,-62,-44,-62,-40,-57,-43,-59,-34,-50,-36,-51,-30,-51,-30,-44,-25,-46,-22,-46,-20,-39,-20,-32,-19,-34,-19,-32,-19,-30,-12,-27,-9,-20,-14,-24,-5,-21,-6,-11,-5,-14,1,-15,4,-15,6,-14,8,-10,10,-3,17,-1,16,0,22,0,23,3,21,5,0,0]"
CSI_DATA,38,1a:00:00:00:00:00,-38,11,1,0,1,1,1,0,0,0,1,-96,0,11,2,760459,0,44,0,384,0,"[0,0,0,0,0,0,0,0,0,0,0,0,-9,-2,-9,-2,-10,-2,-9,-2,-10,-2,-9,-2,-10,-2,-9,-2,-10,-2,-10,-2,-10,-2,-11,-2,-10,-2,-10,-2,-9,-2,-11,-1,-10,-1,-10,-1,-9,-1,-10,-1,-10,-1,-10,0,-10,-1,-10,0,-10,0,-10,0,0,0,-10,0,-10,0,-10,0,-10,1,-9,0,-9,0,-9,0,-9,0,-9,0,-9,0,-9,0,-8,0,-8,-1,-8,-1,-8,-1,-8,-1,-8,-1,-7,-1,-7,-1,-6,-1,-6,-2,-6,-2,-6,-2,-5,-2,-5,-3,-4,-3,0,0,0,0,0,0,0,0,0,0,0,0,0,0,26,23,24,29,30,31,31,34,30,36,28,35,37,37,34,39,36,38,31,38,32,35,29,37,34,34,36,42,29,36,42,35,44,39,37,37,37,37,39,38,49,35,42,33,37,30,43,33,38,35,41,33,40,31,40,33,38,32,41,29,39,28,40,29,43,34,44,29,42,24,34,27,38,31,36,28,34,26,32,25,31,23,38,25,31,27,32,27,30,27,32,30,30,22,25,26,20,22,25,22,22,25,20,22,18,22,7,24,10,25,6,20,4,22,0,0,0,0,0,0,0,0,0,0,0,0,0,0,0,0,0,0,0,0,0,0,17,-41,21,-43,20,-45,22,-48,30,-41,31,-43,28,-48,28,-47,36,-54,39,-53,40,-56,41,-53,49,-64,50,-55,56,-52,54,-55,51,-61,58,-48,58,-48,63,-50,71,-43,66,-48,64,-44,65,-39,71,-38,65,-46,63,-28,64,-30,66,-31,66,-29,55,-27,57,-24,57,-19,45,-19,48,-14,43,-16,38,-17,39,-10,38,-13,35,-9,33,-12,29,-9,24,-9,22,-6,20,-4,17,-2,19,-2,15,6,13,0,9,6,10,11,3,10,-1,13,-2,16,-5,22,-9,18,-12,22,0,0]"
CSI_DATA,39,1a:00:00:00:00:00,-38,11,1,0,1,1,1,0,0,0,1,-96,0,11,2,770441,0,44,0,384,0,"[0,0,0,0,0,0,0,0,0,0,0,0,4,6,4,6,4,6,4,7,4,7,4,7,4,7,4,7,4,7,4,7,5,8,5,7,5,7,5,7,5,7,6,7,6,7,5,6,5,7,5,7,5,7,6,7,5,6,6,7,6,6,6,6,0,0,6,6,6,6,6,6,6,5,5,6,5,6,5,6,5,6,5,5,5,5,5,6,4,5,4,5,4,5,4,5,4,5,4,5,3,5,2,5,2,4,2,5,2,4,1,4,1,4,0,4,0,3,0,0,0,0,0,0,0,0,0,0,0,0,0,0,4,-32,8,-38,3,-42,9,-39,8,-44,11,-45,10,-47,6,-50,6,-50,13,-47,9,-47,7,-45,11,-56,9,-53,11,-48,6,-54,10,-54,1,-50,7,-52,7,-52,7,-54,6,-49,-1,-50,2,-53,2,-58,-1,-50,1,-48,0,-55,-1,-47,1,-55,1,-50,-2,-51,-3,-50,0,-53,-5,-50,0,-51,-2,-52,-1,-44,-2,-46,-4,-42,-2,-42,2,-44,-1,-40,2,-44,0,-43,2,-36,5,-38,5,-38,6,-36,7,-30,6,-32,10,-26,7,-27,9,-23,12,-24,12,-17,14,-15,0,0,0,0,0,0,0,0,0,0,0,0,0,0,0,0,0,0,0,0,0,0,-42,7,-48,5,-46,4,-46,4,-50,2,-50,1,-54,3,-55,-1,-61,6,-64,-3,-65,-9,-67,-4,-77,-4,-69,-10,-74,-13,-71,-13,-78,-15,-75,-18,-75,-17,-78,-24,-75,-26,-75,-29,-66,-28,-73,-30,-67,-32,-69,-29,-60,-37,-62,-36,-58,-33,-61,-35,-47,-27,-52,-36,-49,-31,-45,-27,-42,-33,-40,-25,-35,-28,-35,-25,-30,-20,-29,-23,-25,-21,-20,-18,-21,-19,-16,-13,-13,-10,-14,-15,-10,-15,-5,-10,-2,-7,0,-8,4,-8,8,-11,15,-8,12,-6,21,-6,25,-1,23,-7,0,0]"
CSI_DATA,40,1a:00:00:00:00:00,-38,11,1,0,1,1,1,0,0,0,1,-96,0,11,2,777957,0,44,0,384,0,"[0,0,0,0,0,0,0,0,0,0,0,0,8,-1,8,-1,8,-1,8,-1,8,-1,8,0,9,-1,8,-1,9,-1,8,-1,9,-1,9,-1,9,-1,9,-2,8,-1,10,-2,9,-2,9,-2,8,-2,9,-2,8,-2,9,-2,8,-2,9,-3,9,-3,9,-3,0,0,8,-3,9,-3,8,-3,8,-3,7,-3,8,-3,8,-3,7,-3,7,-3,7,-2,8,-2,7,-2,7,-2,6,-2,7,-1,6,-1,6,-1,6,-1,5,-1,5,-1,5,0,5,0,4,0,4,1,4,1,3,1,0,0,0,0,0,0,0,0,0,0,0,0,0,0,-36,-20,-35,-22,-39,-25,-36,-26,-40,-33,-35,-30,-41,-31,-40,-32,-39,-30,-36,-35,-43,-31,-40,-32,-44,-33,-40,-38,-42,-39,-41,-34,-44,-37,-45,-32,-41,-31,-46,-27,-51,-29,-47,-27,-45,-23,-47,-27,-45,-27,-43,-28,-44,-26,-47,-26,-44,-28,-49,-24,-48,-24,-48,-23,-43,-22,-47,-24,-48,-20,-43,-25,-44,-21,-47,-23,-46,-22,-39,-16,-46,-18,-41,-21,-35,-21,-35,-23,-34,-18,-35,-24,-34,-21,-34,-20,-23,-22,-25,-20,-23,-23,-24,-21,-22,-21,-16,-21,-15,-21,-10,-21,-10,-22,0,0,0,0,0,0,0,0,0,0,0,0,0,0,0,0,0,0,0,0,0,0,-16,42,-16,47,-20,46,-22,44,-21,48,-29,46,-24,51,-25,44,-31,59,-36,53,-38,59,-37,56,-44,62,-44,58,-51,55,-51,58,-49,68,-55,53,-55,52,-58,56,-66,51,-62,51,-65,47,-63,46,-61,45,-62,44,-67,37,-61,38,-57,32,-58,35,-51,28,-54,29,-54,21,-50,20,-52,18,-44,21,-38,17,-40,14,-38,16,-34,11,-32,10,-22,13,-28,10,-23,8,-19,1,-15,10,-11,2,-13,0,-15,-6,-7,-4,-9,-11,0,-7,0,-7,5,-15,2,-23,0,-27,6,-29,0,0]"
CSI_DATA,41,1a:00:00:00:00:00,-38,11,1,0,1,1,1,0,0,0,1,-96,0,11,2,797933,0,44,0,384,0,"[0,0,0,0,0,0,0,0,0,0,0,0,-4,6,-4,7,-4,7,-5,7,-5,7,-5,7,-5,8,-5,7,-5,7,-5,7,-5,8,-5,8,-5,8,-5,8,-5,8,-4,8,-4,8,-4,8,-4,8,-4,8,-4,8,-3,8,-3,8,-3,9,-3,9,-3,9,0,0,-3,8,-3,9,-3,9,-2,8,-3,8,-3,8,-3,8,-2,7,-2,7,-3,7,-3,7,-3,7,-3,6,-3,6,-3,6,-3,6,-3,6,-3,5,-3,5,-3,5,-4,4,-3,4,-3,3,-4,3,-4,3,-4,2,0,0,0,0,0,0,0,0,0,0,0,0,0,0,33,-12,39,-14,39,-15,40,-16,50,-16,41,-10,45,-12,43,-13,38,-18,48,-15,42,-10,47,-12,49,-15,53,-15,48,-15,48,-16,49,-23,48,-21,48,-16,48,-17,51,-22,48,-19,41,-25,46,-24,41,-20,46,-22,45,-17,47,-21,48,-21,45,-26,43,-23,44,-22,43,-22,40,-24,41,-25,43,-24,36,-26,37,-26,36,-21,38,-22,39,-24,38,-14,39,-20,38,-16,33,-13,40,-11,33,-11,35,-13,31,-9,29,-11,27,-5,31,-9,28,-6,28,1,23,2,22,2,18,5,0,0,0,0,0,0,0,0,0,0,0,0,0,0,0,0,0,0,0,0,0,0,-25,-34,-24,-35,-24,-39,-30,-42,-26,-43,-25,-48,-27,-45,-28,-51,-31,-53,-29,-54,-27,-61,-26,-61,-32,-67,-26,-66,-20,-70,-21,-73,-27,-77,-18,-76,-15,-75,-14,-71,-12,-74,-13,-79,-9,-74,-8,-81,-5,-76,-6,-78,4,-69,4,-72,0,-69,1,-66,6,-56,7,-59,3,-57,2,-48,6,-51,4,-49,4,-44,8,-43,9,-36,5,-32,5,-31,6,-31,5,-25,3,-24,4,-19,3,-20,8,-17,12,-10,7,-8,11,-7,9,-4,12,-2,13,5,8,7,16,12,15,20,13,19,0,0]"
CSI_DATA,42,1a:00:00:00:00:00,-38,11,1,0,1,1,1,0,0,0,1,-96,0,11,2,808011,0,44,0,384,0,"[0,0,0,0,0,0,0,0,0,0,0,0,-6,6,-5,6,-5,7,-6,7,-6,7,-6,6,-6,7,-6,7,-6,7,-6,7,-7,7,-6,7,-7,7,-6,8,-6,7,-6,8,-5,8,-5,8,-5,8,-5,8,-5,8,-5,8,-5,7,-5,8,-5,8,-5,8,0,0,-4,8,-5,8,-4,8,-4,8,-4,7,-4,8,-4,8,-4,7,-4,7,-4,7,-5,7,-5,6,-4,6,-4,6,-4,6,-5,6,-4,5,-4,5,-4,4,-4,4,-4,3,-4,3,-4,3,-5,2,-5,2,-4,1,0,0,0,0,0,0,0,0,0,0,0,0,0,0,29,-6,41,-12,43,-17,44,-12,49,-13,46,-8,47,-12,49,-8,45,-9,51,-6,50,-13,46,-6,56,-10,51,-8,55,-5,50,-9,57,-14,49,-12,51,-8,52,-8,57,-17,54,-14,51,-16,45,-14,46,-18,44,-22,50,-16,46,-20,48,-18,51,-21,46,-17,52,-18,40,-19,50,-20,39,-18,47,-16,38,-23,41,-16,39,-17,41,-12,41,-16,41,-10,38,-12,37,-10,37,-10,36,-8,39,-7,37,-4,34,-2,33,-4,34,-3,28,-3,29,0,26,3,20,5,19,8,24,9,0,0,0,0,0,0,0,0,0,0,0,0,0,0,0,0,0,0,0,0,0,0,-26,-36,-23,-38,-24,-44,-29,-46,-24,-49,-22,-47,-23,-47,-27,-53,-30,-59,-26,-58,-26,-67,-26,-63,-32,-71,-22,-71,-23,-78,-15,-73,-19,-81,-7,-77,-9,-77,-11,-81,-7,-82,-10,-84,0,-76,-1,-80,6,-79,-1,-79,9,-69,10,-75,11,-70,7,-68,6,-59,14,-61,13,-56,9,-52,10,-52,11,-49,10,-46,8,-39,12,-37,9,-33,10,-32,11,-26,7,-26,8,-21,12,-18,11,-6,7,-17,10,-12,13,-8,5,-2,10,-3,15,1,12,10,10,13,11,19,16,20,16,23,0,0]"
CSI_DATA,43,1a:00:00:00:00:00,-38,11,1,0,1,1,1,0,0,0,1,-96,0,11,2,818355,0,44,0,384,0,"[0,0,0,0,0,0,0,0,0,0,0,0,-8,3,-8,3,-8,4,-9,3,-9,3,-9,3,-9,3,-9,3,-9,3,-9,4,-9,4,-9,4,-9,4,-9,4,-9,4,-9,5,-9,4,-9,4,-8,5,-8,5,-8,4,-8,5,-8,5,-8,6,-8,5,-8,5,0,0,-8,5,-8,5,-8,6,-7,5,-8,5,-8,5,-7,5,-7,5,-7,5,-7,4,-7,4,-7,4,-7,4,-7,4,-7,3,-7,3,-6,3,-6,2,-6,2,-6,2,-6,1,-6,1,-5,1,-5,0,-5,0,-4,0,0,0,0,0,0,0,0,0,0,0,0,0,0,0,32,17,30,23,35,23,33,21,42,31,43,20,39,23,43,25,41,24,38,27,40,24,42,34,49,33,43,29,41,30,50,26,46,30,45,23,41,25,47,27,52,20,45,22,43,22,44,26,42,24,45,26,48,22,53,19,46,23,55,20,45,21,49,22,39,15,50,22,47,14,39,22,41,22,46,18,36,20,41,22,38,16,40,23,39,19,35,11,39,19,34,21,30,20,30,18,27,20,25,21,24,18,16,20,19,16,15,23,14,18,13,21,13,24,0,0,0,0,0,0,0,0,0,0,0,0,0,0,0,0,0,0,0,0,0,0,-2,-46,3,-45,7,-46,8,-51,3,-50,11,-53,9,-52,17,-56,14,-62,18,-62,19,-64,21,-70,22,-72,24,-68,31,-68,37,-67,32,-76,37,-69,38,-64,45,-61,42,-63,54,-67,48,-61,48,-60,48,-60,44,-62,53,-52,49,-54,51,-47,47,-45,45,-41,45,-38,45,-37,44,-34,44,-28,40,-28,35,-26,35,-27,29,-20,28,-23,31,-21,26,-13,23,-14,23,-8,17,-13,16,-12,17,-5,14,-4,7,3,10,6,8,8,3,10,5,18,1,17,-3,25,-7,20,-7,25,0,0]"
CSI_DATA,44,1a:00:00:00:00:00,-38,11,1,0,1,1,1,0,0,0,1,-96,0,11,2,837966,0,44,0,384,0,"[0,0,0,0,0,0,0,0,0,0,0,0,-4,7,-4,7,-3,8,-4,8,-4,8,-5,7,-4,8,-4,8,-4,8,-4,8,-4,8,-4,9,-4,8,-3,9,-4,8,-3,9,-3,9,-3,9,-3,9,-3,9,-3,9,-2,9,-3,8,-2,9,-2,9,-2,9,0,0,-2,9,-2,9,-1,9,-1,9,-2,8,-2,9,-2,8,-2,8,-1,8,-2,8,-2,8,-2,8,-2,7,-2,7,-2,7,-2,7,-2,6,-2,6,-2,5,-2,5,-3,5,-3,4,-3,4,-3,4,-3,3,-3,3,0,0,0,0,0,0,0,0,0,0,0,0,0,0,34,-22,33,-19,35,-22,35,-24,35,-20,40,-17,41,-25,47,-23,40,-23,42,-23,41,-23,42,-25,43,-27,43,-26,43,-24,46,-26,47,-28,42,-29,45,-26,42,-33,49,-36,40,-30,36,-31,38,-33,38,-32,38,-30,36,-28,37,-38,36,-35,44,-35,34,-36,37,-35,34,-31,35,-39,28,-33,31,-32,30,-38,32,-35,31,-30,28,-36,35,-31,33,-25,30,-24,27,-28,25,-28,31,-25,32,-23,24,-24,27,-16,25,-14,26,-14,26,-15,25,-16,24,-10,23,-7,21,-8,20,-2,0,0,0,0,0,0,0,0,0,0,0,0,0,0,0,0,0,0,0,0,0,0,-29,-34,-28,-39,-26,-37,-30,-44,-26,-42,-24,-48,-25,-44,-27,-51,-32,-57,-21,-54,-28,-57,-28,-59,-33,-67,-27,-69,-23,-70,-23,-67,-29,-78,-18,-73,-18,-72,-17,-73,-17,-72,-16,-77,-9,-76,-9,-75,-9,-81,-10,-77,-1,-73,0,-71,-2,-65,-4,-72,-3,-59,0,-62,-1,-53,0,-49,2,-52,0,-46,2,-45,4,-47,5,-36,3,-34,4,-33,3,-32,4,-28,1,-24,6,-23,-1,-12,11,-13,10,-14,7,-11,10,-9,11,0,11,4,12,4,10,6,15,14,24,13,18,19,0,0]"
CSI_DATA,45,1a:00:00:00:00:00,-38,11,1,0,1,1,1,0,0,0,1,-96,0,11,2,847948,0,44,0,384,0,"[0,0,0,0,0,0,0,0,0,0,0,0,7,-2,8,-3,8,-3,9,-2,8,-2,9,-2,9,-2,8,-2,9,-2,8,-2,9,-2,9,-3,9,-3,9,-3,9,-3,9,-3,9,-4,8,-3,8,-4,9,-4,8,-3,8,-4,8,-4,8,-5,8,-5,9,-4,0,0,8,-5,8,-5,8,-5,8,-5,8,-4,7,-4,7,-4,7,-4,7,-4,7,-4,7,-4,7,-4,7,-3,6,-3,6,-3,6,-3,6,-3,6,-2,6,-2,5,-2,5,-1,5,-1,5,-1,4,0,4,0,3,0,0,0,0,0,0,0,0,0,0,0,0,0,0,0,-37,-23,-31,-19,-38,-21,-35,-20,-35,-28,-34,-28,-38,-29,-37,-29,-36,-27,-43,-34,-44,-30,-43,-32,-40,-32,-37,-31,-42,-31,-44,-28,-47,-34,-43,-28,-43,-30,-47,-28,-48,-26,-46,-32,-46,-22,-42,-22,-41,-25,-46,-26,-47,-24,-45,-19,-43,-24,-53,-23,-46,-23,-46,-18,-46,-23,-44,-22,-47,-19,-41,-18,-42,-20,-42,-15,-40,-21,-39,-18,-41,-17,-39,-19,-38,-20,-36,-20,-34,-20,-36,-20,-33,-21,-27,-23,-26,-15,-25,-17,-25,-22,-26,-21,-22,-17,-14,-18,-19,-21,-14,-20,-9,-20,0,0,0,0,0,0,0,0,0,0,0,0,0,0,0,0,0,0,0,0,0,0,-14,41,-14,41,-19,43,-21,45,-26,49,-24,50,-24,53,-27,47,-29,55,-31,53,-35,59,-33,54,-34,64,-40,61,-47,53,-47,58,-48,61,-49,54,-52,53,-55,50,-58,55,-66,53,-59,53,-58,49,-64,43,-57,46,-58,36,-61,35,-58,34,-56,32,-49,32,-54,31,-53,23,-45,20,-49,20,-40,19,-41,20,-38,19,-32,14,-36,17,-28,12,-27,13,-22,11,-21,6,-26,9,-16,10,-14,-1,-11,-1,-11,-2,-11,-8,-7,-12,0,-11,-3,-14,2,-17,7,-23,2,-21,3,-26,0,0]"
CSI_DATA,46,1a:00:00:00:00:00,-38,11,1,0,1,1,1,0,0,0,1,-96,0,11,2,858504,0,44,0,384,0,"[0,0,0,0,0,0,0,0,0,0,0,0,6,-5,6,-5,6,-6,7,-6,7,-6,7,-5,7,-6,7,-5,7,-6,7,-6,8,-6,7,-7,7,-6,7,-7,7,-6,7,-7,7,-7,7,-7,6,-7,7,-7,7,-7,7,-7,6,-6,7,-8,6,-8,6,-7,0,0,6,-7,6,-8,6,-7,6,-7,6,-7,6,-7,5,-7,6,-6,5,-6,5,-6,6,-6,5,-6,5,-6,5,-5,5,-5,5,-5,5,-5,5,-4,5,-3,5,-3,5,-3,5,-3,4,-2,4,-2,4,-1,4,-1,0,0,0,0,0,0,0,0,0,0,0,0,0,0,-40,-5,-42,-3,-43,-5,-43,-12,-43,-8,-43,-8,-43,-12,-51,-10,-45,-8,-48,-13,-46,-12,-49,-10,-57,-3,-47,-11,-50,-10,-53,-6,-56,-8,-49,-8,-50,-8,-52,-8,-54,-3,-53,-6,-53,0,-50,-3,-47,-3,-56,-5,-46,2,-51,0,-51,1,-57,1,-51,-2,-49,0,-45,-1,-53,-2,-47,-1,-49,0,-44,2,-46,2,-46,-2,-41,3,-40,2,-42,-3,-42,-3,-43,-5,-39,-2,-38,-7,-41,-7,-35,-8,-35,-8,-26,-8,-30,-8,-27,-11,-25,-14,-17,-9,-22,-14,-20,-14,-20,-15,0,0,0,0,0,0,0,0,0,0,0,0,0,0,0,0,0,0,0,0,0,0,10,42,11,44,3,41,11,50,6,48,2,54,9,50,3,53,6,62,3,60,5,62,1,67,2,71,-6,71,-9,72,-13,72,-13,80,-15,73,-19,71,-19,73,-22,69,-27,78,-22,70,-30,73,-28,72,-27,71,-32,60,-36,67,-32,52,-33,60,-25,47,-34,52,-31,48,-28,44,-29,40,-25,40,-23,35,-21,35,-20,30,-19,30,-23,22,-22,22,-17,25,-15,15,-15,17,-19,13,-20,7,-13,8,-14,2,-13,-3,-13,-8,-9,-7,-11,-11,-7,-13,-14,-21,-13,-20,-7,-27,0,0]"
CSI_DATA,47,1a:00:00:00:00:00,-38,11,1,0,1,1,1,0,0,0,1,-96,0,11,2,867985,0,44,0,384,0,"[0,0,0,0,0,0,0,0,0,0,0,0,-9,-3,-9,-3,-9,-3,-10,-3,-9,-4,-9,-4,-10,-3,-9,-4,-10,-3,-9,-3,-10,-4,-11,-3,-10,-3,-10,-3,-10,-3,-11,-2,-11,-2,-10,-2,-10,-2,-10,-2,-10,-2,-10,-1,-10,-2,-11,-1,-10,-1,-11,-1,0,0,-10,-1,-10,-1,-10,0,-10,0,-9,-1,-10,-1,-9,0,-9,-1,-9,0,-9,-1,-9,-1,-9,-1,-8,-1,-8,-2,-8,-1,-8,-1,-8,-2,-7,-2,-7,-2,-6,-2,-6,-3,-6,-2,-5,-3,-5,-3,-4,-3,-4,-3,0,0,0,0,0,0,0,0,0,0,0,0,0,0,19,33,25,36,25,31,25,36,26,42,26,35,26,41,26,44,28,36,26,40,29,42,21,40,33,46,22,44,28,42,29,43,30,47,34,43,26,41,35,44,37,46,32,41,32,36,31,40,32,40,29,46,30,36,38,40,31,39,39,37,33,35,34,37,29,39,35,39,35,30,28,32,34,31,33,31,28,35,36,31,33,33,27,33,24,35,27,35,23,32,21,28,19,29,19,29,19,23,16,27,17,27,15,27,11,27,8,28,7,26,2,23,3,22,0,0,0,0,0,0,0,0,0,0,0,0,0,0,0,0,0,0,0,0,0,0,26,-41,25,-36,32,-36,27,-42,31,-36,36,-40,34,-37,41,-42,46,-49,46,-45,49,-43,52,-49,55,-50,57,-45,61,-44,65,-43,61,-50,67,-40,62,-35,72,-35,75,-31,76,-38,74,-34,73,-27,75,-21,73,-30,72,-20,70,-19,70,-15,65,-15,56,-13,63,-13,57,-10,50,-10,53,-5,43,-10,42,-10,41,-7,36,-6,35,-5,37,-5,29,-3,25,2,24,-1,22,1,11,1,15,7,12,5,9,7,5,9,5,8,1,13,-4,13,-4,15,-9,17,-17,18,-20,19,0,0]"
CSI_DATA,48,1a:00:00:00:00:00,-38,11,1,0,1,1,1,0,0,0,1,-96,0,11,2,878406,0,44,0,384,0,"[0,0,0,0,0,0,0,0,0,0,0,0,7,-3,8,-3,8,-4,8,-3,8,-3,8,-3,9,-4,9,-3,9,-3,9,-4,10,-4,9,-4,9,-4,9,-4,9,-4,9,-5,8,-5,9,-4,8,-5,8,-5,8,-4,8,-5,8,-5,9,-6,8,-5,8,-5,0,0,8,-5,8,-6,8,-6,7,-6,7,-5,8,-5,7,-5,7,-5,7,-5,7,-4,7,-4,7,-4,6,-4,6,-4,6,-3,6,-3,6,-3,5,-3,6,-2,5,-2,5,-1,5,-1,5,-1,5,-1,4,0,4,0,0,0,0,0,0,0,0,0,0,0,0,0,0,0,-41,-7,-40,-8,-44,-9,-38,-19,-40,-10,-40,-11,-42,-17,-53,-16,-43,-16,-47,-19,-47,-17,-46,-12,-54,-14,-50,-19,-46,-19,-58,-18,-57,-18,-48,-14,-51,-17,-50,-13,-60,-15,-49,-16,-54,-9,-50,-14,-45,-12,-54,-10,-52,-8,-52,-6,-55,-13,-56,-4,-52,-3,-54,-4,-51,-5,-51,-7,-49,0,-50,-7,-44,-5,-49,-6,-43,-7,-45,0,-44,-5,-46,-5,-40,-6,-41,-8,-40,-9,-39,-11,-41,-10,-34,-12,-35,-11,-30,-11,-33,-11,-30,-12,-23,-11,-17,-16,-16,-14,-18,-18,-17,-19,0,0,0,0,0,0,0,0,0,0,0,0,0,0,0,0,0,0,0,0,0,0,3,43,-1,49,-3,45,-3,50,-7,49,-9,57,-5,50,-5,57,-8,61,-13,63,-16,70,-14,64,-16,71,-21,73,-22,74,-23,69,-24,78,-31,74,-33,72,-33,73,-40,66,-39,71,-38,65,-45,69,-46,62,-40,67,-44,56,-47,56,-42,49,-44,56,-34,41,-44,50,-36,40,-32,39,-36,37,-33,36,-28,27,-31,31,-29,25,-31,27,-22,25,-20,22,-22,21,-20,9,-18,13,-11,10,-13,4,-17,2,-17,4,-10,-3,-11,-11,-8,-10,-6,-10,-6,-16,-7,-23,-7,-24,-4,-25,0,0]"
CSI_DATA,49,1a:00:00:00:00:00,-38,11,1,0,1,1,1,0,0,0,1,-96,0,11,2,887968,0,44,0,384,0,"[0,0,0,0,0,0,0,0,0,0,0,0,7,-3,8,-3,8,-4,8,-3,8,-3,8,-3,8,-3,8,-3,8,-3,8,-4,9,-3,9,-4,9,-4,9,-4,8,-4,9,-5,8,-5,8,-4,8,-5,8,-5,8,-4,8,-5,8,-4,8,-6,8,-5,8,-5,0,0,8,-5,8,-5,8,-6,7,-6,7,-5,7,-5,7,-5,7,-5,7,-5,7,-5,7,-4,7,-4,6,-4,6,-4,6,-3,6,-3,6,-3,5,-3,5,-2,5,-2,5,-2,5,-1,4,-1,4,-1,4,0,4,0,0,0,0,0,0,0,0,0,0,0,0,0,0,0,-39,-12,-38,-11,-38,-12,-38,-13,-39,-13,-42,-15,-43,-15,-49,-19,-45,-16,-46,-25,-47,-19,-44,-15,-47,-21,-46,-21,-50,-18,-48,-14,-52,-20,-49,-15,-52,-16,-46,-17,-56,-16,-48,-13,-49,-12,-47,-15,-49,-10,-53,-18,-51,-15,-55,-8,-51,-9,-55,-9,-49,-8,-51,-13,-45,-13,-48,-11,-47,-4,-43,-12,-44,-8,-43,-8,-42,-13,-45,-9,-40,-5,-41,-12,-38,-13,-42,-14,-38,-11,-38,-15,-38,-15,-33,-10,-32,-12,-26,-14,-26,-15,-27,-12,-24,-15,-22,-12,-21,-16,-16,-19,-18,-18,0,0,0,0,0,0,0,0,0,0,0,0,0,0,0,0,0,0,0,0,0,0,5,43,4,47,-1,45,-3,54,-3,48,-4,54,-5,48,-6,54,-13,62,-10,56,-10,64,-14,65,-10,72,-16,69,-25,67,-26,68,-23,79,-26,68,-30,67,-37,65,-40,66,-43,68,-37,66,-43,66,-40,65,-38,70,-44,54,-45,55,-43,49,-45,52,-32,43,-45,47,-41,40,-36,36,-40,36,-34,34,-31,31,-33,31,-33,20,-24,24,-25,21,-18,19,-21,16,-18,14,-16,14,-13,5,-14,4,-18,1,-12,-1,-11,-5,-9,-5,-8,-10,-5,-10,-7,-19,2,-22,-1,-26,4,-27,0,0]"
CSI_DATA,50,1a:00:00:00:00:00,-38,11,1,0,1,1,1,0,0,0,1,-96,0,11,2,898628,0,44,0,384,0,"[0,0,0,0,0,0,0,0,0,0,0,0,-2,8,-2,8,-1,8,-2,9,-2,8,-2,8,-2,9,-2,8,-2,9,-2,9,-2,9,-1,10,-1,9,-1,9,-1,9,-1,10,-1,9,-1,9,0,9,-1,9,-1,9,0,9,0,8,1,10,0,9,0,9,0,0,1,9,1,9,1,9,1,8,1,8,1,8,0,8,0,8,1,8,1,7,0,8,0,7,0,7,0,7,0,7,0,7,0,6,0,6,-1,6,-1,5,-2,5,-2,5,-2,4,-2,4,-2,4,-2,3,0,0,0,0,0,0,0,0,0,0,0,0,0,0,30,-15,29,-20,32,-27,38,-23,40,-26,36,-24,44,-27,44,-22,44,-26,41,-24,42,-25,42,-24,47,-26,43,-29,46,-27,44,-34,49,-32,43,-31,46,-31,44,-31,46,-35,43,-29,34,-37,40,-33,41,-32,43,-35,40,-31,38,-41,35,-34,38,-36,38,-34,37,-37,34,-38,39,-39,32,-38,34,-35,33,-29,31,-33,36,-35,32,-33,34,-25,33,-30,31,-32,28,-30,27,-28,29,-25,34,-25,30,-19,31,-20,23,-18,30,-16,29,-14,27,-16,27,-13,23,-10,23,-6,22,-2,0,0,0,0,0,0,0,0,0,0,0,0,0,0,0,0,0,0,0,0,0,0,-36,-35,-32,-33,-32,-38,-35,-37,-36,-38,-37,-51,-32,-47,-32,-50,-42,-61,-40,-54,-36,-56,-35,-63,-48,-56,-39,-62,-32,-70,-31,-59,-36,-73,-24,-72,-22,-68,-20,-73,-21,-75,-24,-87,-21,-80,-24,-80,-11,-73,-20,-75,-5,-72,-7,-73,-8,-64,-9,-66,-6,-59,-7,-61,-2,-56,-1,-51,1,-60,0,-49,0,-48,0,-47,-3,-34,-3,-32,0,-34,0,-30,4,-26,0,-29,7,-23,-2,-13,3,-12,7,-11,3,-8,5,-7,10,-4,17,-3,17,5,14,8,16,12,18,16,16,19,0,0]"
CSI_DATA,51,1a:00:00:00:00:00,-38,11,1,0,1,1,1,0,0,0,1,-96,0,11,2,937973,0,44,0,384,0,"[0,0,0,0,0,0,0,0,0,0,0,0,-8,-5,-8,-5,-7,-5,-8,-6,-8,-6,-8,-6,-8,-6,-8,-6,-8,-6,-8,-6,-9,-6,-9,-6,-9,-6,-9,-6,-8,-6,-9,-5,-9,-5,-8,-5,-9,-5,-9,-5,-8,-5,-9,-5,-9,-4,-9,-4,-9,-5,-10,-4,0,0,-9,-4,-9,-4,-9,-4,-9,-3,-9,-4,-9,-4,-8,-4,-8,-4,-8,-3,-8,-4,-8,-4,-7,-4,-7,-4,-7,-4,-7,-4,-7,-4,-6,-4,-6,-4,-5,-4,-5,-4,-5,-4,-4,-4,-4,-4,-4,-4,-3,-4,-3,-4,0,0,0,0,0,0,0,0,0,0,0,0,0,0,11,37,9,36,7,39,6,47,7,43,8,39,6,38,2,50,3,45,2,49,6,48,2,52,3,51,8,51,7,45,9,51,8,58,9,50,7,50,9,49,12,51,9,48,13,52,11,48,8,46,11,51,15,44,19,47,15,49,18,50,18,43,16,48,16,48,16,51,20,44,14,45,16,45,14,44,8,44,13,39,16,37,11,39,6,41,10,39,9,39,5,37,9,35,4,37,4,33,6,29,0,28,-3,30,-3,26,-5,24,-3,25,-8,24,-7,21,0,0,0,0,0,0,0,0,0,0,0,0,0,0,0,0,0,0,0,0,0,0,37,-23,37,-21,39,-23,45,-22,44,-17,51,-16,47,-16,54,-18,56,-23,59,-19,61,-18,66,-21,70,-22,68,-18,69,-12,71,-13,78,-19,72,-7,77,-5,76,-5,73,-1,80,-3,71,4,76,6,83,13,74,4,71,9,70,14,61,15,68,11,53,10,60,9,56,16,49,14,50,14,46,15,40,13,43,11,38,12,36,12,31,12,27,7,24,11,23,11,19,7,9,13,9,9,9,11,5,11,4,11,1,11,-6,15,-6,12,-11,12,-16,10,-16,13,-20,20,0,0]"
CSI_DATA,52,1a:00:00:00:00:00,-38,11,1,0,1,1,1,0,0,0,1,-96,0,11,2,958017,0,44,0,384,0,"[0,0,0,0,0,0,0,0,0,0,0,0,2,8,2,8,2,9,2,9,2,9,2,9,2,9,2,9,2,9,2,9,2,9,3,9,3,9,3,9,3,9,4,9,4,9,3,9,4,8,3,9,3,9,4,9,4,8,5,9,4,9,5,8,0,0,5,8,4,9,5,8,5,8,4,7,4,8,4,8,4,7,4,7,4,7,4,7,3,7,3,7,3,7,3,7,2,7,2,6,2,6,1,6,1,5,1,5,1,5,0,5,0,5,-1,4,-1,4,0,0,0,0,0,0,0,0,0,0,0,0,0,0,9,-35,16,-31,16,-38,23,-38,19,-44,23,-39,22,-38,24,-46,23,-40,25,-40,23,-44,23,-45,20,-45,23,-46,26,-45,23,-48,26,-50,21,-46,21,-46,20,-53,21,-56,17,-46,17,-49,14,-50,16,-49,14,-53,18,-44,13,-52,15,-50,11,-51,14,-48,10,-52,12,-46,11,-51,7,-49,10,-47,8,-44,7,-47,10,-44,12,-39,10,-38,15,-41,11,-42,13,-39,11,-39,12,-35,15,-32,12,-33,10,-27,12,-31,14,-27,12,-26,11,-26,14,-20,15,-17,17,-16,15,-13,0,0,0,0,0,0,0,0,0,0,0,0,0,0,0,0,0,0,0,0,0,0,-45,-9,-42,-13,-46,-15,-46,-14,-46,-21,-47,-20,-52,-19,-53,-22,-59,-23,-59,-23,-61,-33,-59,-29,-69,-31,-62,-38,-58,-40,-69,-39,-66,-40,-60,-44,-62,-45,-62,-46,-60,-48,-64,-53,-53,-55,-55,-58,-54,-60,-51,-58,-44,-55,-44,-57,-41,-56,-41,-54,-30,-49,-36,-47,-36,-46,-32,-41,-27,-44,-27,-38,-27,-37,-22,-32,-18,-30,-20,-32,-19,-24,-15,-25,-11,-26,-13,-19,-6,-19,-7,-23,-5,-13,-4,-13,5,-15,5,-10,7,-9,11,-5,15,-1,13,-2,15,1,24,0,22,7,0,0]"
CSI_DATA,53,1a:00:00:00:00:00,-38,11,1,0,1,1,1,0,0,0,1,-96,0,11,2,969302,0,44,0,384,0,"[0,0,0,0,0,0,0,0,0,0,0,0,7,2,8,2,8,2,8,3,8,3,8,3,8,2,8,2,9,3,8,2,9,3,9,2,9,2,9,2,9,2,10,2,9,1,9,1,9,1,9,1,9,1,9,1,9,1,9,1,9,1,9,0,0,0,9,0,9,0,9,0,9,-1,8,0,8,0,8,0,8,0,8,0,8,0,8,1,7,1,7,0,7,1,7,1,7,1,6,1,6,1,6,1,5,1,5,2,5,2,4,2,4,2,3,2,3,2,0,0,0,0,0,0,0,0,0,0,0,0,0,0,-8,-34,-19,-38,-15,-41,-14,-36,-19,-50,-15,-46,-14,-43,-15,-46,-18,-43,-14,-49,-17,-51,-18,-48,-20,-49,-19,-52,-16,-51,-18,-48,-22,-53,-24,-53,-16,-46,-21,-50,-26,-52,-21,-50,-21,-48,-21,-48,-16,-47,-26,-50,-26,-45,-26,-44,-23,-49,-34,-43,-28,-45,-35,-45,-26,-42,-30,-44,-27,-37,-24,-45,-27,-37,-26,-40,-23,-40,-24,-39,-25,-37,-20,-39,-20,-37,-20,-39,-17,-38,-16,-37,-10,-35,-15,-37,-9,-30,-11,-29,-11,-32,-9,-27,-7,-30,-1,-27,1,-23,-2,-27,1,-24,0,0,0,0,0,0,0,0,0,0,0,0,0,0,0,0,0,0,0,0,0,0,-39,31,-39,25,-43,24,-45,28,-45,23,-50,23,-47,25,-49,27,-60,27,-59,26,-56,26,-59,20,-69,31,-72,22,-76,18,-71,15,-75,24,-78,16,-80,13,-77,10,-79,9,-87,6,-82,8,-77,5,-81,-1,-76,6,-71,-5,-75,-4,-66,-5,-70,-4,-59,-2,-62,-8,-57,-8,-55,-9,-49,-17,-51,-11,-40,-4,-43,-6,-38,-10,-35,-9,-31,-6,-29,-3,-23,-7,-24,-4,-18,-8,-17,-2,-12,-7,-16,-12,-9,-8,-7,-14,-7,-15,2,-13,9,-10,11,-13,14,-17,25,-14,16,-16,0,0]"
CSI_DATA,54,1a:00:00:00:00:00,-38,11,1,0,1,1,1,0,0,0,1,-96,0,11,2,978095,0,44,0,384,0,"[0,0,0,0,0,0,0,0,0,0,0,0,8,-1,7,0,8,-2,8,-1,8,0,8,0,9,-1,8,-1,9,-1,8,-1,9,-1,9,-1,9,-1,9,-1,8,-1,9,-2,9,-2,9,-2,9,-2,9,-2,8,-2,9,-2,8,-2,9,-3,9,-3,9,-3,0,0,8,-3,9,-3,8,-3,8,-3,8,-3,8,-3,7,-3,7,-3,7,-3,7,-3,8,-2,7,-2,7,-2,7,-2,7,-2,7,-2,6,-2,6,-1,6,-1,5,-1,5,0,5,0,4,0,4,0,4,1,3,1,0,0,0,0,0,0,0,0,0,0,0,0,0,0,-26,-22,-25,-33,-33,-29,-28,-30,-34,-40,-32,-43,-29,-46,-34,-38,-32,-37,-29,-37,-34,-33,-29,-37,-37,-42,-37,-39,-33,-40,-37,-37,-31,-40,-38,-38,-37,-35,-36,-38,-39,-37,-39,-38,-39,-36,-38,-35,-35,-37,-39,-34,-39,-33,-39,-31,-36,-36,-43,-32,-38,-31,-38,-31,-40,-34,-37,-28,-38,-28,-33,-32,-36,-31,-34,-25,-35,-27,-33,-23,-38,-24,-33,-30,-32,-28,-25,-28,-25,-23,-29,-29,-26,-29,-24,-26,-20,-28,-21,-24,-20,-27,-22,-24,-17,-23,-10,-23,-12,-26,-9,-20,-6,-22,0,0,0,0,0,0,0,0,0,0,0,0,0,0,0,0,0,0,0,0,0,0,-22,38,-24,38,-23,38,-29,38,-31,40,-35,38,-34,41,-34,42,-41,47,-44,43,-46,45,-46,46,-48,54,-55,46,-55,40,-62,43,-55,49,-64,44,-63,36,-68,40,-63,40,-73,40,-69,33,-66,31,-74,26,-68,35,-68,24,-70,22,-68,18,-62,18,-54,16,-58,14,-51,16,-49,12,-48,12,-45,12,-43,12,-40,11,-37,2,-37,8,-35,3,-28,2,-29,8,-28,1,-22,0,-19,5,-15,4,-12,-3,-14,-2,-10,-14,-8,-7,-1,-10,2,-15,6,-17,11,-18,13,-23,8,-24,0,0]"
CSI_DATA,55,1a:00:00:00:00:00,-38,11,1,0,1,1,1,0,0,0,1,-96,0,11,2,988333,0,44,0,384,0,"[0,0,0,0,0,0,0,0,0,0,0,0,-5,-8,-5,-8,-6,-8,-5,-9,-5,-9,-5,-9,-5,-9,-5,-9,-6,-9,-6,-9,-6,-10,-6,-9,-6,-10,-6,-9,-6,-9,-7,-9,-7,-9,-7,-8,-7,-8,-7,-9,-6,-9,-7,-8,-7,-8,-7,-8,-7,-8,-7,-8,0,0,-7,-8,-7,-8,-7,-8,-8,-7,-7,-7,-7,-8,-7,-7,-6,-7,-7,-7,-6,-7,-6,-8,-5,-7,-5,-7,-5,-7,-5,-7,-5,-7,-5,-7,-4,-6,-4,-6,-4,-6,-3,-6,-3,-6,-2,-6,-2,-5,-1,-5,-1,-5,0,0,0,0,0,0,0,0,0,0,0,0,0,0,-2,38,-4,37,-6,40,-6,41,-10,50,-5,38,-6,44,-7,48,-11,49,-8,47,-9,48,-16,50,-10,49,-11,49,-11,46,-9,53,-8,56,-8,53,-10,47,-5,51,-7,55,-5,50,0,50,-7,51,-5,49,-4,50,-4,46,3,53,-7,49,1,49,1,44,-3,51,0,48,2,50,2,44,-3,46,-3,48,0,43,-5,44,-4,43,-1,40,-3,42,-4,42,-2,39,-5,37,-3,39,-7,36,-3,33,-4,33,-7,27,-8,30,-12,28,-12,25,-16,24,-13,24,-14,17,-15,17,0,0,0,0,0,0,0,0,0,0,0,0,0,0,0,0,0,0,0,0,0,0,39,-14,43,-10,44,-12,51,-14,48,-6,49,-7,48,-7,57,-3,62,-6,60,-3,67,-1,63,0,73,-3,68,-1,71,11,71,10,81,6,73,14,74,15,76,20,71,24,79,24,72,24,71,26,72,23,68,22,65,32,63,34,54,30,64,30,49,27,52,31,44,30,44,24,41,34,39,25,33,24,33,22,32,21,29,20,26,19,24,15,15,17,19,14,11,16,9,7,7,7,0,14,6,9,-2,15,-4,12,-10,8,-14,8,-16,9,-19,16,-23,2,-25,6,0,0]"
CSI_DATA,56,1a:00:00:00:00:00,-38,11,1,0,1,1,1,0,0,0,1,-96,0,11,2,999596,0,44,0,384,0,"[0,0,0,0,0,0,0,0,0,0,0,0,-8,4,-8,4,-8,4,-9,4,-9,4,-9,4,-9,4,-9,4,-9,4,-9,4,-9,4,-9,5,-9,5,-9,5,-9,5,-9,6,-9,6,-8,5,-8,6,-8,6,-8,5,-8,6,-8,5,-8,6,-8,6,-8,6,0,0,-7,6,-8,7,-7,6,-7,6,-7,6,-7,6,-7,6,-7,5,-7,6,-7,5,-7,5,-7,5,-7,4,-6,4,-6,4,-7,4,-6,4,-6,3,-6,3,-6,2,-6,2,-5,2,-6,1,-5,1,-5,0,-5,0,0,0,0,0,0,0,0,0,0,0,0,0,0,0,34,4,38,2,42,3,43,5,45,5,41,8,45,8,51,4,46,8,47,6,51,3,46,6,52,6,48,7,51,8,51,3,54,5,49,8,50,4,54,1,61,0,53,6,52,-4,49,0,50,0,50,1,47,2,52,-1,50,-1,52,-3,48,0,51,-5,47,-6,48,-5,45,-10,44,-1,42,-4,42,-4,46,-3,44,-2,43,-3,44,0,39,2,40,-2,38,-1,41,3,39,5,34,-1,34,3,34,8,30,8,30,4,25,8,20,11,19,9,24,14,17,9,0,0,0,0,0,0,0,0,0,0,0,0,0,0,0,0,0,0,0,0,0,0,-7,-40,-2,-45,-5,-47,-4,-54,-1,-48,-2,-54,-2,-48,1,-57,-1,-63,5,-62,9,-65,7,-65,8,-76,16,-69,14,-69,16,-72,17,-79,18,-70,24,-70,24,-70,30,-71,30,-76,30,-69,36,-68,35,-70,31,-68,36,-60,36,-63,39,-57,34,-59,30,-48,31,-49,33,-46,30,-39,32,-44,26,-43,25,-36,25,-33,23,-29,21,-30,23,-21,20,-26,17,-21,15,-21,20,-15,19,-6,15,-10,13,-8,11,0,4,-1,9,6,12,7,4,10,7,14,8,21,3,26,5,24,0,0]"
CSI_DATA,57,1a:00:00:00:00:00,-38,11,1,0,1,1,1,0,0,0,1,-96,0,11,2,1007937,0,44,0,384,0,"[0,0,0,0,0,0,0,0,0,0,0,0,-8,-4,-8,-4,-9,-4,-9,-4,-9,-4,-8,-5,-9,-4,-9,-5,-9,-4,-9,-4,-10,-5,-10,-4,-10,-4,-10,-4,-9,-4,-10,-3,-10,-3,-10,-3,-10,-3,-10,-3,-9,-3,-10,-3,-9,-3,-10,-2,-10,-3,-10,-2,0,0,-10,-2,-10,-2,-10,-2,-10,-1,-9,-2,-9,-2,-9,-2,-9,-2,-9,-1,-9,-2,-9,-2,-8,-2,-8,-2,-7,-2,-8,-2,-8,-2,-7,-2,-7,-2,-6,-3,-6,-3,-6,-3,-5,-3,-5,-3,-4,-3,-4,-4,-3,-3,0,0,0,0,0,0,0,0,0,0,0,0,0,0,11,36,17,37,15,38,12,36,9,46,13,41,14,43,13,47,14,49,10,44,12,49,13,43,19,49,14,49,14,47,20,51,17,54,19,50,15,49,17,45,20,53,17,49,18,43,21,47,18,46,20,46,21,43,23,50,13,48,28,43,25,41,23,44,22,43,18,44,25,34,19,41,18,43,25,42,17,45,20,35,19,35,18,37,17,38,18,36,13,38,13,34,11,34,13,32,7,27,10,29,9,30,5,28,6,26,-2,21,1,20,-7,21,-3,19,0,0,0,0,0,0,0,0,0,0,0,0,0,0,0,0,0,0,0,0,0,0,31,-28,38,-28,35,-29,40,-28,42,-28,42,-26,39,-30,48,-30,52,-37,55,-31,57,-33,63,-32,65,-32,66,-30,71,-19,69,-21,74,-29,73,-22,68,-18,74,-15,75,-16,80,-18,76,-15,74,-6,79,0,71,-5,70,3,69,0,68,3,69,9,56,2,58,5,59,2,52,4,50,6,47,5,41,6,41,8,34,3,34,4,30,8,32,1,25,6,20,7,20,5,11,8,9,5,13,4,11,8,6,11,-2,10,-2,15,-11,14,-9,13,-14,14,-16,16,-27,15,0,0]"
CSI_DATA,58,1a:00:00:00:00:00,-38,11,1,0,1,1,1,0,0,0,1,-96,0,11,2,1017955,0,44,0,384,0,"[0,0,0,0,0,0,0,0,0,0,0,0,-7,5,-7,5,-7,6,-8,5,-8,5,-8,5,-8,5,-8,5,-8,5,-8,5,-8,6,-8,6,-8,6,-8,6,-8,6,-8,7,-8,7,-8,6,-7,6,-8,6,-7,6,-7,7,-7,6,-7,8,-7,7,-7,7,0,0,-7,7,-7,7,-7,7,-6,7,-6,6,-7,6,-6,6,-6,6,-6,6,-6,6,-6,6,-6,6,-6,5,-6,5,-6,4,-6,5,-6,4,-6,4,-6,3,-5,3,-6,2,-5,2,-5,2,-5,2,-5,1,-5,0,0,0,0,0,0,0,0,0,0,0,0,0,0,0,36,8,36,9,42,6,42,11,45,9,41,10,45,11,48,12,43,6,44,12,49,12,47,12,51,11,47,7,52,9,52,10,58,12,49,9,47,10,52,6,58,5,50,6,49,4,48,6,49,7,49,1,50,0,52,4,52,3,53,-1,49,1,50,3,44,6,51,1,46,-2,46,0,46,3,49,-5,43,1,46,2,48,1,43,1,41,-3,40,5,35,4,40,10,37,7,37,4,31,6,27,8,29,11,24,8,27,8,23,14,20,10,18,13,17,14,0,0,0,0,0,0,0,0,0,0,0,0,0,0,0,0,0,0,0,0,0,0,-5,-44,-6,-47,-8,-46,-5,-50,-4,-50,-1,-56,-3,-54,-1,-56,-4,-61,1,-66,2,-69,1,-70,1,-70,8,-73,12,-72,15,-75,10,-78,17,-76,20,-68,21,-71,23,-72,26,-75,29,-71,33,-68,33,-75,27,-71,40,-62,34,-60,37,-56,32,-57,30,-51,33,-53,29,-43,26,-42,25,-42,28,-39,23,-36,20,-35,18,-25,24,-27,22,-24,20,-21,22,-19,17,-19,12,-15,17,-9,17,-10,15,-4,11,0,11,2,10,7,8,9,8,13,6,16,0,21,8,23,2,24,0,0]"
CSI_DATA,59,1a:00:00:00:00:00,-38,11,1,0,1,1,1,0,0,0,1,-96,0,11,2,1039826,0,44,0,384,0,"[0,0,0,0,0,0,0,0,0,0,0,0,-4,7,-4,7,-4,8,-4,8,-4,8,-5,8,-4,8,-4,8,-4,8,-4,8,-5,9,-4,9,-4,9,-4,9,-4,8,-4,10,-3,9,-3,9,-3,9,-3,9,-3,9,-3,9,-3,8,-2,10,-2,9,-2,9,0,0,-2,9,-2,10,-2,9,-1,9,-2,8,-2,9,-2,8,-2,8,-2,8,-2,8,-2,8,-2,7,-2,7,-2,7,-2,7,-3,7,-2,6,-3,6,-3,5,-3,5,-3,5,-3,4,-3,4,-3,3,-4,3,-4,2,0,0,0,0,0,0,0,0,0,0,0,0,0,0,36,-16,37,-20,40,-22,39,-21,36,-20,41,-11,45,-19,45,-17,40,-17,43,-17,41,-19,46,-17,47,-19,46,-20,48,-21,44,-23,48,-24,42,-24,48,-19,45,-21,47,-30,47,-24,42,-26,42,-29,42,-26,41,-28,41,-26,40,-33,40,-31,39,-30,38,-29,42,-31,38,-30,43,-34,33,-30,38,-32,39,-28,29,-27,33,-30,33,-29,33,-26,37,-24,32,-27,35,-23,32,-23,33,-22,33,-24,29,-16,31,-13,27,-12,31,-13,28,-8,25,-7,22,-9,24,-7,24,-8,22,1,0,0,0,0,0,0,0,0,0,0,0,0,0,0,0,0,0,0,0,0,0,0,-25,-37,-28,-44,-27,-39,-24,-43,-25,-44,-24,-46,-27,-48,-24,-47,-30,-56,-28,-54,-27,-64,-31,-61,-34,-65,-27,-68,-16,-73,-17,-76,-26,-80,-16,-72,-16,-70,-16,-76,-12,-81,-7,-77,-6,-76,-10,-79,-7,-79,-9,-81,-3,-70,-3,-69,2,-65,1,-74,2,-57,4,-60,4,-58,7,-50,4,-49,5,-44,6,-44,0,-43,5,-36,1,-35,8,-33,4,-32,3,-31,-1,-23,5,-22,8,-21,4,-19,9,-12,5,-8,10,-1,10,-1,8,3,12,6,14,4,17,15,13,17,14,16,0,0]"
CSI_DATA,60,1a:00:00:00:00:00,-38,11,1,0,1,1,1,0,0,0,1,-96,0,11,2,1057902,0,44,0,384,0,"[0,0,0,0,0,0,0,0,0,0,0,0,4,6,4,7,5,7,4,8,4,8,4,8,4,8,4,8,4,8,4,8,5,8,5,8,5,8,5,8,4,8,6,8,6,7,5,7,5,7,5,7,5,7,6,7,5,7,6,7,6,7,6,7,0,0,6,6,6,7,6,7,6,6,5,6,6,6,5,6,5,6,6,6,5,6,5,6,4,6,4,6,4,6,4,6,4,6,4,6,3,5,2,5,2,5,2,5,1,5,1,5,1,4,0,4,0,4,0,0,0,0,0,0,0,0,0,0,0,0,0,0,4,-37,-1,-38,0,-45,2,-40,9,-44,4,-47,2,-49,3,-53,7,-47,8,-51,6,-47,4,-48,6,-52,12,-53,8,-52,5,-56,8,-53,5,-52,9,-53,5,-48,1,-59,1,-55,4,-53,1,-53,1,-53,3,-53,6,-51,0,-54,4,-49,-1,-53,1,-51,3,-51,-4,-50,-6,-51,-2,-46,2,-51,-1,-49,1,-51,1,-46,0,-42,2,-38,1,-45,4,-40,3,-40,2,-46,3,-38,3,-39,5,-38,6,-32,7,-34,10,-34,11,-30,10,-28,14,-26,11,-23,12,-16,11,-17,0,0,0,0,0,0,0,0,0,0,0,0,0,0,0,0,0,0,0,0,0,0,-38,16,-44,13,-45,15,-53,14,-47,11,-56,8,-51,9,-56,7,-60,9,-61,7,-68,2,-67,5,-77,10,-75,-4,-80,-5,-74,-1,-86,-6,-81,-11,-78,-11,-80,-17,-76,-20,-82,-16,-76,-21,-78,-22,-77,-26,-75,-22,-66,-31,-66,-30,-66,-27,-67,-33,-52,-28,-56,-29,-48,-30,-51,-26,-49,-24,-41,-22,-36,-27,-37,-22,-33,-20,-30,-18,-30,-18,-25,-16,-23,-18,-23,-13,-15,-15,-5,-17,-13,-12,-5,-9,-3,-8,1,-12,3,-10,5,-7,10,-7,15,-5,17,-10,23,-6,29,-1,0,0]"
CSI_DATA,61,1a:00:00:00:00:00,-38,11,1,0,1,1,1,0,0,0,1,-96,0,11,2,1068320,0,44,0,384,0,"[0,0,0,0,0,0,0,0,0,0,0,0,-8,-5,-8,-5,-8,-5,-8,-6,-8,-5,-8,-6,-9,-6,-8,-6,-8,-6,-8,-5,-9,-6,-9,-6,-9,-6,-9,-5,-8,-5,-10,-5,-10,-5,-9,-5,-9,-4,-9,-5,-9,-5,-9,-4,-9,-4,-10,-4,-9,-4,-10,-4,0,0,-10,-4,-9,-4,-10,-4,-9,-3,-9,-4,-9,-4,-8,-3,-8,-3,-8,-3,-8,-4,-8,-4,-8,-4,-7,-4,-7,-4,-7,-4,-7,-4,-6,-4,-6,-4,-6,-4,-5,-4,-5,-4,-5,-4,-4,-4,-4,-4,-3,-4,-3,-4,0,0,0,0,0,0,0,0,0,0,0,0,0,0,8,38,7,36,14,41,9,41,11,43,9,45,5,47,12,46,10,47,5,49,1,47,5,46,11,53,7,51,8,49,10,54,9,57,9,49,10,52,15,52,15,54,14,44,13,43,15,50,9,46,9,52,14,49,19,49,17,50,19,47,17,46,17,45,13,48,15,48,23,41,12,45,18,51,13,42,11,44,12,41,15,38,14,40,12,42,10,41,11,38,10,32,5,36,3,33,8,28,7,30,1,32,2,27,0,30,-3,25,-5,27,-5,23,-10,23,0,0,0,0,0,0,0,0,0,0,0,0,0,0,0,0,0,0,0,0,0,0,37,-26,39,-18,41,-21,45,-22,43,-21,52,-17,50,-18,56,-17,59,-25,54,-17,62,-17,61,-18,68,-23,70,-19,73,-12,71,-10,79,-16,74,-7,70,-7,73,0,74,0,80,3,76,7,73,4,78,9,71,9,70,9,65,15,63,16,67,11,55,12,61,16,52,16,48,13,49,20,43,12,37,13,40,9,34,16,36,13,28,10,30,12,23,8,23,8,18,6,5,8,13,7,11,11,11,7,5,11,2,13,-1,11,-7,12,-10,9,-14,12,-19,18,-19,11,0,0]"
CSI_DATA,62,1a:00:00:00:00:00,-38,11,1,0,1,1,1,0,0,0,1,-96,0,11,2,1088105,0,44,0,384,0,"[0,0,0,0,0,0,0,0,0,0,0,0,1,8,1,8,1,9,1,9,1,9,0,9,1,9,0,9,1,9,1,9,1,10,1,10,1,10,1,9,1,9,2,10,2,9,2,9,2,9,2,9,2,9,3,9,2,9,3,9,3,9,3,9,0,0,3,9,3,9,3,9,4,9,3,8,3,8,3,8,3,8,3,7,3,8,3,8,2,7,2,7,2,7,2,7,2,7,1,7,1,6,1,6,1,6,0,6,0,5,-1,5,-1,5,-1,4,-2,4,0,0,0,0,0,0,0,0,0,0,0,0,0,0,18,-38,19,-38,19,-38,14,-39,16,-42,25,-41,25,-39,24,-43,24,-40,28,-44,27,-41,27,-41,27,-46,22,-42,25,-43,24,-48,30,-50,25,-52,25,-48,24,-47,21,-56,21,-46,17,-48,17,-48,18,-49,20,-51,14,-45,17,-50,20,-51,13,-49,15,-47,14,-52,10,-45,12,-50,5,-46,11,-47,8,-46,3,-45,14,-45,9,-41,16,-40,13,-41,14,-43,11,-39,16,-44,11,-29,13,-31,9,-37,18,-35,9,-31,16,-28,11,-27,15,-28,19,-22,16,-20,12,-18,17,-10,0,0,0,0,0,0,0,0,0,0,0,0,0,0,0,0,0,0,0,0,0,0,-39,-14,-42,-20,-40,-22,-48,-23,-46,-20,-46,-25,-45,-25,-50,-28,-56,-32,-49,-36,-49,-37,-51,-41,-61,-39,-59,-46,-54,-49,-52,-48,-64,-49,-50,-48,-56,-55,-54,-49,-51,-56,-53,-63,-44,-62,-48,-60,-39,-64,-45,-64,-34,-63,-36,-61,-38,-56,-38,-57,-29,-47,-33,-48,-28,-48,-26,-44,-23,-42,-26,-42,-18,-39,-21,-37,-15,-33,-17,-33,-14,-29,-11,-27,-11,-24,-10,-20,-9,-21,3,-23,-6,-15,-4,-13,2,-14,4,-7,10,-7,15,-9,15,-7,13,-2,21,5,22,6,27,10,0,0]"
CSI_DATA,63,1a:00:00:00:00:00,-38,11,1,0,1,1,1,0,0,0,1,-96,0,11,2,1097935,0,44,0,384,0,"[0,0,0,0,0,0,0,0,0,0,0,0,-4,7,-4,7,-4,8,-4,8,-5,8,-5,8,-5,8,-5,8,-5,8,-5,8,-5,9,-4,9,-5,9,-4,9,-4,8,-4,10,-3,9,-4,9,-3,9,-3,9,-3,9,-3,9,-3,8,-3,9,-3,9,-3,9,0,0,-2,9,-3,9,-2,9,-2,9,-2,8,-2,9,-2,8,-2,8,-2,8,-2,8,-3,8,-3,7,-3,7,-3,7,-3,6,-3,7,-3,7,-3,6,-3,5,-3,5,-4,4,-4,4,-4,4,-4,3,-4,3,-4,2,0,0,0,0,0,0,0,0,0,0,0,0,0,0,28,-21,37,-19,35,-22,36,-19,39,-26,41,-24,37,-22,41,-25,40,-18,42,-21,43,-24,42,-23,44,-24,41,-25,47,-21,48,-29,47,-27,43,-26,42,-22,44,-27,45,-35,43,-26,34,-31,38,-32,38,-28,40,-30,42,-28,36,-33,40,-30,40,-31,35,-33,38,-33,33,-33,36,-36,34,-31,35,-37,32,-38,30,-35,33,-29,30,-32,34,-29,33,-28,27,-30,29,-24,30,-23,34,-26,28,-23,29,-27,26,-14,23,-17,29,-16,30,-11,23,-14,25,-5,22,-12,19,-5,20,-2,0,0,0,0,0,0,0,0,0,0,0,0,0,0,0,0,0,0,0,0,0,0,-31,-33,-32,-33,-33,-30,-34,-39,-35,-36,-30,-49,-35,-44,-32,-44,-38,-52,-33,-51,-32,-60,-35,-58,-36,-60,-37,-62,-26,-64,-31,-70,-38,-73,-25,-69,-28,-69,-27,-73,-21,-72,-28,-80,-22,-74,-17,-82,-14,-79,-18,-75,-7,-73,-8,-70,-10,-66,-12,-66,-6,-58,-6,-58,-5,-57,-5,-51,-1,-52,-5,-46,0,-45,-2,-41,0,-33,2,-36,1,-34,1,-33,5,-26,-1,-23,1,-19,6,-22,3,-19,5,-18,7,-9,7,-3,13,-6,14,-1,11,2,18,4,16,13,18,11,11,14,0,0]"
CSI_DATA,64,1a:00:00:00:00:00,-38,11,1,0,1,1,1,0,0,0,1,-96,0,11,2,1107940,0,44,0,384,0,"[0,0,0,0,0,0,0,0,0,0,0,0,6,5,6,4,7,4,7,5,7,5,7,5,7,5,7,5,7,5,7,5,8,5,8,4,8,5,8,4,8,5,9,4,8,4,8,4,8,4,8,4,8,4,8,3,8,3,9,3,9,3,9,3,0,0,8,3,8,3,9,3,8,2,8,3,8,3,8,2,7,2,7,2,7,2,8,3,7,2,7,2,6,3,6,3,6,3,6,2,5,3,5,3,5,2,4,3,4,3,3,3,3,3,2,3,2,3,0,0,0,0,0,0,0,0,0,0,0,0,0,0,-6,-39,-4,-37,-6,-45,-1,-47,-3,-46,-5,-45,0,-51,-6,-48,0,-51,0,-51,1,-49,-1,-46,-6,-55,-1,-52,-8,-54,-9,-51,-5,-55,-8,-52,-7,-53,-9,-51,-15,-61,-10,-54,-10,-49,-10,-53,-11,-49,-11,-51,-12,-47,-15,-52,-14,-56,-17,-48,-13,-48,-20,-46,-15,-47,-16,-51,-19,-43,-15,-45,-14,-45,-15,-44,-11,-45,-15,-37,-14,-36,-13,-40,-9,-40,-13,-40,-7,-39,-8,-39,-12,-34,-5,-34,-5,-34,-1,-33,-5,-31,-2,-28,-1,-28,1,-30,1,-25,5,-21,8,-23,0,0,0,0,0,0,0,0,0,0,0,0,0,0,0,0,0,0,0,0,0,0,-45,11,-45,7,-43,6,-54,6,-48,4,-55,0,-56,2,-55,4,-64,4,-60,0,-69,2,-66,1,-72,2,-72,-4,-71,-13,-70,-10,-78,-14,-76,-12,-75,-21,-72,-23,-75,-20,-82,-25,-71,-25,-75,-26,-72,-26,-69,-21,-64,-25,-66,-29,-56,-27,-65,-28,-51,-24,-55,-31,-51,-28,-48,-25,-48,-28,-38,-18,-37,-23,-36,-18,-36,-18,-33,-18,-27,-17,-28,-15,-21,-14,-22,-12,-17,-16,-19,-11,-13,-14,-7,-10,-5,-16,2,-13,3,-9,1,-9,11,-8,11,-10,15,-12,18,-11,24,-10,0,0]"
CSI_DATA,65,1a:00:00:00:00:00,-38,11,1,0,1,1,1,0,0,0,1,-96,0,11,2,1117977,0,44,0,384,0,"[0,0,0,0,0,0,0,0,0,0,0,0,8,-1,8,-1,8,-1,9,0,9,0,8,0,9,0,9,0,9,0,9,0,9,-1,9,-1,9,-1,9,-1,9,-1,10,-2,9,-2,9,-2,9,-2,9,-2,9,-1,9,-2,9,-2,9,-3,9,-3,9,-3,0,0,9,-3,9,-3,9,-3,8,-3,8,-3,8,-2,8,-2,8,-2,8,-2,8,-2,8,-2,7,-2,7,-2,7,-2,7,-2,7,-2,6,-1,6,-1,6,-1,5,0,5,0,5,0,4,0,4,0,4,1,3,1,0,0,0,0,0,0,0,0,0,0,0,0,0,0,-25,-26,-33,-33,-36,-25,-29,-34,-31,-30,-33,-31,-33,-34,-33,-41,-32,-32,-34,-37,-34,-39,-38,-33,-37,-40,-36,-38,-36,-36,-37,-34,-38,-43,-37,-38,-35,-40,-38,-37,-43,-35,-37,-32,-39,-35,-40,-35,-40,-34,-42,-32,-38,-31,-43,-30,-43,-33,-48,-29,-45,-27,-44,-27,-38,-32,-41,-31,-42,-19,-34,-27,-36,-27,-37,-29,-35,-28,-36,-23,-37,-24,-33,-25,-31,-29,-28,-28,-33,-26,-29,-30,-32,-27,-27,-26,-23,-26,-21,-28,-19,-25,-18,-25,-17,-22,-11,-21,-9,-23,-8,-24,-7,-20,0,0,0,0,0,0,0,0,0,0,0,0,0,0,0,0,0,0,0,0,0,0,-17,37,-22,37,-22,36,-25,41,-27,41,-28,42,-28,42,-32,42,-36,49,-37,44,-43,50,-41,52,-45,56,-49,51,-53,51,-58,47,-56,56,-61,48,-61,44,-63,43,-62,41,-72,45,-65,38,-69,39,-67,35,-66,34,-64,31,-66,32,-61,28,-63,25,-52,18,-58,21,-51,14,-49,16,-54,14,-42,15,-40,12,-44,14,-36,9,-37,8,-33,10,-30,10,-25,4,-25,2,-22,2,-16,6,-15,4,-12,-7,-11,-8,-9,-7,-7,-11,-2,-13,3,-15,0,-15,0,-19,5,-22,11,-23,0,0]"
CSI_DATA,66,1a:00:00:00:00:00,-38,11,1,0,1,1,1,0,0,0,1,-96,0,11,2,1137946,0,44,0,384,0,"[0,0,0,0,0,0,0,0,0,0,0,0,-8,4,-8,4,-8,4,-8,4,-9,4,-9,4,-9,4,-8,4,-9,4,-8,5,-9,5,-8,5,-9,5,-9,5,-8,5,-9,6,-8,6,-8,6,-8,6,-8,6,-8,5,-8,6,-8,6,-7,6,-8,6,-8,6,0,0,-7,6,-7,7,-7,6,-6,6,-7,6,-6,6,-6,6,-6,6,-6,6,-6,5,-6,5,-6,5,-6,5,-6,5,-6,4,-6,4,-6,4,-5,3,-6,3,-5,3,-6,2,-5,2,-5,2,-5,1,-5,1,-5,0,0,0,0,0,0,0,0,0,0,0,0,0,0,0,37,-4,43,8,40,6,37,4,41,6,40,11,42,8,45,7,45,11,48,13,49,7,44,15,45,13,47,13,48,14,51,4,51,12,49,8,49,11,53,6,54,2,56,0,46,3,49,6,45,3,52,5,51,6,50,-2,47,7,54,-1,47,2,53,2,42,0,48,0,45,-3,46,4,49,0,45,-1,39,7,41,3,45,2,45,1,39,3,40,3,37,6,40,7,38,6,32,5,29,6,32,7,31,10,28,7,26,10,20,12,20,12,18,7,17,13,0,0,0,0,0,0,0,0,0,0,0,0,0,0,0,0,0,0,0,0,0,0,-11,-41,-9,-46,-7,-47,-7,-50,-4,-52,-4,-54,-3,-53,0,-59,-6,-64,1,-60,5,-68,4,-67,2,-71,8,-66,13,-73,15,-72,12,-80,13,-70,23,-69,22,-77,24,-78,30,-75,30,-70,34,-72,33,-66,28,-73,35,-59,37,-63,33,-57,29,-59,29,-47,29,-48,32,-44,26,-43,36,-39,25,-40,24,-37,25,-41,21,-31,21,-26,25,-28,15,-25,15,-17,14,-14,15,-12,5,-15,13,-11,10,-6,9,1,12,1,8,7,7,7,10,8,8,14,2,20,5,19,4,22,0,0]"
CSI_DATA,67,1a:00:00:00:00:00,-38,11,1,0,1,1,1,0,0,0,1,-96,0,11,2,1148138,0,44,0,384,0,"[0,0,0,0,0,0,0,0,0,0,0,0,8,-4,8,-4,8,-4,9,-4,8,-4,9,-4,9,-4,8,-4,9,-4,8,-5,9,-4,9,-5,9,-5,9,-5,8,-5,9,-6,8,-6,8,-5,8,-6,8,-6,8,-5,8,-6,8,-5,8,-6,8,-6,8,-6,0,0,8,-7,8,-6,8,-7,7,-7,7,-6,7,-6,7,-6,7,-6,6,-6,7,-5,7,-5,7,-5,6,-5,6,-5,6,-4,6,-4,6,-4,6,-3,6,-3,5,-3,5,-3,5,-2,5,-2,5,-1,4,-1,4,0,0,0,0,0,0,0,0,0,0,0,0,0,0,0,-40,-13,-37,-18,-42,-12,-40,-15,-49,-17,-40,-20,-47,-21,-48,-22,-42,-20,-46,-22,-49,-22,-48,-23,-48,-25,-48,-26,-48,-20,-52,-24,-54,-24,-52,-20,-43,-18,-50,-19,-58,-17,-50,-19,-50,-14,-55,-19,-44,-19,-54,-20,-51,-14,-53,-12,-51,-22,-54,-10,-49,-11,-52,-17,-45,-12,-51,-13,-50,-8,-42,-14,-46,-11,-43,-10,-43,-12,-45,-10,-44,-11,-43,-16,-42,-19,-43,-14,-33,-15,-40,-15,-38,-16,-35,-15,-31,-15,-25,-13,-31,-16,-29,-16,-24,-15,-14,-18,-19,-19,-13,-18,-14,-20,0,0,0,0,0,0,0,0,0,0,0,0,0,0,0,0,0,0,0,0,0,0,-3,46,1,45,-3,45,-7,54,-7,53,-8,53,-10,53,-10,60,-12,61,-16,61,-22,64,-21,67,-17,72,-24,71,-30,66,-29,72,-31,75,-39,70,-34,64,-40,69,-36,67,-46,70,-50,64,-45,63,-56,62,-46,59,-49,49,-49,58,-49,46,-49,49,-43,42,-42,42,-43,37,-41,38,-38,35,-32,34,-32,24,-31,25,-31,23,-31,23,-26,22,-26,22,-20,19,-18,14,-20,9,-19,13,-14,7,-10,-1,-11,-2,-12,-5,-10,-12,-9,-12,0,-17,-6,-12,0,-20,-1,-25,2,-27,0,0]"
CSI_DATA,68,1a:00:00:00:00:00,-38,11,1,0,1,1,1,0,0,0,1,-96,0,11,2,1167933,0,44,0,384,0,"[0,0,0,0,0,0,0,0,0,0,0,0,-4,-8,-4,-8,-5,-8,-5,-9,-5,-9,-4,-9,-5,-9,-4,-9,-5,-9,-5,-9,-5,-10,-5,-9,-6,-9,-6,-9,-5,-9,-6,-9,-7,-9,-6,-8,-6,-8,-6,-9,-6,-9,-6,-8,-6,-8,-7,-8,-7,-8,-7,-8,0,0,-7,-8,-7,-8,-7,-8,-7,-7,-6,-7,-6,-8,-6,-7,-6,-7,-6,-7,-6,-7,-6,-7,-6,-7,-5,-7,-5,-6,-5,-6,-5,-7,-5,-6,-4,-6,-4,-6,-3,-6,-3,-6,-2,-5,-2,-6,-2,-5,-1,-5,-1,-5,0,0,0,0,0,0,0,0,0,0,0,0,0,0,-13,39,-15,35,-17,42,-15,39,-14,44,-16,44,-16,43,-22,44,-19,45,-21,46,-18,46,-21,49,-18,50,-24,47,-23,46,-20,51,-22,57,-18,50,-17,45,-14,46,-16,58,-14,46,-13,50,-14,48,-12,53,-14,57,-14,48,-13,54,-17,52,-8,53,-11,48,-9,50,-8,52,-10,50,-2,50,-12,44,-3,51,-4,41,-15,46,-5,41,-6,42,-9,41,-10,41,-13,41,-12,38,-13,37,-13,34,-9,34,-14,34,-13,29,-14,27,-12,26,-13,23,-16,23,-16,18,-15,17,-18,10,0,0,0,0,0,0,0,0,0,0,0,0,0,0,0,0,0,0,0,0,0,0,43,4,44,7,47,3,52,6,52,7,55,13,53,12,59,12,64,10,61,19,64,19,61,25,72,25,65,28,64,31,68,32,73,28,66,42,69,35,69,44,66,44,69,47,61,44,61,49,62,51,63,48,48,54,52,50,47,48,53,47,39,39,42,41,41,41,37,40,37,39,29,35,26,35,28,32,27,29,27,27,22,29,20,24,17,19,15,23,11,15,9,11,6,12,1,11,3,13,-1,11,-11,9,-9,11,-19,6,-17,1,-21,4,-24,-1,-26,3,0,0]"
CSI_DATA,69,1a:00:00:00:00:00,-38,11,1,0,1,1,1,0,0,0,1,-96,0,11,2,1178297,0,44,0,384,0,"[0,0,0,0,0,0,0,0,0,0,0,0,6,-5,6,-5,6,-5,7,-5,7,-5,7,-5,7,-6,7,-5,7,-6,7,-6,8,-6,7,-6,7,-6,7,-6,7,-6,7,-7,7,-7,6,-6,6,-7,6,-7,6,-7,6,-7,6,-7,6,-8,6,-7,6,-7,0,0,5,-8,6,-8,5,-8,5,-8,5,-7,5,-7,5,-7,5,-7,4,-7,5,-7,5,-6,5,-6,4,-6,4,-6,5,-5,5,-5,4,-5,4,-4,4,-4,4,-4,4,-3,4,-3,4,-3,4,-2,4,-2,3,-1,0,0,0,0,0,0,0,0,0,0,0,0,0,0,-37,-13,-37,-13,-40,-17,-36,-13,-35,-23,-41,-21,-40,-24,-42,-23,-46,-20,-47,-21,-42,-23,-43,-16,-54,-26,-46,-22,-48,-20,-51,-16,-52,-25,-45,-19,-45,-18,-49,-22,-59,-19,-55,-12,-52,-13,-47,-20,-47,-12,-51,-19,-51,-13,-51,-11,-50,-11,-54,-14,-49,-15,-54,-14,-46,-10,-50,-11,-50,-4,-46,-9,-46,-11,-40,-9,-42,-8,-43,-9,-46,-11,-42,-11,-44,-12,-39,-13,-34,-14,-37,-13,-34,-14,-36,-9,-33,-18,-29,-13,-28,-15,-27,-17,-25,-18,-22,-14,-20,-17,-18,-16,-8,-19,0,0,0,0,0,0,0,0,0,0,0,0,0,0,0,0,0,0,0,0,0,0,-3,45,-4,42,-4,43,-2,49,-9,52,-12,53,-10,51,-14,59,-15,66,-21,54,-25,61,-22,62,-20,73,-22,68,-33,68,-30,70,-34,74,-35,74,-34,68,-38,64,-46,66,-46,67,-48,63,-47,61,-47,57,-43,62,-49,53,-53,52,-48,49,-46,53,-40,43,-49,45,-41,36,-38,35,-42,35,-36,32,-34,31,-32,26,-24,22,-29,26,-23,20,-21,21,-24,20,-22,12,-20,12,-17,13,-17,8,-13,0,-15,3,-10,-6,-12,-9,-9,-13,-6,-11,-4,-19,-3,-24,1,-24,-4,-28,0,0]"
CSI_DATA,70,1a:00:00:00:00:00,-38,11,1,0,1,1,1,0,0,0,1,-96,0,11,2,1189029,0,44,0,384,0,"[0,0,0,0,0,0,0,0,0,0,0,0,-7,-5,-8,-5,-8,-5,-8,-5,-8,-6,-8,-6,-8,-6,-8,-6,-8,-6,-8,-5,-8,-6,-9,-5,-8,-6,-9,-5,-8,-5,-10,-5,-9,-5,-9,-5,-8,-5,-9,-5,-8,-5,-9,-5,-8,-5,-10,-4,-9,-4,-9,-4,0,0,-9,-4,-9,-4,-9,-4,-9,-3,-8,-4,-8,-4,-8,-4,-8,-4,-8,-4,-8,-4,-8,-4,-7,-4,-7,-4,-7,-4,-7,-4,-7,-4,-6,-4,-6,-4,-5,-4,-5,-4,-4,-4,-4,-4,-4,-4,-3,-4,-3,-4,-2,-4,0,0,0,0,0,0,0,0,0,0,0,0,0,0,4,35,7,37,12,43,4,39,9,48,1,46,2,48,4,53,3,44,6,50,8,50,2,45,8,52,4,51,6,51,4,55,4,57,5,53,2,53,6,51,8,53,7,51,14,53,7,55,12,52,12,52,12,51,14,53,14,51,18,50,14,46,12,52,10,46,14,50,18,42,15,45,13,46,11,49,7,45,13,41,14,36,9,43,7,42,8,39,4,41,3,36,7,36,4,34,4,36,3,33,2,31,-4,31,-6,29,-8,28,-11,21,-9,22,-9,18,0,0,0,0,0,0,0,0,0,0,0,0,0,0,0,0,0,0,0,0,0,0,37,-23,42,-23,42,-19,50,-22,47,-18,54,-16,51,-14,52,-19,55,-24,58,-18,62,-18,62,-19,73,-21,75,-16,73,-10,73,-10,79,-11,73,-5,79,-5,72,3,78,7,83,3,71,9,83,7,79,14,73,4,69,16,69,15,58,19,72,17,52,11,62,19,52,18,49,14,51,18,44,17,43,17,38,14,37,15,34,12,29,14,24,13,25,11,20,8,16,8,17,3,13,12,4,12,5,10,0,12,0,9,-6,8,-13,5,-15,15,-20,15,-23,12,-22,10,0,0]"
CSI_DATA,71,1a:00:00:00:00:00,-38,11,1,0,1,1,1,0,0,0,1,-96,0,11,2,1198917,0,44,0,384,0,"[0,0,0,0,0,0,0,0,0,0,0,0,7,-5,7,-5,7,-5,8,-5,7,-5,8,-5,8,-5,8,-5,8,-5,7,-5,8,-6,8,-6,8,-6,8,-6,8,-6,8,-7,8,-7,7,-6,7,-7,7,-7,7,-6,7,-7,7,-6,7,-8,7,-7,7,-7,0,0,7,-7,7,-8,6,-8,6,-7,6,-7,6,-7,6,-7,6,-6,5,-6,5,-6,6,-6,6,-6,6,-6,6,-5,5,-5,6,-5,5,-5,5,-4,5,-4,5,-3,5,-3,5,-3,5,-2,4,-2,4,-2,4,-1,0,0,0,0,0,0,0,0,0,0,0,0,0,0,-37,-11,-40,-9,-45,-12,-38,-17,-45,-13,-44,-13,-48,-19,-49,-16,-50,-16,-39,-15,-46,-17,-50,-17,-52,-15,-52,-18,-52,-15,-51,-15,-56,-18,-56,-17,-51,-15,-54,-14,-57,-11,-56,-11,-51,-7,-49,-11,-51,-8,-51,-13,-48,-9,-54,-8,-50,-5,-58,-5,-53,-9,-52,-8,-47,-6,-49,-6,-50,-5,-46,-6,-46,-2,-49,-5,-47,-7,-44,-2,-41,-10,-43,-10,-39,-7,-43,-11,-41,-8,-43,-7,-39,-10,-35,-10,-29,-13,-31,-12,-29,-15,-25,-12,-27,-17,-25,-10,-19,-15,-17,-17,-12,-20,0,0,0,0,0,0,0,0,0,0,0,0,0,0,0,0,0,0,0,0,0,0,2,45,1,45,-2,46,0,47,-3,53,-10,53,-4,54,-6,57,-10,66,-12,61,-12,64,-15,66,-15,76,-17,71,-26,71,-26,72,-23,73,-35,73,-29,64,-33,70,-40,71,-42,72,-43,65,-42,66,-46,65,-39,63,-47,57,-46,57,-45,52,-42,52,-38,47,-40,43,-41,41,-35,41,-38,39,-36,36,-31,34,-28,31,-27,25,-26,25,-26,24,-20,22,-23,15,-15,17,-16,13,-24,11,-18,3,-14,4,-13,-5,-13,-4,-12,-7,-9,-10,-9,-13,-3,-18,-5,-24,0,-24,-3,-21,0,0]"
CSI_DATA,72,1a:00:00:00:00:00,-38,11,1,0,1,1,1,0,0,0,1,-96,0,11,2,1207959,0,44,0,384,0,"[0,0,0,0,0,0,0,0,0,0,0,0,6,-5,6,-5,6,-6,7,-6,7,-6,7,-5,7,-6,7,-5,8,-6,7,-6,8,-6,7,-7,7,-6,7,-7,7,-6,7,-7,7,-7,7,-7,6,-7,7,-7,7,-7,7,-7,7,-6,6,-7,6,-8,6,-7,0,0,6,-7,6,-8,6,-8,5,-7,6,-7,6,-7,5,-7,6,-6,5,-7,5,-6,5,-6,5,-6,5,-6,5,-5,5,-5,5,-5,5,-5,5,-4,5,-4,5,-3,5,-3,4,-3,4,-2,4,-2,4,-2,4,-1,0,0,0,0,0,0,0,0,0,0,0,0,0,0,-35,-5,-39,-6,-45,-4,-43,-12,-37,-9,-46,-12,-42,-11,-53,-11,-49,-11,-47,-15,-50,-9,-46,-11,-50,-10,-50,-11,-52,-15,-51,-11,-53,-8,-49,-9,-49,-11,-53,-7,-58,-2,-52,-6,-48,-7,-52,-8,-50,-6,-54,-5,-50,-3,-52,0,-48,-7,-54,-7,-52,-2,-52,-3,-43,-4,-55,-1,-48,3,-48,1,-45,-2,-45,2,-44,-2,-45,-2,-45,-6,-43,-7,-40,-3,-40,0,-40,-3,-39,-4,-38,-3,-35,-4,-32,-6,-29,-7,-33,-10,-28,-14,-27,-9,-23,-14,-22,-16,-22,-13,-18,-16,0,0,0,0,0,0,0,0,0,0,0,0,0,0,0,0,0,0,0,0,0,0,8,42,2,45,3,44,2,45,1,47,-3,55,1,54,-2,52,-4,60,-10,60,-13,66,-9,64,-7,70,-13,67,-16,70,-17,72,-17,77,-24,73,-24,68,-27,71,-30,71,-31,73,-33,69,-35,68,-42,66,-36,62,-41,58,-38,61,-38,53,-37,52,-31,45,-37,49,-34,40,-31,37,-31,41,-29,36,-28,31,-27,31,-23,25,-29,24,-25,22,-21,21,-20,18,-14,18,-21,16,-20,14,-16,8,-16,4,-14,0,-11,-5,-9,-6,-5,-11,-8,-14,-10,-15,-12,-21,-2,-20,-4,-23,0,0]"
CSI_DATA,73,1a:00:00:00:00:00,-38,11,1,0,1,1,1,0,0,0,1,-96,0,11,2,1218655,0,44,0,384,0,"[0,0,0,0,0,0,0,0,0,0,0,0,-9,2,-9,2,-9,2,-9,2,-9,2,-9,1,-9,2,-9,1,-10,2,-9,2,-10,2,-10,3,-10,2,-10,3,-10,2,-10,3,-10,3,-9,3,-9,3,-9,3,-9,2,-9,3,-9,3,-9,4,-10,4,-10,4,0,0,-9,4,-9,4,-9,4,-8,4,-8,3,-9,3,-8,3,-8,3,-8,3,-8,3,-8,3,-8,3,-8,3,-7,2,-7,2,-8,2,-7,2,-7,1,-6,1,-6,1,-6,0,-6,0,-5,-1,-5,-1,-5,-1,-5,-2,0,0,0,0,0,0,0,0,0,0,0,0,0,0,33,16,33,17,39,18,33,23,39,20,34,22,43,22,43,30,42,25,39,27,42,23,41,27,43,27,45,31,42,35,46,25,50,31,44,25,42,22,46,23,53,22,47,21,48,21,46,24,45,23,49,25,45,21,51,20,44,24,52,18,50,19,49,21,46,23,49,16,45,8,42,18,41,14,41,13,38,21,40,13,42,14,37,18,39,19,37,19,34,19,37,22,35,20,27,15,28,18,25,19,23,13,22,20,20,21,16,22,12,19,9,20,12,19,0,0,0,0,0,0,0,0,0,0,0,0,0,0,0,0,0,0,0,0,0,0,0,-47,6,-44,9,-45,4,-52,14,-54,15,-51,12,-50,14,-58,11,-62,19,-59,21,-67,21,-64,24,-70,29,-68,35,-64,33,-67,35,-72,40,-63,43,-66,44,-65,47,-64,54,-60,53,-60,54,-58,55,-57,50,-59,49,-51,52,-52,52,-45,51,-46,42,-37,48,-38,45,-39,43,-31,41,-30,34,-34,33,-25,35,-28,32,-24,27,-18,26,-16,24,-17,27,-15,20,-11,17,-9,22,-8,15,-5,10,-3,11,2,15,4,8,8,7,10,3,15,0,16,-4,22,-6,25,-4,26,0,0]"
CSI_DATA,74,1a:00:00:00:00:00,-38,11,1,0,1,1,1,0,0,0,1,-96,0,11,2,1227965,0,44,0,384,0,"[0,0,0,0,0,0,0,0,0,0,0,0,-8,-1,-8,0,-9,0,-9,-1,-9,-1,-9,-1,-9,-1,-10,-1,-10,-1,-9,-1,-10,0,-10,0,-10,0,-10,0,-9,0,-10,1,-10,1,-10,1,-9,1,-10,1,-10,0,-10,1,-9,1,-10,2,-10,1,-10,1,0,0,-9,2,-10,2,-9,2,-9,2,-9,1,-9,1,-9,2,-8,1,-8,1,-8,1,-8,1,-8,1,-8,1,-7,1,-8,0,-8,0,-7,0,-7,0,-6,-1,-6,-1,-6,-1,-6,-1,-5,-1,-5,-2,-5,-2,-4,-2,0,0,0,0,0,0,0,0,0,0,0,0,0,0,25,19,24,26,36,30,29,29,31,32,30,28,28,33,36,37,34,32,37,36,32,33,33,36,32,39,37,37,35,39,43,34,42,37,45,34,34,40,38,36,43,38,41,32,33,34,31,34,37,36,36,37,39,30,43,30,39,30,47,29,41,27,39,33,38,30,41,30,39,28,37,29,35,28,37,27,29,33,34,24,34,23,32,21,29,26,28,28,26,29,31,26,28,26,22,26,21,27,16,25,23,26,14,23,10,28,11,25,13,20,3,24,2,20,0,0,0,0,0,0,0,0,0,0,0,0,0,0,0,0,0,0,0,0,0,0,11,-41,14,-45,13,-39,15,-48,22,-45,23,-46,22,-48,27,-49,28,-58,30,-55,34,-57,35,-57,35,-57,39,-60,48,-55,48,-53,50,-61,51,-57,53,-52,60,-51,59,-46,67,-55,59,-46,58,-53,64,-40,60,-46,63,-37,62,-36,61,-29,62,-32,48,-23,53,-23,49,-24,44,-23,48,-18,39,-17,40,-17,41,-18,36,-18,35,-14,35,-13,24,-10,23,-11,21,-3,19,-4,19,-8,17,-2,14,5,14,8,4,5,5,12,1,12,0,22,-2,15,-6,21,-7,21,-7,19,0,0]"
CSI_DATA,75,1a:00:00:00:00:00,-38,11,1,0,1,1,1,0,0,0,1,-96,0,11,2,1247965,0,44,0,384,0,"[0,0,0,0,0,0,0,0,0,0,0,0,7,3,7,3,7,3,7,4,7,4,7,4,8,4,7,4,8,4,7,4,8,4,8,4,8,4,8,3,8,4,9,3,9,3,8,3,8,2,8,2,8,2,8,2,8,2,9,2,8,2,9,2,0,0,9,2,9,2,9,1,9,1,8,2,8,1,8,1,7,1,8,1,7,1,7,2,7,2,7,2,6,2,6,2,6,2,6,2,6,2,5,2,5,2,4,2,4,2,3,2,3,3,3,3,2,2,0,0,0,0,0,0,0,0,0,0,0,0,0,0,-26,-32,-26,-35,-28,-40,-21,-37,-26,-33,-23,-36,-24,-47,-31,-44,-28,-41,-23,-45,-28,-44,-25,-45,-28,-46,-19,-46,-29,-50,-31,-45,-28,-50,-29,-47,-27,-44,-36,-41,-38,-48,-31,-39,-37,-41,-33,-42,-32,-41,-35,-40,-30,-40,-37,-41,-33,-43,-38,-39,-33,-38,-38,-38,-33,-36,-39,-40,-40,-31,-34,-39,-34,-36,-36,-36,-28,-36,-33,-28,-28,-29,-31,-31,-25,-36,-27,-31,-25,-31,-26,-30,-25,-28,-21,-32,-22,-32,-18,-28,-15,-27,-18,-29,-16,-24,-7,-28,-7,-26,-6,-23,1,-25,0,0,0,0,0,0,0,0,0,0,0,0,0,0,0,0,0,0,0,0,0,0,-34,31,-35,33,-33,29,-38,34,-38,29,-45,32,-43,33,-48,32,-53,36,-56,30,-64,31,-62,35,-65,37,-59,34,-70,26,-70,27,-73,37,-71,22,-78,24,-76,23,-81,17,-81,20,-75,14,-81,14,-79,8,-75,17,-69,5,-75,9,-65,4,-69,7,-59,1,-62,1,-59,2,-55,-2,-53,-1,-47,0,-42,1,-39,5,-40,-2,-37,-7,-32,-4,-32,-3,-26,-4,-24,-2,-18,-4,-20,5,-14,-4,-12,-4,-10,-6,-6,-13,-6,-13,-2,-18,1,-17,5,-16,12,-17,7,-25,13,-23,0,0]"
CSI_DATA,76,1a:00:00:00:00:00,-38,11,1,0,1,1,1,0,0,0,1,-96,0,11,2,1257961,0,44,0,384,0,"[0,0,0,0,0,0,0,0,0,0,0,0,3,-7,4,-8,4,-8,4,-8,4,-8,4,-8,4,-8,4,-8,5,-8,4,-8,4,-9,4,-9,4,-9,4,-9,4,-8,4,-10,3,-9,3,-9,3,-9,3,-9,3,-9,3,-9,3,-9,3,-10,3,-10,3,-10,0,0,2,-9,2,-9,2,-10,2,-9,2,-8,2,-9,2,-8,2,-8,2,-8,2,-8,2,-8,2,-8,2,-7,2,-7,2,-7,2,-7,3,-6,2,-6,3,-6,3,-5,3,-5,3,-5,3,-4,3,-4,3,-3,3,-3,0,0,0,0,0,0,0,0,0,0,0,0,0,0,-37,9,-40,9,-36,15,-41,10,-46,9,-48,6,-43,10,-54,12,-49,11,-50,9,-50,9,-48,7,-57,8,-53,6,-54,11,-53,14,-55,15,-50,10,-53,14,-54,13,-57,18,-53,11,-45,17,-50,11,-49,15,-54,17,-47,13,-51,19,-49,16,-54,22,-50,19,-48,14,-46,19,-50,18,-47,20,-44,19,-43,19,-39,19,-39,14,-42,18,-44,17,-41,12,-39,11,-41,13,-40,15,-37,8,-39,8,-40,10,-32,4,-31,0,-35,0,-31,-2,-30,0,-26,-1,-24,-1,-24,-5,-24,-10,0,0,0,0,0,0,0,0,0,0,0,0,0,0,0,0,0,0,0,0,0,0,26,33,25,34,28,40,28,40,23,44,23,45,22,49,25,52,29,58,27,56,24,60,28,63,29,64,24,66,17,76,21,78,20,79,11,76,11,70,10,73,2,80,1,85,3,80,4,77,2,81,5,78,-9,72,-7,72,-11,65,-7,67,-8,59,-8,60,-10,56,-8,52,-12,51,-7,48,-13,42,-8,41,-6,34,-9,37,-10,30,-11,29,-10,27,-5,18,-9,18,-3,23,-9,14,-13,15,-11,7,-10,4,-11,-4,-11,-4,-14,-7,-10,-10,-13,-16,-16,-19,-14,-26,0,0]"
CSI_DATA,77,1a:00:00:00:00:00,-38,11,1,0,1,1,1,0,0,0,1,-96,0,11,2,1268573,0,44,0,384,0,"[0,0,0,0,0,0,0,0,0,0,0,0,7,3,6,3,7,3,7,4,7,4,7,4,7,4,7,4,7,4,7,4,8,4,8,4,8,4,8,3,8,4,9,3,8,3,8,3,8,3,8,3,8,3,8,3,8,3,9,2,9,2,9,2,0,0,8,2,8,3,9,2,8,2,7,2,8,2,7,2,7,2,7,2,7,2,7,2,7,2,6,2,6,2,6,3,6,3,6,2,5,2,5,3,4,2,4,3,4,3,3,3,3,3,2,3,2,3,0,0,0,0,0,0,0,0,0,0,0,0,0,0,-6,-34,-9,-39,-4,-40,-4,-42,-9,-44,-2,-45,-6,-48,-2,-46,-6,-42,-4,-46,-4,-45,-10,-50,-8,-56,-8,-58,-7,-48,-9,-53,-11,-57,-11,-53,-10,-55,-9,-51,-16,-56,-15,-51,-15,-51,-13,-49,-9,-49,-9,-53,-11,-52,-20,-55,-11,-52,-19,-45,-19,-46,-16,-44,-13,-47,-15,-49,-18,-43,-13,-47,-13,-44,-14,-46,-11,-41,-17,-39,-21,-38,-8,-37,-10,-40,-8,-41,-8,-39,-8,-37,-11,-34,-8,-36,-4,-35,-2,-29,2,-33,-2,-33,1,-31,6,-27,2,-25,4,-22,7,-20,0,0,0,0,0,0,0,0,0,0,0,0,0,0,0,0,0,0,0,0,0,0,-40,20,-43,19,-48,14,-49,19,-47,14,-50,12,-51,13,-54,12,-58,15,-61,16,-64,18,-63,16,-72,20,-72,15,-72,4,-78,5,-80,10,-74,2,-77,-2,-77,-9,-76,-7,-88,-13,-74,-4,-78,-6,-81,-12,-80,-8,-65,-14,-69,-17,-65,-21,-68,-15,-56,-16,-57,-20,-54,-25,-46,-19,-49,-23,-43,-17,-40,-17,-40,-12,-39,-17,-37,-14,-29,-12,-25,-11,-23,-15,-20,-11,-16,-13,-15,-10,-16,-10,-8,-11,-5,-12,0,-13,1,-15,8,-15,8,-10,14,-15,17,-11,17,-15,23,-13,0,0]"
CSI_DATA,78,1a:00:00:00:00:00,-38,11,1,0,1,1,1,0,0,0,1,-96,0,11,2,1278008,0,44,0,384,0,"[0,0,0,0,0,0,0,0,0,0,0,0,-6,-6,-7,-6,-7,-6,-7,-7,-7,-7,-6,-7,-7,-7,-7,-7,-7,-7,-7,-7,-8,-8,-8,-7,-8,-7,-8,-7,-8,-7,-8,-7,-9,-7,-8,-6,-8,-6,-8,-6,-7,-6,-8,-6,-8,-6,-9,-6,-9,-6,-9,-6,0,0,-9,-5,-9,-6,-9,-5,-9,-5,-8,-5,-8,-5,-8,-5,-8,-5,-8,-5,-8,-5,-8,-5,-7,-5,-7,-5,-7,-5,-6,-5,-6,-5,-6,-5,-5,-5,-5,-5,-5,-5,-4,-5,-4,-5,-3,-5,-3,-5,-2,-4,-2,-4,0,0,0,0,0,0,0,0,0,0,0,0,0,0,0,43,1,44,6,36,-1,40,1,46,-2,47,0,44,-3,47,-4,48,-5,52,-4,43,-5,45,-5,50,1,49,-4,51,1,53,-2,55,0,52,1,51,3,54,7,55,4,51,4,47,6,45,3,50,5,53,5,50,9,48,8,51,8,53,7,48,5,49,9,49,10,53,10,45,3,47,10,46,8,47,4,47,6,45,5,40,5,38,5,41,-1,42,4,40,2,35,-2,38,2,36,2,33,-3,33,-7,31,-6,29,-4,25,-8,26,-8,22,-9,22,-13,22,0,0,0,0,0,0,0,0,0,0,0,0,0,0,0,0,0,0,0,0,0,0,40,-14,45,-13,42,-13,47,-16,46,-14,53,-10,50,-12,57,-8,60,-17,63,-10,69,-6,65,-9,74,-9,69,-4,74,0,73,0,79,-1,74,8,74,8,76,10,73,18,80,19,71,20,74,17,78,19,69,17,62,26,65,25,59,23,65,22,50,22,52,25,52,23,46,19,44,23,40,19,37,19,37,20,32,22,31,14,30,17,28,13,21,14,19,13,19,11,7,12,5,11,3,10,1,13,3,10,0,8,-8,12,-13,9,-13,7,-19,4,-25,8,-25,8,0,0]"
CSI_DATA,79,1a:00:00:00:00:00,-38,11,1,0,1,1,1,0,0,0,1,-96,0,11,2,1288227,0,44,0,384,0,"[0,0,0,0,0,0,0,0,0,0,0,0,-3,7,-3,8,-2,8,-3,8,-3,8,-3,7,-3,8,-3,8,-3,8,-3,8,-3,9,-3,9,-3,9,-3,9,-3,8,-2,9,-2,9,-2,9,-1,9,-2,9,-1,9,-1,9,-2,8,-1,9,-1,9,-1,9,0,0,-1,9,-1,9,0,9,0,8,-1,8,-1,8,-1,8,-1,8,0,8,-1,7,-1,8,-1,7,-1,7,-1,7,-1,7,-1,6,-1,6,-1,6,-2,5,-2,5,-2,5,-2,4,-3,4,-3,4,-3,3,-3,3,0,0,0,0,0,0,0,0,0,0,0,0,0,0,32,-22,35,-23,34,-23,38,-21,39,-25,38,-19,44,-24,48,-26,42,-24,45,-20,43,-26,42,-25,46,-29,47,-23,40,-25,42,-30,47,-29,46,-27,47,-32,44,-28,49,-35,45,-28,37,-33,43,-33,38,-32,44,-32,38,-30,37,-30,39,-31,40,-35,42,-33,41,-31,34,-29,35,-31,35,-30,35,-28,34,-35,31,-35,32,-30,31,-31,33,-26,36,-26,32,-26,34,-24,31,-27,32,-21,30,-22,28,-23,31,-18,26,-14,27,-13,30,-14,25,-11,25,-8,23,-6,24,-6,21,1,0,0,0,0,0,0,0,0,0,0,0,0,0,0,0,0,0,0,0,0,0,0,-31,-31,-31,-36,-30,-32,-33,-37,-31,-35,-32,-45,-31,-44,-29,-47,-39,-50,-36,-52,-36,-52,-34,-59,-41,-61,-35,-63,-33,-69,-29,-69,-29,-71,-27,-71,-27,-70,-21,-74,-19,-71,-22,-76,-21,-70,-20,-74,-10,-76,-18,-76,-7,-74,-9,-73,-9,-65,-8,-66,-3,-57,-6,-62,-5,-54,-5,-56,0,-54,-8,-47,-1,-41,2,-40,-1,-37,0,-36,-2,-34,2,-31,2,-26,1,-23,5,-23,4,-12,1,-17,4,-18,7,-5,9,-5,6,-4,11,1,16,8,11,5,19,8,21,12,17,20,0,0]"
CSI_DATA,80,1a:00:00:00:00:00,-38,11,1,0,1,1,1,0,0,0,1,-96,0,11,2,1298923,0,44,0,384,0,"[0,0,0,0,0,0,0,0,0,0,0,0,5,-6,5,-7,5,-7,6,-7,6,-7,6,-7,6,-8,6,-7,6,-7,6,-7,7,-8,6,-8,6,-8,6,-8,6,-8,6,-9,5,-8,5,-8,5,-8,5,-8,5,-8,5,-9,5,-8,5,-9,5,-9,5,-9,0,0,4,-9,4,-9,4,-9,4,-9,4,-8,4,-8,4,-8,4,-8,3,-8,4,-7,4,-8,4,-7,4,-7,4,-7,4,-6,4,-6,4,-6,4,-6,4,-5,4,-5,4,-4,4,-4,4,-4,4,-3,4,-3,3,-2,0,0,0,0,0,0,0,0,0,0,0,0,0,0,-40,6,-42,-1,-40,4,-44,-1,-41,3,-48,-4,-48,-3,-53,-3,-51,-2,-51,-13,-52,-4,-50,-4,-57,0,-54,-2,-55,-7,-54,1,-61,1,-51,-2,-50,0,-55,3,-61,3,-57,3,-52,7,-51,9,-48,6,-56,9,-56,4,-53,9,-52,7,-55,11,-54,2,-60,6,-48,10,-51,10,-47,11,-45,5,-49,10,-44,9,-42,6,-43,8,-49,7,-45,3,-47,7,-40,6,-45,4,-40,3,-42,1,-41,2,-32,-3,-35,-6,-35,-4,-31,-5,-30,-3,-26,-12,-27,-5,-23,-11,-19,-15,0,0,0,0,0,0,0,0,0,0,0,0,0,0,0,0,0,0,0,0,0,0,17,42,14,47,8,47,15,50,7,47,4,51,7,54,7,59,8,62,0,68,5,71,-2,70,5,74,0,70,-8,74,-7,70,-2,84,-11,76,-7,74,-16,75,-20,74,-20,80,-27,76,-21,80,-28,77,-24,75,-32,65,-25,64,-28,59,-24,60,-21,53,-27,59,-25,55,-24,44,-25,44,-27,43,-21,35,-20,38,-19,31,-20,32,-20,27,-18,24,-17,19,-15,18,-15,12,-18,10,-16,10,-13,8,-14,6,-12,-3,-10,-2,-9,-8,-10,-9,-8,-14,-13,-19,-8,-28,-10,-30,0,0]"
CSI_DATA,81,1a:00:00:00:00:00,-38,11,1,0,1,1,1,0,0,0,1,-96,0,11,2,1309649,0,44,0,384,0,"[0,0,0,0,0,0,0,0,0,0,0,0,-8,-4,-8,-4,-9,-4,-9,-4,-9,-4,-8,-4,-9,-4,-9,-4,-9,-4,-9,-4,-10,-4,-10,-4,-10,-4,-10,-4,-9,-4,-10,-3,-10,-3,-10,-3,-9,-3,-10,-3,-10,-3,-10,-3,-9,-3,-10,-2,-10,-3,-10,-2,0,0,-10,-2,-10,-2,-10,-2,-10,-1,-9,-2,-9,-2,-9,-2,-9,-2,-9,-2,-9,-2,-9,-2,-8,-2,-8,-2,-8,-2,-8,-3,-7,-2,-7,-2,-6,-3,-6,-3,-6,-3,-5,-3,-5,-3,-5,-3,-4,-3,-4,-4,-3,-4,0,0,0,0,0,0,0,0,0,0,0,0,0,0,18,35,19,41,21,38,15,35,22,41,19,41,23,43,18,44,26,46,19,45,21,44,20,42,26,52,27,45,22,44,22,49,28,53,22,50,23,44,27,44,34,46,25,44,27,42,24,46,25,40,28,47,29,40,31,42,30,48,33,40,30,37,31,42,25,40,35,46,33,35,32,37,28,36,28,37,26,38,31,31,32,35,28,33,23,34,22,40,24,36,25,34,21,32,22,31,16,30,14,29,12,25,13,29,8,26,2,27,7,23,2,26,0,25,0,0,0,0,0,0,0,0,0,0,0,0,0,0,0,0,0,0,0,0,0,0,33,-32,35,-32,35,-26,35,-29,43,-29,42,-23,47,-26,49,-31,56,-36,54,-31,60,-28,59,-31,66,-37,69,-27,73,-20,70,-29,71,-30,72,-23,73,-23,79,-16,78,-12,86,-12,75,-11,81,-11,82,-3,73,-11,72,0,73,-3,70,-1,66,-1,54,1,61,2,59,2,51,1,55,4,46,-1,44,1,44,0,37,5,38,4,36,1,27,3,24,6,23,0,19,-3,18,6,17,9,9,10,10,8,7,12,1,15,-4,16,-4,12,-6,15,-18,16,-17,17,-18,19,0,0]"
CSI_DATA,82,1a:00:00:00:00:00,-38,11,1,0,1,1,1,0,0,0,1,-96,0,11,2,1347950,0,44,0,384,0,"[0,0,0,0,0,0,0,0,0,0,0,0,8,0,8,0,8,0,9,1,9,1,8,1,9,1,9,1,9,1,9,0,9,1,9,0,9,1,9,0,9,0,10,0,9,-1,9,-1,8,-1,9,-1,9,-1,9,-1,9,-1,9,-2,9,-1,9,-1,0,0,9,-2,9,-2,9,-2,9,-2,8,-1,8,-2,8,-2,8,-2,8,-2,8,-1,8,-1,7,-1,7,-1,7,-1,7,-1,7,-1,7,-1,6,0,6,0,5,0,5,1,5,1,5,1,4,1,4,1,3,2,0,0,0,0,0,0,0,0,0,0,0,0,0,0,-29,-29,-30,-30,-33,-34,-31,-31,-36,-35,-34,-32,-31,-37,-36,-41,-33,-37,-32,-37,-33,-45,-32,-40,-39,-44,-36,-44,-35,-42,-38,-34,-42,-43,-38,-39,-36,-41,-39,-38,-40,-41,-40,-37,-38,-36,-34,-39,-37,-35,-37,-40,-39,-39,-47,-31,-42,-33,-43,-29,-45,-33,-37,-37,-40,-31,-39,-30,-41,-26,-40,-31,-33,-32,-33,-29,-32,-30,-38,-26,-38,-25,-33,-27,-31,-26,-30,-26,-26,-29,-29,-27,-24,-28,-25,-36,-22,-28,-22,-26,-19,-28,-17,-28,-12,-28,-10,-28,-13,-23,-6,-21,-5,-23,0,0,0,0,0,0,0,0,0,0,0,0,0,0,0,0,0,0,0,0,0,0,-18,42,-19,41,-21,36,-25,43,-28,46,-31,46,-30,44,-35,44,-38,51,-39,53,-44,51,-43,55,-45,60,-48,53,-56,47,-57,51,-59,59,-62,49,-61,47,-68,41,-69,42,-77,42,-71,44,-70,42,-69,37,-63,42,-64,29,-65,31,-63,25,-59,29,-56,19,-58,25,-55,13,-52,13,-53,11,-43,13,-45,12,-40,11,-36,8,-36,9,-35,6,-32,6,-29,7,-24,2,-15,3,-22,1,-20,4,-10,-6,-14,-10,-9,-9,-8,-14,-1,-14,4,-19,6,-16,7,-23,10,-22,14,-27,0,0]"
CSI_DATA,83,1a:00:00:00:00:00,-38,11,1,0,1,1,1,0,0,0,1,-96,0,11,2,1377951,0,44,0,384,0,"[0,0,0,0,0,0,0,0,0,0,0,0,-8,2,-8,2,-8,2,-9,2,-9,1,-9,1,-9,2,-9,2,-9,2,-9,2,-9,2,-9,3,-9,2,-9,2,-9,2,-9,3,-9,3,-9,3,-8,3,-8,3,-8,3,-9,3,-8,3,-9,4,-9,4,-9,4,0,0,-8,4,-9,4,-8,4,-8,4,-8,4,-8,4,-8,4,-7,4,-7,4,-7,3,-8,3,-7,3,-7,3,-7,3,-7,2,-7,2,-7,2,-6,2,-6,1,-6,1,-6,1,-5,0,-5,0,-5,0,-5,-1,-4,-1,0,0,0,0,0,0,0,0,0,0,0,0,0,0,29,18,36,18,36,15,34,20,40,22,38,21,35,25,41,24,41,18,40,27,43,29,41,21,46,26,41,24,44,23,48,24,49,25,47,20,47,24,51,19,49,21,49,17,48,15,46,21,43,16,46,21,44,16,47,17,45,18,56,16,49,11,49,15,40,16,46,13,47,9,42,12,44,16,43,16,43,14,46,9,43,12,39,14,38,11,39,14,39,14,32,11,35,17,32,16,30,15,29,15,31,16,26,18,18,18,20,15,18,17,19,14,12,21,0,0,0,0,0,0,0,0,0,0,0,0,0,0,0,0,0,0,0,0,0,0,7,-43,10,-41,13,-42,17,-49,18,-45,18,-49,23,-47,24,-52,27,-58,26,-52,26,-60,31,-59,30,-67,41,-64,44,-60,46,-54,46,-63,44,-61,49,-53,54,-52,50,-55,61,-54,52,-48,53,-54,56,-46,55,-54,58,-42,60,-41,54,-36,54,-36,42,-34,49,-36,45,-26,42,-28,45,-25,40,-29,37,-18,38,-23,32,-21,33,-17,32,-12,24,-14,20,-14,21,-10,21,-10,10,-8,12,-6,13,3,15,2,11,5,12,7,3,11,4,17,-1,15,-2,21,-7,28,-4,27,0,0]"
CSI_DATA,84,1a:00:00:00:00:00,-38,11,1,0,1,1,1,0,0,0,1,-96,0,11,2,1387966,0,44,0,384,0,"[0,0,0,0,0,0,0,0,0,0,0,0,-4,7,-4,7,-4,8,-5,8,-5,8,-5,8,-5,8,-5,8,-5,8,-4,8,-5,8,-5,9,-5,9,-5,8,-5,9,-4,9,-4,9,-4,9,-3,8,-3,9,-4,9,-3,9,-4,8,-3,9,-3,9,-3,9,0,0,-2,9,-3,9,-3,9,-2,9,-3,8,-3,8,-3,8,-3,8,-2,8,-3,8,-3,8,-3,7,-3,7,-3,7,-3,6,-3,7,-3,6,-3,6,-3,5,-3,5,-4,4,-4,4,-4,4,-4,3,-4,3,-4,2,0,0,0,0,0,0,0,0,0,0,0,0,0,0,31,-21,35,-16,35,-22,38,-18,40,-24,40,-20,37,-21,42,-24,42,-20,47,-18,39,-20,40,-24,50,-21,46,-21,42,-23,44,-29,49,-28,44,-29,42,-23,48,-30,47,-31,46,-35,34,-30,44,-29,41,-27,42,-26,40,-31,40,-37,36,-35,36,-28,36,-30,39,-34,37,-35,32,-35,31,-33,33,-31,33,-32,31,-34,35,-31,33,-28,34,-32,30,-28,32,-27,35,-29,29,-25,34,-24,30,-19,32,-23,28,-17,29,-17,30,-15,29,-9,25,-10,23,-10,24,-5,21,-5,21,0,0,0,0,0,0,0,0,0,0,0,0,0,0,0,0,0,0,0,0,0,0,0,-30,-34,-25,-33,-28,-38,-30,-38,-29,-42,-31,-44,-29,-47,-28,-46,-33,-55,-27,-58,-24,-57,-27,-59,-37,-67,-28,-67,-22,-65,-28,-71,-30,-75,-21,-75,-27,-71,-16,-72,-15,-74,-13,-75,-11,-78,-12,-78,-8,-78,-15,-73,-2,-73,-2,-69,0,-66,-6,-67,-3,-59,3,-59,0,-56,2,-53,6,-51,4,-48,8,-47,3,-44,2,-37,1,-35,3,-32,-1,-33,3,-27,4,-24,2,-23,5,-10,5,-14,8,-13,7,-8,9,0,9,-3,10,1,13,4,15,2,17,12,18,22,19,18,0,0]"
CSI_DATA,85,1a:00:00:00:00:00,-38,11,1,0,1,1,1,0,0,0,1,-96,0,11,2,1419566,0,44,0,384,0,"[0,0,0,0,0,0,0,0,0,0,0,0,6,5,6,5,6,5,7,6,6,6,6,6,6,6,6,6,6,6,6,6,7,6,7,6,7,6,7,6,7,6,8,5,8,5,7,5,8,5,8,5,7,5,7,5,7,5,8,5,8,5,8,5,0,0,8,4,8,4,8,4,8,4,7,4,7,4,7,4,7,4,7,3,7,4,7,4,6,4,6,4,6,4,5,4,6,4,5,4,5,4,4,4,4,4,3,4,3,4,2,4,2,4,2,4,1,3,0,0,0,0,0,0,0,0,0,0,0,0,0,0,-3,-43,-2,-41,-7,-40,1,-47,-4,-46,-6,-44,2,-46,-2,-49,-5,-49,1,-46,-1,-48,-4,-50,-1,-60,-2,-50,-1,-53,-4,-60,-4,-61,-14,-53,-4,-52,-6,-50,-9,-59,-4,-50,-16,-47,-5,-51,-8,-53,-4,-57,-12,-51,-17,-56,-11,-49,-17,-55,-12,-48,-15,-49,-9,-48,-11,-55,-13,-44,-9,-48,-9,-51,-9,-44,-7,-46,-16,-37,-12,-42,-8,-40,-11,-46,-12,-43,-4,-43,-6,-40,-6,-42,-7,-40,-4,-33,1,-34,2,-33,-1,-26,1,-29,3,-28,8,-25,6,-23,6,-18,0,0,0,0,0,0,0,0,0,0,0,0,0,0,0,0,0,0,0,0,0,0,-43,16,-49,14,-45,14,-50,11,-52,14,-55,8,-55,9,-56,7,-69,9,-65,5,-69,10,-65,7,-77,12,-73,5,-74,-3,-78,-5,-81,-2,-76,-6,-77,-8,-82,-17,-84,-20,-84,-19,-77,-11,-78,-21,-76,-19,-72,-17,-69,-27,-64,-23,-64,-26,-65,-21,-56,-18,-57,-24,-51,-29,-49,-21,-48,-23,-43,-25,-37,-18,-37,-15,-33,-12,-33,-17,-28,-18,-28,-17,-18,-12,-25,-15,-13,-13,-10,-11,-7,-13,-2,-10,-8,-10,-2,-8,-1,-2,8,-10,14,-8,15,-11,18,-20,21,-10,21,0,0,0]"
CSI_DATA,86,1a:00:00:00:00:00,-38,11,1,0,1,1,1,0,0,0,1,-96,0,11,2,1428282,0,44,0,384,0,"[0,0,0,0,0,0,0,0,0,0,0,0,3,-8,3,-9,3,-9,3,-9,3,-9,3,-9,3,-9,3,-9,4,-9,3,-9,4,-10,3,-10,3,-10,3,-10,3,-10,3,-10,3,-10,2,-10,2,-10,2,-10,2,-10,2,-10,2,-10,1,-11,1,-10,1,-10,0,0,1,-10,2,-10,1,-11,1,-10,1,-9,1,-10,1,-9,1,-9,1,-9,1,-9,1,-9,2,-8,1,-8,2,-8,2,-7,1,-8,2,-7,2,-7,2,-6,2,-6,2,-6,3,-5,3,-5,3,-4,3,-4,3,-3,0,0,0,0,0,0,0,0,0,0,0,0,0,0,-29,13,-33,13,-39,12,-43,12,-43,18,-43,8,-42,11,-49,11,-45,14,-48,5,-46,13,-48,15,-54,15,-51,14,-48,15,-50,20,-54,21,-51,22,-47,17,-42,17,-54,25,-48,17,-44,25,-45,22,-43,20,-46,25,-44,21,-42,31,-45,19,-46,25,-42,27,-43,27,-39,22,-41,24,-39,22,-41,24,-37,31,-35,31,-39,24,-35,25,-37,22,-39,19,-35,19,-40,20,-37,18,-34,14,-35,16,-33,16,-33,12,-27,7,-32,9,-32,5,-28,8,-24,4,-23,1,-24,0,-23,-2,0,0,0,0,0,0,0,0,0,0,0,0,0,0,0,0,0,0,0,0,0,0,20,38,18,39,16,40,19,42,20,47,17,48,23,50,17,50,19,61,20,58,17,64,18,64,19,70,13,68,4,74,10,70,17,77,7,77,11,70,3,73,-4,75,1,81,-2,77,-4,76,-6,77,-7,73,-11,70,-10,68,-11,63,-8,65,-10,55,-11,58,-9,54,-9,50,-9,49,-7,45,-13,41,-11,40,-10,35,-8,34,-11,31,-6,29,-9,26,-3,22,-10,15,-1,17,-10,11,-12,9,-10,7,-11,4,-12,0,-16,-6,-16,-9,-12,-16,-15,-18,-10,-18,-14,-21,0,0]"
CSI_DATA,87,1a:00:00:00:00:00,-38,11,1,0,1,1,1,0,0,0,1,-96,0,11,2,1437973,0,44,0,384,0,"[0,0,0,0,0,0,0,0,0,0,0,0,-7,5,-7,5,-7,5,-8,5,-8,5,-8,5,-8,5,-8,5,-8,5,-8,5,-8,6,-8,6,-8,6,-8,6,-8,6,-8,7,-8,7,-7,6,-7,7,-7,7,-7,6,-7,7,-7,6,-7,7,-7,7,-7,7,0,0,-7,7,-7,7,-7,7,-6,7,-6,7,-6,7,-6,6,-6,6,-6,6,-6,6,-6,6,-6,5,-6,5,-6,5,-6,5,-6,5,-6,5,-5,4,-5,3,-5,3,-5,3,-5,2,-5,2,-5,1,-5,1,-5,1,0,0,0,0,0,0,0,0,0,0,0,0,0,0,44,-2,40,5,48,-6,42,1,44,7,49,3,49,6,49,6,49,8,49,9,51,6,47,5,52,8,48,10,50,9,55,0,58,3,50,2,50,8,54,5,58,-2,52,4,50,-3,53,3,49,3,55,3,45,3,52,-5,54,-2,55,-6,49,-2,53,-3,50,-3,50,-8,46,-3,53,-2,47,-5,44,-2,49,0,47,-2,42,-2,44,1,40,-2,38,0,41,2,40,2,43,6,36,2,32,4,32,7,33,6,30,5,28,8,19,9,22,12,22,15,16,17,0,0,0,0,0,0,0,0,0,0,0,0,0,0,0,0,0,0,0,0,0,0,-17,-42,-13,-45,-12,-49,-12,-53,-9,-51,-8,-56,-10,-51,-7,-60,-10,-68,-7,-64,-3,-72,-7,-69,-10,-74,1,-72,6,-78,6,-73,5,-87,12,-72,16,-76,15,-76,18,-77,21,-78,19,-71,23,-75,25,-72,26,-72,29,-66,32,-69,30,-61,27,-63,23,-51,29,-53,28,-52,28,-42,29,-45,24,-43,23,-41,24,-38,19,-34,19,-33,21,-26,17,-26,17,-23,12,-21,10,-17,19,-15,9,-11,11,-6,9,-3,7,0,10,1,10,8,11,10,5,12,7,16,10,20,2,29,0,0]"
CSI_DATA,88,1a:00:00:00:00:00,-38,11,1,0,1,1,1,0,0,0,1,-96,0,11,2,1447966,0,44,0,384,0,"[0,0,0,0,0,0,0,0,0,0,0,0,3,6,4,6,4,6,4,7,4,7,3,7,4,7,4,7,4,7,4,7,4,8,5,7,4,7,5,7,4,7,6,7,5,7,5,6,5,6,6,6,5,6,6,6,5,6,6,6,6,6,6,6,0,0,6,5,6,6,6,6,6,5,5,5,6,5,6,5,5,5,6,5,5,5,5,5,4,5,4,5,4,5,4,5,4,5,4,5,3,4,3,4,3,4,2,4,2,4,1,4,1,4,1,4,0,3,0,0,0,0,0,0,0,0,0,0,0,0,0,0,8,-42,4,-41,4,-45,10,-43,11,-43,9,-44,10,-45,13,-51,9,-45,12,-45,10,-47,6,-51,8,-57,9,-51,7,-54,0,-56,10,-56,5,-52,10,-54,4,-51,0,-59,10,-51,2,-50,0,-52,3,-52,1,-54,4,-49,-4,-57,0,-52,-2,-53,-8,-48,-4,-51,-2,-48,-3,-53,-5,-45,-3,-46,-2,-50,-2,-47,0,-48,-1,-44,0,-42,-3,-41,2,-42,-1,-46,2,-49,4,-42,4,-35,4,-38,2,-33,9,-31,4,-33,3,-31,10,-33,10,-27,9,-26,10,-16,14,-20,0,0,0,0,0,0,0,0,0,0,0,0,0,0,0,0,0,0,0,0,0,0,-44,2,-50,5,-46,6,-51,0,-56,-1,-53,-7,-49,3,-59,-4,-68,-7,-65,-4,-67,-8,-72,-7,-84,-7,-74,-12,-69,-17,-65,-22,-87,-23,-70,-21,-78,-23,-72,-22,-82,-36,-77,-40,-66,-31,-71,-37,-76,-37,-72,-29,-60,-39,-63,-38,-57,-39,-62,-38,-47,-32,-52,-38,-45,-34,-47,-32,-39,-35,-39,-30,-33,-29,-33,-27,-32,-23,-33,-24,-31,-25,-22,-21,-21,-20,-17,-16,-13,-16,-19,-13,-10,-14,-5,-16,-4,-14,-4,-12,5,-13,9,-15,19,-9,14,-6,18,-10,18,-6,19,-3,0,0]"
CSI_DATA,89,1a:00:00:00:00:00,-38,11,1,0,1,1,1,0,0,0,1,-96,0,11,2,1461529,0,44,0,384,0,"[0,0,0,0,0,0,0,0,0,0,0,0,4,6,4,6,5,6,5,7,4,7,4,7,5,7,4,7,4,7,5,7,5,7,6,7,5,7,5,7,5,7,6,7,6,6,6,6,6,6,6,6,5,6,6,6,6,6,7,6,6,6,7,5,0,0,7,5,7,6,7,6,7,5,6,5,6,5,6,5,5,5,6,5,6,5,6,5,5,5,5,4,5,4,4,5,4,5,4,4,4,4,3,4,3,4,3,4,2,4,2,4,2,4,1,4,0,3,0,0,0,0,0,0,0,0,0,0,0,0,0,0,10,-37,7,-35,9,-41,10,-41,18,-38,16,-46,15,-46,19,-48,21,-44,18,-47,15,-48,17,-41,18,-47,15,-48,16,-47,13,-54,15,-58,16,-50,15,-49,12,-45,10,-56,11,-52,6,-52,12,-51,11,-47,9,-52,8,-51,5,-56,8,-53,5,-51,3,-46,5,-50,11,-45,6,-53,2,-49,7,-45,6,-48,4,-51,10,-49,1,-39,4,-41,9,-40,5,-43,9,-46,5,-38,7,-38,8,-36,10,-41,10,-28,7,-28,7,-30,9,-27,12,-27,15,-25,15,-22,15,-15,17,-15,0,0,0,0,0,0,0,0,0,0,0,0,0,0,0,0,0,0,0,0,0,0,-47,-3,-45,-1,-47,-3,-55,-5,-51,-9,-52,-7,-52,-9,-58,-12,-64,-9,-60,-13,-65,-18,-66,-18,-70,-17,-73,-22,-72,-29,-69,-29,-72,-29,-66,-30,-71,-37,-70,-38,-64,-37,-72,-48,-61,-42,-67,-46,-63,-46,-58,-39,-57,-46,-55,-45,-50,-45,-53,-46,-39,-42,-46,-47,-42,-42,-38,-36,-36,-40,-36,-35,-30,-32,-29,-29,-25,-28,-23,-29,-27,-25,-19,-19,-10,-17,-16,-20,-10,-13,-7,-14,-5,-17,-1,-13,-3,-9,5,-14,4,-9,6,-13,11,-4,16,-3,20,-5,18,-7,26,-1,0,0]"
CSI_DATA,90,1a:00:00:00:00:00,-38,11,1,0,1,1,1,0,0,0,1,-96,0,11,2,1478076,0,44,0,384,0,"[0,0,0,0,0,0,0,0,0,0,0,0,8,0,8,0,8,0,8,0,8,1,8,1,9,0,8,0,9,0,9,0,9,0,9,0,9,0,9,-1,8,0,10,-1,9,-1,9,-1,9,-1,9,-1,9,-1,9,-1,8,-1,9,-2,9,-2,9,-2,0,0,8,-2,9,-2,9,-2,8,-2,8,-2,8,-2,8,-2,7,-2,7,-2,7,-1,8,-1,7,-1,7,-2,6,-1,6,-1,7,-1,6,-1,6,-1,6,0,5,0,5,0,5,0,4,1,4,1,4,1,3,1,0,0,0,0,0,0,0,0,0,0,0,0,0,0,-25,-29,-26,-26,-28,-28,-30,-32,-28,-28,-31,-34,-36,-34,-32,-38,-33,-33,-31,-40,-30,-38,-27,-42,-32,-38,-32,-41,-33,-38,-39,-36,-37,-44,-38,-36,-37,-36,-41,-38,-41,-36,-39,-34,-39,-32,-37,-36,-36,-35,-38,-36,-38,-29,-43,-31,-41,-34,-46,-33,-41,-29,-37,-30,-37,-33,-40,-28,-42,-23,-33,-29,-34,-31,-37,-34,-34,-32,-32,-29,-36,-30,-34,-28,-36,-28,-32,-27,-26,-26,-31,-29,-29,-31,-22,-22,-22,-25,-18,-24,-20,-25,-15,-24,-16,-22,-15,-28,-9,-24,-10,-20,-6,-22,0,0,0,0,0,0,0,0,0,0,0,0,0,0,0,0,0,0,0,0,0,0,-19,38,-24,42,-21,40,-28,46,-28,39,-35,42,-36,40,-37,39,-41,51,-45,46,-48,48,-42,47,-49,54,-51,47,-56,43,-59,48,-58,53,-62,45,-64,42,-64,41,-67,33,-69,40,-72,34,-70,37,-66,31,-63,38,-67,25,-65,23,-66,17,-60,23,-57,21,-55,22,-55,15,-46,11,-51,12,-45,13,-40,6,-41,11,-38,7,-37,6,-30,3,-30,8,-26,3,-25,3,-19,3,-19,-3,-11,-5,-11,-4,-12,-8,-10,-13,-5,-15,1,-17,4,-16,3,-17,7,-24,12,-20,15,-26,0,0]"
CSI_DATA,91,1a:00:00:00:00:00,-38,11,1,0,1,1,1,0,0,0,1,-96,0,11,2,1498055,0,44,0,384,0,"[0,0,0,0,0,0,0,0,0,0,0,0,-8,-3,-9,-3,-9,-3,-10,-3,-9,-3,-9,-4,-10,-3,-9,-3,-10,-3,-10,-3,-10,-3,-10,-3,-10,-3,-10,-3,-10,-3,-11,-2,-11,-2,-10,-2,-10,-2,-10,-2,-10,-2,-10,-2,-10,-2,-10,-1,-10,-1,-11,-1,0,0,-10,0,-10,-1,-11,-1,-10,0,-10,-1,-10,-1,-9,-1,-9,-1,-9,0,-9,-1,-9,-1,-8,-1,-8,-1,-8,-1,-8,-2,-8,-1,-8,-2,-7,-2,-7,-2,-7,-2,-6,-2,-6,-3,-5,-3,-5,-3,-5,-3,-4,-3,0,0,0,0,0,0,0,0,0,0,0,0,0,0,17,37,16,33,21,37,18,36,19,35,20,41,19,41,27,48,21,40,22,46,20,43,22,44,26,45,21,46,23,48,29,46,30,51,28,44,22,43,32,46,33,47,28,43,31,45,29,43,28,43,31,42,32,41,37,44,29,45,34,40,36,33,33,37,26,35,33,37,37,36,29,34,28,33,30,36,28,37,28,33,33,27,24,32,26,33,24,31,23,39,24,32,22,33,18,29,18,28,15,28,16,31,11,25,9,24,7,24,3,26,5,21,3,23,0,0,0,0,0,0,0,0,0,0,0,0,0,0,0,0,0,0,0,0,0,0,32,-35,35,-34,34,-28,35,-34,43,-34,45,-30,43,-33,47,-33,50,-37,53,-34,56,-35,55,-35,64,-42,67,-33,67,-30,69,-34,71,-41,68,-25,76,-26,77,-23,77,-22,83,-18,71,-16,77,-18,79,-16,73,-21,68,-7,70,-11,69,-3,69,-7,57,-7,62,-5,60,-8,51,-1,57,1,46,-2,39,-3,44,-1,39,1,39,-4,31,4,32,0,23,5,23,5,18,3,22,4,15,1,12,5,8,4,7,10,-2,11,1,11,-8,17,-8,11,-11,17,-17,23,-17,18,0,0]"
CSI_DATA,92,1a:00:00:00:00:00,-38,11,1,0,1,1,1,0,0,0,1,-96,0,11,2,1507945,0,44,0,384,0,"[0,0,0,0,0,0,0,0,0,0,0,0,7,-4,7,-4,7,-5,8,-5,8,-4,8,-4,8,-5,8,-4,8,-5,8,-5,9,-5,8,-6,9,-5,8,-6,8,-5,8,-6,8,-6,8,-6,7,-6,7,-6,8,-6,7,-7,7,-6,7,-7,7,-7,7,-7,0,0,7,-7,7,-7,7,-7,6,-7,6,-6,6,-6,6,-6,6,-6,6,-6,6,-6,6,-6,6,-6,6,-5,6,-5,5,-5,6,-5,6,-4,5,-4,5,-4,5,-3,5,-3,5,-2,5,-2,4,-2,4,-1,4,-1,0,0,0,0,0,0,0,0,0,0,0,0,0,0,-38,-9,-40,-12,-43,-7,-43,-11,-43,-7,-43,-10,-48,-12,-53,-13,-49,-12,-44,-14,-45,-10,-48,-14,-55,-11,-48,-11,-55,-14,-53,-9,-56,-11,-51,-8,-49,-12,-52,-8,-58,-6,-54,-11,-51,-2,-49,-3,-47,-7,-47,-3,-51,-4,-52,-2,-49,-2,-55,0,-51,0,-48,2,-46,-3,-49,-1,-46,1,-48,-2,-45,-2,-42,-1,-46,-6,-43,0,-45,0,-44,-4,-42,0,-42,-5,-41,-4,-38,-3,-37,-8,-37,-3,-33,-10,-32,-7,-30,-8,-29,-9,-27,-11,-25,-9,-19,-13,-19,-9,-19,-12,0,0,0,0,0,0,0,0,0,0,0,0,0,0,0,0,0,0,0,0,0,0,2,42,-2,47,-3,45,2,49,-9,48,-8,50,-8,49,-9,54,-9,57,-14,59,-13,58,-15,67,-13,68,-20,70,-25,70,-24,69,-21,79,-32,72,-29,66,-33,67,-43,65,-39,75,-38,66,-41,64,-42,64,-38,68,-43,57,-42,55,-42,54,-40,56,-37,45,-36,46,-36,42,-32,39,-36,38,-32,39,-27,32,-28,31,-25,26,-24,22,-23,21,-26,26,-20,22,-17,14,-16,15,-16,4,-16,4,-16,0,-17,-5,-10,-2,-10,-3,-11,-8,-6,-12,-7,-14,-9,-18,-3,-22,-5,-25,0,0]"
CSI_DATA,93,1a:00:00:00:00:00,-38,11,1,0,1,1,1,0,0,0,1,-96,0,11,2,1527947,0,44,0,384,0,"[0,0,0,0,0,0,0,0,0,0,0,0,-8,-4,-8,-4,-8,-4,-9,-4,-8,-4,-8,-4,-9,-4,-9,-4,-9,-4,-9,-4,-9,-4,-10,-4,-10,-4,-9,-4,-9,-4,-10,-3,-10,-3,-9,-3,-10,-3,-9,-3,-9,-3,-10,-3,-9,-2,-10,-2,-10,-2,-10,-2,0,0,-10,-2,-10,-2,-10,-2,-9,-1,-9,-2,-9,-2,-9,-2,-8,-2,-9,-1,-8,-1,-9,-2,-8,-2,-8,-2,-8,-2,-7,-2,-8,-2,-7,-2,-7,-2,-6,-3,-6,-2,-6,-3,-5,-3,-5,-3,-4,-3,-4,-3,-3,-3,0,0,0,0,0,0,0,0,0,0,0,0,0,0,17,29,14,31,15,35,15,42,13,40,14,37,14,47,16,46,15,43,15,47,18,44,17,44,21,54,18,47,17,45,21,47,18,51,20,47,20,44,21,46,26,52,22,47,20,43,25,49,25,44,25,49,22,40,25,42,27,45,29,41,25,42,27,44,24,44,27,40,25,37,27,39,24,40,28,36,23,37,24,35,21,37,21,34,16,38,18,39,15,35,16,36,14,32,18,33,13,30,11,26,13,28,11,34,1,27,4,27,1,26,-1,22,0,23,0,0,0,0,0,0,0,0,0,0,0,0,0,0,0,0,0,0,0,0,0,0,33,-30,35,-33,35,-25,39,-30,42,-26,43,-24,46,-25,48,-29,53,-30,56,-29,59,-28,59,-28,65,-34,63,-28,70,-21,69,-20,75,-25,72,-20,71,-21,75,-13,76,-12,82,-12,74,-11,77,-9,77,-4,73,-10,74,-3,68,2,64,2,65,-1,54,4,62,1,52,1,50,1,51,8,45,4,43,3,38,3,30,6,32,3,33,4,26,2,25,0,24,3,15,6,19,12,10,8,7,5,5,6,5,7,-1,12,-3,15,-11,7,-10,12,-12,16,-15,19,-25,19,0,0]"
CSI_DATA,94,1a:00:00:00:00:00,-38,11,1,0,1,1,1,0,0,0,1,-96,0,11,2,1539323,0,44,0,384,0,"[0,0,0,0,0,0,0,0,0,0,0,0,6,-6,6,-6,6,-7,6,-7,7,-7,7,-6,7,-7,7,-7,7,-7,7,-7,7,-8,6,-8,6,-8,6,-8,6,-7,7,-8,6,-8,6,-8,5,-8,6,-8,6,-8,6,-8,6,-8,5,-9,5,-9,5,-9,0,0,5,-8,6,-9,5,-9,5,-9,5,-8,5,-8,5,-8,5,-7,5,-7,5,-7,5,-7,5,-7,4,-7,4,-6,5,-6,5,-6,5,-6,4,-5,4,-5,4,-4,4,-4,4,-3,4,-3,4,-3,4,-2,4,-2,0,0,0,0,0,0,0,0,0,0,0,0,0,0,-44,-1,-39,4,-42,5,-44,0,-45,-3,-45,-5,-46,-1,-48,-7,-45,0,-47,-6,-52,-1,-47,-1,-52,-2,-51,-2,-50,-2,-54,-5,-55,0,-54,-2,-47,-3,-53,2,-56,4,-52,0,-51,8,-53,6,-49,3,-49,2,-49,7,-53,7,-50,7,-58,9,-53,6,-52,9,-43,12,-50,9,-48,11,-47,8,-48,8,-46,10,-44,3,-46,5,-44,5,-45,5,-40,4,-40,4,-36,3,-40,3,-37,-1,-38,5,-33,-4,-30,-3,-33,-8,-29,-4,-28,-7,-25,-9,-22,-7,-22,-10,-19,-13,0,0,0,0,0,0,0,0,0,0,0,0,0,0,0,0,0,0,0,0,0,0,16,37,15,41,13,42,12,44,12,48,12,49,12,49,9,58,12,59,8,61,9,65,5,64,11,70,0,72,-1,71,-1,72,-5,80,-4,79,-10,71,-12,70,-13,72,-20,81,-18,70,-18,73,-24,73,-19,70,-26,70,-26,71,-27,59,-25,62,-21,51,-21,52,-26,52,-21,48,-25,44,-21,42,-22,40,-18,34,-20,28,-20,35,-17,28,-17,23,-15,20,-15,18,-14,18,-18,14,-15,10,-9,7,-10,4,-11,-3,-12,-7,-9,-9,-13,-10,-8,-13,-11,-17,-12,-24,-13,-27,0,0]"
CSI_DATA,95,1a:00:00:00:00:00,-38,11,1,0,1,1,1,0,0,0,1,-96,0,11,2,1547946,0,44,0,384,0,"[0,0,0,0,0,0,0,0,0,0,0,0,2,7,2,8,3,8,2,8,2,8,2,8,3,9,2,8,2,9,3,9,3,9,3,9,3,9,3,9,3,8,4,9,4,8,4,8,4,8,4,8,4,8,4,8,4,8,5,8,5,8,5,8,0,0,5,7,5,8,5,8,6,7,4,7,5,7,5,7,4,7,5,6,4,6,4,7,4,6,4,6,3,6,3,6,3,6,3,6,2,6,2,5,2,5,1,5,1,5,0,5,0,4,0,4,-1,4,0,0,0,0,0,0,0,0,0,0,0,0,0,0,15,-40,17,-37,18,-37,14,-41,21,-41,16,-40,20,-45,21,-45,21,-42,19,-43,16,-45,22,-46,20,-50,21,-50,21,-51,19,-54,20,-53,19,-51,20,-44,21,-52,15,-56,14,-48,10,-49,14,-49,20,-49,14,-52,17,-46,10,-56,8,-52,8,-51,8,-44,12,-53,7,-50,9,-57,8,-45,4,-45,13,-47,11,-47,11,-48,7,-42,5,-45,14,-39,11,-44,15,-45,14,-39,10,-36,12,-33,14,-34,14,-30,18,-25,12,-27,17,-28,17,-26,18,-21,19,-26,17,-16,14,-14,0,0,0,0,0,0,0,0,0,0,0,0,0,0,0,0,0,0,0,0,0,0,-47,1,-45,0,-47,-4,-50,-2,-52,-9,-51,-11,-51,-9,-54,-16,-68,-13,-65,-17,-63,-21,-67,-17,-81,-17,-71,-24,-69,-27,-71,-29,-74,-28,-73,-43,-71,-36,-67,-41,-63,-47,-77,-47,-64,-49,-66,-44,-62,-48,-60,-43,-53,-46,-53,-49,-52,-49,-52,-44,-41,-43,-40,-42,-39,-43,-37,-38,-32,-44,-30,-35,-23,-32,-26,-32,-22,-30,-27,-29,-23,-27,-22,-29,-12,-22,-15,-21,-12,-15,-14,-24,-3,-13,-3,-13,-4,-13,2,-12,4,-12,8,-8,14,-11,15,-6,16,-2,22,-5,26,7,0,0]"
CSI_DATA,96,1a:00:00:00:00:00,-38,11,1,0,1,1,1,0,0,0,1,-96,0,11,2,1557939,0,44,0,384,0,"[0,0,0,0,0,0,0,0,0,0,0,0,8,-1,8,-1,8,-2,9,-1,9,-1,9,-1,9,-1,9,-1,9,-1,9,-1,10,-1,9,-2,9,-1,9,-2,9,-1,10,-2,9,-3,9,-2,9,-3,9,-3,9,-2,9,-3,8,-3,9,-3,9,-3,9,-3,0,0,8,-4,9,-4,9,-4,8,-4,8,-3,8,-3,8,-3,7,-3,7,-3,7,-3,8,-3,7,-3,7,-3,7,-2,7,-2,7,-2,7,-2,6,-1,6,-1,5,-1,5,-1,5,0,5,0,4,0,4,1,3,1,0,0,0,0,0,0,0,0,0,0,0,0,0,0,-34,-18,-34,-19,-37,-23,-35,-24,-39,-25,-39,-27,-36,-23,-38,-30,-37,-24,-39,-30,-45,-25,-42,-31,-41,-30,-44,-32,-41,-30,-46,-27,-44,-31,-47,-25,-43,-22,-46,-25,-51,-28,-42,-21,-45,-25,-46,-24,-44,-20,-49,-27,-43,-23,-45,-23,-46,-22,-49,-18,-46,-21,-49,-21,-45,-24,-49,-19,-46,-14,-42,-22,-43,-19,-39,-19,-37,-22,-43,-15,-39,-18,-37,-13,-35,-22,-36,-19,-36,-19,-38,-23,-30,-20,-29,-17,-31,-19,-24,-19,-25,-21,-24,-20,-19,-20,-17,-19,-16,-18,-15,-21,-13,-22,0,0,0,0,0,0,0,0,0,0,0,0,0,0,0,0,0,0,0,0,0,0,-10,41,-13,43,-15,42,-14,47,-14,46,-23,52,-19,46,-24,49,-29,55,-30,55,-31,59,-33,59,-32,67,-39,61,-42,62,-41,59,-44,68,-49,57,-48,56,-53,52,-54,51,-59,55,-53,50,-56,53,-61,47,-56,49,-57,38,-59,40,-54,38,-56,39,-41,29,-52,30,-50,28,-44,26,-46,24,-39,24,-33,18,-36,20,-33,17,-30,15,-34,13,-28,17,-28,15,-17,9,-20,5,-18,11,-15,3,-15,-1,-12,-6,-12,-7,-7,-6,-9,-11,-3,-15,0,-17,-1,-23,8,-22,9,-27,0,0]"
CSI_DATA,97,1a:00:00:00:00:00,-38,11,1,0,1,1,1,0,0,0,1,-96,0,11,2,1567943,0,44,0,384,0,"[0,0,0,0,0,0,0,0,0,0,0,0,3,-8,3,-8,2,-9,3,-9,3,-9,4,-9,3,-9,3,-9,3,-9,3,-9,4,-9,3,-10,3,-10,3,-10,3,-9,2,-10,2,-10,2,-9,2,-10,2,-10,2,-9,2,-10,2,-9,2,-10,2,-10,2,-10,0,0,1,-10,1,-10,1,-10,1,-9,1,-9,1,-9,1,-9,1,-9,1,-9,1,-8,1,-9,2,-8,1,-8,2,-8,2,-7,2,-8,2,-7,2,-7,2,-6,2,-6,3,-6,2,-5,2,-5,3,-4,3,-4,3,-3,0,0,0,0,0,0,0,0,0,0,0,0,0,0,-33,16,-31,18,-41,22,-38,21,-43,22,-39,17,-41,22,-47,17,-41,22,-42,15,-44,23,-43,20,-52,25,-47,22,-46,22,-45,27,-48,24,-44,30,-45,29,-45,27,-49,32,-41,25,-38,24,-39,26,-39,27,-43,31,-42,28,-40,32,-39,30,-44,33,-36,31,-39,35,-37,26,-37,34,-35,29,-34,29,-28,31,-30,29,-32,23,-33,29,-32,26,-34,24,-33,27,-33,23,-33,26,-30,21,-32,20,-29,23,-27,15,-24,12,-32,13,-29,9,-28,8,-26,9,-21,6,-22,-1,-23,1,0,0,0,0,0,0,0,0,0,0,0,0,0,0,0,0,0,0,0,0,0,0,27,33,29,34,24,37,31,40,27,39,27,46,31,44,26,47,35,55,31,55,28,59,27,58,36,64,28,67,22,67,25,68,29,74,22,74,21,70,15,74,13,75,14,77,14,71,14,72,7,77,9,74,-1,72,-1,68,-2,65,6,69,2,56,-1,58,-2,54,-1,48,-2,50,-2,46,-2,45,-6,39,-3,35,-4,36,-2,28,-2,29,-8,27,-5,22,-7,19,1,16,-7,18,-5,8,-7,7,-7,9,-11,0,-13,2,-16,-6,-12,-6,-16,-14,-15,-13,-17,-20,0,0]"
CSI_DATA,98,1a:00:00:00:00:00,-38,11,1,0,1,1,1,0,0,0,1,-96,0,11,2,1577952,0,44,0,384,0,"[0,0,0,0,0,0,0,0,0,0,0,0,-4,-8,-4,-9,-5,-8,-5,-9,-4,-9,-4,-9,-4,-9,-4,-9,-5,-9,-5,-8,-5,-9,-5,-9,-5,-9,-6,-9,-5,-9,-6,-9,-6,-9,-6,-8,-6,-8,-6,-8,-6,-8,-6,-8,-6,-8,-7,-8,-7,-8,-7,-8,0,0,-7,-7,-6,-8,-7,-8,-7,-7,-6,-7,-6,-7,-6,-7,-6,-7,-6,-7,-6,-6,-6,-7,-5,-7,-5,-7,-5,-6,-5,-6,-5,-7,-4,-6,-4,-6,-4,-6,-3,-6,-3,-6,-3,-6,-2,-5,-2,-5,-1,-5,-1,-5,0,0,0,0,0,0,0,0,0,0,0,0,0,0,-18,29,-17,35,-14,34,-19,36,-20,39,-22,40,-25,38,-25,45,-26,42,-25,40,-25,43,-21,40,-29,47,-27,42,-26,43,-26,46,-26,48,-22,47,-22,46,-19,44,-21,49,-19,45,-18,51,-17,44,-17,42,-16,52,-19,45,-15,49,-21,49,-13,46,-14,44,-18,46,-15,44,-11,45,-10,38,-15,45,-16,46,-14,47,-16,41,-12,40,-14,36,-16,35,-14,42,-17,41,-16,41,-14,36,-20,31,-15,36,-16,24,-13,25,-16,26,-16,22,-17,23,-14,19,-20,16,-20,17,-21,9,0,0,0,0,0,0,0,0,0,0,0,0,0,0,0,0,0,0,0,0,0,0,43,8,47,13,44,13,50,12,45,18,51,16,48,17,45,18,57,24,53,22,58,29,61,27,66,32,60,33,64,40,61,36,64,39,60,41,62,49,60,47,57,48,62,54,53,50,56,56,51,53,50,50,41,56,43,56,40,52,45,53,32,47,35,51,31,45,30,39,29,38,25,38,21,33,20,34,20,32,22,30,17,30,14,25,7,18,7,17,6,20,2,14,3,12,-2,10,1,13,-4,11,-7,4,-13,5,-17,4,-14,4,-21,2,-23,-2,-22,-8,0,0]"
CSI_DATA,99,1a:00:00:00:00:00,-38,11,1,0,1,1,1,0,0,0,1,-96,0,11,2,1587950,0,44,0,384,0,"[0,0,0,0,0,0,0,0,0,0,0,0,-9,0,-9,0,-10,1,-10,0,-10,0,-10,0,-11,1,-10,0,-10,0,-10,1,-11,0,-11,1,-11,0,-11,1,-11,1,-11,2,-11,2,-10,2,-10,2,-10,2,-10,2,-10,2,-10,1,-11,3,-10,2,-10,2,0,0,-10,3,-10,3,-10,3,-9,3,-9,3,-10,3,-9,3,-9,2,-9,3,-9,2,-9,2,-9,2,-8,1,-8,2,-8,1,-8,1,-8,1,-7,0,-7,0,-7,0,-7,0,-6,-1,-6,-1,-6,-1,-5,-2,-5,-2,0,0,0,0,0,0,0,0,0,0,0,0,0,0,23,29,26,28,31,28,27,26,34,29,32,32,31,32,33,32,34,34,29,34,29,34,33,34,30,39,31,40,38,37,42,31,41,38,38,32,37,36,36,37,45,33,41,33,40,28,34,34,37,32,37,30,41,30,42,29,39,28,45,28,40,25,43,29,39,24,38,28,40,20,34,27,37,23,41,25,32,26,38,21,36,23,37,20,33,24,31,24,28,25,34,27,26,24,27,27,25,21,19,23,20,24,17,26,16,22,9,21,7,21,10,22,7,19,0,0,0,0,0,0,0,0,0,0,0,0,0,0,0,0,0,0,0,0,0,0,17,-40,20,-39,24,-38,25,-41,28,-42,31,-41,37,-38,38,-43,37,-49,41,-49,44,-49,39,-49,44,-53,49,-50,56,-45,54,-47,59,-52,58,-47,58,-46,66,-37,67,-32,72,-37,66,-35,67,-37,71,-36,64,-37,67,-25,64,-24,61,-23,64,-28,52,-21,57,-22,52,-17,48,-14,53,-14,42,-15,43,-12,40,-16,29,-6,38,-12,34,-7,27,-5,25,-7,23,-8,19,-5,14,-2,16,1,12,4,10,7,9,7,2,10,1,11,-6,14,-2,18,-9,21,-8,27,-9,19,0,0]"
CSI_DATA,100,1a:00:00:00:00:00,-38,11,1,0,1,1,1,0,0,0,1,-96,0,11,2,1598593,0,44,0,384,0,"[0,0,0,0,0,0,0,0,0,0,0,0,5,-8,5,-8,5,-8,5,-8,5,-8,6,-8,5,-8,5,-8,5,-8,5,-8,6,-8,5,-9,5,-9,5,-9,5,-8,5,-10,5,-9,4,-9,4,-9,4,-9,4,-9,4,-9,4,-9,4,-10,4,-10,4,-10,0,0,3,-9,3,-10,3,-10,3,-9,3,-9,3,-9,3,-9,3,-8,3,-8,3,-8,3,-8,3,-8,3,-8,3,-7,3,-7,3,-7,3,-7,3,-6,3,-6,3,-5,4,-5,3,-5,3,-4,3,-4,3,-3,3,-3,0,0,0,0,0,0,0,0,0,0,0,0,0,0,-37,9,-40,1,-45,8,-49,3,-47,5,-47,5,-49,2,-53,2,-49,5,-49,3,-51,6,-49,3,-59,-2,-52,8,-53,5,-56,7,-57,7,-52,9,-49,10,-54,6,-58,9,-55,6,-48,12,-52,10,-53,4,-55,11,-48,10,-52,13,-50,15,-56,17,-49,14,-51,11,-44,13,-50,14,-45,16,-46,15,-41,15,-45,10,-46,8,-42,11,-44,7,-45,9,-44,10,-41,7,-36,7,-43,7,-40,7,-37,3,-37,3,-33,-4,-32,-3,-30,-3,-27,-5,-22,-4,-27,-7,-24,-10,-20,-8,0,0,0,0,0,0,0,0,0,0,0,0,0,0,0,0,0,0,0,0,0,0,24,38,23,42,21,41,22,44,20,48,18,51,18,52,19,57,18,62,15,60,18,68,19,66,22,71,13,74,7,76,11,72,9,84,4,75,4,75,-1,78,-6,71,-7,84,-9,78,-5,80,-16,74,-11,76,-14,69,-17,75,-17,63,-15,68,-14,57,-17,59,-18,55,-15,48,-20,49,-13,45,-15,43,-14,44,-12,32,-14,34,-10,30,-11,27,-12,26,-6,21,-10,19,-6,11,-9,11,-11,9,-11,5,-13,2,-12,-3,-14,-2,-20,-10,-9,-13,-17,-14,-13,-20,-9,-23,0,0]"
CSI_DATA,101,1a:00:00:00:00:00,-38,11,1,0,1,1,1,0,0,0,1,-96,0,11,2,1607944,0,44,0,384,0,"[0,0,0,0,0,0,0,0,0,0,0,0,6,4,7,5,7,5,7,6,7,5,7,6,7,6,7,5,7,5,7,5,8,6,8,5,8,5,8,5,7,5,8,5,8,5,8,4,8,4,8,4,8,4,8,4,8,4,9,4,9,4,8,4,0,0,9,3,8,3,9,4,8,3,8,3,8,3,8,3,7,3,7,2,7,3,7,3,7,3,7,3,6,3,6,3,6,3,5,3,5,3,5,3,4,3,4,3,3,3,3,3,3,3,2,3,2,3,0,0,0,0,0,0,0,0,0,0,0,0,0,0,-3,-39,-5,-42,-4,-40,-6,-44,-3,-44,-2,-49,-4,-51,-4,-53,-5,-50,-1,-48,1,-51,-2,-57,0,-56,-3,-51,-4,-55,-2,-55,-6,-58,-5,-51,-3,-52,-4,-55,-9,-54,-8,-53,-6,-57,-6,-54,-6,-50,-7,-51,-9,-48,-12,-52,-8,-49,-15,-49,-10,-48,-11,-46,-11,-44,-13,-54,-15,-43,-7,-47,-9,-47,-13,-44,-8,-43,-9,-44,-10,-40,-8,-40,-5,-37,-6,-42,-4,-42,-6,-36,0,-36,1,-38,-3,-34,-3,-31,9,-29,1,-31,3,-28,5,-25,8,-25,7,-22,13,-22,0,0,0,0,0,0,0,0,0,0,0,0,0,0,0,0,0,0,0,0,0,0,-37,24,-39,22,-43,19,-44,23,-44,16,-52,13,-48,15,-55,18,-60,23,-60,17,-65,14,-64,15,-72,20,-71,12,-73,5,-73,5,-83,9,-78,2,-79,-2,-77,-4,-77,-7,-80,-8,-75,-6,-81,-7,-74,-14,-72,-8,-70,-16,-65,-18,-67,-19,-66,-21,-48,-16,-61,-17,-54,-20,-50,-19,-51,-20,-40,-14,-37,-15,-39,-13,-35,-16,-35,-11,-34,-15,-28,-13,-23,-11,-18,-12,-20,-12,-12,-13,-9,-14,-5,-11,-10,-10,-4,-8,2,-12,7,-13,8,-12,13,-14,21,-16,17,-15,22,-11,0,0]"
CSI_DATA,102,1a:00:00:00:00:00,-38,11,1,0,1,1,1,0,0,0,1,-96,0,11,2,1617961,0,44,0,384,0,"[0,0,0,0,0,0,0,0,0,0,0,0,8,-2,8,-2,9,-2,9,-2,9,-2,9,-1,9,-2,9,-2,9,-2,9,-2,10,-2,10,-3,10,-3,9,-3,9,-2,10,-4,9,-4,9,-3,9,-4,9,-4,9,-3,9,-4,9,-4,9,-5,9,-5,9,-5,0,0,8,-5,9,-5,8,-5,8,-5,8,-4,8,-5,8,-5,7,-5,7,-5,7,-4,8,-4,7,-4,7,-4,7,-3,7,-3,7,-3,7,-3,6,-3,6,-2,5,-2,5,-1,5,-1,5,-1,5,-1,4,0,4,0,0,0,0,0,0,0,0,0,0,0,0,0,0,0,-37,-18,-34,-19,-40,-19,-32,-24,-41,-24,-42,-27,-41,-23,-43,-31,-40,-24,-45,-32,-43,-27,-44,-26,-44,-27,-47,-28,-42,-29,-49,-22,-49,-27,-46,-23,-47,-30,-45,-27,-56,-24,-48,-26,-51,-23,-45,-22,-46,-26,-50,-27,-45,-16,-53,-20,-47,-20,-55,-16,-47,-15,-49,-18,-44,-16,-54,-20,-45,-14,-46,-19,-45,-15,-44,-14,-42,-18,-46,-17,-40,-16,-45,-14,-38,-15,-38,-21,-36,-17,-34,-15,-35,-17,-31,-19,-30,-18,-27,-20,-24,-22,-26,-21,-21,-18,-18,-20,-16,-22,-16,-18,-12,-20,0,0,0,0,0,0,0,0,0,0,0,0,0,0,0,0,0,0,0,0,0,0,-8,44,-12,46,-13,42,-16,48,-14,43,-26,52,-22,49,-24,50,-28,59,-25,56,-34,66,-28,61,-31,66,-38,63,-46,64,-46,60,-49,71,-46,63,-49,62,-60,56,-60,51,-59,62,-54,55,-61,57,-60,49,-54,59,-51,46,-59,49,-55,36,-59,42,-46,26,-56,33,-52,29,-45,27,-49,28,-43,21,-37,23,-35,23,-35,18,-28,19,-29,13,-27,15,-25,12,-22,10,-20,9,-24,3,-21,1,-13,-6,-11,-8,-13,-8,-8,-6,-8,-16,-6,-17,-2,-19,1,-23,0,-27,5,-26,0,0]"
CSI_DATA,103,1a:00:00:00:00:00,-38,11,1,0,1,1,1,0,0,0,1,-96,0,11,2,1628086,0,44,0,384,0,"[0,0,0,0,0,0,0,0,0,0,0,0,-2,7,-2,7,-2,8,-2,8,-3,8,-3,8,-3,8,-3,8,-3,8,-2,8,-3,9,-2,9,-2,9,-2,9,-2,8,-2,9,-1,9,-2,8,-1,8,-1,9,-1,8,-1,8,-1,8,-1,9,-1,9,-1,9,0,0,0,8,0,9,0,9,0,8,0,8,0,8,0,8,0,8,0,8,0,7,-1,7,-1,7,-1,7,-1,7,-1,6,-1,6,-1,6,-1,6,-2,5,-2,5,-2,5,-2,4,-2,4,-2,4,-3,3,-3,3,0,0,0,0,0,0,0,0,0,0,0,0,0,0,34,-13,34,-18,34,-14,41,-21,41,-20,42,-15,42,-21,45,-17,44,-23,44,-16,48,-16,44,-18,46,-23,48,-19,48,-21,48,-25,52,-25,41,-25,44,-22,51,-27,48,-28,48,-24,38,-27,44,-26,46,-24,40,-29,43,-28,39,-29,41,-30,45,-33,39,-30,39,-31,38,-35,35,-29,38,-26,30,-29,35,-27,32,-29,36,-28,33,-25,40,-27,37,-24,32,-22,34,-30,34,-18,32,-22,31,-19,33,-22,26,-15,31,-15,31,-11,25,-12,22,-10,24,-6,24,-3,26,-1,22,3,0,0,0,0,0,0,0,0,0,0,0,0,0,0,0,0,0,0,0,0,0,0,-26,-34,-21,-36,-26,-39,-28,-37,-27,-46,-23,-44,-26,-49,-23,-54,-34,-59,-29,-56,-23,-60,-27,-60,-30,-66,-23,-68,-18,-71,-25,-77,-24,-75,-20,-80,-13,-66,-14,-79,-8,-77,-10,-82,-7,-77,-11,-78,-4,-75,-2,-74,1,-74,6,-69,0,-66,4,-68,5,-63,4,-62,3,-55,3,-46,6,-52,6,-47,7,-44,3,-46,4,-35,6,-35,5,-32,6,-29,10,-28,4,-21,3,-16,7,-12,8,-12,12,-15,4,-10,6,-3,10,-3,15,2,13,10,18,2,18,15,15,18,16,18,0,0]"
CSI_DATA,104,1a:00:00:00:00:00,-38,11,1,0,1,1,1,0,0,0,1,-96,0,11,2,1667951,0,44,0,384,0,"[0,0,0,0,0,0,0,0,0,0,0,0,7,2,8,2,8,2,8,3,8,3,8,3,8,3,8,3,9,3,8,2,9,3,9,2,9,3,9,2,9,3,9,2,9,2,9,2,9,1,9,1,9,2,9,1,8,1,9,1,9,1,9,1,0,0,9,1,9,0,9,0,9,0,8,0,8,1,8,0,8,0,8,0,8,1,8,1,7,1,7,1,7,1,6,1,6,1,6,1,6,1,5,2,5,2,5,2,4,2,4,2,3,2,3,3,2,3,0,0,0,0,0,0,0,0,0,0,0,0,0,0,-28,-27,-23,-34,-26,-30,-28,-30,-28,-35,-25,-39,-24,-40,-24,-41,-29,-42,-29,-42,-29,-38,-29,-41,-33,-48,-29,-49,-27,-47,-32,-43,-32,-46,-32,-45,-29,-47,-32,-45,-40,-43,-34,-41,-38,-40,-35,-47,-31,-43,-40,-41,-33,-36,-44,-40,-39,-44,-42,-37,-37,-36,-35,-39,-32,-36,-38,-37,-34,-29,-29,-35,-34,-36,-30,-34,-29,-37,-31,-32,-30,-26,-30,-34,-24,-31,-27,-34,-24,-35,-22,-32,-25,-32,-20,-30,-18,-30,-17,-29,-16,-32,-17,-28,-14,-27,-8,-24,-6,-24,-3,-26,-2,-20,0,0,0,0,0,0,0,0,0,0,0,0,0,0,0,0,0,0,0,0,0,0,-25,39,-25,38,-27,38,-31,45,-32,38,-38,44,-33,42,-39,42,-42,50,-51,45,-54,46,-48,47,-55,51,-57,48,-66,45,-64,41,-63,51,-64,40,-65,39,-69,36,-67,36,-78,37,-67,34,-75,28,-74,26,-71,34,-68,20,-74,20,-67,15,-67,19,-57,9,-64,11,-62,10,-54,9,-54,10,-48,9,-42,7,-39,10,-36,6,-40,2,-36,1,-30,3,-26,2,-26,-4,-22,-2,-12,3,-14,-4,-13,-1,-12,-6,-9,-6,-3,-7,-1,-14,2,-14,7,-18,5,-22,13,-18,10,-24,0,0]"
CSI_DATA,105,1a:00:00:00:00:00,-38,11,1,0,1,1,1,0,0,0,1,-96,0,11,2,1677945,0,44,0,384,0,"[0,0,0,0,0,0,0,0,0,0,0,0,4,-7,4,-8,4,-8,5,-8,5,-8,5,-8,4,-8,5,-8,5,-8,4,-8,5,-9,4,-9,5,-9,4,-9,4,-9,4,-10,4,-9,4,-9,3,-9,3,-9,4,-9,3,-10,3,-9,3,-10,3,-10,3,-10,0,0,2,-9,3,-10,2,-10,2,-9,2,-9,2,-9,2,-9,2,-9,2,-9,2,-8,2,-8,2,-8,2,-8,2,-7,2,-7,3,-7,2,-7,2,-6,3,-6,2,-6,3,-5,3,-5,3,-4,3,-4,3,-4,3,-3,0,0,0,0,0,0,0,0,0,0,0,0,0,0,-38,9,-42,7,-38,12,-39,10,-44,8,-47,9,-43,13,-52,11,-49,8,-51,6,-49,9,-47,10,-57,14,-50,7,-50,10,-52,13,-54,6,-48,16,-49,12,-49,17,-57,21,-51,13,-44,17,-48,16,-50,13,-52,15,-53,21,-50,23,-50,17,-49,22,-44,16,-49,17,-40,12,-47,20,-43,19,-41,18,-40,18,-41,23,-39,15,-41,16,-41,13,-44,14,-41,15,-40,14,-35,9,-38,11,-37,9,-34,8,-33,7,-31,6,-36,0,-33,1,-30,1,-26,0,-23,-3,-22,-7,-21,-8,0,0,0,0,0,0,0,0,0,0,0,0,0,0,0,0,0,0,0,0,0,0,21,34,18,39,18,44,21,45,19,46,16,48,19,48,20,53,21,60,15,61,13,64,19,65,21,65,12,69,6,69,11,76,13,76,6,75,3,78,6,72,-3,77,-2,83,-7,77,-6,71,-11,75,-8,74,-14,71,-16,72,-13,63,-9,63,-11,56,-14,58,-14,49,-13,48,-13,48,-11,45,-10,43,-14,40,-8,32,-9,34,-14,29,-14,29,-13,25,-5,24,-12,22,-10,14,-10,11,-11,9,-12,3,-12,4,-9,6,-11,-5,-12,-10,-12,-14,-16,-19,-17,-16,-11,-24,0,0]"
CSI_DATA,106,1a:00:00:00:00:00,-38,11,1,0,1,1,1,0,0,0,1,-96,0,11,2,1688084,0,44,0,384,0,"[0,0,0,0,0,0,0,0,0,0,0,0,1,8,1,8,2,8,1,9,1,9,1,9,1,9,1,9,1,9,1,9,1,10,2,9,1,9,2,9,1,9,2,9,2,9,2,9,3,9,3,9,2,9,3,9,3,9,3,9,3,9,3,9,0,0,3,8,3,9,3,9,4,8,3,8,3,8,3,7,3,8,3,7,3,7,2,8,2,7,2,7,2,7,2,7,1,7,1,7,1,6,1,6,0,6,0,5,0,5,-1,5,-1,4,-1,4,-1,3,0,0,0,0,0,0,0,0,0,0,0,0,0,0,16,-30,18,-33,18,-39,20,-34,20,-43,20,-41,19,-43,23,-44,22,-45,23,-43,23,-44,27,-43,25,-45,24,-46,21,-46,22,-49,26,-52,16,-49,22,-46,17,-43,18,-54,19,-48,13,-45,17,-48,21,-44,17,-52,16,-45,13,-52,16,-53,13,-49,14,-48,13,-47,15,-47,15,-50,10,-47,6,-47,11,-46,11,-47,16,-42,11,-45,11,-42,11,-37,12,-40,15,-41,15,-37,10,-31,16,-33,15,-33,16,-31,15,-29,13,-25,16,-24,14,-25,12,-25,16,-18,19,-15,15,-14,0,0,0,0,0,0,0,0,0,0,0,0,0,0,0,0,0,0,0,0,0,0,-43,-4,-45,-15,-46,-9,-50,-11,-47,-12,-50,-18,-46,-22,-49,-19,-61,-26,-56,-26,-65,-27,-60,-25,-70,-26,-66,-30,-64,-39,-61,-39,-68,-41,-61,-43,-63,-40,-59,-48,-63,-51,-64,-54,-56,-54,-55,-53,-58,-54,-57,-51,-48,-55,-45,-54,-42,-51,-45,-54,-34,-43,-38,-47,-35,-46,-31,-42,-28,-43,-30,-37,-24,-38,-24,-34,-22,-29,-26,-31,-14,-28,-11,-21,-14,-25,-13,-19,-10,-19,-8,-16,-8,-17,-2,-17,0,-16,5,-12,6,-10,10,-7,17,-2,18,-6,19,-3,25,3,27,3,0,0]"
CSI_DATA,107,1a:00:00:00:00:00,-38,11,1,0,1,1,1,0,0,0,1,-96,0,11,2,1698199,0,44,0,384,0,"[0,0,0,0,0,0,0,0,0,0,0,0,-9,-1,-9,-1,-10,-1,-10,-1,-10,-1,-9,-1,-10,-1,-9,-1,-10,-1,-10,-1,-10,-1,-11,-1,-10,-1,-10,0,-10,-1,-11,0,-10,0,-10,0,-10,1,-10,0,-10,0,-10,1,-10,1,-10,1,-10,1,-10,1,0,0,-10,1,-10,1,-9,2,-10,2,-9,1,-9,1,-9,2,-9,1,-9,1,-9,1,-9,1,-8,1,-8,0,-8,0,-8,0,-8,0,-8,0,-7,0,-7,-1,-6,-1,-6,-1,-6,-1,-6,-1,-5,-2,-5,-2,-4,-2,0,0,0,0,0,0,0,0,0,0,0,0,0,0,34,22,26,23,31,28,32,32,36,26,35,29,38,32,35,35,36,29,35,35,37,32,40,31,33,33,41,37,38,34,42,30,43,37,39,33,33,33,39,31,48,30,41,30,38,27,39,26,39,32,41,28,39,26,45,23,40,28,50,22,40,22,44,27,34,24,43,29,43,22,37,29,35,25,36,30,37,26,35,23,36,20,34,21,33,23,35,23,28,24,31,23,31,26,26,21,26,18,19,22,20,20,19,21,17,23,13,19,10,21,13,21,8,20,0,0,0,0,0,0,0,0,0,0,0,0,0,0,0,0,0,0,0,0,0,0,11,-42,14,-44,17,-43,18,-48,20,-43,24,-50,25,-52,28,-51,30,-59,33,-51,33,-55,35,-58,35,-67,44,-57,46,-55,44,-56,45,-63,56,-52,50,-51,58,-51,59,-45,62,-49,58,-49,62,-49,62,-45,53,-50,58,-39,62,-39,57,-30,59,-35,52,-28,54,-33,52,-23,46,-24,49,-17,39,-18,33,-21,38,-18,33,-19,27,-14,31,-11,30,-12,21,-12,22,-8,22,-4,19,1,18,-2,10,-1,11,5,10,7,7,4,0,14,-2,11,0,15,-1,21,-7,20,-12,27,0,0]"
CSI_DATA,108,1a:00:00:00:00:00,-38,11,1,0,1,1,1,0,0,0,1,-96,0,11,2,1709073,0,44,0,384,0,"[0,0,0,0,0,0,0,0,0,0,0,0,2,-8,2,-8,2,-9,3,-9,3,-9,3,-9,3,-10,2,-9,3,-9,2,-9,3,-10,2,-10,3,-10,2,-10,2,-10,2,-11,2,-10,2,-10,1,-10,1,-10,2,-10,1,-10,1,-10,1,-11,1,-10,1,-10,0,0,0,-10,1,-11,0,-10,0,-10,1,-9,0,-9,0,-9,0,-9,0,-9,0,-9,1,-9,1,-8,1,-8,1,-8,1,-8,1,-8,1,-7,1,-7,2,-6,1,-6,2,-6,2,-5,2,-5,2,-5,2,-4,2,-3,0,0,0,0,0,0,0,0,0,0,0,0,0,0,-29,18,-32,19,-33,23,-39,19,-39,23,-39,24,-39,21,-47,26,-40,23,-41,22,-40,24,-44,28,-45,25,-44,24,-41,23,-43,31,-52,32,-43,30,-43,26,-45,32,-46,30,-45,28,-38,31,-42,32,-41,27,-37,31,-42,30,-44,35,-42,32,-40,38,-40,35,-42,32,-41,34,-39,31,-30,31,-36,28,-32,29,-34,30,-36,25,-35,29,-32,28,-36,26,-31,24,-36,24,-29,22,-32,18,-34,14,-30,17,-31,16,-33,14,-28,10,-31,11,-27,8,-22,3,-25,5,-24,4,-23,-2,0,0,0,0,0,0,0,0,0,0,0,0,0,0,0,0,0,0,0,0,0,0,34,27,35,30,32,31,35,31,34,36,33,43,34,38,36,44,43,47,33,49,38,54,38,52,44,55,40,57,33,66,38,67,39,67,32,70,32,64,29,70,25,72,27,74,25,74,23,74,24,76,24,70,13,68,12,66,9,66,9,65,6,56,8,58,6,55,5,52,5,50,6,53,4,42,4,42,1,33,0,35,-3,30,1,29,-5,28,0,25,-1,22,-9,15,-6,16,-7,12,-6,7,-11,7,-9,0,-17,-1,-15,-10,-16,-6,-19,-11,-19,-14,-17,-16,0,0]"
CSI_DATA,109,1a:00:00:00:00:00,-38,11,1,0,1,1,1,0,0,0,1,-96,0,11,2,1717955,0,44,0,384,0,"[0,0,0,0,0,0,0,0,0,0,0,0,3,7,4,7,4,7,4,8,4,8,3,8,4,7,4,7,4,8,4,7,4,8,5,8,5,8,5,8,5,8,6,8,6,7,5,7,6,7,6,7,5,7,6,7,5,7,6,7,6,7,6,7,0,0,7,6,6,6,7,6,7,6,6,6,6,6,6,5,6,5,6,5,6,5,5,5,5,5,5,5,5,5,4,5,4,5,4,5,4,5,3,4,3,4,2,5,2,4,2,4,1,4,1,4,0,4,0,0,0,0,0,0,0,0,0,0,0,0,0,0,13,-38,11,-32,11,-39,12,-38,14,-43,13,-37,11,-47,15,-47,14,-45,18,-42,19,-47,16,-43,14,-45,16,-49,12,-49,11,-51,8,-53,13,-46,12,-49,12,-50,11,-50,14,-49,6,-52,7,-51,11,-49,8,-50,9,-55,3,-55,6,-51,6,-54,6,-45,3,-51,7,-48,2,-55,2,-44,5,-48,6,-47,0,-48,7,-47,2,-42,4,-41,3,-40,5,-40,5,-44,8,-40,6,-40,7,-34,7,-40,7,-29,13,-28,10,-28,14,-27,12,-25,13,-25,12,-18,14,-20,14,-16,0,0,0,0,0,0,0,0,0,0,0,0,0,0,0,0,0,0,0,0,0,0,-44,-5,-44,-9,-45,-9,-46,-7,-51,-13,-45,-16,-52,-15,-51,-20,-58,-21,-61,-21,-63,-21,-65,-25,-69,-27,-67,-31,-65,-34,-63,-34,-72,-38,-65,-38,-61,-37,-62,-45,-58,-49,-68,-48,-60,-49,-65,-49,-62,-50,-56,-44,-49,-51,-50,-45,-46,-50,-49,-46,-39,-43,-41,-46,-39,-42,-34,-41,-31,-45,-28,-34,-26,-36,-32,-30,-24,-29,-25,-28,-20,-25,-14,-25,-14,-25,-15,-19,-10,-16,-9,-21,-7,-15,0,-12,2,-14,6,-11,6,-11,12,-4,14,-4,17,-2,19,-7,24,-5,32,-2,0,0]"
CSI_DATA,110,1a:00:00:00:00:00,-38,11,1,0,1,1,1,0,0,0,1,-96,0,11,2,1727960,0,44,0,384,0,"[0,0,0,0,0,0,0,0,0,0,0,0,8,1,8,1,9,1,9,1,9,1,9,1,9,1,9,1,9,1,9,1,9,1,10,1,10,1,9,0,9,0,10,0,10,0,9,0,9,-1,9,-1,9,0,10,-1,9,0,10,-1,10,-1,9,-1,0,0,9,-2,9,-2,9,-2,9,-2,8,-1,9,-2,8,-2,8,-1,8,-2,8,-1,8,-1,8,-1,8,-1,7,-1,7,-1,7,0,7,-1,6,0,6,0,6,0,5,1,5,1,5,1,4,1,4,2,3,2,0,0,0,0,0,0,0,0,0,0,0,0,0,0,-18,-33,-20,-30,-19,-33,-23,-37,-28,-40,-27,-39,-29,-43,-30,-40,-31,-42,-29,-46,-30,-41,-28,-46,-31,-44,-26,-44,-26,-42,-35,-43,-35,-49,-33,-45,-35,-42,-33,-42,-40,-46,-36,-39,-38,-42,-38,-44,-34,-41,-35,-40,-34,-41,-38,-39,-35,-36,-42,-39,-39,-33,-38,-36,-31,-37,-35,-37,-39,-34,-36,-33,-34,-34,-35,-33,-31,-33,-36,-26,-33,-31,-32,-34,-32,-29,-33,-31,-23,-30,-25,-32,-28,-29,-22,-29,-21,-26,-13,-32,-15,-28,-18,-25,-12,-30,-4,-25,-10,-25,-7,-21,-4,-19,0,0,0,0,0,0,0,0,0,0,0,0,0,0,0,0,0,0,0,0,0,0,-32,36,-32,35,-34,32,-36,38,-34,34,-37,36,-40,39,-46,35,-48,42,-55,36,-57,39,-53,44,-57,46,-63,40,-63,34,-67,33,-74,45,-69,32,-72,27,-76,31,-71,28,-81,24,-70,24,-77,22,-78,17,-71,24,-70,16,-74,14,-70,7,-71,14,-57,8,-66,7,-57,6,-50,3,-54,3,-49,3,-46,5,-46,9,-37,5,-38,2,-34,0,-32,2,-29,-2,-24,-2,-18,-1,-24,1,-18,-6,-15,-5,-14,-12,-6,-7,-8,-12,0,-13,3,-17,4,-12,13,-21,9,-24,15,-23,0,0]"
CSI_DATA,111,1a:00:00:00:00:00,-38,11,1,0,1,1,1,0,0,0,1,-96,0,11,2,1738329,0,44,0,384,0,"[0,0,0,0,0,0,0,0,0,0,0,0,-4,7,-4,7,-4,8,-5,8,-5,8,-5,7,-5,8,-5,8,-5,8,-5,8,-5,9,-4,9,-5,9,-4,9,-4,9,-4,9,-4,9,-4,9,-3,9,-4,9,-4,9,-3,9,-3,9,-2,9,-3,10,-3,9,0,0,-2,9,-3,9,-2,10,-2,9,-2,8,-3,9,-2,8,-2,8,-2,8,-2,8,-2,8,-3,7,-2,7,-3,7,-3,6,-3,7,-3,7,-3,6,-3,5,-3,5,-3,4,-4,4,-3,4,-3,3,-4,3,-3,2,0,0,0,0,0,0,0,0,0,0,0,0,0,0,32,-8,43,-14,38,-11,42,-10,50,-15,43,-17,45,-10,44,-14,46,-11,49,-9,52,-13,45,-10,55,-17,51,-13,49,-13,48,-15,54,-19,49,-19,48,-14,49,-18,56,-23,51,-17,46,-18,49,-20,47,-18,47,-21,50,-16,50,-26,49,-21,48,-24,44,-24,47,-21,43,-25,45,-25,39,-24,42,-24,42,-25,43,-27,42,-16,40,-21,39,-23,44,-22,36,-16,42,-20,36,-15,35,-17,37,-12,31,-13,33,-11,29,-7,32,-5,25,-5,26,-7,27,-1,26,-5,27,3,22,2,0,0,0,0,0,0,0,0,0,0,0,0,0,0,0,0,0,0,0,0,0,0,-25,-39,-20,-45,-21,-41,-22,-50,-19,-46,-15,-53,-16,-55,-16,-56,-22,-62,-19,-62,-19,-70,-16,-64,-23,-72,-18,-74,-8,-75,-11,-78,-12,-84,-3,-76,-7,-80,1,-79,4,-80,3,-85,2,-77,0,-82,4,-83,5,-78,11,-73,11,-71,14,-66,13,-69,10,-57,12,-59,16,-56,9,-50,14,-53,12,-44,15,-47,8,-42,9,-35,14,-35,9,-31,11,-27,8,-28,8,-27,6,-18,11,-18,13,-17,12,-8,8,-7,9,-4,10,-1,16,2,13,11,15,12,12,15,11,21,11,25,0,0]"
CSI_DATA,112,1a:00:00:00:00:00,-38,11,1,0,1,1,1,0,0,0,1,-96,0,11,2,1758377,0,44,0,384,0,"[0,0,0,0,0,0,0,0,0,0,0,0,3,7,4,7,4,7,4,8,4,8,3,8,4,8,4,8,4,8,4,8,4,9,5,8,5,9,5,8,4,8,5,8,5,8,5,7,5,7,5,8,5,8,6,8,5,7,6,7,6,8,6,7,0,0,6,7,6,7,6,7,6,6,5,6,5,7,5,6,5,6,5,6,5,6,5,7,4,6,4,6,4,6,4,6,4,6,3,5,3,5,2,5,2,5,2,5,1,5,1,5,1,4,0,4,0,4,0,0,0,0,0,0,0,0,0,0,0,0,0,0,2,-39,10,-37,-1,-41,8,-41,7,-48,8,-47,9,-49,6,-47,11,-45,12,-45,12,-46,14,-49,11,-52,12,-49,12,-52,5,-51,6,-55,5,-56,12,-52,5,-54,3,-56,4,-50,2,-55,8,-49,4,-50,3,-53,7,-54,-2,-54,4,-54,-2,-49,-1,-46,-4,-53,1,-50,-1,-53,-3,-43,-2,-51,1,-43,-1,-45,1,-49,0,-42,-1,-44,4,-42,4,-41,-3,-43,4,-42,5,-35,4,-35,3,-44,10,-28,7,-30,7,-33,6,-27,8,-30,13,-22,13,-24,7,-20,13,-16,0,0,0,0,0,0,0,0,0,0,0,0,0,0,0,0,0,0,0,0,0,0,-43,5,-47,5,-47,1,-51,2,-52,0,-56,-4,-54,-2,-57,-2,-65,-2,-59,-5,-65,-8,-63,-9,-74,-8,-73,-14,-73,-20,-72,-17,-79,-20,-70,-23,-71,-22,-69,-26,-70,-30,-77,-37,-66,-33,-70,-37,-70,-42,-65,-32,-56,-41,-58,-38,-52,-37,-63,-39,-48,-32,-49,-34,-46,-34,-38,-34,-40,-35,-36,-27,-34,-27,-35,-29,-30,-23,-28,-27,-27,-22,-26,-22,-19,-20,-19,-19,-13,-20,-15,-8,-8,-12,-3,-12,-1,-9,4,-14,5,-10,8,-9,12,-8,16,-6,20,-7,22,-7,21,-7,0,0]"
CSI_DATA,113,1a:00:00:00:00:00,-38,11,1,0,1,1,1,0,0,0,1,-96,0,11,2,1767936,0,44,0,384,0,"[0,0,0,0,0,0,0,0,0,0,0,0,1,8,1,8,2,8,1,8,1,9,1,8,1,9,1,8,1,9,1,9,1,9,2,9,1,9,2,9,1,9,3,9,3,9,3,9,3,8,3,9,2,9,3,8,3,8,4,9,4,9,3,8,0,0,4,8,4,9,4,8,4,8,3,7,3,8,3,7,3,7,4,7,3,7,3,7,3,7,2,7,2,6,2,7,2,6,2,6,2,5,1,6,1,5,0,5,0,5,0,5,0,4,-1,4,-1,4,0,0,0,0,0,0,0,0,0,0,0,0,0,0,22,-31,21,-32,14,-35,19,-38,23,-42,25,-40,26,-39,26,-40,26,-42,25,-42,24,-39,25,-41,29,-46,25,-43,27,-44,27,-48,30,-46,23,-46,25,-40,21,-45,19,-51,23,-47,21,-52,17,-50,23,-49,19,-48,21,-48,15,-56,17,-45,18,-47,18,-49,17,-51,15,-46,13,-53,10,-44,14,-43,10,-48,12,-48,17,-46,8,-40,14,-40,16,-38,14,-39,10,-40,16,-37,12,-32,19,-36,17,-37,14,-27,16,-24,16,-28,16,-24,13,-27,17,-23,21,-18,18,-19,17,-12,0,0,0,0,0,0,0,0,0,0,0,0,0,0,0,0,0,0,0,0,0,0,-45,-15,-41,-21,-40,-20,-50,-19,-44,-24,-47,-23,-48,-24,-50,-32,-53,-34,-53,-34,-54,-38,-54,-41,-67,-42,-57,-45,-52,-49,-56,-53,-60,-46,-54,-53,-52,-53,-54,-51,-51,-61,-53,-62,-49,-59,-49,-60,-43,-64,-46,-60,-40,-55,-35,-62,-37,-59,-42,-59,-27,-52,-33,-51,-30,-51,-27,-44,-22,-43,-25,-42,-20,-42,-20,-38,-15,-32,-18,-33,-14,-30,-8,-28,-12,-25,-10,-25,-5,-19,-6,-15,-3,-20,2,-11,5,-12,5,-10,8,-8,10,-2,15,-2,15,0,21,-1,24,1,27,8,0,0]"
CSI_DATA,114,1a:00:00:00:00:00,-38,11,1,0,1,1,1,0,0,0,1,-96,0,11,2,1780958,0,44,0,384,0,"[0,0,0,0,0,0,0,0,0,0,0,0,6,4,7,4,7,4,8,5,7,5,7,5,7,5,7,5,8,5,7,5,8,5,8,4,8,5,8,4,8,5,9,4,9,3,8,3,8,3,8,3,8,4,9,3,8,3,9,3,9,3,9,3,0,0,9,3,9,3,9,2,9,2,8,2,8,2,8,2,7,2,8,2,7,2,7,3,7,3,7,3,6,3,6,3,6,3,6,3,5,3,5,3,5,3,4,3,4,3,3,3,3,3,3,3,2,3,0,0,0,0,0,0,0,0,0,0,0,0,0,0,-18,-34,-12,-40,-19,-41,-16,-45,-17,-43,-17,-49,-21,-45,-21,-45,-18,-50,-18,-49,-20,-47,-19,-45,-19,-54,-19,-49,-16,-52,-22,-54,-23,-57,-24,-48,-21,-50,-22,-46,-30,-51,-25,-49,-25,-48,-23,-49,-23,-44,-23,-47,-26,-47,-32,-48,-27,-47,-33,-46,-26,-43,-30,-44,-29,-44,-28,-46,-29,-39,-27,-43,-21,-43,-27,-46,-25,-45,-26,-34,-27,-38,-27,-41,-19,-40,-22,-36,-19,-40,-20,-37,-20,-36,-17,-33,-14,-32,-13,-33,-12,-31,-12,-27,-9,-27,-4,-26,3,-27,2,-23,-1,-26,0,0,0,0,0,0,0,0,0,0,0,0,0,0,0,0,0,0,0,0,0,0,-34,28,-37,29,-39,27,-46,25,-48,29,-47,30,-50,32,-50,25,-54,34,-57,27,-64,27,-62,29,-64,37,-66,27,-73,21,-74,16,-78,28,-74,18,-79,11,-77,18,-77,14,-85,10,-77,14,-83,7,-80,5,-77,8,-71,-4,-71,0,-71,-3,-72,-1,-59,-5,-66,-6,-58,-6,-52,-2,-54,-6,-46,-3,-42,-7,-40,-4,-41,-8,-39,-6,-32,-11,-29,-7,-25,-6,-29,-7,-20,-6,-10,-13,-12,-9,-9,-12,-9,-8,-3,-12,-1,-13,1,-9,5,-15,12,-9,14,-20,20,-16,20,-19,0,0]"
CSI_DATA,115,1a:00:00:00:00:00,-38,11,1,0,1,1,1,0,0,0,1,-96,0,11,2,1790138,0,44,0,384,0,"[0,0,0,0,0,0,0,0,0,0,0,0,-5,-7,-5,-7,-6,-7,-6,-7,-6,-7,-5,-7,-6,-7,-6,-7,-6,-7,-6,-7,-6,-8,-7,-8,-6,-8,-7,-7,-6,-7,-8,-7,-7,-7,-7,-7,-7,-6,-7,-7,-7,-7,-8,-6,-7,-6,-8,-6,-8,-6,-8,-6,0,0,-8,-5,-8,-6,-8,-5,-8,-5,-7,-6,-7,-5,-7,-5,-7,-5,-7,-5,-7,-5,-7,-5,-6,-5,-6,-5,-6,-5,-6,-5,-6,-5,-5,-5,-5,-5,-5,-5,-4,-4,-4,-5,-3,-4,-3,-4,-3,-5,-2,-5,-2,-4,0,0,0,0,0,0,0,0,0,0,0,0,0,0,-2,31,7,37,4,38,-3,44,-1,45,-4,43,-2,46,-1,51,-4,50,-6,50,-3,47,-3,47,-3,54,-2,52,-6,48,-5,52,3,55,2,51,-2,51,1,49,5,54,0,51,7,49,5,51,3,48,6,50,9,49,13,54,8,51,8,54,15,44,11,47,12,47,14,52,14,42,11,46,12,43,14,43,5,43,11,39,8,37,5,36,6,46,6,42,7,41,11,39,3,35,3,34,0,36,3,31,-1,30,-1,30,-3,27,-5,23,-8,29,-6,22,-6,19,0,0,0,0,0,0,0,0,0,0,0,0,0,0,0,0,0,0,0,0,0,0,43,-4,45,1,47,-4,50,-3,50,2,51,2,53,1,56,7,60,2,61,5,66,9,64,4,72,10,73,17,73,22,68,19,77,13,70,22,70,26,68,28,70,29,73,29,68,28,70,32,64,37,66,36,60,39,58,37,56,36,59,33,46,27,53,34,45,30,43,30,42,32,36,25,28,24,34,21,33,23,27,23,27,24,23,19,18,18,15,16,11,11,11,10,8,9,6,13,4,10,3,8,-9,11,-8,11,-12,10,-21,9,-20,6,-23,6,-27,5,0,0]"
CSI_DATA,116,1a:00:00:00:00:00,-38,11,1,0,1,1,1,0,0,0,1,-96,0,11,2,1797968,0,44,0,384,0,"[0,0,0,0,0,0,0,0,0,0,0,0,4,-7,4,-7,4,-8,5,-8,5,-8,5,-8,5,-8,5,-8,5,-8,5,-8,5,-9,5,-9,5,-9,4,-9,5,-9,5,-9,4,-9,4,-9,4,-9,4,-9,4,-9,4,-9,4,-8,3,-10,4,-10,3,-10,0,0,3,-9,4,-9,3,-10,3,-9,3,-9,3,-9,3,-9,3,-8,2,-8,3,-8,3,-8,3,-8,3,-7,3,-7,3,-7,3,-7,3,-6,3,-6,3,-5,3,-5,3,-5,3,-4,3,-4,3,-3,3,-3,3,-3,0,0,0,0,0,0,0,0,0,0,0,0,0,0,-38,1,-38,1,-40,2,-39,5,-51,5,-43,0,-45,4,-47,1,-49,1,-47,-4,-50,1,-50,1,-51,2,-55,2,-51,1,-53,5,-55,5,-52,9,-51,3,-53,10,-54,11,-52,4,-47,11,-52,4,-47,4,-51,10,-52,7,-52,18,-51,7,-52,14,-49,11,-48,12,-50,7,-49,17,-49,14,-44,12,-43,7,-42,11,-44,9,-43,10,-46,10,-46,8,-39,11,-40,4,-41,3,-40,2,-41,1,-42,3,-30,1,-31,1,-38,-3,-29,-5,-28,-7,-29,-5,-24,-4,-24,-9,-16,-10,0,0,0,0,0,0,0,0,0,0,0,0,0,0,0,0,0,0,0,0,0,0,21,39,16,40,15,40,17,45,13,51,13,49,10,46,11,54,13,64,10,60,12,65,12,65,12,71,10,66,0,73,1,78,6,79,-5,75,-5,77,-9,73,-11,77,-17,78,-16,71,-10,71,-20,76,-14,72,-21,68,-19,66,-22,61,-19,67,-18,53,-23,57,-22,50,-17,44,-22,47,-23,47,-20,41,-15,36,-14,33,-18,30,-16,28,-18,27,-13,23,-13,19,-13,15,-15,15,-14,12,-11,7,-8,2,-13,1,-10,-4,-9,-4,-13,-13,-11,-10,-12,-16,-8,-18,-13,-26,0,0]"
CSI_DATA,117,1a:00:00:00:00:00,-38,11,1,0,1,1,1,0,0,0,1,-96,0,11,2,1807960,0,44,0,384,0,"[0,0,0,0,0,0,0,0,0,0,0,0,-6,-7,-6,-7,-6,-7,-7,-8,-6,-7,-6,-8,-7,-8,-6,-8,-7,-8,-6,-7,-7,-8,-7,-8,-7,-8,-7,-8,-7,-7,-8,-7,-8,-7,-8,-7,-8,-7,-8,-7,-7,-7,-8,-6,-8,-6,-8,-7,-8,-7,-8,-7,0,0,-8,-6,-8,-6,-9,-6,-8,-5,-8,-6,-8,-6,-8,-5,-7,-5,-8,-5,-7,-5,-7,-6,-7,-6,-6,-5,-6,-5,-6,-5,-6,-6,-6,-5,-5,-5,-5,-5,-4,-5,-4,-5,-4,-5,-3,-5,-3,-5,-2,-5,-2,-4,0,0,0,0,0,0,0,0,0,0,0,0,0,0,10,37,5,40,4,41,4,39,7,50,5,44,6,41,12,50,4,46,6,51,6,47,6,46,7,54,4,49,2,46,12,48,12,54,10,51,8,50,12,52,13,52,7,47,17,49,13,48,10,47,13,48,17,44,18,50,15,49,15,41,17,46,21,46,16,46,22,48,21,37,17,47,15,44,19,43,11,46,14,39,15,37,10,40,11,38,12,41,12,39,10,37,13,36,7,33,9,32,6,27,4,32,4,31,1,28,-2,25,-2,25,-5,25,-5,16,0,0,0,0,0,0,0,0,0,0,0,0,0,0,0,0,0,0,0,0,0,0,39,-15,42,-12,39,-16,49,-13,46,-12,52,-9,47,-12,60,-7,62,-14,61,-8,67,-6,62,-10,71,-14,69,-7,74,0,73,-1,77,-6,73,6,76,7,75,9,73,11,81,12,73,11,77,14,72,16,74,11,64,25,69,20,63,19,67,20,49,21,61,22,52,21,48,14,49,21,45,21,38,18,40,14,30,14,31,13,32,14,24,10,24,11,19,9,13,8,13,10,9,14,4,12,9,11,3,8,3,12,-13,7,-10,8,-13,10,-16,14,-21,10,-24,7,0,0]"
CSI_DATA,118,1a:00:00:00:00:00,-38,11,1,0,1,1,1,0,0,0,1,-96,0,11,2,1818012,0,44,0,384,0,"[0,0,0,0,0,0,0,0,0,0,0,0,-5,-8,-5,-8,-5,-8,-5,-9,-5,-9,-5,-9,-5,-9,-5,-8,-5,-8,-5,-8,-5,-9,-6,-9,-6,-9,-6,-9,-5,-8,-7,-9,-6,-8,-6,-8,-6,-8,-6,-8,-6,-8,-6,-8,-6,-8,-7,-8,-7,-8,-7,-8,0,0,-7,-7,-7,-8,-7,-8,-7,-7,-6,-7,-7,-7,-6,-7,-6,-7,-6,-7,-6,-7,-6,-7,-5,-7,-5,-6,-5,-6,-5,-6,-5,-7,-5,-6,-4,-6,-4,-6,-3,-6,-3,-6,-2,-6,-2,-5,-2,-5,-1,-5,-1,-5,0,0,0,0,0,0,0,0,0,0,0,0,0,0,-10,36,-9,32,-4,38,-8,40,-8,45,-12,46,-8,48,-16,50,-10,44,-14,44,-13,46,-11,48,-13,48,-12,47,-14,47,-9,47,-10,55,-6,49,-7,47,-10,47,-7,55,-11,49,-1,49,-7,49,-4,48,-7,54,-1,52,1,52,0,52,-1,52,-2,45,-1,48,-3,44,1,49,4,44,-1,47,3,47,3,48,-6,45,-2,44,-1,38,-2,40,-2,42,-4,42,-2,43,-4,39,-7,35,-6,37,-4,33,-7,27,-6,31,-11,28,-8,27,-13,21,-13,22,-15,19,-12,17,0,0,0,0,0,0,0,0,0,0,0,0,0,0,0,0,0,0,0,0,0,0,44,-7,45,-7,46,-1,52,-2,49,1,52,4,52,1,56,6,63,4,65,7,63,7,66,7,74,7,70,15,73,25,64,21,77,17,68,25,70,21,68,29,70,30,76,31,64,29,68,34,71,39,67,32,58,42,57,41,52,41,59,36,44,33,49,40,43,33,45,33,40,36,33,29,32,30,31,29,31,23,29,22,21,21,19,23,19,18,14,19,9,13,7,10,10,13,2,14,1,11,-2,10,-3,9,-10,8,-15,6,-12,6,-16,6,-24,4,-30,0,0,0]"
CSI_DATA,119,1a:00:00:00:00:00,-38,11,1,0,1,1,1,0,0,0,1,-96,0,11,2,1827964,0,44,0,384,0,"[0,0,0,0,0,0,0,0,0,0,0,0,-3,7,-4,7,-3,8,-4,8,-4,8,-4,8,-4,8,-4,8,-4,8,-3,8,-4,8,-3,9,-4,9,-3,9,-3,9,-3,9,-3,9,-3,9,-2,9,-3,9,-3,9,-2,9,-2,8,-2,10,-2,9,-2,9,0,0,-1,9,-2,9,-1,9,-1,9,-2,8,-2,9,-1,8,-1,8,-1,8,-1,8,-2,8,-2,7,-2,7,-2,7,-2,6,-2,7,-2,6,-2,6,-2,6,-3,5,-3,5,-3,4,-3,4,-3,4,-3,3,-3,3,0,0,0,0,0,0,0,0,0,0,0,0,0,0,38,-14,37,-6,35,-11,41,-11,40,-11,46,-10,45,-9,51,-13,44,-9,45,-9,43,-12,48,-10,54,-16,47,-12,48,-10,46,-18,55,-17,47,-18,49,-15,50,-16,50,-22,49,-16,47,-18,46,-15,46,-17,49,-19,44,-19,43,-21,44,-22,46,-26,43,-23,47,-19,42,-21,44,-24,42,-20,43,-21,38,-18,44,-23,40,-18,40,-23,38,-17,39,-14,35,-18,40,-18,38,-18,35,-11,33,-12,32,-10,32,-8,31,-7,32,-8,27,-4,30,-3,28,0,23,0,27,5,21,4,0,0,0,0,0,0,0,0,0,0,0,0,0,0,0,0,0,0,0,0,0,0,-23,-40,-19,-40,-19,-40,-19,-45,-21,-48,-15,-51,-18,-51,-13,-50,-21,-61,-19,-57,-21,-65,-23,-64,-22,-70,-18,-75,-11,-74,-13,-71,-13,-84,-7,-74,-7,-74,0,-73,-1,-74,-2,-82,4,-76,5,-77,8,-76,6,-79,18,-69,11,-71,11,-62,10,-69,9,-58,10,-61,13,-58,13,-52,16,-49,10,-46,15,-40,11,-43,7,-37,12,-37,6,-33,9,-29,9,-28,10,-22,12,-16,5,-15,6,-11,10,-8,9,-9,15,2,8,0,11,5,12,10,3,7,11,14,9,14,15,18,0,0]"
CSI_DATA,120,1a:00:00:00:00:00,-38,11,1,0,1,1,1,0,0,0,1,-96,0,11,2,1849516,0,44,0,384,0,"[0,0,0,0,0,0,0,0,0,0,0,0,4,6,4,6,5,6,5,8,4,7,4,7,5,7,4,7,4,7,5,7,5,8,5,7,5,8,6,7,5,7,6,7,6,7,6,7,6,7,6,7,6,7,6,7,5,6,7,6,7,6,6,6,0,0,7,6,6,6,7,6,7,5,6,5,6,6,6,5,5,5,6,5,6,5,6,5,5,5,5,5,5,5,4,5,4,5,4,5,4,5,3,5,3,4,2,5,2,5,1,4,1,4,1,4,0,4,0,0,0,0,0,0,0,0,0,0,0,0,0,0,1,-39,2,-35,3,-42,7,-42,1,-47,8,-51,8,-49,8,-52,5,-48,6,-50,1,-52,6,-46,3,-51,11,-51,7,-53,3,-56,4,-59,2,-57,5,-53,6,-54,3,-60,3,-54,-3,-53,1,-55,-1,-54,-1,-54,-2,-52,-7,-54,-4,-50,-9,-52,-7,-46,-8,-52,2,-47,-7,-53,-7,-45,-3,-50,-7,-51,-6,-49,-6,-48,-8,-46,-1,-41,-3,-42,1,-44,0,-46,0,-43,-2,-42,2,-40,-1,-41,2,-35,3,-34,4,-31,5,-31,7,-28,9,-25,9,-27,11,-21,12,-21,0,0,0,0,0,0,0,0,0,0,0,0,0,0,0,0,0,0,0,0,0,0,-44,10,-47,6,-47,3,-54,-1,-56,-2,-55,-2,-55,-1,-58,-3,-63,0,-61,-4,-68,-8,-67,-7,-77,-2,-72,-12,-77,-14,-72,-19,-84,-18,-73,-22,-75,-23,-73,-24,-74,-27,-75,-34,-66,-30,-75,-29,-70,-36,-71,-31,-58,-37,-66,-37,-57,-36,-62,-33,-44,-32,-56,-34,-46,-36,-46,-30,-39,-32,-47,-26,-31,-24,-35,-27,-33,-20,-32,-24,-29,-23,-25,-16,-21,-17,-20,-14,-12,-16,-12,-8,-8,-12,-7,-12,-4,-13,2,-11,-2,-12,3,-12,14,-13,12,-9,20,-3,21,-5,24,-3,0,0]"
CSI_DATA,121,1a:00:00:00:00:00,-38,11,1,0,1,1,1,0,0,0,1,-96,0,11,2,1878055,0,44,0,384,0,"[0,0,0,0,0,0,0,0,0,0,0,0,5,-7,5,-7,5,-8,5,-7,6,-8,5,-7,5,-8,5,-8,5,-8,5,-8,6,-8,5,-9,5,-8,5,-9,5,-8,5,-10,4,-9,5,-9,4,-9,4,-9,4,-9,4,-10,4,-9,4,-10,4,-10,4,-9,0,0,3,-9,4,-10,3,-9,3,-10,3,-9,3,-9,3,-9,3,-9,2,-9,3,-9,3,-8,3,-8,3,-8,3,-7,3,-7,3,-7,3,-7,3,-6,3,-6,3,-6,3,-5,3,-5,4,-4,3,-4,3,-3,3,-3,0,0,0,0,0,0,0,0,0,0,0,0,0,0,-33,10,-44,14,-42,19,-39,9,-45,12,-42,9,-46,14,-47,12,-45,13,-42,11,-50,13,-49,11,-55,12,-51,15,-50,12,-53,12,-55,20,-49,15,-46,14,-52,17,-49,18,-52,18,-45,21,-49,18,-48,15,-49,20,-50,22,-45,30,-44,22,-49,24,-44,23,-47,26,-46,24,-45,22,-44,27,-41,23,-36,24,-41,24,-42,19,-42,21,-40,22,-39,20,-37,19,-41,19,-35,15,-45,16,-35,14,-37,13,-31,10,-33,8,-34,6,-31,3,-28,6,-27,0,-25,4,-27,-4,-25,-5,0,0,0,0,0,0,0,0,0,0,0,0,0,0,0,0,0,0,0,0,0,0,29,38,23,39,26,43,24,39,25,47,22,48,19,52,22,52,27,60,25,61,19,65,20,61,23,72,21,73,13,71,17,73,15,78,11,76,10,73,0,74,-3,76,10,85,1,79,0,81,-4,78,2,79,-10,74,-7,72,-13,72,-6,66,-7,59,-11,55,-19,56,-11,52,-11,50,-7,49,-12,44,-12,43,-5,37,-8,38,-10,31,-7,31,-11,23,-10,21,-7,21,-3,13,-9,14,-10,5,-10,12,-13,0,-16,0,-15,-1,-14,-7,-14,-10,-12,-10,-17,-19,-14,-25,0,0]"
CSI_DATA,122,1a:00:00:00:00:00,-38,11,1,0,1,1,1,0,0,0,1,-96,0,11,2,1887960,0,44,0,384,0,"[0,0,0,0,0,0,0,0,0,0,0,0,-3,7,-3,8,-3,8,-4,8,-4,8,-4,8,-4,8,-4,8,-4,8,-3,8,-4,9,-3,9,-4,9,-3,9,-3,8,-3,10,-3,9,-3,9,-2,9,-3,9,-3,9,-2,9,-2,9,-1,9,-2,9,-2,9,0,0,-1,9,-1,9,-1,9,-1,9,-2,8,-2,9,-2,8,-2,8,-1,8,-1,8,-1,8,-2,7,-2,7,-2,7,-2,7,-2,7,-2,7,-2,6,-3,6,-3,5,-3,5,-3,4,-3,4,-3,4,-3,3,-3,3,0,0,0,0,0,0,0,0,0,0,0,0,0,0,32,-21,29,-12,37,-25,31,-22,39,-22,40,-24,41,-18,48,-22,39,-23,47,-25,47,-22,40,-20,44,-21,45,-23,47,-25,47,-26,48,-26,41,-28,38,-24,44,-30,44,-36,42,-25,41,-33,41,-32,36,-29,43,-30,39,-30,34,-36,38,-31,41,-33,39,-31,35,-32,34,-32,37,-34,31,-35,31,-35,34,-34,30,-32,30,-28,33,-27,30,-25,37,-22,32,-28,33,-26,32,-23,31,-21,34,-18,29,-21,33,-16,28,-14,32,-16,26,-10,28,-12,23,-10,21,-4,19,-3,21,-5,0,0,0,0,0,0,0,0,0,0,0,0,0,0,0,0,0,0,0,0,0,0,-30,-32,-34,-37,-30,-34,-31,-37,-25,-40,-31,-48,-29,-43,-26,-44,-35,-52,-34,-54,-31,-58,-37,-60,-36,-63,-30,-65,-27,-67,-28,-69,-34,-74,-25,-70,-24,-72,-23,-72,-20,-71,-20,-77,-15,-73,-16,-73,-11,-73,-17,-75,-6,-68,-8,-73,-7,-63,-5,-68,-4,-55,-2,-61,1,-55,-1,-51,1,-52,-1,-45,3,-44,-2,-46,3,-38,7,-36,0,-34,2,-31,6,-25,2,-22,5,-23,0,-26,5,-17,9,-13,8,-13,8,-4,10,0,10,-2,16,2,13,5,14,12,15,19,16,18,0,0]"
CSI_DATA,123,1a:00:00:00:00:00,-38,11,1,0,1,1,1,0,0,0,1,-96,0,11,2,1898081,0,44,0,384,0,"[0,0,0,0,0,0,0,0,0,0,0,0,-6,-6,-6,-6,-6,-6,-6,-7,-6,-7,-6,-7,-7,-7,-6,-7,-7,-7,-7,-7,-7,-7,-7,-7,-7,-7,-7,-6,-7,-6,-8,-6,-8,-6,-7,-6,-8,-6,-8,-6,-7,-6,-8,-6,-8,-5,-8,-5,-8,-6,-8,-5,0,0,-8,-5,-9,-5,-8,-5,-8,-4,-8,-5,-8,-4,-8,-4,-7,-4,-8,-4,-7,-4,-7,-5,-7,-5,-7,-4,-6,-4,-6,-4,-6,-5,-6,-4,-6,-4,-5,-5,-5,-4,-4,-5,-4,-5,-3,-4,-3,-4,-3,-4,-2,-4,0,0,0,0,0,0,0,0,0,0,0,0,0,0,6,42,1,35,15,40,4,45,8,46,2,50,3,47,4,46,7,48,2,50,3,51,0,48,4,54,4,53,9,55,8,47,8,57,11,52,6,52,8,51,13,54,8,52,12,49,5,54,8,49,10,52,11,47,18,52,13,50,19,50,16,45,12,51,11,46,17,48,19,43,11,45,13,46,16,43,13,47,15,37,10,42,10,38,9,40,12,42,4,42,11,40,6,35,3,35,1,33,2,30,2,29,2,31,-3,30,-2,23,-6,20,-5,18,-8,18,0,0,0,0,0,0,0,0,0,0,0,0,0,0,0,0,0,0,0,0,0,0,37,-26,40,-19,43,-17,46,-24,46,-15,53,-17,50,-15,52,-17,63,-26,59,-13,60,-17,64,-17,70,-21,77,-15,73,-1,73,-12,81,-12,79,-2,77,-1,81,5,80,5,82,7,77,4,77,2,79,11,74,5,71,17,70,16,65,17,66,15,58,12,63,18,55,17,49,12,47,21,43,14,40,19,39,12,36,15,32,10,33,17,26,13,22,7,22,9,18,7,8,18,12,13,5,12,4,10,-1,13,-4,7,-7,15,-4,10,-12,9,-19,14,-21,9,-27,12,0,0]"
CSI_DATA,124,1a:00:00:00:00:00,-38,11,1,0,1,1,1,0,0,0,1,-96,0,11,2,1907955,0,44,0,384,0,"[0,0,0,0,0,0,0,0,0,0,0,0,7,-3,8,-3,8,-3,9,-3,9,-3,9,-3,9,-3,8,-3,9,-3,8,-3,9,-4,9,-4,9,-4,8,-4,9,-4,9,-5,9,-5,8,-4,8,-5,9,-5,8,-4,8,-5,8,-5,8,-6,9,-6,8,-5,0,0,8,-6,8,-6,8,-6,7,-6,7,-5,8,-5,7,-5,7,-5,7,-5,7,-5,7,-5,7,-4,6,-4,6,-4,6,-4,7,-4,6,-3,6,-3,6,-3,5,-2,5,-2,5,-2,5,-1,5,-1,4,0,4,0,0,0,0,0,0,0,0,0,0,0,0,0,0,0,-36,-20,-39,-20,-39,-15,-42,-21,-38,-22,-41,-22,-41,-19,-41,-23,-43,-25,-40,-29,-41,-25,-44,-26,-48,-26,-44,-27,-43,-27,-48,-24,-50,-30,-45,-23,-44,-23,-48,-20,-51,-19,-48,-19,-48,-17,-47,-18,-46,-21,-49,-22,-49,-20,-49,-16,-47,-17,-52,-17,-44,-17,-48,-14,-43,-21,-49,-13,-50,-12,-41,-14,-46,-14,-47,-10,-37,-15,-43,-10,-43,-12,-43,-13,-39,-18,-40,-16,-34,-16,-36,-14,-33,-16,-34,-12,-26,-16,-31,-13,-28,-18,-23,-22,-22,-19,-19,-21,-19,-19,-15,-18,-13,-18,0,0,0,0,0,0,0,0,0,0,0,0,0,0,0,0,0,0,0,0,0,0,-9,42,-7,45,-12,46,-14,44,-13,46,-19,50,-18,47,-17,52,-22,59,-25,56,-30,58,-32,59,-28,67,-33,66,-42,56,-40,66,-37,72,-47,64,-47,57,-45,56,-48,56,-57,60,-57,58,-55,57,-58,52,-54,54,-59,45,-57,43,-55,39,-48,39,-46,37,-51,33,-49,31,-43,28,-47,28,-44,29,-36,23,-32,22,-35,16,-34,17,-24,13,-29,19,-25,10,-20,12,-21,5,-13,8,-14,3,-12,-2,-13,-2,-13,-4,-11,-7,-5,-14,-1,-19,1,-13,-2,-21,-2,-20,2,-28,0,0]"
CSI_DATA,125,1a:00:00:00:00:00,-38,11,1,0,1,1,1,0,0,0,1,-96,0,11,2,1918119,0,44,0,384,0,"[0,0,0,0,0,0,0,0,0,0,0,0,-8,2,-8,2,-9,2,-9,2,-9,2,-9,1,-9,2,-9,2,-9,2,-9,2,-10,2,-10,3,-9,2,-9,3,-9,2,-10,3,-9,3,-9,3,-9,3,-9,3,-9,3,-9,3,-9,3,-9,4,-9,4,-9,4,0,0,-8,4,-9,4,-8,4,-8,4,-8,4,-8,4,-8,4,-8,3,-7,4,-8,3,-8,3,-8,3,-7,3,-7,2,-7,2,-7,2,-7,2,-6,2,-6,1,-6,1,-6,1,-6,0,-6,0,-5,-1,-5,-1,-4,-1,0,0,0,0,0,0,0,0,0,0,0,0,0,0,36,8,36,14,41,17,38,18,38,18,43,21,46,15,45,18,45,18,43,22,48,13,42,20,45,20,42,24,43,24,52,17,50,19,46,21,45,16,51,15,54,17,47,19,49,12,50,12,45,12,49,13,49,15,50,14,50,17,50,8,43,10,48,7,45,11,50,7,52,6,42,10,48,7,46,4,39,7,43,3,41,5,40,17,35,12,38,12,35,9,39,10,39,17,33,14,31,13,31,15,31,13,29,13,21,13,22,16,16,20,18,19,13,18,0,0,0,0,0,0,0,0,0,0,0,0,0,0,0,0,0,0,0,0,0,0,3,-43,5,-46,3,-45,4,-46,8,-52,15,-53,8,-53,9,-62,7,-64,17,-56,22,-57,22,-62,19,-68,30,-64,30,-62,32,-69,32,-72,42,-69,40,-66,34,-67,44,-67,41,-66,44,-61,47,-65,55,-60,45,-58,52,-47,47,-53,50,-48,46,-46,45,-44,43,-40,40,-41,35,-33,39,-31,36,-33,34,-32,31,-33,29,-23,28,-24,23,-19,23,-17,22,-15,19,-13,19,-10,19,-13,13,-3,16,-5,15,3,12,2,9,2,6,7,3,13,8,15,1,20,1,19,-3,22,0,0]"
CSI_DATA,126,1a:00:00:00:00:00,-38,11,1,0,1,1,1,0,0,0,1,-96,0,11,2,1927934,0,44,0,384,0,"[0,0,0,0,0,0,0,0,0,0,0,0,-8,-3,-8,-3,-9,-3,-9,-4,-9,-3,-9,-4,-9,-3,-9,-3,-10,-3,-9,-3,-10,-4,-10,-3,-10,-3,-10,-3,-9,-3,-11,-2,-10,-2,-10,-2,-10,-2,-10,-2,-10,-2,-10,-2,-10,-2,-10,-1,-10,-1,-10,-1,0,0,-10,-1,-10,-1,-10,0,-10,0,-9,-1,-9,-1,-9,0,-9,-1,-9,-1,-9,-1,-9,-1,-8,-1,-8,-1,-8,-1,-8,-2,-8,-1,-8,-2,-7,-2,-7,-2,-6,-2,-6,-2,-6,-2,-5,-3,-5,-2,-4,-3,-4,-3,0,0,0,0,0,0,0,0,0,0,0,0,0,0,17,31,22,26,24,29,22,31,26,33,23,38,23,34,25,38,23,36,27,44,24,38,23,40,29,44,26,43,29,41,27,40,28,44,29,42,28,42,32,39,39,42,31,40,32,34,35,38,27,38,32,35,31,36,37,40,36,39,38,37,33,35,35,34,34,37,35,36,35,27,33,33,38,31,29,32,30,33,33,24,33,26,28,29,30,29,24,28,23,30,27,29,23,27,22,27,20,27,20,27,15,25,11,23,10,23,11,29,7,21,4,20,4,22,0,0,0,0,0,0,0,0,0,0,0,0,0,0,0,0,0,0,0,0,0,0,26,-33,37,-31,29,-35,32,-34,37,-34,43,-35,40,-35,47,-37,47,-40,49,-37,51,-38,57,-38,58,-43,61,-37,59,-34,64,-38,66,-40,67,-32,71,-31,71,-29,75,-25,75,-26,71,-22,76,-24,77,-22,74,-22,68,-16,65,-13,65,-11,70,-13,50,-9,61,-9,56,-9,50,-3,50,-2,44,-4,43,-1,43,-5,35,-5,36,-3,33,-1,25,2,27,-4,21,-1,20,3,11,0,17,4,12,5,9,6,4,12,0,9,3,10,-5,13,-6,16,-11,18,-15,15,-15,14,0,0]"
CSI_DATA,127,1a:00:00:00:00:00,-38,11,1,0,1,1,1,0,0,0,1,-96,0,11,2,1938709,0,44,0,384,0,"[0,0,0,0,0,0,0,0,0,0,0,0,-9,0,-9,0,-10,0,-10,0,-10,0,-10,0,-10,0,-10,0,-10,0,-10,0,-11,0,-11,1,-11,0,-11,1,-10,1,-11,2,-11,1,-10,1,-10,2,-10,2,-10,1,-10,2,-10,2,-11,2,-10,2,-10,2,0,0,-10,3,-10,3,-10,3,-10,3,-9,2,-9,3,-9,3,-9,2,-9,3,-9,2,-9,2,-8,2,-8,2,-8,1,-8,1,-8,1,-8,1,-7,1,-7,0,-7,0,-7,-1,-6,-1,-6,-1,-6,-1,-5,-2,-5,-2,0,0,0,0,0,0,0,0,0,0,0,0,0,0,30,22,27,28,26,29,28,34,28,35,30,34,35,32,34,38,31,37,25,37,30,41,32,37,34,40,31,37,36,39,38,31,39,39,39,38,35,38,36,35,47,35,36,33,37,34,36,35,36,32,41,34,36,37,42,31,43,34,45,33,39,24,40,30,35,29,41,26,41,25,35,29,36,28,35,23,33,32,38,27,30,24,36,30,27,27,30,26,30,29,25,30,29,27,27,27,22,22,22,28,21,31,16,25,18,21,9,25,10,23,12,21,6,21,0,0,0,0,0,0,0,0,0,0,0,0,0,0,0,0,0,0,0,0,0,0,16,-44,19,-42,22,-45,25,-44,23,-43,31,-42,31,-44,34,-45,37,-53,43,-47,42,-55,41,-53,49,-61,51,-55,57,-52,52,-52,57,-62,61,-52,62,-50,58,-44,62,-38,70,-46,63,-42,68,-42,67,-40,64,-45,65,-26,67,-30,63,-25,66,-24,50,-23,58,-23,56,-17,48,-15,52,-9,44,-17,37,-14,37,-12,40,-12,34,-11,34,-6,31,-8,28,-7,22,-8,20,-5,19,1,17,-2,11,0,11,6,7,7,2,11,3,10,-2,16,-3,18,-10,19,-10,26,-11,30,0,0]"
CSI_DATA,128,1a:00:00:00:00:00,-38,11,1,0,1,1,1,0,0,0,1,-96,0,11,2,1958196,0,44,0,384,0,"[0,0,0,0,0,0,0,0,0,0,0,0,6,4,6,4,7,4,7,5,6,5,6,5,7,5,6,4,7,5,7,4,7,5,8,4,7,5,8,4,7,5,8,4,8,4,7,4,8,4,8,4,7,4,8,4,8,3,8,3,8,3,8,3,0,0,8,3,8,3,8,3,8,2,7,3,7,3,7,2,7,3,7,2,7,2,7,3,6,3,6,2,6,3,6,3,6,3,5,3,5,3,5,3,4,3,4,3,3,3,3,3,3,3,2,3,2,3,0,0,0,0,0,0,0,0,0,0,0,0,0,0,-7,-43,-4,-37,-8,-36,-2,-42,-5,-46,-2,-45,1,-44,2,-52,-4,-48,3,-50,-2,-54,-4,-49,-5,-59,-1,-47,-4,-54,-4,-50,-3,-58,-9,-52,-3,-53,-8,-52,-10,-54,-6,-49,-11,-50,-8,-51,-7,-48,-6,-50,-10,-44,-11,-52,-11,-51,-16,-50,-10,-50,-10,-50,-6,-49,-12,-48,-10,-44,-7,-47,-6,-46,-9,-45,-6,-43,-10,-40,-10,-41,-7,-37,-2,-45,-1,-44,-5,-39,-4,-38,-2,-35,-4,-39,-3,-40,-1,-30,2,-34,4,-29,5,-28,10,-28,10,-24,7,-24,7,-21,0,0,0,0,0,0,0,0,0,0,0,0,0,0,0,0,0,0,0,0,0,0,-34,22,-43,21,-41,20,-45,25,-48,21,-50,20,-49,16,-52,19,-58,23,-60,19,-63,18,-60,16,-71,22,-75,16,-74,7,-75,6,-79,13,-77,2,-76,3,-77,-1,-74,2,-86,-8,-71,-6,-76,-9,-75,-13,-78,-7,-66,-12,-69,-16,-66,-17,-67,-17,-50,-16,-57,-14,-52,-18,-52,-20,-51,-20,-45,-12,-41,-13,-44,-15,-36,-14,-32,-14,-33,-17,-31,-11,-25,-14,-20,-12,-17,-9,-12,-13,-9,-9,-7,-12,-3,-9,-6,-11,2,-9,7,-15,11,-7,12,-11,16,-19,15,-13,23,-5,0,0]"
CSI_DATA,129,1a:00:00:00:00:00,-38,11,1,0,1,1,1,0,0,0,1,-96,0,11,2,1980265,0,44,0,384,0,"[0,0,0,0,0,0,0,0,0,0,0,0,7,0,8,0,8,0,9,1,8,1,9,1,9,1,9,1,9,1,8,0,9,0,9,0,9,0,9,0,9,0,10,-1,10,-1,9,-1,9,-1,9,-1,9,0,9,-1,8,-1,9,-2,9,-2,9,-2,0,0,9,-2,9,-2,9,-2,9,-2,8,-2,8,-2,8,-2,8,-2,8,-2,7,-1,8,-1,7,-1,7,-1,7,-1,7,-1,7,-1,6,-1,6,0,6,0,5,0,5,1,5,1,4,1,4,1,4,2,3,2,0,0,0,0,0,0,0,0,0,0,0,0,0,0,-19,-26,-33,-29,-28,-29,-27,-32,-28,-39,-29,-38,-31,-39,-32,-42,-33,-37,-28,-40,-31,-42,-34,-39,-37,-45,-29,-41,-30,-42,-33,-39,-37,-46,-33,-40,-32,-43,-35,-36,-42,-41,-37,-35,-40,-37,-32,-34,-35,-39,-38,-38,-37,-35,-39,-35,-38,-33,-42,-35,-40,-33,-42,-34,-36,-29,-41,-28,-44,-24,-35,-36,-33,-30,-33,-31,-32,-30,-35,-22,-32,-29,-32,-31,-32,-28,-27,-32,-28,-32,-26,-28,-26,-31,-21,-28,-25,-25,-18,-29,-23,-26,-17,-27,-14,-27,-11,-22,-8,-28,-6,-20,-5,-21,0,0,0,0,0,0,0,0,0,0,0,0,0,0,0,0,0,0,0,0,0,0,-26,41,-29,42,-25,36,-28,42,-31,42,-33,41,-31,41,-35,45,-39,51,-42,44,-49,46,-49,49,-52,57,-59,47,-64,52,-62,44,-66,49,-65,44,-64,42,-67,44,-66,41,-72,40,-67,34,-71,32,-75,29,-71,31,-73,24,-69,25,-67,18,-67,23,-56,18,-63,20,-58,16,-53,18,-54,12,-46,17,-40,6,-45,9,-34,7,-39,7,-33,6,-31,2,-29,3,-25,0,-20,1,-22,4,-13,2,-13,-3,-12,-5,-8,-7,-7,-10,-1,-9,-3,-18,5,-15,10,-22,6,-21,19,-26,0,0]"
CSI_DATA,130,1a:00:00:00:00:00,-38,11,1,0,1,1,1,0,0,0,1,-96,0,11,2,1987958,0,44,0,384,0,"[0,0,0,0,0,0,0,0,0,0,0,0,-5,-7,-5,-8,-6,-8,-5,-8,-6,-8,-5,-8,-5,-8,-5,-8,-6,-8,-6,-8,-6,-9,-6,-8,-6,-8,-6,-8,-6,-8,-7,-8,-7,-8,-7,-7,-7,-7,-7,-8,-7,-8,-7,-8,-7,-7,-8,-7,-8,-7,-8,-7,0,0,-8,-7,-7,-7,-8,-7,-8,-6,-7,-6,-7,-6,-7,-6,-6,-6,-7,-6,-6,-6,-7,-6,-6,-6,-6,-6,-6,-6,-5,-6,-5,-6,-5,-6,-4,-6,-4,-6,-4,-5,-3,-6,-3,-5,-3,-5,-2,-5,-1,-5,-1,-5,0,0,0,0,0,0,0,0,0,0,0,0,0,0,-1,36,-6,34,0,40,-12,43,-10,42,-10,46,-9,50,-7,51,-8,48,-13,47,-5,46,-11,50,-11,49,-8,54,-11,49,-7,52,-11,52,-8,56,-8,53,-6,52,-5,58,-5,54,-3,54,-6,51,-5,49,-1,54,-1,50,-2,53,-2,52,1,53,-3,50,2,48,-2,51,3,54,4,43,-1,44,8,49,2,46,-2,46,-1,43,1,42,-2,42,0,43,-4,43,-9,40,-5,37,-6,38,-5,38,-7,29,-4,27,-5,31,-7,30,-10,26,-12,23,-15,22,-11,18,-14,16,0,0,0,0,0,0,0,0,0,0,0,0,0,0,0,0,0,0,0,0,0,0,46,-6,44,-7,49,-4,53,-6,50,-4,55,-7,52,-4,54,-4,63,-1,65,3,71,6,66,8,76,4,71,5,71,14,74,14,84,10,73,22,76,23,74,23,74,23,77,30,67,27,75,31,74,36,67,27,60,35,61,36,60,38,59,34,45,26,56,37,49,27,42,29,43,31,36,26,38,23,33,23,29,25,28,25,25,21,18,19,21,16,16,18,10,14,7,8,4,10,4,12,3,13,-1,10,-5,13,-9,5,-12,6,-15,5,-19,4,-23,4,-27,5,0,0]"
CSI_DATA,131,1a:00:00:00:00:00,-38,11,1,0,1,1,1,0,0,0,1,-96,0,11,2,1998304,0,44,0,384,0,"[0,0,0,0,0,0,0,0,0,0,0,0,6,-7,6,-7,6,-7,7,-7,6,-7,7,-7,6,-8,6,-7,6,-7,6,-8,7,-8,6,-8,6,-8,6,-8,6,-8,6,-9,6,-9,5,-8,5,-9,5,-9,6,-8,5,-9,5,-8,5,-9,5,-9,5,-9,0,0,4,-9,5,-9,4,-10,4,-9,4,-9,4,-9,4,-9,4,-8,4,-8,4,-8,4,-8,4,-8,4,-7,4,-7,4,-7,4,-7,4,-7,3,-6,4,-6,4,-5,4,-5,4,-4,4,-4,4,-3,4,-3,3,-2,0,0,0,0,0,0,0,0,0,0,0,0,0,0,-41,1,-37,4,-48,7,-48,3,-43,7,-48,5,-46,10,-49,4,-46,5,-54,1,-52,5,-53,6,-53,5,-50,4,-54,10,-55,9,-54,7,-55,8,-52,9,-50,8,-60,13,-51,12,-46,12,-55,11,-50,11,-50,11,-50,13,-48,16,-52,14,-55,21,-47,16,-45,15,-44,18,-49,21,-47,18,-44,16,-42,20,-41,19,-43,12,-44,16,-42,13,-40,11,-42,12,-45,14,-44,11,-47,12,-39,7,-35,11,-37,8,-33,3,-35,4,-27,-2,-29,0,-26,1,-23,0,-26,-4,-20,-8,0,0,0,0,0,0,0,0,0,0,0,0,0,0,0,0,0,0,0,0,0,0,16,43,16,49,11,47,14,52,10,47,8,56,9,57,5,59,8,61,5,59,7,68,5,67,8,73,8,71,1,76,-3,73,-3,85,-7,76,-5,81,-12,74,-20,72,-15,78,-20,74,-15,79,-22,77,-16,74,-24,69,-25,68,-25,63,-24,65,-20,57,-26,59,-22,52,-23,49,-24,47,-20,44,-24,38,-18,39,-10,36,-15,35,-15,24,-16,22,-13,28,-10,21,-12,21,-16,19,-12,10,-11,6,-7,2,-11,-5,-12,-4,-12,-4,-13,-9,-11,-15,-12,-19,-7,-19,-6,-24,0,0]"
CSI_DATA,132,1a:00:00:00:00:00,-38,11,1,0,1,1,1,0,0,0,1,-96,0,11,2,2007980,0,44,0,384,0,"[0,0,0,0,0,0,0,0,0,0,0,0,-7,4,-8,4,-8,4,-9,4,-8,4,-8,4,-8,4,-8,4,-9,4,-8,4,-9,4,-9,5,-9,5,-9,5,-9,4,-9,6,-8,5,-8,5,-8,5,-8,5,-8,5,-8,6,-8,5,-8,6,-8,6,-8,6,0,0,-7,6,-8,6,-8,6,-7,6,-7,5,-7,5,-7,5,-7,5,-7,5,-7,5,-7,5,-7,4,-7,4,-6,4,-6,3,-7,3,-6,3,-6,3,-6,2,-6,2,-6,1,-6,1,-5,1,-5,1,-5,0,-5,0,0,0,0,0,0,0,0,0,0,0,0,0,0,0,44,3,37,2,44,-3,41,1,47,2,43,9,43,4,53,7,44,8,47,9,52,7,48,6,52,5,48,7,51,10,53,1,54,10,53,4,53,5,48,0,57,4,49,-1,53,1,51,0,47,1,51,1,51,-2,54,-4,54,1,55,-9,49,-3,55,-7,46,-3,55,-6,47,-12,48,-2,41,-7,43,-6,42,-5,45,-5,45,-6,44,1,37,-1,42,-2,41,2,35,2,38,-1,36,-1,36,2,33,5,32,1,33,8,27,6,24,10,25,7,22,13,15,11,0,0,0,0,0,0,0,0,0,0,0,0,0,0,0,0,0,0,0,0,0,0,-12,-41,-6,-46,-5,-47,-5,-53,-3,-46,-3,-56,-5,-55,3,-59,-1,-64,-3,-63,5,-69,1,-70,-1,-76,12,-69,14,-75,19,-74,11,-87,17,-71,22,-74,21,-71,25,-71,31,-79,30,-71,29,-74,32,-69,31,-75,35,-63,37,-67,30,-56,37,-67,27,-50,36,-54,25,-50,31,-44,31,-44,26,-41,22,-38,27,-31,24,-28,23,-26,22,-27,16,-24,20,-17,14,-16,14,-17,16,-7,15,-10,10,-10,7,-1,13,2,11,8,8,6,7,9,7,14,8,19,9,23,5,23,0,0]"
CSI_DATA,133,1a:00:00:00:00:00,-38,11,1,0,1,1,1,0,0,0,1,-96,0,11,2,2017942,0,44,0,384,0,"[0,0,0,0,0,0,0,0,0,0,0,0,7,4,7,5,8,4,7,5,7,5,7,5,8,5,7,5,8,5,8,5,8,6,8,5,8,6,8,5,8,5,9,5,8,4,8,4,9,4,9,4,8,4,9,4,8,4,9,4,9,4,9,4,0,0,9,3,9,3,9,3,9,2,8,3,8,3,8,3,8,3,8,2,8,3,8,3,7,3,7,3,7,3,6,3,6,3,6,3,5,3,5,3,5,3,4,3,4,3,3,4,3,3,2,4,2,3,0,0,0,0,0,0,0,0,0,0,0,0,0,0,-7,-32,-4,-39,-6,-35,-1,-42,-5,-49,-6,-41,-10,-51,-2,-47,-6,-49,1,-49,-1,-56,-5,-45,-3,-54,-3,-51,-1,-52,-13,-52,-8,-57,-17,-58,-11,-53,-12,-52,-13,-52,-9,-48,-12,-50,-12,-51,-7,-48,-7,-51,-12,-45,-18,-53,-16,-47,-17,-49,-14,-47,-16,-44,-18,-50,-16,-49,-16,-42,-14,-48,-13,-43,-20,-42,-11,-42,-14,-45,-15,-41,-8,-41,-8,-43,-12,-46,-7,-40,-7,-38,-8,-38,-9,-36,-2,-32,0,-32,1,-26,-1,-28,0,-29,0,-26,4,-27,2,-24,5,-17,0,0,0,0,0,0,0,0,0,0,0,0,0,0,0,0,0,0,0,0,0,0,-41,18,-45,14,-43,13,-49,15,-46,15,-50,14,-46,8,-56,10,-61,15,-58,10,-66,8,-65,6,-72,11,-75,4,-73,4,-70,0,-76,5,-77,-2,-71,-6,-75,-10,-77,-12,-81,-12,-73,-13,-72,-13,-78,-21,-67,-14,-66,-22,-68,-21,-60,-27,-65,-21,-55,-20,-54,-20,-54,-20,-46,-17,-45,-21,-43,-17,-35,-17,-39,-12,-33,-18,-33,-19,-31,-16,-27,-13,-19,-13,-21,-10,-16,-12,-13,-17,-6,-12,-10,-11,-5,-11,-4,-15,2,-12,8,-10,15,-11,12,-11,18,-16,23,-15,20,-10,0,0]"
CSI_DATA,134,1a:00:00:00:00:00,-38,11,1,0,1,1,1,0,0,0,1,-96,0,11,2,2028282,0,44,0,384,0,"[0,0,0,0,0,0,0,0,0,0,0,0,-2,8,-2,8,-2,8,-2,9,-3,8,-3,8,-2,9,-2,8,-2,9,-2,9,-3,9,-2,9,-2,9,-2,9,-2,9,-1,10,-1,10,-1,9,-1,9,-1,9,-1,9,-1,9,-1,9,0,10,0,10,0,9,0,0,0,9,0,9,0,9,1,9,0,8,0,9,0,8,0,8,0,8,0,8,0,8,0,8,0,7,-1,7,-1,7,-1,7,-1,7,-1,6,-2,6,-1,6,-2,5,-2,5,-2,4,-2,4,-3,4,-3,3,0,0,0,0,0,0,0,0,0,0,0,0,0,0,22,-25,24,-23,23,-31,27,-34,29,-33,28,-34,31,-35,36,-35,31,-33,36,-36,32,-39,34,-35,37,-42,30,-37,39,-41,31,-42,33,-46,33,-41,34,-42,31,-43,31,-49,30,-41,30,-41,27,-46,28,-46,29,-45,25,-41,27,-47,28,-45,29,-51,25,-43,24,-46,20,-42,24,-43,19,-42,23,-45,21,-39,24,-42,22,-40,22,-39,17,-40,27,-37,19,-38,19,-43,19,-37,20,-33,22,-29,17,-35,22,-24,24,-27,21,-24,19,-23,22,-24,20,-16,21,-16,23,-11,21,-9,0,0,0,0,0,0,0,0,0,0,0,0,0,0,0,0,0,0,0,0,0,0,-42,-20,-42,-25,-37,-23,-44,-27,-45,-28,-45,-34,-46,-36,-44,-35,-54,-41,-47,-39,-47,-46,-50,-48,-58,-46,-53,-48,-51,-60,-48,-63,-57,-60,-49,-63,-46,-62,-47,-65,-42,-64,-50,-73,-39,-67,-41,-67,-39,-72,-38,-66,-32,-68,-29,-70,-26,-60,-28,-64,-18,-53,-22,-56,-24,-55,-18,-46,-16,-51,-19,-48,-15,-39,-9,-44,-12,-32,-12,-38,-10,-34,-10,-29,-5,-27,-7,-17,-3,-23,-9,-17,-4,-15,6,-15,1,-9,7,-11,9,-7,11,-6,16,-1,13,3,20,3,27,8,21,14,0,0]"
CSI_DATA,135,1a:00:00:00:00:00,-38,11,1,0,1,1,1,0,0,0,1,-96,0,11,2,2058236,0,44,0,384,0,"[0,0,0,0,0,0,0,0,0,0,0,0,-7,-6,-7,-6,-8,-6,-8,-6,-8,-6,-8,-7,-8,-6,-8,-6,-8,-6,-8,-6,-9,-7,-9,-6,-9,-7,-8,-6,-8,-6,-10,-6,-9,-5,-9,-5,-9,-5,-9,-5,-9,-5,-9,-5,-9,-5,-9,-5,-9,-5,-9,-5,0,0,-9,-4,-10,-5,-10,-4,-10,-4,-9,-4,-9,-4,-8,-4,-8,-4,-9,-4,-8,-4,-8,-5,-7,-4,-7,-4,-7,-4,-7,-4,-7,-4,-7,-4,-6,-4,-6,-4,-5,-4,-5,-4,-4,-4,-4,-4,-4,-4,-3,-5,-3,-4,0,0,0,0,0,0,0,0,0,0,0,0,0,0,7,28,2,42,6,45,7,45,8,45,3,45,3,50,4,52,0,46,2,44,2,51,7,48,6,53,1,48,0,50,6,52,4,56,8,50,9,53,7,53,13,54,9,49,12,50,13,51,9,45,12,51,12,41,18,50,12,46,18,49,16,46,17,49,13,46,14,51,19,45,16,45,14,44,13,41,15,39,13,38,14,40,14,34,13,40,8,41,8,39,7,38,9,34,6,38,8,30,1,30,3,29,1,28,-1,29,-7,27,-6,21,-5,22,-4,21,0,0,0,0,0,0,0,0,0,0,0,0,0,0,0,0,0,0,0,0,0,0,40,-17,38,-10,44,-14,47,-15,47,-12,53,-9,50,-13,57,-10,61,-11,58,-11,66,-11,65,-9,75,-17,67,-6,73,-4,68,-1,79,2,74,1,79,3,72,8,72,8,81,10,71,10,77,10,79,19,71,12,64,22,69,20,59,23,61,16,51,16,61,23,50,21,47,19,46,20,42,15,36,15,39,15,35,14,31,18,31,14,20,17,22,16,22,8,17,11,8,6,13,11,7,9,6,8,2,11,-4,11,-4,10,0,15,-14,12,-15,13,-18,7,-23,8,0,0]"
CSI_DATA,136,1a:00:00:00:00:00,-38,11,1,0,1,1,1,0,0,0,1,-96,0,11,2,2069054,0,44,0,384,0,"[0,0,0,0,0,0,0,0,0,0,0,0,-2,-9,-3,-9,-3,-9,-3,-10,-3,-10,-2,-10,-2,-10,-2,-10,-2,-10,-3,-9,-3,-10,-4,-10,-3,-10,-4,-10,-3,-10,-4,-10,-4,-10,-4,-9,-4,-9,-4,-10,-4,-9,-4,-10,-4,-9,-5,-10,-5,-10,-5,-9,0,0,-5,-9,-5,-9,-5,-10,-5,-9,-4,-9,-4,-9,-4,-8,-4,-8,-4,-8,-4,-8,-4,-9,-4,-8,-4,-8,-3,-8,-3,-7,-3,-8,-3,-7,-2,-7,-2,-7,-2,-6,-1,-6,-1,-6,-1,-6,0,-6,0,-5,0,-5,0,0,0,0,0,0,0,0,0,0,0,0,0,0,-21,21,-25,29,-23,33,-25,32,-28,36,-27,34,-26,36,-32,38,-33,40,-32,37,-28,35,-29,35,-30,40,-33,36,-32,38,-31,46,-34,44,-29,44,-27,45,-28,47,-27,47,-29,40,-21,43,-27,44,-24,42,-27,48,-28,40,-22,47,-28,50,-23,47,-26,40,-25,47,-23,43,-20,48,-18,42,-23,38,-19,42,-19,45,-21,41,-16,33,-17,39,-17,34,-17,38,-21,36,-18,35,-23,35,-19,28,-23,29,-19,26,-20,26,-17,24,-21,19,-19,20,-23,22,-21,15,-22,11,-20,8,0,0,0,0,0,0,0,0,0,0,0,0,0,0,0,0,0,0,0,0,0,0,43,15,39,20,45,15,43,17,43,21,42,25,45,23,48,26,53,29,54,32,51,42,57,32,58,39,56,44,55,45,57,50,57,49,53,51,52,50,55,55,51,55,51,58,50,54,45,66,47,63,42,59,38,60,33,60,32,58,33,60,25,48,29,50,24,49,24,44,21,44,19,39,16,40,17,40,15,33,16,33,12,30,11,24,7,25,9,23,6,17,3,23,0,13,-1,12,-4,11,-7,7,-9,8,-15,4,-13,3,-17,2,-22,-8,-25,-6,-19,-7,0,0]"
CSI_DATA,137,1a:00:00:00:00:00,-38,11,1,0,1,1,1,0,0,0,1,-96,0,11,2,2089140,0,44,0,384,0,"[0,0,0,0,0,0,0,0,0,0,0,0,-4,-8,-4,-8,-4,-8,-4,-9,-4,-9,-4,-9,-4,-9,-4,-9,-4,-9,-4,-9,-4,-9,-5,-9,-4,-10,-5,-9,-4,-9,-6,-10,-5,-9,-5,-9,-5,-8,-5,-9,-5,-9,-6,-9,-5,-8,-6,-9,-6,-9,-6,-8,0,0,-6,-8,-6,-8,-6,-8,-7,-8,-5,-8,-6,-8,-5,-8,-5,-7,-6,-7,-5,-7,-5,-8,-5,-7,-4,-7,-4,-7,-4,-7,-4,-7,-4,-7,-3,-6,-3,-6,-3,-6,-2,-6,-2,-6,-1,-5,-1,-5,-1,-5,0,-5,0,0,0,0,0,0,0,0,0,0,0,0,0,0,-15,37,-23,38,-12,39,-17,43,-21,42,-24,41,-20,46,-20,49,-24,42,-26,45,-20,47,-24,44,-24,51,-17,49,-22,48,-19,51,-26,47,-21,54,-24,45,-20,50,-16,51,-20,49,-14,50,-17,47,-18,45,-16,50,-17,49,-14,50,-16,48,-14,49,-12,44,-15,45,-14,51,-7,54,-7,51,-15,45,-6,42,-9,45,-13,42,-14,40,-13,44,-13,40,-17,42,-13,40,-13,42,-17,39,-16,32,-15,38,-17,29,-15,25,-16,28,-19,20,-16,28,-19,23,-19,17,-18,15,-18,15,0,0,0,0,0,0,0,0,0,0,0,0,0,0,0,0,0,0,0,0,0,0,48,-3,47,5,46,3,50,4,54,4,51,7,54,6,52,15,63,12,60,18,62,20,64,19,72,18,67,25,66,29,66,30,76,23,65,37,69,36,69,38,66,38,69,41,66,47,68,49,61,50,63,44,51,48,50,45,49,50,54,47,43,37,44,43,40,42,41,39,40,39,32,37,29,32,25,34,27,27,25,29,20,24,18,22,16,20,17,21,7,16,1,13,0,18,3,11,3,7,-5,13,-9,5,-12,11,-16,2,-14,0,-15,1,-24,1,-27,-3,0,0]"
CSI_DATA,138,1a:00:00:00:00:00,-38,11,1,0,1,1,1,0,0,0,1,-96,0,11,2,2097947,0,44,0,384,0,"[0,0,0,0,0,0,0,0,0,0,0,0,1,-9,1,-9,0,-9,1,-10,1,-9,1,-9,1,-10,1,-10,1,-10,1,-10,1,-10,1,-10,1,-10,0,-10,1,-10,0,-11,0,-10,0,-10,0,-10,0,-10,0,-10,-1,-10,0,-10,-1,-10,-1,-10,-1,-10,0,0,-1,-10,-1,-10,-1,-10,-2,-10,-1,-9,-1,-9,-1,-9,-1,-9,-1,-9,-1,-9,-1,-9,0,-8,0,-8,0,-8,0,-8,0,-8,0,-8,0,-7,1,-7,0,-6,1,-6,1,-6,1,-5,2,-5,2,-4,2,-4,0,0,0,0,0,0,0,0,0,0,0,0,0,0,-27,28,-27,19,-30,32,-35,27,-39,32,-39,29,-42,33,-42,30,-38,28,-39,30,-38,25,-40,33,-39,32,-38,30,-42,26,-38,35,-42,32,-42,36,-38,33,-43,34,-38,36,-38,34,-32,34,-35,34,-36,32,-32,42,-39,34,-35,42,-37,38,-35,38,-32,39,-33,40,-29,39,-32,40,-26,37,-32,33,-28,36,-29,37,-32,30,-30,34,-30,31,-30,29,-26,33,-27,33,-25,28,-31,25,-30,25,-24,24,-24,19,-26,19,-25,16,-27,13,-23,19,-21,13,-23,10,-22,7,-20,4,0,0,0,0,0,0,0,0,0,0,0,0,0,0,0,0,0,0,0,0,0,0,37,20,36,26,37,26,39,28,40,26,39,32,40,31,38,38,45,42,39,42,45,45,44,49,57,50,45,55,42,55,43,59,50,62,38,62,37,64,37,67,37,67,34,70,29,66,32,68,30,68,31,69,24,63,24,68,19,64,21,59,15,56,20,55,11,55,14,46,10,46,5,45,6,41,7,39,7,33,6,38,7,36,4,27,3,25,4,24,-2,19,-9,15,-8,17,-4,15,-10,10,-9,8,-13,3,-17,4,-14,-4,-13,-4,-24,-7,-19,-11,-15,-18,0,0]"
CSI_DATA,139,1a:00:00:00:00:00,-38,11,1,0,1,1,1,0,0,0,1,-96,0,11,2,2107949,0,44,0,384,0,"[0,0,0,0,0,0,0,0,0,0,0,0,-6,-6,-7,-6,-7,-6,-7,-7,-7,-7,-6,-7,-7,-7,-7,-7,-7,-7,-7,-7,-8,-7,-8,-7,-8,-7,-8,-6,-7,-7,-9,-7,-8,-6,-8,-6,-8,-6,-8,-6,-8,-6,-8,-6,-8,-6,-9,-5,-9,-6,-9,-5,0,0,-9,-5,-9,-6,-9,-5,-9,-4,-8,-5,-8,-5,-8,-5,-8,-5,-8,-5,-8,-4,-8,-5,-7,-5,-7,-4,-7,-4,-7,-5,-7,-5,-6,-5,-6,-4,-5,-5,-5,-5,-4,-5,-4,-5,-4,-4,-3,-4,-3,-4,-2,-4,0,0,0,0,0,0,0,0,0,0,0,0,0,0,1,32,1,37,5,43,-4,43,-3,44,2,46,-3,42,-1,48,-5,45,-2,48,-4,52,-6,49,-1,53,-1,46,-2,49,1,51,-3,56,0,58,0,53,2,49,5,57,5,47,1,49,1,50,3,49,2,54,6,47,7,52,4,55,9,54,8,47,3,49,5,49,6,51,9,46,7,47,7,49,5,45,3,43,7,45,7,42,-1,43,3,40,2,42,1,39,-1,37,-3,33,-4,38,-4,30,-1,30,-7,30,-6,28,-6,26,-8,25,-10,20,-11,19,-12,18,0,0,0,0,0,0,0,0,0,0,0,0,0,0,0,0,0,0,0,0,0,0,41,-20,41,-17,44,-13,45,-16,47,-15,52,-14,48,-16,58,-11,62,-13,60,-9,65,-6,62,-8,73,-12,72,-6,73,-2,74,2,78,-5,70,2,77,12,74,8,72,10,83,15,73,14,73,20,75,19,73,14,65,24,61,22,59,27,65,24,51,16,54,22,50,20,47,23,44,23,42,22,34,20,35,20,33,18,33,18,27,16,24,13,19,15,25,14,17,12,10,12,10,12,7,11,6,13,5,11,-4,9,-9,10,-11,14,-10,6,-22,8,-21,7,-22,6,0,0]"
CSI_DATA,140,1a:00:00:00:00:00,-38,11,1,0,1,1,1,0,0,0,1,-96,0,11,2,2117944,0,44,0,384,0,"[0,0,0,0,0,0,0,0,0,0,0,0,-8,3,-8,4,-8,4,-9,4,-9,4,-9,4,-9,4,-9,4,-9,4,-9,4,-10,4,-10,5,-10,4,-9,5,-9,4,-9,6,-9,5,-9,5,-9,5,-9,6,-8,5,-8,6,-8,5,-9,6,-9,6,-8,6,0,0,-8,6,-8,6,-8,7,-7,6,-8,6,-8,6,-7,6,-7,5,-7,5,-7,5,-8,5,-7,5,-7,4,-7,4,-7,4,-7,4,-7,4,-7,3,-6,3,-6,2,-6,2,-6,2,-6,1,-5,1,-5,0,-5,0,0,0,0,0,0,0,0,0,0,0,0,0,0,0,39,7,39,9,40,4,36,10,41,9,40,8,40,7,48,8,48,10,49,10,47,8,49,5,53,8,48,10,46,12,54,10,53,13,49,10,51,7,52,7,52,2,48,7,50,1,52,2,49,4,50,3,48,0,51,1,48,5,51,0,47,-1,50,-2,43,-2,49,0,47,-6,42,0,39,-2,47,-6,44,-2,43,-1,40,3,41,7,41,5,42,3,41,3,40,1,40,4,31,1,33,8,32,4,29,6,30,10,28,6,23,12,17,11,17,12,17,11,0,0,0,0,0,0,0,0,0,0,0,0,0,0,0,0,0,0,0,0,0,0,-5,-44,1,-45,-1,-46,1,-46,4,-46,4,-54,1,-52,5,-54,2,-62,7,-61,11,-65,11,-62,15,-69,15,-69,22,-70,18,-69,18,-78,27,-68,26,-70,26,-70,28,-71,33,-71,37,-70,37,-66,40,-66,37,-65,41,-56,41,-57,38,-52,35,-55,30,-46,38,-44,36,-46,32,-38,31,-37,25,-36,26,-31,24,-35,23,-26,21,-25,20,-22,21,-21,20,-19,16,-16,13,-11,21,-10,17,-6,10,-10,12,-2,12,7,10,8,7,4,5,11,9,19,7,21,0,24,1,23,0,0]"
CSI_DATA,141,1a:00:00:00:00:00,-38,11,1,0,1,1,1,0,0,0,1,-96,0,11,2,2127936,0,44,0,384,0,"[0,0,0,0,0,0,0,0,0,0,0,0,1,8,2,8,2,8,2,8,2,9,1,8,2,9,1,9,2,9,2,9,2,9,2,9,2,9,2,9,2,9,3,9,3,9,3,8,3,8,3,9,2,8,3,9,3,8,4,9,4,9,4,8,0,0,4,8,4,9,4,8,4,8,3,8,3,8,3,7,3,7,4,7,3,7,3,7,2,7,3,7,2,6,2,7,2,7,2,7,1,6,1,6,1,5,0,5,0,5,0,5,-1,5,-1,4,-2,4,0,0,0,0,0,0,0,0,0,0,0,0,0,0,18,-38,15,-34,18,-39,17,-39,25,-44,26,-39,23,-39,26,-45,27,-42,22,-43,22,-42,28,-43,25,-46,23,-44,25,-37,19,-50,22,-52,23,-47,22,-45,24,-48,18,-54,22,-47,18,-50,18,-49,21,-46,21,-54,14,-48,12,-57,12,-51,17,-48,12,-51,17,-47,10,-41,11,-53,8,-49,10,-45,13,-48,11,-46,13,-41,14,-47,13,-45,17,-40,15,-42,12,-37,15,-38,11,-36,15,-37,19,-36,16,-29,17,-27,18,-28,20,-22,15,-29,19,-19,18,-23,21,-15,17,-14,0,0,0,0,0,0,0,0,0,0,0,0,0,0,0,0,0,0,0,0,0,0,-45,-6,-50,-8,-48,-11,-49,-12,-52,-14,-52,-21,-54,-18,-57,-19,-63,-20,-60,-19,-65,-27,-66,-26,-71,-22,-67,-29,-63,-38,-67,-36,-69,-38,-68,-45,-63,-44,-66,-45,-64,-53,-62,-49,-63,-52,-64,-49,-59,-56,-57,-51,-52,-56,-45,-57,-47,-53,-44,-49,-39,-45,-40,-51,-39,-47,-34,-44,-29,-44,-32,-40,-20,-35,-24,-35,-22,-28,-25,-29,-19,-29,-16,-26,-18,-24,-15,-22,-10,-18,-6,-25,-5,-15,1,-13,-1,-11,10,-10,2,-12,11,-7,11,-4,21,-6,18,-2,22,1,31,6,0,0]"
CSI_DATA,142,1a:00:00:00:00:00,-38,11,1,0,1,1,1,0,0,0,1,-96,0,11,2,2139109,0,44,0,384,0,"[0,0,0,0,0,0,0,0,0,0,0,0,-1,-8,-1,-8,-1,-9,-1,-9,-1,-9,-1,-9,-1,-9,-1,-9,-1,-9,-1,-9,-1,-10,-2,-10,-1,-10,-2,-9,-2,-9,-2,-10,-2,-9,-3,-9,-3,-9,-3,-9,-2,-9,-3,-9,-2,-9,-3,-10,-3,-10,-3,-9,0,0,-4,-9,-4,-9,-4,-9,-4,-9,-3,-8,-3,-9,-3,-8,-3,-8,-4,-8,-3,-8,-3,-8,-2,-8,-2,-7,-2,-7,-2,-7,-2,-7,-2,-7,-2,-6,-1,-6,-1,-6,0,-6,0,-6,0,-5,0,-5,1,-4,1,-4,0,0,0,0,0,0,0,0,0,0,0,0,0,0,-22,28,-26,26,-25,36,-27,30,-32,32,-34,36,-26,35,-32,37,-32,36,-33,36,-34,36,-33,36,-39,39,-36,35,-34,34,-30,40,-41,42,-29,38,-29,42,-30,40,-34,49,-31,42,-26,45,-28,43,-27,40,-24,47,-27,42,-25,43,-25,39,-28,46,-25,36,-27,41,-23,41,-21,46,-22,46,-24,43,-22,41,-20,42,-23,42,-19,37,-22,34,-24,35,-25,34,-21,34,-23,36,-20,27,-26,27,-22,28,-26,27,-22,23,-23,18,-21,19,-21,19,-23,14,-24,14,-23,12,-22,5,0,0,0,0,0,0,0,0,0,0,0,0,0,0,0,0,0,0,0,0,0,0,37,12,45,18,40,14,46,19,46,20,48,24,44,22,49,24,54,29,55,32,54,33,53,37,59,35,56,42,58,45,49,42,65,52,53,49,53,52,53,54,52,57,50,59,45,57,50,60,45,62,47,58,33,60,37,62,29,55,38,53,30,48,25,53,27,51,25,47,23,45,23,44,17,37,14,38,12,35,13,35,11,35,11,26,9,25,6,18,2,19,6,20,0,17,-2,16,-2,12,-7,7,-11,4,-8,4,-15,-2,-21,-2,-21,-10,-23,-4,-23,-10,0,0]"
CSI_DATA,143,1a:00:00:00:00:00,-38,11,1,0,1,1,1,0,0,0,1,-96,0,11,2,2147974,0,44,0,384,0,"[0,0,0,0,0,0,0,0,0,0,0,0,8,1,8,1,8,1,8,1,9,1,8,2,9,1,9,1,9,1,9,1,9,2,9,1,9,1,9,1,9,1,10,0,9,0,9,0,9,-1,9,-1,9,0,9,-1,9,0,9,-1,9,-1,9,-1,0,0,9,-2,9,-2,9,-2,9,-2,8,-1,8,-2,8,-2,8,-1,8,-2,8,-1,8,-1,7,-1,7,-1,7,-1,7,-1,7,-1,7,-1,6,0,6,0,5,0,5,1,5,0,5,1,4,1,4,2,3,2,0,0,0,0,0,0,0,0,0,0,0,0,0,0,-27,-21,-33,-29,-34,-24,-28,-31,-34,-35,-31,-33,-33,-34,-36,-34,-32,-31,-34,-35,-38,-34,-38,-34,-40,-31,-36,-34,-35,-34,-42,-30,-42,-38,-38,-33,-39,-32,-46,-29,-49,-31,-39,-34,-39,-28,-41,-29,-42,-29,-41,-28,-43,-30,-44,-29,-43,-28,-49,-24,-44,-24,-43,-21,-43,-28,-45,-27,-45,-20,-41,-21,-42,-25,-41,-22,-40,-21,-39,-16,-42,-18,-40,-25,-36,-21,-35,-20,-34,-23,-38,-21,-35,-21,-30,-25,-31,-23,-24,-22,-24,-22,-19,-21,-20,-20,-16,-22,-16,-21,-11,-20,-12,-23,0,0,0,0,0,0,0,0,0,0,0,0,0,0,0,0,0,0,0,0,0,0,-24,40,-21,42,-27,39,-29,42,-32,37,-33,37,-33,41,-35,41,-35,49,-41,44,-48,49,-46,47,-50,54,-50,46,-58,42,-53,49,-61,54,-62,42,-62,37,-62,41,-67,40,-70,40,-64,38,-71,38,-70,31,-66,38,-61,24,-62,29,-63,25,-59,26,-54,19,-57,19,-53,19,-48,11,-56,14,-48,11,-38,12,-39,11,-37,6,-32,11,-29,7,-31,10,-26,5,-25,0,-19,1,-17,0,-16,0,-12,-2,-15,-7,-7,-4,-6,-10,-5,-8,3,-10,2,-20,9,-25,8,-27,8,-22,0,0]"
CSI_DATA,144,1a:00:00:00:00:00,-38,11,1,0,1,1,1,0,0,0,1,-96,0,11,2,2157948,0,44,0,384,0,"[0,0,0,0,0,0,0,0,0,0,0,0,0,-9,-1,-10,-1,-9,0,-11,-1,-10,0,-10,-1,-10,-1,-10,-1,-10,-1,-10,-1,-11,-1,-11,-1,-11,-1,-11,-1,-11,-2,-11,-2,-11,-2,-10,-2,-10,-2,-10,-2,-10,-3,-10,-2,-10,-3,-11,-3,-11,-3,-11,0,0,-4,-10,-3,-10,-3,-10,-4,-10,-3,-9,-3,-10,-3,-9,-3,-9,-3,-9,-3,-9,-3,-9,-2,-9,-2,-9,-2,-8,-2,-8,-2,-9,-2,-8,-1,-7,-1,-7,-1,-7,0,-7,0,-6,0,-6,0,-6,1,-5,1,-5,0,0,0,0,0,0,0,0,0,0,0,0,0,0,-24,27,-29,31,-24,35,-32,30,-24,35,-31,35,-30,37,-33,35,-30,40,-31,42,-33,36,-29,36,-32,43,-37,41,-35,36,-36,40,-32,44,-34,42,-33,46,-31,47,-28,46,-34,43,-25,41,-26,46,-31,41,-26,45,-26,44,-25,46,-24,43,-23,50,-21,44,-23,47,-20,47,-19,48,-15,45,-22,41,-20,42,-22,46,-24,41,-18,41,-19,35,-19,36,-18,43,-21,36,-21,38,-20,32,-20,36,-19,33,-21,26,-19,26,-22,25,-23,23,-19,26,-23,20,-19,18,-15,10,-20,10,0,0,0,0,0,0,0,0,0,0,0,0,0,0,0,0,0,0,0,0,0,0,41,20,43,24,40,26,45,21,43,28,40,35,46,31,45,36,47,42,47,41,51,43,49,43,61,44,49,49,49,58,52,54,58,58,45,60,48,59,47,63,44,66,44,69,40,63,42,68,38,66,43,65,28,64,28,68,28,67,26,65,23,56,26,57,18,53,20,50,17,47,17,50,10,37,14,41,12,29,15,35,9,31,9,28,8,25,6,24,-2,20,5,13,-7,12,-3,12,-5,6,-5,6,-8,5,-8,8,-16,-6,-16,-4,-25,-3,-24,-10,-20,-13,0,0]"
CSI_DATA,145,1a:00:00:00:00:00,-38,11,1,0,1,1,1,0,0,0,1,-96,0,11,2,2178542,0,44,0,384,0,"[0,0,0,0,0,0,0,0,0,0,0,0,1,-9,2,-9,1,-9,2,-10,2,-9,2,-10,2,-10,2,-9,2,-10,2,-10,2,-10,1,-10,2,-11,1,-10,2,-10,1,-11,1,-10,1,-10,0,-10,1,-10,1,-10,0,-10,1,-10,0,-11,0,-11,0,-11,0,0,-1,-10,-1,-10,-1,-11,-1,-10,0,-10,0,-10,0,-9,0,-9,-1,-9,0,-9,0,-9,0,-9,0,-8,0,-8,0,-8,0,-8,1,-7,1,-7,1,-7,1,-6,1,-6,2,-6,2,-5,2,-5,2,-5,2,-4,0,0,0,0,0,0,0,0,0,0,0,0,0,0,-29,25,-32,27,-31,26,-38,24,-36,30,-39,23,-42,28,-43,25,-43,25,-37,21,-43,30,-45,25,-45,28,-43,28,-44,27,-46,35,-44,31,-44,29,-39,24,-45,36,-45,38,-45,35,-33,32,-39,33,-35,30,-41,40,-43,39,-38,39,-38,37,-34,41,-37,32,-35,35,-33,32,-36,41,-30,37,-29,35,-27,34,-31,33,-33,32,-38,31,-31,31,-32,30,-28,31,-31,34,-28,28,-34,24,-31,27,-33,26,-30,16,-25,18,-27,13,-27,16,-27,14,-27,10,-23,13,-22,8,-22,1,0,0,0,0,0,0,0,0,0,0,0,0,0,0,0,0,0,0,0,0,0,0,35,28,33,33,35,31,37,35,40,38,33,40,34,40,35,47,43,48,38,51,41,55,42,57,44,58,41,57,37,68,35,65,39,70,35,72,32,65,29,73,26,72,26,78,22,80,27,74,24,77,26,70,16,73,13,66,10,67,13,65,7,61,6,55,3,55,8,52,4,54,7,49,0,45,5,43,6,35,4,33,0,27,4,34,-1,25,1,24,-2,21,1,21,-6,12,-4,10,-5,11,-10,8,-9,1,-13,-2,-15,-6,-23,-4,-17,-11,-17,-12,-22,-20,0,0]"
CSI_DATA,146,1a:00:00:00:00:00,-38,11,1,0,1,1,1,0,0,0,1,-96,0,11,2,2189485,0,44,0,384,0,"[0,0,0,0,0,0,0,0,0,0,0,0,-6,6,-7,6,-6,6,-7,6,-7,6,-7,6,-7,6,-7,6,-7,6,-7,6,-8,6,-7,7,-7,7,-7,7,-7,6,-7,8,-7,7,-7,7,-6,7,-6,7,-6,7,-6,8,-6,7,-6,8,-6,8,-6,8,0,0,-5,8,-6,8,-5,8,-5,8,-5,7,-5,7,-5,7,-5,7,-5,7,-5,6,-5,7,-5,6,-5,6,-5,5,-5,5,-5,5,-5,5,-5,5,-5,4,-5,4,-5,3,-5,3,-5,2,-5,2,-5,1,-4,1,0,0,0,0,0,0,0,0,0,0,0,0,0,0,36,-12,41,-12,41,-13,40,-12,42,-10,46,-7,43,-11,49,-9,47,-7,49,-12,48,-10,48,-11,53,-9,52,-10,46,-12,50,-10,51,-14,52,-18,49,-11,48,-12,51,-20,50,-14,46,-19,49,-17,46,-16,47,-18,47,-15,44,-19,46,-21,48,-22,45,-23,48,-20,43,-17,42,-25,39,-22,39,-16,40,-20,41,-20,44,-14,40,-19,38,-18,41,-14,34,-11,37,-14,32,-14,38,-13,36,-8,34,-8,35,-6,31,-5,34,-3,28,1,27,-3,27,1,26,-2,25,1,21,6,0,0,0,0,0,0,0,0,0,0,0,0,0,0,0,0,0,0,0,0,0,0,-28,-35,-25,-39,-27,-40,-25,-44,-18,-48,-21,-52,-25,-49,-20,-51,-25,-58,-19,-55,-22,-63,-19,-64,-23,-68,-18,-74,-12,-71,-16,-71,-17,-80,-14,-79,-7,-72,-5,-77,-2,-76,-4,-81,2,-74,1,-75,6,-79,-1,-80,9,-70,12,-68,11,-66,11,-68,8,-55,12,-62,13,-51,11,-51,15,-50,10,-47,9,-43,10,-45,12,-37,13,-35,13,-31,9,-32,10,-26,6,-21,11,-19,2,-16,10,-11,10,-13,8,-8,12,-3,11,2,14,-1,14,10,10,11,9,17,10,19,10,21,0,0]"
CSI_DATA,147,1a:00:00:00:00:00,-38,11,1,0,1,1,1,0,0,0,1,-96,0,11,2,2207910,0,44,0,384,0,"[0,0,0,0,0,0,0,0,0,0,0,0,0,-9,0,-9,0,-9,1,-10,1,-10,1,-10,1,-10,1,-10,1,-10,0,-10,0,-11,0,-11,0,-11,0,-10,0,-10,-1,-11,-1,-10,-1,-10,-1,-10,-1,-10,-1,-10,-1,-10,-1,-10,-2,-11,-2,-11,-2,-10,0,0,-2,-10,-2,-11,-2,-10,-3,-10,-2,-9,-2,-10,-2,-9,-2,-9,-2,-9,-2,-9,-2,-9,-2,-8,-1,-8,-1,-8,-1,-8,-1,-8,-1,-8,-1,-7,0,-7,0,-7,0,-7,1,-6,1,-6,1,-5,1,-5,1,-4,0,0,0,0,0,0,0,0,0,0,0,0,0,0,-26,34,-29,24,-31,33,-30,36,-32,32,-33,33,-34,33,-34,36,-37,34,-31,39,-37,35,-35,33,-39,37,-36,36,-40,38,-39,36,-43,44,-33,46,-40,33,-37,37,-38,47,-35,38,-30,45,-30,43,-31,40,-29,41,-35,36,-34,40,-32,44,-34,42,-31,40,-32,39,-29,41,-26,47,-20,40,-28,39,-26,44,-25,38,-30,35,-26,37,-24,32,-27,34,-26,36,-28,34,-23,32,-28,26,-30,28,-29,27,-30,20,-27,22,-24,19,-27,18,-19,19,-22,13,-25,14,-19,8,-18,8,0,0,0,0,0,0,0,0,0,0,0,0,0,0,0,0,0,0,0,0,0,0,41,16,45,20,44,19,50,20,49,23,43,26,46,30,48,32,57,33,52,39,54,39,54,39,60,42,55,45,52,51,53,54,59,54,55,55,48,57,48,60,49,65,46,68,46,66,44,67,44,61,42,62,28,61,25,65,27,63,32,63,22,49,27,58,25,54,18,48,22,47,18,47,11,44,12,38,11,34,12,32,11,28,11,29,8,26,3,26,6,18,-5,21,-6,16,-3,10,0,10,-8,9,-10,2,-15,5,-15,-2,-17,-7,-26,-9,-21,-11,-24,-8,0,0]"
CSI_DATA,148,1a:00:00:00:00:00,-38,11,1,0,1,1,1,0,0,0,1,-96,0,11,2,2217959,0,44,0,384,0,"[0,0,0,0,0,0,0,0,0,0,0,0,1,-9,1,-9,1,-9,1,-10,1,-10,2,-9,1,-10,1,-9,1,-10,1,-10,1,-11,1,-11,1,-11,1,-10,1,-10,0,-11,0,-11,0,-10,0,-10,0,-10,0,-10,0,-10,0,-10,-1,-11,-1,-11,-1,-10,0,0,-1,-10,-1,-11,-1,-10,-2,-10,-1,-9,-1,-10,-1,-9,-1,-9,-1,-9,-1,-9,-1,-9,-1,-9,0,-9,0,-8,0,-8,0,-8,0,-8,0,-7,1,-7,1,-6,1,-6,1,-6,2,-5,1,-5,2,-5,2,-4,0,0,0,0,0,0,0,0,0,0,0,0,0,0,-37,19,-30,17,-38,20,-38,18,-40,24,-41,24,-41,21,-47,25,-42,21,-45,16,-47,20,-47,22,-47,24,-47,26,-43,21,-48,25,-53,26,-43,26,-47,24,-44,27,-47,31,-44,28,-41,27,-42,25,-43,30,-41,30,-46,30,-45,31,-46,30,-41,33,-40,28,-44,28,-35,27,-41,32,-33,28,-36,28,-37,30,-32,34,-35,30,-33,26,-33,26,-35,25,-33,22,-36,25,-37,26,-36,17,-34,16,-29,18,-31,16,-28,11,-30,12,-30,13,-26,7,-24,4,-24,1,-21,-1,-23,-2,0,0,0,0,0,0,0,0,0,0,0,0,0,0,0,0,0,0,0,0,0,0,32,29,32,29,29,31,36,36,33,37,36,39,34,39,34,42,37,48,37,48,39,51,41,57,45,61,37,60,34,63,34,69,38,68,28,69,25,66,30,72,27,67,27,75,19,71,17,71,14,76,18,72,8,69,8,64,5,69,10,64,5,58,7,62,4,55,4,50,1,49,0,51,0,45,-2,40,1,33,0,36,-2,29,-1,32,-1,28,-1,21,-8,19,0,17,-11,13,-7,9,-5,6,-10,0,-14,1,-13,-2,-20,-6,-15,-8,-16,-13,-21,-18,-20,-18,0,0]"
CSI_DATA,149,1a:00:00:00:00:00,-38,11,1,0,1,1,1,0,0,0,1,-96,0,11,2,2231020,0,44,0,384,0,"[0,0,0,0,0,0,0,0,0,0,0,0,3,-8,3,-8,3,-8,3,-9,3,-8,4,-8,3,-8,3,-8,3,-9,3,-9,3,-9,3,-10,3,-9,3,-9,3,-9,3,-10,2,-10,2,-9,2,-9,2,-10,2,-9,2,-9,2,-9,1,-10,1,-10,1,-10,0,0,1,-10,1,-10,1,-10,0,-9,1,-9,1,-9,1,-9,1,-8,0,-9,1,-8,1,-8,1,-8,1,-8,1,-8,1,-7,2,-7,1,-7,1,-7,2,-6,2,-6,2,-6,2,-5,2,-5,2,-4,2,-4,3,-3,0,0,0,0,0,0,0,0,0,0,0,0,0,0,-30,4,-35,10,-35,20,-43,7,-43,18,-43,14,-42,12,-48,17,-41,13,-49,17,-49,14,-46,10,-54,15,-48,13,-51,16,-53,18,-54,17,-49,23,-47,19,-48,22,-52,25,-45,21,-46,23,-45,20,-47,20,-50,23,-46,20,-43,29,-44,27,-45,30,-46,27,-46,25,-41,25,-43,25,-36,28,-41,23,-40,27,-37,25,-40,18,-37,19,-36,19,-41,20,-35,20,-40,23,-34,18,-36,14,-34,13,-32,14,-29,8,-30,9,-33,7,-31,7,-27,4,-23,5,-26,3,-27,-3,-21,-5,0,0,0,0,0,0,0,0,0,0,0,0,0,0,0,0,0,0,0,0,0,0,26,37,24,37,23,36,25,40,23,43,26,44,19,49,26,51,27,54,23,55,27,62,21,55,31,66,26,69,20,71,18,73,19,77,16,73,13,70,12,71,7,77,6,82,3,71,8,72,3,74,6,71,-3,70,-5,70,-7,65,-5,68,-5,56,-6,61,-7,53,-7,48,-10,50,-6,47,-9,43,-7,41,-10,38,-3,35,-4,30,-7,29,-7,29,-4,24,-10,18,-8,13,-7,8,-9,9,-6,9,-13,2,-10,0,-9,2,-14,-7,-14,-7,-17,-18,-16,-23,-10,-22,0,0]"
CSI_DATA,150,1a:00:00:00:00:00,-38,11,1,0,1,1,1,0,0,0,1,-96,0,11,2,2237947,0,44,0,384,0,"[0,0,0,0,0,0,0,0,0,0,0,0,-7,5,-7,5,-7,5,-8,5,-8,5,-8,5,-8,5,-8,5,-8,6,-8,5,-8,6,-8,6,-8,6,-8,6,-8,6,-8,7,-7,7,-7,6,-7,7,-7,7,-7,6,-7,7,-7,6,-7,7,-7,7,-7,7,0,0,-6,7,-6,7,-6,8,-6,7,-6,7,-6,7,-6,6,-6,6,-5,6,-5,6,-6,6,-6,5,-5,5,-6,5,-5,5,-6,5,-5,5,-5,4,-5,3,-5,3,-5,3,-5,2,-5,2,-5,2,-5,1,-4,1,0,0,0,0,0,0,0,0,0,0,0,0,0,0,37,-6,43,-7,46,-11,40,-2,44,1,46,-2,42,-6,52,-2,48,-3,51,-1,47,-3,50,-2,50,-3,52,0,55,-2,54,-5,54,0,48,-3,51,-4,57,-8,58,-11,52,-10,51,-7,47,-10,51,-10,46,-8,47,-8,51,-12,49,-3,52,-15,52,-12,53,-9,44,-11,48,-11,46,-15,47,-7,46,-12,44,-13,45,-9,47,-8,44,-6,46,-9,40,-6,43,-4,41,-2,40,-1,39,-2,34,-2,32,1,37,-2,32,7,33,3,26,6,25,7,21,7,24,8,19,11,0,0,0,0,0,0,0,0,0,0,0,0,0,0,0,0,0,0,0,0,0,0,-22,-35,-23,-43,-14,-45,-21,-49,-17,-49,-19,-55,-18,-53,-15,-54,-22,-61,-15,-62,-12,-69,-15,-68,-18,-72,-8,-69,-5,-72,-6,-81,-13,-86,-1,-78,2,-78,3,-79,8,-80,9,-81,9,-80,11,-78,14,-79,9,-75,19,-73,20,-72,18,-66,18,-67,15,-55,22,-56,17,-53,14,-52,20,-46,16,-46,15,-45,12,-37,14,-32,14,-34,13,-30,7,-26,11,-27,13,-19,10,-12,2,-16,10,-11,11,-10,13,-3,14,-2,12,2,14,3,13,11,10,11,7,16,11,22,7,27,0,0]"
CSI_DATA,151,1a:00:00:00:00:00,-38,11,1,0,1,1,1,0,0,0,1,-96,0,11,2,2257943,0,44,0,384,0,"[0,0,0,0,0,0,0,0,0,0,0,0,7,2,8,2,8,2,8,3,8,3,8,3,8,3,8,2,8,3,8,2,9,3,9,2,9,2,9,2,9,2,10,2,9,1,8,1,9,1,9,1,9,1,9,1,8,1,9,0,9,0,9,0,0,0,9,0,9,0,9,0,9,0,8,0,8,0,8,0,8,0,8,0,8,0,8,0,7,1,7,0,7,0,7,1,7,1,7,1,6,1,6,1,5,1,5,2,4,2,4,2,4,2,3,2,3,2,0,0,0,0,0,0,0,0,0,0,0,0,0,0,-25,-39,-19,-37,-25,-40,-20,-40,-25,-40,-21,-46,-23,-39,-22,-45,-19,-44,-23,-48,-24,-43,-20,-47,-25,-45,-24,-49,-24,-46,-29,-42,-30,-46,-34,-46,-29,-50,-23,-42,-33,-51,-29,-45,-27,-47,-29,-45,-33,-42,-36,-41,-30,-40,-36,-42,-29,-43,-36,-38,-36,-36,-37,-40,-30,-40,-35,-42,-32,-31,-37,-37,-34,-35,-32,-37,-29,-35,-29,-34,-29,-25,-27,-36,-27,-39,-25,-31,-28,-32,-26,-32,-24,-35,-19,-30,-18,-35,-21,-30,-16,-29,-15,-31,-14,-24,-7,-23,-6,-25,-4,-20,-2,-24,0,0,0,0,0,0,0,0,0,0,0,0,0,0,0,0,0,0,0,0,0,0,-35,29,-41,27,-34,27,-42,28,-42,25,-53,27,-47,28,-49,24,-55,32,-56,27,-66,27,-61,28,-66,31,-69,27,-71,22,-71,22,-80,28,-69,25,-82,16,-78,16,-84,16,-81,12,-74,11,-82,12,-81,4,-78,11,-73,0,-77,3,-66,-4,-72,-1,-56,-2,-65,-1,-56,-5,-55,-3,-54,-7,-43,-2,-42,-3,-45,-2,-40,-2,-32,-1,-35,-7,-29,-4,-30,-8,-25,-6,-20,-8,-16,-13,-12,-6,-9,-6,-8,-8,-5,-9,-3,-13,1,-14,4,-13,9,-13,13,-19,18,-23,15,-14,0,0]"
CSI_DATA,152,1a:00:00:00:00:00,-38,11,1,0,1,1,1,0,0,0,1,-96,0,11,2,2269411,0,44,0,384,0,"[0,0,0,0,0,0,0,0,0,0,0,0,-2,-9,-2,-9,-2,-9,-1,-10,-2,-10,-1,-10,-2,-10,-2,-10,-2,-10,-2,-10,-2,-11,-3,-11,-2,-11,-3,-10,-2,-10,-3,-11,-3,-10,-3,-10,-3,-10,-3,-10,-3,-10,-4,-10,-4,-9,-4,-10,-4,-10,-4,-10,0,0,-5,-9,-4,-10,-4,-10,-5,-9,-4,-9,-4,-9,-4,-8,-4,-8,-5,-8,-4,-8,-4,-9,-3,-8,-3,-8,-3,-8,-3,-8,-3,-8,-3,-8,-2,-7,-2,-7,-2,-6,-1,-6,-1,-6,-1,-6,0,-6,0,-5,0,-5,0,0,0,0,0,0,0,0,0,0,0,0,0,0,-16,42,-16,33,-16,37,-21,41,-24,36,-30,38,-19,43,-27,44,-24,37,-26,39,-24,41,-24,42,-29,45,-28,42,-30,42,-28,44,-28,46,-23,47,-26,44,-19,47,-20,49,-23,45,-17,48,-20,48,-19,46,-21,52,-21,46,-15,52,-19,48,-15,50,-17,45,-14,43,-13,45,-16,46,-11,41,-12,46,-13,44,-9,44,-12,40,-14,41,-12,40,-16,39,-16,40,-15,38,-16,37,-15,32,-19,33,-12,33,-17,28,-14,25,-19,23,-15,25,-18,22,-17,18,-19,17,-21,11,-17,11,0,0,0,0,0,0,0,0,0,0,0,0,0,0,0,0,0,0,0,0,0,0,43,9,45,13,43,11,49,14,48,18,49,19,49,20,48,24,55,21,56,26,59,34,59,32,67,33,58,39,56,44,62,41,70,43,57,48,58,51,55,52,54,51,58,58,49,56,54,55,50,58,53,53,45,58,42,55,37,53,46,55,31,44,35,50,30,46,29,39,28,44,26,36,22,36,18,37,15,32,18,31,18,26,14,26,10,25,9,19,6,16,9,21,3,18,-1,15,-5,10,-7,10,-11,9,-14,3,-16,7,-16,3,-19,-2,-26,-7,-24,-5,0,0]"
CSI_DATA,153,1a:00:00:00:00:00,-38,11,1,0,1,1,1,0,0,0,1,-96,0,11,2,2287960,0,44,0,384,0,"[0,0,0,0,0,0,0,0,0,0,0,0,-6,-7,-6,-7,-6,-6,-6,-7,-6,-7,-6,-7,-6,-7,-6,-7,-6,-8,-7,-7,-7,-8,-7,-7,-7,-8,-7,-7,-7,-7,-8,-7,-8,-7,-7,-7,-7,-6,-7,-6,-7,-7,-8,-6,-7,-6,-8,-6,-8,-7,-8,-6,0,0,-8,-6,-8,-6,-8,-5,-8,-5,-7,-5,-8,-5,-7,-5,-7,-5,-7,-5,-7,-5,-7,-5,-6,-5,-6,-5,-6,-5,-6,-5,-6,-5,-6,-5,-5,-5,-5,-5,-4,-5,-4,-5,-3,-5,-3,-5,-3,-5,-2,-5,-2,-4,0,0,0,0,0,0,0,0,0,0,0,0,0,0,9,34,6,34,11,39,6,42,6,37,5,43,11,43,6,51,9,45,4,49,7,50,7,51,9,52,6,50,8,49,9,43,12,54,10,50,9,54,15,48,19,52,9,50,16,49,14,46,16,49,18,51,10,46,20,47,15,51,19,45,17,41,17,42,15,41,20,47,21,41,15,43,18,42,15,41,15,44,15,36,19,40,14,37,14,38,13,40,12,39,15,36,10,34,7,31,11,29,6,27,6,30,0,32,-1,28,-4,27,0,26,-1,23,-7,21,0,0,0,0,0,0,0,0,0,0,0,0,0,0,0,0,0,0,0,0,0,0,42,-21,42,-18,40,-17,47,-16,44,-12,54,-13,53,-13,54,-7,59,-15,60,-11,65,-10,63,-15,75,-19,67,-12,74,-1,71,-3,78,-8,74,2,77,0,76,3,81,7,81,14,70,13,76,10,75,13,73,9,70,14,68,22,66,16,67,18,51,17,58,18,53,17,49,16,45,18,43,16,40,17,42,15,35,17,35,9,30,13,29,13,26,11,19,6,17,7,16,9,11,8,6,7,4,8,3,9,-3,16,-3,16,-6,14,-15,10,-18,9,-17,16,-21,9,0,0]"
CSI_DATA,154,1a:00:00:00:00:00,-38,11,1,0,1,1,1,0,0,0,1,-96,0,11,2,2297940,0,44,0,384,0,"[0,0,0,0,0,0,0,0,0,0,0,0,-7,5,-7,5,-7,5,-8,6,-7,5,-8,5,-8,6,-8,5,-8,5,-8,6,-8,6,-8,6,-8,6,-8,6,-8,6,-8,7,-7,7,-7,6,-7,6,-7,7,-7,6,-7,7,-7,6,-7,7,-7,7,-7,7,0,0,-6,7,-6,7,-6,8,-6,7,-6,6,-6,7,-6,6,-6,6,-5,6,-5,6,-6,6,-5,5,-6,5,-6,5,-5,5,-6,5,-5,4,-5,4,-5,3,-5,3,-5,3,-5,2,-5,2,-5,2,-5,1,-4,1,0,0,0,0,0,0,0,0,0,0,0,0,0,0,38,-5,40,-1,41,-3,41,-2,46,-3,42,-1,50,-3,47,-1,41,1,52,3,47,-1,49,1,55,-4,54,0,48,5,53,-6,58,0,52,-2,48,-2,52,-5,55,-5,54,-6,47,-6,48,-3,49,-6,50,-9,49,-10,51,-4,47,-7,54,-15,50,-9,54,-11,47,-8,47,-14,46,-18,46,-12,47,-8,43,-13,44,-13,45,-10,45,-11,40,-6,42,-7,38,-6,42,-6,39,-6,35,-4,39,-4,32,0,34,-3,32,0,31,1,31,2,27,3,23,7,24,7,21,9,0,0,0,0,0,0,0,0,0,0,0,0,0,0,0,0,0,0,0,0,0,0,-17,-45,-14,-45,-14,-52,-11,-49,-15,-52,-10,-56,-12,-56,-12,-55,-14,-63,-7,-61,-4,-65,-5,-71,-10,-77,-3,-76,3,-72,9,-75,0,-81,7,-79,13,-76,9,-76,16,-73,15,-82,13,-76,21,-73,24,-74,14,-79,33,-64,26,-67,31,-62,26,-68,20,-51,25,-53,20,-49,22,-47,25,-48,25,-44,22,-40,19,-42,16,-34,16,-30,19,-30,17,-27,18,-23,10,-22,12,-15,13,-20,7,-12,11,-8,10,-8,11,1,11,5,11,10,11,10,12,13,8,19,9,18,7,31,0,0]"
CSI_DATA,155,1a:00:00:00:00:00,-38,11,1,0,1,1,1,0,0,0,1,-96,0,11,2,2308072,0,44,0,384,0,"[0,0,0,0,0,0,0,0,0,0,0,0,0,-9,0,-9,-1,-10,0,-10,0,-10,0,-10,0,-10,0,-10,0,-10,0,-10,0,-11,-1,-11,-1,-11,-1,-10,0,-10,-1,-11,-2,-11,-1,-10,-2,-10,-2,-10,-1,-10,-2,-10,-2,-10,-3,-11,-2,-10,-3,-10,0,0,-3,-10,-3,-10,-3,-10,-3,-9,-2,-9,-2,-10,-3,-9,-2,-9,-3,-9,-3,-9,-2,-9,-2,-9,-2,-8,-2,-8,-2,-8,-1,-8,-1,-8,-1,-7,0,-7,0,-7,0,-7,0,-6,0,-6,1,-5,1,-5,1,-4,0,0,0,0,0,0,0,0,0,0,0,0,0,0,-35,25,-25,26,-27,34,-27,27,-34,30,-34,34,-35,34,-38,34,-35,32,-35,35,-36,36,-40,35,-38,36,-36,36,-37,38,-33,41,-42,44,-33,41,-34,38,-35,37,-37,46,-34,40,-28,43,-34,39,-37,37,-30,41,-31,45,-30,44,-33,43,-32,46,-28,41,-30,42,-29,45,-25,44,-24,42,-26,40,-28,38,-27,41,-26,38,-23,41,-20,33,-22,33,-21,35,-27,35,-27,31,-29,30,-25,29,-24,28,-26,24,-22,18,-26,20,-23,18,-25,21,-22,14,-24,12,-25,9,-25,5,0,0,0,0,0,0,0,0,0,0,0,0,0,0,0,0,0,0,0,0,0,0,42,19,39,21,39,21,46,25,45,24,43,31,43,32,40,36,53,38,46,42,49,45,51,41,59,47,53,50,51,57,50,55,54,60,47,59,43,60,41,67,34,70,42,70,36,68,40,64,37,69,43,66,32,68,30,64,25,57,30,63,23,53,20,59,21,56,14,50,18,52,15,46,7,41,7,43,7,36,15,35,9,35,7,27,3,25,7,24,4,18,-5,21,-6,17,-6,10,-3,12,-9,12,-10,7,-16,4,-18,3,-14,2,-22,-3,-22,-12,-29,-10,0,0]"
CSI_DATA,156,1a:00:00:00:00:00,-38,11,1,0,1,1,1,0,0,0,1,-96,0,11,2,2321725,0,44,0,384,0,"[0,0,0,0,0,0,0,0,0,0,0,0,6,5,6,5,6,6,6,6,6,6,5,6,6,6,6,6,6,6,6,6,6,7,7,6,6,7,7,6,6,6,8,6,7,5,7,5,7,5,7,5,7,5,7,5,7,5,8,5,8,5,8,5,0,0,8,4,8,5,8,4,8,4,7,4,7,4,7,4,7,4,7,4,7,4,7,4,6,4,6,4,6,4,5,4,5,4,5,4,4,4,4,4,4,4,3,4,3,4,2,4,2,4,1,4,1,3,0,0,0,0,0,0,0,0,0,0,0,0,0,0,6,-43,6,-42,4,-42,3,-38,9,-51,10,-48,2,-47,9,-51,9,-49,10,-48,9,-46,8,-50,4,-54,6,-51,5,-50,9,-56,5,-58,0,-52,9,-50,4,-51,2,-56,9,-49,-1,-52,3,-52,2,-57,3,-55,3,-53,-5,-51,-4,-53,-10,-55,-2,-49,-6,-51,-1,-48,-5,-52,-6,-46,1,-47,0,-47,-5,-45,-4,-47,-3,-45,-4,-43,-2,-42,1,-48,-2,-43,3,-43,5,-38,0,-37,5,-39,5,-38,8,-35,7,-33,8,-30,7,-32,12,-25,8,-26,7,-24,13,-19,0,0,0,0,0,0,0,0,0,0,0,0,0,0,0,0,0,0,0,0,0,0,-46,13,-50,7,-47,9,-53,6,-52,7,-57,1,-53,-1,-55,-2,-67,-1,-64,-6,-67,-1,-66,3,-73,-1,-76,-9,-78,-12,-73,-16,-81,-12,-72,-19,-74,-21,-76,-26,-72,-24,-81,-31,-72,-29,-76,-24,-69,-31,-69,-32,-63,-32,-65,-38,-58,-32,-61,-32,-48,-30,-53,-34,-45,-32,-47,-30,-47,-30,-39,-25,-37,-22,-36,-24,-35,-27,-32,-24,-26,-18,-26,-16,-16,-18,-25,-12,-16,-11,-5,-18,-4,-17,-3,-11,2,-15,-3,-11,6,-12,7,-8,9,-8,16,-7,21,-13,22,-3,27,-7,0,0]"
CSI_DATA,157,1a:00:00:00:00:00,-38,11,1,0,1,1,1,0,0,0,1,-96,0,11,2,2328186,0,44,0,384,0,"[0,0,0,0,0,0,0,0,0,0,0,0,5,-7,5,-7,5,-7,6,-8,6,-8,6,-7,6,-8,6,-8,6,-8,6,-8,6,-8,6,-9,6,-8,6,-8,6,-8,6,-9,5,-9,5,-8,5,-8,5,-9,5,-8,5,-9,5,-8,4,-9,5,-9,5,-9,0,0,4,-9,4,-9,4,-9,4,-9,4,-8,4,-9,4,-8,4,-8,3,-8,4,-8,4,-8,4,-7,4,-7,4,-7,4,-7,4,-6,4,-6,4,-5,4,-5,4,-5,4,-4,4,-4,4,-4,4,-3,4,-3,3,-2,0,0,0,0,0,0,0,0,0,0,0,0,0,0,-38,1,-43,9,-49,5,-41,1,-44,5,-48,7,-44,6,-52,3,-46,5,-48,2,-51,6,-46,4,-54,7,-50,0,-49,2,-54,8,-60,5,-56,9,-51,2,-50,7,-55,10,-53,5,-45,11,-48,9,-49,10,-53,8,-48,9,-45,14,-47,15,-53,19,-47,15,-50,15,-49,11,-48,13,-41,16,-40,14,-42,14,-44,9,-41,10,-44,10,-42,8,-42,6,-40,12,-43,13,-41,6,-41,3,-37,4,-36,4,-34,0,-32,-2,-33,-1,-31,-2,-28,-2,-22,-3,-21,-8,-20,-6,-21,-10,0,0,0,0,0,0,0,0,0,0,0,0,0,0,0,0,0,0,0,0,0,0,26,40,23,39,20,40,22,46,16,45,17,49,13,48,16,55,21,59,21,55,18,63,20,63,26,70,17,71,9,72,10,75,12,79,3,75,0,69,-4,74,-5,74,-10,81,-2,74,-4,74,-8,76,-4,74,-13,66,-17,70,-13,63,-15,63,-15,54,-15,57,-15,52,-20,49,-14,46,-19,46,-14,39,-10,43,-10,31,-18,35,-11,27,-9,25,-12,23,-8,22,-10,18,-9,12,-13,10,-13,8,-13,5,-9,-1,-11,-4,-11,-1,-12,-10,-15,-14,-13,-21,-11,-23,-11,-24,0,0]"
CSI_DATA,158,1a:00:00:00:00:00,-38,11,1,0,1,1,1,0,0,0,1,-96,0,11,2,2337956,0,44,0,384,0,"[0,0,0,0,0,0,0,0,0,0,0,0,1,-9,1,-10,1,-10,1,-10,1,-10,2,-10,1,-10,1,-10,1,-10,1,-10,1,-11,0,-11,1,-11,0,-11,1,-10,0,-11,0,-11,0,-10,0,-10,0,-11,0,-11,-1,-11,0,-10,-1,-11,-1,-11,-1,-11,0,0,-1,-10,-1,-11,-2,-11,-2,-10,-1,-10,-1,-10,-1,-10,-1,-9,-1,-9,-2,-9,-1,-9,-1,-9,-1,-9,0,-8,0,-8,0,-8,0,-8,0,-7,0,-7,0,-7,1,-7,1,-6,1,-6,1,-5,2,-5,2,-4,0,0,0,0,0,0,0,0,0,0,0,0,0,0,-33,22,-33,25,-36,30,-34,31,-39,28,-39,28,-39,26,-36,34,-37,27,-43,33,-43,32,-42,36,-43,32,-41,31,-43,31,-42,34,-42,35,-41,36,-39,33,-40,34,-41,40,-40,32,-38,42,-38,35,-38,36,-40,40,-34,32,-33,43,-36,39,-37,40,-34,36,-34,39,-33,35,-35,39,-31,33,-31,39,-28,40,-26,39,-35,32,-25,38,-27,32,-34,32,-26,34,-30,33,-31,28,-29,26,-29,28,-30,26,-31,21,-28,20,-27,17,-28,15,-24,13,-25,15,-22,10,-25,7,-23,2,0,0,0,0,0,0,0,0,0,0,0,0,0,0,0,0,0,0,0,0,0,0,30,27,37,32,32,34,35,33,34,36,41,43,36,40,34,43,41,50,37,48,38,56,42,56,48,61,39,60,40,65,32,66,42,74,34,67,35,72,34,71,32,72,29,75,22,73,28,75,21,74,25,72,13,69,13,71,15,65,14,72,8,54,16,64,9,57,3,49,8,51,6,47,0,43,6,43,6,35,7,37,1,36,0,33,2,25,3,22,-9,22,-8,16,-5,14,-4,10,-5,10,-8,4,-8,9,-10,3,-13,-7,-13,-7,-20,-10,-25,-14,-20,-18,0,0]"
CSI_DATA,159,1a:00:00:00:00:00,-38,11,1,0,1,1,1,0,0,0,1,-96,0,11,2,2349244,0,44,0,384,0,"[0,0,0,0,0,0,0,0,0,0,0,0,-2,-9,-2,-9,-2,-9,-2,-10,-2,-10,-1,-10,-2,-10,-2,-10,-2,-10,-2,-10,-2,-10,-3,-11,-2,-11,-3,-10,-3,-10,-3,-11,-3,-10,-3,-9,-3,-10,-4,-10,-3,-10,-4,-10,-4,-9,-4,-10,-4,-10,-4,-10,0,0,-5,-9,-4,-10,-5,-10,-5,-8,-4,-9,-4,-9,-4,-9,-4,-8,-4,-8,-4,-8,-4,-8,-3,-8,-3,-8,-3,-8,-3,-8,-3,-8,-2,-7,-2,-7,-2,-7,-2,-6,-1,-6,-1,-6,0,-6,0,-6,0,-5,0,-5,0,0,0,0,0,0,0,0,0,0,0,0,0,0,-20,27,-26,30,-24,35,-23,32,-31,37,-28,34,-29,35,-30,42,-27,35,-38,34,-29,38,-33,35,-35,39,-29,38,-34,40,-32,42,-33,42,-28,46,-33,39,-30,45,-30,48,-34,42,-24,45,-28,45,-25,40,-31,45,-23,47,-24,48,-21,44,-25,46,-24,42,-22,43,-20,45,-19,46,-16,41,-22,41,-18,43,-15,46,-23,40,-19,40,-22,38,-21,40,-18,37,-17,36,-22,37,-25,31,-20,30,-20,32,-21,27,-19,21,-20,22,-23,21,-18,20,-22,18,-23,15,-20,15,-19,9,0,0,0,0,0,0,0,0,0,0,0,0,0,0,0,0,0,0,0,0,0,0,43,15,42,20,40,19,43,23,42,27,45,29,43,26,44,33,52,34,48,36,55,39,55,36,62,38,55,44,52,49,47,51,60,52,51,58,46,55,44,59,44,62,46,61,42,61,43,58,43,64,43,59,32,59,34,59,29,59,33,60,26,50,25,54,21,50,22,47,20,46,20,41,15,34,13,37,17,33,13,33,11,29,9,26,7,27,5,21,2,16,4,12,0,15,-2,18,0,11,-5,9,-7,6,-9,8,-14,-2,-20,-3,-21,-7,-24,-8,-20,-8,0,0]"
CSI_DATA,160,1a:00:00:00:00:00,-38,11,1,0,1,1,1,0,0,0,1,-96,0,11,2,2367942,0,44,0,384,0,"[0,0,0,0,0,0,0,0,0,0,0,0,1,8,1,8,1,8,1,9,1,9,0,9,1,9,1,9,1,9,1,9,1,9,2,10,1,10,2,9,1,9,2,10,2,9,2,9,2,9,2,9,2,9,3,9,2,8,3,9,3,9,3,9,0,0,3,9,3,9,3,9,3,8,3,8,3,8,3,8,3,8,3,7,3,7,3,8,2,7,2,7,2,7,1,7,1,7,1,6,1,6,1,6,0,5,0,5,-1,5,-1,5,-1,4,-1,4,-2,4,0,0,0,0,0,0,0,0,0,0,0,0,0,0,21,-36,21,-32,21,-34,20,-39,20,-40,17,-41,23,-46,28,-41,30,-44,30,-38,27,-46,27,-41,29,-48,29,-49,29,-47,29,-46,31,-51,28,-50,25,-45,25,-50,24,-53,22,-50,17,-49,19,-49,16,-48,24,-51,21,-49,15,-47,21,-48,22,-50,20,-50,19,-47,13,-48,17,-50,15,-48,14,-46,14,-44,15,-44,13,-40,14,-41,18,-40,17,-40,18,-39,21,-45,13,-38,18,-35,17,-32,16,-35,15,-24,16,-28,21,-29,18,-23,18,-23,22,-21,20,-22,19,-14,17,-12,0,0,0,0,0,0,0,0,0,0,0,0,0,0,0,0,0,0,0,0,0,0,-45,-14,-42,-15,-42,-13,-48,-18,-46,-18,-49,-26,-44,-22,-52,-28,-56,-27,-53,-33,-57,-37,-56,-41,-66,-41,-64,-45,-61,-48,-59,-47,-65,-46,-57,-47,-58,-50,-60,-56,-54,-61,-60,-60,-53,-61,-51,-60,-49,-66,-46,-61,-33,-58,-44,-61,-38,-55,-41,-56,-29,-48,-29,-51,-31,-52,-28,-44,-27,-44,-26,-41,-21,-40,-20,-40,-17,-30,-17,-33,-12,-30,-13,-32,-7,-22,-12,-23,-1,-21,-4,-20,-4,-16,1,-14,0,-12,4,-10,6,-10,16,-6,13,-2,16,1,27,-1,24,3,28,3,0,0]"
CSI_DATA,161,1a:00:00:00:00:00,-38,11,1,0,1,1,1,0,0,0,1,-96,0,11,2,2391287,0,44,0,384,0,"[0,0,0,0,0,0,0,0,0,0,0,0,0,8,1,8,1,8,0,9,0,9,0,9,1,9,0,9,0,9,1,9,1,10,1,9,1,9,1,9,0,9,2,10,2,9,2,9,2,9,2,9,1,9,2,9,2,9,3,9,2,9,3,9,0,0,3,8,3,9,3,9,3,8,2,8,2,8,3,8,2,8,2,8,2,7,2,8,1,7,1,7,1,7,1,7,1,7,1,6,0,6,0,6,0,6,-1,5,-1,5,-1,5,-2,5,-2,4,-2,4,0,0,0,0,0,0,0,0,0,0,0,0,0,0,26,-35,24,-35,25,-35,26,-38,25,-38,26,-34,31,-34,30,-39,30,-38,34,-39,32,-39,30,-38,36,-43,33,-42,33,-37,30,-46,34,-46,28,-43,28,-45,33,-40,29,-48,30,-41,27,-45,28,-48,23,-46,25,-46,25,-40,24,-47,26,-47,22,-48,28,-44,25,-44,19,-43,22,-48,20,-39,24,-44,20,-48,19,-46,22,-41,19,-42,16,-37,21,-40,17,-41,22,-41,19,-32,18,-33,21,-28,19,-33,22,-26,26,-26,25,-24,19,-18,22,-25,21,-18,22,-16,22,-13,22,-6,0,0,0,0,0,0,0,0,0,0,0,0,0,0,0,0,0,0,0,0,0,0,-43,-16,-47,-21,-46,-19,-48,-19,-48,-21,-43,-29,-42,-26,-51,-29,-56,-34,-57,-35,-58,-38,-59,-34,-64,-40,-59,-47,-55,-46,-58,-53,-60,-55,-56,-55,-55,-57,-54,-57,-51,-59,-53,-71,-47,-61,-48,-63,-46,-67,-47,-64,-40,-65,-36,-62,-31,-61,-37,-61,-28,-54,-27,-57,-22,-52,-21,-48,-20,-51,-22,-45,-19,-40,-18,-41,-19,-34,-16,-34,-13,-30,-16,-31,-11,-29,-7,-22,-7,-17,2,-18,2,-15,-4,-16,10,-9,5,-8,10,-5,11,-6,15,-1,16,1,27,4,25,6,24,6,0,0]"
CSI_DATA,162,1a:00:00:00:00:00,-38,11,1,0,1,1,1,0,0,0,1,-96,0,11,2,2420402,0,44,0,384,0,"[0,0,0,0,0,0,0,0,0,0,0,0,1,7,2,7,2,7,1,8,1,8,1,8,1,8,2,8,1,8,2,8,2,8,2,8,2,9,2,8,2,8,3,9,3,8,2,8,3,8,3,8,2,8,3,8,2,7,3,8,3,8,3,8,0,0,4,7,3,8,4,8,4,7,3,7,3,7,3,7,3,7,3,7,3,6,3,7,2,6,2,6,2,6,2,6,2,6,1,6,1,5,1,5,1,5,0,5,0,5,-1,4,-1,4,-1,4,-1,3,0,0,0,0,0,0,0,0,0,0,0,0,0,0,20,-28,18,-34,14,-38,21,-36,33,-41,29,-38,29,-43,25,-40,32,-38,24,-40,31,-44,30,-40,30,-41,32,-47,33,-45,24,-45,31,-46,31,-50,29,-39,25,-49,26,-48,32,-45,20,-49,29,-44,26,-45,24,-47,27,-51,22,-49,23,-47,21,-53,20,-49,21,-49,28,-48,23,-49,17,-48,24,-42,24,-44,21,-42,20,-41,18,-35,20,-39,20,-41,22,-39,20,-40,21,-35,23,-31,25,-32,21,-32,21,-29,24,-24,25,-21,25,-21,18,-20,23,-15,22,-15,23,-12,18,-8,0,0,0,0,0,0,0,0,0,0,0,0,0,0,0,0,0,0,0,0,0,0,-47,-3,-48,-10,-51,-6,-49,-10,-55,-8,-52,-16,-50,-21,-55,-19,-63,-21,-64,-26,-62,-24,-65,-24,-69,-24,-67,-28,-66,-38,-72,-40,-68,-37,-66,-49,-59,-40,-58,-53,-58,-54,-65,-56,-60,-55,-58,-52,-60,-57,-56,-54,-45,-58,-44,-55,-43,-59,-44,-52,-38,-51,-37,-49,-35,-51,-31,-43,-30,-43,-27,-38,-21,-43,-22,-33,-22,-30,-23,-31,-18,-27,-14,-26,-10,-25,-12,-22,-8,-21,-11,-17,-3,-16,0,-14,0,-14,5,-9,5,-8,16,-10,15,-9,12,-4,22,1,19,0,22,7,0,0]"
CSI_DATA,163,1a:00:00:00:00:00,-38,11,1,0,1,1,1,0,0,0,1,-96,0,11,2,2428013,0,44,0,384,0,"[0,0,0,0,0,0,0,0,0,0,0,0,-8,-3,-8,-3,-8,-3,-9,-3,-9,-3,-9,-4,-9,-3,-9,-3,-9,-3,-9,-3,-10,-3,-10,-3,-10,-3,-9,-3,-9,-3,-10,-2,-10,-2,-9,-2,-9,-2,-9,-2,-9,-3,-9,-2,-9,-2,-10,-2,-10,-1,-10,-2,0,0,-10,-1,-10,-1,-10,-1,-9,-1,-9,-2,-9,-1,-9,-1,-9,-1,-9,-1,-8,-2,-9,-2,-8,-2,-8,-2,-7,-2,-7,-2,-8,-2,-7,-2,-7,-2,-6,-3,-6,-3,-6,-3,-5,-3,-5,-3,-4,-3,-4,-4,-4,-3,0,0,0,0,0,0,0,0,0,0,0,0,0,0,27,22,21,34,20,30,25,38,27,38,21,42,20,40,27,38,25,46,25,39,27,44,27,38,31,43,26,47,26,49,33,49,32,52,28,48,27,43,30,43,34,43,31,40,32,34,34,42,31,38,33,44,38,37,35,43,35,41,36,37,33,38,32,38,32,34,36,34,37,32,29,35,33,33,31,32,23,31,35,27,28,34,29,32,29,32,22,35,22,34,26,29,19,34,16,35,18,27,18,29,14,28,17,25,10,23,5,23,6,28,7,22,1,22,0,0,0,0,0,0,0,0,0,0,0,0,0,0,0,0,0,0,0,0,0,0,25,-36,29,-34,29,-37,33,-39,38,-39,38,-35,40,-39,43,-38,43,-45,47,-41,54,-45,52,-40,59,-48,62,-39,58,-36,66,-45,67,-48,72,-37,67,-31,72,-32,68,-29,78,-30,74,-26,77,-30,79,-22,69,-27,69,-14,67,-16,72,-13,61,-15,59,-15,61,-8,57,-8,50,-6,51,0,47,-6,43,-4,39,-4,33,-1,38,4,34,0,29,1,27,-1,22,1,16,-2,18,1,13,4,8,2,13,9,6,12,2,13,2,11,-2,15,-4,14,-11,18,-15,19,-14,19,0,0]"
CSI_DATA,164,1a:00:00:00:00:00,-38,11,1,0,1,1,1,0,0,0,1,-96,0,11,2,2439259,0,44,0,384,0,"[0,0,0,0,0,0,0,0,0,0,0,0,-6,6,-6,6,-6,7,-7,6,-7,6,-7,6,-7,7,-7,6,-7,7,-7,7,-7,7,-7,7,-7,7,-7,7,-7,7,-7,8,-6,8,-6,7,-6,8,-6,8,-6,7,-6,8,-6,7,-5,8,-5,8,-5,8,0,0,-5,8,-5,9,-5,8,-4,8,-5,7,-5,8,-5,7,-5,7,-4,7,-4,7,-5,7,-5,6,-5,6,-5,6,-5,6,-5,5,-5,5,-4,5,-5,4,-4,4,-5,4,-5,3,-5,3,-5,2,-5,2,-4,1,0,0,0,0,0,0,0,0,0,0,0,0,0,0,35,-8,36,-4,38,-8,41,-6,42,-6,41,-5,46,-4,52,-2,46,-7,50,-2,49,-5,45,-10,54,-8,51,-2,47,-9,53,-12,55,-11,50,-11,47,-12,50,-14,57,-14,49,-11,43,-12,50,-12,44,-14,48,-15,47,-14,49,-20,47,-17,50,-14,48,-19,52,-17,41,-15,47,-17,44,-18,39,-18,44,-17,36,-17,41,-15,39,-15,39,-13,40,-12,34,-14,37,-16,36,-11,38,-6,39,-7,34,-8,31,-8,30,-5,30,-6,31,-4,29,-2,27,0,24,3,24,3,18,8,0,0,0,0,0,0,0,0,0,0,0,0,0,0,0,0,0,0,0,0,0,0,-20,-38,-17,-44,-18,-43,-16,-49,-15,-47,-12,-53,-12,-49,-17,-55,-18,-59,-14,-62,-13,-66,-15,-63,-18,-73,-10,-70,-7,-73,-4,-73,-6,-79,1,-76,3,-74,7,-74,8,-76,7,-83,6,-77,10,-79,11,-73,9,-71,18,-67,13,-69,17,-65,19,-68,19,-51,14,-58,16,-54,15,-46,15,-47,14,-46,11,-39,15,-39,8,-35,16,-36,9,-31,13,-25,13,-23,8,-24,10,-19,9,-9,7,-12,10,-14,10,-5,10,-4,11,1,12,0,8,9,8,13,7,16,13,21,6,22,0,0]"
CSI_DATA,165,1a:00:00:00:00:00,-38,11,1,0,1,1,1,0,0,0,1,-96,0,11,2,2447967,0,44,0,384,0,"[0,0,0,0,0,0,0,0,0,0,0,0,7,2,8,2,8,2,9,3,8,2,8,3,9,2,8,2,9,3,8,2,9,3,9,2,9,2,9,2,9,2,10,1,10,1,9,1,9,1,9,1,9,2,9,1,8,1,10,1,9,1,10,1,0,0,9,0,9,0,9,0,9,0,8,0,9,0,8,0,8,0,8,0,8,0,8,1,7,1,7,0,7,1,7,1,7,1,6,1,6,1,5,2,5,2,5,2,5,2,4,2,4,2,3,2,3,3,0,0,0,0,0,0,0,0,0,0,0,0,0,0,-22,-35,-20,-36,-24,-38,-23,-35,-30,-39,-26,-40,-27,-39,-28,-47,-18,-42,-24,-47,-29,-45,-28,-42,-30,-46,-24,-45,-26,-48,-30,-49,-29,-50,-35,-43,-34,-44,-31,-42,-35,-47,-37,-43,-40,-43,-31,-42,-33,-39,-33,-41,-35,-36,-35,-41,-38,-38,-43,-42,-39,-34,-39,-36,-32,-39,-42,-35,-35,-29,-36,-41,-34,-33,-37,-30,-32,-34,-35,-28,-33,-32,-33,-35,-28,-36,-29,-34,-26,-33,-25,-31,-26,-33,-23,-30,-23,-31,-18,-28,-16,-28,-15,-30,-14,-27,-10,-24,-9,-23,-11,-25,-3,-25,0,0,0,0,0,0,0,0,0,0,0,0,0,0,0,0,0,0,0,0,0,0,-36,28,-36,29,-36,26,-39,34,-41,26,-47,33,-47,28,-45,27,-56,32,-52,31,-59,32,-59,36,-61,41,-64,33,-73,30,-65,26,-76,35,-69,27,-76,23,-77,16,-74,24,-83,23,-75,18,-79,18,-79,13,-74,16,-71,8,-76,7,-64,2,-67,6,-55,2,-65,0,-55,-3,-56,-2,-57,-1,-49,2,-45,3,-46,2,-37,-2,-40,0,-33,-3,-32,-3,-25,2,-23,-4,-21,-5,-22,3,-16,-3,-10,-7,-13,-7,-10,-10,-4,-12,-4,-11,5,-15,6,-12,14,-17,15,-20,17,-18,0,0]"
CSI_DATA,166,1a:00:00:00:00:00,-38,11,1,0,1,1,1,0,0,0,1,-96,0,11,2,2461602,0,44,0,384,0,"[0,0,0,0,0,0,0,0,0,0,0,0,-6,5,-6,5,-6,6,-7,6,-7,6,-7,6,-7,6,-7,6,-7,6,-6,6,-7,7,-7,7,-7,7,-7,7,-7,7,-7,8,-6,8,-6,7,-6,8,-6,7,-6,7,-6,8,-6,7,-6,8,-5,8,-6,8,0,0,-5,8,-5,8,-5,8,-4,8,-5,7,-4,7,-4,7,-4,7,-4,7,-4,7,-5,7,-5,6,-4,6,-4,6,-4,5,-5,6,-4,5,-4,5,-4,5,-4,4,-5,4,-4,3,-4,3,-4,2,-4,2,-4,1,0,0,0,0,0,0,0,0,0,0,0,0,0,0,36,2,38,-6,41,3,45,4,45,-2,44,5,50,2,47,1,54,2,53,6,50,1,46,2,53,3,47,4,52,-1,56,-1,56,-1,53,2,52,2,53,0,56,-10,52,-3,52,-6,49,-6,50,-4,49,-3,51,-7,52,-13,50,-8,54,-13,50,-7,50,-10,44,-8,55,-12,47,-11,44,-13,42,-11,46,-12,42,-13,43,-12,44,-10,44,-7,40,-10,41,-5,45,-8,42,-9,39,-4,37,-7,36,0,30,-1,34,0,32,5,29,0,25,4,24,3,24,6,20,15,0,0,0,0,0,0,0,0,0,0,0,0,0,0,0,0,0,0,0,0,0,0,-8,-45,-1,-47,-3,-48,-3,-52,2,-52,3,-59,3,-52,7,-58,2,-68,6,-61,6,-66,9,-65,12,-75,13,-71,16,-74,22,-72,19,-81,23,-77,24,-70,28,-78,32,-71,33,-79,39,-71,33,-74,39,-71,30,-73,40,-63,42,-61,39,-53,34,-56,26,-51,30,-54,33,-51,28,-44,30,-41,26,-40,25,-36,26,-34,24,-27,21,-31,20,-28,13,-22,15,-20,10,-18,14,-13,18,-19,12,-13,16,-4,14,-3,9,-1,15,3,12,2,9,14,5,9,5,16,11,24,7,23,0,0]"
CSI_DATA,167,1a:00:00:00:00:00,-38,11,1,0,1,1,1,0,0,0,1,-96,0,11,2,2467945,0,44,0,384,0,"[0,0,0,0,0,0,0,0,0,0,0,0,-5,-7,-6,-7,-6,-7,-6,-8,-6,-8,-6,-8,-6,-8,-6,-7,-6,-8,-6,-7,-6,-8,-7,-8,-7,-8,-7,-8,-6,-8,-7,-8,-7,-7,-7,-7,-7,-7,-7,-7,-7,-7,-7,-7,-7,-7,-8,-7,-8,-7,-8,-7,0,0,-8,-6,-8,-6,-8,-6,-8,-6,-7,-6,-7,-6,-7,-6,-7,-5,-7,-5,-7,-5,-7,-6,-6,-6,-6,-5,-6,-6,-6,-5,-5,-6,-5,-5,-5,-5,-4,-5,-4,-5,-4,-5,-3,-5,-3,-5,-2,-5,-2,-5,-2,-4,0,0,0,0,0,0,0,0,0,0,0,0,0,0,-7,36,-9,43,-8,38,-9,40,-11,41,-10,45,-12,42,-9,44,-15,46,-12,50,-19,47,-17,47,-13,49,-16,52,-18,46,-11,52,-14,59,-11,54,-14,49,-9,49,-6,59,-9,50,-6,49,-11,55,-14,50,-7,53,-6,48,-1,54,-7,52,-3,50,-1,52,-6,49,-1,50,-3,56,-1,43,-8,49,1,50,-3,49,-3,47,-2,43,-3,45,-5,37,-6,44,-7,44,-9,41,-8,35,-6,38,-9,38,-9,32,-12,29,-11,31,-12,29,-15,25,-15,20,-17,20,-16,17,-15,17,0,0,0,0,0,0,0,0,0,0,0,0,0,0,0,0,0,0,0,0,0,0,43,-6,45,-2,48,-5,54,-2,51,-3,58,3,54,4,54,3,63,5,62,8,63,9,64,6,73,9,74,12,73,19,75,17,76,19,75,28,71,24,73,28,72,34,76,34,67,35,71,32,68,41,69,35,60,40,56,39,54,41,52,38,45,33,53,36,48,36,37,34,40,35,31,32,32,25,32,25,29,24,26,25,26,18,19,21,16,18,16,19,10,14,10,8,6,12,5,16,4,9,-1,10,-2,7,-9,7,-13,11,-18,3,-21,2,-27,4,-31,3,0,0]"
CSI_DATA,168,1a:00:00:00:00:00,-38,11,1,0,1,1,1,0,0,0,1,-96,0,11,2,2488516,0,44,0,384,0,"[0,0,0,0,0,0,0,0,0,0,0,0,-7,-7,-7,-7,-7,-7,-7,-7,-7,-7,-7,-8,-8,-7,-7,-7,-8,-7,-8,-7,-8,-8,-8,-8,-8,-8,-8,-7,-8,-8,-9,-7,-9,-7,-8,-6,-9,-6,-9,-7,-8,-7,-9,-7,-8,-6,-9,-6,-9,-6,-9,-6,0,0,-9,-6,-9,-6,-9,-6,-9,-5,-8,-5,-8,-6,-8,-5,-8,-5,-9,-5,-8,-5,-8,-6,-7,-6,-7,-5,-7,-5,-7,-5,-6,-6,-6,-5,-6,-5,-5,-5,-5,-5,-4,-5,-4,-5,-3,-5,-3,-5,-2,-5,-2,-5,0,0,0,0,0,0,0,0,0,0,0,0,0,0,11,31,4,35,9,40,4,44,4,42,2,46,3,42,6,48,4,43,1,46,7,48,0,45,7,53,6,50,0,48,8,50,4,51,4,52,6,51,7,51,11,52,9,50,13,50,8,54,7,49,11,51,8,47,15,52,7,53,13,46,11,42,11,47,13,43,14,48,15,42,6,43,10,44,18,45,13,45,16,38,12,38,12,39,7,38,7,42,9,43,6,38,4,33,6,35,1,34,2,30,2,28,-2,28,-2,26,-3,25,-6,26,-11,21,-10,19,0,0,0,0,0,0,0,0,0,0,0,0,0,0,0,0,0,0,0,0,0,0,38,-18,43,-20,39,-19,45,-22,40,-16,48,-11,48,-12,54,-13,59,-23,60,-9,63,-13,66,-12,72,-16,69,-11,76,-5,68,-4,74,-12,79,-2,72,2,74,5,76,4,83,4,70,8,73,15,76,15,74,9,66,16,65,18,58,21,65,16,50,14,57,19,50,18,48,18,51,19,41,14,34,12,38,12,32,13,30,10,27,17,28,13,21,14,18,8,15,9,17,12,10,10,4,11,4,9,0,12,-3,13,-3,14,-10,11,-8,15,-15,14,-24,10,-25,14,0,0]"
CSI_DATA,169,1a:00:00:00:00:00,-38,11,1,0,1,1,1,0,0,0,1,-96,0,11,2,2498057,0,44,0,384,0,"[0,0,0,0,0,0,0,0,0,0,0,0,-6,-7,-7,-7,-7,-6,-7,-7,-7,-7,-6,-7,-7,-7,-7,-7,-7,-7,-7,-7,-7,-8,-8,-7,-7,-8,-7,-7,-7,-7,-8,-7,-8,-7,-8,-7,-8,-6,-8,-7,-8,-7,-8,-6,-8,-6,-8,-6,-8,-6,-8,-6,0,0,-8,-6,-9,-6,-8,-6,-9,-5,-8,-5,-8,-6,-8,-5,-7,-5,-8,-5,-7,-5,-7,-6,-7,-5,-6,-5,-6,-5,-6,-5,-6,-5,-6,-5,-5,-5,-5,-5,-5,-5,-4,-5,-4,-5,-3,-5,-3,-5,-2,-5,-2,-4,0,0,0,0,0,0,0,0,0,0,0,0,0,0,-1,36,0,34,9,42,2,43,0,42,2,46,-1,47,-1,47,3,46,-1,48,2,46,-2,49,1,49,0,48,3,41,8,49,0,56,7,56,5,49,5,49,6,56,7,47,14,51,7,52,9,50,10,52,9,47,11,51,14,50,10,48,8,51,11,51,6,45,11,49,13,46,10,47,9,42,11,41,7,44,10,41,11,45,4,38,4,40,7,43,3,42,8,34,5,38,4,38,1,34,1,28,-1,31,-1,26,-5,26,-8,26,-2,25,-3,23,-10,22,0,0,0,0,0,0,0,0,0,0,0,0,0,0,0,0,0,0,0,0,0,0,41,-21,47,-16,44,-13,47,-15,45,-15,51,-12,46,-12,52,-5,64,-9,55,-13,64,-11,67,-14,69,-11,71,-8,75,-1,69,-1,76,-6,76,4,67,6,73,13,72,13,76,14,69,11,74,11,72,18,72,11,69,20,67,23,60,25,61,20,49,19,55,21,52,21,47,17,45,23,40,16,35,17,34,20,34,13,33,13,27,13,26,13,19,15,21,11,15,7,13,8,12,7,4,9,-2,10,4,10,-4,7,-7,12,-11,13,-16,9,-21,8,-27,10,-22,13,0,0]"
CSI_DATA,170,1a:00:00:00:00:00,-38,11,1,0,1,1,1,0,0,0,1,-96,0,11,2,2508318,0,44,0,384,0,"[0,0,0,0,0,0,0,0,0,0,0,0,-9,-2,-9,-1,-9,-1,-10,-2,-10,-1,-10,-2,-10,-1,-10,-2,-10,-2,-10,-2,-11,-2,-11,-1,-10,-1,-11,-1,-10,-1,-11,0,-11,0,-10,0,-10,0,-10,0,-10,0,-10,0,-10,0,-11,1,-11,1,-11,1,0,0,-10,1,-10,1,-10,1,-10,2,-9,1,-9,1,-9,1,-9,1,-9,1,-9,0,-9,0,-8,0,-8,0,-8,0,-8,0,-8,0,-8,0,-7,-1,-7,-1,-7,-1,-6,-2,-6,-2,-6,-2,-5,-2,-5,-2,-4,-3,0,0,0,0,0,0,0,0,0,0,0,0,0,0,29,27,29,26,29,32,25,36,29,36,27,35,31,38,29,41,26,38,31,43,31,36,28,40,31,43,31,38,32,40,34,38,38,45,35,41,31,41,31,40,39,41,35,36,36,37,31,35,36,35,37,44,33,34,42,35,36,35,44,33,41,29,44,33,33,31,43,33,34,25,38,36,36,31,39,30,30,32,42,28,34,30,32,28,24,30,33,31,26,27,27,25,24,30,24,27,23,24,15,25,19,27,18,25,11,28,9,21,5,20,10,22,9,19,0,0,0,0,0,0,0,0,0,0,0,0,0,0,0,0,0,0,0,0,0,0,19,-39,24,-42,24,-39,29,-43,29,-39,31,-44,32,-38,35,-47,43,-51,38,-44,46,-49,46,-49,51,-55,51,-53,64,-50,57,-43,69,-52,61,-45,66,-45,67,-40,67,-38,75,-38,66,-33,71,-35,69,-35,68,-35,70,-27,70,-28,62,-19,67,-26,56,-13,60,-21,54,-13,54,-10,50,-8,42,-15,38,-7,40,-10,40,-6,38,-7,29,-7,24,-4,24,-5,20,-2,20,1,9,-1,14,-2,12,0,13,5,5,7,5,8,3,12,-5,19,-1,13,-11,16,-9,20,-12,16,0,0]"
CSI_DATA,171,1a:00:00:00:00:00,-38,11,1,0,1,1,1,0,0,0,1,-96,0,11,2,2519599,0,44,0,384,0,"[0,0,0,0,0,0,0,0,0,0,0,0,-8,2,-8,3,-8,3,-9,3,-9,3,-9,3,-10,3,-9,3,-10,3,-9,3,-10,3,-10,4,-10,4,-9,4,-9,3,-9,5,-9,5,-9,4,-9,5,-9,4,-9,4,-9,5,-8,4,-9,5,-9,5,-9,5,0,0,-8,5,-8,5,-8,6,-8,6,-8,5,-8,5,-7,5,-7,4,-7,5,-7,4,-8,4,-7,4,-7,4,-7,4,-7,3,-7,4,-7,3,-7,3,-6,2,-6,2,-6,2,-6,1,-5,1,-6,1,-5,0,-5,0,0,0,0,0,0,0,0,0,0,0,0,0,0,0,36,2,35,4,38,5,42,11,41,5,44,9,45,7,45,14,45,10,46,11,49,12,44,13,49,10,49,11,47,11,47,7,54,12,49,5,49,9,53,10,57,4,48,5,50,-1,51,1,46,3,50,4,48,-2,50,-3,53,4,53,-6,46,-5,52,-8,46,1,50,-5,47,-6,45,0,45,-5,44,-3,41,-3,45,-5,46,-2,41,-4,39,0,35,-1,40,3,40,4,38,4,38,1,36,6,28,7,30,2,28,7,26,7,25,10,21,9,21,12,18,11,0,0,0,0,0,0,0,0,0,0,0,0,0,0,0,0,0,0,0,0,0,0,1,-43,-2,-49,5,-45,4,-49,10,-48,7,-51,5,-52,11,-52,10,-63,10,-63,18,-66,13,-65,10,-74,22,-68,26,-71,28,-72,26,-74,26,-73,35,-69,30,-68,34,-69,38,-73,36,-68,35,-65,42,-64,37,-69,45,-56,42,-59,41,-51,43,-52,34,-45,34,-45,38,-39,36,-41,34,-39,27,-37,33,-31,25,-32,23,-26,24,-23,21,-20,23,-25,19,-17,17,-12,14,-10,12,-18,13,-10,13,-1,14,-1,15,0,6,6,8,9,2,17,1,16,7,23,3,22,0,22,0,0]"
CSI_DATA,172,1a:00:00:00:00:00,-38,11,1,0,1,1,1,0,0,0,1,-96,0,11,2,2527937,0,44,0,384,0,"[0,0,0,0,0,0,0,0,0,0,0,0,-4,-8,-5,-8,-5,-8,-5,-8,-5,-9,-4,-9,-5,-9,-5,-9,-5,-9,-5,-9,-5,-9,-6,-9,-5,-9,-6,-9,-5,-9,-7,-9,-6,-8,-6,-8,-6,-8,-6,-8,-6,-8,-7,-8,-6,-8,-7,-8,-7,-8,-7,-8,0,0,-7,-7,-7,-8,-7,-7,-7,-7,-7,-7,-7,-7,-7,-7,-6,-6,-7,-6,-6,-6,-6,-7,-5,-6,-5,-6,-5,-6,-5,-6,-5,-6,-5,-6,-4,-6,-4,-6,-4,-6,-3,-6,-3,-5,-2,-5,-2,-5,-2,-5,-1,-5,0,0,0,0,0,0,0,0,0,0,0,0,0,0,-7,32,-16,41,-12,38,-19,38,-13,46,-21,44,-22,44,-18,45,-19,46,-17,48,-18,49,-17,43,-19,49,-19,51,-23,52,-19,48,-20,58,-14,50,-18,48,-16,46,-14,54,-11,49,-9,51,-8,49,-14,50,-13,56,-8,56,-6,54,-10,52,-6,50,-8,44,-9,56,-10,51,-6,49,-3,48,-9,49,-3,46,-6,43,-5,46,-7,43,-5,39,-8,39,-8,43,-11,46,-9,43,-8,42,-9,34,-6,36,-6,37,-9,26,-11,32,-13,24,-14,29,-18,25,-18,23,-13,15,-15,17,0,0,0,0,0,0,0,0,0,0,0,0,0,0,0,0,0,0,0,0,0,0,49,5,48,7,45,5,48,9,49,8,49,14,51,19,51,27,64,16,58,18,62,28,67,18,77,16,80,25,68,28,64,40,75,35,71,35,69,32,67,48,70,48,67,46,62,44,57,44,59,50,66,48,56,49,46,44,47,53,52,43,41,42,41,45,41,44,37,39,36,40,31,34,26,30,30,31,27,29,24,30,14,27,15,24,18,23,10,17,9,16,13,17,5,15,-2,12,4,12,-1,13,-4,12,-9,6,-17,1,-18,3,-22,2,-25,-3,-28,2,0,0]"
CSI_DATA,173,1a:00:00:00:00:00,-38,11,1,0,1,1,1,0,0,0,1,-96,0,11,2,2537971,0,44,0,384,0,"[0,0,0,0,0,0,0,0,0,0,0,0,-5,-8,-5,-7,-6,-7,-5,-8,-5,-8,-5,-8,-6,-8,-6,-8,-6,-8,-6,-8,-6,-9,-7,-8,-6,-8,-6,-8,-6,-8,-7,-8,-7,-8,-7,-8,-7,-7,-7,-7,-6,-8,-7,-8,-7,-7,-8,-7,-8,-7,-7,-7,0,0,-8,-7,-8,-7,-8,-7,-8,-6,-7,-6,-7,-6,-7,-6,-7,-6,-7,-6,-7,-6,-7,-6,-6,-6,-6,-6,-6,-6,-6,-6,-5,-6,-5,-6,-5,-6,-4,-5,-4,-5,-4,-6,-3,-5,-3,-5,-2,-5,-2,-5,-1,-4,0,0,0,0,0,0,0,0,0,0,0,0,0,0,-5,32,-8,33,-3,43,-5,43,-8,42,-13,47,-4,47,-7,50,-7,50,-11,52,-7,48,-13,50,-7,50,-7,50,-7,49,-6,52,-8,57,-5,54,-7,54,-3,49,-5,56,-4,51,2,58,-4,54,1,47,-2,54,5,47,4,56,1,55,6,55,5,47,5,54,5,50,5,55,3,48,1,48,5,50,4,46,2,43,5,45,1,39,2,43,4,42,0,44,-2,43,0,39,-2,38,2,39,-3,32,-6,28,0,31,-10,30,-9,27,-7,25,-13,25,-12,22,-13,21,0,0,0,0,0,0,0,0,0,0,0,0,0,0,0,0,0,0,0,0,0,0,48,-7,50,-4,48,0,55,1,48,3,54,7,52,5,55,8,65,2,61,4,69,10,64,8,74,5,71,15,76,19,69,22,85,18,67,27,71,26,70,29,70,33,75,37,69,37,70,35,71,39,66,32,60,38,58,37,50,37,57,39,47,30,54,36,42,37,41,28,42,32,35,26,29,24,30,25,29,26,28,21,27,25,20,17,19,19,19,16,13,16,7,7,9,13,2,15,0,14,-2,10,-4,8,-12,11,-13,11,-14,7,-20,6,-25,6,-22,4,0,0]"
CSI_DATA,174,1a:00:00:00:00:00,-38,11,1,0,1,1,1,0,0,0,1,-96,0,11,2,2548560,0,44,0,384,0,"[0,0,0,0,0,0,0,0,0,0,0,0,5,-7,5,-7,5,-7,6,-8,5,-8,6,-7,6,-7,5,-7,6,-8,5,-8,6,-8,5,-9,6,-8,5,-8,5,-8,5,-9,5,-9,5,-8,4,-9,4,-9,5,-8,4,-9,4,-8,4,-9,4,-9,4,-9,0,0,3,-9,4,-9,3,-9,3,-9,3,-8,3,-8,3,-8,3,-8,3,-8,3,-8,3,-8,3,-7,3,-7,3,-7,3,-7,3,-7,3,-6,3,-6,3,-5,3,-5,4,-5,3,-4,3,-4,3,-4,3,-3,3,-3,0,0,0,0,0,0,0,0,0,0,0,0,0,0,-41,0,-40,5,-41,10,-42,5,-44,11,-47,6,-50,5,-43,9,-43,8,-47,8,-49,12,-47,9,-52,12,-52,8,-52,9,-50,17,-56,11,-46,13,-51,13,-46,11,-54,19,-53,16,-49,21,-48,14,-46,13,-46,14,-54,15,-49,21,-48,15,-49,21,-46,18,-48,20,-45,19,-44,18,-44,25,-47,18,-37,19,-39,26,-42,14,-40,20,-40,18,-39,17,-38,16,-42,15,-35,14,-36,15,-35,9,-34,10,-32,6,-31,8,-30,3,-31,5,-25,3,-29,4,-22,-1,-19,-7,-21,-4,0,0,0,0,0,0,0,0,0,0,0,0,0,0,0,0,0,0,0,0,0,0,17,39,18,39,15,41,15,43,16,46,14,50,9,47,14,55,18,59,15,58,9,67,12,64,18,70,14,75,4,72,2,76,7,78,-2,80,4,71,-6,78,-7,77,-7,78,-8,72,-10,78,-13,72,-11,76,-20,67,-14,70,-20,62,-11,64,-15,56,-20,59,-20,51,-13,49,-18,48,-16,45,-15,37,-13,36,-13,34,-14,29,-11,28,-8,29,-12,22,-10,19,-9,18,-11,18,-12,15,-15,7,-9,7,-13,0,-12,-2,-14,-3,-12,-11,-12,-12,-13,-16,-11,-18,-13,-25,0,0]"
CSI_DATA,175,1a:00:00:00:00:00,-38,11,1,0,1,1,1,0,0,0,1,-96,0,11,2,2587957,0,44,0,384,0,"[0,0,0,0,0,0,0,0,0,0,0,0,5,-7,5,-7,5,-8,6,-8,6,-7,6,-7,6,-8,6,-8,6,-8,6,-8,7,-9,6,-9,6,-9,5,-9,6,-8,6,-10,5,-9,5,-9,5,-9,5,-9,5,-9,5,-9,5,-9,4,-10,4,-10,5,-9,0,0,4,-9,4,-10,4,-10,4,-10,4,-9,4,-9,4,-8,4,-8,4,-9,4,-8,4,-8,4,-8,4,-8,4,-7,4,-7,4,-7,4,-7,3,-6,4,-5,4,-5,4,-5,4,-4,4,-4,4,-4,4,-3,3,-2,0,0,0,0,0,0,0,0,0,0,0,0,0,0,-38,6,-43,7,-46,7,-42,2,-48,5,-45,7,-50,8,-55,8,-53,8,-47,5,-51,4,-52,3,-51,7,-55,3,-55,5,-53,8,-58,9,-52,4,-49,7,-57,9,-58,14,-54,8,-51,14,-52,14,-47,14,-50,13,-52,16,-52,12,-51,13,-58,20,-48,18,-50,13,-46,14,-49,21,-47,22,-45,15,-46,16,-44,14,-43,13,-40,13,-46,16,-42,12,-41,11,-40,12,-37,9,-38,6,-39,9,-36,7,-34,4,-36,4,-35,-2,-31,0,-26,-4,-26,-3,-26,-4,-26,-9,-19,-12,0,0,0,0,0,0,0,0,0,0,0,0,0,0,0,0,0,0,0,0,0,0,19,37,21,44,19,46,18,45,16,51,13,49,15,48,17,53,13,64,15,61,12,66,14,64,15,71,10,72,3,71,6,78,8,79,0,76,0,74,-6,79,-5,76,-6,77,-10,79,-8,81,-15,80,-10,77,-18,71,-15,65,-19,67,-19,70,-17,54,-21,56,-21,54,-14,52,-19,48,-16,45,-15,41,-18,41,-15,28,-11,34,-11,26,-10,29,-10,19,-8,17,-10,19,-13,22,-7,10,-12,6,-8,5,-11,1,-9,-6,-11,-7,-8,-6,-8,-14,-14,-19,-14,-20,-10,-21,0,0]"
CSI_DATA,176,1a:00:00:00:00:00,-38,11,1,0,1,1,1,0,0,0,1,-96,0,11,2,2597960,0,44,0,384,0,"[0,0,0,0,0,0,0,0,0,0,0,0,-2,-9,-2,-9,-3,-9,-2,-10,-2,-9,-2,-10,-3,-10,-2,-10,-3,-10,-2,-10,-2,-11,-3,-11,-2,-10,-3,-10,-3,-10,-4,-10,-4,-10,-3,-9,-4,-10,-4,-10,-4,-10,-4,-10,-3,-9,-4,-10,-4,-10,-4,-10,0,0,-5,-9,-5,-9,-5,-10,-5,-9,-4,-9,-4,-9,-4,-9,-4,-8,-4,-8,-4,-8,-4,-9,-3,-8,-3,-8,-3,-8,-3,-7,-3,-8,-2,-7,-2,-7,-2,-7,-2,-6,-1,-6,-1,-6,0,-6,0,-6,0,-5,1,-5,0,0,0,0,0,0,0,0,0,0,0,0,0,0,-13,33,-14,34,-15,39,-13,42,-16,42,-16,43,-22,41,-20,42,-21,39,-20,42,-20,43,-21,42,-20,48,-25,43,-24,45,-21,42,-25,54,-20,49,-23,47,-19,48,-20,51,-19,49,-12,47,-15,47,-17,47,-14,47,-15,47,-13,53,-17,51,-13,48,-14,46,-11,45,-10,48,-9,53,-5,45,-12,45,-8,44,-7,45,-16,43,-7,45,-8,40,-12,39,-11,36,-13,39,-12,38,-15,38,-16,35,-12,32,-13,30,-13,28,-15,28,-14,23,-16,24,-17,20,-14,19,-19,14,-20,15,0,0,0,0,0,0,0,0,0,0,0,0,0,0,0,0,0,0,0,0,0,0,44,2,40,6,43,9,48,10,48,8,50,16,47,11,52,16,60,16,56,20,62,23,60,23,69,22,65,30,66,37,63,32,70,32,62,38,60,39,61,42,65,42,65,52,57,47,60,53,56,52,54,47,46,50,49,50,48,48,49,51,38,45,40,43,37,38,33,38,32,41,31,37,24,34,22,32,21,31,20,26,17,26,14,24,15,21,14,21,9,15,8,13,0,12,-1,15,-3,9,-4,9,-6,9,-16,8,-18,7,-10,1,-23,-2,-25,-4,-24,0,0,0]"
CSI_DATA,177,1a:00:00:00:00:00,-38,11,1,0,1,1,1,0,0,0,1,-96,0,11,2,2607961,0,44,0,384,0,"[0,0,0,0,0,0,0,0,0,0,0,0,-8,-4,-8,-4,-8,-4,-8,-5,-9,-5,-8,-5,-9,-5,-8,-5,-9,-5,-9,-5,-9,-5,-10,-5,-9,-5,-9,-5,-9,-5,-10,-4,-10,-4,-9,-4,-9,-4,-9,-4,-9,-4,-10,-4,-9,-4,-10,-3,-10,-4,-10,-3,0,0,-10,-3,-10,-3,-10,-3,-10,-3,-9,-3,-9,-3,-9,-3,-8,-3,-9,-3,-9,-3,-9,-3,-8,-3,-8,-3,-7,-3,-7,-4,-7,-4,-7,-3,-6,-4,-6,-4,-6,-4,-5,-4,-5,-4,-4,-4,-4,-4,-3,-4,-3,-4,0,0,0,0,0,0,0,0,0,0,0,0,0,0,14,39,15,41,14,38,10,43,11,44,7,43,13,50,9,47,10,46,10,45,11,49,9,46,12,54,11,51,14,46,18,50,13,53,16,52,13,48,15,51,21,51,12,52,16,50,11,49,16,48,13,51,13,52,19,50,15,52,19,44,20,45,13,46,18,46,21,48,21,42,13,44,21,46,18,43,11,45,18,42,14,42,9,41,13,42,9,44,9,40,10,39,8,38,5,40,4,33,1,29,6,32,-1,34,-4,28,-4,27,-2,26,-5,23,-6,21,0,0,0,0,0,0,0,0,0,0,0,0,0,0,0,0,0,0,0,0,0,0,33,-32,35,-27,34,-31,41,-33,39,-28,43,-32,43,-32,50,-28,54,-37,60,-31,63,-35,59,-33,66,-38,66,-29,68,-22,71,-26,73,-33,73,-23,72,-18,76,-17,75,-8,83,-11,76,-13,78,-10,81,-5,73,-6,68,0,68,-3,69,2,69,0,57,4,62,5,55,4,53,3,51,10,47,6,44,4,45,4,35,6,36,5,34,6,28,4,27,2,20,8,20,7,12,5,13,9,13,14,7,8,2,11,-2,10,-3,12,-12,15,-9,12,-14,12,-21,13,-23,9,0,0]"
CSI_DATA,178,1a:00:00:00:00:00,-38,11,1,0,1,1,1,0,0,0,1,-96,0,11,2,2617938,0,44,0,384,0,"[0,0,0,0,0,0,0,0,0,0,0,0,-5,6,-5,7,-5,7,-6,7,-6,7,-6,7,-5,7,-6,7,-6,7,-5,7,-6,8,-5,8,-5,8,-5,8,-6,8,-5,9,-4,8,-4,8,-4,8,-4,8,-5,8,-4,8,-4,8,-4,9,-4,9,-4,9,0,0,-3,8,-3,9,-3,9,-3,9,-3,8,-4,8,-3,8,-3,7,-3,7,-3,7,-3,7,-3,7,-3,7,-3,6,-4,6,-4,6,-4,6,-3,5,-4,5,-4,4,-4,4,-4,4,-4,3,-4,3,-4,2,-4,2,0,0,0,0,0,0,0,0,0,0,0,0,0,0,42,-13,35,-13,41,-16,39,-14,39,-17,47,-13,48,-15,52,-14,47,-17,48,-14,46,-14,46,-17,53,-21,53,-11,48,-18,48,-19,57,-19,45,-21,47,-20,48,-24,52,-25,48,-22,44,-23,46,-27,42,-26,43,-23,46,-21,42,-26,43,-25,49,-30,46,-28,45,-30,34,-25,42,-30,40,-31,37,-26,36,-32,36,-28,36,-27,37,-26,38,-25,36,-28,36,-26,36,-24,35,-19,33,-19,37,-18,32,-18,31,-14,28,-13,33,-8,30,-12,29,-9,28,-3,23,-2,27,1,24,3,0,0,0,0,0,0,0,0,0,0,0,0,0,0,0,0,0,0,0,0,0,0,-18,-40,-20,-41,-18,-43,-19,-48,-22,-49,-17,-53,-15,-51,-16,-58,-20,-57,-19,-62,-20,-65,-20,-61,-23,-73,-15,-75,-13,-73,-10,-73,-14,-80,-11,-78,-5,-74,-4,-81,-6,-81,-2,-83,1,-78,3,-79,7,-79,2,-79,11,-78,10,-73,9,-65,8,-70,10,-56,13,-61,12,-54,8,-46,17,-47,8,-46,12,-46,9,-48,8,-35,10,-34,9,-33,6,-32,10,-28,5,-22,8,-22,4,-10,6,-16,9,-13,10,-11,13,-4,13,0,13,-1,13,4,11,6,14,13,11,16,17,28,0,0]"
CSI_DATA,179,1a:00:00:00:00:00,-38,11,1,0,1,1,1,0,0,0,1,-96,0,11,2,2627951,0,44,0,384,0,"[0,0,0,0,0,0,0,0,0,0,0,0,-1,8,-1,8,-1,8,-1,9,-1,9,-2,8,-1,9,-1,8,-1,9,-1,9,-1,9,-1,9,-1,10,-1,9,-1,9,0,10,1,9,0,9,1,9,1,9,0,9,1,9,1,8,1,9,1,9,1,9,0,0,2,8,1,9,2,9,2,8,1,8,1,8,2,8,1,8,2,8,1,8,1,8,1,7,1,7,0,7,1,7,1,7,0,7,0,6,0,6,0,5,-1,5,-1,5,-2,4,-2,4,-2,4,-2,3,0,0,0,0,0,0,0,0,0,0,0,0,0,0,26,-25,29,-34,23,-27,30,-33,33,-34,27,-32,35,-34,31,-30,33,-35,34,-33,33,-41,33,-33,34,-39,35,-37,40,-34,34,-41,39,-40,35,-40,32,-39,33,-39,29,-43,34,-39,25,-41,27,-42,28,-40,30,-45,30,-43,29,-51,31,-45,27,-47,24,-39,27,-43,23,-43,26,-44,22,-42,22,-42,22,-44,19,-43,21,-41,21,-38,23,-38,26,-39,22,-38,21,-32,22,-31,25,-36,22,-29,22,-28,22,-23,19,-26,23,-23,17,-20,19,-19,20,-16,22,-14,17,-9,19,-6,0,0,0,0,0,0,0,0,0,0,0,0,0,0,0,0,0,0,0,0,0,0,-40,-23,-37,-23,-39,-26,-44,-26,-41,-32,-37,-36,-46,-31,-42,-37,-52,-37,-48,-40,-46,-46,-44,-44,-52,-51,-49,-53,-45,-56,-46,-54,-53,-59,-44,-65,-37,-63,-45,-58,-41,-56,-46,-69,-38,-68,-36,-71,-32,-69,-37,-64,-23,-67,-25,-64,-26,-66,-23,-62,-18,-55,-20,-58,-21,-53,-16,-48,-16,-44,-17,-43,-13,-39,-7,-39,-10,-35,-8,-34,-7,-32,-4,-30,-4,-26,-7,-19,-5,-22,1,-15,3,-16,-3,-16,3,-13,5,-10,8,-6,11,-5,13,-1,17,5,21,1,23,5,28,13,0,0]"
CSI_DATA,180,1a:00:00:00:00:00,-38,11,1,0,1,1,1,0,0,0,1,-96,0,11,2,2637961,0,44,0,384,0,"[0,0,0,0,0,0,0,0,0,0,0,0,4,7,4,6,5,7,4,7,5,8,4,7,5,7,5,7,5,7,5,7,5,8,6,7,6,8,6,7,5,7,6,8,6,7,6,7,6,7,6,7,6,7,6,7,6,6,7,6,7,6,7,6,0,0,7,6,7,6,7,6,7,5,6,5,6,6,6,5,6,5,6,5,6,5,6,5,5,5,5,5,5,5,4,5,5,5,4,5,4,5,3,5,3,4,2,5,2,5,2,4,1,4,1,4,1,4,0,0,0,0,0,0,0,0,0,0,0,0,0,0,9,-37,16,-39,12,-38,13,-37,13,-47,15,-44,16,-46,15,-45,17,-48,18,-44,15,-51,12,-48,18,-50,18,-49,16,-50,10,-51,18,-54,8,-53,13,-51,15,-50,11,-57,13,-52,6,-56,8,-57,9,-50,9,-55,7,-48,6,-56,10,-53,5,-56,9,-49,4,-51,4,-50,3,-54,-1,-51,6,-49,5,-41,3,-47,7,-48,2,-47,4,-46,3,-42,3,-44,8,-44,7,-42,7,-39,9,-35,9,-43,10,-35,11,-28,8,-29,10,-29,13,-30,12,-23,11,-24,9,-20,17,-17,0,0,0,0,0,0,0,0,0,0,0,0,0,0,0,0,0,0,0,0,0,0,-44,-3,-50,-8,-47,-7,-51,-7,-47,-7,-52,-14,-51,-18,-54,-17,-60,-21,-61,-18,-67,-22,-63,-22,-75,-21,-73,-27,-70,-34,-68,-33,-69,-36,-67,-40,-67,-41,-64,-43,-68,-42,-66,-50,-62,-51,-63,-46,-65,-51,-61,-42,-57,-50,-53,-52,-45,-49,-50,-49,-40,-39,-45,-46,-36,-41,-31,-40,-36,-40,-33,-37,-29,-33,-27,-32,-25,-31,-26,-29,-25,-26,-18,-25,-17,-22,-19,-19,-11,-16,-6,-22,-4,-14,-3,-15,-3,-9,0,-14,3,-7,7,-5,14,-4,17,-6,20,-6,25,1,30,1,0,0]"
CSI_DATA,181,1a:00:00:00:00:00,-38,11,1,0,1,1,1,0,0,0,1,-96,0,11,2,2647936,0,44,0,384,0,"[0,0,0,0,0,0,0,0,0,0,0,0,6,-5,6,-5,6,-5,7,-5,7,-5,7,-5,7,-5,7,-5,7,-5,7,-5,8,-5,7,-6,7,-6,7,-6,7,-5,7,-6,7,-6,6,-6,6,-6,6,-6,6,-6,6,-6,6,-6,6,-7,6,-7,6,-7,0,0,6,-7,6,-7,6,-7,5,-7,6,-6,6,-7,5,-6,5,-6,5,-6,5,-5,5,-6,5,-5,5,-5,5,-5,5,-5,5,-5,5,-4,5,-4,5,-4,4,-3,4,-3,4,-3,4,-2,4,-2,4,-1,3,-1,0,0,0,0,0,0,0,0,0,0,0,0,0,0,-34,-9,-44,-9,-44,-12,-40,-5,-47,-8,-47,-9,-47,-16,-49,-9,-46,-12,-48,-12,-49,-15,-51,-7,-50,-10,-51,-14,-54,-16,-48,-10,-57,-12,-52,-12,-50,-7,-53,-9,-58,-8,-54,-7,-50,-6,-51,-2,-48,-2,-52,-2,-53,-7,-51,-2,-54,-5,-55,-2,-55,2,-52,-5,-47,-2,-52,-1,-49,3,-45,-2,-47,4,-47,5,-45,-3,-41,0,-44,-1,-45,1,-40,-5,-44,-4,-41,-4,-42,-6,-37,-5,-37,-4,-34,-8,-36,-8,-31,-8,-30,-13,-26,-12,-24,-12,-21,-10,-18,-16,-20,-18,0,0,0,0,0,0,0,0,0,0,0,0,0,0,0,0,0,0,0,0,0,0,2,43,5,46,1,48,-2,52,-3,49,-7,52,-1,53,-4,60,-3,63,-9,63,-14,67,-8,64,-9,74,-14,69,-22,71,-20,69,-21,83,-23,75,-28,69,-28,72,-34,68,-35,74,-33,72,-38,72,-40,68,-36,66,-39,61,-42,59,-39,54,-40,58,-33,46,-40,49,-38,48,-30,36,-33,42,-28,39,-23,36,-27,34,-20,23,-22,27,-24,23,-22,21,-25,20,-17,12,-18,14,-19,10,-12,12,-13,5,-11,-1,-10,0,-11,-6,-6,-11,-7,-14,-6,-15,-6,-23,-8,-28,0,-25,0,0]"
CSI_DATA,182,1a:00:00:00:00:00,-38,11,1,0,1,1,1,0,0,0,1,-96,0,11,2,2657979,0,44,0,384,0,"[0,0,0,0,0,0,0,0,0,0,0,0,7,-4,7,-4,7,-4,8,-4,8,-4,8,-3,8,-4,8,-4,8,-4,8,-4,9,-4,8,-5,8,-5,8,-5,8,-4,8,-5,8,-5,7,-5,7,-5,8,-5,8,-5,8,-6,7,-5,7,-7,8,-6,7,-6,0,0,7,-6,7,-6,7,-7,7,-7,6,-6,7,-6,6,-6,6,-5,6,-6,6,-5,6,-6,6,-5,6,-5,6,-5,6,-4,6,-4,5,-4,5,-3,5,-3,5,-3,5,-2,5,-2,5,-2,4,-1,4,-1,4,0,0,0,0,0,0,0,0,0,0,0,0,0,0,0,-41,-12,-37,-22,-38,-13,-40,-18,-34,-16,-37,-19,-43,-20,-43,-24,-44,-21,-47,-24,-46,-20,-45,-17,-46,-21,-46,-23,-45,-20,-48,-18,-54,-25,-47,-19,-47,-22,-49,-20,-53,-15,-52,-16,-50,-11,-50,-13,-48,-16,-44,-15,-50,-11,-45,-11,-51,-16,-55,-9,-47,-10,-50,-5,-47,-10,-50,-10,-46,-4,-44,-6,-45,-6,-47,-10,-40,-10,-43,-3,-46,-4,-45,-13,-39,-12,-41,-10,-36,-10,-42,-11,-38,-11,-33,-8,-29,-15,-28,-13,-28,-10,-25,-14,-22,-15,-22,-15,-17,-16,-19,-17,-16,-16,0,0,0,0,0,0,0,0,0,0,0,0,0,0,0,0,0,0,0,0,0,0,-11,40,-11,43,-8,49,-17,48,-18,44,-20,48,-18,49,-25,51,-26,57,-27,54,-31,59,-34,56,-33,65,-30,56,-42,63,-42,64,-39,67,-44,64,-48,55,-46,55,-49,52,-53,60,-49,55,-56,50,-61,46,-53,56,-60,45,-54,44,-52,38,-55,40,-50,37,-47,38,-48,33,-41,31,-41,28,-37,25,-35,28,-37,23,-31,15,-33,22,-25,13,-25,17,-23,11,-20,6,-18,8,-17,16,-12,6,-14,2,-13,-1,-11,-6,-7,-9,-6,-12,-3,-14,-3,-14,-5,-19,0,-22,5,-27,0,0]"
CSI_DATA,183,1a:00:00:00:00:00,-38,11,1,0,1,1,1,0,0,0,1,-96,0,11,2,2668628,0,44,0,384,0,"[0,0,0,0,0,0,0,0,0,0,0,0,-7,6,-7,6,-7,6,-7,6,-7,6,-8,6,-7,6,-7,6,-8,6,-7,7,-8,7,-7,8,-7,7,-7,7,-7,7,-7,8,-7,8,-6,7,-6,8,-6,8,-6,7,-6,8,-6,8,-6,9,-6,8,-6,8,0,0,-5,8,-6,9,-5,9,-5,8,-5,8,-5,8,-5,8,-5,7,-5,7,-5,7,-5,7,-5,7,-5,6,-5,6,-5,6,-5,6,-5,6,-5,5,-5,4,-5,4,-5,3,-5,3,-5,3,-5,2,-5,2,-5,1,0,0,0,0,0,0,0,0,0,0,0,0,0,0,34,2,37,1,44,-5,38,-2,38,2,41,-5,42,-1,47,0,48,-2,56,1,49,0,51,-2,48,1,52,0,48,-1,53,-3,51,-6,54,-10,46,-6,47,-7,53,-9,51,-4,43,-10,51,-4,46,-6,50,-6,51,-7,50,-12,51,-7,53,-12,50,-9,52,-9,41,-10,51,-15,41,-15,45,-10,46,-8,45,-11,46,-11,42,-14,41,-10,41,-6,37,-5,42,-10,35,-2,37,-3,38,0,38,1,38,-1,33,-4,32,5,33,5,28,4,28,2,23,4,21,6,18,8,0,0,0,0,0,0,0,0,0,0,0,0,0,0,0,0,0,0,0,0,0,0,-17,-41,-17,-48,-10,-44,-13,-49,-11,-47,-13,-50,-7,-50,-4,-55,-9,-64,-5,-60,-5,-68,-5,-61,-7,-74,-3,-70,4,-73,4,-71,4,-81,13,-75,7,-74,15,-75,14,-70,15,-78,18,-72,15,-74,23,-77,18,-73,22,-66,22,-63,21,-61,25,-64,21,-52,23,-60,20,-51,22,-46,25,-49,17,-46,21,-37,14,-36,15,-30,13,-30,15,-24,14,-28,11,-23,12,-17,12,-15,9,-22,8,-9,13,-9,10,-7,11,-1,9,0,12,5,12,16,7,11,7,16,12,23,4,21,0,0]"
CSI_DATA,184,1a:00:00:00:00:00,-38,11,1,0,1,1,1,0,0,0,1,-96,0,11,2,2677938,0,44,0,384,0,"[0,0,0,0,0,0,0,0,0,0,0,0,-8,0,-8,1,-9,1,-9,1,-9,1,-9,0,-9,1,-9,0,-9,0,-9,1,-10,1,-10,1,-10,1,-9,1,-9,1,-10,2,-10,2,-9,2,-9,2,-9,2,-9,2,-9,2,-9,2,-9,3,-9,2,-9,2,0,0,-9,3,-9,3,-9,3,-8,3,-8,2,-8,3,-8,2,-8,2,-8,2,-8,2,-8,2,-8,2,-8,1,-7,1,-7,1,-8,1,-7,1,-7,1,-7,0,-6,0,-6,-1,-6,-1,-5,-1,-5,-1,-5,-2,-4,-2,0,0,0,0,0,0,0,0,0,0,0,0,0,0,29,17,29,25,31,20,30,26,34,23,36,31,35,27,31,34,36,29,35,33,36,29,35,31,43,32,40,32,39,32,43,27,41,34,44,29,39,28,41,27,47,30,42,29,42,21,43,24,37,25,42,27,43,24,45,25,41,28,46,20,40,24,47,19,40,22,44,20,44,14,41,22,41,17,37,18,36,22,40,20,40,20,38,20,34,25,34,19,32,17,37,23,31,22,27,18,26,16,21,19,23,21,19,21,18,18,14,21,13,23,14,21,6,20,0,0,0,0,0,0,0,0,0,0,0,0,0,0,0,0,0,0,0,0,0,0,17,-41,16,-44,16,-45,20,-49,23,-46,23,-47,23,-50,25,-49,26,-57,32,-53,39,-53,36,-53,40,-63,43,-58,48,-55,47,-58,46,-62,50,-56,55,-52,55,-52,55,-55,63,-55,60,-50,62,-46,62,-43,62,-43,62,-34,56,-37,61,-28,56,-31,46,-28,53,-24,49,-23,47,-25,47,-20,36,-20,39,-20,42,-19,34,-14,30,-11,31,-13,24,-11,26,-11,22,-10,18,-6,12,-9,14,-6,13,1,12,3,9,6,5,11,2,10,4,12,-3,14,-3,20,-4,23,-7,21,0,0]"
CSI_DATA,185,1a:00:00:00:00:00,-38,11,1,0,1,1,1,0,0,0,1,-96,0,11,2,2708081,0,44,0,384,0,"[0,0,0,0,0,0,0,0,0,0,0,0,-7,-5,-8,-5,-8,-5,-8,-6,-8,-6,-8,-6,-9,-6,-8,-6,-8,-6,-8,-6,-9,-6,-10,-5,-9,-6,-9,-5,-9,-5,-10,-5,-10,-5,-9,-4,-9,-4,-10,-4,-9,-5,-10,-4,-9,-4,-10,-4,-10,-4,-10,-4,0,0,-10,-3,-10,-3,-10,-3,-10,-3,-9,-3,-9,-4,-9,-3,-8,-3,-9,-3,-8,-3,-9,-3,-8,-3,-8,-3,-7,-3,-7,-3,-8,-4,-7,-3,-7,-3,-6,-4,-6,-4,-5,-4,-5,-4,-5,-4,-4,-4,-4,-4,-3,-4,0,0,0,0,0,0,0,0,0,0,0,0,0,0,9,34,8,38,15,38,6,45,7,42,3,47,13,47,7,53,8,42,7,50,9,48,8,48,8,56,10,49,11,54,9,45,11,57,17,53,12,49,14,50,16,59,15,47,14,49,20,48,10,50,20,50,15,50,17,54,17,47,23,48,18,45,18,49,16,43,18,49,19,40,17,47,21,44,20,45,16,37,15,34,19,41,12,44,12,44,11,44,9,39,10,37,10,39,10,37,2,31,6,28,3,32,1,29,1,31,-2,29,-4,26,-2,24,-7,22,0,0,0,0,0,0,0,0,0,0,0,0,0,0,0,0,0,0,0,0,0,0,37,-22,42,-19,43,-22,47,-23,46,-20,52,-19,51,-23,53,-19,58,-24,63,-19,67,-17,69,-23,73,-20,72,-15,78,-11,75,-9,78,-18,74,-5,77,-4,78,3,78,0,83,2,77,3,80,3,82,11,74,4,69,12,70,13,68,12,70,13,55,9,61,17,56,12,55,14,54,18,44,14,39,12,42,9,36,10,33,10,32,11,26,9,24,4,21,9,19,9,7,4,7,8,9,14,8,9,0,10,-3,11,-2,7,-5,11,-9,7,-14,16,-22,12,-26,12,0,0]"
CSI_DATA,186,1a:00:00:00:00:00,-38,11,1,0,1,1,1,0,0,0,1,-96,0,11,2,2718008,0,44,0,384,0,"[0,0,0,0,0,0,0,0,0,0,0,0,4,6,5,6,5,6,5,7,5,7,4,7,5,7,4,7,5,7,5,7,5,7,6,7,5,7,5,7,5,7,6,7,6,7,6,6,6,6,6,6,6,6,6,6,6,6,7,6,7,6,7,6,0,0,7,5,7,5,7,6,7,5,6,5,6,5,6,5,6,5,6,5,6,5,6,5,5,5,5,5,5,5,4,5,4,5,4,5,4,5,3,4,3,4,2,4,2,4,2,4,1,4,1,4,0,4,0,0,0,0,0,0,0,0,0,0,0,0,0,0,2,-39,6,-36,3,-43,1,-39,0,-41,5,-43,3,-45,6,-47,1,-50,12,-44,4,-45,5,-47,3,-54,6,-55,4,-54,1,-51,6,-56,2,-53,6,-53,2,-53,-2,-54,0,-49,-3,-52,-5,-50,-2,-46,-5,-50,-2,-47,-8,-55,-3,-52,-7,-51,-6,-50,-5,-51,-7,-50,-9,-51,-11,-46,-5,-47,-7,-47,-7,-49,-5,-49,-11,-44,-7,-45,-7,-45,-8,-44,-3,-40,-1,-42,-3,-38,-3,-38,-1,-39,1,-29,4,-32,5,-34,7,-30,6,-29,7,-27,11,-26,11,-25,13,-22,0,0,0,0,0,0,0,0,0,0,0,0,0,0,0,0,0,0,0,0,0,0,-43,9,-48,7,-47,5,-49,6,-50,3,-56,0,-53,3,-55,1,-62,1,-62,-5,-63,-6,-67,-5,-71,-4,-72,-9,-72,-10,-75,-15,-79,-8,-73,-14,-72,-15,-74,-22,-69,-27,-77,-27,-70,-29,-71,-29,-70,-33,-68,-28,-61,-37,-63,-36,-61,-35,-63,-32,-49,-27,-55,-30,-50,-28,-41,-26,-47,-32,-38,-23,-33,-26,-33,-22,-27,-21,-32,-24,-22,-22,-23,-21,-24,-14,-20,-12,-9,-17,-19,-11,-9,-13,-8,-12,-1,-11,-5,-10,2,-8,10,-9,11,-8,10,-12,20,-13,19,-6,28,-8,0,0]"
CSI_DATA,187,1a:00:00:00:00:00,-38,11,1,0,1,1,1,0,0,0,1,-96,0,11,2,2748779,0,44,0,384,0,"[0,0,0,0,0,0,0,0,0,0,0,0,1,-8,1,-9,1,-8,2,-9,2,-9,2,-9,2,-9,2,-9,2,-9,2,-9,2,-10,1,-10,1,-10,1,-10,1,-10,1,-10,0,-10,0,-10,0,-10,0,-10,1,-9,0,-10,0,-9,0,-10,0,-10,0,-10,0,0,-1,-10,0,-10,-1,-10,-1,-9,-1,-9,-1,-9,-1,-9,0,-9,-1,-9,0,-8,0,-9,0,-8,0,-8,0,-8,0,-7,0,-8,0,-7,0,-7,1,-6,1,-6,1,-6,2,-5,2,-5,2,-5,2,-4,2,-4,0,0,0,0,0,0,0,0,0,0,0,0,0,0,-39,19,-36,19,-32,22,-37,21,-43,24,-41,22,-40,22,-43,22,-43,21,-44,23,-40,20,-50,19,-54,27,-49,22,-46,22,-50,31,-55,29,-48,33,-42,21,-46,28,-51,30,-46,30,-39,33,-44,27,-41,25,-42,31,-40,28,-42,34,-42,31,-46,32,-41,30,-39,32,-38,33,-38,37,-37,30,-35,33,-35,33,-32,29,-37,29,-37,31,-35,24,-38,25,-33,25,-34,25,-32,22,-36,22,-35,21,-34,23,-29,15,-29,13,-31,11,-28,7,-28,14,-31,9,-28,7,-23,3,-23,-1,0,0,0,0,0,0,0,0,0,0,0,0,0,0,0,0,0,0,0,0,0,0,34,29,28,36,29,36,34,36,32,40,29,42,29,41,30,48,34,52,31,53,34,54,36,60,41,65,33,64,28,66,25,71,32,71,26,75,24,72,21,80,17,79,17,81,15,77,20,72,9,75,15,74,9,70,6,68,4,66,7,64,4,59,3,58,-1,55,0,50,-2,52,1,47,-9,46,-2,40,-3,37,1,39,1,34,-3,29,-4,27,-1,25,-7,22,-8,18,-13,14,-9,9,-8,4,-11,5,-8,1,-17,-4,-14,-4,-19,-9,-23,-14,-18,-17,-15,-19,0,0]"
CSI_DATA,188,1a:00:00:00:00:00,-38,11,1,0,1,1,1,0,0,0,1,-96,0,11,2,2758253,0,44,0,384,0,"[0,0,0,0,0,0,0,0,0,0,0,0,-8,-3,-9,-3,-9,-3,-9,-4,-9,-4,-9,-4,-10,-3,-9,-3,-10,-3,-10,-3,-10,-4,-10,-3,-10,-3,-10,-3,-10,-3,-11,-2,-11,-2,-10,-2,-10,-2,-10,-2,-10,-2,-10,-1,-10,-2,-11,-1,-11,-1,-10,-1,0,0,-10,-1,-10,-1,-10,-1,-10,0,-9,-1,-10,-1,-10,-1,-9,-1,-9,0,-9,-1,-9,-2,-8,-1,-8,-2,-8,-1,-8,-2,-8,-2,-8,-2,-7,-2,-7,-2,-6,-2,-6,-3,-6,-3,-5,-3,-5,-3,-4,-3,-4,-3,0,0,0,0,0,0,0,0,0,0,0,0,0,0,19,31,24,32,29,40,20,33,20,35,21,44,26,34,24,43,22,42,26,43,23,38,24,46,30,41,27,49,28,43,32,41,29,47,31,44,25,44,30,47,38,45,29,38,35,37,29,39,29,40,34,44,30,41,37,36,35,40,38,35,32,36,37,34,30,34,38,37,34,32,33,34,34,31,35,29,29,34,27,29,30,29,26,37,25,36,28,32,26,31,26,28,25,34,21,30,16,32,16,25,15,26,13,28,12,27,3,26,3,27,4,25,0,21,0,0,0,0,0,0,0,0,0,0,0,0,0,0,0,0,0,0,0,0,0,0,25,-32,30,-39,31,-37,34,-43,35,-33,39,-37,37,-40,46,-37,47,-42,52,-43,57,-42,51,-45,58,-51,60,-40,67,-41,60,-39,74,-44,66,-35,73,-38,70,-35,74,-26,79,-29,71,-23,75,-24,76,-21,70,-23,71,-12,72,-17,70,-10,72,-17,55,-10,66,-7,57,-11,50,-8,50,-4,50,-7,44,-4,43,-7,38,-4,35,-3,31,-2,26,-4,26,2,25,-1,18,-4,17,2,17,3,11,3,14,6,2,8,3,9,-1,12,-4,15,-4,12,-10,16,-16,19,-15,21,0,0]"
CSI_DATA,189,1a:00:00:00:00:00,-38,11,1,0,1,1,1,0,0,0,1,-96,0,11,2,2768525,0,44,0,384,0,"[0,0,0,0,0,0,0,0,0,0,0,0,-9,1,-9,1,-9,1,-10,0,-10,1,-10,0,-10,0,-10,0,-10,0,-10,1,-11,1,-10,2,-11,1,-10,1,-10,1,-11,2,-11,2,-10,1,-10,2,-10,2,-10,2,-10,2,-9,2,-10,3,-10,3,-10,3,0,0,-10,3,-10,3,-10,3,-9,3,-9,2,-9,2,-9,2,-9,2,-9,2,-8,2,-9,2,-8,2,-8,2,-8,1,-8,1,-8,0,-7,1,-7,0,-7,0,-7,0,-7,-1,-6,-1,-6,-1,-5,-1,-5,-2,-4,-2,0,0,0,0,0,0,0,0,0,0,0,0,0,0,24,30,24,31,32,27,28,31,29,32,28,35,30,37,34,36,28,34,34,36,33,37,34,39,33,42,31,41,34,38,44,38,36,39,36,39,34,37,39,34,40,38,41,33,37,33,36,36,32,34,34,35,36,33,44,31,36,34,44,30,40,30,44,33,39,27,41,32,41,26,37,28,38,29,34,31,34,29,37,26,35,29,32,31,30,31,34,30,30,32,28,28,25,26,25,27,20,28,18,22,19,26,15,27,15,25,11,24,9,22,7,21,4,23,0,0,0,0,0,0,0,0,0,0,0,0,0,0,0,0,0,0,0,0,0,0,19,-38,20,-43,21,-41,24,-43,25,-44,32,-48,30,-44,29,-48,37,-51,41,-49,44,-51,41,-56,45,-58,53,-51,55,-51,57,-49,59,-54,56,-51,61,-48,69,-43,67,-42,72,-45,65,-41,66,-42,74,-35,63,-40,69,-26,68,-30,58,-20,60,-29,55,-21,58,-20,55,-15,50,-16,48,-11,43,-14,40,-14,42,-15,37,-9,36,-6,35,-6,27,-10,24,-4,24,-1,20,-2,23,-1,16,-1,11,4,13,7,8,10,2,12,5,12,-3,14,-5,15,-6,15,-12,17,-8,27,0,0]"
CSI_DATA,190,1a:00:00:00:00:00,-38,11,1,0,1,1,1,0,0,0,1,-96,0,11,2,2778552,0,44,0,384,0,"[0,0,0,0,0,0,0,0,0,0,0,0,-8,2,-8,2,-9,2,-9,2,-9,2,-9,2,-9,2,-9,2,-9,2,-9,2,-10,2,-10,3,-10,3,-9,3,-9,2,-10,4,-10,3,-9,3,-9,4,-9,3,-9,3,-9,4,-9,4,-9,4,-9,4,-9,4,0,0,-8,4,-9,5,-9,5,-9,5,-8,4,-8,4,-8,4,-8,4,-8,4,-8,4,-8,4,-7,3,-7,3,-7,2,-7,3,-7,2,-7,2,-7,2,-7,1,-6,1,-6,1,-6,0,-6,0,-6,0,-5,-1,-4,-1,0,0,0,0,0,0,0,0,0,0,0,0,0,0,30,16,35,19,36,14,36,17,37,18,38,20,42,21,43,22,42,21,39,22,44,22,40,20,46,22,45,26,45,23,48,22,47,26,44,21,42,24,50,17,52,16,51,20,45,13,46,17,45,17,43,15,50,20,52,13,45,14,53,13,48,11,46,10,48,14,47,9,50,2,43,9,45,9,50,6,42,14,40,9,46,8,43,9,36,12,38,16,34,12,38,11,38,13,34,15,30,14,27,12,28,15,27,17,23,12,20,12,17,19,17,20,8,17,0,0,0,0,0,0,0,0,0,0,0,0,0,0,0,0,0,0,0,0,0,0,7,-42,6,-42,10,-47,12,-49,19,-48,15,-49,11,-48,19,-54,19,-63,27,-59,23,-60,23,-60,28,-64,29,-60,39,-57,36,-64,37,-72,43,-63,44,-56,46,-62,51,-64,51,-61,50,-57,53,-55,52,-52,48,-55,54,-45,49,-42,58,-42,53,-45,45,-37,43,-37,45,-32,39,-29,41,-26,37,-32,36,-27,32,-24,26,-17,27,-20,24,-12,28,-16,20,-12,22,-14,16,-10,8,-6,13,-4,16,-7,9,-2,8,4,11,6,8,11,3,11,-2,14,6,19,-2,27,-7,28,0,0]"
CSI_DATA,191,1a:00:00:00:00:00,-38,11,1,0,1,1,1,0,0,0,1,-96,0,11,2,2788343,0,44,0,384,0,"[0,0,0,0,0,0,0,0,0,0,0,0,-9,1,-9,1,-9,1,-10,1,-10,1,-10,0,-10,1,-10,1,-10,1,-10,1,-11,1,-11,1,-10,1,-10,1,-10,1,-11,2,-10,2,-10,2,-10,2,-10,2,-10,2,-10,3,-9,2,-10,3,-10,3,-10,3,0,0,-9,3,-10,3,-10,3,-9,3,-9,3,-9,3,-9,3,-8,3,-8,3,-8,2,-9,2,-8,2,-8,2,-8,2,-8,1,-8,1,-8,1,-7,1,-7,0,-6,0,-7,0,-6,0,-6,-1,-5,-1,-5,-2,-4,-2,0,0,0,0,0,0,0,0,0,0,0,0,0,0,40,10,33,18,39,18,38,17,40,19,38,20,38,17,42,21,39,21,43,24,44,23,40,26,43,26,42,24,42,28,51,27,49,29,46,23,49,22,46,20,54,21,40,20,46,22,45,20,44,19,49,16,42,17,49,13,48,18,52,14,48,14,48,15,43,16,52,11,44,7,46,15,42,9,42,10,40,15,41,12,44,11,42,13,36,13,35,17,40,16,34,10,35,17,31,16,29,14,26,14,27,14,23,16,20,14,18,19,17,16,17,17,10,20,0,0,0,0,0,0,0,0,0,0,0,0,0,0,0,0,0,0,0,0,0,0,6,-45,9,-47,8,-43,13,-51,19,-45,20,-49,15,-51,22,-54,18,-59,26,-55,28,-62,25,-62,26,-68,34,-63,40,-62,39,-62,41,-72,42,-60,44,-62,47,-61,50,-60,55,-58,50,-55,59,-56,59,-50,53,-52,51,-45,57,-44,52,-36,53,-42,39,-34,48,-36,46,-34,39,-28,45,-27,37,-26,31,-26,35,-26,31,-16,32,-18,25,-18,23,-14,25,-16,19,-13,22,-10,15,-5,10,-6,13,-1,14,-1,9,4,10,6,7,7,4,15,1,14,0,25,-5,23,-1,18,0,0]"
CSI_DATA,192,1a:00:00:00:00:00,-38,11,1,0,1,1,1,0,0,0,1,-96,0,11,2,2797957,0,44,0,384,0,"[0,0,0,0,0,0,0,0,0,0,0,0,2,-9,2,-9,1,-9,2,-10,2,-10,2,-10,2,-10,2,-10,2,-10,2,-10,3,-11,2,-11,2,-10,2,-11,2,-10,1,-11,1,-11,1,-10,1,-11,1,-11,1,-11,0,-11,1,-10,0,-11,0,-11,0,-11,0,0,-1,-10,0,-11,0,-11,-1,-10,0,-10,0,-10,0,-10,0,-9,-1,-9,0,-9,0,-9,1,-9,0,-9,1,-8,1,-8,1,-8,1,-8,1,-7,1,-7,1,-6,2,-6,2,-6,2,-5,2,-5,2,-4,2,-4,0,0,0,0,0,0,0,0,0,0,0,0,0,0,-32,17,-35,17,-31,17,-36,15,-41,24,-39,20,-38,22,-41,21,-42,18,-45,23,-44,28,-44,21,-47,29,-48,18,-42,21,-45,30,-51,30,-46,28,-42,25,-43,26,-44,33,-42,27,-40,33,-40,28,-41,30,-43,30,-41,31,-39,37,-43,34,-41,33,-36,31,-32,35,-38,35,-34,38,-31,35,-32,32,-28,32,-31,38,-37,33,-31,34,-32,32,-33,30,-29,23,-28,31,-28,25,-35,27,-34,23,-27,23,-25,20,-26,16,-28,14,-29,9,-24,12,-27,11,-20,10,-22,4,-21,-3,0,0,0,0,0,0,0,0,0,0,0,0,0,0,0,0,0,0,0,0,0,0,25,36,24,39,26,39,27,42,26,40,22,46,25,44,23,53,28,52,26,56,21,61,25,59,30,67,24,68,19,68,22,69,25,74,14,76,19,70,16,72,6,73,13,80,3,76,6,78,2,73,6,73,-2,69,-3,71,0,64,6,68,-4,56,-3,56,-5,56,-4,50,-5,49,-3,42,-7,43,-3,41,0,35,-5,38,-8,33,-4,33,-4,25,-7,22,-5,20,0,20,-7,15,-8,11,-7,8,-5,2,-10,4,-13,4,-12,-8,-16,-10,-14,-12,-17,-15,-19,-18,0,0]"
CSI_DATA,193,1a:00:00:00:00:00,-38,11,1,0,1,1,1,0,0,0,1,-96,0,11,2,2809806,0,44,0,384,0,"[0,0,0,0,0,0,0,0,0,0,0,0,8,1,8,1,8,1,9,1,9,2,8,1,9,1,9,1,9,1,9,1,9,1,9,1,9,1,9,1,9,1,10,0,9,-1,9,0,9,-1,9,-1,9,0,9,-1,9,-1,9,-1,9,-1,9,-1,0,0,9,-2,10,-2,9,-2,9,-2,8,-1,9,-2,8,-2,8,-2,8,-2,8,-1,8,-1,7,-1,7,-1,7,-1,7,0,7,-1,7,0,6,0,6,0,6,0,5,1,5,1,5,1,4,1,4,2,3,2,0,0,0,0,0,0,0,0,0,0,0,0,0,0,-27,-28,-27,-34,-29,-29,-29,-31,-31,-31,-30,-36,-34,-43,-27,-37,-34,-39,-33,-39,-34,-37,-33,-38,-36,-47,-35,-42,-30,-38,-36,-33,-37,-40,-36,-41,-35,-36,-41,-37,-42,-38,-38,-30,-40,-35,-41,-35,-37,-32,-42,-31,-36,-32,-43,-32,-43,-34,-46,-28,-43,-26,-41,-27,-37,-33,-42,-28,-42,-24,-34,-25,-37,-25,-37,-28,-37,-27,-37,-24,-38,-27,-37,-24,-29,-29,-33,-27,-30,-23,-34,-28,-29,-27,-27,-25,-27,-24,-23,-26,-18,-23,-17,-23,-17,-26,-14,-25,-14,-21,-12,-22,-7,-25,0,0,0,0,0,0,0,0,0,0,0,0,0,0,0,0,0,0,0,0,0,0,-31,34,-30,31,-33,34,-36,39,-35,32,-38,36,-37,36,-43,39,-46,44,-51,37,-51,39,-49,43,-58,44,-59,41,-61,35,-62,37,-69,42,-67,31,-68,33,-67,31,-70,27,-78,31,-73,25,-72,30,-77,25,-72,23,-68,15,-70,17,-66,16,-68,12,-57,12,-58,10,-54,10,-53,10,-51,6,-46,8,-41,8,-37,6,-37,4,-39,3,-32,2,-31,6,-27,5,-26,-1,-20,-3,-16,4,-16,0,-9,-6,-11,-5,-6,-6,-8,-6,-3,-15,5,-17,6,-13,3,-21,14,-25,15,-23,0,0]"
CSI_DATA,194,1a:00:00:00:00:00,-38,11,1,0,1,1,1,0,0,0,1,-96,0,11,2,2828302,0,44,0,384,0,"[0,0,0,0,0,0,0,0,0,0,0,0,1,-9,1,-9,1,-10,1,-10,1,-10,2,-10,1,-10,1,-10,1,-10,1,-10,1,-11,0,-11,1,-11,1,-11,1,-10,0,-12,0,-11,0,-11,0,-10,0,-10,0,-10,-1,-11,-1,-10,-1,-11,-1,-11,-1,-11,0,0,-2,-10,-1,-11,-1,-11,-2,-10,-1,-9,-1,-10,-1,-10,-1,-10,-2,-9,-1,-9,-1,-9,-1,-9,-1,-9,0,-8,0,-8,0,-8,0,-8,0,-7,0,-7,1,-7,1,-6,1,-6,1,-6,1,-5,2,-5,2,-4,0,0,0,0,0,0,0,0,0,0,0,0,0,0,-33,18,-34,21,-34,26,-37,16,-43,24,-42,18,-42,23,-46,23,-45,14,-46,25,-50,26,-47,18,-52,23,-48,25,-51,21,-49,27,-50,30,-46,26,-48,26,-46,27,-46,31,-45,29,-40,33,-44,23,-42,26,-44,32,-44,27,-41,30,-39,30,-45,36,-41,33,-41,31,-43,33,-40,32,-37,32,-36,34,-35,34,-29,31,-40,29,-36,27,-36,28,-35,24,-38,25,-34,27,-34,24,-36,18,-32,19,-31,19,-35,19,-35,15,-30,9,-29,11,-33,11,-28,2,-29,4,-23,2,-27,1,0,0,0,0,0,0,0,0,0,0,0,0,0,0,0,0,0,0,0,0,0,0,34,29,33,38,33,33,37,38,35,35,28,40,30,43,34,50,40,52,35,52,35,56,37,57,45,60,38,67,32,68,34,69,37,70,35,74,28,71,23,74,22,79,20,75,17,72,21,77,16,80,16,72,7,71,9,73,5,67,6,70,3,59,1,64,1,54,-2,51,1,49,1,43,-3,43,3,43,-3,37,0,32,-4,34,-1,31,0,28,-1,18,-7,19,-7,22,-4,19,-6,8,-7,3,-9,2,-10,2,-16,2,-18,-8,-17,-9,-18,-17,-14,-16,-18,-23,0,0]"
CSI_DATA,195,1a:00:00:00:00:00,-38,11,1,0,1,1,1,0,0,0,1,-96,0,11,2,2839306,0,44,0,384,0,"[0,0,0,0,0,0,0,0,0,0,0,0,-5,-8,-5,-8,-5,-8,-5,-8,-5,-8,-5,-9,-5,-9,-5,-8,-5,-9,-5,-8,-6,-9,-6,-9,-6,-9,-6,-8,-6,-8,-7,-9,-7,-8,-6,-8,-6,-8,-6,-8,-6,-8,-6,-8,-6,-7,-7,-8,-7,-8,-7,-8,0,0,-7,-7,-7,-8,-7,-7,-7,-7,-7,-7,-7,-7,-6,-7,-6,-7,-7,-6,-6,-7,-6,-7,-6,-7,-5,-7,-5,-6,-5,-6,-5,-7,-5,-6,-4,-6,-3,-6,-3,-6,-3,-6,-2,-6,-2,-5,-2,-5,-1,-5,-1,-5,0,0,0,0,0,0,0,0,0,0,0,0,0,0,-7,31,-9,37,-6,38,-10,43,-7,42,-13,50,-9,42,-14,48,-11,46,-15,47,-14,48,-13,45,-10,52,-11,49,-13,48,-9,51,-17,56,-6,55,-13,49,-11,51,-6,56,-7,47,-5,53,-3,52,-9,49,0,55,0,45,-2,55,-5,53,2,52,-2,47,5,51,-3,45,0,51,-2,43,1,42,1,49,4,49,-2,48,0,40,-1,38,-4,42,-3,40,-2,44,-2,41,-3,35,-5,37,-2,36,-5,34,-5,27,-4,34,-8,28,-10,27,-8,25,-13,23,-12,16,-14,14,0,0,0,0,0,0,0,0,0,0,0,0,0,0,0,0,0,0,0,0,0,0,44,-2,48,-2,43,-1,51,5,50,7,54,5,50,4,57,5,64,10,58,12,63,15,65,13,70,12,63,22,69,27,64,30,80,23,64,30,66,30,62,32,65,41,75,37,63,35,69,41,59,39,61,34,53,41,57,44,49,40,54,42,40,32,45,36,45,36,37,28,34,38,35,25,29,29,29,29,29,25,26,25,22,23,15,19,17,19,12,18,15,10,1,16,2,13,4,16,0,15,-6,10,-4,9,-13,5,-13,4,-16,8,-22,4,-20,3,-26,-2,0,0]"
CSI_DATA,196,1a:00:00:00:00:00,-38,11,1,0,1,1,1,0,0,0,1,-96,0,11,2,2847942,0,44,0,384,0,"[0,0,0,0,0,0,0,0,0,0,0,0,7,4,7,4,8,4,8,4,7,4,7,5,8,4,7,4,8,4,8,4,8,5,9,4,8,5,8,4,8,4,10,3,9,3,9,3,8,3,9,3,8,3,9,3,9,3,9,2,9,3,9,2,0,0,9,1,9,2,9,2,9,1,8,2,8,2,8,1,8,2,8,1,8,2,8,2,7,2,7,2,6,2,7,2,7,2,6,2,6,2,5,2,5,2,5,3,4,2,4,3,3,3,3,3,2,3,0,0,0,0,0,0,0,0,0,0,0,0,0,0,-22,-33,-16,-36,-21,-36,-13,-39,-19,-40,-18,-43,-21,-39,-13,-46,-20,-42,-16,-45,-16,-48,-19,-47,-23,-49,-18,-41,-23,-50,-23,-47,-26,-50,-27,-49,-26,-46,-25,-46,-30,-45,-25,-47,-31,-39,-32,-48,-30,-42,-29,-42,-28,-36,-33,-41,-32,-45,-29,-43,-31,-40,-36,-39,-32,-36,-34,-40,-31,-31,-30,-34,-27,-36,-32,-35,-29,-35,-33,-31,-28,-29,-30,-33,-24,-35,-30,-34,-26,-31,-24,-27,-27,-29,-18,-29,-14,-30,-18,-28,-18,-27,-13,-30,-12,-29,-6,-27,-5,-23,-7,-26,-5,-24,0,0,0,0,0,0,0,0,0,0,0,0,0,0,0,0,0,0,0,0,0,0,-42,16,-45,16,-45,16,-49,16,-51,14,-51,13,-53,11,-54,15,-61,17,-59,12,-64,10,-66,14,-73,17,-71,11,-75,5,-68,1,-81,10,-74,3,-77,-1,-71,-6,-71,-7,-80,-5,-71,-4,-77,-9,-77,-11,-77,-3,-70,-12,-73,-11,-61,-13,-66,-10,-56,-8,-60,-13,-54,-14,-50,-14,-52,-14,-46,-9,-45,-14,-41,-13,-38,-9,-37,-8,-32,-6,-28,-6,-23,-12,-23,-6,-16,-6,-18,-11,-12,-6,-7,-9,-6,-14,-7,-11,-2,-8,5,-11,8,-11,7,-8,10,-15,14,-13,13,-18,0,0]"
CSI_DATA,197,1a:00:00:00:00:00,-38,11,1,0,1,1,1,0,0,0,1,-96,0,11,2,2870778,0,44,0,384,0,"[0,0,0,0,0,0,0,0,0,0,0,0,6,5,6,5,7,5,7,6,6,6,7,6,7,6,7,6,7,6,7,5,8,6,8,6,8,6,8,5,7,6,9,5,9,5,8,5,8,4,8,5,8,5,8,5,8,4,9,4,9,4,9,4,0,0,8,4,9,4,9,4,8,3,8,4,8,4,8,4,7,3,8,3,7,4,8,4,7,3,7,3,6,4,6,4,6,4,5,4,5,4,5,4,4,4,4,4,3,4,3,3,3,4,2,3,1,3,0,0,0,0,0,0,0,0,0,0,0,0,0,0,3,-39,5,-41,5,-45,4,-43,9,-44,6,-47,10,-48,4,-47,5,-44,9,-54,7,-52,3,-49,5,-56,10,-54,6,-51,1,-55,9,-63,6,-52,4,-52,3,-49,-2,-59,1,-55,-3,-52,2,-57,2,-51,1,-53,-5,-51,-3,-59,-1,-52,-3,-57,-5,-51,-5,-51,1,-48,-8,-54,-5,-45,-6,-52,-3,-56,-5,-51,-2,-45,-3,-46,-9,-43,-5,-46,-3,-45,-6,-40,-4,-45,3,-38,2,-38,-1,-37,6,-33,3,-30,4,-33,2,-30,7,-29,11,-23,6,-29,9,-22,12,-19,0,0,0,0,0,0,0,0,0,0,0,0,0,0,0,0,0,0,0,0,0,0,-45,8,-47,3,-48,5,-53,3,-48,2,-55,-2,-53,0,-57,-4,-66,-2,-61,-6,-63,-8,-63,-7,-77,-3,-75,-9,-74,-18,-72,-20,-81,-13,-73,-21,-79,-28,-80,-28,-77,-31,-79,-30,-66,-33,-74,-29,-74,-38,-74,-31,-63,-39,-62,-40,-57,-33,-60,-41,-47,-30,-55,-32,-44,-40,-45,-34,-40,-31,-41,-27,-37,-27,-35,-23,-34,-29,-33,-20,-29,-26,-24,-16,-18,-17,-21,-11,-16,-16,-8,-5,-8,-11,-5,-13,-4,-10,4,-11,2,-9,6,-14,15,-10,11,-3,19,-7,23,-6,26,-8,0,0]"
CSI_DATA,198,1a:00:00:00:00:00,-38,11,1,0,1,1,1,0,0,0,1,-96,0,11,2,2877938,0,44,0,384,0,"[0,0,0,0,0,0,0,0,0,0,0,0,-4,-8,-4,-8,-5,-8,-5,-8,-5,-8,-4,-8,-5,-9,-4,-8,-5,-9,-5,-8,-5,-9,-6,-9,-5,-9,-6,-8,-5,-8,-6,-9,-6,-8,-6,-8,-6,-8,-6,-8,-6,-8,-6,-8,-6,-7,-7,-8,-7,-8,-7,-7,0,0,-7,-7,-7,-7,-7,-7,-7,-6,-6,-7,-7,-7,-6,-6,-6,-6,-6,-6,-6,-6,-6,-7,-6,-6,-5,-6,-5,-6,-5,-6,-5,-6,-5,-6,-4,-5,-4,-6,-4,-5,-3,-6,-3,-5,-2,-5,-2,-5,-1,-5,-1,-4,0,0,0,0,0,0,0,0,0,0,0,0,0,0,-9,37,-10,34,-8,40,-13,38,-16,41,-17,44,-11,46,-15,51,-19,43,-19,50,-14,47,-21,45,-17,50,-19,46,-19,48,-17,50,-19,55,-10,52,-16,50,-14,48,-10,55,-14,51,-12,55,-11,51,-13,50,-13,55,-9,43,-11,55,-9,48,-6,49,-5,49,-11,50,-8,50,-5,55,-1,50,-11,49,-5,54,-7,43,-12,49,-10,40,-9,38,-10,47,-11,43,-10,44,-6,37,-10,41,-12,35,-10,37,-10,34,-12,29,-13,29,-13,26,-15,26,-19,21,-18,22,-15,18,-15,14,0,0,0,0,0,0,0,0,0,0,0,0,0,0,0,0,0,0,0,0,0,0,43,-3,44,1,47,-2,54,2,48,8,53,8,52,5,55,10,59,5,66,12,64,9,66,13,71,13,70,21,68,26,68,24,78,25,71,31,74,33,69,35,70,41,67,34,63,40,67,38,65,41,64,41,57,43,52,44,52,41,58,43,42,36,48,41,43,39,37,32,36,42,32,28,28,32,24,29,25,26,25,26,24,24,17,24,15,20,13,18,10,18,12,12,4,13,4,11,-2,12,-2,10,-6,10,-8,10,-17,6,-17,1,-22,2,-28,3,-29,-2,0,0]"
CSI_DATA,199,1a:00:00:00:00:00,-38,11,1,0,1,1,1,0,0,0,1,-96,0,11,2,2888162,0,44,0,384,0,"[0,0,0,0,0,0,0,0,0,0,0,0,-7,3,-8,3,-8,4,-8,4,-8,3,-9,3,-8,4,-8,4,-9,4,-8,4,-9,4,-9,4,-9,4,-8,4,-8,4,-9,5,-8,5,-8,5,-8,5,-8,5,-8,5,-8,5,-8,5,-8,6,-8,5,-8,5,0,0,-7,6,-7,6,-7,6,-7,6,-7,5,-7,5,-7,5,-6,5,-6,5,-6,5,-7,5,-6,4,-6,4,-6,4,-6,4,-6,4,-6,3,-6,3,-6,2,-6,2,-6,2,-5,1,-5,1,-5,1,-5,0,-4,0,0,0,0,0,0,0,0,0,0,0,0,0,0,0,36,4,41,4,43,4,41,6,47,0,47,5,42,4,50,14,40,9,45,4,50,6,48,5,52,9,51,6,49,6,50,1,57,7,52,1,51,5,52,2,59,-5,48,2,48,-3,50,2,51,-2,51,-6,52,-3,48,-7,50,-4,55,-7,47,-8,51,-10,48,-5,48,-7,48,-10,46,-3,44,-7,44,-7,43,-3,44,-9,36,-8,42,-5,40,-10,38,-5,42,-1,40,1,43,-1,33,0,32,0,34,3,27,2,32,8,26,4,22,11,23,10,22,9,18,8,0,0,0,0,0,0,0,0,0,0,0,0,0,0,0,0,0,0,0,0,0,0,-1,-45,1,-48,-3,-44,3,-52,6,-49,2,-56,0,-47,-2,-58,1,-46,1,-71,4,-70,5,-68,29,-63,11,-67,25,-66,13,-76,24,-72,36,-61,26,-87,12,-70,43,-75,37,-85,44,-67,28,-69,28,-69,37,-69,40,-66,38,-46,44,-49,35,-60,26,-44,30,-42,6,-23,20,-31,20,-43,24,-49,46,-39,34,-40,22,-28,26,-29,25,-23,20,-20,17,-16,15,-17,17,-17,8,-7,9,-11,14,-4,5,-2,9,3,10,5,9,6,11,9,6,10,6,13,0,19,2,27,0,0]"
CSI_DATA,200,1a:00:00:00:00:00,-38,11,1,0,1,1,1,0,0,0,1,-96,0,11,2,2907937,0,44,0,384,0,"[0,0,0,0,0,0,0,0,0,0,0,0,-1,8,-1,8,-1,9,-2,9,-2,9,-2,8,-1,9,-2,9,-1,9,-1,9,-2,10,-1,9,-2,9,-1,9,-1,8,0,10,0,9,0,9,0,9,0,9,0,9,1,9,0,9,1,9,0,9,1,9,0,0,1,9,1,9,1,9,2,9,1,8,1,8,1,8,1,8,1,8,1,8,0,8,0,7,0,7,0,7,0,7,0,7,0,7,0,6,-1,6,-1,6,-1,5,-1,5,-2,5,-2,4,-3,4,-3,3,0,0,0,0,0,0,0,0,0,0,0,0,0,0,29,-29,22,-26,25,-29,25,-33,32,-28,31,-29,37,-30,38,-32,37,-33,36,-32,36,-30,30,-34,38,-37,38,-36,35,-35,34,-34,40,-40,35,-39,34,-36,33,-34,34,-45,31,-36,28,-40,30,-41,31,-37,33,-41,32,-38,27,-44,29,-41,31,-45,26,-37,31,-43,22,-40,25,-45,21,-39,26,-39,24,-44,26,-44,28,-34,24,-37,25,-34,26,-35,22,-33,26,-38,23,-35,20,-30,24,-32,21,-27,27,-21,20,-23,23,-20,23,-13,24,-19,21,-11,21,-15,22,-14,22,-4,0,0,0,0,0,0,0,0,0,0,0,0,0,0,0,0,0,0,0,0,0,0,-40,-19,-41,-23,-42,-23,-45,-27,-40,-28,-43,-34,-39,-32,-38,-40,-48,-41,-47,-39,-47,-45,-50,-46,-58,-46,-47,-54,-47,-58,-45,-57,-55,-62,-41,-60,-46,-62,-40,-65,-37,-67,-41,-70,-36,-69,-38,-67,-32,-69,-31,-65,-26,-66,-26,-67,-24,-64,-26,-63,-14,-53,-20,-59,-17,-54,-15,-42,-12,-49,-12,-45,-6,-38,-10,-38,-10,-30,-8,-34,-6,-30,-10,-26,-6,-28,-1,-20,-3,-21,3,-17,3,-15,3,-13,1,-12,9,-11,12,-4,13,-2,14,-2,13,6,23,6,25,12,25,11,0,0]"
CSI_DATA,201,1a:00:00:00:00:00,-38,11,1,0,1,1,1,0,0,0,1,-96,0,11,2,2917965,0,44,0,384,0,"[0,0,0,0,0,0,0,0,0,0,0,0,0,8,0,8,0,8,0,9,0,8,0,9,0,9,0,9,0,9,0,9,0,9,0,9,0,9,0,9,0,9,1,10,1,9,1,8,1,9,1,9,1,9,2,9,1,8,2,9,2,9,2,9,0,0,2,9,2,9,2,9,2,8,2,8,2,8,2,8,2,8,2,7,2,7,2,8,1,7,1,7,1,7,1,7,1,7,1,7,0,6,0,6,0,5,-1,5,-1,5,-1,5,-2,4,-2,4,-2,4,0,0,0,0,0,0,0,0,0,0,0,0,0,0,20,-27,27,-29,24,-29,31,-34,30,-36,32,-31,31,-32,34,-37,31,-34,36,-34,37,-35,33,-35,32,-41,35,-36,31,-34,30,-37,35,-43,29,-41,34,-38,34,-41,32,-46,29,-39,27,-43,26,-42,34,-39,30,-46,31,-35,23,-45,29,-47,27,-47,25,-41,28,-40,26,-43,23,-41,20,-41,24,-40,21,-44,21,-40,22,-42,23,-38,20,-36,26,-34,26,-36,22,-38,24,-34,22,-30,22,-32,24,-28,21,-23,22,-23,23,-23,21,-17,22,-21,23,-17,21,-12,20,-13,19,-8,0,0,0,0,0,0,0,0,0,0,0,0,0,0,0,0,0,0,0,0,0,0,-40,-21,-42,-22,-42,-22,-42,-26,-45,-29,-43,-29,-42,-31,-43,-35,-52,-34,-51,-35,-49,-44,-48,-43,-58,-44,-53,-48,-49,-53,-50,-53,-55,-61,-50,-64,-51,-60,-46,-61,-47,-67,-47,-64,-40,-65,-36,-67,-36,-72,-39,-65,-28,-61,-30,-67,-30,-61,-27,-63,-23,-52,-22,-56,-20,-53,-17,-50,-17,-50,-14,-43,-13,-39,-11,-40,-10,-31,-11,-34,-12,-28,-10,-26,-6,-26,-5,-24,1,-20,-9,-22,4,-16,4,-11,5,-9,9,-10,6,-7,11,-4,16,0,14,7,15,5,19,6,27,13,0,0]"
CSI_DATA,202,1a:00:00:00:00:00,-38,11,1,0,1,1,1,0,0,0,1,-96,0,11,2,2927957,0,44,0,384,0,"[0,0,0,0,0,0,0,0,0,0,0,0,7,4,7,4,7,4,7,4,7,4,7,4,7,4,7,4,7,4,7,4,8,4,8,4,8,4,8,4,8,4,9,4,9,3,8,3,8,3,8,3,8,3,8,3,8,3,9,2,9,3,9,3,0,0,9,2,8,3,9,2,8,2,8,2,8,3,8,2,7,3,8,2,7,2,8,2,7,3,7,2,6,2,6,3,6,3,6,3,5,3,5,3,4,3,4,3,3,3,3,3,3,3,2,3,2,3,0,0,0,0,0,0,0,0,0,0,0,0,0,0,-3,-33,-7,-39,-8,-44,-7,-41,-11,-49,-3,-47,-5,-45,-5,-48,-5,-51,-6,-52,-8,-47,-6,-52,-9,-56,-7,-50,-4,-52,-13,-52,-7,-55,-12,-55,-7,-57,-12,-52,-14,-57,-13,-51,-18,-51,-9,-50,-11,-48,-14,-55,-13,-42,-16,-56,-12,-50,-21,-52,-19,-46,-18,-50,-14,-48,-14,-49,-21,-47,-13,-48,-16,-46,-17,-41,-12,-47,-14,-40,-16,-43,-14,-42,-7,-44,-9,-42,-8,-41,-7,-38,-8,-40,-7,-38,-8,-30,-7,-30,-1,-31,-2,-31,1,-32,5,-28,3,-29,6,-25,6,-20,0,0,0,0,0,0,0,0,0,0,0,0,0,0,0,0,0,0,0,0,0,0,-36,22,-43,20,-44,22,-44,21,-47,15,-52,17,-49,19,-57,22,-61,23,-63,18,-70,19,-65,17,-71,22,-73,10,-74,8,-77,6,-80,11,-75,2,-75,2,-83,-1,-80,-3,-80,-6,-78,-2,-78,-6,-78,-13,-73,-7,-71,-15,-74,-13,-61,-17,-70,-18,-54,-15,-59,-14,-52,-18,-48,-17,-50,-17,-43,-11,-41,-13,-39,-16,-35,-17,-33,-16,-29,-19,-33,-9,-26,-9,-21,-5,-17,-7,-18,-10,-12,-8,-8,-9,-7,-9,-1,-12,-3,-10,11,-10,8,-10,9,-9,20,-11,18,-14,16,-16,0,0]"
CSI_DATA,203,1a:00:00:00:00:00,-38,11,1,0,1,1,1,0,0,0,1,-96,0,11,2,2938020,0,44,0,384,0,"[0,0,0,0,0,0,0,0,0,0,0,0,2,7,3,7,3,8,2,9,2,8,2,8,2,8,2,8,2,8,3,8,3,9,3,9,3,9,3,9,3,8,4,9,4,8,4,8,4,8,4,8,4,8,4,8,4,8,5,8,5,8,5,8,0,0,5,7,5,8,5,8,5,7,4,7,4,7,4,7,4,7,4,7,4,7,4,7,3,7,3,7,3,6,3,6,3,6,3,6,2,6,2,6,1,5,1,5,1,5,0,5,0,4,-1,4,-1,4,0,0,0,0,0,0,0,0,0,0,0,0,0,0,20,-34,27,-32,24,-32,27,-36,22,-35,30,-35,21,-36,27,-40,27,-37,29,-38,29,-38,29,-37,32,-44,32,-37,26,-41,28,-41,29,-45,29,-48,28,-47,28,-44,26,-51,26,-42,23,-46,23,-47,23,-44,24,-44,25,-46,20,-47,22,-48,21,-52,20,-46,20,-48,17,-37,18,-47,17,-43,18,-45,17,-43,14,-47,18,-43,13,-37,17,-39,20,-37,18,-40,19,-37,18,-33,17,-34,20,-34,18,-32,21,-28,19,-23,19,-23,17,-23,18,-25,19,-15,23,-17,22,-16,19,-10,0,0,0,0,0,0,0,0,0,0,0,0,0,0,0,0,0,0,0,0,0,0,-40,-15,-44,-19,-41,-23,-48,-20,-47,-25,-46,-27,-42,-26,-46,-32,-53,-37,-51,-32,-52,-40,-51,-39,-61,-46,-60,-47,-54,-51,-53,-47,-58,-49,-53,-48,-50,-57,-52,-59,-46,-57,-47,-68,-45,-62,-50,-61,-46,-60,-42,-57,-38,-63,-35,-64,-27,-59,-32,-59,-23,-49,-24,-53,-23,-47,-24,-47,-21,-50,-17,-42,-17,-39,-19,-40,-15,-33,-17,-29,-15,-29,-11,-28,-5,-25,-10,-19,-4,-19,3,-19,0,-14,2,-9,0,-11,6,-5,8,-4,11,-4,17,0,13,0,20,4,17,3,24,9,0,0]"
CSI_DATA,204,1a:00:00:00:00:00,-38,11,1,0,1,1,1,0,0,0,1,-96,0,11,2,2947998,0,44,0,384,0,"[0,0,0,0,0,0,0,0,0,0,0,0,8,-1,8,-2,8,-2,9,-2,8,-2,9,-1,9,-2,9,-2,9,-2,8,-2,10,-2,10,-2,10,-2,9,-2,9,-2,9,-3,9,-3,9,-3,9,-3,9,-4,9,-3,9,-4,8,-3,9,-4,9,-4,9,-4,0,0,8,-5,8,-4,9,-5,8,-5,8,-4,8,-5,7,-4,7,-4,7,-4,7,-4,8,-4,7,-3,7,-3,7,-3,6,-3,7,-3,6,-3,6,-2,6,-2,6,-2,5,-1,5,-1,5,-1,5,0,4,0,4,1,0,0,0,0,0,0,0,0,0,0,0,0,0,0,-29,-27,-30,-24,-33,-30,-30,-28,-38,-28,-34,-32,-35,-36,-37,-40,-38,-32,-34,-37,-35,-33,-37,-35,-40,-38,-33,-40,-43,-36,-45,-30,-48,-33,-39,-33,-41,-34,-43,-34,-48,-30,-37,-30,-47,-29,-43,-30,-45,-33,-45,-29,-44,-26,-49,-27,-46,-22,-48,-21,-48,-20,-47,-24,-43,-25,-46,-26,-46,-18,-40,-21,-41,-24,-40,-22,-37,-27,-38,-21,-41,-19,-40,-24,-36,-21,-36,-24,-33,-23,-35,-23,-33,-23,-31,-22,-30,-22,-25,-24,-24,-23,-28,-23,-18,-23,-19,-20,-18,-23,-14,-22,-12,-16,0,0,0,0,0,0,0,0,0,0,0,0,0,0,0,0,0,0,0,0,0,0,-18,42,-22,42,-27,35,-28,38,-29,38,-32,42,-34,45,-38,45,-36,50,-40,45,-45,52,-44,50,-47,55,-49,53,-58,48,-56,54,-61,58,-62,46,-60,42,-63,42,-69,41,-71,41,-63,39,-71,40,-69,39,-66,44,-66,34,-68,28,-65,25,-65,27,-56,20,-61,22,-55,17,-50,14,-51,12,-45,13,-40,11,-38,16,-37,12,-33,12,-34,7,-29,13,-26,7,-20,6,-20,3,-15,-3,-15,-4,-12,-1,-8,-6,-6,-7,-9,-6,-4,-11,6,-14,-1,-16,5,-20,12,-29,21,-22,0,0]"
CSI_DATA,205,1a:00:00:00:00:00,-38,11,1,0,1,1,1,0,0,0,1,-96,0,11,2,2957945,0,44,0,384,0,"[0,0,0,0,0,0,0,0,0,0,0,0,-6,-6,-6,-7,-6,-6,-7,-7,-6,-7,-6,-7,-7,-7,-6,-7,-7,-7,-7,-7,-7,-8,-7,-7,-7,-7,-7,-7,-7,-7,-8,-7,-8,-7,-7,-6,-8,-6,-8,-6,-7,-6,-8,-6,-7,-6,-8,-6,-8,-6,-8,-6,0,0,-8,-5,-8,-5,-9,-5,-8,-5,-8,-5,-8,-5,-8,-5,-7,-5,-8,-4,-7,-5,-7,-5,-7,-5,-6,-5,-6,-5,-6,-5,-6,-5,-6,-5,-5,-5,-5,-5,-5,-5,-4,-5,-4,-5,-3,-5,-3,-5,-2,-5,-2,-4,0,0,0,0,0,0,0,0,0,0,0,0,0,0,8,38,1,36,11,41,3,45,8,43,1,48,6,41,7,48,4,43,1,49,4,50,2,50,3,55,7,51,5,55,10,54,7,56,12,52,7,55,10,53,16,55,9,50,17,55,14,50,13,47,13,49,16,43,17,50,16,53,20,49,18,46,25,45,20,40,19,50,18,39,19,47,14,44,18,42,16,45,16,40,18,37,15,43,13,39,18,41,15,39,13,40,13,39,10,38,8,39,5,28,7,29,4,30,2,29,1,30,0,28,-4,21,-7,20,0,0,0,0,0,0,0,0,0,0,0,0,0,0,0,0,0,0,0,0,0,0,43,-12,47,-8,45,-7,55,-8,47,-5,55,-4,53,-4,55,-3,61,-7,56,0,62,0,63,-3,69,-5,73,2,77,7,69,11,80,3,71,11,80,12,73,20,77,22,81,21,68,21,75,23,75,27,72,20,67,28,68,28,61,25,68,22,51,23,60,29,48,22,47,27,45,30,40,22,38,17,38,19,30,18,34,14,28,18,20,12,26,11,19,11,16,9,7,8,6,7,5,7,6,13,2,11,2,10,-8,10,-14,13,-10,12,-15,14,-20,11,-26,9,0,0]"
CSI_DATA,206,1a:00:00:00:00:00,-38,11,1,0,1,1,1,0,0,0,1,-96,0,11,2,2968503,0,44,0,384,0,"[0,0,0,0,0,0,0,0,0,0,0,0,-2,-9,-2,-9,-2,-9,-2,-10,-2,-9,-1,-10,-2,-10,-2,-10,-2,-10,-2,-9,-2,-11,-3,-10,-3,-10,-3,-10,-3,-10,-3,-10,-4,-10,-3,-9,-4,-10,-4,-10,-3,-10,-4,-10,-3,-9,-4,-10,-5,-10,-5,-10,0,0,-5,-9,-5,-9,-5,-10,-5,-8,-4,-9,-4,-9,-4,-9,-4,-8,-5,-8,-4,-8,-4,-8,-3,-8,-3,-8,-3,-8,-3,-7,-3,-8,-3,-7,-2,-7,-2,-7,-2,-6,-1,-7,-1,-6,-1,-6,0,-6,0,-5,0,-5,0,0,0,0,0,0,0,0,0,0,0,0,0,0,-24,24,-27,26,-28,30,-32,30,-33,32,-36,30,-37,31,-39,35,-35,26,-38,29,-38,32,-35,28,-41,36,-37,37,-33,30,-37,33,-39,41,-38,40,-38,36,-32,42,-36,43,-33,36,-27,40,-30,39,-26,36,-31,43,-31,39,-30,42,-29,44,-29,44,-32,39,-26,41,-25,37,-28,43,-26,37,-26,40,-20,38,-22,40,-27,38,-23,40,-20,32,-20,31,-25,36,-28,34,-23,32,-26,31,-22,24,-24,28,-24,23,-20,18,-23,22,-24,18,-25,18,-21,15,-22,13,-23,11,-23,6,0,0,0,0,0,0,0,0,0,0,0,0,0,0,0,0,0,0,0,0,0,0,38,23,38,26,35,27,40,32,39,30,37,34,34,38,37,40,45,45,44,44,42,47,42,49,52,52,44,57,44,60,41,59,49,64,37,63,37,64,34,65,38,69,33,74,33,65,31,68,30,69,31,66,20,68,22,64,19,62,23,66,17,53,20,56,14,49,14,47,7,49,12,43,7,41,5,35,8,33,10,39,8,31,1,30,2,31,2,22,0,18,4,17,-5,16,-8,10,-8,8,-11,3,-11,3,-15,4,-16,-6,-14,-5,-18,-9,-22,-9,-25,-16,0,0]"
CSI_DATA,207,1a:00:00:00:00:00,-38,11,1,0,1,1,1,0,0,0,1,-96,0,11,2,2980930,0,44,0,384,0,"[0,0,0,0,0,0,0,0,0,0,0,0,-2,7,-2,8,-1,8,-2,9,-2,9,-2,8,-2,9,-2,8,-2,9,-2,8,-2,9,-1,9,-2,9,-1,9,-1,9,-1,10,0,9,0,9,0,9,0,9,0,9,0,9,0,8,1,9,0,9,1,9,0,0,1,9,1,9,1,9,2,8,0,8,1,8,1,8,1,8,1,8,1,7,1,8,0,7,0,7,0,7,0,7,0,7,0,6,-1,6,-1,6,-1,5,-1,5,-2,5,-2,4,-2,4,-2,4,-3,3,0,0,0,0,0,0,0,0,0,0,0,0,0,0,30,-22,33,-14,32,-23,36,-22,38,-26,39,-26,40,-27,46,-24,38,-24,43,-23,43,-24,41,-22,45,-26,39,-30,42,-23,41,-30,46,-33,43,-30,43,-29,42,-28,42,-34,42,-35,36,-33,38,-35,36,-32,39,-36,40,-28,38,-39,35,-34,34,-38,35,-33,37,-37,30,-34,36,-35,32,-32,33,-32,31,-31,29,-34,31,-31,31,-32,32,-30,32,-27,32,-28,30,-26,29,-26,33,-23,31,-22,30,-23,28,-19,29,-18,26,-12,26,-14,26,-13,28,-8,26,-9,24,-6,21,0,0,0,0,0,0,0,0,0,0,0,0,0,0,0,0,0,0,0,0,0,0,0,-35,-29,-29,-33,-34,-34,-38,-34,-34,-37,-37,-41,-35,-41,-35,-46,-40,-50,-36,-50,-37,-60,-40,-55,-46,-59,-40,-60,-35,-67,-30,-64,-39,-69,-29,-69,-31,-69,-27,-70,-23,-77,-29,-80,-23,-72,-23,-73,-18,-80,-18,-75,-12,-70,-15,-72,-12,-68,-12,-67,-5,-54,-4,-61,-9,-53,-7,-53,-4,-54,-3,-48,-3,-49,-7,-42,-4,-38,-6,-36,1,-29,1,-28,3,-28,-1,-24,5,-17,7,-18,3,-16,7,-10,1,-9,7,-8,6,-3,11,-1,12,3,15,4,19,8,19,15,16,20,0,0]"
CSI_DATA,208,1a:00:00:00:00:00,-38,11,1,0,1,1,1,0,0,0,1,-96,0,11,2,2999134,0,44,0,384,0,"[0,0,0,0,0,0,0,0,0,0,0,0,4,-8,4,-8,4,-8,5,-8,4,-8,5,-8,4,-8,4,-8,5,-9,4,-8,4,-9,4,-9,4,-9,4,-9,4,-9,4,-10,3,-10,3,-9,3,-9,3,-9,3,-9,3,-9,3,-9,2,-10,2,-10,2,-10,0,0,2,-10,2,-10,2,-10,1,-9,2,-9,2,-9,1,-9,2,-9,2,-8,2,-8,2,-9,2,-8,2,-8,2,-8,2,-7,2,-7,2,-7,2,-7,2,-6,2,-6,3,-5,3,-5,3,-4,3,-4,3,-4,3,-3,0,0,0,0,0,0,0,0,0,0,0,0,0,0,-40,9,-38,12,-37,17,-40,16,-45,16,-45,14,-43,12,-48,13,-43,13,-45,12,-52,12,-44,18,-50,14,-50,16,-49,14,-49,18,-53,21,-47,17,-45,17,-47,22,-50,30,-50,21,-40,21,-44,24,-44,22,-46,26,-44,26,-45,29,-43,26,-45,26,-46,24,-42,27,-37,27,-40,29,-34,28,-34,24,-38,23,-34,26,-34,21,-37,22,-34,20,-38,20,-34,20,-34,21,-34,17,-35,18,-36,16,-29,14,-35,13,-26,12,-31,12,-29,9,-27,7,-25,6,-22,4,-23,-2,-25,0,0,0,0,0,0,0,0,0,0,0,0,0,0,0,0,0,0,0,0,0,0,0,23,36,20,39,18,40,22,45,21,47,19,49,18,45,19,53,22,55,14,57,14,61,19,61,23,69,16,68,13,73,13,71,12,76,5,77,6,72,5,75,3,78,0,81,-2,75,-3,80,-5,80,-2,72,-12,66,-9,73,-18,62,-10,66,-9,55,-11,56,-18,53,-13,48,-17,51,-13,42,-11,39,-6,43,-4,33,-8,33,-7,25,-11,27,-12,26,-5,21,-11,13,-5,13,-10,8,-10,9,-8,2,-11,1,-13,4,-10,-3,-16,-7,-16,-9,-15,-15,-23,-18,-13,-19,0,0]"
CSI_DATA,209,1a:00:00:00:00:00,-38,11,1,0,1,1,1,0,0,0,1,-96,0,11,2,3008041,0,44,0,384,0,"[0,0,0,0,0,0,0,0,0,0,0,0,-7,6,-6,6,-6,7,-7,7,-7,6,-7,6,-7,7,-7,6,-7,7,-7,7,-8,7,-7,8,-7,7,-7,8,-7,7,-7,8,-6,8,-6,7,-6,8,-6,8,-6,8,-6,8,-6,7,-5,9,-6,8,-5,8,0,0,-5,8,-5,9,-5,9,-4,8,-5,8,-5,8,-4,8,-4,7,-4,8,-5,7,-5,7,-5,7,-5,7,-5,6,-5,6,-5,6,-5,6,-5,5,-5,4,-5,4,-5,4,-5,3,-5,3,-5,3,-5,2,-4,1,0,0,0,0,0,0,0,0,0,0,0,0,0,0,33,-1,41,1,44,-2,43,-6,41,-1,47,-3,43,-2,51,-3,47,-1,49,-2,46,-4,50,1,51,-2,54,-3,49,-1,49,-7,58,-5,52,-6,48,2,53,-7,57,-10,49,-5,51,-9,48,-9,49,-8,48,-8,54,-8,55,-15,49,-16,54,-13,46,-15,51,-13,47,-9,51,-19,47,-15,44,-10,45,-14,44,-15,46,-12,48,-17,42,-10,43,-10,40,-11,43,-9,37,-8,42,-5,37,-2,36,-7,38,1,33,-2,31,0,32,0,31,-3,24,7,23,7,21,7,17,6,0,0,0,0,0,0,0,0,0,0,0,0,0,0,0,0,0,0,0,0,0,0,-21,-46,-16,-44,-17,-46,-19,-45,-15,-48,-13,-53,-16,-52,-8,-58,-13,-61,-11,-62,-9,-68,-11,-67,-14,-75,-8,-72,0,-77,-2,-79,-2,-80,1,-75,4,-78,10,-75,12,-74,10,-83,7,-78,12,-78,17,-81,12,-74,26,-73,25,-69,23,-64,22,-68,21,-55,24,-59,20,-53,26,-50,21,-47,20,-42,18,-41,14,-40,16,-36,12,-34,12,-29,13,-28,9,-23,12,-21,9,-16,15,-13,10,-10,10,-10,11,0,10,1,9,2,9,2,12,12,11,13,14,17,11,24,12,29,0,0]"
CSI_DATA,210,1a:00:00:00:00:00,-38,11,1,0,1,1,1,0,0,0,1,-96,0,11,2,3017942,0,44,0,384,0,"[0,0,0,0,0,0,0,0,0,0,0,0,4,-7,4,-7,4,-8,4,-8,4,-8,5,-7,4,-8,4,-8,4,-8,4,-8,5,-9,4,-9,4,-9,4,-9,4,-8,4,-10,3,-9,3,-9,3,-9,3,-9,3,-9,3,-9,3,-9,2,-10,3,-9,3,-9,0,0,2,-9,2,-10,2,-9,1,-9,2,-9,2,-9,2,-9,2,-8,1,-8,2,-8,2,-8,2,-7,2,-8,2,-7,2,-7,2,-7,2,-7,2,-6,2,-6,2,-6,2,-5,2,-5,3,-4,3,-4,3,-4,3,-3,0,0,0,0,0,0,0,0,0,0,0,0,0,0,-33,12,-41,12,-40,17,-42,11,-47,11,-45,15,-45,14,-53,12,-40,14,-48,13,-45,12,-50,11,-49,20,-52,14,-48,14,-54,17,-53,17,-47,18,-51,19,-49,20,-53,23,-46,20,-42,22,-49,20,-44,26,-43,24,-47,25,-44,25,-43,24,-48,30,-45,27,-43,27,-41,22,-44,30,-38,29,-39,25,-39,30,-39,30,-35,20,-40,25,-43,19,-35,21,-40,23,-39,22,-40,20,-37,18,-37,13,-32,14,-33,13,-34,18,-35,8,-30,9,-28,7,-28,4,-24,0,-30,-2,-25,-1,0,0,0,0,0,0,0,0,0,0,0,0,0,0,0,0,0,0,0,0,0,0,24,39,24,42,18,41,21,45,21,43,18,53,16,55,19,53,24,61,18,58,17,65,14,66,23,70,14,69,9,75,10,76,18,80,5,78,3,76,6,78,-1,83,1,80,-7,74,-3,84,-8,79,-7,77,-13,72,-10,74,-12,62,-9,68,-12,58,-14,59,-12,57,-15,48,-12,54,-12,45,-7,42,-11,39,-9,33,-13,35,-12,35,-6,27,-8,23,-7,19,-11,20,-11,13,-11,12,-13,12,-9,7,-9,4,-14,-1,-16,-3,-16,-6,-13,-8,-16,-16,-12,-20,-13,-19,0,0]"
CSI_DATA,211,1a:00:00:00:00:00,-38,11,1,0,1,1,1,0,0,0,1,-96,0,11,2,3087971,0,44,0,384,0,"[0,0,0,0,0,0,0,0,0,0,0,0,7,3,7,3,8,3,8,4,7,4,7,4,8,3,8,3,8,4,8,3,8,4,9,3,9,3,9,3,8,3,9,3,9,2,9,2,8,2,9,2,8,2,9,2,8,2,9,1,9,1,9,1,0,0,9,1,9,1,9,1,9,0,8,1,8,1,8,1,8,1,8,1,7,1,8,1,7,1,7,1,6,1,7,2,7,2,6,2,5,2,5,2,5,2,5,2,4,2,4,2,3,3,3,3,2,3,0,0,0,0,0,0,0,0,0,0,0,0,0,0,-15,-33,-16,-40,-19,-38,-15,-41,-16,-45,-10,-41,-16,-46,-17,-48,-19,-47,-14,-46,-12,-50,-15,-46,-14,-53,-15,-52,-14,-50,-20,-52,-19,-55,-22,-50,-16,-47,-20,-50,-25,-46,-21,-52,-24,-45,-20,-50,-23,-47,-21,-45,-24,-43,-25,-47,-22,-48,-32,-46,-24,-40,-31,-38,-25,-41,-26,-46,-30,-34,-23,-37,-24,-40,-23,-41,-19,-41,-23,-34,-26,-41,-28,-36,-20,-38,-17,-36,-18,-37,-20,-37,-14,-35,-14,-34,-12,-30,-10,-32,-8,-29,-9,-28,-6,-24,-5,-26,3,-26,-1,-23,2,-23,0,0,0,0,0,0,0,0,0,0,0,0,0,0,0,0,0,0,0,0,0,0,-35,25,-37,25,-41,26,-44,22,-47,22,-46,22,-48,23,-52,21,-59,27,-61,23,-63,22,-64,24,-67,29,-70,23,-67,13,-77,19,-75,18,-74,16,-72,11,-73,3,-76,5,-82,2,-80,-1,-82,2,-75,-4,-77,3,-69,-5,-68,-3,-69,-5,-66,0,-59,-6,-57,-10,-55,-15,-48,-14,-51,-12,-44,-7,-41,-11,-38,-8,-36,-4,-36,-6,-31,-13,-32,-13,-24,-11,-24,-5,-14,-7,-16,-13,-14,-7,-4,-9,-5,-14,-7,-11,-5,-14,2,-13,9,-15,9,-14,10,-18,17,-14,20,-15,0,0]"
CSI_DATA,212,1a:00:00:00:00:00,-38,11,1,0,1,1,1,0,0,0,1,-96,0,11,2,3097970,0,44,0,384,0,"[0,0,0,0,0,0,0,0,0,0,0,0,7,-4,7,-4,8,-5,8,-4,8,-4,8,-4,8,-5,8,-4,8,-5,8,-5,9,-5,8,-5,9,-5,8,-5,8,-5,9,-6,8,-6,8,-6,7,-6,8,-6,8,-6,7,-6,7,-6,7,-7,7,-7,7,-6,0,0,7,-7,7,-7,7,-7,6,-7,6,-6,6,-7,6,-7,6,-6,6,-6,6,-6,6,-6,6,-5,6,-5,5,-5,6,-5,5,-5,6,-5,5,-4,5,-4,5,-3,5,-3,5,-2,5,-2,4,-2,4,-1,4,-1,0,0,0,0,0,0,0,0,0,0,0,0,0,0,-34,-14,-35,-24,-43,-19,-43,-23,-43,-20,-45,-24,-46,-26,-46,-20,-46,-19,-42,-25,-40,-21,-45,-25,-44,-23,-47,-25,-45,-19,-51,-19,-54,-22,-52,-20,-53,-19,-49,-18,-53,-15,-52,-18,-44,-16,-50,-17,-44,-20,-50,-19,-47,-17,-54,-12,-48,-13,-57,-7,-48,-11,-50,-12,-45,-9,-47,-13,-53,-4,-43,-11,-42,-12,-46,-9,-42,-15,-47,-11,-48,-11,-43,-14,-41,-16,-43,-12,-39,-12,-41,-13,-36,-13,-35,-16,-30,-15,-25,-15,-30,-18,-27,-16,-24,-22,-22,-12,-23,-15,-15,-19,-14,-18,0,0,0,0,0,0,0,0,0,0,0,0,0,0,0,0,0,0,0,0,0,0,1,44,-4,48,-4,45,-8,50,-10,51,-13,57,-14,53,-14,55,-21,65,-17,58,-21,67,-23,63,-19,73,-25,70,-34,69,-31,67,-32,76,-38,69,-38,63,-46,61,-49,63,-53,69,-44,57,-47,64,-54,63,-46,63,-48,50,-50,53,-53,46,-50,54,-43,42,-49,41,-46,33,-36,32,-43,25,-38,31,-38,23,-29,25,-32,18,-32,23,-28,15,-27,21,-23,13,-23,11,-16,11,-19,7,-17,6,-17,0,-8,2,-12,-5,-7,-8,-4,-12,-5,-14,-5,-23,-2,-25,2,-24,8,-28,0,0]"
CSI_DATA,213,1a:00:00:00:00:00,-38,11,1,0,1,1,1,0,0,0,1,-96,0,11,2,3108440,0,44,0,384,0,"[0,0,0,0,0,0,0,0,0,0,0,0,-3,-8,-3,-8,-4,-9,-3,-9,-3,-9,-3,-9,-3,-9,-3,-9,-3,-9,-4,-9,-4,-10,-4,-10,-4,-10,-4,-9,-4,-9,-5,-10,-5,-9,-5,-9,-5,-8,-5,-9,-4,-9,-5,-9,-5,-9,-6,-9,-5,-9,-6,-9,0,0,-6,-8,-6,-9,-6,-8,-6,-8,-5,-8,-5,-8,-5,-8,-5,-7,-5,-7,-5,-8,-5,-8,-4,-7,-4,-7,-4,-7,-4,-7,-4,-7,-4,-7,-3,-6,-3,-7,-2,-6,-2,-6,-2,-6,-1,-6,-1,-5,0,-5,0,-5,0,0,0,0,0,0,0,0,0,0,0,0,0,0,-20,29,-17,30,-14,39,-17,40,-17,39,-19,44,-18,45,-21,45,-20,39,-22,46,-22,45,-23,45,-18,48,-21,45,-25,41,-19,49,-22,49,-19,48,-19,45,-17,48,-17,49,-18,47,-9,46,-12,46,-14,49,-13,51,-12,51,-13,53,-15,51,-12,49,-9,44,-12,41,-12,47,-12,47,-9,43,-9,47,-11,42,-3,45,-11,42,-11,43,-8,44,-11,37,-8,43,-14,40,-8,36,-11,39,-14,35,-11,36,-14,32,-12,29,-10,27,-17,27,-15,23,-20,25,-20,22,-17,15,-18,12,0,0,0,0,0,0,0,0,0,0,0,0,0,0,0,0,0,0,0,0,0,0,43,0,48,4,49,4,47,7,49,9,47,12,53,8,52,15,61,9,58,14,60,22,64,19,71,17,66,26,63,30,67,34,70,31,65,37,59,36,66,41,59,43,69,46,60,51,59,46,58,46,59,46,48,52,48,47,52,49,46,42,38,44,37,45,36,41,32,37,33,41,28,31,25,32,24,39,24,29,25,25,17,23,18,27,8,21,13,15,7,19,12,13,6,13,-3,15,1,11,-4,9,-2,5,-13,2,-12,3,-19,-1,-24,2,-18,-1,-24,-7,0,0]"
CSI_DATA,214,1a:00:00:00:00:00,-38,11,1,0,1,1,1,0,0,0,1,-96,0,11,2,3118798,0,44,0,384,0,"[0,0,0,0,0,0,0,0,0,0,0,0,8,-2,8,-2,8,-2,9,-1,9,-2,9,-1,9,-2,9,-1,9,-2,9,-2,9,-2,9,-2,9,-2,9,-2,9,-2,9,-3,9,-3,9,-3,8,-3,9,-3,9,-3,8,-3,8,-3,9,-4,9,-4,9,-4,0,0,8,-4,8,-4,8,-4,8,-4,8,-4,8,-4,7,-4,7,-4,7,-4,7,-3,8,-3,7,-3,7,-3,7,-3,7,-2,7,-2,6,-2,6,-2,6,-1,5,-1,5,-1,5,0,4,0,4,0,4,1,3,1,0,0,0,0,0,0,0,0,0,0,0,0,0,0,-36,-17,-36,-16,-40,-19,-37,-20,-44,-17,-37,-17,-44,-25,-45,-26,-47,-23,-45,-27,-43,-26,-50,-23,-50,-25,-48,-29,-46,-23,-49,-20,-49,-26,-47,-20,-44,-27,-50,-22,-53,-21,-48,-23,-49,-22,-49,-19,-46,-20,-48,-20,-52,-21,-55,-15,-49,-17,-54,-12,-49,-14,-48,-18,-46,-14,-51,-15,-50,-14,-44,-15,-45,-15,-46,-14,-40,-18,-43,-9,-45,-12,-44,-16,-36,-12,-38,-13,-34,-15,-37,-17,-34,-18,-35,-17,-32,-17,-31,-14,-28,-16,-27,-16,-21,-16,-19,-20,-15,-18,-17,-18,-13,-20,0,0,0,0,0,0,0,0,0,0,0,0,0,0,0,0,0,0,0,0,0,0,-1,43,-5,49,-6,48,-8,50,-12,47,-14,55,-14,53,-16,51,-15,60,-24,62,-23,66,-22,65,-21,72,-29,68,-35,60,-37,68,-33,75,-38,70,-38,59,-46,67,-45,61,-46,61,-50,61,-49,59,-56,58,-48,60,-55,46,-52,52,-49,47,-53,48,-46,40,-47,40,-43,33,-38,29,-44,31,-35,25,-32,29,-31,27,-30,20,-27,19,-24,14,-26,19,-27,16,-17,10,-20,11,-25,8,-16,3,-11,0,-8,-1,-12,-11,-12,-8,-6,-12,0,-12,-2,-17,1,-21,4,-26,8,-30,0,0]"
CSI_DATA,215,1a:00:00:00:00:00,-38,11,1,0,1,1,1,0,0,0,1,-96,0,11,2,3127948,0,44,0,384,0,"[0,0,0,0,0,0,0,0,0,0,0,0,-8,1,-9,1,-9,2,-10,1,-9,1,-9,1,-10,2,-9,1,-10,2,-9,2,-10,2,-10,2,-10,2,-10,3,-9,2,-10,3,-10,3,-9,3,-9,3,-9,3,-9,3,-9,3,-9,3,-9,4,-9,4,-9,4,0,0,-9,4,-9,4,-9,5,-8,4,-8,4,-8,4,-8,4,-8,3,-8,4,-8,4,-8,3,-7,3,-7,3,-7,3,-7,2,-7,2,-7,2,-7,2,-6,1,-6,1,-6,0,-6,0,-5,0,-5,0,-5,-1,-4,-1,0,0,0,0,0,0,0,0,0,0,0,0,0,0,34,15,38,16,37,16,33,16,33,16,41,20,41,16,42,18,39,21,43,20,42,21,41,17,48,19,46,18,42,26,45,20,52,22,47,22,42,21,49,17,58,16,47,17,49,15,45,15,45,17,48,11,49,14,47,14,47,13,50,11,43,12,51,12,45,9,48,9,46,6,43,14,40,7,42,7,42,9,41,8,42,6,43,10,41,13,39,14,38,11,38,11,40,13,32,11,30,13,30,9,29,12,26,12,24,15,20,13,14,16,17,18,14,16,0,0,0,0,0,0,0,0,0,0,0,0,0,0,0,0,0,0,0,0,0,0,2,-48,7,-50,8,-46,6,-48,14,-48,11,-51,16,-51,18,-54,15,-63,20,-58,22,-61,20,-62,25,-69,30,-61,37,-63,34,-69,37,-69,43,-65,41,-60,41,-59,47,-59,49,-65,48,-59,46,-60,51,-55,50,-54,51,-44,52,-51,50,-43,50,-48,40,-38,47,-42,45,-36,34,-31,39,-37,34,-26,34,-25,32,-28,28,-19,28,-20,28,-16,22,-19,26,-19,22,-12,15,-14,9,-8,13,-5,10,0,10,4,7,-1,5,7,5,6,7,14,-3,12,0,21,-4,25,-1,24,0,0]"
CSI_DATA,216,1a:00:00:00:00:00,-38,11,1,0,1,1,1,0,0,0,1,-96,0,11,2,3139396,0,44,0,384,0,"[0,0,0,0,0,0,0,0,0,0,0,0,5,6,5,6,6,6,6,7,5,7,5,7,6,7,5,7,6,7,6,6,6,7,7,7,6,7,6,6,6,7,7,7,7,6,7,6,7,6,7,6,7,6,7,6,7,6,8,5,8,5,7,5,0,0,8,5,8,5,8,5,8,4,7,4,7,5,7,4,6,4,7,4,7,4,7,5,6,5,6,4,5,4,5,4,5,4,5,4,4,4,4,4,4,4,3,4,3,4,3,4,2,4,2,4,1,4,0,0,0,0,0,0,0,0,0,0,0,0,0,0,0,-39,5,-36,-1,-38,-1,-44,8,-48,3,-49,9,-49,5,-52,2,-49,8,-51,8,-53,4,-47,8,-54,9,-54,6,-57,7,-53,4,-56,5,-55,5,-53,6,-58,0,-58,2,-54,4,-52,1,-55,2,-53,0,-55,1,-52,-8,-54,4,-56,-6,-55,-4,-46,-2,-51,-1,-50,-4,-54,-3,-48,2,-47,-5,-46,-7,-48,1,-48,-5,-47,-6,-45,1,-43,-3,-44,0,-44,0,-42,-1,-44,5,-38,2,-37,5,-33,7,-34,7,-30,8,-32,5,-28,12,-20,9,-25,11,-22,14,-20,0,0,0,0,0,0,0,0,0,0,0,0,0,0,0,0,0,0,0,0,0,0,-43,12,-46,6,-49,8,-49,10,-49,8,-55,4,-55,4,-59,5,-64,5,-67,3,-72,-1,-68,4,-75,0,-72,-4,-76,-9,-79,-7,-75,-10,-78,-16,-74,-16,-79,-22,-81,-26,-83,-24,-77,-22,-80,-26,-77,-32,-71,-25,-65,-34,-62,-32,-62,-31,-63,-29,-54,-26,-52,-31,-52,-30,-48,-28,-46,-29,-41,-22,-38,-27,-36,-24,-33,-21,-35,-23,-28,-21,-25,-15,-17,-19,-20,-16,-14,-14,-7,-18,-11,-17,-2,-13,-5,-11,-2,-6,3,-9,13,-13,13,-5,15,-9,20,-10,23,-4,25,-1,0,0]"
CSI_DATA,217,1a:00:00:00:00:00,-38,11,1,0,1,1,1,0,0,0,1,-96,0,11,2,3147969,0,44,0,384,0,"[0,0,0,0,0,0,0,0,0,0,0,0,-4,7,-4,7,-4,8,-4,8,-4,8,-5,8,-4,8,-4,8,-4,8,-4,8,-4,9,-4,9,-4,9,-4,9,-4,8,-3,9,-3,9,-3,9,-2,9,-3,9,-3,9,-2,9,-3,8,-2,9,-2,9,-2,9,0,0,-1,9,-2,9,-1,9,-1,9,-1,8,-1,9,-1,8,-1,8,-1,8,-1,7,-2,8,-2,7,-2,7,-2,7,-2,7,-2,7,-2,7,-2,6,-2,6,-2,5,-3,5,-3,4,-3,4,-3,4,-3,3,-3,2,0,0,0,0,0,0,0,0,0,0,0,0,0,0,34,-12,41,-15,40,-14,37,-14,46,-17,46,-17,42,-13,42,-19,43,-16,48,-18,46,-14,44,-15,52,-20,44,-19,44,-19,43,-24,47,-26,46,-25,45,-24,43,-19,50,-32,46,-25,40,-29,41,-30,42,-23,45,-27,40,-28,39,-28,40,-27,45,-32,38,-32,44,-32,35,-27,38,-28,35,-35,37,-30,35,-34,30,-29,33,-28,36,-30,36,-28,37,-22,32,-27,31,-28,30,-25,33,-21,35,-18,30,-19,33,-14,29,-14,30,-15,32,-10,29,-10,28,-6,28,-9,24,0,23,4,0,0,0,0,0,0,0,0,0,0,0,0,0,0,0,0,0,0,0,0,0,0,-28,-39,-24,-41,-22,-40,-24,-46,-20,-44,-18,-52,-23,-49,-21,-52,-26,-58,-23,-51,-20,-63,-23,-60,-29,-67,-21,-69,-16,-72,-14,-70,-17,-75,-9,-75,-12,-74,-8,-78,-6,-79,-3,-84,-3,-71,-2,-77,-3,-78,-6,-79,1,-73,3,-74,10,-66,8,-69,9,-53,6,-63,4,-54,7,-51,10,-51,9,-47,9,-40,8,-40,5,-38,7,-34,5,-30,7,-28,3,-26,-1,-20,4,-18,8,-20,9,-15,7,-8,9,-4,8,-5,10,-1,14,0,13,4,15,7,12,12,14,17,11,16,0,0]"
CSI_DATA,218,1a:00:00:00:00:00,-38,11,1,0,1,1,1,0,0,0,1,-96,0,11,2,3159121,0,44,0,384,0,"[0,0,0,0,0,0,0,0,0,0,0,0,2,-8,2,-8,2,-9,2,-9,2,-9,2,-9,2,-9,2,-9,2,-9,2,-9,2,-10,2,-10,2,-10,2,-10,2,-9,1,-10,1,-10,1,-9,1,-9,1,-10,2,-9,1,-10,1,-9,0,-10,1,-10,0,-10,0,0,0,-9,0,-10,0,-10,0,-9,0,-9,0,-9,0,-9,0,-9,0,-9,0,-8,0,-9,1,-8,1,-8,1,-7,1,-7,1,-7,1,-7,1,-6,2,-6,1,-6,2,-6,2,-5,2,-5,2,-4,2,-4,2,-4,0,0,0,0,0,0,0,0,0,0,0,0,0,0,-37,15,-32,21,-37,23,-38,20,-44,24,-40,21,-43,19,-43,19,-43,23,-46,24,-46,19,-41,21,-50,24,-47,23,-51,23,-41,25,-51,28,-47,28,-47,24,-43,26,-46,28,-46,25,-43,30,-45,30,-41,25,-42,33,-41,30,-42,36,-43,30,-43,36,-40,29,-42,31,-34,32,-37,33,-33,32,-35,28,-33,32,-31,32,-37,28,-39,30,-34,29,-38,23,-35,21,-38,28,-32,25,-36,19,-31,21,-30,21,-32,12,-29,12,-28,15,-29,8,-29,9,-28,6,-24,9,-25,3,-24,-3,0,0,0,0,0,0,0,0,0,0,0,0,0,0,0,0,0,0,0,0,0,0,32,28,31,35,29,33,34,38,32,41,32,43,29,41,30,50,39,55,31,54,37,55,35,57,38,62,33,63,30,69,29,68,34,73,32,75,25,70,19,72,14,73,21,84,15,72,19,78,9,80,13,75,-1,70,8,71,5,67,7,68,2,57,3,60,4,57,1,51,-3,51,0,48,-2,43,-4,41,-1,34,0,32,-3,32,0,29,-1,26,4,17,-4,23,-4,28,-10,15,-4,8,-7,9,-10,2,-11,3,-10,-3,-13,-6,-17,-10,-17,-11,-22,-14,-20,-24,0,0]"
CSI_DATA,219,1a:00:00:00:00:00,-38,11,1,0,1,1,1,0,0,0,1,-96,0,11,2,3167948,0,44,0,384,0,"[0,0,0,0,0,0,0,0,0,0,0,0,8,-1,8,-1,9,-1,9,-1,9,-1,9,0,9,-1,9,0,9,0,9,-1,10,-1,10,-2,10,-1,10,-1,9,-1,10,-2,10,-2,10,-2,9,-2,9,-2,9,-2,10,-2,9,-2,10,-3,10,-3,10,-3,0,0,9,-3,9,-3,9,-3,9,-3,8,-3,9,-3,8,-3,8,-3,8,-3,8,-2,8,-2,8,-2,7,-2,7,-2,7,-1,7,-1,7,-1,6,-1,6,0,6,0,6,0,5,0,5,1,4,1,4,1,3,1,0,0,0,0,0,0,0,0,0,0,0,0,0,0,-23,-26,-25,-32,-31,-32,-29,-37,-29,-37,-33,-36,-28,-38,-36,-39,-34,-36,-31,-38,-27,-38,-35,-40,-37,-40,-34,-46,-31,-42,-38,-39,-40,-46,-38,-38,-32,-43,-37,-37,-43,-43,-39,-37,-36,-43,-36,-39,-39,-36,-37,-42,-35,-38,-40,-35,-40,-40,-46,-36,-43,-32,-42,-38,-33,-35,-43,-35,-44,-25,-35,-33,-32,-33,-39,-35,-30,-30,-38,-31,-32,-30,-33,-28,-30,-31,-30,-32,-28,-28,-29,-31,-29,-35,-24,-27,-24,-30,-16,-29,-15,-32,-15,-30,-17,-26,-7,-24,-5,-26,-6,-27,-4,-24,0,0,0,0,0,0,0,0,0,0,0,0,0,0,0,0,0,0,0,0,0,0,-18,42,-22,44,-24,40,-27,46,-26,40,-32,44,-28,45,-36,46,-40,51,-43,46,-43,53,-42,55,-47,65,-51,52,-60,52,-60,46,-61,59,-63,49,-65,43,-67,40,-72,37,-73,39,-69,37,-73,37,-73,32,-69,41,-68,31,-73,28,-67,17,-68,21,-54,17,-58,19,-57,18,-50,12,-54,11,-49,13,-44,7,-39,11,-36,7,-38,6,-34,6,-28,5,-28,6,-23,4,-19,2,-20,3,-17,-3,-14,-7,-6,-4,-5,-9,-5,-11,-6,-12,7,-17,4,-17,12,-20,11,-21,10,-17,0,0]"
CSI_DATA,220,1a:00:00:00:00:00,-38,11,1,0,1,1,1,0,0,0,1,-96,0,11,2,3180431,0,44,0,384,0,"[0,0,0,0,0,0,0,0,0,0,0,0,0,-9,1,-9,0,-9,1,-9,1,-9,1,-9,0,-10,1,-9,1,-10,0,-10,0,-10,0,-10,0,-10,0,-10,0,-10,-1,-11,-1,-10,-1,-10,-1,-10,0,-10,-1,-10,-1,-10,-1,-10,-2,-11,-1,-10,-2,-10,0,0,-2,-10,-2,-10,-2,-10,-2,-10,-1,-9,-1,-9,-2,-9,-1,-9,-2,-9,-1,-9,-1,-9,-1,-8,-1,-8,-1,-8,0,-8,-1,-8,0,-8,0,-7,0,-7,0,-6,1,-6,1,-6,1,-5,1,-5,2,-4,2,-4,0,0,0,0,0,0,0,0,0,0,0,0,0,0,-25,22,-34,22,-34,23,-33,22,-39,34,-41,26,-41,25,-44,23,-38,27,-41,24,-43,32,-38,27,-43,31,-47,27,-40,28,-42,27,-45,34,-40,36,-40,28,-43,32,-37,38,-37,34,-36,41,-41,32,-33,34,-39,38,-35,35,-32,37,-39,38,-39,41,-36,32,-34,34,-30,37,-32,38,-31,36,-30,34,-27,40,-25,36,-30,34,-28,29,-27,32,-30,32,-31,30,-33,31,-29,28,-31,24,-32,23,-23,27,-25,19,-24,16,-27,13,-27,14,-26,15,-25,8,-24,7,-25,1,-22,0,0,0,0,0,0,0,0,0,0,0,0,0,0,0,0,0,0,0,0,0,0,0,35,26,31,31,32,33,32,37,34,35,30,39,31,38,36,44,38,45,35,51,38,54,35,52,44,56,36,62,34,66,29,64,41,68,28,71,29,65,26,68,26,69,29,80,17,74,20,71,16,75,24,69,10,70,11,71,8,62,12,68,7,55,7,59,6,51,5,47,6,52,-4,48,-1,40,-1,43,4,37,3,36,0,32,-4,29,-4,27,-3,25,-2,17,-4,19,-4,13,-8,9,-6,7,-11,6,-15,2,-11,5,-14,-6,-10,-9,-12,-14,-23,-14,-20,-17,0,0]"
CSI_DATA,221,1a:00:00:00:00:00,-38,11,1,0,1,1,1,0,0,0,1,-96,0,11,2,3187961,0,44,0,384,0,"[0,0,0,0,0,0,0,0,0,0,0,0,1,-9,1,-9,1,-10,1,-10,1,-10,2,-10,1,-10,1,-10,1,-10,1,-10,1,-11,1,-11,1,-11,1,-11,1,-10,0,-11,0,-11,0,-10,0,-10,0,-11,0,-10,-1,-11,0,-10,-1,-11,-1,-11,-1,-11,0,0,-1,-10,-1,-11,-1,-10,-2,-10,-1,-10,-1,-10,-1,-10,-1,-9,-1,-9,-1,-9,0,-10,0,-9,0,-9,0,-8,0,-8,0,-8,0,-8,0,-7,1,-7,1,-7,1,-6,1,-6,2,-6,2,-5,2,-5,2,-4,0,0,0,0,0,0,0,0,0,0,0,0,0,0,-25,23,-30,22,-29,29,-33,25,-29,30,-37,27,-29,27,-38,28,-40,31,-41,28,-40,30,-39,33,-43,35,-34,31,-40,29,-37,35,-39,42,-37,38,-37,35,-39,33,-36,37,-35,34,-33,41,-33,33,-32,38,-35,38,-34,37,-33,37,-33,40,-32,43,-31,38,-34,41,-31,34,-28,38,-25,36,-30,37,-26,40,-27,32,-31,35,-29,36,-26,31,-29,30,-22,30,-27,34,-25,31,-24,28,-33,24,-27,23,-25,23,-22,18,-26,20,-24,16,-25,17,-24,11,-23,13,-23,6,-22,8,0,0,0,0,0,0,0,0,0,0,0,0,0,0,0,0,0,0,0,0,0,0,38,23,39,23,38,25,39,29,35,27,39,35,38,32,39,37,47,42,45,40,45,49,44,46,53,51,44,53,44,62,44,60,49,65,39,67,34,62,33,66,33,70,36,73,32,70,28,67,23,72,32,67,16,66,17,68,17,64,23,65,14,54,18,54,11,53,15,46,11,47,10,43,6,42,8,40,9,34,7,37,4,30,5,33,3,24,1,23,0,20,-3,12,-3,15,-7,13,-6,8,-9,4,-10,3,-14,6,-17,2,-15,-7,-20,-11,-19,-14,-20,-13,0,0]"
CSI_DATA,222,1a:00:00:00:00:00,-38,11,1,0,1,1,1,0,0,0,1,-96,0,11,2,3198122,0,44,0,384,0,"[0,0,0,0,0,0,0,0,0,0,0,0,-2,8,-2,8,-2,9,-2,8,-2,9,-3,8,-2,9,-2,9,-2,9,-2,9,-2,9,-2,9,-2,10,-2,9,-2,9,-1,10,-1,9,-1,9,-1,9,-1,10,-1,9,0,9,-1,9,0,10,0,9,0,9,0,0,0,9,0,10,1,9,1,9,0,8,0,9,0,8,0,8,1,8,0,8,0,8,0,8,0,8,-1,7,-1,7,-1,7,-1,7,-1,6,-1,6,-1,5,-2,5,-2,5,-2,5,-2,4,-3,4,-3,3,0,0,0,0,0,0,0,0,0,0,0,0,0,0,30,-21,30,-25,31,-31,30,-27,33,-35,34,-29,39,-29,43,-30,35,-33,38,-34,35,-33,35,-33,43,-34,39,-27,37,-33,41,-41,44,-37,35,-37,40,-38,37,-39,40,-47,37,-37,30,-40,36,-41,31,-39,31,-42,32,-42,35,-43,32,-39,31,-45,32,-46,34,-41,27,-42,26,-49,25,-38,24,-42,20,-41,24,-42,28,-36,25,-38,25,-33,26,-35,26,-32,22,-37,25,-38,25,-30,26,-26,22,-29,21,-21,25,-24,25,-27,23,-21,23,-20,20,-15,25,-11,20,-9,21,-1,0,0,0,0,0,0,0,0,0,0,0,0,0,0,0,0,0,0,0,0,0,0,-35,-27,-36,-30,-36,-28,-40,-31,-38,-34,-42,-40,-39,-40,-41,-43,-42,-49,-46,-45,-43,-52,-45,-50,-50,-56,-47,-57,-42,-63,-42,-62,-45,-68,-45,-68,-37,-68,-35,-72,-34,-71,-34,-77,-34,-71,-26,-74,-27,-71,-30,-70,-17,-71,-18,-75,-17,-67,-19,-69,-11,-60,-15,-62,-10,-59,-11,-51,-4,-51,-12,-47,-10,-45,-11,-44,-8,-32,-9,-38,-8,-35,-5,-32,-2,-26,-2,-23,0,-21,-6,-12,1,-12,7,-12,3,-13,7,-9,10,-8,17,1,17,1,16,4,15,7,23,8,23,14,0,0]"
CSI_DATA,223,1a:00:00:00:00:00,-38,11,1,0,1,1,1,0,0,0,1,-96,0,11,2,3217952,0,44,0,384,0,"[0,0,0,0,0,0,0,0,0,0,0,0,-5,6,-5,7,-5,7,-6,7,-6,7,-6,7,-6,7,-6,7,-6,7,-6,7,-6,8,-6,8,-6,8,-5,8,-6,8,-5,9,-5,9,-5,8,-4,8,-5,8,-5,8,-5,9,-4,8,-4,9,-4,9,-4,9,0,0,-4,8,-4,9,-4,9,-3,8,-4,8,-4,8,-4,8,-4,8,-3,8,-3,7,-4,8,-4,7,-4,7,-4,6,-4,6,-4,6,-4,6,-4,5,-4,5,-4,4,-5,4,-4,4,-4,3,-4,3,-4,2,-4,2,0,0,0,0,0,0,0,0,0,0,0,0,0,0,34,-7,36,-6,35,-10,43,-10,46,-9,46,-5,44,-7,51,-10,47,-4,44,-4,46,-15,45,-4,50,-9,50,-6,51,-6,50,-13,57,-9,48,-9,51,-11,52,-14,53,-16,52,-15,45,-15,50,-17,46,-12,49,-19,47,-12,49,-20,48,-17,48,-21,46,-16,49,-18,43,-17,48,-21,41,-21,41,-16,40,-20,39,-22,42,-13,40,-15,40,-17,41,-11,37,-15,37,-14,39,-7,37,-7,34,-7,36,-10,35,-7,31,-4,31,-3,28,-3,29,0,24,3,26,3,23,3,19,8,0,0,0,0,0,0,0,0,0,0,0,0,0,0,0,0,0,0,0,0,0,0,-23,-38,-20,-45,-21,-43,-22,-46,-17,-47,-21,-50,-14,-50,-14,-58,-22,-60,-21,-58,-14,-63,-20,-63,-21,-68,-15,-72,-9,-73,-8,-78,-15,-81,-6,-77,-4,-72,0,-76,3,-79,0,-84,6,-79,8,-79,9,-76,0,-76,13,-71,11,-74,17,-63,9,-66,17,-60,14,-55,18,-55,12,-51,19,-47,15,-45,13,-42,15,-42,10,-34,11,-34,12,-27,10,-25,8,-25,10,-19,6,-19,11,-17,9,-13,12,-9,14,-4,7,2,12,1,13,6,8,8,9,10,11,16,8,17,6,24,0,0]"
CSI_DATA,224,1a:00:00:00:00:00,-38,11,1,0,1,1,1,0,0,0,1,-96,0,11,2,3228408,0,44,0,384,0,"[0,0,0,0,0,0,0,0,0,0,0,0,7,2,8,2,8,2,8,3,8,3,8,3,9,3,8,3,8,3,8,2,9,3,9,2,9,3,9,2,9,2,10,2,9,2,9,2,9,1,9,2,9,1,9,1,9,1,10,0,9,1,9,1,0,0,9,0,9,0,9,0,9,0,8,1,9,1,8,0,8,0,8,0,8,0,8,1,8,1,7,1,7,1,7,1,7,1,6,1,6,2,6,2,5,1,5,2,4,2,4,2,4,2,3,3,2,2,0,0,0,0,0,0,0,0,0,0,0,0,0,0,-19,-33,-21,-32,-28,-33,-21,-35,-23,-43,-20,-37,-23,-43,-25,-42,-23,-45,-23,-46,-24,-40,-29,-43,-26,-45,-22,-47,-26,-47,-30,-47,-30,-47,-27,-44,-24,-48,-29,-38,-35,-45,-31,-44,-29,-39,-31,-40,-26,-43,-32,-41,-34,-36,-35,-40,-36,-41,-38,-39,-36,-34,-34,-34,-30,-36,-31,-38,-34,-32,-31,-40,-32,-35,-29,-33,-27,-37,-31,-29,-29,-33,-26,-32,-29,-34,-23,-34,-21,-31,-24,-31,-23,-34,-17,-31,-17,-31,-17,-26,-15,-28,-16,-26,-10,-28,-9,-25,-5,-25,-5,-22,-1,-20,0,0,0,0,0,0,0,0,0,0,0,0,0,0,0,0,0,0,0,0,0,0,-28,32,-34,33,-31,32,-35,33,-40,31,-41,30,-41,31,-43,33,-48,39,-49,33,-61,35,-56,36,-62,42,-62,36,-67,30,-69,35,-67,42,-67,30,-70,29,-72,28,-74,21,-77,25,-72,20,-77,22,-78,15,-74,20,-67,10,-65,9,-69,6,-65,7,-57,6,-59,6,-60,2,-53,3,-51,0,-47,3,-44,3,-44,2,-38,-3,-32,0,-35,-1,-28,0,-28,-3,-22,-3,-19,-2,-24,-4,-16,1,-10,-5,-12,-8,-7,-10,-8,-12,3,-14,7,-12,9,-12,14,-18,10,-15,14,-25,0,0]"
CSI_DATA,225,1a:00:00:00:00:00,-38,11,1,0,1,1,1,0,0,0,1,-96,0,11,2,3237957,0,44,0,384,0,"[0,0,0,0,0,0,0,0,0,0,0,0,5,6,5,6,6,6,6,7,6,6,5,6,6,6,6,6,6,6,6,6,6,7,7,7,7,7,7,6,6,7,8,6,7,6,7,5,7,6,7,6,7,6,7,5,7,5,8,5,8,5,8,5,0,0,8,4,8,5,8,5,8,4,7,5,7,5,7,4,6,4,7,4,7,4,7,5,6,5,6,4,5,4,5,4,5,5,5,4,5,4,4,4,4,4,3,4,3,4,2,4,2,4,1,4,1,4,0,0,0,0,0,0,0,0,0,0,0,0,0,0,-9,-38,-10,-45,-9,-41,-12,-41,-9,-47,-9,-45,-7,-50,-14,-51,-9,-49,-9,-49,-10,-49,-8,-49,-13,-54,-6,-54,-10,-49,-10,-52,-9,-62,-10,-52,-9,-55,-13,-52,-16,-53,-19,-51,-17,-51,-15,-48,-17,-51,-18,-50,-12,-53,-18,-53,-18,-53,-20,-49,-18,-48,-21,-47,-16,-47,-21,-44,-15,-44,-17,-52,-23,-49,-21,-44,-12,-46,-19,-38,-15,-38,-12,-40,-12,-41,-13,-41,-13,-41,-10,-43,-7,-37,-10,-38,-4,-33,-1,-36,-3,-34,-4,-25,1,-32,1,-26,5,-27,4,-23,8,-21,0,0,0,0,0,0,0,0,0,0,0,0,0,0,0,0,0,0,0,0,0,0,-38,25,-43,25,-38,22,-46,25,-43,24,-47,23,-45,21,-51,21,-55,24,-63,20,-64,18,-65,21,-74,23,-72,18,-73,12,-73,13,-81,20,-77,10,-74,10,-81,7,-87,5,-86,3,-75,1,-81,-5,-81,-7,-80,-2,-70,-11,-74,-9,-68,-14,-72,-12,-55,-13,-61,-10,-61,-13,-50,-9,-52,-14,-46,-12,-46,-12,-39,-11,-36,-14,-35,-14,-30,-13,-28,-7,-27,-12,-24,-12,-14,-8,-15,-6,-12,-2,-14,-10,-4,-9,-6,-8,0,-12,5,-11,8,-11,11,-15,16,-18,18,-11,22,-14,0,0]"
CSI_DATA,226,1a:00:00:00:00:00,-38,11,1,0,1,1,1,0,0,0,1,-96,0,11,2,3249284,0,44,0,384,0,"[0,0,0,0,0,0,0,0,0,0,0,0,-3,7,-3,7,-3,8,-3,8,-3,8,-4,8,-3,8,-3,8,-4,8,-3,8,-3,9,-3,9,-3,9,-3,9,-3,9,-2,10,-2,9,-2,9,-2,9,-2,9,-2,9,-2,9,-2,8,-1,9,-1,9,-1,9,0,0,-1,9,-1,9,-1,9,0,9,-1,8,-1,8,-1,8,-1,8,-1,8,-1,8,-1,8,-1,7,-1,7,-1,7,-2,7,-2,7,-2,7,-2,6,-2,6,-2,5,-3,5,-3,5,-3,4,-3,4,-3,3,-3,3,0,0,0,0,0,0,0,0,0,0,0,0,0,0,28,-15,31,-19,36,-14,35,-20,40,-21,39,-23,37,-18,47,-16,42,-19,45,-23,42,-21,44,-20,47,-21,45,-23,44,-21,47,-24,48,-24,46,-27,46,-22,45,-24,46,-33,48,-27,40,-29,43,-26,44,-28,40,-31,43,-25,44,-33,44,-30,38,-31,37,-30,41,-28,34,-33,37,-31,35,-33,37,-30,35,-32,37,-33,32,-27,30,-27,37,-26,35,-25,32,-26,34,-23,32,-20,34,-20,39,-19,32,-19,30,-10,30,-13,33,-6,28,-7,24,-9,26,-6,24,-7,20,-4,21,0,0,0,0,0,0,0,0,0,0,0,0,0,0,0,0,0,0,0,0,0,0,0,-33,-30,-33,-38,-31,-31,-37,-35,-30,-37,-30,-42,-32,-41,-31,-43,-42,-50,-32,-48,-36,-57,-33,-55,-42,-58,-34,-65,-31,-64,-28,-69,-37,-68,-28,-68,-33,-69,-24,-74,-21,-76,-25,-78,-16,-78,-21,-78,-15,-75,-17,-74,-6,-68,-10,-71,-8,-65,-6,-66,-4,-62,-1,-61,-2,-54,-6,-48,2,-50,0,-49,0,-42,1,-41,3,-38,0,-34,2,-31,-1,-29,3,-30,3,-22,3,-19,-3,-17,7,-18,10,-14,5,-9,9,-3,11,2,13,4,15,4,14,9,18,15,16,16,19,17,0,0]"
CSI_DATA,227,1a:00:00:00:00:00,-38,11,1,0,1,1,1,0,0,0,1,-96,0,11,2,3258191,0,44,0,384,0,"[0,0,0,0,0,0,0,0,0,0,0,0,3,-8,3,-8,3,-8,4,-9,4,-8,4,-8,3,-9,4,-9,4,-9,3,-8,4,-9,3,-10,4,-9,3,-10,3,-9,3,-10,3,-10,2,-9,2,-10,2,-10,3,-9,2,-10,2,-9,2,-10,2,-10,2,-10,0,0,1,-10,2,-10,1,-10,1,-10,2,-9,1,-9,1,-9,1,-9,1,-9,1,-8,2,-9,2,-8,2,-8,2,-8,2,-7,2,-8,2,-7,2,-7,2,-6,2,-6,3,-5,3,-5,3,-4,3,-4,3,-4,3,-3,0,0,0,0,0,0,0,0,0,0,0,0,0,0,-37,11,-38,9,-43,15,-37,12,-48,17,-47,8,-46,13,-40,14,-46,13,-45,10,-50,12,-50,15,-57,17,-49,14,-50,18,-53,19,-55,18,-50,17,-53,18,-52,19,-49,22,-46,13,-43,22,-47,20,-48,16,-50,17,-46,25,-49,29,-49,24,-48,27,-42,25,-49,24,-43,24,-43,25,-37,28,-37,18,-40,27,-42,24,-39,23,-40,21,-40,16,-41,20,-37,21,-37,17,-36,18,-41,16,-40,18,-31,16,-34,12,-34,10,-35,5,-30,6,-32,7,-29,1,-30,-2,-26,-1,-24,-8,0,0,0,0,0,0,0,0,0,0,0,0,0,0,0,0,0,0,0,0,0,0,23,39,18,42,19,44,23,47,21,46,18,49,17,52,13,56,17,59,15,60,14,67,16,65,25,69,15,69,9,73,8,76,14,78,4,81,0,73,-1,79,-1,80,-8,81,-6,80,1,79,-11,77,-4,78,-11,74,-11,73,-16,68,-11,68,-14,58,-12,57,-13,57,-13,47,-17,51,-15,47,-15,41,-10,43,-9,35,-6,33,-13,31,-7,27,-7,25,-4,24,-10,15,-17,13,-14,8,-10,8,-7,5,-13,5,-9,-4,-16,-6,-12,-10,-10,-12,-12,-20,-14,-22,-13,-23,0,0]"
CSI_DATA,228,1a:00:00:00:00:00,-38,11,1,0,1,1,1,0,0,0,1,-96,0,11,2,3277970,0,44,0,384,0,"[0,0,0,0,0,0,0,0,0,0,0,0,-3,-8,-4,-9,-4,-9,-4,-9,-4,-9,-3,-9,-4,-9,-4,-9,-4,-10,-4,-9,-4,-10,-5,-10,-5,-10,-5,-9,-4,-9,-5,-10,-6,-9,-6,-9,-6,-9,-6,-9,-5,-9,-6,-9,-5,-8,-6,-9,-6,-9,-6,-8,0,0,-7,-8,-6,-8,-7,-8,-7,-7,-6,-8,-6,-8,-6,-8,-6,-7,-6,-7,-6,-7,-5,-8,-5,-7,-5,-7,-5,-7,-4,-7,-4,-7,-4,-7,-3,-6,-3,-6,-3,-6,-2,-6,-2,-6,-2,-6,-1,-6,-1,-5,0,-5,0,0,0,0,0,0,0,0,0,0,0,0,0,0,-17,34,-18,37,-18,40,-16,34,-17,41,-23,39,-19,40,-18,46,-23,45,-23,43,-22,45,-18,39,-26,47,-21,52,-20,45,-18,50,-21,52,-19,49,-24,45,-20,52,-17,49,-18,46,-17,50,-18,49,-18,47,-15,52,-14,49,-10,54,-20,51,-11,51,-19,48,-19,50,-13,52,-9,51,-10,47,-10,45,-13,47,-8,47,-15,46,-13,41,-10,40,-15,39,-13,40,-14,43,-17,39,-19,36,-15,33,-17,38,-11,27,-17,29,-22,25,-23,26,-17,21,-19,20,-15,19,-18,19,-20,10,0,0,0,0,0,0,0,0,0,0,0,0,0,0,0,0,0,0,0,0,0,0,46,-4,46,-1,47,2,51,-3,52,6,55,10,57,9,53,10,60,13,65,15,59,14,65,13,72,12,74,20,66,26,71,26,73,26,69,32,68,36,69,38,66,37,72,43,64,46,66,45,65,49,65,41,57,46,51,47,54,48,54,46,43,41,45,39,38,43,35,37,37,40,31,34,25,32,25,31,25,28,23,30,17,30,18,22,9,18,12,20,9,16,5,17,5,15,-1,15,1,14,-4,7,-4,8,-12,9,-20,0,-17,2,-21,-4,-24,-2,-24,-1,0,0]"
CSI_DATA,229,1a:00:00:00:00:00,-38,11,1,0,1,1,1,0,0,0,1,-96,0,11,2,3318127,0,44,0,384,0,"[0,0,0,0,0,0,0,0,0,0,0,0,5,-7,5,-7,5,-8,6,-7,6,-7,6,-7,6,-8,5,-7,6,-8,5,-8,6,-8,6,-9,6,-8,5,-8,5,-8,6,-9,5,-9,5,-9,4,-9,4,-9,4,-9,4,-9,4,-9,4,-10,4,-10,4,-9,0,0,3,-9,4,-10,4,-9,3,-9,3,-8,3,-9,3,-9,3,-8,3,-8,3,-8,3,-8,3,-8,3,-7,3,-7,4,-7,3,-7,3,-7,3,-6,3,-6,3,-5,3,-5,3,-5,3,-4,3,-4,3,-3,3,-2,0,0,0,0,0,0,0,0,0,0,0,0,0,0,-43,3,-38,1,-47,2,-38,-5,-56,-1,-46,0,-50,-2,-50,1,-45,-1,-50,0,-52,-3,-51,-2,-55,0,-51,1,-52,1,-51,3,-59,2,-53,8,-49,2,-52,7,-55,12,-55,3,-48,10,-51,10,-51,5,-50,8,-51,9,-55,12,-50,8,-56,18,-50,9,-49,14,-47,11,-48,16,-47,15,-42,9,-41,13,-39,14,-45,6,-40,8,-42,11,-45,11,-44,9,-39,11,-39,8,-42,7,-34,-1,-38,5,-31,-3,-36,-5,-31,-1,-31,0,-27,-2,-27,0,-24,-8,-24,-7,-17,-12,0,0,0,0,0,0,0,0,0,0,0,0,0,0,0,0,0,0,0,0,0,0,15,44,10,47,14,47,10,50,8,50,6,55,8,55,8,58,12,66,5,64,6,67,8,67,14,74,2,67,-9,71,-5,78,-3,79,-11,77,-11,76,-14,81,-16,75,-21,85,-16,77,-24,78,-24,75,-19,73,-27,71,-28,65,-28,57,-24,64,-26,57,-27,51,-27,50,-24,43,-26,45,-21,41,-21,37,-19,36,-18,29,-24,33,-14,26,-14,27,-16,24,-10,18,-16,16,-7,13,-11,8,-13,12,-13,1,-9,-1,-11,-3,-11,-7,-13,-10,-7,-16,-13,-21,-9,-21,-4,-29,0,0]"
CSI_DATA,230,1a:00:00:00:00:00,-38,11,1,0,1,1,1,0,0,0,1,-96,0,11,2,3327942,0,44,0,384,0,"[0,0,0,0,0,0,0,0,0,0,0,0,8,0,9,0,9,-1,9,0,9,0,9,0,9,0,9,0,9,0,9,0,10,0,10,-1,10,0,10,-1,9,0,10,-1,10,-2,9,-1,9,-2,9,-2,9,-1,9,-2,9,-2,10,-3,9,-2,9,-2,0,0,9,-3,9,-3,9,-3,9,-3,9,-3,8,-2,8,-2,8,-2,8,-2,8,-2,8,-2,8,-2,7,-2,7,-2,7,-1,7,-1,7,-1,7,-1,6,0,6,0,6,0,5,0,5,1,5,1,4,1,3,1,0,0,0,0,0,0,0,0,0,0,0,0,0,0,-29,-22,-34,-24,-38,-28,-36,-24,-38,-29,-34,-29,-38,-29,-41,-29,-40,-26,-45,-34,-43,-27,-44,-30,-39,-31,-43,-31,-41,-37,-44,-25,-47,-31,-45,-29,-43,-30,-42,-25,-51,-32,-45,-26,-47,-26,-44,-28,-47,-28,-49,-21,-46,-20,-53,-22,-49,-26,-54,-20,-47,-19,-53,-19,-43,-24,-50,-20,-48,-11,-45,-22,-42,-21,-45,-15,-45,-19,-39,-14,-40,-15,-45,-15,-40,-17,-38,-20,-35,-19,-39,-17,-38,-15,-30,-19,-32,-19,-29,-14,-30,-21,-24,-19,-19,-14,-24,-22,-18,-22,-14,-21,-11,-17,0,0,0,0,0,0,0,0,0,0,0,0,0,0,0,0,0,0,0,0,0,0,-16,43,-20,41,-20,38,-22,52,-23,42,-30,51,-26,48,-34,47,-33,53,-34,55,-45,52,-41,58,-45,58,-47,56,-52,54,-52,57,-54,61,-56,53,-57,54,-54,51,-61,49,-67,50,-62,50,-64,45,-67,43,-63,47,-59,34,-67,35,-59,31,-58,36,-43,26,-53,23,-52,25,-45,23,-55,21,-43,14,-38,17,-38,16,-33,12,-35,17,-30,9,-29,11,-25,11,-19,9,-21,8,-21,0,-19,2,-11,0,-11,-2,-10,-7,-6,-6,-6,-11,-2,-11,7,-16,1,-19,-1,-25,-1,-25,0,0]"
CSI_DATA,231,1a:00:00:00:00:00,-38,11,1,0,1,1,1,0,0,0,1,-96,0,11,2,3340138,0,44,0,384,0,"[0,0,0,0,0,0,0,0,0,0,0,0,-6,-6,-6,-7,-6,-7,-6,-7,-6,-7,-6,-7,-6,-7,-6,-7,-7,-8,-6,-7,-7,-8,-7,-7,-7,-8,-7,-7,-7,-7,-8,-7,-8,-7,-7,-7,-7,-6,-7,-7,-7,-7,-8,-6,-7,-6,-8,-6,-8,-7,-8,-6,0,0,-8,-6,-8,-6,-8,-6,-8,-5,-7,-6,-7,-6,-7,-5,-7,-6,-7,-5,-7,-5,-7,-6,-6,-6,-6,-5,-6,-5,-5,-5,-6,-6,-5,-5,-5,-5,-4,-5,-4,-5,-3,-5,-3,-5,-3,-5,-2,-5,-2,-5,-1,-5,0,0,0,0,0,0,0,0,0,0,0,0,0,0,-2,39,-2,39,5,42,1,40,-3,46,-5,46,1,46,-2,48,-1,45,0,50,0,50,1,45,0,52,0,47,-1,51,0,45,1,60,4,54,3,51,4,48,6,57,3,50,10,48,7,52,7,52,7,54,2,46,9,52,5,50,13,45,12,46,14,48,10,47,10,49,10,43,8,50,10,44,8,46,6,43,8,42,10,37,10,39,10,42,5,43,0,39,1,37,6,35,3,37,-3,33,1,31,-2,33,-4,27,-6,28,-8,24,-7,21,-12,20,-10,18,0,0,0,0,0,0,0,0,0,0,0,0,0,0,0,0,0,0,0,0,0,0,39,-21,48,-15,42,-14,47,-17,47,-13,51,-13,51,-13,58,-12,59,-12,58,-8,62,-9,63,-14,73,-16,74,-7,76,3,68,-2,79,-6,73,1,71,4,80,12,78,12,80,16,74,14,75,13,73,21,73,12,67,23,67,20,62,20,65,22,50,15,57,21,54,21,45,21,49,18,38,20,34,19,38,15,31,19,32,16,28,15,26,12,17,9,24,13,15,10,6,7,9,9,4,10,2,14,2,11,1,9,-8,4,-12,15,-13,8,-22,16,-20,13,-21,9,0,0]"
CSI_DATA,232,1a:00:00:00:00:00,-38,11,1,0,1,1,1,0,0,0,1,-96,0,11,2,3348097,0,44,0,384,0,"[0,0,0,0,0,0,0,0,0,0,0,0,-6,5,-6,6,-6,6,-7,6,-7,6,-7,6,-7,6,-7,6,-7,7,-6,6,-7,7,-7,7,-7,7,-7,7,-7,7,-7,7,-6,8,-6,7,-6,8,-6,7,-6,7,-5,8,-6,7,-5,8,-5,8,-5,8,0,0,-5,8,-5,8,-5,8,-4,8,-5,7,-5,7,-4,7,-4,7,-4,7,-4,6,-5,7,-5,6,-5,6,-5,6,-5,6,-5,6,-5,5,-4,5,-5,4,-4,4,-5,4,-5,3,-4,2,-4,2,-5,2,-4,1,0,0,0,0,0,0,0,0,0,0,0,0,0,0,37,-6,36,-1,39,-7,39,-5,43,-10,41,-5,46,-4,47,-6,48,-3,44,-5,51,-3,50,-2,52,-5,55,-3,52,-6,52,-15,60,-7,49,-13,50,-6,52,-15,49,-20,51,-10,45,-14,47,-13,48,-9,49,-16,48,-15,46,-22,46,-10,49,-21,47,-22,44,-18,43,-17,45,-17,42,-21,41,-22,40,-20,41,-18,43,-17,44,-16,44,-18,40,-15,31,-16,37,-11,36,-11,38,-14,36,-11,36,-6,36,-9,34,-7,32,-3,31,0,27,-4,27,1,24,3,22,6,20,6,0,0,0,0,0,0,0,0,0,0,0,0,0,0,0,0,0,0,0,0,0,0,-18,-39,-12,-46,-17,-47,-17,-48,-11,-52,-9,-56,-13,-52,-7,-55,-12,-59,-5,-60,-11,-64,-12,-67,-14,-75,-8,-72,-3,-72,3,-72,-5,-82,3,-75,6,-77,11,-79,11,-77,14,-76,16,-75,16,-75,14,-77,6,-75,18,-68,16,-64,24,-63,19,-65,17,-54,21,-59,22,-56,20,-44,24,-48,17,-42,16,-44,17,-41,11,-35,17,-34,14,-24,14,-29,11,-21,6,-22,10,-16,16,-13,9,-12,8,-12,10,-5,11,-1,7,3,5,3,10,5,10,12,18,19,10,18,11,23,0,0]"
CSI_DATA,233,1a:00:00:00:00:00,-38,11,1,0,1,1,1,0,0,0,1,-96,0,11,2,3357943,0,44,0,384,0,"[0,0,0,0,0,0,0,0,0,0,0,0,-5,-7,-6,-7,-6,-7,-6,-8,-6,-8,-6,-8,-6,-8,-6,-7,-6,-8,-6,-8,-7,-8,-7,-8,-7,-8,-7,-8,-6,-8,-8,-8,-8,-7,-7,-7,-7,-7,-7,-7,-7,-7,-7,-7,-7,-7,-8,-7,-8,-7,-8,-7,0,0,-8,-6,-8,-6,-8,-6,-8,-6,-8,-6,-7,-6,-7,-6,-7,-6,-7,-5,-7,-6,-7,-6,-6,-6,-6,-6,-6,-6,-6,-6,-6,-6,-5,-6,-5,-5,-5,-5,-4,-5,-4,-5,-3,-5,-3,-5,-2,-5,-2,-5,-1,-5,0,0,0,0,0,0,0,0,0,0,0,0,0,0,-3,34,-1,37,7,39,-1,38,-1,43,-2,45,-2,46,0,47,-1,43,-2,48,3,45,-3,44,-1,53,-1,50,-3,54,-1,51,0,59,3,55,3,49,7,49,9,55,0,50,14,49,6,52,5,46,8,54,7,47,9,53,10,50,12,51,8,45,12,48,13,48,11,52,13,44,9,50,13,43,16,42,9,45,10,41,8,41,7,39,6,44,8,44,0,43,5,37,5,35,9,37,5,34,0,29,0,30,-1,27,-9,32,-6,24,-7,24,-10,18,-10,19,0,0,0,0,0,0,0,0,0,0,0,0,0,0,0,0,0,0,0,0,0,0,37,-13,45,-11,44,-10,47,-9,49,-6,50,-7,51,-9,54,-7,60,-9,65,-6,66,-2,65,-4,73,-7,74,-7,69,6,72,5,79,2,74,12,73,11,73,11,72,17,79,17,73,18,68,19,76,28,74,23,66,27,63,25,59,26,63,28,49,24,56,24,51,22,43,21,47,24,39,22,34,20,34,18,33,18,30,14,27,19,24,16,19,10,17,10,14,14,16,7,7,8,3,15,9,8,-2,5,-2,9,-8,6,-14,9,-18,5,-18,9,-23,6,-25,5,0,0]"
CSI_DATA,234,1a:00:00:00:00:00,-38,11,1,0,1,1,1,0,0,0,1,-96,0,11,2,3367957,0,44,0,384,0,"[0,0,0,0,0,0,0,0,0,0,0,0,-7,-5,-8,-5,-8,-5,-8,-6,-8,-6,-8,-6,-8,-6,-8,-6,-8,-6,-8,-6,-9,-6,-9,-5,-9,-6,-9,-5,-8,-6,-9,-5,-9,-5,-9,-5,-9,-5,-9,-5,-9,-5,-9,-5,-9,-5,-10,-4,-9,-4,-10,-4,0,0,-9,-4,-9,-4,-9,-4,-9,-4,-8,-4,-9,-4,-8,-4,-8,-3,-8,-4,-8,-4,-8,-4,-8,-4,-7,-4,-7,-4,-7,-4,-7,-4,-6,-4,-6,-4,-6,-4,-5,-4,-5,-5,-4,-4,-4,-4,-4,-4,-3,-4,-2,-4,0,0,0,0,0,0,0,0,0,0,0,0,0,0,4,36,7,36,6,40,0,41,0,46,1,49,0,45,2,48,4,47,-1,53,-1,44,-2,43,-1,54,0,49,0,44,7,50,4,58,6,56,2,49,3,50,9,60,2,49,9,52,5,54,2,51,3,51,6,47,13,53,9,52,12,51,10,51,9,51,4,44,10,52,10,47,7,51,9,43,6,46,4,45,8,41,8,39,5,40,3,41,3,40,6,42,5,38,3,35,1,38,0,32,-3,30,-9,33,-6,26,-4,24,-9,21,-12,25,-9,22,-9,21,0,0,0,0,0,0,0,0,0,0,0,0,0,0,0,0,0,0,0,0,0,0,38,-25,41,-22,43,-19,50,-22,44,-22,51,-18,47,-19,56,-18,65,-20,61,-15,64,-20,66,-19,74,-23,70,-16,80,-8,72,-7,83,-11,77,-4,75,-9,78,6,77,9,81,8,75,11,77,3,77,10,76,8,69,17,68,16,63,14,70,16,56,16,58,18,53,18,53,18,52,24,44,16,35,19,39,15,34,14,33,13,33,17,25,7,22,13,20,12,17,13,4,5,9,14,7,9,4,11,0,15,0,14,-8,9,-11,7,-14,10,-24,11,-22,5,-23,13,0,0]"
CSI_DATA,235,1a:00:00:00:00:00,-38,11,1,0,1,1,1,0,0,0,1,-96,0,11,2,3377948,0,44,0,384,0,"[0,0,0,0,0,0,0,0,0,0,0,0,-8,3,-8,3,-9,3,-9,3,-9,3,-9,3,-9,3,-9,3,-9,3,-9,4,-10,4,-10,4,-10,4,-9,4,-9,4,-10,5,-9,5,-9,5,-8,5,-9,5,-9,4,-9,5,-9,5,-8,6,-9,5,-9,5,0,0,-8,6,-8,6,-8,6,-8,6,-7,5,-8,5,-7,5,-7,5,-7,5,-7,5,-8,5,-7,4,-7,4,-7,4,-7,3,-7,3,-7,3,-6,3,-6,2,-6,2,-6,1,-6,1,-6,1,-5,0,-5,0,-5,0,0,0,0,0,0,0,0,0,0,0,0,0,0,0,36,11,35,9,41,11,38,15,44,14,45,13,45,12,47,20,45,17,44,20,46,14,43,16,48,15,47,16,50,18,49,11,53,16,49,13,46,15,52,11,59,11,51,13,49,8,45,10,48,15,48,10,49,6,52,4,50,5,49,5,48,6,51,3,44,1,53,0,48,3,47,3,45,3,44,5,42,5,44,2,43,2,43,4,39,5,39,8,37,4,40,8,38,12,37,6,27,5,33,9,31,13,30,9,27,8,21,10,20,14,21,17,17,13,0,0,0,0,0,0,0,0,0,0,0,0,0,0,0,0,0,0,0,0,0,0,2,-46,6,-45,6,-48,4,-52,10,-49,12,-51,11,-50,15,-52,16,-60,19,-60,18,-63,19,-69,20,-68,25,-68,30,-68,33,-65,31,-76,32,-68,40,-63,40,-57,45,-61,46,-68,45,-64,43,-62,48,-63,42,-65,46,-51,48,-51,44,-49,45,-51,40,-42,41,-41,41,-39,37,-34,38,-30,32,-34,31,-26,29,-34,25,-26,24,-23,26,-18,20,-22,21,-19,17,-13,15,-12,19,-3,15,-9,11,-8,14,1,8,6,10,7,9,7,7,11,3,12,-3,19,4,27,-1,28,0,0]"
CSI_DATA,236,1a:00:00:00:00:00,-38,11,1,0,1,1,1,0,0,0,1,-96,0,11,2,3398530,0,44,0,384,0,"[0,0,0,0,0,0,0,0,0,0,0,0,-8,-3,-8,-3,-9,-3,-9,-3,-9,-3,-9,-4,-10,-3,-9,-4,-9,-4,-9,-3,-10,-4,-10,-3,-10,-3,-10,-3,-9,-3,-10,-3,-10,-2,-10,-2,-10,-2,-10,-2,-9,-3,-10,-2,-10,-2,-10,-1,-10,-2,-10,-2,0,0,-10,-1,-10,-2,-10,-1,-10,-1,-9,-1,-10,-1,-9,-1,-9,-1,-9,-1,-9,-1,-9,-2,-8,-2,-8,-2,-8,-2,-7,-2,-8,-2,-8,-2,-7,-2,-6,-2,-6,-3,-6,-3,-5,-3,-5,-3,-4,-3,-4,-3,-3,-3,0,0,0,0,0,0,0,0,0,0,0,0,0,0,18,34,14,32,20,35,19,38,20,40,17,37,18,45,23,40,18,41,22,42,17,44,24,42,20,48,20,45,18,46,23,45,26,53,23,44,22,46,21,46,32,49,21,47,25,40,27,39,24,41,28,43,28,40,32,44,25,39,32,40,29,34,30,42,25,40,32,39,30,32,23,36,28,32,25,36,22,36,27,36,27,32,21,35,19,36,19,34,18,36,18,33,15,32,15,33,11,27,15,31,11,28,9,27,11,26,2,22,-3,21,-1,25,-4,21,0,0,0,0,0,0,0,0,0,0,0,0,0,0,0,0,0,0,0,0,0,0,30,-37,29,-31,32,-36,36,-37,36,-32,39,-35,39,-35,38,-37,42,-40,48,-35,53,-39,50,-39,59,-41,59,-42,68,-31,66,-33,64,-41,71,-33,65,-28,69,-31,74,-27,77,-26,72,-22,73,-18,72,-16,68,-17,71,-14,69,-15,65,-6,65,-12,54,-7,61,-6,62,-4,49,-6,52,-1,44,-6,41,-1,38,-3,33,-2,38,2,33,4,29,0,23,3,20,4,13,2,12,9,11,5,9,9,8,7,8,8,1,12,-4,10,-3,17,-8,10,-11,17,-15,18,-21,16,0,0]"
CSI_DATA,237,1a:00:00:00:00:00,-38,11,1,0,1,1,1,0,0,0,1,-96,0,11,2,3407943,0,44,0,384,0,"[0,0,0,0,0,0,0,0,0,0,0,0,6,4,6,4,7,4,7,5,7,5,6,5,7,5,7,5,7,5,7,5,8,5,8,5,7,5,8,5,7,5,9,5,8,4,8,4,8,4,8,4,8,4,8,4,8,4,9,3,8,3,8,3,0,0,8,3,8,3,8,3,8,2,8,3,8,3,8,3,7,3,8,3,7,3,8,3,7,3,6,3,6,3,6,3,6,3,6,3,5,3,5,3,4,3,4,3,3,3,3,3,3,3,2,3,1,3,0,0,0,0,0,0,0,0,0,0,0,0,0,0,-9,-39,-12,-37,-13,-41,-13,-40,-12,-49,-10,-45,-14,-45,-17,-48,-13,-45,-11,-46,-7,-51,-15,-49,-15,-54,-14,-49,-12,-49,-19,-53,-13,-56,-19,-53,-13,-59,-16,-51,-24,-56,-18,-51,-22,-50,-18,-49,-19,-46,-20,-52,-19,-49,-28,-46,-19,-49,-24,-50,-24,-43,-26,-41,-20,-44,-24,-47,-29,-38,-22,-47,-23,-40,-24,-44,-23,-43,-25,-39,-23,-43,-15,-43,-14,-40,-21,-43,-17,-39,-15,-32,-13,-37,-16,-35,-11,-30,-8,-32,-9,-34,-5,-28,-8,-28,2,-27,-3,-24,-1,-27,3,-21,0,0,0,0,0,0,0,0,0,0,0,0,0,0,0,0,0,0,0,0,0,0,-37,26,-42,22,-42,23,-47,22,-47,20,-49,19,-46,22,-51,22,-61,23,-59,20,-64,21,-64,18,-72,26,-75,16,-76,15,-71,11,-84,17,-69,8,-73,4,-79,3,-80,5,-84,1,-78,-2,-78,-3,-83,-6,-77,-4,-74,-11,-70,-12,-65,-8,-68,-8,-54,-10,-61,-9,-56,-10,-54,-11,-51,-14,-46,-8,-45,-12,-43,-8,-38,-13,-40,-8,-31,-11,-30,-8,-25,-6,-21,-7,-21,-9,-16,-3,-13,-8,-8,-10,-10,-10,-2,-13,-1,-17,2,-11,8,-12,13,-12,14,-12,14,-12,22,-13,0,0]"
CSI_DATA,238,1a:00:00:00:00:00,-38,11,1,0,1,1,1,0,0,0,1,-96,0,11,2,3427957,0,44,0,384,0,"[0,0,0,0,0,0,0,0,0,0,0,0,8,-3,8,-3,8,-3,9,-3,9,-3,8,-2,9,-3,9,-3,9,-3,9,-3,9,-3,9,-3,9,-3,9,-3,8,-3,10,-4,9,-4,9,-4,8,-4,8,-4,9,-4,8,-5,8,-4,8,-5,8,-5,8,-5,0,0,8,-5,8,-5,8,-6,8,-6,7,-5,8,-5,7,-5,7,-5,7,-5,7,-4,7,-4,7,-4,7,-4,6,-4,7,-3,7,-3,6,-3,6,-3,6,-2,5,-2,6,-1,5,-1,5,-1,5,-1,4,0,4,0,0,0,0,0,0,0,0,0,0,0,0,0,0,0,-30,-22,-28,-25,-33,-21,-32,-34,-29,-31,-36,-28,-33,-35,-35,-34,-32,-35,-36,-30,-41,-34,-36,-33,-39,-35,-41,-33,-40,-30,-38,-32,-48,-34,-42,-32,-43,-31,-45,-31,-52,-33,-41,-31,-45,-26,-41,-28,-41,-31,-42,-32,-41,-24,-46,-26,-43,-27,-50,-24,-47,-21,-49,-23,-41,-24,-46,-23,-42,-19,-41,-21,-41,-24,-42,-18,-39,-25,-43,-24,-40,-24,-36,-22,-38,-22,-38,-26,-29,-24,-32,-20,-29,-28,-29,-23,-25,-22,-27,-20,-24,-26,-18,-23,-18,-24,-16,-22,-12,-24,-15,-24,-12,-22,0,0,0,0,0,0,0,0,0,0,0,0,0,0,0,0,0,0,0,0,0,0,-13,42,-17,44,-14,41,-20,46,-28,51,-27,49,-26,45,-32,48,-31,54,-33,54,-34,56,-39,58,-39,66,-44,60,-47,55,-48,56,-49,65,-53,54,-52,51,-58,50,-62,51,-66,54,-61,48,-65,46,-66,46,-59,47,-64,39,-64,43,-60,33,-63,38,-52,28,-54,27,-52,21,-46,25,-51,19,-41,22,-41,18,-38,20,-34,11,-33,13,-30,9,-27,13,-23,7,-23,6,-18,7,-19,-4,-17,-3,-12,2,-12,-3,-4,-10,-7,-7,-6,-14,-2,-16,5,-16,1,-21,6,-22,9,-22,0,0]"
CSI_DATA,239,1a:00:00:00:00:00,-38,11,1,0,1,1,1,0,0,0,1,-96,0,11,2,3447970,0,44,0,384,0,"[0,0,0,0,0,0,0,0,0,0,0,0,3,-8,3,-8,3,-8,4,-9,3,-8,4,-9,3,-9,3,-9,4,-9,3,-9,4,-9,3,-10,4,-10,3,-10,3,-10,3,-10,3,-10,2,-9,2,-10,2,-10,2,-10,2,-10,2,-9,2,-10,2,-10,2,-10,0,0,1,-10,1,-10,1,-10,0,-9,1,-9,1,-9,1,-9,1,-9,1,-9,1,-8,1,-9,1,-8,1,-8,1,-8,2,-7,2,-8,1,-7,2,-7,2,-6,2,-6,2,-6,2,-5,2,-5,2,-4,3,-4,3,-3,0,0,0,0,0,0,0,0,0,0,0,0,0,0,-35,11,-36,15,-42,13,-38,7,-45,12,-42,8,-47,15,-49,10,-45,8,-46,6,-53,7,-47,4,-51,11,-48,10,-49,11,-51,11,-59,13,-53,14,-47,14,-48,12,-53,18,-54,13,-42,19,-52,17,-48,17,-49,17,-50,19,-49,24,-45,22,-50,21,-48,20,-50,18,-43,20,-43,21,-45,20,-39,19,-40,21,-39,22,-39,14,-40,17,-39,21,-42,18,-37,16,-37,15,-35,14,-39,11,-35,9,-37,12,-33,9,-35,5,-31,2,-28,4,-29,3,-28,4,-27,-2,-25,-2,-25,-9,0,0,0,0,0,0,0,0,0,0,0,0,0,0,0,0,0,0,0,0,0,0,23,36,21,41,18,45,20,42,21,45,19,45,21,53,22,53,23,58,19,59,20,62,23,61,27,70,19,67,12,75,13,76,16,80,2,74,9,69,4,75,1,75,4,80,-5,75,-1,77,-3,77,-2,76,-9,70,-12,68,-12,64,-8,65,-9,58,-10,54,-9,54,-8,46,-14,49,-13,48,-11,41,-11,43,-11,33,-7,31,-10,28,-10,27,-9,27,-11,18,-7,15,-8,23,-11,11,-10,10,-5,7,-10,0,-8,-4,-13,-2,-10,-14,-9,-11,-14,-15,-14,-20,-16,-26,0,0]"
CSI_DATA,240,1a:00:00:00:00:00,-38,11,1,0,1,1,1,0,0,0,1,-96,0,11,2,3457944,0,44,0,384,0,"[0,0,0,0,0,0,0,0,0,0,0,0,-7,-6,-7,-6,-8,-6,-7,-7,-8,-7,-7,-7,-8,-7,-7,-7,-8,-7,-7,-7,-8,-7,-8,-7,-8,-7,-8,-6,-8,-7,-9,-7,-9,-6,-9,-6,-9,-5,-9,-6,-8,-6,-9,-6,-8,-6,-9,-5,-9,-6,-9,-5,0,0,-9,-5,-9,-5,-9,-5,-9,-4,-8,-5,-8,-5,-8,-5,-8,-5,-8,-4,-8,-4,-8,-5,-7,-5,-7,-5,-7,-5,-7,-5,-7,-5,-6,-5,-6,-5,-6,-5,-5,-5,-5,-5,-4,-5,-4,-5,-3,-5,-3,-5,-2,-4,0,0,0,0,0,0,0,0,0,0,0,0,0,0,-4,37,-1,38,5,41,0,45,1,44,2,49,0,50,-1,46,-3,51,-4,47,-2,47,-5,48,1,52,-4,52,-1,51,2,54,-1,57,4,55,1,50,4,51,8,52,4,51,9,51,12,53,8,51,9,51,10,50,14,54,14,48,8,47,20,51,19,46,15,48,12,48,19,48,9,48,11,45,17,45,13,46,14,37,15,38,12,44,10,43,12,43,6,44,12,42,8,41,7,37,3,32,2,34,1,33,0,29,-1,28,-3,29,-8,25,-5,26,-6,22,0,0,0,0,0,0,0,0,0,0,0,0,0,0,0,0,0,0,0,0,0,0,41,-8,47,-2,49,-5,49,-9,53,-1,54,5,55,3,52,8,64,6,64,6,63,4,67,5,76,4,72,6,75,15,73,14,80,15,76,18,70,21,77,27,77,31,76,33,74,29,74,32,69,33,74,29,63,33,62,35,59,32,62,34,50,29,51,33,52,32,45,32,45,34,39,24,34,22,38,22,33,20,30,14,27,19,25,16,18,16,14,13,8,12,15,4,7,8,2,11,3,14,5,9,-1,9,-7,6,-11,7,-13,6,-17,9,-22,6,-21,6,0,0]"
CSI_DATA,241,1a:00:00:00:00:00,-38,11,1,0,1,1,1,0,0,0,1,-96,0,11,2,3469286,0,44,0,384,0,"[0,0,0,0,0,0,0,0,0,0,0,0,6,-6,6,-6,6,-7,7,-7,7,-6,7,-6,7,-7,7,-7,7,-7,7,-7,8,-7,7,-8,7,-7,7,-8,7,-7,7,-8,6,-8,6,-8,6,-8,6,-8,6,-8,6,-9,6,-8,6,-9,6,-9,6,-8,0,0,5,-9,6,-9,5,-9,5,-9,5,-8,5,-8,5,-8,5,-8,4,-8,5,-7,5,-7,5,-7,5,-7,4,-7,5,-6,5,-6,4,-6,5,-5,5,-5,4,-5,5,-4,4,-4,4,-3,4,-3,4,-2,4,-2,0,0,0,0,0,0,0,0,0,0,0,0,0,0,-36,-5,-38,3,-46,1,-40,-2,-39,1,-43,-1,-41,-2,-51,-7,-46,-1,-50,-7,-49,-3,-48,-4,-53,-3,-51,-2,-50,-5,-47,-4,-56,-2,-50,0,-52,-6,-55,-1,-57,2,-51,0,-49,5,-53,3,-48,-1,-51,4,-49,3,-53,11,-49,6,-56,8,-46,8,-51,9,-52,4,-49,5,-47,10,-47,7,-44,11,-43,10,-40,6,-44,5,-44,10,-43,2,-40,4,-42,2,-38,5,-38,6,-40,-1,-38,5,-34,-4,-36,-2,-31,-7,-31,-4,-29,-5,-26,-5,-26,-6,-23,-10,-16,-12,0,0,0,0,0,0,0,0,0,0,0,0,0,0,0,0,0,0,0,0,0,0,9,45,9,44,10,42,3,47,6,48,4,50,1,55,1,53,3,61,-5,56,-1,65,-1,67,2,71,-7,65,-17,71,-14,71,-9,77,-12,75,-13,71,-24,71,-23,74,-25,77,-25,72,-27,77,-33,73,-24,70,-31,62,-32,62,-29,58,-29,60,-25,52,-29,51,-28,49,-28,40,-27,41,-25,42,-24,35,-24,36,-21,27,-21,31,-21,23,-17,28,-17,18,-13,17,-17,14,-12,18,-12,7,-9,5,-7,1,-12,-3,-7,-1,-9,-5,-9,-8,-7,-15,-9,-20,-13,-22,-4,-29,0,0]"
CSI_DATA,242,1a:00:00:00:00:00,-38,11,1,0,1,1,1,0,0,0,1,-96,0,11,2,3477965,0,44,0,384,0,"[0,0,0,0,0,0,0,0,0,0,0,0,-9,-2,-9,-2,-9,-1,-10,-2,-10,-2,-10,-3,-10,-2,-10,-2,-10,-2,-10,-2,-11,-2,-11,-2,-11,-2,-10,-2,-10,-2,-11,-1,-11,-1,-10,-1,-10,-1,-10,-1,-10,-1,-10,-1,-10,-1,-11,0,-10,0,-10,0,0,0,-10,0,-10,0,-10,0,-10,1,-9,0,-10,0,-9,0,-9,0,-9,0,-9,0,-9,0,-8,0,-8,0,-8,-1,-8,-1,-8,-1,-8,-1,-7,-1,-7,-2,-6,-2,-6,-2,-6,-2,-5,-2,-5,-3,-5,-3,-4,-3,0,0,0,0,0,0,0,0,0,0,0,0,0,0,26,25,24,25,31,30,26,33,27,36,26,35,31,36,27,36,26,38,28,35,31,36,30,37,34,41,28,43,32,39,35,38,35,48,36,40,31,39,38,38,42,35,36,36,34,29,36,41,33,31,36,40,36,30,42,32,38,38,41,30,38,30,36,29,34,33,38,27,42,26,34,28,33,29,35,28,30,31,35,26,31,23,34,28,23,27,31,26,26,30,27,31,25,26,24,26,16,29,20,21,17,23,16,23,12,23,10,25,10,20,5,22,0,22,0,0,0,0,0,0,0,0,0,0,0,0,0,0,0,0,0,0,0,0,0,0,20,-39,25,-40,27,-40,22,-40,28,-44,33,-40,33,-42,35,-43,36,-47,44,-42,45,-45,46,-52,47,-52,55,-50,58,-42,58,-51,57,-54,59,-45,60,-41,66,-43,70,-39,75,-39,68,-38,68,-34,71,-34,67,-36,61,-25,64,-27,63,-26,63,-25,49,-19,55,-20,55,-16,52,-9,43,-10,44,-13,39,-9,39,-14,31,-10,35,-7,34,-5,27,-6,22,-4,26,-1,18,-7,13,7,13,0,11,3,11,7,7,10,1,7,0,7,0,17,-2,17,-7,21,-13,16,-15,21,0,0]"
CSI_DATA,243,1a:00:00:00:00:00,-38,11,1,0,1,1,1,0,0,0,1,-96,0,11,2,3490374,0,44,0,384,0,"[0,0,0,0,0,0,0,0,0,0,0,0,8,1,8,1,9,1,9,1,9,1,9,2,9,1,9,1,9,1,9,1,10,1,10,1,10,1,10,1,9,1,11,0,10,0,10,0,9,0,9,0,9,0,9,0,9,0,10,-1,10,-1,10,-1,0,0,9,-2,10,-1,10,-1,9,-2,8,-1,9,-1,9,-1,8,-1,8,-1,8,-1,9,-1,8,-1,8,-1,7,-1,7,0,7,0,7,0,6,0,6,1,6,1,6,1,5,1,5,1,4,2,4,2,3,2,0,0,0,0,0,0,0,0,0,0,0,0,0,0,-24,-29,-18,-28,-20,-40,-21,-41,-24,-37,-21,-40,-21,-42,-23,-46,-22,-41,-22,-44,-23,-42,-26,-43,-23,-43,-24,-49,-23,-45,-25,-42,-27,-48,-28,-45,-22,-41,-29,-43,-37,-48,-32,-43,-35,-41,-32,-44,-30,-42,-31,-45,-32,-39,-38,-39,-34,-39,-40,-38,-34,-36,-41,-35,-33,-36,-33,-38,-37,-29,-32,-37,-28,-35,-29,-34,-29,-34,-31,-32,-34,-30,-29,-33,-30,-31,-27,-30,-26,-31,-23,-28,-25,-30,-24,-30,-19,-29,-18,-30,-15,-26,-9,-25,-9,-27,-8,-29,-11,-23,-5,-24,-3,-21,0,0,0,0,0,0,0,0,0,0,0,0,0,0,0,0,0,0,0,0,0,0,-36,31,-38,27,-42,25,-43,25,-42,25,-49,26,-48,26,-48,27,-54,30,-54,22,-58,29,-59,29,-65,31,-65,27,-71,23,-67,22,-75,27,-73,21,-73,21,-76,13,-75,13,-80,12,-75,10,-77,6,-78,5,-75,13,-70,2,-69,2,-67,-4,-68,2,-58,1,-59,-2,-55,-7,-45,-4,-54,-8,-42,-1,-38,-9,-40,-1,-37,-6,-35,-3,-33,-4,-26,-6,-28,-4,-25,-3,-17,-7,-16,3,-16,-6,-15,-7,-6,-7,-4,-12,-2,-10,-2,-15,5,-15,8,-12,11,-15,20,-18,9,-13,0,0]"
CSI_DATA,244,1a:00:00:00:00:00,-38,11,1,0,1,1,1,0,0,0,1,-96,0,11,2,3499743,0,44,0,384,0,"[0,0,0,0,0,0,0,0,0,0,0,0,-7,3,-7,4,-8,4,-8,4,-8,4,-8,3,-8,4,-8,4,-8,4,-8,4,-9,4,-8,5,-9,4,-8,5,-8,4,-8,6,-8,5,-8,5,-7,5,-8,5,-8,5,-7,6,-7,5,-7,6,-8,6,-7,6,0,0,-7,6,-7,6,-7,6,-6,6,-6,5,-6,6,-6,6,-6,5,-6,5,-6,5,-6,5,-6,5,-6,5,-6,4,-6,4,-6,4,-6,4,-6,3,-6,3,-5,3,-5,2,-5,2,-5,1,-5,1,-5,0,-4,0,0,0,0,0,0,0,0,0,0,0,0,0,0,0,33,2,35,3,43,7,38,7,41,5,38,4,42,4,50,9,43,4,47,12,47,13,44,7,51,2,49,8,51,9,51,5,54,7,51,6,47,7,52,4,56,-3,52,0,49,-2,47,-3,45,1,50,0,49,0,47,-8,53,0,54,-5,45,-10,51,-6,48,-3,49,-8,45,-9,44,-3,39,-5,42,-10,44,-7,43,-6,45,-6,42,-3,38,1,38,-4,42,-5,39,2,39,-3,37,5,33,4,31,1,34,4,30,5,25,7,21,4,21,10,24,14,15,12,0,0,0,0,0,0,0,0,0,0,0,0,0,0,0,0,0,0,0,0,0,0,-1,-49,-5,-46,-2,-47,-4,-50,7,-50,2,-53,2,-47,7,-57,4,-62,7,-61,9,-64,5,-66,5,-70,16,-69,21,-71,17,-74,16,-83,18,-71,23,-70,30,-73,31,-70,29,-70,29,-62,37,-63,40,-67,33,-68,39,-61,42,-57,38,-52,40,-54,30,-45,32,-46,32,-46,32,-39,26,-40,28,-41,32,-33,28,-35,23,-28,22,-25,25,-24,18,-25,18,-20,15,-18,17,-14,16,-10,13,-9,13,-3,15,0,11,-4,9,7,7,9,4,11,6,13,7,18,6,18,-3,22,0,0]"
CSI_DATA,245,1a:00:00:00:00:00,-38,11,1,0,1,1,1,0,0,0,1,-96,0,11,2,3509154,0,44,0,384,0,"[0,0,0,0,0,0,0,0,0,0,0,0,8,-2,8,-2,8,-3,9,-2,8,-2,8,-2,9,-3,8,-2,9,-2,9,-3,9,-2,10,-3,9,-3,9,-3,9,-3,9,-4,9,-4,8,-3,9,-4,9,-4,9,-4,9,-4,8,-3,9,-5,9,-4,9,-4,0,0,8,-5,9,-4,8,-5,8,-5,8,-4,8,-4,7,-4,7,-4,7,-4,7,-4,8,-3,7,-3,7,-3,7,-3,6,-2,7,-3,6,-2,6,-2,6,-1,5,-1,5,-1,5,-1,5,0,4,0,4,0,4,1,0,0,0,0,0,0,0,0,0,0,0,0,0,0,-31,-22,-32,-22,-33,-19,-31,-24,-35,-28,-40,-26,-35,-25,-42,-31,-38,-28,-39,-34,-47,-25,-43,-32,-45,-32,-38,-30,-43,-30,-45,-27,-49,-31,-43,-26,-41,-27,-48,-26,-52,-29,-41,-28,-50,-23,-44,-22,-47,-22,-49,-25,-44,-21,-49,-22,-45,-23,-48,-26,-46,-19,-48,-20,-43,-18,-47,-19,-44,-15,-41,-18,-41,-16,-38,-12,-36,-21,-41,-16,-38,-17,-46,-20,-37,-22,-37,-17,-34,-22,-32,-19,-36,-22,-28,-18,-30,-21,-32,-18,-24,-20,-19,-18,-21,-19,-15,-21,-16,-19,-12,-19,-9,-18,0,0,0,0,0,0,0,0,0,0,0,0,0,0,0,0,0,0,0,0,0,0,-8,42,-10,41,-12,46,-11,50,-20,46,-20,48,-14,52,-17,49,-22,57,-24,55,-29,61,-30,60,-28,67,-34,60,-45,62,-43,62,-41,70,-48,57,-46,60,-48,55,-55,54,-56,62,-56,56,-59,51,-58,47,-56,52,-58,42,-56,44,-54,38,-53,44,-44,37,-54,35,-50,33,-37,29,-47,26,-36,26,-39,25,-36,25,-32,16,-32,16,-28,12,-23,13,-24,12,-20,7,-19,4,-10,1,-18,3,-15,0,-10,-6,-9,-5,-9,-9,-5,-13,-3,-13,-1,-14,-3,-21,3,-24,8,-27,0,0]"
CSI_DATA,246,1a:00:00:00:00:00,-38,11,1,0,1,1,1,0,0,0,1,-96,0,11,2,3518897,0,44,0,384,0,"[0,0,0,0,0,0,0,0,0,0,0,0,4,-7,4,-7,5,-7,5,-7,5,-7,5,-7,5,-8,5,-7,5,-8,5,-8,6,-8,5,-8,5,-8,5,-8,5,-8,5,-9,4,-8,4,-8,4,-8,4,-9,4,-8,4,-9,4,-8,4,-9,3,-9,4,-9,0,0,3,-9,3,-9,3,-9,3,-9,3,-8,3,-8,3,-8,3,-8,2,-8,3,-8,3,-8,3,-7,3,-7,3,-7,3,-7,3,-6,3,-7,3,-6,3,-6,3,-5,3,-5,3,-4,3,-4,3,-3,3,-3,3,-2,0,0,0,0,0,0,0,0,0,0,0,0,0,0,-38,9,-38,7,-43,10,-41,14,-47,9,-42,4,-47,6,-47,12,-44,3,-47,7,-49,12,-48,5,-52,13,-49,8,-51,5,-51,17,-55,14,-50,15,-50,12,-49,11,-54,18,-50,11,-49,21,-47,14,-47,13,-54,15,-47,16,-48,22,-47,18,-47,24,-46,22,-48,21,-44,17,-42,21,-44,23,-41,16,-38,16,-40,19,-41,13,-39,20,-40,21,-39,15,-37,14,-43,18,-37,11,-41,8,-40,10,-36,12,-39,6,-29,5,-32,4,-32,4,-26,2,-23,-3,-25,-1,-24,-1,-23,-8,0,0,0,0,0,0,0,0,0,0,0,0,0,0,0,0,0,0,0,0,0,0,23,31,21,43,19,42,21,42,16,42,17,50,19,50,14,52,19,58,16,55,17,59,16,61,26,63,18,68,9,69,13,73,11,77,6,78,5,73,-4,77,-5,70,-3,84,-4,72,-1,77,-5,78,-1,76,-14,73,-12,71,-11,64,-8,67,-15,56,-16,58,-12,55,-13,49,-17,51,-11,46,-13,37,-8,38,-8,31,-11,37,-11,28,-5,27,-8,23,-9,18,-8,20,-8,10,-12,8,-11,7,-12,2,-9,1,-10,-2,-13,-3,-13,-14,-13,-12,-11,-14,-13,-22,-14,-21,0,0]"
CSI_DATA,247,1a:00:00:00:00:00,-38,11,1,0,1,1,1,0,0,0,1,-96,0,11,2,3527905,0,44,0,384,0,"[0,0,0,0,0,0,0,0,0,0,0,0,2,-8,2,-9,2,-9,2,-9,2,-9,3,-9,2,-9,2,-9,3,-10,2,-9,3,-10,2,-10,2,-10,2,-10,2,-9,1,-11,1,-10,1,-10,1,-10,1,-10,1,-10,1,-10,1,-9,1,-10,1,-10,1,-10,0,0,0,-10,1,-11,0,-10,0,-10,0,-9,0,-9,0,-10,0,-9,0,-9,0,-9,0,-9,1,-8,1,-8,1,-8,1,-8,1,-7,1,-8,1,-7,1,-7,1,-6,2,-6,2,-5,2,-5,2,-5,2,-4,2,-3,0,0,0,0,0,0,0,0,0,0,0,0,0,0,-34,19,-40,16,-40,19,-38,19,-44,24,-39,20,-46,24,-46,19,-43,21,-43,23,-47,29,-42,24,-47,27,-50,22,-46,24,-41,32,-51,27,-47,33,-42,27,-49,23,-49,27,-45,25,-39,32,-46,28,-41,28,-39,34,-42,31,-41,33,-39,38,-46,41,-38,30,-37,32,-37,33,-35,35,-32,31,-33,34,-34,31,-33,32,-37,30,-35,28,-32,30,-36,24,-29,30,-33,26,-33,22,-32,24,-32,22,-34,18,-32,16,-26,11,-32,13,-34,8,-28,14,-29,4,-25,6,-25,6,-20,-3,0,0,0,0,0,0,0,0,0,0,0,0,0,0,0,0,0,0,0,0,0,0,31,30,30,31,32,37,35,36,32,36,31,44,31,43,29,44,37,50,34,52,38,54,34,56,42,60,40,61,29,68,30,69,34,69,29,75,24,70,25,72,24,73,23,81,19,77,19,74,18,77,19,68,10,70,6,69,11,67,11,69,3,60,6,58,-2,57,-2,55,1,51,2,48,-2,43,4,43,-2,35,1,33,-3,32,3,25,0,28,-2,23,-3,18,-1,11,-8,12,-6,12,-6,4,-5,3,-9,-2,-11,5,-16,-6,-16,-12,-17,-15,-21,-21,-22,-21,0,0]"
CSI_DATA,248,1a:00:00:00:00:00,-38,11,1,0,1,1,1,0,0,0,1,-96,0,11,2,3537951,0,44,0,384,0,"[0,0,0,0,0,0,0,0,0,0,0,0,5,-6,5,-7,5,-7,6,-7,6,-7,6,-7,6,-7,6,-7,6,-7,6,-7,6,-8,6,-8,6,-8,6,-8,6,-8,6,-9,5,-8,5,-8,5,-8,5,-8,5,-8,4,-8,4,-8,4,-9,4,-9,5,-9,0,0,4,-9,4,-9,4,-9,4,-9,4,-8,4,-9,3,-8,3,-8,3,-8,3,-8,4,-8,4,-7,3,-7,3,-7,4,-6,4,-7,3,-6,3,-6,3,-5,3,-5,4,-5,3,-4,3,-4,3,-3,4,-3,3,-2,0,0,0,0,0,0,0,0,0,0,0,0,0,0,-37,-2,-38,-5,-46,-4,-44,-4,-48,-2,-43,-5,-49,-8,-49,-2,-50,-2,-50,-5,-53,-1,-55,-3,-57,-4,-55,-2,-52,-2,-50,6,-57,-2,-54,6,-53,-3,-53,-1,-57,3,-54,7,-52,3,-53,3,-50,1,-52,4,-53,5,-54,8,-50,7,-54,14,-50,9,-49,7,-48,7,-45,4,-49,11,-42,9,-46,11,-42,11,-45,6,-44,7,-45,3,-45,7,-43,4,-44,5,-40,0,-37,2,-40,0,-39,2,-36,-3,-31,-6,-34,-5,-29,-6,-29,-4,-29,-8,-26,-7,-20,-10,-20,-12,0,0,0,0,0,0,0,0,0,0,0,0,0,0,0,0,0,0,0,0,0,0,11,41,13,44,11,48,9,48,7,53,1,53,1,52,2,55,8,63,1,63,0,68,-1,66,5,71,0,72,-10,73,-9,73,-13,79,-13,78,-11,76,-23,71,-24,73,-23,81,-29,69,-26,73,-30,77,-28,75,-33,68,-30,64,-31,59,-30,60,-27,50,-28,50,-27,48,-32,44,-29,45,-24,44,-24,37,-26,37,-19,29,-23,29,-20,25,-16,24,-18,20,-12,19,-14,15,-17,8,-10,10,-14,7,-12,1,-9,-1,-10,1,-8,-9,-12,-14,-3,-13,-10,-21,-7,-16,-3,-24,0,0]"
CSI_DATA,249,1a:00:00:00:00:00,-38,11,1,0,1,1,1,0,0,0,1,-96,0,11,2,3547969,0,44,0,384,0,"[0,0,0,0,0,0,0,0,0,0,0,0,5,-7,5,-7,5,-7,6,-7,6,-7,6,-7,6,-8,5,-7,5,-8,5,-8,6,-8,6,-8,6,-8,5,-8,5,-8,5,-9,5,-9,5,-8,4,-8,5,-9,5,-8,4,-9,4,-8,4,-9,4,-9,4,-9,0,0,4,-9,4,-9,4,-9,3,-9,4,-8,3,-9,3,-8,3,-8,3,-8,3,-8,4,-8,4,-7,3,-7,3,-7,4,-7,3,-6,4,-6,3,-6,3,-5,3,-5,3,-5,4,-4,4,-4,4,-3,4,-3,3,-2,0,0,0,0,0,0,0,0,0,0,0,0,0,0,-38,9,-36,13,-39,15,-36,10,-45,16,-45,13,-50,15,-47,14,-45,16,-49,10,-48,20,-50,16,-48,18,-51,14,-51,15,-47,21,-51,20,-50,18,-46,18,-46,21,-52,30,-53,18,-49,27,-47,26,-47,19,-44,25,-47,26,-44,31,-43,22,-46,31,-46,28,-41,27,-40,25,-45,31,-38,25,-39,29,-39,25,-34,25,-42,24,-39,23,-37,23,-41,21,-35,21,-37,21,-33,21,-36,18,-36,16,-38,20,-35,11,-30,9,-33,8,-32,6,-29,6,-26,2,-28,2,-22,-1,-23,-4,0,0,0,0,0,0,0,0,0,0,0,0,0,0,0,0,0,0,0,0,0,0,22,35,25,41,25,36,26,45,26,44,22,53,22,51,23,52,20,57,23,57,24,64,28,60,27,68,22,69,16,70,21,70,23,84,10,73,9,77,8,76,3,82,4,83,0,82,4,77,0,80,2,79,-1,69,-5,71,-8,66,-7,68,-10,56,-10,62,-11,58,-10,49,-12,51,-9,46,-11,42,-9,40,-3,34,-6,34,-6,31,-9,29,-3,24,-10,18,-7,21,-8,24,-8,10,-9,8,-10,5,-8,3,-18,0,-11,-5,-9,-4,-14,-12,-17,-17,-16,-17,-18,-25,0,0]"
CSI_DATA,250,1a:00:00:00:00:00,-38,11,1,0,1,1,1,0,0,0,1,-96,0,11,2,3558082,0,44,0,384,0,"[0,0,0,0,0,0,0,0,0,0,0,0,0,8,0,8,0,8,0,9,-1,9,-1,9,0,9,0,9,0,9,0,9,0,10,0,9,0,10,0,9,0,9,1,10,1,10,1,9,1,9,1,9,1,9,1,9,1,9,2,9,2,9,2,9,0,0,2,9,2,9,2,9,2,8,1,9,1,9,2,8,1,8,2,8,1,8,1,8,1,7,1,7,1,7,0,7,0,7,0,7,0,6,0,6,-1,6,-1,5,-2,5,-2,5,-2,4,-2,4,-2,3,0,0,0,0,0,0,0,0,0,0,0,0,0,0,26,-26,31,-29,35,-34,33,-26,35,-37,35,-29,40,-27,36,-31,41,-28,44,-30,38,-33,38,-29,42,-30,36,-34,42,-33,39,-30,42,-41,39,-37,40,-37,38,-36,37,-42,36,-38,34,-43,38,-38,33,-38,34,-42,37,-37,35,-43,34,-40,31,-41,30,-38,29,-39,32,-40,31,-41,20,-37,29,-42,27,-41,25,-42,31,-41,26,-34,25,-36,31,-36,29,-29,28,-33,27,-29,28,-26,25,-27,25,-27,25,-22,25,-23,20,-20,22,-17,25,-19,24,-9,26,-14,20,-11,23,-6,0,0,0,0,0,0,0,0,0,0,0,0,0,0,0,0,0,0,0,0,0,0,-35,-23,-39,-25,-33,-28,-40,-37,-36,-34,-39,-41,-41,-36,-41,-39,-49,-44,-41,-47,-44,-50,-41,-54,-54,-56,-44,-61,-45,-63,-40,-66,-50,-69,-41,-67,-40,-69,-42,-70,-33,-72,-36,-74,-27,-75,-32,-73,-29,-77,-27,-75,-15,-71,-16,-73,-19,-65,-24,-65,-12,-52,-12,-64,-13,-58,-13,-53,-5,-50,-9,-46,-8,-44,-6,-44,-7,-37,-5,-35,0,-34,-1,-30,-3,-28,0,-26,-1,-19,6,-18,2,-15,0,-11,7,-8,9,-4,6,-1,11,-3,12,1,12,2,20,6,16,10,25,12,0,0]"
CSI_DATA,251,1a:00:00:00:00:00,-38,11,1,0,1,1,1,0,0,0,1,-96,0,11,2,3568009,0,44,0,384,0,"[0,0,0,0,0,0,0,0,0,0,0,0,4,-8,4,-8,4,-8,5,-8,4,-8,5,-8,5,-8,5,-8,5,-8,4,-8,5,-9,5,-9,5,-9,4,-9,5,-9,4,-10,4,-9,4,-9,3,-9,3,-9,4,-9,3,-10,4,-9,3,-10,3,-10,3,-10,0,0,2,-10,3,-10,3,-10,2,-10,2,-9,3,-9,2,-9,2,-9,2,-9,2,-8,3,-9,3,-8,2,-8,3,-7,3,-7,3,-7,3,-7,3,-6,3,-6,3,-6,3,-5,3,-5,3,-4,3,-4,3,-3,3,-3,0,0,0,0,0,0,0,0,0,0,0,0,0,0,-36,11,-36,9,-44,21,-42,12,-41,15,-40,13,-46,11,-49,12,-49,14,-48,10,-50,16,-52,14,-51,15,-51,13,-45,17,-48,16,-58,17,-52,17,-48,17,-48,19,-53,24,-50,19,-47,22,-50,20,-48,22,-46,20,-47,21,-46,25,-41,21,-49,30,-41,28,-49,27,-39,21,-37,28,-40,29,-41,25,-41,22,-42,27,-39,19,-40,17,-38,21,-39,15,-38,16,-39,19,-38,14,-35,15,-37,12,-34,11,-36,13,-31,8,-33,10,-27,5,-28,5,-23,2,-27,4,-25,-3,-21,-1,0,0,0,0,0,0,0,0,0,0,0,0,0,0,0,0,0,0,0,0,0,0,28,34,30,38,24,36,25,42,24,42,26,46,27,46,24,52,27,60,25,57,29,58,30,58,37,66,29,67,20,71,18,74,27,82,20,75,14,75,12,79,14,77,5,83,5,76,8,79,5,80,6,76,-7,70,2,76,-8,64,-1,67,-1,57,-4,60,-8,58,-4,50,-7,50,-9,48,-2,40,-6,40,-2,37,-8,32,-8,35,-5,26,-5,26,-11,19,-9,19,-11,9,-8,14,-12,8,-8,11,-13,1,-7,2,-10,0,-14,-6,-11,-13,-17,-14,-20,-22,-13,-27,0,0]"
CSI_DATA,252,1a:00:00:00:00:00,-38,11,1,0,1,1,1,0,0,0,1,-96,0,11,2,3598092,0,44,0,384,0,"[0,0,0,0,0,0,0,0,0,0,0,0,6,-6,6,-6,6,-6,7,-6,7,-6,7,-6,7,-6,7,-6,7,-7,7,-7,8,-7,7,-7,7,-7,7,-7,7,-6,7,-8,6,-8,6,-7,6,-8,6,-8,6,-8,6,-8,6,-7,6,-8,6,-8,6,-8,0,0,5,-8,6,-9,5,-8,5,-8,5,-7,5,-8,5,-8,5,-7,5,-7,5,-7,5,-7,5,-6,5,-6,5,-6,5,-6,5,-6,5,-6,4,-5,4,-4,4,-4,4,-4,4,-4,4,-3,4,-3,4,-2,4,-2,0,0,0,0,0,0,0,0,0,0,0,0,0,0,-35,-2,-37,1,-39,4,-39,3,-48,0,-40,-5,-46,4,-48,-2,-44,-2,-45,-6,-46,-3,-45,-2,-52,-1,-52,-4,-51,-7,-55,2,-54,-2,-47,3,-47,-2,-54,-1,-58,2,-52,4,-48,6,-47,1,-49,-2,-48,4,-50,0,-52,8,-48,9,-52,11,-56,9,-47,6,-46,5,-48,10,-44,9,-46,11,-43,7,-42,8,-44,-1,-44,6,-43,4,-44,1,-43,2,-38,3,-39,5,-39,-1,-37,-1,-35,0,-33,-5,-35,-2,-29,-9,-27,-5,-28,-6,-28,-6,-22,-10,-21,-12,-17,-13,0,0,0,0,0,0,0,0,0,0,0,0,0,0,0,0,0,0,0,0,0,0,18,40,14,43,14,46,14,50,11,49,16,50,9,52,10,55,15,62,7,61,9,63,10,62,9,71,3,69,-2,68,-3,73,5,78,-4,73,-8,71,-15,68,-16,72,-12,81,-16,72,-17,74,-21,72,-19,72,-25,66,-24,66,-30,59,-26,58,-23,57,-25,55,-27,47,-21,43,-26,42,-20,42,-19,38,-20,37,-17,30,-13,33,-15,26,-14,27,-10,21,-13,15,-10,20,-15,9,-14,9,-10,10,-9,5,-9,-2,-7,0,-15,-8,-10,-9,-9,-16,-11,-22,-4,-25,-8,-27,0,0]"
CSI_DATA,253,1a:00:00:00:00:00,-38,11,1,0,1,1,1,0,0,0,1,-96,0,11,2,3607952,0,44,0,384,0,"[0,0,0,0,0,0,0,0,0,0,0,0,1,8,1,8,1,8,1,9,1,9,0,9,1,9,1,9,1,9,1,9,1,10,2,10,1,10,2,9,1,9,2,10,3,9,2,9,3,9,3,9,2,9,3,9,2,9,4,9,3,9,3,9,0,0,4,9,4,9,4,9,4,8,4,8,3,8,3,8,3,8,4,7,3,7,3,8,2,7,3,7,2,7,2,7,2,7,2,7,2,6,1,6,1,6,0,6,0,5,0,5,-1,5,-1,4,-1,4,0,0,0,0,0,0,0,0,0,0,0,0,0,0,20,-31,15,-31,20,-37,21,-36,24,-40,20,-39,22,-39,24,-43,24,-38,29,-43,20,-37,25,-43,29,-44,22,-47,24,-45,23,-50,28,-49,24,-46,25,-48,22,-46,21,-49,20,-44,17,-48,21,-45,19,-45,20,-49,21,-48,17,-50,15,-45,17,-48,19,-46,18,-46,16,-47,17,-45,12,-43,13,-46,13,-47,13,-44,15,-42,10,-42,21,-39,17,-39,16,-40,18,-42,16,-36,16,-37,21,-34,17,-34,18,-30,16,-29,16,-28,18,-24,16,-23,18,-21,17,-18,11,-15,19,-13,0,0,0,0,0,0,0,0,0,0,0,0,0,0,0,0,0,0,0,0,0,0,-39,-10,-48,-14,-44,-10,-48,-13,-48,-14,-51,-19,-47,-20,-52,-21,-58,-19,-57,-24,-57,-29,-63,-30,-67,-31,-61,-32,-65,-40,-60,-42,-72,-38,-59,-47,-63,-45,-64,-46,-63,-52,-59,-48,-56,-51,-56,-59,-54,-55,-55,-50,-42,-54,-47,-56,-44,-53,-45,-54,-30,-45,-39,-47,-35,-43,-32,-39,-28,-41,-27,-42,-20,-43,-19,-36,-20,-31,-18,-28,-14,-29,-16,-26,-6,-23,-9,-22,-12,-18,-12,-16,-8,-12,0,-16,-3,-8,3,-13,7,-6,6,-7,17,-5,12,-4,19,-1,25,5,21,5,0,0]"
CSI_DATA,254,1a:00:00:00:00:00,-38,11,1,0,1,1,1,0,0,0,1,-96,0,11,2,3618329,0,44,0,384,0,"[0,0,0,0,0,0,0,0,0,0,0,0,-5,-7,-6,-7,-6,-7,-6,-8,-6,-7,-6,-8,-6,-8,-6,-7,-6,-8,-6,-7,-7,-8,-7,-8,-7,-8,-7,-7,-7,-8,-8,-7,-8,-7,-7,-7,-8,-7,-8,-7,-7,-7,-8,-7,-7,-6,-8,-6,-8,-7,-8,-6,0,0,-8,-6,-8,-6,-8,-6,-8,-5,-7,-6,-8,-6,-7,-6,-7,-6,-7,-5,-7,-5,-7,-6,-6,-6,-6,-5,-6,-5,-6,-5,-6,-6,-5,-5,-5,-5,-5,-5,-4,-5,-4,-5,-3,-5,-3,-5,-3,-5,-2,-5,-1,-5,0,0,0,0,0,0,0,0,0,0,0,0,0,0,0,38,-4,36,-3,38,-4,42,-4,42,-10,42,-8,49,-2,53,-10,49,-5,48,-3,48,-10,48,-10,55,-7,53,-7,53,-2,53,-4,57,-4,54,-5,52,-9,55,-5,55,0,55,1,52,-2,49,-1,50,-3,57,2,50,8,54,-1,52,4,51,4,49,0,51,1,49,3,49,4,49,0,50,1,47,2,51,1,47,1,43,1,47,3,43,-1,46,-2,51,-10,37,-1,40,-6,36,-5,37,-5,30,-8,26,-8,32,-10,27,-8,26,-10,24,-14,23,-11,19,-16,16,0,0,0,0,0,0,0,0,0,0,0,0,0,0,0,0,0,0,0,0,0,0,38,-16,43,-17,45,-10,48,-13,48,-10,50,-9,52,-8,55,-6,64,-8,64,-8,64,-3,61,-3,74,-11,75,-3,73,1,77,8,79,2,78,9,73,11,79,17,77,21,83,23,73,20,76,21,74,25,73,19,67,30,63,28,62,29,65,25,48,24,55,29,52,28,47,27,44,25,38,25,41,20,36,20,34,21,33,17,26,17,24,23,19,13,20,12,14,9,15,13,10,15,0,12,7,10,-1,11,-2,7,-12,4,-11,9,-15,5,-17,7,-19,8,-30,5,0,0]"
CSI_DATA,255,1a:00:00:00:00:00,-38,11,1,0,1,1,1,0,0,0,1,-96,0,11,2,3638166,0,44,0,384,0,"[0,0,0,0,0,0,0,0,0,0,0,0,2,-9,2,-9,2,-9,2,-9,2,-9,2,-9,2,-10,2,-10,2,-9,2,-9,3,-10,2,-10,2,-10,2,-10,2,-10,1,-11,1,-11,1,-10,1,-10,1,-10,1,-10,1,-10,1,-10,0,-10,0,-10,0,-10,0,0,0,-10,0,-11,0,-11,-1,-10,0,-9,0,-10,0,-9,0,-9,0,-9,0,-9,0,-9,1,-8,1,-8,1,-8,1,-8,1,-8,1,-8,1,-7,1,-7,1,-6,2,-6,2,-6,2,-5,2,-5,2,-4,2,-4,0,0,0,0,0,0,0,0,0,0,0,0,0,0,-28,22,-34,17,-29,25,-33,26,-35,28,-35,26,-37,27,-42,28,-37,27,-37,28,-40,25,-37,27,-41,32,-45,29,-39,27,-44,30,-46,33,-39,35,-42,33,-40,36,-37,34,-34,35,-36,35,-37,28,-36,30,-38,38,-35,30,-35,37,-39,37,-35,41,-36,33,-38,37,-29,32,-32,39,-30,35,-38,35,-33,35,-28,36,-29,33,-31,32,-29,28,-30,27,-32,29,-29,29,-33,27,-28,24,-33,24,-30,25,-29,16,-27,16,-25,18,-26,15,-24,15,-27,11,-23,6,-26,3,-21,2,0,0,0,0,0,0,0,0,0,0,0,0,0,0,0,0,0,0,0,0,0,0,39,22,36,31,33,25,41,26,39,29,41,35,41,32,41,37,46,39,39,44,43,45,43,49,50,52,46,53,40,60,40,59,49,61,38,61,38,63,37,64,36,66,38,77,30,66,27,70,23,73,28,72,16,73,18,73,14,59,19,64,12,53,12,57,8,58,10,47,6,50,12,44,6,41,5,41,7,34,7,33,4,36,0,26,2,23,6,23,2,18,-7,19,-4,13,-6,9,-4,12,-7,10,-9,7,-12,-2,-16,0,-19,-6,-14,-12,-15,-13,-25,-13,0,0]"
CSI_DATA,256,1a:00:00:00:00:00,-38,11,1,0,1,1,1,0,0,0,1,-96,0,11,2,3647964,0,44,0,384,0,"[0,0,0,0,0,0,0,0,0,0,0,0,6,-5,6,-6,6,-6,7,-6,7,-6,7,-6,7,-6,7,-6,7,-6,7,-6,8,-7,7,-7,7,-7,7,-7,7,-7,7,-8,7,-8,6,-7,6,-7,6,-7,7,-7,6,-8,6,-7,6,-8,6,-8,6,-8,0,0,6,-8,6,-8,6,-8,5,-8,5,-7,5,-7,5,-7,5,-7,5,-7,5,-7,5,-7,5,-6,5,-7,5,-6,5,-6,5,-6,5,-5,5,-5,5,-4,4,-4,5,-3,4,-3,4,-3,4,-2,4,-2,4,-1,0,0,0,0,0,0,0,0,0,0,0,0,0,0,-35,-6,-34,-1,-41,0,-41,-6,-45,-4,-45,-6,-46,-7,-48,-7,-48,-8,-50,-8,-54,-8,-51,-8,-52,-8,-50,-6,-52,-10,-54,-4,-58,-10,-53,-5,-55,-2,-49,-2,-58,-5,-55,-2,-52,-1,-54,1,-51,0,-53,-4,-49,0,-59,5,-52,1,-53,4,-51,3,-58,3,-47,-1,-51,5,-46,11,-45,4,-46,8,-44,5,-45,2,-43,5,-39,3,-45,-3,-42,-2,-41,-2,-44,-1,-39,-3,-35,-5,-37,-1,-34,-4,-35,-10,-34,-5,-33,-7,-27,-7,-26,-4,-24,-9,-25,-10,-19,-14,0,0,0,0,0,0,0,0,0,0,0,0,0,0,0,0,0,0,0,0,0,0,10,42,3,47,4,43,4,49,2,49,0,55,1,52,1,58,1,65,-3,60,-6,69,-4,66,-6,70,-9,71,-12,70,-17,72,-15,79,-23,74,-20,77,-25,73,-24,72,-32,78,-34,69,-34,69,-38,67,-36,70,-40,62,-40,64,-33,58,-35,62,-30,49,-38,52,-30,48,-29,42,-32,39,-31,39,-22,34,-30,35,-22,26,-23,26,-18,20,-16,22,-14,18,-15,15,-14,12,-19,16,-12,12,-15,7,-8,1,-8,-1,-9,-3,-12,-9,-9,-10,-6,-13,-3,-22,-8,-26,-4,-26,0,0]"
CSI_DATA,257,1a:00:00:00:00:00,-38,11,1,0,1,1,1,0,0,0,1,-96,0,11,2,3660182,0,44,0,384,0,"[0,0,0,0,0,0,0,0,0,0,0,0,-5,-7,-6,-7,-6,-7,-6,-8,-6,-8,-6,-8,-6,-8,-6,-8,-6,-8,-6,-8,-7,-8,-7,-8,-7,-8,-7,-8,-7,-8,-8,-8,-8,-8,-7,-7,-8,-7,-7,-7,-7,-7,-8,-7,-7,-7,-8,-7,-8,-7,-8,-7,0,0,-8,-6,-8,-6,-8,-6,-8,-6,-7,-6,-7,-6,-7,-6,-7,-6,-7,-6,-7,-6,-7,-6,-6,-6,-6,-6,-6,-6,-6,-6,-6,-6,-5,-5,-5,-5,-5,-5,-4,-5,-4,-5,-3,-5,-3,-5,-3,-5,-2,-5,-2,-4,0,0,0,0,0,0,0,0,0,0,0,0,0,0,-12,34,-7,36,-8,43,-12,40,-9,44,-11,46,-13,46,-17,48,-11,45,-20,47,-13,47,-19,46,-17,51,-14,53,-10,48,-12,49,-12,58,-10,53,-16,54,-10,47,-8,59,-11,52,-10,51,-10,50,-14,48,-12,53,-7,51,-4,51,-7,51,-1,52,-6,47,-5,49,-4,46,-4,53,4,46,-3,48,-7,47,-6,48,-7,48,-4,41,-5,39,-3,43,-2,43,-6,42,-7,41,-10,40,-5,40,-10,34,-8,36,-7,25,-14,31,-13,27,-16,28,-16,23,-14,22,-13,20,-17,17,0,0,0,0,0,0,0,0,0,0,0,0,0,0,0,0,0,0,0,0,0,0,49,-4,49,-2,51,-1,53,-3,46,1,55,4,49,6,56,9,57,12,59,12,68,6,64,6,76,7,77,9,74,24,68,22,78,24,71,26,74,30,73,36,69,39,70,43,64,38,72,39,71,39,66,37,60,41,57,39,53,39,59,41,46,37,50,38,47,42,39,36,35,36,32,31,29,30,31,30,25,27,26,24,22,23,23,23,15,21,18,17,15,15,5,17,5,12,1,16,1,12,-1,10,-3,7,-11,10,-17,4,-14,5,-20,8,-24,2,-22,3,0,0]"
CSI_DATA,258,1a:00:00:00:00:00,-38,11,1,0,1,1,1,0,0,0,1,-96,0,11,2,3669055,0,44,0,384,0,"[0,0,0,0,0,0,0,0,0,0,0,0,7,2,7,2,7,2,8,3,7,3,8,3,8,3,8,3,8,3,8,3,8,3,8,2,8,3,9,2,8,3,9,2,9,2,8,2,8,1,8,1,8,2,9,1,8,1,9,1,9,1,9,1,0,0,9,1,9,1,9,0,8,0,8,1,8,1,8,1,8,1,8,0,7,1,8,1,7,1,7,1,7,1,6,1,7,1,6,1,6,1,5,2,5,2,5,2,4,2,3,2,3,2,3,2,2,2,0,0,0,0,0,0,0,0,0,0,0,0,0,0,-20,-37,-22,-34,-19,-34,-24,-40,-21,-41,-20,-42,-20,-42,-23,-44,-23,-39,-21,-46,-24,-43,-23,-43,-27,-49,-25,-44,-21,-47,-28,-47,-25,-50,-30,-44,-24,-46,-27,-41,-33,-42,-29,-43,-30,-39,-27,-44,-28,-42,-28,-46,-31,-37,-34,-40,-32,-42,-35,-39,-35,-34,-36,-34,-30,-37,-31,-36,-35,-31,-31,-35,-33,-37,-36,-36,-29,-31,-33,-33,-32,-29,-29,-30,-26,-31,-27,-38,-22,-30,-25,-34,-22,-30,-17,-31,-16,-27,-16,-28,-17,-26,-13,-26,-12,-23,-8,-27,-4,-21,-3,-21,-2,-24,0,0,0,0,0,0,0,0,0,0,0,0,0,0,0,0,0,0,0,0,0,0,-33,30,-34,30,-36,30,-41,34,-42,30,-41,33,-43,30,-48,30,-49,35,-53,30,-56,33,-51,37,-57,39,-64,35,-66,28,-63,30,-74,38,-72,30,-71,28,-76,20,-74,20,-81,18,-74,16,-74,18,-78,16,-72,22,-70,6,-70,10,-66,4,-65,3,-57,1,-62,3,-52,-1,-52,0,-52,0,-44,0,-43,1,-40,4,-36,3,-36,1,-33,-3,-30,-2,-31,-4,-25,-4,-17,-4,-17,3,-15,-5,-7,-7,-13,-2,-7,-6,-4,-15,-1,-11,4,-10,9,-10,10,-16,14,-20,18,-19,0,0]"
CSI_DATA,259,1a:00:00:00:00:00,-38,11,1,0,1,1,1,0,0,0,1,-96,0,11,2,3687948,0,44,0,384,0,"[0,0,0,0,0,0,0,0,0,0,0,0,-8,3,-8,3,-8,3,-9,3,-9,3,-9,3,-9,3,-9,3,-9,3,-9,3,-10,3,-10,4,-10,3,-9,4,-9,3,-10,5,-9,5,-9,4,-9,5,-9,4,-9,4,-9,5,-8,4,-9,6,-9,5,-9,5,0,0,-8,5,-8,6,-8,6,-8,6,-7,5,-8,5,-7,5,-7,5,-7,5,-7,5,-8,5,-7,4,-7,4,-7,4,-7,3,-7,4,-7,3,-6,3,-6,2,-6,2,-6,2,-6,1,-6,1,-6,0,-5,0,-5,0,0,0,0,0,0,0,0,0,0,0,0,0,0,0,36,3,38,8,43,4,41,6,42,4,45,11,46,6,50,6,46,12,52,7,52,7,47,7,52,5,52,7,54,10,55,7,59,10,53,2,46,5,54,1,55,0,50,3,48,0,51,0,54,1,51,2,51,2,51,-2,47,2,53,-2,53,-6,50,-3,47,-2,50,-2,49,-10,43,-2,47,-5,41,-5,45,-1,45,-4,43,-3,41,-1,43,-2,42,-2,37,-4,41,-2,37,3,36,1,37,2,33,5,31,1,30,3,30,8,20,8,23,7,24,13,17,12,0,0,0,0,0,0,0,0,0,0,0,0,0,0,0,0,0,0,0,0,0,0,-3,-43,1,-45,-1,-49,2,-49,6,-48,3,-55,6,-56,9,-58,7,-62,11,-66,14,-68,15,-69,8,-74,16,-70,25,-69,21,-71,20,-80,27,-76,28,-74,31,-69,34,-68,38,-74,43,-65,38,-71,42,-69,37,-69,41,-58,45,-58,39,-53,41,-58,38,-44,38,-52,36,-46,34,-43,34,-42,28,-36,29,-35,27,-37,28,-29,27,-24,23,-24,18,-25,23,-20,18,-15,13,-17,14,-10,13,-5,12,-8,7,-4,6,0,9,5,7,3,6,15,6,12,5,21,3,22,4,28,0,0]"
CSI_DATA,260,1a:00:00:00:00:00,-38,11,1,0,1,1,1,0,0,0,1,-96,0,11,2,3698106,0,44,0,384,0,"[0,0,0,0,0,0,0,0,0,0,0,0,7,-2,8,-1,8,-2,8,-2,8,-1,8,-1,8,-2,8,-1,9,-1,8,-2,9,-2,9,-2,9,-2,9,-2,8,-2,9,-3,9,-3,8,-3,8,-3,8,-3,8,-3,8,-3,8,-3,8,-4,8,-4,8,-3,0,0,8,-4,8,-4,8,-4,8,-4,7,-3,7,-3,7,-3,7,-3,7,-3,7,-3,7,-3,7,-3,6,-3,6,-2,6,-2,7,-2,6,-2,5,-2,5,-1,5,-1,5,0,5,0,5,0,4,0,4,1,3,1,0,0,0,0,0,0,0,0,0,0,0,0,0,0,-34,-16,-30,-24,-37,-28,-36,-28,-36,-28,-35,-25,-34,-30,-40,-33,-41,-32,-34,-36,-37,-33,-39,-35,-42,-37,-41,-36,-35,-39,-44,-31,-46,-34,-40,-33,-39,-30,-44,-30,-50,-30,-46,-27,-48,-26,-42,-31,-39,-34,-47,-29,-44,-27,-43,-22,-44,-28,-49,-28,-42,-28,-44,-27,-48,-28,-42,-24,-44,-18,-42,-21,-41,-28,-38,-20,-40,-25,-39,-23,-42,-20,-35,-19,-37,-26,-36,-25,-32,-24,-33,-24,-32,-28,-29,-24,-26,-22,-26,-21,-25,-22,-20,-26,-18,-22,-15,-21,-15,-26,-12,-19,-12,-21,0,0,0,0,0,0,0,0,0,0,0,0,0,0,0,0,0,0,0,0,0,0,-8,42,-10,49,-15,42,-18,46,-17,46,-22,48,-25,48,-23,52,-25,56,-28,56,-32,55,-27,60,-34,66,-36,64,-44,62,-46,59,-44,64,-51,63,-51,57,-56,54,-54,54,-63,55,-56,51,-59,49,-61,50,-56,56,-59,46,-62,42,-57,35,-58,34,-48,27,-55,26,-52,25,-48,20,-49,23,-42,24,-42,17,-38,22,-35,15,-29,13,-30,11,-28,16,-23,12,-23,8,-21,3,-18,-1,-10,-1,-12,1,-13,-2,-9,-7,-10,-14,-5,-7,0,-15,5,-16,2,-25,9,-23,1,-20,0,0]"
CSI_DATA,261,1a:00:00:00:00:00,-38,11,1,0,1,1,1,0,0,0,1,-96,0,11,2,3727968,0,44,0,384,0,"[0,0,0,0,0,0,0,0,0,0,0,0,4,6,4,6,5,6,5,7,5,7,4,7,5,7,5,6,5,7,5,7,5,7,6,7,6,7,6,7,5,7,6,7,6,6,6,6,6,6,6,6,6,6,6,6,6,5,7,5,7,5,7,5,0,0,7,5,7,5,7,5,7,4,6,4,6,5,6,4,6,4,6,4,6,4,6,4,5,4,5,4,5,4,4,4,5,4,5,4,4,4,4,4,3,4,3,4,3,4,2,4,2,4,1,4,1,3,0,0,0,0,0,0,0,0,0,0,0,0,0,0,3,-39,13,-37,2,-44,13,-39,11,-49,14,-45,10,-54,9,-49,14,-42,17,-45,12,-52,16,-51,17,-50,14,-51,14,-50,8,-52,9,-59,8,-55,16,-49,8,-54,5,-58,11,-53,3,-49,9,-49,8,-54,3,-55,6,-51,2,-52,4,-54,-1,-53,1,-50,0,-53,-1,-51,0,-53,-8,-51,4,-50,-2,-46,1,-48,5,-46,0,-40,-2,-43,4,-44,4,-42,3,-45,5,-41,7,-43,7,-38,3,-43,7,-33,4,-32,9,-28,7,-28,8,-27,10,-29,13,-22,11,-18,12,-19,0,0,0,0,0,0,0,0,0,0,0,0,0,0,0,0,0,0,0,0,0,0,-49,1,-50,-6,-45,-1,-52,-4,-53,-8,-50,-11,-51,-9,-55,-14,-65,-14,-64,-14,-65,-13,-66,-14,-75,-13,-74,-20,-71,-24,-74,-26,-77,-26,-74,-30,-67,-30,-71,-38,-66,-42,-70,-43,-63,-40,-69,-41,-67,-47,-65,-44,-57,-46,-56,-47,-56,-43,-54,-45,-46,-40,-43,-41,-42,-41,-42,-39,-38,-41,-35,-34,-31,-29,-31,-32,-25,-26,-26,-27,-23,-21,-17,-23,-15,-20,-17,-19,-16,-17,-6,-12,-8,-14,-2,-14,-2,-12,-3,-14,3,-8,7,-12,13,-8,14,-5,19,-9,21,0,28,-1,0,0]"
CSI_DATA,262,1a:00:00:00:00:00,-38,11,1,0,1,1,1,0,0,0,1,-96,0,11,2,3738484,0,44,0,384,0,"[0,0,0,0,0,0,0,0,0,0,0,0,6,5,6,5,6,5,7,6,6,5,6,6,7,6,6,5,7,5,7,5,7,6,8,5,7,6,7,5,7,5,8,5,8,5,7,4,8,4,8,4,7,4,8,4,7,4,8,4,8,4,8,4,0,0,8,3,8,3,8,3,8,3,8,3,7,3,7,3,7,3,7,2,7,3,7,3,7,3,6,3,6,3,6,3,6,3,5,3,5,3,5,3,4,3,4,3,4,3,3,3,3,3,2,3,2,3,0,0,0,0,0,0,0,0,0,0,0,0,0,0,-6,-33,-5,-36,-9,-42,-6,-42,-6,-44,-9,-49,-4,-45,-1,-50,-9,-48,-3,-48,-4,-53,-11,-50,-2,-52,-5,-48,-8,-51,-16,-48,-7,-56,-10,-55,-11,-52,-8,-52,-16,-54,-7,-47,-15,-52,-10,-50,-12,-44,-16,-47,-12,-47,-18,-50,-16,-50,-17,-51,-17,-48,-16,-47,-14,-47,-15,-51,-16,-45,-17,-44,-15,-42,-19,-44,-17,-44,-18,-42,-15,-37,-11,-41,-13,-40,-12,-42,-12,-40,-12,-36,-9,-40,-8,-38,-5,-35,-5,-29,-5,-31,-2,-28,0,-29,-2,-25,4,-28,2,-22,9,-19,0,0,0,0,0,0,0,0,0,0,0,0,0,0,0,0,0,0,0,0,0,0,-38,16,-42,12,-44,11,-50,11,-47,13,-52,8,-49,11,-55,7,-62,11,-59,9,-67,6,-63,9,-71,11,-73,6,-76,1,-72,0,-82,4,-75,-5,-78,-8,-80,-6,-76,-10,-81,-17,-73,-11,-77,-13,-77,-20,-73,-12,-63,-24,-69,-19,-61,-19,-68,-17,-47,-19,-58,-20,-50,-25,-50,-22,-47,-23,-44,-16,-37,-15,-37,-15,-36,-18,-34,-14,-31,-14,-27,-9,-24,-10,-19,-8,-19,-10,-16,-12,-11,-10,-7,-6,-8,-8,-6,-16,1,-9,8,-9,12,-8,12,-9,19,-14,18,-15,19,-13,0,0]"
CSI_DATA,263,1a:00:00:00:00:00,-38,11,1,0,1,1,1,0,0,0,1,-96,0,11,2,3747942,0,44,0,384,0,"[0,0,0,0,0,0,0,0,0,0,0,0,5,-7,4,-7,5,-8,5,-8,5,-8,5,-7,5,-8,5,-7,6,-8,5,-8,6,-8,5,-8,5,-8,5,-8,5,-8,5,-9,4,-9,4,-9,4,-8,4,-9,4,-9,4,-9,4,-9,4,-9,4,-9,4,-9,0,0,3,-9,4,-10,3,-9,3,-9,3,-8,3,-9,3,-8,3,-8,3,-8,3,-8,3,-8,3,-7,3,-7,3,-7,3,-7,3,-6,3,-6,3,-6,3,-5,3,-5,3,-5,4,-5,4,-4,3,-3,4,-3,3,-2,0,0,0,0,0,0,0,0,0,0,0,0,0,0,-38,10,-42,2,-42,10,-47,2,-43,4,-48,5,-44,6,-51,3,-45,3,-51,3,-51,7,-50,1,-55,6,-48,3,-55,2,-51,10,-55,3,-53,9,-56,7,-52,10,-60,11,-51,8,-51,11,-51,11,-49,13,-52,7,-51,10,-49,16,-54,15,-53,15,-43,12,-54,14,-47,9,-51,20,-45,12,-43,11,-45,18,-42,17,-40,10,-43,11,-44,12,-38,9,-43,13,-40,10,-39,8,-40,6,-40,6,-35,5,-37,4,-35,-1,-35,1,-30,-5,-28,0,-23,-6,-23,-4,-25,-9,-22,-7,0,0,0,0,0,0,0,0,0,0,0,0,0,0,0,0,0,0,0,0,0,0,22,35,25,42,20,40,25,47,21,41,22,52,17,46,19,52,27,60,20,56,18,62,19,62,26,69,19,71,16,79,8,70,16,80,9,71,4,75,2,79,4,80,-4,83,-3,73,-4,76,-9,80,-6,79,-14,68,-16,79,-9,60,-17,68,-12,54,-11,60,-13,55,-12,46,-16,52,-12,49,-12,39,-14,37,-15,34,-8,35,-12,33,-9,28,-12,24,-11,19,-6,15,-13,13,-9,14,-9,10,-8,4,-9,1,-10,-2,-9,-1,-12,-10,-9,-13,-12,-22,-11,-27,-16,-28,0,0]"
CSI_DATA,264,1a:00:00:00:00:00,-38,11,1,0,1,1,1,0,0,0,1,-96,0,11,2,3757947,0,44,0,384,0,"[0,0,0,0,0,0,0,0,0,0,0,0,0,-8,0,-9,0,-9,0,-9,0,-9,0,-9,0,-9,0,-9,0,-9,0,-9,0,-10,0,-10,0,-10,-1,-10,0,-10,-1,-10,-1,-10,-1,-9,-2,-10,-2,-9,-1,-9,-2,-9,-2,-9,-2,-10,-2,-10,-2,-10,0,0,-3,-9,-2,-9,-3,-10,-3,-9,-2,-9,-2,-9,-3,-8,-2,-8,-3,-8,-2,-8,-2,-8,-2,-8,-2,-8,-1,-7,-1,-7,-1,-8,-1,-7,-1,-7,-1,-6,-1,-6,0,-6,0,-6,0,-5,1,-5,1,-5,1,-4,0,0,0,0,0,0,0,0,0,0,0,0,0,0,-29,23,-29,25,-24,27,-28,24,-38,28,-33,25,-38,31,-41,28,-40,31,-38,30,-36,34,-33,31,-42,34,-43,35,-42,34,-38,38,-39,38,-42,36,-37,37,-40,35,-40,41,-32,34,-29,38,-34,36,-32,34,-33,39,-33,38,-32,43,-34,38,-28,40,-30,39,-30,40,-29,34,-22,40,-27,36,-28,36,-28,39,-22,40,-29,35,-26,34,-27,34,-30,32,-24,33,-24,31,-29,31,-29,28,-24,25,-27,24,-27,22,-23,18,-24,20,-22,15,-24,16,-28,10,-26,11,-23,9,-23,6,0,0,0,0,0,0,0,0,0,0,0,0,0,0,0,0,0,0,0,0,0,0,36,23,36,26,36,27,44,28,40,29,36,34,36,31,39,39,46,41,47,38,49,47,47,41,55,48,47,53,44,59,44,60,49,66,40,61,41,59,36,64,39,64,35,69,33,66,34,69,31,73,34,66,17,70,23,64,19,62,20,67,17,53,15,52,14,52,14,51,11,47,8,43,8,42,10,41,7,37,5,31,5,31,5,30,2,29,0,22,-1,16,-3,25,-5,13,-6,11,-3,13,-2,4,-10,1,-12,1,-13,-5,-14,-2,-18,-10,-19,-11,-18,-13,0,0]"
CSI_DATA,265,1a:00:00:00:00:00,-38,11,1,0,1,1,1,0,0,0,1,-96,0,11,2,3769435,0,44,0,384,0,"[0,0,0,0,0,0,0,0,0,0,0,0,-7,-6,-7,-6,-7,-6,-7,-7,-7,-7,-7,-7,-7,-7,-7,-7,-7,-7,-7,-7,-8,-7,-8,-7,-8,-7,-8,-7,-8,-7,-8,-6,-9,-6,-8,-6,-8,-6,-8,-6,-8,-6,-8,-6,-8,-6,-9,-6,-9,-6,-9,-5,0,0,-9,-5,-9,-6,-9,-6,-9,-5,-8,-5,-8,-5,-8,-5,-7,-5,-8,-5,-7,-5,-8,-5,-7,-5,-7,-5,-6,-5,-6,-5,-6,-5,-6,-5,-5,-5,-5,-5,-5,-5,-4,-5,-4,-5,-3,-5,-3,-5,-2,-5,-2,-4,0,0,0,0,0,0,0,0,0,0,0,0,0,0,2,39,-1,43,0,45,-7,40,-6,51,-5,47,-7,46,-5,49,-2,47,-8,47,-5,53,-1,49,-4,55,-8,55,-5,53,-2,53,-4,62,3,56,-6,49,-5,50,3,54,0,54,2,52,1,51,-1,49,-5,57,4,50,4,53,4,52,3,54,5,50,5,51,4,47,6,48,6,47,1,48,4,45,9,49,0,48,7,44,4,41,5,39,-2,45,2,41,0,38,-2,40,-2,35,1,41,-7,36,-3,35,-5,31,-4,33,-8,28,-12,25,-9,23,-10,24,-11,14,0,0,0,0,0,0,0,0,0,0,0,0,0,0,0,0,0,0,0,0,0,0,40,-20,43,-14,49,-10,49,-10,51,-11,53,-8,48,-8,58,-8,66,-10,64,-3,67,-5,68,-6,75,-3,74,-1,77,4,77,7,79,1,81,8,75,10,76,18,72,16,85,19,76,21,73,20,74,29,73,20,69,31,64,23,59,30,62,25,55,25,54,27,50,23,47,24,48,27,41,24,37,25,36,19,32,22,34,21,29,15,25,11,20,13,20,15,11,8,3,12,5,12,6,9,0,14,-1,8,1,7,-3,12,-12,6,-19,10,-17,9,-18,5,-20,9,0,0]"
CSI_DATA,266,1a:00:00:00:00:00,-38,11,1,0,1,1,1,0,0,0,1,-96,0,11,2,3778659,0,44,0,384,0,"[0,0,0,0,0,0,0,0,0,0,0,0,-8,4,-8,4,-8,5,-9,5,-8,5,-9,4,-9,5,-9,5,-9,5,-8,5,-10,5,-9,6,-9,5,-9,6,-9,5,-9,6,-8,6,-8,6,-8,6,-8,6,-8,6,-8,6,-8,6,-8,7,-8,6,-8,7,0,0,-7,7,-8,7,-7,7,-7,7,-7,6,-7,6,-7,6,-6,6,-7,6,-6,6,-7,6,-7,5,-6,5,-6,5,-7,4,-6,4,-6,4,-6,4,-6,3,-6,3,-6,2,-6,2,-6,1,-5,1,-5,1,-5,0,0,0,0,0,0,0,0,0,0,0,0,0,0,0,45,5,38,4,44,3,36,6,44,9,40,6,45,9,49,9,47,9,45,15,46,9,46,8,52,7,50,7,46,11,46,7,56,11,49,12,47,7,52,1,55,4,52,7,43,-1,44,4,44,4,52,2,50,1,46,0,48,5,51,-4,51,-6,52,-3,49,0,43,-2,46,-7,42,1,44,-6,45,1,43,1,43,0,45,-3,43,0,39,1,43,5,39,4,36,-1,38,4,36,4,35,5,32,4,31,10,27,12,25,8,25,12,24,11,19,12,16,12,0,0,0,0,0,0,0,0,0,0,0,0,0,0,0,0,0,0,0,0,0,0,-5,-47,-4,-42,1,-45,-8,-46,-1,-52,4,-54,1,-55,5,-56,3,-64,7,-65,6,-63,8,-65,5,-73,14,-72,16,-72,22,-75,13,-79,22,-73,23,-67,23,-67,25,-66,32,-76,33,-74,31,-66,39,-68,31,-69,36,-61,36,-58,38,-53,37,-52,27,-52,35,-45,32,-45,30,-43,33,-37,27,-39,27,-32,20,-30,25,-22,26,-23,20,-22,15,-22,17,-17,11,-18,13,-12,12,-2,14,-9,12,-9,7,-4,9,4,9,8,9,7,2,10,5,14,6,25,3,23,3,31,0,0]"
CSI_DATA,267,1a:00:00:00:00:00,-38,11,1,0,1,1,1,0,0,0,1,-96,0,11,2,3799261,0,44,0,384,0,"[0,0,0,0,0,0,0,0,0,0,0,0,-6,-6,-6,-6,-7,-6,-7,-7,-7,-7,-6,-7,-7,-7,-7,-7,-7,-7,-7,-7,-7,-8,-8,-7,-8,-7,-8,-7,-7,-7,-8,-7,-8,-6,-8,-6,-8,-6,-8,-6,-8,-6,-8,-6,-8,-6,-9,-6,-9,-6,-9,-5,0,0,-9,-5,-9,-5,-9,-5,-9,-5,-8,-5,-8,-5,-8,-5,-8,-5,-8,-4,-7,-5,-8,-5,-7,-5,-7,-5,-7,-5,-6,-5,-7,-5,-6,-5,-6,-5,-5,-5,-5,-4,-4,-5,-4,-5,-4,-4,-3,-4,-3,-4,-2,-4,0,0,0,0,0,0,0,0,0,0,0,0,0,0,-2,39,-4,37,0,42,-4,42,-4,44,-5,45,-4,48,-8,50,-9,48,-3,48,-8,45,-8,47,-6,57,-6,52,-1,51,-3,53,-3,56,-2,57,0,54,1,52,5,56,-3,52,3,51,-1,51,0,54,1,53,5,46,4,53,1,49,9,51,4,48,5,54,6,48,8,50,10,49,1,47,6,45,5,46,1,49,7,39,6,43,3,43,5,43,2,45,-2,42,5,36,-1,35,1,39,-5,33,-1,30,-5,33,-6,29,-5,28,-11,25,-10,23,-4,22,-14,16,0,0,0,0,0,0,0,0,0,0,0,0,0,0,0,0,0,0,0,0,0,0,45,-15,46,-9,45,-9,51,-7,51,-5,55,-4,55,-7,59,0,63,-8,63,3,69,0,69,3,74,-5,77,2,80,10,76,11,78,6,74,14,73,18,74,19,79,24,83,25,71,31,76,24,74,34,75,25,63,29,66,31,59,34,63,36,53,25,54,33,47,32,41,25,42,30,39,20,34,24,35,20,31,22,28,23,29,24,23,16,21,13,19,17,17,14,7,8,9,12,8,10,2,10,6,11,-1,7,-8,12,-9,11,-12,7,-23,5,-27,5,-25,10,0,0]"
CSI_DATA,268,1a:00:00:00:00:00,-38,11,1,0,1,1,1,0,0,0,1,-96,0,11,2,3817983,0,44,0,384,0,"[0,0,0,0,0,0,0,0,0,0,0,0,-5,6,-5,6,-5,7,-5,7,-6,7,-6,7,-5,7,-5,7,-5,7,-5,7,-6,7,-5,8,-6,7,-5,8,-5,7,-5,8,-5,8,-5,8,-4,8,-4,8,-4,8,-4,8,-4,7,-4,8,-4,8,-4,8,0,0,-3,8,-4,8,-3,8,-3,8,-3,7,-3,7,-3,7,-3,7,-3,7,-3,7,-4,7,-4,7,-3,6,-4,6,-4,6,-4,6,-4,6,-4,5,-4,5,-4,4,-4,4,-4,4,-4,3,-4,3,-4,2,-4,2,0,0,0,0,0,0,0,0,0,0,0,0,0,0,32,-10,33,-9,41,-11,39,-11,45,-14,42,-12,44,-12,45,-12,48,-12,43,-11,46,-10,49,-14,54,-12,47,-14,47,-16,47,-20,53,-21,45,-23,50,-18,52,-17,51,-25,50,-21,44,-26,46,-18,43,-15,45,-18,42,-13,42,-26,43,-23,42,-27,46,-28,45,-26,38,-22,43,-30,39,-24,37,-21,37,-22,42,-21,41,-21,39,-22,36,-21,36,-20,32,-21,34,-20,38,-15,32,-10,36,-12,33,-16,33,-5,30,-9,30,-8,32,-5,27,-6,24,-2,25,-4,24,-2,19,5,0,0,0,0,0,0,0,0,0,0,0,0,0,0,0,0,0,0,0,0,0,0,-26,-34,-23,-37,-22,-40,-27,-45,-21,-45,-24,-51,-22,-48,-18,-56,-23,-60,-24,-58,-24,-60,-20,-63,-30,-70,-26,-71,-19,-74,-17,-72,-20,-82,-12,-73,-14,-73,-5,-69,-4,-75,-1,-86,-1,-77,-1,-75,0,-80,-4,-80,4,-70,7,-71,6,-63,7,-69,9,-55,13,-61,10,-53,12,-54,9,-50,8,-45,10,-41,6,-44,3,-38,11,-34,9,-31,4,-27,10,-26,4,-21,7,-21,4,-8,9,-13,7,-8,7,-11,8,-1,11,-3,9,-4,8,5,7,10,11,16,13,20,9,23,0,0]"
CSI_DATA,269,1a:00:00:00:00:00,-38,11,1,0,1,1,1,0,0,0,1,-96,0,11,2,3827964,0,44,0,384,0,"[0,0,0,0,0,0,0,0,0,0,0,0,4,7,4,7,4,7,4,8,4,8,4,8,4,8,4,8,4,8,4,8,5,8,5,8,5,8,5,8,5,8,6,8,6,7,5,7,5,7,6,7,5,7,6,7,5,7,6,7,6,7,6,6,0,0,6,6,7,7,7,6,7,6,6,6,6,6,6,6,5,6,6,5,6,5,5,6,5,5,5,5,4,5,4,5,4,5,4,5,4,5,3,5,3,4,3,5,2,5,2,4,1,4,1,4,0,4,0,0,0,0,0,0,0,0,0,0,0,0,0,0,4,-33,4,-38,-1,-40,3,-42,-2,-46,2,-44,1,-46,2,-45,6,-46,6,-48,3,-49,1,-49,2,-51,3,-52,5,-51,-1,-58,0,-57,0,-53,1,-50,-3,-52,-7,-57,0,-50,-7,-49,-5,-52,-6,-50,-7,-51,-6,-46,-8,-54,-11,-57,-7,-53,-10,-40,-10,-45,-13,-50,-11,-52,-12,-47,-11,-47,-11,-44,-14,-45,-9,-47,-12,-40,-13,-42,-8,-39,-5,-46,-5,-40,-8,-41,-6,-40,-1,-38,-1,-38,-2,-32,-4,-29,1,-33,1,-29,4,-27,5,-25,5,-25,7,-21,8,-19,0,0,0,0,0,0,0,0,0,0,0,0,0,0,0,0,0,0,0,0,0,0,-45,7,-47,4,-49,7,-49,6,-51,4,-53,-2,-50,-5,-54,-2,-60,-1,-67,-6,-67,-4,-67,-2,-70,-7,-71,-12,-71,-17,-73,-17,-81,-15,-73,-24,-76,-21,-72,-23,-72,-25,-81,-31,-70,-30,-75,-29,-70,-36,-64,-30,-57,-33,-61,-37,-54,-33,-62,-33,-49,-28,-54,-28,-45,-36,-44,-26,-41,-33,-38,-23,-37,-27,-36,-21,-32,-21,-31,-21,-26,-22,-22,-20,-17,-16,-21,-13,-13,-13,-8,-13,-7,-16,-6,-8,-6,-13,0,-9,7,-11,6,-11,14,-10,12,-8,19,-8,27,-9,24,-6,0,0]"
CSI_DATA,270,1a:00:00:00:00:00,-38,11,1,0,1,1,1,0,0,0,1,-96,0,11,2,3838511,0,44,0,384,0,"[0,0,0,0,0,0,0,0,0,0,0,0,-1,8,-1,8,-1,9,-2,9,-2,9,-2,9,-1,9,-2,9,-2,9,-1,9,-2,10,-1,10,-1,10,-1,10,-1,9,0,10,0,10,0,10,0,9,0,10,0,9,1,10,0,9,1,10,1,10,1,10,0,0,1,9,1,10,2,9,2,9,1,8,1,9,1,9,1,8,2,8,1,8,1,8,1,8,1,8,0,7,0,7,0,7,0,7,0,6,-1,6,-1,6,-1,6,-1,5,-2,5,-2,4,-2,4,-2,3,0,0,0,0,0,0,0,0,0,0,0,0,0,0,26,-24,32,-28,31,-23,38,-29,36,-30,38,-27,38,-32,40,-30,41,-34,40,-29,34,-35,37,-31,44,-34,44,-32,46,-29,40,-38,44,-34,42,-33,42,-34,42,-45,39,-42,41,-38,36,-37,39,-33,38,-34,39,-42,37,-38,36,-40,36,-38,35,-43,33,-39,33,-39,30,-37,31,-38,31,-41,26,-33,31,-39,28,-40,32,-31,28,-33,29,-33,28,-29,27,-33,31,-30,30,-29,30,-30,28,-27,27,-29,27,-15,26,-20,22,-17,23,-14,26,-16,24,-9,24,-14,26,-10,18,-6,0,0,0,0,0,0,0,0,0,0,0,0,0,0,0,0,0,0,0,0,0,0,-37,-27,-34,-33,-42,-31,-42,-32,-38,-33,-35,-40,-41,-41,-41,-44,-46,-45,-43,-48,-41,-58,-44,-53,-50,-60,-46,-63,-42,-62,-38,-70,-46,-67,-37,-71,-36,-68,-33,-72,-28,-75,-34,-78,-26,-75,-28,-74,-20,-76,-30,-75,-13,-71,-17,-70,-18,-69,-23,-67,-15,-57,-13,-57,-8,-58,-6,-50,-4,-50,-5,-47,-4,-46,-6,-45,-9,-42,-3,-33,-1,-33,-6,-28,-1,-26,0,-22,-2,-18,-2,-21,4,-15,7,-14,3,-7,6,-7,5,-1,11,-3,14,5,15,10,19,10,20,15,22,7,0,0]"
CSI_DATA,271,1a:00:00:00:00:00,-38,11,1,0,1,1,1,0,0,0,1,-96,0,11,2,3847970,0,44,0,384,0,"[0,0,0,0,0,0,0,0,0,0,0,0,8,0,8,0,9,0,9,1,9,1,9,1,9,1,9,1,9,1,9,1,10,1,10,0,10,1,10,0,9,0,11,-1,10,0,10,0,9,-1,10,0,9,0,10,-1,9,0,10,-1,10,-1,10,-1,0,0,9,-2,10,-1,10,-1,9,-2,8,-1,9,-1,8,-1,8,-1,8,-2,8,-1,8,-1,8,-1,8,-1,7,-1,7,0,7,0,7,0,6,0,6,0,6,1,5,1,5,1,5,1,4,1,4,2,3,2,0,0,0,0,0,0,0,0,0,0,0,0,0,0,-22,-32,-22,-28,-24,-36,-26,-39,-26,-37,-26,-38,-29,-38,-27,-41,-27,-43,-27,-43,-29,-43,-28,-43,-28,-44,-29,-43,-29,-41,-33,-37,-39,-43,-33,-43,-37,-44,-36,-40,-38,-47,-30,-41,-37,-39,-33,-41,-35,-43,-33,-45,-35,-36,-37,-36,-36,-39,-48,-35,-39,-34,-37,-36,-25,-38,-33,-36,-36,-32,-33,-35,-32,-34,-33,-35,-28,-33,-32,-32,-36,-35,-30,-29,-26,-30,-28,-33,-28,-33,-27,-32,-24,-32,-18,-28,-25,-32,-16,-34,-18,-31,-13,-30,-11,-26,-7,-25,-10,-23,-10,-28,0,-28,0,0,0,0,0,0,0,0,0,0,0,0,0,0,0,0,0,0,0,0,0,0,-18,39,-21,41,-24,39,-23,44,-30,43,-35,42,-33,40,-35,45,-43,50,-43,42,-43,52,-40,55,-46,60,-52,51,-60,48,-60,42,-63,54,-62,44,-58,48,-72,37,-75,36,-77,34,-69,33,-71,35,-73,33,-67,38,-69,27,-74,25,-65,17,-64,21,-53,17,-63,17,-57,11,-52,12,-55,9,-47,12,-43,3,-38,9,-41,10,-33,8,-33,2,-28,3,-29,2,-23,-2,-20,0,-22,-1,-17,-7,-11,-2,-13,-5,-8,-6,-7,-14,-7,-10,3,-16,6,-14,8,-26,12,-24,18,-19,0,0]"
CSI_DATA,272,1a:00:00:00:00:00,-38,11,1,0,1,1,1,0,0,0,1,-96,0,11,2,3858294,0,44,0,384,0,"[0,0,0,0,0,0,0,0,0,0,0,0,1,8,1,8,2,8,1,8,1,9,1,8,1,9,1,8,1,9,1,9,1,9,2,9,2,9,2,9,1,9,3,10,2,9,2,9,3,8,2,8,2,8,3,9,2,8,3,9,3,9,3,8,0,0,4,8,4,9,3,8,4,7,2,7,3,8,3,7,3,7,3,7,3,7,3,7,2,7,2,7,2,6,2,7,2,6,2,6,1,5,1,5,1,5,0,5,0,5,-1,5,-1,4,-1,4,-1,3,0,0,0,0,0,0,0,0,0,0,0,0,0,0,16,-40,22,-33,23,-39,20,-39,30,-38,24,-38,28,-37,31,-43,26,-43,28,-47,28,-44,22,-40,27,-44,29,-43,28,-43,25,-46,30,-49,22,-52,26,-44,25,-47,26,-51,26,-45,20,-50,20,-43,25,-50,25,-50,20,-44,18,-48,22,-48,22,-45,21,-48,15,-47,14,-51,18,-52,12,-42,16,-48,15,-44,14,-45,16,-43,12,-44,15,-38,15,-39,15,-42,19,-40,13,-37,15,-35,19,-32,17,-33,16,-33,16,-27,18,-30,16,-23,15,-27,23,-26,17,-20,17,-16,18,-11,0,0,0,0,0,0,0,0,0,0,0,0,0,0,0,0,0,0,0,0,0,0,-46,-14,-43,-20,-41,-19,-51,-24,-48,-24,-50,-27,-46,-30,-47,-30,-55,-35,-52,-30,-55,-39,-57,-40,-66,-41,-59,-45,-58,-53,-54,-54,-64,-54,-53,-53,-58,-54,-54,-59,-50,-61,-53,-69,-50,-58,-46,-64,-49,-69,-49,-64,-35,-66,-35,-67,-30,-63,-35,-63,-28,-50,-32,-59,-24,-53,-23,-48,-23,-47,-18,-44,-15,-41,-17,-39,-15,-35,-15,-30,-11,-35,-13,-26,-7,-26,-8,-21,-4,-23,0,-13,1,-17,-1,-16,7,-9,7,-9,6,-8,12,-7,18,-5,13,1,20,4,24,9,23,6,0,0]"
CSI_DATA,273,1a:00:00:00:00:00,-38,11,1,0,1,1,1,0,0,0,1,-96,0,11,2,3867956,0,44,0,384,0,"[0,0,0,0,0,0,0,0,0,0,0,0,1,-8,1,-8,1,-9,2,-9,2,-9,2,-8,2,-9,2,-9,2,-9,2,-9,2,-10,1,-10,2,-10,1,-10,2,-9,1,-10,1,-10,1,-9,0,-9,1,-9,1,-9,0,-10,0,-9,0,-10,0,-10,0,-10,0,0,-1,-9,0,-10,0,-10,-1,-9,0,-9,0,-9,0,-9,0,-8,-1,-8,0,-8,0,-8,0,-8,0,-8,0,-8,0,-7,0,-7,1,-7,1,-7,1,-6,1,-6,1,-6,1,-5,2,-5,2,-4,2,-4,2,-4,0,0,0,0,0,0,0,0,0,0,0,0,0,0,-28,18,-33,22,-30,22,-36,24,-42,23,-40,22,-46,24,-47,24,-38,23,-36,25,-39,24,-44,23,-48,32,-44,24,-42,26,-41,28,-45,31,-43,33,-42,30,-44,30,-45,34,-42,32,-34,32,-43,32,-39,27,-41,34,-40,31,-36,36,-37,31,-43,39,-44,31,-38,35,-36,33,-32,36,-31,33,-33,33,-29,33,-31,34,-39,27,-32,27,-35,24,-30,25,-30,26,-33,30,-31,26,-30,24,-32,21,-29,17,-27,16,-24,17,-29,14,-28,11,-26,14,-26,7,-25,10,-26,3,-23,-1,0,0,0,0,0,0,0,0,0,0,0,0,0,0,0,0,0,0,0,0,0,0,35,26,36,30,34,32,36,32,36,35,32,38,33,40,37,46,42,51,38,44,40,53,40,52,47,55,42,60,38,63,34,64,39,72,32,67,33,65,28,72,25,75,30,78,19,71,27,74,22,76,25,73,14,71,15,70,15,64,16,65,10,55,8,61,3,54,1,49,1,50,2,48,-4,41,1,42,4,34,4,36,-4,28,1,30,-2,28,-3,23,-4,20,1,11,-7,13,-11,11,-8,12,-6,6,-8,3,-12,-2,-18,-4,-12,-9,-19,-7,-19,-14,-17,-11,0,0]"
CSI_DATA,274,1a:00:00:00:00:00,-38,11,1,0,1,1,1,0,0,0,1,-96,0,11,2,3878492,0,44,0,384,0,"[0,0,0,0,0,0,0,0,0,0,0,0,4,-8,4,-8,4,-8,5,-8,4,-8,5,-8,5,-8,5,-8,5,-8,5,-9,5,-9,4,-9,5,-9,4,-9,5,-9,4,-10,4,-9,4,-9,3,-9,4,-9,4,-9,3,-9,3,-9,3,-10,3,-10,3,-9,0,0,3,-9,3,-10,2,-10,2,-9,2,-9,3,-9,2,-9,3,-8,2,-8,2,-8,2,-8,3,-8,2,-8,3,-7,3,-7,3,-7,3,-7,3,-6,3,-6,3,-5,3,-5,3,-5,3,-4,3,-4,3,-3,3,-3,0,0,0,0,0,0,0,0,0,0,0,0,0,0,-31,13,-36,8,-43,14,-40,10,-38,16,-42,16,-44,16,-43,19,-49,14,-52,10,-46,15,-45,16,-49,18,-46,13,-49,15,-49,21,-54,17,-46,19,-49,17,-51,17,-53,28,-51,18,-44,23,-47,20,-48,23,-47,23,-44,23,-43,29,-44,22,-46,25,-40,24,-46,24,-39,24,-44,31,-37,28,-38,23,-39,26,-34,27,-36,21,-31,24,-35,17,-39,17,-37,21,-36,20,-31,18,-37,15,-39,14,-32,16,-32,10,-29,11,-30,9,-28,8,-24,7,-26,1,-22,4,-23,0,-23,-4,0,0,0,0,0,0,0,0,0,0,0,0,0,0,0,0,0,0,0,0,0,0,28,31,27,37,27,35,28,44,26,43,26,48,24,43,23,52,28,53,24,56,26,59,28,60,30,61,27,66,19,65,20,68,25,76,13,75,14,75,15,72,11,78,11,81,5,72,10,78,1,75,4,74,-5,71,-3,71,-7,66,-6,70,-6,53,-10,61,-4,58,-5,49,-4,55,-6,46,-9,40,-8,38,-8,35,-5,38,-8,27,-5,26,-10,22,-3,14,-5,24,-12,17,-11,15,-10,13,-9,5,-7,4,-5,0,-17,-5,-16,-5,-13,-9,-17,-19,-15,-19,-17,-22,0,0]"
CSI_DATA,275,1a:00:00:00:00:00,-38,11,1,0,1,1,1,0,0,0,1,-96,0,11,2,3898007,0,44,0,384,0,"[0,0,0,0,0,0,0,0,0,0,0,0,-1,-9,-1,-10,-2,-10,-1,-11,-1,-10,-1,-10,-2,-11,-1,-10,-1,-11,-1,-10,-1,-11,-2,-11,-2,-11,-2,-11,-2,-10,-3,-11,-3,-11,-3,-10,-3,-10,-3,-11,-3,-10,-3,-10,-3,-10,-4,-11,-4,-10,-4,-10,0,0,-4,-10,-4,-10,-5,-10,-4,-9,-4,-9,-4,-9,-4,-9,-3,-9,-4,-8,-4,-8,-4,-9,-3,-8,-3,-8,-3,-8,-3,-8,-3,-8,-2,-8,-2,-7,-2,-7,-1,-6,-1,-7,-1,-6,0,-6,0,-6,1,-5,1,-5,0,0,0,0,0,0,0,0,0,0,0,0,0,0,-21,32,-27,34,-21,29,-28,32,-29,38,-27,38,-33,37,-32,36,-26,37,-33,37,-33,38,-31,36,-34,38,-36,43,-32,38,-30,46,-37,50,-29,46,-28,41,-32,45,-32,48,-28,46,-21,43,-26,43,-27,46,-29,47,-31,47,-25,50,-28,50,-22,51,-24,42,-24,48,-22,43,-24,49,-19,45,-22,39,-17,39,-14,49,-20,38,-23,37,-20,36,-24,34,-19,38,-19,39,-21,37,-18,29,-17,33,-22,32,-20,27,-23,23,-19,25,-23,22,-22,27,-24,16,-19,15,-22,12,-21,9,0,0,0,0,0,0,0,0,0,0,0,0,0,0,0,0,0,0,0,0,0,0,45,16,44,20,43,18,45,20,48,23,46,28,44,31,50,30,51,31,56,38,55,39,55,37,66,40,61,45,59,51,55,52,58,53,60,52,49,53,52,62,52,59,52,65,46,61,45,64,44,68,48,60,38,62,35,61,33,62,33,57,24,56,31,49,22,53,21,44,23,43,19,41,15,41,16,36,15,34,13,35,12,30,9,28,11,25,9,18,0,14,6,17,2,16,-5,12,-6,7,-7,12,-9,8,-16,7,-21,-3,-15,-5,-18,1,-19,-13,-25,-10,0,0]"
CSI_DATA,276,1a:00:00:00:00:00,-38,11,1,0,1,1,1,0,0,0,1,-96,0,11,2,3907970,0,44,0,384,0,"[0,0,0,0,0,0,0,0,0,0,0,0,-9,0,-9,0,-9,0,-10,0,-10,0,-10,0,-10,0,-10,0,-10,0,-10,0,-11,0,-11,0,-10,0,-10,0,-10,0,-11,1,-10,1,-10,1,-10,1,-10,1,-10,1,-10,2,-10,1,-10,2,-10,2,-10,2,0,0,-10,2,-10,2,-10,2,-9,3,-9,2,-9,2,-9,2,-9,2,-8,2,-8,2,-9,1,-8,1,-8,1,-7,1,-8,1,-8,1,-8,1,-7,0,-7,0,-6,0,-6,-1,-6,-1,-6,-1,-5,-1,-5,-2,-4,-2,0,0,0,0,0,0,0,0,0,0,0,0,0,0,32,16,36,16,39,17,34,24,36,23,40,26,41,24,40,30,37,30,43,28,43,33,39,25,46,28,45,28,47,29,51,25,46,29,49,26,44,27,47,21,55,19,48,21,46,19,49,21,46,24,48,26,44,17,49,16,47,20,50,14,49,14,45,12,46,19,47,13,45,8,45,18,45,16,38,11,42,20,41,13,43,15,44,12,37,15,36,12,38,14,39,23,36,21,36,12,30,19,29,17,30,18,26,18,24,19,19,22,16,15,15,18,14,19,0,0,0,0,0,0,0,0,0,0,0,0,0,0,0,0,0,0,0,0,0,0,9,-42,16,-47,15,-44,17,-49,22,-46,25,-52,25,-52,26,-51,29,-60,33,-55,35,-59,32,-61,31,-63,38,-62,47,-58,47,-58,50,-67,46,-63,53,-58,55,-52,57,-55,64,-58,61,-52,58,-51,60,-53,54,-53,61,-43,59,-40,55,-32,62,-41,49,-30,51,-29,48,-28,49,-23,47,-24,45,-23,38,-22,37,-20,34,-21,33,-17,34,-14,28,-14,21,-12,19,-9,19,-9,12,-7,12,-5,11,4,12,5,13,6,9,11,6,11,3,14,2,14,4,22,-3,25,-9,18,0,0]"
CSI_DATA,277,1a:00:00:00:00:00,-38,11,1,0,1,1,1,0,0,0,1,-96,0,11,2,3929250,0,44,0,384,0,"[0,0,0,0,0,0,0,0,0,0,0,0,-8,3,-8,4,-8,4,-9,4,-9,4,-9,3,-9,4,-9,4,-9,4,-9,4,-9,4,-9,5,-9,4,-9,4,-9,4,-9,5,-9,5,-8,5,-8,5,-8,5,-8,5,-8,5,-8,5,-8,6,-8,6,-8,5,0,0,-8,6,-8,6,-8,6,-7,6,-7,5,-7,5,-7,5,-7,5,-7,5,-7,5,-7,5,-7,4,-7,4,-6,4,-6,3,-7,4,-6,3,-6,3,-6,2,-6,2,-6,2,-6,1,-6,1,-5,1,-5,0,-5,0,0,0,0,0,0,0,0,0,0,0,0,0,0,0,33,9,36,9,42,11,43,11,40,11,43,16,42,13,47,16,40,13,47,17,46,16,42,10,46,15,46,16,43,14,52,10,50,13,52,15,51,13,50,7,59,9,46,11,50,8,53,14,46,9,46,7,51,5,51,4,48,7,54,5,49,3,49,7,44,5,48,5,43,-1,46,5,43,4,44,-1,44,3,48,-1,45,5,41,7,38,4,39,6,41,8,31,6,37,11,31,8,35,10,35,9,28,9,31,10,24,7,22,13,21,15,19,16,16,16,0,0,0,0,0,0,0,0,0,0,0,0,0,0,0,0,0,0,0,0,0,0,-1,-43,2,-46,3,-42,3,-49,5,-48,7,-50,2,-54,7,-57,6,-59,14,-59,17,-67,16,-62,17,-70,16,-71,24,-76,28,-70,28,-80,27,-67,33,-71,36,-71,38,-67,45,-69,38,-63,43,-63,46,-63,39,-59,46,-58,46,-57,45,-44,43,-53,37,-42,40,-45,40,-41,36,-36,36,-30,30,-35,32,-31,28,-28,29,-21,24,-24,26,-19,19,-22,18,-17,18,-12,11,-11,13,-15,12,-7,14,-2,9,-2,10,5,9,5,6,7,7,16,6,13,1,19,4,25,1,30,0,0]"
CSI_DATA,278,1a:00:00:00:00:00,-38,11,1,0,1,1,1,0,0,0,1,-96,0,11,2,3967943,0,44,0,384,0,"[0,0,0,0,0,0,0,0,0,0,0,0,4,-7,4,-8,5,-8,5,-8,5,-8,5,-7,5,-8,5,-8,6,-8,5,-8,5,-9,5,-9,5,-9,5,-9,5,-8,5,-9,4,-9,5,-9,4,-9,4,-9,5,-8,4,-9,4,-8,4,-10,4,-9,4,-9,0,0,4,-9,4,-9,4,-9,3,-9,3,-9,4,-9,3,-8,3,-8,3,-8,3,-8,3,-8,3,-7,3,-7,3,-7,3,-6,4,-7,3,-6,3,-6,3,-5,3,-5,4,-5,4,-4,3,-4,4,-4,4,-3,3,-3,0,0,0,0,0,0,0,0,0,0,0,0,0,0,-31,4,-42,11,-39,11,-39,6,-41,6,-39,7,-51,6,-54,5,-51,9,-47,2,-50,4,-51,5,-53,7,-48,11,-52,7,-51,12,-57,9,-55,15,-50,12,-51,9,-55,14,-52,10,-49,14,-47,14,-49,12,-48,15,-50,14,-50,21,-51,14,-51,14,-47,14,-49,15,-46,15,-41,16,-48,14,-42,14,-42,17,-37,21,-43,7,-42,14,-42,11,-41,8,-39,6,-42,10,-40,10,-40,8,-38,6,-37,8,-33,2,-36,-1,-36,0,-26,0,-27,1,-27,-2,-25,0,-22,-10,-24,-9,0,0,0,0,0,0,0,0,0,0,0,0,0,0,0,0,0,0,0,0,0,0,22,39,20,42,21,43,22,42,19,45,17,48,19,52,19,52,19,57,21,58,15,63,20,64,20,69,14,72,8,73,8,79,17,78,5,81,4,74,3,72,-3,76,-3,83,-3,77,-11,77,-8,76,-11,77,-12,66,-17,69,-17,61,-16,65,-15,58,-15,56,-18,53,-16,48,-18,48,-15,47,-11,40,-12,40,-13,34,-13,33,-13,30,-13,30,-10,25,-11,20,-10,17,-7,17,-11,13,-10,4,-9,6,-7,2,-11,-3,-14,-1,-13,-12,-13,-11,-14,-18,-17,-16,-11,-25,0,0]"
CSI_DATA,279,1a:00:00:00:00:00,-38,11,1,0,1,1,1,0,0,0,1,-96,0,11,2,3978420,0,44,0,384,0,"[0,0,0,0,0,0,0,0,0,0,0,0,-5,-8,-5,-7,-5,-7,-5,-8,-5,-8,-5,-8,-5,-8,-5,-8,-5,-8,-5,-8,-6,-9,-6,-9,-6,-9,-6,-8,-5,-8,-7,-9,-6,-8,-6,-8,-6,-8,-6,-8,-6,-8,-7,-8,-6,-8,-7,-8,-7,-8,-7,-7,0,0,-7,-7,-7,-7,-7,-7,-7,-7,-6,-7,-6,-7,-6,-6,-6,-6,-6,-6,-6,-7,-6,-7,-5,-6,-6,-6,-5,-6,-5,-6,-5,-7,-4,-6,-4,-6,-4,-6,-3,-6,-3,-6,-3,-6,-2,-5,-2,-5,-1,-5,-1,-5,0,0,0,0,0,0,0,0,0,0,0,0,0,0,-5,32,-16,39,-10,41,-17,39,-18,40,-16,41,-17,42,-21,44,-21,45,-22,48,-24,45,-20,47,-24,51,-18,46,-15,48,-13,51,-19,54,-17,54,-17,46,-20,51,-11,50,-15,48,-11,49,-14,52,-13,48,-16,49,-12,45,-10,53,-10,51,-8,50,-11,49,-8,46,-12,50,-7,48,-6,44,-10,42,-13,45,-5,43,-11,45,-6,43,-9,43,-8,37,-8,40,-7,45,-13,36,-8,40,-13,33,-10,35,-13,31,-12,26,-14,30,-13,23,-17,22,-16,25,-19,21,-21,13,-16,13,0,0,0,0,0,0,0,0,0,0,0,0,0,0,0,0,0,0,0,0,0,0,47,1,46,3,44,3,49,6,49,8,46,12,52,12,53,12,60,12,61,12,64,17,62,17,74,17,66,21,65,31,68,33,74,27,73,36,61,34,65,40,62,47,67,46,64,45,66,47,62,46,64,44,52,46,50,47,50,47,47,48,42,41,38,42,38,42,35,37,31,38,30,34,27,37,24,32,24,26,23,27,22,24,15,21,10,18,16,19,12,16,1,15,5,16,0,13,3,12,-2,6,-8,11,-8,5,-14,11,-19,0,-21,0,-23,1,-29,-1,0,0]"
CSI_DATA,280,1a:00:00:00:00:00,-38,11,1,0,1,1,1,0,0,0,1,-96,0,11,2,3988532,0,44,0,384,0,"[0,0,0,0,0,0,0,0,0,0,0,0,7,0,8,0,8,-1,8,0,8,0,8,0,8,0,8,0,9,0,8,0,9,0,9,-1,9,0,9,-1,8,0,9,-1,9,-2,8,-1,9,-2,8,-1,8,-1,8,-2,8,-1,8,-2,9,-2,9,-2,0,0,8,-3,8,-2,8,-3,8,-3,8,-2,8,-2,7,-2,7,-2,7,-3,7,-2,7,-2,7,-2,7,-2,7,-1,6,-1,7,-1,6,-1,6,-1,5,0,5,0,5,0,5,0,4,0,4,0,4,1,3,1,0,0,0,0,0,0,0,0,0,0,0,0,0,0,-33,-25,-29,-26,-32,-27,-32,-32,-38,-26,-29,-35,-38,-37,-37,-35,-35,-31,-37,-34,-35,-35,-36,-31,-40,-39,-39,-35,-38,-36,-40,-30,-45,-37,-43,-36,-38,-35,-45,-32,-46,-31,-43,-34,-42,-28,-40,-31,-40,-29,-47,-28,-46,-29,-46,-27,-46,-30,-48,-24,-44,-23,-44,-25,-38,-28,-44,-24,-46,-21,-42,-23,-41,-25,-39,-24,-39,-25,-41,-20,-42,-23,-39,-19,-34,-22,-34,-20,-31,-23,-33,-19,-36,-25,-27,-22,-29,-22,-27,-25,-26,-21,-18,-24,-19,-20,-12,-21,-15,-25,-14,-22,-9,-21,0,0,0,0,0,0,0,0,0,0,0,0,0,0,0,0,0,0,0,0,0,0,-21,42,-21,38,-28,38,-25,42,-31,39,-31,41,-33,41,-34,43,-36,49,-42,48,-45,49,-45,46,-46,55,-53,45,-57,50,-57,49,-63,53,-62,48,-57,43,-64,40,-63,43,-68,42,-66,33,-72,36,-72,31,-66,40,-65,26,-67,30,-67,21,-67,26,-55,19,-57,22,-51,17,-47,14,-49,12,-44,15,-38,15,-43,13,-40,13,-34,6,-33,6,-31,4,-27,3,-22,5,-23,6,-16,6,-13,1,-15,-4,-7,-4,-11,-6,-8,-13,-6,-15,-1,-14,4,-17,3,-22,3,-23,9,-21,0,0]"
CSI_DATA,281,1a:00:00:00:00:00,-38,11,1,0,1,1,1,0,0,0,1,-96,0,11,2,3997957,0,44,0,384,0,"[0,0,0,0,0,0,0,0,0,0,0,0,-6,-6,-7,-6,-7,-6,-8,-7,-7,-7,-7,-7,-7,-7,-7,-7,-7,-7,-7,-7,-8,-7,-8,-7,-8,-7,-8,-6,-8,-7,-9,-6,-9,-6,-8,-6,-9,-6,-9,-6,-8,-6,-9,-6,-8,-5,-9,-5,-9,-6,-9,-5,0,0,-9,-5,-9,-5,-9,-5,-9,-4,-8,-5,-8,-5,-8,-5,-8,-4,-8,-4,-7,-4,-8,-4,-7,-4,-7,-4,-7,-4,-6,-4,-7,-5,-6,-4,-6,-5,-5,-4,-5,-4,-5,-5,-4,-5,-4,-4,-3,-4,-3,-4,-2,-4,0,0,0,0,0,0,0,0,0,0,0,0,0,0,3,37,-5,44,2,43,0,37,-2,41,-6,46,-4,44,-3,48,-2,46,-5,50,-2,51,-5,48,-6,53,-3,50,-4,49,-2,52,-5,53,1,51,-2,47,5,50,4,57,0,49,7,51,3,54,3,49,6,53,8,50,5,52,7,51,11,50,1,47,7,49,1,49,6,51,11,44,4,46,12,47,7,46,8,41,8,45,6,42,5,44,3,40,2,43,-1,39,-3,37,-1,38,-1,41,-3,30,-1,29,-4,31,-4,28,-4,29,-9,27,-5,26,-11,25,-14,19,0,0,0,0,0,0,0,0,0,0,0,0,0,0,0,0,0,0,0,0,0,0,41,-12,45,-12,42,-10,48,-8,50,-5,53,-11,51,-3,56,-1,62,-9,65,-7,64,0,66,-1,75,-5,71,3,71,7,76,10,75,7,80,16,74,12,75,18,79,20,80,21,75,24,74,25,71,26,68,26,60,32,59,30,60,27,59,27,51,26,54,31,52,27,43,20,43,27,37,24,36,21,34,24,26,23,28,18,27,17,24,15,19,16,14,16,16,11,15,20,12,10,3,8,4,13,6,9,-4,13,-4,10,-12,10,-14,2,-20,10,-20,10,-28,6,0,0]"
CSI_DATA,282,1a:00:00:00:00:00,-38,11,1,0,1,1,1,0,0,0,1,-96,0,11,2,4009394,0,44,0,384,0,"[0,0,0,0,0,0,0,0,0,0,0,0,-1,8,-1,8,-1,9,-2,9,-2,9,-2,8,-2,9,-2,8,-2,9,-2,9,-2,9,-1,10,-2,9,-1,9,-1,9,-1,10,0,9,0,9,0,9,0,9,0,9,0,9,0,9,1,9,1,9,0,9,0,0,1,9,1,9,1,9,2,9,1,8,1,8,1,8,1,8,1,8,1,8,1,8,0,7,0,7,0,7,0,7,0,7,0,7,0,6,-1,6,-1,5,-1,5,-1,5,-2,5,-2,4,-2,4,-3,3,0,0,0,0,0,0,0,0,0,0,0,0,0,0,27,-26,21,-25,27,-33,32,-33,32,-31,30,-32,34,-35,34,-37,31,-33,39,-32,32,-37,35,-31,38,-33,36,-37,36,-34,35,-39,38,-43,36,-39,39,-41,34,-38,37,-43,33,-41,32,-40,31,-41,32,-42,36,-41,32,-38,28,-46,31,-43,30,-45,26,-36,25,-41,25,-40,29,-43,21,-44,27,-38,22,-42,17,-41,26,-36,25,-36,23,-35,25,-33,23,-34,25,-35,26,-34,23,-31,24,-27,28,-29,26,-23,22,-19,22,-22,25,-17,24,-16,23,-16,24,-13,17,-7,24,-7,0,0,0,0,0,0,0,0,0,0,0,0,0,0,0,0,0,0,0,0,0,0,-40,-19,-44,-26,-41,-25,-45,-27,-40,-28,-42,-34,-42,-31,-45,-35,-46,-38,-49,-41,-50,-45,-50,-47,-58,-47,-49,-49,-47,-58,-47,-58,-56,-62,-46,-60,-45,-58,-45,-65,-42,-69,-39,-73,-33,-68,-37,-70,-32,-69,-37,-67,-28,-66,-26,-66,-24,-60,-23,-68,-19,-52,-24,-59,-14,-57,-12,-49,-13,-51,-14,-43,-8,-45,-7,-38,-10,-36,-8,-36,-5,-35,-3,-27,-1,-27,-4,-24,1,-20,-5,-13,0,-17,2,-17,2,-10,9,-8,10,-3,13,-3,15,-1,10,-4,18,3,17,7,23,12,0,0]"
CSI_DATA,283,1a:00:00:00:00:00,-38,11,1,0,1,1,1,0,0,0,1,-96,0,11,2,4027950,0,44,0,384,0,"[0,0,0,0,0,0,0,0,0,0,0,0,-4,7,-4,7,-4,8,-5,8,-5,8,-5,8,-5,8,-5,8,-5,8,-4,8,-5,9,-5,9,-5,9,-4,9,-5,8,-4,9,-4,9,-4,9,-3,9,-4,9,-4,8,-3,9,-3,8,-3,10,-3,9,-3,9,0,0,-3,9,-3,9,-3,9,-2,9,-3,8,-2,9,-3,8,-2,8,-2,8,-3,8,-3,8,-3,7,-3,7,-3,7,-3,6,-3,7,-3,6,-3,6,-3,5,-3,5,-4,5,-4,4,-4,4,-4,3,-4,3,-4,2,0,0,0,0,0,0,0,0,0,0,0,0,0,0,37,-25,38,-15,35,-21,38,-23,36,-16,45,-14,45,-22,43,-21,44,-18,48,-16,44,-20,48,-15,51,-23,48,-16,52,-17,48,-20,52,-25,48,-22,45,-18,45,-22,52,-28,49,-25,42,-25,43,-28,41,-26,42,-26,41,-24,44,-23,45,-28,45,-28,43,-23,47,-28,37,-27,40,-30,37,-28,38,-25,40,-27,37,-28,36,-22,35,-24,38,-23,37,-20,37,-19,37,-20,29,-16,31,-17,33,-15,31,-17,35,-12,31,-12,31,-10,29,-8,25,-7,25,-3,24,-3,24,2,21,1,0,0,0,0,0,0,0,0,0,0,0,0,0,0,0,0,0,0,0,0,0,0,-33,-32,-33,-36,-28,-35,-32,-37,-33,-43,-31,-45,-31,-46,-31,-47,-41,-50,-33,-55,-33,-62,-30,-62,-38,-67,-32,-69,-22,-71,-27,-67,-31,-73,-24,-75,-24,-75,-21,-78,-19,-76,-17,-79,-10,-74,-8,-76,-2,-77,-11,-76,0,-69,-1,-76,0,-68,2,-67,-2,-59,-1,-56,2,-58,-1,-52,5,-55,0,-48,5,-43,4,-39,5,-36,4,-34,4,-32,-1,-32,9,-27,5,-23,6,-20,8,-10,7,-14,7,-12,10,-7,13,-5,9,-1,8,5,13,3,10,3,16,13,16,20,16,19,0,0]"
CSI_DATA,284,1a:00:00:00:00:00,-38,11,1,0,1,1,1,0,0,0,1,-96,0,11,2,4047951,0,44,0,384,0,"[0,0,0,0,0,0,0,0,0,0,0,0,4,6,4,6,4,6,4,7,4,7,4,7,4,7,4,7,4,7,5,7,5,7,6,7,5,7,5,7,5,7,6,7,6,6,5,6,6,6,6,6,5,6,6,6,6,6,6,5,7,6,6,6,0,0,6,5,6,6,7,5,6,5,6,5,6,5,6,5,5,5,6,5,5,4,6,5,5,4,5,4,5,4,4,5,4,5,4,4,3,4,3,4,3,4,2,4,2,4,2,4,1,4,1,4,0,3,0,0,0,0,0,0,0,0,0,0,0,0,0,0,1,-34,3,-35,3,-46,0,-45,6,-44,6,-45,5,-47,4,-49,4,-48,6,-49,5,-47,4,-52,5,-52,4,-50,5,-48,1,-53,3,-58,2,-57,7,-54,4,-51,-1,-59,1,-52,-3,-58,-4,-55,0,-52,-2,-50,-2,-46,-5,-49,-6,-52,-6,-54,-5,-51,-5,-52,-4,-46,-3,-53,-7,-44,-4,-50,-5,-50,-7,-48,-3,-48,-5,-42,-9,-38,-2,-46,-11,-43,-2,-42,0,-45,-3,-37,-1,-38,-2,-40,2,-33,4,-30,8,-31,3,-25,6,-29,8,-28,9,-30,8,-22,12,-20,0,0,0,0,0,0,0,0,0,0,0,0,0,0,0,0,0,0,0,0,0,0,-42,12,-44,12,-43,4,-48,12,-51,2,-58,0,-53,4,-54,3,-63,3,-61,2,-64,-3,-68,0,-75,3,-74,-3,-77,-12,-71,-13,-85,-10,-67,-18,-76,-20,-78,-21,-77,-28,-76,-30,-73,-27,-73,-27,-79,-31,-71,-28,-63,-34,-65,-32,-55,-35,-62,-30,-42,-27,-55,-32,-50,-30,-45,-31,-45,-31,-42,-30,-34,-25,-34,-24,-30,-23,-31,-24,-29,-24,-25,-20,-22,-22,-16,-16,-12,-15,-16,-17,-8,-16,-8,-18,-3,-10,2,-15,-1,-13,10,-16,17,-7,15,-13,19,-5,19,-5,25,-10,0,0]"
CSI_DATA,285,1a:00:00:00:00:00,-38,11,1,0,1,1,1,0,0,0,1,-96,0,11,2,4058070,0,44,0,384,0,"[0,0,0,0,0,0,0,0,0,0,0,0,-8,-3,-8,-3,-9,-3,-9,-3,-9,-3,-9,-4,-9,-3,-9,-4,-9,-3,-9,-4,-10,-4,-10,-3,-10,-3,-10,-3,-9,-3,-10,-3,-10,-3,-9,-3,-9,-2,-10,-2,-9,-3,-10,-2,-9,-2,-10,-2,-10,-2,-10,-2,0,0,-10,-1,-10,-2,-10,-1,-10,-1,-9,-1,-9,-1,-9,-1,-8,-1,-8,-1,-8,-2,-9,-2,-8,-2,-8,-2,-7,-2,-8,-2,-8,-2,-7,-2,-7,-2,-6,-3,-6,-3,-6,-3,-5,-3,-5,-3,-4,-3,-4,-3,-3,-3,0,0,0,0,0,0,0,0,0,0,0,0,0,0,17,29,22,36,22,33,22,37,26,37,25,40,26,41,23,43,30,43,24,43,27,44,22,46,29,42,30,49,25,39,28,42,29,48,27,43,26,44,34,43,36,42,28,41,31,38,30,44,24,38,33,40,34,32,34,37,32,38,34,35,33,34,30,35,35,35,37,40,37,30,28,32,32,33,31,32,31,34,31,27,33,26,29,28,22,33,25,30,21,33,26,30,27,27,24,33,18,26,15,28,16,27,16,28,10,25,8,26,8,24,7,23,2,23,0,0,0,0,0,0,0,0,0,0,0,0,0,0,0,0,0,0,0,0,0,0,28,-37,27,-34,31,-38,34,-37,38,-38,39,-32,37,-34,42,-38,44,-45,54,-41,53,-38,50,-42,56,-46,58,-39,67,-31,67,-40,65,-48,72,-35,67,-33,72,-28,77,-22,77,-30,72,-22,77,-23,76,-22,74,-21,70,-14,66,-12,68,-9,66,-15,59,-10,63,-6,56,-4,47,-3,55,-2,49,-7,43,-1,41,-4,35,3,37,2,33,-1,31,-4,22,-1,22,-2,21,1,13,5,16,6,6,12,12,7,6,10,2,11,-5,11,-6,15,-5,10,-15,19,-14,22,-18,21,0,0]"
CSI_DATA,286,1a:00:00:00:00:00,-38,11,1,0,1,1,1,0,0,0,1,-96,0,11,2,4068073,0,44,0,384,0,"[0,0,0,0,0,0,0,0,0,0,0,0,-8,1,-8,1,-8,2,-9,1,-9,1,-9,1,-9,1,-9,1,-9,1,-9,2,-10,2,-10,2,-9,2,-9,2,-9,1,-10,3,-9,3,-9,3,-9,3,-9,3,-9,2,-9,3,-9,3,-9,4,-9,4,-9,3,0,0,-8,4,-9,4,-8,4,-8,4,-8,3,-8,3,-8,3,-7,3,-7,3,-7,3,-8,3,-7,3,-7,3,-7,2,-7,2,-7,2,-7,2,-6,1,-6,1,-6,1,-6,0,-6,0,-6,0,-5,0,-5,-1,-5,-1,0,0,0,0,0,0,0,0,0,0,0,0,0,0,27,18,36,14,38,18,33,22,34,27,35,26,40,28,40,30,36,29,40,23,38,26,37,29,48,29,42,31,44,24,43,28,49,27,47,25,42,25,44,24,49,21,48,25,39,19,43,27,44,25,45,27,45,21,48,20,47,22,52,17,45,19,47,14,48,16,44,18,44,14,44,19,39,19,41,18,40,21,43,15,46,19,36,16,36,18,35,19,34,21,35,21,31,20,33,21,28,16,24,15,24,22,22,19,20,19,17,17,14,19,15,17,10,18,0,0,0,0,0,0,0,0,0,0,0,0,0,0,0,0,0,0,0,0,0,0,6,-45,10,-49,5,-47,12,-46,13,-52,15,-51,18,-50,22,-58,17,-60,22,-56,24,-65,23,-61,23,-72,36,-67,39,-64,39,-69,35,-66,45,-64,43,-62,49,-57,57,-59,54,-63,54,-58,55,-55,55,-57,52,-57,53,-42,50,-45,58,-42,53,-41,47,-34,49,-33,52,-29,41,-29,48,-28,44,-24,39,-23,37,-21,32,-20,30,-21,31,-12,26,-19,25,-11,26,-12,14,-10,18,-10,19,-3,9,0,12,2,7,9,8,8,6,8,2,13,1,19,-1,20,-4,17,-5,24,0,0]"
CSI_DATA,287,1a:00:00:00:00:00,-38,11,1,0,1,1,1,0,0,0,1,-96,0,11,2,4078875,0,44,0,384,0,"[0,0,0,0,0,0,0,0,0,0,0,0,-8,-5,-8,-6,-8,-5,-8,-6,-8,-6,-8,-6,-9,-6,-8,-6,-8,-6,-8,-6,-9,-6,-9,-6,-9,-6,-9,-6,-9,-6,-10,-6,-9,-5,-9,-5,-9,-5,-9,-5,-9,-5,-9,-5,-9,-5,-10,-4,-10,-5,-10,-4,0,0,-10,-4,-10,-4,-10,-4,-10,-3,-9,-4,-9,-4,-9,-4,-9,-4,-9,-3,-8,-3,-9,-4,-8,-4,-8,-4,-7,-4,-7,-4,-7,-4,-7,-4,-6,-4,-6,-4,-6,-4,-5,-4,-5,-4,-4,-4,-4,-4,-3,-4,-3,-4,0,0,0,0,0,0,0,0,0,0,0,0,0,0,6,39,6,38,5,40,5,45,6,42,3,42,7,46,8,50,8,46,5,51,4,52,4,46,4,52,8,49,5,50,9,49,6,59,8,50,9,53,5,55,14,52,11,53,14,44,12,50,8,51,17,53,15,47,17,50,13,50,18,47,13,47,16,44,14,43,15,47,21,43,13,46,17,41,15,45,11,40,20,38,18,37,12,39,14,45,11,42,11,36,13,39,9,39,7,33,6,31,6,30,5,34,1,31,-1,28,-1,26,-3,25,-1,24,-9,20,0,0,0,0,0,0,0,0,0,0,0,0,0,0,0,0,0,0,0,0,0,0,40,-20,44,-15,43,-18,47,-20,50,-13,49,-13,51,-15,55,-10,61,-16,60,-12,62,-12,66,-13,73,-17,75,-6,73,-2,74,-4,80,-5,73,3,76,8,76,10,77,12,83,13,75,13,78,14,78,16,75,15,69,20,67,16,63,24,67,18,52,19,56,21,53,23,43,14,49,24,42,16,36,14,40,15,32,13,31,14,29,15,29,13,19,11,18,8,19,7,5,12,8,12,5,14,8,15,2,9,-1,13,-11,9,-12,10,-13,3,-25,14,-23,13,-22,10,0,0]"
CSI_DATA,288,1a:00:00:00:00:00,-38,11,1,0,1,1,1,0,0,0,1,-96,0,11,2,4089617,0,44,0,384,0,"[0,0,0,0,0,0,0,0,0,0,0,0,-8,1,-9,2,-9,2,-10,2,-10,1,-9,1,-10,2,-9,1,-10,2,-9,1,-10,2,-10,2,-10,2,-10,2,-10,2,-10,3,-10,3,-9,3,-9,3,-10,3,-9,3,-9,3,-9,3,-10,3,-9,3,-9,4,0,0,-9,4,-9,4,-9,4,-9,4,-8,3,-9,4,-8,3,-8,3,-8,4,-8,3,-8,3,-8,3,-7,3,-8,2,-7,2,-8,2,-7,2,-7,1,-7,1,-6,1,-6,0,-6,0,-6,0,-6,-1,-5,-1,-4,-1,0,0,0,0,0,0,0,0,0,0,0,0,0,0,32,14,40,12,38,7,40,12,42,18,40,17,41,18,47,16,48,20,43,16,45,16,46,14,50,20,49,19,45,21,50,14,51,18,47,17,46,18,49,18,53,8,47,13,46,13,50,13,49,11,49,14,51,10,55,10,48,11,53,6,49,9,49,9,49,11,50,11,44,1,44,13,44,4,44,5,41,9,44,4,47,7,41,9,38,8,39,9,32,9,41,14,36,15,35,13,31,12,28,14,31,11,28,12,24,16,21,16,17,15,16,16,12,17,0,0,0,0,0,0,0,0,0,0,0,0,0,0,0,0,0,0,0,0,0,0,-7,-44,-1,-46,-3,-47,-4,-51,5,-51,4,-53,3,-51,2,-57,5,-63,14,-65,12,-66,12,-66,12,-76,18,-71,24,-65,27,-74,17,-75,27,-73,34,-73,33,-69,34,-67,40,-75,40,-70,43,-61,49,-64,40,-62,44,-53,43,-53,44,-49,43,-49,38,-47,44,-44,39,-41,33,-38,37,-34,32,-34,31,-29,32,-31,27,-23,27,-22,22,-18,22,-23,19,-20,16,-14,12,-11,18,-6,15,-8,9,0,11,1,9,4,6,11,8,11,5,14,9,16,1,21,2,29,0,23,0,0]"
CSI_DATA,289,1a:00:00:00:00:00,-38,11,1,0,1,1,1,0,0,0,1,-96,0,11,2,4097947,0,44,0,384,0,"[0,0,0,0,0,0,0,0,0,0,0,0,-2,-9,-3,-9,-3,-9,-3,-10,-2,-10,-2,-10,-3,-10,-3,-10,-2,-10,-3,-10,-3,-10,-4,-10,-3,-10,-4,-10,-3,-10,-4,-10,-4,-10,-4,-9,-4,-10,-4,-10,-4,-9,-4,-10,-4,-9,-5,-10,-5,-9,-5,-9,0,0,-5,-9,-5,-9,-5,-9,-5,-8,-5,-9,-5,-9,-5,-8,-4,-8,-5,-8,-5,-7,-5,-8,-4,-8,-4,-8,-4,-8,-3,-7,-3,-8,-3,-7,-3,-7,-2,-7,-2,-6,-2,-6,-1,-6,-1,-6,-1,-5,0,-5,0,-5,0,0,0,0,0,0,0,0,0,0,0,0,0,0,-26,22,-27,24,-30,36,-31,29,-36,34,-35,31,-33,26,-36,33,-35,33,-36,32,-38,28,-37,32,-40,29,-39,32,-34,34,-36,32,-39,40,-37,39,-35,35,-35,36,-38,41,-31,40,-32,37,-29,36,-34,35,-35,35,-30,35,-31,45,-29,40,-29,43,-26,35,-28,37,-28,38,-27,45,-27,38,-25,33,-25,38,-24,37,-29,35,-24,32,-20,35,-26,33,-27,32,-26,30,-26,33,-27,29,-30,25,-24,28,-25,18,-24,17,-24,19,-23,18,-24,17,-18,10,-21,11,-21,7,-21,3,0,0,0,0,0,0,0,0,0,0,0,0,0,0,0,0,0,0,0,0,0,0,39,19,38,14,39,20,42,25,40,23,41,28,42,27,45,33,46,39,48,37,48,41,44,39,57,46,53,48,49,51,44,56,49,54,49,60,44,59,39,62,40,68,37,72,34,65,36,71,36,69,34,61,27,64,24,62,26,64,25,65,18,53,22,51,16,53,14,46,12,48,12,48,12,41,11,39,9,35,12,35,10,34,9,27,3,24,5,21,1,15,1,21,-3,13,-10,11,-6,10,-5,9,-10,8,-13,0,-18,-1,-16,-2,-20,-9,-23,-9,-24,-11,0,0]"
CSI_DATA,290,1a:00:00:00:00:00,-38,11,1,0,1,1,1,0,0,0,1,-96,0,11,2,4107945,0,44,0,384,0,"[0,0,0,0,0,0,0,0,0,0,0,0,-6,-6,-6,-6,-7,-6,-7,-7,-7,-7,-7,-7,-7,-7,-7,-7,-7,-7,-7,-7,-7,-7,-8,-6,-8,-7,-8,-6,-7,-7,-8,-6,-8,-6,-7,-6,-8,-6,-8,-6,-7,-6,-8,-6,-8,-5,-8,-5,-8,-6,-8,-5,0,0,-8,-5,-8,-5,-8,-5,-8,-4,-7,-5,-8,-5,-7,-4,-7,-5,-7,-4,-7,-4,-7,-5,-7,-5,-7,-4,-6,-5,-6,-5,-6,-5,-6,-5,-5,-5,-5,-5,-4,-4,-4,-5,-4,-5,-3,-5,-3,-4,-2,-4,-2,-4,0,0,0,0,0,0,0,0,0,0,0,0,0,0,0,37,0,41,-3,44,-1,41,-4,46,-8,47,-2,47,-2,49,-3,42,-5,50,-6,48,-4,46,-6,47,-7,49,-4,50,-1,53,-5,58,-1,52,-4,48,-3,50,2,57,-4,53,0,54,-2,52,-2,52,-2,54,2,47,1,51,3,52,5,49,3,46,-1,50,-4,49,2,52,7,47,-2,48,0,45,1,46,-4,44,3,41,3,41,-1,41,-2,42,-2,41,0,40,-3,38,-2,36,-4,35,-6,35,-9,28,-10,30,-8,27,-8,21,-8,25,-11,19,-12,21,-13,19,0,0,0,0,0,0,0,0,0,0,0,0,0,0,0,0,0,0,0,0,0,0,37,-23,42,-20,40,-16,44,-19,46,-18,54,-16,55,-13,55,-15,58,-16,60,-13,63,-17,65,-11,76,-19,75,-8,73,-4,72,-1,81,-5,76,3,76,7,74,10,76,14,80,16,70,18,77,16,78,23,78,13,66,25,64,21,64,25,64,22,49,24,54,22,52,24,47,21,42,24,44,22,34,17,39,14,31,18,30,20,27,15,21,17,21,12,19,10,16,11,13,11,7,13,2,8,5,13,1,10,-1,12,-9,9,-15,12,-17,6,-22,13,-18,9,-20,6,0,0]"
CSI_DATA,291,1a:00:00:00:00:00,-38,11,1,0,1,1,1,0,0,0,1,-96,0,11,2,4122200,0,44,0,384,0,"[0,0,0,0,0,0,0,0,0,0,0,0,-9,-1,-9,-1,-9,-1,-10,-2,-9,-2,-10,-2,-10,-2,-10,-2,-10,-2,-9,-1,-11,-2,-11,-1,-10,-1,-10,-1,-10,-1,-11,-1,-11,0,-10,0,-10,0,-10,0,-10,-1,-10,0,-9,-1,-10,1,-10,0,-10,0,0,0,-10,1,-10,0,-10,1,-9,1,-9,0,-9,0,-9,1,-9,0,-9,1,-8,0,-9,0,-8,0,-8,0,-8,0,-8,0,-8,-1,-7,-1,-7,-1,-7,-1,-6,-1,-6,-2,-6,-2,-5,-2,-5,-2,-5,-3,-4,-3,0,0,0,0,0,0,0,0,0,0,0,0,0,0,19,30,20,32,21,33,21,37,20,40,17,40,25,44,23,45,21,41,24,46,22,40,22,42,25,47,18,48,21,46,24,45,28,53,27,44,19,44,26,44,34,45,26,41,23,37,26,46,22,41,25,44,30,38,32,38,29,42,34,40,27,35,31,41,27,36,30,39,30,31,24,38,23,36,25,38,22,37,26,33,27,32,20,36,18,35,21,39,16,34,17,36,18,34,15,33,13,28,12,29,11,29,5,28,7,26,4,23,2,28,-1,20,-1,19,0,0,0,0,0,0,0,0,0,0,0,0,0,0,0,0,0,0,0,0,0,0,16,-39,24,-38,21,-38,27,-42,29,-37,37,-40,38,-42,42,-39,43,-47,47,-43,48,-45,51,-45,54,-51,56,-43,59,-38,62,-45,67,-48,69,-37,66,-39,73,-33,75,-30,73,-34,71,-28,77,-27,73,-24,71,-25,69,-13,69,-17,66,-10,68,-10,57,-8,58,-9,55,-5,51,-6,50,-3,44,-5,42,-5,44,-10,36,-5,35,4,34,1,27,0,22,0,21,1,24,2,14,8,12,3,7,4,8,11,5,11,3,14,-4,12,-3,10,-8,13,-12,16,-18,16,-22,20,0,0]"
CSI_DATA,292,1a:00:00:00:00:00,-38,11,1,0,1,1,1,0,0,0,1,-96,0,11,2,4127920,0,44,0,384,0,"[0,0,0,0,0,0,0,0,0,0,0,0,-5,6,-5,6,-5,7,-6,7,-6,6,-6,6,-6,7,-6,7,-6,7,-5,7,-6,7,-5,7,-6,7,-5,7,-5,7,-5,8,-5,8,-5,7,-4,8,-4,8,-4,8,-4,8,-4,7,-3,8,-4,8,-4,8,0,0,-3,8,-3,8,-3,8,-3,8,-3,7,-3,7,-3,7,-3,7,-3,7,-3,7,-3,7,-3,7,-3,6,-3,6,-3,6,-3,6,-3,6,-3,5,-3,5,-3,4,-4,4,-4,4,-3,3,-4,3,-4,2,-4,2,0,0,0,0,0,0,0,0,0,0,0,0,0,0,42,-9,37,-13,41,-12,39,-10,44,-10,40,-8,48,-11,48,-11,45,-8,45,-5,45,-11,45,-9,52,-10,50,-9,51,-12,50,-16,52,-12,49,-15,46,-12,49,-11,55,-18,53,-19,43,-21,44,-19,46,-16,41,-22,46,-18,43,-22,47,-17,44,-23,46,-23,47,-24,41,-17,44,-26,45,-22,43,-22,40,-22,41,-22,39,-24,41,-20,42,-17,43,-12,37,-19,35,-20,33,-13,37,-17,31,-12,34,-12,34,-10,29,-6,33,-5,29,-4,25,-2,24,3,25,2,22,3,21,6,0,0,0,0,0,0,0,0,0,0,0,0,0,0,0,0,0,0,0,0,0,0,-24,-38,-18,-40,-22,-42,-23,-46,-19,-46,-19,-53,-20,-48,-19,-57,-23,-61,-19,-61,-18,-64,-22,-64,-22,-71,-18,-71,-15,-74,-11,-78,-16,-80,-11,-79,-6,-78,2,-77,4,-74,2,-82,3,-80,3,-81,3,-81,7,-76,9,-70,16,-71,16,-65,10,-66,15,-57,14,-59,13,-53,14,-50,16,-49,13,-50,13,-46,9,-41,14,-36,10,-35,10,-31,7,-29,10,-27,10,-23,11,-20,2,-9,7,-4,6,-10,5,0,9,-5,12,6,11,1,11,7,13,10,13,18,12,14,20,26,0,0]"
CSI_DATA,293,1a:00:00:00:00:00,-38,11,1,0,1,1,1,0,0,0,1,-96,0,11,2,4137959,0,44,0,384,0,"[0,0,0,0,0,0,0,0,0,0,0,0,-8,3,-8,4,-9,4,-9,4,-9,3,-9,3,-9,4,-9,4,-9,4,-9,4,-9,4,-9,5,-9,5,-9,5,-9,4,-9,5,-9,5,-9,5,-8,5,-9,5,-8,5,-8,5,-8,5,-8,6,-8,6,-8,6,0,0,-8,6,-8,6,-8,6,-7,6,-7,5,-7,6,-7,6,-7,5,-7,5,-6,5,-7,5,-6,5,-6,5,-6,5,-6,4,-7,4,-6,4,-6,3,-6,3,-6,3,-6,2,-6,2,-6,1,-5,1,-5,0,-5,0,0,0,0,0,0,0,0,0,0,0,0,0,0,0,32,16,41,14,41,21,37,23,38,20,39,13,42,20,45,26,41,19,39,25,44,19,43,24,48,25,46,20,44,22,47,20,54,22,45,19,45,23,48,20,54,19,47,14,46,16,51,20,44,21,45,23,47,12,49,14,44,15,49,12,49,15,50,14,43,15,49,13,47,8,43,12,41,12,47,10,43,12,44,14,41,10,42,17,37,10,40,10,37,13,36,13,33,14,33,10,29,18,29,15,27,13,24,21,20,15,20,16,19,19,12,20,14,18,0,0,0,0,0,0,0,0,0,0,0,0,0,0,0,0,0,0,0,0,0,0,-2,-41,6,-48,5,-45,6,-50,9,-53,10,-54,11,-55,17,-57,15,-58,18,-57,19,-64,20,-64,21,-72,27,-71,35,-69,32,-65,32,-78,39,-66,44,-66,45,-59,49,-63,50,-65,50,-62,50,-61,53,-57,47,-62,51,-47,51,-48,50,-44,49,-49,38,-36,45,-41,43,-33,40,-30,41,-28,34,-27,38,-27,33,-29,30,-20,26,-21,30,-14,26,-16,23,-12,22,-11,15,-12,20,-7,14,-1,13,-5,12,1,7,7,10,5,6,8,4,15,2,13,5,26,0,24,-3,25,0,0]"
CSI_DATA,294,1a:00:00:00:00:00,-38,11,1,0,1,1,1,0,0,0,1,-96,0,11,2,4148726,0,44,0,384,0,"[0,0,0,0,0,0,0,0,0,0,0,0,-8,4,-8,4,-8,4,-9,4,-9,4,-9,4,-9,4,-8,4,-9,4,-8,5,-9,5,-9,5,-8,5,-8,5,-8,5,-9,6,-8,6,-8,5,-8,6,-8,6,-8,5,-8,6,-7,5,-7,7,-8,6,-7,6,0,0,-7,6,-7,6,-7,7,-6,6,-7,6,-7,6,-6,6,-6,5,-6,6,-6,5,-6,6,-6,5,-6,5,-6,4,-6,4,-6,4,-6,4,-6,4,-6,3,-5,3,-6,2,-5,2,-5,2,-5,1,-5,1,-5,0,0,0,0,0,0,0,0,0,0,0,0,0,0,0,38,17,35,13,40,11,42,16,38,14,40,10,40,12,44,16,38,15,44,14,43,18,42,14,52,18,42,19,43,16,47,14,49,14,49,14,43,18,50,10,53,12,50,9,47,9,47,11,47,13,46,13,45,10,46,6,44,8,51,5,49,2,50,7,47,5,48,6,47,1,45,8,46,5,43,4,42,8,42,6,42,3,37,8,34,6,36,5,35,7,36,10,32,11,31,9,33,13,26,12,29,13,27,15,23,11,16,15,18,10,16,14,15,14,0,0,0,0,0,0,0,0,0,0,0,0,0,0,0,0,0,0,0,0,0,0,-3,-41,2,-44,2,-45,1,-45,5,-49,7,-46,9,-52,14,-54,11,-65,14,-58,17,-62,13,-64,14,-71,21,-68,25,-66,27,-67,28,-76,28,-71,31,-64,34,-62,42,-65,44,-69,43,-63,42,-63,46,-64,40,-62,45,-54,48,-55,43,-46,43,-50,33,-45,44,-42,41,-34,37,-33,42,-31,34,-32,26,-26,31,-25,25,-26,29,-23,23,-18,21,-21,20,-13,15,-13,18,-14,8,-10,11,-6,12,-2,7,1,9,4,3,11,5,7,9,18,4,14,-1,18,7,21,-6,26,0,0]"
CSI_DATA,295,1a:00:00:00:00:00,-38,11,1,0,1,1,1,0,0,0,1,-96,0,11,2,4160919,0,44,0,384,0,"[0,0,0,0,0,0,0,0,0,0,0,0,6,3,7,3,7,3,7,4,7,4,7,4,7,4,7,4,7,4,7,4,8,4,8,3,8,3,8,3,7,4,9,3,8,3,8,3,8,2,8,3,8,3,8,2,8,3,8,2,8,2,8,2,0,0,8,2,8,2,8,2,8,1,7,2,7,2,7,2,7,2,7,1,7,2,7,2,6,2,6,2,6,2,6,2,6,2,6,2,5,2,5,3,4,2,4,3,4,3,3,3,3,3,2,3,2,3,0,0,0,0,0,0,0,0,0,0,0,0,0,0,-16,-38,-15,-38,-22,-36,-14,-38,-17,-43,-15,-42,-18,-49,-17,-48,-19,-41,-17,-45,-16,-47,-17,-43,-18,-53,-19,-48,-18,-46,-21,-46,-19,-53,-21,-50,-22,-49,-24,-47,-27,-45,-25,-45,-31,-43,-24,-50,-20,-43,-26,-48,-23,-42,-26,-44,-28,-47,-29,-43,-28,-43,-26,-42,-21,-42,-26,-42,-31,-38,-29,-43,-21,-38,-28,-45,-23,-39,-27,-33,-25,-34,-25,-34,-22,-38,-21,-38,-14,-37,-15,-33,-19,-31,-13,-37,-14,-29,-11,-30,-6,-30,-9,-27,-9,-29,-5,-24,-3,-26,-4,-22,2,-22,0,0,0,0,0,0,0,0,0,0,0,0,0,0,0,0,0,0,0,0,0,0,-33,34,-34,28,-36,30,-39,32,-39,31,-42,31,-48,29,-47,30,-58,32,-48,32,-57,34,-59,33,-66,39,-73,35,-71,26,-72,27,-76,30,-74,23,-72,22,-82,14,-81,14,-84,12,-75,8,-76,14,-79,7,-75,13,-73,2,-74,4,-64,-2,-65,0,-57,-2,-61,-6,-56,-8,-52,-3,-53,-8,-47,-1,-41,-5,-37,-3,-36,-7,-36,-2,-34,-5,-31,-5,-22,-7,-20,-7,-20,-8,-20,-5,-12,-11,-6,-5,-6,-6,-5,-13,-5,-14,4,-14,10,-10,11,-14,16,-21,13,-21,20,-20,0,0]"
CSI_DATA,296,1a:00:00:00:00:00,-38,11,1,0,1,1,1,0,0,0,1,-96,0,11,2,4178445,0,44,0,384,0,"[0,0,0,0,0,0,0,0,0,0,0,0,7,1,7,1,8,1,8,2,8,2,8,2,8,1,8,2,8,2,8,1,9,2,9,1,9,2,9,1,8,1,9,0,9,0,8,0,8,0,8,0,8,1,8,0,8,0,9,-1,9,0,9,-1,0,0,8,-1,8,-1,8,-1,8,-1,8,-1,8,-1,8,-1,7,-1,7,-1,7,-1,7,0,7,0,7,-1,6,0,6,0,7,0,6,0,5,0,5,1,5,1,5,1,5,1,4,1,4,1,3,2,3,2,0,0,0,0,0,0,0,0,0,0,0,0,0,0,-21,-33,-20,-33,-26,-37,-25,-36,-24,-39,-21,-41,-17,-41,-22,-47,-22,-42,-22,-41,-26,-46,-26,-41,-24,-46,-24,-47,-20,-44,-28,-45,-32,-51,-30,-47,-30,-51,-29,-46,-34,-44,-29,-41,-30,-38,-31,-39,-29,-39,-31,-43,-31,-38,-35,-38,-29,-43,-38,-43,-34,-34,-37,-36,-28,-34,-37,-39,-37,-28,-31,-36,-31,-33,-28,-31,-29,-32,-30,-30,-32,-33,-28,-31,-27,-30,-28,-36,-27,-32,-24,-30,-26,-31,-23,-32,-19,-30,-19,-27,-17,-29,-14,-26,-14,-26,-8,-28,-11,-26,-6,-23,-1,-21,0,0,0,0,0,0,0,0,0,0,0,0,0,0,0,0,0,0,0,0,0,0,-33,29,-39,26,-39,25,-41,29,-42,29,-45,29,-41,27,-46,30,-55,30,-53,29,-54,30,-56,31,-66,36,-69,33,-73,25,-67,22,-75,30,-75,23,-71,21,-73,19,-75,19,-86,14,-75,9,-78,7,-76,9,-76,10,-74,1,-73,3,-66,-3,-68,4,-52,2,-59,-2,-57,-6,-53,-5,-50,-5,-49,2,-45,-6,-42,-1,-38,-1,-34,0,-33,-3,-30,-5,-26,-5,-20,-2,-19,-5,-19,-11,-15,-9,-9,-5,-4,-11,-5,-8,2,-11,-2,-14,6,-15,10,-12,11,-22,21,-16,20,-16,0,0]"
CSI_DATA,297,1a:00:00:00:00:00,-38,11,1,0,1,1,1,0,0,0,1,-96,0,11,2,4187954,0,44,0,384,0,"[0,0,0,0,0,0,0,0,0,0,0,0,8,-1,8,-1,9,-1,9,-1,9,0,9,0,9,-1,9,0,9,-1,9,-1,9,-1,10,-1,9,-1,9,-1,9,-1,10,-2,9,-2,9,-2,9,-2,9,-2,9,-1,9,-2,8,-2,9,-3,9,-2,9,-3,0,0,9,-3,9,-3,9,-3,8,-3,8,-2,8,-2,8,-3,7,-2,8,-2,8,-2,8,-2,7,-2,7,-2,7,-2,7,-1,7,-1,6,-1,6,-1,6,0,5,0,5,0,5,0,5,0,4,1,4,1,3,1,0,0,0,0,0,0,0,0,0,0,0,0,0,0,-27,-26,-26,-29,-36,-23,-28,-31,-35,-29,-34,-31,-32,-30,-36,-32,-34,-36,-39,-36,-36,-36,-36,-35,-41,-43,-34,-34,-38,-32,-46,-31,-43,-37,-44,-31,-43,-32,-39,-32,-46,-34,-42,-25,-45,-28,-43,-34,-42,-28,-38,-30,-38,-23,-43,-29,-42,-30,-47,-25,-48,-24,-47,-23,-43,-24,-42,-27,-42,-17,-43,-22,-41,-23,-37,-21,-35,-25,-35,-17,-41,-15,-37,-21,-34,-20,-37,-23,-32,-19,-33,-23,-34,-27,-30,-20,-26,-23,-25,-24,-22,-20,-19,-19,-24,-21,-15,-21,-12,-24,-8,-22,-11,-21,0,0,0,0,0,0,0,0,0,0,0,0,0,0,0,0,0,0,0,0,0,0,-20,42,-17,40,-20,35,-24,45,-26,39,-29,42,-28,42,-31,48,-38,49,-36,46,-42,51,-40,51,-44,61,-47,53,-59,53,-51,49,-59,58,-59,52,-58,48,-62,42,-62,44,-69,43,-60,41,-63,40,-67,36,-63,39,-60,27,-65,29,-61,21,-63,31,-44,22,-56,22,-54,17,-49,16,-49,16,-47,17,-36,13,-38,16,-34,15,-37,9,-35,12,-26,9,-28,7,-23,1,-17,3,-20,2,-18,1,-13,-2,-13,-8,-10,-9,-7,-10,-4,-14,-1,-14,3,-17,4,-26,9,-27,12,-21,0,0]"
CSI_DATA,298,1a:00:00:00:00:00,-38,11,1,0,1,1,1,0,0,0,1,-96,0,11,2,4198181,0,44,0,384,0,"[0,0,0,0,0,0,0,0,0,0,0,0,3,-8,3,-8,3,-8,4,-8,3,-8,4,-8,3,-9,3,-8,4,-9,3,-9,4,-9,3,-9,3,-9,3,-9,3,-9,3,-10,3,-9,3,-9,2,-9,3,-9,3,-9,2,-9,2,-9,2,-10,2,-10,2,-10,0,0,1,-9,2,-10,1,-10,1,-9,1,-9,1,-9,1,-9,1,-8,1,-8,1,-8,1,-8,2,-8,2,-8,2,-7,2,-7,2,-7,2,-7,2,-6,2,-6,2,-5,3,-5,2,-5,3,-4,3,-4,3,-4,3,-3,0,0,0,0,0,0,0,0,0,0,0,0,0,0,-37,12,-34,9,-41,11,-41,8,-43,7,-44,12,-44,8,-49,9,-44,8,-47,7,-49,12,-44,12,-53,9,-49,6,-48,8,-52,9,-56,9,-50,12,-48,12,-51,12,-52,16,-49,12,-45,17,-47,18,-46,14,-50,14,-45,16,-46,13,-48,15,-50,20,-42,14,-48,18,-40,16,-42,19,-42,20,-45,15,-37,23,-40,20,-41,15,-43,16,-40,15,-41,8,-41,13,-41,10,-37,7,-38,9,-38,8,-37,11,-35,4,-28,-1,-31,3,-31,2,-29,-1,-24,-1,-26,-4,-22,-9,-21,-7,0,0,0,0,0,0,0,0,0,0,0,0,0,0,0,0,0,0,0,0,0,0,25,31,27,38,26,34,27,41,22,42,23,45,26,47,24,48,27,52,22,57,25,61,22,58,25,67,22,69,18,69,16,69,20,73,12,71,14,67,10,72,11,74,5,82,1,70,2,71,-5,80,-2,72,-12,71,-7,70,-8,63,-8,66,-7,56,-9,58,-9,54,-8,49,-13,46,-7,41,-13,36,-7,37,-9,35,-9,30,-10,29,-7,29,-11,22,-11,19,-8,18,-10,17,-13,14,-12,10,-10,6,-11,4,-10,2,-13,-4,-16,-7,-15,-10,-13,-14,-12,-19,-14,-25,0,0]"
CSI_DATA,299,1a:00:00:00:00:00,-38,11,1,0,1,1,1,0,0,0,1,-96,0,11,2,4207989,0,44,0,384,0,"[0,0,0,0,0,0,0,0,0,0,0,0,7,-3,8,-3,8,-3,9,-3,8,-3,8,-3,8,-3,8,-3,9,-3,8,-3,9,-3,9,-4,9,-4,9,-4,8,-4,9,-5,8,-5,8,-4,8,-5,8,-5,8,-5,8,-5,8,-5,8,-6,8,-6,8,-5,0,0,7,-6,7,-6,7,-6,7,-6,7,-5,7,-6,6,-6,6,-5,6,-6,6,-5,7,-5,6,-5,6,-5,6,-4,6,-4,6,-4,6,-4,5,-3,5,-3,5,-3,5,-2,5,-2,4,-2,4,-1,4,-1,4,0,0,0,0,0,0,0,0,0,0,0,0,0,0,0,-35,-20,-37,-17,-38,-20,-37,-19,-44,-20,-43,-23,-40,-26,-46,-26,-44,-23,-42,-23,-43,-24,-44,-25,-48,-25,-52,-28,-48,-24,-51,-24,-51,-27,-51,-20,-47,-20,-53,-18,-58,-17,-50,-21,-47,-14,-48,-21,-44,-22,-45,-17,-49,-13,-51,-14,-51,-15,-49,-12,-49,-9,-51,-11,-49,-12,-46,-7,-48,-7,-44,-13,-43,-11,-44,-10,-41,-17,-44,-6,-47,-11,-45,-11,-42,-12,-41,-12,-39,-12,-39,-13,-36,-15,-35,-12,-34,-10,-32,-12,-33,-16,-32,-16,-30,-15,-22,-15,-20,-21,-19,-22,-13,-16,0,0,0,0,0,0,0,0,0,0,0,0,0,0,0,0,0,0,0,0,0,0,-11,43,-13,46,-17,43,-15,49,-25,49,-27,51,-22,45,-25,52,-28,55,-34,54,-37,59,-32,64,-35,68,-43,61,-51,55,-48,63,-53,68,-52,60,-52,57,-59,54,-60,48,-64,58,-65,54,-62,52,-65,49,-57,51,-62,42,-58,40,-62,40,-58,43,-49,31,-56,33,-49,28,-45,26,-47,19,-44,23,-38,23,-37,19,-34,17,-34,17,-29,17,-30,18,-28,17,-21,6,-18,6,-13,4,-10,1,-12,-4,-15,-8,-11,-5,-6,-6,-10,-15,-2,-22,4,-18,-6,-25,1,-24,4,-25,0,0]"
CSI_DATA,300,1a:00:00:00:00:00,-38,11,1,0,1,1,1,0,0,0,1,-96,0,11,2,4217965,0,44,0,384,0,"[0,0,0,0,0,0,0,0,0,0,0,0,1,-8,1,-9,0,-9,1,-10,1,-9,1,-9,1,-10,1,-9,1,-10,1,-10,1,-10,1,-10,1,-10,0,-10,1,-10,0,-11,0,-10,0,-10,-1,-10,-1,-10,0,-10,-1,-10,-1,-9,-1,-10,-1,-10,-1,-10,0,0,-1,-10,-2,-10,-2,-10,-2,-10,-1,-9,-1,-9,-2,-9,-1,-9,-2,-9,-1,-9,-1,-9,-1,-8,-1,-8,0,-8,-1,-8,-1,-8,0,-8,0,-7,0,-7,0,-6,1,-6,1,-6,1,-5,1,-5,2,-5,2,-4,0,0,0,0,0,0,0,0,0,0,0,0,0,0,-26,30,-28,27,-32,29,-32,26,-32,31,-39,24,-34,34,-37,33,-36,28,-39,27,-34,32,-34,32,-41,36,-41,36,-39,34,-38,40,-40,37,-36,37,-39,33,-36,35,-35,42,-35,38,-32,38,-32,35,-33,39,-34,39,-38,37,-29,43,-30,44,-31,42,-28,36,-33,38,-29,37,-28,40,-28,43,-26,38,-28,39,-23,35,-28,31,-26,33,-32,32,-28,28,-27,32,-27,28,-28,28,-32,31,-29,26,-28,25,-25,23,-28,17,-27,14,-26,19,-24,17,-23,18,-22,13,-19,7,-22,3,0,0,0,0,0,0,0,0,0,0,0,0,0,0,0,0,0,0,0,0,0,0,40,19,39,19,42,23,47,24,42,26,41,32,40,34,45,38,53,39,51,42,53,45,48,40,56,46,52,49,49,53,49,57,57,57,48,61,46,59,43,63,34,64,43,69,36,67,39,69,35,74,39,70,24,63,25,65,26,65,28,62,19,57,18,56,19,53,14,48,14,49,11,47,10,40,8,38,9,35,9,32,6,32,4,24,2,24,5,23,1,22,-5,14,-5,14,-1,13,-5,11,-9,8,-10,3,-11,0,-19,-2,-20,-1,-23,-11,-18,-9,-23,-11,0,0]"
CSI_DATA,301,1a:00:00:00:00:00,-38,11,1,0,1,1,1,0,0,0,1,-96,0,11,2,4227952,0,44,0,384,0,"[0,0,0,0,0,0,0,0,0,0,0,0,-6,-7,-6,-7,-7,-7,-7,-8,-6,-8,-6,-8,-7,-8,-6,-8,-7,-8,-7,-8,-8,-8,-8,-8,-7,-8,-8,-7,-7,-7,-9,-7,-8,-7,-8,-7,-8,-6,-8,-7,-8,-7,-8,-6,-8,-6,-9,-6,-9,-6,-9,-6,0,0,-9,-5,-9,-6,-9,-6,-9,-5,-8,-5,-8,-5,-8,-5,-8,-5,-8,-5,-8,-5,-8,-5,-7,-5,-7,-5,-7,-5,-6,-5,-7,-5,-6,-5,-6,-5,-5,-5,-5,-5,-5,-5,-4,-5,-4,-5,-3,-5,-3,-5,-2,-4,0,0,0,0,0,0,0,0,0,0,0,0,0,0,3,37,4,38,2,45,-2,38,4,42,-1,45,1,51,0,46,6,42,-2,48,0,49,0,48,3,50,3,55,-1,48,2,51,2,58,8,54,6,51,5,49,10,52,7,48,13,49,7,52,7,46,8,53,5,44,12,50,10,51,11,41,12,45,13,46,13,47,14,49,14,40,10,48,15,37,16,42,7,44,17,37,12,35,7,38,8,43,5,37,8,39,12,38,6,35,4,35,1,35,1,31,1,30,-1,32,-2,27,-5,21,-2,25,-7,20,-9,22,0,0,0,0,0,0,0,0,0,0,0,0,0,0,0,0,0,0,0,0,0,0,40,-16,45,-12,45,-8,49,-10,48,-8,54,-7,48,-9,55,-5,65,-9,61,-2,67,-2,62,-2,71,-6,77,-2,76,9,70,3,78,4,70,13,77,14,76,11,74,20,81,25,67,25,77,21,71,25,68,22,61,27,58,24,61,26,60,25,51,19,54,25,52,25,47,23,47,26,44,19,35,16,35,16,29,18,29,19,27,21,22,11,18,10,19,12,11,13,6,11,7,10,3,9,5,12,6,11,-3,10,-6,9,-13,10,-13,6,-19,6,-22,9,-21,9,0,0]"
CSI_DATA,302,1a:00:00:00:00:00,-38,11,1,0,1,1,1,0,0,0,1,-96,0,11,2,4239255,0,44,0,384,0,"[0,0,0,0,0,0,0,0,0,0,0,0,-1,-9,-1,-9,-1,-9,0,-10,0,-10,0,-10,-1,-10,0,-10,-1,-10,-1,-10,0,-11,-1,-11,-1,-10,-1,-10,-1,-10,-2,-11,-2,-10,-1,-10,-2,-10,-2,-10,-2,-10,-2,-10,-2,-9,-3,-10,-3,-10,-3,-10,0,0,-3,-9,-3,-10,-3,-10,-3,-10,-3,-9,-3,-9,-3,-9,-3,-9,-3,-8,-3,-9,-2,-9,-2,-8,-2,-8,-2,-8,-2,-8,-2,-8,-1,-8,-1,-7,-1,-7,-1,-6,0,-6,0,-6,0,-6,1,-5,1,-5,1,-4,0,0,0,0,0,0,0,0,0,0,0,0,0,0,-26,22,-24,28,-33,24,-27,31,-35,32,-34,31,-37,32,-36,33,-33,36,-38,34,-32,34,-36,31,-39,33,-40,34,-39,28,-40,36,-39,37,-38,43,-38,33,-33,36,-34,40,-38,38,-29,39,-26,38,-30,35,-34,41,-32,40,-28,44,-31,39,-31,44,-24,35,-29,41,-22,42,-22,40,-25,39,-30,38,-23,38,-21,40,-23,35,-25,35,-28,33,-28,34,-23,35,-26,33,-25,32,-27,29,-25,28,-26,22,-19,23,-24,21,-25,18,-27,16,-26,18,-22,14,-29,13,-20,12,-25,6,0,0,0,0,0,0,0,0,0,0,0,0,0,0,0,0,0,0,0,0,0,0,33,18,38,27,41,22,43,25,40,33,38,30,42,33,41,36,45,38,44,40,48,44,49,44,52,48,51,48,46,62,51,58,54,59,39,62,38,64,42,64,38,67,40,73,34,70,34,70,30,70,36,66,22,67,22,66,23,57,21,64,13,54,19,57,12,54,12,48,12,49,9,42,10,41,10,39,14,35,8,34,6,32,6,28,0,29,6,23,-1,20,-5,12,-5,13,-6,9,-4,5,-7,9,-14,6,-11,2,-14,-2,-23,-6,-20,-7,-17,-9,-20,-16,0,0]"
CSI_DATA,303,1a:00:00:00:00:00,-38,11,1,0,1,1,1,0,0,0,1,-96,0,11,2,4257939,0,44,0,384,0,"[0,0,0,0,0,0,0,0,0,0,0,0,-4,7,-4,7,-4,8,-5,8,-5,8,-5,8,-4,8,-4,8,-5,8,-4,8,-5,8,-4,9,-4,9,-4,9,-4,8,-3,9,-3,9,-3,8,-3,9,-3,9,-3,8,-3,9,-3,8,-2,9,-3,9,-2,9,0,0,-2,9,-2,9,-2,9,-1,9,-2,8,-2,8,-2,8,-2,8,-1,8,-2,7,-2,8,-2,7,-2,7,-2,7,-2,6,-2,7,-2,6,-2,6,-3,5,-3,5,-3,5,-3,4,-3,4,-3,3,-4,3,-3,3,0,0,0,0,0,0,0,0,0,0,0,0,0,0,37,-17,32,-12,39,-15,39,-9,46,-9,39,-12,43,-15,48,-14,43,-13,49,-15,43,-12,48,-9,48,-13,47,-12,48,-13,47,-17,50,-19,50,-20,48,-15,46,-18,55,-24,47,-21,43,-18,45,-21,46,-19,48,-21,44,-18,45,-24,44,-27,48,-25,43,-26,47,-25,40,-23,43,-25,41,-21,33,-23,38,-21,35,-27,37,-20,39,-22,39,-21,35,-17,31,-13,36,-20,39,-19,33,-14,37,-14,33,-14,30,-10,31,-7,31,-10,31,-8,29,-1,25,-1,25,0,26,4,23,1,0,0,0,0,0,0,0,0,0,0,0,0,0,0,0,0,0,0,0,0,0,0,-24,-40,-21,-38,-24,-43,-29,-45,-19,-47,-22,-50,-20,-48,-21,-54,-22,-58,-20,-58,-18,-62,-23,-69,-26,-66,-18,-68,-11,-75,-12,-73,-18,-80,-9,-76,-8,-77,-3,-76,1,-78,0,-82,4,-76,2,-75,7,-80,7,-76,9,-72,8,-70,12,-70,9,-71,8,-55,11,-57,15,-53,10,-49,14,-49,8,-47,14,-45,10,-45,8,-32,7,-32,12,-29,7,-30,8,-22,8,-20,11,-17,-1,-19,12,-16,13,-8,7,-5,11,-1,9,0,10,4,12,6,11,11,9,13,10,23,17,19,0,0]"
CSI_DATA,304,1a:00:00:00:00:00,-38,11,1,0,1,1,1,0,0,0,1,-96,0,11,2,4268230,0,44,0,384,0,"[0,0,0,0,0,0,0,0,0,0,0,0,-7,5,-7,5,-7,5,-8,5,-8,5,-8,5,-8,5,-8,5,-8,5,-8,5,-8,6,-8,6,-8,6,-8,6,-8,6,-8,6,-8,6,-7,6,-7,6,-7,6,-7,6,-7,6,-7,6,-6,7,-7,7,-7,7,0,0,-6,7,-7,7,-6,7,-6,7,-6,6,-6,6,-6,6,-6,6,-6,6,-6,6,-6,6,-6,6,-6,5,-6,5,-6,5,-6,4,-6,5,-5,4,-6,3,-5,3,-5,2,-5,2,-5,2,-5,1,-5,1,-5,1,0,0,0,0,0,0,0,0,0,0,0,0,0,0,37,11,39,11,44,12,38,14,49,16,44,16,45,13,46,14,46,16,41,18,44,20,46,18,52,15,48,13,43,14,50,13,53,14,50,9,48,18,49,15,56,10,48,13,46,10,44,7,46,10,51,9,50,11,53,1,46,9,55,7,46,6,54,4,44,3,48,5,44,1,42,7,41,5,47,3,41,9,42,1,43,4,43,3,39,6,40,6,35,11,37,10,35,8,32,4,34,8,31,11,26,11,30,10,24,14,24,12,18,14,17,14,14,17,0,0,0,0,0,0,0,0,0,0,0,0,0,0,0,0,0,0,0,0,0,0,0,-45,2,-47,3,-50,-1,-50,4,-53,4,-52,6,-53,12,-55,13,-65,10,-60,15,-67,9,-64,15,-72,21,-70,28,-69,31,-72,26,-79,33,-66,31,-69,42,-68,43,-69,46,-69,40,-66,44,-66,46,-65,40,-61,48,-54,47,-51,46,-49,47,-51,38,-45,38,-44,37,-38,37,-35,38,-32,34,-33,33,-29,29,-31,27,-24,25,-23,26,-21,21,-15,20,-15,17,-15,15,-11,14,-3,15,-8,11,-1,13,-2,12,1,13,8,10,10,9,12,4,13,0,23,-4,20,-6,25,0,0]"
CSI_DATA,305,1a:00:00:00:00:00,-38,11,1,0,1,1,1,0,0,0,1,-96,0,11,2,4307947,0,44,0,384,0,"[0,0,0,0,0,0,0,0,0,0,0,0,7,-5,7,-5,7,-5,8,-5,8,-5,8,-5,8,-5,8,-5,8,-5,8,-5,8,-6,8,-6,8,-6,8,-6,8,-6,8,-7,7,-6,7,-6,7,-6,7,-6,7,-6,7,-6,7,-6,7,-7,7,-7,7,-7,0,0,7,-7,7,-7,7,-7,6,-7,6,-6,6,-6,6,-6,6,-6,6,-6,6,-6,6,-6,6,-6,6,-6,6,-5,5,-4,6,-5,6,-4,5,-4,5,-3,5,-3,5,-2,5,-2,5,-2,4,-2,4,-1,4,0,0,0,0,0,0,0,0,0,0,0,0,0,0,0,-34,-11,-40,-11,-44,-7,-40,-9,-43,-7,-44,-9,-48,-13,-47,-17,-48,-12,-47,-11,-50,-13,-49,-14,-53,-14,-48,-13,-49,-10,-50,-11,-54,-17,-55,-12,-53,-14,-51,-11,-57,-8,-51,-10,-47,-8,-49,-7,-49,-12,-51,-6,-48,-4,-51,-1,-47,-2,-52,2,-53,1,-56,-1,-47,-4,-52,-2,-48,3,-44,-3,-45,-3,-43,-4,-41,-5,-45,0,-42,-6,-42,-6,-41,-10,-43,-5,-37,-9,-41,-7,-37,-12,-36,-8,-31,-12,-30,-11,-30,-11,-32,-11,-24,-13,-19,-11,-24,-18,-23,-15,-19,-19,0,0,0,0,0,0,0,0,0,0,0,0,0,0,0,0,0,0,0,0,0,0,8,43,10,46,8,45,3,51,3,50,1,51,2,46,2,56,-3,65,-3,62,-3,62,-5,65,-5,73,-12,69,-18,77,-21,73,-16,78,-23,71,-19,69,-29,68,-26,75,-34,75,-35,67,-34,67,-36,65,-36,66,-44,59,-39,62,-38,53,-36,55,-30,48,-36,47,-35,40,-35,34,-31,39,-27,38,-28,32,-25,31,-22,29,-25,25,-16,20,-19,22,-17,18,-13,15,-11,11,-10,14,-12,8,-16,3,-11,0,-9,2,-9,-8,-13,-7,-8,-10,-11,-18,-10,-19,0,-25,2,-29,0,0]"
CSI_DATA,306,1a:00:00:00:00:00,-38,11,1,0,1,1,1,0,0,0,1,-96,0,11,2,4338423,0,44,0,384,0,"[0,0,0,0,0,0,0,0,0,0,0,0,-9,-2,-9,-3,-10,-2,-10,-3,-10,-3,-9,-3,-10,-3,-10,-3,-10,-3,-10,-3,-10,-3,-11,-2,-11,-3,-11,-2,-10,-3,-11,-2,-11,-2,-10,-2,-10,-1,-11,-2,-10,-2,-10,-2,-10,-1,-11,-1,-11,-1,-11,-1,0,0,-11,-1,-11,-1,-11,-1,-11,0,-10,-1,-10,-1,-10,-1,-9,-1,-9,-1,-9,-1,-10,-1,-9,-1,-9,-1,-8,-1,-8,-2,-8,-2,-8,-2,-7,-2,-7,-2,-6,-2,-6,-3,-6,-3,-5,-3,-5,-3,-5,-3,-4,-3,0,0,0,0,0,0,0,0,0,0,0,0,0,0,24,30,19,36,27,30,21,36,27,34,20,39,23,37,28,38,23,45,21,42,26,39,24,41,29,43,24,42,30,43,31,43,30,45,28,39,25,44,32,42,37,41,30,44,30,34,29,37,31,42,28,39,33,36,32,42,31,38,39,34,33,33,35,36,30,38,31,34,35,37,25,37,34,33,30,32,29,31,34,30,30,30,26,33,26,31,23,28,24,28,27,30,21,32,17,29,16,25,14,22,16,27,12,28,9,25,5,28,6,24,7,22,3,18,0,0,0,0,0,0,0,0,0,0,0,0,0,0,0,0,0,0,0,0,0,0,26,-39,30,-36,29,-36,30,-36,35,-39,37,-37,38,-39,41,-35,45,-49,49,-39,53,-41,51,-41,54,-44,63,-40,63,-35,63,-42,66,-43,67,-38,65,-31,65,-27,70,-30,77,-31,75,-23,72,-27,69,-16,74,-23,71,-12,70,-16,68,-11,69,-13,58,-12,55,-4,57,-7,51,-9,51,-4,46,-3,38,-6,42,-4,38,-5,35,-2,33,-3,26,-2,25,1,23,3,15,-1,19,2,16,1,6,5,14,8,4,13,3,10,-3,10,-5,16,-7,17,-8,20,-16,21,-21,20,0,0]"
CSI_DATA,307,1a:00:00:00:00:00,-38,11,1,0,1,1,1,0,0,0,1,-96,0,11,2,4348158,0,44,0,384,0,"[0,0,0,0,0,0,0,0,0,0,0,0,-7,5,-7,5,-7,5,-8,5,-8,5,-8,5,-8,5,-8,5,-8,5,-8,5,-8,6,-8,6,-8,6,-7,6,-8,6,-8,7,-7,7,-7,6,-7,7,-7,7,-7,6,-7,7,-7,6,-7,7,-6,7,-7,7,0,0,-6,7,-6,8,-6,7,-6,7,-6,7,-6,7,-5,7,-5,6,-5,6,-5,6,-5,6,-5,6,-5,6,-6,5,-5,5,-6,5,-5,5,-5,4,-5,4,-5,3,-5,3,-5,3,-5,2,-5,2,-5,1,-4,1,0,0,0,0,0,0,0,0,0,0,0,0,0,0,34,3,36,11,42,3,39,9,44,12,46,7,50,8,45,7,43,9,47,11,50,8,46,11,52,11,50,17,52,13,52,5,54,11,54,5,50,9,50,6,57,7,54,5,47,5,50,3,44,8,47,5,48,4,47,-3,47,4,53,1,51,3,53,2,46,-2,51,-7,46,-2,42,-2,43,-3,47,0,42,-4,45,3,43,-1,44,1,41,2,41,3,36,7,37,6,37,5,35,8,33,5,32,8,31,8,28,10,24,11,22,16,25,12,20,14,18,14,0,0,0,0,0,0,0,0,0,0,0,0,0,0,0,0,0,0,0,0,0,0,-9,-44,-6,-47,-8,-46,-8,-51,-5,-50,3,-55,-4,-54,3,-56,5,-65,4,-64,2,-71,2,-70,0,-75,8,-71,16,-71,15,-75,10,-80,21,-76,22,-70,23,-75,28,-74,27,-78,36,-69,31,-72,38,-73,34,-70,36,-59,34,-55,32,-55,35,-63,32,-48,36,-48,34,-44,31,-41,39,-39,29,-36,28,-31,26,-34,22,-28,26,-30,21,-19,23,-23,22,-20,16,-15,13,-10,14,-14,13,-7,10,-7,12,-1,8,5,11,5,6,8,5,14,8,14,10,26,-2,21,5,25,0,0]"
CSI_DATA,308,1a:00:00:00:00:00,-38,11,1,0,1,1,1,0,0,0,1,-96,0,11,2,4357959,0,44,0,384,0,"[0,0,0,0,0,0,0,0,0,0,0,0,-9,0,-9,0,-9,0,-10,-1,-10,-1,-9,-1,-10,0,-10,0,-10,0,-10,-1,-11,0,-10,0,-10,0,-10,0,-10,0,-11,1,-10,1,-10,1,-9,1,-10,1,-10,1,-10,1,-10,1,-10,2,-10,2,-10,2,0,0,-10,2,-10,2,-10,2,-9,3,-9,2,-9,2,-9,2,-8,2,-8,2,-8,2,-9,2,-8,1,-8,1,-8,1,-8,1,-8,1,-7,1,-7,0,-7,0,-6,0,-6,-1,-6,-1,-6,-1,-5,-1,-5,-2,-4,-2,0,0,0,0,0,0,0,0,0,0,0,0,0,0,33,23,30,20,37,22,34,30,35,26,33,26,37,28,39,33,37,28,37,34,41,29,37,31,35,34,37,35,38,33,42,30,46,35,43,28,40,33,43,30,48,32,40,25,42,25,41,30,44,31,44,31,38,28,44,24,41,22,49,24,45,19,47,23,35,22,48,21,42,17,44,22,41,16,46,15,36,24,42,15,39,16,39,19,34,18,37,19,38,22,32,21,32,22,31,18,29,17,27,17,26,21,24,20,22,21,17,20,16,20,10,18,9,19,0,0,0,0,0,0,0,0,0,0,0,0,0,0,0,0,0,0,0,0,0,0,17,-40,23,-43,18,-40,26,-45,27,-39,32,-45,28,-44,34,-47,33,-52,39,-49,46,-51,42,-54,46,-61,47,-55,57,-50,59,-52,58,-57,58,-51,66,-48,62,-41,64,-40,68,-41,66,-40,62,-43,69,-38,59,-40,62,-26,64,-32,66,-22,64,-26,50,-21,57,-21,53,-19,49,-19,48,-19,44,-17,36,-11,40,-18,37,-12,31,-8,27,-12,27,-10,23,-7,21,-8,22,-4,10,1,13,-1,11,1,9,3,15,7,5,10,6,11,-3,16,-4,13,-6,21,-12,22,-10,21,0,0]"
CSI_DATA,309,1a:00:00:00:00:00,-38,11,1,0,1,1,1,0,0,0,1,-96,0,11,2,4368425,0,44,0,384,0,"[0,0,0,0,0,0,0,0,0,0,0,0,-1,8,-1,8,-1,8,-1,9,-1,9,-2,9,-1,9,-1,9,-1,9,-1,9,-1,10,-1,10,-1,9,0,9,-1,9,0,10,0,10,0,9,0,9,0,9,0,9,1,9,0,8,1,10,1,9,1,9,0,0,2,9,1,9,1,10,2,8,1,8,1,8,1,8,1,8,2,8,1,8,1,8,1,8,1,7,0,7,0,7,0,7,0,7,0,7,-1,6,-1,5,-1,5,-1,5,-2,5,-2,4,-2,4,-2,3,0,0,0,0,0,0,0,0,0,0,0,0,0,0,25,-25,29,-28,31,-29,34,-28,34,-28,32,-25,36,-28,38,-34,37,-26,36,-29,39,-32,34,-31,39,-33,40,-34,39,-32,34,-34,42,-40,37,-39,35,-34,35,-36,36,-38,36,-36,30,-37,31,-34,32,-38,32,-39,31,-35,27,-43,28,-40,28,-40,28,-38,30,-41,27,-37,22,-36,23,-34,28,-36,24,-33,24,-34,26,-39,26,-34,26,-34,25,-36,24,-33,22,-33,25,-31,25,-30,28,-24,23,-27,25,-21,23,-21,23,-20,24,-16,24,-21,23,-10,20,-14,19,-12,18,-3,0,0,0,0,0,0,0,0,0,0,0,0,0,0,0,0,0,0,0,0,0,0,-36,-20,-38,-26,-38,-22,-40,-27,-40,-29,-39,-37,-39,-37,-39,-39,-47,-38,-45,-39,-46,-47,-45,-46,-54,-49,-48,-51,-43,-59,-43,-59,-48,-62,-39,-64,-44,-66,-37,-64,-34,-67,-40,-73,-30,-70,-34,-69,-35,-72,-33,-67,-21,-66,-21,-70,-22,-60,-20,-62,-15,-53,-15,-58,-11,-57,-11,-49,-11,-49,-12,-47,-7,-38,-12,-38,-3,-40,-6,-34,-4,-33,-8,-25,-2,-27,-7,-26,0,-19,3,-10,8,-14,4,-14,5,-12,3,-5,4,-3,10,-3,13,-1,16,7,20,6,16,11,20,12,0,0]"
CSI_DATA,310,1a:00:00:00:00:00,-38,11,1,0,1,1,1,0,0,0,1,-96,0,11,2,4378153,0,44,0,384,0,"[0,0,0,0,0,0,0,0,0,0,0,0,7,3,7,3,8,3,8,4,7,4,7,4,8,4,8,4,8,4,8,3,9,4,9,3,8,4,8,3,8,3,9,3,9,3,8,2,9,2,9,2,9,2,9,2,8,2,9,2,9,2,9,2,0,0,9,1,9,1,9,1,9,1,8,1,8,1,8,1,8,1,8,1,8,1,8,1,7,1,7,1,7,2,6,2,7,2,6,2,6,2,5,2,5,2,4,2,4,2,4,2,3,2,3,3,2,3,0,0,0,0,0,0,0,0,0,0,0,0,0,0,-8,-42,-11,-34,-13,-41,-8,-43,-3,-44,-6,-41,-13,-48,-6,-51,-6,-52,-6,-49,-12,-50,-11,-47,-7,-55,-3,-52,-10,-53,-11,-51,-10,-57,-9,-52,-9,-50,-14,-45,-18,-53,-14,-49,-18,-48,-18,-50,-17,-46,-16,-51,-16,-48,-21,-49,-17,-46,-20,-46,-21,-45,-24,-46,-21,-47,-22,-46,-26,-38,-22,-46,-25,-45,-23,-43,-16,-41,-19,-37,-20,-40,-19,-39,-14,-40,-15,-42,-12,-40,-15,-38,-8,-40,-15,-35,-10,-35,-9,-31,-7,-35,-3,-29,-5,-31,0,-27,2,-23,1,-27,5,-23,0,0,0,0,0,0,0,0,0,0,0,0,0,0,0,0,0,0,0,0,0,0,-42,16,-42,17,-43,14,-49,20,-47,10,-53,11,-50,12,-57,10,-63,15,-62,8,-66,8,-66,10,-74,12,-72,7,-75,-3,-72,4,-85,5,-77,-2,-79,-7,-79,-11,-77,-14,-87,-13,-74,-13,-77,-14,-78,-17,-74,-14,-66,-20,-71,-18,-64,-21,-62,-19,-53,-14,-56,-23,-51,-20,-51,-15,-49,-20,-42,-15,-41,-16,-37,-17,-32,-13,-32,-21,-28,-15,-25,-8,-22,-14,-23,-8,-17,-11,-9,-11,-11,-10,-6,-13,-8,-9,-3,-13,-4,-15,4,-12,13,-11,10,-8,17,-15,15,-13,29,-13,0,0]"
CSI_DATA,311,1a:00:00:00:00:00,-38,11,1,0,1,1,1,0,0,0,1,-96,0,11,2,4387967,0,44,0,384,0,"[0,0,0,0,0,0,0,0,0,0,0,0,0,7,0,7,0,8,0,8,0,8,-1,8,0,8,0,8,0,8,0,8,0,9,0,9,0,9,1,8,0,8,1,9,1,8,1,8,1,8,1,8,1,8,1,8,1,8,2,8,2,8,2,8,0,0,2,8,2,8,2,8,3,8,2,7,2,8,2,7,2,7,2,7,2,7,2,7,1,7,1,6,1,6,1,6,1,6,1,6,0,6,0,5,0,5,-1,5,-1,5,-1,4,-1,4,-2,3,-2,3,0,0,0,0,0,0,0,0,0,0,0,0,0,0,19,-34,25,-25,25,-36,27,-33,26,-34,32,-33,32,-40,33,-39,28,-32,32,-37,33,-43,33,-37,33,-40,35,-43,34,-38,31,-42,34,-48,30,-36,32,-39,30,-45,32,-50,26,-42,27,-43,27,-42,27,-40,27,-44,27,-43,25,-48,29,-41,24,-43,24,-44,25,-46,17,-43,25,-50,22,-40,22,-39,18,-40,15,-43,19,-44,22,-37,16,-39,23,-32,23,-33,20,-35,20,-34,21,-27,23,-31,18,-28,21,-26,20,-24,19,-27,17,-17,19,-21,24,-16,19,-14,21,-13,19,-10,0,0,0,0,0,0,0,0,0,0,0,0,0,0,0,0,0,0,0,0,0,0,-45,-13,-45,-15,-47,-12,-50,-20,-45,-18,-47,-28,-47,-26,-53,-30,-56,-26,-54,-28,-57,-35,-55,-38,-66,-37,-59,-45,-60,-52,-58,-47,-61,-52,-55,-55,-55,-55,-48,-57,-53,-61,-52,-63,-47,-62,-45,-62,-46,-68,-42,-63,-36,-61,-35,-63,-31,-59,-35,-61,-27,-49,-27,-53,-26,-52,-25,-47,-22,-50,-19,-45,-15,-38,-19,-37,-15,-36,-18,-35,-13,-31,-10,-29,-10,-28,-8,-20,-1,-21,-6,-20,-4,-16,1,-15,0,-9,7,-8,7,-7,13,-5,16,-2,14,3,23,4,20,4,24,10,0,0]"
CSI_DATA,312,1a:00:00:00:00:00,-38,11,1,0,1,1,1,0,0,0,1,-96,0,11,2,4398003,0,44,0,384,0,"[0,0,0,0,0,0,0,0,0,0,0,0,-4,7,-3,7,-3,8,-4,8,-4,8,-4,8,-4,8,-4,8,-4,8,-4,8,-4,9,-4,9,-4,8,-4,9,-4,8,-3,10,-3,9,-3,9,-3,8,-3,9,-3,8,-3,9,-3,8,-2,9,-3,9,-2,9,0,0,-2,8,-2,9,-2,9,-1,9,-2,8,-2,8,-2,8,-2,8,-1,8,-2,7,-2,8,-2,7,-2,7,-2,7,-2,7,-2,7,-3,6,-3,6,-3,5,-3,5,-3,4,-3,4,-4,4,-4,3,-4,3,-4,2,0,0,0,0,0,0,0,0,0,0,0,0,0,0,28,-22,35,-26,30,-24,35,-29,38,-31,40,-27,39,-24,37,-24,37,-27,39,-26,42,-23,39,-26,47,-27,45,-27,42,-28,42,-36,42,-34,42,-33,43,-29,43,-34,39,-36,40,-32,32,-34,35,-33,38,-30,40,-32,38,-33,31,-40,36,-32,40,-36,33,-34,38,-36,28,-36,30,-36,32,-31,29,-33,28,-32,28,-36,29,-33,32,-34,31,-31,31,-32,27,-31,33,-33,29,-27,33,-24,31,-22,28,-27,26,-18,25,-18,27,-18,26,-13,24,-16,27,-9,21,-12,23,-4,21,-5,0,0,0,0,0,0,0,0,0,0,0,0,0,0,0,0,0,0,0,0,0,0,-35,-23,-30,-33,-34,-30,-36,-36,-33,-38,-33,-42,-33,-46,-33,-48,-41,-50,-38,-53,-38,-58,-39,-57,-48,-59,-39,-61,-32,-68,-35,-73,-40,-69,-32,-72,-31,-70,-26,-71,-19,-76,-25,-79,-23,-82,-24,-75,-21,-77,-18,-77,-8,-72,-12,-71,-10,-70,-9,-66,-8,-59,-5,-59,-4,-55,-3,-47,-3,-52,-2,-48,-4,-43,-4,-40,0,-39,-3,-37,1,-37,0,-28,1,-26,0,-22,4,-19,-3,-16,4,-15,7,-12,4,-9,11,-10,9,-3,13,-1,10,4,14,8,13,4,22,15,16,16,0,0]"
CSI_DATA,313,1a:00:00:00:00:00,-38,11,1,0,1,1,1,0,0,0,1,-96,0,11,2,4408023,0,44,0,384,0,"[0,0,0,0,0,0,0,0,0,0,0,0,-3,7,-3,8,-3,8,-4,8,-4,8,-4,8,-4,8,-4,8,-4,8,-3,8,-4,9,-3,9,-3,9,-3,9,-3,9,-3,10,-3,9,-3,9,-2,9,-2,9,-3,9,-2,9,-2,9,-1,9,-2,9,-1,9,0,0,-1,9,-1,10,-1,9,-1,9,-2,8,-1,8,-1,8,-1,8,-1,8,-1,8,-2,8,-2,7,-2,7,-2,7,-2,6,-2,7,-2,7,-2,6,-2,6,-2,5,-3,5,-3,5,-3,4,-3,4,-3,3,-3,3,0,0,0,0,0,0,0,0,0,0,0,0,0,0,30,-19,36,-23,32,-25,35,-28,39,-25,36,-23,40,-29,41,-30,36,-27,37,-22,39,-31,39,-30,40,-37,41,-29,44,-26,40,-33,44,-34,38,-33,40,-33,42,-39,41,-37,40,-37,34,-38,38,-35,36,-34,33,-35,36,-34,28,-41,38,-36,36,-37,32,-41,30,-40,29,-36,33,-37,25,-35,30,-33,25,-33,25,-36,26,-33,28,-33,29,-32,30,-33,26,-32,28,-34,28,-32,28,-26,27,-24,26,-25,23,-18,26,-19,23,-21,23,-14,24,-15,21,-13,25,-10,26,-10,22,-6,0,0,0,0,0,0,0,0,0,0,0,0,0,0,0,0,0,0,0,0,0,0,-36,-27,-35,-32,-36,-32,-39,-37,-35,-36,-33,-40,-37,-39,-37,-48,-46,-45,-45,-51,-41,-54,-43,-56,-45,-59,-43,-58,-36,-63,-35,-66,-43,-67,-34,-69,-35,-65,-34,-71,-31,-73,-29,-78,-22,-82,-26,-75,-22,-78,-25,-76,-14,-71,-18,-68,-14,-65,-13,-66,-12,-63,-9,-60,-8,-62,-8,-51,-4,-54,-4,-49,1,-44,-6,-44,-2,-36,-1,-37,0,-33,0,-33,-1,-29,-6,-23,3,-20,6,-14,4,-16,5,-10,8,-11,6,-6,11,-6,16,-6,13,5,13,2,18,11,18,14,22,22,0,0]"
CSI_DATA,314,1a:00:00:00:00:00,-38,11,1,0,1,1,1,0,0,0,1,-96,0,11,2,4417944,0,44,0,384,0,"[0,0,0,0,0,0,0,0,0,0,0,0,6,-5,6,-5,6,-6,7,-6,7,-6,7,-5,7,-6,7,-6,7,-6,7,-6,8,-6,7,-7,7,-6,7,-7,7,-6,7,-7,7,-7,7,-6,6,-7,6,-7,7,-7,7,-7,6,-7,6,-8,6,-8,6,-8,0,0,6,-7,6,-8,6,-8,5,-8,5,-7,5,-7,5,-7,5,-6,5,-7,5,-6,5,-6,5,-6,5,-6,5,-5,5,-5,5,-5,5,-5,5,-4,5,-4,4,-4,5,-3,4,-3,4,-2,4,-2,4,-2,4,-1,0,0,0,0,0,0,0,0,0,0,0,0,0,0,-39,-6,-41,-12,-46,-7,-45,-8,-51,-12,-49,-12,-49,-10,-51,-14,-47,-16,-52,-16,-43,-13,-53,-13,-55,-11,-49,-14,-52,-15,-54,-4,-61,-12,-58,-10,-50,-15,-52,-10,-60,-7,-54,-8,-50,-5,-51,-11,-47,-8,-49,-7,-50,-5,-51,-3,-51,-3,-62,3,-54,-3,-50,-1,-52,-2,-52,-3,-48,3,-49,-1,-51,0,-45,-4,-44,-5,-46,-2,-43,0,-40,-5,-39,-3,-44,-5,-41,-6,-42,-11,-42,-11,-37,-4,-38,-9,-34,-7,-33,-16,-30,-7,-24,-14,-19,-11,-21,-16,-20,-14,-19,-16,0,0,0,0,0,0,0,0,0,0,0,0,0,0,0,0,0,0,0,0,0,0,8,43,6,50,8,42,7,52,4,48,2,57,4,53,-3,57,1,64,-6,61,-1,68,-4,66,2,78,-8,76,-20,78,-15,74,-13,82,-20,75,-20,71,-25,73,-34,74,-29,74,-33,77,-33,73,-35,72,-33,73,-37,67,-36,65,-36,56,-37,65,-32,48,-36,48,-37,45,-30,38,-35,37,-28,39,-28,35,-27,35,-23,25,-25,31,-20,24,-21,24,-15,22,-20,17,-18,9,-9,4,-14,8,-14,8,-10,2,-11,1,-8,-5,-11,-8,-10,-13,-12,-17,-10,-21,-7,-26,-11,-24,0,0]"
CSI_DATA,315,1a:00:00:00:00:00,-38,11,1,0,1,1,1,0,0,0,1,-96,0,11,2,4427960,0,44,0,384,0,"[0,0,0,0,0,0,0,0,0,0,0,0,5,-7,5,-7,5,-7,6,-7,6,-7,6,-7,6,-7,6,-7,6,-7,6,-8,6,-8,6,-8,6,-8,5,-8,6,-8,5,-9,5,-8,5,-8,4,-8,5,-8,5,-8,5,-9,5,-8,4,-9,4,-9,4,-9,0,0,4,-9,4,-9,4,-9,3,-9,3,-8,4,-8,4,-8,3,-8,3,-8,3,-8,3,-8,3,-7,3,-7,3,-7,3,-7,4,-7,3,-6,3,-6,3,-5,3,-5,4,-5,3,-4,3,-4,3,-4,3,-3,3,-2,0,0,0,0,0,0,0,0,0,0,0,0,0,0,-39,4,-37,3,-41,5,-41,7,-49,6,-43,2,-52,7,-55,4,-47,3,-47,4,-50,0,-51,4,-54,5,-49,5,-50,7,-54,8,-57,8,-50,5,-47,12,-52,10,-56,13,-49,9,-46,13,-47,12,-45,9,-51,12,-49,9,-52,19,-48,14,-54,19,-48,15,-49,12,-45,15,-43,18,-45,20,-45,18,-41,14,-42,14,-42,10,-42,19,-46,13,-45,11,-38,11,-39,11,-38,6,-39,13,-36,6,-33,9,-36,6,-32,4,-32,0,-30,-2,-27,1,-21,-4,-24,-5,-25,-8,-19,-8,0,0,0,0,0,0,0,0,0,0,0,0,0,0,0,0,0,0,0,0,0,0,19,39,15,43,19,42,20,47,17,43,11,53,14,50,13,51,13,62,12,60,11,61,12,68,14,73,10,73,3,75,3,79,5,81,0,80,-3,76,-4,79,-9,74,-8,82,-14,75,-15,80,-18,76,-10,71,-23,68,-20,72,-19,60,-20,66,-18,52,-19,54,-22,56,-19,47,-21,45,-16,43,-14,39,-13,39,-11,30,-16,34,-16,28,-12,22,-15,25,-6,19,-8,14,-14,13,-14,14,-13,5,-11,-1,-12,0,-10,-4,-16,-3,-14,-8,-10,-15,-13,-20,-11,-16,-11,-26,0,0]"
CSI_DATA,316,1a:00:00:00:00:00,-38,11,1,0,1,1,1,0,0,0,1,-96,0,11,2,4438316,0,44,0,384,0,"[0,0,0,0,0,0,0,0,0,0,0,0,2,7,2,7,3,8,2,9,2,8,2,8,2,9,2,8,2,8,3,8,3,9,3,9,3,9,3,9,3,8,4,9,4,8,4,8,4,8,4,8,3,8,4,8,4,8,5,8,4,8,4,8,0,0,5,7,5,7,5,7,5,7,4,7,4,7,4,7,4,6,5,6,4,6,4,7,3,6,3,6,3,6,3,6,3,6,3,6,2,6,2,5,2,5,1,5,1,5,0,4,0,4,0,4,-1,4,0,0,0,0,0,0,0,0,0,0,0,0,0,0,8,-39,6,-37,14,-43,10,-46,11,-42,11,-47,16,-45,14,-55,7,-45,17,-54,18,-50,11,-47,14,-49,13,-54,19,-51,8,-56,11,-57,9,-55,11,-53,8,-50,9,-56,7,-49,5,-53,6,-46,7,-50,4,-56,4,-48,1,-52,7,-54,1,-54,0,-50,2,-52,-1,-47,0,-54,1,-45,1,-52,2,-47,-4,-49,4,-47,-4,-46,-1,-41,5,-44,3,-45,0,-43,6,-41,6,-39,10,-37,4,-35,9,-33,11,-33,11,-28,9,-28,12,-28,14,-24,14,-24,9,-20,17,-17,0,0,0,0,0,0,0,0,0,0,0,0,0,0,0,0,0,0,0,0,0,0,-46,5,-51,6,-47,3,-52,3,-53,-1,-59,-2,-56,-3,-58,-4,-67,-5,-62,-2,-69,-10,-69,-13,-77,-9,-73,-15,-78,-24,-71,-22,-80,-19,-71,-26,-77,-32,-74,-28,-71,-30,-78,-36,-66,-33,-73,-42,-70,-41,-67,-39,-57,-44,-63,-45,-54,-43,-62,-42,-47,-35,-51,-41,-49,-36,-41,-31,-40,-39,-37,-32,-28,-31,-25,-28,-29,-29,-27,-24,-26,-27,-20,-16,-17,-21,-15,-23,-14,-20,-7,-13,-9,-14,-7,-11,-8,-12,4,-14,8,-14,10,-11,12,-10,11,-6,18,-7,23,-5,28,-3,0,0]"
CSI_DATA,317,1a:00:00:00:00:00,-38,11,1,0,1,1,1,0,0,0,1,-96,0,11,2,4449217,0,44,0,384,0,"[0,0,0,0,0,0,0,0,0,0,0,0,-2,-9,-2,-9,-3,-9,-2,-10,-2,-10,-2,-9,-2,-9,-2,-10,-2,-10,-3,-10,-3,-10,-3,-10,-3,-10,-3,-10,-3,-10,-4,-10,-4,-10,-4,-9,-4,-9,-4,-9,-3,-10,-4,-9,-4,-9,-5,-9,-5,-10,-5,-9,0,0,-5,-9,-5,-9,-5,-9,-5,-8,-4,-8,-4,-9,-4,-8,-4,-8,-5,-8,-4,-8,-4,-8,-4,-8,-4,-7,-4,-8,-3,-7,-3,-8,-3,-7,-2,-7,-2,-6,-2,-6,-1,-6,-1,-6,-1,-6,-1,-5,0,-5,0,-5,0,0,0,0,0,0,0,0,0,0,0,0,0,0,-18,29,-26,31,-21,36,-27,33,-26,39,-32,34,-33,35,-36,39,-29,34,-37,37,-31,37,-32,42,-35,37,-35,40,-31,40,-33,40,-38,46,-30,42,-32,42,-33,41,-32,47,-27,42,-21,44,-25,40,-25,42,-24,45,-23,40,-26,45,-22,42,-22,43,-22,41,-26,48,-23,43,-22,47,-16,40,-21,42,-18,43,-17,41,-24,38,-18,38,-21,34,-21,34,-22,36,-22,38,-18,34,-24,30,-22,25,-18,31,-19,25,-21,23,-23,22,-22,20,-23,22,-21,18,-24,13,-20,11,-18,6,0,0,0,0,0,0,0,0,0,0,0,0,0,0,0,0,0,0,0,0,0,0,41,16,49,18,37,15,50,22,48,24,46,25,48,27,49,28,58,32,54,28,54,37,57,34,64,40,55,43,58,47,51,47,58,50,56,51,56,54,49,59,50,57,52,63,43,60,45,65,42,65,44,59,32,61,34,61,29,59,35,57,27,48,27,55,22,49,24,42,26,44,21,43,18,41,15,36,12,37,16,32,12,30,10,25,5,26,9,18,2,19,-4,12,-3,13,-1,13,-3,6,-3,8,-3,1,-11,6,-13,2,-19,1,-20,-9,-25,-8,-24,-9,0,0]"
CSI_DATA,318,1a:00:00:00:00:00,-38,11,1,0,1,1,1,0,0,0,1,-96,0,11,2,4459169,0,44,0,384,0,"[0,0,0,0,0,0,0,0,0,0,0,0,-9,3,-9,3,-9,3,-10,3,-10,3,-9,2,-9,3,-9,3,-10,3,-9,3,-10,3,-10,3,-10,3,-10,3,-9,3,-10,4,-9,4,-9,4,-9,4,-9,4,-9,4,-9,4,-9,4,-9,5,-9,5,-9,5,0,0,-8,5,-9,5,-8,5,-8,5,-8,4,-8,5,-8,5,-8,4,-7,5,-8,4,-8,4,-8,4,-7,4,-7,3,-7,3,-7,3,-7,3,-7,2,-6,2,-6,2,-6,1,-6,1,-6,0,-6,0,-5,-1,-5,-1,0,0,0,0,0,0,0,0,0,0,0,0,0,0,27,19,34,20,35,18,40,19,37,22,32,25,37,28,40,31,40,24,40,34,39,28,42,26,41,26,39,30,39,29,44,25,45,29,44,25,40,28,44,21,52,20,43,24,41,26,46,19,41,21,44,24,43,21,51,23,42,19,48,20,45,17,45,21,42,20,46,14,46,11,41,17,40,17,42,16,40,17,43,13,38,15,38,19,34,16,36,19,33,23,33,16,37,19,33,19,30,18,29,18,24,21,28,15,20,17,19,17,14,20,10,20,12,20,0,0,0,0,0,0,0,0,0,0,0,0,0,0,0,0,0,0,0,0,0,0,9,-43,10,-47,13,-46,16,-47,19,-48,20,-50,20,-47,24,-53,24,-57,31,-53,40,-60,35,-60,33,-65,41,-59,50,-62,49,-57,48,-65,52,-55,53,-57,54,-53,56,-51,64,-56,57,-49,60,-47,66,-50,60,-49,59,-40,62,-39,58,-32,60,-37,47,-30,54,-30,51,-29,45,-25,43,-21,41,-23,38,-20,37,-19,34,-12,33,-17,30,-12,22,-13,25,-11,21,-8,19,-7,13,-1,15,-3,14,-3,8,1,7,4,4,6,8,8,1,13,4,19,-1,22,-6,19,-9,25,0,0]"
CSI_DATA,319,1a:00:00:00:00:00,-38,11,1,0,1,1,1,0,0,0,1,-96,0,11,2,4469060,0,44,0,384,0,"[0,0,0,0,0,0,0,0,0,0,0,0,7,-6,7,-6,7,-6,7,-6,7,-6,8,-6,8,-6,8,-6,8,-6,7,-7,8,-7,7,-7,8,-7,7,-7,7,-6,8,-8,7,-8,7,-7,6,-7,7,-7,7,-7,7,-8,6,-7,6,-9,6,-8,6,-8,0,0,6,-8,6,-9,6,-9,5,-9,5,-8,5,-8,5,-8,5,-7,5,-8,5,-7,5,-7,5,-7,5,-7,5,-6,5,-6,5,-6,5,-6,5,-5,5,-5,4,-4,5,-4,5,-4,4,-3,4,-3,4,-2,4,-2,0,0,0,0,0,0,0,0,0,0,0,0,0,0,-36,-4,-38,0,-38,1,-42,-9,-44,2,-41,-4,-50,-3,-50,-7,-49,-8,-49,-7,-47,-8,-50,-5,-54,0,-50,-4,-49,-5,-54,1,-55,-2,-47,0,-49,-5,-52,1,-57,5,-57,-3,-48,7,-48,3,-51,0,-53,2,-47,4,-50,10,-49,5,-56,12,-43,11,-55,8,-43,10,-45,6,-47,13,-43,12,-48,9,-47,7,-41,4,-45,7,-42,7,-46,8,-40,5,-39,6,-38,7,-42,5,-40,3,-39,3,-34,-2,-32,2,-31,-5,-32,-5,-27,-2,-27,-9,-22,-5,-26,-7,-20,-11,0,0,0,0,0,0,0,0,0,0,0,0,0,0,0,0,0,0,0,0,0,0,6,44,2,45,4,47,0,50,-5,50,-4,52,-6,52,-6,57,-4,63,-9,63,-9,66,-6,66,-8,71,-10,72,-21,70,-20,73,-21,79,-26,74,-24,67,-32,67,-35,68,-35,76,-33,67,-34,70,-33,67,-27,67,-38,63,-38,62,-37,59,-33,55,-31,46,-33,50,-37,41,-32,41,-33,39,-29,33,-27,33,-24,34,-19,29,-21,28,-15,24,-19,23,-17,18,-18,14,-14,13,-14,11,-12,9,-10,4,-12,3,-11,-1,-7,-8,-12,-4,-11,-13,-11,-11,-10,-20,-9,-23,-4,-24,0,0]"
CSI_DATA,320,1a:00:00:00:00:00,-38,11,1,0,1,1,1,0,0,0,1,-96,0,11,2,4479401,0,44,0,384,0,"[0,0,0,0,0,0,0,0,0,0,0,0,3,7,4,7,4,7,3,8,3,8,3,8,3,8,3,8,3,8,4,8,4,8,4,8,4,8,4,8,4,8,5,8,5,8,4,7,5,7,5,7,4,8,5,7,5,7,5,7,5,7,6,7,0,0,6,7,5,7,6,7,6,6,5,6,5,7,5,6,5,6,5,6,5,6,5,6,4,6,4,6,4,6,3,6,4,6,3,5,3,5,2,5,2,5,1,5,1,5,1,5,0,4,0,4,0,4,0,0,0,0,0,0,0,0,0,0,0,0,0,0,6,-35,13,-34,9,-40,15,-38,15,-42,14,-42,14,-44,17,-47,15,-41,19,-45,18,-45,19,-45,19,-52,21,-47,19,-43,16,-49,19,-56,15,-52,14,-47,15,-49,10,-55,14,-50,6,-52,13,-49,13,-48,16,-49,11,-45,7,-56,11,-49,6,-51,8,-48,8,-50,10,-49,6,-51,2,-42,8,-49,8,-49,0,-48,7,-43,7,-45,4,-40,9,-38,11,-45,8,-44,7,-44,10,-38,9,-37,7,-34,11,-30,12,-29,10,-28,8,-28,10,-24,14,-24,18,-20,18,-24,18,-14,0,0,0,0,0,0,0,0,0,0,0,0,0,0,0,0,0,0,0,0,0,0,-45,-3,-48,-6,-45,-8,-55,-7,-49,-6,-53,-15,-52,-5,-55,-15,-62,-14,-63,-19,-63,-19,-68,-18,-72,-21,-72,-27,-71,-35,-67,-30,-76,-32,-66,-42,-71,-39,-66,-42,-65,-44,-69,-52,-63,-43,-63,-45,-59,-50,-61,-47,-50,-51,-52,-49,-44,-44,-54,-48,-41,-41,-44,-43,-40,-44,-38,-40,-33,-45,-31,-34,-26,-34,-26,-33,-26,-26,-24,-32,-20,-28,-15,-19,-16,-29,-14,-18,-10,-19,-9,-18,-7,-13,-5,-11,-3,-14,6,-10,11,-10,11,-9,20,-9,14,2,24,-1,23,2,24,-1,0,0]"
CSI_DATA,321,1a:00:00:00:00:00,-38,11,1,0,1,1,1,0,0,0,1,-96,0,11,2,4510515,0,44,0,384,0,"[0,0,0,0,0,0,0,0,0,0,0,0,-5,7,-4,7,-4,8,-5,7,-5,7,-5,7,-5,8,-5,8,-5,8,-5,8,-5,8,-5,8,-5,8,-5,8,-5,8,-4,9,-4,9,-4,8,-4,8,-4,9,-4,8,-3,9,-4,8,-3,9,-3,9,-3,9,0,0,-2,9,-3,9,-2,9,-2,9,-3,8,-2,8,-2,8,-2,8,-2,8,-2,8,-3,8,-3,7,-3,7,-3,7,-3,7,-3,7,-3,6,-3,6,-3,5,-3,5,-4,4,-4,4,-4,4,-4,3,-4,3,-4,2,0,0,0,0,0,0,0,0,0,0,0,0,0,0,39,-18,31,-17,33,-18,39,-17,43,-16,40,-11,45,-17,42,-18,44,-17,44,-13,42,-16,44,-19,48,-20,47,-20,47,-19,46,-20,51,-17,45,-18,45,-20,46,-23,47,-26,46,-24,40,-24,43,-24,45,-22,41,-24,40,-24,44,-29,41,-26,41,-26,41,-29,39,-31,38,-26,38,-31,33,-27,34,-27,31,-27,37,-26,37,-21,35,-25,34,-26,39,-19,34,-23,31,-23,32,-20,33,-21,32,-16,30,-21,27,-13,32,-18,27,-15,28,-12,22,-11,21,-8,22,-5,23,-2,22,3,0,0,0,0,0,0,0,0,0,0,0,0,0,0,0,0,0,0,0,0,0,0,-25,-35,-22,-36,-23,-39,-23,-43,-24,-45,-23,-48,-24,-44,-19,-50,-27,-56,-19,-57,-20,-68,-19,-64,-24,-73,-18,-67,-15,-71,-13,-72,-20,-74,-12,-73,-10,-72,-6,-75,-6,-73,-5,-80,5,-77,0,-81,5,-76,2,-74,8,-70,11,-69,10,-68,8,-65,9,-56,5,-57,8,-53,5,-51,10,-49,9,-46,13,-40,7,-43,10,-34,11,-36,9,-29,8,-28,5,-28,8,-21,9,-17,2,-14,2,-16,5,-16,8,-6,9,-5,10,-1,11,1,12,9,15,7,18,16,13,17,16,20,0,0]"
CSI_DATA,322,1a:00:00:00:00:00,-38,11,1,0,1,1,1,0,0,0,1,-96,0,11,2,4517967,0,44,0,384,0,"[0,0,0,0,0,0,0,0,0,0,0,0,7,3,7,3,7,3,8,4,7,4,7,4,7,4,7,4,8,4,8,3,8,4,8,3,8,3,8,3,8,3,9,3,9,3,8,2,8,2,8,2,8,2,8,2,8,2,9,1,9,2,9,1,0,0,9,1,8,1,9,1,8,1,8,1,8,1,8,1,7,1,8,1,7,1,8,1,7,1,7,1,7,1,6,1,7,1,6,1,6,2,5,2,5,2,5,2,4,2,4,2,3,2,3,3,2,2,0,0,0,0,0,0,0,0,0,0,0,0,0,0,-14,-37,-14,-35,-15,-41,-6,-43,-11,-48,-9,-49,-15,-47,-12,-47,-12,-43,-6,-45,-15,-48,-13,-48,-14,-54,-10,-49,-17,-50,-19,-53,-15,-57,-15,-53,-12,-48,-20,-49,-18,-51,-18,-51,-21,-46,-20,-48,-18,-48,-17,-46,-20,-42,-24,-44,-19,-51,-25,-47,-23,-41,-23,-44,-20,-46,-23,-44,-26,-39,-23,-48,-20,-41,-26,-43,-18,-41,-24,-37,-20,-38,-20,-39,-17,-39,-17,-39,-12,-40,-14,-36,-15,-37,-13,-37,-11,-30,-9,-33,-8,-31,-7,-28,-5,-28,-2,-26,1,-26,3,-25,3,-21,0,0,0,0,0,0,0,0,0,0,0,0,0,0,0,0,0,0,0,0,0,0,-41,23,-42,20,-43,17,-49,20,-46,18,-46,17,-50,18,-58,15,-63,20,-62,18,-64,17,-65,20,-73,22,-76,14,-77,9,-77,7,-80,13,-75,9,-75,6,-76,1,-76,-4,-80,0,-75,-8,-80,-7,-77,-9,-74,-2,-72,-15,-68,-13,-66,-14,-68,-14,-54,-14,-60,-17,-56,-14,-50,-13,-49,-20,-40,-10,-41,-11,-40,-13,-36,-11,-36,-15,-32,-9,-30,-8,-21,-8,-26,-11,-15,-7,-11,-10,-14,-8,-9,-10,-8,-11,-5,-14,1,-13,1,-14,9,-8,11,-12,17,-15,19,-14,17,-9,0,0]"
CSI_DATA,323,1a:00:00:00:00:00,-38,11,1,0,1,1,1,0,0,0,1,-96,0,11,2,4548241,0,44,0,384,0,"[0,0,0,0,0,0,0,0,0,0,0,0,6,-6,6,-6,6,-7,7,-6,7,-6,6,-6,7,-7,6,-6,7,-7,6,-7,7,-7,7,-7,7,-7,6,-7,6,-7,7,-8,6,-8,6,-8,6,-8,6,-8,6,-8,5,-8,5,-8,5,-8,5,-8,5,-8,0,0,5,-8,5,-9,5,-8,4,-9,4,-8,5,-8,4,-8,4,-7,4,-7,4,-7,5,-7,4,-7,4,-7,4,-6,4,-6,4,-6,4,-6,4,-5,4,-5,4,-4,4,-4,4,-4,4,-3,4,-3,4,-2,3,-2,0,0,0,0,0,0,0,0,0,0,0,0,0,0,-39,7,-40,1,-47,4,-42,-2,-43,3,-48,-1,-48,-1,-53,-3,-43,-1,-51,0,-49,0,-49,-2,-52,0,-54,1,-52,6,-57,6,-51,1,-48,4,-52,1,-51,4,-55,9,-54,4,-54,8,-48,5,-46,4,-53,7,-48,8,-48,14,-49,9,-53,11,-50,10,-46,11,-45,10,-52,10,-47,12,-40,12,-43,14,-43,14,-46,6,-43,15,-41,14,-44,15,-36,12,-39,9,-36,5,-42,10,-38,7,-33,8,-37,2,-34,-2,-34,1,-30,0,-29,-4,-26,-1,-25,-6,-27,-6,-22,-9,0,0,0,0,0,0,0,0,0,0,0,0,0,0,0,0,0,0,0,0,0,0,6,41,4,44,4,47,5,51,6,50,-4,58,0,53,-2,58,0,63,-2,63,0,65,-2,66,-1,73,-8,69,-18,70,-13,75,-11,79,-18,75,-18,67,-26,72,-28,73,-31,74,-32,75,-28,69,-32,73,-25,72,-29,64,-35,61,-33,55,-36,59,-31,49,-35,47,-32,49,-28,42,-31,41,-28,41,-27,35,-24,32,-21,30,-23,29,-20,28,-20,26,-16,22,-15,18,-13,13,-9,13,-8,6,-11,5,-10,0,-12,3,-11,-3,-13,-7,-11,-8,-10,-17,-12,-21,-11,-25,-14,-24,0,0]"
CSI_DATA,324,1a:00:00:00:00:00,-38,11,1,0,1,1,1,0,0,0,1,-96,0,11,2,4558896,0,44,0,384,0,"[0,0,0,0,0,0,0,0,0,0,0,0,-6,5,-7,4,-8,5,-8,5,-8,5,-8,4,-8,5,-8,5,-8,5,-8,5,-8,6,-8,6,-8,6,-8,6,-8,5,-8,7,-8,6,-8,6,-7,6,-8,6,-7,6,-7,6,-7,6,-7,7,-7,7,-7,7,0,0,-7,7,-7,7,-6,7,-6,7,-6,6,-6,6,-6,6,-6,6,-6,6,-6,6,-6,6,-6,5,-6,5,-6,5,-6,4,-6,4,-6,4,-5,4,-6,3,-5,3,-6,2,-5,2,-5,2,-5,1,-5,1,-4,0,0,0,0,0,0,0,0,0,0,0,0,0,0,0,41,-1,31,-5,39,-2,39,0,42,1,44,5,40,3,51,8,51,4,46,7,48,4,42,4,55,1,48,0,48,2,53,-5,55,5,51,-1,47,2,54,-9,55,-8,52,-4,50,-6,46,-6,50,-6,55,-4,52,-5,50,-8,49,-6,52,-11,49,-7,51,-10,46,-9,46,-13,49,-10,39,-8,42,-10,41,-14,42,-10,47,-11,45,-10,43,-6,41,-4,41,-5,38,-7,37,-5,37,-4,39,0,34,0,34,1,34,2,29,1,29,5,26,6,23,11,19,7,22,15,0,0,0,0,0,0,0,0,0,0,0,0,0,0,0,0,0,0,0,0,0,0,-16,-41,-7,-51,-9,-47,-6,-47,-3,-50,-4,-53,-8,-50,-5,-57,-8,-64,-2,-66,1,-67,0,-66,-1,-76,2,-71,13,-73,11,-78,6,-77,13,-76,17,-70,20,-71,27,-74,22,-76,28,-75,26,-73,28,-72,27,-72,35,-65,31,-65,32,-58,34,-63,25,-54,28,-51,28,-48,25,-45,30,-45,24,-42,25,-36,25,-33,20,-30,20,-25,18,-22,19,-27,19,-19,14,-21,17,-16,5,-13,13,-17,7,-9,10,-3,14,0,9,4,6,9,11,13,9,8,6,17,5,20,5,23,0,0]"
CSI_DATA,325,1a:00:00:00:00:00,-38,11,1,0,1,1,1,0,0,0,1,-96,0,11,2,4567949,0,44,0,384,0,"[0,0,0,0,0,0,0,0,0,0,0,0,-9,-1,-9,-1,-9,-1,-10,-1,-10,-1,-10,-2,-10,-1,-9,-1,-10,-1,-10,-1,-10,-2,-11,-1,-10,-1,-10,-1,-10,-1,-11,0,-11,0,-10,0,-10,0,-10,0,-10,0,-10,0,-10,0,-10,0,-10,0,-10,1,0,0,-10,1,-10,1,-10,1,-10,1,-9,1,-9,1,-9,1,-9,1,-9,1,-8,0,-9,0,-8,0,-8,0,-8,0,-8,-1,-8,-1,-8,-1,-7,-1,-7,-1,-7,-1,-6,-2,-6,-2,-5,-2,-5,-2,-5,-3,-4,-3,0,0,0,0,0,0,0,0,0,0,0,0,0,0,22,28,23,30,29,31,22,31,30,36,24,37,26,38,30,37,30,40,29,38,31,37,25,39,28,43,28,41,30,40,34,37,33,44,35,38,30,38,33,38,37,38,35,36,34,33,31,38,29,35,35,42,34,35,39,33,34,32,42,30,35,31,35,36,36,28,40,33,36,26,34,30,29,32,37,36,28,35,33,31,32,30,32,30,24,29,28,33,24,34,22,31,25,25,22,30,21,25,17,23,15,26,12,28,8,29,7,26,7,27,4,22,2,21,0,0,0,0,0,0,0,0,0,0,0,0,0,0,0,0,0,0,0,0,0,0,11,-42,19,-39,20,-43,22,-43,29,-44,27,-42,28,-46,33,-45,38,-54,39,-48,38,-56,40,-52,43,-60,49,-55,55,-51,56,-50,61,-56,61,-50,60,-47,68,-39,70,-41,74,-43,70,-39,70,-38,66,-34,65,-37,65,-28,71,-31,60,-22,61,-25,54,-22,60,-20,54,-15,51,-9,55,-9,46,-12,40,-11,39,-13,33,-5,34,-9,34,-4,24,-8,29,-6,23,-5,22,1,12,5,12,3,15,6,11,8,9,10,2,10,0,9,1,17,-1,13,-9,24,-10,19,-11,23,0,0]"
CSI_DATA,326,1a:00:00:00:00:00,-38,11,1,0,1,1,1,0,0,0,1,-96,0,11,2,4577957,0,44,0,384,0,"[0,0,0,0,0,0,0,0,0,0,0,0,-9,1,-9,2,-9,2,-9,2,-9,1,-9,1,-10,1,-9,1,-10,1,-9,1,-10,2,-10,2,-10,2,-10,2,-10,2,-10,3,-10,3,-9,3,-9,3,-10,3,-9,2,-9,3,-9,3,-9,4,-9,4,-9,4,0,0,-9,4,-9,4,-9,4,-9,4,-8,4,-9,4,-8,4,-8,3,-8,3,-8,3,-8,3,-8,3,-7,3,-7,2,-7,2,-7,2,-7,2,-7,1,-7,1,-6,1,-6,0,-6,0,-6,0,-6,0,-5,-1,-4,-1,0,0,0,0,0,0,0,0,0,0,0,0,0,0,32,14,37,14,36,17,37,13,37,19,40,20,44,22,42,20,40,22,41,29,41,23,38,23,44,22,44,27,47,29,46,23,49,23,45,18,44,20,44,20,52,22,47,16,46,13,44,16,44,19,51,17,51,17,48,12,46,14,52,12,48,14,47,10,45,12,44,11,47,9,44,13,41,12,41,12,40,14,42,11,42,11,42,12,36,13,40,12,37,10,40,16,36,13,33,12,30,11,26,14,25,14,26,16,27,16,18,18,18,18,14,19,13,20,0,0,0,0,0,0,0,0,0,0,0,0,0,0,0,0,0,0,0,0,0,0,9,-45,14,-48,12,-45,13,-47,19,-47,18,-46,22,-50,27,-51,26,-60,29,-56,27,-61,30,-64,34,-68,38,-63,39,-57,44,-61,41,-67,49,-60,48,-56,53,-60,57,-56,56,-56,59,-53,59,-55,58,-49,55,-50,56,-42,54,-43,58,-39,58,-44,53,-38,45,-31,47,-30,47,-26,45,-23,37,-27,38,-24,36,-20,31,-15,30,-14,29,-13,23,-12,25,-14,17,-8,16,-10,17,4,16,-4,13,0,13,-1,7,7,4,8,6,6,7,16,4,13,0,23,-2,19,-7,23,0,0]"
CSI_DATA,327,1a:00:00:00:00:00,-38,11,1,0,1,1,1,0,0,0,1,-96,0,11,2,4587995,0,44,0,384,0,"[0,0,0,0,0,0,0,0,0,0,0,0,-9,-1,-9,-1,-10,-1,-10,-1,-10,-1,-9,-2,-10,-1,-10,-1,-10,-1,-10,-1,-11,-1,-11,-1,-11,-1,-10,0,-10,-1,-11,0,-10,0,-10,0,-10,0,-10,0,-10,0,-10,0,-10,0,-10,1,-10,1,-10,1,0,0,-10,1,-10,1,-10,1,-10,2,-9,1,-10,1,-9,1,-9,1,-9,1,-9,1,-9,0,-8,0,-8,0,-8,0,-8,0,-8,0,-8,0,-7,-1,-7,-1,-7,-1,-6,-2,-6,-2,-6,-2,-5,-2,-5,-3,-4,-3,0,0,0,0,0,0,0,0,0,0,0,0,0,0,36,21,29,20,40,19,36,23,38,27,34,23,35,24,39,31,38,26,38,26,37,32,40,31,38,24,42,32,37,29,46,22,46,32,42,27,39,27,46,24,45,24,44,27,42,22,43,23,42,24,44,26,48,19,50,22,48,28,47,19,44,16,44,24,44,18,45,20,46,12,41,18,41,13,45,14,41,22,34,15,39,17,37,18,37,22,38,20,36,19,34,16,35,18,30,15,24,15,26,15,25,19,24,19,18,20,15,18,13,19,14,18,7,21,0,0,0,0,0,0,0,0,0,0,0,0,0,0,0,0,0,0,0,0,0,0,10,-43,13,-46,16,-45,14,-47,19,-47,20,-47,19,-46,26,-52,26,-59,31,-55,29,-54,31,-59,37,-66,40,-59,47,-56,47,-64,42,-68,52,-58,55,-56,53,-52,56,-52,58,-58,62,-51,63,-49,63,-52,60,-46,61,-40,59,-37,60,-35,59,-40,45,-30,52,-25,52,-27,43,-24,48,-19,40,-24,42,-21,34,-23,33,-11,36,-16,28,-16,25,-13,24,-11,24,-10,19,-9,23,-9,16,-1,13,0,13,1,9,6,6,12,5,13,0,14,-3,19,-3,22,-6,21,-6,25,0,0]"
CSI_DATA,328,1a:00:00:00:00:00,-38,11,1,0,1,1,1,0,0,0,1,-96,0,11,2,4597966,0,44,0,384,0,"[0,0,0,0,0,0,0,0,0,0,0,0,-3,7,-3,7,-3,8,-4,8,-4,8,-4,8,-4,8,-4,8,-4,8,-4,8,-4,9,-3,9,-3,9,-3,9,-3,9,-3,9,-3,9,-3,9,-2,9,-3,9,-3,9,-2,9,-2,8,-1,9,-2,9,-2,9,0,0,-1,9,-1,9,-1,9,-1,9,-2,8,-2,8,-2,8,-2,8,-1,8,-1,8,-1,8,-2,7,-1,7,-2,7,-2,7,-2,7,-2,7,-2,6,-3,5,-2,5,-3,5,-3,5,-3,4,-3,4,-3,3,-3,3,0,0,0,0,0,0,0,0,0,0,0,0,0,0,32,-19,35,-18,35,-22,36,-19,40,-23,38,-20,39,-16,39,-18,48,-16,45,-18,45,-16,45,-22,48,-25,47,-20,47,-17,43,-21,49,-28,46,-24,42,-23,45,-22,47,-26,44,-27,40,-29,41,-24,42,-28,38,-28,41,-30,41,-32,38,-30,39,-34,37,-31,33,-30,39,-31,36,-34,34,-35,35,-30,36,-35,38,-33,37,-32,34,-32,37,-29,35,-26,34,-24,31,-28,28,-22,30,-18,34,-16,34,-22,28,-12,30,-14,29,-13,28,-15,21,-12,27,-4,21,-6,22,-5,21,3,0,0,0,0,0,0,0,0,0,0,0,0,0,0,0,0,0,0,0,0,0,0,-30,-33,-25,-37,-25,-39,-28,-41,-28,-45,-25,-45,-26,-47,-25,-48,-34,-55,-27,-59,-24,-63,-22,-65,-32,-66,-24,-71,-18,-70,-19,-79,-24,-75,-18,-79,-18,-69,-14,-76,-8,-77,-12,-81,-7,-78,-3,-78,-1,-79,-6,-79,6,-72,3,-69,6,-70,6,-69,4,-59,5,-58,5,-54,3,-50,7,-53,3,-47,6,-44,4,-41,3,-35,8,-38,6,-32,4,-34,3,-29,4,-22,8,-17,-2,-18,4,-12,12,-11,8,-9,12,-6,8,-2,14,2,13,5,14,7,14,10,12,15,16,21,0,0]"
CSI_DATA,329,1a:00:00:00:00:00,-38,11,1,0,1,1,1,0,0,0,1,-96,0,11,2,4620476,0,44,0,384,0,"[0,0,0,0,0,0,0,0,0,0,0,0,5,6,5,6,6,6,6,7,6,6,5,7,6,7,5,6,6,6,6,6,6,7,6,7,6,7,6,6,6,7,7,6,7,6,7,6,7,6,7,6,6,6,7,6,6,5,7,5,7,5,7,5,0,0,7,5,7,5,7,5,7,5,6,5,7,5,7,4,6,4,7,4,6,4,6,5,5,5,5,4,5,4,5,4,5,5,5,4,4,4,4,4,4,4,3,4,3,4,2,4,2,4,1,4,1,3,0,0,0,0,0,0,0,0,0,0,0,0,0,0,-8,-36,-5,-35,-13,-43,-1,-43,-4,-43,-3,-45,-5,-51,0,-54,-3,-46,3,-51,-2,-53,-1,-47,-4,-50,-1,-51,-3,-51,-4,-54,-11,-54,-7,-50,-1,-52,-7,-51,-14,-56,-7,-51,-9,-48,-14,-48,-6,-50,-9,-54,-12,-51,-14,-54,-11,-49,-14,-49,-20,-43,-11,-45,-12,-50,-13,-51,-16,-41,-9,-46,-11,-46,-10,-45,-6,-47,-9,-41,-10,-42,-14,-44,-6,-41,-8,-42,-4,-42,-5,-35,-6,-35,-5,-39,-6,-34,3,-31,2,-32,3,-33,3,-31,5,-25,10,-26,8,-24,8,-18,0,0,0,0,0,0,0,0,0,0,0,0,0,0,0,0,0,0,0,0,0,0,-38,18,-41,24,-46,16,-49,23,-49,17,-53,17,-54,17,-55,13,-59,23,-65,14,-66,14,-64,19,-71,20,-69,11,-75,3,-78,5,-77,6,-75,3,-78,-3,-81,-2,-81,-9,-82,-7,-78,-12,-81,-14,-77,-13,-77,-12,-69,-16,-69,-20,-68,-16,-66,-19,-50,-22,-57,-18,-52,-23,-52,-16,-53,-19,-42,-18,-40,-20,-38,-14,-31,-11,-37,-18,-29,-17,-31,-12,-17,-14,-23,-12,-14,-12,-9,-8,-11,-9,-5,-11,-6,-11,-2,-8,2,-13,4,-14,4,-15,14,-9,21,-13,20,-16,25,-12,0,0]"
CSI_DATA,330,1a:00:00:00:00:00,-38,11,1,0,1,1,1,0,0,0,1,-96,0,11,2,4638159,0,44,0,384,0,"[0,0,0,0,0,0,0,0,0,0,0,0,-2,-9,-2,-9,-3,-9,-2,-10,-2,-9,-2,-9,-2,-10,-2,-9,-2,-10,-3,-9,-2,-10,-3,-10,-3,-10,-3,-10,-3,-10,-4,-10,-4,-10,-4,-9,-4,-9,-4,-9,-4,-9,-4,-9,-4,-9,-5,-9,-5,-9,-4,-9,0,0,-5,-9,-5,-9,-5,-9,-5,-8,-4,-8,-5,-8,-5,-8,-4,-8,-5,-8,-4,-8,-4,-8,-4,-8,-4,-8,-3,-7,-3,-7,-3,-8,-3,-7,-3,-7,-2,-7,-2,-6,-2,-6,-1,-6,-1,-6,-1,-5,0,-5,0,-5,0,0,0,0,0,0,0,0,0,0,0,0,0,0,-15,28,-16,30,-18,34,-23,35,-22,40,-22,35,-16,39,-20,43,-21,43,-30,42,-24,44,-28,43,-27,43,-26,41,-26,45,-20,44,-26,48,-20,48,-22,45,-22,50,-16,48,-27,49,-15,48,-17,47,-16,45,-16,54,-14,44,-16,55,-15,51,-15,47,-11,44,-13,45,-14,47,-9,47,-7,45,-11,48,-12,46,-6,46,-10,43,-7,42,-8,41,-11,38,-14,41,-10,40,-11,34,-13,35,-14,34,-13,32,-15,30,-13,29,-17,27,-13,28,-14,23,-18,25,-16,20,-17,15,-17,11,0,0,0,0,0,0,0,0,0,0,0,0,0,0,0,0,0,0,0,0,0,0,41,11,43,13,44,14,46,17,45,22,46,23,50,23,51,29,57,26,56,30,61,31,55,32,62,37,58,43,57,44,59,47,65,45,55,54,50,49,57,51,55,57,58,60,47,62,50,60,51,60,47,59,38,55,36,55,33,54,33,54,26,46,32,54,29,51,26,45,23,46,23,41,19,39,20,36,14,31,16,33,14,28,15,24,13,24,6,23,8,18,1,15,1,20,0,14,-2,7,-3,8,-5,5,-13,9,-14,2,-14,1,-22,1,-23,-1,-23,-2,0,0]"
CSI_DATA,331,1a:00:00:00:00:00,-38,11,1,0,1,1,1,0,0,0,1,-96,0,11,2,4648058,0,44,0,384,0,"[0,0,0,0,0,0,0,0,0,0,0,0,1,7,1,7,2,8,2,8,1,8,1,8,1,8,1,8,1,8,2,8,2,9,2,8,2,9,2,8,2,8,3,9,3,8,3,8,3,8,3,8,2,8,3,8,3,7,4,8,3,8,4,7,0,0,4,7,4,8,4,8,4,7,3,7,3,7,3,7,3,7,4,6,3,6,3,7,2,7,2,6,2,6,2,6,2,6,2,6,1,5,1,5,1,5,0,5,0,5,0,5,0,4,-1,4,-1,3,0,0,0,0,0,0,0,0,0,0,0,0,0,0,17,-39,11,-39,16,-40,9,-38,16,-47,18,-46,18,-46,14,-47,16,-39,18,-43,19,-50,16,-45,18,-51,19,-49,21,-49,15,-47,14,-56,15,-49,14,-45,14,-49,10,-55,13,-48,11,-50,9,-51,10,-48,11,-49,10,-54,5,-55,5,-48,2,-50,5,-48,3,-50,6,-50,1,-50,0,-45,5,-49,2,-49,0,-49,10,-45,1,-45,8,-44,4,-43,3,-44,8,-41,8,-38,5,-40,6,-37,10,-41,8,-31,11,-29,10,-33,10,-24,12,-29,10,-27,16,-22,15,-18,18,-18,0,0,0,0,0,0,0,0,0,0,0,0,0,0,0,0,0,0,0,0,0,0,-43,-4,-42,-7,-45,-6,-48,-6,-54,-9,-51,-15,-51,-12,-57,-20,-63,-17,-63,-17,-66,-24,-65,-22,-71,-21,-67,-28,-69,-32,-66,-32,-76,-36,-68,-37,-66,-35,-68,-44,-67,-44,-70,-52,-61,-50,-62,-48,-60,-50,-59,-48,-53,-49,-49,-50,-49,-48,-51,-48,-37,-38,-41,-48,-34,-44,-40,-38,-36,-46,-29,-37,-23,-31,-27,-36,-22,-25,-25,-28,-21,-25,-14,-26,-12,-24,-15,-23,-9,-16,-1,-15,-6,-14,-3,-15,-4,-14,1,-9,8,-12,11,-6,14,-5,19,-8,22,-1,21,-5,32,-2,0,0]"
CSI_DATA,332,1a:00:00:00:00:00,-38,11,1,0,1,1,1,0,0,0,1,-96,0,11,2,4657972,0,44,0,384,0,"[0,0,0,0,0,0,0,0,0,0,0,0,0,-9,0,-9,0,-9,1,-10,1,-9,1,-9,1,-9,1,-9,1,-9,0,-9,1,-10,0,-10,0,-10,0,-10,0,-10,0,-10,-1,-10,0,-9,-1,-10,-1,-10,-1,-10,-1,-10,-1,-9,-1,-10,-1,-10,-2,-10,0,0,-2,-9,-2,-10,-2,-10,-2,-9,-1,-9,-1,-9,-2,-9,-1,-8,-2,-9,-1,-8,-1,-9,-1,-8,-1,-8,-1,-8,-1,-7,-1,-8,0,-7,0,-7,0,-6,0,-6,1,-6,1,-6,1,-5,1,-5,2,-4,2,-4,0,0,0,0,0,0,0,0,0,0,0,0,0,0,-31,19,-31,20,-29,26,-40,15,-42,20,-42,22,-47,21,-48,27,-40,24,-46,21,-43,23,-47,24,-50,23,-44,23,-43,22,-45,31,-46,29,-48,27,-43,24,-45,27,-48,29,-47,27,-40,27,-41,26,-36,29,-45,32,-43,31,-38,36,-40,35,-41,33,-38,33,-38,34,-36,30,-42,33,-31,33,-34,29,-35,32,-36,30,-32,23,-38,26,-33,27,-38,28,-29,24,-34,27,-34,25,-35,22,-35,21,-34,18,-29,16,-30,14,-30,14,-27,7,-28,13,-28,11,-25,7,-22,3,-24,0,0,0,0,0,0,0,0,0,0,0,0,0,0,0,0,0,0,0,0,0,0,0,34,28,30,34,30,33,36,34,31,39,36,41,32,39,33,46,38,54,36,52,40,56,39,54,44,60,36,59,28,68,31,68,36,70,29,73,29,67,24,73,19,75,22,83,15,73,18,78,11,77,16,71,8,75,10,70,3,68,4,65,5,61,6,58,4,56,0,51,-3,49,3,49,-2,44,4,42,0,37,1,35,-4,31,0,30,-1,22,0,27,-5,18,-4,14,-6,13,-7,8,-2,7,-13,6,-11,3,-11,-1,-13,-5,-16,-8,-17,-13,-16,-15,-16,-20,0,0]"
CSI_DATA,333,1a:00:00:00:00:00,-38,11,1,0,1,1,1,0,0,0,1,-96,0,11,2,4668274,0,44,0,384,0,"[0,0,0,0,0,0,0,0,0,0,0,0,6,-6,6,-6,6,-7,7,-6,7,-6,7,-6,7,-7,7,-6,7,-7,7,-7,8,-7,7,-7,7,-7,7,-7,7,-7,7,-8,6,-8,6,-8,6,-8,6,-8,6,-8,6,-8,6,-7,6,-9,6,-8,6,-8,0,0,5,-8,5,-9,5,-9,5,-9,5,-8,5,-8,4,-8,5,-7,4,-8,5,-7,5,-7,5,-7,4,-7,4,-6,5,-6,5,-6,5,-6,4,-5,4,-5,4,-4,4,-4,4,-4,4,-3,4,-3,4,-2,4,-1,0,0,0,0,0,0,0,0,0,0,0,0,0,0,-41,8,-38,7,-38,11,-39,2,-41,2,-47,8,-45,6,-50,3,-45,5,-53,0,-49,4,-48,4,-52,5,-48,0,-49,8,-54,8,-53,4,-51,5,-46,4,-49,10,-57,10,-50,6,-48,14,-48,11,-51,10,-47,13,-48,12,-45,16,-48,13,-52,18,-49,14,-49,18,-42,10,-52,13,-41,17,-47,13,-40,13,-42,18,-40,9,-42,14,-38,17,-44,11,-39,13,-44,9,-41,10,-37,11,-37,5,-34,5,-34,0,-33,1,-36,-1,-30,-4,-30,-2,-19,-4,-26,-6,-22,-5,-22,-9,0,0,0,0,0,0,0,0,0,0,0,0,0,0,0,0,0,0,0,0,0,0,22,35,23,41,20,38,18,45,20,43,22,53,18,49,17,53,19,61,10,60,16,65,15,62,23,64,12,70,13,79,2,71,9,83,1,75,2,79,-5,72,-3,74,-9,78,-11,69,-7,77,-17,75,-8,79,-19,70,-21,78,-19,55,-16,67,-14,54,-20,59,-20,50,-16,51,-19,46,-14,46,-12,40,-13,37,-11,31,-13,31,-16,33,-8,27,-14,25,-10,15,-12,18,-15,18,-11,13,-11,10,-10,6,-10,-4,-13,-3,-10,-6,-5,-12,-12,-10,-8,-16,-13,-24,-14,-26,0,0]"
CSI_DATA,334,1a:00:00:00:00:00,-38,11,1,0,1,1,1,0,0,0,1,-96,0,11,2,4677939,0,44,0,384,0,"[0,0,0,0,0,0,0,0,0,0,0,0,-9,1,-8,2,-9,2,-9,2,-9,2,-9,1,-10,2,-9,2,-10,2,-10,2,-10,1,-10,2,-10,2,-10,2,-9,2,-10,3,-9,3,-9,3,-9,3,-10,3,-9,3,-9,4,-9,3,-9,4,-9,4,-9,3,0,0,-9,4,-9,4,-9,4,-9,4,-8,3,-8,4,-8,4,-8,3,-8,4,-8,3,-8,3,-8,3,-8,3,-7,2,-8,2,-8,2,-7,2,-7,1,-7,1,-6,1,-6,1,-6,0,-6,0,-6,-1,-5,-1,-4,-1,0,0,0,0,0,0,0,0,0,0,0,0,0,0,35,7,40,13,41,8,37,9,43,14,44,15,43,10,48,15,45,13,45,14,47,10,45,11,49,10,50,13,48,13,46,9,54,14,47,7,46,14,50,10,53,3,49,6,47,2,48,10,47,12,47,7,52,9,52,3,48,7,53,3,47,1,50,1,49,1,51,5,48,-3,44,4,45,0,45,-2,47,-3,43,3,43,3,44,0,39,2,40,5,36,4,38,5,39,5,35,6,30,8,34,9,26,12,24,13,26,10,25,12,18,13,18,15,18,16,0,0,0,0,0,0,0,0,0,0,0,0,0,0,0,0,0,0,0,0,0,0,-7,-46,-3,-49,-8,-47,-5,-51,-1,-53,0,-54,-5,-55,2,-56,3,-66,9,-61,6,-67,5,-65,2,-72,15,-68,19,-71,15,-73,12,-78,22,-79,25,-72,29,-72,35,-67,33,-72,35,-69,35,-69,41,-71,37,-70,43,-62,42,-59,42,-54,38,-57,35,-47,38,-47,38,-40,35,-41,35,-43,28,-33,27,-36,27,-30,25,-25,23,-30,22,-23,18,-23,18,-20,20,-17,11,-11,12,-8,12,-7,16,-4,13,-3,13,5,11,7,8,6,10,15,5,14,5,22,8,24,-3,24,0,0]"
CSI_DATA,335,1a:00:00:00:00:00,-38,11,1,0,1,1,1,0,0,0,1,-96,0,11,2,4718021,0,44,0,384,0,"[0,0,0,0,0,0,0,0,0,0,0,0,-6,5,-6,6,-6,6,-7,6,-7,6,-7,6,-7,6,-7,6,-7,6,-7,6,-7,7,-7,7,-7,7,-7,7,-7,7,-6,8,-6,7,-6,7,-6,7,-6,7,-6,7,-6,7,-6,7,-5,8,-5,8,-5,8,0,0,-5,8,-5,8,-5,8,-4,8,-5,7,-5,7,-5,7,-5,7,-4,7,-4,7,-5,7,-5,6,-5,6,-5,6,-5,6,-5,6,-4,5,-5,5,-5,4,-5,4,-5,4,-5,3,-5,3,-4,2,-5,2,-4,1,0,0,0,0,0,0,0,0,0,0,0,0,0,0,40,3,39,2,34,-6,42,0,50,1,48,2,47,0,49,1,51,2,47,4,46,2,46,2,54,3,49,0,48,4,51,-2,52,-2,54,-2,46,-2,53,-1,58,-9,52,0,45,-5,48,0,46,-2,48,-3,48,-4,47,-9,46,-5,55,-15,50,-12,51,-8,44,-9,45,-7,46,-12,40,-2,42,-11,45,-12,49,-3,46,-3,42,-5,41,-7,38,-4,43,-6,38,0,39,2,37,0,39,-3,35,-2,34,4,33,4,29,5,30,9,26,3,25,5,17,9,20,9,0,0,0,0,0,0,0,0,0,0,0,0,0,0,0,0,0,0,0,0,0,0,-20,-39,-21,-44,-19,-46,-15,-46,-16,-49,-14,-52,-14,-54,-12,-56,-13,-63,-11,-61,-12,-70,-14,-66,-17,-76,-10,-71,-3,-68,-1,-80,0,-80,4,-76,6,-70,14,-75,8,-80,14,-80,16,-80,12,-72,21,-70,15,-76,20,-72,21,-66,24,-62,23,-64,21,-53,22,-54,23,-51,25,-47,26,-47,22,-44,19,-41,17,-40,15,-32,19,-33,14,-26,20,-31,14,-22,12,-22,13,-13,14,-10,9,-11,7,-8,5,-2,10,-1,13,4,9,4,9,8,7,10,10,13,10,21,8,24,0,0]"
CSI_DATA,336,1a:00:00:00:00:00,-38,11,1,0,1,1,1,0,0,0,1,-96,0,11,2,4728003,0,44,0,384,0,"[0,0,0,0,0,0,0,0,0,0,0,0,2,7,2,7,2,8,2,8,2,8,2,8,2,8,2,8,2,8,2,8,2,9,3,8,3,9,3,8,2,8,4,9,3,8,3,8,3,8,3,8,3,8,4,8,3,7,4,8,4,8,4,8,0,0,4,7,4,8,4,7,5,7,4,7,4,7,4,7,4,7,4,6,4,7,3,7,3,6,3,6,3,6,3,6,2,6,2,6,2,5,1,5,1,5,1,5,0,5,0,5,0,4,-1,4,-1,3,0,0,0,0,0,0,0,0,0,0,0,0,0,0,10,-32,16,-38,14,-38,17,-37,18,-43,24,-42,25,-47,24,-46,22,-43,26,-48,27,-47,21,-42,25,-48,24,-46,22,-46,25,-52,27,-53,18,-51,21,-49,23,-45,19,-58,23,-52,15,-50,15,-48,16,-45,17,-48,12,-48,14,-53,13,-52,13,-54,15,-50,11,-51,14,-50,10,-54,8,-46,13,-50,11,-46,7,-43,10,-46,9,-43,6,-42,12,-41,14,-41,15,-44,18,-43,12,-35,16,-38,11,-36,13,-34,12,-31,18,-31,13,-25,16,-28,18,-21,16,-19,20,-11,15,-12,0,0,0,0,0,0,0,0,0,0,0,0,0,0,0,0,0,0,0,0,0,0,-45,-8,-50,-10,-45,-12,-54,-12,-49,-15,-52,-15,-52,-18,-59,-19,-63,-22,-58,-24,-65,-34,-66,-27,-69,-31,-67,-33,-69,-40,-64,-42,-76,-45,-64,-42,-66,-46,-66,-48,-61,-48,-64,-58,-52,-54,-61,-57,-56,-63,-55,-53,-51,-53,-47,-62,-45,-55,-50,-53,-36,-43,-42,-51,-35,-42,-33,-42,-29,-43,-21,-37,-26,-38,-25,-41,-21,-32,-21,-33,-19,-35,-16,-22,-8,-26,-12,-21,-5,-18,-5,-21,-6,-14,0,-16,1,-12,4,-8,4,-15,9,-6,11,-4,19,-6,19,-3,25,1,23,3,0,0]"
CSI_DATA,337,1a:00:00:00:00:00,-38,11,1,0,1,1,1,0,0,0,1,-96,0,11,2,4744604,0,44,0,384,0,"[0,0,0,0,0,0,0,0,0,0,0,0,-8,3,-8,3,-8,3,-9,3,-9,3,-9,3,-9,3,-9,3,-9,3,-8,3,-9,3,-9,4,-9,4,-9,4,-9,4,-9,5,-9,5,-8,4,-8,5,-8,5,-8,5,-8,5,-8,5,-8,6,-8,6,-8,5,0,0,-8,6,-8,6,-8,6,-7,6,-7,5,-7,6,-7,5,-7,5,-7,5,-7,5,-7,5,-7,4,-7,4,-7,4,-6,4,-7,4,-6,4,-6,3,-6,3,-6,2,-6,2,-6,2,-5,1,-5,1,-5,0,-5,0,0,0,0,0,0,0,0,0,0,0,0,0,0,0,37,6,35,11,42,5,36,9,43,6,44,10,46,8,47,10,44,9,49,12,42,4,46,10,46,9,45,10,51,14,50,6,51,12,46,2,45,8,53,3,55,1,52,1,49,1,45,2,44,4,47,3,49,-1,51,-1,47,1,53,-3,47,-5,49,1,41,0,48,-3,46,-7,44,3,42,-4,40,-4,42,-1,39,-7,40,-5,41,-2,35,0,34,0,37,1,38,1,39,3,38,4,34,1,31,4,34,6,28,9,26,6,26,9,19,11,22,13,16,13,0,0,0,0,0,0,0,0,0,0,0,0,0,0,0,0,0,0,0,0,0,0,-1,-41,-1,-42,-2,-43,-1,-52,1,-50,3,-51,5,-49,7,-57,2,-64,13,-59,12,-63,12,-63,8,-73,17,-69,22,-70,22,-68,20,-78,30,-69,28,-70,29,-71,33,-67,36,-72,35,-66,39,-65,41,-65,36,-64,40,-59,41,-58,42,-53,37,-51,31,-45,37,-47,35,-40,34,-42,36,-35,27,-37,27,-32,28,-32,25,-26,25,-28,20,-23,15,-19,18,-20,13,-14,13,-12,9,-5,7,-7,13,-7,10,2,9,5,10,6,8,6,8,14,6,11,4,21,6,28,3,28,0,0]"
CSI_DATA,338,1a:00:00:00:00:00,-38,11,1,0,1,1,1,0,0,0,1,-96,0,11,2,4748094,0,44,0,384,0,"[0,0,0,0,0,0,0,0,0,0,0,0,-5,6,-5,6,-5,7,-6,7,-6,7,-6,6,-6,7,-6,7,-6,7,-6,7,-6,7,-6,7,-6,7,-6,7,-5,7,-5,8,-5,8,-5,8,-5,7,-5,8,-5,7,-4,8,-5,7,-4,8,-4,8,-4,8,0,0,-4,8,-4,8,-4,8,-3,8,-4,7,-4,8,-3,8,-4,7,-3,7,-4,7,-4,7,-4,6,-4,6,-4,6,-4,6,-4,6,-4,6,-4,5,-4,4,-4,4,-4,4,-4,3,-4,3,-4,2,-4,2,-4,2,0,0,0,0,0,0,0,0,0,0,0,0,0,0,34,-13,40,-20,37,-21,38,-20,41,-20,43,-20,43,-21,44,-22,46,-20,45,-22,42,-20,41,-21,48,-23,46,-20,46,-23,47,-22,51,-25,45,-23,44,-26,48,-28,50,-29,43,-22,40,-26,40,-31,41,-26,39,-28,43,-25,43,-34,40,-27,44,-32,41,-33,43,-31,40,-30,34,-33,36,-32,38,-29,30,-28,33,-33,36,-31,33,-29,34,-26,37,-29,34,-21,40,-25,31,-24,32,-21,32,-16,27,-21,30,-15,27,-13,28,-14,28,-12,23,-8,28,-5,26,-6,24,1,20,-1,0,0,0,0,0,0,0,0,0,0,0,0,0,0,0,0,0,0,0,0,0,0,-30,-31,-31,-39,-26,-36,-34,-38,-27,-41,-28,-51,-28,-47,-29,-51,-36,-51,-29,-55,-29,-63,-28,-60,-34,-69,-28,-66,-24,-72,-23,-72,-32,-79,-21,-73,-18,-79,-15,-75,-16,-78,-18,-78,-9,-79,-6,-80,-8,-80,-5,-75,-1,-73,-1,-76,0,-65,0,-71,1,-56,3,-64,4,-56,1,-53,2,-51,2,-50,5,-43,6,-41,3,-34,2,-33,3,-31,3,-34,8,-27,1,-20,1,-22,7,-12,9,-15,6,-9,10,-10,14,-7,8,0,10,-1,18,8,11,8,14,15,13,16,11,19,0,0]"
CSI_DATA,339,1a:00:00:00:00:00,-38,11,1,0,1,1,1,0,0,0,1,-96,0,11,2,4758211,0,44,0,384,0,"[0,0,0,0,0,0,0,0,0,0,0,0,-2,-9,-1,-9,-2,-9,-1,-10,-2,-10,-1,-10,-1,-10,-1,-9,-1,-10,-2,-10,-2,-10,-2,-10,-2,-10,-2,-10,-2,-10,-3,-11,-3,-10,-3,-9,-3,-9,-3,-10,-3,-9,-4,-10,-3,-9,-4,-10,-4,-10,-4,-9,0,0,-4,-9,-4,-10,-5,-9,-5,-9,-4,-9,-4,-9,-4,-8,-4,-8,-4,-8,-4,-8,-4,-8,-3,-8,-3,-8,-3,-7,-3,-8,-3,-8,-3,-7,-2,-7,-2,-7,-1,-6,-1,-6,-1,-6,0,-6,0,-5,0,-5,0,-4,0,0,0,0,0,0,0,0,0,0,0,0,0,0,-29,24,-28,30,-27,32,-26,35,-29,33,-27,31,-31,35,-36,40,-34,33,-34,37,-32,38,-37,37,-36,36,-36,39,-33,40,-30,40,-37,39,-32,41,-30,40,-26,43,-31,46,-30,43,-26,42,-24,39,-29,43,-29,43,-25,40,-24,48,-23,46,-27,44,-23,39,-26,44,-25,42,-21,44,-18,41,-25,41,-26,40,-20,37,-26,40,-19,39,-18,37,-19,34,-19,40,-23,37,-21,32,-25,32,-22,29,-22,31,-20,24,-19,20,-19,25,-20,20,-21,17,-25,17,-21,15,-19,7,-21,9,0,0,0,0,0,0,0,0,0,0,0,0,0,0,0,0,0,0,0,0,0,0,43,14,42,18,43,20,44,21,43,28,42,30,44,29,43,34,54,35,51,37,52,43,54,39,60,39,53,43,49,50,54,50,57,52,47,60,49,58,50,59,48,62,50,64,39,63,43,67,37,66,44,61,31,62,29,60,32,59,34,60,22,55,25,52,21,50,19,52,15,50,15,43,11,42,17,37,12,36,7,32,9,26,7,26,3,20,6,23,5,20,6,15,-2,14,-4,16,-7,10,-6,9,-10,4,-14,6,-18,2,-16,-3,-19,-9,-23,-8,-25,-14,0,0]"
CSI_DATA,340,1a:00:00:00:00:00,-38,11,1,0,1,1,1,0,0,0,1,-96,0,11,2,4767943,0,44,0,384,0,"[0,0,0,0,0,0,0,0,0,0,0,0,-8,-4,-8,-4,-8,-4,-9,-4,-9,-4,-8,-4,-9,-4,-9,-4,-9,-4,-9,-4,-9,-4,-10,-3,-9,-4,-9,-3,-9,-4,-10,-3,-10,-3,-9,-3,-9,-3,-9,-3,-9,-3,-9,-3,-9,-2,-10,-2,-10,-2,-10,-2,0,0,-10,-2,-10,-2,-10,-2,-9,-1,-9,-2,-9,-2,-9,-2,-8,-2,-9,-1,-9,-2,-9,-2,-8,-2,-8,-2,-7,-2,-7,-2,-7,-2,-7,-2,-7,-2,-6,-3,-6,-3,-6,-3,-5,-3,-5,-3,-5,-3,-4,-4,-3,-3,0,0,0,0,0,0,0,0,0,0,0,0,0,0,20,31,20,35,24,34,22,34,24,40,21,39,18,39,19,44,21,42,25,41,18,44,20,39,25,44,25,46,24,42,26,39,29,43,30,43,25,45,29,42,32,44,33,37,30,35,28,40,26,42,27,44,30,40,37,38,35,40,40,38,34,35,34,36,30,39,34,34,33,32,27,37,29,35,31,36,27,36,30,28,29,25,29,31,22,37,25,36,21,34,26,31,19,28,20,31,17,27,14,27,16,30,13,28,10,28,5,26,3,23,7,26,-2,22,0,0,0,0,0,0,0,0,0,0,0,0,0,0,0,0,0,0,0,0,0,0,29,-35,31,-35,35,-31,31,-39,39,-35,38,-31,40,-34,47,-36,46,-43,52,-37,56,-40,53,-38,58,-48,63,-39,65,-34,65,-34,72,-39,71,-34,68,-27,74,-27,76,-18,83,-21,73,-18,79,-21,75,-16,73,-20,67,-10,64,-12,64,-8,64,-6,58,-4,57,-7,57,-1,52,0,53,3,43,-2,45,-1,39,0,38,-3,35,2,33,4,31,-2,23,-3,25,0,17,2,13,0,14,1,8,5,13,7,6,8,5,8,2,12,-6,16,-10,14,-10,18,-17,18,-18,17,0,0]"
CSI_DATA,341,1a:00:00:00:00:00,-38,11,1,0,1,1,1,0,0,0,1,-96,0,11,2,4779088,0,44,0,384,0,"[0,0,0,0,0,0,0,0,0,0,0,0,8,1,8,1,8,1,9,1,8,2,8,2,9,1,8,1,9,1,8,1,9,2,9,1,9,1,9,1,9,1,10,0,9,0,9,0,9,0,9,0,9,0,9,0,9,0,9,-1,9,0,9,-1,0,0,9,-1,9,-1,9,-1,9,-1,8,-1,8,-1,8,-1,8,-1,8,-1,8,-1,8,0,7,0,7,0,7,0,7,0,7,0,6,0,6,1,6,1,5,1,5,1,5,1,4,2,4,2,3,2,3,2,0,0,0,0,0,0,0,0,0,0,0,0,0,0,-26,-32,-24,-31,-25,-27,-23,-35,-30,-34,-24,-42,-25,-36,-32,-41,-24,-38,-30,-40,-28,-41,-27,-40,-32,-43,-29,-38,-26,-37,-36,-39,-37,-43,-38,-38,-30,-40,-32,-35,-38,-39,-37,-37,-37,-35,-32,-39,-34,-34,-38,-38,-38,-34,-39,-36,-38,-35,-45,-32,-37,-27,-39,-33,-39,-29,-39,-30,-43,-29,-36,-31,-38,-34,-34,-33,-30,-31,-34,-26,-38,-24,-36,-25,-34,-28,-32,-30,-25,-29,-24,-28,-27,-29,-24,-23,-26,-24,-24,-28,-18,-25,-18,-21,-18,-28,-11,-23,-11,-24,-8,-22,-5,-22,0,0,0,0,0,0,0,0,0,0,0,0,0,0,0,0,0,0,0,0,0,0,-26,36,-34,31,-31,34,-32,40,-37,36,-43,36,-43,34,-43,34,-52,41,-48,39,-52,37,-49,43,-57,49,-59,41,-62,34,-65,35,-70,42,-69,34,-69,31,-73,28,-70,25,-80,25,-70,18,-74,26,-77,24,-73,26,-68,15,-70,16,-64,9,-68,14,-58,9,-62,10,-60,6,-53,4,-56,2,-46,7,-40,3,-39,6,-41,5,-35,7,-34,-1,-28,-1,-26,-1,-26,0,-20,2,-15,-8,-14,-6,-14,-6,-9,-7,-7,-10,-2,-9,-2,-16,7,-16,3,-14,10,-25,16,-24,15,-22,0,0]"
CSI_DATA,342,1a:00:00:00:00:00,-38,11,1,0,1,1,1,0,0,0,1,-96,0,11,2,4788057,0,44,0,384,0,"[0,0,0,0,0,0,0,0,0,0,0,0,2,-8,2,-8,2,-8,3,-9,3,-9,3,-8,3,-9,3,-9,3,-9,3,-9,3,-9,3,-9,3,-9,2,-9,2,-9,2,-10,1,-10,2,-9,1,-9,1,-10,2,-9,1,-9,1,-9,1,-10,1,-10,1,-10,0,0,0,-9,1,-10,0,-10,0,-9,0,-9,0,-9,0,-9,0,-8,0,-8,0,-9,1,-8,1,-8,1,-8,1,-8,1,-8,1,-7,1,-7,1,-7,1,-6,1,-6,2,-6,2,-5,2,-5,2,-5,2,-4,2,-3,0,0,0,0,0,0,0,0,0,0,0,0,0,0,-39,19,-34,12,-33,11,-40,13,-44,19,-46,18,-42,15,-48,22,-43,19,-48,19,-48,19,-45,20,-48,20,-49,15,-49,18,-47,25,-50,19,-45,25,-45,26,-45,25,-48,26,-45,25,-39,29,-39,28,-45,29,-44,28,-42,27,-39,30,-40,31,-42,31,-42,32,-45,38,-36,30,-37,32,-35,30,-37,30,-32,28,-32,33,-34,22,-34,27,-30,26,-33,22,-30,26,-32,24,-33,23,-32,22,-36,20,-31,19,-28,17,-29,13,-29,11,-26,11,-27,13,-24,7,-26,5,-27,1,-21,-2,0,0,0,0,0,0,0,0,0,0,0,0,0,0,0,0,0,0,0,0,0,0,27,36,26,40,24,37,30,45,25,42,23,47,25,48,27,54,31,56,24,55,22,60,29,62,33,67,25,69,23,74,20,71,25,77,16,74,15,73,11,72,5,74,14,82,3,78,5,75,0,77,7,73,-1,71,0,72,-5,61,1,72,-5,56,-8,63,-5,53,-5,52,-7,49,-7,46,-10,41,-7,41,-8,34,-4,35,-9,36,-6,30,-5,24,-6,23,-12,19,-3,19,-9,18,-5,9,-7,8,-11,3,-9,-4,-14,1,-15,-7,-12,-13,-18,-8,-18,-17,-19,-19,0,0]"
CSI_DATA,343,1a:00:00:00:00:00,-38,11,1,0,1,1,1,0,0,0,1,-96,0,11,2,4797950,0,44,0,384,0,"[0,0,0,0,0,0,0,0,0,0,0,0,-2,7,-2,8,-1,8,-2,9,-2,8,-3,8,-2,9,-2,8,-2,9,-2,9,-2,9,-2,9,-2,9,-2,9,-2,9,-1,10,-1,9,-1,9,-1,9,-1,9,-1,9,0,9,-1,9,0,9,0,9,0,9,0,0,0,9,0,9,0,9,1,9,0,8,0,9,0,8,0,8,0,8,0,8,0,8,-1,7,0,7,-1,7,-1,7,-1,7,-1,7,-1,6,-1,6,-1,5,-2,5,-2,5,-2,4,-2,4,-3,4,-3,3,0,0,0,0,0,0,0,0,0,0,0,0,0,0,26,-21,30,-22,31,-28,35,-26,37,-24,35,-24,40,-29,36,-24,37,-21,38,-26,43,-23,41,-25,43,-30,41,-29,42,-28,34,-32,40,-32,41,-31,38,-32,39,-34,40,-34,41,-28,31,-32,38,-31,36,-34,37,-33,35,-33,33,-39,30,-35,33,-37,31,-34,32,-34,34,-33,30,-35,29,-37,29,-33,28,-35,33,-35,31,-32,33,-30,33,-29,35,-28,27,-27,28,-31,29,-29,28,-26,30,-18,30,-23,26,-18,25,-14,26,-16,27,-11,22,-13,24,-8,25,-9,21,-4,18,-3,0,0,0,0,0,0,0,0,0,0,0,0,0,0,0,0,0,0,0,0,0,0,-41,-21,-33,-26,-37,-27,-39,-28,-38,-31,-37,-37,-39,-37,-38,-39,-43,-45,-44,-45,-48,-48,-47,-48,-53,-51,-49,-52,-42,-59,-42,-62,-48,-68,-38,-65,-35,-66,-33,-65,-25,-68,-31,-75,-28,-70,-30,-64,-28,-72,-27,-69,-21,-65,-19,-67,-16,-67,-18,-59,-13,-54,-12,-59,-10,-52,-6,-48,-2,-52,-8,-49,-5,-42,-8,-42,-5,-34,-5,-34,-5,-30,-4,-28,1,-27,-4,-21,1,-18,0,-19,1,-19,9,-11,8,-8,7,-8,10,-5,15,-3,17,4,14,4,16,6,19,14,20,8,0,0]"
CSI_DATA,344,1a:00:00:00:00:00,-38,11,1,0,1,1,1,0,0,0,1,-96,0,11,2,4811244,0,44,0,384,0,"[0,0,0,0,0,0,0,0,0,0,0,0,-4,7,-5,7,-4,7,-5,7,-5,7,-6,7,-5,8,-5,7,-5,7,-5,8,-6,8,-5,8,-5,8,-5,8,-5,8,-4,9,-4,9,-4,8,-4,9,-4,8,-4,8,-4,9,-4,8,-3,9,-3,9,-3,8,0,0,-3,9,-3,9,-3,9,-2,8,-3,8,-3,8,-3,8,-3,8,-3,8,-3,7,-3,8,-3,7,-3,7,-3,7,-3,6,-3,6,-3,6,-3,6,-3,5,-3,5,-4,4,-4,4,-4,3,-4,3,-4,2,-4,2,0,0,0,0,0,0,0,0,0,0,0,0,0,0,35,-15,35,-17,36,-20,41,-17,44,-14,40,-17,45,-18,48,-22,44,-16,47,-17,47,-20,44,-18,47,-26,42,-16,48,-20,47,-26,49,-24,42,-21,46,-20,46,-23,48,-26,44,-24,45,-26,43,-27,42,-26,42,-28,44,-25,41,-34,42,-27,39,-31,38,-27,44,-29,34,-27,40,-32,37,-30,35,-26,34,-25,36,-28,40,-27,38,-23,35,-28,38,-23,34,-23,34,-23,35,-19,37,-18,32,-15,32,-15,30,-14,32,-15,30,-11,29,-9,29,-6,25,-4,24,-3,23,0,23,5,0,0,0,0,0,0,0,0,0,0,0,0,0,0,0,0,0,0,0,0,0,0,-31,-31,-33,-38,-31,-37,-36,-39,-26,-40,-30,-47,-30,-49,-32,-48,-34,-54,-34,-55,-31,-61,-34,-64,-36,-64,-34,-64,-23,-74,-27,-72,-33,-78,-23,-77,-20,-73,-18,-75,-10,-82,-14,-79,-11,-76,-10,-78,-10,-83,-14,-78,-1,-71,1,-75,-3,-66,0,-67,2,-56,1,-60,2,-59,4,-54,5,-53,1,-49,4,-42,4,-40,0,-34,0,-35,5,-30,3,-30,1,-26,2,-22,5,-18,2,-13,7,-15,8,-14,7,-11,10,-5,13,-3,11,-3,14,9,14,12,19,12,23,19,23,21,0,0]"
CSI_DATA,345,1a:00:00:00:00:00,-38,11,1,0,1,1,1,0,0,0,1,-96,0,11,2,4828310,0,44,0,384,0,"[0,0,0,0,0,0,0,0,0,0,0,0,-8,3,-8,3,-8,4,-9,3,-9,3,-9,3,-9,3,-9,3,-9,3,-9,4,-10,4,-9,4,-10,4,-9,4,-9,4,-9,5,-9,5,-9,4,-8,5,-9,5,-9,4,-9,5,-8,4,-9,6,-8,6,-8,5,0,0,-8,5,-8,6,-8,6,-8,6,-8,5,-8,5,-8,5,-7,5,-7,5,-7,4,-8,4,-7,4,-7,4,-7,3,-7,3,-7,3,-7,3,-6,2,-6,2,-6,2,-6,1,-6,1,-6,1,-5,0,-5,0,-5,-1,0,0,0,0,0,0,0,0,0,0,0,0,0,0,35,9,32,4,40,7,40,10,41,8,40,10,50,10,48,13,49,14,46,14,48,12,43,15,46,9,51,20,47,13,50,8,53,13,49,11,44,10,48,5,56,6,52,6,50,3,48,7,46,6,48,4,50,3,49,4,50,5,54,1,48,0,54,3,46,3,46,-2,47,-4,47,3,44,2,42,-2,48,4,44,-2,47,0,42,3,43,5,38,2,35,3,38,8,37,5,35,4,34,6,36,4,33,8,30,11,24,11,25,9,23,13,17,14,15,15,0,0,0,0,0,0,0,0,0,0,0,0,0,0,0,0,0,0,0,0,0,0,-5,-48,-1,-46,-1,-48,0,-52,5,-50,3,-57,7,-54,7,-61,5,-69,12,-61,14,-66,13,-64,15,-75,20,-69,20,-67,26,-73,24,-76,28,-72,25,-70,30,-71,37,-72,38,-71,34,-69,42,-66,42,-65,39,-62,41,-58,41,-57,44,-50,42,-52,36,-44,37,-49,39,-41,29,-38,36,-37,30,-36,29,-31,29,-30,26,-25,27,-23,25,-23,21,-23,19,-18,14,-11,15,-10,15,-16,17,-7,10,-2,12,-2,13,5,9,1,3,6,11,16,6,9,4,20,0,24,-2,28,0,0]"
CSI_DATA,346,1a:00:00:00:00:00,-38,11,1,0,1,1,1,0,0,0,1,-96,0,11,2,4838354,0,44,0,384,0,"[0,0,0,0,0,0,0,0,0,0,0,0,-9,0,-9,1,-9,1,-10,0,-10,0,-9,0,-10,0,-9,0,-10,0,-10,1,-10,0,-10,1,-10,0,-10,1,-10,1,-11,2,-10,2,-10,2,-9,2,-10,2,-9,1,-10,2,-9,2,-10,2,-10,2,-10,2,0,0,-9,3,-10,3,-9,3,-9,3,-9,2,-9,2,-9,2,-9,2,-8,2,-8,2,-9,2,-8,2,-8,2,-8,1,-8,1,-8,1,-8,1,-7,0,-7,0,-6,0,-6,-1,-6,-1,-6,-1,-5,-1,-5,-2,-4,-2,0,0,0,0,0,0,0,0,0,0,0,0,0,0,29,13,32,14,39,18,34,18,36,21,41,24,39,20,42,25,38,24,45,22,40,21,41,25,48,20,41,20,47,26,42,20,49,25,44,23,42,27,43,18,52,22,46,18,43,16,46,18,42,21,46,18,45,21,48,16,47,16,47,14,44,12,54,13,44,17,49,14,46,4,45,13,41,10,39,9,45,14,39,12,37,11,40,15,40,15,39,14,36,12,33,16,38,16,30,13,29,16,27,15,24,19,25,18,19,20,16,20,18,22,18,17,15,16,0,0,0,0,0,0,0,0,0,0,0,0,0,0,0,0,0,0,0,0,0,0,1,-43,4,-50,6,-44,9,-50,12,-51,12,-53,10,-51,16,-54,16,-65,21,-57,22,-63,20,-58,24,-73,27,-68,40,-67,32,-62,38,-81,37,-64,44,-69,43,-63,47,-61,50,-65,48,-56,51,-57,53,-56,49,-58,51,-53,53,-52,47,-44,47,-50,40,-35,52,-39,42,-31,40,-30,41,-27,34,-27,36,-26,37,-27,31,-19,29,-22,29,-17,21,-15,23,-14,19,-11,14,-11,11,-7,10,-3,12,-1,11,2,11,2,10,8,6,13,4,17,3,12,-2,20,-5,24,-2,30,0,0]"
CSI_DATA,347,1a:00:00:00:00:00,-38,11,1,0,1,1,1,0,0,0,1,-96,0,11,2,4848107,0,44,0,384,0,"[0,0,0,0,0,0,0,0,0,0,0,0,-7,4,-7,4,-7,5,-7,5,-7,4,-7,4,-8,5,-7,5,-8,5,-7,5,-8,5,-7,5,-8,5,-7,5,-7,5,-8,6,-7,6,-7,5,-7,6,-7,6,-7,6,-6,6,-6,6,-7,7,-6,6,-6,6,0,0,-6,7,-6,7,-6,7,-5,6,-6,6,-6,6,-6,6,-6,6,-5,6,-6,5,-6,5,-6,5,-5,5,-5,5,-5,4,-6,4,-5,4,-5,4,-5,3,-5,3,-5,2,-5,2,-5,2,-5,1,-5,1,-4,0,0,0,0,0,0,0,0,0,0,0,0,0,0,0,30,6,40,12,41,5,41,11,46,17,40,10,47,14,49,13,47,18,40,19,47,18,43,12,49,14,47,19,49,17,53,13,53,18,51,13,43,16,51,12,57,7,50,12,50,8,48,8,46,9,50,7,48,11,52,6,52,8,52,6,47,4,51,1,46,2,50,4,46,-4,41,1,41,2,43,3,44,4,43,4,45,4,43,8,40,6,38,6,39,4,39,9,36,7,38,8,32,6,30,7,31,13,30,15,27,7,25,12,20,15,22,14,16,18,0,0,0,0,0,0,0,0,0,0,0,0,0,0,0,0,0,0,0,0,0,0,-4,-48,-1,-48,-2,-47,0,-51,3,-51,4,-52,5,-56,10,-55,7,-67,14,-63,12,-66,16,-67,16,-73,22,-73,25,-67,24,-73,23,-76,30,-72,29,-68,31,-65,39,-67,42,-68,44,-70,37,-62,44,-62,41,-64,45,-57,46,-57,46,-51,42,-55,38,-43,39,-42,36,-39,35,-35,38,-36,33,-32,30,-30,29,-29,29,-22,27,-21,25,-21,20,-24,23,-19,21,-20,14,-10,14,-6,14,-7,11,-4,14,-4,10,9,8,6,7,9,8,11,5,11,3,22,5,26,2,24,0,0]"
CSI_DATA,348,1a:00:00:00:00:00,-38,11,1,0,1,1,1,0,0,0,1,-96,0,11,2,4857986,0,44,0,384,0,"[0,0,0,0,0,0,0,0,0,0,0,0,2,-9,2,-9,2,-9,3,-9,3,-9,3,-9,3,-10,3,-9,3,-10,2,-9,3,-10,2,-10,2,-10,2,-10,2,-9,2,-11,1,-10,2,-10,1,-10,1,-10,1,-10,1,-10,1,-10,0,-11,0,-11,0,-10,0,0,0,-10,0,-11,0,-10,-1,-10,0,-9,0,-10,0,-9,0,-9,-1,-9,0,-9,0,-9,0,-9,0,-8,1,-8,0,-8,0,-8,1,-8,1,-7,1,-7,1,-6,2,-6,2,-6,2,-5,2,-5,2,-5,2,-4,0,0,0,0,0,0,0,0,0,0,0,0,0,0,-27,18,-35,13,-37,22,-37,25,-35,17,-42,21,-43,25,-44,25,-37,25,-43,23,-44,24,-38,18,-45,25,-45,20,-47,25,-43,29,-46,30,-40,28,-41,29,-42,26,-44,36,-41,31,-39,28,-42,32,-39,29,-39,28,-43,30,-39,38,-38,31,-40,37,-36,34,-37,34,-35,35,-32,34,-33,32,-33,31,-30,34,-26,30,-36,25,-32,28,-32,26,-36,24,-28,29,-35,25,-33,24,-32,25,-30,21,-31,20,-32,21,-29,16,-27,17,-29,13,-24,13,-29,8,-25,3,-25,5,-22,-2,0,0,0,0,0,0,0,0,0,0,0,0,0,0,0,0,0,0,0,0,0,0,34,20,37,31,38,27,37,30,36,34,37,43,35,36,41,42,44,46,36,46,43,51,42,48,47,54,43,55,36,59,35,66,43,68,37,70,33,67,34,70,27,73,34,72,27,75,24,72,24,75,21,70,14,68,13,69,10,66,12,63,8,57,9,62,4,56,4,52,2,51,6,45,5,45,3,40,0,34,2,33,-3,30,0,26,-5,25,1,20,-3,17,1,17,-3,15,-4,12,-6,11,-9,7,-13,4,-13,3,-19,-2,-15,-7,-14,-7,-19,-11,-19,-18,0,0]"
CSI_DATA,349,1a:00:00:00:00:00,-38,11,1,0,1,1,1,0,0,0,1,-96,0,11,2,4869351,0,44,0,384,0,"[0,0,0,0,0,0,0,0,0,0,0,0,5,6,5,6,6,6,5,7,5,7,5,7,5,7,5,7,5,7,6,7,6,7,6,7,6,7,6,6,6,7,7,6,7,6,6,6,6,6,7,6,6,6,7,6,6,5,7,5,7,5,7,5,0,0,7,5,7,5,7,5,8,4,7,4,7,4,7,4,6,4,7,4,6,4,7,4,6,4,6,4,5,4,5,4,5,4,5,4,4,4,4,4,4,4,3,4,3,4,2,4,2,4,1,4,1,3,0,0,0,0,0,0,0,0,0,0,0,0,0,0,1,-42,5,-40,5,-44,7,-46,8,-46,11,-43,8,-46,11,-47,10,-51,10,-47,6,-45,9,-41,6,-53,12,-54,10,-50,4,-53,7,-56,4,-51,9,-50,7,-51,0,-56,1,-54,-3,-47,2,-51,4,-52,1,-52,-2,-50,-4,-56,-3,-50,-3,-48,-2,-48,-3,-50,-2,-47,-6,-53,-9,-46,-5,-45,-1,-48,-5,-46,3,-46,-3,-44,-6,-40,-6,-44,1,-45,-1,-43,-1,-38,4,-36,1,-39,3,-37,4,-34,8,-32,8,-29,5,-25,7,-27,11,-26,11,-25,11,-20,12,-18,0,0,0,0,0,0,0,0,0,0,0,0,0,0,0,0,0,0,0,0,0,0,-45,4,-46,-1,-48,-1,-54,0,-51,-1,-55,-9,-53,-7,-61,-10,-61,-6,-66,-7,-67,-14,-66,-9,-72,-9,-72,-14,-72,-25,-72,-22,-74,-22,-73,-29,-72,-28,-68,-37,-68,-35,-74,-44,-69,-36,-74,-36,-69,-41,-63,-32,-57,-41,-57,-42,-55,-42,-61,-38,-43,-36,-49,-39,-42,-40,-40,-37,-41,-36,-31,-32,-32,-31,-35,-29,-28,-24,-27,-26,-28,-25,-25,-21,-19,-20,-19,-13,-13,-14,-11,-10,-11,-14,-6,-14,-3,-12,2,-15,2,-9,6,-9,13,-7,13,-8,21,-7,18,0,24,-9,0,0]"
CSI_DATA,350,1a:00:00:00:00:00,-38,11,1,0,1,1,1,0,0,0,1,-96,0,11,2,4877945,0,44,0,384,0,"[0,0,0,0,0,0,0,0,0,0,0,0,-8,4,-8,4,-8,4,-9,4,-9,4,-9,4,-9,4,-9,4,-9,4,-8,4,-9,4,-9,5,-9,5,-9,5,-8,4,-9,5,-8,5,-8,5,-8,5,-8,5,-8,5,-8,6,-8,5,-8,6,-8,6,-8,6,0,0,-7,6,-8,6,-7,6,-7,6,-7,5,-7,6,-7,5,-7,5,-6,5,-7,5,-7,5,-7,4,-7,5,-6,4,-6,4,-7,4,-6,4,-6,3,-6,3,-6,2,-6,2,-6,1,-5,1,-5,1,-5,0,-4,0,0,0,0,0,0,0,0,0,0,0,0,0,0,0,39,15,37,9,39,11,38,14,41,16,41,13,47,18,47,18,45,17,49,21,44,14,47,21,49,18,46,18,50,18,50,15,52,18,49,16,46,16,49,12,55,12,50,16,52,11,48,7,46,13,52,9,51,10,52,4,52,11,50,5,52,8,53,9,47,6,47,6,54,7,46,9,44,7,47,4,46,13,46,5,38,2,45,9,40,10,41,9,43,9,41,8,38,15,35,11,33,14,27,14,34,15,22,15,26,16,19,18,17,17,19,14,13,14,0,0,0,0,0,0,0,0,0,0,0,0,0,0,0,0,0,0,0,0,0,0,-7,-44,-6,-47,-1,-49,-1,-53,3,-55,3,-55,1,-55,5,-57,1,-67,4,-62,10,-70,10,-71,10,-76,19,-76,21,-70,25,-73,21,-82,28,-74,34,-75,32,-73,41,-72,38,-75,37,-69,40,-65,44,-71,34,-67,46,-61,46,-58,47,-56,44,-62,41,-47,44,-44,35,-43,35,-40,37,-34,31,-41,31,-25,33,-33,24,-26,26,-23,27,-22,22,-23,23,-20,22,-15,18,-12,7,-7,13,-4,16,-4,11,1,14,2,12,9,9,14,10,17,0,15,3,20,3,23,-1,28,0,0]"
CSI_DATA,351,1a:00:00:00:00:00,-38,11,1,0,1,1,1,0,0,0,1,-96,0,11,2,4897971,0,44,0,384,0,"[0,0,0,0,0,0,0,0,0,0,0,0,-5,7,-5,7,-4,8,-5,8,-5,7,-6,7,-5,8,-5,8,-5,8,-5,8,-5,8,-5,9,-5,8,-5,8,-5,8,-5,9,-4,9,-4,8,-4,9,-4,9,-4,8,-4,9,-4,8,-3,9,-4,9,-3,9,0,0,-3,9,-3,9,-3,9,-2,9,-3,8,-3,8,-3,8,-3,8,-3,8,-3,8,-3,8,-3,7,-3,7,-3,7,-3,6,-4,6,-3,6,-3,6,-4,5,-4,5,-4,4,-4,4,-4,4,-4,3,-4,3,-4,2,0,0,0,0,0,0,0,0,0,0,0,0,0,0,40,-15,31,-17,34,-18,38,-13,44,-16,41,-16,42,-12,50,-14,42,-16,43,-10,48,-18,43,-7,50,-14,46,-18,44,-16,45,-19,51,-17,45,-21,48,-19,49,-22,53,-22,45,-21,40,-21,46,-22,43,-18,46,-23,43,-20,41,-27,43,-25,47,-26,41,-25,42,-26,43,-25,41,-27,39,-26,41,-23,38,-24,37,-23,39,-22,36,-21,38,-22,38,-18,31,-20,36,-20,31,-21,35,-16,37,-11,36,-15,29,-11,33,-8,29,-7,26,-6,27,-7,25,-5,25,-5,23,2,25,4,0,0,0,0,0,0,0,0,0,0,0,0,0,0,0,0,0,0,0,0,0,0,-31,-36,-29,-39,-26,-41,-27,-44,-27,-45,-23,-51,-18,-49,-23,-51,-24,-59,-25,-56,-22,-64,-25,-62,-29,-69,-27,-66,-18,-74,-14,-73,-23,-84,-13,-73,-13,-72,-10,-80,-5,-79,-6,-84,0,-80,-4,-77,-1,-80,-2,-77,4,-76,4,-71,7,-67,3,-67,5,-54,5,-61,11,-57,10,-51,14,-48,7,-45,10,-43,6,-43,8,-38,4,-37,7,-33,6,-27,8,-28,5,-23,5,-18,9,-22,9,-20,9,-10,9,-6,13,-9,7,1,15,2,16,9,10,11,19,10,12,18,10,22,0,0]"
CSI_DATA,352,1a:00:00:00:00:00,-38,11,1,0,1,1,1,0,0,0,1,-96,0,11,2,4917959,0,44,0,384,0,"[0,0,0,0,0,0,0,0,0,0,0,0,7,2,8,2,8,2,8,3,8,2,8,3,8,2,8,2,8,2,8,2,9,2,9,2,9,2,9,2,8,2,9,1,9,1,8,1,8,1,9,1,8,1,9,1,8,1,9,0,9,0,9,0,0,0,9,0,9,0,9,0,8,-1,8,0,8,0,8,0,8,0,8,0,7,0,8,0,7,0,7,0,7,0,6,1,7,1,6,1,6,1,5,1,5,1,5,2,4,2,4,2,3,2,3,2,3,2,0,0,0,0,0,0,0,0,0,0,0,0,0,0,-19,-31,-22,-32,-23,-31,-20,-36,-22,-40,-19,-40,-25,-39,-25,-41,-22,-43,-24,-48,-27,-43,-27,-41,-28,-46,-23,-43,-20,-42,-31,-43,-28,-45,-30,-41,-22,-44,-29,-44,-33,-46,-29,-46,-31,-41,-25,-41,-25,-41,-29,-41,-31,-40,-35,-37,-37,-40,-35,-40,-35,-34,-33,-41,-31,-37,-31,-41,-32,-36,-26,-37,-26,-34,-30,-34,-26,-35,-31,-32,-31,-30,-28,-32,-26,-33,-26,-37,-22,-31,-22,-26,-19,-35,-18,-31,-20,-28,-19,-31,-12,-28,-10,-26,-14,-26,-7,-25,-2,-27,-4,-23,-4,-17,0,0,0,0,0,0,0,0,0,0,0,0,0,0,0,0,0,0,0,0,0,0,-28,36,-36,34,-34,33,-37,36,-37,34,-40,36,-39,34,-46,35,-50,42,-50,37,-55,43,-51,44,-56,45,-62,40,-68,31,-64,33,-68,41,-71,30,-68,29,-74,23,-72,22,-84,21,-72,22,-75,23,-80,18,-71,23,-70,12,-74,10,-64,7,-68,12,-59,5,-60,3,-57,4,-53,3,-55,4,-46,2,-43,6,-40,4,-39,1,-32,-1,-34,-4,-33,1,-29,1,-24,-6,-22,-6,-16,2,-13,-6,-9,-8,-10,-9,-9,-11,-7,-13,-1,-13,-1,-14,7,-11,10,-23,13,-22,15,-20,0,0]"
CSI_DATA,353,1a:00:00:00:00:00,-38,11,1,0,1,1,1,0,0,0,1,-96,0,11,2,4927982,0,44,0,384,0,"[0,0,0,0,0,0,0,0,0,0,0,0,7,2,8,2,8,1,8,2,8,2,8,2,8,2,8,2,9,2,8,2,9,2,9,1,9,2,9,2,9,2,10,1,9,1,9,1,9,1,9,1,9,1,9,1,8,1,9,0,9,0,9,0,0,0,9,0,9,0,9,0,9,-1,8,0,8,0,8,0,8,0,8,0,8,0,8,0,7,0,7,0,7,1,7,1,7,1,6,1,6,1,6,1,5,1,5,2,4,2,4,2,4,2,3,2,3,2,0,0,0,0,0,0,0,0,0,0,0,0,0,0,-24,-36,-17,-33,-19,-35,-23,-38,-28,-46,-21,-40,-22,-45,-21,-45,-26,-44,-22,-42,-22,-48,-20,-46,-26,-50,-23,-47,-24,-46,-22,-49,-29,-49,-31,-47,-26,-47,-26,-46,-33,-48,-29,-44,-30,-41,-28,-48,-30,-45,-28,-47,-26,-44,-35,-41,-32,-47,-36,-42,-29,-40,-31,-41,-27,-40,-35,-36,-32,-35,-28,-39,-31,-36,-25,-39,-25,-37,-28,-37,-26,-40,-28,-36,-23,-39,-22,-37,-19,-37,-22,-38,-20,-34,-18,-36,-15,-29,-11,-30,-12,-28,-10,-29,-9,-31,-4,-29,-2,-23,-1,-29,1,-23,0,0,0,0,0,0,0,0,0,0,0,0,0,0,0,0,0,0,0,0,0,0,-26,40,-27,37,-31,36,-32,39,-37,36,-39,37,-38,37,-38,35,-48,42,-50,41,-51,39,-55,43,-56,48,-64,43,-70,38,-64,42,-70,45,-70,38,-68,35,-73,27,-77,27,-88,31,-74,25,-74,28,-79,20,-72,25,-74,13,-72,15,-72,11,-69,14,-59,10,-59,7,-56,4,-53,4,-55,0,-50,-1,-48,1,-44,1,-40,-1,-41,1,-37,-4,-32,2,-27,-4,-27,-2,-22,-2,-13,-5,-17,-6,-10,-6,-5,-7,-4,-10,-5,-8,-2,-12,9,-17,8,-16,12,-16,16,-23,17,-23,0,0]"
CSI_DATA,354,1a:00:00:00:00:00,-38,11,1,0,1,1,1,0,0,0,1,-96,0,11,2,4938715,0,44,0,384,0,"[0,0,0,0,0,0,0,0,0,0,0,0,4,-7,4,-8,4,-8,5,-8,5,-8,5,-7,5,-8,5,-8,5,-8,5,-8,5,-9,5,-9,5,-9,5,-8,5,-8,4,-10,4,-9,4,-9,3,-9,4,-9,4,-9,3,-9,4,-8,3,-9,3,-9,3,-9,0,0,3,-9,3,-9,3,-9,3,-9,3,-8,3,-9,3,-8,3,-8,2,-8,3,-8,3,-8,3,-7,3,-8,3,-7,3,-7,3,-7,3,-6,3,-6,3,-5,3,-5,3,-5,3,-4,4,-4,3,-4,3,-3,3,-2,0,0,0,0,0,0,0,0,0,0,0,0,0,0,-31,17,-37,14,-36,16,-40,16,-42,16,-46,17,-43,16,-46,16,-41,19,-50,15,-43,20,-44,14,-48,23,-49,16,-49,16,-48,24,-48,24,-47,16,-47,23,-51,17,-49,27,-46,25,-41,24,-44,21,-43,22,-45,23,-44,23,-42,28,-46,26,-45,29,-37,26,-42,28,-40,24,-41,28,-38,29,-37,17,-36,27,-37,26,-36,22,-36,22,-36,23,-36,22,-36,23,-36,17,-38,18,-38,16,-37,15,-35,16,-33,13,-29,8,-30,11,-35,4,-28,0,-29,4,-25,2,-24,0,-24,-3,0,0,0,0,0,0,0,0,0,0,0,0,0,0,0,0,0,0,0,0,0,0,32,31,34,37,29,32,31,39,26,39,29,43,31,42,31,45,36,55,30,51,32,58,31,56,40,59,35,62,31,66,24,71,30,72,21,76,23,72,17,76,16,75,20,81,13,75,12,77,7,76,12,74,-1,73,3,73,-1,67,2,70,1,58,-1,58,-2,53,-2,52,-6,51,-4,50,-4,41,-6,43,-2,34,-5,33,-10,30,-5,33,-9,22,-6,22,-6,24,-13,19,-10,16,-2,8,-10,8,-12,5,-9,0,-12,-3,-12,-8,-14,-6,-16,-16,-16,-19,-13,-20,0,0]"
CSI_DATA,355,1a:00:00:00:00:00,-38,11,1,0,1,1,1,0,0,0,1,-96,0,11,2,4957945,0,44,0,384,0,"[0,0,0,0,0,0,0,0,0,0,0,0,-8,-4,-9,-4,-9,-4,-9,-4,-9,-4,-9,-5,-9,-4,-9,-4,-9,-4,-9,-4,-10,-4,-10,-4,-10,-4,-10,-3,-9,-4,-11,-3,-10,-3,-10,-3,-10,-3,-10,-3,-10,-3,-10,-3,-10,-3,-10,-2,-10,-2,-10,-2,0,0,-10,-1,-10,-2,-10,-1,-10,-1,-9,-2,-9,-2,-9,-1,-9,-2,-9,-1,-9,-1,-9,-2,-8,-2,-8,-2,-8,-2,-8,-2,-8,-2,-7,-2,-7,-2,-7,-3,-6,-2,-6,-3,-6,-3,-5,-3,-5,-3,-4,-4,-3,-3,0,0,0,0,0,0,0,0,0,0,0,0,0,0,15,33,9,34,10,38,8,40,10,45,10,44,11,44,8,47,6,45,12,49,12,48,11,41,11,48,14,47,8,49,16,48,9,58,13,51,11,52,12,48,18,58,15,43,18,48,20,45,20,44,18,44,18,42,19,44,19,49,21,44,19,44,22,48,21,46,25,44,23,33,18,45,20,37,24,40,15,39,22,37,17,30,16,38,16,39,15,39,13,42,9,33,13,38,13,34,15,31,13,28,6,27,8,29,2,31,2,23,2,22,-4,22,-7,22,0,0,0,0,0,0,0,0,0,0,0,0,0,0,0,0,0,0,0,0,0,0,38,-21,42,-21,39,-20,45,-22,44,-20,50,-19,47,-21,53,-24,60,-25,60,-23,62,-19,65,-18,69,-22,71,-17,74,-11,74,-9,79,-11,71,-7,77,-5,78,-4,76,-2,80,-2,74,-2,79,2,77,9,70,4,65,13,69,12,65,14,70,12,56,9,61,12,58,16,50,13,52,12,47,8,39,11,39,9,36,11,40,8,31,11,28,8,22,10,26,3,16,9,13,14,14,6,2,6,8,8,0,12,5,14,-3,13,-10,13,-10,12,-16,9,-27,14,-25,16,0,0]"
CSI_DATA,356,1a:00:00:00:00:00,-38,11,1,0,1,1,1,0,0,0,1,-96,0,11,2,4968032,0,44,0,384,0,"[0,0,0,0,0,0,0,0,0,0,0,0,2,-8,2,-9,2,-9,3,-9,3,-9,3,-9,3,-10,2,-9,3,-9,2,-10,3,-10,2,-10,2,-10,2,-10,2,-10,1,-11,1,-10,2,-10,1,-10,1,-10,1,-10,1,-10,1,-10,0,-11,1,-10,0,-10,0,0,0,-10,0,-10,0,-10,-1,-10,0,-9,0,-10,0,-9,0,-9,0,-9,0,-9,0,-9,1,-9,1,-8,1,-8,1,-8,1,-8,1,-8,1,-7,1,-7,1,-6,2,-6,2,-6,2,-5,2,-5,2,-4,2,-4,0,0,0,0,0,0,0,0,0,0,0,0,0,0,-26,23,-29,22,-32,26,-31,24,-33,30,-37,27,-36,29,-46,27,-35,28,-40,25,-39,28,-39,26,-43,31,-42,29,-44,26,-39,31,-46,32,-36,35,-41,34,-38,30,-41,39,-39,34,-37,36,-37,33,-30,33,-38,37,-35,36,-31,40,-32,35,-33,40,-31,38,-34,35,-36,39,-29,41,-29,41,-32,41,-28,36,-26,35,-30,31,-27,34,-26,31,-31,31,-26,31,-29,30,-29,28,-28,27,-29,21,-31,26,-27,21,-25,20,-29,20,-27,17,-21,14,-24,10,-25,11,-23,7,-24,3,0,0,0,0,0,0,0,0,0,0,0,0,0,0,0,0,0,0,0,0,0,0,38,24,35,27,33,28,39,29,38,29,37,40,36,36,38,40,44,43,40,46,44,50,47,52,53,54,43,57,43,61,39,65,43,67,36,68,39,62,32,69,31,70,34,76,24,70,31,73,25,71,31,67,17,68,16,69,13,64,17,64,14,53,11,59,9,55,6,51,5,52,7,48,6,39,7,44,8,33,7,35,0,27,2,30,2,26,-2,23,-1,21,-7,14,-5,12,-7,11,-7,7,-8,9,-9,5,-12,-1,-18,-2,-19,-3,-22,-11,-22,-11,-19,-16,0,0]"
CSI_DATA,357,1a:00:00:00:00:00,-38,11,1,0,1,1,1,0,0,0,1,-96,0,11,2,4978294,0,44,0,384,0,"[0,0,0,0,0,0,0,0,0,0,0,0,-1,-9,-1,-9,-2,-10,-1,-10,-1,-10,-1,-9,-2,-10,-1,-10,-1,-10,-2,-10,-1,-10,-2,-10,-2,-11,-2,-10,-2,-10,-3,-11,-3,-10,-3,-10,-3,-10,-3,-10,-3,-10,-3,-10,-3,-10,-4,-10,-4,-10,-4,-10,0,0,-4,-9,-4,-10,-4,-9,-4,-9,-4,-9,-4,-9,-4,-9,-4,-9,-4,-8,-4,-8,-3,-9,-3,-8,-3,-8,-3,-8,-3,-8,-3,-8,-2,-8,-2,-7,-2,-7,-1,-7,-1,-7,-1,-6,0,-6,0,-6,0,-5,1,-5,0,0,0,0,0,0,0,0,0,0,0,0,0,0,-9,33,-16,35,-13,35,-17,40,-22,45,-24,34,-19,43,-22,45,-24,39,-22,41,-23,46,-22,44,-24,45,-22,45,-24,46,-23,48,-21,53,-20,44,-22,45,-16,51,-16,53,-20,47,-11,46,-11,48,-15,44,-16,50,-14,47,-10,56,-14,51,-15,51,-10,46,-7,45,-9,48,-2,49,-13,45,-14,44,-5,46,-4,44,-11,44,-5,45,-11,40,-14,40,-10,37,-12,42,-10,37,-13,41,-15,35,-12,32,-16,26,-16,27,-13,27,-17,27,-14,24,-17,20,-13,21,-14,13,-20,16,0,0,0,0,0,0,0,0,0,0,0,0,0,0,0,0,0,0,0,0,0,0,48,7,45,10,44,13,48,12,45,15,49,19,50,18,50,22,57,25,55,28,59,30,60,26,69,31,60,36,61,42,60,39,70,44,61,44,62,48,59,49,61,51,69,52,52,57,57,55,55,60,54,51,44,55,42,54,39,57,40,51,36,43,33,51,35,46,31,43,25,45,23,36,24,35,23,38,21,29,21,26,15,26,16,23,12,26,12,19,6,20,4,23,1,16,5,16,0,9,0,12,-7,10,-15,9,-16,-2,-19,6,-23,-1,-21,0,-24,-10,0,0]"
CSI_DATA,358,1a:00:00:00:00:00,-38,11,1,0,1,1,1,0,0,0,1,-96,0,11,2,4987971,0,44,0,384,0,"[0,0,0,0,0,0,0,0,0,0,0,0,-6,6,-6,6,-6,7,-7,6,-6,6,-7,6,-6,6,-6,6,-6,7,-6,7,-7,7,-6,7,-6,7,-6,7,-6,7,-6,8,-6,8,-6,7,-5,7,-5,8,-5,7,-5,8,-5,7,-5,9,-5,8,-5,8,0,0,-4,8,-5,9,-4,8,-4,8,-4,8,-4,7,-4,8,-4,7,-4,7,-4,7,-4,7,-4,7,-4,6,-4,6,-4,6,-4,6,-4,6,-4,5,-4,4,-4,4,-5,4,-5,3,-4,3,-4,3,-5,2,-4,1,0,0,0,0,0,0,0,0,0,0,0,0,0,0,39,-7,43,-2,37,-11,43,-9,41,-7,42,-6,48,-6,49,-3,46,-6,47,-1,51,-9,44,-7,51,-9,50,-6,49,-9,49,-9,55,-8,48,-10,47,-9,50,-13,50,-13,49,-11,45,-13,43,-14,46,-10,51,-12,45,-13,44,-18,44,-16,49,-18,45,-14,47,-13,39,-14,44,-20,43,-20,40,-13,38,-16,41,-21,46,-16,43,-15,42,-12,40,-12,40,-10,40,-12,35,-11,39,-10,36,-8,37,-12,35,-5,31,-4,30,-2,29,-4,27,-2,26,2,25,1,22,8,20,6,0,0,0,0,0,0,0,0,0,0,0,0,0,0,0,0,0,0,0,0,0,0,-23,-35,-18,-41,-20,-42,-23,-45,-21,-47,-20,-51,-18,-54,-18,-53,-21,-63,-17,-62,-18,-68,-13,-69,-19,-76,-14,-72,-11,-72,-7,-75,-13,-78,-5,-81,-3,-74,0,-71,4,-76,2,-82,7,-78,7,-75,12,-79,8,-80,15,-69,18,-69,11,-65,17,-67,15,-56,20,-60,19,-52,15,-48,21,-50,16,-47,15,-40,17,-41,13,-35,12,-31,14,-30,12,-26,13,-26,11,-22,10,-17,10,-9,11,-12,14,-13,11,-5,12,-3,8,-3,12,-2,12,14,10,13,13,19,13,21,9,22,0,0]"
CSI_DATA,359,1a:00:00:00:00:00,-38,11,1,0,1,1,1,0,0,0,1,-96,0,11,2,4998336,0,44,0,384,0,"[0,0,0,0,0,0,0,0,0,0,0,0,-3,-9,-3,-9,-4,-9,-3,-10,-3,-10,-3,-10,-4,-10,-3,-10,-4,-10,-3,-10,-4,-10,-4,-10,-4,-10,-4,-10,-4,-10,-5,-10,-5,-10,-5,-9,-5,-9,-5,-10,-5,-9,-6,-9,-5,-9,-6,-10,-6,-9,-6,-9,0,0,-6,-9,-6,-9,-6,-9,-7,-8,-5,-8,-6,-8,-6,-8,-5,-8,-6,-8,-6,-8,-5,-8,-5,-8,-4,-8,-4,-7,-4,-7,-4,-7,-4,-7,-3,-7,-3,-7,-3,-6,-2,-6,-2,-6,-1,-6,-1,-6,-1,-5,0,-5,0,0,0,0,0,0,0,0,0,0,0,0,0,0,-7,31,-8,32,-8,39,-7,40,-8,44,-12,40,-11,39,-15,45,-8,46,-13,43,-16,45,-14,47,-10,52,-13,50,-10,50,-11,48,-12,54,-7,50,-11,46,-10,56,-9,52,-10,45,-6,50,-7,47,-4,49,-3,53,-2,50,0,55,0,50,-2,47,-2,47,-2,46,-2,47,3,45,1,45,-1,43,4,47,4,41,-1,47,3,40,-1,41,-5,38,2,44,2,39,-10,41,-7,39,-5,35,-6,37,-8,32,-9,30,-5,29,-7,32,-9,23,-14,26,-12,24,-13,14,-15,16,0,0,0,0,0,0,0,0,0,0,0,0,0,0,0,0,0,0,0,0,0,0,46,2,45,3,44,1,49,2,50,8,52,9,51,7,59,14,59,10,60,16,65,15,68,15,73,14,67,21,68,25,73,29,73,25,71,35,61,37,69,38,63,40,69,44,66,42,65,40,65,44,60,40,51,44,52,45,50,46,55,41,44,36,42,43,38,38,38,40,31,41,32,36,27,30,30,32,26,26,29,23,17,24,19,22,19,19,13,19,8,19,8,12,5,8,2,12,2,11,-3,9,-2,10,-9,5,-16,6,-17,11,-21,7,-23,1,-26,-3,0,0]"
CSI_DATA,360,1a:00:00:00:00:00,-38,11,1,0,1,1,1,0,0,0,1,-96,0,11,2,5008014,0,44,0,384,0,"[0,0,0,0,0,0,0,0,0,0,0,0,-3,8,-3,8,-3,9,-4,8,-4,8,-4,8,-4,9,-4,8,-4,8,-4,9,-4,9,-4,9,-4,9,-3,9,-3,8,-3,10,-2,9,-2,9,-2,9,-2,9,-3,9,-2,9,-2,9,-2,9,-2,9,-1,9,0,0,-1,9,-1,10,-1,9,0,9,-1,8,-1,9,-1,8,-1,8,-1,8,-1,8,-1,8,-2,7,-1,7,-2,7,-2,7,-2,7,-2,7,-2,6,-2,6,-2,5,-3,5,-3,5,-3,4,-3,4,-3,3,-3,3,0,0,0,0,0,0,0,0,0,0,0,0,0,0,23,-29,28,-32,26,-28,31,-27,36,-29,30,-27,34,-31,34,-32,36,-29,39,-28,35,-30,35,-33,40,-36,40,-30,39,-31,41,-39,40,-35,37,-36,36,-33,37,-40,38,-42,38,-37,33,-39,35,-37,32,-35,35,-36,31,-36,28,-43,30,-37,30,-43,29,-37,30,-40,29,-38,29,-43,26,-40,24,-37,22,-39,24,-38,27,-37,25,-35,26,-35,28,-37,27,-35,27,-32,25,-26,29,-30,24,-24,26,-30,27,-23,26,-18,24,-18,27,-20,26,-14,25,-14,19,-11,23,-6,19,-8,0,0,0,0,0,0,0,0,0,0,0,0,0,0,0,0,0,0,0,0,0,0,-41,-23,-38,-29,-38,-23,-45,-31,-41,-31,-44,-34,-40,-36,-42,-38,-49,-42,-46,-44,-47,-51,-48,-52,-53,-51,-51,-50,-41,-59,-48,-62,-52,-64,-44,-64,-43,-63,-38,-70,-34,-71,-35,-74,-34,-72,-37,-72,-32,-74,-32,-70,-23,-69,-20,-67,-19,-62,-25,-65,-17,-57,-16,-60,-14,-56,-12,-48,-9,-50,-11,-47,-7,-43,-8,-41,-6,-40,-10,-34,-7,-33,-4,-32,-3,-29,-4,-24,0,-26,-6,-19,1,-14,6,-17,4,-6,6,-9,9,-3,12,0,17,3,14,2,14,6,18,11,20,9,0,0]"
CSI_DATA,361,1a:00:00:00:00:00,-38,11,1,0,1,1,1,0,0,0,1,-96,0,11,2,5017972,0,44,0,384,0,"[0,0,0,0,0,0,0,0,0,0,0,0,8,1,8,1,9,1,9,1,9,1,8,2,9,1,9,1,9,1,9,1,9,1,10,1,9,1,9,1,9,1,10,0,10,0,9,0,9,0,9,0,9,0,9,-1,9,0,10,-1,9,-1,9,-1,0,0,9,-1,9,-1,9,-2,9,-2,8,-1,9,-1,8,-1,8,-1,8,-2,8,-1,8,-1,7,0,7,-1,7,-1,7,0,7,0,7,0,6,0,6,1,5,1,5,1,5,1,4,1,4,2,3,2,3,2,0,0,0,0,0,0,0,0,0,0,0,0,0,0,-22,-30,-27,-29,-23,-29,-24,-32,-23,-40,-25,-35,-25,-41,-26,-42,-18,-38,-27,-42,-30,-43,-24,-41,-32,-46,-29,-44,-25,-48,-34,-45,-29,-46,-31,-43,-30,-42,-31,-41,-38,-44,-32,-41,-30,-37,-33,-38,-31,-41,-37,-39,-30,-38,-36,-38,-34,-42,-37,-35,-34,-34,-41,-34,-36,-32,-38,-35,-37,-28,-35,-31,-33,-33,-38,-31,-32,-32,-36,-24,-31,-31,-30,-30,-26,-31,-26,-35,-27,-32,-27,-32,-25,-31,-22,-31,-25,-25,-20,-29,-15,-27,-14,-26,-15,-25,-6,-27,-11,-22,-7,-22,-3,-25,0,0,0,0,0,0,0,0,0,0,0,0,0,0,0,0,0,0,0,0,0,0,-28,32,-30,36,-34,33,-33,36,-36,35,-42,36,-38,35,-46,31,-49,41,-52,37,-57,39,-54,38,-60,43,-60,38,-67,36,-68,37,-69,45,-72,31,-69,29,-71,33,-69,26,-78,28,-74,22,-77,19,-78,16,-73,21,-66,13,-69,14,-65,11,-71,12,-57,9,-65,8,-56,2,-50,7,-51,4,-47,5,-42,6,-41,3,-34,0,-36,3,-39,0,-26,4,-30,2,-23,-4,-21,-1,-18,1,-15,-7,-12,-6,-10,-4,-8,-9,-8,-11,4,-12,5,-15,7,-18,14,-23,14,-20,16,-19,0,0]"
CSI_DATA,362,1a:00:00:00:00:00,-38,11,1,0,1,1,1,0,0,0,1,-96,0,11,2,5058020,0,44,0,384,0,"[0,0,0,0,0,0,0,0,0,0,0,0,1,-9,1,-9,0,-9,1,-9,1,-9,2,-9,1,-10,1,-9,1,-10,1,-10,1,-10,1,-10,1,-10,0,-10,1,-10,0,-11,0,-10,0,-10,0,-10,0,-10,0,-10,-1,-10,0,-10,-1,-10,-1,-10,-1,-10,0,0,-1,-10,-1,-10,-1,-10,-2,-10,-1,-9,-1,-10,-1,-9,-1,-9,-2,-9,-1,-9,-1,-9,-1,-8,-1,-8,0,-8,0,-8,0,-8,0,-8,0,-7,0,-7,0,-6,1,-6,1,-6,1,-5,1,-5,2,-5,2,-4,0,0,0,0,0,0,0,0,0,0,0,0,0,0,-28,29,-26,23,-23,30,-35,27,-28,32,-37,32,-34,33,-41,33,-35,35,-42,35,-34,33,-38,33,-45,37,-37,35,-38,33,-42,39,-41,39,-35,41,-36,39,-38,36,-38,44,-33,38,-29,42,-32,40,-33,37,-35,41,-32,38,-29,46,-29,45,-27,45,-28,37,-31,43,-27,43,-29,45,-22,39,-21,40,-26,39,-26,41,-24,37,-24,43,-23,40,-27,38,-20,38,-25,39,-22,35,-26,31,-27,30,-24,31,-27,24,-21,18,-24,20,-26,19,-27,19,-24,17,-25,12,-20,10,-22,4,0,0,0,0,0,0,0,0,0,0,0,0,0,0,0,0,0,0,0,0,0,0,39,23,33,26,38,27,41,33,39,28,41,37,41,37,39,41,51,45,45,42,47,48,48,49,53,53,54,58,47,60,42,59,56,66,42,63,41,68,40,69,39,68,39,74,31,72,35,70,34,76,34,69,25,63,21,67,19,65,20,64,13,55,18,57,15,59,13,50,15,51,9,50,9,42,7,41,11,33,9,36,5,31,5,30,3,26,3,23,-2,17,5,26,-4,17,-9,12,-3,8,-6,11,-7,5,-14,6,-16,2,-19,-5,-21,-7,-25,-6,-23,-12,0,0]"
CSI_DATA,363,1a:00:00:00:00:00,-38,11,1,0,1,1,1,0,0,0,1,-96,0,11,2,5088082,0,44,0,384,0,"[0,0,0,0,0,0,0,0,0,0,0,0,-4,-8,-4,-8,-5,-8,-5,-9,-5,-9,-4,-9,-5,-9,-5,-9,-4,-9,-5,-9,-5,-9,-6,-9,-5,-9,-5,-9,-5,-9,-6,-9,-6,-9,-6,-8,-6,-8,-6,-8,-6,-8,-6,-8,-6,-8,-6,-8,-6,-8,-7,-8,0,0,-7,-7,-7,-8,-7,-8,-7,-7,-6,-7,-6,-7,-6,-7,-6,-7,-6,-7,-6,-7,-6,-7,-5,-7,-5,-7,-5,-6,-5,-7,-5,-7,-4,-7,-4,-6,-4,-6,-3,-6,-3,-6,-2,-6,-2,-5,-2,-5,-1,-5,-1,-5,0,0,0,0,0,0,0,0,0,0,0,0,0,0,-4,35,-10,35,-7,44,-10,42,-7,43,-4,45,-11,49,-12,46,-9,41,-16,45,-9,47,-8,43,-10,48,-10,48,-9,48,-8,51,-8,50,-9,51,-7,49,-5,48,-5,55,-8,50,-2,52,-1,49,-2,47,-6,53,-3,45,2,50,1,50,2,50,0,49,1,50,2,48,9,53,8,43,-6,47,2,44,0,47,-2,42,5,44,-1,39,-2,40,0,43,-1,45,1,40,-4,37,-3,34,-7,36,-2,32,-6,32,-4,29,-8,26,-13,25,-12,26,-14,18,-11,16,-14,20,0,0,0,0,0,0,0,0,0,0,0,0,0,0,0,0,0,0,0,0,0,0,44,-8,43,-4,47,-7,53,-4,46,0,50,3,54,1,54,3,65,-3,61,6,64,9,64,9,71,8,69,9,71,20,69,16,76,19,68,21,74,28,70,25,72,32,75,31,63,34,70,34,65,39,65,31,54,40,58,39,52,41,58,42,42,35,52,33,41,37,40,28,35,30,38,27,34,23,35,25,29,23,26,24,24,24,22,22,19,15,18,17,10,16,14,18,6,15,5,6,2,10,-1,11,-4,9,-5,8,-16,7,-19,6,-17,4,-26,3,-23,3,0,0]"
CSI_DATA,364,1a:00:00:00:00:00,-38,11,1,0,1,1,1,0,0,0,1,-96,0,11,2,5099905,0,44,0,384,0,"[0,0,0,0,0,0,0,0,0,0,0,0,3,-8,3,-8,3,-8,3,-8,3,-8,3,-8,3,-8,3,-8,3,-8,3,-9,3,-9,3,-9,3,-9,3,-9,3,-9,2,-10,2,-9,2,-9,2,-9,2,-9,2,-9,2,-9,2,-9,1,-10,1,-10,1,-9,0,0,1,-9,1,-10,0,-9,0,-9,1,-9,1,-9,1,-9,1,-8,1,-8,1,-8,1,-8,1,-8,1,-8,1,-7,1,-7,1,-7,1,-7,1,-6,1,-6,2,-6,2,-5,2,-5,2,-5,2,-4,2,-4,2,-3,0,0,0,0,0,0,0,0,0,0,0,0,0,0,-36,13,-34,14,-38,18,-41,15,-42,14,-43,15,-41,17,-48,18,-45,16,-46,15,-46,14,-48,16,-50,18,-48,16,-47,17,-48,21,-54,21,-46,21,-45,22,-49,23,-47,30,-48,20,-44,29,-44,21,-39,19,-45,22,-48,26,-40,29,-42,27,-43,29,-44,27,-38,24,-41,24,-39,32,-36,31,-37,25,-37,29,-36,27,-34,23,-39,23,-35,27,-39,23,-32,21,-40,24,-30,20,-31,17,-33,18,-35,19,-29,16,-29,14,-31,12,-26,9,-28,9,-25,3,-28,5,-24,-2,-23,-3,0,0,0,0,0,0,0,0,0,0,0,0,0,0,0,0,0,0,0,0,0,0,27,34,22,36,27,37,27,42,26,44,27,46,22,47,23,51,28,60,24,59,28,62,24,62,30,65,25,66,20,69,18,71,19,78,16,77,9,75,10,76,7,77,7,82,4,75,4,77,0,78,5,73,-4,70,-7,70,-4,70,-3,67,-7,58,-8,60,-7,59,-7,49,-8,49,-9,45,-9,45,-10,41,-8,32,-8,35,-9,33,-6,31,-7,28,-5,19,-8,16,-8,22,-9,16,-9,8,-11,7,-13,3,-11,2,-11,-5,-12,-9,-12,-8,-13,-15,-20,-19,-11,-20,0,0]"
CSI_DATA,365,1a:00:00:00:00:00,-38,11,1,0,1,1,1,0,0,0,1,-96,0,11,2,5109861,0,44,0,384,0,"[0,0,0,0,0,0,0,0,0,0,0,0,-8,-2,-9,-2,-9,-1,-9,-2,-9,-2,-9,-2,-9,-2,-9,-2,-10,-2,-9,-2,-10,-2,-10,-1,-10,-2,-10,-1,-9,-2,-10,-1,-10,0,-10,-1,-10,0,-10,-1,-9,0,-10,0,-9,0,-10,0,-10,0,-10,0,0,0,-10,1,-10,1,-10,1,-9,1,-9,0,-9,1,-9,1,-9,0,-9,1,-8,0,-9,0,-8,0,-8,0,-8,0,-8,-1,-8,0,-7,0,-7,-1,-6,-1,-6,-1,-6,-2,-6,-2,-5,-2,-5,-2,-5,-3,-4,-3,0,0,0,0,0,0,0,0,0,0,0,0,0,0,26,27,31,26,24,27,29,26,32,34,28,36,32,30,34,39,32,35,31,36,27,37,31,34,37,39,37,37,33,41,38,34,41,41,37,37,33,36,40,39,48,36,38,28,38,29,38,35,36,32,40,32,41,35,48,30,39,35,45,27,41,25,44,29,39,28,41,24,47,23,40,30,40,27,38,25,40,27,41,20,33,24,32,27,33,26,29,24,30,26,31,27,31,20,28,23,23,24,24,20,26,22,20,26,17,22,13,22,12,27,6,24,3,22,0,0,0,0,0,0,0,0,0,0,0,0,0,0,0,0,0,0,0,0,0,0,22,-42,23,-42,21,-41,25,-45,31,-43,30,-43,27,-45,34,-46,37,-52,43,-51,43,-54,44,-52,49,-58,51,-53,57,-47,55,-55,59,-55,61,-50,63,-41,64,-50,70,-46,69,-46,69,-41,71,-39,73,-32,68,-36,70,-25,68,-30,62,-25,63,-27,52,-23,62,-24,55,-19,53,-20,51,-18,44,-16,45,-16,40,-11,34,-6,37,-8,31,-9,31,-8,27,-3,22,-8,19,-5,20,-3,17,-1,10,3,14,7,9,5,5,11,1,12,-1,18,1,19,-10,20,-8,23,-8,24,0,0]"
CSI_DATA,366,1a:00:00:00:00:00,-38,11,1,0,1,1,1,0,0,0,1,-96,0,11,2,5118832,0,44,0,384,0,"[0,0,0,0,0,0,0,0,0,0,0,0,-3,7,-3,8,-3,8,-4,8,-4,8,-4,8,-4,8,-4,8,-4,8,-3,8,-3,9,-3,9,-3,9,-3,9,-3,9,-3,9,-3,9,-3,8,-2,9,-3,9,-3,8,-2,9,-2,8,-1,9,-2,9,-2,9,0,0,-1,9,-1,9,-1,9,-1,8,-1,9,-2,8,-1,8,-1,8,-1,8,-1,7,-1,8,-2,7,-1,7,-2,7,-2,7,-2,7,-2,6,-2,6,-2,6,-2,5,-3,5,-3,4,-3,4,-3,4,-4,3,-3,3,0,0,0,0,0,0,0,0,0,0,0,0,0,0,31,-17,33,-22,37,-24,34,-23,40,-21,41,-22,46,-24,43,-22,43,-24,47,-24,45,-21,47,-20,45,-25,52,-22,47,-21,47,-27,50,-31,42,-28,44,-27,45,-27,48,-35,44,-27,44,-28,42,-25,39,-27,42,-28,42,-27,43,-30,46,-32,45,-35,43,-26,42,-30,41,-27,39,-31,37,-37,35,-28,32,-35,35,-28,36,-26,34,-24,36,-27,39,-23,33,-24,33,-24,36,-22,39,-21,35,-23,33,-18,29,-12,30,-17,33,-14,27,-11,27,-9,24,-6,26,-5,22,2,21,0,0,0,0,0,0,0,0,0,0,0,0,0,0,0,0,0,0,0,0,0,0,0,-41,-27,-36,-29,-36,-30,-39,-32,-34,-37,-40,-44,-37,-43,-36,-48,-40,-48,-43,-51,-40,-58,-40,-56,-49,-60,-36,-63,-39,-64,-35,-70,-41,-72,-37,-73,-29,-67,-28,-73,-25,-79,-25,-77,-22,-81,-24,-78,-22,-78,-20,-77,-10,-74,-11,-71,-5,-70,-14,-70,-4,-59,-7,-63,2,-62,0,-56,3,-58,-4,-53,1,-47,2,-44,0,-38,-4,-38,3,-36,-2,-32,5,-27,2,-25,3,-17,5,-16,9,-14,8,-14,10,-11,3,-6,13,0,11,1,14,5,13,12,18,13,17,16,17,18,0,0]"
CSI_DATA,367,1a:00:00:00:00:00,-38,11,1,0,1,1,1,0,0,0,1,-96,0,11,2,5127939,0,44,0,384,0,"[0,0,0,0,0,0,0,0,0,0,0,0,-6,-7,-6,-7,-7,-7,-7,-7,-7,-7,-6,-7,-7,-8,-7,-7,-7,-8,-7,-7,-7,-8,-8,-8,-7,-8,-8,-7,-7,-7,-9,-7,-8,-6,-8,-6,-8,-6,-8,-6,-8,-6,-9,-6,-8,-6,-9,-6,-8,-6,-8,-6,0,0,-9,-5,-9,-6,-9,-5,-9,-5,-8,-5,-8,-5,-8,-5,-8,-5,-8,-4,-8,-5,-8,-5,-7,-5,-7,-5,-7,-5,-6,-5,-6,-5,-6,-5,-6,-5,-5,-5,-5,-4,-4,-5,-4,-5,-3,-5,-3,-5,-2,-5,-2,-4,0,0,0,0,0,0,0,0,0,0,0,0,0,0,1,38,-3,38,3,41,-3,43,2,48,0,43,0,45,3,49,-2,52,-5,50,-2,51,-1,52,-1,52,-2,51,-2,50,5,53,0,57,6,53,1,51,4,50,5,54,3,51,8,50,4,50,0,52,7,54,7,51,15,53,10,52,14,49,12,49,7,47,12,46,12,49,12,44,13,48,13,44,5,43,6,45,6,42,12,39,7,42,8,44,7,41,7,40,4,39,4,41,5,37,0,33,0,33,-3,31,-5,28,-7,28,-8,27,-7,25,-7,23,-7,18,0,0,0,0,0,0,0,0,0,0,0,0,0,0,0,0,0,0,0,0,0,0,45,-14,44,-10,48,-13,47,-13,48,-11,54,-8,56,-5,59,-3,64,-9,65,-5,66,-7,68,-8,75,-8,73,-3,69,7,74,-1,82,-1,78,10,75,9,79,16,80,24,81,20,77,18,79,20,80,25,70,20,66,28,64,26,65,31,65,27,53,19,59,27,51,26,44,21,47,26,37,24,41,20,39,20,36,22,34,20,26,18,27,16,22,15,19,14,15,9,15,15,8,15,3,10,2,9,0,9,-3,13,-10,9,-9,8,-11,13,-20,13,-21,7,-22,12,0,0]"
CSI_DATA,368,1a:00:00:00:00:00,-38,11,1,0,1,1,1,0,0,0,1,-96,0,11,2,5138002,0,44,0,384,0,"[0,0,0,0,0,0,0,0,0,0,0,0,1,-9,0,-9,0,-10,1,-10,1,-10,1,-9,1,-10,1,-10,1,-10,0,-10,1,-11,0,-10,0,-11,0,-11,0,-10,-1,-11,-1,-10,0,-10,-1,-10,-1,-10,-1,-10,-1,-10,-1,-10,-2,-11,-2,-11,-2,-10,0,0,-2,-10,-2,-11,-2,-10,-2,-10,-2,-9,-2,-10,-2,-9,-2,-9,-2,-9,-1,-9,-2,-9,-1,-9,-1,-8,-1,-8,-1,-8,-1,-8,-1,-8,0,-7,0,-7,0,-7,1,-6,1,-6,1,-6,1,-5,2,-5,2,-4,0,0,0,0,0,0,0,0,0,0,0,0,0,0,-32,21,-27,24,-31,28,-33,25,-32,30,-31,27,-36,32,-37,30,-35,33,-38,30,-39,27,-41,30,-42,31,-41,31,-38,31,-38,39,-44,38,-37,36,-41,32,-37,34,-40,41,-37,36,-30,40,-36,35,-30,32,-36,43,-30,38,-29,43,-30,40,-30,45,-30,38,-27,37,-27,37,-28,43,-24,34,-30,37,-25,36,-25,41,-29,34,-29,36,-25,30,-27,32,-23,32,-23,33,-25,32,-30,29,-26,23,-27,26,-25,23,-23,19,-26,21,-27,18,-27,18,-23,13,-26,13,-21,10,-20,7,0,0,0,0,0,0,0,0,0,0,0,0,0,0,0,0,0,0,0,0,0,0,35,19,42,24,35,25,41,26,36,32,37,39,37,37,42,39,50,41,42,47,47,44,47,46,54,50,48,52,45,59,41,60,47,66,38,64,39,66,39,66,39,67,35,79,32,67,37,72,31,70,35,65,18,66,21,68,18,65,18,64,12,50,15,60,11,58,17,53,9,53,9,44,4,39,3,41,11,34,6,35,5,31,6,28,3,28,4,25,-2,19,0,11,-8,10,-3,9,-5,7,-13,5,-9,4,-14,2,-17,-2,-15,-2,-23,-7,-20,-11,-21,-13,0,0]"
CSI_DATA,369,1a:00:00:00:00:00,-38,11,1,0,1,1,1,0,0,0,1,-96,0,11,2,5149126,0,44,0,384,0,"[0,0,0,0,0,0,0,0,0,0,0,0,5,5,5,5,6,5,6,6,6,6,5,6,6,6,5,6,6,6,6,6,6,6,7,6,6,6,7,6,6,5,7,6,7,5,7,5,7,5,7,5,7,5,7,4,7,5,8,4,7,4,8,4,0,0,8,4,7,4,8,4,8,3,7,3,7,4,7,4,7,3,7,3,7,3,7,4,6,4,6,3,5,3,5,3,5,4,5,3,5,3,4,4,4,3,3,4,3,3,3,3,2,3,2,3,1,3,0,0,0,0,0,0,0,0,0,0,0,0,0,0,5,-38,5,-42,8,-43,5,-40,5,-47,6,-50,2,-49,6,-45,5,-51,15,-47,7,-47,5,-48,5,-52,5,-52,7,-53,5,-51,6,-58,-1,-51,7,-51,5,-56,1,-51,-1,-51,-3,-49,0,-51,1,-50,-2,-57,-3,-49,-10,-56,-4,-54,-5,-49,-2,-48,-1,-44,-4,-52,-7,-54,-6,-45,-5,-47,0,-46,1,-49,-2,-47,-5,-42,-7,-41,-5,-43,-2,-40,0,-40,0,-42,0,-38,0,-39,5,-39,3,-35,5,-29,5,-33,6,-28,5,-27,8,-24,11,-25,12,-27,14,-22,0,0,0,0,0,0,0,0,0,0,0,0,0,0,0,0,0,0,0,0,0,0,-43,10,-44,8,-47,6,-50,4,-56,0,-50,-1,-55,1,-58,-3,-67,1,-64,-2,-65,-7,-64,-4,-75,-4,-73,-12,-71,-15,-77,-18,-79,-14,-74,-19,-73,-19,-77,-25,-76,-30,-73,-26,-75,-28,-74,-30,-71,-38,-68,-29,-61,-33,-60,-32,-63,-35,-61,-33,-46,-29,-53,-34,-48,-31,-42,-32,-42,-29,-37,-27,-32,-24,-33,-22,-31,-22,-30,-21,-27,-21,-20,-19,-19,-13,-23,-16,-12,-14,-9,-9,-12,-10,-4,-17,-6,-9,-2,-9,-1,-15,9,-8,5,-8,18,-10,19,-6,20,-6,26,-6,0,0]"
CSI_DATA,370,1a:00:00:00:00:00,-38,11,1,0,1,1,1,0,0,0,1,-96,0,11,2,5161610,0,44,0,384,0,"[0,0,0,0,0,0,0,0,0,0,0,0,6,-5,6,-6,6,-6,7,-6,7,-6,7,-5,7,-6,6,-6,7,-6,7,-6,7,-6,7,-7,7,-7,6,-7,7,-6,6,-8,6,-7,6,-7,6,-7,6,-7,6,-7,6,-7,5,-7,5,-8,5,-8,5,-8,0,0,5,-8,5,-8,5,-8,4,-8,4,-7,4,-8,4,-7,4,-7,4,-7,4,-7,4,-7,4,-7,4,-6,4,-6,4,-6,4,-6,4,-6,4,-5,4,-5,4,-4,4,-4,4,-4,4,-3,4,-3,4,-2,3,-2,0,0,0,0,0,0,0,0,0,0,0,0,0,0,-37,-7,-42,-6,-41,-8,-39,-8,-43,-11,-42,-9,-48,-13,-48,-13,-48,-7,-50,-14,-49,-15,-47,-17,-50,-13,-51,-15,-56,-16,-48,-11,-54,-16,-49,-10,-46,-13,-53,-11,-60,-9,-53,-5,-48,-5,-49,-9,-48,-13,-52,-9,-52,-7,-53,0,-50,-4,-55,-2,-49,-6,-48,-4,-46,-9,-46,-4,-46,0,-45,-6,-51,2,-46,-1,-45,-4,-44,-1,-42,-5,-42,-6,-42,-4,-41,-1,-38,-9,-40,-10,-41,-10,-37,-5,-35,-10,-34,-15,-32,-14,-29,-11,-26,-14,-23,-11,-18,-15,-17,-12,-19,-17,0,0,0,0,0,0,0,0,0,0,0,0,0,0,0,0,0,0,0,0,0,0,13,44,7,45,5,48,4,49,2,50,-1,53,0,55,-5,57,-1,64,-5,63,-8,69,-10,62,-2,71,-12,71,-18,67,-18,73,-13,80,-23,74,-18,69,-27,73,-31,73,-36,71,-36,67,-30,75,-35,70,-37,68,-38,61,-37,60,-37,56,-40,53,-31,47,-38,46,-37,40,-32,39,-33,37,-29,34,-29,31,-23,34,-24,27,-24,25,-22,21,-25,20,-20,22,-18,19,-15,12,-15,10,-12,6,-13,7,-11,2,-9,-7,-6,-8,-13,-7,-8,-11,-4,-18,-7,-20,-6,-26,-4,-23,0,0]"
CSI_DATA,371,1a:00:00:00:00:00,-38,11,1,0,1,1,1,0,0,0,1,-96,0,11,2,5179351,0,44,0,384,0,"[0,0,0,0,0,0,0,0,0,0,0,0,-6,-7,-6,-7,-6,-7,-6,-8,-6,-8,-6,-8,-6,-8,-6,-8,-6,-8,-6,-7,-7,-8,-7,-8,-7,-8,-7,-8,-7,-8,-7,-8,-8,-7,-7,-7,-7,-7,-7,-7,-7,-7,-7,-7,-7,-6,-8,-7,-8,-7,-8,-7,0,0,-8,-6,-8,-6,-8,-6,-8,-5,-7,-6,-7,-6,-7,-6,-7,-6,-7,-6,-7,-5,-7,-6,-6,-6,-6,-6,-6,-6,-6,-6,-6,-6,-5,-5,-5,-5,-4,-5,-4,-5,-4,-6,-3,-5,-3,-5,-3,-5,-2,-5,-1,-5,0,0,0,0,0,0,0,0,0,0,0,0,0,0,-12,33,-10,37,-9,44,-12,44,-11,40,-14,44,-16,39,-16,47,-17,43,-15,47,-18,46,-18,46,-20,52,-13,48,-16,44,-11,49,-16,54,-12,53,-14,50,-11,43,-7,54,-9,46,-1,52,-7,49,-7,46,-9,50,-5,43,-4,50,-3,53,-4,50,-5,46,-5,51,-6,48,-2,51,-1,44,-4,49,-4,47,-3,44,-7,45,-2,42,-7,36,-6,40,-8,43,-6,42,-9,40,-6,38,-10,35,-5,34,-8,31,-11,31,-12,23,-15,26,-13,25,-14,24,-16,20,-9,21,-16,16,0,0,0,0,0,0,0,0,0,0,0,0,0,0,0,0,0,0,0,0,0,0,42,-7,46,-4,48,-1,49,-3,47,-3,54,5,52,0,55,1,62,4,54,4,63,11,65,5,73,4,72,13,75,16,67,20,77,19,70,20,73,23,71,27,70,30,79,41,61,30,69,37,68,39,68,36,56,39,58,42,52,40,53,38,45,33,51,41,43,34,41,33,37,28,34,28,31,26,32,25,26,26,30,24,22,23,20,21,15,21,19,21,11,17,8,18,11,15,2,13,2,12,-4,14,-8,3,-12,6,-15,7,-16,10,-23,3,-25,5,-22,2,0,0]"
CSI_DATA,372,1a:00:00:00:00:00,-38,11,1,0,1,1,1,0,0,0,1,-96,0,11,2,5188488,0,44,0,384,0,"[0,0,0,0,0,0,0,0,0,0,0,0,7,3,7,3,7,3,7,4,7,4,7,4,8,4,7,3,8,4,8,4,8,4,8,3,8,4,8,3,8,3,9,3,9,2,8,3,8,2,8,2,8,2,8,2,8,2,9,2,9,2,9,1,0,0,8,1,9,1,8,1,8,0,8,1,8,1,8,1,7,1,7,1,7,1,8,1,7,1,7,1,6,1,6,1,6,2,6,1,6,2,5,2,5,2,5,2,4,2,4,2,3,2,3,3,2,2,0,0,0,0,0,0,0,0,0,0,0,0,0,0,-16,-33,-22,-37,-21,-36,-21,-36,-16,-42,-20,-47,-22,-44,-16,-45,-19,-50,-20,-45,-19,-47,-20,-48,-21,-48,-21,-53,-21,-49,-23,-50,-27,-56,-23,-46,-24,-49,-24,-46,-29,-45,-25,-47,-22,-41,-26,-46,-25,-47,-25,-47,-26,-40,-34,-45,-30,-44,-34,-44,-31,-39,-29,-39,-30,-40,-29,-37,-31,-34,-27,-38,-32,-41,-28,-36,-27,-40,-27,-34,-26,-37,-26,-33,-20,-36,-17,-37,-24,-35,-24,-31,-21,-36,-21,-35,-15,-32,-9,-30,-9,-30,-12,-28,-7,-26,-3,-27,-2,-26,-1,-25,-2,-21,0,0,0,0,0,0,0,0,0,0,0,0,0,0,0,0,0,0,0,0,0,0,-25,34,-32,32,-37,30,-39,34,-37,31,-41,31,-43,31,-47,33,-52,38,-54,33,-55,39,-56,38,-63,44,-64,33,-67,31,-72,32,-75,42,-77,29,-76,29,-75,15,-83,21,-86,23,-77,12,-78,17,-78,13,-76,20,-74,7,-72,9,-70,5,-74,5,-58,4,-62,-1,-60,1,-54,0,-53,-4,-45,-3,-44,-4,-42,-6,-35,-3,-37,-4,-35,-3,-33,-2,-24,-1,-26,-6,-16,-5,-21,-5,-18,-5,-11,-4,-7,-8,-1,-14,-6,-13,0,-10,5,-17,10,-14,11,-20,16,-19,21,-16,0,0]"
CSI_DATA,373,1a:00:00:00:00:00,-38,11,1,0,1,1,1,0,0,0,1,-96,0,11,2,5197971,0,44,0,384,0,"[0,0,0,0,0,0,0,0,0,0,0,0,6,-6,6,-6,6,-7,7,-7,7,-7,7,-6,7,-7,7,-6,7,-7,7,-7,7,-7,7,-8,7,-7,6,-8,6,-7,6,-8,6,-8,6,-8,5,-8,5,-8,5,-8,5,-8,5,-8,5,-9,5,-9,5,-8,0,0,5,-9,5,-9,4,-9,4,-9,4,-8,4,-8,4,-8,4,-8,3,-8,4,-8,4,-8,4,-7,4,-7,4,-7,4,-6,4,-7,4,-7,4,-6,4,-5,3,-5,4,-4,4,-4,4,-4,4,-3,4,-3,3,-2,0,0,0,0,0,0,0,0,0,0,0,0,0,0,-36,10,-35,1,-40,4,-43,3,-45,1,-45,3,-49,2,-55,1,-45,2,-51,0,-54,3,-49,-1,-54,2,-50,-3,-53,1,-53,4,-56,3,-48,6,-50,0,-50,7,-57,12,-50,11,-49,15,-49,8,-49,9,-51,10,-49,9,-51,13,-49,8,-51,13,-49,12,-54,9,-45,12,-49,14,-46,14,-46,8,-44,9,-45,13,-45,12,-42,13,-43,11,-42,4,-41,6,-39,7,-35,6,-38,4,-39,5,-35,7,-34,0,-32,2,-33,-2,-33,-3,-30,-4,-24,-5,-24,-7,-21,-11,-23,-9,0,0,0,0,0,0,0,0,0,0,0,0,0,0,0,0,0,0,0,0,0,0,14,38,21,44,13,40,19,48,17,46,12,54,17,46,14,56,17,60,10,59,12,66,11,63,15,69,9,70,5,72,5,74,6,83,-2,75,-8,78,-1,73,-8,71,-10,81,-10,73,-15,75,-18,76,-13,76,-21,69,-21,69,-21,63,-17,63,-17,53,-21,55,-20,51,-19,48,-19,50,-21,44,-16,36,-18,37,-15,35,-18,29,-14,29,-15,27,-12,21,-13,18,-13,17,-5,16,-12,13,-11,10,-12,5,-16,2,-11,-7,-12,-4,-13,-10,-12,-7,-14,-18,-14,-21,-14,-29,0,0]"
CSI_DATA,374,1a:00:00:00:00:00,-38,11,1,0,1,1,1,0,0,0,1,-96,0,11,2,5207949,0,44,0,384,0,"[0,0,0,0,0,0,0,0,0,0,0,0,-4,-8,-4,-8,-5,-8,-5,-9,-5,-9,-4,-9,-5,-9,-4,-9,-5,-9,-5,-9,-5,-9,-5,-9,-5,-9,-5,-9,-5,-8,-6,-9,-6,-8,-6,-8,-6,-8,-6,-8,-6,-8,-6,-8,-6,-8,-7,-8,-6,-8,-7,-8,0,0,-7,-7,-7,-8,-7,-7,-7,-7,-6,-7,-6,-7,-6,-7,-6,-7,-6,-6,-6,-7,-6,-7,-5,-6,-5,-6,-5,-6,-5,-6,-5,-6,-5,-6,-4,-6,-4,-6,-3,-6,-3,-6,-3,-5,-2,-5,-2,-5,-1,-5,-1,-5,0,0,0,0,0,0,0,0,0,0,0,0,0,0,-7,34,-11,32,-5,41,-14,37,-11,44,-10,48,-14,45,-12,47,-11,43,-17,47,-12,45,-13,49,-14,49,-11,45,-12,47,-11,49,-11,53,-9,56,-12,48,-8,48,-9,56,-11,48,-4,48,-5,49,-6,49,-7,52,-5,50,-2,54,-2,51,0,47,-4,50,-3,47,0,44,-3,51,5,49,-5,46,1,44,-2,43,-4,47,3,42,-2,37,-5,39,-4,41,-3,42,-8,40,-3,40,-9,34,-4,39,-4,31,-7,29,-11,32,-12,24,-12,24,-15,22,-15,23,-14,17,-13,15,0,0,0,0,0,0,0,0,0,0,0,0,0,0,0,0,0,0,0,0,0,0,45,-8,44,-5,42,-5,50,-2,51,1,55,1,50,3,57,2,62,5,60,7,65,6,68,4,77,6,71,13,72,17,72,20,79,18,71,20,70,26,67,25,72,31,78,34,64,35,70,35,72,42,65,37,61,40,61,42,48,39,57,36,39,33,48,38,46,33,38,30,42,33,34,27,28,25,31,26,27,24,27,26,29,21,17,20,20,20,19,16,10,14,11,14,10,11,4,12,4,10,-6,12,-7,9,-8,9,-23,8,-21,7,-19,1,-27,7,-26,2,0,0]"
CSI_DATA,375,1a:00:00:00:00:00,-38,11,1,0,1,1,1,0,0,0,1,-96,0,11,2,5229180,0,44,0,384,0,"[0,0,0,0,0,0,0,0,0,0,0,0,-4,7,-4,7,-4,8,-4,8,-5,8,-5,7,-4,8,-4,8,-4,8,-4,8,-5,8,-4,9,-4,9,-4,9,-4,8,-3,9,-3,9,-3,8,-3,8,-3,9,-3,8,-3,9,-3,8,-2,9,-3,9,-2,9,0,0,-2,9,-2,9,-2,9,-1,9,-2,8,-2,8,-2,8,-2,8,-1,8,-2,8,-2,8,-2,7,-2,7,-2,7,-2,7,-2,7,-3,6,-3,5,-3,5,-3,5,-3,5,-3,4,-3,4,-4,3,-4,3,-4,2,0,0,0,0,0,0,0,0,0,0,0,0,0,0,33,-16,39,-17,37,-17,39,-18,43,-20,41,-17,48,-16,43,-14,46,-15,44,-14,43,-18,41,-14,49,-20,51,-16,45,-18,45,-23,49,-24,49,-23,48,-15,48,-24,46,-27,48,-23,38,-25,45,-27,40,-22,41,-26,44,-27,42,-31,36,-25,40,-29,42,-26,43,-29,36,-27,37,-27,36,-34,37,-30,36,-30,35,-27,38,-27,38,-27,32,-21,34,-20,34,-22,34,-23,32,-24,35,-19,30,-17,33,-20,30,-11,27,-15,24,-7,26,-9,26,-9,29,-6,26,-4,23,1,19,4,0,0,0,0,0,0,0,0,0,0,0,0,0,0,0,0,0,0,0,0,0,0,-30,-35,-27,-38,-25,-37,-30,-40,-27,-44,-26,-47,-24,-38,-23,-49,-27,-57,-25,-60,-26,-59,-27,-61,-29,-65,-27,-70,-18,-71,-18,-74,-27,-77,-20,-80,-15,-70,-8,-73,-10,-80,-14,-82,-6,-83,-8,-77,-2,-80,-4,-73,7,-74,6,-71,4,-71,0,-65,0,-61,4,-54,10,-55,5,-52,9,-51,3,-45,8,-39,5,-44,2,-38,3,-36,5,-33,6,-30,5,-26,4,-20,5,-16,5,-21,7,-15,4,-13,7,-9,10,-2,6,0,15,2,16,6,13,8,11,12,16,19,18,22,0,0]"
CSI_DATA,376,1a:00:00:00:00:00,-38,11,1,0,1,1,1,0,0,0,1,-96,0,11,2,5263076,0,44,0,384,0,"[0,0,0,0,0,0,0,0,0,0,0,0,-8,1,-8,1,-8,1,-9,1,-9,1,-9,1,-9,1,-9,1,-9,1,-9,2,-9,1,-10,2,-9,2,-9,2,-9,2,-9,2,-9,2,-9,2,-9,3,-9,2,-9,3,-9,3,-8,2,-9,3,-9,3,-9,3,0,0,-8,4,-9,3,-9,4,-8,4,-8,3,-8,3,-8,3,-8,3,-8,3,-7,3,-8,2,-7,2,-7,2,-7,2,-7,2,-7,2,-7,1,-6,1,-6,1,-6,0,-6,0,-6,0,-5,0,-5,-1,-5,-1,-4,-2,0,0,0,0,0,0,0,0,0,0,0,0,0,0,26,29,28,32,27,26,25,28,33,37,35,33,31,36,33,37,32,34,28,34,32,36,30,29,32,40,33,34,33,40,38,35,38,40,37,34,34,33,36,31,41,34,37,32,36,30,36,32,35,29,36,29,37,32,37,28,39,28,41,26,40,29,43,31,36,29,35,30,42,25,35,29,37,27,37,23,30,28,39,26,35,21,34,23,28,27,31,23,28,25,30,27,29,32,26,27,25,22,20,26,20,23,16,26,14,23,10,21,8,23,8,23,7,20,0,0,0,0,0,0,0,0,0,0,0,0,0,0,0,0,0,0,0,0,0,0,13,-42,15,-41,19,-40,19,-45,23,-42,28,-47,25,-45,31,-45,34,-56,35,-51,36,-52,37,-55,39,-64,44,-53,53,-58,49,-57,54,-62,56,-55,57,-49,58,-46,58,-46,68,-50,63,-44,66,-45,66,-37,61,-42,62,-30,67,-38,62,-26,59,-27,53,-27,54,-25,51,-23,46,-18,46,-16,44,-19,37,-16,44,-19,34,-12,30,-13,28,-7,27,-7,25,-2,20,-6,20,1,14,-10,15,-3,13,-1,10,3,11,11,10,13,4,16,-3,16,-8,14,-7,23,-9,21,-11,27,0,0]"
CSI_DATA,377,1a:00:00:00:00:00,-38,11,1,0,1,1,1,0,0,0,1,-96,0,11,2,5270120,0,44,0,384,0,"[0,0,0,0,0,0,0,0,0,0,0,0,-8,-2,-8,-2,-9,-2,-9,-3,-9,-3,-9,-3,-9,-2,-9,-2,-9,-2,-9,-2,-10,-3,-10,-2,-10,-2,-10,-2,-9,-2,-10,-1,-10,-1,-10,-1,-9,-1,-9,-1,-10,-1,-10,0,-9,-1,-10,0,-10,0,-10,0,0,0,-9,0,-10,0,-10,0,-9,1,-9,0,-9,1,-9,0,-9,0,-9,0,-9,0,-9,0,-8,0,-8,0,-7,0,-7,-1,-7,-1,-7,-1,-7,-1,-6,-1,-6,-1,-6,-2,-6,-2,-5,-2,-5,-2,-4,-3,-4,-3,0,0,0,0,0,0,0,0,0,0,0,0,0,0,17,30,25,31,23,31,23,36,24,33,20,36,25,37,27,40,21,40,29,46,26,41,24,40,33,42,26,39,30,42,31,44,33,43,33,42,29,41,29,42,39,40,33,39,32,33,33,35,32,36,39,43,36,33,39,35,30,37,38,32,36,29,38,31,33,31,40,31,36,27,32,32,34,27,34,31,26,34,32,23,34,24,30,26,27,25,29,25,26,24,28,24,27,28,23,26,20,26,19,24,19,27,17,25,15,25,12,28,9,24,7,20,4,21,0,0,0,0,0,0,0,0,0,0,0,0,0,0,0,0,0,0,0,0,0,0,27,-33,35,-31,32,-32,35,-30,36,-32,42,-30,41,-30,47,-32,50,-42,53,-34,53,-32,55,-37,56,-36,60,-33,67,-29,67,-32,68,-40,69,-29,70,-28,71,-24,74,-19,76,-20,74,-21,75,-20,82,-18,70,-21,70,-10,67,-9,65,-8,67,-9,52,-10,60,-8,57,-3,51,-2,50,1,44,-4,42,-1,41,-1,37,-3,34,0,33,3,25,-4,21,1,18,1,21,-1,13,4,17,1,11,6,8,8,3,8,-2,13,-3,9,-4,14,-11,13,-14,17,-13,21,-21,13,0,0]"
