5.83095,6.40312,6.40312,6.40312,7.2111,6.40312,7.81025,7.81025,7.81025,7.81025,8.60233,9.21954,9.21954,9.21954,8.60233,9.89949,9.89949,9.21954,9.89949,9.89949,9.21954,9.89949,9.89949,10.63015,11.31371,11.31371,11.31371,11.31371,11.31371,12.04159,11.31371,11.31371,11.31371,11.31371,11.31371,11.31371,11.31371,10.63015,10.63015,10.63015,10.0,10.63015,9.21954,9.21954,9.21954,9.21954,8.60233,8.60233,8.60233,8.60233,8.06226,8.06226,26.0,31.0,32.06244,31.32092,33.95585,34.9285,35.44009,37.21559,40.70626,39.0,42.94182,43.56604,46.52956,46.14109,48.30114,52.15362,57.70615,55.9464,54.58938,54.3783,57.68882,56.30275,53.60037,52.47857,57.45433,61.91123,59.07622,59.07622,62.42596,66.06815,60.21628,66.8431,59.64059,64.2028,61.07373,62.1289,65.60488,68.11755,65.80274,61.40033,63.24555,61.58734,63.81222,63.28507,58.83026,63.63175,57.98276,58.5235,51.97115,49.92995,54.70832,48.02083,53.7122,51.42956,49.64877,51.07837,49.98,40.49691,41.76123,43.41659,46.32494,47.07441,45.70558,46.17359,50.24938,55.08176,54.00926,54.08327,52.34501,62.39391,57.48913,53.15073,58.94065,60.44005,53.75872,50.69517,55.00909,51.42956,55.4617,55.03635,48.75449,46.14109,48.30114,49.92995,47.50789,47.70744,47.01064,43.56604,42.19005,44.29447,36.71512,44.72136,43.41659,41.67733,43.41659,40.81666,42.48529,39.96248,42.04759,38.58756,40.24922,36.71512,38.27532,35.73514,35.22783,36.67424,37.16181,32.69557,36.40055,34.0,34.43835,32.20248,34.20526,32.01562
6.0,7.0,7.07107,8.06226,8.06226,8.06226,9.05539,9.05539,9.05539,9.21954,10.04988,10.19804,10.04988,10.04988,10.04988,11.18034,11.18034,10.19804,11.40175,11.18034,11.18034,11.40175,11.18034,11.40175,12.36932,12.36932,12.36932,12.36932,13.60147,12.64911,12.36932,12.36932,12.36932,12.36932,12.36932,12.36932,12.16553,12.16553,12.36932,12.16553,11.18034,11.18034,11.18034,10.19804,10.04988,10.19804,10.19804,10.04988,9.05539,10.04988,9.0,9.0,28.63564,26.57066,31.7805,36.71512,26.41969,39.66106,32.44996,40.81666,37.64306,42.44997,43.13931,43.60046,45.27693,42.44997,40.36087,46.69047,54.56189,54.67175,51.66237,53.03772,54.56189,45.34314,50.60632,50.32892,48.41487,61.84658,53.2635,61.40033,57.48913,60.46487,58.89822,61.6198,56.85948,59.64059,57.2014,56.63921,57.68882,67.6757,63.41136,68.593,53.41348,60.82763,58.0,58.79626,53.8145,56.85068,58.89822,58.72819,50.93133,48.10405,50.9902,48.83646,53.8145,44.59821,41.7732,42.43819,48.8774,43.01163,46.2277,40.36087,47.50789,44.55334,51.86521,51.61395,51.61395,55.56978,52.7731,54.12947,51.47815,62.39391,54.626,56.51548,54.57105,61.29437,53.15073,57.70615,50.24938,46.09772,53.0,49.0,48.37355,48.09366,52.00961,48.6621,51.08816,40.31129,43.18565,47.04253,45.17743,41.01219,42.0119,44.55334,48.16638,39.84972,43.10452,40.11234,42.19005,48.09366,42.04759,44.10215,41.10961,39.05125,46.27094,44.01136,36.12478,38.11824,38.47077,35.69314,47.51842,41.19466,37.12142,31.01612,33.06055,29.27456
5.65685,5.0,5.83095,6.40312,7.2111,7.2111,8.06226,7.2111,7.2111,8.06226,8.60233,8.94427,9.43398,8.94427,8.94427,10.29563,9.84886,8.94427,9.84886,9.84886,9.84886,9.84886,9.84886,10.77033,10.77033,10.77033,10.77033,12.08305,11.7047,11.7047,11.18034,12.08305,11.7047,10.77033,10.77033,10.77033,11.18034,10.29563,10.29563,10.29563,10.29563,10.29563,10.29563,8.94427,8.94427,8.94427,9.43398,8.60233,8.60233,8.60233,7.81025,7.81025,25.4951,26.92582,29.52965,28.6007,33.01515,29.41088,31.82766,38.41875,39.62323,38.8973,40.45986,39.69887,46.66905,44.59821,48.9183,49.09175,55.80323,51.40039,49.67897,56.0357,58.89822,52.00961,55.0,57.80138,54.67175,56.0803,54.40588,63.28507,59.20304,63.63175,59.90826,61.61169,58.60034,66.57327,59.5399,59.64059,60.20797,64.3506,65.11528,60.80296,61.85467,66.4003,62.42596,59.20304,57.62812,58.79626,55.22681,57.38467,54.03702,51.73973,50.32892,50.93133,49.51767,47.42362,48.79549,47.63402,44.82187,40.45986,41.03657,38.20995,43.18565,43.93177,49.40648,46.32494,46.64762,53.7122,52.3259,56.46238,54.626,57.93962,55.08176,57.97413,52.95281,59.68249,52.15362,51.24451,51.0098,50.03998,53.15073,48.04165,49.0102,47.16991,48.04165,48.05206,47.51842,44.10215,48.50773,38.20995,45.39824,40.11234,41.30375,39.62323,37.12142,36.05551,39.0,38.0526,40.0125,38.20995,40.0125,41.04875,38.0526,38.20995,41.0,38.0,33.06055,36.05551,35.12834,34.05877,32.06244,37.05401,29.01724,34.05877,32.06244,26.07681
7.07107,6.40312,7.2111,7.81025,8.60233,7.81025,8.60233,9.43398,9.43398,9.43398,10.0,10.81665,10.81665,10.29563,10.0,11.6619,10.29563,10.29563,10.29563,11.18034,11.18034,11.18034,11.18034,12.08305,12.08305,12.08305,12.08305,13.41641,13.0,12.64911,12.08305,13.0,13.0,12.08305,12.08305,12.08305,12.52996,11.6619,11.6619,11.6619,11.6619,11.18034,11.6619,10.29563,10.29563,9.84886,10.29563,10.29563,10.29563,10.0,10.0,9.21954,32.69557,31.7805,29.06888,27.58623,33.97058,28.3196,37.53665,39.62323,39.82462,37.53665,38.60052,41.88078,49.20366,44.82187,45.60702,51.47815,54.91812,53.00943,49.67897,54.40588,59.16925,52.69725,52.15362,55.47071,53.82379,59.68249,57.14018,62.17717,64.41273,67.23095,63.52952,63.97656,61.29437,68.88396,63.56099,61.29437,65.30697,67.97794,67.6757,60.90156,62.26556,62.96825,64.14047,67.23095,60.21628,60.53924,56.60389,57.3062,52.43091,50.21952,54.08327,49.09175,51.61395,51.40039,49.0408,51.66237,47.42362,42.2019,41.7732,41.03657,45.96738,46.09772,44.82187,44.20407,49.09175,54.70832,49.39636,51.42956,53.66563,61.26989,55.71355,51.41984,53.15073,58.46366,52.46904,47.85394,51.15662,51.08816,56.0803,49.09175,49.09175,50.0,44.10215,46.27094,44.04543,41.04875,48.09366,36.05551,42.0119,40.04997,38.11824,40.60788,36.05551,37.01351,41.01219,41.10961,40.11234,39.0,41.04875,36.12478,37.05401,36.12478,35.69314,35.0,39.20459,36.05551,33.06055,35.12834,33.37664,35.0571,29.06888,36.34556,29.12044,26.68333
6.40312,5.83095,5.83095,7.2111,7.2111,7.2111,7.61577,8.06226,8.06226,8.06226,8.94427,9.84886,8.94427,8.94427,8.94427,10.77033,9.48683,9.84886,9.48683,9.48683,9.84886,10.44031,9.84886,11.40175,11.40175,11.40175,11.40175,11.40175,11.40175,12.16553,11.40175,11.40175,11.40175,11.40175,11.40175,11.40175,12.08305,10.77033,10.77033,10.77033,9.84886,10.77033,10.44031,9.84886,9.84886,8.544,8.94427,8.94427,8.94427,8.94427,9.43398,8.60233,24.5153,30.08322,30.01666,28.16026,29.83287,36.22154,28.16026,36.40055,45.60702,37.85499,41.0,44.27189,48.50773,48.6621,56.08921,54.23099,51.47815,51.86521,53.85165,54.12024,55.9017,49.76947,57.93962,50.28916,56.30275,61.32699,63.56886,62.64982,59.48109,64.84597,60.83584,62.16912,63.50591,69.35416,63.06346,60.83584,62.24147,64.84597,58.30952,66.30988,56.82429,61.46544,59.13544,55.54278,55.97321,55.65968,57.00877,54.12024,48.10405,53.48832,50.59644,49.64877,46.09772,45.22168,48.38388,48.6621,48.6621,42.72002,43.73786,41.7732,46.57252,41.04875,50.03998,40.04997,48.09366,55.3263,47.26521,62.28965,52.39275,59.77458,55.02727,56.30275,57.70615,61.84658,53.23533,52.7731,52.15362,51.86521,49.67897,51.86521,52.43091,50.93133,51.62364,51.22499,50.60632,43.27817,50.93133,42.63801,43.86342,44.68781,37.20215,40.31129,47.38143,41.03657,44.04543,42.80187,40.49691,38.20995,42.63801,42.42641,39.44617,40.0,44.28318,37.80212,43.56604,31.82766,39.62323,36.12478,36.61967,38.94868,31.14482,40.31129,37.48333,34.4093
5.38516,6.08276,6.08276,7.07107,7.07107,7.07107,8.06226,8.06226,8.06226,9.05539,9.21954,9.05539,9.21954,10.04988,9.05539,11.04536,10.0,10.04988,10.0,10.0,10.04988,10.0,11.0,11.0,11.04536,11.0,11.0,12.0,12.0,13.0,11.04536,12.0,12.0,11.0,11.0,12.04159,12.04159,11.04536,11.04536,10.04988,11.04536,10.04988,11.04536,9.05539,9.05539,9.05539,9.05539,9.05539,9.21954,9.21954,8.544,8.24621,31.04835,40.02499,35.51056,30.41381,38.47077,35.38361,35.80503,38.94868,43.13931,43.18565,44.59821,44.40721,48.27007,48.83646,46.2277,56.56854,58.69412,54.45181,47.42362,54.81788,57.80138,55.97321,48.82622,55.21775,57.00877,61.03278,61.6198,63.81222,60.60528,60.46487,59.66574,58.18075,66.57327,61.61169,59.48109,61.40033,62.00806,70.17834,63.00794,59.90826,67.20119,61.07373,61.55485,67.35726,56.58622,55.21775,55.31727,56.0357,53.82379,53.00943,50.0,52.00961,51.85557,52.34501,49.49747,45.27693,47.80167,42.52058,41.01219,47.42362,45.80393,44.40721,51.10773,43.60046,49.24429,55.9017,56.36488,47.80167,59.80803,64.56005,58.85576,49.25444,57.87055,55.57877,52.15362,55.00909,57.07889,57.03508,57.07889,52.34501,55.14526,53.93515,53.15073,45.27693,45.70558,48.76474,48.16638,38.11824,51.62364,45.01111,45.17743,42.72002,37.65634,38.20995,45.09989,43.41659,41.01219,40.0,45.27693,35.01428,45.27693,39.20459,39.0,36.01389,40.79216,36.01389,38.20995,35.01428,37.01351,37.01351,32.24903,39.62323,41.19466,39.05125
5.83095,5.83095,6.40312,7.2111,7.81025,7.81025,7.81025,7.81025,8.48528,8.48528,9.21954,9.21954,9.89949,9.89949,9.21954,10.63015,9.89949,9.89949,9.21954,9.89949,9.89949,10.63015,9.89949,10.81665,11.40175,11.40175,11.40175,11.40175,11.40175,12.20656,10.63015,11.40175,11.40175,10.63015,11.40175,11.40175,12.04159,10.63015,10.63015,10.63015,10.63015,10.63015,9.89949,9.89949,9.89949,9.21954,9.21954,9.21954,9.21954,9.21954,8.60233,8.60233,30.41381,29.61419,27.51363,30.08322,29.73214,31.30495,33.83785,42.05948,36.89173,41.88078,43.82921,39.96248,42.72002,47.16991,46.8615,48.79549,52.80152,52.49762,51.22499,54.81788,58.13777,49.81967,55.9017,51.22499,57.00877,56.61272,56.0803,62.96825,61.6198,65.76473,60.82763,65.06919,57.98276,65.8559,59.46427,61.52235,63.89053,60.82763,63.60031,60.87693,62.482,64.44377,60.30755,59.03389,61.84658,59.03389,57.68882,55.21775,53.82379,53.00943,52.43091,50.47772,49.64877,49.09175,51.40039,49.39636,44.77723,43.18565,41.86884,40.49691,46.2277,44.10215,48.76474,48.75449,50.28916,55.71355,51.24451,53.60037,50.96077,58.24088,52.95281,55.03635,55.03635,61.13101,53.08484,53.03772,55.14526,52.61179,49.64877,45.89118,49.64877,51.24451,49.09175,44.40721,45.60702,43.01163,47.53946,39.05125,43.17407,41.76123,38.60052,42.05948,40.80441,38.47077,42.10701,37.33631,40.60788,40.02499,37.85499,41.59327,39.31921,38.07887,39.45884,38.63936,35.51056,36.12478,34.71311,35.01428,32.0,35.35534,33.95585,32.0,35.0,30.59412
6.7082,6.7082,7.61577,7.61577,8.544,8.544,8.24621,8.24621,9.48683,9.21954,10.44031,10.19804,10.44031,10.44031,10.44031,11.40175,11.18034,10.44031,10.19804,11.18034,11.18034,12.16553,11.18034,12.04159,12.16553,12.04159,12.04159,13.15295,13.15295,12.04159,12.16553,12.16553,13.0384,12.16553,12.16553,12.16553,13.34166,12.36932,11.40175,11.18034,11.40175,11.18034,11.18034,10.19804,10.19804,10.19804,10.44031,10.44031,9.48683,9.48683,9.84886,8.94427,27.20294,31.1127,28.6007,30.80584,33.12099,38.94868,35.34119,40.49691,38.07887,43.32436,44.27189,45.22168,48.70318,50.69517,49.64877,53.75872,56.921,56.51548,51.24451,52.49762,58.94065,59.48109,56.29387,57.56735,57.56735,58.94065,58.69412,65.11528,62.58594,64.93843,62.16912,65.25335,61.61169,68.73136,64.00781,63.78871,66.28725,65.11528,67.18631,61.61169,67.26812,67.68309,61.40033,66.94027,62.36185,61.68468,63.24555,58.46366,55.65968,53.16014,52.81098,53.75872,52.20153,49.76947,50.92151,50.15974,53.23533,41.10961,40.8534,38.62642,47.92703,43.82921,49.73932,46.61545,51.85557,53.15073,52.3259,54.45181,54.45181,60.87693,58.79626,55.47071,55.22681,62.76942,50.53712,55.00909,53.31041,56.0803,55.71355,51.62364,53.31041,51.86521,48.46648,48.70318,45.54119,44.38468,48.38388,41.10961,43.32436,44.64303,40.5216,44.38468,38.8973,38.60052,43.82921,35.8469,40.24922,40.16217,41.62932,34.78505,39.0,38.62642,38.27532,40.31129,35.1141,35.4683,37.64306,34.48188,37.16181,37.94733,33.54102,34.48188,30.52868,28.63564
7.2111,6.40312,7.07107,7.81025,8.48528,7.81025,8.48528,8.48528,9.21954,9.89949,9.89949,10.63015,10.63015,10.63015,9.89949,12.04159,10.0,10.63015,10.0,10.63015,11.31371,11.40175,11.40175,12.20656,12.20656,12.20656,12.20656,13.60147,12.20656,13.0384,12.80625,12.80625,12.80625,12.80625,12.20656,12.80625,12.80625,12.04159,12.04159,10.63015,11.31371,11.40175,12.04159,10.63015,9.89949,10.63015,9.89949,9.89949,10.63015,9.89949,9.21954,9.21954,28.16026,23.85372,29.12044,27.65863,26.57066,32.89377,28.4605,40.31129,32.14032,41.04875,42.04759,35.12834,47.38143,46.04346,47.38143,46.0,54.0,51.08816,49.0408,49.0,61.52235,53.00943,50.21952,53.75872,56.56854,56.14268,55.03635,60.13319,56.4358,60.53098,55.31727,61.52235,58.54912,64.62971,54.34151,59.3043,61.18823,62.58594,64.49806,55.9017,54.12947,68.02941,62.03225,57.07889,59.4138,51.0,52.00961,52.03845,53.03772,47.09565,43.10452,43.18565,51.15662,39.01282,50.63596,41.59327,45.89118,41.30375,38.0,41.04875,47.0,46.27094,50.80354,46.57252,42.72002,56.04463,50.96077,54.56189,55.47071,61.7414,54.08327,55.0,56.40035,60.60528,50.32892,58.72819,50.44799,48.10405,54.45181,50.93133,61.22091,53.07542,53.03772,44.20407,51.0392,45.22168,49.39636,36.23534,50.24938,45.0,40.70626,42.43819,41.10961,38.58756,46.32494,39.05125,42.42641,43.26662,40.45986,40.70626,39.62323,42.0119,44.68781,46.2277,37.48333,39.05125,37.80212,38.8973,39.11521,33.83785,32.80244,43.18565,34.82815,29.68164
5.09902,6.0,6.0,7.07107,7.07107,7.0,7.0,8.0,8.0,8.0,9.0,9.05539,9.0,9.0,9.0,10.04988,9.05539,9.05539,10.04988,10.04988,10.04988,10.04988,10.04988,10.19804,11.18034,11.18034,11.40175,11.18034,12.16553,11.40175,10.19804,11.18034,11.18034,11.18034,11.18034,11.18034,11.18034,10.04988,10.04988,10.04988,10.04988,10.04988,10.04988,9.05539,9.05539,8.06226,9.05539,9.05539,8.0,8.06226,8.0,8.0,28.6007,30.0,28.01785,26.62705,33.61547,34.1321,34.43835,37.57659,37.69615,36.76955,42.72002,42.15448,46.23851,45.54119,47.12749,47.53946,54.42426,54.70832,50.32892,51.24451,57.00877,53.45091,51.78803,55.08176,54.57105,58.24088,52.39275,61.0,59.66574,62.16912,61.18823,65.0,63.06346,64.77654,56.4358,59.90826,62.36986,62.36986,64.56005,60.16644,60.16644,61.61169,60.08328,60.72891,60.08328,56.921,60.08328,56.04463,54.40588,51.5461,50.59644,50.32892,55.02727,47.01064,47.01064,49.64877,48.37355,42.72002,40.71855,43.41659,45.69464,46.64762,48.25971,46.04346,50.32892,55.31727,51.73973,52.34501,53.15073,60.10824,55.80323,57.14018,50.77401,60.53924,55.07268,51.88449,51.42956,50.56679,56.61272,47.75982,49.0408,50.44799,51.26402,44.27189,47.80167,41.76123,46.57252,36.76955,41.97618,42.72002,38.07887,41.23106,40.5216,39.21734,38.60052,38.32754,39.0,40.49691,39.92493,39.56008,39.92493,35.73514,39.21734,34.78505,32.89377,34.9285,35.77709,35.1141,33.61547,35.73514,31.01612,36.76955,34.0147,29.68164
5.0,5.65685,6.40312,7.07107,6.40312,6.40312,7.81025,7.81025,7.81025,7.81025,9.21954,8.60233,9.21954,9.21954,8.60233,10.0,9.43398,9.43398,9.43398,10.29563,10.0,10.29563,9.43398,11.18034,11.6619,10.29563,11.18034,12.08305,11.18034,12.08305,11.6619,12.52996,11.18034,11.6619,11.18034,10.81665,11.6619,10.81665,10.0,9.43398,10.29563,9.43398,10.81665,9.43398,8.60233,8.06226,8.60233,8.60233,8.60233,8.60233,8.48528,8.48528,24.18677,25.0,22.02272,32.01562,30.01666,29.06888,33.95585,42.05948,37.48333,40.31129,35.90265,47.53946,45.88028,50.28916,51.07837,49.39636,54.626,50.9902,50.32892,58.18935,52.55473,52.39275,55.9464,52.7731,56.0803,55.9464,56.0803,59.5063,61.46544,65.29931,60.41523,62.24147,62.43397,65.36819,56.40035,61.77378,64.4748,62.64982,62.93648,58.30952,59.23681,62.6099,59.94164,63.97656,59.09315,54.70832,58.82176,55.03635,47.75982,51.26402,46.84015,49.0408,51.07837,50.28916,48.08326,44.59821,45.54119,41.14608,43.86342,42.04759,50.0,41.0,46.69047,46.27094,51.08816,54.23099,55.00909,52.7731,52.03845,64.19502,60.01666,62.96825,56.61272,62.16912,53.85165,57.93962,53.31041,51.40039,57.27128,54.12024,48.8467,46.32494,45.61798,52.20153,52.43091,49.81967,48.02083,40.0,43.01163,42.0119,39.66106,46.64762,41.88078,38.41875,41.67733,36.23534,41.88078,39.40812,36.35932,42.0119,42.72002,32.55764,33.24154,32.44996,36.61967,38.01316,37.58989,34.0147,41.6173,38.58756,29.83287,38.47077,36.40055,35.73514
6.40312,7.2111,6.7082,8.06226,8.06226,8.06226,8.06226,8.94427,8.94427,8.94427,10.29563,9.84886,10.29563,9.84886,9.84886,10.77033,10.77033,9.84886,10.44031,10.77033,10.77033,11.40175,10.77033,11.40175,11.7047,12.64911,12.36932,12.64911,13.34166,12.16553,12.64911,12.36932,12.36932,12.36932,12.36932,11.40175,12.64911,11.7047,11.7047,11.7047,10.77033,11.7047,11.7047,10.44031,10.44031,10.44031,9.84886,9.84886,9.84886,9.84886,9.43398,9.43398,31.38471,29.68164,30.41381,32.55764,31.89044,36.61967,38.01316,39.82462,39.11521,43.01163,43.82921,43.04649,49.09175,47.41308,49.73932,52.55473,55.9464,53.22593,51.89412,56.79789,61.26989,54.20332,57.00877,57.70615,56.35601,60.37384,56.46238,61.35145,63.69458,66.76077,62.62587,62.62587,61.68468,68.00735,64.28841,63.69458,66.30988,66.7308,64.88451,62.39391,65.19202,63.97656,61.46544,61.46544,61.32699,57.77543,60.83584,56.85948,53.31041,53.22593,55.4617,51.88449,50.56679,51.88449,50.60632,50.11986,49.64877,38.83298,43.18565,41.72529,44.55334,46.69047,50.44799,47.01064,48.54894,55.56978,55.22681,53.7122,53.7122,64.00781,55.9464,55.54278,52.88667,57.28001,55.31727,52.88667,50.01,48.83646,57.07889,50.15974,48.37355,52.08647,49.36598,43.18565,46.01087,46.04346,45.39824,40.11234,42.0119,42.0,43.01163,41.01219,39.20459,40.60788,40.60788,35.69314,40.79216,40.11234,39.20459,36.49658,39.20459,33.54102,39.81206,37.21559,35.35534,34.9285,32.24903,34.9285,33.24154,34.9285,33.95585,30.36445,33.24154,31.57531
6.08276,6.0,6.08276,7.07107,7.07107,7.07107,7.07107,7.07107,8.24621,8.24621,9.05539,9.21954,9.21954,9.21954,9.21954,10.44031,9.48683,9.48683,9.48683,9.48683,9.48683,9.84886,9.48683,10.77033,10.77033,10.77033,10.77033,12.08305,11.18034,11.18034,10.77033,10.77033,11.18034,10.77033,10.77033,10.77033,11.40175,10.44031,10.44031,10.44031,9.48683,9.48683,10.44031,8.544,8.544,8.544,8.544,8.544,8.24621,8.24621,8.06226,8.06226,27.313,27.65863,31.76476,33.83785,34.82815,33.01515,31.82766,41.01219,38.60052,44.59821,48.9183,44.55334,45.60702,49.0408,40.31129,47.01064,58.82176,56.22277,49.67897,47.01064,56.30275,46.2277,61.29437,56.60389,57.00877,51.88449,54.3783,65.8635,62.26556,65.8635,65.30697,64.4748,57.45433,70.26379,57.77543,64.84597,65.19202,66.70832,67.1193,60.20797,63.51378,60.80296,58.82176,60.53924,59.9333,52.20153,59.64059,52.69725,54.70832,51.31277,42.72002,50.24938,46.95743,42.72002,44.10215,47.63402,51.08816,42.80187,43.27817,36.79674,51.86521,41.04875,46.52956,47.88528,48.30114,60.74537,47.16991,52.39275,56.61272,60.53924,57.42822,56.4358,58.0,58.07753,48.09366,55.03635,48.16638,52.15362,54.00926,52.03845,53.33854,51.78803,49.25444,48.83646,50.9902,38.32754,47.07441,39.29377,45.54119,41.19466,41.04875,42.04759,38.01316,37.48333,43.17407,43.56604,40.1995,36.49658,37.33631,40.0125,40.0125,35.35534,46.09772,44.28318,42.19005,35.0,32.24903,34.0147,31.06445,36.34556,38.20995,38.32754,33.13608,32.31099
6.32456,6.32456,6.08276,7.07107,7.07107,7.28011,8.06226,8.06226,8.06226,8.06226,9.05539,9.05539,9.05539,9.05539,9.05539,10.04988,10.0,9.05539,9.0,10.0,10.0,10.0,10.04988,11.04536,11.0,11.04536,11.04536,12.04159,12.04159,11.04536,11.0,11.04536,11.04536,11.04536,11.0,11.0,11.0,11.0,10.0,10.0,10.04988,10.0,10.0,9.0,9.05539,9.0,9.05539,9.05539,9.05539,8.06226,9.21954,8.24621,36.12478,34.0147,29.15476,34.1321,38.47077,33.13608,30.08322,41.48494,39.05125,39.35734,44.64303,50.0,51.5461,46.8188,47.92703,54.20332,54.626,53.7122,49.0408,56.85948,61.77378,52.92447,48.37355,56.36488,59.09315,56.35601,63.56099,56.85948,61.26989,68.7968,62.76942,68.60029,58.83026,61.29437,63.13478,61.29437,63.63175,61.77378,67.1193,65.8635,58.60034,61.7171,62.6099,61.7171,52.80152,63.32456,52.0,62.17717,53.85165,48.10405,53.7122,51.62364,47.92703,52.92447,43.65776,48.70318,42.2019,42.54409,43.68066,37.33631,39.81206,44.14748,49.64877,52.61179,52.03845,60.07495,51.0098,58.03447,54.45181,61.13101,61.98387,55.36244,56.51548,63.78871,55.15433,47.88528,54.626,51.26402,59.36329,54.626,48.02083,48.02083,52.7731,51.97115,49.39636,43.26662,46.40043,40.80441,41.34005,42.05948,39.40812,43.82921,37.20215,41.34005,43.56604,38.94868,42.43819,39.82462,43.38202,37.58989,38.01316,39.66106,32.57299,34.66987,39.44617,42.43819,38.83298,34.82815,38.48376,35.22783,28.6531,30.88689,37.0,31.04835
6.0,7.0,7.07107,8.0,8.0,8.0,8.06226,9.05539,9.05539,9.05539,10.04988,10.19804,10.04988,10.19804,10.04988,11.18034,10.19804,10.19804,10.19804,10.19804,11.18034,11.18034,10.19804,11.40175,12.36932,11.18034,10.77033,13.34166,12.64911,12.36932,11.40175,11.7047,11.7047,12.36932,12.36932,11.40175,12.36932,11.40175,11.40175,11.40175,10.19804,11.18034,10.44031,10.19804,10.19804,9.21954,9.21954,9.21954,9.21954,9.21954,9.05539,9.05539,31.257,34.9285,28.44293,32.06244,39.39543,31.04835,36.40055,39.35734,39.84972,37.69615,40.24922,42.94182,42.04759,48.60041,46.09772,51.0392,51.61395,48.8774,52.35456,56.22277,53.82379,59.20304,53.41348,55.80323,52.83938,56.0357,57.48913,63.70243,60.0,66.48308,52.69725,58.25805,62.96825,65.76473,63.65532,59.07622,58.72819,65.05382,61.40033,62.28965,63.41136,63.51378,63.82006,62.482,56.72742,56.0357,51.85557,53.41348,52.20153,48.25971,51.62364,44.29447,48.16638,48.8774,45.22168,52.20153,48.76474,43.46263,45.60702,47.53946,46.27094,45.54119,48.09366,46.04346,48.50773,59.21149,54.14795,60.63827,54.74486,58.54912,56.29387,54.70832,53.48832,58.18935,57.24509,50.0,52.7731,52.47857,57.24509,50.11986,50.69517,45.48626,54.23099,46.32494,44.94441,46.40043,46.87217,42.0119,40.31129,40.49691,37.16181,41.67733,41.34005,40.31129,40.31129,41.14608,43.41659,37.69615,40.24922,38.94868,39.81206,40.80441,39.05125,41.34005,33.52611,36.67424,40.71855,31.7805,28.86174,38.62642,32.89377,30.36445,39.05125,29.42788
6.32456,5.83095,5.83095,7.2111,7.2111,7.2111,7.81025,8.60233,8.60233,7.81025,9.43398,9.21954,9.21954,9.21954,8.60233,10.63015,9.89949,9.21954,9.89949,9.89949,10.0,10.63015,9.89949,10.63015,11.31371,11.31371,11.31371,12.04159,12.04159,11.40175,11.31371,11.31371,11.31371,11.31371,11.31371,11.31371,12.04159,10.63015,10.63015,10.63015,10.63015,10.63015,10.63015,9.21954,9.21954,8.48528,9.21954,8.60233,9.21954,8.60233,8.60233,8.06226,26.30589,26.01922,34.17601,32.01562,26.83282,36.23534,32.69557,37.57659,37.12142,46.52956,44.65423,45.79301,48.8774,43.56604,48.76474,49.39636,58.83026,54.6443,52.69725,51.31277,63.25346,49.64877,55.21775,57.00877,55.47071,58.5235,56.72742,60.44005,59.81639,68.68042,62.36986,68.593,59.5483,72.13876,60.82763,68.24954,65.76473,67.20863,65.94695,62.482,61.7171,64.40497,62.80127,67.80118,65.60488,61.7171,63.00794,54.67175,56.85948,51.61395,53.90733,51.0392,50.60632,45.22168,53.25411,49.39636,52.3259,39.56008,46.17359,39.05125,50.01,43.41659,50.35871,47.38143,49.0408,57.00877,50.15974,56.32051,53.00943,61.29437,56.08921,56.04463,53.85165,61.35145,51.62364,52.92447,49.76947,50.15974,55.9464,47.01064,50.56679,50.08992,48.75449,49.1935,47.50789,44.77723,46.52956,39.39543,41.88078,39.82462,37.57659,39.39543,41.78516,38.62642,40.26164,39.81206,40.8534,40.8534,39.92493,39.21734,35.35534,39.56008,35.44009,34.43835,33.83785,35.1141,32.28002,32.69557,35.44009,33.24154,29.41088,32.55764,31.7805,28.07134
7.07107,6.32456,7.61577,7.28011,7.61577,8.544,8.544,8.544,8.544,9.84886,9.48683,9.84886,9.84886,9.84886,9.84886,11.18034,11.18034,10.29563,10.29563,11.18034,11.18034,11.6619,11.18034,12.20656,12.52996,12.20656,12.20656,13.0384,13.60147,12.20656,12.20656,13.0384,12.20656,13.0384,12.20656,12.52996,12.52996,11.6619,11.6619,11.6619,11.18034,11.6619,11.6619,10.29563,10.29563,9.43398,10.29563,10.29563,10.29563,9.84886,9.84886,9.48683,20.24846,31.7805,25.80698,37.01351,27.58623,27.58623,41.23106,33.6006,36.40055,39.20459,42.94182,44.10215,50.60632,43.01163,49.81967,53.0,54.58938,54.20332,51.42956,54.58938,58.13777,51.86521,54.08327,55.00909,53.85165,54.78138,60.16644,62.64982,67.54258,60.40695,62.03225,62.03225,62.62587,67.06713,65.96969,62.64982,64.62198,67.6757,60.40695,62.24147,64.4748,64.00781,60.00833,61.84658,53.85165,59.5063,53.23533,55.9464,51.42956,51.88449,50.08992,49.24429,52.7731,48.82622,42.54409,45.22168,45.34314,47.50789,49.40648,43.86342,49.49747,48.08326,39.82462,51.86521,51.0392,53.82379,55.47071,55.9464,56.0803,64.84597,55.9464,57.24509,56.29387,64.13267,60.67125,54.40588,58.30952,56.4358,54.08327,52.23983,51.0392,51.15662,55.7315,54.08327,47.09565,49.09175,49.0408,43.04649,48.50773,40.1995,40.60788,40.0125,42.0119,34.0147,46.01087,36.34556,43.10452,40.0,39.01282,40.04997,41.04875,39.11521,42.29657,40.1995,40.04997,34.1321,42.10701,37.21559,37.64306,33.95585,36.67424,34.20526,37.33631,36.76955
6.40312,6.40312,6.40312,7.07107,7.07107,7.81025,7.81025,8.48528,9.21954,7.81025,9.21954,10.0,10.0,9.21954,10.0,10.0,10.0,9.21954,10.81665,10.0,10.81665,10.81665,10.0,11.6619,11.6619,11.6619,11.6619,11.6619,13.0384,11.6619,11.6619,11.6619,11.6619,11.6619,11.6619,12.20656,12.20656,11.40175,11.40175,11.40175,10.63015,11.40175,10.0,10.0,10.0,8.60233,9.21954,9.21954,9.21954,9.21954,9.21954,9.21954,23.4094,33.83785,29.06888,33.12099,29.41088,34.05877,35.35534,39.69887,39.62323,41.86884,41.7732,46.66905,48.79549,53.03772,50.20956,48.9183,57.38467,54.03702,50.91169,56.0803,57.00877,54.56189,53.82379,57.62812,56.22277,62.00806,64.03124,62.68174,64.2028,64.07027,63.24555,63.51378,68.8186,66.57327,64.66065,60.959,65.51336,69.33974,69.2026,67.80118,65.0,67.20119,64.2028,65.21503,57.00877,67.47592,59.46427,61.40033,54.20332,55.17246,53.15073,53.2635,54.03702,53.03772,48.16638,51.66237,50.60632,42.54409,44.10215,46.14109,47.41308,48.8467,47.16991,47.01064,51.92302,54.81788,54.91812,56.7186,57.07013,62.36986,57.42822,55.00909,58.0,58.00862,53.03772,50.08992,53.46027,53.46027,53.15073,51.97115,51.41984,49.64877,49.36598,52.95281,44.72136,42.95346,46.87217,42.57934,42.95346,43.93177,38.63936,42.57934,39.62323,43.18565,45.04442,39.05125,41.10961,37.33631,43.18565,40.11234,38.11824,36.05551,41.30375,38.32754,37.0,35.22783,37.01351,35.12834,36.05551,35.01428,32.01562,34.1321,28.07134,30.0
5.65685,6.40312,6.40312,7.2111,7.2111,7.2111,8.06226,8.06226,8.60233,8.60233,8.60233,9.43398,9.43398,9.43398,9.43398,11.6619,10.29563,10.29563,10.29563,10.29563,10.29563,11.18034,10.29563,12.08305,11.18034,12.08305,12.08305,12.52996,12.52996,13.0,11.18034,12.08305,12.08305,12.08305,12.08305,12.52996,12.52996,11.6619,11.6619,11.18034,10.81665,10.81665,11.18034,10.29563,10.29563,8.94427,9.43398,9.43398,9.43398,9.43398,8.60233,8.60233,23.76973,22.80351,27.20294,30.46309,33.28663,31.06445,33.01515,38.83298,38.41875,37.64306,40.45986,43.41659,47.42362,48.41487,48.01042,51.22499,53.2635,53.15073,50.32892,53.74012,58.72819,55.97321,53.8145,59.4138,54.56189,53.74012,58.0,67.20863,63.65532,63.89053,62.24147,64.3506,64.38167,68.68042,63.24555,61.55485,68.41053,69.81404,65.8559,64.44377,65.29931,68.62215,61.55485,64.3506,58.0,63.65532,58.79626,60.82763,53.75872,57.28001,53.8145,51.08816,51.62364,51.66237,52.00961,47.80167,53.33854,39.11521,41.18252,38.07887,44.38468,42.72002,44.64303,48.50773,46.32494,51.24451,52.46904,54.14795,52.15362,57.14018,54.03702,49.25444,51.15662,57.31492,51.78803,52.7731,51.41984,51.41984,54.81788,46.84015,46.84015,49.0408,46.87217,42.05948,47.12749,43.65776,44.59821,39.35734,39.84972,38.07887,38.07887,41.10961,36.40055,34.78505,38.60052,38.32754,37.10795,35.44009,39.62323,34.9285,38.63936,36.13862,32.28002,31.01612,32.75668,31.7805,33.95585,31.7805,30.36445,30.80584,30.80584,28.44293,31.06445,26.01922
6.40312,6.40312,7.07107,7.81025,7.81025,8.48528,8.48528,8.48528,9.89949,9.21954,9.89949,10.63015,10.63015,10.63015,10.63015,11.40175,10.63015,10.63015,11.40175,11.40175,11.31371,12.04159,12.04159,12.20656,12.80625,12.80625,13.0384,13.60147,13.60147,13.0384,12.80625,12.80625,13.60147,12.80625,12.80625,12.80625,13.45362,12.04159,12.04159,12.04159,12.04159,12.04159,12.04159,10.63015,10.63015,10.63015,9.89949,9.89949,9.89949,9.89949,10.0,9.21954,28.79236,26.40076,29.41088,29.41088,30.41381,31.1127,34.65545,41.72529,36.12478,42.44997,40.60788,40.22437,48.41487,50.0,47.80167,55.47071,56.22277,57.62812,56.0803,52.20153,60.46487,51.40039,59.5399,58.00862,57.98276,62.42596,58.66856,64.14047,66.03787,71.58911,63.81222,66.7308,67.20119,75.17978,63.95311,69.06519,70.23532,68.8767,70.17834,67.53518,64.49806,69.02898,65.80274,70.17834,66.28725,64.81512,66.61081,56.85948,60.80296,56.61272,58.82176,53.60037,56.40035,51.85557,51.85557,55.15433,55.17246,41.7732,41.01219,43.13931,45.45327,42.0119,48.82622,44.65423,51.10773,53.66563,51.42956,52.39275,55.02727,60.00833,56.921,56.75385,55.54278,61.66036,49.16299,53.60037,50.35871,47.16991,52.08647,44.04543,49.09175,49.09175,47.09565,47.16991,46.17359,39.01282,48.04165,36.05551,45.54119,42.04759,38.01316,39.01282,39.0,36.05551,40.0125,38.0,40.0,43.01163,37.01351,38.11824,35.01428,34.0,37.12142,37.05401,31.01612,33.0,31.0,35.01428,36.05551,32.06244,28.0,31.0,30.06659,26.30589
6.08276,6.08276,6.0,7.07107,8.06226,8.06226,8.0,8.0,9.0,9.0,10.0,10.0,10.0,10.0,10.0,11.0,11.0,10.0,10.04988,11.04536,11.0,11.04536,11.04536,12.04159,12.04159,12.04159,12.16553,13.0384,13.15295,13.15295,12.04159,13.0384,13.15295,12.04159,12.04159,12.04159,13.0384,12.04159,12.04159,12.04159,11.0,11.0,11.0,10.0,10.0,10.04988,10.0,10.0,10.0,10.0,9.05539,9.05539,25.23886,24.69818,29.06888,28.23119,29.15476,31.32092,34.71311,34.71311,37.65634,41.7732,41.19466,44.04543,46.87217,44.28318,48.83646,49.0408,55.22681,51.47815,52.15362,52.34501,57.14018,54.23099,61.03278,59.03389,52.03845,60.0,56.0803,64.07027,63.03174,67.06713,62.0,63.03174,62.03225,68.00735,64.03124,67.18631,67.00746,69.11584,66.0303,63.00794,65.0,69.46222,62.39391,65.27634,61.52235,63.28507,59.4138,62.20129,55.3263,55.44367,52.34501,52.34501,56.14268,46.69047,51.66237,52.63079,50.96077,38.20995,40.1995,37.33631,42.44997,43.65776,47.92703,44.01136,47.01064,51.47815,46.06517,52.15362,52.15362,59.07622,53.2635,50.20956,49.57822,56.56854,47.42362,48.41487,45.80393,49.0408,51.61395,44.94441,47.16991,47.01064,44.41846,45.69464,42.48529,38.07887,42.94182,35.77709,40.71855,39.44617,33.83785,37.12142,34.0147,36.05551,34.98571,34.48188,36.67424,37.73592,36.35932,35.8469,33.28663,34.88553,36.71512,35.8469,32.64966,28.84441,31.30495,33.61547,30.0,30.41381,28.17801,31.90611,33.01515,26.87006
5.38516,5.09902,6.08276,7.07107,7.07107,7.07107,7.07107,7.07107,8.06226,8.06226,9.05539,9.0,9.05539,9.05539,9.05539,10.0,10.0,10.0,10.04988,10.0,10.0,11.04536,10.0,11.04536,12.04159,12.04159,12.16553,13.15295,12.16553,12.16553,12.04159,12.16553,12.16553,12.04159,12.16553,12.04159,12.04159,11.0,11.04536,11.04536,11.04536,11.04536,11.04536,10.04988,10.04988,9.05539,9.05539,9.05539,9.0,9.0,9.05539,9.05539,26.92582,26.24881,30.23243,24.59675,28.84441,29.96665,31.38471,35.34119,37.10795,37.0,38.07887,43.9659,49.72927,45.60702,46.17359,50.01,55.02727,54.12024,52.63079,57.87055,58.42089,51.97115,52.61179,58.85576,55.7853,60.67125,58.69412,61.20457,61.18823,66.37017,65.27634,63.28507,62.39391,69.35416,62.07254,64.77654,65.03076,65.06919,68.46897,67.1193,65.19202,67.08204,63.78871,61.20457,62.96825,61.98387,61.52235,59.22837,54.12947,52.95281,51.78803,50.9902,55.3263,48.38388,50.44799,48.50773,49.64877,38.91015,38.94868,38.91015,46.14109,45.60702,45.45327,44.82187,51.62364,53.07542,50.93133,51.85557,50.0,57.00877,55.22681,52.7731,51.0,57.80138,53.31041,52.3259,51.62364,46.84015,51.07837,46.09772,51.5461,45.60702,47.53946,41.23106,43.73786,42.2019,45.88028,37.0,39.05125,41.76123,35.44009,41.23106,34.43835,35.1141,40.80441,34.78505,37.36308,37.48333,37.33631,38.07887,36.40055,34.20526,32.75668,34.48188,33.95585,33.52611,31.32092,32.28002,31.38471,30.08322,28.63564,32.57299,31.95309,24.59675
5.65685,5.83095,5.83095,7.2111,7.2111,7.2111,8.06226,8.06226,8.06226,8.94427,8.94427,9.84886,9.84886,9.84886,8.94427,10.77033,10.77033,9.84886,10.44031,10.44031,10.77033,10.44031,10.44031,11.40175,11.7047,12.64911,12.36932,12.36932,12.36932,12.16553,11.40175,12.36932,12.36932,12.36932,12.64911,12.64911,12.64911,11.7047,11.7047,10.44031,10.77033,11.7047,11.7047,10.44031,9.84886,9.48683,9.84886,9.48683,9.84886,8.94427,9.43398,9.43398,26.62705,24.20744,30.61046,26.90725,28.01785,34.82815,31.30495,35.8469,37.58989,39.44617,39.92493,39.81206,42.72002,44.77723,48.75449,49.64877,50.56679,49.64877,51.47815,50.69517,58.5235,54.78138,49.33559,57.56735,55.36244,55.08176,59.20304,61.39218,62.29767,65.96969,60.72891,65.52099,62.8172,66.09841,62.36986,62.62587,65.51336,62.96825,63.89053,63.78871,62.0967,63.24555,62.64184,63.24555,60.08328,63.56886,59.61543,58.87274,53.85165,52.81098,54.42426,51.62364,50.32892,53.14132,48.76474,49.65884,48.25971,37.57659,40.31129,40.0,45.22168,43.60046,45.27693,46.01087,47.38143,52.3259,53.41348,54.67175,54.67175,54.91812,52.47857,51.88449,53.22593,58.13777,49.39636,49.39636,51.26402,45.35416,52.20153,47.80167,51.24451,43.93177,51.24451,41.59327,44.72136,42.2019,42.44997,36.40055,41.59327,36.49658,35.51056,38.07887,35.90265,34.20526,38.32754,36.87818,35.51056,35.69314,37.36308,37.65634,36.87818,32.38827,37.85499,34.36568,33.95585,29.12044,31.57531,29.83287,33.24154,34.20526,31.04835,32.75668,31.62278,30.8707
6.08276,6.32456,6.32456,7.28011,7.61577,7.61577,7.61577,8.544,8.94427,8.94427,9.84886,9.84886,9.84886,9.84886,9.84886,11.6619,10.81665,10.29563,10.81665,10.81665,10.81665,10.81665,11.6619,11.40175,12.20656,12.20656,12.80625,12.80625,12.80625,13.45362,12.20656,12.80625,12.80625,12.20656,12.80625,12.80625,13.0384,12.20656,11.6619,10.81665,11.6619,10.81665,12.20656,10.81665,10.81665,10.0,10.29563,10.29563,10.29563,10.29563,9.84886,9.48683,29.01724,26.07681,30.36445,30.46309,29.52965,35.34119,34.9285,37.21559,36.89173,41.88078,43.01163,40.80441,41.86884,48.25971,47.88528,54.56189,54.03702,53.41348,50.0,52.49762,63.65532,53.60037,55.86591,54.56189,58.25805,62.93648,58.69412,62.24147,62.93648,68.62215,65.05382,68.593,62.2254,70.00714,60.30755,68.593,64.3506,66.6033,66.52819,67.88225,67.20863,65.11528,64.38167,65.06919,64.44377,63.89053,62.80127,59.46427,58.13777,52.49762,55.44367,53.75872,52.40229,50.44799,52.43091,51.86521,50.60632,43.18565,42.80187,40.0,49.40648,41.59327,46.61545,46.51881,49.0408,55.02727,50.28916,54.34151,58.46366,57.70615,52.23983,57.0,54.03702,58.03447,49.09175,51.62364,51.24451,50.35871,54.74486,48.6621,50.44799,51.62364,45.39824,44.91102,44.92215,40.26164,49.0408,37.10795,43.68066,39.29377,32.55764,43.93177,39.31921,36.87818,40.02499,37.48333,35.51056,42.44997,37.48333,41.10961,32.98485,35.90265,38.63936,32.98485,30.41381,31.7805,39.05125,31.7805,30.59412,34.78505,29.42788,30.41381,34.0147,31.14482
5.38516,5.83095,5.83095,6.40312,6.40312,7.2111,7.07107,7.81025,7.81025,7.81025,8.60233,9.21954,9.21954,9.21954,9.21954,9.89949,9.89949,9.21954,9.89949,9.89949,9.89949,11.31371,9.89949,11.40175,12.04159,11.40175,12.04159,12.04159,12.72792,11.40175,11.31371,12.72792,12.04159,11.31371,11.31371,11.31371,12.04159,12.04159,10.63015,11.40175,10.63015,10.63015,10.63015,9.21954,10.0,9.21954,9.21954,8.60233,8.60233,9.43398,8.60233,8.06226,35.0,30.41381,25.80698,24.16609,34.98571,23.25941,38.8973,35.17101,37.36308,34.88553,38.91015,41.59327,48.70318,50.21952,45.88028,44.72136,52.39275,52.95281,55.36244,55.7853,60.20797,50.48762,54.03702,60.01666,56.88585,58.24946,62.96825,59.4138,61.40033,67.06713,63.12686,64.49806,64.28063,69.26038,64.93843,64.62971,67.18631,65.49046,66.94027,67.46851,63.95311,60.87693,61.52235,69.2315,62.58594,66.4906,52.17279,58.69412,47.12749,46.69047,51.1957,47.85394,51.86521,50.92151,52.0,51.07837,53.7122,42.29657,37.33631,44.40721,41.7732,45.89118,40.79216,51.26402,45.54119,52.55473,53.33854,52.80152,49.92995,61.91123,59.20304,55.17246,52.34501,50.24938,53.8145,47.38143,50.47772,52.00961,53.82379,53.25411,49.64877,50.21952,46.06517,44.41846,44.72136,44.29447,47.16991,39.81206,41.62932,34.43835,38.07887,42.44997,35.77709,32.69557,38.48376,34.66987,42.54409,42.95346,36.05551,40.16217,34.53983,36.24914,32.89377,34.78505,31.95309,37.0,38.07887,34.9285,34.53983,36.13862,30.8707,34.48188,32.28002,24.75884
5.38516,5.09902,6.08276,6.08276,7.0,7.07107,7.07107,8.0,8.0,8.0,9.0,9.0,9.0,9.0,9.0,10.04988,10.04988,10.04988,10.04988,10.04988,10.04988,10.19804,10.04988,11.18034,12.16553,12.16553,11.18034,12.16553,12.16553,12.16553,11.18034,12.16553,12.16553,11.18034,12.16553,12.04159,12.04159,11.04536,11.04536,11.04536,11.04536,11.04536,11.04536,10.04988,10.0,9.05539,10.0,9.0,9.0,9.0,9.05539,9.05539,22.2036,26.01922,28.17801,21.37756,36.23534,25.4951,33.01515,34.0,37.80212,42.54409,38.41875,46.61545,44.59821,39.82462,47.01064,51.66237,53.07542,47.50789,43.41659,56.0803,61.52235,53.90733,53.8145,56.56854,53.75872,56.72742,62.96825,62.96825,62.20129,64.53681,61.55485,59.4138,60.959,65.29931,64.81512,66.48308,67.26812,62.36986,65.06919,58.69412,65.8559,63.12686,62.93648,62.24147,57.31492,62.28965,57.80138,53.75872,52.80152,48.60041,55.22681,46.8615,46.75468,49.40648,50.21952,50.80354,47.41308,38.41875,40.45986,41.7732,46.75468,41.86884,48.25971,49.40648,49.20366,52.83938,45.61798,55.9017,49.24429,55.71355,51.24451,43.68066,60.41523,58.69412,57.03508,47.67599,48.16638,48.04165,51.08816,53.03772,44.10215,47.09565,50.01,38.11824,45.17743,43.56604,46.38965,35.51056,39.21734,41.4367,34.52535,33.54102,34.05877,39.31921,40.4475,31.06445,42.75512,29.41088,36.67424,36.49658,35.17101,36.40055,35.35534,34.9285,30.0,37.33631,28.16026,30.41381,32.01562,24.18677,33.52611,32.75668,31.06445,18.38478
5.09902,5.0,5.09902,6.08276,6.08276,6.08276,7.07107,7.07107,7.07107,7.28011,8.06226,8.24621,8.24621,8.24621,8.24621,9.21954,9.48683,9.21954,9.48683,9.48683,9.48683,9.84886,9.48683,10.77033,10.77033,10.77033,11.18034,12.08305,12.08305,11.18034,10.77033,12.08305,11.18034,11.18034,11.18034,10.77033,11.7047,10.77033,10.77033,10.77033,9.48683,10.44031,10.77033,9.48683,9.48683,8.544,8.544,8.544,8.544,8.24621,9.21954,8.06226,28.01785,23.70654,27.20294,27.89265,30.67572,26.92582,33.13608,35.01428,37.0,36.0,39.05125,38.01316,47.04253,43.01163,45.04442,47.51842,51.0392,49.09175,50.01,53.03772,56.4358,53.03772,52.34501,56.14268,54.14795,59.03389,53.46027,60.41523,59.03389,61.66036,60.20797,64.49806,65.11528,65.73431,64.28841,66.75328,64.93843,67.08204,63.63961,67.60178,65.49046,62.514,65.62012,63.3877,63.1981,60.67125,57.21888,60.53098,53.15073,50.01,51.24451,54.03702,52.34501,53.00943,51.08816,51.0,51.08816,43.17407,42.19005,44.0,48.01042,46.09772,49.81967,46.27094,50.44799,54.12024,54.12024,53.14132,52.92447,60.08328,56.64804,52.7731,53.33854,55.07268,54.6443,47.43416,45.60702,49.0408,51.62364,45.96738,44.04543,43.86342,46.66905,44.59821,43.18565,41.03657,41.86884,37.53665,41.72529,38.8973,34.4093,35.60899,38.28838,34.05877,33.97058,32.64966,38.28838,36.23534,36.06938,33.24154,31.241,32.01562,33.94113,32.44996,31.90611,31.89044,29.83287,26.87006,31.241,27.58623,26.24881,31.82766,29.20616,28.42534
6.32456,6.32456,6.7082,6.7082,6.7082,7.61577,8.06226,8.06226,8.06226,8.06226,9.43398,9.43398,10.29563,9.43398,9.43398,10.81665,10.0,10.0,10.0,10.0,10.0,11.40175,11.40175,12.04159,12.04159,12.80625,12.04159,13.45362,13.45362,12.72792,12.04159,13.45362,12.04159,12.04159,12.04159,12.80625,13.60147,11.40175,11.40175,11.40175,11.40175,11.40175,11.40175,10.81665,10.0,10.0,10.0,10.0,10.0,9.43398,10.29563,9.84886,28.4605,27.16616,29.06888,29.01724,25.31798,28.63564,33.24154,32.57299,34.78505,39.56008,39.39543,44.59821,45.31004,47.75982,47.53946,48.37355,54.23099,52.3259,52.92447,53.31041,56.35601,52.92447,52.35456,54.12947,56.36488,59.5063,55.47071,64.66065,62.43397,70.45566,64.49806,67.23095,66.88797,70.17834,65.0,68.47627,69.46222,67.74216,68.42514,68.0,67.60178,68.15424,68.8767,68.44706,63.50591,63.97656,62.24147,58.13777,59.09315,55.71355,56.35601,56.0803,53.31041,52.81098,52.49762,53.75872,54.40588,45.0,44.28318,41.67733,48.33218,45.18849,47.53946,47.12749,50.59644,55.54278,52.46904,52.46904,57.42822,58.54912,58.03447,55.08176,54.33231,57.31492,55.31727,50.44799,50.21952,49.47727,49.33559,45.60702,47.12749,47.12749,48.05206,43.08132,40.49691,38.07887,43.46263,38.48376,40.24922,38.48376,37.69615,35.34119,36.24914,39.0,37.16181,33.24154,39.39543,33.10589,34.53983,34.1321,32.89377,31.38471,35.8469,33.12099,32.44996,31.38471,31.30495,28.6531,33.24154,29.52965,26.40076,34.48188,28.23119,27.20294
5.83095,6.32456,6.32456,7.61577,6.32456,7.61577,8.544,7.28011,8.544,8.24621,9.48683,9.48683,9.48683,9.48683,9.48683,11.18034,10.19804,10.19804,10.19804,11.18034,11.18034,11.18034,11.18034,12.16553,13.15295,12.16553,13.0384,13.15295,14.14214,13.0384,13.15295,13.15295,13.15295,13.0384,13.15295,13.15295,13.34166,12.16553,12.16553,12.16553,11.40175,12.16553,12.16553,11.18034,11.18034,10.04988,10.19804,10.19804,10.19804,10.19804,10.44031,9.48683,25.55386,24.41311,24.75884,22.02272,28.42534,30.80584,28.30194,31.14482,34.98571,37.73592,37.44329,42.94182,47.41308,47.01064,44.77723,46.61545,52.3259,55.9464,52.7731,52.3259,59.09315,59.5063,51.26402,58.87274,58.18075,63.69458,61.09828,61.03278,63.56099,70.5195,68.00735,70.83784,65.14599,71.47027,65.30697,67.77905,68.30813,74.63243,69.35416,72.8011,66.21933,65.30697,64.2573,70.2282,68.70953,64.84597,63.07139,65.0,56.0803,55.54278,54.626,55.54278,58.30952,53.7122,51.0,57.80138,50.77401,43.32436,45.31004,41.23106,48.33218,43.56604,46.87217,47.43416,48.27007,54.56189,50.91169,52.34501,53.74012,57.98276,57.62812,51.61395,51.62364,55.47071,47.41308,47.50789,45.61798,48.33218,52.55473,44.94441,44.92215,44.38468,42.54409,43.17407,45.60702,38.32754,43.01163,32.01562,38.83298,34.9285,34.9285,34.52535,38.60052,33.95585,33.73426,35.44009,34.9285,34.52535,36.87818,33.54102,30.80584,27.45906,27.45906,31.01612,29.06888,28.44293,31.01612,26.01922,29.15476,32.01562,25.0,32.55764,27.65863,28.44293
4.24264,4.47214,5.83095,5.83095,5.83095,5.83095,6.7082,6.7082,7.2111,7.61577,8.06226,8.94427,8.94427,8.94427,8.94427,9.84886,9.48683,8.94427,9.48683,9.84886,9.84886,10.77033,10.77033,11.40175,11.7047,11.40175,11.40175,12.64911,12.36932,12.36932,11.7047,12.64911,12.36932,11.7047,11.40175,12.64911,12.64911,10.77033,11.7047,10.77033,10.77033,10.77033,10.77033,9.48683,9.84886,9.48683,9.84886,9.84886,9.84886,8.94427,8.94427,8.94427,17.88854,25.29822,24.04163,28.6007,29.0,24.04163,31.62278,35.38361,31.06445,34.05877,38.01316,40.49691,45.65085,46.04346,48.25971,49.09175,52.15362,51.0,48.25971,53.7122,56.36488,55.9017,56.46238,55.54278,57.3062,60.83584,63.15853,61.46544,65.39113,67.62396,63.15853,66.48308,67.77905,72.44998,68.68042,68.44706,68.62215,70.93659,70.66116,67.06713,69.857,68.47627,65.29931,69.77822,63.97656,68.942,61.77378,66.21178,57.69749,54.626,60.90156,55.9464,56.79789,53.23533,49.64877,53.33854,50.24938,38.01316,38.07887,43.04649,51.86521,46.32494,49.81967,46.69047,48.83646,53.03772,54.67175,51.61395,53.00943,56.40035,57.14018,49.64877,49.76947,51.88449,50.15974,49.39636,47.53946,46.8188,50.32892,46.87217,47.07441,45.12206,41.23106,42.2019,38.47077,40.79216,37.85499,32.55764,38.11824,33.37664,32.55764,34.0147,37.33631,37.85499,32.55764,33.37664,36.05551,37.12142,32.01562,30.0,33.06055,32.06244,28.16026,32.01562,26.07681,29.06888,28.01785,29.15476,30.41381,29.15476,25.0,28.63564,27.16616,23.19483
3.60555,5.0,5.0,5.65685,6.40312,6.40312,7.07107,7.07107,7.07107,7.81025,8.48528,8.60233,9.21954,8.60233,9.21954,10.0,10.0,8.60233,10.81665,10.81665,10.81665,10.81665,9.43398,11.18034,11.6619,12.52996,12.08305,11.6619,13.89244,12.08305,11.6619,12.52996,12.52996,12.52996,11.6619,11.6619,12.52996,11.6619,11.6619,11.6619,10.81665,11.6619,10.81665,10.29563,10.29563,9.43398,9.43398,9.43398,9.43398,10.0,9.21954,9.21954,22.56103,21.58703,26.30589,23.0,29.42788,29.27456,29.27456,32.01562,33.83785,34.78505,38.60052,39.0,47.43416,44.38468,46.57252,49.39636,54.70832,52.0,52.81098,54.23099,60.37384,52.7731,55.47071,58.60034,57.93962,63.50591,62.26556,66.37017,66.18912,70.49113,66.37017,72.47068,65.36819,71.84706,64.3506,71.11259,69.35416,72.20111,72.91776,73.24616,68.60029,68.02941,67.1193,69.77822,69.77822,67.53518,67.54258,63.52952,58.60034,59.48109,61.7171,53.23533,54.12024,52.39275,56.0803,54.78138,56.04463,39.81206,45.88028,38.62642,45.88028,40.26164,48.50773,45.89118,50.9902,52.46904,49.09175,53.0,53.08484,55.08176,56.7186,52.34501,51.24451,50.96077,46.84015,46.32494,44.92215,41.4367,48.33218,39.0,42.95346,41.59327,43.65776,38.47077,35.77709,35.51056,38.01316,33.28663,36.71512,32.24903,30.01666,31.62278,33.10589,30.41381,33.42155,32.75668,32.80244,35.60899,30.88689,30.4795,31.62278,30.61046,28.42534,29.83287,26.62705,27.45906,24.41311,28.01785,23.60085,27.20294,27.65863,26.41969,24.18677,24.59675
5.0,5.09902,6.08276,7.07107,7.28011,7.07107,8.24621,8.24621,8.24621,8.24621,9.21954,9.21954,10.19804,10.44031,9.21954,10.44031,10.77033,10.44031,10.77033,10.77033,10.77033,11.7047,10.44031,12.08305,12.08305,12.08305,12.08305,13.0,13.41641,13.41641,13.0,13.0,13.0,13.0,13.0,13.0,12.64911,11.7047,13.0,12.64911,11.7047,12.64911,11.7047,11.7047,10.77033,10.44031,11.40175,10.44031,10.44031,10.44031,10.19804,10.04988,23.25941,18.02776,26.30589,30.26549,28.16026,29.01724,31.01612,43.28972,35.69314,38.83298,39.62323,42.42641,49.0306,44.72136,48.05206,51.26402,54.81788,57.28001,57.48913,56.29387,62.93648,61.18823,56.61272,58.24088,57.72348,67.91171,62.93648,65.19202,66.40783,71.69379,69.64194,76.2168,67.41662,74.09453,63.50591,74.94665,72.23573,75.02666,74.04053,74.04053,69.07966,74.04053,72.73239,71.47027,75.28612,64.84597,69.63476,67.44627,64.7611,55.7853,62.0967,61.61169,59.66574,56.04463,58.46366,59.22837,55.08176,41.62932,43.08132,43.01163,46.57252,41.7732,49.36598,48.25971,49.16299,53.00943,46.01087,52.0,54.03702,56.0357,53.23533,50.96077,50.32892,53.45091,49.64877,45.88028,47.88528,43.82921,45.18849,40.70626,45.65085,42.94182,44.28318,38.01316,39.66106,38.01316,40.22437,32.75668,35.51056,32.80244,32.44996,33.30165,34.4093,27.29469,33.28663,32.20248,34.20526,35.0,31.89044,30.4795,29.0,27.01851,33.97058,31.14482,29.73214,24.20744,25.6125,29.73214,28.3196,29.06888,21.9545,24.83948,24.41311,25.0
4.47214,5.83095,5.0,6.40312,6.40312,7.2111,7.07107,7.81025,7.81025,8.48528,9.21954,9.89949,9.21954,9.21954,9.89949,11.31371,10.63015,10.63015,10.63015,10.63015,10.63015,12.04159,11.31371,11.40175,12.80625,12.80625,13.0384,12.20656,13.60147,13.0384,12.80625,13.60147,12.20656,12.80625,13.60147,12.80625,13.60147,12.80625,12.20656,12.80625,12.04159,12.80625,12.20656,11.40175,11.40175,10.81665,11.40175,10.63015,10.63015,10.63015,9.89949,10.63015,18.43909,19.0263,23.5372,23.4094,24.16609,31.7805,28.6531,33.54102,35.0,39.05125,39.11521,42.80187,47.50789,43.82921,44.10215,46.75468,55.21775,55.80323,55.60576,53.60037,64.2028,52.00961,62.2254,60.30755,58.89822,63.12686,56.63921,66.48308,65.05382,73.59348,69.31089,76.41989,63.65532,75.69016,66.6033,74.27651,74.24958,73.75636,74.33034,70.03571,64.38167,72.24957,76.38063,77.23341,73.5527,67.35726,74.33034,62.24147,64.38167,60.1415,67.20863,60.10824,60.81118,56.58622,58.25805,58.25805,59.64059,39.66106,45.65085,40.24922,47.01064,42.15448,49.39636,41.4367,48.38388,52.17279,43.41659,50.48762,49.0408,55.10898,49.09175,54.14795,45.54119,53.46027,44.10215,46.27094,45.54119,45.70558,47.29693,39.29377,39.81206,38.8973,39.29377,41.78516,37.94733,33.83785,38.8973,26.24881,31.62278,31.76476,27.85678,27.29469,35.77709,30.8707,31.01612,31.62278,30.8707,33.61547,30.67572,32.24903,34.48188,28.6531,29.54657,23.70654,26.62705,26.41969,22.82542,28.17801,24.18677,25.55386,21.54066,27.85678,30.08322,24.35159
5.0,5.38516,5.38516,6.7082,6.7082,6.7082,7.61577,7.61577,8.544,8.544,9.48683,10.44031,9.48683,9.48683,9.48683,11.40175,10.44031,10.44031,11.40175,11.40175,11.7047,12.36932,12.36932,13.15295,13.34166,13.34166,13.34166,14.31782,14.31782,14.14214,13.34166,13.60147,13.60147,13.60147,13.60147,13.60147,13.60147,12.64911,12.64911,12.64911,12.64911,12.64911,12.64911,11.7047,11.7047,10.77033,10.77033,10.77033,10.77033,10.77033,9.84886,10.29563,17.02939,32.20248,20.39608,24.02082,31.40064,30.14963,28.07134,38.32754,33.54102,40.5216,37.94733,38.48376,44.27189,39.62323,43.17407,50.15974,46.8188,54.78138,50.0,54.56189,65.29931,51.86521,56.46238,57.38467,52.35456,63.32456,60.37384,56.0803,61.84658,66.7308,68.26419,73.92564,65.19202,74.73286,68.42514,67.35726,65.74192,73.24616,69.857,61.7414,72.11103,69.07966,68.00735,69.92138,59.9333,56.64804,66.09841,62.03225,61.98387,53.85165,56.04463,52.20153,49.76947,48.27007,54.12947,48.05206,49.0306,43.56604,43.41659,41.10961,47.50789,37.53665,42.0119,46.8615,46.14109,52.43091,45.17743,53.85165,52.0,53.45091,54.12024,55.08176,50.24938,55.03635,50.08992,47.04253,46.17359,50.01,43.17407,44.38468,44.94441,47.29693,48.27007,44.94441,43.08132,35.51056,44.77723,38.47077,40.31129,38.94868,31.62278,30.41381,37.16181,34.0147,41.14608,35.4683,34.88553,36.79674,41.67733,40.70626,36.05551,43.04649,34.65545,39.62323,35.35534,35.60899,28.3196,31.82766,34.71311,29.73214,26.1725,33.94113,32.64966,23.02173
5.38516,6.08276,6.08276,7.07107,7.07107,7.07107,8.0,8.06226,8.06226,9.05539,9.05539,10.0,10.04988,10.04988,10.04988,11.0,11.0,10.0,11.04536,11.0,11.0,12.04159,11.0,12.16553,13.0384,13.0384,13.15295,13.0384,13.15295,13.15295,13.0384,13.0384,13.0384,13.0384,13.15295,13.0384,13.0,12.0,12.0,12.0,12.0,12.0,12.0,11.0,11.0,11.0,11.0,10.0,10.04988,10.04988,10.04988,10.19804,20.59126,21.40093,27.29469,24.59675,26.40076,28.79236,35.17101,35.17101,33.95585,40.60788,39.05125,43.10452,46.52956,47.16991,48.50773,51.08816,55.03635,53.03772,57.14018,54.08327,65.0,55.03635,63.00794,60.00833,59.03389,63.00794,64.03124,71.44928,68.35934,68.593,65.49046,71.70077,64.07027,75.66373,66.4906,74.16873,71.17584,69.35416,75.02666,68.26419,67.74216,72.24957,71.02816,68.02941,63.00794,68.06614,69.0,63.12686,64.0,60.00833,58.07753,56.0,58.00862,54.03702,56.0,57.00877,57.07013,38.20995,42.10701,39.11521,43.10452,44.10215,47.07441,44.14748,47.29693,50.59644,51.5461,52.0,49.65884,51.89412,56.0803,50.47772,49.81967,56.30275,48.16638,48.9183,50.24938,45.34314,47.80167,43.27817,48.41487,46.40043,43.93177,37.44329,39.66106,39.66106,39.44617,30.01666,40.49691,35.77709,34.88553,37.16181,37.58989,30.8707,34.66987,31.76476,35.8469,34.43835,30.46309,33.12099,33.10589,33.10589,29.73214,34.9285,31.01612,32.69557,30.46309,34.0147,29.15476,29.15476,26.92582,26.41969,29.96665,29.06888
4.47214,5.0,5.65685,6.40312,6.40312,6.40312,7.81025,7.81025,7.07107,8.48528,8.48528,8.48528,9.21954,8.48528,9.21954,10.63015,10.0,9.21954,10.0,10.63015,10.63015,11.40175,10.63015,12.20656,12.80625,11.40175,12.20656,12.80625,13.60147,12.52996,12.20656,12.80625,12.20656,12.04159,12.20656,11.40175,12.80625,12.04159,12.04159,12.04159,10.63015,10.63015,12.04159,10.63015,9.89949,9.21954,9.89949,9.89949,9.89949,9.89949,9.21954,8.60233,23.60085,22.67157,21.63331,29.12044,31.7805,31.62278,32.55764,35.35534,33.0,35.22783,41.10961,42.04759,48.0,45.04442,50.01,55.0,53.03772,56.14268,53.00943,54.0,61.13101,57.07889,59.68249,55.44367,59.3043,65.03076,60.13319,60.01666,63.56099,67.74216,64.93843,69.11584,67.89698,68.593,72.03471,66.06815,73.5459,72.33948,68.46897,65.19202,68.46897,69.11584,65.49046,72.00694,68.18358,58.54912,64.07027,61.52235,56.00893,52.03845,61.0082,53.08484,57.42822,54.03702,52.03845,49.09175,50.48762,37.94733,40.79216,38.63936,46.87217,42.42641,38.11824,41.01219,50.03998,51.24451,48.0,49.64877,46.17359,56.08921,53.60037,43.01163,50.77401,52.35456,43.26662,46.52956,44.77723,47.70744,44.55334,41.7732,47.38143,46.69047,43.93177,41.04875,40.36087,42.43819,46.09772,32.64966,42.2019,38.01316,32.80244,36.23534,39.82462,31.40064,37.80212,35.4683,40.22437,33.83785,37.21559,32.64966,32.69557,33.61547,25.05993,29.54657,35.34119,26.1725,32.80244,31.06445,30.52868,31.7805,30.88689,33.01515,27.65863,23.70654
5.0,5.65685,5.65685,7.07107,7.07107,7.07107,7.81025,7.81025,7.81025,7.81025,9.21954,9.21954,9.21954,9.21954,9.21954,10.0,10.29563,10.0,10.29563,10.29563,10.81665,11.18034,10.81665,11.6619,11.6619,12.52996,13.0,12.52996,13.41641,12.08305,12.52996,12.52996,12.08305,12.08305,12.52996,12.52996,13.0384,12.20656,11.6619,11.6619,11.6619,11.6619,11.6619,10.29563,10.29563,10.29563,10.81665,10.29563,9.43398,10.0,9.21954,9.21954,25.4951,26.24881,27.29469,29.15476,31.40064,32.01562,31.40064,39.40812,40.36087,40.36087,41.86884,42.52058,46.2277,44.55334,50.91169,49.20366,56.0803,52.63079,50.44799,56.0803,60.44005,57.38467,61.07373,59.66574,57.62812,61.84658,60.80296,65.51336,66.03787,71.34424,68.50547,66.28725,66.61081,72.40166,65.0,70.0,70.17834,72.42237,72.00694,69.06519,66.0303,70.0,67.00746,68.50547,66.06815,67.00746,65.11528,62.80127,61.84658,57.00877,60.44005,58.13777,59.03389,55.22681,55.86591,54.48853,55.22681,42.44997,40.31129,42.0119,46.61545,43.82921,45.27693,50.24938,46.95743,50.15974,47.53946,53.85165,55.97321,57.24509,57.00877,53.15073,51.35173,61.40033,49.16299,46.01087,52.0,49.0408,51.24451,44.28318,47.0,48.01042,45.01111,43.10452,40.26164,40.02499,42.04759,36.34556,38.60052,36.13862,36.49658,39.29377,36.49658,33.24154,35.90265,33.13608,37.33631,35.69314,35.12834,32.98485,31.257,30.80584,25.0,28.28427,32.75668,27.16616,28.28427,30.41381,29.01724,30.59412,23.34524,28.07134,21.09502,26.0
4.47214,4.47214,5.38516,6.32456,6.7082,6.7082,7.61577,6.7082,7.61577,7.61577,8.544,8.24621,8.544,8.544,8.544,9.48683,9.21954,9.48683,9.21954,9.48683,9.48683,10.19804,10.44031,11.18034,11.18034,11.18034,11.18034,12.16553,12.16553,12.16553,11.18034,12.36932,12.16553,11.40175,11.40175,11.40175,12.36932,11.40175,11.18034,10.44031,11.40175,10.44031,11.40175,10.19804,9.48683,9.48683,9.48683,9.48683,9.48683,9.48683,8.94427,8.94427,22.62742,23.02173,26.41969,25.0,27.29469,28.79236,32.31099,36.24914,32.89377,39.21734,40.16217,40.49691,44.94441,46.57252,47.43416,49.47727,54.12024,48.38388,48.10405,55.31727,60.87693,55.65968,55.9017,56.75385,56.04463,59.90826,58.94065,68.593,61.39218,65.37584,63.78871,66.91039,66.28725,75.13322,64.62971,67.26812,70.21396,66.75328,72.12489,68.15424,66.75328,70.0928,66.70832,67.46851,64.93843,68.41053,65.52099,62.36986,58.82176,56.61272,57.00877,57.72348,56.61272,52.63079,56.64804,55.02727,53.31041,42.05948,45.88028,42.54409,50.69517,48.02083,51.86521,51.0392,54.67175,57.2014,53.8145,55.22681,53.8145,58.69412,56.40035,52.43091,55.21775,58.41233,55.22681,55.00909,52.7731,50.11986,53.22593,49.73932,53.7122,45.61798,46.06517,40.49691,42.72002,40.80441,46.17359,39.0,39.56008,40.16217,33.83785,35.90265,35.77709,36.40055,35.1141,32.69557,36.68787,32.28002,37.33631,32.57299,27.51363,32.01562,29.61419,30.59412,29.83287,26.92582,25.94224,27.20294,25.94224,25.4951,26.92582,24.16609,18.78829,21.18962
5.0,5.0,5.83095,6.40312,7.2111,6.40312,8.06226,8.60233,8.60233,8.60233,9.43398,9.43398,10.0,10.0,10.0,11.6619,10.29563,10.81665,10.29563,10.29563,11.6619,11.6619,10.81665,12.52996,12.52996,12.52996,13.41641,13.89244,14.31782,13.41641,12.52996,13.89244,13.41641,13.41641,13.41641,13.41641,13.89244,13.0384,12.52996,12.52996,12.52996,12.52996,12.52996,11.18034,11.6619,11.18034,11.6619,11.6619,11.6619,10.81665,10.81665,10.0,15.23155,17.0,20.0,26.24881,26.07681,25.23886,24.83948,33.6006,36.61967,35.80503,35.60899,39.40812,44.68781,44.65423,47.80167,46.14109,51.86521,50.47772,44.40721,50.47772,57.42822,53.82379,50.53712,55.9464,56.30275,60.20797,60.90156,63.50591,62.6099,68.8767,63.95311,65.36819,68.8767,66.24198,66.85058,64.49806,69.35416,66.64083,67.1193,66.18912,69.31811,69.11584,65.51336,65.8635,62.26556,68.47627,61.58734,65.0,52.47857,55.47071,60.53924,58.66856,56.60389,59.07622,57.42822,56.85948,53.2635,50.93133,45.27693,49.51767,50.32892,52.80152,50.60632,54.56189,53.7122,58.59181,58.60034,57.38467,58.18075,65.39113,61.03278,54.91812,57.07013,55.10898,54.14795,49.49747,50.63596,49.36598,53.33854,48.25971,46.01087,46.04346,43.73786,42.0119,36.01389,44.01136,37.0,35.0,34.0,35.35534,32.0,36.12478,27.07397,31.06445,31.0,29.01724,28.0,29.01724,32.14032,24.0,25.31798,24.08319,17.11724,22.09072,22.2036,18.02776,21.09502,20.09975,22.56103,22.0,13.0,19.41649,17.26268,19.23538
4.0,4.0,5.09902,6.0,6.0,6.0,7.0,7.0,7.0,8.06226,9.0,9.0,9.0,9.0,9.0,10.04988,10.04988,10.0,10.04988,11.04536,11.04536,12.04159,11.04536,12.04159,13.0384,13.0384,13.15295,14.14214,14.14214,13.15295,13.0384,13.15295,13.15295,13.15295,13.15295,13.0384,14.03567,13.0384,12.04159,13.0384,12.04159,12.04159,12.04159,11.04536,11.04536,11.18034,11.18034,11.04536,11.04536,11.04536,11.0,10.0,14.21267,14.86607,17.88854,14.14214,20.88061,20.02498,26.68333,27.85678,27.16616,27.45906,33.24154,38.11824,40.60788,39.05125,37.48333,40.0125,47.51842,50.48762,47.85394,50.48762,57.55867,53.33854,52.03845,56.14268,54.14795,62.1289,57.21888,64.00781,60.07495,65.00769,62.03225,70.02857,64.07027,73.00685,64.07027,67.06713,70.06426,73.06162,71.06335,67.02984,66.00758,68.26419,68.18358,70.11419,71.25307,65.00769,64.19502,63.00794,63.00794,57.0,62.0,56.00893,59.00847,59.13544,57.21888,57.42822,55.9017,46.69047,47.75982,47.43416,49.98,48.46648,54.56189,51.89412,55.47071,59.90826,52.47857,57.48913,56.40035,61.22091,56.63921,55.22681,52.40229,58.0517,51.66237,51.08816,43.60046,47.50789,50.21952,42.80187,43.26662,40.22437,42.43819,37.21559,40.31129,32.64966,38.47077,29.52965,32.64966,29.52965,28.30194,26.24881,28.17801,25.94224,25.94224,23.76973,23.76973,23.08679,23.4094,23.5372,21.84033,20.61553,17.72005,20.22375,15.29706,18.78829,17.02939,15.0333,18.24829,18.02776,14.31782,14.0,14.14214,11.7047
2.23607,3.16228,4.12311,5.09902,4.47214,5.38516,6.32456,6.32456,6.32456,6.32456,7.61577,7.61577,8.544,8.544,8.544,9.48683,9.48683,9.48683,10.19804,10.19804,10.44031,11.18034,10.44031,11.40175,12.36932,12.36932,12.16553,13.15295,13.15295,13.0384,13.34166,13.15295,13.15295,13.15295,13.15295,12.16553,13.34166,12.36932,12.36932,12.36932,11.40175,12.16553,11.18034,11.18034,11.18034,10.04988,10.19804,10.19804,10.19804,10.19804,10.44031,9.48683,15.52417,11.18034,13.0384,14.86607,18.78829,18.02776,23.76973,25.05993,29.83287,30.46309,35.1141,36.05551,43.32436,42.37924,44.77723,47.12749,51.5461,50.59644,50.59644,51.86521,57.00877,50.96077,57.70615,57.28001,55.7853,61.61169,63.06346,70.85901,70.83078,70.03571,68.65858,71.19691,73.1642,72.83543,71.44928,72.03471,74.33034,75.80237,78.08969,69.46222,74.54529,74.95332,69.42622,72.83543,65.96969,76.29548,70.40597,67.89698,63.63961,62.64982,63.50591,57.42822,62.28965,58.24946,59.90826,61.39218,57.87055,45.31004,47.01064,48.30114,53.85165,52.47857,52.69725,55.80323,52.63079,61.40033,54.48853,59.5483,58.0,61.55485,57.00877,53.82379,56.85948,55.0,46.95743,47.70744,45.17743,46.52956,44.77723,45.61798,42.48529,43.01163,38.07887,32.57299,36.05551,36.40055,36.68787,29.41088,32.75668,27.89265,26.92582,29.61419,24.04163,27.20294,27.51363,23.5372,23.5372,24.08319,23.02173,21.0,21.58703,21.0238,19.64688,19.0,15.29706,19.41649,19.31321,19.10497,18.02776,16.03122,14.86607,19.23538,12.0,14.31782
4.47214,4.47214,5.0,5.83095,6.40312,7.2111,7.2111,7.2111,8.60233,8.60233,8.60233,9.21954,9.43398,10.0,9.43398,10.81665,10.0,10.0,10.63015,11.40175,11.40175,11.40175,11.40175,12.04159,12.80625,12.80625,13.45362,13.45362,14.21267,14.14214,13.45362,14.21267,13.45362,13.45362,13.45362,13.45362,14.21267,13.45362,13.45362,12.80625,12.80625,12.80625,12.80625,12.04159,11.40175,12.04159,11.40175,11.40175,11.40175,11.40175,10.81665,10.81665,10.81665,5.09902,9.21954,15.13275,19.69772,22.56103,23.70654,30.46309,27.85678,33.61547,33.24154,33.24154,40.49691,42.05948,42.37924,50.08992,49.76947,50.15974,52.81098,55.9464,62.16912,53.75872,56.35601,55.9464,55.54278,61.7171,59.5063,65.29931,67.08204,69.64194,68.0,70.3278,71.11962,75.29276,64.3506,71.55418,76.8505,72.40166,73.3553,70.3278,69.33974,72.47068,71.19691,71.86793,69.857,68.88396,68.0,63.63175,64.00781,60.82763,63.13478,60.41523,58.18075,58.18075,61.7414,60.83584,59.13544,46.48656,48.08326,43.41659,49.72927,49.36598,50.15974,48.09366,53.0,58.07753,55.03635,54.45181,54.14795,59.5399,56.29387,55.71355,55.08176,56.921,49.39636,43.86342,44.28318,47.42362,42.48529,36.23534,38.94868,39.44617,39.35734,34.4093,36.61967,32.80244,33.6006,26.90725,30.80584,27.20294,24.20744,27.01851,22.02272,22.2036,23.85372,27.58623,26.1725,25.45584,22.2036,22.36068,23.02173,23.32381,19.79899,20.12461,21.0238,22.36068,19.31321,15.81139,18.02776,16.12452,12.20656,12.36932,14.14214,16.12452
3.16228,3.60555,3.60555,4.47214,5.83095,5.38516,6.40312,6.40312,7.2111,7.2111,8.06226,8.60233,9.43398,8.60233,9.43398,10.0,10.0,10.0,10.0,10.0,10.81665,11.40175,10.81665,11.40175,12.80625,12.04159,12.80625,13.45362,12.80625,13.45362,12.20656,12.80625,12.04159,12.04159,12.72792,12.80625,13.45362,12.04159,12.80625,11.40175,12.80625,12.04159,12.04159,10.63015,10.81665,10.63015,11.40175,11.40175,10.63015,10.81665,10.81665,9.43398,10.63015,11.40175,13.15295,11.40175,13.89244,17.02939,19.72308,25.23886,24.41311,31.7805,33.83785,34.98571,41.6173,40.81666,39.44617,43.26662,50.47772,47.88528,47.88528,47.16991,58.82176,51.31277,54.20332,56.22277,52.43091,60.20797,56.0357,62.62587,64.07027,68.88396,66.61081,69.2026,63.24555,72.62231,65.05382,70.80254,69.6563,72.83543,69.63476,68.41053,62.36986,67.95587,68.60029,73.00685,68.60029,65.80274,69.06519,58.82176,63.24555,59.81639,59.20304,62.00806,60.0,55.47071,57.2014,57.80138,58.18075,44.72136,52.92447,45.18849,56.61272,47.12749,57.48913,53.36666,58.69412,64.62971,54.23099,59.00847,60.0,64.03124,60.29925,55.3263,52.7731,60.67125,50.0,54.12947,49.72927,48.38388,48.70318,43.01163,44.38468,44.77723,42.37924,38.01316,39.96248,34.66987,36.23534,27.78489,34.66987,28.6531,26.83282,28.6007,25.55386,25.4951,26.41969,24.18677,28.6007,26.1725,24.08319,26.87006,23.34524,24.08319,22.62742,20.51828,21.2132,19.10497,18.86796,21.54066,17.02939,15.65248,14.21267,13.89244,14.42221,14.21267
1.41421,2.82843,3.60555,3.60555,4.24264,4.24264,5.65685,5.65685,5.65685,6.40312,7.07107,7.07107,7.81025,7.81025,7.81025,9.21954,8.48528,8.48528,8.48528,9.21954,9.21954,9.89949,9.89949,10.63015,10.63015,11.40175,11.40175,12.20656,12.20656,12.20656,11.40175,11.40175,11.40175,11.40175,12.20656,11.40175,12.80625,11.40175,11.40175,11.40175,11.40175,11.40175,11.40175,10.0,10.0,10.0,10.0,10.0,10.0,10.0,9.21954,9.89949,2.23607,9.21954,7.81025,9.43398,13.45362,14.76482,17.80449,19.84943,24.83948,26.1725,29.73214,33.24154,37.64306,35.80503,38.60052,38.94868,43.93177,44.04543,42.80187,45.45327,50.9902,47.42362,47.42362,51.08816,51.66237,55.31727,54.56189,58.0,60.81118,60.1415,60.1415,63.65532,62.96825,68.62215,65.80274,61.55485,63.70243,69.02898,68.593,67.88225,67.35726,67.17887,66.48308,70.83784,63.63961,63.65532,60.20797,63.89053,59.5483,58.0517,59.39697,54.45181,59.20304,56.63921,53.75872,55.15433,55.44367,52.61179,52.61179,54.33231,60.0,57.00877,60.03332,56.0803,62.1289,67.36468,68.88396,65.73431,65.73431,71.06335,64.56005,60.08328,59.80803,64.2573,59.9333,56.79789,51.42956,52.7731,52.83938,49.64877,47.88528,47.16991,44.72136,43.04649,41.88078,37.73592,38.58756,33.01515,31.06445,30.23243,31.06445,26.40076,25.0,26.62705,24.41311,20.51828,23.43075,20.51828,22.80351,16.97056,16.97056,19.20937,17.20465,16.64332,17.0,13.0384,13.0,5.83095,11.18034,11.40175,5.38516,7.07107,2.0,4.0
2.0,2.0,3.0,4.12311,4.47214,4.47214,5.38516,5.83095,6.7082,6.7082,7.2111,7.2111,7.2111,8.60233,8.60233,9.43398,8.60233,9.43398,9.43398,10.81665,10.0,10.81665,10.81665,11.6619,11.6619,11.6619,12.52996,13.89244,13.41641,13.41641,12.52996,13.41641,13.41641,12.52996,13.41641,13.0384,13.89244,13.0384,12.52996,12.52996,12.52996,12.52996,13.41641,12.08305,12.08305,11.18034,11.18034,11.18034,12.08305,11.18034,11.6619,10.81665,5.65685,4.47214,7.28011,8.94427,9.0,11.04536,17.0,22.56103,18.43909,18.97367,26.92582,23.76973,35.77709,35.35534,34.98571,37.16181,41.59327,39.44617,43.56604,44.10215,49.64877,43.56604,51.0,47.41308,48.02083,56.79789,54.20332,62.76942,61.77378,63.32456,63.97656,66.30988,64.4748,65.55151,63.56886,65.76473,71.51224,69.28925,72.09022,73.92564,65.14599,69.857,67.1193,71.51224,68.54196,68.15424,66.30988,62.96825,57.93962,62.29767,61.09828,58.5235,59.46427,57.27128,58.69412,60.00833,58.18075,57.68882,59.94164,60.41523,62.64982,60.00833,63.24555,63.15853,64.19502,74.94665,69.37579,68.44706,67.08204,74.33034,71.70077,67.47592,66.1211,70.34913,61.0082,57.07889,56.0357,57.21888,55.03635,51.08816,47.51842,49.64877,47.16991,41.4367,41.59327,36.13862,39.62323,29.27456,29.41088,27.29469,25.29822,28.79236,25.29822,21.9545,21.09502,20.24846,17.0,17.80449,19.69772,17.20465,17.20465,16.27882,8.48528,12.52996,13.89244,14.86607,16.03122,12.36932,15.0,18.11077,15.29706,16.76305,12.36932,14.21267
2.23607,2.23607,3.60555,3.60555,4.24264,5.0,5.0,5.0,6.40312,6.40312,7.2111,7.07107,7.81025,7.81025,7.81025,8.48528,8.48528,8.48528,8.48528,9.21954,9.21954,9.89949,9.89949,10.63015,10.63015,11.40175,11.40175,11.40175,12.80625,12.20656,11.40175,12.80625,11.40175,11.40175,12.80625,11.40175,12.04159,12.04159,11.40175,10.63015,11.31371,11.40175,10.63015,10.0,10.63015,10.0,10.63015,10.63015,10.63015,9.89949,9.21954,9.21954,8.06226,14.03567,9.05539,11.04536,15.26434,17.08801,17.46425,19.69772,24.20744,26.40076,26.41969,28.6531,34.88553,36.71512,37.12142,38.07887,42.19005,42.54409,43.41659,46.64762,51.0392,48.8774,45.80393,50.11986,48.76474,54.58938,53.00943,57.62812,57.80138,66.70832,63.41136,62.00806,61.61169,65.43699,63.70243,62.42596,67.80118,70.0,67.41662,70.45566,69.2026,69.81404,65.0,70.43437,66.0303,68.60029,65.80274,65.60488,56.85948,57.2014,64.89992,58.24946,60.46487,56.85948,56.85948,58.24946,55.4617,52.0,55.65968,56.61272,57.72348,59.22837,57.70615,59.3043,62.1289,65.03076,66.0,62.03225,66.0,71.02816,66.48308,64.77654,65.30697,67.89698,58.24088,54.12024,56.85948,55.15433,54.58938,51.24451,48.08326,50.32892,48.10405,44.28318,42.48529,36.71512,41.59327,37.12142,37.58989,34.1321,32.20248,32.55764,31.62278,30.61046,32.44996,29.20616,29.41088,26.90725,29.0,26.24881,30.0,25.45584,18.35756,19.72308,22.82542,18.86796,23.85372,22.47221,18.35756,17.72005,17.72005,14.31782,13.92839,9.84886
1.41421,2.23607,2.23607,3.16228,3.60555,4.47214,4.47214,5.38516,5.38516,5.38516,6.7082,6.7082,6.7082,6.7082,7.2111,7.61577,7.61577,7.61577,8.544,8.544,8.544,9.48683,8.544,10.44031,10.77033,10.44031,11.40175,11.40175,11.7047,11.40175,10.77033,11.40175,11.40175,11.40175,11.40175,11.40175,11.7047,11.7047,10.77033,10.77033,10.77033,10.77033,10.44031,9.48683,10.44031,9.48683,9.48683,9.48683,9.48683,9.84886,8.94427,8.94427,10.04988,6.0,8.06226,10.29563,11.31371,15.0,15.26434,21.63331,21.93171,26.07681,27.78489,28.01785,32.80244,35.22783,34.1321,39.96248,43.01163,43.41659,43.56604,45.48626,48.37355,48.54894,49.64877,48.82622,51.31277,52.47857,53.23533,57.70615,62.1289,60.92618,58.59181,63.95311,64.4748,63.69458,62.29767,67.53518,64.62198,66.70832,69.31811,67.1193,69.35416,68.88396,64.88451,69.77105,67.1193,69.35416,65.30697,65.39113,59.9333,60.00833,58.59181,61.29437,57.77543,57.68882,57.45433,56.60389,57.80138,55.17246,55.31727,54.56189,59.81639,56.30275,59.5399,59.68249,61.7171,65.8635,63.97656,66.85058,64.84597,71.7844,67.72001,63.78871,61.18823,64.28841,56.88585,58.54912,55.22681,54.14795,61.07373,50.01,51.15662,51.35173,49.0408,41.04875,45.27693,44.18144,45.09989,36.49658,38.83298,38.63936,37.10795,34.52535,30.80584,30.36445,29.41088,29.61419,33.73426,23.76973,27.85678,28.6531,28.23119,25.94224,23.25941,24.18677,22.82542,22.2036,24.75884,19.41649,17.69181,18.02776,20.24846,15.55635,19.41649,9.43398
2.82843,3.60555,3.16228,4.47214,4.47214,4.47214,5.38516,6.08276,6.32456,6.32456,7.28011,7.28011,7.28011,7.28011,8.24621,9.21954,9.21954,8.24621,9.05539,9.21954,9.21954,10.19804,9.05539,10.04988,11.04536,11.04536,11.04536,12.04159,12.04159,11.04536,12.04159,12.04159,12.04159,12.04159,12.04159,11.04536,12.16553,12.16553,12.04159,12.04159,11.18034,11.18034,11.04536,10.04988,10.19804,10.04988,10.19804,10.19804,10.19804,10.19804,10.44031,9.48683,9.05539,11.04536,15.52417,14.86607,16.97056,20.51828,18.60108,22.02272,25.05993,25.45584,26.1725,31.62278,38.83298,36.23534,36.79674,43.56604,45.45327,42.54409,41.88078,46.32494,50.21952,46.61545,49.64877,48.54894,52.15362,54.70832,55.9017,57.70615,58.18075,63.50591,61.77378,62.76942,59.94164,67.1193,64.2573,64.00781,65.39113,69.46222,67.53518,62.64982,65.74192,64.41273,68.0,68.0,64.88451,68.96376,64.3506,66.64833,56.82429,59.16925,57.45433,56.93856,59.94164,58.24946,55.75841,56.61272,56.0803,53.75872,55.9464,53.85165,62.64982,56.93856,58.82176,59.64059,66.28725,70.21396,65.29931,66.46804,65.8559,68.0147,66.48308,61.22091,59.36329,65.0,57.80138,57.14018,55.47071,55.00909,57.58472,49.1935,52.3259,51.5461,51.42956,47.53946,42.72002,43.41659,43.68066,33.73426,41.97618,35.51056,32.55764,36.34556,33.73426,32.38827,36.05551,31.257,32.24903,27.07397,30.0,28.16026,28.01785,27.29469,28.16026,28.44293,23.5372,23.5372,24.33105,23.25941,25.0,20.12461,18.97367,21.0238,18.43909,14.56022
2.0,3.0,3.0,4.12311,4.12311,5.09902,5.38516,5.38516,6.32456,6.32456,7.28011,7.61577,8.24621,8.24621,8.24621,8.544,8.94427,8.544,8.94427,8.94427,9.84886,9.84886,9.84886,11.18034,11.18034,11.18034,11.6619,12.08305,12.52996,11.6619,11.18034,12.52996,12.08305,11.6619,12.52996,11.18034,12.08305,11.18034,11.18034,11.18034,10.77033,11.18034,11.18034,10.29563,9.84886,10.29563,9.84886,9.84886,9.84886,9.84886,9.48683,9.48683,16.40122,14.86607,15.6205,16.12452,16.55295,15.29706,20.22375,24.18677,23.0,27.01851,29.15476,30.06659,38.07887,34.0147,40.0,42.95346,42.42641,43.18565,43.56604,46.87217,56.75385,49.49747,51.92302,50.44799,50.44799,54.40588,55.7853,60.44005,60.87693,63.89053,58.24088,59.77458,62.36185,66.48308,61.32699,63.06346,67.62396,66.21178,66.12866,62.03225,65.78754,66.94027,63.56099,63.32456,63.89053,62.64184,64.56005,59.13544,62.36185,57.24509,57.24509,54.81788,54.40588,54.81788,57.27128,58.0517,55.08176,49.92995,55.22681,52.35456,56.79789,56.0803,59.77458,55.9464,60.72891,63.56886,61.98387,62.514,66.27217,68.593,65.03076,60.03332,58.13777,66.06815,57.07013,55.57877,52.61179,49.24429,53.36666,50.0,50.0,46.61545,48.70318,40.70626,43.82921,44.28318,42.54409,32.75668,36.89173,36.35932,30.41381,34.82815,31.06445,29.20616,33.30165,29.73214,32.55764,29.73214,31.89044,31.90611,30.0,27.80288,34.0,30.8707,28.63564,27.78489,30.08322,26.24881,24.04163,31.62278,23.76973,26.24881,25.63201,21.54066
4.24264,5.83095,5.38516,6.32456,6.32456,6.32456,7.28011,7.28011,8.24621,8.06226,9.21954,9.05539,9.21954,9.05539,10.04988,10.04988,11.04536,10.04988,11.04536,11.04536,11.04536,11.04536,11.04536,12.0,12.0,13.0,13.0384,13.0,14.0,12.04159,13.0,13.0,13.0,12.04159,13.0384,12.0,13.0384,12.04159,12.04159,12.04159,11.04536,12.04159,11.04536,11.04536,10.04988,9.05539,10.04988,10.04988,9.21954,9.05539,9.21954,9.21954,23.5372,23.76973,25.4951,27.20294,27.45906,28.42534,33.94113,33.42155,38.60052,36.89173,43.82921,45.27693,49.24429,51.62364,51.47815,52.3259,58.66856,60.82763,55.03635,60.83584,65.0,64.40497,57.24509,65.45991,63.97656,70.2282,68.70953,71.51224,74.09453,75.27284,75.27284,75.89466,76.55064,75.89466,76.90254,72.61543,75.18643,78.58753,74.94665,76.53757,73.05477,74.68601,74.84651,75.76939,68.94926,72.49828,65.19202,71.86793,59.80803,62.96825,62.39391,57.93962,62.03225,59.5063,55.07268,59.5399,57.42822,38.32754,39.56008,37.33631,41.59327,41.19466,39.05125,41.01219,42.10701,47.85394,44.14748,46.23851,39.84972,45.69464,44.77723,38.94868,38.27532,36.89173,38.94868,34.05877,31.1127,31.1127,33.01515,33.01515,31.89044,31.30495,31.38471,28.79236,30.08322,32.57299,30.08322,26.68333,26.4764,28.44293,23.08679,26.30589,29.15476,27.29469,28.0,25.07987,33.0,32.38827,33.06055,32.14032,35.0571,30.26549,32.75668,32.55764,35.12834,36.34556,35.17101,32.75668,34.9285,35.51056,31.40064,32.38827,32.14032,32.06244
6.40312,7.07107,7.81025,8.48528,9.21954,9.21954,9.21954,9.21954,10.0,10.63015,11.40175,11.40175,11.40175,12.20656,11.40175,13.0384,12.52996,12.20656,12.52996,13.0384,12.80625,13.89244,13.0384,14.76482,14.76482,13.89244,14.76482,14.76482,14.76482,15.23155,13.89244,14.76482,14.76482,13.89244,13.89244,13.89244,14.76482,13.89244,13.0384,13.0384,13.0384,13.41641,13.0384,11.6619,11.6619,11.6619,11.6619,11.6619,10.81665,11.40175,10.63015,10.63015,23.34524,23.76973,32.75668,29.41088,31.40064,31.241,33.24154,39.62323,41.7732,46.69047,47.01064,50.80354,55.44367,51.08816,54.48853,60.80296,61.7171,64.03124,63.78087,65.60488,68.8186,62.42596,66.57327,64.07027,65.29931,68.7968,69.89278,72.71864,74.33034,72.94518,70.3278,75.29276,70.17834,77.02597,75.17978,73.00685,73.06162,77.36924,74.20243,71.86793,73.06162,69.89278,72.11103,72.40166,69.40461,66.57327,68.8186,64.07027,62.96825,59.20304,59.90826,60.80296,58.24946,57.48913,61.55485,58.69412,58.72819,31.14482,31.06445,34.05877,38.47077,36.40055,34.53983,35.1141,37.16181,38.01316,37.44329,39.20459,37.44329,41.10961,41.01219,35.60899,33.01515,40.22437,31.7805,34.0,34.78505,34.48188,37.36308,31.7805,31.7805,35.35534,34.36568,31.01612,29.0,29.06888,29.01724,25.07987,31.01612,30.14963,32.06244,31.57531,30.0,32.24903,34.23449,31.04835,34.71311,33.83785,35.69314,33.73426,35.51056,34.36568,37.64306,35.44009,31.32092,32.75668,35.8469,30.08322,32.28002,32.57299,29.42788,32.14032,32.38827,23.02173
7.0,7.0,8.06226,9.0,9.05539,9.05539,10.04988,10.04988,10.04988,10.04988,11.04536,11.04536,12.04159,11.18034,12.04159,12.16553,12.16553,12.16553,12.16553,13.15295,12.16553,13.15295,12.16553,13.34166,13.34166,14.31782,14.31782,14.31782,14.31782,13.60147,14.31782,14.14214,14.31782,13.15295,13.15295,13.15295,14.14214,13.0384,13.15295,13.15295,12.04159,13.0384,12.04159,12.16553,11.04536,11.04536,11.04536,11.0,10.0,11.0,10.04988,10.04988,28.3196,27.73085,28.63564,33.24154,34.1321,34.23449,38.0526,46.27094,41.30375,45.01111,50.03998,48.04165,59.07622,55.0,54.03702,58.21512,65.12296,66.06815,59.07622,60.03332,65.12296,62.03225,62.16912,66.37017,67.36468,66.37017,63.50591,71.38627,72.24957,72.18033,69.2315,73.5527,72.44308,75.95393,70.40597,71.84706,70.21396,77.12976,75.42546,71.70077,68.73136,71.06335,68.46897,73.43705,65.27634,65.19202,67.06713,65.19202,58.21512,59.21149,59.00847,57.31492,57.14018,60.00833,58.03447,56.0357,55.3263,29.41088,29.54657,26.83282,34.0147,31.01612,32.75668,32.75668,35.51056,39.11521,37.0,40.0,37.33631,40.1995,39.62323,38.27532,35.34119,39.0,36.23534,37.57659,34.4093,39.20459,36.89173,33.83785,35.80503,35.38361,37.48333,31.40064,35.4683,34.20526,36.05551,31.62278,36.61967,34.66987,34.20526,33.28663,31.241,33.01515,35.51056,34.4093,38.58756,39.81206,38.60052,38.94868,38.47077,38.58756,30.52868,34.48188,36.67424,35.8469,34.48188,36.76955,35.22783,32.64966,30.23243,31.62278,29.06888,29.0
6.40312,7.07107,7.07107,7.81025,8.48528,8.60233,9.21954,9.21954,9.89949,9.21954,10.63015,11.31371,10.63015,10.63015,10.63015,12.04159,12.04159,10.63015,11.40175,11.31371,11.31371,12.04159,11.31371,12.04159,13.45362,12.80625,12.80625,12.80625,12.80625,12.80625,12.04159,12.80625,12.80625,12.04159,12.80625,12.04159,12.72792,12.04159,11.31371,11.31371,11.31371,11.31371,10.63015,10.63015,9.89949,9.21954,9.89949,9.89949,9.89949,9.21954,10.0,8.60233,28.79236,30.08322,31.76476,33.61547,36.40055,35.4683,37.20215,45.96738,43.84062,49.57822,46.66905,52.34501,56.85068,55.15433,54.48853,61.07373,63.63961,65.94695,60.82763,61.7171,70.60453,61.52235,64.03124,66.4003,64.03124,65.60488,68.41053,68.24222,71.40028,73.24616,70.45566,72.20111,67.62396,73.78347,64.14047,72.20111,73.24616,70.45566,68.24954,65.80274,67.80118,67.47592,67.47592,67.20119,65.0,68.60029,63.78087,59.81639,58.25805,56.72742,57.2014,57.80138,54.81788,55.9017,52.34501,54.45181,51.40039,24.69818,25.94224,28.01785,32.80244,32.01562,29.06888,32.55764,35.60899,35.22783,34.66987,37.57659,39.81206,40.71855,39.84972,39.62323,42.57934,40.79216,41.30375,41.10961,36.01389,39.20459,39.20459,39.31921,38.32754,41.97618,35.12834,35.69314,39.05125,37.36308,37.36308,35.17101,37.0,37.33631,38.07887,41.10961,36.87818,38.32754,40.02499,35.73514,41.4367,41.4367,42.57934,41.10961,41.10961,37.0,38.07887,40.02499,37.69615,37.36308,35.8469,34.20526,33.95585,35.51056,30.59412,33.37664,34.23449,27.01851
7.81025,7.81025,8.60233,8.60233,8.60233,9.43398,10.81665,10.0,10.81665,10.0,11.40175,11.6619,12.20656,10.81665,10.81665,13.0384,11.6619,11.6619,11.6619,12.52996,12.20656,11.6619,12.20656,12.52996,13.0384,13.41641,13.41641,13.41641,13.41641,13.0,12.52996,12.52996,12.52996,12.52996,12.52996,12.52996,13.0384,11.6619,11.6619,11.6619,10.81665,11.6619,11.6619,10.81665,10.81665,9.43398,10.0,10.0,10.0,9.21954,9.21954,9.21954,30.8707,30.41381,34.0,35.0,39.40812,42.0119,46.66905,47.38143,48.10405,45.96738,52.34501,53.07542,56.56854,58.79626,55.17246,56.85068,65.11528,60.30755,57.98276,66.52819,67.47592,62.96825,64.66065,60.30755,60.82763,65.19202,66.21933,68.24222,64.2028,70.17834,66.4003,64.40497,62.00806,69.89278,64.40497,65.60488,66.61081,65.60488,63.63961,60.30755,65.21503,63.65532,64.66065,66.21933,58.89822,60.30755,60.10824,59.46427,53.90733,55.22681,53.75872,53.07542,51.73973,50.20956,52.34501,51.85557,46.04346,27.80288,29.20616,27.58623,34.05877,30.4795,36.40055,34.82815,40.24922,40.70626,39.92493,40.71855,42.04759,44.59821,44.14748,40.31129,43.41659,46.17359,42.10701,40.0,43.73786,43.18565,42.29657,41.59327,42.2019,41.7732,44.28318,42.75512,41.97618,39.05125,44.64303,37.33631,41.76123,39.05125,37.64306,39.84972,40.02499,37.85499,42.44997,38.47077,42.57934,40.79216,41.76123,42.44997,41.23106,41.7732,39.45884,39.56008,40.26164,34.20526,38.32754,36.49658,36.01389,37.85499,35.12834,33.06055,32.0,26.1725
6.32456,6.7082,7.61577,8.06226,8.94427,8.544,8.94427,8.94427,9.84886,8.94427,9.84886,10.29563,9.84886,10.29563,9.84886,11.18034,10.29563,10.29563,10.29563,10.29563,10.29563,10.29563,10.29563,10.81665,11.6619,10.81665,10.81665,11.6619,12.20656,11.40175,10.81665,10.81665,10.81665,10.81665,10.29563,10.29563,10.29563,10.29563,9.43398,9.43398,8.94427,9.43398,9.43398,8.06226,8.94427,8.06226,8.06226,8.06226,7.61577,7.61577,7.28011,7.28011,29.52965,35.0,34.48188,44.41846,41.18252,38.94868,42.54409,44.77723,45.54119,51.62364,50.15974,54.23099,53.22593,48.70318,56.60389,57.56735,58.18075,59.13544,51.0,58.69412,64.2573,63.15853,58.82176,56.921,59.9333,59.09315,54.42426,61.98387,62.29767,66.7308,58.82176,57.38467,54.23099,60.74537,62.76942,57.38467,59.66574,59.80803,55.97321,57.24509,57.77543,55.00909,55.54278,60.82763,52.20153,50.69517,50.9902,52.0,46.61545,42.04759,46.09772,48.54894,46.52956,45.65085,48.33218,43.04649,35.22783,28.79236,27.20294,31.62278,33.01515,32.80244,40.36087,39.69887,39.44617,36.05551,43.41659,47.01064,41.67733,44.10215,43.909,46.8188,50.92151,49.33559,48.05206,46.48656,48.27007,44.55334,55.14526,44.01136,47.67599,48.09366,46.01087,50.03998,50.01,44.18144,52.23983,42.04759,43.04649,46.09772,46.04346,47.26521,43.01163,40.1995,44.01136,39.11521,44.40721,41.10961,49.0408,39.0,44.10215,46.04346,44.18144,41.01219,40.79216,41.10961,35.22783,35.12834,32.06244,36.34556,32.14032,38.32754,27.73085,27.73085
7.07107,7.07107,8.0,9.05539,8.06226,9.05539,9.0,9.05539,9.0,9.0,10.04988,10.0,10.04988,10.0,10.04988,11.0,10.0,10.0,10.04988,10.0,10.0,11.04536,10.0,11.04536,11.0,11.0,11.04536,11.04536,12.04159,11.18034,10.0,11.04536,11.04536,10.04988,10.04988,10.0,10.0,9.0,9.0,9.0,9.0,9.0,9.0,8.06226,8.0,8.0,8.0,7.0,7.0,7.0,7.07107,7.07107,41.78516,34.1321,43.82921,32.80244,41.40048,41.86884,46.69047,52.49762,47.80167,45.0,52.49762,50.0,58.89822,57.00877,55.60576,61.7171,65.79514,53.90733,63.03174,63.70243,60.10824,59.5483,56.56854,60.1415,59.4138,65.29931,64.03124,65.60488,65.05382,68.76772,60.30755,59.46427,67.26812,63.89053,55.9017,64.3506,67.89698,60.20797,63.78087,56.63921,60.87693,63.63961,60.81118,56.22277,58.13777,55.15433,47.42362,52.40229,40.36087,48.83646,45.25483,47.50789,41.7732,49.20366,44.04543,44.41846,39.20459,29.15476,36.05551,37.94733,40.5216,43.17407,38.0,41.19466,47.04253,52.15362,49.0408,51.0,51.0392,56.0803,52.39275,55.54278,55.02727,54.91812,57.87055,53.75872,48.76474,50.08992,59.48109,52.7731,59.48109,55.56978,54.56189,49.24429,52.15362,48.8774,61.26989,43.82921,51.0,43.909,46.52956,47.53946,44.28318,42.54409,50.69517,41.62932,46.23851,46.48656,50.9902,48.10405,45.22168,36.24914,45.88028,38.27532,42.37924,38.27532,38.83298,38.20995,41.4367,35.1141,30.41381,35.35534,36.67424,29.01724
7.61577,7.61577,8.06226,8.544,8.94427,8.94427,8.94427,8.94427,8.94427,8.94427,9.84886,10.29563,9.84886,8.94427,8.94427,10.29563,9.43398,9.43398,9.43398,9.43398,9.43398,9.43398,9.43398,10.0,10.29563,10.29563,9.43398,10.29563,10.29563,10.0,9.43398,9.43398,9.43398,8.94427,9.43398,8.94427,9.43398,8.06226,8.06226,8.06226,7.61577,8.06226,8.06226,6.7082,6.7082,5.83095,6.7082,6.7082,5.83095,6.7082,5.38516,5.38516,31.89044,40.36087,34.65545,42.43819,41.23106,38.58756,48.02083,43.01163,45.65085,48.25971,49.1935,44.28318,51.88449,55.56978,51.31277,44.77723,56.0357,54.70832,53.7122,49.09175,53.7122,50.24938,49.24429,51.89412,51.62364,53.48832,47.42362,54.58938,55.47071,55.36244,51.88449,53.31041,55.9017,56.36488,51.5461,51.0392,51.47815,51.42956,47.16991,43.04649,45.61798,46.64762,49.09175,48.02083,41.6173,43.56604,38.01316,42.43819,38.48376,32.69557,35.35534,34.88553,33.61547,33.83785,34.65545,37.44329,33.30165,37.94733,43.01163,46.48656,49.64877,48.6621,47.16991,50.35871,54.23099,62.07254,54.03702,60.0,58.03447,67.1193,66.61081,63.78871,63.78871,61.52235,61.84658,57.48913,59.68249,54.40588,67.35726,57.28001,60.08328,65.80274,58.46366,55.97321,53.14132,60.53924,56.61272,49.39636,57.87055,54.57105,48.27007,55.54278,49.81967,47.16991,53.15073,46.69047,52.03845,48.6621,49.0,44.28318,50.0,41.30375,35.0,40.31129,44.28318,42.29657,41.01219,32.55764,39.29377,36.87818,32.98485,34.9285,29.15476,35.4683
7.2111,8.06226,8.06226,8.60233,8.60233,8.60233,9.43398,9.43398,9.43398,9.43398,9.43398,9.43398,9.43398,9.43398,9.43398,10.29563,8.94427,8.94427,8.94427,8.94427,9.43398,8.94427,8.94427,9.84886,9.84886,9.84886,9.84886,10.29563,9.84886,9.84886,8.94427,8.94427,8.94427,8.06226,8.06226,8.06226,8.60233,8.06226,7.2111,7.2111,7.2111,7.2111,7.2111,7.2111,7.2111,5.83095,6.40312,5.83095,5.83095,5.83095,6.40312,5.65685,29.15476,34.20526,36.13862,36.87818,43.93177,42.44997,43.01163,44.40721,42.19005,43.18565,48.50773,46.09772,46.17359,47.12749,50.96077,52.08647,51.62364,44.18144,48.83646,43.56604,55.03635,46.38965,45.39824,50.08992,45.54119,47.04253,51.0392,53.00943,49.36598,50.01,48.0,54.03702,45.17743,48.16638,47.09565,46.38965,47.85394,45.17743,43.56604,44.10215,47.26521,48.37355,42.2019,40.5216,38.20995,40.1995,44.55334,32.38827,34.20526,33.54102,36.34556,32.57299,31.57531,30.36445,31.04835,32.89377,33.73426,45.60702,48.16638,39.62323,49.51767,48.16638,50.24938,53.07542,50.80354,61.29437,55.80323,65.76473,62.1289,70.66116,67.41662,65.19202,60.53924,69.64194,64.84597,63.32456,62.93648,58.24088,70.83078,60.63827,65.25335,60.63827,60.72891,56.08921,54.45181,55.10898,65.25335,46.84015,57.72348,52.20153,52.20153,51.78803,52.39275,48.33218,56.46238,48.08326,53.7122,49.98,48.54894,45.18849,46.51881,44.77723,40.60788,45.22168,41.18252,41.59327,39.40812,34.20526,35.60899,44.68781,32.80244,34.65545,40.36087,33.42155
8.06226,8.0,9.0,9.0,9.0,9.05539,9.0,9.0,10.0,10.0,10.04988,10.0,10.0,10.0,9.0,11.0,10.0,10.0,9.05539,10.0,9.0,10.04988,10.0,10.04988,10.0,10.04988,10.04988,10.0,10.04988,10.04988,9.0,10.0,9.0,9.0,9.0,9.05539,9.05539,8.06226,8.0,8.06226,8.06226,8.06226,8.06226,7.07107,7.07107,6.08276,7.07107,6.08276,6.08276,6.08276,6.08276,6.08276,37.16181,39.92493,43.26662,40.70626,43.82921,37.80212,38.8973,43.86342,39.69887,43.27817,51.08816,48.27007,51.08816,49.51767,49.09175,55.9017,49.67897,43.84062,48.9183,52.34501,54.56189,50.21952,48.41487,44.55334,50.24938,48.83646,48.9183,49.51767,50.24938,49.57822,48.79549,52.49762,45.25483,51.62364,44.59821,42.63801,50.93133,40.45986,48.01042,44.82187,47.20169,48.02083,39.96248,39.40812,33.30165,42.80187,39.66106,34.1321,38.07887,38.01316,31.38471,32.44996,27.80288,31.30495,35.0,27.29469,31.01612,45.12206,48.08326,50.44799,51.97115,48.6621,52.23983,56.7186,58.21512,63.0,62.07254,66.06815,65.49046,71.11259,67.60178,61.0,65.9242,76.29548,63.60031,64.28841,68.15424,68.70953,60.08328,59.46427,63.69458,67.1193,64.84597,61.84658,61.84658,55.71355,63.24555,53.48832,57.77543,55.97321,50.28916,56.0803,50.44799,52.17279,58.0517,49.81967,48.76474,49.81967,51.41984,55.31727,43.41659,45.54119,53.36666,43.73786,47.67599,41.10961,40.11234,39.01282,40.04997,44.0,33.24154,39.11521,38.20995,34.71311
7.81025,8.48528,9.21954,9.89949,8.48528,9.21954,9.21954,9.21954,9.89949,9.21954,9.89949,10.0,9.89949,9.21954,9.21954,10.0,10.0,9.21954,10.0,10.0,9.21954,10.0,9.21954,9.43398,10.0,10.0,9.43398,10.0,10.81665,10.0,9.21954,10.0,10.0,9.21954,9.21954,8.60233,9.21954,9.21954,7.81025,7.81025,7.07107,8.48528,7.81025,7.07107,7.07107,6.40312,7.07107,6.40312,7.07107,7.07107,6.40312,6.40312,29.20616,39.44617,28.30194,36.23534,43.38202,39.0,41.67733,40.71855,46.48656,40.31129,46.17359,43.01163,48.46648,46.48656,45.18849,43.68066,46.61545,51.5461,43.01163,47.16991,49.64877,49.0408,44.72136,51.1957,44.27189,50.69517,45.88028,45.12206,51.66237,46.84015,46.17359,48.50773,49.24429,56.32051,50.9902,43.68066,46.09772,49.81967,47.53946,44.01136,44.59821,44.72136,43.9659,45.22168,40.16217,36.24914,38.07887,42.05948,31.01612,30.41381,32.20248,32.64966,30.67572,34.43835,29.06888,31.06445,26.62705,45.22168,43.01163,45.22168,47.43416,53.0,50.56679,55.4617,53.22593,64.51356,60.40695,59.48109,63.32456,72.42237,64.28841,67.08204,66.09841,72.83543,62.1289,68.06614,64.28063,64.19502,68.06614,59.07622,62.00806,66.0303,66.37017,65.00769,55.08176,60.03332,59.00847,51.97115,57.03508,54.45181,51.47815,54.23099,53.15073,51.78803,52.61179,50.44799,57.48913,49.24429,54.42426,46.69047,53.15073,43.41659,46.61545,44.14748,40.70626,43.32436,43.41659,42.48529,40.31129,45.61798,34.1321,39.11521,40.49691,34.20526
7.61577,7.61577,8.06226,8.94427,8.94427,8.544,8.94427,8.94427,8.94427,8.94427,8.94427,9.43398,8.94427,8.94427,8.94427,9.43398,9.43398,8.94427,8.60233,9.43398,8.94427,9.43398,8.06226,9.43398,9.43398,9.43398,10.0,9.43398,9.43398,9.43398,8.94427,9.43398,8.94427,8.06226,8.94427,8.94427,8.94427,7.61577,7.61577,7.61577,7.61577,7.61577,7.61577,6.7082,6.32456,6.32456,6.32456,6.32456,6.32456,6.08276,6.08276,6.08276,36.71512,33.97058,35.38361,33.24154,38.01316,38.47077,39.66106,48.9183,36.89173,42.04759,39.44617,41.88078,44.77723,46.64762,48.8774,47.92703,53.23533,44.28318,48.02083,47.16991,51.42956,49.65884,48.33218,46.06517,45.18849,48.10405,45.22168,47.12749,48.33218,49.98,44.77723,51.24451,41.18252,48.33218,47.80167,48.33218,47.16991,48.76474,41.67733,43.909,43.909,41.14608,40.60788,42.19005,38.07887,37.73592,36.23534,36.23534,34.43835,25.94224,35.51056,35.35534,33.83785,29.41088,33.42155,33.6006,27.58623,46.64762,49.1935,43.86342,52.80152,49.98,51.92302,55.97321,51.41984,63.90618,61.18823,66.61081,64.77654,73.5459,66.75328,64.03124,60.0,74.33034,63.1981,66.1211,64.00781,63.1981,66.27217,61.52235,58.13777,64.38167,63.12686,57.14018,64.77654,59.84146,64.62971,50.24938,61.81424,52.95281,57.03508,54.33231,51.0098,52.00961,49.0,52.03845,52.03845,52.08647,53.33854,54.91812,47.26521,48.25971,52.15362,46.32494,44.92215,43.01163,41.97618,43.93177,37.16181,37.0,34.48188,44.91102,38.94868,39.39543
7.07107,7.0,8.0,8.0,8.0,8.0,8.0,8.0,8.0,8.0,9.0,9.05539,8.0,9.0,8.0,9.05539,8.06226,9.05539,8.06226,8.06226,8.0,9.05539,8.06226,9.05539,9.05539,9.05539,9.21954,9.05539,9.21954,9.21954,8.06226,9.05539,9.05539,8.06226,8.06226,8.06226,8.0,7.0,7.07107,7.0,7.0,7.07107,7.0,6.0,6.0,6.0,6.0,6.0,6.0,6.0,5.09902,5.09902,38.83298,36.87818,47.75982,35.77709,41.78516,40.24922,39.81206,43.82921,38.27532,44.41846,40.24922,44.94441,50.47772,46.40043,43.60046,47.80167,56.85948,49.64877,49.24429,45.17743,54.03702,42.19005,47.50789,49.64877,47.16991,52.15362,48.27007,51.62364,49.0408,46.75468,46.2277,50.9902,50.60632,51.66237,45.96738,44.82187,52.00961,47.20169,45.80393,45.48626,42.80187,48.54894,43.26662,46.2277,43.56604,36.35932,37.20215,42.54409,35.22783,34.88553,34.48188,31.76476,35.8469,35.1141,28.17801,33.54102,28.23119,41.04875,47.04253,46.01087,51.15662,52.0,53.23533,51.47815,53.85165,60.20797,57.00877,58.5235,58.5235,72.12489,65.78754,65.0,60.90156,64.40497,61.58734,61.05735,66.24198,60.74537,67.47592,58.18075,67.1193,66.61081,60.74537,58.24946,58.89822,55.60576,61.03278,48.8774,57.80138,57.68882,56.4358,56.30275,48.8774,44.38468,49.24429,51.89412,52.3259,54.12024,50.32892,42.48529,49.76947,42.72002,47.01064,48.70318,42.72002,39.21734,41.48494,44.14748,38.11824,36.40055,36.22154,39.01282,40.04997,36.01389
7.07107,7.07107,7.2111,7.81025,7.81025,7.07107,7.81025,7.81025,7.81025,7.81025,8.48528,8.60233,8.60233,8.60233,7.81025,8.60233,8.60233,7.81025,8.60233,8.60233,8.60233,8.60233,7.81025,8.60233,9.43398,8.60233,8.60233,9.43398,9.43398,9.43398,8.60233,8.60233,8.60233,8.60233,7.81025,7.81025,7.81025,7.81025,7.81025,7.07107,7.07107,7.07107,7.07107,6.40312,5.65685,5.65685,6.40312,6.40312,6.40312,5.0,5.83095,5.83095,40.49691,35.51056,37.21559,33.06055,40.1995,43.18565,38.01316,45.0,41.01219,46.04346,44.0,44.40721,49.25444,46.38965,51.0098,50.01,49.36598,51.08816,48.25971,49.49747,50.01,47.38143,50.80354,51.15662,48.16638,49.64877,50.9902,58.85576,55.9017,53.75872,48.50773,51.08816,47.04253,52.46904,48.50773,48.50773,54.74486,53.15073,47.04253,43.18565,49.09175,48.01042,45.17743,46.01087,42.0119,38.0526,41.19466,38.0526,34.1321,32.0,33.0,31.40064,35.22783,35.35534,33.13608,30.80584,31.38471,39.45884,45.39824,41.19466,51.1957,44.14748,55.15433,48.10405,52.92447,59.5063,56.82429,58.66856,60.90156,64.49806,61.29437,60.0,60.1415,69.35416,63.63961,63.63961,65.94695,63.63961,63.03174,62.482,65.21503,63.78087,63.65532,56.60389,56.85948,53.60037,61.84658,50.80354,59.46427,54.48853,53.03772,56.85068,49.81967,50.32892,52.40229,50.20956,52.34501,51.62364,46.01087,49.57822,46.01087,47.38143,45.45327,43.60046,44.40721,40.60788,39.66106,49.24429,42.44997,38.18377,30.80584,40.71855,40.49691,34.98571
7.81025,7.07107,7.81025,8.48528,8.48528,8.48528,9.21954,7.81025,9.21954,9.21954,9.21954,10.0,9.21954,9.21954,9.21954,9.43398,9.43398,8.60233,8.60233,8.60233,8.60233,9.43398,8.60233,9.43398,9.43398,9.43398,10.29563,10.29563,10.29563,10.29563,9.43398,9.43398,9.43398,8.60233,9.43398,8.60233,9.21954,8.60233,8.60233,7.81025,7.81025,7.81025,7.81025,7.81025,7.81025,6.40312,7.07107,7.07107,7.07107,7.07107,6.40312,6.40312,36.68787,32.20248,35.73514,44.40721,41.30375,40.60788,41.10961,42.10701,43.01163,45.01111,45.54119,43.68066,48.09366,48.04165,47.38143,43.10452,49.0408,50.24938,49.09175,45.27693,57.87055,52.08647,45.12206,47.51842,45.89118,47.51842,45.12206,53.15073,50.63596,51.41984,50.63596,52.7731,45.39824,54.12947,48.38388,52.15362,46.69047,47.07441,49.47727,45.70558,48.6621,49.09175,47.01064,44.04543,36.05551,42.75512,45.17743,40.1995,40.0,40.1995,39.20459,35.69314,34.9285,36.01389,33.06055,32.14032,34.23449,39.84972,35.8469,43.9659,47.01064,45.31004,49.39636,48.37355,53.23533,61.29437,54.08327,56.85068,58.60034,62.00806,60.82763,59.4138,60.959,67.17887,59.03389,62.482,57.62812,60.46487,66.57327,59.20304,61.40033,65.0,62.42596,61.7171,58.13777,55.00909,59.40539,54.6443,56.35601,55.22681,55.21775,50.24938,49.57822,50.80354,52.00961,50.44799,51.73973,53.0,55.44367,50.0,51.85557,54.03702,52.34501,48.16638,46.01087,39.62323,38.20995,40.31129,42.63801,41.86884,40.60788,39.05125,41.10961,38.07887
7.07107,8.06226,8.24621,9.05539,8.06226,8.06226,9.21954,9.21954,9.21954,9.21954,9.21954,9.48683,9.21954,9.21954,9.21954,10.44031,9.48683,9.48683,9.48683,9.48683,9.48683,10.44031,9.48683,10.77033,10.44031,10.77033,10.77033,10.77033,10.77033,9.84886,9.48683,10.77033,9.48683,9.48683,10.44031,9.48683,10.44031,9.21954,9.48683,9.21954,9.21954,9.21954,9.21954,8.24621,8.24621,8.24621,8.06226,8.06226,8.06226,8.06226,8.06226,7.0,37.80212,30.23243,31.06445,33.61547,33.28663,33.54102,34.9285,41.04875,44.10215,42.05948,44.92215,39.92493,42.04759,42.48529,46.64762,46.23851,52.7731,54.12947,45.18849,51.47815,50.96077,45.31004,52.20153,49.98,51.26402,49.76947,46.32494,52.92447,53.75872,56.04463,47.80167,52.63079,50.96077,52.20153,49.24429,53.48832,55.9464,50.92151,48.33218,50.0,50.69517,46.17359,45.54119,47.12749,46.52956,47.53946,39.92493,43.04649,41.23106,39.81206,37.57659,35.77709,34.88553,39.96248,39.69887,38.60052,35.0,39.44617,40.31129,40.81666,45.22168,44.40721,47.42362,46.01087,50.9902,53.74012,53.41348,55.60576,57.00877,64.66065,61.58734,60.82763,59.05929,64.00781,60.82763,60.16644,60.00833,60.40695,59.90826,60.72891,59.48109,64.51356,62.76942,51.97115,53.93515,56.88585,61.84658,46.48656,59.03389,50.96077,49.0408,55.9017,49.33559,47.29693,56.32051,49.24429,54.08327,51.66237,47.92703,44.94441,49.98,45.54119,38.83298,36.87818,43.46263,45.54119,44.94441,41.76123,42.19005,39.96248,35.8469,45.17743,42.2019,34.20526
5.65685,6.40312,7.2111,7.81025,7.2111,7.2111,7.81025,7.2111,7.2111,8.06226,8.60233,8.94427,9.43398,8.60233,8.60233,9.43398,8.94427,8.06226,8.94427,8.94427,9.43398,8.94427,8.94427,9.84886,9.84886,9.84886,9.84886,10.29563,10.29563,9.84886,8.94427,9.84886,9.84886,8.94427,8.94427,8.94427,10.29563,9.43398,8.94427,8.94427,8.06226,8.06226,8.06226,8.06226,8.06226,6.7082,7.2111,7.2111,7.2111,7.2111,7.07107,7.07107,30.88689,32.20248,36.68787,38.91015,38.83298,39.45884,42.42641,42.29657,38.47077,43.93177,44.28318,41.30375,49.49747,49.16299,47.12749,49.36598,56.7186,53.08484,53.03772,48.09366,54.08327,47.09565,57.00877,50.24938,50.08992,57.00877,51.15662,54.0,58.00862,53.0,50.01,57.0,55.14526,58.21512,45.39824,51.08816,58.21512,57.42822,58.0,49.0,50.0,50.9902,53.15073,55.14526,50.08992,45.09989,47.38143,48.01042,40.11234,41.97618,40.60788,41.01219,45.01111,40.79216,46.87217,36.87818,39.21734,40.60788,39.21734,42.57934,47.85394,44.38468,45.88028,48.46648,48.8467,54.626,49.39636,55.47071,53.82379,60.74537,57.00877,62.28965,51.62364,61.52235,60.82763,62.36986,53.2635,52.80152,64.44377,59.36329,52.00961,60.53924,57.2014,53.23533,56.0803,50.77401,58.18075,50.60632,58.5235,46.61545,55.80323,54.08327,48.54894,45.79301,52.47857,42.43819,54.81788,57.98276,48.79549,54.20332,49.0408,44.65423,49.1935,47.01064,39.62323,44.10215,43.26662,41.7732,45.45327,36.23534,36.40055,41.6173,39.20459,33.97058
5.0,5.0,6.0,6.0,7.0,6.0,7.0,7.0,7.0,8.0,8.0,8.0,8.06226,8.0,7.0,9.0,8.06226,8.0,8.06226,8.0,8.0,9.05539,9.0,9.0,9.0,9.05539,9.05539,10.04988,9.05539,10.19804,9.0,10.04988,9.05539,9.05539,9.05539,9.05539,9.0,8.0,8.0,8.0,9.05539,8.06226,9.0,8.06226,8.0,8.06226,8.0,7.0,8.0,7.0,7.07107,7.07107,24.16609,25.63201,30.26549,30.01666,28.28427,35.12834,31.06445,37.01351,36.34556,37.12142,41.19466,38.20995,46.09772,43.0,45.01111,47.51842,53.03772,50.15974,48.09366,47.16991,51.62364,45.54119,47.67599,47.26521,47.01064,50.63596,48.6621,52.34501,51.35173,52.95281,49.81967,51.78803,50.15974,55.10898,49.72927,54.58938,53.46027,51.41984,52.15362,51.78803,51.62364,51.24451,49.36598,53.46027,48.50773,49.36598,49.16299,47.51842,48.25971,47.16991,46.52956,43.28972,43.04649,43.04649,45.01111,45.04442,45.27693,47.53946,51.41984,50.0,56.30275,52.0,56.85948,55.71355,58.66856,65.36819,62.76942,63.28507,62.26556,71.86793,70.60453,68.11755,65.79514,73.87828,63.70243,66.48308,64.38167,66.46804,67.26812,62.2254,60.81118,65.19202,63.65532,61.07373,61.7171,57.2014,62.28965,48.79549,56.72742,53.03772,52.34501,55.31727,53.07542,45.96738,48.79549,48.08326,52.49762,47.42362,46.69047,48.79549,41.72529,41.01219,44.68781,38.94868,37.64306,36.06938,37.48333,30.4795,32.55764,34.4093,28.3196,32.80244,30.61046,28.6007
5.83095,5.83095,6.40312,7.2111,7.2111,7.2111,7.2111,7.2111,7.2111,7.2111,8.60233,7.81025,7.81025,7.81025,7.2111,8.60233,7.81025,7.81025,7.81025,7.81025,7.81025,8.48528,7.81025,8.48528,8.48528,8.48528,8.48528,8.48528,8.48528,8.48528,8.48528,8.48528,8.48528,8.48528,8.48528,8.48528,8.48528,8.48528,7.81025,7.81025,7.81025,7.07107,7.07107,7.07107,7.07107,6.40312,6.40312,6.40312,6.40312,6.40312,5.83095,5.83095,31.257,32.01562,36.0,30.01666,38.0526,36.22154,38.63936,41.59327,42.95346,40.60788,42.57934,41.59327,47.07441,43.56604,41.59327,47.53946,52.39275,47.53946,47.07441,50.21952,50.44799,45.35416,40.5216,47.07441,43.17407,50.44799,46.17359,49.98,47.12749,50.69517,49.0408,50.96077,49.0408,52.81098,47.85394,46.84015,49.64877,50.92151,50.96077,47.75982,42.15448,49.72927,47.43416,50.28916,48.38388,47.43416,44.27189,44.92215,40.02499,44.38468,42.44997,41.23106,41.10961,37.65634,42.57934,39.62323,41.01219,50.44799,46.57252,50.28916,50.92151,51.5461,52.92447,54.12947,55.4617,63.97656,61.7171,61.58734,62.26556,69.35416,70.72482,65.0,65.29931,68.00735,63.12686,61.7171,61.55485,60.10824,67.26812,59.39697,62.36986,62.2254,63.25346,60.81118,62.2254,55.17246,62.96825,50.20956,59.46427,55.17246,50.32892,54.45181,51.40039,50.9902,50.80354,50.60632,54.40588,52.63079,48.82622,47.63402,48.54894,42.43819,40.0,41.6173,41.04875,36.61967,40.81666,39.44617,38.48376,38.27532,32.69557,36.05551,35.73514,31.7805
7.0,7.07107,7.07107,8.06226,7.07107,8.06226,8.24621,8.24621,8.24621,8.24621,8.24621,8.24621,8.06226,8.24621,8.24621,9.21954,8.544,8.24621,8.544,8.544,8.24621,8.544,8.24621,9.48683,9.48683,9.48683,8.544,9.84886,9.84886,8.544,8.544,9.48683,9.84886,8.544,8.544,8.544,9.48683,8.544,8.544,8.24621,8.24621,8.24621,8.24621,7.28011,7.28011,7.28011,7.28011,7.28011,7.07107,7.07107,7.0,7.0,37.12142,31.90611,37.20215,38.8973,35.4683,40.81666,39.05125,37.64306,44.59821,44.55334,44.55334,42.52058,48.79549,50.93133,48.83646,47.80167,49.51767,44.40721,47.38143,48.83646,56.40035,48.41487,46.61545,54.81788,46.2277,46.2277,48.60041,52.20153,50.0,56.22277,47.01064,51.40039,48.82622,56.61272,48.37355,51.31277,48.37355,54.08327,50.21952,49.64877,50.24938,50.9902,47.50789,51.0,46.8615,48.82622,46.8615,44.65423,39.69887,42.52058,42.0119,37.53665,40.22437,41.01219,38.28838,39.62323,40.45986,43.26662,47.43416,42.72002,52.83938,46.95743,46.95743,48.02083,55.02727,58.69412,50.92151,61.68468,58.69412,68.30813,60.01666,56.22277,55.3263,65.37584,54.00926,62.28965,62.07254,59.0,63.1981,58.07753,59.00847,55.00909,65.06919,52.03845,56.0,54.14795,59.03389,49.16299,54.23099,48.0,52.23983,50.0,46.04346,48.01042,54.03702,48.01042,56.00893,47.16991,48.04165,47.01064,46.27094,46.0,46.04346,45.0,41.30375,36.67424,37.65634,40.26164,37.48333,44.40721,34.05877,37.94733,35.44009,39.81206
6.7082,6.7082,7.2111,7.2111,8.06226,8.06226,8.06226,8.06226,8.06226,8.06226,8.94427,9.43398,9.43398,9.43398,8.06226,10.0,9.21954,9.43398,8.60233,9.21954,8.60233,9.21954,10.0,9.89949,10.0,9.89949,9.89949,10.63015,9.89949,10.63015,9.89949,9.89949,9.89949,9.89949,9.89949,9.89949,10.63015,9.21954,9.21954,9.21954,9.21954,9.21954,9.21954,8.48528,8.48528,8.48528,8.60233,8.48528,7.81025,8.60233,8.60233,8.06226,28.42534,33.94113,30.61046,32.64966,33.28663,36.05551,34.53983,35.1141,43.08132,42.72002,39.29377,44.55334,44.91102,44.92215,39.56008,45.09989,50.01,49.36598,43.01163,45.70558,48.16638,51.78803,48.08326,42.95346,50.01,49.25444,53.08484,54.0,49.25444,52.00961,49.0408,54.08327,54.00926,53.15073,49.36598,58.0517,60.53098,56.00893,57.07013,50.03998,55.00909,56.0357,49.16299,48.37355,50.63596,56.0803,54.14795,49.0,46.09772,39.62323,42.19005,42.75512,46.52956,42.04759,43.73786,45.12206,40.5216,43.65776,48.8774,46.64762,50.77401,49.40648,57.2014,47.50789,56.85068,61.7171,60.1415,64.38167,61.52235,67.94115,62.93648,64.3506,61.07373,63.78087,58.00862,63.51378,62.43397,57.3062,60.90156,64.88451,63.50591,62.76942,65.76473,53.23533,54.23099,54.12947,57.3062,41.34005,57.58472,53.31041,46.8188,54.626,46.06517,45.18849,48.54894,41.34005,54.12024,46.61545,47.20169,49.39636,40.0,40.70626,39.69887,40.24922,47.01064,37.33631,43.26662,33.28663,31.89044,37.48333,30.4795,39.05125,35.4683,32.52691
6.08276,6.08276,6.32456,7.07107,7.07107,7.07107,7.07107,7.07107,8.06226,8.06226,8.06226,8.24621,8.24621,8.24621,8.06226,9.21954,9.21954,8.06226,8.24621,8.24621,8.24621,9.21954,8.24621,9.48683,9.48683,9.48683,9.48683,10.44031,10.44031,9.48683,9.21954,10.44031,9.48683,9.48683,9.48683,9.21954,10.19804,9.21954,9.21954,9.21954,9.21954,9.21954,9.21954,8.24621,8.06226,8.24621,8.24621,8.24621,8.06226,8.06226,8.06226,7.07107,30.8707,26.24881,28.28427,27.16616,32.98485,29.27456,31.14482,34.36568,35.69314,38.47077,38.20995,36.49658,44.40721,40.60788,40.4475,42.04759,44.28318,43.0,42.29657,47.51842,48.50773,44.72136,43.04649,44.28318,46.69047,46.17359,45.17743,47.0,49.0102,51.08816,49.09175,52.08647,49.25444,53.00943,48.09366,50.15974,52.03845,51.0098,50.35871,50.15974,50.15974,50.24938,51.35173,52.08647,49.25444,49.36598,50.48762,50.35871,42.75512,43.10452,45.39824,40.4475,41.4367,41.0,42.42641,40.02499,42.05948,49.39636,50.24938,49.09175,55.21775,53.60037,54.56189,56.0803,59.4138,65.05382,57.28001,63.78087,64.38167,70.00714,69.02898,64.40497,66.57327,72.67049,64.3506,61.05735,64.14047,62.76942,67.60178,59.16925,61.77378,61.40033,62.96825,56.82429,57.80138,57.69749,58.30952,46.52956,55.47071,48.37355,49.39636,52.35456,46.87217,43.04649,47.70744,41.88078,46.40043,43.56604,45.0,41.04875,40.22437,36.89173,35.51056,34.4093,31.06445,30.80584,30.61046,29.73214,31.1127,29.73214,25.45584,30.41381,27.45906,21.40093
5.65685,5.65685,5.65685,7.07107,7.07107,6.40312,7.07107,7.07107,7.07107,7.07107,7.81025,7.81025,8.48528,8.48528,7.07107,8.48528,7.81025,7.07107,7.81025,7.81025,7.81025,7.81025,7.81025,8.60233,9.21954,9.21954,8.60233,9.21954,9.21954,8.60233,8.60233,9.21954,8.60233,8.60233,9.21954,8.60233,9.21954,8.48528,8.48528,8.48528,7.81025,7.81025,8.48528,7.81025,7.81025,7.81025,7.81025,7.07107,7.07107,7.07107,7.07107,7.07107,29.06888,26.07681,27.20294,25.55386,29.0,29.0,33.42155,37.53665,34.71311,34.05877,35.60899,38.20995,39.62323,38.94868,41.23106,39.20459,44.55334,42.44997,41.7732,43.86342,45.27693,41.7732,44.40721,42.0119,43.86342,45.45327,41.6173,45.22168,49.20366,49.20366,46.2277,47.20169,47.20169,53.00943,46.14109,51.40039,48.54894,50.47772,49.20366,49.09175,49.64877,46.40043,50.44799,50.60632,49.67897,47.63402,48.16638,44.20407,42.63801,43.01163,40.60788,40.22437,38.41875,38.41875,38.20995,40.36087,38.28838,51.0098,56.14268,51.0392,58.07753,55.22681,60.82763,61.29437,64.13267,69.72087,65.51336,68.41053,71.30919,74.52516,74.33034,67.41662,67.6757,79.37884,69.46222,72.44998,67.77905,68.15424,72.49828,66.70832,72.01389,68.942,70.93659,62.6099,62.24147,60.41523,64.2573,50.15974,62.39391,56.0803,52.81098,56.64804,52.20153,46.84015,53.75872,49.64877,51.66237,48.38388,49.0306,46.84015,41.97618,39.31921,40.5216,41.0,35.51056,34.23449,34.52535,31.40064,32.06244,32.06244,25.01999,28.01785,28.28427,27.65863
4.47214,5.38516,5.83095,5.83095,5.38516,5.83095,6.7082,6.7082,6.7082,5.83095,7.2111,7.2111,7.2111,7.2111,6.7082,8.06226,7.2111,7.2111,7.2111,7.2111,8.06226,8.06226,7.2111,8.60233,8.60233,8.60233,8.60233,8.60233,9.43398,8.60233,8.06226,8.06226,8.06226,8.06226,8.06226,8.06226,8.94427,8.06226,8.06226,8.06226,7.61577,8.06226,6.7082,6.7082,6.7082,6.7082,6.32456,6.7082,6.7082,6.7082,6.32456,6.32456,23.08679,25.05993,28.07134,25.31798,28.0,31.01612,30.14963,31.257,30.41381,30.59412,34.36568,32.75668,40.60788,34.9285,36.67424,42.37924,43.93177,41.0,40.60788,41.0,45.12206,41.97618,40.8534,41.23106,40.26164,43.56604,40.80441,45.54119,42.72002,48.70318,48.38388,47.43416,44.91102,48.38388,46.23851,45.60702,49.33559,48.08326,46.57252,49.72927,44.64303,46.09772,47.12749,46.32494,44.14748,43.41659,43.93177,40.5216,41.23106,39.45884,41.7732,40.79216,42.42641,37.33631,37.21559,38.11824,41.0,46.38965,50.24938,50.03998,53.0,53.00943,56.4358,57.31492,59.5399,65.11528,64.13267,65.73431,67.91171,70.83078,70.5195,71.30919,64.88451,72.91776,68.42514,66.64833,67.74216,65.8635,73.24616,63.63175,66.7308,64.89992,65.8635,62.68174,64.40497,59.03389,66.4003,54.6443,61.40033,57.80138,51.61395,54.81788,55.60576,48.54894,53.53504,51.86521,52.43091,51.61395,51.86521,50.0,47.01064,43.01163,44.20407,43.93177,39.66106,42.2019,39.20459,38.83298,36.71512,38.01316,33.01515,33.83785,32.64966,31.30495
5.83095,5.83095,6.32456,6.7082,6.7082,6.7082,7.61577,7.61577,7.61577,7.61577,7.61577,8.24621,8.544,8.544,8.544,8.544,8.24621,8.24621,8.24621,8.24621,8.24621,9.21954,8.24621,9.21954,9.21954,9.21954,9.21954,10.19804,10.19804,9.05539,9.21954,10.19804,9.21954,9.21954,9.21954,9.21954,9.21954,9.48683,9.21954,9.21954,8.24621,9.21954,8.24621,8.24621,8.24621,8.24621,8.24621,8.24621,7.61577,7.61577,7.61577,7.61577,26.1725,26.1725,27.29469,26.07681,29.96665,30.88689,30.88689,30.08322,32.01562,35.1141,35.17101,39.29377,40.16217,40.80441,38.62642,40.4475,43.41659,43.68066,43.65776,42.44997,46.87217,46.84015,41.7732,45.12206,42.72002,50.92151,45.60702,48.83646,50.0,50.80354,47.85394,52.61179,48.25971,52.15362,48.16638,50.69517,47.51842,46.52956,47.07441,48.6621,47.51842,46.32494,48.05206,48.50773,47.29693,48.05206,48.27007,44.55334,41.23106,41.0,42.44997,41.7732,43.68066,38.60052,41.78516,43.08132,41.14608,44.94441,48.82622,50.80354,55.0,51.08816,53.74012,56.63921,57.31492,65.79514,63.03174,64.2028,64.07027,71.21798,68.8186,68.09552,66.7308,71.11962,66.64083,63.95311,65.79514,66.12866,67.06713,63.90618,68.30813,66.09841,64.07808,58.5235,62.29767,57.56735,60.53924,50.0,58.82176,53.75872,51.5461,54.81788,49.98,49.98,52.92447,49.65884,54.70832,47.16991,48.10405,47.53946,46.09772,38.60052,43.86342,40.16217,40.16217,40.31129,38.62642,33.24154,34.0,33.24154,28.63564,29.06888,26.41969,29.20616
6.0,6.0,6.08276,7.07107,7.07107,7.07107,7.07107,7.07107,8.06226,8.06226,8.06226,8.24621,8.06226,8.06226,8.06226,9.21954,8.24621,8.24621,8.24621,8.24621,9.21954,9.21954,8.24621,9.48683,9.48683,9.48683,9.84886,9.48683,9.48683,9.84886,9.48683,9.48683,9.48683,9.48683,9.48683,9.48683,9.48683,9.21954,8.24621,8.24621,8.24621,9.21954,8.24621,7.28011,7.28011,7.28011,8.24621,7.28011,7.07107,7.07107,7.07107,7.07107,29.15476,29.12044,32.55764,29.06888,35.22783,30.01666,34.05877,35.0,34.05877,34.05877,36.12478,38.0526,44.40721,43.01163,40.1995,41.30375,46.09772,44.18144,44.04543,45.89118,47.85394,45.27693,43.93177,43.56604,44.28318,47.85394,48.83646,51.66237,48.27007,51.41984,53.36666,51.1957,50.44799,47.29693,51.5461,44.72136,47.51842,48.05206,50.63596,47.53946,50.9902,48.6621,47.07441,46.87217,44.40721,49.49747,46.52956,44.72136,38.63936,44.28318,42.29657,41.4367,41.4367,39.20459,39.05125,40.11234,40.0125,46.38965,44.72136,50.21952,50.44799,52.49762,49.39636,52.20153,58.18075,62.24147,64.14047,64.88451,62.6099,69.35416,67.6757,64.2028,66.4003,69.06519,67.26812,61.55485,61.52235,65.11528,64.3506,65.76473,64.38167,62.93648,60.82763,58.0517,55.97321,60.20797,60.82763,56.0803,51.85557,53.2635,49.51767,53.90733,48.79549,53.8145,52.34501,48.08326,51.62364,46.69047,50.32892,46.69047,48.10405,39.05125,43.41659,40.45986,40.36087,39.05125,39.69887,33.42155,36.61967,35.4683,33.6006,35.35534,31.38471,31.38471
6.08276,6.32456,6.7082,6.32456,7.61577,7.28011,7.61577,7.61577,7.61577,7.61577,8.544,8.06226,8.544,8.544,8.544,8.94427,8.06226,8.06226,8.06226,8.06226,8.06226,9.43398,8.06226,9.43398,9.43398,9.43398,9.43398,9.43398,9.43398,10.0,8.94427,9.43398,9.43398,9.43398,9.43398,8.94427,8.94427,8.94427,8.94427,8.06226,8.94427,8.06226,8.06226,7.61577,7.61577,6.7082,7.61577,7.61577,7.61577,7.28011,7.28011,7.28011,30.01666,31.06445,31.57531,32.98485,33.52611,32.89377,32.20248,38.48376,36.67424,36.67424,39.0,40.71855,42.04759,38.91015,42.54409,40.70626,46.52956,42.95346,39.39543,44.72136,48.02083,44.77723,45.48626,43.909,45.61798,46.52956,48.37355,47.70744,47.50789,49.09175,47.88528,51.31277,45.22168,50.47772,50.0,46.06517,52.43091,47.63402,48.02083,48.02083,47.01064,46.51881,46.95743,46.06517,43.909,45.27693,42.04759,44.29447,39.0,38.48376,40.24922,37.16181,39.82462,38.62642,38.07887,36.40055,36.68787,46.23851,45.88028,49.64877,50.44799,50.9902,55.44367,54.34151,57.55867,63.3877,62.07254,65.06919,63.03174,71.0,69.35416,66.91039,63.63961,70.85901,66.4906,65.96969,66.4906,66.48308,71.56815,64.56005,67.6757,65.9242,63.78871,61.84658,58.87274,63.15853,62.96825,53.75872,57.00877,57.56735,51.24451,56.30275,53.85165,53.45091,55.36244,51.24451,55.97321,50.92151,54.34151,50.96077,48.50773,44.27189,44.92215,47.12749,40.26164,44.14748,39.56008,38.32754,39.81206,37.10795,32.55764,39.45884,36.12478,34.05877
7.07107,7.07107,7.0,8.06226,8.06226,8.06226,8.06226,8.0,8.0,8.06226,9.05539,9.0,9.05539,9.05539,9.05539,9.0,9.0,9.0,9.0,9.0,9.0,9.0,9.0,9.0,9.0,10.0,9.05539,10.0,10.0,10.04988,9.0,10.0,9.0,9.0,9.0,9.0,10.04988,9.05539,8.06226,8.06226,8.06226,8.06226,8.0,8.06226,7.07107,7.07107,7.07107,7.07107,7.07107,7.07107,7.28011,7.28011,34.98571,31.7805,37.64306,34.20526,37.65634,33.95585,36.22154,39.81206,36.49658,39.45884,36.34556,38.20995,42.19005,39.45884,41.59327,45.01111,47.16991,45.27693,42.42641,43.18565,50.03998,44.10215,44.04543,44.10215,43.04649,43.10452,47.01064,47.01064,49.0102,49.0408,49.0102,48.09366,47.04253,50.01,48.04165,49.25444,48.04165,46.01087,51.15662,47.09565,45.04442,46.27094,47.16991,44.18144,46.27094,45.17743,40.79216,41.19466,40.1995,38.47077,39.31921,42.57934,39.20459,36.13862,36.87818,36.13862,36.40055,43.10452,48.04165,45.04442,50.35871,52.23983,55.57877,54.74486,55.7853,61.68468,59.13544,64.51356,65.19202,72.44998,68.44706,65.76473,65.36819,71.69379,64.89992,65.73431,66.21933,64.81512,67.62396,60.60528,67.00746,66.06815,61.61169,55.22681,61.7171,57.28001,66.70832,49.67897,60.87693,56.63921,55.97321,55.86591,52.40229,47.42362,54.67175,51.08816,52.80152,54.56189,49.64877,50.9902,48.01042,44.82187,45.96738,46.2277,43.60046,43.01163,39.05125,42.43819,39.11521,41.72529,33.83785,37.73592,35.51056,37.21559
5.38516,5.38516,6.08276,6.32456,6.32456,6.32456,6.32456,6.32456,6.32456,7.07107,7.28011,7.07107,7.28011,7.07107,7.28011,8.06226,7.07107,7.07107,7.07107,7.07107,7.28011,7.07107,7.07107,8.06226,8.06226,8.06226,8.06226,9.05539,9.05539,8.0,8.06226,8.06226,8.06226,7.07107,8.06226,7.07107,8.06226,7.07107,7.07107,7.07107,7.07107,7.07107,7.07107,6.08276,6.08276,6.08276,6.08276,6.08276,6.08276,6.08276,6.32456,5.38516,30.4795,30.4795,35.60899,36.12478,34.71311,38.01316,34.82815,36.40055,36.89173,39.40812,40.22437,38.58756,44.41846,39.66106,41.67733,41.59327,48.54894,45.61798,43.41659,47.16991,47.88528,44.72136,42.95346,44.65423,43.909,48.37355,45.61798,47.42362,47.41308,53.31041,48.46648,49.76947,46.95743,50.53712,48.10405,48.37355,50.60632,48.30114,46.64762,48.33218,47.92703,47.88528,45.27693,46.06517,41.88078,45.27693,43.04649,43.41659,39.11521,39.66106,41.18252,35.51056,35.22783,35.60899,34.66987,34.4093,38.28838,48.33218,48.8774,48.25971,53.82379,54.40588,57.38467,52.40229,60.10824,65.19202,60.10824,65.19202,64.3506,70.72482,73.24616,69.89278,65.76473,69.46222,63.13478,65.8635,67.77905,65.74192,73.53911,61.32699,65.30697,65.55151,64.84597,62.39391,61.98387,59.20304,63.32456,53.45091,61.03278,55.36244,55.36244,57.87055,55.71355,48.10405,54.23099,50.15974,55.9017,51.07837,50.56679,46.09772,47.53946,41.14608,47.92703,45.61798,41.62932,41.62932,38.91015,41.14608,38.01316,40.70626,34.48188,37.58989,37.20215,37.20215
7.2111,7.2111,7.61577,8.06226,8.06226,8.06226,8.06226,8.06226,8.06226,8.94427,8.94427,8.94427,8.94427,8.94427,8.94427,9.84886,8.544,8.94427,8.94427,8.94427,8.94427,9.84886,8.94427,9.48683,9.84886,9.48683,9.84886,10.77033,9.84886,9.48683,9.84886,9.84886,9.84886,9.84886,8.94427,8.94427,9.84886,8.94427,8.94427,8.06226,8.94427,8.94427,8.06226,7.61577,8.06226,7.61577,8.06226,7.2111,8.06226,7.2111,7.2111,7.2111,31.89044,30.80584,36.79674,34.65545,34.05877,33.97058,34.71311,38.94868,35.60899,39.05125,39.82462,42.0119,44.40721,40.45986,44.68781,43.41659,48.9183,45.22168,44.20407,47.20169,51.97115,49.09175,45.27693,45.79301,47.01064,49.40648,48.01042,48.25971,50.77401,51.47815,48.54894,50.77401,48.25971,54.08327,47.85394,50.21952,50.47772,51.31277,49.09175,49.73932,46.04346,49.09175,48.41487,47.20169,45.60702,45.48626,47.01064,41.6173,43.41659,41.6173,40.60788,38.27532,42.2019,38.20995,38.41875,38.20995,38.94868,48.16638,49.57822,50.93133,54.45181,55.22681,60.21628,56.85948,60.74537,66.57327,61.77378,64.41273,64.4748,74.24284,71.30919,66.40783,65.55151,72.8011,65.14599,67.05222,68.68042,66.48308,66.70832,63.34824,66.70832,67.08204,63.15061,60.53098,60.67125,58.54912,62.96825,50.80354,59.22837,59.43904,53.15073,54.74486,52.88667,50.01,54.81788,48.27007,51.66237,51.66237,52.20153,46.17359,48.46648,42.44997,47.07441,41.76123,39.05125,36.40055,40.80441,37.33631,43.08132,38.8973,35.4683,36.24914,38.07887,32.64966
3.60555,3.60555,4.47214,5.0,5.0,5.0,5.0,5.0,5.83095,5.83095,6.40312,6.40312,6.40312,6.40312,6.40312,7.2111,6.7082,6.40312,6.7082,7.2111,7.2111,7.2111,6.40312,8.06226,7.2111,7.2111,7.2111,8.06226,8.06226,8.06226,7.2111,8.06226,8.06226,7.2111,7.2111,7.2111,7.81025,7.81025,7.2111,7.2111,7.2111,7.2111,7.2111,5.83095,5.83095,5.83095,5.83095,5.83095,6.40312,6.40312,5.65685,5.65685,22.2036,21.26029,23.02173,22.80351,24.69818,23.32381,25.07987,26.83282,26.40076,29.54657,33.10589,32.24903,37.21559,38.94868,35.0,36.76955,40.31129,37.16181,36.89173,39.35734,41.23106,37.58989,38.07887,40.71855,42.05948,45.65085,42.95346,45.69464,46.64762,48.10405,42.04759,43.41659,42.95346,47.92703,46.8188,44.72136,44.29447,44.38468,46.64762,43.65776,43.46263,46.06517,46.52956,44.28318,42.05948,45.61798,43.82921,44.28318,38.47077,39.35734,40.70626,36.76955,38.48376,40.31129,38.47077,34.66987,37.20215,52.49762,56.56854,53.8145,57.38467,61.22091,66.0303,61.84658,63.51378,69.63476,66.88797,75.80237,71.86793,78.89233,75.58439,68.15424,74.09453,81.939,71.16881,72.23573,75.58439,74.04053,74.04053,67.05222,73.76313,72.78049,69.64194,63.56099,62.96825,62.16912,65.25335,54.57105,61.39218,55.57877,49.72927,56.29387,53.16014,49.0408,51.66237,49.47727,49.72927,47.29693,49.98,43.41659,43.41659,40.5216,33.95585,34.9285,35.44009,31.57531,34.20526,31.04835,29.83287,26.4764,28.23119,27.51363,25.4951,26.40076
3.0,3.0,3.16228,4.12311,4.12311,4.0,5.09902,4.12311,5.09902,5.09902,6.08276,6.08276,5.09902,6.08276,5.09902,6.08276,6.08276,6.08276,6.08276,6.08276,6.08276,7.28011,6.08276,7.28011,7.28011,7.28011,7.28011,8.24621,7.28011,8.24621,7.28011,8.24621,7.28011,7.28011,7.28011,7.28011,7.28011,7.28011,7.28011,7.28011,7.28011,7.28011,7.28011,6.32456,6.32456,6.32456,6.32456,6.32456,6.32456,6.32456,6.08276,6.08276,14.31782,14.0,21.2132,14.03567,19.41649,19.92486,19.41649,21.84033,25.63201,27.89265,27.51363,25.29822,31.01612,30.41381,31.04835,32.89377,33.73426,36.76955,36.13862,33.24154,38.27532,33.24154,38.27532,35.73514,40.16217,43.68066,36.40055,40.31129,42.54409,45.31004,43.08132,46.06517,39.39543,45.31004,40.81666,43.86342,42.48529,45.54119,47.92703,42.48529,42.54409,47.16991,43.65776,44.38468,44.94441,42.15448,41.78516,39.81206,37.16181,36.67424,41.23106,36.24914,39.44617,40.8534,37.33631,38.27532,37.64306,54.12947,58.82176,55.7853,65.14599,60.74537,65.39113,64.40497,68.0,77.38863,67.1193,76.05919,75.80237,83.35466,79.88116,79.6304,74.20243,82.41966,74.65253,74.4043,73.24616,74.02702,79.30952,67.94115,71.06335,72.18033,74.51845,68.62215,70.00714,63.70243,67.35726,49.57822,62.28965,58.79626,54.48853,56.58622,53.2635,49.67897,50.44799,45.60702,48.01042,48.27007,43.26662,43.18565,41.23106,39.20459,38.41875,34.71311,32.52691,34.82815,29.20616,27.01851,24.83948,26.90725,22.2036,22.36068,19.69772,19.72308
2.0,2.0,2.0,2.23607,3.16228,3.16228,3.16228,4.47214,4.12311,4.47214,5.38516,5.38516,5.38516,5.38516,5.38516,6.7082,6.7082,6.7082,6.32456,6.7082,6.32456,7.61577,7.61577,7.2111,8.06226,8.94427,8.06226,8.06226,8.06226,8.06226,8.06226,8.06226,8.06226,8.06226,8.94427,8.94427,8.94427,8.06226,8.06226,8.06226,8.544,8.94427,8.06226,8.06226,8.06226,8.06226,8.544,7.61577,8.06226,8.06226,8.544,8.544,9.84886,7.61577,10.04988,9.21954,7.0,12.36932,10.77033,14.86607,14.86607,16.55295,15.23155,21.54066,21.54066,22.84732,24.69818,28.6531,27.73085,25.05993,32.64966,33.54102,37.73592,33.61547,34.9285,33.61547,34.0,33.61547,38.58756,40.0,42.54409,42.94182,45.79301,44.41846,38.94868,46.14109,45.60702,44.72136,47.88528,48.01042,44.40721,44.10215,42.72002,45.17743,45.48626,43.41659,43.909,45.79301,45.65085,42.0119,44.41846,40.80441,46.40043,40.60788,41.10961,41.34005,43.04649,43.04649,42.72002,59.4138,63.41136,62.482,72.62231,63.82006,70.3278,71.34424,69.46222,82.29824,75.76939,82.07923,79.47956,89.5377,81.60882,76.92204,78.84795,88.60023,77.92946,78.33901,77.10383,74.96666,77.10383,69.46222,74.43118,68.06614,70.71068,66.1211,65.06919,58.03447,65.06919,51.08816,56.0803,54.0,50.08992,49.09175,46.01087,44.01136,46.0,41.01219,42.0119,37.65634,40.04997,39.45884,31.57531,31.32092,31.7805,30.08322,26.57066,24.41311,24.59675,21.09502,21.40093,19.79899,13.60147,19.41649,16.97056,14.14214
2.23607,2.23607,2.82843,3.60555,3.60555,3.60555,3.60555,5.0,5.0,5.0,5.83095,6.40312,6.40312,6.40312,6.40312,7.07107,6.40312,6.40312,7.07107,7.81025,7.81025,7.81025,7.81025,8.48528,9.21954,9.21954,8.48528,9.89949,9.89949,9.21954,9.21954,9.89949,9.89949,9.89949,8.48528,8.48528,9.21954,9.21954,9.21954,9.21954,8.48528,8.48528,8.48528,8.48528,8.48528,7.81025,8.48528,8.48528,8.48528,8.48528,8.48528,7.81025,9.21954,8.06226,8.24621,9.05539,11.18034,9.21954,12.64911,17.0,13.41641,14.31782,18.86796,25.0,22.80351,26.07681,28.6531,27.20294,30.01666,32.64966,36.05551,35.0,35.22783,35.35534,33.97058,37.01351,37.44329,39.82462,37.20215,40.60788,47.16991,46.2277,47.80167,46.40043,45.22168,48.10405,48.08326,45.60702,45.34314,48.83646,47.80167,45.27693,46.69047,49.0408,49.20366,49.81967,46.2277,50.93133,42.0119,49.81967,44.20407,43.27817,43.93177,42.52058,39.82462,41.23106,43.01163,45.22168,43.56604,60.00833,60.41523,59.48109,67.60178,63.24555,66.61081,65.73431,72.62231,76.83749,75.0733,78.51751,77.23341,86.26703,81.8352,77.20104,80.44874,81.8352,73.57309,70.17834,75.45197,70.49113,75.13322,70.21396,68.02941,69.07966,65.74192,60.40695,60.08328,64.84597,58.69412,49.72927,54.12024,49.0408,48.10405,50.96077,47.80167,40.02499,43.68066,43.41659,40.31129,38.11824,40.60788,32.06244,34.23449,34.0147,28.44293,29.06888,28.0,29.42788,25.4951,20.12461,21.47091,22.82542,17.49286,21.09502,19.10497,17.08801
3.60555,3.16228,4.12311,4.12311,4.12311,5.09902,5.09902,5.09902,5.09902,6.08276,6.32456,7.07107,7.28011,7.07107,7.28011,8.24621,7.07107,7.28011,8.06226,8.06226,8.24621,8.06226,8.24621,9.05539,9.05539,9.05539,9.05539,10.04988,10.04988,9.05539,9.05539,10.04988,9.05539,9.05539,9.05539,9.05539,10.19804,9.21954,9.05539,9.05539,8.06226,9.05539,9.05539,8.06226,8.06226,8.06226,8.06226,8.06226,8.06226,8.24621,8.24621,7.28011,19.0263,17.0,15.65248,13.89244,14.76482,19.10497,15.0,23.43075,19.72308,25.0,25.80698,27.20294,30.52868,29.73214,32.20248,34.43835,40.22437,37.73592,37.01351,37.80212,44.41846,40.49691,38.94868,42.94182,41.18252,42.54409,44.28318,44.01136,47.42362,51.42956,50.08992,48.33218,49.76947,54.626,47.92703,52.7731,50.69517,52.81098,50.56679,51.07837,47.01064,50.08992,52.7731,55.03635,52.7731,50.56679,48.8467,51.89412,45.18849,43.08132,43.38202,43.46263,44.28318,44.77723,43.909,45.65085,45.0,55.31727,56.88585,54.08327,64.07027,61.03278,63.07139,64.07027,64.38167,72.99315,69.63476,75.18643,74.33034,81.32035,75.96052,73.92564,71.58911,79.62412,68.96376,68.60029,68.26419,67.41662,70.60453,65.43699,62.36986,64.44377,63.25346,59.46427,57.28001,52.49762,57.38467,46.2277,53.07542,51.73973,46.01087,45.60702,41.88078,38.58756,40.80441,42.2019,41.6173,43.909,38.83298,38.01316,36.67424,30.8707,35.77709,32.89377,33.24154,30.08322,31.7805,32.24903,27.29469,28.0,28.01785,26.07681,26.07681,21.58703
5.0,5.0,5.38516,5.83095,5.83095,6.32456,6.32456,6.32456,6.7082,6.32456,7.28011,7.28011,7.28011,7.28011,8.24621,8.24621,8.24621,8.24621,8.24621,8.24621,8.24621,8.24621,8.24621,9.05539,9.05539,9.05539,9.05539,10.04988,10.04988,9.05539,9.05539,9.05539,9.05539,9.05539,9.05539,9.05539,9.05539,9.21954,9.05539,9.05539,8.24621,9.21954,9.05539,8.06226,8.24621,7.07107,8.24621,8.24621,8.24621,7.28011,7.61577,7.61577,21.09502,27.80288,27.65863,28.3196,28.3196,29.20616,28.01785,30.88689,31.30495,31.90611,33.83785,33.54102,41.14608,38.01316,38.91015,41.4367,44.28318,42.37924,41.62932,39.39543,47.43416,41.23106,42.95346,44.92215,44.94441,47.75982,45.88028,48.50773,48.08326,53.60037,48.08326,50.96077,50.28916,52.39275,46.69047,53.75872,52.17279,55.31727,49.64877,50.69517,50.69517,48.38388,50.21952,49.33559,50.59644,49.33559,47.53946,49.0408,44.01136,41.76123,43.08132,41.76123,44.01136,42.48529,43.65776,43.41659,43.909,48.27007,50.9902,47.26521,56.22277,51.08816,57.14018,52.03845,58.42089,64.93843,62.96825,66.21933,61.98387,73.24616,67.23095,71.11259,66.7308,69.31811,63.82006,65.21503,63.82006,67.20119,68.76772,61.7171,62.96825,61.52235,62.36986,52.49762,61.55485,54.20332,59.5483,44.20407,56.0357,49.81967,48.16638,50.80354,48.25971,44.40721,46.04346,44.04543,52.00961,46.32494,45.22168,42.19005,41.18252,42.94182,44.77723,40.70626,40.71855,39.39543,37.12142,38.91015,34.0147,32.69557,35.4683,34.53983,33.61547,27.29469
5.09902,5.09902,6.0,6.08276,6.08276,6.08276,6.0,6.0,7.0,7.0,7.07107,7.0,8.0,8.0,7.0,8.06226,8.06226,8.06226,7.07107,8.06226,8.06226,8.06226,8.06226,8.06226,9.05539,8.06226,8.24621,9.21954,9.21954,8.24621,8.06226,8.24621,9.21954,9.05539,8.06226,8.06226,9.05539,8.06226,8.0,8.06226,7.07107,8.06226,8.0,7.07107,7.0,7.07107,7.0,7.0,7.0,7.07107,7.07107,6.08276,26.83282,31.7805,27.51363,29.27456,30.41381,26.07681,32.38827,31.01612,37.01351,34.0147,35.35534,36.05551,38.20995,43.10452,39.0,38.0526,39.11521,41.30375,36.05551,46.09772,43.73786,45.54119,43.17407,44.27189,43.93177,44.64303,46.32494,49.47727,48.05206,47.53946,46.09772,44.92215,51.24451,47.01064,46.61545,46.87217,50.32892,48.38388,50.0,47.53946,50.28916,47.29693,49.64877,47.51842,42.42641,49.72927,42.75512,45.54119,38.83298,43.68066,41.97618,40.26164,38.83298,40.31129,40.11234,41.0,39.05125,44.77723,44.77723,46.09772,46.09772,49.76947,47.80167,50.96077,51.47815,61.84658,62.39391,60.00833,62.0,68.0,67.26812,58.69412,70.45566,70.34913,65.0,62.8172,62.96825,62.29767,67.05222,65.79514,65.39113,62.76942,61.77378,57.70615,54.08327,56.35601,55.00909,52.35456,57.45433,52.15362,51.10773,51.31277,48.76474,51.31277,55.47071,50.21952,50.47772,48.60041,53.33854,43.56604,51.62364,39.82462,43.56604,43.01163,43.01163,40.49691,44.65423,38.94868,40.0,35.4683,37.21559,40.0,34.1321,31.76476
6.32456,6.32456,6.7082,6.7082,6.7082,6.7082,6.7082,6.7082,8.06226,7.2111,7.61577,8.06226,8.06226,8.06226,8.06226,8.60233,8.06226,8.06226,7.2111,8.06226,8.06226,8.60233,8.06226,8.60233,8.60233,8.60233,8.60233,8.60233,8.60233,8.60233,7.2111,8.60233,8.60233,8.06226,8.60233,8.60233,9.43398,8.06226,7.2111,7.2111,8.06226,7.2111,7.2111,7.2111,6.7082,6.7082,6.7082,6.7082,6.7082,6.7082,6.32456,6.32456,30.0,27.16616,29.12044,29.83287,31.01612,27.85678,32.64966,35.77709,35.35534,35.8469,38.83298,38.47077,40.60788,39.11521,42.48529,40.22437,42.54409,39.40812,40.70626,43.01163,46.04346,42.72002,41.23106,42.0119,40.80441,43.41659,44.20407,44.04543,44.65423,46.2277,44.82187,45.60702,45.60702,45.34314,41.7732,44.40721,46.8615,42.44997,44.68781,44.20407,43.01163,44.41846,45.22168,45.0,41.6173,42.2019,40.49691,38.83298,38.60052,37.44329,37.20215,33.6006,37.73592,36.71512,36.71512,36.67424,36.40055,41.59327,46.23851,45.61798,47.75982,51.1957,52.95281,53.60037,58.24946,63.63961,62.1289,66.00758,65.06919,70.02857,71.11259,69.35416,67.89698,74.96666,68.65858,70.03571,69.42622,71.7844,73.76313,66.7308,72.73239,69.857,71.56815,66.18912,65.55151,62.24147,67.41662,58.5235,62.96825,58.87274,57.87055,60.41523,58.18935,57.87055,56.921,51.62364,57.24509,52.0,55.08176,52.20153,50.92151,46.48656,50.32892,46.23851,47.43416,43.93177,42.72002,39.56008,39.81206,41.23106,36.87818,39.45884,32.55764,34.52535
5.38516,6.32456,6.32456,6.32456,6.32456,7.28011,7.28011,7.28011,7.28011,7.28011,7.28011,7.28011,7.28011,7.28011,7.28011,8.06226,7.28011,7.07107,8.06226,7.28011,8.24621,8.06226,7.28011,8.06226,8.06226,8.06226,8.06226,8.06226,9.05539,8.06226,8.06226,8.06226,8.06226,8.06226,8.06226,7.07107,8.24621,7.28011,7.28011,7.28011,6.32456,7.28011,7.28011,7.28011,6.32456,6.08276,6.32456,6.32456,6.32456,6.32456,6.32456,6.32456,25.6125,25.45584,27.80288,29.96665,30.80584,26.83282,29.06888,33.61547,32.69557,34.48188,30.67572,35.73514,36.40055,34.9285,36.23534,37.0,40.31129,36.67424,34.9285,39.21734,39.56008,36.67424,37.0,34.78505,36.40055,39.84972,38.27532,39.84972,38.07887,43.65776,39.84972,40.5216,39.29377,43.17407,38.63936,36.40055,41.7732,40.60788,40.26164,38.47077,40.26164,40.16217,40.16217,41.4367,37.0,39.56008,38.27532,34.78505,33.24154,35.1141,34.53983,32.28002,33.52611,29.54657,32.24903,34.0,31.90611,43.18565,46.69047,45.27693,49.81967,51.22499,55.47071,56.22277,60.46487,66.28725,65.0,67.23095,67.62396,76.05919,72.73239,71.56815,71.16881,77.49194,71.56815,72.27724,71.56815,69.857,76.40026,71.02112,72.44308,73.24616,69.87131,69.11584,69.72087,67.47592,70.34913,58.54912,63.28507,61.98387,56.75385,60.82763,59.22837,54.91812,60.82763,54.91812,58.69412,54.34151,55.54278,51.78803,52.63079,47.07441,48.05206,46.17359,40.80441,38.83298,43.41659,37.10795,34.20526,38.27532,28.4605,36.40055,30.46309,26.83282
6.08276,6.32456,6.32456,6.32456,6.32456,6.32456,6.32456,7.28011,7.28011,7.28011,7.28011,7.28011,7.28011,7.28011,7.28011,7.61577,7.61577,7.28011,7.61577,7.61577,7.28011,7.61577,7.28011,7.61577,7.61577,7.61577,7.61577,8.544,8.544,7.61577,7.61577,7.61577,7.61577,7.61577,7.61577,7.28011,7.28011,7.28011,7.28011,7.28011,7.28011,7.28011,7.28011,6.32456,6.32456,6.32456,6.32456,6.32456,6.32456,6.32456,6.08276,6.08276,23.34524,24.73863,25.17936,26.30589,31.01612,25.4951,30.59412,30.80584,31.57531,29.15476,31.04835,34.71311,38.8973,37.85499,35.69314,37.10795,38.60052,36.68787,33.95585,36.87818,39.21734,35.51056,35.73514,37.94733,38.07887,37.85499,37.36308,38.62642,38.8973,39.39543,36.05551,39.92493,43.01163,39.21734,38.8973,37.0,40.31129,41.59327,38.8973,34.78505,40.16217,38.63936,37.36308,40.26164,35.1141,37.36308,33.95585,35.44009,35.17101,31.32092,30.67572,31.32092,29.73214,33.95585,30.41381,31.257,31.06445,47.12749,49.0408,48.70318,52.81098,56.46238,55.00909,58.18075,59.03389,70.21396,69.64194,71.28113,69.33974,78.54935,74.20243,68.88396,76.05919,81.05554,77.7946,70.71068,72.24957,71.50524,78.49204,77.89737,76.57676,76.05919,76.38063,72.47068,66.70832,69.42622,68.76772,63.12686,62.482,62.28965,57.28001,62.482,59.39697,57.98276,59.4138,54.45181,55.17246,51.73973,58.13777,48.08326,54.56189,45.27693,46.2277,41.72529,43.27817,38.28838,42.63801,36.40055,36.40055,31.82766,31.241,33.83785,30.23243,27.73085
5.09902,5.0,5.0,6.0,5.0,6.08276,6.0,6.0,6.0,6.0,6.08276,7.0,7.07107,6.08276,7.0,7.0,7.0,6.0,7.0,7.0,6.0,7.0,6.0,7.0,7.0,7.0,7.0,7.0,8.0,7.0,7.0,7.0,7.0,7.0,7.0,7.0,7.07107,7.07107,7.07107,6.0,6.08276,7.07107,6.0,6.08276,6.0,6.0,6.0,6.0,6.08276,6.08276,6.08276,6.08276,21.26029,22.67157,24.18677,25.05993,24.69818,26.40076,27.89265,26.57066,24.69818,30.08322,31.62278,29.73214,31.95309,31.38471,34.78505,34.78505,36.76955,37.16181,34.0147,33.61547,40.5216,32.89377,32.57299,33.24154,37.0,34.71311,34.43835,35.17101,35.73514,39.84972,32.31099,37.94733,34.53983,38.83298,33.24154,41.76123,38.07887,34.9285,38.27532,36.68787,35.1141,33.61547,36.40055,37.33631,35.8469,33.61547,33.54102,35.1141,30.08322,30.8707,29.41088,31.38471,32.31099,29.96665,30.8707,32.24903,31.38471,50.20956,51.62364,50.32892,54.03702,57.2014,57.68882,60.21628,62.26556,72.71864,68.0,72.00694,69.77822,78.29432,76.6942,73.68175,74.94665,79.12016,74.04053,74.46476,73.76313,73.5459,78.1025,72.18033,74.95332,71.84706,72.27724,68.06614,70.21396,64.49806,69.857,58.46366,66.28725,62.96825,57.07013,62.96825,57.00877,55.10898,56.75385,54.40588,55.7853,52.39275,50.96077,50.96077,49.98,43.01163,46.84015,45.35416,39.56008,38.27532,37.94733,34.78505,36.68787,32.89377,31.62278,28.23119,29.15476,23.85372
4.47214,4.47214,5.0,5.83095,5.0,4.47214,5.83095,5.83095,5.83095,5.83095,5.83095,6.40312,5.83095,5.83095,5.83095,6.40312,5.83095,5.83095,5.83095,5.83095,5.83095,6.40312,5.83095,6.40312,6.40312,6.40312,6.40312,6.40312,6.40312,6.40312,6.40312,6.40312,6.40312,6.40312,6.40312,6.40312,7.2111,6.40312,6.40312,5.83095,6.40312,6.40312,6.40312,5.83095,5.83095,5.0,5.83095,5.83095,5.0,5.0,5.83095,5.0,20.39608,23.08679,24.18677,22.09072,26.4764,26.07681,21.84033,26.92582,26.68333,26.92582,29.41088,29.15476,33.73426,27.65863,30.08322,32.57299,34.71311,31.04835,32.55764,35.17101,38.27532,32.28002,31.62278,34.20526,34.9285,34.78505,34.48188,34.9285,32.98485,39.39543,34.78505,36.05551,37.33631,40.31129,35.77709,34.48188,36.40055,39.0,35.73514,38.27532,37.94733,37.64306,36.68787,36.40055,36.40055,34.9285,38.07887,37.0,33.24154,31.32092,32.01562,32.98485,29.54657,32.89377,32.01562,32.55764,34.52535,52.63079,55.65968,54.78138,60.53924,59.5063,63.63175,59.5063,64.41273,76.15773,71.86793,79.05694,77.10383,84.31489,77.62087,77.33693,78.51751,81.56592,79.24645,77.23341,74.41102,71.50524,80.61017,73.0,77.15569,77.89737,72.86288,70.72482,68.0147,65.60488,70.00714,60.1415,63.70243,58.69412,63.03174,65.05382,57.31492,55.17246,60.20797,54.67175,55.31727,53.8145,55.21775,52.80152,49.67897,45.45327,46.04346,44.59821,41.7732,38.60052,39.20459,35.80503,36.40055,32.01562,27.65863,31.40064,29.06888,23.85372
4.47214,4.24264,4.24264,5.0,5.0,5.0,5.65685,5.65685,5.65685,5.65685,5.65685,5.65685,5.65685,5.65685,5.65685,5.65685,5.65685,5.65685,5.65685,5.65685,5.65685,5.65685,5.65685,6.40312,6.40312,6.40312,6.40312,6.40312,6.40312,6.40312,6.40312,6.40312,6.40312,6.40312,6.40312,6.40312,6.40312,6.40312,6.40312,5.65685,5.65685,6.40312,5.65685,5.65685,5.65685,5.65685,5.65685,5.65685,5.65685,5.65685,5.0,5.0,22.82542,20.24846,21.2132,21.93171,25.6125,24.08319,22.80351,26.90725,25.80698,29.20616,30.0,31.89044,32.80244,33.30165,33.42155,33.28663,32.01562,32.80244,33.6006,35.80503,37.01351,34.20526,32.64966,35.22783,33.6006,35.0,35.60899,34.66987,36.61967,38.07887,34.98571,38.41875,36.61967,36.89173,36.35932,36.12478,38.58756,40.81666,35.4683,38.27532,35.80503,40.60788,39.66106,36.89173,36.23534,37.64306,36.40055,37.20215,33.24154,35.4683,35.4683,34.05877,34.20526,32.01562,33.94113,31.82766,33.24154,55.97321,57.2014,55.60576,60.21628,59.90826,63.63175,65.0,65.29931,74.79305,72.44998,78.92401,78.29432,84.58132,79.71198,75.0,77.87811,83.81527,76.29548,77.46612,75.80237,74.8131,79.76215,71.84706,76.11833,73.5527,75.50497,67.47592,70.34913,67.60178,69.72087,57.42822,62.1289,63.50591,58.0517,64.07027,59.84146,56.7186,62.16912,53.93515,57.07013,54.58938,57.07013,52.95281,50.01,45.60702,50.48762,41.4367,42.29657,41.7732,38.63936,39.45884,36.87818,38.32754,31.40064,29.83287,30.36445,26.92582
3.60555,3.60555,4.24264,3.60555,3.60555,3.60555,4.24264,4.24264,4.24264,4.24264,5.0,5.0,5.0,5.0,5.0,5.65685,4.24264,5.0,5.65685,5.65685,5.0,5.65685,5.0,5.65685,5.65685,5.65685,5.65685,5.65685,5.65685,5.65685,5.65685,5.65685,6.40312,5.65685,5.65685,5.65685,6.40312,5.65685,5.65685,5.65685,5.65685,5.65685,5.65685,5.0,5.0,5.0,5.0,5.0,5.0,5.0,4.47214,4.47214,20.61553,21.93171,20.61553,21.40093,24.08319,22.2036,22.02272,25.4951,21.93171,24.75884,27.01851,29.0,29.0,29.69848,27.80288,31.82766,34.05877,33.97058,32.55764,31.82766,36.06938,30.4795,32.55764,29.69848,29.83287,33.24154,30.41381,38.20995,35.4683,36.40055,32.80244,33.94113,33.97058,40.0,34.66987,37.48333,37.20215,38.60052,38.20995,33.94113,33.94113,36.76955,36.87818,37.48333,38.94868,37.48333,33.30165,34.82815,33.24154,32.55764,31.241,33.97058,32.52691,32.80244,34.4093,31.241,30.23243,55.56978,54.56189,57.38467,63.32456,61.46544,66.09841,65.14599,66.76077,75.0,70.40597,74.33034,70.85901,79.83107,78.23043,76.05919,75.16648,81.22192,73.00685,75.00667,74.00676,76.02631,76.10519,69.58448,73.10951,76.32169,71.02816,67.60178,70.45566,64.28063,69.11584,57.14018,65.37584,61.13101,58.13777,60.29925,61.03278,53.03772,58.0,53.08484,53.00943,55.08176,51.08816,51.08816,47.01064,46.01087,45.01111,41.04875,41.04875,38.01316,39.20459,36.12478,36.01389,35.01428,27.07397,31.01612,29.06888,25.07987
4.0,4.0,4.12311,4.12311,4.0,4.0,5.09902,5.09902,5.09902,5.09902,5.09902,5.09902,5.09902,5.09902,5.09902,6.08276,5.09902,6.08276,5.09902,6.08276,5.09902,5.09902,6.08276,6.08276,6.32456,6.32456,6.32456,7.28011,6.32456,6.32456,6.32456,6.32456,6.32456,6.32456,6.32456,6.32456,7.28011,6.32456,6.32456,6.32456,6.08276,6.08276,6.32456,5.38516,5.38516,5.38516,5.09902,5.09902,5.09902,5.09902,6.08276,5.0,22.82542,19.92486,21.09502,22.56103,24.08319,20.09975,25.17936,28.07134,26.07681,27.16616,28.63564,28.01785,30.26549,30.01666,31.01612,30.08322,32.75668,33.24154,28.16026,30.26549,33.95585,34.05877,31.40064,31.40064,34.05877,34.52535,33.73426,36.13862,35.69314,39.29377,35.90265,35.69314,34.9285,38.60052,32.57299,37.33631,39.81206,38.32754,41.0,35.69314,37.10795,36.87818,39.05125,38.32754,37.65634,40.02499,36.87818,36.67424,32.75668,33.73426,33.73426,36.67424,34.9285,35.35534,33.24154,34.05877,33.0,53.22593,56.4358,59.68249,59.90826,64.40497,62.00806,64.03124,68.24954,74.8131,74.51845,75.0733,73.66139,79.39773,80.62258,77.33693,80.05623,81.3941,77.80103,71.06335,73.00685,76.6094,79.6304,74.02702,75.9276,74.4043,71.44928,70.21396,65.80274,67.80118,67.47592,59.64059,63.60031,62.80127,56.72742,60.60528,58.13777,58.72819,60.10824,50.93133,54.48853,49.57822,55.17246,50.20956,49.51767,43.13931,45.96738,44.59821,38.8973,40.31129,38.18377,36.12478,31.89044,31.1127,31.241,28.84441,27.80288,25.6125
3.60555,4.47214,4.47214,4.47214,4.47214,5.38516,5.38516,5.38516,5.38516,5.38516,5.38516,5.38516,5.38516,5.38516,5.38516,6.32456,6.32456,5.38516,5.38516,6.32456,5.38516,6.32456,6.32456,6.08276,6.08276,6.32456,6.08276,7.07107,7.07107,6.08276,6.08276,7.07107,7.07107,6.08276,7.28011,6.08276,7.28011,7.07107,6.08276,6.08276,6.32456,6.08276,6.32456,6.08276,6.08276,6.08276,6.32456,5.09902,5.09902,6.08276,5.38516,5.38516,18.02776,24.08319,24.41311,22.67157,25.23886,23.32381,25.80698,26.07681,30.41381,27.73085,28.30194,28.6531,35.35534,30.08322,34.0,30.46309,35.34119,33.61547,31.01612,33.10589,37.58989,31.95309,31.38471,34.53983,33.83785,38.48376,36.05551,39.29377,38.60052,40.16217,40.5216,40.80441,40.80441,39.81206,37.36308,39.0,41.48494,41.59327,42.05948,40.80441,41.0,42.05948,40.16217,43.9659,41.78516,39.84972,39.21734,37.64306,36.76955,36.05551,37.10795,36.05551,34.78505,35.73514,32.28002,34.9285,35.77709,57.87055,60.44005,56.75385,59.66574,64.03124,65.51336,65.30697,66.28725,74.67262,70.45566,76.53104,75.66373,85.70881,81.22192,80.025,77.10383,82.02439,79.02531,71.00704,75.00667,75.00667,79.1012,72.0,73.02739,72.02777,72.02777,69.18092,72.1734,64.19502,69.06519,59.00847,63.00794,58.0,57.21888,60.0,57.21888,53.08484,54.45181,50.48762,56.4358,50.35871,52.46904,51.35173,48.50773,41.7732,41.4367,41.0,39.62323,38.07887,38.83298,32.75668,33.73426,35.90265,27.89265,27.65863,27.85678,25.4951
5.09902,5.38516,5.38516,6.32456,5.38516,6.08276,6.32456,6.32456,6.32456,6.32456,7.07107,6.32456,7.28011,6.32456,7.28011,7.61577,6.32456,7.28011,6.32456,7.28011,7.28011,7.28011,7.28011,7.61577,7.61577,7.61577,7.61577,7.61577,7.61577,8.06226,7.61577,7.61577,7.61577,7.28011,7.61577,7.61577,8.544,7.61577,7.61577,7.28011,7.61577,7.61577,7.28011,7.28011,7.28011,6.32456,7.28011,7.28011,7.07107,7.28011,7.07107,7.07107,20.09975,20.02498,21.2132,23.19483,24.04163,24.35159,24.04163,28.86174,29.41088,26.92582,31.76476,29.15476,34.48188,29.73214,31.04835,31.95309,37.94733,33.24154,32.98485,35.4683,37.0,32.89377,34.43835,33.83785,34.53983,38.07887,36.24914,38.62642,40.8534,40.24922,36.05551,39.35734,38.62642,41.59327,40.49691,38.01316,38.01316,40.24922,39.0,42.48529,42.95346,41.23106,38.8973,40.8534,39.35734,42.54409,41.78516,38.07887,37.94733,37.69615,36.67424,37.16181,35.8469,34.17601,36.40055,36.68787,36.87818,53.85165,57.28001,54.70832,62.93648,56.85948,66.18912,60.41523,66.18912,74.24284,66.37017,71.56116,70.49113,78.77182,76.6094,75.60423,73.40981,83.00602,70.83784,73.24616,68.88396,70.93659,74.41102,65.29931,70.93659,71.42129,67.62396,64.3506,65.11528,60.20797,67.35726,51.22499,61.7171,57.2014,51.61395,57.62812,53.82379,53.00943,53.00943,49.39636,51.31277,51.61395,48.37355,47.43416,40.81666,42.43819,42.72002,40.81666,36.23534,34.48188,33.28663,31.90611,31.01612,29.96665,25.29822,28.23119,24.04163,23.76973
6.32456,6.7082,6.7082,7.61577,7.61577,7.61577,7.61577,7.61577,7.61577,7.61577,7.61577,7.61577,8.544,7.61577,7.61577,8.544,8.94427,8.06226,8.06226,8.06226,8.06226,8.06226,7.61577,9.43398,8.94427,8.94427,9.43398,9.43398,10.29563,9.43398,8.94427,9.43398,9.43398,8.94427,8.06226,8.94427,8.94427,8.94427,8.94427,8.94427,7.61577,8.06226,8.06226,8.06226,8.06226,7.2111,7.61577,6.7082,7.61577,7.61577,7.28011,6.32456,29.0,29.0,32.28002,30.80584,30.08322,31.38471,31.95309,34.53983,31.62278,34.53983,36.40055,37.57659,41.62932,39.81206,40.49691,38.07887,42.37924,39.39543,45.31004,42.04759,45.18849,38.07887,41.67733,42.48529,38.91015,41.14608,43.86342,44.72136,46.95743,47.01064,45.79301,45.17743,44.77723,48.37355,41.88078,47.01064,47.16991,48.8774,44.77723,46.52956,42.72002,46.52956,43.86342,45.17743,44.77723,41.62932,41.62932,42.04759,41.59327,37.58989,37.12142,39.35734,36.67424,35.8469,39.56008,36.05551,37.10795,53.60037,54.91812,52.88667,57.97413,59.48109,62.03225,59.46427,65.0,68.54196,67.08204,69.83552,72.91776,76.92204,76.15773,70.17834,71.02816,76.55064,70.0,70.21396,70.0,67.80118,72.62231,68.76772,68.60029,70.29225,67.80118,61.55485,61.84658,58.72819,64.2028,51.22499,60.60528,53.00943,51.61395,55.21775,53.85165,50.77401,54.08327,49.24429,47.88528,48.8774,47.41308,47.01064,43.46263,39.96248,39.39543,38.47077,37.16181,35.8469,34.0,35.8469,35.1141,33.52611,29.41088,31.04835,26.92582,29.15476
6.40312,7.2111,7.2111,7.2111,7.2111,7.2111,7.2111,7.2111,7.2111,8.06226,8.60233,8.06226,8.60233,8.06226,8.60233,8.06226,8.06226,8.06226,8.06226,8.06226,8.06226,8.94427,8.06226,8.94427,8.94427,8.94427,8.94427,9.84886,9.84886,8.94427,8.94427,8.94427,8.94427,8.94427,8.94427,8.94427,9.43398,8.60233,8.06226,8.06226,8.06226,8.06226,8.06226,8.06226,7.2111,6.7082,7.2111,7.2111,7.2111,7.2111,7.2111,6.40312,29.41088,30.4795,33.30165,34.05877,30.80584,35.0,35.0,38.41875,33.28663,35.60899,36.71512,38.01316,37.20215,39.11521,39.40812,41.59327,43.56604,44.65423,41.67733,42.19005,47.50789,41.67733,41.59327,45.17743,41.67733,44.41846,40.70626,44.72136,49.24429,48.8467,47.01064,47.92703,46.52956,49.1935,44.77723,48.76474,49.24429,46.61545,48.76474,44.72136,47.85394,46.64762,44.72136,46.32494,43.04649,43.56604,42.43819,42.54409,38.94868,39.44617,40.70626,37.58989,37.12142,32.44996,39.66106,36.89173,36.06938,52.15362,55.07268,53.23533,59.03389,58.13777,58.30952,60.74537,63.56886,68.70953,67.6757,66.70832,72.8011,76.24303,72.36712,73.68175,73.5527,79.51101,68.06614,72.56032,68.35934,72.06247,74.02702,66.06815,72.0,70.00714,68.26419,65.00769,63.03174,59.0,66.00758,53.03772,60.00833,57.00877,55.22681,56.32051,54.33231,53.23533,53.33854,50.9902,48.6621,49.25444,47.07441,46.52956,45.12206,40.79216,43.41659,42.2019,40.02499,34.9285,35.73514,33.52611,33.83785,32.89377,31.32092,32.69557,32.75668,34.48188
6.32456,7.28011,7.07107,7.28011,7.28011,7.28011,8.06226,8.06226,8.24621,8.06226,8.24621,8.06226,8.24621,8.24621,8.24621,9.05539,8.06226,8.06226,8.06226,8.06226,8.06226,8.06226,8.06226,8.06226,9.05539,9.05539,9.05539,9.05539,9.05539,9.05539,8.06226,9.05539,9.05539,8.06226,8.06226,8.06226,9.21954,8.24621,8.24621,8.24621,7.28011,8.24621,8.24621,7.07107,7.28011,7.07107,7.28011,7.07107,6.32456,6.32456,6.32456,6.32456,33.54102,33.54102,33.24154,33.24154,37.16181,34.48188,38.07887,32.28002,38.62642,34.78505,40.31129,35.4683,43.68066,41.59327,41.4367,42.48529,42.95346,38.27532,41.23106,47.01064,48.8774,42.95346,39.82462,39.82462,42.72002,39.96248,46.64762,43.04649,45.17743,48.25971,48.76474,46.14109,43.41659,45.27693,48.01042,39.92493,46.87217,47.70744,43.86342,46.06517,49.73932,49.0408,42.04759,42.54409,40.31129,49.1935,40.71855,39.44617,37.36308,33.61547,37.0,35.4683,34.43835,33.24154,33.24154,35.4683,32.98485,47.75982,50.92151,54.81788,57.00877,58.24946,57.21888,54.08327,61.20457,74.16873,62.03225,68.18358,71.02816,69.11584,72.18033,72.00694,73.34848,76.94154,67.91171,64.03124,68.15424,68.94926,71.30919,74.67262,65.80274,64.51356,65.96969,66.48308,67.1193,61.32699,61.68468,55.71355,57.58472,55.71355,56.30275,56.36488,55.97321,52.0,54.70832,47.43416,51.66237,52.0,55.7853,50.01,47.80167,44.92215,42.75512,44.64303,39.29377,43.18565,42.37924,34.71311,42.19005,37.10795,36.22154,38.01316,41.04875,30.01666
6.32456,6.32456,7.28011,7.28011,7.28011,7.28011,8.24621,7.28011,8.24621,8.24621,8.544,8.24621,8.24621,8.24621,7.28011,9.21954,8.24621,8.24621,8.06226,8.06226,8.24621,8.06226,8.24621,8.06226,9.21954,9.05539,9.05539,9.05539,9.05539,9.05539,8.06226,8.06226,8.06226,8.06226,8.06226,8.06226,8.24621,8.24621,8.06226,8.06226,8.24621,7.07107,8.06226,7.07107,7.07107,7.07107,7.28011,7.07107,7.07107,6.32456,6.32456,6.32456,33.28663,30.46309,37.64306,37.57659,35.8469,40.16217,38.62642,39.29377,34.20526,41.48494,38.60052,43.17407,46.84015,43.17407,41.10961,45.70558,49.0306,43.17407,41.48494,42.72002,47.85394,43.93177,44.18144,44.72136,39.81206,43.41659,44.91102,47.51842,47.38143,50.15974,46.27094,46.69047,44.72136,49.64877,43.01163,45.70558,45.27693,47.51842,46.87217,45.70558,43.41659,44.38468,45.89118,47.29693,45.89118,44.64303,43.41659,40.60788,38.32754,39.29377,39.05125,35.44009,35.17101,37.36308,37.94733,35.4683,35.8469,49.1935,50.24938,49.73932,56.0357,53.82379,58.89822,54.40588,61.7171,65.06919,61.55485,67.94115,66.48308,74.24958,70.0,68.50547,68.96376,75.71658,65.76473,68.7968,67.1193,65.8635,72.47068,66.18912,66.64833,68.42514,68.60029,61.84658,62.16912,59.23681,63.07139,50.9902,60.00833,55.47071,54.58938,56.79789,54.56189,48.76474,55.22681,48.76474,52.47857,50.60632,48.54894,46.52956,44.10215,44.94441,39.11521,41.67733,39.40812,38.27532,37.64306,34.05877,36.12478,38.41875,31.1127,35.35534,33.42155,32.01562
6.08276,6.08276,6.08276,7.07107,7.07107,7.07107,7.07107,7.07107,7.07107,7.07107,8.06226,7.07107,8.06226,7.07107,7.07107,8.24621,7.28011,7.07107,7.28011,7.28011,7.28011,7.28011,7.28011,8.544,8.24621,7.28011,7.61577,8.24621,8.544,7.61577,7.28011,8.544,7.28011,7.28011,7.28011,7.28011,7.28011,7.28011,7.28011,7.07107,6.08276,7.28011,6.32456,6.08276,6.08276,6.08276,6.08276,6.08276,6.08276,6.08276,6.0,6.0,32.64966,32.80244,38.8973,34.4093,37.20215,33.42155,38.47077,38.94868,38.01316,46.75468,47.41308,42.43819,41.88078,41.34005,41.34005,42.15448,44.10215,44.41846,41.34005,42.54409,52.35456,45.79301,41.59327,42.95346,40.81666,43.909,40.31129,43.32436,45.18849,51.88449,44.77723,43.04649,48.33218,44.59821,41.62932,44.77723,45.18849,45.27693,46.95743,41.67733,46.87217,44.65423,41.88078,43.41659,38.07887,42.05948,41.6173,37.58989,37.01351,34.05877,37.44329,35.4683,36.89173,31.06445,31.62278,32.55764,35.4683,50.60632,47.63402,48.41487,55.17246,55.17246,58.82176,56.0803,63.24555,65.80274,65.8635,64.14047,65.45991,71.86793,72.00694,68.70953,65.74192,77.07788,65.96969,65.80274,68.35203,68.41053,68.24954,63.15061,64.32729,66.09841,62.8172,61.40033,64.49806,56.7186,64.53681,57.55867,58.85576,56.7186,55.10898,58.85576,54.12024,51.47815,57.72348,49.24429,54.08327,54.57105,46.84015,48.38388,47.12749,46.09772,41.10961,40.4475,41.48494,36.68787,38.60052,38.07887,38.48376,43.9659,29.06888,37.73592,36.61967,32.44996
8.544,8.544,8.544,8.544,8.544,8.544,8.544,8.544,8.544,8.544,9.48683,9.48683,9.48683,9.48683,8.544,9.21954,9.21954,9.21954,9.21954,9.21954,9.48683,9.21954,9.21954,10.19804,10.19804,10.19804,9.05539,10.19804,10.19804,10.04988,9.21954,10.19804,9.21954,9.21954,9.21954,9.21954,9.21954,8.24621,8.24621,8.24621,8.24621,8.24621,8.24621,8.06226,8.24621,7.07107,7.28011,7.28011,7.28011,7.28011,7.61577,7.61577,31.40064,35.0571,31.04835,40.31129,41.59327,35.22783,41.30375,49.0306,42.95346,40.4475,45.12206,40.02499,47.07441,46.32494,43.73786,44.27189,54.34151,44.64303,43.93177,46.69047,51.97115,43.73786,47.75982,46.84015,45.54119,47.53946,44.64303,47.75982,42.37924,44.01136,44.38468,44.91102,46.8188,49.72927,46.95743,47.43416,47.75982,46.23851,42.75512,42.75512,40.49691,42.44997,42.2019,46.57252,47.29693,40.60788,35.90265,41.0,34.52535,32.24903,36.40055,28.63564,38.63936,38.20995,38.20995,35.69314,36.22154,49.81967,49.64877,46.27094,54.00926,55.08176,52.03845,58.07753,57.07889,61.13101,64.49806,67.26812,68.06614,74.96666,72.03471,68.00735,65.55151,75.76939,67.54258,67.06713,69.31811,67.1193,69.46222,58.18075,68.42514,67.41662,65.8635,63.81222,61.61169,59.90826,56.93856,50.11986,60.53924,57.45433,48.54894,54.3783,50.77401,47.85394,51.62364,52.80152,51.10773,50.77401,48.37355,47.01064,43.82921,42.48529,49.64877,42.94182,33.10589,39.92493,40.8534,38.07887,40.02499,31.62278,33.73426,36.87818,34.1321,33.54102
7.07107,7.07107,7.28011,8.06226,8.06226,7.07107,8.06226,8.06226,8.06226,8.24621,8.06226,9.21954,8.24621,8.24621,8.06226,9.21954,8.24621,8.24621,8.24621,8.24621,8.24621,8.544,8.24621,8.544,9.48683,9.48683,8.544,9.48683,9.48683,8.544,8.24621,8.544,8.544,8.24621,8.24621,8.24621,8.24621,8.24621,8.24621,7.28011,7.28011,7.28011,7.28011,7.28011,7.28011,6.32456,6.08276,7.07107,7.07107,7.07107,6.08276,6.0,35.22783,32.44996,35.51056,38.58756,44.72136,40.31129,37.73592,43.909,41.18252,43.82921,44.28318,44.41846,51.47815,49.65884,51.10773,44.38468,53.7122,50.69517,45.31004,49.24429,55.00909,45.27693,49.0408,50.15974,42.95346,50.32892,50.69517,52.49762,49.65884,49.64877,49.76947,46.51881,49.76947,54.42426,49.76947,43.46263,50.15974,53.23533,48.8467,42.54409,48.46648,47.88528,45.65085,45.12206,43.32436,45.17743,47.42362,38.07887,37.21559,41.59327,33.61547,33.54102,36.68787,39.96248,35.8469,36.35932,34.82815,50.08992,48.76474,49.39636,55.47071,54.6443,53.03772,58.00862,56.63921,59.46427,61.6198,67.00746,64.66065,68.24954,63.82006,60.41523,66.18912,70.83078,63.50591,64.14047,65.79514,64.4748,61.09828,64.51356,62.62587,63.56886,62.62587,57.87055,60.63827,58.18935,65.19202,49.98,60.87693,50.28916,51.24451,54.42426,51.86521,54.40588,53.85165,49.98,47.92703,47.43416,55.03635,43.32436,47.42362,45.31004,49.0306,42.15448,43.86342,38.94868,38.48376,39.35734,35.51056,37.16181,41.59327,43.56604,34.05877,34.65545
7.61577,8.06226,8.06226,8.94427,8.06226,8.94427,8.94427,9.43398,8.94427,8.94427,10.29563,10.29563,9.84886,9.43398,9.84886,10.29563,9.43398,8.94427,9.43398,9.43398,9.43398,10.0,9.43398,10.81665,10.81665,10.81665,10.0,10.81665,10.81665,10.0,9.43398,10.81665,10.0,10.0,10.0,9.43398,10.29563,9.43398,9.43398,9.43398,8.94427,8.60233,9.43398,8.60233,8.60233,7.2111,8.06226,8.06226,8.06226,8.06226,8.06226,7.61577,33.97058,33.24154,31.38471,32.80244,37.16181,39.11521,32.24903,40.70626,40.31129,42.05948,37.44329,43.86342,48.10405,43.46263,47.01064,45.69464,49.33559,49.0408,46.23851,51.0,51.47815,43.86342,45.60702,50.56679,45.22168,44.94441,46.17359,51.1957,51.5461,53.75872,50.96077,51.41984,48.38388,57.48913,49.24429,50.01,46.87217,53.36666,49.72927,52.39275,47.12749,42.54409,48.50773,49.24429,46.17359,43.46263,43.41659,41.48494,39.21734,34.9285,37.10795,37.10795,36.87818,38.32754,40.26164,38.48376,37.12142,46.51881,49.92995,52.80152,55.75841,55.21775,54.48853,48.79549,60.959,66.52819,61.55485,64.03124,62.36986,74.41102,71.56116,66.28725,63.52952,74.70609,64.84597,65.74192,65.30697,67.08204,67.41662,61.32699,62.39391,56.30275,61.7414,62.0967,67.18631,50.92151,60.72891,47.75982,53.45091,53.7122,52.55473,50.32892,49.33559,45.88028,50.0,47.53946,46.48656,53.45091,48.6621,40.5216,40.16217,41.23106,36.68787,40.80441,41.23106,36.71512,37.16181,42.05948,37.16181,35.34119,29.52965,35.34119,35.22783,30.0
5.38516,5.38516,6.32456,7.28011,6.32456,7.28011,7.28011,7.28011,7.28011,7.28011,8.544,8.24621,8.24621,8.544,7.61577,8.24621,8.24621,8.24621,8.24621,8.24621,8.24621,9.21954,8.24621,9.05539,9.21954,9.21954,9.05539,9.05539,9.05539,9.05539,9.05539,9.05539,9.05539,8.06226,9.05539,8.24621,9.21954,8.24621,8.06226,8.06226,7.28011,8.24621,8.06226,8.06226,7.07107,7.07107,7.28011,7.07107,7.28011,7.28011,7.28011,6.32456,26.57066,27.20294,29.20616,32.80244,28.01785,36.67424,41.34005,35.8469,35.80503,41.34005,42.72002,43.93177,51.73973,45.60702,51.47815,45.0,44.94441,47.16991,40.80441,51.22499,57.38467,46.04346,45.60702,46.87217,45.17743,50.80354,51.22499,47.01064,51.85557,56.58622,50.9902,54.03702,50.32892,55.44367,51.62364,49.81967,50.80354,49.57822,50.47772,50.77401,51.40039,54.08327,46.01087,49.40648,39.96248,52.00961,46.32494,45.27693,38.94868,40.81666,41.34005,44.20407,36.40055,41.88078,39.96248,39.96248,39.96248,49.51767,48.16638,48.83646,53.41348,52.35456,54.6443,53.25411,54.12947,68.42514,62.16912,62.62587,62.96825,69.64194,65.51336,63.50591,68.44706,72.36712,63.3877,62.07254,58.30952,64.12488,61.0082,60.13319,61.13101,58.13777,66.06815,50.80354,58.46366,53.23533,58.85576,47.38143,52.61179,49.81967,44.10215,49.81967,48.37355,48.09366,52.7731,42.95346,45.27693,45.39824,47.09565,44.55334,42.75512,40.26164,41.01219,37.33631,39.81206,31.257,30.06659,34.1321,31.06445,36.05551,30.06659,25.4951,28.01785,33.24154
5.65685,6.40312,6.40312,7.81025,7.07107,7.07107,7.81025,7.81025,7.81025,7.81025,8.48528,9.21954,8.48528,8.48528,8.48528,9.21954,9.21954,8.48528,9.21954,9.21954,9.21954,9.21954,9.21954,10.0,10.0,10.0,10.81665,10.0,10.81665,10.81665,10.0,10.0,10.0,10.0,10.0,10.0,10.0,9.21954,8.60233,8.60233,9.21954,9.21954,8.60233,8.60233,8.60233,8.60233,8.48528,7.81025,7.81025,7.81025,8.48528,7.81025,24.20744,29.20616,30.80584,28.6531,33.95585,32.98485,33.54102,32.98485,36.05551,38.63936,41.4367,39.62323,41.97618,48.08326,44.14748,43.73786,43.41659,50.69517,48.38388,44.38468,49.47727,44.40721,50.24938,47.85394,48.27007,49.72927,43.28972,53.23533,51.35173,52.00961,49.36598,56.4358,50.80354,54.58938,52.00961,53.16014,55.44367,54.33231,55.9017,56.00893,49.49747,53.46027,49.25444,50.80354,53.60037,50.03998,50.9902,47.26521,48.05206,39.31921,44.18144,40.26164,45.54119,40.5216,45.35416,44.40721,44.28318,47.80167,48.8467,50.08992,55.80323,55.56978,56.60389,55.47071,63.24555,64.63745,60.20797,65.19202,68.68042,71.40028,66.8431,65.21503,67.20119,68.76772,63.81222,63.60031,61.7171,61.91123,64.84597,61.58734,61.7171,62.6099,64.89992,61.09828,53.22593,55.71355,57.38467,44.72136,52.81098,50.92151,48.10405,45.31004,44.38468,49.64877,47.85394,38.8973,44.01136,43.32436,40.71855,37.33631,40.80441,43.86342,34.1321,35.8469,34.43835,31.01612,32.64966,34.0,30.23243,33.54102,24.18677,30.80584,25.6125,25.94224
5.83095,5.83095,6.40312,7.2111,6.7082,7.2111,8.06226,7.2111,8.06226,8.06226,8.06226,8.60233,8.06226,8.06226,8.06226,9.43398,8.60233,8.06226,8.60233,9.43398,9.43398,9.43398,8.60233,10.0,10.0,10.0,10.0,10.0,10.0,10.63015,10.0,10.0,10.0,9.21954,9.21954,10.0,10.0,10.0,8.60233,9.43398,9.43398,10.0,8.60233,8.60233,8.60233,7.81025,8.60233,8.60233,8.60233,8.60233,8.06226,8.06226,26.1725,21.18962,26.41969,30.67572,31.62278,31.32092,32.28002,36.05551,34.78505,39.56008,39.62323,36.87818,47.53946,42.54409,40.31129,46.52956,51.26402,45.69464,41.62932,47.29693,52.63079,43.01163,43.93177,44.72136,47.16991,44.14748,40.5216,50.9902,51.41984,52.7731,48.83646,52.63079,50.59644,56.88585,49.09175,48.83646,48.6621,48.83646,54.45181,46.52956,50.69517,52.49762,51.24451,50.96077,50.69517,47.75982,50.21952,43.93177,43.41659,42.44997,41.59327,44.14748,42.44997,39.0,40.31129,44.59821,41.62932,46.40043,50.21952,42.52058,53.75872,54.56189,54.56189,57.28001,65.05382,65.29931,57.80138,68.7968,66.28725,74.33034,67.95587,67.97794,68.60029,74.43118,66.21178,69.07966,61.32699,67.54258,67.72001,67.23095,66.7308,62.64184,58.87274,57.00877,57.48913,58.85576,59.20304,45.88028,55.54278,52.88667,45.22168,51.92302,45.88028,49.98,46.84015,42.72002,42.72002,40.60788,40.8534,37.64306,39.45884,39.81206,36.05551,28.23119,32.75668,31.62278,32.57299,31.76476,29.83287,34.43835,23.76973,22.82542,24.41311,26.07681
6.7082,7.2111,7.2111,8.06226,8.06226,7.61577,8.06226,8.06226,8.06226,8.06226,8.94427,8.60233,8.06226,8.06226,8.06226,8.60233,8.60233,8.94427,8.06226,8.60233,8.06226,8.60233,8.60233,8.60233,9.21954,9.21954,9.21954,9.21954,9.21954,9.21954,8.60233,9.21954,9.21954,9.21954,9.21954,8.60233,10.0,8.60233,8.60233,8.60233,9.43398,8.60233,8.60233,8.60233,8.06226,7.2111,8.06226,7.2111,7.2111,8.06226,7.61577,7.61577,28.42534,24.35159,29.41088,30.01666,35.0,33.95585,35.90265,38.32754,35.73514,39.84972,36.87818,40.1995,38.11824,42.42641,39.62323,41.19466,46.38965,48.83646,42.2019,40.11234,47.16991,43.04649,47.09565,43.10452,44.28318,46.38965,39.05125,48.37355,51.24451,49.0102,47.04253,52.0,48.01042,52.34501,42.57934,47.26521,51.0,48.25971,48.09366,45.01111,45.09989,48.04165,42.10701,44.10215,39.01282,44.28318,48.01042,41.10961,40.0,40.31129,39.05125,40.04997,37.0,42.42641,41.23106,36.87818,38.63936,43.18565,49.57822,46.8615,55.97321,44.65423,56.61272,53.07542,61.61169,68.8186,63.81222,69.35416,63.60031,72.06941,70.21396,68.47627,71.17584,75.15318,66.30988,69.28925,67.08204,67.08204,73.08215,62.62587,65.55151,65.0,63.69458,56.30275,64.51356,59.90826,64.2573,51.66237,55.7853,57.24509,48.46648,55.08176,54.12947,48.33218,44.28318,46.51881,49.76947,48.38388,45.69464,50.32892,45.27693,42.95346,35.0,36.61967,38.01316,34.43835,35.8469,34.82815,33.01515,30.0,25.4951,31.82766,28.01785,29.15476
7.61577,8.06226,8.06226,8.06226,8.06226,8.06226,8.06226,8.06226,8.06226,8.06226,8.94427,8.60233,9.43398,9.43398,8.06226,8.60233,8.60233,8.60233,8.60233,8.60233,8.60233,8.60233,8.06226,9.21954,9.21954,9.21954,9.21954,9.21954,9.21954,8.48528,8.60233,9.21954,9.21954,8.60233,8.60233,8.60233,8.60233,8.06226,8.06226,8.06226,8.06226,8.06226,8.06226,7.2111,6.7082,6.7082,6.7082,6.7082,6.7082,6.32456,6.32456,6.32456,39.35734,39.11521,46.09772,35.77709,43.9659,41.78516,37.69615,49.98,47.80167,46.84015,45.89118,44.91102,51.41984,46.87217,50.96077,50.9902,57.72348,50.35871,51.24451,48.27007,52.95281,49.47727,49.09175,51.24451,46.09772,54.23099,44.10215,52.00961,47.04253,52.23983,50.15974,55.0,54.14795,51.0098,47.01064,49.64877,52.00961,52.03845,50.48762,48.16638,46.17359,44.40721,44.28318,48.09366,51.35173,44.91102,44.72136,41.19466,41.10961,35.69314,40.26164,39.05125,38.0526,41.97618,39.29377,37.94733,37.94733,38.32754,35.44009,43.65776,45.61798,46.61545,42.54409,45.65085,49.64877,54.67175,56.85948,56.85068,55.44367,60.21628,64.44377,60.81118,58.25805,63.70243,63.41136,56.63921,62.20129,66.03787,63.51378,61.61169,64.81512,68.09552,61.58734,59.05929,58.18075,61.05735,62.68174,46.06517,59.03389,51.40039,53.85165,60.41523,55.75841,48.37355,57.3062,51.31277,51.31277,53.66563,50.47772,48.25971,46.8615,39.40812,46.14109,46.14109,44.65423,45.96738,45.45327,41.01219,45.25483,43.13931,37.53665,40.45986,48.27007,34.20526
9.05539,9.0,9.0,10.0,10.0,10.0,10.0,10.0,10.04988,9.05539,10.04988,11.04536,11.04536,10.04988,10.04988,11.18034,10.19804,10.19804,10.19804,10.19804,10.19804,11.18034,10.19804,11.40175,11.40175,11.40175,11.7047,11.40175,12.64911,11.7047,11.40175,11.7047,11.7047,11.40175,11.40175,11.40175,11.40175,11.18034,10.44031,11.18034,10.19804,10.19804,10.19804,9.21954,10.19804,9.21954,9.21954,9.05539,9.05539,9.05539,9.0,8.0,39.56008,41.0,44.94441,46.06517,38.48376,42.04759,43.08132,44.28318,49.20366,46.87217,43.82921,43.82921,50.21952,55.07268,49.39636,55.31727,59.40539,50.60632,55.31727,50.44799,56.63921,47.80167,50.91169,50.93133,53.2635,59.39697,53.75872,61.52235,62.28965,55.15433,53.03772,56.72742,55.15433,64.3506,56.93856,57.98276,61.7171,58.41233,60.81118,56.63921,53.07542,59.39697,55.22681,59.4138,48.9183,60.1415,51.62364,49.57822,46.09772,47.42362,47.38143,44.68781,41.23106,44.82187,44.10215,47.01064,39.35734,32.75668,35.80503,36.12478,41.7732,41.03657,44.68781,44.65423,45.22168,46.87217,49.92995,48.10405,51.42956,58.69412,54.57105,53.16014,54.74486,59.43904,54.91812,55.57877,54.58938,60.03332,58.13777,48.16638,59.00847,54.08327,55.14526,52.15362,55.08176,51.47815,56.14268,48.09366,50.48762,51.15662,50.15974,52.23983,53.08484,50.08992,54.03702,47.01064,52.15362,50.80354,46.09772,51.15662,46.87217,45.09989,44.04543,44.10215,46.01087,43.01163,44.10215,37.01351,41.19466,44.01136,40.1995,47.01064,49.0408,36.01389
7.07107,7.28011,7.28011,8.24621,8.24621,8.24621,8.24621,8.24621,8.24621,8.544,9.21954,9.48683,9.21954,9.21954,9.48683,9.48683,9.48683,9.48683,9.84886,9.84886,9.48683,9.84886,9.48683,10.29563,10.77033,11.18034,10.29563,11.18034,11.18034,11.6619,9.84886,11.18034,11.18034,11.18034,11.18034,10.77033,10.77033,9.84886,9.84886,9.48683,9.48683,9.84886,9.48683,9.48683,9.48683,8.544,8.544,8.544,8.24621,8.24621,8.06226,8.06226,36.67424,35.51056,43.04649,35.80503,40.60788,37.73592,44.55334,46.69047,41.72529,43.86342,46.69047,47.42362,50.9902,50.93133,45.96738,53.82379,58.0,53.03772,46.8615,52.49762,56.61272,54.03702,55.80323,54.20332,53.90733,51.86521,55.75841,57.68882,58.25805,63.81222,58.83026,58.30952,57.98276,55.47071,58.59181,58.00862,61.91123,56.93856,56.30275,56.60389,57.80138,61.58734,57.62812,55.0,52.00961,55.21775,52.63079,57.62812,50.21952,45.80393,47.42362,50.32892,45.27693,40.36087,45.27693,41.72529,43.18565,41.10961,44.94441,40.81666,46.87217,45.0,50.91169,44.68781,51.08816,53.75872,53.41348,51.0392,51.31277,57.45433,55.47071,52.80152,55.47071,59.5063,60.00833,52.92447,52.88667,51.41984,60.40695,51.41984,55.7853,55.9017,56.29387,50.48762,51.47815,50.15974,53.60037,46.69047,51.47815,46.38965,46.52956,51.0,48.50773,44.55334,49.49747,44.40721,49.0306,41.4367,41.76123,44.72136,43.10452,39.11521,39.0,36.34556,38.07887,43.41659,39.20459,39.62323,38.63936,37.65634,37.36308,33.37664,35.51056,37.0
7.2111,6.7082,6.7082,8.06226,7.61577,7.2111,8.06226,7.61577,8.06226,7.61577,8.94427,8.544,8.94427,8.94427,8.94427,8.544,8.544,8.544,8.544,8.544,8.544,9.48683,8.544,9.21954,9.48683,9.21954,9.21954,10.19804,10.19804,10.19804,9.48683,9.21954,9.21954,9.21954,9.21954,9.21954,9.48683,9.48683,8.544,8.544,8.544,8.544,8.24621,7.28011,7.61577,7.28011,7.61577,6.7082,6.7082,6.7082,6.7082,7.2111,34.71311,37.05401,39.01282,45.54119,38.01316,45.04442,39.11521,52.00961,46.27094,44.0,43.0,47.16991,48.16638,46.17359,48.0,49.81967,51.47815,57.07013,51.97115,51.62364,56.51548,47.85394,53.16014,52.95281,50.35871,56.08921,48.05206,53.93515,53.16014,60.44005,50.01,54.81788,53.36666,59.20304,53.31041,55.57877,55.36244,59.20304,57.48913,48.38388,50.01,53.36666,59.03389,51.97115,50.80354,47.67599,51.41984,48.27007,42.75512,40.79216,41.7732,44.72136,40.31129,44.01136,41.10961,44.0,38.01316,37.57659,42.05948,40.16217,47.80167,44.91102,49.0306,43.73786,47.01064,50.03998,51.0,55.00909,54.03702,63.0,59.5399,63.56099,53.15073,66.70832,57.24509,63.78871,56.0803,58.87274,63.56099,57.24509,62.96825,58.66856,59.5063,55.9464,56.0803,51.62364,62.64982,44.77723,58.82176,52.43091,49.24429,54.40588,46.32494,47.01064,51.47815,52.15362,50.60632,48.54894,45.48626,49.20366,48.37355,42.43819,42.05948,41.04875,41.34005,41.18252,47.16991,46.95743,36.76955,41.67733,34.48188,36.40055,39.56008,38.91015
8.06226,8.24621,8.24621,8.24621,8.24621,8.24621,8.544,8.24621,9.48683,9.48683,10.19804,9.48683,9.21954,9.48683,9.48683,10.77033,9.84886,9.84886,8.94427,9.84886,9.84886,10.29563,9.84886,9.84886,10.77033,11.18034,10.29563,11.18034,11.18034,11.6619,10.29563,10.29563,10.29563,10.29563,10.29563,9.84886,10.77033,9.84886,9.48683,8.544,9.84886,8.94427,9.48683,8.544,8.544,7.61577,7.61577,7.61577,8.24621,7.28011,7.07107,7.07107,44.40721,38.28838,45.60702,41.88078,41.67733,44.65423,41.40048,54.20332,44.65423,53.15073,50.69517,49.76947,57.69749,57.42822,51.47815,52.39275,54.20332,52.7731,54.20332,54.12024,59.13544,50.60632,56.64804,54.42426,52.3259,59.09315,56.30275,59.13544,52.0,60.44005,55.36244,59.90826,58.5235,65.80274,55.10898,53.31041,58.87274,56.75385,59.23681,56.61272,54.08327,60.74537,54.56189,55.00909,51.0,51.86521,51.47815,50.92151,46.8188,44.94441,46.14109,41.23106,42.94182,41.67733,41.18252,40.60788,40.49691,40.60788,41.19466,36.0,41.04875,42.10701,42.2019,46.32494,49.64877,50.80354,51.86521,47.92703,54.42426,59.5063,55.07268,54.6443,53.82379,57.2014,51.40039,54.67175,58.0,58.0,54.56189,52.49762,60.87693,55.80323,60.30755,51.0392,52.80152,49.65884,59.16925,41.88078,52.80152,51.47815,48.54894,54.12024,46.52956,49.92995,55.07268,46.95743,49.64877,51.89412,50.24938,51.10773,48.75449,49.73932,42.80187,42.19005,51.62364,44.29447,46.61545,43.08132,41.14608,43.01163,37.21559,48.25971,42.0119,46.61545
8.24621,8.24621,8.544,9.21954,9.21954,8.24621,9.48683,9.48683,9.48683,9.48683,10.44031,10.77033,9.48683,9.84886,9.48683,11.18034,9.84886,9.84886,9.43398,9.84886,9.84886,10.29563,9.84886,10.81665,10.29563,10.81665,10.81665,11.6619,10.81665,11.40175,10.29563,10.81665,10.81665,10.29563,10.81665,10.29563,11.18034,9.84886,9.84886,9.84886,9.84886,9.84886,9.84886,8.94427,8.544,8.94427,8.544,8.544,8.544,8.544,8.24621,8.06226,42.05948,41.86884,38.27532,40.0,40.49691,44.38468,42.04759,48.33218,43.38202,43.86342,44.91102,45.89118,50.80354,49.0408,47.43416,54.34151,53.45091,51.92302,47.12749,54.91812,60.67125,49.24429,52.34501,51.78803,54.14795,57.42822,50.35871,57.27128,53.15073,56.0357,55.44367,57.31492,56.22277,59.00847,56.22277,56.22277,59.07622,58.07753,52.34501,57.03508,53.93515,55.9017,56.88585,53.36666,46.38965,51.15662,52.39275,46.09772,45.89118,47.51842,43.10452,43.18565,44.38468,43.01163,38.48376,40.80441,38.58756,39.56008,36.68787,38.63936,42.04759,38.11824,40.0,44.55334,47.04253,54.14795,41.30375,52.88667,51.92302,57.93962,54.78138,48.02083,54.626,60.41523,52.3259,51.10773,49.64877,52.00961,61.07373,51.73973,53.07542,55.86591,54.20332,49.57822,50.44799,55.21775,55.9017,41.86884,49.40648,49.09175,47.38143,54.20332,47.50789,53.03772,52.00961,50.60632,48.82622,50.21952,46.66905,52.00961,48.83646,45.96738,45.22168,47.01064,41.72529,45.34314,44.10215,43.26662,41.01219,46.75468,41.86884,48.60041,48.27007,42.0119
8.94427,8.94427,9.43398,10.29563,10.29563,9.84886,10.29563,10.29563,10.29563,10.81665,10.29563,10.81665,10.81665,10.81665,10.81665,11.40175,11.40175,10.81665,10.63015,11.40175,11.40175,11.40175,11.40175,12.04159,12.04159,12.04159,12.04159,12.72792,13.45362,12.04159,12.04159,12.04159,12.04159,12.04159,12.04159,11.40175,12.20656,10.81665,11.40175,10.81665,10.81665,10.81665,10.81665,10.0,9.43398,9.43398,9.43398,9.43398,8.94427,8.94427,8.544,8.544,41.40048,40.80441,42.48529,43.41659,38.01316,47.70744,41.4367,49.76947,45.88028,46.23851,51.26402,48.76474,49.76947,48.38388,53.48832,52.20153,57.56735,49.24429,54.12947,47.80167,60.01666,49.0408,53.15073,53.15073,58.85576,57.70615,49.81967,63.28507,59.4138,54.33231,57.70615,57.42822,56.4358,61.0082,55.22681,57.55867,61.66036,60.67125,61.98387,53.15073,56.4358,55.54278,53.93515,54.12947,53.16014,50.44799,49.47727,51.5461,44.14748,40.26164,43.46263,44.94441,42.72002,44.77723,45.18849,41.59327,37.58989,33.12099,37.21559,35.77709,41.23106,36.68787,43.9659,39.62323,44.55334,49.81967,45.04442,53.03772,43.01163,52.03845,49.64877,48.83646,50.28916,55.36244,50.53712,52.20153,54.23099,52.92447,52.35456,50.77401,54.56189,51.85557,52.43091,49.0408,46.69047,46.8615,48.41487,39.59798,52.63079,48.16638,47.42362,49.57822,48.10405,51.73973,50.20956,49.49747,52.40229,51.0392,47.42362,52.20153,47.42362,46.8615,43.60046,43.27817,53.15073,42.63801,48.79549,49.0408,49.57822,48.9183,44.59821,45.96738,48.08326,46.2277
7.81025,7.81025,8.48528,8.48528,8.48528,8.48528,8.48528,9.21954,9.21954,8.60233,9.21954,10.0,10.0,10.0,9.21954,10.0,10.29563,9.43398,10.29563,9.43398,9.43398,10.29563,9.43398,9.84886,11.18034,11.18034,11.18034,11.18034,12.08305,10.77033,10.29563,11.18034,11.18034,10.29563,11.18034,10.29563,11.6619,10.29563,10.29563,10.29563,10.0,10.0,9.43398,8.60233,8.60233,8.60233,8.60233,8.60233,7.81025,7.81025,8.48528,7.81025,36.05551,35.35534,44.01136,40.49691,38.8973,39.56008,38.32754,44.38468,44.55334,50.63596,49.0306,52.7731,55.7315,49.25444,54.03702,54.00926,61.0082,57.07889,53.46027,52.00961,60.00833,50.08992,54.91812,56.0,55.00909,52.08647,52.23983,57.87055,57.42822,65.30697,63.28507,62.64982,57.31492,64.49806,59.84146,60.13319,59.66574,60.29925,61.03278,62.39391,62.07254,63.03174,60.40695,58.42089,53.00943,54.0,52.00961,50.03998,49.0408,51.0,49.0408,48.16638,45.27693,42.10701,46.52956,41.97618,47.12749,33.94113,35.60899,31.14482,35.77709,35.51056,47.01064,42.72002,41.4367,47.80167,45.39824,47.09565,51.0098,49.36598,49.16299,48.16638,48.37355,57.27128,46.48656,50.01,49.0408,49.0408,55.56978,48.33218,48.46648,47.41308,50.69517,48.37355,54.6443,46.2277,51.22499,42.72002,48.41487,47.50789,47.01064,48.9183,50.91169,47.63402,49.0408,45.80393,51.08816,48.83646,48.10405,51.62364,52.00961,47.63402,44.55334,44.68781,48.79549,41.01219,46.01087,47.01064,48.37355,48.79549,47.50789,45.45327,47.38143,38.60052
8.24621,8.06226,9.05539,9.05539,9.05539,9.05539,10.04988,9.05539,10.04988,10.04988,10.04988,10.04988,10.04988,10.0,10.04988,12.0,11.04536,11.0,10.04988,10.04988,11.04536,11.04536,11.04536,11.18034,11.04536,11.18034,11.18034,12.16553,12.16553,12.16553,11.18034,12.16553,12.16553,11.18034,11.18034,12.04159,12.04159,11.0,11.0,10.04988,11.0,10.0,11.0,9.0,9.0,9.0,9.0,9.0,9.05539,9.05539,8.24621,8.06226,41.04875,39.82462,41.67733,41.6173,37.48333,43.27817,44.82187,43.60046,39.82462,48.27007,50.44799,48.9183,52.00961,44.55334,57.31492,53.00943,56.85948,54.40588,52.43091,54.20332,62.1289,52.00961,53.85165,53.22593,53.85165,53.85165,55.9464,61.35145,56.36488,65.76473,59.09315,61.7171,54.58938,63.07139,54.42426,56.93856,59.61543,60.00833,61.26989,59.5399,58.18075,58.66856,58.18075,62.17717,56.60389,56.4358,56.61272,50.77401,51.62364,48.8774,45.22168,46.87217,43.01163,41.23106,44.04543,41.86884,44.04543,31.01612,39.01282,37.05401,42.57934,38.47077,42.37924,41.10961,41.14608,50.56679,44.38468,48.8774,49.20366,50.0,50.47772,45.45327,48.83646,52.3259,50.21952,55.31727,49.0408,52.43091,48.76474,48.01042,52.7731,50.56679,52.55473,49.33559,51.5461,47.12749,53.75872,43.65776,52.20153,52.88667,50.0,51.1957,49.72927,44.27189,52.49762,48.08326,51.92302,53.36666,47.12749,52.20153,49.64877,48.76474,47.80167,44.64303,48.37355,45.35416,45.60702,44.64303,48.27007,47.80167,43.68066,47.75982,51.86521,43.86342
8.94427,8.544,8.24621,9.48683,9.48683,9.48683,9.21954,9.21954,10.19804,9.21954,10.44031,11.18034,10.19804,10.19804,10.19804,11.18034,11.04536,10.19804,11.04536,11.04536,11.04536,11.0,10.04988,12.0,12.04159,12.04159,12.0,12.0,13.0,12.0,12.04159,13.0,12.0,12.0,12.0,11.04536,12.16553,11.18034,11.04536,11.04536,10.19804,11.18034,10.19804,10.19804,10.19804,9.05539,9.21954,9.21954,9.21954,9.48683,8.544,8.544,33.37664,44.10215,38.32754,47.04253,50.35871,41.30375,44.64303,48.6621,47.07441,47.38143,50.28916,52.39275,60.20797,52.88667,55.08176,52.80152,58.18935,55.9464,54.57105,57.93962,58.30952,56.30275,50.77401,52.20153,53.48832,57.27128,63.06346,57.68882,57.14018,64.14047,64.88451,62.16912,56.0803,55.21775,61.61169,59.9333,58.83026,61.77378,58.69412,57.70615,68.8767,59.23681,55.00909,60.82763,54.626,62.39391,55.08176,55.15433,49.39636,47.12749,47.43416,48.08326,46.17359,45.88028,44.64303,45.70558,43.04649,36.40055,34.43835,38.27532,38.27532,43.56604,40.36087,43.86342,44.59821,46.87217,49.92995,46.87217,49.92995,53.33854,52.35456,46.23851,50.59644,55.65968,55.31727,49.33559,52.46904,51.0098,50.24938,50.0,53.03772,48.01042,52.08647,54.33231,51.97115,50.63596,52.7731,48.04165,48.08326,46.32494,48.05206,48.38388,52.17279,48.37355,51.62364,53.15073,58.69412,46.32494,55.10898,47.29693,50.80354,44.72136,50.56679,47.85394,48.10405,47.53946,46.32494,44.72136,50.0,54.08327,45.89118,49.09175,41.7732,48.05206
8.06226,7.28011,8.24621,8.24621,8.24621,8.24621,8.544,8.544,9.48683,8.544,9.48683,9.84886,9.48683,9.84886,9.48683,10.77033,10.29563,9.84886,10.29563,9.84886,9.84886,10.29563,10.29563,10.81665,11.18034,11.6619,11.6619,11.6619,11.6619,11.40175,11.18034,11.6619,11.6619,10.81665,11.6619,11.18034,12.08305,9.84886,10.29563,9.84886,9.84886,9.84886,9.84886,9.84886,9.48683,8.544,8.544,8.544,8.24621,8.24621,8.06226,7.07107,41.23106,38.01316,44.65423,47.20169,40.81666,40.80441,46.8615,49.20366,41.86884,47.42362,45.34314,45.27693,48.9183,44.55334,48.83646,50.60632,54.45181,53.2635,52.40229,48.9183,60.0,50.0,57.68882,52.80152,46.40043,58.00862,53.0,56.85948,54.81788,62.43397,57.70615,60.90156,56.22277,62.68174,58.13777,61.03278,55.07268,59.68249,59.03389,52.47857,55.75841,58.41233,54.56189,54.56189,60.44005,50.24938,53.8145,47.63402,52.49762,44.59821,53.07542,46.75468,44.55334,36.12478,44.40721,46.04346,41.6173,34.36568,36.22154,33.06055,37.05401,34.52535,44.91102,37.21559,39.62323,48.50773,41.23106,49.24429,49.1935,50.9902,48.02083,49.81967,44.59821,56.58622,45.96738,52.3259,43.60046,44.82187,54.08327,40.80441,49.24429,47.41308,51.62364,48.75449,50.9902,43.41659,54.08327,41.59327,52.63079,45.22168,41.48494,47.43416,46.51881,41.62932,46.8188,49.47727,50.01,52.17279,46.57252,52.81098,42.72002,48.05206,40.8534,47.16991,44.92215,45.39824,44.55334,43.01163,43.32436,52.20153,36.40055,47.80167,49.33559,43.08132
8.24621,8.24621,8.544,9.48683,9.48683,9.48683,9.84886,9.84886,9.84886,9.84886,10.77033,11.18034,11.18034,11.18034,11.18034,11.6619,11.6619,10.29563,10.81665,10.81665,10.81665,11.6619,10.81665,12.20656,12.20656,12.20656,12.80625,13.0384,13.60147,12.80625,12.20656,13.0384,12.20656,12.20656,12.20656,12.20656,13.0384,11.6619,11.6619,11.6619,11.18034,11.18034,11.18034,10.29563,10.29563,9.43398,9.84886,9.84886,9.84886,9.48683,9.48683,9.48683,42.48529,42.0119,41.6173,41.10961,41.23106,40.31129,39.62323,49.09175,42.43819,48.16638,44.68781,43.93177,50.60632,45.80393,53.41348,51.86521,59.90826,54.6443,55.47071,53.53504,63.07139,51.10773,55.9464,56.85948,55.00909,57.70615,49.65884,61.09828,55.54278,63.97656,60.00833,62.24147,58.18075,67.05222,55.71355,61.46544,59.61543,62.64184,62.16912,57.27128,51.47815,56.93856,60.82763,61.29437,59.05929,55.22681,56.0357,54.626,51.86521,45.17743,48.82622,43.26662,46.06517,46.40043,48.10405,44.55334,40.36087,30.80584,38.8973,38.20995,43.73786,39.05125,45.01111,44.04543,42.29657,46.27094,50.69517,54.12024,51.26402,54.42426,55.15433,52.3259,50.24938,57.98276,49.20366,51.08816,52.43091,54.56189,54.81788,45.80393,53.15073,55.47071,51.85557,50.77401,49.24429,51.47815,56.4358,41.04875,53.7122,52.69725,46.64762,53.23533,47.41308,44.72136,52.35456,47.42362,50.11986,50.60632,53.7122,55.15433,51.97115,45.61798,49.40648,49.76947,51.26402,51.47815,42.72002,46.09772,50.92151,55.54278,39.35734,43.46263,50.69517,47.85394
7.2111,7.2111,8.06226,8.06226,8.06226,7.2111,8.06226,8.06226,8.06226,8.06226,8.94427,8.544,8.94427,8.94427,8.94427,9.48683,9.48683,8.544,9.48683,9.48683,9.84886,9.48683,9.48683,10.19804,10.44031,10.44031,10.19804,11.40175,11.40175,11.18034,10.44031,10.44031,10.44031,10.44031,10.44031,10.44031,10.44031,9.84886,9.48683,9.84886,8.94427,9.84886,8.94427,8.94427,8.94427,8.06226,8.06226,8.06226,8.06226,8.06226,7.81025,7.81025,41.48494,41.76123,46.17359,39.81206,44.10215,47.0,43.10452,49.16299,46.27094,42.04759,47.26521,48.04165,50.01,49.64877,48.01042,52.17279,57.87055,54.58938,54.74486,50.21952,59.13544,51.92302,56.61272,58.82176,57.72348,54.08327,54.40588,66.70832,63.60031,58.82176,56.85948,64.2573,62.76942,69.46222,61.26989,62.64184,64.07808,59.80803,64.28841,56.85948,57.58472,57.27128,58.69412,59.20304,61.61169,55.36244,53.45091,55.7853,50.69517,46.32494,52.20153,48.83646,48.6621,44.10215,46.09772,44.18144,43.10452,35.35534,44.40721,37.64306,43.01163,37.80212,43.93177,41.7732,43.86342,51.0392,44.41846,50.69517,48.10405,55.71355,53.48832,52.39275,47.51842,52.20153,52.23983,48.04165,48.0,49.0,53.08484,48.09366,50.03998,51.1957,50.35871,48.83646,50.28916,49.72927,51.92302,41.4367,50.0,49.39636,42.05948,48.70318,45.88028,41.78516,46.23851,50.56679,52.20153,52.92447,44.59821,48.33218,49.76947,43.909,40.5216,42.19005,44.01136,47.01064,44.72136,49.39636,46.06517,49.73932,34.0,48.33218,47.16991,42.05948
7.07107,6.40312,7.2111,8.60233,7.81025,7.81025,8.60233,8.60233,9.43398,9.43398,9.43398,10.29563,10.29563,10.29563,9.43398,11.18034,9.84886,10.29563,9.84886,11.18034,10.29563,10.77033,10.29563,11.7047,11.7047,11.7047,11.7047,12.64911,12.64911,12.64911,11.7047,13.0,12.08305,12.08305,11.7047,12.08305,13.0,12.08305,12.08305,11.18034,12.08305,11.18034,11.18034,11.18034,10.29563,10.29563,10.81665,10.29563,10.0,10.0,10.0,9.21954,26.40076,30.26549,32.75668,30.0,32.01562,32.14032,33.73426,36.13862,41.23106,35.51056,39.21734,35.51056,49.0306,46.84015,44.64303,44.01136,53.85165,49.39636,48.70318,49.0408,53.31041,49.0408,54.12947,53.14132,51.24451,54.23099,53.48832,59.94164,57.27128,60.74537,60.90156,54.12024,57.80138,58.18075,58.59181,58.69412,60.37384,57.98276,60.00833,52.0,55.71355,59.03389,61.03278,60.00833,56.30275,56.61272,52.81098,55.36244,47.29693,52.20153,50.80354,49.24429,46.57252,46.52956,43.28972,47.26521,44.18144,43.28972,46.32494,42.95346,51.5461,46.23851,52.35456,48.76474,49.73932,57.98276,54.81788,55.0,49.57822,59.46427,57.00877,52.35456,53.33854,55.80323,57.77543,55.97321,56.30275,56.30275,53.15073,52.95281,57.48913,54.33231,49.36598,50.01,45.01111,48.04165,54.00926,48.04165,50.24938,47.26521,48.25971,45.54119,45.89118,41.23106,43.17407,44.38468,45.35416,46.32494,44.91102,44.77723,51.24451,41.23106,38.94868,39.96248,41.34005,47.53946,36.67424,35.1141,36.71512,45.17743,36.23534,37.0,34.9285,47.92703
5.65685,6.40312,5.83095,7.2111,7.2111,7.2111,8.06226,8.06226,8.06226,8.06226,8.94427,8.94427,9.43398,9.84886,8.94427,9.84886,9.84886,8.94427,9.48683,9.84886,9.84886,10.44031,9.48683,10.44031,10.77033,11.40175,11.18034,11.40175,11.40175,11.18034,11.40175,12.36932,11.40175,11.40175,11.18034,11.40175,11.40175,11.40175,11.40175,10.44031,10.44031,11.40175,10.44031,10.44031,10.44031,9.48683,9.84886,9.48683,9.84886,9.84886,10.29563,9.43398,25.94224,21.54066,36.12478,29.42788,26.01922,33.24154,30.41381,36.05551,32.38827,33.01515,39.05125,37.36308,37.64306,42.2019,43.9659,47.53946,46.17359,48.50773,47.75982,45.88028,57.38467,41.23106,50.9902,52.20153,48.8467,47.42362,52.39275,58.59181,54.12947,52.35456,55.75841,51.62364,53.85165,57.98276,54.08327,60.37384,56.35601,56.0803,58.13777,53.85165,48.41487,58.83026,60.83584,56.35601,57.3062,59.48109,54.70832,52.92447,49.1935,46.32494,50.60632,46.06517,47.50789,47.53946,48.08326,45.22168,45.70558,44.55334,45.34314,44.40721,50.21952,45.80393,51.31277,52.0,53.7122,52.0,56.64804,57.48913,52.39275,66.4906,61.13101,62.03225,56.00893,66.1211,55.14526,59.07622,58.07753,53.46027,56.51548,50.48762,56.29387,54.40588,54.34151,50.92151,50.28916,52.81098,52.0,35.35534,53.7122,46.51881,38.47077,44.77723,43.08132,37.16181,43.86342,45.18849,46.52956,48.41487,44.68781,40.36087,40.70626,39.40812,35.22783,40.45986,31.90611,38.20995,36.79674,30.0,33.01515,36.06938,28.42534,37.48333,29.73214,27.80288
5.0,5.0,5.09902,5.09902,5.09902,5.09902,5.38516,6.32456,6.32456,6.32456,6.32456,6.32456,6.32456,7.28011,7.61577,7.61577,7.61577,7.61577,7.61577,8.06226,8.06226,8.06226,8.94427,8.94427,9.43398,9.43398,9.43398,10.0,10.0,10.0,10.0,10.63015,10.81665,10.81665,10.0,10.0,9.43398,10.81665,10.81665,10.81665,10.81665,9.43398,9.43398,9.43398,9.43398,9.43398,8.60233,7.61577,7.61577,7.28011,7.28011,6.32456,24.20744,24.41311,25.23886,26.41969,27.73085,29.15476,31.01612,32.57299,34.20526,36.13862,37.85499,39.81206,40.60788,42.57934,43.56604,44.55334,46.38965,47.26521,48.16638,49.09175,49.09175,49.0408,50.01,51.0,51.0392,52.08647,53.23533,54.23099,54.33231,55.44367,55.7315,57.87055,57.87055,59.22837,59.22837,59.22837,59.43904,59.43904,59.66574,60.63827,59.66574,59.43904,59.43904,58.46366,58.46366,57.48913,57.48913,55.54278,54.34151,53.36666,53.36666,52.17279,50.9902,49.81967,49.64877,49.49747,49.36598,47.53946,49.24429,49.65884,50.53712,51.97115,53.0,54.08327,56.61272,57.80138,59.03389,59.5483,60.1415,61.52235,61.55485,61.6198,61.84658,61.40033,60.46487,59.36329,58.83026,58.30952,57.3062,56.82429,56.35601,54.56189,54.12947,51.47815,51.07837,49.76947,48.46648,47.16991,45.88028,44.59821,44.94441,42.72002,43.65776,42.37924,42.37924,42.05948,41.10961,40.80441,40.80441,39.56008,38.32754,37.36308,36.13862,35.17101,33.24154,32.98485,31.04835,30.08322,29.41088,28.4605,27.85678,26.92582,26.0,25.07987
5.0,5.83095,5.83095,7.2111,6.7082,7.2111,8.06226,7.2111,8.06226,8.06226,8.94427,8.94427,8.94427,8.94427,8.94427,9.84886,9.84886,8.94427,9.84886,9.84886,9.84886,9.84886,8.94427,10.44031,10.77033,11.7047,11.40175,10.77033,11.7047,11.40175,11.7047,11.7047,11.7047,10.44031,11.40175,10.77033,11.7047,10.77033,11.7047,10.77033,9.84886,10.77033,10.77033,10.77033,9.84886,9.84886,9.84886,9.84886,8.94427,9.84886,9.43398,8.60233,27.85678,22.80351,24.33105,28.44293,26.68333,27.01851,28.16026,36.87818,35.0,33.06055,40.0125,34.36568,46.01087,38.0526,44.10215,42.75512,47.04253,48.16638,46.27094,48.37355,53.60037,45.27693,46.32494,50.21952,44.04543,49.64877,49.81967,49.0306,47.38143,52.63079,55.36244,55.02727,48.76474,53.45091,55.03635,55.36244,55.08176,52.55473,55.31727,55.97321,55.71355,62.62587,58.94065,52.55473,58.24088,55.7315,53.85165,51.5461,49.81967,51.92302,55.08176,44.64303,45.60702,45.35416,47.29693,49.0306,42.0119,42.72002,46.09772,50.01,50.48762,50.08992,51.0098,50.0,52.15362,60.0,54.45181,56.56854,58.46366,66.28725,63.24555,58.18935,56.921,60.92618,54.12024,61.29437,57.45433,54.03702,57.80138,52.20153,53.60037,47.01064,60.41523,51.08816,50.60632,46.69047,52.3259,41.7732,46.8615,43.84062,45.34314,39.62323,44.59821,43.13931,43.13931,39.62323,42.2019,41.88078,45.27693,41.04875,36.79674,31.241,37.16181,33.83785,30.01666,33.28663,26.62705,31.06445,32.20248,28.6007,22.62742,27.58623,27.73085,34.05877
4.47214,5.38516,5.38516,6.7082,6.32456,6.7082,6.32456,6.32456,7.28011,7.28011,8.544,8.24621,8.24621,8.24621,8.544,9.21954,8.24621,8.24621,8.06226,9.21954,8.24621,9.21954,9.21954,10.04988,10.04988,10.04988,10.0,11.04536,11.0,11.0,10.0,11.0,11.0,10.0,10.04988,10.04988,11.04536,10.04988,10.0,10.04988,10.04988,10.04988,10.04988,9.05539,9.05539,9.05539,9.05539,9.05539,9.05539,9.21954,8.24621,8.24621,21.09502,26.4764,27.51363,23.08679,31.257,29.12044,31.04835,33.54102,30.80584,34.20526,41.10961,39.92493,44.38468,43.46263,45.88028,45.17743,50.69517,44.72136,49.65884,42.54409,55.9017,47.42362,47.85394,50.77401,50.11986,51.97115,51.62364,54.03702,54.08327,54.40588,54.91812,55.21775,57.14018,60.0,58.89822,53.25411,54.81788,59.03389,57.62812,55.75841,60.21628,63.52952,58.82176,57.68882,55.21775,58.24946,54.40588,51.61395,49.09175,44.10215,48.54894,48.30114,45.34314,47.01064,47.88528,50.15974,48.70318,43.56604,45.17743,45.17743,50.28916,55.65968,55.7315,57.70615,55.44367,62.39391,59.00847,63.0,67.0,71.06335,62.07254,59.22837,64.93843,70.40597,62.93648,57.87055,56.921,65.9242,66.48308,58.87274,53.85165,63.50591,54.08327,57.58472,58.13777,54.12947,53.7122,47.70744,51.10773,48.37355,43.26662,47.70744,49.73932,40.81666,46.95743,46.09772,45.27693,41.04875,43.60046,41.88078,40.80441,40.80441,34.20526,36.40055,34.82815,33.97058,28.6007,26.24881,29.96665,29.73214,23.34524,26.41969,26.0,27.80288
5.09902,5.38516,5.38516,6.08276,6.32456,6.08276,7.28011,6.32456,7.28011,7.28011,8.24621,8.24621,8.24621,8.24621,8.24621,9.48683,8.544,8.544,8.544,8.544,9.48683,9.48683,9.48683,9.84886,10.44031,10.77033,9.84886,10.77033,10.77033,11.18034,9.84886,10.77033,10.77033,10.77033,10.77033,10.77033,11.7047,10.44031,10.44031,9.48683,9.48683,9.84886,9.84886,9.48683,9.48683,8.544,9.48683,8.544,9.21954,8.24621,8.06226,8.06226,25.94224,25.4951,30.80584,30.80584,25.0,29.41088,29.20616,36.35932,37.64306,29.83287,37.48333,38.20995,50.24938,43.13931,39.62323,44.68781,46.2277,48.10405,47.42362,45.27693,55.60576,48.10405,52.63079,45.96738,50.60632,56.0803,48.10405,51.62364,57.38467,58.5235,55.44367,59.64059,63.03174,60.60528,53.85165,61.55485,60.0,58.83026,57.48913,56.61272,56.30275,58.25805,60.82763,63.03174,52.49762,55.44367,50.24938,55.15433,50.9902,50.32892,53.07542,49.51767,49.57822,42.0119,43.86342,45.80393,42.80187,54.42426,51.42956,52.47857,55.47071,50.47772,55.86591,54.81788,60.82763,57.31492,60.87693,58.41233,62.482,68.00735,70.23532,63.51378,64.84597,67.1193,59.20304,63.07139,58.87274,60.16644,67.6757,55.71355,55.7315,62.8172,59.22837,53.75872,57.27128,52.23983,52.17279,43.9659,54.91812,48.09366,49.09175,47.16991,46.52956,43.04649,38.11824,41.19466,43.01163,43.04649,40.0125,40.0125,47.01064,35.0,30.01666,30.41381,34.52535,30.41381,30.0,26.07681,28.4605,30.41381,21.58703,25.17936,27.16616,29.06888
5.0,5.0,5.0,5.65685,5.83095,5.0,6.40312,6.40312,6.40312,6.40312,7.07107,7.81025,7.81025,7.81025,7.81025,8.60233,8.06226,7.2111,8.60233,8.60233,8.60233,9.43398,8.60233,9.43398,9.43398,9.43398,9.43398,10.29563,10.29563,10.29563,9.43398,10.29563,9.43398,9.43398,9.43398,9.43398,10.0,10.0,9.43398,8.60233,8.60233,8.60233,8.60233,8.60233,8.60233,8.06226,7.81025,7.81025,7.81025,7.81025,7.81025,7.07107,27.65863,20.09975,29.01724,24.18677,19.72308,33.24154,26.83282,31.7805,32.38827,37.85499,34.17601,39.56008,44.14748,41.10961,40.79216,40.31129,52.81098,45.88028,45.88028,47.43416,54.40588,48.10405,51.07837,46.61545,50.96077,48.33218,48.10405,56.36488,55.71355,57.27128,53.85165,53.85165,55.56978,61.7414,52.83938,59.61543,62.16912,55.22681,63.15853,54.56189,54.56189,58.60034,58.87274,55.15433,58.69412,48.8467,49.64877,48.70318,48.75449,48.8467,46.06517,46.51881,53.23533,49.76947,50.0,44.38468,43.56604,46.64762,50.60632,48.8467,57.70615,50.32892,59.13544,54.70832,62.36185,58.24088,63.56099,64.49806,62.36986,74.33034,66.37017,64.03124,67.1193,70.00714,62.1289,66.37017,58.69412,60.20797,62.36986,56.08921,64.13267,63.06346,56.75385,56.61272,58.5235,47.16991,59.80803,42.37924,53.14132,46.8188,49.72927,43.01163,42.48529,38.62642,47.41308,45.18849,44.01136,39.81206,33.54102,39.44617,38.48376,34.1321,29.68164,30.41381,34.48188,27.29469,30.41381,32.89377,27.313,22.82542,20.51828,27.73085,23.08679,29.83287
3.60555,4.24264,4.24264,5.0,5.65685,5.65685,5.65685,5.65685,6.40312,5.65685,7.07107,7.07107,7.07107,7.07107,7.07107,7.81025,7.81025,7.07107,7.81025,8.48528,8.48528,8.60233,7.81025,8.60233,9.21954,9.21954,8.60233,10.0,10.0,9.43398,9.21954,10.0,10.0,9.21954,8.60233,9.21954,9.21954,9.21954,8.60233,9.21954,8.60233,8.60233,8.60233,7.81025,7.81025,7.2111,7.81025,7.81025,7.07107,7.07107,7.07107,7.07107,27.51363,32.75668,35.90265,24.5153,28.44293,30.26549,33.13608,33.06055,35.01428,37.48333,35.12834,38.63936,45.09989,50.03998,48.01042,49.0102,55.03635,50.80354,51.15662,50.03998,56.0,58.07753,48.6621,53.46027,50.0,57.07889,55.03635,61.40033,58.21512,60.29925,54.58938,52.00961,58.54912,60.20797,56.51548,58.07753,56.08921,64.13267,58.54912,57.14018,59.03389,63.03174,54.45181,55.7315,54.23099,51.0098,51.0098,56.56854,46.04346,47.38143,50.01,45.01111,47.01064,48.0,45.0,46.04346,46.38965,48.10405,51.47815,53.14132,55.10898,57.07013,54.23099,57.07889,63.03174,66.0,62.0,66.37017,61.29437,70.34913,68.88396,62.8172,69.92138,73.08215,66.48308,58.5235,62.29767,63.69458,69.83552,58.60034,62.24147,61.7414,60.00833,58.60034,52.20153,58.00862,61.58734,47.43416,47.01064,48.30114,43.56604,48.01042,44.65423,41.88078,46.75468,45.0,45.0,41.6173,40.45986,33.30165,34.20526,27.01851,38.8973,30.61046,33.30165,29.06888,28.42534,33.24154,24.04163,31.1127,27.65863,27.45906,19.41649,25.4951
4.47214,5.38516,5.09902,5.38516,6.32456,6.32456,6.32456,6.32456,7.28011,7.28011,7.28011,7.28011,7.28011,8.24621,7.28011,8.24621,8.06226,8.24621,8.06226,9.05539,8.06226,9.05539,8.24621,9.05539,10.04988,10.04988,10.04988,10.04988,11.04536,10.04988,10.04988,10.04988,10.0,10.04988,10.04988,10.04988,10.19804,10.04988,9.05539,9.05539,9.05539,9.05539,9.05539,9.05539,9.05539,8.06226,8.06226,8.06226,8.06226,8.06226,8.24621,7.28011,24.5153,23.02173,22.36068,25.63201,30.08322,29.96665,26.41969,38.47077,32.64966,32.69557,35.77709,39.66106,41.14608,42.04759,39.44617,41.88078,49.09175,43.01163,40.70626,47.50789,52.80152,45.65085,46.09772,48.01042,47.43416,50.44799,48.82622,50.32892,50.11986,59.5483,50.0,54.08327,48.82622,57.48913,54.40588,49.20366,58.25805,52.49762,58.30952,52.49762,55.21775,51.0392,51.73973,52.43091,50.21952,52.15362,51.97115,46.2277,42.54409,47.43416,44.10215,49.39636,44.40721,44.41846,44.40721,47.01064,47.01064,45.45327,50.44799,51.08816,54.48853,50.9902,55.80323,56.72742,55.44367,64.66065,59.36329,63.63175,59.07622,65.0,69.46222,62.16912,67.35726,65.45991,61.61169,60.41523,60.63827,62.80127,61.98387,61.66036,54.33231,56.22277,54.12947,56.0803,60.00833,47.16991,54.00926,37.12142,48.01042,45.01111,38.01316,44.18144,43.04649,46.17359,42.04759,41.01219,37.21559,34.9285,36.0,36.34556,32.57299,28.44293,25.96151,26.01922,30.08322,24.08319,22.2036,24.18677,25.70992,24.73863,28.16026,22.02272,30.80584,25.01999
4.12311,5.0,5.0,5.09902,6.08276,6.08276,6.0,6.0,7.0,7.07107,7.07107,7.0,8.06226,8.06226,8.06226,9.0,8.0,8.06226,8.0,8.06226,8.06226,9.0,8.06226,9.0,9.0,10.0,10.04988,10.0,11.0,10.04988,10.0,10.0,10.0,10.0,10.0,10.0,10.0,9.0,10.0,9.0,9.0,10.0,9.0,9.0,9.0,8.0,9.0,8.0,8.0,8.0,8.06226,8.06226,23.34524,26.01922,25.96151,25.07987,25.4951,30.46309,29.15476,32.28002,32.01562,36.67424,36.67424,34.0147,43.38202,37.12142,34.88553,44.94441,52.43091,48.37355,51.47815,45.48626,53.25411,43.86342,51.31277,52.47857,53.22593,51.86521,53.85165,56.61272,54.6443,50.93133,54.67175,59.36329,59.90826,61.61169,51.73973,64.14047,56.0357,53.41348,52.3259,57.00877,52.69725,53.85165,57.42822,56.4358,56.30275,56.0803,54.6443,50.77401,51.61395,48.02083,48.37355,50.0,49.64877,42.15448,45.18849,40.31129,40.49691,52.3259,52.7731,49.64877,56.0357,55.44367,60.1415,58.0,63.03174,67.94115,65.8559,65.94695,58.79626,72.20111,66.88797,66.64083,66.64083,73.43024,60.83584,64.07808,66.85058,69.28925,67.44627,60.44005,61.03278,66.94027,62.8172,50.21952,59.3043,53.46027,52.34501,45.22168,49.36598,48.16638,45.17743,48.16638,39.81206,40.0125,44.91102,39.31921,43.28972,41.01219,36.12478,36.01389,39.01282,34.0,27.45906,28.01785,22.09072,25.01999,33.06055,24.08319,25.0,28.63564,22.09072,25.31798,22.02272,18.11077
5.0,5.0,5.65685,5.65685,6.40312,6.40312,7.07107,7.07107,7.07107,7.07107,7.81025,8.48528,7.81025,8.48528,7.81025,9.21954,8.48528,8.48528,8.60233,9.21954,8.48528,9.21954,8.48528,9.43398,9.21954,10.0,10.0,10.81665,10.81665,10.29563,10.0,10.81665,10.81665,9.43398,10.0,10.0,10.81665,10.0,9.43398,10.0,10.0,10.0,10.0,9.21954,9.21954,8.60233,9.21954,9.21954,9.21954,9.21954,8.48528,8.48528,15.65248,22.56103,23.08679,26.30589,25.0,35.0,29.61419,30.26549,30.01666,32.01562,40.79216,39.05125,42.0,38.0526,34.05877,40.60788,49.0102,45.01111,42.0119,49.25444,48.6621,48.04165,43.01163,42.04759,46.01087,48.50773,44.72136,52.7731,50.48762,53.60037,52.46904,51.97115,50.48762,50.0,56.64804,49.81967,50.01,53.60037,55.10898,54.57105,52.88667,57.72348,54.12947,53.93515,44.72136,58.85576,51.1957,50.01,49.24429,45.22168,47.07441,47.85394,42.57934,45.17743,43.04649,43.10452,46.01087,57.70615,51.0,56.00893,55.00909,59.03389,58.21512,61.0,60.53098,65.27634,72.18033,67.26812,66.4906,76.79193,74.2159,66.12866,68.02941,75.27284,71.11259,65.39113,67.1193,68.88396,72.47068,58.5235,65.19202,66.28725,60.20797,62.20129,59.5483,53.75872,57.31492,47.70744,52.20153,47.01064,46.75468,50.44799,48.83646,45.27693,41.86884,40.60788,44.68781,41.86884,38.60052,39.82462,40.31129,35.0,36.05551,33.28663,26.87006,33.97058,29.73214,26.87006,24.69818,30.0,27.73085,22.2036,21.0238,22.82542
5.09902,6.08276,6.08276,6.08276,6.08276,7.07107,7.07107,7.07107,7.07107,7.0,8.06226,8.0,8.06226,8.06226,8.06226,9.0,9.0,8.0,9.0,9.0,9.0,9.0,9.0,9.05539,10.0,10.04988,10.19804,10.04988,11.04536,10.19804,10.04988,10.19804,10.19804,10.04988,10.19804,10.04988,11.04536,10.04988,10.04988,10.04988,9.05539,10.04988,9.05539,9.05539,9.05539,9.05539,9.05539,9.05539,8.0,8.0,9.05539,8.0,25.01999,28.01785,29.12044,25.96151,29.52965,26.92582,31.90611,32.89377,30.88689,30.88689,30.52868,33.42155,38.01316,34.88553,34.0,37.01351,41.40048,40.49691,39.96248,43.60046,42.43819,41.86884,40.60788,40.60788,44.40721,45.27693,44.04543,50.91169,45.34314,44.55334,48.9183,45.27693,46.75468,53.07542,46.40043,48.08326,48.83646,49.51767,47.01064,51.62364,48.79549,52.40229,50.9902,58.72819,49.0408,53.07542,46.01087,52.34501,39.59798,42.42641,43.13931,45.25483,42.44997,43.27817,36.06938,43.18565,42.72002,52.47857,49.1935,52.92447,52.55473,55.36244,57.27128,55.57877,59.43904,63.78871,69.06519,62.80127,65.76473,76.65507,69.11584,68.18358,62.28965,67.00746,66.06815,65.62012,61.40033,62.58594,67.72001,67.68309,63.63961,65.96969,63.56099,56.51548,57.00877,52.20153,56.32051,44.92215,50.0,43.65776,49.24429,46.48656,42.72002,46.57252,48.83646,44.01136,43.68066,45.69464,38.60052,35.8469,36.67424,32.01562,31.76476,32.89377,32.98485,36.13862,31.30495,27.16616,25.07987,29.41088,23.34524,27.16616,20.02498,24.08319
5.83095,5.83095,6.40312,7.2111,7.2111,6.7082,7.2111,7.2111,7.2111,8.60233,8.06226,8.60233,8.60233,8.60233,8.60233,8.60233,8.60233,8.60233,9.21954,9.21954,8.60233,9.21954,8.60233,9.89949,10.63015,10.63015,9.89949,11.31371,11.31371,10.63015,10.63015,10.63015,9.89949,9.89949,9.89949,10.63015,11.31371,10.63015,9.89949,9.89949,9.89949,9.89949,10.63015,9.89949,9.21954,8.48528,9.21954,9.21954,9.21954,8.60233,8.60233,8.60233,24.33105,24.04163,29.15476,24.59675,28.6531,28.63564,30.41381,34.48188,30.52868,34.43835,36.35932,37.44329,38.58756,40.81666,42.94182,41.6173,44.94441,44.65423,43.26662,44.94441,51.61395,41.04875,47.63402,49.20366,44.10215,46.09772,47.80167,50.93133,53.41348,53.07542,49.67897,51.85557,48.16638,58.69412,53.03772,55.22681,55.9017,55.9017,56.63921,52.34501,51.62364,53.15073,53.8145,55.97321,54.20332,54.48853,52.00961,49.0408,49.0408,46.75468,49.57822,47.42362,47.63402,45.22168,42.2019,44.65423,45.65085,50.56679,52.20153,50.59644,58.24088,52.17279,58.0517,56.08921,62.80127,65.76473,64.07027,69.06519,69.18092,73.10951,70.02857,70.45566,66.18912,75.42546,65.51336,67.74216,66.28725,66.70832,71.58911,63.78871,65.52099,65.52099,63.78871,57.56735,59.46427,53.14132,60.72891,47.80167,56.32051,47.75982,47.80167,48.08326,46.84015,41.4367,45.88028,42.72002,44.64303,43.41659,39.81206,39.0,34.9285,35.90265,31.95309,30.80584,29.83287,32.98485,28.86174,26.68333,27.16616,27.65863,23.34524,30.14963,27.01851,19.10497
5.38516,6.32456,6.08276,7.28011,6.32456,7.28011,7.28011,7.28011,7.28011,7.28011,8.24621,9.05539,8.24621,8.24621,8.24621,9.05539,9.05539,9.05539,9.05539,9.05539,9.05539,9.05539,9.05539,10.0,10.04988,10.0,10.04988,11.0,11.0,10.04988,10.0,11.0,11.0,10.0,10.04988,10.0,11.0,10.0,10.0,10.0,10.0,10.0,10.0,10.04988,9.0,9.0,9.0,9.0,9.0,9.05539,9.05539,8.06226,23.19483,31.0,22.80351,22.0,27.0,24.08319,28.07134,36.34556,34.71311,29.83287,35.51056,35.17101,39.56008,39.84972,34.9285,39.0,46.17359,47.16991,41.48494,43.41659,45.88028,43.08132,44.77723,48.50773,43.41659,56.32051,48.46648,50.15974,48.30114,53.22593,47.01064,53.45091,52.88667,57.77543,50.08992,52.92447,54.626,55.36244,53.75872,54.58938,50.56679,52.20153,56.921,57.28001,56.61272,56.61272,51.92302,51.66237,50.28916,45.22168,45.88028,43.32436,44.92215,42.44997,44.92215,45.61798,48.83646,47.53946,49.64877,52.23983,56.14268,56.56854,56.0357,61.07373,63.03174,64.38167,67.18631,64.28063,67.18631,78.16009,76.68768,65.14599,69.26038,70.88018,67.41662,60.00833,68.70953,66.18912,74.24284,67.23095,64.66065,64.66065,62.6099,66.37017,55.56978,58.13777,60.46487,47.70744,53.23533,51.22499,54.3783,49.20366,49.64877,43.60046,49.81967,42.54409,51.31277,43.41659,43.26662,40.0,44.41846,35.0,31.89044,32.64966,32.44996,31.38471,27.80288,35.60899,31.241,30.80584,26.24881,32.20248,28.79236,28.23119
5.0,5.09902,6.08276,6.08276,6.08276,7.07107,7.07107,7.07107,7.07107,7.07107,8.06226,8.24621,8.06226,8.06226,8.06226,9.21954,9.21954,8.24621,9.21954,9.21954,9.21954,9.21954,9.21954,9.48683,10.44031,10.44031,10.77033,10.44031,11.7047,10.77033,10.44031,10.44031,10.44031,10.44031,10.44031,10.44031,10.44031,10.44031,10.44031,10.44031,10.44031,10.44031,9.48683,9.48683,9.21954,8.544,9.21954,9.21954,9.21954,9.21954,9.05539,8.06226,22.2036,27.20294,25.07987,26.01922,28.16026,26.07681,28.01785,34.1321,33.37664,34.0147,36.49658,40.1995,42.57934,40.4475,43.10452,44.28318,47.67599,49.49747,46.17359,46.87217,50.63596,47.67599,48.08326,49.47727,48.6621,51.41984,50.0,52.20153,52.39275,56.30275,56.04463,53.75872,53.60037,57.28001,59.61543,54.12947,51.5461,57.24509,58.46366,57.00877,59.20304,60.72891,61.13101,59.20304,53.60037,58.5235,53.15073,55.7853,48.08326,49.0408,53.36666,50.69517,52.81098,48.50773,44.91102,51.78803,49.09175,52.23983,48.50773,52.95281,54.74486,56.75385,56.75385,57.56735,57.56735,68.15424,66.85058,64.41273,65.74192,72.89719,71.02112,66.85058,64.89992,69.33974,64.03124,60.80296,62.80127,66.06815,67.20863,60.959,61.55485,58.69412,56.58622,57.38467,55.86591,57.31492,55.15433,47.38143,51.73973,47.38143,44.59821,50.20956,43.84062,47.38143,45.34314,43.13931,45.27693,40.36087,41.10961,36.12478,36.79674,31.82766,31.241,31.82766,30.41381,31.40064,29.0,29.0,28.42534,24.08319,24.83948,23.43075,21.9545,22.47221
4.24264,5.0,5.0,6.40312,6.40312,6.40312,6.40312,6.40312,7.2111,7.81025,8.60233,8.60233,8.60233,8.60233,8.60233,9.21954,9.21954,8.60233,9.21954,9.21954,8.60233,9.21954,9.21954,9.89949,10.63015,9.89949,10.63015,11.31371,11.31371,11.31371,9.89949,11.31371,11.31371,10.63015,10.63015,11.31371,10.63015,10.63015,9.89949,9.89949,9.89949,9.89949,10.63015,9.89949,9.21954,8.48528,9.21954,9.21954,9.21954,9.21954,8.60233,8.60233,20.39608,18.11077,20.61553,21.18962,24.16609,26.40076,27.73085,32.75668,31.38471,30.8707,37.20215,37.73592,38.83298,38.91015,40.24922,44.41846,47.01064,46.06517,45.27693,47.16991,53.82379,48.30114,50.24938,50.21952,50.60632,53.82379,54.6443,58.00862,55.21775,56.0803,53.82379,57.2014,56.40035,59.81639,56.58622,58.41233,59.46427,60.1415,59.5483,59.66574,59.5483,58.60034,58.82176,56.85068,56.0357,59.03389,57.80138,53.15073,57.2014,50.47772,54.20332,52.80152,47.01064,48.82622,49.73932,50.24938,50.56679,47.07441,48.83646,48.6621,53.46027,54.14795,56.00893,56.14268,58.0,61.13101,62.39391,64.93843,64.77654,69.87131,67.44627,64.19502,65.52099,67.72001,64.84597,63.69458,62.62587,61.09828,63.15853,59.5063,62.16912,56.79789,57.00877,53.33854,54.12024,50.11986,52.7731,43.82921,48.02083,46.51881,41.62932,43.909,43.86342,41.67733,42.05948,35.35534,42.19005,40.49691,39.92493,38.91015,35.35534,30.41381,35.8469,31.76476,30.23243,27.313,28.30194,26.07681,27.78489,26.92582,23.32381,22.56103,23.76973,17.11724
4.12311,4.47214,4.47214,6.32456,5.38516,6.32456,6.32456,6.32456,7.28011,7.28011,7.28011,8.544,8.544,8.544,8.24621,9.48683,8.544,8.544,8.544,9.48683,9.48683,9.48683,9.48683,9.84886,10.44031,10.77033,10.77033,10.77033,11.7047,11.18034,10.77033,10.77033,10.77033,10.77033,10.77033,10.77033,10.77033,10.77033,10.77033,10.77033,10.44031,10.77033,9.84886,9.84886,9.48683,8.544,9.48683,8.544,8.544,8.544,8.24621,8.24621,13.60147,18.11077,18.24829,18.0,25.0,26.01922,27.07397,29.0,33.06055,32.06244,33.13608,38.0526,43.01163,42.0119,42.0,42.19005,47.01064,49.0102,46.04346,50.03998,50.08992,47.0,48.37355,51.0098,49.09175,52.00961,53.15073,56.08921,53.33854,60.67125,56.56854,58.42089,58.30952,57.55867,57.07013,57.31492,58.69412,58.85576,58.30952,57.87055,60.82763,60.29925,57.42822,60.53098,55.3263,58.42089,57.14018,57.55867,51.62364,50.35871,55.22681,48.25971,47.85394,47.16991,52.03845,51.0098,52.00961,46.17359,47.16991,48.75449,51.42956,53.33854,54.3783,51.62364,54.6443,63.25346,60.30755,60.30755,59.66574,68.62215,65.76473,63.25346,58.89822,63.89053,59.20304,58.41233,56.60389,61.29437,60.20797,56.0357,57.14018,53.33854,54.6443,49.64877,47.50789,49.24429,50.60632,38.47077,43.82921,41.59327,40.49691,40.31129,39.11521,38.07887,38.58756,34.66987,36.35932,35.34119,34.98571,31.7805,31.38471,29.41088,27.51363,26.41969,25.07987,26.0,24.04163,21.47091,23.70654,21.54066,18.35756,15.23155,11.6619,14.21267
5.09902,6.08276,6.0,7.07107,7.07107,7.07107,8.06226,8.06226,9.05539,8.06226,9.05539,10.04988,10.04988,10.04988,10.04988,10.04988,11.04536,9.05539,11.04536,11.04536,11.04536,11.04536,10.04988,12.0,12.04159,13.0,12.0,13.0384,13.0,12.04159,12.0,13.0,13.0,12.0,12.0,11.0,13.0,12.04159,12.04159,12.0,11.04536,12.0,11.0,11.0,11.0,10.0,10.0,10.04988,10.04988,10.04988,10.04988,10.19804,17.88854,20.80865,21.37756,26.1725,25.29822,31.14482,32.98485,35.69314,35.69314,39.05125,41.59327,38.11824,46.69047,45.35416,44.38468,49.64877,55.54278,53.15073,52.17279,54.58938,62.20129,55.9017,55.3263,55.57877,55.9017,57.70615,60.67125,61.07373,62.96825,63.03174,62.1289,65.03076,65.03076,66.06815,65.0,63.78871,63.12686,65.00769,62.20129,68.00735,65.00769,64.28063,61.52235,67.18631,63.28507,62.03225,61.20457,58.30952,53.15073,52.08647,59.00847,54.00926,57.03508,51.62364,52.46904,55.57877,53.36666,44.38468,46.52956,48.02083,55.47071,50.47772,53.60037,52.43091,59.5483,64.2028,60.10824,61.52235,61.6198,66.48308,63.25346,62.20129,59.40539,64.03124,56.85948,57.98276,54.3783,52.35456,59.05929,52.7731,52.3259,54.56189,51.97115,47.53946,50.15974,45.22168,46.51881,39.56008,44.38468,41.78516,38.48376,40.8534,36.67424,38.07887,33.54102,36.05551,37.64306,34.48188,33.24154,31.04835,34.17601,27.51363,29.73214,24.5153,24.73863,23.76973,21.84033,18.02776,23.02173,21.54066,16.12452,18.78829,18.02776,18.02776
5.83095,5.38516,6.32456,7.61577,7.61577,7.61577,8.544,7.61577,8.544,8.94427,9.43398,9.84886,10.29563,9.84886,9.84886,10.77033,10.77033,10.77033,10.77033,10.77033,10.77033,11.7047,10.77033,11.7047,11.7047,12.64911,12.64911,13.60147,12.64911,13.34166,11.7047,12.64911,12.64911,12.64911,12.36932,11.7047,13.0,11.7047,11.7047,11.40175,11.7047,11.7047,11.40175,10.44031,10.44031,10.44031,10.44031,10.44031,10.77033,9.84886,9.84886,8.94427,22.13594,19.10497,27.01851,25.01999,26.30589,24.02082,39.0,32.38827,39.45884,34.52535,42.57934,46.09772,51.0,42.10701,51.08816,56.29387,61.40033,51.35173,55.0,56.4358,62.36986,58.54912,57.55867,58.85576,57.21888,61.52235,67.46851,58.94065,65.76473,60.44005,64.62971,64.84597,59.22837,69.12308,59.80803,63.56099,67.18631,64.56005,66.09841,65.73431,65.80274,65.25335,60.63827,60.63827,56.29387,59.43904,60.41523,59.13544,57.00877,52.49762,53.36666,51.92302,51.92302,48.83646,50.21952,54.23099,50.01,44.64303,47.38143,44.55334,49.36598,49.0102,50.15974,51.0098,50.08992,61.13101,55.10898,61.61169,58.24946,61.03278,58.87274,59.23681,53.31041,61.7414,56.93856,49.92995,52.3259,51.47815,55.47071,45.79301,48.82622,48.79549,52.20153,52.00961,49.67897,45.45327,50.44799,37.53665,45.27693,40.36087,41.03657,39.62323,35.0,38.20995,45.34314,34.71311,33.30165,36.23534,38.94868,33.24154,32.55764,35.35534,34.43835,33.6006,29.41088,24.59675,30.46309,27.313,27.29469,20.24846,32.55764,20.61553,31.1127,22.82542
5.09902,5.38516,5.38516,6.7082,6.7082,6.7082,6.7082,6.7082,7.61577,8.06226,8.94427,9.43398,9.43398,8.94427,8.94427,10.29563,10.29563,9.43398,10.0,10.29563,10.29563,10.29563,10.29563,10.81665,11.6619,12.20656,12.20656,12.20656,13.0384,11.40175,11.6619,11.6619,12.20656,11.6619,11.6619,10.81665,11.6619,11.18034,10.81665,11.18034,10.29563,11.18034,10.29563,10.29563,8.94427,9.43398,9.84886,8.94427,8.94427,8.94427,9.48683,8.24621,35.4683,32.64966,23.34524,23.34524,35.0,34.66987,37.21559,40.70626,43.41659,37.58989,47.92703,37.16181,50.59644,41.59327,49.39636,48.10405,55.03635,62.29767,54.626,56.79789,58.24088,56.35601,54.81788,57.56735,57.24509,61.40033,58.5235,68.30813,65.96969,72.03471,61.84658,63.69458,63.56099,72.27724,63.60031,63.56099,65.9242,65.78754,69.857,62.64982,61.09828,63.69458,62.64982,62.39391,56.46238,62.03225,58.18935,61.09828,51.07837,45.69464,46.23851,52.80152,53.85165,53.66563,50.53712,49.39636,42.80187,37.16181,43.56604,46.32494,45.70558,46.27094,44.28318,43.04649,50.63596,46.38965,50.48762,49.47727,47.51842,54.81788,54.12024,49.24429,47.85394,51.62364,48.01042,46.8615,45.80393,54.40588,51.66237,49.57822,47.38143,46.8615,44.55334,39.82462,42.72002,37.44329,46.61545,34.98571,37.64306,38.94868,36.61967,44.77723,34.0,36.05551,37.16181,37.12142,36.71512,39.81206,40.24922,38.60052,37.16181,37.69615,34.36568,28.79236,32.98485,28.44293,28.86174,29.06888,35.17101,28.63564,23.02173,21.93171,30.67572,28.28427
5.38516,6.08276,6.0,7.07107,7.07107,7.07107,7.0,7.0,8.0,8.0,9.0,9.0,9.0,9.0,9.0,10.04988,10.04988,10.04988,10.19804,10.04988,10.04988,10.19804,10.04988,11.18034,11.18034,11.18034,12.16553,12.16553,13.34166,12.36932,12.16553,12.16553,12.16553,12.04159,11.18034,11.04536,12.04159,11.0,11.04536,11.04536,10.0,11.04536,11.04536,10.04988,10.0,9.05539,9.0,9.0,9.0,9.05539,9.21954,8.24621,38.11824,31.38471,37.16181,33.83785,28.17801,39.0,38.94868,43.27817,33.30165,48.9183,45.27693,51.66237,51.73973,52.34501,48.10405,53.60037,58.60034,53.60037,57.62812,55.80323,70.80254,56.0803,64.3506,58.13777,57.00877,60.60528,56.0803,68.47627,66.21933,70.71068,68.24222,72.62231,64.2028,74.06079,66.03787,70.60453,66.03787,72.56032,66.21933,63.00794,64.66065,68.593,65.8559,66.6033,72.13876,63.70243,65.29931,57.2014,54.45181,57.28001,53.41348,54.48853,51.66237,51.08816,52.40229,53.41348,53.85165,36.23534,37.21559,38.47077,44.01136,39.56008,36.87818,41.59327,40.0,48.09366,46.01087,47.04253,43.18565,58.30952,50.92151,55.36244,48.10405,50.53712,42.05948,47.88528,45.60702,47.42362,45.22168,43.86342,49.51767,43.93177,40.31129,45.79301,41.14608,36.67424,44.29447,35.34119,40.8534,40.71855,37.57659,42.05948,40.26164,34.20526,42.2019,36.40055,39.81206,39.31921,38.8973,44.72136,39.45884,37.65634,47.07441,44.18144,32.55764,36.67424,37.0,40.11234,40.4475,40.0125,38.01316,36.05551,43.01163,34.52535
5.83095,6.7082,6.32456,7.61577,6.32456,7.28011,8.24621,8.06226,8.06226,8.06226,9.21954,9.05539,10.04988,9.05539,10.04988,11.0,11.0,10.0,11.0,11.0,11.0,11.04536,11.0,12.04159,12.0,12.04159,12.16553,13.0384,13.15295,12.16553,13.0384,13.0384,13.0384,12.04159,12.04159,12.04159,13.0,12.0,12.0,12.0,11.0,12.0,12.0,11.0,10.0,10.0,10.0,10.04988,10.04988,10.04988,10.19804,9.21954,40.79216,34.20526,36.22154,29.27456,35.12834,34.52535,39.29377,40.80441,40.71855,32.31099,40.70626,42.48529,47.92703,45.0,51.62364,53.00943,54.56189,50.80354,45.22168,53.85165,62.1289,59.68249,58.41233,57.80138,52.69725,63.24555,65.80274,62.96825,65.94695,66.6033,68.68042,68.50547,63.82006,69.6563,67.00746,61.61169,68.8186,65.43699,64.3506,64.07027,62.20129,60.03332,68.60029,65.80274,59.90826,60.37384,64.00781,56.4358,56.30275,54.70832,51.47815,56.35601,43.41659,55.9017,53.22593,49.0408,51.66237,32.20248,29.41088,39.21734,36.12478,40.26164,36.12478,37.05401,43.28972,42.04759,41.7732,43.41659,40.26164,47.29693,40.71855,39.81206,43.41659,37.48333,38.20995,40.0,38.58756,38.60052,39.40812,39.96248,39.11521,38.60052,39.39543,37.36308,39.56008,37.10795,30.80584,30.14963,38.11824,36.05551,39.11521,40.04997,39.0,44.01136,43.0,39.11521,41.10961,35.22783,45.70558,43.73786,43.18565,44.91102,49.47727,48.05206,40.02499,43.32436,44.92215,43.68066,41.59327,43.9659,42.15448,42.2019,45.88028,37.58989
7.0,7.0,7.07107,7.07107,7.07107,7.28011,8.544,8.544,8.544,8.544,9.48683,9.84886,9.84886,9.84886,9.84886,11.6619,10.29563,11.18034,10.81665,11.6619,11.6619,12.20656,11.6619,12.20656,13.0384,13.0384,13.60147,14.42221,13.60147,13.60147,13.0384,14.42221,13.60147,13.0384,13.0384,13.89244,13.89244,13.41641,12.52996,12.08305,12.08305,12.52996,12.52996,11.18034,11.18034,10.29563,10.77033,10.77033,10.77033,10.44031,10.19804,10.19804,38.07887,39.66106,40.31129,36.87818,39.20459,40.60788,35.80503,39.05125,40.31129,39.56008,36.23534,47.43416,49.76947,49.39636,46.8188,51.41984,52.20153,53.15073,58.24088,55.54278,67.89698,60.41523,63.15061,57.42822,63.60031,65.51336,69.12308,62.64982,62.16912,68.18358,65.62012,70.40597,68.88396,72.56032,68.11755,67.74216,67.60178,66.48308,74.0,70.60453,68.41053,64.56005,68.00735,69.64194,68.00735,65.80274,65.19202,60.87693,57.77543,57.38467,57.24509,54.12024,49.76947,51.88449,54.12947,53.33854,54.03702,30.01666,31.14482,30.08322,34.9285,35.1141,33.28663,41.6173,36.05551,48.41487,34.71311,42.0119,36.40055,40.0,43.04649,42.05948,41.0,39.29377,39.62323,34.23449,39.05125,36.34556,36.87818,43.41659,38.8973,36.24914,38.62642,34.88553,35.4683,36.05551,38.28838,32.24903,43.60046,43.13931,34.82815,39.66106,41.10961,36.76955,42.44997,42.44997,49.0408,46.04346,43.93177,52.43091,43.01163,39.40812,57.68882,51.0,43.909,50.08992,47.01064,52.3259,47.70744,49.65884,49.65884,44.94441,47.01064,44.01136
6.32456,5.83095,6.40312,6.40312,7.07107,6.40312,7.2111,6.7082,7.61577,7.61577,8.94427,9.48683,9.48683,9.48683,9.48683,11.18034,10.19804,11.18034,11.18034,11.18034,12.16553,12.16553,12.36932,13.15295,13.15295,14.14214,14.14214,15.13275,15.13275,15.0333,13.34166,14.14214,14.31782,14.14214,14.31782,14.31782,14.56022,13.60147,13.34166,13.60147,13.60147,13.60147,12.64911,11.40175,11.7047,11.40175,11.7047,11.7047,11.7047,12.08305,11.18034,11.18034,41.0,40.0,36.87818,33.06055,31.62278,31.38471,30.67572,30.23243,28.3196,29.73214,32.20248,36.89173,41.04875,38.07887,43.86342,45.88028,48.8467,53.48832,51.86521,50.28916,61.13101,51.24451,56.29387,58.94065,60.16644,64.7611,65.0,71.38627,69.64194,71.19691,73.97973,79.30952,70.0928,77.27872,69.58448,78.58753,75.43209,77.87811,77.16217,78.8543,69.37579,78.43469,70.83784,75.61085,73.05477,69.89278,75.23962,68.94926,65.9242,59.5063,65.9242,62.64982,62.39391,56.46238,60.41523,62.64982,63.00794,42.43819,45.27693,39.56008,47.92703,41.7732,47.67599,42.42641,44.40721,47.09565,40.04997,45.39824,46.04346,45.54119,42.44997,40.80441,33.83785,41.62932,31.62278,31.76476,28.6007,25.80698,21.93171,24.20744,21.2132,19.23538,20.61553,14.76482,16.27882,15.0333,16.12452,13.34166,16.12452,14.42221,16.97056,20.80865,21.93171,20.61553,23.43075,25.80698,30.01666,34.0147,33.54102,37.69615,34.17601,38.60052,38.07887,43.9659,43.41659,45.12206,44.40721,45.27693,49.49747,52.00961,41.7732,50.01,51.08816,45.04442
4.0,4.0,4.12311,4.12311,3.60555,4.24264,5.0,5.0,5.38516,6.32456,7.61577,8.24621,8.24621,8.24621,8.544,9.21954,10.19804,10.19804,10.19804,11.18034,11.40175,12.16553,11.40175,13.15295,13.15295,13.15295,14.14214,14.14214,15.13275,14.14214,14.31782,15.29706,15.29706,14.31782,14.31782,14.31782,15.29706,14.56022,14.31782,13.60147,13.60147,14.56022,13.34166,13.34166,12.64911,12.36932,12.64911,12.64911,12.64911,11.7047,12.08305,11.18034,34.48188,33.54102,31.95309,28.63564,26.68333,21.0238,19.69772,17.26268,19.69772,18.35756,22.2036,25.0,31.14482,28.6531,32.24903,39.39543,43.38202,40.16217,44.72136,44.38468,55.9464,46.95743,50.69517,55.9464,54.78138,59.5063,57.97413,66.94027,68.41053,70.34202,66.70832,72.53275,70.5195,74.72617,69.87131,69.28925,70.5195,74.72617,75.02666,72.42237,75.89466,74.46476,75.58439,76.844,73.73602,74.84651,72.09022,69.57011,66.85058,64.88451,64.4748,65.0,65.30697,62.17717,64.41273,65.74192,64.89992,52.00961,56.22277,52.7731,55.9017,50.21952,54.70832,49.39636,53.22593,62.6099,51.89412,51.47815,56.35601,55.75841,51.86521,46.8615,45.96738,47.50789,35.4683,39.59798,33.30165,33.6006,33.01515,29.68164,26.62705,27.20294,25.23886,20.59126,20.59126,20.59126,19.23538,11.04536,14.0,10.29563,13.0384,11.7047,14.31782,14.76482,14.31782,13.60147,21.54066,22.02272,25.0,26.07681,28.16026,30.59412,30.01666,33.24154,35.73514,39.81206,40.26164,39.21734,42.05948,47.42362,38.01316,46.23851,44.77723,40.70626
3.60555,3.60555,3.60555,3.0,2.0,3.16228,3.60555,3.60555,4.24264,5.0,5.65685,6.40312,6.40312,7.2111,7.81025,8.60233,8.60233,8.60233,9.43398,10.29563,10.0,10.81665,10.0,11.6619,11.6619,13.0384,13.0384,13.89244,13.89244,13.89244,13.0384,13.89244,13.89244,13.89244,13.89244,13.0384,13.60147,13.60147,13.60147,13.60147,12.80625,13.0384,13.60147,12.20656,12.20656,11.40175,12.04159,12.80625,12.04159,12.80625,12.04159,11.31371,34.9285,32.24903,30.0,23.60085,22.80351,24.41311,18.60108,12.64911,12.0,17.26268,17.46425,21.09502,28.30194,25.6125,30.0,35.35534,38.28838,39.59798,41.72529,42.42641,49.81967,44.68781,48.54894,50.44799,51.22499,60.60528,54.67175,61.29437,59.81639,67.1193,66.21933,69.06519,65.21503,73.4983,68.60029,71.70077,75.71658,74.06079,74.4043,71.28113,69.89278,71.70077,72.47068,77.62087,76.6942,70.29225,71.8401,73.0,63.78087,65.29931,65.94695,63.78087,68.24954,62.24147,67.88225,65.79514,62.80127,51.0,53.0,51.31277,58.13777,51.85557,58.13777,50.24938,55.31727,60.87693,53.41348,53.33854,52.15362,59.68249,53.22593,51.07837,41.4367,42.72002,41.23106,42.72002,37.0,38.32754,35.69314,30.01666,33.06055,31.257,23.0,21.0238,23.0,13.60147,18.97367,15.23155,11.40175,11.6619,8.48528,11.40175,11.18034,13.15295,17.08801,17.02939,18.02776,18.43909,27.89265,29.15476,30.23243,31.06445,34.71311,36.79674,38.01316,40.31129,41.40048,39.05125,43.86342,50.20956,44.82187,45.22168,47.63402,45.79301
3.16228,2.23607,1.41421,1.41421,1.0,1.41421,2.23607,3.16228,3.60555,3.60555,5.0,5.83095,5.83095,6.7082,6.7082,7.61577,8.94427,8.06226,9.48683,9.48683,9.84886,10.77033,9.84886,11.7047,11.7047,11.7047,12.64911,12.64911,13.92839,13.34166,13.60147,14.56022,13.60147,13.60147,13.60147,12.64911,13.92839,13.60147,13.60147,13.60147,13.0,13.92839,13.60147,12.64911,12.64911,12.36932,12.64911,12.64911,12.64911,12.64911,12.08305,11.18034,35.12834,31.0,31.01612,22.56103,18.68154,13.0,13.41641,12.36932,4.12311,8.06226,10.44031,14.21267,24.04163,20.24846,28.3196,27.45906,37.01351,35.4683,41.03657,43.41659,52.43091,48.41487,48.02083,53.25411,50.77401,60.74537,56.30275,59.9333,63.28507,71.19691,67.23095,72.06941,70.49113,73.34848,68.8767,74.70609,74.68601,77.38863,75.66373,76.48529,75.17978,77.17513,80.13114,77.41447,81.3941,73.06162,73.92564,76.47876,69.31811,67.1193,69.83552,67.54258,73.43024,72.40166,72.06941,67.41662,68.24954,52.92447,54.12024,53.85165,57.87055,54.12947,55.22681,53.15073,53.15073,60.03332,56.22277,56.0803,53.00943,62.00806,55.3263,52.61179,47.85394,48.27007,41.76123,42.2019,37.65634,33.54102,35.1141,30.46309,30.08322,26.92582,25.0,23.76973,22.02272,17.0,17.80449,11.31371,9.89949,8.60233,11.18034,7.07107,8.544,10.77033,15.81139,12.72792,17.80449,22.80351,25.6125,28.84441,29.15476,30.8707,34.4093,34.0147,37.57659,44.94441,39.29377,42.05948,44.59821,45.12206,44.38468,44.55334,48.83646,42.29657
2.0,1.41421,1.41421,1.0,1.41421,2.23607,2.23607,3.16228,4.0,4.12311,5.0,6.08276,6.08276,7.07107,7.07107,8.06226,8.06226,8.06226,9.05539,9.05539,9.05539,10.19804,9.05539,11.40175,11.18034,12.16553,12.64911,12.36932,13.60147,12.64911,12.36932,13.60147,13.60147,13.60147,13.60147,13.60147,14.56022,13.34166,13.60147,13.60147,12.36932,14.56022,12.64911,12.64911,12.64911,11.7047,12.36932,12.64911,11.40175,12.36932,12.16553,12.16553,21.09502,20.39608,14.14214,16.03122,10.29563,6.08276,6.7082,6.08276,7.0,13.60147,15.0333,16.12452,24.02082,26.07681,26.0,33.01515,39.05125,38.01316,39.0,44.28318,48.0,45.04442,47.01064,50.01,52.00961,57.14018,55.14526,60.07495,65.03076,69.35416,69.35416,69.35416,65.27634,72.36712,71.06335,71.34424,69.05071,75.31268,77.31753,76.90254,76.68768,77.78175,77.64664,77.46612,77.78175,79.9062,80.23092,71.38627,75.13322,70.21396,72.36712,65.9242,70.0928,67.74216,69.58448,71.25307,71.00704,56.75385,57.07013,53.75872,58.54912,55.57877,61.07373,58.30952,61.0082,68.02941,60.00833,64.28063,61.20457,61.66036,56.08921,57.27128,53.36666,60.41523,53.16014,49.39636,44.64303,40.5216,43.9659,37.94733,41.76123,33.52611,38.07887,30.67572,32.89377,22.84732,22.84732,20.88061,15.26434,13.60147,9.21954,8.48528,12.20656,9.21954,9.43398,6.08276,9.21954,13.41641,12.80625,13.45362,19.10497,20.80865,26.07681,25.23886,25.6125,29.15476,31.01612,29.06888,30.08322,31.7805,29.83287,31.32092,36.13862,28.63564
1.41421,1.41421,1.41421,3.16228,3.0,3.0,5.0,5.0,6.0,6.0,7.07107,8.0,8.06226,8.0,8.06226,10.04988,9.05539,9.05539,10.0,10.04988,10.04988,11.04536,11.04536,12.0,12.0,13.0,13.0,14.0,14.03567,14.03567,13.0,14.03567,14.0,14.0,14.0,14.0,15.0,14.0,14.03567,14.0,14.0,14.0,14.0,13.0,13.0,13.0,13.0384,12.0,13.0,13.0,12.04159,12.04159,12.04159,12.16553,7.28011,3.0,0.0,6.40312,6.7082,10.04988,14.14214,17.46425,18.43909,23.19483,24.33105,27.65863,34.48188,37.65634,41.0,40.5216,41.76123,47.80167,53.75872,51.66237,49.0306,51.66237,53.16014,56.51548,60.20797,64.49806,63.15061,65.27634,62.58594,68.44706,67.89698,72.33948,71.11259,67.26812,73.33485,73.17103,73.5459,71.70077,71.17584,74.96666,75.66373,73.97973,71.70077,73.82412,69.58448,71.34424,67.74216,64.49806,68.73136,69.87131,66.27217,68.44706,67.60178,65.51336,63.56886,52.34501,51.15662,55.08176,59.03389,56.00893,59.21149,58.21512,63.15061,62.96825,57.27128,61.13101,63.56099,67.6757,60.40695,55.02727,57.93962,59.23681,51.0,49.64877,42.94182,43.56604,43.82921,38.94868,39.35734,39.40812,36.40055,32.24903,28.6007,30.0,27.01851,22.2036,20.51828,18.43909,14.86607,15.26434,18.35756,12.80625,13.0,9.84886,12.16553,10.04988,14.0,13.0,12.80625,14.21267,20.51828,20.61553,18.35756,21.40093,18.35756,18.38478,21.0238,19.64688,20.61553,17.26268,21.18962,18.43909
2.23607,3.0,3.0,4.12311,4.12311,5.09902,5.09902,6.32456,6.32456,6.32456,8.24621,8.544,8.544,8.544,8.544,9.84886,9.84886,9.84886,9.84886,9.84886,10.29563,11.18034,11.18034,11.6619,12.52996,12.52996,12.20656,13.0384,13.60147,13.60147,12.20656,13.60147,12.80625,12.80625,13.60147,12.80625,14.42221,13.0384,13.0384,12.20656,13.0384,13.60147,12.20656,12.20656,12.20656,11.40175,12.20656,11.40175,12.20656,11.6619,11.18034,11.18034,13.60147,7.81025,9.21954,9.84886,9.21954,13.34166,11.7047,17.88854,19.23538,24.18677,30.0,26.62705,34.1321,30.8707,34.66987,44.10215,48.8774,43.04649,47.01064,48.25971,57.14018,48.8774,55.44367,51.86521,55.0,60.44005,58.89822,60.20797,61.7171,72.13876,65.8559,70.72482,65.79514,69.42622,67.26812,69.31089,70.17834,71.42129,70.72482,74.27651,68.68042,75.74299,73.75636,76.38063,74.33034,74.95332,73.5527,72.18033,70.03571,66.70832,67.26812,61.6198,67.20863,60.20797,61.84658,62.42596,66.57327,52.3259,55.15433,50.9902,58.13777,55.0,60.46487,57.80138,56.30275,60.03332,58.59181,65.0,57.27128,70.93659,62.36185,60.44005,58.5235,61.35145,50.69517,51.66237,50.63596,54.45181,45.27693,44.40721,45.09989,42.0119,42.29657,39.05125,38.0526,38.01316,37.01351,28.07134,33.13608,26.01922,22.36068,22.09072,24.02082,21.18962,24.04163,20.24846,24.35159,22.82542,20.59126,19.84943,22.47221,19.84943,16.97056,18.60108,18.02776,19.72308,22.47221,19.31321,19.64688,20.39608,18.02776,19.23538,16.55295,16.76305
2.23607,2.23607,3.16228,3.16228,4.12311,4.12311,5.09902,5.09902,6.08276,6.08276,7.28011,8.06226,8.06226,8.24621,8.24621,10.19804,9.05539,9.05539,9.05539,10.04988,10.04988,11.04536,10.04988,11.0,12.04159,12.04159,12.0,13.0,13.0,13.0384,12.0,13.0,13.0384,13.0,13.0,13.0,13.0384,12.04159,12.04159,12.04159,13.0,12.0,13.0,11.0,12.0,11.0,11.04536,11.0,11.04536,11.04536,10.19804,10.19804,14.03567,15.26434,11.7047,14.86607,13.89244,15.65248,17.08801,21.84033,21.84033,25.4951,29.61419,35.22783,36.05551,37.36308,44.64303,39.81206,48.05206,46.87217,46.87217,48.37355,53.75872,51.62364,52.00961,53.08484,56.4358,57.07889,58.13777,65.19202,62.20129,69.0,61.0,67.06713,66.06815,71.11259,65.12296,68.11755,74.16873,70.5762,73.02739,68.11755,75.00667,76.00658,70.25667,73.06162,68.02941,73.17103,68.11755,65.03076,60.07495,65.00769,64.00781,60.03332,59.0,61.40033,63.50591,61.0,57.97413,48.6621,51.0392,47.0,54.03702,52.23983,51.15662,53.0,55.3263,55.57877,58.24946,57.00877,56.64804,61.68468,56.85948,54.20332,52.35456,58.59181,49.24429,50.11986,49.73932,41.34005,44.41846,44.04543,48.83646,44.55334,39.62323,37.48333,32.80244,35.35534,36.79674,27.80288,31.14482,26.62705,25.05993,27.313,19.72308,24.08319,25.4951,22.47221,22.84732,26.24881,26.40076,26.24881,23.02173,22.36068,27.01851,24.02082,26.07681,21.0,23.0,25.70992,20.22375,21.58703,24.33105,23.19483,17.11724,20.22375
4.24264,4.24264,5.0,5.0,5.0,5.83095,6.32456,6.7082,7.61577,7.61577,8.544,8.544,8.544,9.48683,8.544,10.44031,9.21954,9.48683,10.19804,10.44031,10.44031,11.18034,11.40175,12.36932,12.36932,12.36932,12.16553,13.34166,12.36932,13.15295,12.36932,13.34166,13.15295,12.16553,12.16553,13.34166,12.36932,11.40175,11.40175,11.40175,12.36932,11.18034,11.40175,10.44031,10.44031,10.19804,10.44031,10.44031,10.44031,9.48683,9.84886,8.94427,24.02082,18.35756,25.80698,24.20744,22.62742,22.67157,29.41088,30.0,31.38471,34.48188,34.48188,36.23534,39.56008,42.94182,44.29447,46.8188,55.00909,55.36244,50.9902,55.02727,61.68468,57.27128,58.24088,59.46427,58.18075,62.39391,60.74537,67.72001,65.78754,66.48308,66.21933,70.21396,67.35726,72.03471,64.77654,68.35203,69.92138,72.53275,70.5762,70.34202,72.42237,68.94926,70.83784,68.62215,66.70832,68.70953,66.21178,64.2573,62.24147,55.15433,60.40695,60.40695,59.77458,56.79789,54.58938,58.18075,55.56978,43.56604,42.05948,45.61798,51.62364,47.75982,51.92302,50.44799,51.47815,50.24938,51.08816,55.08176,48.09366,58.03447,54.33231,51.1957,47.85394,50.80354,48.10405,46.48656,44.01136,42.04759,44.29447,39.96248,41.34005,38.01316,38.07887,34.66987,32.20248,35.4683,35.60899,29.20616,33.42155,27.58623,25.6125,31.62278,27.65863,26.40076,29.20616,28.17801,31.06445,29.06888,31.30495,29.54657,30.08322,27.45906,28.79236,28.44293,27.16616,27.29469,29.15476,31.14482,31.06445,30.0,21.0238,31.06445,30.06659,27.01851
3.16228,3.0,3.16228,4.12311,4.12311,4.12311,5.38516,5.38516,6.7082,6.7082,7.28011,8.06226,8.94427,8.94427,8.94427,9.43398,9.43398,8.94427,9.43398,10.29563,10.29563,10.81665,10.29563,11.6619,11.6619,11.6619,12.20656,12.20656,13.60147,12.80625,11.6619,13.0384,13.0384,11.6619,12.20656,11.6619,12.52996,11.6619,11.6619,11.6619,11.18034,11.6619,11.6619,10.29563,10.29563,10.29563,10.29563,10.29563,9.84886,9.84886,9.48683,9.48683,17.20465,17.46425,20.0,19.31321,17.26268,19.0263,25.0,25.70992,29.41088,27.65863,35.17101,31.01612,41.4367,44.72136,41.62932,48.02083,53.85165,51.42956,50.9902,54.12947,59.03389,52.7731,59.5399,60.82763,57.24509,62.6099,61.40033,66.03787,67.23095,68.00735,66.88797,71.02112,68.88396,75.80237,66.61081,72.56032,72.20111,78.23043,72.71864,72.40166,69.64194,70.71068,68.47627,72.06941,74.24284,71.58911,65.74192,69.77105,67.08204,61.7171,64.49806,59.94164,62.17717,60.41523,57.93962,60.40695,60.44005,50.80354,51.41984,50.28916,54.23099,50.15974,54.12024,50.60632,59.36329,64.63745,57.2014,55.44367,59.66574,62.00806,58.0,56.22277,53.00943,53.82379,45.65085,49.73932,48.8467,45.69464,48.46648,43.46263,41.78516,41.76123,43.46263,36.13862,35.12834,31.40064,33.37664,23.19483,35.01428,31.0,29.01724,28.16026,29.27456,28.44293,26.57066,26.92582,29.41088,30.8707,28.23119,26.83282,28.6531,31.40064,27.58623,29.69848,28.28427,27.65863,29.73214,29.73214,31.14482,33.30165,25.4951,32.64966,29.0,27.20294
1.0,1.41421,2.23607,3.16228,3.60555,3.60555,5.0,5.0,5.83095,5.83095,7.2111,7.2111,7.2111,8.06226,8.06226,9.43398,8.60233,8.60233,9.21954,9.21954,10.0,10.0,10.0,10.63015,11.40175,11.40175,12.04159,12.80625,12.04159,12.72792,11.40175,12.04159,12.04159,12.04159,12.04159,12.04159,12.80625,11.40175,11.31371,11.31371,11.40175,12.04159,12.04159,10.63015,11.31371,9.89949,10.63015,10.63015,9.89949,10.63015,10.0,9.43398,13.0384,11.18034,7.61577,6.7082,8.06226,10.44031,15.29706,16.12452,19.23538,21.09502,25.07987,28.17801,36.24914,36.71512,36.67424,39.82462,47.88528,45.61798,41.18252,46.06517,52.15362,50.11986,47.80167,54.81788,51.0392,57.2014,63.51378,60.80296,63.51378,68.41053,65.80274,67.62396,67.62396,67.80118,66.48308,64.81512,67.94115,70.72482,71.58911,69.52697,69.02898,70.49113,68.24954,66.8431,66.70832,72.00694,68.8186,67.35726,63.60031,60.959,63.03174,60.10824,60.10824,63.41136,59.81639,58.5235,60.37384,50.44799,55.44367,55.86591,55.15433,57.48913,57.2014,57.38467,59.66574,64.81512,60.20797,63.15853,59.9333,64.62198,57.58472,54.70832,57.24509,57.28001,51.41984,47.29693,44.14748,40.02499,44.28318,43.18565,41.01219,38.01316,37.05401,38.11824,33.37664,30.06659,29.27456,27.29469,26.30589,25.17936,23.08679,25.0,20.88061,19.31321,26.83282,24.41311,21.40093,20.80865,23.43075,21.40093,25.23886,25.55386,22.67157,20.24846,25.05993,21.63331,25.07987,27.313,26.57066,21.58703,22.36068,24.0,20.39608,20.39608
1.41421,2.23607,2.82843,2.82843,3.60555,3.60555,4.47214,5.38516,5.83095,5.83095,6.7082,6.7082,8.06226,8.06226,8.06226,8.94427,8.544,8.94427,8.544,8.94427,9.84886,9.48683,9.84886,11.40175,11.7047,11.40175,11.40175,12.36932,12.36932,12.36932,11.40175,12.36932,12.36932,11.18034,11.40175,11.40175,12.36932,11.40175,12.36932,11.40175,11.40175,11.40175,11.40175,10.19804,10.44031,10.19804,10.19804,10.44031,10.44031,9.48683,10.44031,9.48683,11.40175,9.84886,6.32456,7.81025,12.20656,10.0,10.0,17.20465,19.72308,21.9545,28.23119,30.01666,34.0147,29.15476,33.28663,39.39543,40.70626,42.95346,44.65423,48.76474,56.35601,49.1935,51.07837,49.65884,50.9902,57.77543,50.69517,59.77458,59.13544,63.89053,62.29767,65.55151,61.98387,67.6757,61.40033,69.28925,63.60031,69.92138,67.6757,66.40783,62.03225,64.84597,66.12866,69.64194,68.94926,64.84597,66.85058,60.16644,59.23681,56.64804,58.18935,60.16644,61.35145,55.54278,59.61543,56.79789,57.70615,52.95281,60.20797,52.39275,61.68468,56.61272,61.32699,55.15433,59.94164,64.00781,58.24946,63.28507,62.42596,66.37017,62.62587,62.96825,56.58622,59.5483,52.34501,50.91169,48.60041,46.09772,47.63402,41.88078,46.09772,43.82921,40.22437,33.01515,35.77709,31.38471,33.12099,24.16609,25.94224,26.92582,22.84732,25.63201,24.73863,20.02498,19.41649,20.61553,20.61553,21.0,20.02498,21.2132,20.39608,20.24846,19.72308,19.69772,20.80865,20.0,18.86796,17.02939,18.60108,19.10497,14.86607,17.69181,22.80351,16.64332
2.23607,2.23607,3.16228,4.12311,4.12311,4.47214,5.09902,6.32456,6.32456,6.32456,7.28011,8.24621,8.24621,8.544,8.544,9.48683,9.21954,9.21954,9.21954,9.48683,9.48683,10.44031,10.44031,11.18034,11.18034,11.18034,12.16553,12.16553,13.15295,12.04159,12.16553,13.15295,12.36932,12.36932,12.36932,12.16553,13.15295,12.16553,12.16553,12.16553,11.40175,12.36932,12.16553,11.18034,11.40175,10.44031,10.44031,10.44031,10.44031,11.40175,10.44031,10.77033,7.07107,7.07107,10.77033,10.0,10.81665,16.12452,18.02776,18.97367,20.61553,23.70654,29.12044,27.89265,36.24914,36.24914,38.91015,40.16217,41.23106,43.46263,43.86342,47.42362,52.80152,50.56679,48.08326,54.78138,52.80152,54.23099,54.70832,57.00877,57.87055,60.72891,60.44005,61.40033,63.60031,64.56005,61.0,64.28841,65.52099,66.4906,69.28925,63.60031,62.58594,63.90618,70.0928,69.64194,69.89278,62.64184,62.64184,66.48308,58.5235,55.65968,59.13544,57.58472,63.32456,60.08328,58.82176,54.42426,58.13777,55.44367,59.68249,56.08921,62.36185,57.87055,59.09315,55.54278,63.07139,67.60178,65.74192,61.91123,61.29437,65.51336,65.45991,60.87693,61.52235,60.81118,53.75872,53.75872,49.57822,49.51767,50.44799,44.40721,40.80441,42.2019,41.86884,38.07887,36.35932,34.48188,33.42155,25.55386,30.80584,26.83282,26.83282,28.17801,25.4951,21.84033,21.58703,20.61553,24.5153,24.33105,21.09502,18.02776,19.0263,17.0,22.36068,20.88061,16.49242,18.24829,14.31782,16.76305,17.49286,17.0,15.26434,15.23155,16.40122,15.81139
3.60555,3.60555,4.24264,5.0,5.65685,5.65685,7.07107,6.40312,7.81025,7.81025,9.21954,9.21954,9.21954,9.21954,10.0,10.63015,9.89949,10.63015,10.63015,11.31371,11.31371,11.31371,12.04159,12.04159,12.72792,12.72792,12.80625,14.21267,14.21267,14.21267,13.45362,14.21267,14.21267,13.45362,13.60147,14.21267,14.86607,14.14214,13.45362,13.45362,13.45362,12.80625,14.21267,12.80625,12.04159,11.40175,12.04159,12.04159,12.04159,12.72792,12.04159,11.31371,11.7047,7.0,8.24621,15.0,11.7047,17.49286,19.72308,23.32381,24.20744,26.1725,33.30165,37.20215,40.36087,40.31129,44.59821,43.41659,49.49747,46.75468,53.03772,49.57822,56.56854,51.08816,53.15073,56.72742,53.75872,57.80138,53.07542,63.25346,68.0147,65.43699,61.7171,68.8186,63.12686,78.00641,64.3506,70.29225,70.49113,72.20111,73.87828,69.11584,71.86793,69.6563,70.93659,72.62231,66.61081,68.60029,72.42237,65.80274,67.00746,62.42596,62.00806,66.37017,61.85467,62.00806,60.82763,57.38467,59.4138,53.8145,58.79626,56.22277,59.20304,54.08327,62.26556,59.68249,58.18075,67.97794,60.00833,62.96825,60.16644,68.00735,64.32729,58.85576,54.91812,70.40597,54.33231,57.14018,51.35173,46.38965,47.09565,44.01136,44.04543,42.10701,40.0125,34.52535,37.01351,34.1321,36.01389,24.18677,33.54102,29.27456,26.0,27.16616,25.01999,28.86174,22.2036,25.31798,26.92582,26.68333,22.36068,22.84732,22.47221,18.02776,26.41969,19.10497,23.60085,18.38478,21.26029,17.0,18.60108,15.6205,14.42221,18.43909,18.02776,15.23155
3.16228,2.23607,3.60555,3.60555,5.0,5.0,5.83095,5.83095,7.2111,7.2111,8.06226,8.60233,8.60233,8.06226,8.94427,10.0,8.60233,9.43398,10.0,10.0,9.43398,10.81665,10.81665,11.40175,11.40175,11.40175,12.04159,12.04159,12.80625,12.72792,12.04159,12.80625,12.72792,12.04159,12.04159,12.80625,12.80625,12.80625,12.04159,11.40175,12.20656,11.40175,11.40175,10.63015,11.40175,10.63015,11.40175,10.81665,11.40175,10.81665,10.29563,10.29563,9.89949,8.06226,12.36932,12.08305,14.86607,17.08801,21.9545,25.55386,26.41969,29.41088,33.6006,31.38471,41.34005,37.57659,42.94182,44.41846,50.60632,45.65085,43.41659,52.47857,57.45433,53.85165,52.69725,52.83938,55.22681,57.14018,60.20797,61.03278,61.58734,67.00746,64.2028,64.89992,66.85058,71.70077,71.42129,65.45991,71.8401,72.24957,72.67049,69.81404,73.24616,75.45197,69.40461,70.93659,66.0303,70.45566,67.1193,67.47592,65.73431,66.28725,67.6757,63.24555,60.80296,59.90826,62.68174,63.95311,59.80803,59.03389,54.12947,55.36244,55.08176,57.56735,61.18823,59.43904,61.81424,65.76473,63.28507,65.0,64.00781,67.02984,60.13319,57.21888,62.514,60.40695,52.63079,49.24429,50.9902,49.47727,47.80167,46.8188,41.7732,46.61545,41.23106,35.34119,41.78516,39.39543,32.31099,30.67572,30.01666,26.83282,24.16609,23.76973,28.23119,26.92582,28.6531,22.47221,22.82542,26.41969,30.41381,24.20744,20.80865,17.69181,25.80698,23.43075,19.41649,20.80865,14.31782,13.60147,15.81139,13.60147,15.0,15.23155,14.76482,14.42221
4.47214,4.47214,5.0,5.83095,5.83095,6.7082,7.2111,7.2111,8.06226,8.06226,8.94427,9.43398,9.43398,9.43398,9.43398,10.81665,10.81665,10.29563,10.81665,10.81665,10.81665,11.40175,10.81665,11.40175,12.20656,12.80625,12.04159,13.45362,13.45362,12.72792,12.04159,13.45362,12.72792,12.04159,12.72792,13.45362,13.45362,12.80625,12.04159,12.04159,12.04159,12.72792,12.04159,12.04159,10.63015,11.31371,11.31371,10.63015,10.63015,10.63015,10.81665,10.81665,15.13275,11.40175,17.0,17.88854,17.88854,20.80865,27.29469,29.15476,30.23243,35.35534,37.64306,37.80212,40.81666,48.37355,47.88528,50.21952,53.33854,51.10773,47.50789,53.7122,62.43397,55.9464,57.42822,57.42822,59.68249,58.82176,62.68174,67.47592,71.40028,68.0147,64.53681,68.0147,67.42403,70.60453,65.79514,70.60453,71.50524,70.00714,72.20111,67.62396,71.06335,76.40026,66.48308,70.17834,62.62587,68.60029,66.52819,65.8559,63.89053,60.30755,60.10824,62.93648,59.5483,60.87693,60.44005,60.21628,57.14018,51.35173,54.08327,51.0392,57.0,55.03635,55.22681,55.14526,55.44367,60.29925,55.44367,62.80127,58.85576,64.77654,60.44005,55.36244,57.24509,58.69412,59.03389,54.56189,51.07837,45.69464,48.75449,48.10405,46.23851,41.59327,38.94868,39.81206,40.24922,34.66987,38.01316,30.8707,32.75668,30.01666,31.30495,28.42534,30.46309,24.69818,29.54657,24.59675,23.25941,21.40093,24.16609,24.20744,24.69818,21.93171,19.10497,20.51828,15.55635,17.69181,16.64332,14.86607,14.86607,15.81139,13.45362,15.0,10.63015,11.04536
3.0,4.0,4.0,5.0,6.08276,5.09902,6.08276,6.08276,7.07107,7.28011,8.24621,8.24621,8.544,8.24621,8.24621,9.21954,9.21954,9.21954,9.05539,9.21954,10.44031,10.19804,10.19804,11.04536,11.18034,11.04536,11.04536,12.04159,12.04159,12.0,11.04536,12.04159,12.04159,12.04159,12.04159,12.04159,12.04159,11.04536,11.04536,11.04536,11.04536,11.0,11.04536,10.04988,10.0,10.0,10.04988,10.04988,10.04988,10.04988,10.19804,9.21954,13.0384,14.86607,16.12452,15.29706,22.13594,21.84033,25.05993,34.53983,31.01612,35.34119,37.33631,36.24914,44.38468,39.92493,42.94182,47.53946,55.03635,51.07837,49.65884,51.47815,59.94164,50.56679,55.15433,56.36488,52.3259,59.03389,55.9464,60.44005,65.39113,66.09841,63.90618,70.83784,60.92618,72.27724,66.09841,69.857,69.64194,66.48308,64.62198,63.89053,64.28841,68.00735,70.5195,73.05477,68.94926,61.68468,64.84597,61.98387,61.46544,58.82176,63.56886,57.56735,61.40033,53.85165,52.80152,56.79789,56.79789,48.9183,50.93133,48.9183,54.67175,50.60632,55.47071,53.00943,55.75841,64.49806,54.20332,57.69749,57.24509,62.64982,61.09828,61.68468,51.66237,61.13101,52.88667,53.36666,46.87217,46.52956,52.7731,38.83298,44.55334,42.42641,44.14748,36.67424,40.4475,34.23449,39.45884,30.08322,36.22154,30.14963,32.28002,29.27456,26.4764,27.45906,28.28427,26.30589,28.16026,28.0,24.33105,25.0,23.02173,18.11077,20.61553,22.0,22.0,19.41649,19.23538,15.0333,16.0,14.03567,13.0384,16.27882,10.04988,10.0
3.60555,4.47214,4.47214,5.83095,5.38516,5.83095,5.83095,6.7082,6.7082,6.7082,8.06226,8.06226,8.06226,8.06226,8.06226,9.84886,9.84886,8.94427,8.544,9.48683,8.94427,9.84886,9.84886,10.77033,10.77033,10.77033,11.40175,11.7047,11.7047,12.36932,10.77033,11.40175,11.40175,11.40175,11.40175,11.40175,11.7047,11.7047,11.7047,10.77033,10.44031,11.40175,11.40175,10.44031,10.44031,9.21954,10.44031,9.48683,9.84886,9.84886,8.94427,8.94427,15.0,15.0,18.38478,17.69181,18.86796,22.82542,26.40076,30.41381,28.63564,30.41381,33.24154,35.8469,38.07887,40.70626,43.82921,44.59821,51.42956,48.46648,47.41308,47.53946,56.64804,47.01064,54.08327,54.42426,51.47815,56.32051,52.20153,59.90826,63.24555,60.41523,61.13101,64.56005,56.32051,68.44706,58.85576,66.48308,63.56099,65.73431,65.96969,61.0,63.78871,66.40783,62.36185,65.52099,64.19502,63.60031,61.98387,62.8172,60.74537,53.16014,58.5235,55.08176,58.69412,55.54278,56.0803,55.36244,55.9464,50.60632,49.64877,45.80393,52.80152,51.22499,56.58622,54.48853,55.17246,58.69412,56.72742,59.20304,60.0,62.482,61.05735,60.53924,53.23533,61.91123,52.3259,51.88449,53.31041,50.59644,50.69517,43.65776,47.53946,46.17359,43.46263,41.48494,39.21734,37.85499,41.10961,30.67572,38.07887,36.13862,32.98485,36.05551,32.89377,27.20294,33.24154,30.67572,35.51056,32.75668,29.83287,30.26549,29.61419,29.15476,28.07134,28.0,26.30589,27.07397,27.01851,27.29469,23.02173,22.09072,18.11077,22.36068,22.02272,18.24829
5.0,5.0,5.83095,5.83095,6.7082,6.7082,6.7082,6.7082,8.06226,7.61577,8.94427,8.94427,8.94427,8.94427,8.94427,9.84886,9.84886,9.84886,9.84886,10.77033,10.77033,10.77033,10.77033,11.40175,11.7047,11.40175,12.36932,12.64911,12.36932,12.16553,12.36932,13.34166,12.36932,12.36932,12.16553,12.36932,12.36932,11.7047,11.40175,11.40175,11.40175,12.36932,11.40175,11.40175,11.40175,10.19804,11.40175,10.44031,10.77033,10.44031,10.77033,9.84886,16.0,14.76482,20.51828,22.2036,23.34524,22.2036,24.20744,29.20616,31.40064,30.80584,38.94868,33.12099,44.82187,40.49691,38.01316,45.27693,48.54894,47.50789,47.16991,52.47857,56.4358,53.33854,50.11986,51.31277,50.60632,56.82429,57.70615,58.60034,59.05929,62.64982,65.39113,68.942,65.0,62.03225,65.45991,61.26989,66.70832,66.12866,66.64083,71.16881,63.32456,65.19202,63.15853,67.77905,63.56099,68.15424,63.50591,66.85058,55.54278,55.36244,58.18075,57.77543,57.93962,61.26989,56.35601,57.45433,54.91812,50.0,44.40721,47.42362,51.73973,53.75872,49.51767,51.08816,54.67175,59.40539,60.46487,57.42822,58.83026,65.36819,62.64982,58.18075,59.46427,55.36244,54.78138,48.8467,50.01,49.47727,49.72927,44.64303,41.0,42.95346,45.22168,43.93177,41.0,43.41659,39.45884,33.95585,37.33631,35.0571,31.40064,31.257,32.55764,33.37664,29.83287,31.257,33.24154,33.13608,32.06244,28.16026,31.40064,26.0,28.28427,29.15476,24.02082,23.19483,26.30589,24.08319,26.07681,22.2036,21.37756,21.0238,22.09072,14.56022
5.0,5.0,5.0,5.65685,6.40312,7.07107,7.07107,7.81025,7.81025,7.81025,8.48528,9.21954,9.21954,10.0,9.89949,10.0,10.0,10.0,10.81665,10.63015,10.63015,11.40175,10.63015,12.20656,12.20656,12.20656,12.20656,12.20656,13.0384,12.52996,12.20656,13.0384,13.0384,13.0384,13.0384,12.20656,13.60147,12.80625,12.20656,12.20656,12.20656,12.20656,12.20656,11.40175,11.40175,10.81665,11.40175,11.40175,10.63015,11.31371,11.31371,10.63015,17.49286,19.23538,19.10497,19.20937,20.51828,23.60085,25.94224,32.24903,34.48188,32.64966,37.16181,35.35534,43.86342,39.35734,44.72136,49.76947,48.8467,48.75449,43.82921,51.62364,56.0803,49.65884,55.54278,51.5461,57.27128,57.38467,55.36244,66.21933,63.56886,66.4906,65.0,62.0967,63.24555,70.60453,62.36986,66.12866,68.68042,65.25335,67.06713,63.78871,67.44627,68.30813,69.12308,67.44627,65.0,71.16881,64.19502,62.62587,61.03278,62.62587,60.72891,59.80803,55.36244,57.77543,58.69412,57.38467,56.93856,50.96077,49.0408,49.98,56.30275,54.58938,54.40588,54.3783,56.61272,59.81639,57.62812,58.79626,57.48913,65.8559,60.82763,55.60576,56.72742,60.44005,54.3783,53.25411,51.62364,49.73932,51.88449,45.65085,51.31277,46.06517,46.14109,39.39543,37.16181,39.35734,38.01316,33.24154,34.9285,34.9285,33.10589,32.31099,30.41381,31.38471,30.08322,28.23119,32.31099,29.12044,30.08322,30.36445,29.42788,26.92582,30.08322,27.45906,26.4764,26.4764,27.01851,25.01999,22.09072,20.09975,19.41649,20.39608,27.29469,19.23538
4.12311,5.09902,5.09902,6.08276,6.08276,6.08276,7.07107,7.07107,8.06226,8.06226,8.24621,9.05539,9.21954,9.05539,9.21954,10.04988,10.04988,10.04988,10.04988,10.04988,10.04988,11.04536,10.04988,12.0,12.0,12.0,12.0,12.0,13.0,12.04159,12.0,13.0,12.04159,12.0,12.0,12.0,13.0,12.0,12.0,12.0,11.0,12.0,12.0,11.0,11.0,10.0,11.0,11.0,10.04988,10.04988,10.04988,10.19804,21.54066,17.20465,20.51828,17.02939,23.85372,22.84732,29.15476,30.08322,29.54657,33.61547,35.4683,35.8469,45.22168,38.32754,43.46263,44.64303,51.66237,48.08326,45.54119,50.92151,53.60037,50.59644,51.97115,52.81098,55.54278,57.07013,58.69412,60.67125,59.03389,63.50591,58.24946,63.78871,58.0517,62.39391,62.07254,63.15061,67.36468,65.27634,67.26812,61.98387,62.96825,65.30697,65.30697,69.05071,60.63827,63.95311,66.09841,63.15061,56.51548,56.51548,58.46366,58.0517,58.85576,57.00877,58.69412,58.18935,55.71355,48.37355,50.01,50.44799,55.54278,52.20153,52.39275,53.31041,53.23533,59.05929,56.93856,57.98276,59.36329,60.20797,62.62587,56.85068,55.86591,59.4138,52.3259,52.34501,49.20366,44.20407,49.40648,46.40043,48.82622,45.22168,44.20407,42.05948,41.88078,38.58756,40.81666,34.48188,40.71855,38.58756,34.48188,34.43835,31.38471,29.52965,32.75668,30.41381,29.52965,29.73214,34.0147,30.67572,28.79236,28.4605,29.15476,26.68333,29.27456,27.16616,26.4764,26.30589,28.16026,24.08319,20.39608,22.80351,21.84033,19.64688
4.12311,5.38516,5.38516,6.32456,6.7082,6.32456,7.61577,7.61577,7.61577,8.94427,9.84886,8.94427,9.84886,9.84886,9.48683,10.29563,9.84886,9.84886,10.29563,11.18034,10.77033,11.18034,10.77033,11.6619,12.52996,11.6619,11.6619,12.52996,13.0384,12.20656,12.52996,13.0384,12.52996,12.52996,12.52996,12.52996,12.52996,12.52996,12.52996,12.52996,12.52996,12.52996,12.52996,11.18034,11.18034,11.18034,11.18034,10.77033,10.77033,10.77033,10.44031,10.44031,21.0238,18.11077,18.43909,24.18677,28.01785,23.02173,28.07134,29.83287,30.08322,33.52611,31.7805,40.02499,41.7732,41.97618,41.97618,48.38388,53.36666,49.72927,50.44799,54.12024,54.70832,51.66237,55.03635,56.32051,54.57105,58.82176,59.13544,62.96825,63.69458,65.74192,60.16644,61.03278,66.48308,69.857,64.84597,63.69458,68.35203,67.77905,69.26038,65.0,66.70832,72.11103,70.00714,69.57011,65.52099,65.55151,64.56005,64.84597,59.13544,61.68468,61.35145,55.65968,56.921,59.90826,60.01666,57.72348,57.31492,52.69725,50.24938,53.33854,55.00909,54.12024,53.48832,56.30275,54.34151,61.84658,60.20797,61.52235,59.5399,65.30697,63.07139,61.0082,61.03278,60.13319,56.56854,54.23099,50.63596,49.81967,53.75872,50.28916,49.47727,47.53946,45.70558,41.4367,39.56008,41.4367,40.49691,35.4683,36.76955,32.89377,32.69557,33.54102,34.9285,33.24154,35.4683,29.06888,34.98571,34.9285,32.69557,30.01666,35.51056,30.52868,33.83785,27.20294,30.0,33.01515,30.41381,28.3196,29.0,27.58623,23.43075,21.40093,22.67157,20.51828
4.12311,5.0,5.0,6.08276,6.0,6.0,7.07107,7.0,8.06226,8.06226,9.0,9.05539,9.0,9.0,9.0,10.04988,10.04988,10.04988,10.19804,11.18034,11.04536,11.18034,11.04536,11.18034,12.16553,12.16553,12.36932,12.36932,12.36932,12.64911,12.36932,13.34166,13.60147,12.36932,12.36932,12.36932,14.31782,13.15295,12.16553,12.16553,12.16553,12.36932,12.16553,11.40175,12.16553,11.18034,11.18034,11.18034,11.04536,11.04536,11.0,11.0,17.88854,21.0238,17.72005,17.11724,19.41649,23.02173,25.31798,30.14963,27.29469,32.55764,34.9285,36.13862,40.5216,42.44997,45.17743,43.9659,54.40588,46.09772,49.72927,50.69517,55.7853,54.12024,54.23099,60.08328,53.85165,53.31041,57.38467,63.15853,60.16644,66.30988,59.80803,59.61543,61.84658,64.40497,62.26556,65.76473,67.23095,67.1193,67.1193,66.64833,66.7308,70.38466,66.21178,67.60178,63.97656,67.1193,67.23095,66.64833,63.32456,61.26989,60.00833,60.37384,59.5063,59.61543,60.74537,58.94065,59.03389,47.85394,49.24429,51.5461,55.65968,54.34151,56.56854,52.95281,56.08921,58.69412,57.21888,60.13319,61.07373,64.07027,61.81424,55.9017,54.57105,60.41523,54.81788,51.24451,52.88667,49.64877,48.8467,50.69517,50.56679,50.08992,42.05948,40.24922,38.47077,37.58989,38.48376,34.0,36.35932,35.51056,34.88553,36.35932,30.88689,32.24903,35.51056,30.52868,31.90611,32.20248,33.10589,36.40055,35.0,30.80584,30.80584,31.62278,27.58623,29.06888,28.3196,26.1725,29.69848,25.4951,26.1725,25.80698,23.34524,22.67157
3.60555,4.47214,5.38516,5.38516,5.38516,5.38516,6.32456,6.32456,7.28011,7.61577,8.94427,8.544,8.544,8.544,8.544,10.44031,9.48683,9.48683,9.48683,10.44031,10.44031,10.19804,10.44031,11.40175,11.40175,11.40175,12.16553,12.16553,12.16553,13.15295,12.16553,13.15295,13.15295,12.16553,12.16553,12.16553,13.34166,12.36932,12.16553,11.18034,12.36932,12.36932,12.16553,11.18034,11.18034,11.18034,11.18034,11.18034,11.40175,11.40175,10.77033,9.84886,16.12452,16.64332,19.10497,19.72308,22.36068,19.69772,19.92486,29.41088,25.70992,32.57299,31.7805,35.90265,40.26164,40.5216,41.23106,46.38965,50.9902,45.70558,50.44799,49.0306,59.3043,51.62364,52.23983,51.24451,53.60037,55.03635,53.60037,59.07622,58.42089,62.00806,61.03278,63.28507,59.00847,68.11755,60.07495,65.12296,65.03076,67.1193,65.12296,65.12296,66.1211,70.02857,68.00735,69.02898,66.06815,64.00781,65.03076,61.03278,60.20797,60.0,59.03389,61.03278,61.0082,54.14795,56.4358,54.58938,55.08176,47.16991,50.48762,50.01,55.31727,48.10405,54.23099,51.24451,56.46238,60.92618,53.7122,58.30952,53.85165,63.28507,58.41233,56.72742,52.49762,59.46427,53.03772,54.03702,43.13931,49.40648,50.60632,44.20407,45.60702,43.41659,43.01163,43.38202,42.19005,35.8469,38.01316,31.62278,38.91015,31.30495,32.24903,35.34119,33.10589,29.52965,34.53983,32.20248,33.83785,33.24154,30.08322,29.73214,27.313,31.62278,32.98485,28.16026,29.41088,26.07681,26.07681,24.33105,23.5372,26.0,17.11724,27.51363,26.68333,21.18962
2.82843,3.60555,4.47214,5.0,5.38516,5.38516,5.38516,6.32456,6.7082,6.7082,8.06226,7.61577,8.94427,8.544,7.61577,9.48683,9.48683,8.94427,9.48683,9.48683,9.84886,10.44031,9.48683,10.44031,10.77033,11.40175,11.40175,12.36932,12.36932,12.16553,11.40175,12.36932,12.36932,11.40175,11.18034,11.40175,12.64911,11.7047,11.40175,10.77033,11.40175,11.40175,11.40175,10.44031,10.44031,10.44031,10.44031,9.84886,9.84886,9.84886,10.29563,9.43398,19.0263,16.03122,18.86796,19.72308,18.60108,18.43909,25.6125,25.6125,26.62705,27.45906,31.82766,33.6006,40.45986,40.80441,38.83298,46.09772,47.88528,47.50789,44.29447,49.64877,51.97115,50.77401,52.39275,54.91812,51.62364,56.60389,54.12947,57.24509,59.5063,62.29767,62.16912,59.03389,61.26989,63.15853,63.90618,60.41523,66.85058,64.62198,62.16912,66.85058,64.51356,65.79514,63.97656,66.40783,64.00781,66.64833,63.06346,61.7171,58.18075,56.0803,60.03332,55.47071,59.68249,55.47071,52.15362,57.98276,54.67175,46.17359,47.53946,48.10405,49.73932,49.64877,49.73932,50.47772,53.41348,56.85068,57.48913,55.44367,56.72742,63.78087,60.30755,56.0357,58.30952,54.6443,54.12024,50.60632,48.8467,48.46648,51.86521,49.76947,47.92703,45.88028,41.59327,41.78516,39.84972,43.17407,42.2019,35.17101,41.59327,35.35534,35.51056,34.23449,33.37664,33.73426,31.62278,31.57531,35.51056,30.0,32.0,32.0,33.06055,28.01785,29.61419,30.0,26.1725,31.257,29.15476,29.06888,25.07987,28.63564,23.08679,25.31798,27.01851,21.37756
5.09902,5.09902,6.0,6.0,7.0,7.0,7.07107,7.0,8.06226,8.06226,9.05539,10.04988,9.05539,9.05539,9.05539,11.18034,10.19804,10.04988,10.19804,10.19804,11.18034,11.40175,10.19804,11.40175,12.36932,12.36932,12.08305,12.64911,12.64911,13.0,12.64911,13.0,13.0,11.7047,12.08305,13.0,13.92839,12.64911,11.7047,11.7047,12.64911,11.7047,11.7047,11.7047,11.7047,10.77033,10.77033,10.44031,10.44031,10.44031,11.18034,10.19804,22.2036,21.63331,17.0,21.18962,25.70992,22.36068,27.0,29.42788,34.0147,34.05877,37.05401,39.05125,43.01163,44.0,45.04442,46.17359,51.24451,49.36598,50.08992,53.33854,57.87055,53.23533,51.97115,52.15362,52.15362,56.7186,59.43904,62.0967,61.18823,64.84597,58.94065,62.0967,65.0,68.96376,64.62198,64.03124,65.0,67.05222,65.52099,64.84597,66.40783,67.46851,65.73431,66.48308,61.84658,67.72001,60.87693,65.25335,57.87055,59.22837,57.97413,58.24088,56.75385,56.29387,57.70615,59.5399,55.0,47.38143,46.27094,48.01042,51.0,53.00943,52.15362,53.23533,55.44367,58.54912,59.03389,59.20304,60.41523,62.36185,61.84658,53.66563,58.18075,58.59181,54.40588,51.0392,52.69725,51.0392,49.67897,47.43416,45.80393,45.34314,44.40721,39.62323,43.86342,38.20995,42.52058,32.52691,37.48333,38.8973,32.80244,33.97058,34.65545,32.55764,29.69848,33.42155,36.87818,31.62278,34.20526,30.23243,33.28663,31.38471,26.1725,29.41088,30.01666,27.45906,28.30194,30.52868,29.68164,25.05993,23.85372,26.62705,25.0,21.09502
5.38516,5.09902,6.08276,6.08276,7.07107,7.07107,8.06226,8.06226,8.06226,8.0,9.05539,10.04988,10.04988,10.04988,10.04988,11.0,11.0,10.0,11.0,11.0,11.04536,11.0,11.04536,12.0,12.0,12.0,13.0384,12.0,13.0,12.04159,13.0,13.0,13.0,12.0,13.0,12.0,13.0,12.0,12.0,12.0,12.04159,13.0384,11.0,11.0,11.04536,11.04536,11.04536,10.04988,10.04988,11.04536,10.19804,10.44031,16.64332,19.79899,21.40093,24.69818,25.55386,27.73085,28.79236,31.62278,35.4683,34.48188,40.26164,38.07887,47.12749,44.59821,49.0408,48.83646,55.7853,50.44799,49.98,56.08921,58.85576,55.7853,55.9017,61.18823,56.88585,56.08921,62.16912,63.3877,64.13267,65.37584,65.76473,64.19502,64.93843,70.34913,67.02984,66.75328,69.11584,67.26812,66.61081,67.60178,66.48308,68.46897,65.11528,64.77654,64.13267,66.09841,64.93843,64.49806,62.16912,61.98387,60.20797,57.27128,53.93515,54.57105,56.04463,56.61272,54.78138,47.26521,49.0408,47.01064,52.00961,50.03998,50.35871,52.23983,56.08921,57.72348,53.45091,57.58472,55.71355,65.19202,58.18075,56.82429,57.68882,60.74537,50.9902,51.85557,48.10405,46.2277,48.83646,45.25483,50.93133,48.9183,44.55334,40.60788,42.2019,40.0,39.66106,31.89044,44.41846,34.66987,33.6006,38.60052,33.6006,31.62278,36.05551,36.89173,33.83785,32.20248,32.64966,31.7805,28.79236,30.08322,31.06445,30.41381,31.32092,30.08322,33.83785,32.57299,31.38471,28.86174,24.04163,26.92582,27.29469,25.05993
5.38516,6.32456,6.08276,7.28011,7.28011,7.28011,8.24621,8.24621,8.544,8.24621,9.21954,10.19804,10.19804,10.19804,10.44031,10.19804,11.18034,10.19804,11.18034,10.44031,10.19804,11.40175,11.18034,12.04159,12.16553,12.16553,12.16553,12.16553,13.15295,12.04159,12.16553,13.15295,13.15295,12.16553,12.16553,12.16553,13.15295,12.16553,12.16553,12.16553,11.40175,12.36932,11.18034,11.18034,11.40175,10.19804,10.44031,10.44031,10.44031,10.44031,10.77033,9.84886,21.09502,25.80698,27.65863,28.6007,26.92582,30.23243,30.41381,37.21559,32.24903,40.31129,41.14608,42.05948,50.56679,46.51881,49.1935,48.38388,56.36488,52.20153,51.88449,55.9464,63.32456,53.31041,55.97321,55.71355,55.54278,58.87274,61.32699,65.45991,63.15853,67.72001,61.03278,64.19502,63.56886,69.37579,63.34824,65.14599,69.37579,67.44627,66.48308,65.78754,68.30813,67.77905,69.26038,72.42237,66.12866,64.28841,62.96825,64.2573,61.09828,56.64804,55.36244,55.15433,57.58472,53.23533,55.9464,55.9017,52.69725,43.56604,48.27007,45.89118,50.44799,49.0408,49.24429,47.42362,51.47815,58.18075,54.40588,52.15362,52.49762,62.80127,53.8145,55.15433,53.75872,58.13777,51.22499,53.15073,43.01163,48.25971,50.77401,44.29447,42.54409,45.69464,43.41659,43.56604,42.95346,37.57659,42.43819,35.35534,37.64306,38.07887,32.69557,33.52611,30.67572,36.68787,34.9285,29.73214,31.32092,33.24154,35.73514,34.9285,31.04835,32.28002,28.79236,30.59412,28.07134,25.0,30.01666,26.30589,28.16026,29.27456,20.22375,29.12044,26.57066,22.47221
5.38516,5.83095,5.83095,7.2111,7.2111,7.2111,7.81025,7.81025,8.60233,8.60233,9.21954,9.21954,10.0,10.0,10.0,10.63015,10.63015,10.63015,9.89949,10.63015,10.63015,11.31371,10.63015,11.31371,12.04159,12.04159,12.04159,12.80625,12.80625,12.20656,12.04159,12.80625,12.80625,12.04159,12.80625,12.04159,12.72792,12.04159,12.04159,12.04159,11.31371,12.04159,10.63015,10.63015,10.63015,10.63015,9.89949,9.89949,9.89949,9.89949,10.0,10.0,19.0263,22.36068,26.92582,24.73863,30.88689,31.95309,34.1321,35.35534,32.44996,37.20215,40.49691,42.43819,48.82622,44.41846,53.85165,50.44799,57.14018,52.69725,51.0392,55.47071,62.36986,56.0357,54.56189,55.60576,57.80138,59.81639,61.7171,64.3506,60.959,68.68042,64.3506,65.11528,66.6033,71.44928,63.70243,67.94115,69.31089,70.03571,69.52697,66.48308,70.72482,68.68042,67.20863,65.05382,65.29931,65.11528,64.03124,64.3506,56.85068,57.62812,58.79626,54.03702,58.72819,58.60034,57.2014,54.70832,55.07268,47.38143,43.86342,45.45327,49.40648,51.61395,53.33854,52.15362,51.42956,58.13777,55.15433,57.38467,54.42426,63.24555,56.75385,56.08921,55.57877,58.69412,54.23099,48.16638,51.0098,48.0,49.0102,49.0408,48.09366,51.15662,47.0,43.28972,46.52956,41.7732,42.29657,38.63936,38.83298,37.10795,34.71311,35.44009,33.73426,36.49658,34.71311,34.71311,34.71311,35.17101,35.69314,33.24154,31.62278,29.83287,34.52535,31.62278,30.36445,30.36445,30.36445,25.96151,29.73214,30.46309,25.96151,30.80584,28.28427,25.07987
6.32456,5.83095,5.83095,6.7082,7.2111,7.61577,8.06226,8.06226,8.60233,8.60233,10.29563,9.43398,10.29563,10.29563,10.29563,10.81665,10.81665,10.29563,10.0,11.40175,11.40175,11.40175,10.81665,12.04159,12.20656,11.40175,12.04159,13.45362,12.80625,12.72792,12.04159,13.45362,12.04159,12.04159,12.72792,12.04159,12.80625,12.20656,12.20656,12.20656,11.40175,11.40175,12.20656,11.40175,11.40175,10.63015,10.0,10.81665,10.0,10.29563,10.29563,10.29563,25.07987,22.02272,28.28427,31.04835,27.29469,29.96665,30.88689,41.62932,34.0,38.94868,38.83298,38.94868,45.27693,46.64762,44.20407,50.80354,57.68882,57.2014,56.0357,52.20153,66.21933,50.47772,59.4138,60.44005,58.82176,61.29437,55.31727,65.06919,63.03174,65.05382,60.10824,68.593,60.82763,72.83543,58.72819,70.72482,67.17887,67.17887,67.47592,68.62215,62.28965,67.35726,66.8431,68.62215,66.6033,65.06919,68.24954,60.81118,57.38467,59.46427,58.13777,58.25805,55.22681,55.0,56.40035,53.25411,49.92995,39.62323,48.9183,43.60046,50.21952,47.01064,51.47815,51.0,53.48832,58.30952,54.08327,56.61272,52.49762,58.94065,57.87055,57.42822,53.08484,64.07027,50.03998,52.23983,49.0408,48.16638,52.7731,45.54119,48.09366,45.27693,46.09772,41.7732,44.91102,36.40055,44.38468,33.73426,38.48376,39.84972,35.51056,36.76955,33.52611,28.86174,34.71311,33.73426,35.17101,34.78505,31.95309,35.34119,32.69557,34.78505,34.88553,30.46309,31.7805,29.06888,26.57066,26.92582,33.52611,33.52611,25.07987,26.57066,28.23119,23.34524
5.0,5.65685,5.65685,5.65685,6.40312,7.07107,7.2111,7.81025,7.81025,7.2111,9.21954,8.60233,9.21954,9.21954,8.60233,10.0,9.43398,10.0,9.43398,9.43398,10.29563,10.29563,10.29563,10.29563,10.81665,11.18034,11.18034,11.18034,11.18034,11.18034,10.29563,12.08305,11.18034,11.18034,11.18034,11.6619,11.6619,10.81665,10.81665,10.29563,10.81665,10.81665,11.6619,9.43398,9.43398,9.43398,9.43398,9.43398,10.0,9.21954,9.21954,8.48528,23.4094,23.76973,28.84441,24.18677,25.80698,32.01562,32.55764,34.65545,36.87818,36.06938,40.45986,40.36087,44.20407,47.63402,47.63402,51.0392,57.2014,50.0,51.40039,51.86521,58.5235,54.67175,53.53504,58.83026,54.81788,61.03278,61.03278,63.28507,61.40033,68.0,58.83026,64.89992,62.96825,68.42514,67.54258,66.57327,67.08204,68.0,67.1193,63.63175,63.63175,69.63476,65.8635,65.73431,62.00806,65.73431,60.53924,64.89992,56.22277,56.85948,60.0,55.0,54.81788,54.67175,56.58622,54.45181,51.66237,45.88028,49.76947,46.95743,46.09772,47.41308,50.21952,51.0392,52.40229,55.9017,52.34501,57.00877,54.48853,59.03389,57.42822,53.66563,56.4358,57.80138,51.47815,52.0,49.65884,52.20153,49.64877,50.0,49.72927,46.87217,48.76474,42.19005,42.95346,36.87818,43.41659,36.49658,40.31129,33.54102,35.22783,36.34556,38.47077,37.85499,35.12834,33.06055,32.55764,37.12142,37.21559,37.33631,33.06055,30.0,37.01351,33.06055,34.05877,29.0,30.0,31.01612,27.07397,30.06659,28.0,32.01562,31.01612,23.19483
6.40312,6.40312,7.07107,7.07107,7.81025,7.81025,7.81025,7.81025,9.21954,9.21954,9.21954,10.0,10.0,10.81665,10.63015,11.40175,10.81665,10.81665,10.81665,11.40175,11.40175,12.20656,11.40175,12.52996,13.0384,13.0384,12.52996,13.89244,13.89244,13.41641,13.0384,13.89244,13.0384,13.0384,13.0384,13.0384,13.0384,13.0384,13.0384,12.20656,12.20656,12.20656,12.20656,10.81665,11.40175,10.81665,11.40175,10.63015,10.63015,10.63015,9.89949,9.89949,22.67157,32.64966,26.40076,24.69818,32.20248,28.6531,30.01666,31.7805,35.34119,32.98485,35.44009,38.60052,45.88028,47.80167,42.05948,44.40721,50.44799,50.0,46.09772,50.69517,50.21952,50.0,57.31492,55.44367,53.60037,54.33231,57.48913,64.28063,64.62971,54.03702,54.14795,57.87055,57.00877,63.78871,56.00893,59.4138,68.00735,66.06815,62.514,63.28507,62.28965,59.43904,62.64982,63.78871,60.41523,62.0967,56.75385,59.22837,50.96077,50.03998,50.9902,53.75872,49.0408,51.24451,49.76947,46.48656,39.56008,40.16217,40.1995,39.05125,48.83646,45.39824,42.0119,48.6621,46.38965,48.6621,51.92302,55.71355,52.49762,57.28001,55.9464,55.07268,53.0,53.22593,50.80354,50.47772,49.64877,43.84062,55.9017,49.57822,43.27817,48.08326,46.66905,49.09175,41.6173,40.49691,44.41846,36.23534,40.22437,47.50789,37.01351,40.60788,36.76955,36.35932,34.43835,38.27532,39.44617,34.48188,34.88553,42.05948,33.12099,32.24903,39.84972,36.24914,30.80584,33.01515,33.83785,36.23534,36.40055,32.75668,26.83282,39.39543,26.07681,33.12099
5.09902,5.09902,5.38516,6.32456,6.32456,6.7082,7.2111,8.06226,8.06226,8.06226,8.94427,9.43398,8.94427,8.94427,8.94427,10.29563,10.29563,10.29563,9.43398,10.81665,10.29563,10.81665,10.81665,11.40175,12.20656,12.20656,12.20656,13.60147,12.80625,12.80625,11.40175,12.80625,12.80625,12.20656,12.80625,12.20656,13.0384,12.20656,12.20656,11.6619,11.6619,10.81665,11.6619,10.81665,10.81665,10.0,10.29563,9.43398,10.29563,10.29563,9.84886,9.84886,21.0238,24.0,26.0,31.241,30.61046,31.38471,29.06888,44.82187,29.0,36.06938,36.79674,37.53665,44.55334,41.7732,47.50789,46.75468,52.34501,52.40229,49.51767,47.63402,60.81118,49.57822,59.20304,53.03772,58.25805,57.31492,53.90733,63.12686,60.60528,64.84597,53.60037,67.35726,52.3259,68.11755,54.6443,66.8431,65.73431,73.24616,60.60528,65.73431,56.30275,69.81404,60.10824,57.31492,59.46427,58.0,60.1415,52.34501,56.63921,52.49762,53.8145,52.49762,51.62364,43.13931,50.60632,50.24938,48.02083,41.4367,42.95346,42.48529,45.17743,46.14109,51.62364,48.75449,48.02083,56.85948,43.84062,52.34501,55.22681,61.07373,60.44005,57.2014,48.02083,60.37384,46.95743,54.58938,46.51881,47.43416,51.62364,47.80167,46.57252,46.87217,46.8188,36.87818,42.75512,34.0,46.52956,35.0,44.0,39.11521,36.12478,42.0119,31.57531,37.05401,37.01351,35.0571,35.35534,39.20459,33.06055,43.18565,38.01316,38.0526,45.39824,28.01785,34.0147,38.0,31.40064,31.40064,31.40064,34.78505,25.07987,35.22783,30.41381,36.0
5.0,5.83095,6.32456,6.7082,6.7082,7.61577,7.61577,7.61577,8.544,8.544,9.48683,9.48683,9.48683,9.84886,9.84886,10.44031,10.44031,10.44031,10.44031,10.44031,10.44031,11.40175,10.77033,12.36932,11.40175,12.36932,12.36932,12.36932,13.34166,12.36932,12.36932,13.60147,12.36932,12.36932,12.36932,12.64911,13.0,12.64911,11.7047,11.7047,10.77033,11.7047,11.7047,10.77033,10.77033,9.84886,9.84886,9.84886,9.84886,9.84886,9.43398,9.43398,23.25941,26.62705,29.06888,23.34524,29.06888,27.20294,28.01785,34.66987,34.48188,34.66987,34.1321,39.81206,42.95346,39.35734,46.06517,46.8188,53.66563,54.78138,50.69517,50.69517,55.97321,52.3259,56.921,55.36244,57.38467,61.32699,56.64804,63.60031,65.45991,66.21933,61.40033,64.84597,65.0,69.64194,60.63827,64.84597,64.03124,67.44627,68.94926,67.06713,61.68468,63.56099,61.46544,64.84597,65.55151,62.76942,62.96825,58.5235,57.69749,57.38467,55.03635,56.46238,55.15433,50.11986,50.24938,54.70832,51.61395,43.01163,46.09772,41.97618,47.67599,46.32494,50.28916,47.12749,47.92703,56.85948,48.46648,56.4358,55.0,58.24946,56.40035,56.58622,53.75872,60.10824,49.51767,50.32892,45.60702,48.60041,53.0,45.27693,45.27693,47.41308,46.64762,43.41659,44.28318,35.8469,40.71855,34.43835,40.24922,34.17601,38.27532,37.69615,34.78505,33.10589,35.8469,33.52611,37.0,37.36308,37.0,33.95585,29.54657,32.28002,37.10795,34.48188,30.80584,32.38827,33.73426,31.62278,30.59412,33.13608,27.65863,30.41381,27.85678,25.31798
5.09902,6.0,7.0,7.0,7.0,7.0,8.06226,8.06226,8.06226,8.06226,9.05539,10.04988,9.05539,9.05539,10.04988,11.04536,10.04988,10.04988,10.19804,11.18034,10.19804,11.18034,11.04536,12.16553,12.16553,12.16553,12.36932,13.34166,12.36932,12.36932,12.36932,12.36932,12.36932,12.36932,12.36932,12.16553,12.16553,12.16553,11.18034,11.18034,11.04536,11.18034,12.16553,10.04988,11.04536,10.19804,10.04988,10.04988,10.04988,10.04988,10.0,9.0,27.80288,25.4951,23.25941,27.51363,31.38471,28.16026,32.06244,34.52535,37.48333,37.05401,40.0125,42.04759,47.0,45.27693,51.15662,49.0408,52.0,49.0,51.08816,56.22277,58.13777,56.14268,55.22681,55.3263,54.03702,59.4138,61.20457,63.95311,63.3877,63.3877,59.68249,62.64982,64.49806,67.74216,64.77654,63.3877,63.78871,65.9242,70.17834,62.64982,65.9242,68.18358,65.27634,63.28507,63.1981,64.93843,59.00847,60.13319,54.08327,55.14526,54.23099,58.42089,57.21888,53.03772,56.0357,54.03702,50.35871,41.7732,41.59327,41.19466,46.27094,47.01064,46.27094,47.01064,50.01,56.22277,54.12024,54.12024,56.32051,58.18935,51.62364,50.08992,57.24509,59.03389,51.86521,47.16991,52.15362,48.16638,52.63079,48.9183,48.41487,46.75468,45.80393,41.01219,39.69887,40.36087,42.42641,36.06938,38.8973,39.62323,35.35534,39.69887,34.65545,37.20215,40.36087,35.60899,36.40055,34.20526,37.01351,36.05551,36.87818,33.6006,31.62278,31.1127,32.20248,28.84441,38.07887,29.06888,30.61046,30.88689,30.88689,33.83785,29.15476,26.40076
5.09902,5.09902,5.0,6.0,6.0,6.0,7.0,7.0,7.0,8.0,8.0,8.06226,9.0,9.05539,9.0,10.04988,9.21954,9.05539,9.05539,10.04988,10.04988,10.19804,10.04988,11.18034,11.04536,11.18034,11.18034,12.16553,12.16553,11.40175,11.04536,12.16553,12.04159,11.18034,11.18034,11.04536,12.04159,11.04536,11.04536,10.04988,11.04536,10.04988,10.04988,10.04988,10.04988,9.05539,9.0,9.0,9.0,8.0,9.05539,8.06226,22.2036,28.42534,25.45584,28.30194,31.7805,30.41381,33.24154,34.78505,33.24154,34.78505,40.4475,38.63936,42.57934,43.93177,46.32494,48.16638,52.46904,53.60037,48.83646,55.31727,60.53098,54.33231,51.08816,57.21888,55.22681,60.40695,63.07139,63.12686,60.29925,68.0,64.19502,66.27217,65.27634,69.00725,67.00746,62.514,69.02898,65.06919,69.87131,67.06713,68.06614,68.88396,66.48308,67.36468,61.40033,67.36468,61.98387,60.01666,54.34151,55.9017,56.32051,57.48913,56.51548,53.16014,50.63596,50.96077,50.15974,43.68066,46.69047,44.40721,50.15974,51.08816,48.01042,50.03998,52.46904,55.57877,52.95281,55.08176,56.51548,65.0,57.38467,57.24509,59.09315,59.9333,56.0803,52.35456,53.00943,54.03702,53.15073,51.08816,50.32892,51.62364,46.2277,46.75468,47.01064,45.60702,46.40043,37.64306,41.23106,40.0,35.60899,41.40048,39.20459,39.40812,39.40812,35.0,41.6173,39.96248,42.2019,38.01316,39.82462,34.1321,39.81206,34.98571,34.98571,30.46309,32.89377,32.20248,31.7805,33.83785,27.313,31.7805,27.78489,27.85678
5.38516,5.38516,6.32456,6.32456,7.28011,7.28011,7.07107,8.06226,8.06226,8.06226,9.48683,9.05539,9.21954,9.21954,9.05539,11.04536,10.04988,10.04988,10.04988,10.0,11.04536,11.0,11.04536,11.0,12.04159,12.04159,12.0,13.0,12.0,12.04159,12.0,12.0,12.0,12.0,12.0,12.0,12.04159,11.04536,11.04536,11.0,11.04536,11.04536,11.04536,10.04988,10.0,10.0,10.0,10.0,10.04988,10.04988,9.21954,9.21954,28.6007,26.40076,29.69848,21.40093,30.80584,31.90611,27.73085,33.83785,32.89377,38.47077,39.21734,38.60052,47.01064,44.94441,44.59821,50.59644,55.02727,51.66237,52.81098,55.65968,60.87693,52.20153,56.4358,59.20304,55.36244,62.36986,57.27128,60.82763,64.7611,65.37584,61.52235,64.93843,64.13267,69.72087,58.21512,67.18631,67.08204,66.48308,66.4906,65.9242,59.84146,68.41053,69.05071,67.91171,60.44005,57.07013,59.20304,60.87693,56.04463,54.81788,55.08176,51.5461,52.49762,47.75982,53.48832,51.89412,54.626,44.0,43.0,42.19005,50.24938,45.89118,53.85165,48.05206,50.28916,54.42426,51.07837,59.9333,55.47071,61.91123,55.22681,57.62812,53.00943,57.2014,52.34501,50.93133,50.9902,45.34314,50.44799,49.92995,49.20366,49.09175,49.20366,46.04346,44.94441,41.67733,48.82622,38.94868,42.72002,39.82462,38.27532,38.01316,35.51056,38.47077,39.82462,34.9285,38.01316,40.71855,37.58989,37.57659,36.76955,33.10589,38.07887,33.61547,33.54102,35.1141,33.24154,33.61547,34.53983,31.32092,28.86174,33.24154,30.36445,27.78489
5.0,5.65685,5.65685,7.07107,6.40312,7.07107,7.81025,7.81025,7.81025,7.81025,8.48528,9.21954,9.21954,9.21954,9.21954,10.0,10.0,10.0,10.81665,10.29563,10.0,10.81665,10.81665,11.6619,11.6619,11.6619,12.52996,11.6619,13.0384,12.52996,11.6619,12.52996,12.52996,11.6619,12.52996,11.6619,12.20656,11.6619,11.6619,10.81665,10.81665,12.20656,10.81665,10.81665,10.0,9.43398,10.0,9.43398,9.43398,9.21954,9.21954,8.48528,28.63564,28.01785,26.92582,24.69818,31.7805,28.30194,33.10589,33.28663,36.61967,35.4683,37.64306,40.31129,48.10405,41.7732,45.25483,48.16638,56.58622,53.07542,48.83646,53.74012,59.20304,55.86591,52.00961,57.00877,55.22681,57.38467,57.80138,65.80274,57.62812,65.60488,64.66065,64.66065,64.40497,69.11584,66.03787,68.24954,67.00746,65.73431,68.41053,65.73431,65.80274,68.0147,64.66065,62.482,60.959,62.36986,56.72742,61.03278,59.03389,55.31727,53.15073,54.03702,51.40039,53.15073,51.62364,47.38143,49.0408,39.96248,47.20169,45.96738,46.09772,48.08326,48.60041,48.83646,51.73973,54.03702,53.23533,58.83026,56.82429,61.29437,59.13544,53.48832,58.46366,58.18935,56.29387,46.69047,53.33854,53.75872,53.60037,49.0102,47.04253,49.0,45.27693,44.0,46.01087,44.40721,44.28318,41.10961,42.04759,40.4475,40.04997,38.20995,37.12142,35.01428,38.01316,36.34556,39.45884,40.11234,38.32754,37.48333,36.05551,34.36568,35.17101,33.54102,37.10795,33.24154,32.75668,35.22783,35.22783,33.24154,32.55764,32.57299,31.7805,28.16026
6.0,6.0,6.0,7.07107,7.07107,7.07107,8.06226,8.06226,8.24621,8.24621,9.05539,10.19804,10.19804,9.21954,10.19804,11.18034,10.19804,10.19804,10.19804,10.19804,11.18034,11.18034,10.19804,11.40175,12.36932,12.36932,11.40175,12.36932,12.36932,12.36932,12.16553,12.16553,12.36932,12.16553,12.16553,12.16553,12.16553,11.04536,11.18034,11.04536,11.04536,11.04536,11.04536,10.04988,10.04988,9.05539,10.04988,10.0,10.0,10.0,9.0,9.0,26.57066,25.4951,27.29469,28.07134,26.01922,28.63564,32.14032,33.13608,33.24154,37.48333,36.87818,40.60788,42.2019,45.70558,45.54119,47.80167,52.39275,52.20153,53.36666,51.66237,58.5235,53.60037,54.08327,58.82176,52.88667,54.12024,55.65968,61.98387,63.60031,61.98387,57.56735,62.93648,62.64184,69.28925,59.80803,61.61169,62.93648,68.15424,66.70832,60.16644,61.68468,63.56099,61.18823,65.25335,60.01666,58.24946,60.01666,57.48913,57.87055,50.63596,54.12947,51.78803,51.78803,45.09989,47.67599,52.08647,48.01042,42.44997,46.61545,45.80393,48.37355,48.76474,49.39636,48.75449,52.55473,57.38467,53.36666,56.51548,54.74486,61.0,58.13777,55.00909,57.0,62.07254,55.44367,55.44367,48.50773,48.6621,53.15073,47.53946,47.80167,50.32892,50.21952,44.01136,46.23851,43.08132,44.94441,34.1321,42.48529,40.31129,34.9285,39.82462,39.82462,36.35932,40.31129,34.0147,36.67424,35.8469,38.07887,37.21559,34.66987,33.28663,33.61547,34.1321,35.22783,36.71512,34.4093,33.01515,33.01515,31.40064,28.6531,29.68164,29.15476,29.52965
6.0,6.08276,7.28011,7.07107,7.07107,7.28011,8.24621,8.24621,9.21954,9.21954,10.19804,10.44031,10.19804,10.44031,10.44031,11.40175,10.77033,10.44031,10.77033,10.77033,11.7047,11.7047,10.44031,12.08305,12.08305,12.64911,13.0,13.0,13.41641,12.52996,12.08305,13.41641,13.0,12.08305,12.52996,13.0,13.0,13.0,11.7047,11.7047,10.77033,11.7047,12.08305,10.77033,10.77033,9.84886,10.77033,10.77033,10.44031,9.48683,9.48683,9.21954,32.01562,29.12044,23.43075,26.07681,29.41088,34.66987,24.08319,35.35534,31.1127,33.6006,38.8973,42.42641,49.67897,39.05125,48.54894,46.61545,54.6443,46.51881,50.47772,51.22499,57.98276,50.24938,47.85394,55.9017,51.47815,54.91812,58.30952,66.03787,60.37384,67.53518,65.36819,62.26556,60.82763,69.857,54.12024,65.8635,63.32456,67.62396,61.29437,57.27128,59.48109,60.74537,57.70615,60.53924,60.46487,59.36329,54.91812,54.08327,52.15362,47.43416,46.32494,48.82622,50.47772,44.40721,48.54894,48.83646,46.69047,39.0,46.61545,47.80167,51.47815,47.01064,50.60632,53.7122,56.85948,52.63079,56.0803,61.7171,54.56189,62.93648,64.03124,58.00862,56.40035,65.80274,57.24509,53.23533,53.7122,50.56679,55.36244,49.76947,52.81098,52.20153,54.12024,47.85394,51.92302,51.08816,53.60037,39.56008,44.14748,43.73786,47.29693,37.65634,44.55334,39.45884,45.27693,36.49658,36.68787,41.59327,45.70558,45.27693,35.44009,44.01136,43.41659,36.49658,39.11521,36.01389,32.24903,32.24903,43.04649,40.0,34.05877,38.32754,32.69557,31.14482
6.40312,5.65685,6.40312,7.07107,7.07107,7.07107,7.81025,7.81025,8.60233,8.60233,9.21954,10.0,10.0,10.0,10.0,10.81665,10.81665,10.0,10.81665,10.81665,10.81665,11.6619,10.81665,12.52996,11.6619,11.6619,12.52996,13.0384,12.52996,12.52996,12.52996,13.0384,12.52996,11.6619,11.6619,11.6619,13.0384,12.20656,11.6619,10.81665,10.81665,11.6619,10.81665,10.81665,10.81665,9.43398,10.0,10.0,10.0,10.0,9.21954,9.21954,24.35159,25.4951,25.05993,25.55386,25.80698,29.20616,35.60899,36.12478,33.6006,37.48333,38.94868,39.20459,46.04346,46.2277,45.34314,49.64877,53.41348,51.22499,53.60037,51.0392,59.07622,57.62812,56.40035,60.46487,55.80323,55.80323,59.36329,63.28507,62.42596,65.29931,61.05735,61.58734,60.74537,68.47627,62.64982,64.40497,64.00781,62.26556,65.73431,59.5399,63.13478,66.28725,63.24555,61.03278,60.21628,62.42596,57.42822,59.20304,54.20332,54.03702,53.00943,51.40039,50.60632,49.67897,50.24938,48.83646,50.32892,42.72002,46.23851,46.23851,48.33218,47.42362,51.0392,49.92995,54.20332,57.45433,56.40035,58.13777,55.97321,58.79626,59.66574,57.42822,55.80323,65.21503,56.82429,56.0803,55.47071,54.23099,55.03635,49.39636,54.78138,53.16014,50.69517,44.91102,43.93177,43.73786,46.57252,40.16217,45.35416,40.60788,39.05125,43.17407,36.13862,36.87818,40.02499,38.32754,41.0,36.34556,39.29377,40.0125,36.34556,36.12478,36.22154,35.51056,37.12142,33.06055,37.01351,27.01851,33.24154,30.01666,31.06445,32.14032,32.14032,29.27456
5.09902,6.08276,6.08276,7.07107,7.07107,7.07107,8.0,8.0,8.0,8.0,9.05539,9.0,9.05539,10.0,9.05539,11.0,10.0,10.0,10.0,10.0,10.0,10.04988,11.04536,11.0,12.0,12.0,12.04159,12.04159,12.04159,12.04159,11.0,12.04159,12.04159,12.0,12.04159,11.0,12.0,12.0,11.0,11.0,11.0,10.0,11.0,10.0,10.0,9.0,10.0,10.0,9.05539,9.05539,9.05539,8.24621,24.83948,24.75884,26.07681,30.88689,24.59675,29.73214,34.9285,34.71311,33.73426,38.07887,37.85499,38.83298,43.56604,47.12749,47.67599,49.25444,54.58938,54.45181,47.85394,52.46904,59.0,54.74486,52.08647,56.56854,58.69412,58.21512,58.21512,61.03278,64.12488,62.03225,61.03278,61.13101,61.03278,66.0303,61.03278,62.20129,65.00769,64.07027,67.36468,61.03278,63.07139,67.18631,63.07139,65.06919,58.30952,62.20129,54.45181,60.20797,53.33854,52.34501,51.97115,53.60037,52.7731,49.81967,52.46904,49.24429,49.64877,43.93177,44.04543,46.17359,47.09565,48.09366,48.25971,48.09366,53.85165,56.51548,55.7853,58.5235,55.36244,64.19502,57.69749,54.70832,59.94164,60.37384,55.47071,52.63079,51.61395,52.34501,51.85557,49.51767,53.07542,50.20956,50.44799,44.55334,43.01163,45.45327,46.01087,39.82462,41.10961,39.69887,35.0,40.60788,36.05551,37.64306,39.69887,35.4683,38.28838,36.89173,38.83298,35.51056,36.40055,32.80244,38.47077,35.80503,36.24914,34.48188,34.88553,29.15476,31.90611,31.38471,28.01785,33.12099,28.30194,25.80698
5.09902,6.08276,6.32456,7.28011,6.32456,7.28011,7.61577,7.61577,7.61577,8.94427,8.544,9.84886,9.84886,9.84886,9.84886,11.18034,10.29563,10.29563,10.29563,10.29563,11.18034,10.29563,11.18034,11.6619,11.6619,11.6619,12.20656,12.52996,13.0384,12.20656,12.20656,13.0384,12.20656,12.20656,12.20656,11.6619,12.52996,11.6619,11.6619,11.6619,10.29563,11.6619,11.6619,10.29563,10.29563,9.43398,10.29563,10.29563,10.29563,9.84886,9.84886,9.48683,25.0,25.0,26.1725,27.07397,26.01922,27.16616,33.73426,37.10795,34.48188,35.90265,37.64306,40.80441,46.48656,43.68066,47.53946,50.59644,55.36244,52.20153,51.5461,54.12024,57.38467,54.42426,51.89412,54.78138,53.48832,57.27128,56.0803,57.27128,57.93962,65.74192,62.24147,63.07139,62.03225,65.29931,61.91123,61.46544,65.29931,66.24198,63.15853,60.90156,57.77543,62.62587,61.46544,62.76942,61.46544,59.03389,59.46427,60.53924,50.32892,50.56679,51.42956,51.26402,51.62364,49.0408,52.63079,52.39275,49.24429,45.80393,46.64762,43.41659,50.08992,47.42362,51.26402,49.98,53.36666,58.24088,54.91812,54.33231,57.70615,63.1981,59.0,57.00877,55.3263,61.40033,54.91812,52.61179,52.7731,50.9902,50.44799,50.59644,50.59644,47.53946,51.62364,45.61798,47.53946,45.69464,43.46263,38.48376,41.59327,39.35734,40.71855,40.71855,37.16181,36.24914,38.07887,37.44329,38.01316,37.58989,38.48376,36.35932,36.05551,34.66987,36.23534,33.10589,31.76476,33.12099,30.80584,30.4795,32.20248,33.83785,28.01785,31.40064,28.01785,28.63564
5.09902,5.38516,6.7082,6.7082,6.7082,7.61577,8.06226,8.06226,8.94427,8.06226,9.84886,9.43398,9.84886,10.29563,9.84886,10.29563,10.29563,10.29563,10.81665,10.81665,10.29563,10.81665,11.18034,12.20656,12.52996,11.6619,12.20656,13.0384,13.0384,12.20656,11.6619,13.0384,12.20656,12.20656,11.6619,12.52996,12.52996,12.52996,11.6619,11.18034,11.18034,11.18034,11.6619,10.29563,10.29563,10.29563,10.29563,9.84886,9.84886,9.84886,9.48683,9.48683,25.6125,29.06888,25.55386,21.93171,24.18677,26.41969,34.0147,33.12099,35.69314,39.0,31.95309,34.9285,41.59327,41.7732,37.33631,45.89118,54.81788,48.76474,47.67599,45.88028,56.32051,52.88667,54.58938,47.51842,52.08647,59.5399,58.46366,54.08327,56.4358,60.82763,57.21888,57.07013,61.52235,56.4358,56.0803,67.36468,60.20797,61.07373,61.66036,57.14018,58.24946,57.97413,56.7186,61.52235,59.13544,54.91812,50.21952,52.23983,49.0408,49.47727,46.52956,50.9902,44.14748,47.07441,46.61545,46.84015,44.27189,43.56604,45.39824,47.53946,55.03635,51.35173,51.35173,51.24451,50.44799,55.57877,57.00877,61.46544,56.0803,60.74537,59.61543,56.0803,57.68882,58.24946,56.4358,59.40539,51.47815,48.16638,54.48853,49.49747,58.0,50.93133,56.85068,47.41308,46.40043,45.22168,49.67897,41.40048,46.2277,41.86884,43.41659,43.82921,38.58756,44.94441,42.72002,40.49691,43.04649,37.73592,34.1321,42.94182,33.83785,42.54409,39.40812,34.88553,35.80503,37.33631,33.54102,36.67424,29.41088,36.40055,33.24154,33.61547,38.01316,34.0147
5.0,5.09902,6.08276,7.07107,6.08276,7.07107,7.28011,7.28011,8.24621,8.24621,9.21954,9.48683,9.21954,9.21954,9.21954,10.44031,10.44031,9.48683,10.44031,10.44031,10.44031,10.44031,10.44031,11.7047,11.7047,11.7047,12.08305,11.7047,13.0,11.7047,11.7047,12.08305,11.7047,11.7047,11.7047,11.7047,12.64911,11.40175,11.7047,11.7047,10.44031,11.7047,10.44031,10.44031,10.44031,9.84886,9.48683,9.48683,9.48683,9.48683,9.21954,9.21954,27.29469,26.62705,23.08679,26.40076,29.61419,24.33105,30.41381,35.69314,32.24903,35.35534,36.12478,41.10961,42.0119,46.04346,48.01042,48.16638,52.03845,54.23099,51.0392,53.0,55.00909,53.03772,52.46904,55.0,56.14268,61.0082,58.30952,59.68249,58.69412,63.63961,64.93843,64.28063,68.26419,64.28063,64.93843,60.67125,63.28507,65.37584,67.00746,61.20457,62.96825,62.07254,60.67125,62.514,61.07373,62.1289,55.14526,59.13544,51.0392,53.15073,52.0,54.03702,54.0,50.01,51.0098,51.0,48.50773,48.08326,44.91102,47.67599,50.35871,50.15974,47.0,48.09366,56.22277,62.80127,58.42089,58.69412,57.42822,67.60178,61.84658,55.36244,58.69412,61.09828,56.82429,55.00909,56.30275,55.47071,55.97321,53.60037,51.10773,49.40648,54.20332,46.8615,46.8615,46.01087,47.50789,38.18377,41.03657,43.18565,36.79674,41.72529,39.62323,36.76955,38.20995,34.05877,37.01351,39.69887,38.20995,35.80503,38.41875,32.80244,36.87818,36.61967,35.0,33.30165,33.6006,29.20616,30.52868,32.24903,26.40076,29.20616,30.61046,23.43075
5.09902,6.08276,6.32456,6.08276,7.28011,7.28011,8.544,8.24621,8.544,8.544,9.48683,9.48683,9.48683,9.48683,9.48683,10.77033,10.77033,10.44031,9.84886,10.77033,10.77033,11.18034,10.77033,12.08305,12.08305,11.7047,12.08305,13.0,12.08305,12.52996,12.08305,13.0,12.08305,12.08305,12.08305,12.08305,12.64911,11.7047,11.7047,11.7047,11.7047,10.77033,11.7047,10.77033,10.44031,9.84886,10.44031,10.44031,10.44031,10.44031,9.21954,9.21954,26.92582,23.4094,22.2036,24.02082,26.01922,29.06888,29.42788,32.14032,36.87818,33.37664,33.24154,36.13862,41.97618,46.87217,42.44997,50.59644,53.15073,50.32892,54.34151,54.81788,54.626,49.72927,50.92151,56.61272,54.34151,57.72348,58.5235,58.82176,62.29767,62.39391,63.90618,61.09828,63.32456,64.88451,60.92618,61.03278,62.29767,67.23095,69.64194,63.56886,61.46544,59.20304,61.13101,68.00735,63.60031,62.29767,55.7853,56.61272,49.47727,52.63079,52.20153,51.92302,54.12024,52.39275,49.64877,51.78803,48.09366,48.60041,46.40043,47.70744,48.8774,51.42956,52.55473,49.76947,55.08176,58.18935,59.20304,59.03389,56.88585,62.16912,60.67125,58.03447,59.00847,62.03225,57.70615,55.14526,51.97115,51.78803,56.51548,49.47727,51.66237,53.45091,50.21952,47.75982,45.54119,45.18849,46.61545,36.24914,42.95346,38.48376,36.24914,41.62932,42.15448,40.71855,41.14608,37.16181,39.39543,36.71512,40.71855,39.11521,36.05551,31.62278,34.9285,35.51056,32.44996,29.73214,33.6006,32.75668,33.6006,31.82766,24.83948,31.62278,30.23243,25.55386
5.38516,5.38516,6.32456,7.28011,7.28011,7.28011,8.24621,7.28011,8.06226,9.21954,9.21954,10.04988,10.19804,10.19804,9.21954,11.04536,10.04988,10.04988,10.04988,11.04536,11.18034,11.04536,11.18034,12.04159,12.16553,12.04159,12.04159,12.04159,12.04159,13.0384,11.04536,12.04159,12.04159,12.04159,12.04159,12.16553,13.15295,12.16553,12.16553,11.18034,11.18034,11.18034,11.18034,10.19804,10.19804,10.19804,10.44031,9.21954,10.44031,9.48683,9.48683,9.84886,22.67157,26.41969,26.83282,27.73085,26.0,28.44293,28.44293,33.73426,33.06055,35.90265,37.05401,37.33631,43.0,41.4367,42.29657,46.0,52.08647,49.16299,49.25444,55.08176,56.0,55.03635,52.00961,52.0,54.14795,57.14018,57.14018,57.03508,61.03278,61.13101,61.07373,63.00794,63.00794,65.03076,60.13319,60.03332,62.03225,63.12686,61.03278,61.0,63.07139,61.03278,64.19502,62.07254,56.0357,62.07254,59.07622,58.03447,54.23099,56.14268,50.08992,48.16638,52.34501,50.9902,49.64877,49.81967,48.76474,45.69464,46.17359,46.48656,49.24429,51.62364,50.35871,51.47815,55.00909,59.0,58.07753,57.21888,59.3043,62.96825,62.8172,56.61272,58.5235,59.77458,54.78138,55.03635,53.66563,55.4617,54.20332,52.47857,54.70832,54.40588,51.47815,47.63402,47.70744,45.96738,47.42362,39.82462,45.25483,43.86342,39.05125,41.01219,39.82462,36.76955,41.03657,36.79674,38.20995,41.86884,38.8973,36.06938,36.76955,33.30165,34.82815,34.4093,33.30165,34.05877,34.4093,33.01515,31.62278,31.76476,28.6007,30.80584,31.06445,24.75884
5.09902,5.09902,5.38516,6.08276,6.32456,6.32456,7.28011,7.28011,7.28011,7.61577,8.544,8.544,9.48683,9.48683,9.48683,9.84886,9.84886,9.48683,9.84886,9.84886,10.77033,10.77033,9.84886,11.18034,11.18034,12.08305,11.6619,11.18034,12.52996,11.6619,11.18034,11.18034,12.08305,11.18034,11.18034,11.18034,12.08305,10.77033,10.77033,10.77033,9.84886,11.18034,9.84886,9.84886,9.84886,8.94427,9.48683,9.48683,8.544,8.544,9.48683,8.24621,26.92582,25.31798,30.08322,30.88689,26.24881,29.20616,29.83287,36.61967,31.82766,33.94113,36.89173,38.58756,43.04649,40.49691,47.20169,46.95743,50.9902,48.37355,54.40588,48.37355,59.94164,53.66563,57.3062,51.62364,51.0392,56.35601,54.58938,70.71068,62.17717,63.56099,57.58472,65.79514,63.50591,65.9242,60.16644,63.06346,69.857,61.7414,66.7308,59.9333,58.87274,64.40497,57.68882,60.37384,58.30952,51.47815,62.64982,56.93856,55.4617,48.33218,55.47071,46.51881,51.62364,39.96248,45.27693,50.21952,47.50789,43.01163,49.98,41.62932,49.24429,51.07837,53.7122,46.06517,50.24938,59.07622,54.03702,55.86591,53.8145,54.81788,58.60034,56.93856,61.29437,61.03278,57.69749,57.38467,55.07268,47.42362,56.30275,46.8188,55.36244,48.76474,47.43416,48.05206,50.01,46.09772,51.97115,40.16217,49.09175,45.35416,45.35416,45.39824,43.01163,39.11521,43.17407,39.05125,39.81206,42.0119,33.73426,44.72136,42.29657,34.9285,39.31921,38.47077,36.22154,40.4475,38.20995,30.01666,38.47077,35.0571,28.16026,40.0125,30.06659,35.35534
5.0,5.09902,6.08276,6.08276,6.08276,6.08276,7.07107,7.07107,7.07107,7.28011,9.21954,8.24621,9.21954,9.21954,9.05539,10.44031,9.48683,9.21954,9.48683,9.21954,10.19804,10.44031,10.19804,10.44031,11.40175,11.40175,11.7047,11.40175,11.7047,11.7047,10.44031,11.40175,11.40175,10.44031,11.40175,11.40175,11.40175,11.18034,10.44031,10.19804,10.19804,10.19804,10.19804,9.21954,9.21954,9.21954,9.21954,9.05539,9.05539,8.06226,9.0,8.0,36.22154,25.4951,28.6531,28.30194,27.29469,28.3196,36.89173,39.82462,41.10961,36.76955,38.20995,39.62323,43.18565,46.66905,43.86342,45.79301,56.56854,48.27007,58.0517,49.81967,52.00961,50.24938,56.63921,59.4138,56.58622,59.4138,57.38467,62.96825,64.44377,67.6757,58.60034,65.60488,66.21933,63.41136,54.03702,61.52235,60.44005,63.60031,67.47592,55.0,58.24946,61.7171,61.84658,55.22681,58.79626,58.69412,58.13777,55.86591,52.34501,49.81967,55.22681,49.51767,46.09772,48.82622,43.93177,45.34314,46.32494,38.63936,44.27189,46.48656,48.33218,46.14109,52.69725,49.09175,49.0408,56.0357,55.31727,54.56189,56.63921,63.78087,59.90826,57.14018,59.36329,59.48109,57.27128,56.35601,52.88667,47.43416,55.97321,53.45091,54.91812,49.09175,46.32494,45.27693,53.08484,43.73786,47.38143,39.20459,42.0119,47.04253,37.10795,43.41659,46.09772,43.0,43.41659,40.79216,46.17359,39.20459,43.0,44.10215,43.04649,37.01351,43.10452,30.06659,41.04875,38.01316,42.04759,32.98485,37.21559,35.22783,29.12044,39.0,29.61419,30.41381
6.40312,7.07107,6.40312,7.07107,7.81025,7.81025,8.60233,7.81025,8.60233,8.60233,10.0,10.0,10.0,10.0,10.0,10.81665,10.81665,10.0,10.81665,10.81665,11.40175,11.6619,11.40175,11.6619,12.20656,12.20656,12.52996,13.0384,13.0384,12.52996,12.20656,13.0384,13.0384,12.20656,12.52996,12.20656,12.20656,12.20656,11.40175,11.40175,11.40175,12.20656,11.40175,10.81665,10.0,10.0,10.0,10.63015,9.89949,9.89949,9.89949,9.89949,23.08679,24.73863,26.83282,29.41088,28.01785,30.52868,31.82766,37.48333,34.71311,39.59798,35.22783,39.05125,46.01087,48.08326,46.75468,52.00961,51.0392,49.40648,49.20366,54.08327,56.61272,55.60576,55.22681,58.60034,54.20332,59.40539,60.74537,61.58734,64.3506,61.58734,60.20797,61.58734,62.80127,66.88797,62.64982,62.62587,63.51378,64.07027,66.4003,61.85467,63.81222,65.60488,65.0,63.24555,54.81788,60.0,57.62812,60.0,53.90733,50.60632,54.56189,51.73973,50.80354,50.20956,49.0408,49.57822,46.69047,43.68066,43.01163,42.37924,50.32892,47.88528,46.32494,50.77401,55.75841,56.30275,56.85068,57.48913,55.9017,59.4138,58.79626,54.40588,56.61272,61.03278,55.56978,51.86521,53.7122,50.56679,57.00877,51.5461,51.62364,51.86521,48.46648,46.84015,51.92302,47.29693,45.35416,37.85499,40.60788,38.63936,36.49658,43.56604,40.02499,36.67424,38.07887,36.49658,41.30375,37.33631,39.45884,40.4475,38.47077,35.12834,35.51056,33.24154,36.0,34.0147,33.01515,30.14963,31.57531,34.0,29.0,30.14963,31.0,27.29469
5.0,5.09902,6.08276,6.08276,6.08276,7.07107,7.28011,7.28011,7.28011,8.24621,8.24621,9.48683,9.21954,9.21954,9.21954,10.44031,9.48683,10.44031,9.48683,10.44031,10.44031,10.77033,10.44031,10.77033,11.7047,11.7047,11.18034,11.7047,11.7047,12.08305,10.77033,12.08305,12.08305,10.77033,11.7047,11.7047,11.7047,10.44031,10.77033,10.44031,10.44031,10.77033,10.77033,9.48683,9.48683,9.84886,9.48683,8.544,9.48683,9.48683,9.21954,8.24621,27.65863,23.76973,24.35159,24.18677,30.01666,26.01922,33.01515,31.06445,35.69314,38.20995,37.85499,40.5216,46.87217,44.18144,45.54119,45.35416,53.36666,50.80354,51.41984,52.7731,57.28001,47.85394,54.78138,53.14132,51.92302,58.69412,57.58472,60.72891,58.24088,63.90618,60.08328,63.69458,57.58472,61.68468,61.32699,62.62587,61.32699,63.69458,63.90618,66.70832,57.93962,62.36185,61.40033,62.36185,60.08328,60.72891,54.57105,51.5461,51.86521,52.20153,52.55473,49.98,49.0408,48.08326,50.01,49.0306,48.16638,40.80441,42.95346,42.29657,52.61179,48.25971,53.08484,51.35173,50.03998,55.0,52.08647,56.88585,55.31727,58.0517,60.72891,58.5235,54.08327,59.80803,57.00877,48.75449,51.0,49.73932,57.14018,48.8774,46.87217,50.32892,51.86521,46.75468,45.80393,45.27693,47.01064,37.64306,43.18565,42.80187,40.45986,37.53665,41.86884,35.0,39.62323,38.94868,40.45986,36.06938,41.01219,38.18377,37.48333,36.79674,38.28838,34.71311,37.48333,34.05877,32.64966,31.14482,32.55764,34.71311,27.58623,27.80288,32.01562,26.40076
6.32456,6.08276,7.07107,7.07107,7.07107,7.07107,8.06226,8.06226,8.06226,9.05539,9.05539,10.04988,10.04988,10.04988,9.05539,11.0,10.0,10.0,10.0,11.0,11.0,11.0,11.0,12.0,12.0,12.04159,12.04159,12.04159,13.0384,12.16553,12.04159,12.04159,12.04159,12.04159,12.04159,12.04159,12.0,11.0,11.0,11.0,11.0,11.0,11.0,10.0,10.0,10.04988,10.0,10.0,10.04988,10.04988,9.21954,9.05539,30.23243,27.45906,26.40076,25.05993,29.41088,31.57531,31.40064,32.28002,34.0,39.45884,39.01282,39.11521,45.17743,48.09366,45.17743,52.00961,53.15073,53.00943,50.15974,54.00926,58.07753,55.08176,53.00943,58.03447,56.14268,59.13544,59.00847,65.19202,62.03225,65.49046,60.0,62.00806,59.00847,65.00769,62.39391,60.29925,64.07027,64.12488,65.0,60.03332,65.03076,64.07027,61.0082,61.0082,60.0,63.12686,58.00862,59.00847,54.00926,54.14795,53.15073,48.04165,51.24451,47.09565,50.35871,50.35871,49.72927,42.15448,41.78516,42.72002,50.35871,47.04253,51.35173,48.16638,52.00961,55.03635,53.23533,54.74486,56.4358,61.66036,56.61272,56.30275,57.00877,59.13544,51.88449,56.4358,52.83938,54.91812,55.22681,49.39636,51.0392,51.0392,49.20366,45.34314,44.82187,46.09772,46.01087,40.31129,42.44997,42.44997,41.72529,41.72529,38.94868,39.05125,39.59798,36.06938,38.8973,33.6006,38.18377,39.05125,34.65545,33.94113,40.0,35.60899,35.4683,35.22783,33.6006,35.51056,32.80244,33.28663,31.241,33.94113,32.20248,27.65863
6.08276,6.0,7.0,7.0,7.0,7.0,8.0,8.0,8.06226,9.05539,10.0,10.04988,10.04988,10.04988,10.04988,11.04536,10.04988,10.04988,10.19804,11.18034,11.04536,11.18034,11.04536,11.18034,12.16553,12.16553,12.36932,13.34166,12.36932,12.36932,11.40175,12.36932,12.36932,12.36932,12.36932,12.16553,12.16553,12.04159,11.18034,11.18034,11.04536,11.18034,11.18034,10.04988,10.19804,9.21954,10.04988,10.04988,10.04988,9.05539,9.0,9.0,26.40076,26.40076,26.40076,30.80584,32.98485,32.28002,31.257,37.12142,40.0125,36.0,39.05125,39.01282,47.01064,43.04649,46.09772,51.47815,53.08484,55.14526,52.00961,52.03845,57.03508,54.03702,57.07013,54.08327,59.3043,60.29925,56.56854,60.01666,59.5399,64.93843,65.11528,61.29437,63.12686,65.9242,61.61169,60.82763,63.63961,65.49046,63.3877,64.49806,61.20457,60.07495,64.19502,64.38167,60.00833,60.00833,57.03508,56.00893,55.0,53.00943,55.08176,52.08647,50.03998,48.01042,48.09366,54.58938,52.7731,44.77723,41.78516,43.68066,45.12206,46.32494,47.38143,47.38143,48.09366,55.00909,55.0,54.08327,56.14268,61.40033,60.01666,57.48913,58.24088,59.13544,56.30275,54.78138,52.7731,51.47815,56.30275,50.53712,47.88528,49.09175,52.47857,44.20407,47.20169,42.0119,44.20407,39.69887,41.86884,39.82462,38.20995,39.05125,39.20459,39.05125,41.01219,38.94868,39.62323,41.10961,42.44997,37.48333,38.20995,36.06938,32.20248,34.71311,35.0,33.24154,32.80244,32.64966,36.06938,33.97058,29.41088,32.20248,31.14482,27.65863
5.0,5.0,5.65685,5.65685,5.65685,5.65685,7.07107,7.07107,7.07107,7.07107,8.48528,9.21954,9.21954,9.21954,9.21954,9.21954,10.0,8.60233,10.0,10.0,10.0,10.0,10.0,10.81665,11.40175,10.81665,10.81665,11.40175,12.20656,10.81665,11.40175,11.40175,11.40175,11.40175,10.81665,10.63015,11.40175,10.63015,10.63015,9.89949,9.21954,9.89949,9.21954,9.21954,8.48528,7.81025,8.48528,8.48528,7.81025,7.81025,7.81025,7.81025,23.19483,29.15476,27.16616,26.4764,28.16026,27.65863,30.41381,34.17601,34.17601,33.61547,38.01316,38.48376,43.909,41.59327,43.909,45.22168,54.20332,51.61395,51.31277,50.11986,58.66856,52.47857,54.40588,53.82379,51.0392,59.16925,54.03702,60.21628,60.46487,60.0,61.22091,65.21503,58.83026,62.80127,55.31727,59.64059,63.78087,64.44377,60.20797,60.60528,56.40035,61.58734,61.29437,62.96825,57.14018,60.20797,54.6443,57.68882,52.15362,51.86521,51.62364,48.37355,50.77401,44.77723,47.53946,43.08132,49.0408,42.44997,44.55334,42.63801,46.8615,46.61545,49.92995,47.88528,49.24429,53.22593,55.00909,55.71355,53.45091,61.09828,61.98387,59.03389,54.33231,55.7315,52.15362,56.0803,53.03772,54.03702,59.03389,47.38143,50.15974,50.48762,48.6621,46.32494,48.05206,44.38468,48.05206,37.48333,41.4367,45.60702,39.05125,40.26164,34.20526,36.68787,42.2019,39.29377,42.37924,42.37924,40.02499,39.29377,36.05551,32.28002,39.29377,36.05551,32.69557,34.43835,30.46309,32.69557,32.89377,33.10589,29.52965,35.1141,32.89377,28.79236
4.47214,5.38516,5.09902,6.32456,6.32456,6.32456,7.28011,7.28011,7.28011,7.07107,8.24621,8.06226,9.21954,9.21954,9.21954,10.04988,9.05539,9.05539,10.04988,10.04988,10.19804,10.04988,10.04988,11.0,11.04536,11.04536,11.0,12.04159,12.04159,11.0,11.04536,11.04536,11.04536,11.04536,11.04536,11.04536,11.04536,11.18034,10.04988,10.04988,10.04988,10.04988,10.04988,9.05539,9.05539,9.05539,9.05539,8.24621,8.24621,8.06226,8.24621,8.24621,27.73085,27.65863,24.75884,24.83948,29.20616,32.64966,33.6006,33.83785,36.24914,36.67424,36.76955,40.31129,47.41308,43.46263,43.65776,48.08326,54.42426,51.26402,51.47815,55.03635,59.48109,53.14132,53.45091,52.39275,53.85165,61.7414,59.48109,59.66574,61.13101,66.70832,63.32456,62.64184,62.62587,64.32729,62.58594,64.19502,61.98387,64.28841,63.69458,63.90618,65.14599,63.32456,61.84658,63.69458,57.93962,59.46427,57.24509,55.02727,54.12947,52.20153,50.69517,49.1935,50.15974,47.42362,45.17743,47.50789,49.92995,45.01111,45.04442,43.18565,48.50773,48.6621,46.57252,48.10405,51.62364,58.69412,57.27128,55.9464,55.56978,63.50591,58.83026,56.85068,60.44005,60.82763,55.17246,54.45181,52.49762,52.43091,54.6443,50.60632,51.86521,53.85165,53.60037,49.09175,50.9902,48.33218,48.8774,39.44617,46.09772,43.38202,39.81206,40.49691,40.24922,38.07887,40.71855,38.94868,41.62932,40.8534,38.01316,39.0,41.78516,35.73514,37.33631,34.53983,35.17101,36.13862,38.32754,32.28002,35.44009,37.0,29.61419,37.64306,35.44009,26.68333
5.0,5.65685,6.40312,6.40312,6.40312,6.40312,7.2111,7.2111,7.2111,8.06226,8.60233,9.43398,8.60233,9.43398,9.21954,10.81665,9.43398,10.0,9.43398,10.81665,10.0,10.81665,10.0,10.81665,10.81665,11.6619,11.6619,11.6619,12.52996,11.6619,10.81665,11.6619,11.6619,10.81665,11.6619,10.81665,11.40175,11.40175,10.81665,10.0,10.0,10.0,10.0,10.0,9.21954,8.60233,9.21954,8.60233,9.21954,9.21954,8.48528,7.81025,23.19483,28.16026,29.52965,24.18677,27.29469,28.84441,29.20616,38.20995,31.241,38.8973,35.38361,41.10961,43.84062,44.04543,43.13931,46.09772,50.20956,49.49747,45.96738,53.07542,57.62812,55.9017,53.2635,54.56189,52.63079,57.80138,57.48913,60.21628,60.44005,64.2028,61.07373,60.60528,62.36986,63.60031,59.64059,62.36986,63.24555,63.00794,61.84658,60.30755,60.44005,60.10824,63.12686,59.03389,57.28001,59.46427,53.75872,58.13777,49.57822,50.9902,50.20956,50.93133,53.15073,50.32892,48.27007,48.83646,45.80393,43.08132,42.94182,43.41659,43.909,44.40721,46.8615,48.41487,50.91169,53.07542,56.63921,54.81788,54.03702,58.79626,57.14018,55.47071,57.24509,60.41523,56.64804,52.55473,56.0803,55.7853,51.41984,52.17279,52.39275,51.62364,51.1957,46.17359,46.69047,45.39824,46.09772,41.04875,43.04649,40.0,38.20995,46.01087,38.01316,38.0526,39.20459,38.47077,41.04875,36.01389,40.0125,38.11824,38.01316,35.01428,36.49658,38.0526,32.06244,36.22154,39.20459,32.14032,33.06055,30.41381,31.06445,33.24154,32.01562,29.06888
5.0,5.38516,5.38516,6.32456,6.32456,7.28011,7.28011,7.07107,8.24621,8.06226,8.24621,9.05539,9.21954,9.21954,9.21954,10.04988,10.04988,9.05539,10.04988,10.04988,10.04988,10.04988,10.04988,11.0,11.04536,11.0,11.0,12.0,12.0,11.0,11.04536,11.0,11.0,11.04536,12.04159,11.04536,11.04536,11.04536,10.04988,10.04988,10.19804,10.04988,10.04988,9.05539,9.05539,9.05539,9.05539,9.21954,8.24621,8.24621,8.544,8.544,29.54657,26.40076,29.52965,31.62278,30.41381,33.83785,37.48333,32.20248,33.24154,44.65423,38.41875,41.23106,47.50789,42.52058,49.20366,52.00961,53.82379,50.80354,49.57822,50.47772,58.41233,51.86521,54.12947,57.68882,50.24938,54.91812,58.66856,61.7171,64.49806,65.8635,60.83584,67.1193,61.91123,64.84597,58.18075,61.29437,64.2573,62.6099,59.48109,57.77543,65.8635,65.80274,52.83938,65.36819,57.98276,59.68249,56.0357,55.0,56.0803,49.39636,49.09175,49.92995,45.69464,44.65423,48.82622,46.87217,46.75468,42.15448,48.46648,45.69464,49.39636,42.19005,55.21775,46.32494,57.38467,54.48853,55.17246,58.79626,53.15073,61.22091,56.0803,56.4358,55.4617,63.63175,52.80152,55.54278,56.46238,56.921,51.92302,54.57105,51.62364,51.78803,49.33559,47.67599,54.33231,40.1995,53.75872,36.22154,41.01219,44.04543,43.28972,42.0119,45.39824,35.0571,44.0,40.04997,39.01282,41.19466,49.0102,46.04346,42.19005,43.28972,33.13608,36.0,47.09565,42.19005,39.01282,40.04997,41.48494,40.0,31.0,41.04875,41.01219,23.08679
4.47214,5.0,5.0,5.65685,5.65685,5.65685,7.07107,7.07107,7.2111,7.07107,8.48528,7.81025,8.48528,7.81025,7.81025,10.0,8.60233,9.21954,9.43398,9.43398,10.0,9.43398,10.0,10.81665,10.0,10.81665,10.29563,11.6619,11.6619,11.18034,10.81665,11.6619,11.18034,10.81665,10.29563,10.81665,10.81665,10.0,10.0,10.0,9.43398,9.43398,10.0,9.43398,8.60233,8.06226,8.60233,8.60233,8.60233,7.81025,8.48528,7.07107,22.80351,24.59675,30.23243,22.80351,27.01851,28.28427,29.73214,32.64966,31.40064,39.62323,36.05551,38.47077,39.96248,40.49691,43.93177,45.48626,51.31277,49.64877,48.8774,48.25971,55.75841,51.62364,53.7122,51.10773,53.66563,55.9017,54.56189,59.03389,58.83026,62.16912,59.05929,62.6099,56.0803,67.1193,59.09315,63.06346,62.76942,65.19202,62.6099,63.56099,57.77543,61.03278,58.5235,61.29437,59.36329,58.83026,57.3062,55.9464,51.97115,48.8774,52.83938,47.85394,50.56679,45.48626,47.20169,45.45327,46.69047,41.10961,44.64303,41.4367,44.94441,44.28318,47.41308,48.30114,48.25971,57.68882,54.20332,53.03772,54.48853,58.79626,63.25346,56.22277,58.5235,60.80296,52.83938,58.5235,51.88449,53.66563,56.36488,47.01064,50.69517,53.16014,50.59644,49.0306,50.9902,46.87217,52.63079,37.64306,45.35416,41.48494,36.40055,44.72136,37.10795,37.65634,41.23106,39.81206,41.4367,38.63936,39.31921,38.47077,37.21559,37.21559,39.56008,37.33631,34.36568,36.34556,35.22783,34.1321,33.06055,38.0526,33.13608,29.0,31.257,31.7805
5.0,5.0,5.09902,6.08276,6.08276,6.08276,7.28011,7.28011,7.28011,8.24621,8.24621,9.21954,9.05539,8.24621,8.24621,10.44031,9.48683,9.21954,9.48683,9.48683,9.48683,10.44031,10.44031,11.40175,11.18034,11.40175,10.77033,11.40175,11.7047,11.7047,11.40175,11.7047,11.40175,11.40175,11.40175,11.40175,11.18034,10.19804,10.19804,10.19804,10.19804,10.19804,9.21954,9.21954,9.21954,9.21954,9.05539,8.24621,8.06226,9.05539,8.0,8.0,26.40076,23.25941,23.08679,28.44293,28.44293,31.14482,31.06445,31.0,35.01428,38.0,37.12142,37.48333,45.39824,43.41659,49.0408,49.64877,53.33854,51.24451,51.15662,51.62364,56.7186,53.23533,53.36666,54.74486,55.57877,59.22837,56.29387,62.0967,59.84146,66.21933,59.43904,63.15061,64.53681,64.53681,62.8172,60.53098,65.11528,61.61169,62.64982,59.68249,61.66036,62.1289,61.29437,62.28965,59.5399,59.3043,59.03389,59.21149,54.14795,52.08647,54.03702,49.0408,48.25971,48.01042,49.0,49.36598,46.69047,44.59821,38.58756,44.77723,47.42362,47.16991,50.0,47.80167,51.66237,55.54278,53.93515,57.21888,52.61179,64.12488,59.03389,58.42089,61.98387,62.20129,53.15073,56.75385,52.20153,55.36244,53.48832,53.31041,54.78138,51.47815,51.47815,49.73932,48.76474,47.50789,50.24938,40.49691,44.40721,42.43819,39.44617,43.26662,39.44617,41.40048,42.19005,38.60052,41.67733,37.80212,41.23106,36.23534,41.86884,35.4683,37.01351,35.4683,35.60899,34.71311,35.35534,34.71311,34.65545,34.71311,31.14482,34.65545,33.24154,29.73214
5.65685,6.40312,6.40312,7.2111,7.2111,7.2111,8.06226,8.06226,8.06226,8.06226,9.43398,9.84886,10.29563,10.29563,10.29563,11.18034,10.77033,9.84886,10.77033,11.18034,11.18034,11.18034,10.77033,11.7047,12.08305,11.7047,11.7047,13.0,13.0,12.64911,12.08305,13.0,12.64911,12.08305,11.7047,12.08305,13.0,12.08305,11.18034,11.18034,11.18034,11.18034,11.18034,10.77033,10.29563,9.84886,10.29563,9.43398,10.29563,9.43398,9.43398,9.43398,27.07397,25.07987,26.41969,26.62705,30.61046,28.84441,30.4795,35.38361,33.97058,36.06938,38.28838,38.41875,42.52058,47.50789,45.34314,48.82622,55.0,53.82379,51.40039,53.82379,59.07622,56.85948,57.14018,57.00877,59.03389,60.0,59.68249,61.77378,60.53924,65.29931,62.43397,65.51336,60.20797,62.76942,63.97656,64.89992,62.1289,68.26419,63.25346,68.96376,63.51378,63.24555,64.66065,64.89992,58.5235,61.61169,59.07622,60.80296,52.80152,49.81967,56.22277,52.43091,50.80354,49.20366,44.82187,48.9183,48.9183,45.88028,44.77723,46.23851,52.0,49.1935,45.79301,49.20366,54.03702,56.72742,59.5483,58.0,54.48853,66.46804,63.41136,57.98276,56.30275,58.59181,53.85165,50.80354,55.4617,51.92302,60.87693,51.5461,51.92302,50.21952,53.48832,48.83646,46.09772,44.72136,47.26521,40.79216,42.42641,41.10961,42.75512,42.0119,42.29657,35.22783,41.19466,37.12142,45.04442,40.04997,39.45884,34.0,36.05551,37.12142,38.0,37.05401,36.12478,37.0,33.13608,34.05877,34.05877,34.0147,28.0,32.24903,36.01389,32.75668
4.24264,5.0,5.0,5.83095,5.83095,5.83095,6.7082,6.7082,6.7082,7.61577,8.06226,8.544,8.94427,8.06226,8.06226,9.84886,8.544,8.544,9.48683,9.48683,8.94427,9.48683,8.94427,10.44031,10.77033,10.77033,10.44031,10.77033,11.7047,10.44031,10.77033,11.7047,10.77033,10.77033,10.44031,10.77033,11.18034,9.84886,9.84886,9.84886,9.84886,9.84886,9.84886,8.544,8.544,8.544,8.544,7.61577,8.06226,8.06226,8.06226,7.2111,22.56103,24.33105,27.313,25.23886,22.47221,29.41088,27.20294,32.64966,33.24154,36.06938,35.0,38.8973,43.27817,40.36087,43.27817,44.82187,54.56189,46.8615,50.21952,48.60041,57.42822,50.44799,55.07268,53.82379,51.40039,54.6443,55.21775,62.43397,59.20304,59.90826,55.21775,62.43397,56.85948,66.64833,55.47071,61.29437,60.20797,60.53924,59.81639,56.4358,58.30952,61.61169,59.20304,58.41233,59.20304,57.80138,56.85948,51.86521,51.61395,51.31277,50.21952,47.43416,48.01042,48.41487,48.10405,46.01087,46.75468,43.82921,45.18849,43.41659,48.02083,47.63402,48.9183,46.66905,51.62364,58.0,50.60632,58.24946,54.20332,63.00794,61.58734,57.24509,51.88449,58.13777,50.92151,54.08327,53.85165,53.16014,56.75385,47.85394,50.21952,50.48762,49.81967,45.09989,49.25444,44.04543,48.16638,40.0125,44.04543,42.10701,37.12142,41.04875,41.19466,36.34556,40.11234,41.04875,38.01316,41.01219,37.12142,38.01316,40.0125,36.0,38.0526,34.0147,36.22154,37.01351,36.12478,34.23449,32.24903,36.01389,28.86174,35.0571,35.22783,30.0
4.12311,5.09902,5.38516,6.32456,6.32456,6.32456,6.32456,6.7082,7.61577,7.61577,8.544,8.94427,8.544,8.544,8.544,9.84886,8.94427,8.544,9.84886,9.84886,9.84886,9.84886,9.84886,11.18034,11.18034,11.18034,11.18034,11.18034,11.6619,11.6619,11.18034,11.18034,11.18034,11.18034,11.18034,11.18034,12.08305,10.77033,9.84886,9.84886,9.84886,9.84886,9.84886,8.94427,8.94427,8.94427,8.94427,8.544,8.544,8.544,8.24621,8.24621,24.20744,20.12461,24.16609,27.20294,26.4764,31.0,30.0,33.01515,29.15476,34.0147,36.01389,36.05551,44.10215,36.12478,42.0,44.55334,51.24451,49.49747,49.36598,49.25444,56.32051,47.26521,50.80354,52.08647,55.14526,58.30952,52.95281,58.46366,56.7186,59.66574,58.24946,62.96825,56.56854,64.13267,55.36244,62.514,59.4138,61.81424,61.20457,59.4138,58.85576,58.54912,58.69412,58.30952,58.21512,53.15073,56.32051,51.47815,55.08176,48.01042,52.00961,50.24938,49.0408,42.0119,46.01087,44.0,48.16638,38.94868,46.51881,41.78516,47.16991,47.12749,49.0306,44.91102,53.23533,57.31492,50.15974,53.33854,55.0,63.07139,60.03332,56.88585,52.39275,63.78871,51.5461,55.02727,52.20153,52.80152,51.89412,48.75449,50.53712,51.0,50.15974,45.48626,49.1935,41.10961,44.40721,38.01316,44.04543,37.48333,38.27532,40.36087,38.28838,33.42155,39.40812,36.23534,38.60052,41.72529,37.64306,39.62323,34.05877,37.64306,34.71311,33.24154,38.28838,33.97058,31.89044,33.30165,31.14482,38.20995,27.01851,31.89044,32.64966,29.20616
5.83095,6.40312,7.07107,7.07107,7.07107,7.07107,7.81025,7.81025,8.60233,9.21954,9.89949,10.0,10.63015,10.63015,10.63015,11.40175,10.81665,10.0,10.81665,11.40175,10.63015,12.20656,11.40175,12.20656,12.20656,12.20656,12.20656,12.80625,13.60147,13.0384,12.20656,12.80625,12.20656,12.80625,12.20656,12.80625,12.80625,12.04159,12.04159,12.04159,12.04159,12.04159,12.04159,10.63015,10.63015,10.0,10.63015,9.89949,9.89949,9.21954,9.21954,9.21954,28.63564,25.70992,30.41381,26.57066,28.84441,32.01562,30.41381,36.76955,34.82815,38.20995,38.8973,38.8973,46.8615,41.01219,48.79549,50.32892,55.86591,54.45181,51.62364,53.41348,62.00806,55.22681,60.60528,57.80138,60.87693,61.61169,52.69725,60.46487,60.20797,64.2028,61.61169,68.00735,60.44005,71.02816,58.83026,68.24954,70.45566,65.80274,68.76772,64.81512,63.41136,67.20863,64.38167,66.21933,62.36986,59.03389,66.52819,55.44367,55.15433,51.85557,55.97321,53.15073,50.32892,50.93133,50.20956,48.9183,52.80152,45.35416,48.08326,43.08132,54.56189,46.06517,53.7122,50.77401,56.61272,62.00806,53.41348,60.81118,56.58622,62.96825,63.00794,61.85467,55.75841,68.26419,54.12947,60.37384,55.9464,56.0803,57.93962,50.92151,52.88667,53.16014,48.50773,47.51842,51.41984,43.73786,52.17279,34.71311,49.09175,42.75512,36.67424,43.10452,41.30375,37.85499,42.19005,39.05125,41.30375,37.0,40.31129,40.0,37.05401,38.0526,36.0,38.0526,34.05877,36.05551,33.06055,37.21559,30.01666,37.33631,28.0,34.1321,34.05877,29.06888
5.0,4.24264,5.65685,5.65685,7.07107,7.07107,7.81025,7.2111,7.81025,7.81025,8.48528,9.21954,9.21954,9.21954,9.21954,10.0,10.0,10.0,9.43398,10.0,10.0,10.81665,10.0,10.81665,10.81665,12.20656,11.6619,11.6619,11.6619,12.52996,10.81665,11.6619,11.6619,11.6619,11.6619,12.20656,12.20656,11.40175,10.81665,10.81665,10.0,10.81665,10.81665,9.43398,9.43398,9.43398,9.43398,9.43398,9.43398,9.21954,9.21954,8.48528,21.2132,26.30589,21.18962,27.313,28.17801,26.07681,29.0,35.38361,35.35534,32.52691,38.41875,41.10961,43.93177,42.52058,42.44997,46.61545,54.03702,49.57822,49.51767,52.80152,59.64059,52.00961,48.8774,52.20153,58.60034,59.40539,59.20304,60.41523,57.68882,65.51336,59.16925,65.36819,64.14047,66.7308,62.16912,63.51378,64.3506,62.26556,64.63745,58.5235,62.68174,60.80296,60.53924,59.07622,59.07622,64.3506,59.16925,55.56978,53.00943,49.40648,51.86521,51.22499,51.31277,51.0392,49.81967,49.67897,46.69047,45.31004,45.65085,42.72002,48.76474,46.8615,45.96738,47.50789,52.34501,55.22681,54.20332,58.60034,55.80323,60.46487,57.69749,55.54278,58.18075,56.0803,53.16014,56.921,52.63079,54.91812,50.21952,52.17279,50.80354,51.0392,50.63596,48.09366,44.04543,42.04759,44.40721,38.0526,45.09989,43.18565,38.11824,41.01219,38.0,37.21559,41.04875,36.05551,40.11234,43.10452,42.10701,40.0125,38.0,34.23449,34.23449,33.37664,33.13608,35.01428,36.87818,35.0571,29.01724,36.40055,29.15476,32.14032,32.38827,23.08679
5.38516,5.09902,6.08276,7.07107,7.07107,7.07107,8.06226,8.06226,9.05539,9.05539,10.04988,10.04988,10.04988,10.04988,10.04988,11.04536,11.0,10.04988,11.0,11.04536,11.04536,11.0,11.04536,12.0,12.0,13.0384,13.0,13.0,13.0,12.0,12.0,13.0,13.0,12.04159,12.04159,12.04159,13.0384,12.04159,11.04536,11.04536,11.18034,11.04536,11.04536,10.04988,10.19804,10.04988,10.19804,9.21954,10.04988,10.19804,9.21954,9.48683,21.40093,25.45584,27.20294,24.20744,27.29469,32.20248,27.85678,35.4683,31.7805,38.62642,40.49691,39.29377,45.88028,43.68066,44.27189,44.91102,51.41984,53.60037,55.10898,52.88667,61.98387,49.24429,57.31492,55.54278,53.85165,57.87055,57.27128,60.53098,63.63961,64.49806,61.29437,65.11528,62.16912,69.46222,58.21512,65.51336,65.62012,66.75328,66.4906,63.34824,59.03389,60.63827,61.68468,63.15061,62.36185,56.75385,58.82176,54.81788,55.08176,52.20153,54.40588,49.0408,51.24451,45.54119,49.33559,47.01064,46.61545,41.0,46.57252,43.56604,49.16299,44.01136,50.01,47.38143,48.37355,57.21888,51.1957,52.39275,58.5235,59.77458,56.64804,58.60034,51.42956,63.13478,50.47772,54.6443,56.22277,50.80354,53.2635,48.79549,48.27007,50.20956,51.66237,44.20407,48.27007,39.40812,47.20169,39.40812,45.48626,38.58756,39.20459,39.11521,37.20215,38.01316,40.60788,40.0,41.88078,38.47077,38.27532,37.58989,38.07887,38.94868,37.69615,36.76955,37.12142,35.34119,34.9285,33.61547,31.7805,35.34119,29.06888,32.69557,29.06888,25.94224
5.09902,6.08276,6.08276,7.07107,7.07107,7.07107,8.06226,8.06226,8.06226,8.0,9.05539,10.0,10.0,10.0,10.0,11.0,11.0,10.0,11.04536,11.0,11.0,11.0,11.0,12.04159,12.04159,12.04159,12.04159,13.0384,13.0384,12.16553,12.04159,13.0384,12.04159,12.04159,12.04159,12.0,13.0,12.0,12.0,11.0,11.0,11.0,11.0,10.04988,10.0,10.04988,10.0,10.0,10.0,10.0,10.04988,9.05539,26.07681,24.04163,32.44996,26.92582,23.32381,29.54657,30.80584,35.73514,32.38827,40.5216,40.26164,41.97618,43.73786,44.14748,49.24429,51.35173,52.95281,53.75872,52.46904,51.62364,61.29437,52.7731,60.20797,59.3043,60.53098,58.30952,58.69412,68.06614,65.37584,66.27217,63.3877,68.11755,62.1289,70.02857,62.03225,66.37017,69.00725,71.06335,69.26038,62.00806,62.1289,66.28725,62.07254,65.62012,61.29437,63.12686,59.5399,57.42822,58.21512,54.45181,55.57877,52.34501,54.58938,48.05206,50.69517,49.47727,52.49762,42.19005,46.0,42.0119,52.00961,48.37355,52.61179,47.38143,53.16014,56.75385,54.70832,59.23681,57.93962,62.76942,59.36329,61.29437,56.60389,63.51378,56.72742,54.03702,55.17246,53.75872,54.48853,48.9183,53.8145,51.22499,49.81967,45.45327,50.77401,41.04875,47.20169,34.4093,44.40721,40.22437,40.49691,40.31129,39.11521,37.44329,39.96248,35.51056,43.56604,41.18252,37.58989,39.82462,36.35932,38.01316,36.89173,35.77709,35.34119,34.9285,36.76955,34.53983,33.12099,30.67572,33.10589,36.40055,32.20248,30.23243
4.12311,4.12311,5.0,6.0,6.0,6.0,7.0,7.0,7.0,7.0,8.0,9.05539,8.0,8.06226,8.0,10.04988,9.05539,9.05539,9.05539,10.04988,10.04988,10.04988,10.04988,10.19804,11.04536,11.18034,11.40175,12.16553,12.16553,11.40175,11.04536,11.18034,11.18034,11.18034,11.18034,11.18034,12.04159,10.04988,10.04988,10.04988,10.04988,10.04988,10.04988,9.05539,9.05539,8.06226,9.05539,9.05539,9.0,8.0,8.06226,8.0,22.80351,24.69818,24.16609,26.0,26.40076,27.313,27.20294,31.57531,31.40064,35.35534,38.47077,41.04875,43.18565,41.10961,44.01136,47.16991,51.0098,51.0,50.01,49.0,59.0,49.0408,57.03508,53.08484,52.03845,58.03447,51.0392,61.20457,57.14018,64.62971,61.29437,63.3877,58.07753,67.18631,59.84146,62.00806,63.28507,65.49046,64.00781,62.03225,61.13101,60.0,60.03332,61.13101,60.20797,57.00877,58.13777,54.08327,55.03635,51.0098,54.0,48.04165,52.08647,48.16638,47.04253,50.24938,47.07441,47.53946,45.12206,42.42641,49.16299,43.10452,53.0,47.09565,46.17359,55.3263,53.46027,53.85165,56.08921,60.01666,59.77458,58.30952,54.12024,61.29437,51.31277,56.30275,52.43091,49.81967,55.60576,48.41487,51.40039,49.51767,51.85557,47.38143,48.10405,44.59821,49.0408,39.69887,44.82187,40.60788,37.64306,39.05125,40.45986,33.24154,41.23106,37.80212,38.8973,40.60788,40.45986,37.21559,38.27532,36.71512,40.22437,37.73592,33.01515,33.83785,32.20248,31.90611,36.89173,36.40055,29.15476,37.21559,32.75668,27.80288
5.38516,6.7082,6.7082,6.7082,6.7082,7.61577,8.06226,8.06226,8.60233,8.60233,9.43398,10.0,10.81665,10.81665,10.0,10.81665,11.40175,10.0,11.40175,11.40175,11.40175,11.40175,10.81665,12.80625,12.80625,12.04159,12.80625,12.80625,14.21267,12.72792,12.80625,12.80625,13.45362,12.80625,12.80625,12.20656,12.20656,12.20656,12.20656,12.20656,10.81665,12.20656,11.40175,10.81665,10.81665,10.0,10.0,9.43398,9.43398,9.43398,10.29563,9.84886,38.60052,23.85372,29.0,26.87006,23.60085,27.20294,32.31099,38.07887,36.05551,39.82462,44.01136,42.72002,45.65085,45.89118,41.48494,48.50773,52.63079,56.08921,48.83646,48.38388,60.41523,50.44799,59.4138,57.87055,53.16014,54.34151,54.12947,59.07622,59.22837,59.5399,61.20457,66.4906,55.10898,60.20797,58.30952,62.80127,63.1981,65.49046,60.20797,60.44005,59.22837,65.14599,58.69412,59.22837,54.81788,48.10405,57.27128,52.49762,45.35416,44.01136,48.08326,47.53946,48.08326,40.8534,43.86342,46.84015,46.14109,43.17407,42.2019,41.4367,52.95281,51.62364,53.15073,49.16299,48.6621,59.68249,55.44367,51.92302,54.57105,64.32729,56.32051,55.4617,53.85165,58.60034,58.60034,51.31277,53.33854,57.42822,56.58622,49.51767,48.10405,59.46427,48.83646,46.01087,48.01042,47.20169,47.63402,39.96248,50.80354,40.49691,40.60788,47.20169,41.59327,40.0,43.60046,41.6173,40.31129,38.58756,43.41659,42.05948,38.07887,36.35932,29.52965,41.62932,35.8469,31.04835,42.19005,41.4367,34.53983,38.48376,41.14608,35.44009,37.58989,32.80244
11.7047,13.0,11.6619,13.0384,10.0,10.0,8.06226,6.7082,6.32456,6.08276,8.0,8.24621,9.21954,10.19804,12.16553,12.16553,13.15295,12.0,12.0,11.04536,10.04988,9.0,8.0,8.24621,8.24621,8.06226,9.21954,10.63015,12.04159,11.31371,11.40175,12.04159,12.04159,11.31371,11.31371,11.31371,12.04159,11.31371,11.31371,12.04159,11.40175,12.72792,10.63015,11.31371,9.89949,9.89949,9.89949,10.0,9.21954,10.0,10.63015,11.40175,25.55386,25.4951,24.08319,28.3196,62.24147,49.16299,60.40695,72.12489,47.43416,68.70953,65.45991,11.40175,34.0,59.84146,41.34005,43.18565,55.31727,57.55867,50.96077,60.08328,76.41989,49.76947,51.0392,41.0,71.19691,67.35726,83.72574,83.57033,92.65528,60.20797,68.593,79.12016,76.92204,59.90826,72.00694,51.0392,68.94926,58.54912,58.54912,66.09841,53.0,70.85901,55.44367,62.03225,74.73286,56.14268,64.38167,59.5399,56.61272,58.0517,55.7853,61.61169,45.31004,39.81206,40.81666,59.03389,51.97115,45.27693,48.01042,45.04442,50.24938,47.38143,53.60037,51.92302,54.81788,62.0967,53.75872,60.16644,59.23681,59.61543,60.53924,54.40588,53.82379,62.96825,57.28001,54.56189,53.03772,55.9017,53.90733,47.63402,52.43091,50.9902,51.08816,48.60041,50.11986,43.56604,50.77401,37.44329,43.82921,43.04649,40.60788,43.46263,38.07887,36.71512,39.82462,37.12142,40.70626,40.70626,39.39543,37.33631,35.8469,40.24922,38.91015,37.69615,31.01612,33.24154,36.76955,33.24154,31.7805,31.04835,27.20294,34.17601,31.7805,31.01612
6.08276,6.0,6.0,7.0,7.07107,8.06226,8.06226,8.06226,8.06226,8.24621,9.21954,10.19804,10.19804,10.19804,10.19804,11.18034,11.40175,10.19804,10.44031,11.18034,11.18034,11.40175,11.18034,12.64911,11.40175,12.64911,12.64911,12.36932,13.60147,12.64911,12.36932,12.64911,12.64911,12.36932,12.36932,12.36932,12.36932,11.40175,12.36932,11.40175,11.18034,12.16553,11.18034,10.19804,10.19804,10.19804,10.19804,10.04988,10.19804,10.04988,10.04988,9.0,27.20294,26.83282,24.69818,28.16026,31.57531,32.75668,31.06445,37.12142,36.05551,36.01389,37.05401,40.04997,47.09565,46.09772,47.38143,51.62364,54.23099,51.15662,55.22681,55.3263,58.54912,53.15073,56.7186,59.5399,57.21888,60.53098,61.0,63.32456,61.81424,69.63476,63.15061,67.89698,64.13267,70.0928,65.52099,64.77654,61.61169,68.88396,66.27217,66.91039,65.73431,66.48308,64.77654,64.49806,63.3877,62.514,61.40033,60.40695,54.33231,54.45181,53.08484,53.23533,54.23099,52.15362,52.03845,52.15362,51.24451,43.82921,44.72136,43.46263,46.51881,48.70318,51.1957,50.9902,52.61179,58.54912,52.15362,58.00862,54.00926,60.07495,61.20457,56.4358,58.46366,61.0,52.81098,53.45091,55.54278,51.42956,51.89412,50.53712,51.42956,48.25971,48.75449,47.70744,43.82921,44.40721,46.32494,39.11521,42.2019,40.0,37.80212,39.82462,41.04875,39.05125,39.66106,38.28838,42.2019,38.8973,38.28838,34.82815,38.8973,36.76955,36.23534,35.38361,36.06938,35.4683,35.38361,35.35534,31.241,38.20995,28.28427,37.48333,30.41381,29.73214
6.08276,6.0,6.0,7.0,7.0,7.0,8.06226,8.06226,8.06226,9.05539,9.05539,9.21954,10.04988,10.04988,10.04988,11.18034,10.19804,10.19804,10.19804,11.18034,11.18034,11.40175,11.18034,12.36932,12.36932,12.36932,12.64911,13.60147,12.36932,13.60147,11.40175,12.36932,12.36932,12.36932,12.36932,12.36932,13.15295,12.16553,11.18034,11.18034,12.04159,11.18034,12.16553,10.19804,10.19804,10.19804,10.04988,10.04988,10.04988,10.04988,10.0,9.0,25.80698,25.23886,28.86174,26.92582,27.89265,32.14032,30.01666,33.06055,35.01428,34.05877,36.05551,41.10961,45.27693,42.19005,42.10701,52.95281,55.57877,50.80354,47.04253,55.57877,61.66036,56.7186,56.08921,53.93515,55.57877,59.4138,57.70615,64.28841,61.40033,66.48308,61.98387,62.96825,61.98387,66.21933,61.98387,62.514,63.95311,63.15061,65.9242,65.25335,64.13267,67.74216,63.63961,62.39391,63.28507,64.28063,58.07753,63.63961,55.00909,51.0392,55.3263,50.15974,48.16638,51.0,48.09366,49.0408,47.51842,42.2019,42.94182,43.08132,47.85394,44.77723,48.38388,46.17359,50.80354,53.93515,51.78803,53.23533,55.3263,62.03225,59.00847,57.55867,54.34151,57.07013,51.1957,54.12024,54.08327,48.46648,54.12024,52.55473,51.62364,50.08992,48.46648,44.94441,41.88078,42.63801,47.70744,37.73592,44.20407,40.60788,37.20215,37.80212,38.83298,32.44996,39.11521,37.01351,38.41875,36.23534,36.12478,41.7732,35.80503,36.12478,39.59798,32.64966,32.64966,30.4795,34.65545,33.42155,34.65545,32.55764,27.65863,32.55764,32.52691,25.4951
5.0,5.0,5.09902,5.09902,6.32456,6.08276,6.32456,7.28011,7.28011,7.61577,8.24621,8.544,8.544,8.544,8.544,9.84886,8.94427,8.94427,10.29563,10.29563,10.29563,10.29563,9.84886,11.6619,11.18034,11.6619,10.81665,12.20656,12.20656,11.40175,11.6619,11.6619,12.20656,11.6619,11.6619,11.18034,11.18034,11.18034,11.18034,10.29563,10.29563,10.29563,10.29563,8.94427,8.94427,8.60233,8.94427,8.94427,8.544,8.94427,8.544,8.24621,23.70654,26.92582,24.33105,26.68333,30.01666,27.07397,33.0,34.36568,34.36568,37.48333,37.65634,40.02499,41.48494,41.7732,46.32494,46.84015,52.39275,50.92151,49.24429,50.96077,58.18935,50.69517,53.75872,56.64804,52.63079,62.03225,56.61272,61.03278,63.56886,63.56099,62.64184,64.84597,60.40695,67.23095,61.46544,62.64184,67.1193,64.88451,65.9242,63.90618,60.16644,62.8172,61.03278,61.98387,61.40033,57.56735,56.75385,57.56735,51.66237,51.92302,51.5461,51.62364,49.0408,50.63596,50.80354,49.49747,46.38965,41.04875,41.34005,42.54409,45.17743,45.18849,50.59644,47.53946,51.86521,54.70832,51.97115,56.32051,55.57877,62.28965,59.0,56.14268,54.14795,59.21149,55.31727,49.49747,48.27007,50.44799,52.39275,48.70318,52.0,48.75449,47.75982,43.909,45.18849,43.82921,45.65085,35.77709,38.01316,40.70626,38.01316,40.22437,36.24914,35.60899,40.22437,36.61967,41.6173,38.83298,39.20459,44.40721,37.20215,34.71311,34.48188,33.83785,34.66987,32.44996,33.24154,33.30165,33.30165,32.52691,32.80244,32.64966,31.62278,29.73214
5.0,5.65685,5.65685,6.40312,6.40312,7.2111,7.2111,8.06226,8.06226,8.06226,9.43398,8.94427,8.94427,8.94427,8.94427,9.84886,9.84886,9.84886,9.84886,9.84886,10.77033,10.77033,9.84886,11.7047,11.7047,11.7047,11.40175,11.7047,12.64911,11.40175,11.7047,12.64911,11.7047,11.7047,11.7047,11.7047,12.08305,10.77033,11.7047,10.77033,11.18034,10.77033,10.77033,9.84886,9.84886,9.84886,9.84886,8.94427,8.94427,8.94427,8.60233,8.60233,27.0,23.76973,27.20294,27.85678,28.63564,28.17801,31.90611,34.71311,33.83785,36.87818,41.6173,40.31129,43.13931,45.27693,45.25483,46.75468,53.75872,49.0408,46.69047,53.74012,58.69412,54.45181,54.03702,55.97321,54.45181,62.28965,58.0517,63.24555,61.84658,66.4003,58.89822,64.81512,64.81512,69.40461,62.20129,66.06815,67.00746,67.00746,67.26812,64.44377,60.20797,63.78087,65.05382,63.70243,60.82763,60.10824,56.58622,56.58622,52.3259,53.75872,52.3259,48.08326,53.75872,48.9183,48.83646,48.41487,47.20169,42.37924,42.72002,42.95346,47.41308,46.04346,49.64877,45.80393,49.0408,58.0,52.3259,56.56854,57.31492,62.28965,56.0357,54.3783,54.58938,60.41523,53.22593,52.0,55.54278,53.31041,53.36666,47.75982,46.57252,48.83646,48.50773,46.38965,46.38965,41.59327,48.09366,40.0125,43.10452,42.04759,37.12142,40.0,38.0526,39.11521,39.05125,33.13608,35.0571,37.21559,43.01163,38.11824,36.05551,37.05401,33.54102,35.35534,36.05551,37.21559,35.22783,34.1321,35.69314,33.13608,30.26549,35.22783,33.13608,27.29469
5.38516,5.09902,5.09902,6.08276,6.08276,6.08276,7.0,7.0,7.0,8.0,9.0,9.0,9.0,9.0,9.0,10.04988,10.04988,9.05539,10.19804,10.19804,10.04988,10.19804,10.04988,11.18034,11.04536,11.18034,11.18034,12.16553,12.16553,12.16553,11.18034,12.16553,12.16553,11.18034,11.18034,11.04536,12.04159,11.04536,11.04536,11.04536,10.0,11.04536,10.04988,10.04988,9.05539,9.05539,9.0,9.0,9.0,9.0,9.05539,8.06226,23.02173,34.05877,31.01612,24.35159,34.53983,31.40064,29.73214,27.45906,36.89173,38.28838,42.52058,34.71311,45.79301,43.01163,51.85557,48.79549,56.72742,48.10405,49.81967,51.66237,58.13777,56.22277,55.80323,54.67175,56.58622,57.31492,60.87693,59.46427,59.4138,63.25346,61.55485,55.97321,59.39697,66.70832,62.93648,60.1415,61.6198,63.78087,63.78087,65.06919,62.93648,65.43699,65.06919,64.44377,60.959,61.55485,58.0517,58.0517,50.24938,49.81967,48.9183,42.72002,49.20366,47.20169,44.94441,48.02083,43.41659,40.8534,40.31129,40.16217,44.28318,43.04649,47.42362,47.01064,49.81967,51.62364,49.57822,53.8145,51.73973,51.08816,49.81967,55.9017,60.37384,59.48109,46.48656,47.29693,49.0408,52.39275,48.6621,52.15362,53.93515,50.15974,43.18565,42.04759,45.17743,39.01282,42.10701,42.75512,40.0125,42.10701,37.48333,39.45884,34.36568,42.19005,43.18565,33.01515,37.33631,38.20995,38.83298,44.18144,42.42641,39.56008,36.40055,37.33631,34.17601,39.45884,37.85499,40.26164,38.27532,32.38827,30.36445,31.62278,28.16026,29.01724
5.38516,5.38516,5.09902,6.08276,6.08276,6.08276,7.07107,7.07107,7.07107,7.0,8.06226,8.0,8.0,8.0,9.0,10.0,9.0,9.0,9.05539,10.0,10.0,10.04988,10.0,11.04536,11.04536,11.04536,11.04536,12.04159,12.16553,11.04536,11.04536,12.04159,11.04536,11.04536,11.04536,11.04536,12.0,11.0,10.0,10.0,10.0,10.0,10.0,9.0,9.0,8.0,9.0,9.0,9.0,8.06226,8.06226,8.06226,22.80351,23.34524,27.45906,22.2036,30.41381,30.67572,32.57299,33.83785,40.02499,38.07887,35.90265,41.59327,43.73786,49.0306,44.72136,51.47815,52.46904,54.14795,50.63596,55.3263,56.14268,54.23099,55.03635,55.3263,57.27128,60.53098,62.20129,66.0,64.38167,70.0,62.07254,62.07254,70.06426,69.06519,66.00758,66.48308,71.11259,66.06815,68.24954,67.36468,65.12296,65.49046,66.48308,66.48308,60.20797,63.15061,59.84146,57.70615,54.33231,50.9902,52.63079,53.85165,53.60037,52.63079,54.34151,51.92302,48.10405,43.86342,45.22168,46.17359,45.12206,48.25971,49.16299,48.16638,56.14268,56.0357,59.07622,57.42822,58.42089,63.28507,58.24946,57.28001,57.24509,62.03225,58.59181,54.12024,54.58938,52.69725,56.0357,51.0392,53.41348,53.41348,49.81967,49.51767,45.27693,44.55334,45.27693,40.31129,47.01064,38.83298,40.36087,39.82462,39.69887,37.64306,36.87818,36.23534,41.10961,39.20459,39.05125,41.6173,38.58756,37.20215,34.82815,36.05551,36.71512,37.12142,34.88553,36.71512,38.94868,31.90611,30.41381,34.0,28.6531,32.44996
5.0,5.0,5.65685,5.65685,5.65685,6.40312,6.40312,6.40312,7.07107,7.81025,8.48528,8.60233,8.60233,8.60233,8.60233,10.0,9.43398,9.43398,10.29563,10.0,10.0,10.81665,10.0,11.18034,10.81665,10.81665,11.6619,11.6619,12.52996,12.52996,12.20656,12.20656,11.6619,10.81665,11.6619,11.40175,12.20656,11.40175,10.81665,10.63015,10.0,10.81665,10.0,10.0,9.21954,9.21954,9.21954,9.21954,9.21954,9.21954,8.48528,7.81025,32.20248,25.05993,29.83287,25.96151,29.06888,34.05877,34.23449,33.13608,32.01562,38.0526,41.0,40.02499,44.64303,48.83646,45.09989,47.43416,51.41984,51.26402,54.12024,54.57105,56.30275,48.50773,57.00877,55.97321,58.24088,54.12024,61.68468,68.00735,61.09828,70.2282,61.68468,59.48109,61.84658,66.70832,54.626,63.06346,64.84597,68.15424,63.78871,61.13101,60.74537,64.03124,66.48308,64.03124,60.20797,56.08921,57.70615,59.22837,53.93515,57.48913,50.69517,50.01,50.01,50.63596,47.26521,46.17359,50.03998,39.69887,40.60788,45.34314,50.20956,47.43416,50.24938,43.56604,50.15974,52.80152,51.47815,50.96077,50.44799,60.16644,58.54912,54.45181,51.0098,61.07373,56.4358,53.36666,53.23533,47.67599,49.64877,52.39275,50.44799,52.20153,45.70558,47.80167,39.82462,42.05948,47.42362,38.27532,40.71855,47.41308,38.91015,37.57659,31.76476,39.44617,35.51056,39.66106,37.58989,41.88078,38.07887,36.89173,42.63801,35.38361,33.28663,35.60899,38.83298,36.61967,38.83298,35.4683,34.20526,38.8973,36.06938,36.40055,34.82815,32.80244
4.47214,4.12311,5.38516,5.38516,6.32456,6.32456,7.07107,7.07107,7.28011,8.06226,8.24621,9.05539,9.21954,9.05539,9.05539,10.04988,10.0,10.04988,10.04988,10.04988,10.04988,10.04988,10.04988,11.0,11.0,12.0,12.0,12.0,13.0,12.04159,11.04536,12.0,12.0,12.0,12.0,12.0,12.04159,11.04536,10.04988,11.04536,11.04536,11.04536,11.04536,10.04988,10.04988,9.0,9.05539,9.05539,9.05539,9.05539,8.24621,8.24621,26.0,28.17801,24.75884,26.1725,30.4795,24.83948,31.06445,31.90611,34.48188,34.43835,38.07887,41.23106,43.82921,45.31004,45.18849,48.76474,54.23099,52.55473,51.07837,58.5235,63.60031,60.40695,59.43904,57.56735,55.65968,63.24555,63.89053,63.32456,61.98387,69.857,65.80274,66.48308,67.18631,69.12308,64.77654,64.84597,68.15424,70.21396,69.89278,68.96376,69.64194,64.84597,63.60031,65.78754,58.18935,63.89053,60.40695,65.25335,53.75872,56.64804,55.36244,51.86521,56.30275,50.92151,51.5461,51.47815,50.24938,44.0,44.04543,44.40721,45.22168,47.29693,47.75982,46.57252,50.56679,56.0803,54.56189,56.4358,51.97115,56.82429,56.22277,56.63921,59.4138,54.45181,57.62812,51.66237,51.22499,51.86521,51.97115,51.10773,48.8774,49.64877,49.09175,45.61798,43.08132,43.08132,43.46263,34.43835,44.92215,45.60702,41.48494,43.17407,41.97618,39.56008,36.68787,36.40055,37.69615,35.17101,40.80441,38.32754,37.10795,36.13862,33.95585,34.71311,35.51056,34.36568,37.48333,33.54102,33.54102,30.80584,32.14032,33.24154,29.42788,30.36445
5.65685,5.0,5.83095,5.83095,7.2111,6.40312,7.61577,7.61577,7.61577,7.61577,8.94427,9.84886,8.94427,9.84886,9.84886,10.44031,10.44031,9.84886,10.44031,10.44031,10.44031,11.40175,10.77033,11.40175,12.36932,11.40175,12.36932,12.36932,13.34166,12.16553,11.40175,12.36932,12.36932,11.40175,12.36932,12.36932,12.64911,11.7047,11.7047,10.77033,10.77033,10.77033,10.77033,9.48683,9.48683,9.48683,9.48683,9.48683,9.48683,8.94427,8.94427,8.06226,25.94224,23.43075,27.65863,24.04163,26.87006,32.44996,28.6531,37.12142,35.35534,36.23534,38.62642,42.04759,43.08132,47.42362,47.92703,52.81098,55.15433,52.20153,49.76947,53.14132,64.19502,53.31041,59.20304,56.04463,56.61272,62.0967,58.82176,62.8172,64.19502,68.15424,61.13101,66.48308,61.40033,70.34202,62.96825,66.48308,69.857,69.2315,68.30813,67.44627,61.40033,65.19202,66.09841,66.40783,62.96825,62.39391,61.68468,59.13544,56.30275,53.48832,55.36244,54.08327,50.59644,51.47815,50.11986,48.30114,47.01064,43.04649,46.01087,40.04997,47.09565,45.09989,54.91812,47.38143,51.1957,56.04463,54.08327,59.09315,55.4617,59.09315,57.3062,56.61272,53.25411,62.68174,50.24938,53.8145,55.97321,53.03772,53.8145,48.9183,50.24938,49.20366,47.01064,45.17743,43.60046,41.67733,46.87217,38.47077,41.14608,38.91015,39.11521,43.38202,38.07887,37.12142,38.48376,37.0,37.33631,36.76955,38.48376,39.81206,37.33631,37.94733,39.82462,37.0,35.1141,34.78505,34.9285,32.57299,32.75668,33.54102,31.95309,32.89377,31.7805,31.01612
6.40312,7.07107,6.40312,7.81025,7.07107,7.81025,8.60233,8.60233,8.60233,8.60233,10.0,9.43398,10.81665,10.81665,10.81665,11.6619,11.6619,10.81665,11.6619,11.6619,11.6619,11.6619,11.6619,12.52996,13.41641,13.41641,13.41641,13.89244,14.31782,13.0,13.89244,13.89244,13.41641,13.89244,13.41641,13.41641,13.89244,12.20656,12.20656,13.0384,12.20656,13.0384,12.20656,11.6619,10.81665,10.29563,10.81665,10.81665,10.0,10.0,9.89949,9.89949,31.38471,30.0,30.08322,24.69818,28.44293,31.62278,31.14482,34.05877,35.0571,36.34556,38.20995,38.0526,45.35416,45.09989,45.17743,44.40721,52.23983,46.69047,50.80354,52.17279,57.72348,57.14018,52.20153,63.34824,57.97413,61.61169,57.87055,63.89053,62.16912,69.64194,71.58911,65.51336,63.63961,67.35726,62.93648,62.16912,66.4906,65.78754,64.28841,62.96825,60.20797,65.37584,62.20129,69.26038,62.28965,59.13544,53.15073,59.13544,55.3263,51.35173,50.01,50.03998,55.44367,43.04649,46.17359,46.0,46.01087,38.94868,42.63801,46.87217,44.20407,46.32494,48.46648,44.41846,49.24429,53.16014,55.97321,55.7315,54.33231,61.81424,61.13101,57.00877,47.04253,54.14795,47.67599,55.3263,50.24938,48.83646,59.66574,48.46648,49.39636,49.24429,47.92703,50.24938,47.75982,45.17743,42.94182,38.91015,47.50789,38.48376,41.62932,48.41487,38.58756,40.0,41.6173,42.52058,41.40048,40.0,40.80441,38.41875,43.01163,36.12478,39.11521,39.62323,33.97058,40.80441,38.94868,36.06938,34.4093,43.41659,33.94113,36.79674,34.82815,41.18252
5.38516,5.83095,6.40312,7.2111,7.81025,7.81025,8.48528,8.48528,9.21954,9.21954,10.63015,9.89949,10.63015,10.63015,9.89949,12.04159,10.63015,11.31371,11.40175,12.04159,12.04159,12.04159,12.04159,12.80625,12.80625,12.80625,12.80625,14.21267,13.60147,13.60147,12.80625,13.60147,13.60147,12.80625,12.80625,13.45362,13.45362,12.72792,12.72792,12.04159,12.04159,12.04159,12.04159,10.63015,10.63015,10.63015,10.63015,10.63015,10.63015,10.63015,10.0,10.0,32.24903,24.08319,26.92582,33.42155,32.44996,23.70654,25.55386,38.60052,32.28002,39.81206,42.19005,40.1995,47.51842,38.60052,48.16638,42.29657,55.03635,56.08921,50.63596,53.46027,62.28965,50.48762,55.03635,55.08176,55.08176,58.03447,59.21149,62.0,63.1981,64.03124,62.39391,65.27634,64.28063,74.24284,59.13544,65.06919,70.11419,64.03124,66.18912,63.07139,62.1289,64.13267,63.12686,64.38167,63.63961,58.30952,57.48913,52.46904,54.74486,50.08992,52.08647,47.09565,53.46027,45.89118,45.70558,43.86342,43.46263,41.67733,40.24922,39.56008,51.66237,43.56604,46.27094,45.39824,51.24451,49.0408,48.09366,54.23099,52.46904,59.68249,56.7186,55.65968,52.81098,55.36244,51.86521,52.80152,53.7122,50.44799,50.60632,49.57822,51.22499,43.82921,47.01064,46.75468,41.7732,41.23106,52.34501,31.82766,39.05125,43.27817,41.10961,44.55334,36.89173,36.89173,41.72529,40.80441,43.82921,40.71855,45.48626,43.41659,37.20215,43.41659,36.40055,36.71512,43.26662,39.69887,37.20215,38.47077,38.58756,34.43835,34.0,34.0147,33.28663,30.23243
5.0,5.0,5.83095,5.83095,5.83095,7.2111,6.7082,6.7082,7.61577,7.61577,8.94427,8.94427,8.544,8.544,8.94427,9.84886,9.84886,9.84886,9.48683,10.44031,9.48683,10.44031,10.77033,11.40175,11.7047,11.40175,11.40175,11.40175,12.36932,12.36932,11.40175,12.36932,11.40175,11.40175,11.7047,11.40175,11.7047,11.7047,10.77033,10.77033,9.84886,10.77033,10.77033,9.48683,9.48683,9.48683,8.94427,9.84886,8.94427,8.94427,8.94427,8.60233,24.18677,25.31798,25.07987,27.78489,26.40076,26.90725,29.06888,35.60899,32.80244,38.28838,39.40812,38.83298,47.20169,45.0,47.20169,48.37355,51.62364,50.21952,48.02083,58.30952,60.37384,53.85165,54.12947,54.58938,55.56978,59.5399,58.18075,67.1193,64.88451,66.85058,62.16912,63.95311,63.13478,68.8767,60.16644,66.24198,67.62396,69.31811,66.37017,66.18912,64.41273,69.64194,64.49806,64.88451,61.91123,62.96825,58.5235,56.93856,56.60389,52.15362,52.69725,54.20332,55.22681,51.62364,53.00943,53.41348,51.62364,44.40721,43.73786,41.97618,45.60702,43.68066,50.69517,48.46648,48.75449,57.27128,52.47857,54.6443,54.08327,56.30275,55.44367,53.03772,55.31727,59.4138,53.41348,52.00961,50.77401,47.43416,52.47857,45.27693,49.65884,45.61798,46.95743,44.01136,46.8188,41.10961,44.27189,35.44009,39.81206,37.36308,35.1141,41.7732,37.85499,36.13862,36.49658,37.0,39.05125,36.49658,40.5216,37.05401,35.51056,34.1321,39.01282,35.12834,35.12834,37.05401,35.0571,32.01562,35.01428,35.0571,29.0,35.0,32.06244,26.1725
4.47214,5.09902,5.09902,6.32456,6.08276,6.32456,7.07107,7.07107,7.07107,8.06226,8.24621,9.05539,9.05539,9.05539,9.21954,10.04988,10.0,10.04988,10.04988,10.04988,10.04988,11.04536,10.04988,12.0,12.04159,12.0,12.0,12.0,13.0,13.0384,12.04159,13.0384,12.04159,12.04159,12.04159,12.04159,12.04159,11.04536,11.18034,11.04536,11.18034,11.18034,11.04536,10.04988,10.19804,10.04988,9.21954,9.21954,9.21954,9.21954,8.24621,8.544,24.18677,22.47221,30.61046,23.60085,26.07681,30.01666,30.52868,30.41381,34.0147,38.07887,37.69615,39.92493,43.65776,39.92493,47.42362,46.48656,52.49762,48.76474,51.07837,54.42426,63.78871,56.46238,57.07013,57.48913,56.75385,60.16644,59.90826,66.94027,67.91171,68.88396,63.06346,67.44627,64.28841,70.83078,65.62012,71.30919,69.42622,66.09841,67.6757,70.21396,63.32456,68.35203,65.80274,64.19502,66.09841,67.6757,61.35145,60.74537,55.97321,54.12024,54.70832,51.86521,51.26402,50.32892,52.0,55.47071,51.47815,41.4367,43.41659,41.01219,46.04346,47.09565,47.16991,48.6621,50.80354,55.57877,52.88667,55.71355,49.39636,60.16644,55.07268,55.56978,52.15362,56.85948,50.60632,55.31727,47.50789,50.24938,54.45181,45.34314,50.32892,48.60041,48.9183,44.10215,44.10215,41.34005,43.04649,36.35932,43.38202,38.01316,34.9285,40.24922,37.21559,34.48188,37.21559,35.4683,36.76955,37.64306,36.76955,38.07887,37.69615,37.0,43.08132,36.05551,31.95309,36.13862,33.24154,36.22154,33.24154,35.22783,30.59412,34.52535,34.20526,31.14482
6.0,6.0,6.08276,7.07107,7.07107,7.07107,7.28011,8.24621,8.544,8.544,9.21954,9.48683,10.44031,9.48683,9.48683,10.77033,10.77033,10.77033,10.77033,10.77033,10.77033,11.18034,10.77033,12.08305,12.08305,12.52996,12.52996,12.52996,13.41641,13.0384,12.08305,12.52996,12.52996,12.08305,12.52996,12.08305,13.41641,12.08305,12.08305,12.08305,11.7047,12.08305,11.18034,10.77033,10.77033,9.84886,9.84886,9.84886,9.48683,9.48683,9.48683,9.21954,25.29822,24.16609,30.41381,26.01922,29.0,29.01724,31.04835,34.23449,35.90265,41.97618,40.8534,43.32436,46.48656,44.64303,45.88028,45.69464,53.75872,49.65884,54.78138,52.92447,63.63175,56.0803,60.41523,59.03389,59.09315,59.5063,60.82763,65.0,65.76473,72.06941,64.14047,69.97142,64.49806,74.94665,62.42596,67.08204,68.60029,71.69379,68.88396,66.7308,65.51336,64.4748,63.95311,64.40497,67.1193,61.84658,61.84658,58.60034,56.79789,57.27128,54.42426,56.79789,54.56189,52.80152,57.00877,53.45091,51.92302,41.72529,45.34314,43.82921,49.64877,43.26662,54.58938,45.61798,50.9902,56.0803,51.24451,55.36244,53.36666,57.97413,58.69412,56.0803,53.23533,58.21512,49.09175,56.0803,49.25444,50.63596,50.21952,47.53946,44.64303,52.20153,42.2019,42.72002,45.60702,39.92493,45.22168,34.17601,43.86342,38.07887,35.8469,38.07887,37.33631,35.8469,39.96248,34.43835,34.9285,39.82462,36.67424,40.71855,34.0,38.58756,33.42155,36.61967,37.58989,30.80584,31.62278,37.01351,36.89173,33.01515,30.0,32.24903,33.12099,26.62705
6.40312,5.83095,6.7082,6.7082,6.7082,6.7082,7.61577,8.06226,8.544,8.544,9.84886,9.48683,9.84886,9.84886,9.84886,11.7047,10.77033,10.77033,10.44031,11.7047,10.77033,11.7047,11.7047,12.36932,12.64911,12.64911,12.64911,13.60147,13.60147,13.34166,12.64911,13.60147,13.60147,12.64911,12.64911,12.64911,13.92839,12.08305,12.08305,12.08305,12.08305,11.7047,11.7047,10.77033,11.18034,9.84886,10.29563,10.29563,10.29563,10.29563,9.43398,9.43398,19.23538,25.0,24.75884,25.45584,27.80288,30.88689,35.8469,34.88553,31.76476,40.71855,40.80441,40.49691,49.0408,44.38468,47.01064,52.20153,57.24509,53.75872,53.48832,54.81788,60.87693,55.97321,57.87055,62.58594,60.72891,66.76077,60.44005,65.96969,64.53681,66.28725,64.7611,69.857,68.41053,70.40597,68.593,68.96376,68.88396,70.03571,70.21396,70.40597,66.94027,69.57011,70.93659,66.76077,65.55151,66.40783,64.19502,63.89053,58.5235,55.02727,58.5235,56.921,53.75872,54.78138,53.85165,54.12947,53.85165,42.29657,41.59327,43.18565,48.25971,47.09565,50.24938,43.18565,48.83646,53.93515,50.69517,53.75872,53.16014,59.77458,53.66563,54.58938,51.31277,61.40033,50.60632,54.20332,51.08816,50.20956,53.15073,46.75468,47.42362,49.0408,45.27693,40.80441,43.82921,43.60046,48.60041,34.66987,39.96248,38.27532,35.80503,39.92493,36.89173,35.35534,38.01316,36.05551,38.07887,39.39543,37.57659,36.76955,36.24914,35.73514,34.0147,34.9285,31.7805,35.1141,35.44009,34.20526,36.87818,33.95585,28.4605,33.24154,29.15476,37.69615
6.32456,6.32456,6.7082,6.7082,7.61577,7.61577,7.61577,8.06226,8.06226,8.60233,9.84886,9.43398,10.29563,10.29563,10.29563,10.81665,10.81665,10.81665,10.81665,10.81665,10.81665,12.20656,11.6619,12.80625,12.20656,12.80625,12.80625,13.60147,14.21267,13.45362,12.80625,13.60147,12.80625,12.80625,13.60147,13.60147,13.0384,13.0384,12.20656,12.20656,11.6619,11.6619,12.20656,10.81665,10.81665,10.81665,10.81665,10.29563,10.29563,10.29563,9.84886,9.84886,22.80351,22.80351,26.07681,26.01922,25.07987,27.85678,31.57531,35.90265,34.48188,40.26164,39.39543,39.29377,44.92215,41.14608,47.43416,50.08992,53.85165,50.9902,53.85165,52.20153,60.82763,55.15433,58.59181,58.18075,57.24509,60.00833,62.17717,63.81222,61.7414,66.37017,64.84597,63.06346,64.41273,69.97142,62.68174,64.88451,69.35416,67.1193,66.64083,64.41273,64.40497,67.62396,66.30988,67.23095,61.32699,62.64982,59.09315,60.41523,56.35601,53.66563,51.62364,52.20153,54.08327,52.20153,52.49762,51.5461,50.44799,41.72529,41.01219,41.01219,43.18565,44.20407,45.48626,45.17743,50.69517,50.56679,51.26402,52.55473,50.59644,52.81098,58.24946,53.60037,51.24451,58.21512,50.01,46.01087,50.01,46.01087,50.35871,44.18144,44.28318,44.38468,42.57934,41.76123,41.10961,41.76123,43.68066,33.61547,37.94733,34.78505,36.68787,36.67424,35.8469,35.34119,37.69615,31.01612,35.4683,37.16181,33.54102,34.43835,39.11521,32.44996,34.0147,32.64966,32.80244,29.96665,30.52868,34.66987,30.80584,33.6006,26.24881,31.38471,30.23243,29.41088
5.0,5.65685,5.83095,6.40312,6.40312,6.40312,7.2111,7.2111,8.06226,8.06226,9.43398,8.94427,8.94427,8.94427,9.43398,9.84886,9.84886,9.84886,9.84886,10.77033,9.84886,10.77033,9.84886,10.77033,11.7047,11.7047,11.7047,12.64911,12.64911,12.36932,11.7047,12.64911,12.64911,11.7047,11.7047,11.7047,12.08305,12.08305,10.77033,10.77033,10.77033,10.77033,10.77033,9.84886,9.84886,9.84886,9.84886,9.84886,9.43398,9.43398,9.21954,8.60233,25.63201,27.29469,29.01724,28.07134,31.06445,26.0,31.04835,36.05551,34.48188,36.05551,45.60702,42.15448,48.38388,46.57252,43.01163,47.88528,50.08992,43.65776,50.56679,58.18075,59.5399,61.32699,60.53924,54.67175,57.80138,54.40588,62.64982,64.14047,61.84658,66.61081,53.82379,59.94164,59.94164,67.23095,59.36329,68.44706,70.45566,64.66065,72.89719,65.36819,66.24198,66.64083,62.6099,59.03389,59.23681,64.4748,57.00877,56.85948,50.15974,56.79789,56.0357,51.62364,47.53946,53.48832,50.08992,46.8188,50.01,40.49691,41.10961,37.80212,42.43819,43.86342,51.22499,44.04543,51.0392,54.67175,49.39636,52.0,49.73932,59.05929,50.21952,46.09772,54.12947,55.7853,54.0,52.61179,43.10452,46.27094,52.0,53.15073,48.6621,46.09772,49.49747,45.35416,42.75512,42.54409,47.53946,37.33631,35.4683,39.0,32.55764,45.17743,37.94733,40.26164,39.56008,37.12142,41.04875,34.66987,38.94868,42.94182,40.71855,38.27532,34.0147,34.20526,37.57659,40.70626,35.80503,33.61547,27.73085,32.24903,33.61547,37.80212,37.69615,31.82766
4.47214,5.38516,5.38516,6.08276,6.08276,6.08276,7.07107,7.07107,7.07107,7.07107,8.06226,9.0,9.05539,9.05539,9.05539,10.0,10.0,9.05539,10.0,10.0,10.0,10.0,10.0,11.04536,11.0,11.0,11.04536,12.0,12.0,12.04159,11.0,12.04159,12.04159,12.0,11.0,11.0,12.04159,11.0,11.0,11.04536,10.04988,11.04536,10.04988,9.05539,9.05539,9.05539,9.05539,9.05539,9.05539,9.05539,8.24621,8.24621,25.6125,24.41311,24.18677,26.83282,30.80584,33.10589,31.95309,34.78505,34.52535,32.28002,39.62323,39.81206,48.50773,45.39824,44.72136,49.36598,59.3043,52.7731,51.62364,56.56854,62.1289,55.14526,55.00909,60.00833,58.42089,61.07373,58.07753,64.12488,62.00806,67.00746,64.00781,67.02984,67.02984,70.02857,63.03174,70.06426,70.11419,68.26419,68.00735,63.03174,66.00758,66.48308,65.9242,67.1193,67.06713,63.28507,57.31492,64.07027,53.75872,55.14526,56.14268,53.08484,56.0357,54.74486,52.7731,53.93515,50.96077,43.9659,45.89118,46.09772,49.36598,47.26521,45.04442,50.0,51.0392,56.00893,53.23533,54.12947,54.57105,59.22837,55.36244,57.87055,55.03635,58.69412,48.76474,47.42362,49.24429,47.16991,49.40648,49.0408,46.75468,46.69047,46.69047,46.8615,43.18565,37.01351,46.75468,36.23534,38.60052,36.40055,38.28838,41.6173,38.28838,35.0,39.11521,33.83785,40.22437,39.66106,38.27532,36.05551,36.35932,34.0,38.01316,38.07887,31.76476,39.66106,34.9285,33.61547,37.73592,35.77709,34.98571,30.41381,33.83785,29.54657
5.09902,5.0,5.0,6.0,6.0,6.0,7.0,7.0,8.0,8.0,9.0,9.05539,9.0,9.05539,9.0,10.04988,10.19804,10.04988,10.04988,10.04988,10.04988,11.04536,10.04988,12.16553,12.16553,12.16553,12.16553,12.16553,13.15295,12.36932,12.04159,13.15295,12.16553,12.16553,12.16553,12.04159,13.0384,12.04159,11.04536,11.04536,11.04536,11.04536,11.04536,10.04988,10.0,10.04988,10.0,9.0,9.0,9.0,9.05539,9.05539,21.2132,27.65863,27.78489,25.23886,25.80698,24.59675,32.31099,33.10589,35.73514,33.95585,36.68787,40.80441,45.60702,48.27007,48.08326,47.26521,52.46904,52.34501,48.50773,55.9017,59.4138,55.7315,57.14018,59.5399,58.54912,60.82763,61.52235,67.18631,63.78871,70.11419,63.3877,64.28063,67.47592,67.1193,68.02941,65.49046,70.11419,68.26419,68.46897,63.63961,71.56815,70.85901,67.26812,65.76473,59.03389,62.16912,59.90826,60.01666,53.60037,54.12024,56.32051,54.57105,53.93515,55.65968,53.85165,51.86521,49.76947,40.8534,38.60052,40.80441,48.05206,47.67599,45.17743,46.01087,49.0408,53.03772,56.0803,52.95281,50.63596,54.12947,56.921,51.86521,53.31041,58.69412,51.0,50.11986,49.09175,48.41487,47.70744,48.9183,52.20153,45.27693,47.80167,41.86884,42.42641,41.10961,41.7732,37.01351,40.45986,40.80441,35.0,37.01351,34.71311,36.05551,34.05877,38.01316,38.27532,35.80503,42.19005,38.27532,35.8469,33.54102,39.11521,36.71512,38.07887,34.53983,37.94733,34.9285,34.0,35.51056,32.31099,33.61547,31.30495,35.17101
5.83095,6.40312,7.07107,7.07107,7.07107,7.07107,7.81025,7.81025,9.21954,8.60233,9.21954,10.0,10.0,10.0,10.63015,10.81665,10.81665,10.0,10.81665,10.81665,10.81665,11.6619,10.81665,12.52996,13.0384,13.0384,13.41641,13.41641,13.89244,13.0,13.0384,13.41641,13.41641,12.52996,12.52996,12.52996,13.0384,13.0384,12.20656,11.6619,11.6619,11.6619,11.6619,10.81665,10.29563,10.29563,10.81665,10.81665,10.0,10.0,10.0,10.0,25.07987,28.07134,23.76973,26.4764,29.41088,33.24154,34.1321,34.98571,33.12099,38.01316,39.96248,38.60052,49.40648,46.87217,46.64762,48.27007,56.0803,52.00961,51.08816,54.48853,59.4138,56.58622,55.86591,59.4138,60.87693,64.3506,62.93648,65.79514,65.11528,69.52697,63.65532,65.29931,64.53681,72.86288,67.42403,69.35416,68.41053,66.70832,71.42129,70.60453,65.11528,68.0147,69.29646,69.31089,63.70243,67.20863,64.3506,63.63961,57.31492,58.72819,58.0,54.45181,60.81118,55.97321,49.81967,54.20332,53.53504,41.67733,43.26662,42.0119,48.16638,46.09772,48.9183,46.75468,50.0,55.44367,52.69725,54.20332,53.7122,56.60389,56.46238,54.42426,55.36244,56.30275,51.41984,46.32494,53.15073,54.23099,52.15362,46.09772,48.01042,48.01042,43.10452,42.04759,40.0125,43.28972,41.01219,33.54102,38.47077,40.60788,38.20995,38.63936,36.12478,34.20526,37.65634,37.48333,38.63936,38.27532,37.48333,38.07887,35.90265,35.4683,28.16026,31.95309,37.10795,34.78505,35.1141,34.20526,33.24154,34.17601,32.31099,34.9285,30.67572,29.83287
4.24264,5.0,5.0,5.83095,5.83095,5.83095,6.7082,6.7082,7.61577,7.61577,7.61577,8.544,8.544,8.544,8.544,9.48683,9.48683,9.48683,9.48683,9.48683,9.48683,10.44031,9.48683,11.40175,11.40175,11.40175,11.18034,12.36932,12.36932,12.16553,11.40175,12.36932,12.36932,11.40175,11.40175,11.40175,11.7047,11.7047,10.77033,10.44031,10.77033,10.77033,10.44031,9.48683,9.84886,9.48683,9.48683,8.544,8.544,8.94427,8.94427,8.06226,25.63201,25.96151,24.69818,25.94224,27.58623,27.80288,33.97058,29.83287,35.4683,38.60052,39.11521,40.71855,48.02083,45.79301,50.47772,53.33854,58.18075,53.0,51.10773,53.66563,58.18075,56.4358,53.22593,56.79789,63.15853,61.46544,62.76942,62.03225,63.56099,66.85058,64.40497,70.26379,67.23095,68.00735,66.40783,62.64982,70.2282,68.35203,70.68239,65.19202,68.942,64.88451,69.31811,63.52952,59.5399,65.79514,60.41523,63.50591,53.7122,52.83938,55.54278,54.56189,52.80152,51.10773,53.00943,52.43091,52.40229,44.10215,43.28972,43.56604,46.32494,47.53946,44.01136,44.59821,47.92703,58.30952,50.77401,54.3783,53.60037,59.64059,56.63921,50.91169,51.62364,50.93133,52.63079,50.0,47.80167,50.77401,52.69725,48.30114,47.01064,48.10405,47.41308,40.49691,40.80441,44.01136,41.78516,35.69314,41.10961,38.60052,39.21734,39.81206,40.02499,36.40055,37.65634,34.9285,41.7732,40.4475,39.05125,35.22783,38.32754,31.40064,37.33631,36.12478,37.33631,35.22783,39.11521,34.0147,35.01428,34.05877,30.0,31.14482,27.16616,27.29469
5.09902,5.0,5.0,6.0,6.0,6.0,7.07107,7.07107,8.06226,8.06226,9.05539,9.05539,9.05539,9.05539,9.05539,10.04988,10.19804,10.19804,10.04988,11.18034,11.18034,11.18034,10.19804,11.18034,12.16553,12.36932,12.36932,13.15295,12.36932,12.64911,12.16553,12.36932,12.36932,12.16553,12.36932,12.16553,12.16553,12.04159,11.04536,11.04536,11.04536,11.04536,11.18034,10.04988,10.04988,9.05539,10.04988,9.05539,9.0,9.0,9.0,9.0,24.20744,24.75884,27.20294,22.84732,29.15476,30.08322,29.41088,36.40055,32.55764,38.32754,39.45884,38.83298,46.09772,44.40721,45.70558,50.0,54.45181,53.23533,52.7731,52.34501,62.1289,55.22681,58.13777,58.13777,58.03447,61.40033,60.03332,65.00769,65.06919,64.07027,64.12488,68.02941,68.0,71.02816,63.07139,68.11755,68.00735,68.02941,67.26812,69.00725,68.11755,69.35416,64.28063,65.49046,63.1981,60.67125,64.38167,59.00847,58.54912,56.4358,52.15362,49.16299,52.34501,48.50773,51.78803,52.95281,51.24451,39.39543,44.27189,40.16217,47.07441,46.17359,48.25971,46.17359,47.0,52.03845,52.34501,52.61179,51.97115,53.93515,54.57105,54.12024,51.26402,57.00877,49.24429,55.47071,50.24938,48.82622,51.31277,44.65423,47.63402,46.66905,49.20366,41.86884,43.13931,38.94868,41.72529,36.12478,42.44997,38.28838,35.22783,38.27532,37.01351,35.22783,37.73592,34.4093,36.35932,38.07887,33.83785,38.27532,38.07887,36.05551,33.01515,34.98571,33.61547,38.01316,35.34119,36.23534,33.12099,33.61547,26.40076,34.53983,37.12142,30.52868
6.08276,6.08276,6.0,7.07107,7.0,8.06226,8.0,8.0,9.0,9.05539,10.0,10.04988,10.0,10.04988,11.0,12.04159,11.04536,11.04536,11.18034,11.04536,12.04159,12.16553,11.04536,13.15295,13.15295,13.15295,13.34166,14.14214,14.31782,13.34166,13.15295,13.15295,13.15295,13.15295,13.15295,13.0384,13.0384,13.0384,12.04159,12.04159,12.04159,12.04159,12.04159,11.04536,11.04536,10.04988,11.04536,11.04536,10.0,10.0,10.0,10.04988,23.43075,28.42534,22.47221,23.25941,29.06888,27.85678,32.57299,35.44009,37.85499,40.60788,39.62323,38.11824,49.64877,44.28318,47.16991,50.01,57.07889,55.08176,55.0,54.08327,65.03076,56.0803,60.00833,59.13544,59.07622,63.1981,58.21512,63.07139,65.00769,68.18358,66.0303,70.0,67.02984,69.00725,67.18631,66.18912,71.00704,71.06335,71.02816,68.11755,66.0303,65.06919,68.00735,69.11584,64.19502,62.39391,56.32051,62.20129,54.33231,54.33231,50.15974,52.23983,58.69412,53.46027,54.33231,51.97115,53.60037,42.94182,47.92703,39.92493,46.17359,43.68066,50.80354,46.32494,51.62364,55.22681,52.0,52.00961,51.0,58.07753,55.44367,56.75385,52.81098,58.5235,54.626,51.26402,49.1935,46.52956,51.0,47.43416,45.79301,45.80393,46.14109,41.40048,46.2277,40.45986,39.69887,36.12478,36.79674,36.06938,37.53665,39.20459,35.4683,36.12478,34.4093,33.94113,36.12478,37.64306,40.60788,33.83785,37.80212,31.89044,38.01316,36.71512,31.76476,34.43835,32.69557,35.35534,33.6006,33.24154,30.23243,31.62278,27.45906,28.6531
5.0,5.65685,5.65685,7.07107,6.40312,7.07107,7.81025,7.81025,7.81025,8.60233,9.21954,9.21954,9.21954,10.0,9.21954,11.40175,10.0,10.0,10.0,10.0,10.63015,11.40175,11.40175,12.20656,12.20656,12.20656,12.20656,13.0384,12.20656,13.0384,12.20656,12.80625,12.20656,12.80625,12.80625,12.80625,12.80625,12.04159,11.40175,11.31371,11.31371,11.31371,10.63015,10.63015,9.89949,10.0,9.89949,9.89949,9.89949,9.89949,9.21954,9.21954,24.73863,22.36068,25.29822,22.13594,28.63564,27.29469,28.30194,36.05551,32.01562,35.0,40.31129,40.60788,52.00961,42.52058,45.34314,50.24938,55.31727,52.3259,50.93133,56.56854,61.6198,56.58622,60.30755,58.13777,59.39697,60.30755,64.3506,67.80118,63.65532,67.35726,64.81512,69.2026,65.29931,74.4043,66.85058,67.94115,68.41053,69.06519,68.76772,67.26812,66.70832,73.5527,64.38167,69.35416,60.81118,66.52819,66.46804,65.11528,57.28001,59.4138,55.17246,57.28001,53.8145,55.97321,58.13777,51.62364,49.39636,39.0,41.14608,44.41846,46.32494,43.82921,50.0,45.60702,48.9183,51.62364,51.08816,54.03702,53.2635,57.80138,51.62364,50.9902,51.42956,53.7122,49.0408,45.88028,51.5461,49.72927,46.87217,46.52956,45.70558,49.16299,44.91102,41.04875,41.19466,37.0,44.04543,38.01316,37.05401,38.11824,40.04997,39.11521,37.12142,35.51056,39.45884,36.22154,36.34556,38.07887,38.47077,37.10795,35.69314,35.69314,29.83287,34.36568,33.24154,32.01562,35.90265,33.95585,33.24154,35.73514,31.01612,33.52611,35.51056,28.16026
6.32456,6.32456,6.08276,7.07107,8.06226,8.06226,8.0,8.0,9.0,9.0,10.0,10.0,10.0,10.0,10.0,11.0,11.04536,11.0,11.04536,11.04536,12.0,12.04159,11.0,12.04159,12.04159,13.0384,13.15295,13.0384,14.14214,13.15295,13.0384,13.0384,13.0384,13.0384,13.0384,13.0384,14.0,13.0,12.0,12.0,12.0,12.0,12.0,11.0,11.0,11.0,11.0,10.0,10.04988,10.04988,10.19804,10.19804,21.9545,29.83287,24.04163,26.4764,29.96665,31.06445,31.7805,39.81206,37.73592,37.58989,35.77709,36.61967,46.61545,49.51767,43.27817,48.16638,52.34501,56.72742,50.21952,53.41348,58.72819,55.44367,58.25805,56.85068,60.30755,61.84658,58.72819,62.2254,61.55485,62.93648,63.65532,69.52697,63.78087,66.52819,62.28965,60.87693,68.76772,70.03571,62.482,64.38167,65.43699,68.00735,61.03278,65.0,63.81222,67.35726,61.03278,56.22277,53.15073,51.86521,52.15362,52.43091,54.08327,48.8774,40.31129,44.94441,45.61798,41.30375,33.95585,40.5216,41.59327,47.16991,47.41308,48.10405,49.64877,55.22681,51.62364,51.85557,51.73973,56.72742,56.72742,49.92995,50.0,59.03389,42.94182,49.39636,47.16991,49.39636,58.5235,42.37924,51.92302,48.83646,45.22168,45.70558,42.57934,47.09565,42.19005,37.12142,41.01219,47.0,42.19005,41.19466,40.0,38.01316,41.04875,46.09772,42.29657,37.33631,42.10701,39.11521,42.04759,37.12142,40.04997,36.67424,42.72002,32.98485,38.63936,39.62323,40.26164,34.52535,29.83287,34.36568,32.57299,34.0147
5.0,5.83095,6.32456,6.7082,6.7082,7.61577,7.61577,7.61577,8.544,8.544,9.48683,9.48683,9.48683,9.48683,9.48683,11.40175,10.44031,10.44031,10.44031,11.40175,10.44031,11.40175,11.40175,12.36932,12.36932,12.36932,12.36932,13.34166,13.34166,13.34166,12.36932,13.34166,13.34166,12.36932,12.64911,12.64911,12.64911,11.7047,11.7047,11.7047,11.7047,11.7047,11.7047,10.44031,10.77033,9.48683,9.84886,9.84886,9.84886,9.84886,9.43398,9.43398,24.18677,24.20744,21.93171,26.1725,29.41088,26.83282,29.15476,36.71512,35.17101,38.47077,38.48376,40.24922,48.46648,47.75982,49.39636,52.17279,52.20153,51.86521,49.33559,52.20153,58.94065,50.92151,57.48913,59.77458,57.56735,61.40033,62.36185,62.514,65.51336,66.09841,61.39218,64.32729,62.0967,69.87131,66.27217,68.88396,67.26812,65.51336,65.14599,62.29767,65.0,65.14599,64.28841,63.06346,61.68468,66.48308,58.82176,59.43904,53.31041,53.48832,53.85165,54.23099,49.98,51.26402,50.69517,49.24429,48.02083,42.95346,40.31129,42.04759,46.27094,42.0,43.41659,48.16638,46.38965,52.17279,50.0,54.08327,56.04463,54.42426,50.08992,48.02083,50.24938,53.7122,48.41487,46.61545,44.68781,42.42641,48.79549,43.93177,48.16638,43.27817,43.18565,39.20459,40.0,39.66106,40.81666,35.77709,39.35734,38.91015,34.43835,39.82462,32.64966,36.67424,36.23534,31.7805,35.4683,31.95309,35.1141,34.17601,37.94733,34.20526,32.31099,31.7805,33.95585,31.57531,33.73426,32.75668,29.12044,30.08322,27.20294,30.8707,31.57531,27.45906
5.38516,4.47214,5.09902,5.38516,6.32456,6.32456,7.07107,7.07107,7.07107,8.06226,8.24621,9.05539,9.21954,9.21954,9.21954,10.04988,10.04988,10.04988,10.04988,10.04988,10.04988,10.04988,10.04988,11.0,12.04159,12.0,12.04159,13.0,13.0,12.04159,11.0,12.0,12.0,12.0,12.0,12.0,12.04159,11.04536,11.04536,10.04988,10.04988,11.04536,11.04536,10.04988,10.04988,9.0,9.05539,9.05539,9.05539,9.21954,9.21954,8.24621,25.4951,25.05993,29.06888,24.08319,26.92582,31.90611,33.12099,33.52611,36.68787,38.01316,40.80441,39.56008,46.84015,48.50773,47.53946,51.62364,56.29387,52.61179,51.78803,56.29387,58.0517,60.67125,57.07889,60.01666,59.68249,62.64982,62.39391,63.28507,62.64982,66.1211,65.06919,67.02984,68.35934,68.35934,69.00725,63.95311,64.12488,71.11259,66.75328,66.75328,71.25307,71.19691,65.9242,66.75328,61.98387,69.05071,61.18823,66.48308,53.46027,55.44367,55.9017,53.36666,55.10898,53.36666,53.85165,52.20153,51.5461,42.42641,39.20459,42.42641,44.01136,46.04346,45.17743,46.38965,49.64877,52.17279,53.85165,52.88667,50.92151,55.36244,56.85948,50.53712,50.24938,55.47071,52.43091,48.60041,50.24938,46.66905,51.62364,48.83646,45.45327,46.75468,44.55334,40.49691,43.26662,43.60046,42.72002,36.23534,36.67424,39.66106,33.61547,38.47077,35.34119,41.14608,40.31129,36.67424,42.54409,36.24914,38.48376,35.8469,37.94733,36.76955,35.90265,34.53983,36.40055,39.56008,37.36308,37.0,34.9285,32.01562,32.57299,34.20526,33.61547,30.67572
5.09902,5.0,6.08276,6.08276,6.08276,7.07107,7.28011,7.28011,8.24621,7.28011,8.24621,8.544,9.48683,9.48683,9.48683,9.84886,9.84886,9.84886,10.29563,9.84886,10.77033,11.18034,9.84886,11.6619,11.18034,11.18034,11.6619,12.52996,13.41641,11.6619,12.08305,12.52996,12.52996,12.08305,12.52996,11.18034,12.08305,11.7047,12.08305,11.18034,10.77033,10.77033,10.77033,9.84886,9.84886,8.94427,9.84886,9.48683,9.48683,9.48683,9.21954,8.24621,22.67157,23.32381,27.51363,27.20294,32.98485,25.17936,34.1321,37.05401,37.01351,34.0,40.04997,41.01219,45.17743,46.01087,46.27094,49.64877,55.44367,54.74486,53.23533,54.58938,60.20797,54.74486,57.27128,58.54912,60.67125,62.514,61.18823,67.72001,68.65858,68.41053,62.0967,67.18631,67.18631,69.63476,66.09841,66.70832,70.34202,68.65858,69.58448,66.91039,66.76077,67.26812,63.95311,64.93843,62.39391,68.06614,64.62971,61.81424,55.9017,54.33231,57.31492,57.21888,54.58938,52.15362,51.24451,52.15362,52.34501,41.6173,43.04649,43.909,45.69464,47.01064,47.29693,48.50773,49.47727,55.9017,51.62364,54.23099,52.34501,57.07889,57.0,52.03845,53.93515,51.35173,51.97115,46.32494,51.86521,46.8188,52.39275,50.15974,50.9902,45.61798,46.51881,44.29447,43.909,38.01316,42.2019,35.80503,43.26662,37.80212,40.0,39.62323,38.94868,37.80212,39.82462,35.80503,43.27817,37.48333,38.94868,35.4683,41.01219,34.65545,36.35932,38.60052,36.61967,36.79674,30.52868,32.64966,32.55764,35.0,34.66987,35.38361,32.55764,33.24154
5.0,4.47214,5.38516,6.7082,6.32456,6.7082,7.28011,7.28011,7.61577,8.24621,8.544,8.24621,9.48683,9.48683,9.48683,10.19804,10.19804,10.19804,10.19804,10.19804,10.19804,11.18034,10.19804,11.18034,12.16553,12.04159,12.04159,12.04159,13.0384,13.0,12.16553,12.04159,12.04159,12.16553,12.04159,12.16553,12.16553,11.18034,11.18034,11.18034,11.18034,11.18034,11.18034,10.04988,10.04988,10.04988,10.19804,9.21954,9.21954,9.21954,9.48683,8.544,26.92582,26.92582,32.24903,28.07134,27.0,29.01724,38.01316,33.52611,34.36568,32.14032,37.69615,40.16217,44.38468,51.41984,44.01136,48.30114,54.42426,56.85948,56.46238,55.4617,56.35601,57.38467,58.60034,63.07139,62.62587,65.30697,60.00833,64.41273,66.70832,67.41662,65.51336,62.16912,70.72482,68.09552,65.45991,63.13478,67.95587,67.6757,74.24958,65.73431,66.64833,59.48109,60.53924,68.0,59.5063,62.16912,57.00877,56.64804,45.69464,54.20332,59.05929,52.39275,47.92703,49.33559,46.61545,49.76947,48.76474,43.26662,45.96738,43.18565,46.2277,42.80187,43.60046,46.32494,46.32494,53.23533,55.9464,50.92151,54.23099,60.08328,58.0517,55.9017,52.34501,53.33854,48.25971,53.0,46.09772,45.17743,56.0803,44.55334,51.78803,46.57252,44.18144,43.41659,41.23106,43.86342,44.59821,35.1141,45.69464,46.95743,42.54409,39.39543,35.8469,36.71512,39.92493,35.80503,34.88553,36.89173,36.61967,34.71311,38.47077,30.52868,47.88528,38.41875,36.23534,35.8469,35.22783,38.94868,31.40064,35.4683,29.68164,36.23534,31.30495,40.22437
5.0,5.09902,5.38516,5.38516,5.38516,6.32456,6.7082,6.7082,7.61577,8.06226,8.544,8.94427,8.94427,8.94427,8.94427,9.43398,9.43398,9.43398,10.0,9.43398,10.0,10.81665,9.43398,11.40175,11.6619,11.40175,11.40175,12.20656,12.20656,11.40175,11.6619,12.20656,12.20656,11.40175,12.20656,11.6619,11.6619,11.18034,10.29563,10.81665,10.29563,10.29563,10.29563,10.29563,9.43398,9.43398,8.94427,8.94427,8.94427,8.94427,8.544,8.544,23.25941,24.35159,24.33105,24.18677,30.06659,29.0,30.01666,35.0,34.20526,36.49658,36.87818,40.26164,42.2019,43.41659,45.89118,44.92215,54.12024,53.16014,50.21952,53.45091,55.36244,53.75872,56.0803,61.40033,54.81788,62.93648,56.64804,61.09828,62.29767,65.39113,66.48308,62.62587,63.90618,65.79514,65.29931,61.68468,64.62198,72.8011,65.45991,67.06713,62.62587,62.64184,64.03124,65.25335,63.06346,60.16644,60.01666,59.48109,55.31727,54.81788,53.36666,52.7731,54.57105,50.9902,51.97115,50.35871,50.15974,40.31129,45.34314,40.36087,46.40043,45.0,44.41846,46.52956,46.95743,54.23099,48.38388,49.98,52.49762,56.32051,56.7186,49.36598,52.0,54.08327,51.0392,49.0,48.04165,46.52956,49.81967,47.29693,46.32494,47.29693,47.29693,43.65776,42.72002,37.69615,44.01136,34.88553,42.54409,41.23106,37.69615,40.70626,36.67424,34.43835,37.58989,34.43835,40.24922,37.44329,35.8469,36.61967,37.12142,36.89173,38.28838,34.20526,33.83785,34.1321,36.06938,34.65545,37.20215,35.60899,32.55764,36.87818,29.15476,29.52965
5.38516,5.83095,5.83095,7.2111,6.40312,7.2111,7.81025,7.81025,8.60233,8.60233,9.21954,9.21954,10.0,9.21954,10.0,11.31371,10.63015,10.63015,11.31371,11.31371,10.63015,11.31371,10.63015,12.04159,12.72792,12.72792,12.80625,13.45362,13.45362,12.80625,12.72792,12.72792,13.45362,12.72792,12.80625,12.72792,13.45362,12.04159,12.04159,11.31371,11.31371,12.04159,11.31371,10.63015,10.63015,9.89949,10.63015,9.89949,10.0,9.21954,9.43398,9.43398,27.65863,25.55386,29.15476,34.48188,28.4605,28.4605,32.89377,31.7805,33.24154,46.17359,36.13862,40.1995,47.16991,34.71311,42.75512,55.14526,52.00961,56.0,55.22681,56.0,65.0,58.03447,55.08176,61.07373,54.0,62.07254,60.13319,64.28063,66.0303,74.54529,69.05071,73.68175,53.00943,69.06519,60.82763,69.35416,65.12296,66.48308,61.07373,66.1211,65.19202,69.35416,63.07139,58.0,62.28965,61.0082,60.07495,57.00877,59.00847,51.0098,61.07373,52.03845,49.16299,50.01,46.01087,52.46904,52.46904,39.81206,46.09772,40.49691,47.07441,44.38468,49.0306,46.09772,49.49747,55.03635,46.04346,50.63596,54.23099,53.23533,52.88667,54.42426,48.50773,55.7853,52.35456,51.88449,47.53946,49.64877,55.47071,51.31277,47.16991,47.38143,47.43416,52.80152,44.59821,41.01219,48.9183,33.30165,45.45327,43.26662,31.241,45.96738,39.59798,43.27817,42.2019,41.72529,39.05125,40.22437,41.23106,40.80441,38.28838,42.54409,31.62278,39.11521,42.80187,39.82462,39.40812,35.22783,43.82921,30.23243,31.40064,37.20215,44.41846,31.76476
5.83095,6.40312,6.40312,7.2111,7.81025,7.81025,7.81025,7.81025,8.60233,9.21954,10.0,10.63015,10.63015,10.63015,10.63015,11.31371,11.31371,10.63015,11.31371,11.31371,11.31371,11.31371,11.31371,12.04159,12.72792,12.80625,13.45362,13.45362,14.86607,12.80625,14.14214,14.14214,13.45362,13.45362,12.72792,12.72792,13.45362,12.72792,12.04159,12.80625,10.63015,12.72792,12.04159,12.04159,10.63015,10.63015,10.81665,10.0,10.0,10.0,10.81665,9.43398,28.0,25.96151,25.0,25.0,26.40076,27.85678,30.52868,37.21559,35.38361,37.01351,41.7732,45.96738,46.01087,44.59821,43.41659,49.57822,53.90733,54.48853,49.57822,53.75872,58.0,53.90733,57.62812,61.52235,57.98276,58.13777,59.03389,63.12686,65.79514,67.20119,58.79626,66.06815,65.43699,68.24954,64.89992,68.76772,71.21798,70.45566,67.35726,66.6033,66.70832,67.94115,65.06919,64.3506,64.38167,62.96825,60.10824,62.93648,55.9017,57.98276,53.75872,54.45181,53.15073,49.0408,51.22499,55.47071,50.77401,37.33631,43.01163,41.62932,47.42362,42.94182,49.09175,46.61545,48.82622,53.41348,47.80167,52.34501,53.90733,58.69412,49.67897,49.09175,53.25411,54.6443,47.85394,54.12024,47.16991,45.69464,45.88028,45.12206,45.88028,44.40721,46.17359,36.67424,40.4475,39.11521,41.04875,35.12834,41.01219,36.05551,36.0,34.0147,35.0,33.0,37.01351,34.0,36.0,35.12834,35.0,34.1321,34.05877,32.0,35.51056,31.257,34.20526,31.57531,32.01562,32.55764,31.40064,29.12044,28.4605,30.36445,28.44293,29.15476
4.12311,5.09902,6.0,6.08276,6.08276,6.08276,7.0,7.0,8.0,8.0,9.05539,9.0,9.0,9.0,9.0,11.0,10.04988,10.04988,10.04988,10.04988,10.04988,11.04536,11.0,11.04536,11.04536,12.04159,12.16553,13.15295,12.16553,13.15295,12.04159,13.15295,12.16553,12.04159,12.16553,12.04159,13.0,11.0,11.0,10.0,11.0,11.0,11.0,10.0,10.0,9.05539,10.0,9.0,9.0,9.05539,9.21954,9.21954,24.41311,27.20294,24.18677,28.63564,27.89265,28.86174,31.14482,38.32754,36.49658,40.31129,38.0526,45.09989,46.17359,44.04543,46.01087,51.47815,59.21149,54.08327,52.03845,51.0098,63.00794,55.03635,61.13101,57.14018,59.0,61.0082,57.07889,65.62012,62.20129,69.46222,58.69412,72.06247,66.1211,70.45566,62.64982,71.11259,70.25667,70.34913,71.06335,68.18358,65.12296,68.06614,67.06713,68.06614,68.00735,62.00806,62.03225,57.00877,60.00833,54.00926,56.0357,56.14268,53.0,51.24451,51.24451,51.78803,51.62364,40.31129,39.56008,42.72002,47.53946,40.80441,48.05206,47.51842,50.48762,51.97115,48.01042,54.00926,55.00909,58.03447,54.33231,53.15073,49.72927,59.48109,50.69517,53.14132,50.69517,49.1935,51.97115,47.01064,46.64762,50.21952,46.51881,42.80187,41.40048,38.20995,43.60046,34.05877,37.53665,40.36087,36.06938,39.82462,36.23534,34.71311,34.65545,34.82815,38.8973,39.62323,37.53665,40.60788,33.42155,39.05125,33.97058,33.61547,35.51056,35.51056,34.66987,35.51056,30.80584,34.53983,31.90611,34.0,32.75668,29.20616
4.47214,5.38516,5.83095,5.83095,6.40312,7.2111,7.2111,7.81025,8.60233,7.81025,9.21954,9.21954,10.0,9.21954,10.0,10.63015,10.63015,9.89949,10.63015,10.63015,10.63015,11.31371,10.63015,12.04159,12.04159,12.04159,12.04159,12.72792,12.72792,12.80625,12.72792,12.72792,12.72792,12.72792,12.72792,12.72792,12.72792,11.31371,11.31371,11.31371,10.63015,12.04159,10.63015,10.63015,10.63015,9.89949,10.63015,10.0,9.21954,9.21954,10.0,8.60233,25.63201,22.13594,26.1725,29.06888,26.1725,28.01785,28.44293,35.90265,36.40055,34.9285,37.64306,41.97618,44.92215,43.68066,47.07441,50.92151,56.32051,52.55473,51.24451,53.45091,61.09828,55.65968,57.27128,56.921,59.13544,64.51356,61.09828,65.30697,63.32456,68.42514,67.53518,69.35416,67.23095,72.49828,65.29931,68.54196,70.26379,70.38466,68.70953,69.46222,65.9242,67.77905,67.41662,69.28925,61.46544,66.40783,62.39391,61.46544,55.7853,57.56735,57.72348,54.34151,54.40588,55.54278,52.63079,54.12947,50.63596,43.93177,44.55334,41.86884,49.40648,43.56604,47.88528,47.85394,47.53946,56.46238,51.5461,54.23099,50.0,56.32051,55.10898,51.15662,53.23533,55.00909,51.0098,48.16638,51.35173,45.39824,48.08326,42.75512,45.35416,44.92215,42.2019,38.27532,43.65776,44.38468,45.18849,37.0,40.71855,35.8469,35.8469,36.89173,39.44617,35.8469,39.39543,36.35932,38.94868,37.80212,40.49691,37.21559,33.61547,30.80584,35.80503,32.80244,34.20526,32.64966,35.80503,33.83785,34.98571,33.30165,29.20616,36.12478,30.61046,30.0
5.65685,5.65685,6.40312,6.40312,6.40312,7.2111,7.2111,7.2111,8.06226,8.06226,8.94427,8.94427,8.94427,9.43398,9.43398,11.18034,9.84886,10.29563,9.84886,10.29563,10.29563,11.18034,10.29563,11.7047,12.08305,12.08305,11.7047,13.0,13.0,12.64911,11.18034,12.08305,12.08305,12.08305,12.08305,12.52996,12.52996,11.6619,11.18034,11.18034,11.6619,10.81665,11.18034,10.29563,10.0,9.43398,10.0,10.0,10.0,9.43398,9.21954,9.21954,28.4605,27.29469,25.23886,27.20294,27.01851,30.80584,31.241,37.20215,32.80244,40.22437,37.73592,43.38202,40.0,43.01163,43.82921,50.9902,56.4358,50.11986,53.53504,54.58938,61.26989,55.22681,53.22593,57.27128,55.9017,59.94164,58.18075,68.44706,58.60034,65.0,60.82763,68.42514,65.30697,73.34848,63.56099,65.76473,69.83552,69.35416,65.8635,63.63175,62.96825,69.89278,65.0,66.03787,61.91123,63.28507,61.40033,60.03332,56.30275,54.6443,53.53504,53.53504,52.80152,46.75468,53.2635,53.90733,49.51767,39.29377,43.18565,40.1995,47.09565,40.04997,50.63596,47.38143,50.44799,52.17279,48.33218,53.22593,50.32892,57.70615,55.9017,52.20153,49.64877,56.30275,50.44799,48.16638,48.16638,46.09772,50.32892,45.0,47.80167,46.40043,44.82187,39.96248,42.72002,39.81206,42.94182,33.10589,38.91015,40.31129,37.12142,37.69615,35.8469,35.8469,39.39543,36.40055,40.16217,39.05125,37.36308,33.95585,36.13862,41.0,35.0571,35.90265,37.33631,33.37664,32.98485,36.87818,30.80584,32.14032,28.28427,31.40064,34.20526,28.28427
4.12311,4.47214,5.83095,5.83095,5.83095,5.83095,7.2111,7.2111,7.2111,7.81025,8.60233,8.60233,8.60233,9.21954,8.60233,10.63015,9.21954,10.0,9.89949,10.63015,10.0,10.63015,10.0,11.31371,11.31371,11.31371,11.31371,12.72792,12.72792,12.04159,11.31371,12.04159,12.04159,12.04159,12.04159,12.04159,12.04159,10.63015,10.63015,11.40175,10.63015,10.63015,10.63015,9.21954,9.21954,9.21954,8.60233,8.60233,8.60233,8.60233,8.60233,8.06226,29.41088,30.08322,29.06888,25.4951,27.58623,27.73085,30.08322,38.07887,35.44009,35.8469,40.31129,39.84972,44.72136,47.07441,51.24451,51.62364,55.9017,56.88585,55.36244,55.7853,62.8172,61.40033,54.23099,62.93648,58.5235,62.36185,63.06346,66.0303,59.4138,69.11584,62.36986,66.91039,69.46222,70.34913,65.37584,62.36986,68.24954,66.4906,74.04053,62.93648,67.08204,71.02112,61.13101,67.26812,65.11528,61.84658,58.24946,61.84658,53.36666,51.86521,47.12749,50.44799,48.08326,50.32892,51.92302,46.57252,45.17743,41.14608,42.72002,45.54119,44.92215,47.29693,46.01087,45.17743,51.0,46.27094,49.25444,55.22681,50.24938,52.34501,55.10898,48.33218,50.56679,55.07268,52.35456,51.0,48.27007,52.34501,48.41487,51.86521,48.60041,48.79549,48.60041,36.06938,40.45986,42.2019,45.25483,37.73592,41.04875,41.67733,34.98571,36.12478,42.48529,38.58756,43.46263,37.73592,34.48188,36.24914,43.04649,32.75668,40.49691,41.10961,38.83298,40.49691,37.57659,38.48376,39.0,38.01316,37.21559,39.21734,36.40055,34.88553,36.67424,35.34119
5.0,5.83095,5.83095,6.7082,6.7082,6.7082,7.61577,7.61577,8.544,7.61577,8.94427,9.48683,9.48683,9.84886,8.94427,10.44031,10.44031,9.48683,10.44031,10.44031,10.44031,10.44031,10.44031,11.40175,11.40175,12.36932,12.36932,12.36932,12.36932,13.15295,11.40175,12.36932,12.36932,12.36932,12.16553,12.36932,12.36932,11.40175,11.40175,11.40175,10.44031,11.40175,11.40175,10.44031,9.48683,9.48683,9.48683,9.48683,9.48683,9.48683,8.94427,8.94427,30.08322,24.35159,29.41088,26.24881,29.0,29.73214,32.55764,37.48333,34.43835,38.60052,40.0,43.01163,47.16991,49.39636,46.87217,51.62364,60.20797,52.47857,54.08327,57.45433,64.41273,54.70832,59.09315,57.3062,58.59181,61.7414,61.40033,64.07808,66.24198,69.857,63.50591,65.29931,67.08204,72.49828,68.62215,69.46222,70.2282,70.38466,70.66116,72.49828,67.1193,71.86793,65.30697,71.19691,63.52952,64.88451,63.28507,61.29437,56.4358,53.23533,57.24509,53.7122,55.07268,54.08327,52.15362,51.85557,50.9902,41.04875,44.40721,42.57934,49.72927,44.01136,44.77723,45.54119,46.51881,50.9902,53.23533,52.15362,52.43091,54.56189,55.31727,51.66237,51.66237,58.69412,50.0,49.0408,48.25971,50.77401,50.24938,45.17743,44.77723,46.48656,42.95346,44.64303,39.84972,43.9659,42.37924,36.13862,38.07887,38.60052,35.1141,39.29377,35.69314,35.44009,37.65634,34.9285,40.79216,35.69314,36.22154,37.05401,39.20459,34.0147,31.257,34.23449,31.06445,35.01428,40.04997,30.0,33.01515,33.06055,29.0,34.05877,36.22154,31.06445
5.38516,6.32456,6.32456,7.28011,7.28011,7.28011,8.24621,8.24621,8.24621,9.05539,9.21954,10.19804,10.19804,10.19804,10.19804,11.18034,11.18034,10.19804,11.04536,11.04536,11.18034,12.04159,11.18034,12.04159,13.0384,12.04159,13.0384,13.0384,13.0384,13.0384,12.16553,13.0384,13.0384,13.15295,13.15295,12.16553,13.15295,12.16553,12.16553,12.16553,11.40175,12.16553,11.18034,11.18034,10.44031,10.19804,10.44031,10.19804,10.44031,10.44031,9.48683,9.48683,25.07987,20.61553,25.0,26.90725,28.28427,29.06888,35.0,36.05551,35.35534,40.0,37.57659,42.95346,49.64877,44.41846,45.22168,49.65884,52.83938,53.85165,51.62364,51.42956,63.07139,55.4617,56.0803,59.80803,56.46238,58.60034,59.5063,62.96825,67.1193,69.28925,64.51356,64.07808,63.90618,69.46222,65.52099,68.44706,66.7308,68.35203,68.15424,65.80274,65.19202,65.36819,65.36819,65.30697,68.42514,59.05929,58.66856,58.13777,54.70832,51.89412,51.88449,55.9017,53.66563,49.73932,50.0,49.81967,51.66237,40.1995,43.04649,37.05401,45.01111,41.01219,47.85394,43.18565,46.69047,51.41984,47.43416,49.39636,49.24429,58.60034,52.35456,51.31277,53.2635,55.21775,51.66237,48.27007,45.96738,44.55334,49.51767,44.40721,41.6173,48.54894,43.56604,43.82921,42.94182,39.39543,40.31129,33.12099,41.23106,34.98571,33.61547,37.16181,35.77709,36.23534,36.76955,31.30495,34.9285,35.4683,33.61547,33.73426,37.94733,33.95585,28.23119,32.28002,33.52611,33.54102,34.48188,30.08322,35.0571,34.36568,30.41381,27.07397,35.35534,26.4764
5.38516,6.32456,6.08276,6.32456,7.07107,7.28011,8.24621,8.24621,9.05539,9.05539,9.21954,10.04988,10.19804,10.04988,10.04988,11.04536,11.04536,11.04536,11.0,11.0,11.04536,12.04159,11.04536,13.0,13.0,13.0,13.0,13.0,14.0,13.0384,13.0,13.0,13.0,13.0,13.0,12.04159,13.0384,12.04159,12.04159,12.04159,11.04536,12.04159,12.04159,11.04536,11.04536,10.0,10.04988,10.04988,10.04988,10.19804,10.19804,9.21954,21.40093,26.90725,26.40076,26.83282,30.67572,27.89265,33.54102,36.22154,32.06244,38.63936,40.1995,41.04875,44.10215,45.54119,50.15974,50.01,52.15362,52.0,53.0,55.0,59.03389,56.0357,57.21888,59.07622,59.00847,58.00862,60.03332,64.49806,64.19502,70.71068,62.28965,67.60178,67.36468,65.62012,64.32729,68.18358,64.62971,68.73136,68.0,67.26812,65.27634,64.12488,67.18631,66.06815,62.07254,63.50591,59.00847,60.07495,53.00943,54.00926,56.00893,54.03702,54.00926,52.0,52.08647,53.33854,49.81967,40.71855,40.49691,43.9659,44.92215,42.2019,42.42641,45.27693,49.81967,51.15662,50.15974,53.15073,48.37355,54.23099,48.27007,46.48656,49.0408,55.36244,48.70318,47.53946,47.42362,45.79301,46.51881,48.25971,46.61545,39.82462,47.01064,42.0119,40.36087,38.20995,40.36087,35.4683,39.05125,37.48333,32.64966,36.79674,36.79674,33.94113,36.76955,34.05877,36.79674,37.44329,37.53665,35.60899,37.53665,35.22783,31.14482,34.1321,33.6006,34.66987,32.24903,30.52868,33.28663,30.88689,28.6531,34.1321,33.83785,30.0
5.38516,5.83095,5.83095,7.2111,6.40312,7.2111,7.81025,7.81025,7.81025,8.48528,9.21954,9.21954,9.89949,9.21954,9.89949,10.63015,10.63015,10.0,10.63015,10.63015,10.63015,11.40175,10.63015,12.20656,12.20656,12.20656,12.20656,12.20656,13.0384,12.20656,12.20656,12.80625,12.20656,12.20656,12.20656,12.20656,12.80625,11.40175,11.40175,11.40175,10.63015,11.40175,10.63015,10.63015,10.63015,10.0,9.89949,9.89949,9.21954,9.89949,9.21954,9.21954,26.01922,26.30589,24.08319,26.57066,30.67572,30.8707,30.8707,39.0,33.28663,34.48188,40.31129,44.04543,50.47772,45.60702,49.0408,51.73973,53.41348,54.45181,58.25805,56.22277,63.12686,52.63079,58.79626,61.7171,58.89822,62.80127,58.0517,65.29931,60.82763,70.03571,66.48308,71.42129,60.82763,72.91776,65.0,69.31089,70.29225,72.18033,68.24954,67.88225,62.96825,70.83784,67.26812,67.88225,70.76722,61.7171,63.70243,60.10824,57.31492,54.56189,55.9017,55.22681,55.9017,52.63079,54.81788,53.60037,55.75841,41.18252,47.88528,41.6173,45.80393,43.60046,51.85557,48.10405,48.9183,54.67175,51.85557,51.61395,52.15362,59.90826,57.3062,56.64804,49.98,57.58472,48.50773,51.5461,53.60037,53.15073,55.57877,46.17359,48.0,48.16638,46.38965,42.0119,40.0125,37.12142,42.0119,36.01389,40.04997,34.05877,40.4475,39.05125,36.22154,36.22154,39.01282,40.11234,39.20459,39.81206,37.21559,41.23106,30.59412,37.10795,34.52535,33.52611,32.89377,34.20526,33.95585,33.24154,38.83298,34.20526,29.61419,31.57531,31.32092,29.41088
6.32456,6.32456,6.7082,7.61577,8.06226,7.61577,8.06226,8.94427,9.43398,9.43398,10.29563,10.81665,10.81665,10.81665,10.81665,11.40175,11.40175,10.81665,11.40175,11.40175,12.20656,12.20656,12.20656,12.80625,12.80625,13.45362,13.45362,14.21267,14.21267,13.45362,12.80625,14.21267,13.60147,13.60147,13.60147,12.80625,13.60147,13.0384,12.80625,12.20656,12.20656,12.20656,12.20656,11.40175,10.81665,10.81665,10.81665,10.81665,10.29563,10.29563,9.84886,9.84886,26.68333,29.0,22.02272,34.82815,32.64966,32.64966,34.88553,41.14608,38.48376,37.20215,41.23106,47.01064,46.09772,47.85394,45.17743,48.46648,48.33218,55.4617,46.8188,49.33559,57.24509,50.11986,56.08921,57.97413,53.45091,61.84658,60.08328,62.64982,63.34824,67.44627,59.66574,62.64184,62.16912,71.34424,64.53681,64.51356,64.62971,62.0967,62.96825,57.00877,64.28841,62.62587,63.90618,61.98387,57.97413,61.68468,56.64804,58.18935,50.44799,53.15073,51.62364,49.0408,49.98,47.53946,52.80152,46.17359,48.76474,43.28972,40.04997,41.01219,46.04346,44.55334,45.89118,43.93177,47.29693,49.64877,51.92302,47.88528,46.52956,56.82429,50.47772,50.47772,51.08816,55.17246,50.9902,45.96738,49.81967,50.9902,48.83646,42.0119,46.04346,45.27693,50.21952,38.91015,40.24922,43.38202,40.70626,32.69557,43.65776,40.81666,37.57659,43.65776,39.0,42.05948,41.10961,41.4367,35.1141,36.05551,43.01163,42.72002,38.8973,41.7732,26.1725,34.52535,39.21734,32.75668,39.92493,32.89377,43.10452,36.22154,32.69557,34.0147,31.95309,34.78505
6.32456,6.32456,7.07107,7.07107,7.28011,7.07107,8.06226,8.06226,9.05539,9.05539,10.04988,10.0,11.04536,10.04988,10.04988,12.0,11.0,11.0,11.0,11.0,11.0,12.0,12.0,13.0384,13.0,12.04159,12.04159,13.0384,13.0384,13.0384,13.0,13.0384,13.0384,13.0,13.0384,13.0384,13.0,12.0,12.0,11.04536,12.04159,12.0,12.0,11.0,11.04536,10.0,11.04536,10.04988,10.04988,10.04988,10.19804,9.21954,25.4951,26.90725,30.41381,28.6007,28.79236,32.89377,34.9285,37.94733,32.75668,39.62323,41.59327,43.41659,48.27007,49.24429,52.46904,52.23983,55.44367,53.08484,54.33231,56.32051,67.06713,56.0803,56.00893,61.13101,61.29437,62.03225,64.00781,68.0,67.00746,72.00694,63.03174,71.06335,68.00735,72.24957,67.06713,70.06426,70.02857,69.18092,73.02739,69.00725,66.00758,73.06162,71.06335,67.0,68.0,66.00758,69.18092,60.00833,62.1289,58.03447,60.29925,61.0082,55.14526,55.14526,54.45181,51.97115,55.54278,45.22168,44.27189,43.41659,51.66237,45.54119,49.36598,49.36598,50.15974,52.08647,51.0,55.44367,56.56854,60.29925,52.17279,53.75872,51.24451,55.36244,49.1935,49.24429,51.42956,49.92995,47.70744,49.73932,50.80354,45.34314,43.01163,38.28838,45.60702,40.36087,45.27693,35.38361,41.03657,38.94868,35.38361,37.64306,37.48333,35.4683,38.20995,37.53665,35.0,34.82815,36.23534,36.35932,34.66987,37.20215,40.0,36.05551,36.61967,33.28663,33.54102,32.69557,31.76476,35.77709,31.06445,34.98571,31.62278,30.0
6.0,6.08276,6.08276,7.28011,7.28011,7.28011,8.24621,7.28011,8.24621,8.544,9.48683,9.84886,9.84886,9.48683,9.48683,11.18034,10.29563,9.84886,10.29563,10.77033,10.77033,11.18034,10.77033,11.6619,12.52996,12.52996,12.52996,12.52996,12.52996,11.6619,12.08305,12.52996,12.08305,12.08305,12.08305,12.08305,13.0,11.7047,10.77033,10.77033,11.7047,11.7047,10.77033,10.77033,10.77033,9.84886,10.44031,9.48683,9.48683,9.48683,9.21954,9.21954,25.05993,25.4951,25.96151,27.16616,29.61419,29.06888,29.06888,34.1321,35.12834,39.05125,40.1995,39.31921,47.29693,47.09565,49.09175,48.6621,55.57877,53.36666,50.48762,53.85165,55.97321,54.74486,57.97413,57.87055,57.72348,59.90826,59.43904,64.56005,63.78871,66.09841,61.68468,65.73431,63.06346,71.16881,67.77905,65.96969,66.12866,65.14599,67.68309,65.80274,65.51336,69.87131,64.53681,64.53681,60.63827,65.30697,61.18823,64.13267,59.84146,54.91812,54.57105,51.97115,50.9902,56.32051,54.23099,50.01,52.15362,38.18377,41.72529,42.44997,46.40043,44.94441,45.65085,48.54894,43.82921,51.88449,53.85165,52.49762,53.16014,55.7853,54.45181,51.15662,51.47815,56.4358,50.01,50.03998,47.01064,48.37355,47.26521,45.54119,47.29693,47.12749,41.48494,40.16217,39.84972,39.56008,38.27532,35.1141,35.34119,35.8469,34.43835,38.47077,36.24914,35.8469,35.8469,35.51056,36.35932,36.05551,38.01316,36.89173,35.0,30.80584,33.28663,35.22783,35.22783,32.01562,31.82766,36.23534,33.6006,36.06938,33.42155,31.89044,32.01562,30.0
5.65685,6.40312,5.83095,6.7082,6.7082,6.7082,7.61577,7.61577,8.94427,8.544,8.544,9.48683,9.48683,9.48683,9.84886,10.44031,10.44031,10.44031,10.44031,11.40175,10.44031,11.40175,10.44031,12.16553,12.16553,12.36932,12.16553,12.16553,13.34166,12.16553,12.36932,13.34166,12.16553,12.16553,12.36932,12.36932,12.36932,12.36932,11.40175,11.40175,10.77033,11.40175,11.40175,10.44031,10.77033,9.48683,9.48683,9.48683,9.48683,9.48683,8.94427,8.94427,27.51363,26.62705,27.78489,27.01851,29.73214,29.20616,30.41381,30.61046,34.05877,35.22783,40.0,39.82462,47.16991,42.94182,41.88078,49.65884,55.22681,52.80152,51.88449,55.07268,57.93962,57.24509,53.48832,55.03635,56.79789,59.9333,58.18075,64.84597,63.69458,67.06713,63.56886,64.84597,62.64982,66.12866,65.78754,66.30988,65.45991,67.72001,69.77822,65.0,64.4748,65.76473,66.70832,64.07808,61.7171,62.24147,59.48109,59.61543,54.12024,51.88449,56.79789,50.53712,51.88449,52.35456,50.80354,53.82379,52.80152,41.10961,42.57934,42.75512,42.44997,43.41659,45.54119,49.76947,49.39636,51.62364,47.50789,53.25411,47.50789,58.18075,55.31727,54.48853,49.51767,54.45181,54.67175,48.10405,49.64877,46.87217,48.02083,49.39636,45.65085,43.82921,44.41846,44.38468,41.4367,41.76123,42.15448,35.4683,37.69615,39.84972,36.05551,39.56008,35.73514,32.28002,35.90265,34.48188,39.21734,33.95585,38.07887,36.34556,32.57299,33.54102,38.11824,32.55764,33.24154,30.59412,33.24154,36.22154,32.0,32.38827,28.44293,32.06244,28.63564,29.83287
4.47214,4.47214,5.38516,6.32456,6.32456,6.32456,6.32456,7.28011,7.28011,8.24621,8.24621,8.24621,9.21954,9.21954,9.21954,10.19804,9.05539,9.21954,9.21954,10.04988,10.19804,10.04988,10.19804,11.04536,11.18034,11.04536,11.04536,12.16553,12.04159,12.04159,11.18034,12.04159,12.04159,11.04536,11.04536,12.16553,12.36932,11.40175,11.18034,10.19804,10.19804,10.19804,10.19804,9.21954,9.21954,9.21954,9.21954,9.21954,9.21954,8.544,8.544,7.61577,23.02173,24.08319,24.04163,26.40076,27.45906,29.52965,33.54102,31.38471,31.7805,35.73514,37.94733,44.38468,47.53946,46.8188,44.01136,45.88028,55.15433,52.49762,50.28916,52.63079,60.16644,55.65968,54.74486,56.51548,57.56735,57.97413,62.36185,61.39218,64.28841,68.24954,66.70832,66.48308,61.98387,70.40597,61.66036,62.36986,66.09841,64.62971,63.78871,62.58594,60.63827,65.78754,66.40783,64.84597,62.64184,61.68468,58.87274,58.5235,52.20153,55.7853,53.16014,54.08327,53.14132,49.98,50.59644,51.89412,48.8774,37.33631,40.31129,38.47077,42.0,45.17743,47.51842,42.19005,48.05206,51.62364,52.88667,49.76947,50.69517,52.81098,51.47815,49.24429,48.37355,55.56978,47.20169,44.68781,48.41487,44.59821,53.07542,46.01087,45.60702,46.40043,45.34314,39.11521,43.41659,41.18252,41.40048,30.88689,42.54409,35.8469,36.24914,39.82462,34.1321,36.71512,40.71855,32.64966,39.35734,33.61547,35.77709,36.40055,37.16181,34.53983,31.7805,34.48188,37.69615,32.69557,34.78505,32.75668,35.44009,33.24154,28.4605,34.36568,32.89377,26.57066
5.09902,5.0,6.08276,6.0,7.0,7.0,7.07107,7.07107,8.06226,8.06226,9.05539,9.21954,9.21954,9.21954,10.19804,10.19804,10.44031,9.21954,10.44031,10.44031,10.19804,10.44031,10.44031,11.7047,11.7047,11.7047,11.7047,12.64911,13.0,11.7047,12.64911,12.64911,12.64911,11.40175,11.7047,11.40175,12.36932,11.40175,11.40175,11.18034,10.19804,11.18034,10.44031,10.44031,9.21954,9.21954,10.19804,9.21954,9.05539,9.05539,9.0,9.0,25.80698,26.83282,31.32092,29.12044,26.1725,30.41381,34.05877,36.01389,38.11824,37.21559,42.10701,41.10961,50.08992,45.17743,46.09772,50.21952,59.84146,54.58938,54.74486,57.27128,61.39218,58.54912,56.04463,59.43904,61.39218,61.84658,61.13101,63.32456,66.4906,68.62215,64.28841,69.89278,65.52099,71.7844,64.84597,67.91171,68.30813,69.92138,66.76077,67.35726,68.68042,68.88396,70.61161,69.857,63.78871,64.53681,62.16912,64.32729,56.08921,55.7853,54.34151,56.32051,57.48913,50.01,53.75872,53.23533,49.09175,42.54409,47.01064,39.92493,47.43416,44.14748,49.0306,49.72927,49.64877,53.60037,53.23533,55.14526,55.03635,57.03508,55.22681,55.9017,50.01,55.31727,51.26402,51.92302,49.64877,46.48656,51.62364,46.51881,47.42362,45.48626,50.08992,43.909,43.01163,41.6173,43.01163,38.01316,40.60788,40.0,38.60052,41.10961,34.20526,36.23534,39.20459,39.05125,39.69887,38.94868,40.31129,38.8973,35.4683,34.71311,40.45986,36.40055,31.82766,34.65545,36.79674,33.42155,33.97058,36.12478,30.41381,37.48333,27.58623,30.41381
5.38516,5.0,5.83095,7.2111,7.2111,7.2111,7.81025,7.81025,7.81025,8.60233,9.43398,9.21954,10.0,9.21954,9.21954,11.31371,9.89949,10.63015,9.89949,11.31371,10.63015,11.31371,11.31371,12.04159,12.72792,12.04159,12.04159,13.45362,12.80625,12.80625,12.04159,12.80625,12.04159,12.72792,12.72792,12.72792,13.45362,12.04159,11.31371,11.31371,11.31371,11.31371,11.31371,9.89949,9.89949,9.89949,9.89949,9.89949,9.89949,10.0,9.43398,8.60233,23.19483,27.07397,26.24881,23.4094,33.52611,29.52965,30.52868,34.48188,39.20459,38.60052,39.40812,43.93177,44.04543,45.60702,48.41487,47.38143,53.90733,52.34501,49.81967,54.45181,60.10824,57.98276,55.9017,57.31492,60.1415,60.81118,65.79514,65.19202,66.48308,65.79514,64.44377,65.79514,66.70832,68.76772,63.41136,63.65532,68.11755,67.62396,67.20863,69.42622,66.48308,64.44377,64.44377,62.24147,58.72819,63.65532,62.28965,60.81118,53.75872,55.86591,52.3259,53.03772,53.15073,52.49762,48.41487,51.40039,50.24938,41.34005,37.73592,40.22437,43.60046,47.42362,42.44997,41.03657,50.9902,47.50789,49.64877,48.8774,54.20332,55.9464,54.12947,48.10405,52.20153,54.70832,50.01,44.14748,46.09772,45.27693,44.91102,47.09565,43.04649,44.01136,47.0,37.01351,40.0125,41.59327,43.10452,36.49658,38.11824,36.12478,33.24154,34.52535,38.11824,33.54102,38.63936,35.51056,37.85499,34.9285,38.07887,38.07887,35.44009,34.71311,32.75668,33.24154,32.57299,31.32092,30.67572,31.01612,31.57531,31.01612,28.4605,31.04835,31.7805,28.16026
6.32456,5.38516,6.7082,6.7082,7.2111,8.06226,8.60233,8.60233,8.60233,8.60233,9.43398,10.0,10.0,10.0,10.0,11.31371,10.63015,10.63015,9.89949,10.63015,10.63015,11.31371,10.63015,12.04159,12.04159,12.72792,12.72792,12.72792,12.72792,13.45362,12.04159,12.72792,12.72792,12.72792,12.72792,12.72792,13.45362,12.04159,12.04159,10.63015,11.40175,11.40175,12.04159,10.63015,10.0,10.63015,10.0,10.0,10.0,10.0,9.43398,9.43398,27.0,28.0,28.4605,27.20294,33.24154,27.20294,32.75668,36.23534,32.44996,40.0,40.60788,44.20407,42.80187,47.80167,50.0,51.73973,59.03389,56.22277,55.44367,57.00877,68.68042,56.72742,60.87693,58.13777,58.0517,62.36986,61.6198,67.17887,62.482,70.03571,68.593,73.53911,65.79514,72.86288,67.62396,70.76722,73.10951,71.58911,66.70832,68.593,64.3506,66.21933,66.70832,69.52697,66.70832,63.89053,62.80127,64.03124,57.62812,55.31727,55.17246,56.63921,55.60576,52.20153,53.33854,54.70832,51.47815,40.8534,42.04759,46.14109,47.50789,46.61545,48.9183,47.63402,47.42362,54.48853,49.51767,53.60037,55.80323,56.85068,56.36488,54.626,53.22593,55.9464,50.92151,53.14132,51.24451,48.76474,51.78803,45.89118,47.51842,45.27693,46.52956,42.10701,42.04759,41.0,42.0,35.01428,41.01219,41.04875,37.01351,41.04875,36.01389,33.01515,41.01219,39.05125,38.20995,40.79216,37.21559,37.36308,37.01351,37.65634,35.90265,31.62278,36.49658,37.10795,32.98485,33.24154,37.36308,37.0,29.15476,34.36568,33.24154,29.06888
6.08276,6.0,7.07107,8.0,7.0,7.0,8.06226,8.06226,9.05539,9.05539,10.04988,10.19804,10.19804,10.19804,10.19804,11.40175,11.40175,10.19804,10.44031,11.40175,11.40175,11.40175,11.40175,12.36932,12.36932,12.64911,12.64911,13.60147,13.60147,13.0,12.36932,12.64911,12.64911,12.36932,12.64911,12.36932,13.34166,12.36932,12.36932,12.36932,12.16553,12.36932,11.40175,11.18034,11.18034,10.44031,10.19804,10.19804,10.19804,10.04988,10.04988,10.0,20.61553,25.23886,25.55386,29.06888,29.96665,27.85678,31.95309,34.71311,37.10795,37.33631,41.30375,40.04997,47.38143,43.18565,46.69047,50.01,55.22681,53.0,51.35173,54.08327,62.00806,59.07622,58.21512,58.00862,57.07889,61.0082,58.07753,66.18912,62.20129,72.11103,62.07254,66.27217,65.19202,63.12686,67.36468,64.07027,66.18912,69.26038,67.0,68.11755,64.49806,67.06713,65.37584,67.00746,65.00769,66.00758,60.13319,60.07495,56.0357,58.0,57.03508,52.00961,52.00961,51.0,51.08816,53.33854,49.24429,41.97618,41.76123,42.95346,41.4367,45.01111,46.09772,44.04543,44.01136,51.08816,52.34501,51.78803,53.60037,55.57877,57.27128,52.81098,53.22593,51.47815,52.83938,48.30114,49.09175,49.40648,51.86521,43.56604,44.04543,45.60702,43.60046,42.44997,41.01219,38.01316,42.42641,35.35534,37.53665,36.79674,38.18377,33.24154,34.82815,33.42155,36.23534,33.42155,35.60899,34.4093,39.66106,32.44996,37.44329,34.4093,32.64966,34.4093,33.61547,31.06445,33.12099,34.98571,33.61547,32.75668,28.30194,31.06445,27.80288,32.44996
5.0,5.83095,5.83095,6.7082,6.7082,6.7082,7.61577,7.61577,8.544,8.544,8.544,9.48683,9.48683,9.48683,8.94427,10.44031,10.44031,10.44031,10.44031,10.44031,10.44031,11.40175,10.44031,12.16553,12.36932,12.16553,12.16553,12.36932,12.36932,12.36932,11.40175,12.36932,12.36932,11.40175,12.36932,11.40175,12.64911,11.7047,11.40175,10.77033,10.77033,10.44031,10.77033,10.44031,9.84886,9.48683,9.48683,8.94427,8.94427,8.94427,8.94427,8.06226,29.15476,33.24154,30.26549,27.89265,29.61419,31.06445,33.24154,40.79216,42.57934,31.04835,38.07887,42.05948,49.24429,50.28916,44.92215,46.51881,61.09828,55.54278,56.51548,59.46427,56.75385,58.18075,55.4617,58.94065,56.61272,65.14599,63.15853,65.39113,66.85058,68.02941,67.62396,67.35726,68.88396,71.69379,62.24147,64.84597,70.83784,69.77822,71.51224,65.55151,63.15853,64.19502,70.21396,69.64194,65.73431,59.20304,57.48913,62.64184,54.57105,55.54278,58.69412,47.43416,54.12947,51.78803,57.48913,47.67599,44.28318,42.72002,40.45986,39.05125,44.55334,50.91169,44.04543,46.66905,49.09175,51.31277,52.15362,47.41308,49.39636,57.70615,55.08176,51.78803,47.07441,53.93515,54.58938,50.15974,48.09366,40.1995,49.36598,51.08816,48.6621,51.66237,47.04253,46.09772,38.60052,39.62323,42.05948,35.1141,41.23106,42.15448,36.13862,39.92493,34.43835,38.27532,39.21734,40.24922,43.82921,38.27532,40.49691,38.47077,38.07887,34.1321,34.65545,34.71311,37.73592,32.52691,34.43835,36.89173,33.6006,34.66987,34.4093,33.83785,38.58756,34.17601
6.08276,6.0,6.08276,7.0,7.0,7.07107,8.06226,8.06226,8.06226,9.21954,9.05539,9.21954,10.19804,10.19804,10.19804,11.40175,10.44031,10.44031,10.77033,10.44031,10.44031,11.7047,11.40175,11.7047,11.7047,11.7047,12.08305,13.0,13.0,12.08305,12.08305,13.0,13.0,12.08305,13.0,13.0,12.64911,11.7047,11.7047,11.7047,11.40175,11.7047,10.77033,10.77033,10.44031,9.48683,10.44031,9.48683,9.48683,9.21954,9.21954,9.05539,24.16609,27.73085,26.57066,25.70992,30.41381,29.06888,33.01515,38.01316,35.12834,36.12478,41.59327,44.40721,44.55334,43.73786,47.51842,50.44799,54.34151,55.54278,51.1957,54.12947,58.18935,57.72348,58.87274,55.7853,55.7853,60.72891,60.44005,63.56886,61.40033,66.12866,63.56886,67.23095,61.68468,67.77905,63.97656,69.26038,68.44706,67.62396,67.6757,65.55151,65.55151,65.73431,66.7308,66.40783,63.24555,61.35145,60.74537,60.53924,60.08328,54.08327,54.78138,53.75872,55.02727,51.92302,50.0,55.10898,51.35173,41.62932,42.48529,38.8973,46.17359,42.72002,45.35416,46.87217,47.07441,52.46904,48.0,53.00943,49.09175,56.0803,55.3263,52.39275,48.50773,56.7186,46.84015,47.80167,45.88028,46.8188,49.0408,43.41659,45.65085,43.909,42.48529,40.80441,43.56604,38.27532,44.65423,33.12099,39.66106,34.82815,27.80288,38.28838,35.4683,35.0,35.80503,32.55764,37.48333,40.45986,38.41875,38.18377,36.23534,36.06938,35.60899,32.55764,35.38361,33.24154,32.55764,30.41381,34.71311,34.82815,28.3196,31.14482,30.61046,29.83287
5.38516,5.38516,6.08276,6.08276,7.07107,7.28011,7.07107,7.07107,8.06226,8.06226,9.05539,9.05539,10.04988,9.05539,9.05539,10.0,10.0,10.04988,11.0,11.0,10.04988,11.0,11.04536,12.04159,12.0,12.0,12.04159,13.0,13.0384,12.04159,12.0,13.0,12.04159,12.0,12.0,12.0,12.04159,11.04536,11.04536,11.04536,11.04536,11.04536,11.04536,10.04988,10.04988,9.05539,9.21954,9.05539,9.05539,9.21954,9.21954,8.24621,26.1725,23.60085,26.40076,24.35159,29.83287,27.65863,32.24903,33.13608,33.13608,35.12834,38.20995,41.04875,46.17359,46.01087,51.0392,46.09772,56.00893,54.03702,49.0102,53.33854,59.3043,58.0,55.3263,61.20457,59.0,64.19502,62.514,66.75328,63.78871,66.09841,61.66036,63.50591,68.46897,65.62012,63.56099,64.28063,68.593,67.89698,67.1193,64.03124,66.1211,63.0,63.07139,62.07254,59.03389,65.03076,59.00847,61.03278,51.0392,51.0392,56.0,53.00943,50.0,56.14268,52.03845,53.33854,48.50773,40.70626,42.48529,42.54409,46.61545,43.65776,44.14748,48.76474,46.52956,53.46027,50.03998,56.14268,53.00943,56.00893,52.15362,49.36598,51.1957,51.66237,52.49762,49.0408,47.75982,47.01064,50.56679,49.64877,48.76474,49.64877,47.88528,46.04346,41.88078,42.0119,39.11521,35.80503,39.20459,37.64306,35.51056,39.20459,35.60899,35.38361,37.64306,32.52691,39.82462,31.89044,42.44997,34.05877,39.59798,32.55764,32.55764,34.4093,36.40055,35.0,35.60899,31.14482,36.12478,34.66987,33.30165,35.80503,29.06888,33.6006
5.83095,6.40312,7.07107,7.07107,7.81025,7.81025,8.48528,8.48528,9.21954,9.21954,9.89949,10.63015,10.63015,10.63015,10.63015,12.04159,11.40175,11.40175,11.40175,11.40175,11.40175,12.20656,12.04159,12.20656,13.60147,12.20656,13.0384,13.60147,14.42221,13.89244,13.60147,13.60147,13.0384,13.60147,13.0384,13.60147,13.60147,12.80625,12.80625,12.80625,12.80625,12.20656,11.40175,11.40175,10.63015,10.81665,10.63015,10.63015,10.63015,9.89949,10.63015,9.89949,26.30589,28.16026,27.73085,30.41381,27.78489,31.38471,29.0,37.48333,31.14482,41.10961,39.62323,42.52058,48.83646,41.86884,46.01087,49.39636,52.80152,51.85557,58.25805,51.66237,65.0,51.08816,62.1289,59.66574,61.22091,60.44005,56.40035,65.36819,62.68174,64.66065,64.66065,71.02112,60.20797,77.17513,59.23681,70.72482,67.41662,68.7968,69.2026,68.50547,59.90826,67.6757,65.0,65.80274,64.07027,59.66574,65.0,55.80323,61.84658,54.20332,57.48913,52.00961,53.2635,45.96738,53.03772,55.9017,53.75872,37.85499,45.22168,36.24914,47.85394,38.47077,47.43416,46.04346,46.61545,53.07542,45.34314,50.9902,51.62364,59.4138,54.56189,55.21775,45.79301,59.36329,43.38202,52.47857,45.31004,44.29447,48.08326,38.8973,45.18849,45.22168,43.65776,40.4475,44.28318,36.22154,44.72136,30.06659,43.01163,36.05551,36.49658,40.04997,35.22783,31.257,36.87818,34.1321,38.20995,40.0125,34.0,36.0,31.14482,36.22154,37.01351,33.0,32.55764,32.01562,29.15476,33.06055,30.06659,32.24903,25.0,27.16616,32.01562,26.0
5.0,5.0,5.38516,6.7082,6.7082,6.7082,7.61577,7.61577,8.544,8.24621,8.544,9.21954,9.48683,9.48683,9.48683,10.19804,10.19804,10.19804,10.19804,10.19804,10.44031,11.18034,10.19804,11.18034,12.16553,12.16553,12.04159,12.16553,13.15295,12.04159,12.16553,12.04159,12.16553,12.16553,12.16553,12.16553,12.36932,12.36932,11.18034,11.40175,10.44031,11.40175,11.18034,10.19804,10.44031,9.21954,9.48683,9.48683,9.48683,9.48683,8.94427,8.94427,24.69818,27.45906,27.78489,26.90725,27.01851,29.20616,31.62278,34.98571,37.58989,37.20215,38.27532,41.18252,47.01064,48.33218,47.88528,48.08326,54.626,55.71355,51.07837,54.70832,57.87055,53.48832,55.36244,59.77458,60.40695,60.40695,60.08328,64.03124,61.35145,68.15424,61.40033,65.52099,66.94027,64.28841,62.16912,64.84597,63.78871,66.75328,69.64194,64.28841,65.52099,62.29767,66.40783,68.15424,64.62198,59.80803,59.23681,62.29767,53.75872,51.5461,52.92447,51.92302,51.86521,51.07837,52.3259,51.47815,46.87217,43.18565,41.7732,42.42641,44.72136,44.38468,44.94441,43.86342,45.69464,51.42956,48.54894,51.10773,47.43416,58.30952,56.0803,52.49762,48.10405,54.45181,50.93133,48.9183,50.80354,47.43416,51.47815,46.64762,46.64762,44.41846,45.27693,42.04759,45.17743,37.16181,42.04759,34.43835,38.8973,37.33631,35.8469,35.73514,38.32754,34.17601,36.24914,37.65634,39.0,39.29377,36.40055,36.13862,35.17101,35.69314,33.01515,30.80584,33.73426,37.85499,34.52535,33.37664,35.90265,32.75668,29.73214,35.17101,32.01562,27.89265
6.32456,6.32456,6.7082,8.06226,8.06226,8.06226,8.60233,8.60233,9.43398,9.43398,10.29563,10.81665,10.29563,10.81665,10.81665,11.40175,11.40175,10.81665,11.40175,12.04159,11.40175,12.04159,12.20656,12.80625,12.80625,12.80625,13.45362,13.45362,14.14214,13.45362,13.45362,13.45362,13.45362,12.72792,12.72792,12.80625,12.80625,12.80625,12.80625,12.04159,12.04159,12.04159,12.04159,10.63015,10.63015,10.63015,10.63015,10.63015,10.0,10.81665,10.29563,10.29563,23.08679,23.0,28.0,27.65863,29.12044,32.57299,32.69557,33.61547,34.43835,40.31129,41.18252,38.94868,45.61798,47.16991,45.18849,50.80354,55.56978,54.20332,54.20332,53.85165,60.80296,53.23533,57.2014,59.40539,59.36329,61.29437,59.40539,66.0303,66.85058,66.70832,63.12686,70.72482,63.24555,73.23933,64.44377,68.00735,69.02898,69.81404,70.72482,66.61081,66.8431,68.26419,62.1289,66.03787,65.51336,65.19202,64.66065,62.26556,55.47071,52.69725,55.56978,55.47071,53.7122,55.4617,53.7122,51.07837,47.92703,42.2019,43.26662,39.62323,46.09772,40.45986,46.09772,41.86884,45.60702,49.20366,51.10773,52.35456,52.80152,52.7731,53.31041,50.0,50.9902,56.51548,49.47727,49.24429,44.55334,50.48762,47.04253,45.01111,45.04442,45.27693,44.01136,38.83298,40.4475,38.63936,43.56604,34.71311,40.60788,36.22154,36.67424,32.55764,34.71311,32.98485,37.10795,34.20526,37.64306,34.20526,35.4683,37.0,32.31099,31.7805,32.57299,33.52611,34.53983,31.04835,33.10589,28.17801,32.64966,30.41381,28.4605,32.69557,30.59412,31.95309
6.08276,6.0,6.0,7.0,7.07107,8.06226,8.06226,8.06226,8.06226,8.24621,9.05539,9.48683,10.19804,10.19804,10.19804,11.40175,10.44031,10.19804,10.44031,11.40175,11.40175,11.40175,10.44031,11.7047,12.64911,12.64911,13.0,12.64911,13.92839,13.0,12.64911,12.64911,12.64911,12.64911,12.64911,11.7047,12.64911,12.64911,11.40175,11.40175,11.40175,11.40175,11.40175,10.44031,10.44031,10.44031,10.44031,10.19804,9.21954,10.19804,9.05539,9.05539,24.08319,28.6531,25.4951,26.24881,30.46309,32.24903,34.1321,37.12142,36.05551,38.11824,44.0,45.01111,54.03702,49.0102,51.0098,54.14795,60.00833,58.42089,53.03772,60.29925,61.66036,60.03332,58.69412,59.68249,61.13101,67.47592,62.1289,64.93843,63.78871,71.02112,63.34824,65.51336,67.08204,70.40597,72.27724,64.32729,72.78049,75.18643,72.83543,65.62012,70.21396,68.46897,67.47592,70.71068,63.1981,69.87131,62.1289,62.96825,55.44367,58.42089,54.14795,57.21888,54.58938,54.23099,54.23099,52.0,50.08992,40.24922,41.23106,44.77723,46.84015,46.09772,46.52956,45.35416,50.01,58.21512,55.14526,54.08327,52.15362,59.13544,55.31727,50.44799,56.75385,56.29387,55.71355,50.92151,52.92447,51.10773,50.60632,51.10773,47.01064,47.16991,48.30114,43.41659,43.82921,43.13931,42.43819,38.41875,41.10961,36.79674,37.53665,38.94868,39.59798,37.48333,41.03657,34.65545,36.76955,39.69887,41.01219,38.41875,33.94113,32.52691,31.82766,33.28663,36.23534,29.83287,35.51056,34.05877,30.41381,32.80244,31.241,36.06938,30.41381,29.73214
5.65685,5.65685,5.65685,7.07107,7.07107,7.07107,7.81025,7.81025,7.81025,7.81025,9.89949,9.21954,10.0,9.21954,9.21954,10.81665,10.81665,10.0,10.81665,10.81665,10.63015,11.40175,11.40175,12.20656,12.20656,12.20656,12.20656,12.20656,13.60147,13.0384,12.20656,12.20656,12.20656,11.40175,12.20656,11.40175,12.80625,12.04159,11.40175,10.63015,10.63015,11.40175,10.63015,10.63015,9.89949,9.21954,9.21954,9.21954,9.89949,9.89949,9.21954,8.60233,23.08679,23.34524,24.35159,26.83282,29.15476,29.96665,35.51056,36.89173,36.23534,39.66106,41.86884,40.31129,47.63402,46.40043,46.8615,50.93133,59.4138,53.03772,50.80354,49.67897,58.79626,58.0,56.56854,55.9017,56.72742,58.69412,61.55485,66.06815,63.63961,67.62396,62.24147,68.593,65.06919,70.76722,63.12686,67.26812,66.46804,66.48308,70.17834,64.3506,67.89698,68.76772,67.20863,63.70243,60.0,60.959,62.62587,58.89822,55.44367,55.80323,55.21775,53.2635,51.08816,51.40039,51.31277,49.73932,49.65884,38.07887,40.31129,40.71855,42.54409,42.05948,44.10215,48.25971,47.63402,47.50789,46.69047,51.62364,47.50789,53.15073,52.20153,50.11986,54.20332,55.07268,46.23851,47.92703,49.0408,50.44799,48.76474,43.93177,44.91102,43.41659,45.35416,40.11234,45.01111,38.01316,41.4367,33.01515,40.11234,35.0571,37.0,39.0,37.01351,33.01515,38.0526,37.0,39.01282,32.24903,37.21559,34.52535,33.54102,34.36568,34.36568,30.80584,33.54102,30.26549,32.75668,34.23449,29.42788,32.28002,31.7805,35.69314,28.63564,28.44293
5.0,5.65685,6.40312,7.07107,6.40312,7.81025,7.81025,7.81025,8.60233,8.60233,9.43398,9.43398,9.43398,9.43398,9.43398,11.18034,10.29563,10.29563,10.29563,10.29563,10.81665,11.18034,10.29563,11.7047,12.08305,12.08305,12.08305,12.08305,13.0,12.08305,12.08305,12.08305,12.08305,11.6619,12.52996,12.52996,12.52996,11.6619,11.18034,11.6619,10.29563,11.6619,10.29563,10.29563,9.43398,9.43398,10.0,9.43398,9.43398,9.43398,9.21954,9.21954,27.65863,25.29822,30.08322,25.63201,26.40076,29.83287,32.55764,37.64306,32.01562,40.36087,42.52058,46.01087,45.27693,46.69047,48.83646,52.20153,55.86591,55.0,59.03389,55.86591,64.53681,55.97321,60.60528,59.40539,58.89822,64.81512,58.00862,63.24555,64.81512,68.7968,65.21503,68.60029,68.00735,72.94518,66.37017,70.0,69.33974,71.86793,69.02898,67.80118,67.00746,70.29225,67.62396,69.02898,68.11755,66.0303,63.03174,60.60528,57.48913,57.38467,56.0803,55.22681,53.2635,51.66237,53.07542,53.75872,52.20153,44.14748,44.59821,43.38202,49.65884,43.86342,48.8774,48.8774,47.01064,51.73973,53.90733,52.34501,54.48853,59.46427,58.41233,54.91812,53.7122,60.20797,53.33854,53.66563,50.08992,52.39275,52.55473,46.84015,47.75982,46.09772,47.53946,44.72136,45.35416,43.93177,44.40721,37.21559,44.18144,40.79216,37.48333,42.04759,39.05125,35.22783,36.34556,36.34556,39.05125,37.01351,38.01316,39.01282,35.0571,34.1321,39.05125,39.05125,37.33631,36.34556,32.38827,37.12142,32.0,33.13608,29.15476,31.06445,34.23449,31.01612
6.08276,6.32456,6.7082,6.7082,6.7082,6.7082,8.06226,8.06226,8.60233,8.60233,9.43398,9.43398,9.43398,10.0,9.43398,11.40175,10.0,10.63015,10.0,10.63015,10.81665,10.63015,10.63015,12.04159,12.04159,12.04159,12.04159,12.72792,12.72792,13.45362,12.04159,12.04159,12.72792,11.31371,12.72792,12.04159,12.80625,11.40175,11.40175,10.63015,11.40175,10.63015,11.31371,10.0,10.0,9.21954,10.0,9.21954,10.0,9.43398,9.43398,8.94427,25.17936,22.02272,29.27456,27.89265,27.20294,30.52868,33.12099,34.88553,33.83785,39.40812,42.2019,42.80187,49.81967,43.56604,47.01064,48.08326,54.03702,52.00961,53.41348,53.8145,59.4138,51.22499,60.10824,57.98276,58.13777,58.79626,58.69412,67.17887,66.46804,67.35726,65.05382,65.29931,66.6033,68.76772,63.25346,69.31089,66.70832,68.41053,65.76473,64.53681,65.8559,67.26812,65.76473,65.79514,60.82763,62.96825,62.93648,56.56854,56.56854,54.45181,55.22681,51.62364,50.91169,51.08816,51.08816,51.0392,52.15362,41.6173,44.04543,39.62323,46.66905,39.69887,50.47772,45.34314,49.39636,51.40039,51.47815,53.7122,49.64877,56.36488,54.78138,51.24451,49.64877,59.48109,48.50773,50.63596,48.37355,46.01087,49.25444,42.0119,46.04346,47.09565,46.01087,43.18565,41.01219,39.31921,42.29657,35.22783,37.10795,35.69314,34.1321,40.4475,35.51056,33.95585,39.45884,36.34556,36.34556,39.05125,34.36568,39.05125,34.71311,37.85499,32.01562,31.95309,34.20526,33.24154,34.17601,34.0147,31.04835,32.89377,26.57066,33.95585,33.37664,26.68333
5.65685,5.0,5.83095,5.83095,7.2111,6.7082,7.61577,8.06226,8.06226,7.61577,8.94427,8.544,8.94427,9.48683,8.94427,10.77033,9.48683,9.84886,9.48683,10.77033,10.77033,10.44031,10.77033,11.40175,11.40175,11.40175,11.40175,12.64911,12.36932,12.36932,11.7047,12.64911,11.40175,11.7047,11.7047,11.7047,11.7047,11.7047,10.77033,10.77033,11.18034,10.77033,10.77033,8.94427,9.84886,8.94427,8.94427,8.94427,9.84886,9.43398,9.43398,8.60233,23.76973,26.40076,25.23886,27.01851,29.73214,29.69848,29.83287,30.23243,38.83298,38.27532,40.49691,41.14608,45.65085,47.01064,45.65085,47.85394,51.97115,50.9902,48.76474,57.24509,60.83584,61.05735,53.85165,57.70615,57.70615,62.76942,61.84658,64.2573,63.69458,68.35203,65.78754,65.0,67.23095,65.19202,67.05222,64.40497,68.94926,68.00735,68.942,62.24147,64.88451,64.40497,65.29931,68.44706,62.64982,66.18912,60.20797,62.17717,51.97115,53.7122,52.7731,54.12024,52.83938,54.08327,53.53504,49.92995,49.0408,42.19005,41.4367,41.4367,45.35416,45.88028,44.01136,44.01136,48.33218,53.22593,52.83938,54.91812,49.64877,58.60034,51.85557,53.03772,50.91169,55.86591,49.81967,44.59821,45.80393,46.14109,47.41308,48.02083,48.30114,47.88528,45.27693,44.77723,42.95346,39.84972,39.92493,36.05551,37.33631,35.17101,35.1141,39.29377,35.17101,36.40055,38.32754,38.07887,41.76123,35.35534,36.87818,33.52611,39.05125,34.9285,31.57531,33.37664,35.12834,34.23449,37.65634,30.41381,31.04835,31.06445,28.44293,32.38827,29.12044,31.40064
5.0,5.0,5.65685,5.65685,7.07107,5.65685,6.40312,7.2111,7.81025,7.81025,8.60233,8.60233,9.21954,9.43398,9.21954,10.81665,9.43398,10.0,9.43398,10.81665,10.81665,10.81665,10.0,11.6619,11.6619,11.6619,11.6619,13.0384,13.0384,12.52996,10.81665,12.20656,11.6619,11.6619,12.20656,12.20656,12.20656,11.40175,11.40175,10.63015,10.63015,10.63015,10.63015,10.0,9.21954,8.60233,9.21954,9.21954,9.21954,8.48528,8.48528,7.81025,25.29822,24.35159,29.41088,26.24881,29.83287,33.30165,29.0,36.79674,35.0,40.80441,43.01163,41.04875,49.20366,42.72002,48.01042,47.01064,59.07622,55.22681,55.75841,53.85165,63.07139,53.25411,57.69749,59.94164,59.5399,59.5399,59.94164,63.69458,67.08204,69.46222,62.16912,67.62396,63.95311,74.70609,62.03225,71.34424,68.8767,71.51224,70.3278,68.0,64.84597,69.11584,65.0,63.06346,65.73431,65.51336,61.58734,58.18075,61.91123,56.4358,53.85165,53.0,53.00943,53.82379,50.0,50.44799,51.08816,39.45884,43.93177,40.5216,46.17359,41.10961,49.1935,44.28318,49.24429,55.00909,51.97115,52.69725,51.0392,54.08327,55.31727,54.45181,50.0,56.22277,48.27007,53.25411,51.62364,52.47857,53.23533,45.27693,47.85394,46.51881,44.77723,40.49691,43.08132,40.02499,45.54119,36.13862,44.14748,38.83298,38.07887,39.62323,36.87818,32.28002,39.29377,38.07887,37.85499,40.79216,40.31129,35.22783,37.01351,37.05401,38.0526,35.0571,38.0526,34.0147,33.06055,32.06244,36.49658,33.24154,31.01612,36.34556,33.24154,30.01666
6.08276,6.32456,6.32456,6.32456,6.32456,7.61577,7.61577,7.61577,8.06226,8.06226,8.94427,8.94427,9.84886,9.84886,9.84886,10.29563,9.43398,9.43398,10.81665,10.81665,10.81665,10.81665,10.81665,11.40175,11.6619,12.20656,12.04159,12.20656,12.80625,12.04159,12.20656,11.40175,12.20656,11.40175,12.04159,12.20656,13.0384,11.6619,10.81665,10.81665,10.81665,10.81665,10.81665,10.0,9.43398,9.43398,9.43398,9.43398,8.94427,8.94427,9.48683,8.544,23.34524,28.07134,24.02082,24.08319,29.42788,26.4764,31.95309,33.24154,36.23534,37.12142,40.70626,41.18252,44.77723,43.82921,45.61798,50.60632,55.07268,53.33854,50.60632,56.30275,58.24946,53.85165,54.08327,58.5235,58.30952,57.68882,64.66065,65.43699,65.21503,67.00746,61.40033,65.45991,66.61081,68.41053,63.78087,66.61081,66.4003,66.06815,71.56116,65.45991,68.88396,69.64194,68.60029,66.28725,60.74537,64.89992,59.68249,63.24555,54.3783,55.80323,56.61272,53.0,51.61395,55.22681,50.77401,51.88449,47.43416,43.41659,41.86884,43.84062,45.34314,47.80167,45.22168,43.60046,49.09175,50.47772,51.42956,54.626,53.31041,57.77543,53.15073,50.63596,54.74486,56.7186,52.23983,48.37355,49.0102,51.0098,49.0408,51.15662,45.17743,46.52956,48.25971,38.83298,40.02499,38.07887,42.2019,36.87818,38.32754,38.07887,35.17101,38.32754,38.63936,34.20526,40.49691,36.68787,34.78505,34.17601,38.27532,37.16181,32.98485,30.67572,31.76476,31.76476,31.7805,30.46309,31.7805,29.96665,33.61547,32.89377,29.96665,34.88553,30.08322,31.01612
6.40312,5.83095,5.83095,7.2111,7.2111,8.06226,8.06226,8.06226,8.94427,8.94427,9.84886,9.84886,11.18034,9.84886,10.29563,11.7047,10.77033,10.77033,11.7047,11.7047,11.7047,11.7047,11.7047,12.64911,12.64911,12.64911,13.60147,13.60147,13.60147,13.60147,12.64911,13.60147,13.60147,12.64911,13.0,13.0,13.0,13.0,12.08305,12.08305,12.08305,12.08305,11.7047,10.77033,10.77033,10.77033,9.84886,9.84886,10.29563,9.84886,10.29563,9.43398,23.43075,33.97058,32.20248,32.28002,34.0,33.01515,28.07134,40.31129,36.05551,45.0,47.38143,43.10452,51.0098,46.87217,45.39824,54.33231,55.14526,52.17279,54.45181,52.15362,66.28725,51.08816,56.32051,56.4358,58.03447,57.14018,61.61169,64.32729,64.7611,70.34202,69.63476,66.40783,62.16912,70.71068,62.58594,66.09841,65.73431,70.83078,65.30697,64.49806,64.13267,65.73431,62.16912,68.65858,61.66036,57.42822,59.5399,55.22681,53.23533,49.0102,56.00893,49.0102,51.78803,50.01,49.0408,51.0098,50.01,35.51056,48.02083,44.77723,41.62932,47.92703,47.43416,46.69047,54.58938,56.4358,53.33854,52.46904,57.31492,51.24451,53.03772,51.08816,61.98387,64.19502,52.20153,49.65884,46.09772,43.41659,48.8774,46.95743,45.60702,47.70744,51.07837,47.43416,43.82921,42.80187,45.22168,39.05125,48.79549,40.36087,34.65545,38.94868,42.0119,39.62323,42.2019,33.94113,41.10961,39.59798,36.23534,43.41659,41.72529,36.61967,50.20956,45.25483,38.8973,33.24154,36.79674,35.4683,40.45986,41.23106,30.0,27.20294,36.06938,27.78489
5.0,5.09902,6.08276,6.08276,6.08276,6.08276,7.28011,7.28011,8.24621,8.24621,8.24621,8.544,9.48683,9.48683,9.48683,9.84886,9.84886,9.48683,9.84886,9.84886,10.44031,10.77033,10.77033,11.18034,11.18034,11.18034,11.18034,12.08305,13.41641,12.52996,12.08305,12.08305,12.08305,12.08305,11.18034,11.7047,12.08305,11.7047,10.77033,10.77033,10.44031,10.77033,10.77033,9.84886,9.48683,9.48683,9.21954,9.21954,9.21954,9.21954,9.05539,8.06226,25.07987,21.18962,26.30589,27.29469,28.07134,28.16026,30.41381,36.22154,35.69314,37.21559,43.01163,42.05948,47.07441,44.14748,44.92215,47.42362,54.40588,55.08176,52.95281,53.45091,59.46427,53.16014,52.20153,58.82176,58.24088,61.98387,56.921,63.97656,63.97656,70.68239,62.24147,72.61543,64.84597,71.58911,60.82763,68.35203,64.62198,67.62396,67.41662,65.55151,63.69458,66.7308,65.19202,63.90618,64.51356,57.56735,59.90826,57.97413,59.48109,53.85165,53.93515,53.16014,53.16014,45.54119,53.15073,51.66237,54.14795,41.03657,43.18565,38.01316,45.27693,44.29447,47.41308,44.72136,48.8467,53.31041,49.64877,49.24429,51.92302,54.57105,54.58938,55.00909,49.0408,54.03702,49.36598,50.15974,45.70558,48.27007,48.76474,43.68066,45.12206,46.57252,43.93177,44.01136,45.69464,39.35734,44.72136,35.34119,43.46263,37.57659,34.43835,39.82462,35.8469,34.1321,37.58989,33.54102,39.11521,35.80503,35.35534,39.20459,34.82815,34.82815,34.88553,33.01515,34.05877,31.30495,33.30165,32.64966,30.80584,33.83785,29.68164,33.42155,32.80244,30.88689
5.0,5.0,6.08276,6.08276,6.08276,7.07107,7.28011,7.28011,7.28011,7.28011,8.24621,9.48683,9.48683,9.48683,9.48683,9.84886,9.84886,9.48683,9.84886,10.77033,10.77033,10.77033,9.84886,11.18034,11.18034,12.08305,12.08305,12.52996,12.52996,11.6619,12.08305,12.08305,12.52996,11.18034,11.18034,11.18034,12.08305,11.7047,10.77033,10.77033,10.77033,10.77033,10.77033,9.84886,9.48683,8.544,9.48683,9.48683,9.48683,9.48683,9.21954,9.21954,25.07987,24.35159,26.92582,24.73863,28.28427,30.06659,29.27456,36.05551,34.23449,38.20995,36.87818,38.83298,46.57252,46.57252,48.50773,49.64877,56.32051,50.69517,52.17279,53.85165,56.32051,54.57105,53.85165,59.48109,57.72348,62.36185,57.56735,64.4748,60.08328,69.35416,63.15853,66.70832,66.7308,70.77429,65.29931,62.62587,65.19202,66.70832,70.5195,65.78754,66.85058,64.56005,65.78754,69.28925,64.28841,61.68468,59.90826,62.64184,54.12024,51.41984,53.85165,52.88667,56.61272,51.62364,50.69517,50.01,47.26521,41.23106,42.43819,39.66106,43.82921,42.95346,45.69464,45.88028,47.53946,52.88667,50.69517,51.97115,47.38143,55.54278,54.08327,52.03845,52.0,55.00909,48.16638,46.27094,47.29693,48.27007,50.28916,41.48494,47.29693,46.61545,47.92703,42.54409,42.04759,44.28318,40.71855,36.24914,36.35932,36.35932,36.35932,37.73592,38.01316,34.98571,36.35932,34.43835,40.24922,39.11521,38.07887,36.23534,32.75668,33.83785,36.87818,33.97058,33.42155,31.14482,34.71311,32.80244,35.51056,34.65545,29.41088,33.30165,30.0,29.83287
5.38516,5.38516,6.7082,6.7082,6.7082,8.06226,8.06226,8.60233,8.60233,8.60233,9.43398,10.0,9.43398,10.0,10.0,10.63015,10.63015,10.0,10.63015,10.63015,11.40175,10.63015,11.40175,12.04159,12.04159,12.72792,12.72792,12.72792,13.45362,12.72792,12.04159,13.45362,12.72792,12.72792,12.04159,12.80625,13.60147,12.20656,11.40175,11.40175,10.81665,12.20656,11.40175,10.81665,10.81665,10.0,9.43398,9.43398,9.43398,10.29563,9.84886,8.94427,23.34524,28.01785,30.26549,27.65863,30.06659,30.46309,38.48376,37.33631,37.12142,41.4367,39.35734,44.77723,47.92703,47.42362,51.42956,54.70832,55.56978,56.60389,52.15362,59.48109,62.96825,56.35601,58.60034,60.37384,59.5399,63.13478,63.63175,67.42403,66.61081,72.42237,68.24222,66.57327,68.24222,68.8186,67.80118,68.26419,66.57327,66.28725,72.47068,66.37017,70.71068,68.96376,72.71864,67.60178,63.50591,68.42514,65.36819,63.52952,55.47071,59.5063,58.60034,56.64804,55.9017,55.9464,53.7122,52.92447,53.45091,43.41659,45.48626,44.41846,45.27693,44.68781,48.79549,48.16638,53.53504,53.25411,54.3783,55.22681,54.08327,60.03332,57.24509,51.86521,52.63079,59.20304,51.24451,52.17279,52.46904,51.0,49.0102,44.01136,50.15974,49.16299,47.09565,44.10215,43.56604,43.41659,43.18565,36.05551,41.4367,43.17407,36.68787,38.8973,37.10795,36.13862,40.60788,36.49658,39.81206,40.5216,38.32754,38.32754,39.05125,35.73514,33.24154,37.64306,34.53983,32.64966,34.17601,34.9285,31.32092,35.8469,32.31099,33.24154,36.24914,29.83287
5.0,5.0,5.65685,5.65685,6.40312,5.65685,6.40312,7.07107,7.81025,7.81025,7.81025,8.60233,9.21954,9.21954,8.60233,10.29563,9.43398,10.0,9.43398,9.43398,10.0,10.29563,9.43398,11.18034,11.6619,11.18034,11.18034,12.52996,12.52996,12.08305,11.6619,11.6619,11.18034,11.6619,11.18034,11.6619,11.6619,10.81665,10.81665,10.81665,10.81665,10.29563,10.81665,9.43398,9.43398,9.43398,9.43398,8.60233,8.60233,8.60233,8.48528,7.81025,23.08679,22.13594,27.29469,25.07987,28.3196,30.4795,27.58623,33.30165,38.41875,36.87818,36.61967,40.0,46.04346,43.41659,42.63801,47.50789,52.63079,52.20153,54.91812,52.47857,60.20797,56.30275,53.23533,58.59181,55.07268,63.06346,59.48109,60.03332,62.64982,63.97656,63.52952,67.1193,63.06346,68.54196,66.48308,65.76473,66.64083,67.41662,65.29931,63.56099,64.41273,66.85058,61.91123,65.0,61.05735,62.1289,59.90826,58.30952,55.75841,53.53504,53.53504,52.47857,52.15362,49.92995,50.60632,48.16638,53.07542,42.72002,41.4367,40.31129,47.42362,42.04759,45.79301,44.77723,46.40043,52.80152,50.80354,53.03772,50.91169,55.9017,57.80138,49.40648,53.85165,55.21775,48.76474,48.76474,48.30114,49.1935,50.69517,44.94441,48.70318,45.35416,41.76123,37.65634,42.2019,40.1995,44.14748,37.12142,41.10961,36.22154,36.22154,37.12142,33.73426,34.52535,40.60788,37.01351,35.12834,39.20459,37.21559,38.11824,36.01389,36.34556,31.01612,33.06055,35.0,34.05877,34.0,35.0571,34.05877,36.05551,31.06445,33.01515,30.06659,26.1725
5.0,5.65685,5.65685,6.40312,6.40312,6.40312,7.81025,7.81025,8.60233,8.60233,9.21954,9.43398,10.0,10.0,10.0,10.81665,10.81665,10.81665,10.29563,10.81665,10.81665,10.81665,10.81665,11.6619,12.52996,12.52996,12.52996,12.52996,12.52996,12.08305,11.6619,12.52996,12.52996,12.52996,12.52996,11.6619,12.20656,11.6619,10.81665,10.81665,10.81665,11.6619,11.6619,10.0,10.0,9.43398,10.0,10.0,9.43398,9.21954,9.21954,8.48528,22.13594,24.5153,28.30194,25.4951,31.89044,31.82766,30.0,36.89173,38.41875,38.60052,43.909,42.19005,49.73932,47.20169,48.01042,53.7122,57.42822,55.75841,54.70832,58.18075,60.83584,60.03332,58.60034,56.85948,60.03332,63.06346,65.36819,67.54258,67.53518,69.46222,66.7308,65.30697,67.97794,69.857,68.35203,68.02941,74.09453,70.00714,66.7308,68.942,67.62396,72.71864,66.7308,71.11962,63.06346,69.11584,60.90156,62.24147,58.83026,61.77378,57.70615,55.00909,55.9464,54.58938,54.91812,50.80354,48.41487,43.73786,41.97618,43.93177,43.32436,44.94441,46.06517,45.61798,50.60632,54.12024,49.40648,53.07542,50.44799,59.4138,53.07542,52.63079,55.44367,53.8145,49.92995,47.16991,49.39636,46.51881,51.42956,48.33218,46.8188,46.61545,46.17359,41.97618,42.05948,39.62323,43.17407,32.89377,40.79216,35.69314,37.64306,35.51056,35.51056,36.34556,35.69314,33.01515,38.32754,34.23449,38.63936,36.49658,36.34556,37.12142,37.33631,36.12478,34.0147,33.13608,34.05877,34.05877,33.0,36.01389,29.0,35.0,30.01666,31.57531
5.65685,6.40312,6.40312,7.07107,6.40312,7.07107,7.81025,8.60233,8.60233,8.60233,9.21954,10.0,10.0,10.0,10.0,10.81665,11.6619,10.81665,11.6619,10.81665,10.81665,11.6619,10.81665,12.52996,12.52996,12.52996,13.41641,12.52996,13.89244,13.0,12.52996,12.52996,12.52996,12.52996,12.52996,13.0384,13.0384,12.20656,11.6619,11.6619,10.81665,12.20656,11.6619,10.81665,10.81665,9.43398,10.81665,10.0,9.43398,10.0,9.21954,9.21954,23.34524,26.30589,24.59675,26.40076,30.80584,31.06445,27.01851,34.65545,35.4683,37.48333,40.36087,40.31129,45.27693,46.8615,43.27817,50.60632,53.41348,52.63079,50.44799,53.2635,59.40539,57.00877,55.22681,54.81788,58.82176,57.42822,60.21628,65.51336,63.82006,66.7308,64.3506,64.14047,67.74216,68.96376,64.84597,64.63745,68.26419,67.41662,67.20119,67.41662,66.37017,66.4003,63.82006,65.80274,59.64059,65.0,60.0,61.05735,57.62812,54.91812,54.20332,54.20332,50.0,54.67175,50.93133,50.32892,50.91169,39.84972,40.49691,37.58989,43.41659,39.66106,43.60046,45.0,46.40043,50.20956,48.79549,49.67897,50.9902,55.44367,57.14018,51.10773,50.60632,55.9017,50.69517,45.69464,45.88028,47.53946,46.57252,45.12206,46.84015,45.54119,44.14748,40.02499,38.20995,41.01219,41.30375,37.05401,37.05401,35.0571,33.01515,42.04759,36.0,37.01351,38.01316,34.05877,38.01316,32.0,36.01389,36.12478,34.0147,32.24903,37.12142,32.14032,35.51056,34.1321,36.49658,32.14032,35.35534,29.06888,29.61419,33.06055,35.12834,29.27456
4.47214,5.0,5.0,6.40312,6.40312,6.40312,6.40312,7.2111,7.81025,7.81025,8.48528,9.21954,9.21954,8.48528,9.21954,9.89949,9.89949,9.21954,10.63015,9.89949,9.89949,11.31371,9.89949,11.40175,11.40175,12.04159,12.04159,12.04159,12.80625,12.20656,12.04159,12.04159,12.04159,12.04159,12.04159,12.04159,12.04159,11.31371,11.31371,11.31371,9.89949,10.63015,10.63015,9.89949,9.21954,8.48528,9.21954,9.21954,9.21954,9.21954,8.60233,8.60233,25.94224,25.29822,26.07681,31.01612,29.27456,30.59412,32.01562,36.67424,35.73514,36.05551,37.10795,43.01163,44.94441,43.08132,48.38388,48.46648,56.85948,56.30275,54.78138,56.36488,61.7414,54.56189,60.90156,59.09315,57.69749,67.08204,60.41523,65.8635,64.88451,67.23095,65.74192,66.37017,64.41273,71.19691,66.28725,67.53518,69.46222,70.21396,69.35416,66.18912,64.07027,66.70832,64.88451,72.00694,68.02941,63.95311,61.84658,61.7171,53.23533,53.7122,55.4617,51.0,55.00909,50.15974,50.32892,54.08327,55.7853,43.93177,43.41659,43.41659,45.27693,44.29447,46.51881,48.75449,48.10405,54.42426,51.66237,51.92302,55.31727,58.69412,57.55867,53.15073,53.00943,57.00877,49.16299,48.16638,54.45181,50.15974,51.1957,45.70558,46.87217,49.0408,47.12749,42.04759,44.27189,43.86342,47.16991,39.39543,40.70626,37.69615,37.69615,38.47077,40.71855,35.4683,37.73592,38.07887,40.24922,41.62932,38.48376,35.34119,38.47077,32.64966,39.81206,33.28663,35.60899,34.0,36.89173,28.30194,35.8469,34.4093,31.38471,30.80584,32.24903,30.8707
6.08276,6.08276,6.32456,7.28011,7.61577,7.28011,8.544,8.544,8.544,8.94427,9.84886,9.84886,9.84886,9.84886,9.84886,11.6619,11.6619,10.29563,10.81665,11.6619,11.18034,11.6619,11.18034,12.20656,13.0384,13.0384,12.80625,13.0384,13.60147,12.80625,12.20656,13.60147,12.20656,12.20656,12.20656,13.0384,13.0384,12.52996,11.6619,11.6619,11.6619,11.6619,11.6619,10.29563,10.29563,10.29563,10.29563,10.29563,9.84886,9.84886,9.48683,9.48683,25.0,24.08319,29.27456,30.01666,31.257,32.28002,31.32092,38.63936,34.48188,43.08132,42.72002,41.62932,50.15974,44.94441,49.98,49.24429,61.26989,53.23533,55.4617,54.12024,63.81222,57.24509,61.61169,59.68249,62.17717,65.8635,60.82763,68.24222,63.81222,75.45197,65.21503,72.40166,59.40539,75.71658,65.60488,69.89278,72.11103,69.81404,70.83078,70.72482,68.26419,72.56032,64.88451,65.51336,64.49806,64.49806,68.47627,62.1289,60.74537,59.03389,58.59181,53.7122,53.23533,50.9902,55.15433,53.85165,51.92302,43.13931,43.13931,41.01219,47.50789,42.43819,48.01042,48.8774,52.3259,55.07268,49.0408,55.9464,51.5461,56.61272,55.9017,55.3263,49.36598,55.7315,48.0,52.03845,48.01042,49.36598,51.35173,47.09565,47.85394,42.95346,46.69047,47.53946,44.64303,41.48494,43.41659,35.73514,45.22168,37.64306,36.05551,38.48376,36.40055,33.61547,40.5216,37.57659,39.39543,39.92493,41.76123,38.58756,37.16181,37.57659,36.05551,36.24914,37.21559,34.0147,32.64966,37.44329,33.54102,36.05551,30.80584,32.64966,34.0147,29.96665
5.38516,5.83095,6.40312,7.2111,7.2111,7.2111,7.81025,7.81025,8.60233,8.48528,9.21954,9.21954,9.21954,9.89949,10.0,11.31371,9.89949,10.63015,10.63015,10.63015,10.63015,11.31371,10.63015,12.04159,12.04159,12.04159,12.72792,12.72792,13.45362,12.80625,12.04159,12.72792,12.72792,12.04159,12.72792,12.04159,12.80625,12.04159,12.04159,12.04159,11.40175,11.40175,10.63015,10.0,10.0,10.0,10.0,9.43398,9.43398,10.0,9.43398,8.94427,23.02173,27.01851,23.08679,27.45906,29.41088,30.46309,33.10589,34.48188,39.44617,34.66987,43.82921,43.60046,44.40721,45.48626,48.02083,48.60041,57.2014,55.75841,52.69725,54.6443,58.00862,58.60034,52.34501,59.81639,56.0357,61.22091,65.8559,59.46427,61.07373,66.48308,65.60488,66.8431,65.19202,67.35726,69.31089,62.80127,65.94695,65.8559,66.61081,67.00746,65.60488,64.89992,64.14047,65.45991,62.62587,63.51378,57.14018,62.68174,57.42822,51.61395,55.47071,54.08327,54.6443,53.22593,50.53712,50.56679,53.31041,39.21734,40.70626,39.96248,45.0,48.25971,48.01042,45.80393,48.08326,54.48853,50.24938,49.92995,52.80152,54.6443,58.13777,48.75449,50.15974,52.92447,50.92151,49.39636,46.57252,48.50773,53.75872,46.52956,46.17359,44.04543,48.04165,42.0119,45.01111,37.21559,41.01219,33.13608,37.85499,35.22783,34.36568,35.22783,34.23449,36.34556,36.34556,36.22154,35.01428,38.83298,38.32754,38.20995,36.67424,32.98485,31.257,33.24154,36.34556,33.52611,34.17601,30.36445,36.40055,33.73426,28.63564,33.54102,32.75668,31.40064
5.38516,5.83095,7.2111,7.2111,7.81025,8.06226,8.60233,7.81025,9.21954,9.21954,10.0,10.63015,10.63015,10.63015,10.63015,12.04159,11.31371,10.63015,11.31371,11.31371,12.04159,12.04159,11.31371,12.72792,12.72792,12.72792,13.45362,13.45362,14.14214,13.45362,12.72792,13.45362,13.45362,12.72792,13.45362,12.72792,13.45362,12.80625,12.04159,12.04159,12.04159,12.04159,12.04159,10.63015,10.63015,9.89949,10.63015,10.0,10.0,10.81665,10.29563,9.43398,22.47221,23.85372,30.8707,34.48188,33.61547,30.41381,29.96665,38.60052,41.23106,37.48333,41.59327,44.01136,48.27007,47.16991,48.37355,51.15662,52.17279,50.9902,49.0306,59.07622,58.30952,58.69412,55.00909,60.03332,64.07027,59.07622,63.1981,62.07254,64.07027,69.0,61.07373,66.27217,63.03174,66.0303,63.03174,63.12686,65.49046,68.06614,64.38167,63.12686,66.48308,67.1193,66.0303,68.593,58.24946,63.63961,60.82763,64.49806,53.60037,59.66574,54.34151,53.36666,50.24938,48.6621,52.34501,48.76474,42.54409,39.84972,39.84972,47.43416,39.81206,45.60702,45.17743,46.17359,47.0,51.24451,52.03845,51.24451,50.9902,58.54912,55.31727,54.40588,54.42426,52.88667,52.35456,48.46648,50.69517,50.11986,56.82429,49.09175,53.82379,50.24938,48.10405,43.27817,41.72529,48.27007,42.63801,39.69887,36.87818,43.27817,41.40048,44.55334,44.55334,38.83298,40.60788,39.82462,48.25971,39.40812,47.01064,42.43819,37.20215,42.54409,43.41659,44.20407,41.23106,39.56008,36.67424,38.41875,40.22437,40.8534,36.67424,38.01316,32.20248,29.96665
6.0,6.08276,6.08276,7.07107,7.07107,7.07107,8.24621,8.24621,8.24621,8.544,9.21954,9.48683,10.44031,10.44031,10.44031,10.77033,10.77033,10.77033,10.77033,10.77033,10.77033,11.7047,11.7047,12.08305,12.08305,12.08305,12.52996,13.0,13.41641,13.41641,12.08305,13.0,12.52996,12.08305,13.0,13.0,12.64911,11.7047,11.7047,11.7047,11.40175,11.40175,11.7047,10.77033,10.44031,10.44031,10.44031,10.44031,10.44031,9.21954,10.19804,9.05539,22.56103,25.96151,31.257,27.01851,28.63564,30.14963,30.80584,35.73514,37.33631,40.02499,42.72002,41.78516,43.32436,47.43416,47.12749,50.53712,56.85948,52.3259,53.45091,56.36488,61.7171,55.03635,59.5399,56.82429,56.79789,57.70615,63.52952,66.03787,64.40497,61.91123,64.14047,65.36819,65.36819,70.49113,62.43397,65.29931,67.95587,67.41662,68.42514,63.50591,67.1193,68.8767,62.6099,63.13478,58.59181,62.16912,62.24147,60.37384,54.626,55.03635,56.79789,55.36244,52.80152,53.31041,54.23099,56.04463,51.66237,40.36087,40.36087,43.60046,45.80393,43.909,46.14109,46.64762,48.30114,52.35456,52.92447,51.86521,49.24429,55.36244,53.36666,51.15662,51.24451,53.60037,47.09565,51.24451,49.0408,46.52956,48.6621,46.38965,45.35416,44.14748,44.38468,43.32436,43.41659,39.21734,42.05948,34.78505,41.14608,37.57659,33.24154,36.40055,34.17601,34.0147,40.49691,38.07887,35.77709,34.43835,40.49691,37.16181,34.88553,32.24903,36.76955,35.8469,35.51056,34.0,32.75668,34.0,29.52965,33.12099,30.01666,29.96665,30.08322,28.6531
5.65685,5.65685,5.83095,6.40312,6.40312,7.2111,8.06226,8.06226,8.06226,8.94427,8.94427,8.94427,9.84886,9.84886,9.43398,10.77033,10.77033,9.84886,10.77033,10.77033,9.84886,11.7047,10.77033,11.7047,11.7047,11.7047,12.64911,12.64911,12.64911,12.64911,11.7047,12.64911,12.64911,11.7047,11.7047,12.08305,13.0,11.7047,10.77033,10.77033,11.18034,11.18034,11.18034,9.84886,9.43398,8.94427,10.29563,9.43398,10.29563,9.43398,9.43398,8.60233,36.67424,25.0,23.5372,24.08319,27.29469,27.45906,32.38827,37.33631,37.85499,34.36568,39.84972,41.76123,47.80167,46.09772,48.76474,53.7122,52.0,51.62364,53.15073,57.56735,63.56099,59.77458,52.81098,57.58472,51.26402,55.97321,56.85948,64.07808,63.56099,66.64083,62.39391,68.00735,60.74537,65.74192,63.81222,62.62587,59.94164,62.6099,63.24555,64.84597,62.64982,60.44005,60.16644,61.68468,57.00877,60.16644,58.94065,58.18935,56.921,50.01,53.60037,51.66237,50.69517,44.14748,47.51842,52.61179,40.04997,40.31129,44.59821,38.18377,43.84062,37.73592,45.61798,42.43819,48.54894,53.23533,47.16991,53.75872,52.81098,50.28916,47.85394,53.46027,47.26521,58.54912,47.04253,45.27693,43.04649,43.68066,47.38143,45.39824,42.57934,44.91102,45.35416,38.27532,43.65776,37.69615,47.01064,40.26164,39.0,37.12142,38.58756,36.71512,40.24922,37.12142,39.44617,37.12142,38.91015,41.34005,41.14608,41.14608,41.34005,35.80503,46.87217,41.40048,34.05877,40.31129,39.62323,40.31129,33.28663,35.34119,36.79674,37.44329,38.01316,22.80351
6.40312,6.40312,7.2111,7.2111,7.2111,8.06226,8.06226,8.06226,8.94427,8.94427,9.43398,9.84886,10.29563,9.84886,10.29563,11.7047,10.77033,10.77033,10.77033,10.77033,10.77033,11.7047,10.77033,12.64911,12.64911,12.64911,12.36932,13.60147,13.60147,13.34166,12.64911,13.60147,13.60147,12.64911,12.64911,12.64911,13.0,12.64911,11.7047,11.7047,11.7047,11.7047,11.7047,10.77033,10.77033,10.44031,10.77033,9.84886,9.84886,9.84886,10.29563,9.43398,26.24881,25.07987,25.6125,27.80288,26.24881,29.20616,33.6006,36.61967,34.98571,41.34005,36.71512,42.54409,45.65085,50.60632,47.88528,46.09772,58.18075,55.07268,50.08992,56.35601,59.23681,56.35601,54.23099,60.40695,57.69749,59.80803,59.9333,64.62198,64.4748,65.14599,62.03225,65.19202,64.84597,69.64194,66.76077,62.24147,69.57011,67.41662,66.30988,66.40783,69.07966,65.39113,63.69458,66.18912,63.97656,67.23095,63.50591,59.09315,55.03635,55.54278,60.16644,55.54278,51.47815,50.08992,51.0,48.02083,50.21952,36.13862,39.62323,42.44997,46.57252,42.72002,43.86342,42.05948,46.52956,50.08992,51.97115,55.0,51.86521,58.24946,50.32892,53.8145,52.3259,56.72742,49.20366,49.40648,47.43416,48.30114,48.8774,45.65085,47.42362,45.22168,44.77723,39.21734,42.37924,38.8973,41.4367,35.17101,37.94733,37.94733,34.0147,42.72002,32.89377,35.73514,36.40055,38.47077,37.65634,33.37664,33.52611,33.37664,38.63936,33.73426,34.36568,32.38827,33.73426,31.14482,31.14482,30.41381,31.57531,31.57531,25.70992,33.06055,33.37664,33.95585
5.65685,6.40312,7.2111,7.2111,8.06226,7.2111,8.94427,8.06226,8.94427,10.29563,10.29563,10.29563,10.29563,10.29563,10.29563,12.08305,10.77033,10.77033,10.77033,11.7047,11.7047,11.7047,11.7047,12.64911,13.0,12.64911,12.36932,13.60147,13.60147,14.31782,12.64911,13.60147,13.60147,13.60147,12.36932,13.60147,13.92839,12.08305,11.7047,12.08305,12.64911,11.7047,12.64911,10.77033,10.77033,10.44031,10.77033,9.84886,10.77033,9.84886,10.29563,9.43398,27.51363,25.70992,26.30589,26.4764,24.18677,30.59412,26.24881,37.33631,33.61547,35.4683,34.88553,40.31129,41.48494,40.71855,50.08992,51.89412,53.66563,50.69517,51.89412,50.56679,62.6099,49.64877,55.00909,57.98276,60.03332,60.03332,57.80138,66.57327,61.7171,62.43397,62.76942,61.91123,60.53924,63.51378,61.22091,62.64982,70.21396,66.28725,63.51378,58.82176,60.03332,63.15853,68.7968,59.94164,63.07139,59.05929,57.69749,53.33854,53.22593,54.3783,48.30114,50.77401,45.18849,47.92703,49.24429,50.69517,43.9659,37.01351,43.18565,40.80441,46.2277,43.41659,48.8774,46.64762,44.77723,55.47071,50.92151,50.0,58.5235,60.44005,54.33231,57.14018,49.16299,51.0392,51.24451,50.01,51.24451,44.40721,47.07441,43.73786,48.05206,47.16991,46.23851,42.37924,44.01136,43.01163,44.92215,38.62642,43.82921,43.41659,38.07887,38.91015,34.88553,36.24914,47.41308,39.81206,43.08132,46.95743,36.67424,39.44617,39.56008,34.43835,30.8707,35.8469,40.49691,35.35534,35.51056,33.12099,27.73085,38.07887,33.01515,37.20215,43.08132,30.52868
5.83095,6.7082,6.32456,6.7082,7.28011,7.61577,8.544,8.544,8.544,9.48683,9.48683,10.44031,10.44031,10.44031,10.44031,11.40175,11.40175,10.44031,11.18034,11.40175,11.40175,12.16553,11.40175,12.16553,13.34166,13.34166,13.15295,13.15295,14.14214,13.15295,13.34166,13.15295,13.15295,13.15295,13.34166,12.36932,13.34166,12.36932,12.36932,12.36932,11.40175,12.36932,11.40175,11.40175,10.44031,10.19804,10.44031,10.44031,9.48683,9.48683,9.84886,9.84886,23.32381,24.35159,28.6531,29.0,31.82766,30.41381,31.38471,33.42155,36.05551,37.58989,40.31129,39.44617,49.24429,48.8774,47.50789,52.0,56.35601,52.83938,48.30114,57.69749,60.16644,58.59181,57.00877,59.9333,53.22593,63.15853,61.46544,61.84658,63.24555,68.94926,65.19202,64.4748,66.48308,66.7308,64.84597,63.56099,67.41662,66.40783,70.21396,68.62215,68.35203,68.942,67.97794,66.70832,61.32699,66.21178,58.13777,62.64982,52.80152,57.24509,54.58938,52.35456,51.88449,54.20332,51.97115,53.0,50.44799,39.20459,42.75512,41.23106,42.44997,44.94441,42.72002,41.23106,46.51881,48.76474,50.77401,50.21952,49.40648,53.82379,55.22681,45.27693,49.57822,50.32892,51.40039,46.61545,48.02083,41.59327,49.24429,46.64762,44.41846,44.01136,47.01064,38.91015,38.27532,41.76123,39.0,35.69314,37.33631,37.65634,33.54102,38.60052,39.56008,32.57299,36.40055,34.9285,38.07887,33.37664,36.13862,36.34556,37.48333,35.12834,35.44009,36.67424,33.06055,32.14032,35.01428,33.13608,31.257,34.23449,28.01785,32.38827,30.26549,25.4951
6.32456,6.7082,6.7082,8.06226,7.61577,8.06226,8.94427,8.60233,9.43398,9.43398,10.29563,10.81665,10.81665,10.81665,10.29563,11.6619,11.6619,10.81665,11.40175,12.20656,11.6619,12.20656,11.6619,12.80625,13.60147,12.80625,13.60147,13.60147,14.42221,13.60147,13.0384,13.60147,13.0384,13.0384,13.0384,13.0384,13.0384,12.52996,12.52996,12.52996,12.08305,12.52996,12.52996,10.29563,11.18034,10.29563,11.18034,9.84886,9.84886,9.84886,9.48683,9.48683,29.96665,25.96151,25.31798,29.01724,32.01562,31.0,33.06055,39.11521,38.32754,37.65634,43.18565,43.56604,45.39824,44.72136,44.55334,51.78803,58.24088,53.60037,57.07013,55.10898,64.28841,56.04463,58.82176,61.61169,56.7186,64.62971,57.56735,63.89053,63.24555,70.5195,67.41662,70.34202,63.78871,70.60453,62.96825,68.88396,69.37579,71.56815,66.75328,69.05071,64.56005,64.62971,68.15424,66.4906,66.75328,59.84146,59.21149,57.70615,58.24946,55.3263,53.60037,49.36598,54.23099,50.35871,52.34501,51.15662,52.15362,39.05125,40.80441,41.6173,48.8774,43.56604,45.54119,48.33218,49.0408,53.45091,50.96077,49.47727,49.24429,55.54278,54.74486,55.08176,50.03998,56.14268,49.36598,45.27693,48.76474,44.14748,50.69517,42.05948,42.95346,44.38468,46.17359,39.81206,44.28318,33.54102,42.95346,34.0,39.44617,38.91015,34.0,34.43835,35.51056,33.10589,35.8469,36.35932,38.27532,34.4093,33.01515,35.38361,33.6006,29.41088,30.4795,34.05877,31.14482,31.82766,29.06888,31.82766,32.01562,35.4683,26.24881,27.80288,31.82766,28.84441
6.32456,6.32456,6.32456,7.28011,7.28011,7.07107,8.24621,8.06226,9.05539,9.05539,10.19804,10.04988,10.19804,11.04536,10.19804,11.04536,11.0,11.04536,11.04536,11.04536,12.16553,12.04159,11.04536,13.0,13.0384,13.0,13.0,13.0,14.0,13.0384,13.0384,13.0,13.0,13.0384,13.0,13.0384,14.03567,12.16553,12.04159,12.04159,12.16553,12.04159,12.04159,11.04536,11.18034,10.04988,11.18034,10.19804,10.19804,10.19804,10.44031,9.48683,36.22154,25.07987,30.0,26.30589,29.01724,35.51056,34.36568,38.60052,32.01562,37.10795,37.0,40.71855,42.19005,40.31129,44.92215,45.79301,54.78138,57.27128,51.97115,51.0,59.5063,59.9333,60.53924,57.24509,59.5063,59.16925,57.68882,60.03332,67.23095,66.21933,61.40033,64.41273,60.90156,69.64194,63.41136,63.95311,68.0,67.74216,67.97794,59.16925,63.63175,60.53924,62.76942,63.90618,64.19502,58.69412,61.26989,53.16014,52.20153,49.65884,51.47815,50.9902,51.24451,42.72002,51.92302,50.9902,43.10452,35.77709,39.11521,36.35932,49.40648,37.64306,39.20459,47.38143,40.36087,52.40229,47.50789,51.31277,55.0,58.24946,51.0,55.65968,53.31041,57.00877,45.88028,56.7186,50.24938,48.04165,53.0,47.04253,53.00943,53.03772,44.01136,45.01111,45.17743,44.55334,43.17407,41.7732,40.5216,41.7732,37.12142,46.17359,39.56008,35.69314,33.37664,41.7732,43.01163,39.0,40.4475,43.01163,43.41659,40.8534,31.7805,33.52611,38.27532,34.48188,34.43835,31.01612,30.8707,32.01562,30.8707,41.14608,37.69615,35.17101
5.0,5.09902,6.08276,6.08276,6.08276,7.07107,7.28011,7.28011,7.28011,8.544,9.48683,9.48683,9.48683,9.48683,9.48683,10.77033,10.77033,9.84886,9.84886,10.77033,10.77033,10.77033,10.77033,12.08305,12.08305,12.08305,12.08305,13.0,13.0,12.52996,12.08305,13.0,13.0,12.08305,12.08305,11.7047,12.64911,11.7047,10.77033,11.40175,10.44031,11.7047,11.40175,10.44031,10.44031,9.48683,9.21954,9.48683,9.21954,9.21954,9.05539,9.05539,26.0,29.20616,30.41381,29.06888,30.88689,31.40064,32.57299,40.31129,38.47077,38.07887,41.14608,43.46263,43.46263,42.05948,49.73932,52.95281,58.18935,48.10405,51.24451,61.09828,61.61169,56.64804,55.10898,56.08921,60.16644,62.58594,57.72348,67.68309,64.28841,64.7611,60.41523,65.96969,68.06614,66.28725,61.18823,63.32456,69.35416,67.18631,66.94027,61.84658,62.8172,68.00735,64.28841,61.13101,62.16912,61.13101,54.08327,54.81788,49.72927,55.36244,50.28916,49.39636,50.80354,47.53946,51.89412,47.53946,42.72002,35.90265,38.63936,38.32754,42.04759,46.27094,42.95346,44.55334,49.64877,54.81788,49.33559,52.35456,55.47071,55.4617,49.73932,48.82622,50.60632,49.81967,47.50789,51.08816,47.42362,42.44997,48.41487,42.2019,53.25411,50.80354,38.94868,43.909,43.86342,41.59327,48.02083,32.64966,39.0,38.91015,39.44617,43.08132,41.10961,37.16181,38.07887,39.92493,41.78516,37.85499,32.89377,32.98485,40.49691,33.73426,40.60788,36.05551,36.40055,38.27532,32.69557,31.62278,31.7805,42.57934,34.52535,34.9285,38.58756,25.07987
5.38516,5.83095,6.40312,7.2111,7.2111,7.2111,7.81025,8.60233,8.60233,8.48528,9.21954,9.89949,10.63015,10.63015,10.63015,11.31371,11.31371,9.89949,11.31371,11.31371,11.31371,11.31371,10.63015,11.40175,12.04159,12.72792,13.45362,12.72792,13.45362,12.80625,12.72792,12.72792,12.72792,12.72792,12.72792,12.04159,12.72792,12.04159,11.31371,12.04159,10.63015,12.04159,10.63015,10.63015,10.63015,9.21954,10.0,10.0,10.0,10.0,9.43398,9.43398,29.12044,28.44293,32.01562,30.01666,32.14032,33.54102,31.7805,39.21734,39.56008,39.0,42.72002,44.38468,53.14132,47.16991,49.24429,52.83938,55.00909,56.79789,55.03635,56.36488,62.16912,56.36488,56.0803,61.7171,59.9333,63.95311,59.5063,66.88797,66.64083,69.33974,67.08204,73.43024,64.66065,70.72482,66.28725,71.55418,68.09552,70.83078,69.35416,67.1193,66.18912,66.30988,67.08204,67.53518,63.32456,67.77905,63.32456,59.61543,60.08328,57.93962,57.24509,57.38467,56.36488,54.40588,53.85165,55.36244,52.61179,45.22168,42.42641,41.72529,47.38143,46.75468,50.44799,50.80354,50.21952,54.58938,53.23533,56.79789,55.54278,55.71355,56.32051,52.46904,53.75872,59.22837,49.49747,48.25971,49.09175,50.08992,54.08327,47.16991,46.17359,47.51842,46.38965,45.12206,42.95346,41.76123,43.93177,36.13862,39.56008,35.73514,35.1141,41.10961,39.29377,33.24154,40.49691,37.36308,39.84972,41.10961,38.62642,35.34119,36.24914,36.71512,38.01316,37.94733,36.05551,36.40055,33.12099,34.0147,33.61547,36.23534,30.01666,35.8469,34.17601,23.70654
5.65685,5.65685,6.40312,6.40312,7.2111,7.2111,8.06226,8.06226,8.94427,8.94427,9.43398,8.94427,9.43398,10.29563,9.43398,11.18034,9.84886,10.77033,9.84886,10.77033,10.77033,11.7047,10.77033,11.7047,11.7047,11.7047,12.36932,12.64911,12.64911,12.36932,11.7047,12.64911,12.36932,11.40175,12.64911,12.64911,13.0,11.7047,10.77033,10.77033,11.18034,10.77033,10.77033,9.84886,9.84886,9.48683,9.84886,9.84886,9.84886,9.43398,9.43398,8.60233,24.18677,26.41969,26.87006,28.3196,31.82766,29.69848,33.01515,36.89173,36.23534,38.91015,40.31129,40.24922,45.61798,44.29447,51.97115,47.42362,55.4617,52.3259,53.22593,55.15433,59.77458,53.31041,57.24509,61.46544,56.46238,58.30952,59.80803,65.52099,62.29767,66.76077,63.89053,66.40783,64.56005,70.34202,62.58594,66.40783,64.56005,67.44627,65.19202,60.08328,64.84597,65.39113,62.76942,67.06713,61.46544,61.7414,62.64982,60.00833,55.15433,51.26402,56.46238,52.80152,49.76947,51.47815,52.80152,49.73932,52.20153,41.19466,40.1995,43.73786,44.64303,43.32436,48.8467,45.88028,48.30114,55.54278,52.7731,51.62364,52.69725,54.91812,53.2635,50.91169,52.40229,57.28001,47.01064,51.08816,47.01064,46.64762,47.16991,48.54894,49.09175,44.72136,44.41846,43.08132,41.59327,38.58756,42.54409,37.16181,39.21734,39.92493,33.83785,35.8469,38.27532,34.78505,36.40055,35.44009,35.1141,35.90265,38.32754,39.29377,32.01562,34.52535,32.69557,35.17101,37.10795,36.13862,36.13862,33.54102,32.01562,30.41381,28.63564,33.73426,28.79236,28.44293
5.83095,6.32456,6.32456,7.61577,7.28011,7.28011,8.24621,8.24621,8.24621,9.21954,9.48683,10.19804,10.44031,10.19804,10.44031,12.16553,11.18034,10.19804,11.18034,11.18034,11.18034,12.16553,12.16553,12.16553,13.15295,13.15295,13.0384,13.15295,13.0384,13.0384,12.16553,13.15295,13.15295,12.16553,13.15295,13.15295,13.34166,12.16553,12.16553,11.18034,11.18034,11.18034,12.16553,10.19804,10.19804,10.19804,10.19804,10.19804,10.44031,10.44031,9.48683,9.48683,28.3196,21.2132,25.0,24.59675,27.29469,30.46309,31.04835,35.8469,36.40055,40.80441,41.23106,42.2019,48.05206,48.27007,50.21952,50.80354,54.74486,53.15073,55.31727,53.60037,60.67125,55.31727,55.3263,60.01666,61.13101,61.18823,59.21149,66.0303,63.50591,70.25667,64.38167,66.61081,64.12488,71.25307,62.0,66.61081,67.36468,69.02898,64.28063,61.29437,67.47592,68.73136,67.36468,65.37584,59.84146,61.98387,62.58594,59.84146,54.12947,51.47815,52.7731,53.75872,51.47815,51.1957,55.08176,51.24451,50.92151,38.11824,37.0,38.0526,44.04543,43.56604,45.54119,44.38468,47.53946,50.96077,50.59644,50.9902,50.92151,51.89412,50.77401,49.40648,50.0,56.0357,46.66905,47.50789,46.66905,50.9902,46.69047,49.57822,45.45327,44.41846,44.68781,38.27532,42.72002,37.44329,41.67733,34.48188,40.71855,35.77709,32.24903,36.71512,35.34119,31.7805,35.77709,32.64966,38.91015,33.83785,36.67424,37.21559,34.0147,32.57299,33.54102,33.52611,33.61547,30.08322,30.08322,33.52611,31.01612,30.67572,26.92582,33.12099,32.89377,29.15476
6.08276,6.08276,6.32456,7.28011,7.28011,7.61577,7.61577,7.61577,8.544,8.544,9.48683,9.84886,9.84886,9.84886,9.84886,11.18034,11.18034,9.84886,10.29563,11.18034,11.18034,11.6619,11.18034,11.6619,12.52996,12.52996,13.0384,13.0384,13.89244,12.20656,12.52996,12.52996,13.0384,12.20656,13.0384,12.52996,13.41641,12.08305,12.08305,12.08305,12.08305,12.08305,11.18034,11.18034,10.29563,9.84886,9.84886,9.84886,9.84886,9.48683,9.21954,9.21954,24.69818,26.1725,25.4951,29.0,32.75668,27.29469,35.8469,31.89044,27.73085,33.28663,36.67424,42.94182,46.52956,48.37355,51.42956,46.95743,59.5063,51.07837,47.42362,60.40695,59.09315,57.00877,59.61543,50.08992,57.77543,61.09828,61.09828,60.40695,61.84658,69.57011,61.13101,61.35145,59.61543,61.03278,62.36986,67.62396,64.03124,64.56005,65.74192,61.84658,64.03124,61.77378,60.00833,56.0803,60.16644,60.74537,60.53924,54.58938,50.08992,45.61798,52.3259,50.9902,51.26402,46.09772,49.24429,55.21775,47.88528,39.01282,41.10961,42.04759,41.19466,43.73786,47.07441,45.54119,47.53946,52.39275,46.52956,50.56679,50.08992,56.82429,51.22499,48.9183,51.85557,51.85557,53.75872,47.63402,45.0,47.01064,51.62364,41.67733,50.9902,48.33218,43.82921,42.95346,40.24922,43.86342,43.17407,35.69314,45.54119,41.23106,36.40055,39.62323,32.89377,46.61545,37.10795,36.40055,43.41659,38.60052,37.16181,41.4367,39.56008,40.80441,36.34556,35.69314,37.12142,40.1995,36.49658,38.32754,35.44009,31.04835,43.9659,31.257,40.5216,39.0
6.08276,6.0,7.0,8.0,7.0,8.0,8.06226,8.06226,8.06226,9.21954,10.04988,10.19804,10.19804,10.19804,10.19804,11.40175,11.40175,10.19804,11.40175,11.40175,11.40175,11.40175,11.40175,11.7047,12.64911,12.64911,13.0,12.64911,13.92839,13.0,12.64911,13.60147,12.64911,11.7047,12.64911,12.64911,13.60147,11.40175,11.40175,11.40175,11.40175,12.36932,11.40175,11.40175,10.44031,10.44031,10.44031,10.19804,10.19804,10.19804,10.04988,10.04988,27.89265,25.23886,29.15476,28.63564,28.6007,33.12099,27.80288,36.06938,38.18377,39.44617,43.27817,42.63801,46.40043,51.66237,46.69047,50.0,53.2635,55.07268,54.3783,55.75841,63.97656,56.93856,54.70832,59.36329,60.74537,62.1289,63.28507,63.15853,62.64982,67.54258,61.32699,66.48308,64.41273,63.95311,65.45991,61.03278,65.51336,65.30697,63.51378,64.88451,66.64833,67.95587,55.00909,62.76942,61.58734,62.6099,57.80138,57.80138,52.35456,50.60632,55.9017,52.3259,49.65884,50.21952,51.62364,49.92995,51.85557,42.15448,39.0,39.96248,46.2277,44.68781,48.9183,43.41659,50.9902,53.15073,51.31277,50.44799,49.20366,58.66856,55.56978,52.0,53.31041,58.13777,47.80167,49.0408,58.69412,47.29693,55.22681,48.83646,48.37355,48.01042,48.25971,44.10215,42.19005,42.10701,43.73786,42.04759,42.0119,41.10961,37.85499,42.44997,34.05877,39.01282,41.10961,42.0,45.01111,41.10961,46.04346,36.0,42.0,36.12478,38.63936,38.01316,38.63936,32.24903,44.38468,40.0125,41.19466,41.01219,32.01562,36.05551,33.06055,36.49658
5.09902,5.38516,5.38516,6.32456,6.32456,6.32456,7.61577,7.61577,7.61577,8.06226,8.94427,8.94427,8.94427,8.94427,9.84886,10.29563,10.29563,9.43398,10.29563,10.29563,10.29563,10.81665,10.29563,11.6619,11.6619,12.20656,12.20656,12.20656,13.0384,12.20656,11.6619,11.6619,12.20656,11.6619,12.20656,11.6619,12.52996,11.6619,10.81665,11.6619,10.29563,11.18034,10.29563,9.43398,9.43398,9.43398,9.43398,8.94427,8.94427,8.94427,8.94427,8.544,22.47221,24.16609,24.35159,25.4951,31.57531,30.26549,30.14963,36.05551,37.01351,36.12478,41.04875,39.31921,47.09565,48.37355,46.27094,48.83646,52.61179,51.78803,54.45181,57.70615,60.82763,52.46904,54.34151,56.7186,54.45181,61.39218,62.8172,65.25335,64.7611,68.00735,65.80274,62.8172,64.93843,67.26812,65.19202,64.93843,65.14599,67.44627,68.44706,67.18631,65.73431,66.75328,60.20797,63.95311,61.0,63.15061,57.21888,60.53098,53.75872,50.9902,53.15073,51.78803,49.49747,50.35871,48.09366,52.03845,49.0408,42.54409,37.58989,42.04759,41.4367,42.72002,43.17407,44.72136,44.91102,50.48762,50.24938,46.09772,51.0392,55.00909,52.23983,49.64877,50.0,51.5461,48.76474,43.9659,50.15974,45.88028,49.24429,44.01136,47.92703,43.41659,43.38202,42.2019,41.34005,42.0119,41.10961,35.80503,38.41875,40.45986,35.0,37.64306,34.4093,35.38361,34.20526,35.38361,39.69887,36.06938,37.48333,38.20995,39.62323,33.30165,34.65545,34.71311,33.97058,33.94113,32.64966,28.42534,34.20526,32.64966,28.28427,31.82766,34.65545,29.69848
5.0,5.0,5.0,5.83095,5.83095,6.40312,7.2111,7.2111,8.06226,8.06226,8.06226,8.94427,8.94427,8.94427,9.43398,9.84886,9.84886,8.94427,10.77033,9.84886,10.77033,9.84886,9.84886,11.7047,11.7047,11.7047,11.7047,12.64911,12.64911,11.40175,11.7047,12.64911,11.7047,11.7047,11.7047,11.7047,12.08305,11.18034,10.77033,10.77033,9.84886,10.77033,10.77033,9.84886,9.84886,8.94427,8.94427,8.94427,8.94427,8.94427,8.60233,8.60233,27.29469,25.29822,27.45906,21.9545,30.61046,31.40064,34.65545,35.38361,34.71311,38.20995,39.66106,41.04875,46.40043,44.20407,47.50789,52.43091,51.73973,52.43091,49.81967,54.08327,61.03278,54.03702,57.70615,59.5399,58.00862,58.66856,57.14018,65.74192,63.51378,68.0,61.58734,65.8635,63.63175,67.53518,62.17717,65.19202,66.64833,67.1193,66.85058,67.53518,61.91123,68.24222,65.0,60.21628,59.90826,63.28507,56.61272,58.83026,56.30275,53.0,54.91812,52.15362,55.75841,49.67897,48.27007,50.24938,48.16638,40.80441,41.23106,40.16217,42.54409,45.79301,45.48626,43.26662,44.82187,52.80152,48.83646,50.20956,48.16638,58.25805,54.56189,54.40588,49.92995,52.69725,50.08992,51.89412,46.51881,47.92703,52.0,48.38388,46.32494,47.85394,44.91102,39.45884,43.18565,42.57934,41.97618,33.37664,39.11521,39.05125,34.36568,35.22783,34.23449,35.22783,39.31921,33.01515,37.0,37.05401,36.49658,38.01316,37.05401,33.01515,38.0526,34.0147,34.05877,31.0,35.01428,31.0,34.0147,34.0,29.0,35.0,31.01612,27.0
5.09902,5.0,6.0,6.0,6.0,7.0,7.0,8.0,8.06226,8.06226,9.05539,9.05539,10.04988,9.05539,10.04988,10.04988,10.19804,10.04988,10.19804,10.19804,10.04988,11.18034,10.19804,11.40175,12.16553,12.36932,12.36932,12.16553,13.34166,12.36932,12.16553,12.36932,12.36932,11.18034,12.16553,12.16553,12.16553,12.16553,11.18034,11.18034,11.04536,11.04536,10.04988,10.19804,10.04988,9.05539,9.05539,9.05539,9.05539,9.05539,9.0,9.0,21.9545,25.80698,30.61046,25.4951,33.54102,32.75668,33.12099,36.24914,35.8469,40.16217,40.49691,42.72002,47.12749,48.38388,49.64877,50.48762,55.7853,57.56735,55.65968,58.69412,63.56099,60.16644,55.10898,59.90826,55.08176,64.28841,62.58594,64.77654,64.93843,71.34424,66.48308,69.2315,66.48308,68.88396,63.3877,65.73431,70.03571,70.85901,68.15424,68.65858,69.2315,69.12308,67.46851,65.30697,61.68468,62.93648,57.00877,59.48109,53.60037,54.81788,53.45091,56.04463,56.04463,52.49762,52.49762,53.14132,54.12024,41.4367,40.0125,44.01136,43.04649,46.38965,48.37355,44.72136,48.38388,55.36244,53.75872,53.14132,50.56679,58.13777,54.12024,51.61395,51.22499,55.47071,53.07542,53.15073,49.51767,51.08816,49.51767,46.40043,46.09772,50.21952,47.43416,45.79301,41.67733,38.83298,44.94441,35.4683,37.69615,40.24922,38.94868,37.57659,38.94868,35.77709,40.31129,31.01612,39.35734,41.14608,39.35734,39.21734,39.0,36.13862,33.54102,37.64306,35.1141,36.40055,35.73514,34.78505,32.28002,35.1141,31.32092,36.40055,31.62278,31.32092
6.08276,7.07107,7.0,8.0,8.0,8.0,9.0,9.0,9.05539,9.05539,10.04988,11.04536,10.04988,11.04536,11.04536,12.16553,11.18034,11.18034,11.18034,12.16553,12.16553,12.16553,12.16553,12.36932,13.15295,12.36932,13.34166,13.34166,13.34166,13.60147,13.34166,13.34166,13.34166,13.34166,13.34166,13.15295,14.14214,12.16553,12.16553,12.16553,12.16553,12.16553,12.16553,11.04536,11.04536,10.04988,11.04536,10.04988,10.04988,10.0,10.0,10.0,26.0,28.79236,30.14963,29.06888,30.14963,33.13608,37.12142,41.59327,37.33631,39.62323,41.76123,43.93177,49.64877,49.33559,49.0306,51.92302,60.08328,55.08176,56.32051,58.18935,64.4748,58.5235,60.00833,58.87274,62.03225,64.2573,65.9242,64.84597,67.6757,70.68239,65.9242,65.39113,70.68239,75.13322,64.88451,65.0,66.64833,68.96376,71.30919,66.64083,68.44706,66.09841,70.83784,67.77905,66.40783,61.46544,63.89053,61.46544,55.7853,56.30275,56.46238,56.30275,55.71355,55.02727,52.17279,53.93515,51.08816,39.82462,42.80187,44.20407,50.80354,44.94441,51.89412,44.29447,50.32892,55.4617,55.65968,51.66237,52.63079,58.69412,57.42822,55.03635,53.08484,56.0803,48.37355,51.62364,47.67599,48.50773,50.63596,48.27007,53.85165,48.38388,45.70558,45.54119,44.59821,39.35734,38.27532,35.4683,38.01316,39.35734,31.95309,38.48376,36.24914,36.24914,36.23534,34.0,35.8469,37.73592,40.24922,35.80503,37.01351,37.21559,38.07887,35.51056,34.1321,32.20248,34.4093,34.4093,33.61547,32.44996,32.20248,36.05551,34.0,28.6531
5.83095,6.40312,5.65685,7.07107,7.07107,7.07107,7.81025,7.81025,8.60233,8.60233,9.21954,10.0,9.21954,10.0,9.21954,10.81665,10.81665,10.0,10.29563,10.29563,10.81665,11.18034,10.81665,11.6619,11.6619,12.52996,12.08305,12.52996,13.0,12.08305,11.6619,12.08305,12.08305,12.08305,12.08305,11.6619,12.20656,11.40175,10.81665,11.6619,10.81665,10.81665,10.81665,9.43398,9.43398,9.43398,9.43398,9.43398,10.0,9.21954,9.21954,8.48528,21.93171,37.64306,27.29469,30.8707,29.27456,29.12044,36.68787,36.05551,39.05125,40.31129,41.30375,41.04875,47.01064,44.10215,48.04165,56.00893,55.14526,57.42822,53.15073,61.18823,63.00794,64.0,55.03635,61.07373,57.42822,55.44367,65.03076,64.0,60.20797,64.12488,65.00769,65.76473,61.13101,64.00781,66.0303,59.21149,69.02898,65.12296,60.00833,61.0082,70.00714,68.18358,63.12686,62.64982,63.34824,63.28507,59.5399,57.07889,54.23099,49.81967,54.58938,50.48762,50.48762,54.34151,45.60702,52.49762,46.84015,44.10215,40.24922,41.23106,45.18849,45.18849,44.72136,43.17407,46.69047,50.35871,46.01087,52.03845,58.0,56.0357,50.21952,46.87217,55.15433,51.5461,55.15433,50.59644,48.75449,46.51881,56.0803,49.73932,47.20169,40.80441,52.69725,43.84062,45.60702,43.27817,44.55334,39.62323,41.7732,34.65545,37.48333,36.06938,42.52058,36.87818,39.59798,41.72529,46.40043,35.60899,42.63801,44.04543,38.41875,36.06938,39.05125,33.30165,40.80441,36.87818,36.40055,35.38361,38.58756,45.0,35.4683,34.71311,36.06938,34.43835
5.09902,6.08276,6.0,7.0,7.07107,7.07107,8.0,8.0,8.0,8.0,9.0,9.05539,10.04988,10.04988,10.04988,11.04536,10.04988,10.04988,10.19804,10.04988,11.04536,11.18034,10.04988,12.36932,12.16553,12.16553,12.16553,12.16553,13.34166,12.36932,12.16553,12.36932,12.16553,12.16553,12.16553,12.16553,12.16553,12.04159,11.18034,11.04536,11.04536,11.04536,11.04536,10.04988,10.0,9.05539,10.0,10.0,9.0,9.0,9.05539,9.05539,25.4951,26.01922,23.25941,25.0,32.75668,36.71512,25.80698,39.11521,32.75668,45.34314,41.7732,44.55334,50.20956,48.83646,51.08816,56.58622,53.75872,50.24938,55.15433,54.20332,61.84658,55.97321,57.2014,61.7171,59.5483,63.12686,62.482,60.21628,64.81512,67.42403,70.0,71.61006,63.60031,69.11584,67.23095,69.2026,66.8431,64.63745,67.35726,66.70832,60.959,65.05382,65.43699,67.94115,62.36986,63.70243,60.82763,57.38467,52.40229,51.66237,55.15433,51.73973,51.66237,49.81967,48.10405,46.40043,44.65423,39.81206,40.31129,46.23851,45.69464,44.77723,42.2019,42.72002,50.44799,50.20956,44.55334,47.38143,53.8145,60.30755,52.63079,51.97115,53.48832,52.7731,52.7731,45.31004,52.88667,48.8467,50.01,49.09175,47.53946,45.54119,52.15362,47.0,50.08992,39.11521,45.27693,37.12142,37.21559,41.0,32.55764,37.48333,43.41659,40.04997,37.48333,33.13608,37.21559,37.21559,38.32754,36.12478,35.0,39.45884,31.257,39.05125,33.01515,36.13862,37.21559,34.1321,39.45884,35.17101,38.07887,30.08322,36.13862,30.08322
5.0,4.47214,6.32456,6.32456,6.32456,6.32456,7.28011,7.28011,8.24621,8.24621,8.24621,9.21954,9.21954,9.21954,9.21954,11.04536,10.04988,10.04988,10.04988,10.04988,10.19804,11.04536,11.04536,12.04159,11.18034,11.04536,12.0,13.0384,12.0,13.0,12.04159,12.0,12.0,12.04159,12.0,12.04159,12.04159,11.18034,11.04536,10.04988,11.04536,11.04536,11.04536,9.0,10.04988,9.05539,9.05539,9.05539,9.21954,9.05539,8.24621,8.24621,25.6125,29.06888,28.30194,29.96665,29.52965,30.8707,31.7805,38.27532,36.40055,41.76123,41.97618,42.57934,47.51842,46.32494,48.76474,51.15662,56.88585,52.23983,56.7186,58.21512,63.28507,57.07889,58.00862,58.13777,59.3043,64.07027,58.07753,66.1211,68.02941,68.02941,67.00746,70.00714,61.03278,73.33485,64.62971,67.02984,68.35934,69.35416,69.06519,68.18358,66.06815,69.06519,64.00781,66.0,65.03076,62.0,66.06815,57.07889,56.0357,53.00943,55.00909,56.00893,58.00862,52.34501,56.0803,52.23983,50.96077,43.18565,43.10452,41.01219,44.04543,45.39824,46.57252,43.93177,47.53946,56.04463,50.92151,50.56679,50.9902,59.61543,54.3783,55.75841,49.40648,56.30275,48.27007,50.91169,46.69047,49.57822,49.51767,47.50789,48.27007,45.48626,48.27007,45.79301,45.79301,39.96248,41.6173,32.44996,43.04649,34.0,38.01316,30.88689,35.51056,33.61547,35.35534,36.23534,35.34119,42.04759,37.44329,40.24922,36.23534,33.10589,40.70626,31.7805,35.8469,31.38471,35.8469,34.0,37.12142,34.48188,28.6531,32.69557,33.12099,31.38471
5.09902,5.38516,5.83095,6.7082,6.7082,6.7082,6.7082,7.2111,8.06226,8.06226,8.06226,8.60233,9.43398,10.0,9.43398,10.0,9.21954,10.0,10.0,10.0,10.81665,11.40175,10.0,12.04159,11.40175,12.04159,12.04159,12.04159,12.04159,12.04159,11.40175,12.04159,12.04159,11.40175,11.40175,11.40175,12.20656,10.81665,11.40175,10.81665,10.81665,11.40175,10.0,10.0,9.43398,8.60233,9.43398,9.43398,9.43398,8.06226,8.94427,8.94427,27.29469,28.86174,27.07397,26.01922,32.06244,28.16026,36.12478,36.67424,34.20526,38.60052,35.73514,42.72002,47.75982,50.44799,49.72927,51.26402,57.00877,55.71355,50.69517,55.71355,59.61543,53.48832,58.59181,60.82763,60.53924,63.15853,65.39113,65.39113,65.9242,67.53518,64.41273,67.54258,67.77905,66.64833,70.23532,62.24147,68.8767,70.66116,71.69379,60.41523,68.44706,66.09841,67.6757,66.85058,59.23681,70.26379,56.921,62.64184,54.70832,51.5461,60.00833,53.75872,55.97321,53.85165,53.45091,51.66237,50.80354,43.27817,37.48333,39.05125,48.01042,47.16991,46.06517,46.14109,49.64877,54.12947,54.12024,54.12024,50.44799,57.97413,56.7186,51.08816,55.00909,53.00943,52.00961,51.0098,51.78803,51.78803,51.97115,50.96077,48.76474,46.57252,43.68066,40.31129,41.78516,42.15448,44.38468,38.01316,40.71855,39.56008,37.69615,39.35734,35.77709,34.88553,35.77709,37.21559,31.76476,35.8469,41.59327,36.67424,35.34119,33.83785,37.01351,33.83785,33.28663,35.22783,37.44329,31.90611,37.21559,35.22783,31.89044,35.51056,34.48188,31.7805
4.47214,5.38516,6.32456,6.32456,6.32456,6.32456,7.28011,7.28011,8.24621,8.24621,9.21954,9.21954,9.21954,9.21954,9.21954,10.19804,10.04988,10.04988,10.04988,11.18034,10.19804,11.18034,11.18034,12.04159,12.16553,12.04159,12.04159,13.0384,13.0384,12.0,12.04159,13.0384,12.04159,12.04159,12.04159,12.04159,13.0384,11.18034,11.18034,11.18034,11.18034,11.04536,11.04536,10.04988,10.19804,9.05539,10.19804,9.21954,9.21954,9.21954,9.21954,8.544,26.57066,30.26549,37.21559,25.4951,30.14963,32.57299,40.80441,32.75668,38.07887,43.9659,42.04759,34.0147,47.92703,51.47815,51.86521,50.56679,56.64804,54.70832,52.47857,54.08327,59.48109,54.78138,54.81788,62.68174,58.24946,65.73431,63.82006,67.00746,65.29931,64.03124,60.0,66.4003,63.51378,71.02816,56.30275,70.45566,68.00735,73.60027,64.88451,61.84658,58.00862,66.85058,71.8401,65.8635,62.26556,62.17717,60.41523,57.68882,51.86521,52.69725,50.0,48.25971,53.0,50.9902,50.15974,47.92703,45.54119,43.13931,44.04543,43.82921,46.32494,44.94441,48.33218,48.54894,46.09772,44.94441,49.65884,54.40588,52.46904,58.46366,53.23533,54.33231,46.01087,50.15974,50.01,51.0392,50.15974,46.84015,53.46027,43.68066,45.35416,54.74486,45.35416,43.41659,42.72002,42.72002,42.04759,32.69557,37.73592,42.15448,43.82921,32.75668,34.98571,29.73214,36.76955,33.01515,41.88078,40.31129,40.49691,36.87818,38.58756,34.53983,31.241,41.34005,37.58989,37.80212,38.01316,32.24903,36.67424,39.82462,34.9285,36.40055,36.68787,31.32092
5.83095,6.40312,7.07107,7.81025,7.81025,8.60233,9.21954,9.21954,9.21954,9.89949,10.63015,9.89949,10.63015,10.63015,11.31371,11.31371,12.04159,11.31371,12.04159,12.04159,12.04159,12.04159,12.04159,12.80625,13.45362,13.45362,13.60147,14.21267,14.21267,13.60147,14.21267,14.21267,14.21267,13.45362,14.21267,12.80625,13.45362,12.72792,12.04159,12.72792,12.04159,12.72792,12.04159,11.31371,11.31371,10.63015,9.89949,11.31371,9.89949,10.63015,10.0,10.0,24.75884,30.61046,31.14482,34.05877,30.52868,33.10589,34.48188,38.47077,39.84972,39.39543,39.56008,39.29377,43.32436,46.57252,42.37924,48.6621,50.44799,51.97115,49.98,52.88667,58.13777,58.24088,57.14018,55.10898,58.85576,61.40033,57.87055,65.37584,65.12296,61.52235,66.61081,60.29925,64.12488,66.0,61.07373,62.80127,68.18358,72.00694,68.00735,65.06919,66.28725,61.61169,61.40033,64.19502,56.56854,53.36666,64.53681,62.8172,48.37355,44.72136,45.89118,50.01,47.09565,51.41984,47.53946,46.57252,42.95346,37.01351,42.04759,45.54119,42.10701,48.27007,43.17407,38.60052,43.86342,49.39636,54.20332,51.0,53.31041,54.56189,49.64877,50.60632,46.69047,53.07542,43.41659,48.79549,38.94868,50.93133,53.2635,44.77723,44.94441,48.54894,47.43416,43.82921,39.44617,45.69464,43.60046,39.21734,42.95346,39.21734,36.76955,37.64306,42.37924,37.0,41.10961,38.8973,47.42362,37.0,43.46263,37.36308,32.31099,36.40055,33.24154,36.40055,39.84972,35.77709,34.17601,34.88553,31.62278,34.78505,31.04835,36.76955,30.8707,32.24903
5.0,5.09902,6.32456,6.32456,7.28011,7.28011,7.61577,7.61577,8.544,8.544,9.48683,9.84886,9.48683,9.48683,9.84886,10.77033,10.77033,10.77033,9.84886,10.77033,11.18034,11.18034,11.18034,11.6619,12.08305,12.52996,12.52996,13.41641,13.41641,12.52996,12.08305,12.52996,12.52996,12.52996,12.08305,12.08305,13.0,11.7047,10.77033,10.77033,11.7047,10.77033,10.77033,9.84886,9.84886,8.94427,9.84886,9.48683,9.48683,9.48683,9.21954,8.24621,26.1725,24.04163,26.92582,26.57066,26.24881,26.92582,30.36445,33.73426,38.32754,38.47077,39.81206,41.0,46.32494,47.38143,47.07441,48.0,51.15662,51.15662,53.23533,55.57877,61.13101,55.08176,55.08176,57.55867,55.44367,61.07373,61.07373,65.03076,61.07373,66.06815,61.0082,67.0,63.03174,70.00714,62.20129,66.0,63.00794,67.02984,67.74216,65.06919,65.03076,63.3877,64.28063,65.00769,58.42089,60.03332,57.31492,62.00806,54.58938,51.35173,54.58938,52.46904,52.15362,50.63596,47.85394,48.05206,49.64877,40.80441,39.29377,39.81206,40.60788,41.19466,44.04543,42.0119,43.28972,50.35871,48.6621,49.0408,51.5461,57.97413,54.23099,50.9902,51.0,52.7731,47.70744,46.14109,46.87217,49.0408,46.8615,43.93177,46.40043,43.27817,45.45327,36.87818,39.82462,36.61967,42.42641,34.20526,37.20215,38.83298,33.01515,36.40055,37.01351,36.23534,36.40055,33.01515,39.66106,34.43835,39.40812,36.23534,39.96248,35.8469,30.0,33.83785,34.53983,32.69557,32.44996,30.41381,31.90611,31.76476,34.0147,31.40064,34.1321,28.42534
6.08276,6.08276,7.0,7.0,8.0,8.0,8.0,9.05539,9.05539,9.05539,10.0,10.04988,11.04536,11.04536,10.04988,12.16553,11.18034,11.04536,11.18034,12.16553,12.16553,12.16553,12.16553,12.36932,13.34166,13.34166,13.34166,14.31782,14.31782,13.34166,13.15295,14.31782,14.31782,13.34166,13.15295,13.15295,14.14214,12.16553,12.16553,12.16553,12.04159,12.16553,12.16553,11.18034,11.04536,11.18034,11.04536,11.04536,11.04536,10.04988,10.0,9.0,35.35534,33.52611,25.07987,29.27456,35.8469,35.73514,33.83785,36.67424,36.23534,47.50789,35.60899,44.40721,47.80167,45.65085,51.62364,47.80167,60.03332,55.22681,54.6443,56.61272,66.06815,58.41233,56.56854,55.17246,61.61169,60.21628,64.53681,61.22091,59.5483,65.29931,64.38167,68.11755,61.52235,67.35726,60.82763,65.94695,68.76772,65.8559,66.57327,66.70832,59.5483,62.80127,65.21503,61.7171,63.00794,58.82176,56.61272,58.82176,54.6443,55.44367,52.00961,51.86521,51.22499,45.27693,50.24938,55.9017,43.41659,40.31129,43.41659,40.49691,44.68781,42.44997,47.50789,49.51767,53.2635,50.0,51.86521,54.91812,52.35456,55.56978,55.4617,45.31004,52.95281,60.08328,48.27007,47.67599,44.91102,52.20153,48.09366,52.7731,46.38965,44.10215,43.18565,45.27693,41.19466,36.22154,48.25971,37.0,43.73786,41.4367,35.0571,40.02499,38.63936,33.13608,40.02499,35.44009,37.05401,34.9285,45.35416,37.0,40.60788,38.32754,37.16181,37.64306,42.95346,38.60052,38.32754,29.27456,37.48333,41.0,35.4683,43.17407,33.95585,27.01851
5.83095,5.83095,6.7082,6.7082,7.61577,7.61577,8.544,8.544,9.48683,9.48683,9.84886,9.48683,10.44031,10.77033,10.44031,11.40175,10.44031,10.44031,11.40175,11.40175,11.40175,11.40175,11.40175,12.36932,12.36932,12.36932,12.16553,13.34166,13.34166,13.15295,12.36932,13.34166,12.36932,12.36932,13.34166,12.36932,12.36932,12.64911,12.36932,11.7047,11.40175,11.40175,11.40175,10.44031,10.44031,10.44031,10.44031,9.84886,9.84886,9.84886,9.84886,9.84886,21.93171,23.70654,26.92582,30.61046,33.97058,29.83287,29.41088,37.01351,32.44996,39.82462,40.49691,43.41659,48.01042,45.80393,47.70744,51.89412,56.60389,53.66563,53.33854,56.93856,61.26989,57.3062,56.85948,60.03332,59.68249,63.52952,62.16912,63.97656,66.64083,68.70953,65.9242,65.9242,68.54196,69.07966,64.19502,64.88451,65.79514,67.23095,63.06346,64.40497,65.29931,67.1193,65.30697,65.29931,61.29437,61.77378,58.66856,60.41523,55.47071,51.10773,56.60389,53.0,53.53504,52.43091,50.21952,52.63079,45.0,40.11234,42.2019,40.02499,47.80167,41.10961,44.77723,45.31004,51.0,51.0,48.02083,50.47772,48.60041,57.42822,54.56189,51.73973,48.27007,50.9902,46.40043,48.01042,46.61545,47.16991,49.64877,45.65085,45.65085,44.28318,43.46263,40.8534,40.16217,42.72002,43.08132,33.73426,35.44009,37.0,35.44009,36.87818,34.71311,31.62278,35.73514,35.17101,37.10795,32.38827,32.01562,32.98485,32.75668,32.38827,31.40064,29.61419,36.34556,34.36568,34.1321,33.24154,33.24154,28.16026,27.45906,30.41381,30.41381,27.89265
5.83095,6.40312,7.81025,7.81025,7.81025,7.81025,8.48528,8.48528,9.89949,9.89949,9.89949,10.63015,10.63015,10.63015,9.89949,11.40175,11.40175,10.63015,11.40175,12.04159,12.04159,12.20656,12.04159,12.80625,12.80625,12.80625,13.0384,13.60147,13.60147,13.0384,12.80625,13.60147,13.60147,12.80625,12.80625,12.80625,13.45362,12.04159,12.04159,11.31371,12.04159,12.04159,12.04159,10.63015,10.63015,10.63015,10.63015,9.89949,9.89949,9.89949,10.0,9.21954,28.6531,24.04163,26.40076,26.0,34.53983,31.76476,27.89265,33.54102,41.01219,38.11824,41.4367,49.0102,44.72136,52.23983,56.0357,49.0,55.00909,56.0803,49.0408,57.14018,60.0,50.0,53.33854,58.13777,55.03635,59.3043,62.0,65.49046,67.02984,75.16648,64.0,62.39391,62.1289,72.00694,60.40695,65.00769,61.40033,65.73431,65.06919,63.28507,61.66036,66.0303,66.0,64.0,62.03225,63.07139,60.07495,63.0,50.03998,50.08992,48.25971,49.36598,52.00961,48.09366,47.38143,50.9902,45.54119,40.24922,42.72002,43.01163,44.14748,43.18565,49.25444,42.19005,49.0408,49.0408,57.00877,55.57877,51.78803,59.13544,55.08176,49.64877,52.20153,58.69412,45.48626,48.8467,47.70744,50.60632,59.20304,48.08326,52.69725,51.22499,44.82187,44.04543,43.84062,43.86342,44.59821,34.20526,43.18565,35.0,40.31129,41.23106,40.0,40.49691,39.62323,49.64877,41.03657,43.04649,35.22783,36.23534,38.28838,36.71512,36.87818,35.80503,35.4683,33.6006,39.69887,35.38361,38.60052,42.0119,36.35932,36.76955,38.28838,38.20995
5.83095,5.83095,6.40312,7.2111,7.2111,7.2111,7.81025,7.81025,8.48528,8.48528,9.21954,9.89949,9.89949,9.89949,9.89949,10.63015,10.63015,10.63015,10.0,10.63015,10.63015,10.81665,10.63015,12.20656,12.20656,12.20656,11.6619,13.0384,13.0384,12.52996,11.6619,12.20656,12.52996,12.20656,13.0384,12.20656,12.80625,12.04159,11.40175,11.40175,11.40175,11.40175,10.81665,10.0,10.0,10.0,10.0,10.0,9.21954,9.21954,9.89949,9.21954,24.18677,27.16616,29.73214,26.24881,30.88689,33.83785,35.34119,36.89173,34.71311,38.27532,42.52058,45.27693,48.08326,50.44799,50.60632,53.07542,57.98276,51.73973,53.2635,58.72819,62.24147,57.38467,58.25805,60.44005,60.1415,57.48913,63.89053,67.62396,63.65532,67.80118,68.76772,66.8431,68.68042,66.4003,66.88797,70.29225,69.63476,69.06519,71.02816,63.60031,66.70832,70.76722,63.70243,67.35726,64.38167,65.8559,56.63921,63.70243,55.97321,58.79626,58.41233,53.07542,51.61395,50.9902,55.86591,52.40229,52.20153,42.2019,43.93177,46.01087,46.75468,46.09772,46.2277,47.38143,47.80167,55.60576,54.12024,53.7122,52.39275,57.70615,51.5461,49.64877,50.96077,55.97321,53.15073,49.81967,51.97115,47.38143,49.0408,44.55334,48.01042,48.09366,47.09565,42.19005,43.18565,41.30375,41.30375,36.34556,39.11521,41.10961,37.05401,41.19466,34.1321,39.45884,40.4475,34.9285,37.33631,38.83298,39.20459,32.28002,37.48333,33.37664,39.29377,37.10795,34.71311,32.75668,36.34556,35.73514,29.41088,33.24154,34.48188,27.65863,33.06055,31.01612
5.0,5.09902,5.38516,6.32456,6.32456,6.32456,7.61577,7.61577,7.61577,7.61577,9.48683,8.94427,9.84886,8.94427,9.84886,10.29563,10.29563,10.29563,10.29563,10.81665,10.29563,10.81665,10.29563,11.6619,11.6619,11.6619,11.40175,12.20656,12.80625,12.04159,12.20656,12.20656,12.80625,12.20656,11.40175,11.6619,12.52996,11.6619,11.18034,10.81665,10.29563,10.81665,10.81665,10.29563,9.43398,8.60233,9.43398,9.43398,8.94427,8.94427,8.544,8.544,26.68333,26.92582,27.07397,24.02082,31.57531,31.04835,28.63564,37.0,35.4683,38.60052,42.37924,43.9659,48.10405,49.24429,46.09772,50.11986,59.09315,53.23533,48.30114,55.00909,63.07139,58.13777,56.93856,59.5399,60.92618,63.56099,64.41273,65.19202,63.06346,67.6757,65.8635,67.60178,66.64833,66.37017,65.21503,66.24198,68.96376,66.88797,70.66116,65.8635,65.76473,69.83552,66.18912,67.53518,59.48109,66.64083,59.94164,59.03389,57.27128,54.78138,53.7122,53.85165,51.47815,50.28916,49.0408,50.56679,51.24451,41.7732,41.10961,44.04543,47.20169,46.32494,44.77723,47.42362,48.33218,57.38467,52.20153,50.59644,54.12024,60.87693,53.36666,54.14795,53.03772,56.00893,55.00909,49.0408,52.15362,49.64877,51.1957,44.14748,49.0306,47.53946,43.93177,40.8534,44.59821,41.14608,43.08132,37.0,40.31129,42.72002,35.4683,40.70626,35.4683,39.39543,39.0,36.76955,41.23106,34.0,40.49691,35.51056,38.91015,36.76955,40.71855,35.8469,31.90611,38.07887,32.24903,33.61547,29.96665,33.12099,31.01612,33.61547,33.10589,31.7805
5.65685,6.40312,7.2111,7.2111,7.81025,7.2111,8.06226,8.06226,9.43398,9.43398,9.43398,10.29563,10.81665,10.29563,10.29563,11.18034,11.18034,10.29563,11.18034,11.18034,11.18034,12.08305,11.18034,12.08305,12.52996,12.08305,13.0,13.0,13.0,12.64911,12.08305,13.41641,13.0,13.0,12.08305,13.0,12.52996,12.52996,12.52996,11.18034,11.6619,11.6619,11.18034,10.29563,10.29563,10.29563,10.29563,10.29563,9.43398,10.0,10.0,9.21954,26.0,25.29822,24.75884,29.20616,29.06888,33.94113,33.6006,38.28838,35.35534,39.40812,45.0,44.29447,48.82622,46.87217,46.04346,48.75449,58.66856,56.35601,55.22681,56.79789,62.64982,56.35601,58.69412,59.68249,60.53924,63.95311,60.37384,65.0,68.44706,70.5195,68.44706,71.69379,65.39113,68.02941,66.12866,69.857,67.97794,70.26379,75.29276,67.1193,68.02941,71.19691,65.76473,70.26379,62.96825,62.76942,63.63175,57.80138,59.16925,58.30952,60.03332,54.20332,53.53504,53.0,53.33854,50.47772,50.32892,42.04759,44.14748,42.42641,46.84015,44.64303,45.31004,47.85394,46.95743,54.20332,47.50789,52.35456,53.33854,56.30275,55.0,56.58622,54.48853,55.31727,48.27007,49.20366,50.24938,50.47772,50.56679,46.52956,45.65085,46.61545,47.01064,42.15448,39.39543,42.05948,39.84972,38.27532,37.64306,36.40055,35.44009,40.02499,35.17101,32.57299,32.57299,35.73514,37.64306,37.94733,36.87818,35.51056,34.48188,32.75668,37.48333,32.38827,33.37664,36.22154,34.1321,32.98485,29.42788,35.0571,25.31798,31.40064,32.01562,31.32092
5.65685,5.65685,6.40312,6.40312,6.40312,7.2111,8.06226,7.2111,8.06226,8.06226,9.43398,8.94427,9.84886,10.29563,9.43398,11.18034,10.77033,9.84886,10.77033,11.18034,11.18034,10.77033,9.84886,11.7047,11.7047,11.7047,11.7047,12.64911,13.0,12.64911,11.7047,13.0,12.64911,12.08305,12.08305,11.7047,13.0,12.08305,11.7047,11.18034,11.18034,11.18034,9.84886,9.84886,10.29563,8.94427,9.43398,9.43398,9.43398,8.94427,9.43398,8.60233,25.63201,27.73085,28.6531,26.92582,31.40064,31.40064,36.06938,34.65545,35.4683,38.41875,43.18565,42.80187,47.50789,46.8615,49.57822,50.47772,56.40035,57.14018,54.03702,55.0,60.46487,57.80138,58.30952,58.82176,59.36329,67.20119,60.74537,68.26419,65.45991,68.96376,66.57327,68.26419,68.50547,66.7308,62.6099,64.89992,67.74216,70.23532,68.24222,66.88797,67.41662,69.06519,67.95587,67.20119,62.62587,65.0,57.62812,67.20119,56.72742,56.85068,57.2014,50.9902,53.90733,56.0803,52.63079,49.49747,50.32892,40.02499,43.08132,41.4367,46.51881,46.06517,47.01064,45.48626,50.21952,56.85068,53.75872,53.74012,52.34501,56.58622,55.44367,48.82622,53.0,55.22681,49.39636,50.15974,46.48656,45.54119,50.32892,47.75982,45.88028,46.32494,47.12749,46.09772,43.41659,42.57934,43.56604,38.47077,38.32754,34.52535,33.54102,36.22154,37.01351,36.12478,39.31921,36.49658,40.79216,38.0,41.10961,33.06055,37.01351,35.01428,34.71311,34.05877,37.0,33.13608,35.0571,35.0571,36.01389,32.06244,31.06445,32.06244,33.06055,26.07681
5.0,6.08276,6.08276,7.07107,7.07107,7.07107,7.28011,8.24621,8.24621,8.24621,9.21954,9.48683,9.21954,10.44031,10.19804,10.44031,10.44031,10.44031,10.44031,10.44031,10.44031,11.40175,10.44031,11.7047,11.7047,12.64911,12.64911,12.64911,13.60147,12.64911,11.7047,12.64911,12.64911,12.64911,12.64911,11.40175,12.36932,11.40175,11.40175,11.40175,10.19804,11.18034,10.19804,10.19804,10.19804,9.21954,10.19804,10.19804,9.21954,9.21954,9.05539,9.0,32.98485,28.16026,29.15476,31.62278,33.24154,35.77709,34.43835,37.73592,40.22437,46.06517,38.83298,43.60046,48.01042,49.64877,45.60702,48.83646,57.48913,61.7171,55.80323,58.00862,61.7171,54.45181,55.22681,61.07373,65.11528,61.61169,59.20304,64.3506,62.28965,67.20863,70.72482,66.6033,67.26812,67.26812,63.60031,62.62587,66.70832,68.11755,62.1289,64.53681,68.88396,64.40497,66.21933,62.00806,64.3506,60.21628,56.0357,65.60488,51.61395,51.86521,55.75841,53.25411,50.24938,51.88449,47.01064,51.0,48.33218,41.59327,42.95346,48.8467,42.54409,44.72136,45.27693,46.95743,49.20366,53.07542,53.8145,50.20956,51.66237,58.79626,60.90156,52.69725,53.23533,52.3259,48.08326,47.53946,56.64804,50.96077,49.64877,41.59327,50.01,44.91102,47.67599,41.10961,37.33631,49.0102,43.10452,38.0526,39.11521,39.20459,43.04649,37.05401,39.0,39.01282,40.0125,35.0,39.20459,43.01163,41.04875,34.36568,39.11521,38.01316,42.05948,33.24154,33.01515,37.85499,39.45884,34.9285,33.24154,32.89377,29.27456,34.9285,40.80441,35.0571
6.08276,6.32456,6.32456,7.28011,7.61577,8.544,8.544,8.544,9.48683,8.94427,10.44031,9.84886,10.77033,10.77033,10.77033,11.18034,11.18034,10.29563,11.6619,11.18034,11.18034,11.6619,11.18034,12.52996,12.52996,12.52996,13.0384,13.89244,13.89244,13.0384,13.0384,13.89244,13.0384,12.52996,13.0384,12.52996,13.41641,12.52996,12.52996,12.52996,11.18034,12.08305,11.18034,11.18034,11.18034,10.29563,10.29563,10.29563,9.84886,9.84886,9.48683,9.48683,21.93171,27.85678,25.4951,27.16616,32.01562,29.01724,33.01515,34.0,35.01428,37.21559,39.45884,43.41659,46.32494,48.6621,45.39824,53.15073,58.85576,55.44367,53.36666,55.9017,60.63827,58.69412,57.87055,58.69412,60.63827,62.64184,63.06346,61.68468,65.25335,68.62215,65.25335,63.56886,65.96969,68.62215,64.2573,65.80274,70.00714,69.46222,67.18631,67.6757,65.55151,65.30697,66.94027,65.51336,59.66574,64.53681,59.43904,60.41523,54.81788,52.88667,51.92302,52.63079,52.63079,51.41984,51.78803,49.09175,47.04253,40.24922,39.81206,41.23106,47.16991,40.80441,41.76123,47.80167,45.35416,48.05206,51.24451,51.0392,50.03998,56.0357,51.62364,46.69047,48.83646,49.24429,48.08326,45.60702,43.32436,42.15448,49.24429,46.09772,43.41659,46.64762,42.54409,41.86884,38.83298,36.61967,38.01316,36.40055,35.22783,34.66987,34.0,35.80503,33.01515,31.89044,35.0,36.40055,34.05877,31.40064,33.6006,34.71311,33.97058,34.71311,34.65545,33.24154,29.83287,31.14482,31.14482,31.241,31.82766,30.4795,31.40064,30.61046,27.80288,23.43075
5.38516,5.83095,6.40312,7.2111,7.2111,7.81025,7.81025,7.81025,8.60233,9.21954,10.0,9.89949,10.0,10.63015,10.0,11.31371,11.31371,9.89949,11.31371,11.31371,10.63015,11.31371,11.31371,12.04159,12.72792,12.72792,12.04159,12.72792,13.45362,12.80625,12.72792,12.72792,12.72792,12.72792,12.72792,12.72792,13.45362,12.04159,12.04159,11.31371,10.63015,12.04159,11.31371,10.63015,10.63015,9.89949,10.63015,10.0,9.21954,9.21954,8.60233,9.43398,22.36068,28.07134,31.01612,23.19483,32.55764,32.55764,28.79236,35.69314,31.95309,41.10961,39.81206,42.15448,49.39636,46.09772,50.56679,49.92995,56.82429,55.47071,54.626,55.9464,60.82763,56.35601,55.22681,58.59181,59.09315,63.06346,60.53924,64.63745,67.41662,73.00685,65.36819,73.43024,65.8635,70.49113,64.66065,69.83552,71.56116,72.67049,68.96376,67.1193,65.73431,68.942,65.29931,65.74192,67.53518,64.07808,61.32699,57.69749,58.18075,54.23099,54.56189,52.3259,53.14132,50.96077,54.78138,50.92151,51.41984,42.19005,41.86884,41.7732,46.2277,44.04543,45.34314,45.22168,50.24938,52.47857,49.64877,51.42956,52.92447,55.54278,50.28916,50.63596,51.62364,57.07013,48.16638,52.46904,50.03998,50.03998,47.26521,45.27693,44.04543,43.56604,45.04442,42.75512,42.95346,43.17407,40.16217,32.28002,40.49691,37.0,35.17101,37.33631,36.40055,32.98485,37.36308,37.0,36.05551,33.10589,33.83785,36.24914,33.54102,35.8469,29.15476,34.0147,34.0,33.54102,32.64966,31.76476,33.24154,34.0147,31.06445,33.24154,35.8469,28.17801
5.65685,5.65685,6.40312,6.40312,7.2111,7.2111,8.06226,8.06226,8.60233,8.06226,9.43398,8.94427,9.43398,9.43398,9.43398,10.77033,9.84886,9.84886,9.84886,11.18034,11.18034,10.77033,9.84886,11.7047,11.7047,11.7047,11.7047,12.64911,12.64911,12.64911,11.7047,13.0,12.64911,12.08305,12.08305,12.08305,12.08305,11.18034,11.18034,11.18034,11.18034,10.77033,11.18034,9.84886,9.43398,8.94427,9.43398,8.94427,9.43398,9.43398,9.43398,8.60233,29.73214,26.24881,26.40076,26.90725,29.06888,28.28427,31.14482,40.0,34.66987,42.43819,41.34005,42.72002,51.62364,45.79301,48.54894,49.1935,52.35456,54.12024,55.03635,55.00909,66.64083,56.79789,55.71355,60.92618,59.03389,63.95311,63.97656,63.90618,65.9242,68.00735,63.32456,69.89278,69.77822,73.05477,68.88396,69.35416,69.57011,72.8011,71.30919,66.48308,67.06713,69.77105,68.42514,69.46222,67.54258,62.64982,61.29437,65.55151,55.4617,55.15433,56.79789,55.9464,54.12947,51.97115,52.47857,49.24429,51.0392,44.38468,44.92215,43.08132,47.92703,45.61798,49.24429,49.1935,53.66563,53.82379,53.2635,53.8145,52.40229,57.48913,55.9017,52.43091,51.08816,57.62812,50.47772,46.14109,51.97115,49.39636,48.8467,49.64877,45.88028,49.72927,42.72002,45.60702,44.27189,40.02499,38.8973,34.48188,37.65634,35.51056,36.87818,35.17101,37.10795,31.32092,39.29377,36.67424,37.85499,37.48333,36.49658,36.49658,35.44009,35.35534,33.24154,34.71311,36.12478,34.23449,36.05551,30.59412,35.22783,33.24154,32.14032,33.95585,28.28427,29.61419
5.65685,5.83095,5.83095,7.2111,7.2111,7.2111,8.06226,8.06226,8.06226,8.06226,9.43398,9.84886,10.29563,9.84886,8.94427,10.77033,10.77033,10.77033,10.44031,10.77033,10.77033,11.40175,10.77033,11.7047,11.7047,11.7047,12.64911,12.64911,12.64911,12.36932,11.7047,12.64911,12.36932,11.7047,12.64911,11.7047,12.08305,12.08305,10.77033,10.77033,11.18034,10.77033,10.77033,9.84886,9.84886,9.84886,8.94427,9.84886,9.84886,9.43398,8.60233,8.60233,28.3196,25.80698,30.52868,27.80288,27.45906,33.61547,34.53983,35.8469,37.33631,35.77709,38.8973,41.4367,48.08326,47.53946,50.28916,51.24451,54.42426,52.49762,50.59644,56.61272,61.39218,56.61272,56.29387,57.27128,61.13101,57.28001,63.06346,68.593,68.41053,68.46897,63.56099,66.4906,67.08204,72.83543,62.39391,64.7611,69.05071,68.593,71.56815,63.95311,67.46851,67.72001,66.76077,66.76077,61.98387,64.03124,64.84597,63.32456,54.70832,54.40588,52.39275,53.75872,51.5461,53.48832,53.7122,51.07837,52.35456,41.19466,45.04442,42.04759,48.04165,43.18565,46.52956,46.52956,50.69517,54.57105,50.92151,53.48832,51.47815,52.80152,54.58938,50.24938,52.83938,57.98276,50.32892,50.44799,48.9183,50.93133,50.20956,48.27007,46.01087,46.61545,48.60041,42.80187,45.22168,42.72002,42.43819,35.8469,40.31129,39.44617,39.20459,39.44617,37.58989,35.77709,38.58756,34.43835,37.58989,35.4683,38.01316,38.94868,33.61547,33.61547,33.54102,36.05551,32.69557,32.31099,33.52611,34.9285,35.77709,37.0,34.17601,33.83785,30.36445,27.73085
6.08276,6.08276,6.32456,7.61577,7.61577,7.61577,8.06226,8.06226,8.94427,8.94427,9.84886,9.43398,10.29563,10.29563,10.29563,10.81665,10.81665,10.81665,10.81665,10.81665,10.81665,11.40175,10.81665,12.20656,12.20656,12.20656,12.04159,12.80625,13.45362,12.72792,12.20656,12.80625,12.80625,11.40175,12.04159,11.40175,12.80625,12.20656,11.40175,11.40175,10.81665,11.40175,10.81665,10.81665,10.81665,10.0,9.43398,10.0,9.43398,9.43398,8.94427,8.94427,25.01999,26.07681,26.68333,28.16026,31.01612,30.8707,34.17601,38.01316,33.61547,41.67733,42.72002,43.56604,50.80354,46.64762,47.50789,51.22499,54.81788,53.90733,53.60037,53.82379,60.20797,52.80152,60.87693,59.46427,59.03389,61.07373,57.28001,65.76473,63.70243,69.31089,64.38167,65.76473,63.03174,70.83784,61.07373,65.06919,70.72482,67.26812,63.63961,65.79514,65.06919,65.29931,65.19202,62.96825,64.53681,62.00806,58.0517,57.98276,56.72742,53.90733,55.22681,52.34501,49.57822,48.60041,50.80354,51.40039,48.76474,41.40048,42.42641,42.44997,47.38143,40.31129,46.09772,45.22168,46.61545,49.73932,48.37355,53.23533,48.30114,56.79789,52.55473,50.69517,48.27007,55.31727,46.27094,52.08647,48.16638,49.09175,50.01,43.10452,47.0,43.01163,47.01064,42.29657,38.20995,37.10795,41.19466,35.69314,38.83298,34.36568,34.52535,34.48188,35.69314,34.52535,34.52535,36.34556,36.13862,35.44009,33.73426,34.78505,33.24154,32.31099,34.1321,35.35534,29.73214,30.80584,32.98485,34.20526,33.24154,32.01562,32.57299,33.83785,30.41381,30.36445
5.0,5.09902,5.09902,6.08276,7.28011,7.07107,7.28011,7.28011,7.28011,8.544,8.544,8.544,9.48683,8.544,8.544,10.77033,9.84886,9.84886,10.29563,9.84886,9.84886,11.18034,9.84886,11.18034,11.6619,11.18034,11.6619,12.52996,13.0384,11.6619,11.18034,12.52996,11.6619,11.6619,11.6619,11.18034,12.52996,11.18034,10.29563,10.29563,9.84886,11.18034,9.84886,9.84886,9.84886,8.94427,9.84886,8.544,9.48683,8.544,8.24621,8.24621,27.313,25.29822,25.07987,27.65863,32.14032,30.14963,33.13608,33.24154,37.65634,39.20459,42.29657,42.57934,44.40721,50.21952,45.12206,51.24451,56.29387,51.86521,56.32051,58.94065,61.35145,57.48913,56.46238,61.40033,57.97413,61.13101,61.98387,65.19202,64.51356,70.77429,59.80803,66.7308,70.5195,68.00735,67.77905,63.60031,65.55151,68.54196,69.64194,67.6757,67.77905,67.44627,63.32456,69.64194,62.0967,70.60453,55.54278,65.14599,54.40588,52.88667,55.08176,55.7853,50.44799,54.12947,49.36598,51.78803,49.16299,40.80441,40.49691,43.26662,43.04649,48.76474,42.72002,46.32494,47.80167,54.70832,52.95281,54.12947,53.23533,56.88585,52.08647,49.09175,54.45181,53.00943,55.44367,47.67599,47.53946,47.75982,52.92447,49.0408,46.48656,43.08132,45.22168,45.31004,40.71855,43.26662,40.70626,38.91015,40.80441,37.58989,34.98571,36.89173,36.23534,36.35932,39.82462,34.48188,41.67733,36.40055,36.05551,33.97058,37.21559,32.64966,35.60899,32.80244,36.40055,32.20248,37.20215,32.01562,34.98571,34.1321,31.89044,35.80503,29.68164,32.75668
5.83095,5.83095,6.40312,7.81025,7.07107,7.81025,8.48528,8.48528,8.48528,8.48528,9.89949,10.63015,9.89949,9.89949,9.89949,11.40175,10.63015,10.63015,10.0,11.40175,11.40175,11.40175,11.40175,12.20656,12.20656,12.20656,12.20656,13.0384,13.0384,13.0384,12.20656,12.20656,13.0384,12.20656,12.20656,12.20656,12.80625,11.40175,11.40175,11.40175,10.63015,11.40175,11.40175,10.63015,10.63015,10.0,10.63015,10.0,9.21954,9.89949,9.89949,9.21954,25.4951,33.42155,36.87818,23.85372,36.23534,29.54657,35.35534,38.62642,37.33631,41.10961,41.4367,40.5216,50.69517,50.59644,49.33559,56.56854,57.97413,59.68249,53.16014,56.7186,61.13101,56.56854,55.3263,62.36986,60.82763,61.0,68.65858,65.49046,66.4906,69.02898,76.02631,73.06162,63.78871,65.00769,65.06919,70.45566,68.73136,70.00714,62.96825,72.56032,67.18631,68.06614,65.9242,68.88396,54.34151,63.78871,51.47815,59.4138,52.17279,54.74486,56.08921,53.33854,50.63596,55.08176,45.89118,51.24451,48.8467,44.55334,45.04442,42.42641,48.01042,51.47815,46.69047,48.6621,42.42641,59.03389,44.64303,55.08176,53.75872,57.00877,59.68249,54.3783,54.08327,57.98276,53.60037,51.85557,48.60041,41.72529,49.81967,52.15362,45.80393,51.31277,44.59821,47.70744,43.26662,45.27693,47.70744,38.27532,38.27532,37.73592,39.66106,42.05948,40.31129,35.4683,36.89173,40.70626,38.47077,45.54119,46.95743,36.40055,39.81206,36.71512,34.88553,35.4683,38.48376,37.16181,39.92493,35.51056,34.9285,43.41659,35.35534,36.23534,31.04835,34.53983
6.08276,6.0,7.0,8.0,7.0,8.06226,8.06226,9.05539,9.05539,9.05539,10.04988,10.19804,10.19804,10.19804,10.04988,11.18034,11.40175,11.18034,11.40175,11.18034,11.18034,12.16553,11.40175,12.64911,12.36932,13.34166,12.64911,13.34166,13.60147,12.64911,12.36932,12.36932,12.36932,12.36932,12.36932,12.36932,13.34166,12.16553,12.36932,12.16553,12.04159,12.16553,11.18034,11.18034,11.04536,10.04988,10.04988,10.04988,10.04988,10.04988,10.0,10.0,24.41311,24.69818,30.36445,28.23119,28.4605,31.01612,32.38827,37.65634,36.34556,42.19005,43.04649,45.09989,51.35173,47.09565,51.08816,54.14795,57.03508,54.23099,54.23099,57.0,62.00806,54.23099,58.00862,62.00806,56.0357,61.0082,58.00862,69.00725,66.0,71.17584,66.00758,68.02941,67.00746,71.02816,66.37017,67.0,69.26038,67.36468,69.0,68.00735,68.00735,67.26812,64.07027,63.07139,61.07373,65.19202,64.19502,61.13101,60.67125,57.14018,56.0357,51.0392,54.14795,51.24451,54.91812,49.81967,52.20153,39.35734,40.71855,43.01163,46.84015,46.32494,47.67599,47.67599,47.38143,52.15362,51.0,55.03635,54.03702,57.42822,51.1957,53.60037,50.59644,56.32051,48.46648,47.01064,47.01064,46.52956,48.76474,44.29447,43.82921,49.40648,41.67733,41.23106,41.40048,38.20995,40.60788,34.71311,38.20995,35.35534,34.82815,37.64306,36.87818,34.65545,38.18377,33.24154,36.06938,35.60899,37.48333,37.64306,34.71311,34.82815,30.41381,32.64966,33.24154,34.82815,31.241,26.24881,34.20526,32.20248,29.69848,33.30165,33.24154,29.06888
5.0,5.0,5.65685,6.40312,6.40312,6.40312,7.2111,7.81025,7.81025,7.81025,9.21954,8.60233,9.21954,10.0,9.21954,10.81665,10.0,10.0,9.43398,10.0,10.0,10.81665,10.0,11.6619,11.6619,11.6619,11.6619,13.0384,13.0384,12.52996,11.40175,12.20656,11.6619,11.6619,11.6619,12.20656,12.20656,11.40175,10.81665,11.40175,10.63015,10.0,10.0,10.0,9.21954,8.60233,9.21954,9.21954,8.48528,9.21954,8.48528,8.48528,23.19483,26.07681,27.51363,28.63564,28.6531,30.52868,33.30165,37.01351,34.65545,38.8973,39.05125,40.31129,48.79549,46.01087,46.69047,51.22499,55.22681,53.03772,54.45181,55.22681,58.0517,54.45181,57.00877,56.63921,57.31492,60.1415,58.72819,63.41136,64.44377,63.82006,63.12686,66.46804,63.63961,70.17834,62.20129,65.79514,65.8559,67.35726,69.31089,64.44377,62.96825,67.20863,63.70243,64.44377,62.28965,63.03174,61.7171,56.63921,54.48853,54.48853,55.9017,52.49762,51.85557,50.47772,48.60041,52.15362,47.41308,39.31921,38.07887,40.5216,44.64303,42.15448,46.52956,45.69464,49.64877,48.02083,49.40648,51.85557,51.73973,55.31727,54.45181,51.40039,51.31277,54.91812,48.02083,49.39636,46.52956,48.37355,50.15974,44.27189,45.54119,44.14748,41.10961,41.59327,41.23106,40.4475,40.26164,34.36568,36.34556,39.05125,36.34556,39.45884,34.71311,32.14032,34.23449,35.0571,36.22154,35.01428,36.05551,33.0,35.0,30.0,38.20995,37.01351,34.0,34.0,33.06055,28.0,33.01515,33.06055,28.07134,35.0571,30.06659,30.01666
6.08276,6.32456,6.32456,7.28011,7.28011,8.24621,8.544,8.544,9.21954,8.544,10.44031,10.44031,10.44031,10.44031,10.44031,11.7047,11.7047,10.44031,11.7047,11.7047,11.7047,12.08305,11.7047,12.08305,13.0,13.0,13.41641,13.41641,14.31782,13.41641,13.0,13.92839,13.41641,13.0,13.0,13.0,13.60147,12.64911,12.64911,11.7047,11.40175,11.7047,11.7047,10.77033,10.44031,10.77033,10.44031,10.44031,10.44031,10.19804,10.04988,9.21954,26.92582,28.63564,32.55764,30.14963,29.01724,31.01612,37.48333,32.06244,41.19466,41.19466,40.02499,44.64303,44.14748,50.44799,49.64877,56.04463,59.43904,58.24088,54.57105,54.57105,62.93648,54.12024,58.5235,62.93648,61.68468,64.32729,63.89053,65.55151,65.25335,68.942,62.93648,68.96376,64.56005,69.89278,64.07808,68.30813,68.94926,70.5195,69.64194,67.06713,68.62215,69.37579,70.0928,66.28725,64.93843,67.68309,64.77654,58.24946,60.67125,56.08921,56.75385,54.12947,53.93515,54.23099,51.35173,52.15362,50.01,41.01219,41.86884,41.40048,48.01042,44.10215,47.88528,47.85394,46.61545,51.5461,50.0,55.10898,52.39275,55.10898,54.33231,50.03998,53.0,56.00893,47.38143,48.04165,49.49747,48.83646,50.96077,43.9659,45.88028,45.22168,41.48494,38.62642,42.95346,41.59327,37.57659,34.9285,36.61967,34.43835,34.0147,33.54102,33.61547,37.12142,36.71512,30.46309,38.48376,38.58756,35.8469,38.01316,35.51056,32.24903,33.6006,33.01515,33.01515,31.06445,32.44996,35.0,31.30495,33.42155,30.23243,33.83785,31.62278,29.52965
5.65685,6.40312,7.2111,7.2111,7.2111,7.2111,8.60233,8.06226,9.43398,8.94427,9.43398,10.29563,10.81665,10.29563,10.29563,12.08305,11.18034,11.18034,11.7047,12.08305,11.18034,12.08305,11.18034,13.0,13.0,13.0,12.64911,13.92839,13.60147,13.60147,12.64911,13.0,12.64911,13.0,12.64911,13.0,13.0,12.08305,12.08305,12.08305,12.08305,12.08305,11.18034,10.77033,11.18034,9.84886,11.18034,9.84886,10.29563,10.29563,9.43398,9.43398,26.4764,27.313,25.05993,27.01851,30.4795,35.0,34.82815,40.80441,38.27532,38.27532,43.60046,45.22168,49.24429,46.61545,45.79301,53.33854,58.83026,56.93856,58.66856,56.35601,64.07808,59.9333,54.42426,60.82763,60.37384,65.79514,65.30697,68.70953,66.70832,72.23573,69.35416,68.94926,67.23095,71.51224,66.09841,66.85058,69.28925,71.51224,67.54258,69.46222,65.39113,68.8767,64.41273,71.55418,62.64982,65.74192,62.16912,63.97656,55.03635,54.12947,58.60034,55.4617,54.626,52.15362,53.23533,55.75841,50.60632,42.75512,47.29693,44.64303,47.80167,44.92215,46.95743,43.56604,48.01042,54.70832,53.60037,54.81788,51.85557,58.69412,57.28001,52.49762,50.60632,55.97321,48.82622,46.61545,44.10215,46.14109,52.7731,43.38202,44.77723,46.23851,44.01136,41.48494,40.80441,41.48494,40.8534,32.75668,36.13862,37.36308,30.36445,36.49658,33.83785,35.17101,33.24154,34.9285,32.98485,34.20526,37.36308,34.52535,33.73426,30.67572,36.68787,32.38827,32.38827,33.54102,36.34556,31.57531,37.10795,33.13608,28.07134,37.48333,34.71311,31.40064
6.40312,6.40312,6.40312,7.07107,7.81025,7.81025,7.81025,8.60233,8.60233,8.60233,10.0,10.29563,10.0,10.81665,10.0,11.6619,11.18034,10.81665,11.18034,11.6619,11.6619,11.6619,11.6619,12.08305,12.52996,13.41641,13.0,13.41641,14.31782,13.0,12.52996,13.41641,13.0,12.08305,12.52996,12.52996,13.0384,12.52996,12.52996,11.6619,11.6619,11.6619,11.6619,10.29563,10.81665,10.29563,10.0,9.43398,9.43398,10.0,10.0,9.21954,32.44996,31.76476,32.98485,28.23119,31.7805,29.15476,33.24154,30.14963,34.05877,38.0,39.01282,50.63596,53.23533,47.04253,43.04649,42.0119,53.0,50.48762,50.03998,50.35871,58.24946,57.55867,56.08921,54.45181,54.74486,61.0,60.87693,63.60031,58.54912,65.73431,59.90826,61.84658,59.90826,65.45991,61.68468,57.55867,60.74537,67.06713,63.56099,67.44627,61.84658,62.58594,59.3043,55.9017,57.87055,61.66036,56.56854,57.97413,54.33231,50.63596,53.23533,51.62364,49.0306,45.27693,45.27693,44.10215,50.08992,40.24922,41.10961,38.27532,47.92703,40.26164,44.38468,46.52956,43.93177,53.60037,48.01042,57.21888,50.03998,59.21149,53.08484,49.0306,51.24451,50.28916,48.46648,50.32892,43.38202,50.92151,46.32494,41.18252,46.52956,46.61545,45.0,41.86884,44.82187,43.18565,42.63801,38.01316,36.05551,30.41381,30.61046,38.83298,39.69887,35.35534,41.03657,33.6006,34.65545,36.23534,36.79674,39.05125,34.05877,39.82462,37.73592,33.30165,38.41875,38.83298,29.69848,33.42155,42.2019,34.05877,28.30194,33.42155,41.10961,26.90725
5.83095,5.65685,7.07107,7.07107,7.07107,7.07107,7.81025,7.81025,8.60233,8.60233,9.21954,10.0,10.0,10.0,10.0,10.81665,10.81665,10.81665,10.81665,10.81665,10.63015,10.81665,10.81665,11.6619,11.6619,11.6619,12.52996,12.52996,12.52996,12.52996,11.6619,12.52996,12.52996,11.6619,12.52996,13.0384,12.20656,12.20656,10.81665,11.40175,11.40175,11.40175,11.40175,10.0,10.0,9.43398,10.0,9.21954,9.21954,9.21954,9.21954,9.21954,24.35159,25.05993,27.65863,25.4951,30.41381,30.41381,32.80244,36.23534,36.40055,40.49691,40.80441,43.82921,47.70744,49.40648,49.20366,51.97115,57.68882,55.80323,50.80354,56.4358,61.40033,59.68249,56.79789,59.68249,58.30952,60.53924,60.03332,66.64083,63.52952,65.0,64.40497,66.64833,67.08204,67.97794,62.76942,66.88797,70.21396,68.02941,67.23095,63.13478,66.03787,65.73431,63.63175,67.74216,61.03278,64.63745,63.24555,60.53924,56.0357,53.25411,54.08327,51.61395,51.62364,52.43091,52.20153,51.08816,50.24938,39.20459,40.11234,44.40721,44.91102,40.80441,45.22168,45.54119,45.69464,50.15974,50.11986,53.0,49.39636,54.08327,52.49762,50.32892,52.34501,54.45181,50.44799,47.80167,47.01064,46.61545,46.61545,47.16991,48.54894,47.01064,43.56604,42.95346,39.56008,40.16217,39.56008,33.24154,36.76955,36.76955,34.9285,36.68787,37.0,34.78505,36.68787,33.83785,37.94733,35.4683,37.69615,33.54102,38.60052,35.51056,31.57531,28.63564,36.13862,33.37664,35.17101,30.41381,34.71311,35.35534,31.57531,36.49658,33.73426,26.92582
5.09902,5.09902,6.32456,7.28011,6.32456,6.32456,7.61577,7.61577,7.61577,8.544,9.48683,9.84886,9.48683,9.84886,9.48683,11.18034,9.84886,9.84886,10.29563,11.18034,11.18034,11.18034,11.18034,11.18034,12.08305,12.52996,11.6619,12.52996,12.52996,13.0384,12.52996,12.52996,11.6619,12.52996,11.6619,12.52996,12.08305,10.77033,11.18034,11.18034,10.77033,11.18034,11.18034,10.29563,9.84886,8.94427,9.84886,8.94427,8.94427,9.48683,9.48683,8.24621,25.0,26.92582,29.0,25.01999,30.41381,31.7805,32.55764,34.9285,37.10795,40.16217,40.8534,44.01136,49.33559,45.31004,48.38388,49.0408,55.02727,51.62364,53.85165,60.08328,66.30988,58.18935,57.27128,61.84658,60.16644,60.83584,61.7414,67.08204,64.88451,73.06162,64.88451,68.42514,68.42514,66.18912,63.51378,65.79514,68.47627,69.35416,71.11259,66.18912,67.08204,68.70953,66.70832,63.56886,58.30952,64.19502,62.96825,59.23681,55.15433,53.85165,55.36244,55.02727,55.71355,53.75872,53.16014,52.17279,47.29693,41.03657,40.36087,43.82921,47.20169,42.48529,49.24429,46.52956,47.42362,54.23099,52.55473,52.17279,49.49747,58.69412,54.08327,51.0392,51.0098,55.03635,45.17743,52.34501,47.38143,45.39824,48.50773,44.72136,46.17359,44.94441,44.38468,40.8534,40.80441,39.81206,42.37924,36.24914,38.91015,38.01316,37.21559,35.34119,38.07887,34.17601,37.58989,33.12099,35.77709,36.89173,34.88553,38.07887,32.75668,36.89173,33.61547,33.61547,32.75668,29.52965,35.80503,31.62278,36.35932,34.98571,28.6007,33.6006,30.88689,27.313
5.38516,6.32456,7.28011,7.28011,7.28011,7.28011,8.24621,9.05539,9.21954,9.05539,10.19804,10.04988,10.19804,10.19804,10.19804,11.18034,11.04536,11.04536,11.04536,11.04536,11.04536,11.04536,11.04536,13.0,12.04159,13.0384,13.0,13.0384,13.0,13.0,13.0384,14.03567,13.0,13.0384,12.04159,12.04159,13.15295,12.04159,12.04159,11.04536,11.18034,11.04536,12.04159,10.04988,10.04988,10.04988,10.04988,10.04988,10.19804,10.19804,9.21954,9.21954,28.84441,28.6007,27.20294,25.80698,31.89044,27.20294,32.75668,38.58756,38.01316,36.71512,41.14608,43.82921,47.42362,48.75449,50.69517,52.20153,57.27128,55.03635,55.97321,57.38467,62.62587,59.46427,51.24451,59.77458,59.61543,67.44627,64.19502,68.15424,65.14599,68.68042,68.68042,70.61161,66.48308,72.36712,68.06614,64.28841,70.61161,71.38627,70.34202,69.42622,67.91171,68.96376,66.7308,69.92138,60.72891,63.89053,58.5235,65.80274,53.45091,53.75872,55.65968,51.92302,52.63079,57.93962,50.69517,54.12947,53.23533,42.75512,44.72136,44.64303,42.54409,46.23851,45.18849,44.28318,47.41308,52.35456,48.60041,50.0,53.90733,52.49762,55.15433,51.73973,50.0,56.22277,53.00943,44.20407,43.56604,44.10215,49.24429,43.38202,44.28318,43.46263,44.38468,43.08132,43.08132,41.23106,35.73514,34.9285,39.29377,33.52611,35.73514,33.52611,38.60052,32.01562,33.52611,36.68787,37.64306,34.48188,36.40055,32.75668,34.9285,34.20526,30.80584,33.95585,33.54102,30.59412,34.52535,31.57531,36.13862,29.42788,31.7805,29.12044,31.32092,25.63201
6.40312,6.40312,7.2111,8.06226,8.06226,8.06226,8.94427,8.94427,8.94427,9.84886,10.29563,10.77033,11.18034,10.77033,9.84886,11.7047,10.77033,11.7047,11.40175,11.7047,11.7047,12.36932,11.7047,12.36932,13.60147,13.60147,12.36932,13.34166,13.34166,14.31782,12.36932,13.34166,13.34166,13.34166,12.36932,13.34166,13.60147,12.64911,12.64911,11.40175,12.36932,11.40175,12.64911,10.44031,11.40175,10.44031,10.44031,10.44031,10.77033,10.77033,9.84886,9.84886,30.41381,31.32092,26.01922,28.16026,37.12142,33.0,32.64966,43.01163,41.62932,38.83298,39.96248,38.91015,42.54409,46.32494,57.58472,51.86521,57.70615,56.0357,55.75841,50.60632,58.13777,48.30114,57.42822,64.63745,55.75841,63.51378,59.16925,62.26556,65.51336,66.61081,63.00794,65.19202,56.61272,71.84706,64.44377,66.37017,69.89278,65.0,60.74537,62.1289,62.80127,62.16912,67.1193,69.46222,63.06346,52.69725,60.53924,60.82763,49.92995,49.40648,53.25411,46.06517,53.22593,49.20366,47.43416,47.41308,42.15448,33.30165,43.18565,41.04875,45.80393,43.56604,43.56604,45.27693,42.95346,49.39636,47.12749,52.88667,54.78138,52.88667,56.7186,57.42822,47.01064,54.08327,44.28318,49.25444,56.32051,55.9017,50.80354,49.36598,45.88028,48.70318,44.92215,42.05948,46.48656,38.48376,39.35734,31.62278,40.71855,38.91015,38.07887,38.07887,34.53983,35.73514,41.23106,37.21559,47.53946,38.94868,39.82462,41.67733,40.31129,36.71512,46.14109,44.94441,41.14608,29.54657,35.77709,34.9285,37.33631,30.52868,34.20526,35.77709,32.31099,26.92582
5.83095,6.7082,7.61577,7.61577,7.61577,8.544,8.544,9.21954,9.48683,9.21954,9.48683,10.44031,10.44031,11.40175,10.44031,11.40175,11.18034,11.18034,12.16553,12.16553,12.16553,12.16553,11.18034,13.15295,13.15295,13.15295,13.0384,13.15295,14.14214,13.0384,13.15295,13.0384,13.0384,13.0384,13.0384,12.04159,13.15295,13.34166,12.36932,12.36932,12.36932,12.16553,11.18034,11.18034,11.18034,10.04988,11.18034,10.19804,10.19804,10.44031,9.48683,10.44031,27.73085,27.45906,30.41381,29.69848,31.62278,32.64966,40.24922,39.11521,38.91015,42.15448,47.75982,46.09772,50.08992,47.42362,47.53946,51.24451,61.68468,59.13544,57.56735,59.46427,63.06346,59.77458,60.63827,64.2573,63.15853,63.56099,67.35726,68.41053,67.44627,73.1642,69.05071,69.12308,63.60031,74.52516,72.03471,70.60453,72.8011,68.30813,70.5195,73.37575,69.37579,69.26038,71.47027,67.91171,68.00735,68.00735,66.7308,62.93648,59.9333,57.38467,58.30952,55.03635,56.0803,52.7731,57.38467,53.7122,52.35456,43.41659,46.27094,45.0,46.09772,44.0,50.80354,46.52956,48.83646,55.97321,55.36244,55.02727,53.45091,57.58472,55.47071,55.22681,53.33854,56.40035,49.0408,48.9183,50.20956,48.16638,50.32892,46.8615,48.9183,47.01064,41.23106,42.80187,41.04875,40.49691,39.96248,37.12142,39.82462,40.31129,34.66987,38.91015,37.57659,39.44617,36.71512,34.1321,36.23534,34.9285,38.94868,36.67424,34.53983,36.76955,34.20526,33.52611,34.98571,33.83785,32.69557,33.61547,32.69557,34.17601,32.31099,33.10589,30.08322,29.52965
6.0,6.08276,7.07107,7.07107,7.28011,8.24621,8.24621,8.24621,9.48683,9.48683,10.44031,9.84886,10.44031,10.44031,10.44031,12.08305,11.18034,10.77033,10.77033,11.18034,11.7047,12.08305,11.7047,12.52996,12.08305,12.52996,12.52996,13.41641,13.41641,13.0384,12.52996,13.41641,13.41641,12.52996,13.41641,12.08305,13.41641,12.08305,12.08305,12.08305,11.7047,12.08305,11.18034,10.77033,10.77033,9.84886,10.77033,9.84886,9.84886,9.84886,9.48683,9.21954,33.54102,31.95309,36.76955,31.7805,28.01785,27.58623,36.05551,42.72002,31.40064,41.01219,38.94868,39.69887,49.51767,44.10215,44.55334,48.25971,55.9017,56.72742,59.81639,53.15073,64.63745,53.00943,60.74537,62.24147,55.86591,58.89822,55.75841,61.85467,59.07622,73.92564,60.21628,68.8186,62.482,71.84706,60.03332,66.52819,65.0,64.66065,65.43699,63.13478,61.77378,60.80296,63.03174,66.4003,65.94695,56.0803,60.10824,52.3259,50.93133,47.01064,53.07542,48.08326,51.73973,42.42641,43.18565,42.80187,49.81967,38.20995,49.24429,37.94733,48.8467,44.38468,47.50789,41.88078,53.23533,55.31727,46.2277,50.93133,53.75872,57.38467,57.31492,56.85948,49.73932,60.20797,43.909,51.88449,51.62364,47.75982,56.32051,42.05948,44.59821,44.27189,49.81967,46.32494,46.38965,38.32754,48.25971,29.06888,40.0125,38.0526,35.0571,40.1995,41.19466,36.67424,37.33631,36.22154,45.01111,38.01316,37.33631,37.01351,34.05877,39.01282,27.0,37.21559,37.0,41.01219,44.18144,39.05125,32.01562,37.0,26.01922,29.0,38.32754,28.16026
5.09902,5.38516,6.7082,6.7082,6.7082,6.7082,8.06226,8.06226,8.94427,8.06226,9.84886,9.43398,10.29563,10.29563,9.43398,10.81665,10.81665,10.29563,10.81665,11.40175,10.81665,11.40175,11.40175,12.20656,12.20656,12.80625,12.80625,12.80625,12.80625,13.45362,12.04159,12.80625,12.80625,12.80625,12.80625,12.80625,13.0384,12.20656,11.40175,11.40175,11.40175,11.40175,11.40175,10.63015,10.0,10.0,10.0,10.0,10.0,9.43398,9.43398,8.94427,26.24881,27.29469,26.01922,29.01724,31.01612,29.15476,32.38827,38.20995,38.07887,40.60788,42.75512,45.12206,51.92302,47.80167,48.76474,51.86521,56.75385,55.97321,48.76474,56.04463,60.44005,60.08328,55.00909,58.82176,57.56735,68.00735,61.68468,64.51356,62.93648,70.77429,65.39113,66.48308,70.00714,67.62396,70.66116,64.4748,71.30919,73.00685,69.92138,67.23095,67.62396,65.78754,64.51356,69.64194,64.2573,66.12866,57.28001,66.12866,52.20153,51.24451,57.28001,53.85165,53.75872,55.10898,53.36666,51.41984,50.48762,41.88078,39.81206,42.95346,39.92493,45.54119,42.95346,42.2019,49.64877,51.41984,50.24938,48.09366,51.0392,57.03508,55.3263,47.38143,51.62364,50.01,50.96077,41.23106,48.33218,48.46648,51.42956,43.08132,42.54409,45.18849,48.46648,42.72002,38.27532,40.22437,41.6173,34.0,39.40812,37.44329,32.75668,33.30165,36.23534,35.80503,33.01515,31.38471,35.35534,31.40064,39.11521,34.82815,37.44329,30.41381,36.40055,32.55764,32.80244,29.83287,33.24154,29.69848,33.01515,34.05877,27.01851,32.44996,28.42534,29.83287
5.0,5.65685,6.40312,6.40312,6.40312,6.40312,7.2111,7.2111,7.81025,8.06226,8.60233,9.43398,9.43398,9.43398,9.43398,10.29563,10.29563,9.43398,10.29563,10.29563,10.29563,10.29563,10.29563,12.08305,11.18034,12.08305,12.08305,12.08305,13.41641,11.7047,12.52996,12.52996,12.08305,11.18034,12.08305,11.18034,12.52996,11.6619,11.18034,10.81665,10.29563,11.18034,10.29563,10.29563,9.43398,8.94427,9.43398,8.60233,8.60233,8.60233,8.60233,9.21954,28.23119,32.57299,30.01666,25.31798,34.36568,31.40064,35.35534,39.01282,42.42641,38.0526,37.21559,41.19466,52.15362,54.03702,49.09175,47.16991,64.12488,56.29387,55.57877,56.4358,62.36986,57.70615,61.0,58.54912,60.13319,61.81424,64.77654,69.42622,65.0,65.73431,61.61169,57.00877,71.70077,64.32729,69.28925,64.53681,70.0928,64.7611,68.06614,62.96825,67.08204,60.29925,66.48308,64.32729,60.67125,56.4358,51.97115,61.40033,47.16991,44.04543,49.49747,47.38143,53.46027,50.01,49.25444,47.04253,44.01136,42.95346,38.07887,43.41659,44.91102,42.75512,44.55334,41.23106,48.16638,54.14795,51.08816,53.03772,50.15974,56.00893,55.10898,49.0306,48.38388,51.92302,48.10405,49.24429,46.64762,34.48188,48.01042,52.49762,43.04649,50.32892,49.0408,40.45986,45.96738,40.0,44.68781,34.65545,42.63801,38.94868,27.58623,36.79674,33.01515,36.87818,33.94113,40.22437,39.05125,37.48333,39.62323,35.38361,39.59798,27.01851,41.88078,41.72529,30.4795,34.71311,29.73214,37.80212,31.89044,36.40055,33.30165,33.24154,33.30165,34.4093
5.0,5.38516,5.38516,5.83095,6.7082,6.7082,7.61577,7.61577,7.61577,7.61577,8.94427,9.48683,9.48683,9.48683,9.84886,10.44031,10.44031,9.48683,10.44031,10.44031,10.77033,11.40175,10.44031,11.40175,11.40175,11.40175,11.40175,12.36932,12.36932,12.16553,11.40175,11.40175,12.36932,11.40175,12.36932,11.40175,12.64911,10.77033,10.77033,10.77033,10.77033,10.44031,10.44031,9.48683,9.48683,8.544,9.48683,8.544,8.544,8.544,8.06226,8.06226,26.40076,25.0,30.41381,25.4951,31.30495,28.01785,32.64966,33.10589,35.8469,37.94733,37.33631,40.49691,44.59821,47.80167,47.16991,51.92302,57.87055,56.04463,55.36244,57.24509,64.03124,58.18935,59.22837,60.08328,59.77458,63.60031,61.84658,64.32729,63.06346,71.02112,66.94027,67.46851,69.63476,71.38627,65.37584,68.88396,66.91039,64.13267,64.84597,67.26812,65.96969,72.8011,65.25335,65.45991,62.62587,59.80803,59.13544,59.66574,55.71355,57.24509,55.65968,55.08176,50.69517,49.76947,51.89412,50.69517,50.9902,40.4475,46.01087,40.04997,46.38965,43.41659,49.72927,46.09772,48.08326,56.61272,53.85165,50.56679,55.9017,59.48109,55.47071,52.00961,50.24938,57.62812,48.83646,50.20956,49.49747,48.79549,51.08816,45.0,47.01064,45.27693,44.40721,42.48529,44.77723,37.16181,42.94182,36.24914,42.15448,36.05551,36.24914,34.20526,37.69615,32.69557,38.62642,31.7805,34.53983,37.69615,34.53983,35.8469,32.89377,32.89377,32.57299,34.78505,33.83785,33.52611,29.41088,31.01612,32.31099,32.28002,30.08322,31.04835,28.6531,34.20526
5.83095,5.83095,5.83095,7.2111,7.2111,7.2111,7.81025,7.81025,8.60233,7.81025,9.21954,9.21954,10.0,9.21954,10.0,10.63015,10.63015,9.89949,10.63015,10.63015,10.63015,11.31371,9.89949,12.04159,12.04159,12.72792,12.04159,12.04159,13.45362,12.80625,12.04159,12.72792,12.72792,12.04159,12.72792,11.31371,12.72792,11.31371,11.31371,11.31371,10.63015,12.04159,9.89949,9.89949,9.89949,9.21954,9.89949,9.21954,9.21954,9.21954,8.60233,8.60233,21.0238,26.92582,28.28427,24.73863,28.07134,33.01515,36.22154,37.01351,36.67424,39.11521,43.56604,44.91102,49.81967,45.89118,48.50773,52.55473,55.08176,57.87055,51.66237,57.00877,63.60031,58.24088,57.56735,57.70615,56.88585,66.70832,60.87693,64.62198,66.12866,71.69379,66.85058,70.88018,64.19502,71.58911,65.9242,69.26038,68.96376,68.68042,67.68309,65.0,65.14599,69.89278,70.2282,69.57011,60.44005,63.32456,59.68249,61.68468,56.29387,55.10898,54.91812,54.91812,54.91812,49.64877,52.17279,49.64877,51.0392,38.27532,41.67733,40.24922,44.38468,44.92215,43.68066,42.72002,46.69047,50.35871,49.36598,54.23099,53.46027,54.58938,54.00926,51.62364,47.51842,55.10898,50.63596,48.05206,51.24451,48.8467,49.39636,47.92703,43.86342,43.46263,45.31004,43.41659,40.31129,38.83298,43.04649,35.51056,40.60788,33.42155,34.82815,34.05877,36.61967,33.61547,32.75668,32.24903,38.01316,34.82815,34.82815,35.0,34.4093,32.55764,32.01562,34.20526,34.71311,31.89044,32.01562,30.41381,34.48188,32.55764,31.40064,31.62278,32.44996,32.80244
6.08276,6.08276,7.28011,7.28011,7.28011,8.24621,8.544,9.48683,9.48683,9.48683,10.44031,10.44031,11.40175,10.77033,10.44031,11.7047,11.7047,11.7047,11.7047,11.7047,11.7047,12.08305,11.7047,13.0,13.0,13.0,13.0,14.31782,14.31782,13.41641,13.0,13.92839,13.92839,13.0,13.0,12.64911,13.60147,12.64911,12.64911,11.7047,11.40175,12.36932,11.7047,10.44031,11.40175,10.44031,10.44031,10.44031,10.19804,10.19804,10.19804,10.04988,33.24154,35.73514,34.05877,29.15476,30.41381,32.20248,39.59798,43.84062,39.05125,44.68781,41.72529,50.20956,49.51767,51.40039,51.08816,54.40588,56.0803,56.30275,53.00943,63.41136,60.74537,54.67175,52.35456,59.5483,57.80138,65.80274,63.60031,65.8635,69.33974,67.97794,69.64194,70.0,63.13478,70.83078,71.86793,68.8186,68.8186,70.49113,65.79514,59.20304,70.29225,61.6198,66.4003,64.2028,63.12686,60.30755,59.5483,60.82763,52.40229,50.20956,61.6198,48.08326,56.56854,54.20332,50.32892,53.03772,48.01042,44.01136,45.09989,45.04442,50.01,45.12206,47.16991,47.12749,51.47815,57.24509,51.07837,51.10773,53.53504,59.5399,59.81639,54.45181,57.00877,58.79626,60.44005,53.75872,54.91812,46.87217,55.9017,50.15974,49.73932,50.08992,50.08992,48.10405,44.92215,41.59327,50.0,41.23106,36.40055,36.87818,36.87818,36.87818,36.49658,41.48494,40.1995,41.0,37.65634,42.2019,41.19466,37.12142,37.94733,43.10452,39.05125,43.04649,31.57531,33.01515,39.05125,40.0,34.71311,43.04649,38.11824,34.0147,34.52535,39.31921
5.09902,5.38516,6.7082,6.7082,6.7082,6.7082,8.06226,7.61577,8.06226,8.94427,9.84886,10.29563,10.29563,10.29563,9.84886,11.6619,10.81665,10.29563,10.81665,11.6619,11.18034,11.6619,11.18034,12.20656,12.52996,12.20656,12.20656,13.0384,13.0384,12.80625,11.6619,13.0384,13.0384,11.6619,13.0384,12.52996,12.52996,11.18034,11.18034,11.18034,11.6619,11.6619,11.18034,10.29563,10.29563,9.43398,9.84886,9.43398,9.84886,8.94427,9.48683,9.48683,25.17936,25.4951,28.0,26.4764,29.15476,31.32092,32.98485,35.69314,37.0,39.56008,44.01136,43.46263,47.53946,47.12749,50.28916,53.7122,57.58472,54.08327,55.02727,55.02727,63.50591,54.23099,53.22593,59.9333,60.37384,64.07808,60.53924,64.88451,65.39113,70.3278,62.6099,69.77105,64.62198,68.09552,64.3506,66.70832,66.7308,72.20111,69.31811,66.7308,64.84597,68.00735,64.51356,67.1193,60.40695,65.55151,61.03278,59.48109,58.87274,56.0803,57.00877,52.20153,53.7122,51.86521,53.16014,50.21952,50.80354,39.82462,39.62323,44.82187,46.40043,45.79301,45.69464,43.41659,48.46648,51.88449,51.24451,52.17279,51.78803,54.74486,52.15362,49.0408,51.0392,58.00862,48.50773,49.64877,46.52956,47.67599,48.6621,46.57252,45.60702,42.37924,45.22168,39.81206,41.62932,39.92493,42.15448,33.10589,40.31129,36.76955,34.43835,38.01316,33.10589,32.64966,34.9285,32.64966,34.88553,34.43835,34.88553,38.58756,33.10589,37.73592,36.67424,33.61547,33.01515,31.76476,34.48188,31.90611,30.0,30.80584,29.68164,34.1321,32.20248,27.85678
4.47214,5.38516,6.32456,6.32456,6.32456,6.32456,7.28011,7.28011,8.24621,8.06226,9.21954,9.05539,9.21954,9.21954,9.21954,10.04988,10.04988,10.04988,10.04988,10.04988,10.19804,11.04536,10.04988,11.04536,12.04159,12.04159,12.0,13.0384,12.04159,12.0,11.04536,12.04159,12.04159,12.04159,12.04159,12.04159,12.16553,11.18034,11.04536,10.19804,10.19804,11.18034,10.19804,9.05539,9.21954,9.05539,9.21954,9.21954,9.21954,9.21954,8.544,8.544,26.07681,27.01851,27.01851,31.89044,27.80288,31.241,34.66987,37.58989,37.12142,40.31129,38.91015,43.82921,47.01064,47.85394,47.01064,54.12947,53.66563,53.31041,53.66563,61.7414,62.62587,59.5063,54.08327,61.84658,56.0803,59.03389,60.74537,62.03225,67.77905,68.30813,63.32456,69.46222,67.77905,70.5195,67.72001,65.79514,67.6757,71.47027,66.85058,64.4748,66.70832,69.35416,67.53518,66.64833,64.00781,60.41523,62.26556,59.23681,55.00909,56.82429,55.9464,52.80152,53.22593,51.86521,50.24938,50.77401,51.40039,42.42641,43.10452,43.0,44.18144,43.73786,46.57252,40.02499,49.0408,54.70832,49.24429,46.23851,52.7731,58.18075,53.25411,52.40229,49.57822,58.25805,49.57822,46.75468,47.63402,46.75468,47.43416,43.26662,46.87217,45.65085,44.40721,42.04759,41.67733,40.8534,40.31129,36.23534,37.69615,38.07887,35.8469,36.05551,37.16181,32.69557,37.33631,32.57299,38.8973,38.8973,40.16217,32.31099,35.8469,31.7805,36.76955,34.17601,34.48188,35.4683,34.78505,32.75668,34.53983,35.35534,26.68333,33.73426,33.24154,29.73214
5.83095,5.83095,6.7082,6.7082,6.7082,7.61577,7.61577,7.61577,8.544,8.544,9.84886,9.48683,9.48683,9.48683,9.48683,11.40175,10.19804,10.19804,10.19804,11.18034,10.19804,11.18034,10.19804,12.16553,12.16553,12.16553,12.04159,13.15295,13.0384,12.04159,12.16553,13.0384,12.04159,12.16553,12.16553,12.16553,13.34166,11.18034,11.18034,11.18034,11.18034,11.18034,11.18034,9.21954,10.19804,9.21954,9.21954,9.21954,9.48683,9.48683,8.544,8.544,28.4605,25.01999,21.37756,28.0,33.24154,31.57531,36.01389,31.01612,38.01316,40.26164,44.01136,43.01163,57.38467,46.09772,48.05206,56.35601,54.81788,52.55473,53.85165,61.09828,61.7414,56.64804,58.66856,54.23099,57.45433,61.26989,58.59181,59.05929,58.18075,76.15773,64.49806,75.58439,59.48109,62.76942,66.03787,61.77378,63.07139,62.43397,63.95311,68.8767,64.88451,67.23095,57.93962,64.62198,57.24509,62.16912,55.4617,55.03635,51.89412,56.30275,54.70832,52.55473,54.12947,46.95743,48.38388,52.88667,46.52956,39.82462,43.60046,39.11521,44.94441,43.41659,46.95743,43.38202,49.76947,56.921,43.01163,52.7731,46.57252,54.81788,57.14018,51.0098,53.15073,51.35173,51.62364,46.69047,43.18565,41.23106,50.96077,43.41659,43.68066,48.10405,51.1957,43.08132,45.48626,39.82462,40.70626,38.47077,44.65423,38.07887,34.4093,36.87818,35.35534,39.35734,36.23534,30.88689,42.54409,33.61547,46.95743,41.04875,38.01316,41.40048,34.9285,40.24922,38.83298,31.90611,29.41088,32.01562,33.12099,37.73592,29.83287,35.8469,26.24881,30.67572
5.83095,5.83095,6.32456,6.7082,6.7082,7.61577,7.28011,7.61577,8.24621,8.24621,9.48683,9.48683,9.48683,9.21954,9.48683,10.19804,10.19804,10.19804,10.19804,11.18034,10.19804,11.18034,10.19804,11.18034,12.16553,12.16553,12.04159,12.04159,12.04159,12.04159,11.18034,12.04159,12.04159,12.04159,12.04159,12.16553,12.16553,11.18034,11.18034,11.18034,10.19804,11.18034,10.19804,9.21954,9.21954,9.05539,9.21954,9.21954,9.21954,9.21954,8.544,8.544,23.02173,28.6007,27.45906,26.40076,31.30495,29.15476,32.31099,38.07887,39.21734,39.56008,41.23106,40.79216,47.80167,44.38468,48.70318,51.62364,53.85165,54.81788,53.16014,54.91812,63.78871,59.22837,56.88585,62.96825,57.27128,60.53098,60.82763,67.47592,64.77654,71.25307,65.49046,70.34913,68.35934,70.17834,62.00806,68.35934,63.07139,68.02941,68.593,68.593,63.3877,65.30697,63.78871,66.27217,65.11528,66.75328,61.18823,62.28965,55.54278,54.34151,54.91812,54.58938,50.01,51.1957,52.88667,50.96077,50.69517,43.18565,43.0,44.0,46.17359,44.04543,51.92302,46.09772,47.53946,55.36244,52.0,55.03635,54.56189,56.82429,54.70832,53.82379,54.67175,54.81788,50.20956,53.90733,45.25483,45.25483,48.27007,42.2019,47.63402,47.43416,46.40043,39.44617,37.73592,36.23534,38.94868,35.35534,42.05948,37.73592,36.23534,39.44617,34.98571,34.48188,36.23534,34.17601,35.77709,36.40055,38.58756,38.8973,33.54102,33.10589,34.1321,35.34119,34.88553,33.54102,36.24914,29.96665,35.1141,32.89377,31.38471,31.30495,31.06445,33.61547
4.47214,5.38516,6.08276,6.08276,6.32456,7.07107,7.07107,7.07107,8.06226,8.06226,8.24621,9.05539,9.21954,9.05539,9.21954,10.04988,10.04988,10.04988,10.04988,10.04988,10.04988,11.04536,10.04988,11.04536,12.04159,12.04159,12.0,12.04159,12.04159,12.0,11.04536,12.04159,12.04159,11.04536,12.04159,11.04536,12.16553,11.18034,11.18034,10.19804,10.19804,10.19804,10.19804,9.21954,9.21954,9.05539,9.21954,9.21954,9.21954,8.24621,8.544,8.544,28.30194,22.62742,24.83948,28.42534,31.90611,28.84441,34.43835,38.01316,35.8469,41.23106,42.15448,40.49691,50.69517,47.41308,49.1935,52.81098,60.16644,52.81098,53.75872,56.46238,61.68468,53.7122,59.77458,61.03278,59.5063,62.93648,62.64184,65.96969,68.00735,68.88396,64.03124,67.05222,62.93648,72.03471,64.93843,66.7308,70.34202,67.68309,65.80274,64.19502,63.24555,67.41662,66.48308,64.2573,63.90618,61.09828,58.87274,59.61543,56.36488,55.54278,52.49762,51.62364,53.22593,52.7731,55.00909,53.22593,49.64877,37.21559,41.01219,41.01219,47.01064,42.42641,45.54119,47.29693,47.80167,52.88667,50.59644,54.56189,51.89412,58.13777,55.75841,53.82379,51.22499,53.00943,50.24938,51.66237,48.16638,45.80393,49.20366,42.80187,46.61545,43.26662,42.2019,39.82462,42.54409,38.47077,42.94182,36.24914,42.05948,35.77709,37.58989,34.17601,34.1321,35.4683,35.8469,35.34119,31.90611,34.78505,35.4683,34.53983,34.0147,33.61547,34.43835,34.9285,33.24154,33.24154,31.7805,34.53983,31.30495,32.98485,28.63564,26.4764,29.73214,32.64966
5.83095,6.40312,5.65685,7.07107,7.07107,7.81025,7.81025,8.48528,9.21954,8.48528,9.89949,10.63015,9.89949,9.89949,10.63015,11.40175,11.40175,10.63015,11.40175,11.40175,10.63015,11.40175,10.63015,12.80625,12.80625,12.80625,13.60147,12.80625,13.60147,12.20656,12.80625,12.80625,12.80625,12.80625,12.80625,12.04159,12.72792,12.04159,12.04159,12.04159,11.31371,12.04159,11.31371,10.63015,10.63015,10.0,9.89949,9.89949,9.89949,9.21954,9.21954,8.60233,26.0,23.4094,26.41969,32.44996,31.62278,33.01515,33.24154,36.76955,37.53665,38.94868,42.52058,41.72529,48.83646,48.16638,50.91169,53.2635,56.85068,53.07542,51.62364,61.7171,61.84658,59.39697,59.66574,58.60034,62.93648,60.30755,67.35726,68.88396,64.63745,69.40461,65.43699,68.88396,69.2026,67.6757,68.24222,62.482,69.6563,71.61006,68.11755,69.6563,70.0,68.76772,64.44377,67.80118,58.69412,64.44377,60.81118,62.96825,51.66237,55.15433,52.40229,51.62364,54.48853,53.15073,50.91169,49.67897,48.01042,44.38468,38.27532,41.62932,43.86342,44.41846,46.04346,46.04346,49.20366,54.20332,47.38143,51.73973,50.93133,51.66237,53.00943,51.62364,55.07268,51.62364,47.42362,45.88028,48.76474,50.28916,50.28916,49.24429,46.32494,44.55334,44.64303,40.11234,39.62323,38.01316,42.57934,39.20459,35.01428,33.01515,33.13608,37.01351,34.05877,33.06055,39.01282,34.52535,34.0,35.12834,39.11521,33.06055,34.0147,32.14032,33.13608,32.0,34.0147,33.01515,35.01428,34.0147,31.01612,32.01562,32.06244,31.01612,33.0,29.27456
6.32456,6.32456,8.06226,7.61577,8.06226,8.94427,8.94427,8.94427,9.84886,9.43398,11.18034,11.18034,11.18034,11.6619,11.18034,11.6619,11.6619,11.6619,11.6619,11.6619,12.52996,13.0384,12.52996,13.89244,13.89244,13.0384,13.0384,14.42221,14.42221,13.60147,13.89244,14.42221,14.42221,13.89244,13.89244,13.89244,13.41641,13.41641,12.52996,12.52996,12.08305,12.52996,12.52996,11.18034,11.18034,11.18034,11.18034,10.77033,10.77033,10.77033,10.44031,9.48683,28.28427,25.55386,29.73214,29.83287,31.7805,29.68164,29.68164,34.0,35.77709,38.91015,46.95743,45.88028,54.42426,49.39636,45.22168,52.55473,53.14132,52.88667,51.24451,60.74537,63.89053,55.36244,56.32051,57.70615,57.27128,60.08328,67.05222,71.84706,65.51336,69.64194,60.16644,62.0967,63.32456,69.05071,63.28507,67.6757,63.15061,64.13267,71.16881,62.0967,66.7308,66.09841,61.68468,59.46427,54.78138,61.7171,57.56735,59.46427,49.65884,55.03635,51.92302,46.17359,45.60702,48.30114,54.23099,43.38202,44.72136,38.47077,46.0,41.04875,51.0392,45.0,51.66237,44.14748,49.24429,53.60037,49.76947,55.9017,52.83938,57.69749,53.82379,50.44799,55.60576,60.82763,49.49747,49.0408,46.66905,49.51767,48.60041,48.54894,42.72002,47.50789,49.57822,42.95346,45.65085,40.80441,40.70626,34.0147,41.14608,37.12142,35.8469,36.67424,40.70626,38.8973,38.62642,39.92493,39.35734,39.0,39.35734,38.27532,37.57659,39.81206,32.28002,35.73514,30.08322,38.60052,32.64966,31.62278,35.4683,38.27532,36.87818,33.10589,28.30194,38.32754
6.7082,6.32456,7.28011,7.28011,8.24621,8.24621,9.21954,9.21954,9.05539,9.21954,10.19804,11.04536,11.18034,10.19804,11.18034,12.04159,11.04536,11.04536,11.04536,12.04159,12.04159,13.0384,12.04159,13.0384,13.0384,13.0,13.0,14.0,14.0,13.0384,13.0384,14.0,13.0,13.0,13.0,13.0384,13.0384,12.16553,12.04159,12.04159,12.04159,12.04159,11.04536,11.04536,11.04536,10.04988,11.04536,10.04988,10.19804,10.19804,10.44031,9.48683,26.24881,30.4795,28.84441,26.41969,30.41381,31.38471,33.52611,37.94733,40.02499,41.76123,42.72002,41.76123,51.66237,50.69517,53.85165,52.46904,56.29387,56.88585,55.08176,62.36986,62.96825,60.41523,56.22277,61.81424,59.43904,63.15061,64.38167,64.49806,66.37017,67.06713,63.3877,67.26812,68.46897,71.34424,68.00735,68.593,68.46897,72.1734,68.88396,68.46897,69.72087,68.24954,67.08204,66.91039,66.28725,66.09841,58.0517,61.98387,54.12947,55.7315,53.75872,52.7731,54.33231,50.21952,56.51548,52.63079,52.81098,44.40721,41.10961,44.28318,47.0,43.04649,45.39824,47.67599,45.89118,51.1957,52.17279,52.81098,54.70832,56.61272,57.69749,53.85165,51.86521,55.22681,52.63079,47.63402,47.80167,44.68781,50.32892,45.45327,47.42362,45.60702,44.59821,40.22437,39.40812,40.80441,36.61967,31.62278,36.71512,40.81666,34.4093,37.73592,35.22783,34.20526,32.75668,32.20248,34.98571,33.10589,33.28663,35.8469,36.89173,33.83785,36.35932,35.77709,32.20248,34.98571,35.34119,33.10589,33.28663,31.76476,28.6531,30.23243,32.44996,32.64966
5.65685,5.65685,6.40312,7.07107,7.2111,7.81025,8.60233,8.60233,8.60233,8.60233,9.21954,10.0,10.0,10.0,10.0,10.81665,10.81665,10.81665,10.81665,10.81665,10.81665,11.6619,10.81665,11.6619,11.6619,12.52996,12.52996,13.0384,13.89244,12.52996,11.6619,12.52996,12.52996,11.6619,12.20656,12.20656,12.20656,12.20656,11.6619,10.81665,11.40175,11.40175,10.81665,10.81665,10.0,9.43398,10.0,10.0,10.0,9.21954,9.21954,8.48528,27.29469,26.68333,25.4951,31.01612,31.30495,31.06445,34.1321,35.80503,35.80503,39.66106,42.42641,42.44997,48.16638,49.67897,50.32892,53.07542,60.10824,56.58622,55.15433,57.38467,61.52235,56.56854,57.48913,62.93648,60.81118,65.05382,62.28965,66.06815,63.03174,71.8401,63.78087,67.47592,68.11755,70.17834,61.85467,63.65532,66.21933,72.47068,69.31089,68.68042,68.88396,67.94115,68.24954,70.76722,62.24147,65.76473,58.0,60.87693,57.31492,55.97321,54.56189,50.91169,50.24938,53.03772,53.03772,49.57822,52.15362,42.94182,44.41846,40.80441,44.04543,43.13931,45.96738,46.69047,46.09772,54.6443,49.64877,52.15362,51.97115,56.82429,52.92447,52.20153,55.08176,52.88667,49.24429,46.87217,47.26521,48.25971,51.24451,45.01111,47.01064,44.0,44.0,41.01219,46.0,40.1995,42.0119,38.20995,36.67424,32.98485,34.1321,35.22783,38.11824,34.36568,37.12142,31.14482,35.35534,36.49658,38.60052,35.17101,35.69314,35.90265,36.05551,35.17101,32.24903,32.24903,33.24154,35.17101,34.1321,34.9285,28.44293,36.49658,28.86174,32.0
6.08276,7.07107,7.0,8.06226,8.0,8.0,9.0,9.0,9.0,9.0,10.0,10.04988,11.0,11.0,11.0,12.04159,11.04536,11.04536,11.18034,12.04159,12.04159,12.04159,11.04536,13.15295,13.15295,13.15295,13.15295,13.15295,14.14214,13.34166,13.15295,13.15295,13.15295,13.15295,13.15295,13.15295,14.03567,12.04159,12.04159,12.04159,12.04159,12.04159,11.04536,11.04536,10.0,10.04988,11.0,10.0,10.0,10.0,10.04988,10.04988,22.2036,34.17601,36.05551,24.5153,30.80584,36.05551,29.96665,42.2019,38.41875,43.13931,41.10961,41.86884,50.80354,45.27693,49.57822,49.51767,62.24147,54.48853,50.24938,53.75872,62.36986,54.48853,65.06919,55.86591,60.87693,58.72819,60.959,66.21933,61.52235,66.85058,63.78087,65.05382,58.13777,72.18033,62.28965,64.38167,70.71068,63.78087,66.6033,60.1415,60.82763,64.53681,61.22091,63.60031,61.40033,59.20304,58.89822,55.31727,48.08326,51.66237,49.81967,48.27007,44.94441,43.04649,45.17743,47.16991,47.16991,38.01316,41.97618,40.60788,41.48494,38.48376,45.88028,44.28318,46.09772,51.10773,51.62364,57.80138,55.22681,53.41348,58.60034,53.15073,52.69725,50.9902,48.82622,51.86521,45.65085,45.31004,55.02727,45.88028,52.63079,45.60702,42.44997,36.67424,43.56604,34.36568,40.04997,35.17101,41.30375,43.01163,40.4475,37.0,40.4475,35.51056,41.19466,37.01351,39.11521,39.05125,34.05877,37.05401,40.04997,38.01316,27.01851,33.06055,41.04875,40.11234,37.01351,34.1321,33.06055,41.0,25.07987,41.04875,44.40721,34.23449
5.38516,6.08276,6.08276,7.07107,7.07107,7.07107,8.06226,8.0,8.06226,8.0,9.0,9.0,10.0,9.0,10.0,11.0,10.04988,10.0,10.04988,11.0,11.0,11.04536,10.0,12.16553,12.04159,12.04159,12.04159,12.04159,13.15295,12.16553,12.04159,12.04159,12.04159,12.04159,12.04159,11.04536,13.0,12.0,11.04536,11.0,11.0,11.0,11.0,10.0,10.04988,9.0,10.04988,9.05539,9.05539,10.04988,9.05539,8.24621,23.4094,26.01922,23.08679,26.24881,39.0,31.01612,34.17601,35.22783,34.20526,38.47077,39.35734,43.27817,48.60041,46.2277,48.37355,58.0,56.72742,51.85557,54.67175,54.45181,61.6198,56.0803,59.46427,59.66574,56.85068,58.13777,60.20797,64.66065,60.44005,70.03571,64.3506,67.94115,59.46427,65.79514,65.06919,64.3506,61.55485,70.03571,63.25346,68.593,57.31492,57.98276,63.89053,61.84658,62.28965,57.62812,53.33854,52.40229,53.60037,49.64877,51.40039,49.0408,51.22499,44.10215,49.81967,50.47772,43.82921,44.28318,43.909,38.07887,40.24922,40.80441,46.09772,45.96738,41.7732,54.03702,50.91169,46.2277,46.52956,55.47071,55.60576,49.76947,51.1957,59.09315,52.49762,47.80167,48.16638,49.09175,49.16299,48.25971,47.07441,43.01163,49.0408,43.01163,45.54119,41.19466,39.20459,38.20995,40.4475,36.12478,31.40064,40.60788,36.87818,34.36568,38.0526,36.87818,35.17101,41.59327,37.21559,40.80441,39.84972,34.52535,34.0,39.84972,35.51056,33.13608,36.87818,30.01666,35.51056,35.44009,26.92582,32.28002,34.53983,26.07681
5.09902,5.09902,6.32456,7.28011,7.28011,7.28011,8.24621,8.24621,8.24621,8.544,9.48683,9.48683,9.48683,9.48683,9.48683,10.77033,10.77033,10.77033,10.77033,10.77033,10.77033,10.77033,10.77033,12.08305,12.08305,12.08305,12.52996,13.41641,13.41641,12.52996,12.08305,12.08305,12.08305,12.08305,12.08305,12.08305,13.0,12.08305,11.7047,10.77033,10.77033,10.77033,11.18034,9.84886,9.84886,9.84886,9.48683,9.48683,9.48683,8.544,8.544,8.24621,29.83287,23.85372,25.63201,26.83282,28.16026,31.40064,32.28002,38.83298,39.20459,38.11824,46.04346,42.10701,47.09565,48.01042,52.15362,53.00943,56.0357,54.00926,56.14268,58.00862,64.28063,59.00847,55.22681,63.12686,58.00862,63.03174,62.28965,59.4138,66.0303,69.46222,63.28507,67.36468,67.18631,68.46897,68.44706,66.27217,68.06614,70.85901,69.06519,68.593,68.35934,68.00735,65.00769,67.02984,61.03278,64.12488,61.07373,59.03389,56.00893,53.08484,54.0,53.08484,53.03772,53.00943,54.03702,53.08484,49.64877,37.64306,41.97618,43.28972,41.04875,46.01087,46.01087,45.01111,50.03998,55.14526,51.1957,52.63079,50.44799,53.45091,54.08327,52.47857,50.24938,56.30275,51.31277,48.54894,50.44799,50.44799,52.3259,44.04543,48.9183,49.67897,46.8615,43.18565,41.40048,39.20459,40.80441,36.12478,38.01316,34.82815,33.6006,36.61967,36.12478,34.05877,39.62323,35.80503,35.0,38.01316,38.41875,36.40055,36.05551,32.75668,34.43835,33.83785,31.38471,33.83785,32.44996,35.0,33.30165,33.6006,28.84441,33.28663,34.20526,30.41381
5.09902,5.0,6.0,7.0,7.0,7.0,8.06226,7.0,8.06226,8.06226,9.0,9.05539,10.04988,9.05539,9.0,10.19804,10.19804,10.04988,10.19804,10.04988,10.04988,11.18034,11.04536,11.18034,12.16553,12.16553,12.36932,12.16553,12.36932,12.36932,11.18034,12.16553,12.36932,11.18034,12.16553,11.18034,12.04159,11.18034,10.04988,11.04536,11.04536,11.18034,10.04988,10.19804,9.05539,9.21954,9.05539,9.05539,9.05539,9.0,9.0,8.06226,24.59675,27.313,31.95309,30.59412,30.59412,34.1321,34.0147,39.05125,34.0,37.21559,39.20459,38.0526,48.09366,43.28972,50.08992,53.46027,55.22681,54.33231,56.14268,53.46027,66.28725,56.22277,56.88585,58.24946,59.84146,67.47592,62.96825,65.73431,66.94027,67.18631,67.46851,72.03471,59.22837,72.00694,64.19502,69.63476,68.15424,69.37579,67.26812,65.73431,64.77654,68.593,62.80127,64.93843,63.95311,60.20797,64.49806,56.56854,55.3263,53.46027,55.57877,47.51842,54.23099,49.25444,50.03998,53.03772,51.0098,39.44617,41.78516,42.37924,45.89118,44.55334,47.26521,47.38143,46.09772,51.0098,53.03772,51.08816,52.95281,58.07753,54.23099,55.54278,49.64877,52.49762,50.32892,50.15974,49.1935,48.37355,51.10773,42.43819,44.10215,46.2277,43.909,40.45986,42.0119,36.79674,38.8973,31.241,41.7732,36.06938,33.24154,37.01351,33.24154,33.30165,39.66106,32.55764,36.79674,38.28838,38.94868,37.48333,33.24154,34.82815,31.82766,33.30165,34.71311,33.42155,32.55764,31.82766,34.71311,37.64306,29.73214,35.38361,33.30165,28.42534
