10.29563,9.43398,9.43398,8.94427,8.94427,9.43398,8.94427,8.06226,8.06226,8.60233,7.81025,7.81025,8.60233,8.60233,7.81025,7.81025,7.81025,7.81025,7.81025,7.81025,7.81025,7.81025,7.07107,7.07107,7.81025,7.07107,7.07107,7.81025,7.81025,7.07107,7.07107,7.2111,7.2111,7.2111,7.2111,7.2111,6.7082,6.7082,5.83095,5.38516,5.38516,5.38516,5.09902,4.12311,5.09902,4.12311,4.12311,4.0,4.0,3.0,3.0,3.0,72.61543,64.4748,64.51356,59.80803,57.38467,56.79789,59.23681,56.46238,57.38467,54.08327,50.69517,56.51548,55.36244,49.33559,52.88667,46.09772,54.12024,52.88667,51.78803,47.51842,52.95281,45.89118,48.50773,47.53946,45.27693,51.78803,44.72136,47.38143,47.29693,44.10215,45.39824,45.17743,47.16991,46.27094,40.0125,47.29693,43.41659,43.73786,47.26521,38.32754,42.72002,37.69615,39.0,35.34119,37.58989,36.24914,34.43835,32.64966,33.61547,28.01785,22.84732,28.6531,26.83282,23.02173,19.41649,22.47221,18.60108,19.0263,22.2036,22.2036,29.42788,24.02082,28.07134,31.06445,30.26549,37.01351,38.11824,43.10452,40.11234,51.24451,47.67599,52.23983,46.09772,54.81788,55.10898,59.43904,57.00877,60.08328,63.56099,65.9242,64.84597,66.64833,69.77822,64.14047,73.23933,67.1193,74.43118,64.3506,70.80254,69.63476,65.8635,64.66065,66.7308,63.81222,61.03278,63.24555,63.81222,68.26419,58.82176,65.51336,65.36819,63.06346,58.18075,57.70615,63.06346,66.7308,67.23095,66.18912,61.84658,64.41273,61.77378,64.62198,65.78754,65.76473
11.18034,11.18034,10.29563,10.29563,10.29563,10.29563,10.29563,10.29563,10.29563,9.43398,9.43398,10.0,10.0,9.43398,9.43398,10.0,9.21954,9.21954,9.21954,9.21954,8.60233,8.60233,9.21954,8.48528,8.48528,9.21954,9.21954,9.21954,8.60233,8.60233,8.60233,8.60233,8.60233,8.60233,8.06226,8.06226,8.06226,7.61577,7.61577,6.7082,7.28011,6.32456,6.32456,6.32456,6.08276,6.08276,6.08276,5.09902,5.09902,5.0,5.0,5.0,55.97321,64.07808,53.31041,61.68468,57.28001,58.69412,50.92151,56.32051,53.15073,56.30275,56.4358,55.10898,55.31727,49.0306,48.70318,51.97115,50.01,43.93177,54.12947,47.38143,45.89118,50.48762,49.36598,46.17359,42.95346,48.09366,43.56604,39.62323,42.19005,48.0,51.15662,48.08326,45.27693,42.29657,48.83646,41.10961,39.45884,41.0,38.8973,43.73786,40.80441,35.77709,35.77709,33.52611,30.41381,33.61547,39.39543,31.38471,29.41088,28.6531,28.6007,31.241,24.69818,23.32381,16.97056,20.51828,20.51828,22.80351,20.88061,22.80351,27.85678,27.45906,25.63201,35.90265,29.12044,35.44009,38.83298,36.40055,44.91102,43.04649,46.04346,49.09175,50.0,54.03702,59.07622,61.03278,60.13319,60.03332,62.80127,66.75328,65.96969,67.06713,65.52099,66.09841,64.03124,67.72001,66.21178,63.69458,69.35416,65.79514,67.1193,62.24147,63.07139,68.44706,67.23095,64.84597,61.84658,61.32699,61.7414,69.28925,64.62198,62.39391,68.88396,63.56886,68.30813,62.64184,70.83784,63.56886,69.89278,68.00735,67.72001,67.6757,61.46544,67.44627
11.18034,11.18034,11.18034,11.18034,10.19804,10.19804,10.19804,10.44031,10.19804,9.48683,10.44031,10.44031,9.48683,9.48683,9.48683,9.84886,9.84886,9.84886,8.94427,9.48683,8.544,8.544,8.94427,8.94427,8.94427,9.84886,8.94427,8.94427,8.94427,8.94427,8.544,8.544,8.544,8.544,8.24621,8.24621,8.24621,7.28011,7.07107,7.07107,7.07107,7.07107,6.08276,6.0,6.0,6.0,6.0,5.0,5.0,5.0,5.09902,4.12311,58.72819,64.38167,65.05382,59.4138,57.28001,56.63921,59.39697,53.07542,46.75468,57.00877,51.22499,54.20332,52.20153,48.41487,50.47772,52.35456,53.0,48.25971,48.02083,52.47857,49.65884,48.30114,53.85165,50.53712,43.82921,46.14109,46.52956,47.01064,42.2019,44.28318,44.28318,43.38202,40.81666,43.56604,41.59327,41.59327,45.27693,40.71855,42.72002,40.81666,41.72529,36.87818,39.20459,35.60899,31.14482,31.89044,33.94113,26.24881,29.0,28.28427,23.60085,24.08319,23.60085,18.35756,22.47221,23.25941,19.64688,24.18677,24.69818,20.12461,30.41381,29.15476,31.01612,27.73085,33.12099,39.96248,37.16181,40.81666,40.24922,50.11986,46.64762,51.0392,53.00943,54.81788,55.80323,55.44367,65.11528,59.46427,65.8559,66.46804,66.8431,70.80254,71.40028,68.24222,66.88797,70.3278,63.51378,68.7968,69.46222,71.58911,68.24222,62.64982,66.03787,64.89992,61.91123,66.7308,64.07027,67.42403,57.98276,61.03278,63.00794,63.65532,58.82176,67.80118,65.94695,66.0303,65.06919,65.43699,63.65532,68.0147,64.3506,64.3506,66.6033,67.26812
10.77033,9.84886,10.77033,9.48683,10.77033,9.48683,9.48683,9.48683,9.48683,9.48683,9.48683,9.48683,9.21954,9.21954,8.24621,9.21954,8.24621,9.21954,8.06226,8.06226,8.06226,8.06226,8.24621,8.06226,8.06226,8.06226,8.06226,8.06226,8.06226,8.06226,8.06226,8.06226,8.24621,7.28011,7.28011,7.28011,7.28011,6.32456,6.7082,6.7082,6.7082,5.83095,5.83095,5.0,5.0,5.0,5.0,5.0,4.24264,4.24264,4.24264,3.60555,60.41523,58.60034,64.49806,60.00833,61.7414,60.21628,55.47071,54.91812,53.7122,53.85165,55.00909,51.22499,57.45433,51.10773,48.82622,48.02083,49.49747,43.01163,47.42362,47.70744,50.21952,44.59821,44.55334,51.66237,47.63402,44.40721,45.60702,45.96738,44.59821,39.62323,38.60052,39.69887,45.60702,46.40043,45.48626,44.82187,39.69887,38.41875,43.93177,36.71512,40.49691,44.29447,36.40055,34.53983,34.0147,33.10589,30.08322,29.41088,30.46309,28.86174,24.73863,26.4764,23.08679,26.01922,23.19483,21.09502,18.02776,27.80288,21.09502,26.92582,25.55386,30.52868,26.40076,33.01515,32.69557,39.20459,40.22437,41.10961,46.09772,47.50789,47.42362,49.81967,49.57822,53.8145,57.2014,60.30755,64.41273,57.98276,68.8186,67.60178,71.11259,65.39113,61.46544,62.96825,63.56886,68.35203,68.30813,66.7308,64.51356,66.40783,60.74537,59.61543,68.94926,67.35726,67.41662,66.40783,58.5235,64.51356,65.80274,60.74537,61.46544,59.09315,63.07139,58.66856,61.26989,61.91123,67.54258,63.97656,66.21178,69.83552,64.40497,67.97794,69.28925,65.73431
11.04536,11.18034,10.19804,10.04988,10.19804,10.19804,10.19804,9.21954,9.21954,9.21954,9.21954,9.48683,8.544,9.48683,8.544,9.48683,9.48683,8.544,8.544,8.544,8.544,8.544,8.544,8.544,7.61577,8.544,8.544,7.61577,8.544,8.544,7.61577,8.544,7.61577,7.28011,8.24621,7.28011,7.07107,6.08276,6.08276,6.08276,6.0,6.0,5.0,6.0,5.0,5.0,5.0,4.0,4.0,4.12311,3.16228,3.16228,60.0,61.84658,63.03174,62.36986,57.48913,59.03389,58.69412,55.0,56.63921,53.8145,53.90733,54.03702,53.03772,51.73973,53.07542,52.63079,54.56189,50.24938,46.75468,48.16638,54.40588,53.25411,48.25971,47.63402,47.50789,43.41659,48.27007,47.20169,45.96738,40.31129,47.20169,43.60046,44.68781,43.41659,48.60041,45.45327,41.86884,38.28838,43.86342,42.44997,37.53665,38.60052,38.28838,38.94868,35.51056,33.01515,29.20616,28.6531,33.54102,29.06888,28.79236,27.313,19.92486,22.36068,24.69818,18.78829,19.64688,22.36068,24.69818,24.5153,30.8707,28.23119,29.73214,32.28002,31.7805,39.31921,38.07887,43.68066,44.59821,46.23851,47.42362,51.86521,53.53504,62.26556,61.91123,55.07268,63.25346,62.42596,63.78087,65.19202,60.87693,69.31089,64.3506,68.11755,68.593,66.21933,62.80127,66.6033,67.20119,66.21933,62.62587,67.1193,63.82006,61.07373,61.22091,62.96825,62.20129,62.482,60.82763,65.76473,66.6033,61.7171,69.81404,64.44377,61.55485,62.93648,60.20797,66.6033,61.84658,65.11528,60.82763,60.10824,66.46804,72.83543
11.40175,11.40175,11.40175,11.40175,10.44031,10.44031,10.44031,10.44031,10.44031,9.84886,9.84886,9.84886,9.84886,9.84886,9.84886,9.84886,9.84886,8.94427,8.94427,9.84886,9.84886,8.94427,8.94427,9.43398,9.43398,9.43398,9.43398,8.94427,8.94427,8.94427,8.94427,8.94427,8.94427,8.94427,8.544,7.61577,7.61577,7.61577,7.28011,7.28011,7.07107,7.07107,6.08276,6.08276,6.08276,5.09902,5.09902,5.0,5.0,5.0,4.0,4.0,68.0147,62.96825,70.29225,67.26812,60.81118,56.85068,60.87693,60.30755,54.20332,55.22681,50.60632,52.20153,51.85557,49.20366,49.57822,51.0392,48.60041,49.39636,52.15362,50.80354,48.25971,46.87217,51.97115,43.909,43.41659,54.12947,47.80167,44.72136,43.38202,44.40721,46.51881,48.8774,47.41308,44.77723,44.72136,48.37355,42.95346,45.61798,43.41659,43.93177,41.34005,40.45986,40.0,38.18377,37.64306,33.6006,34.82815,35.35534,32.55764,25.4951,28.42534,27.58623,22.67157,27.45906,24.18677,23.32381,20.24846,23.85372,25.29822,24.69818,28.6007,23.76973,33.54102,31.06445,31.38471,38.07887,40.31129,49.92995,43.26662,49.76947,45.79301,50.11986,53.41348,56.30275,53.75872,64.03124,62.00806,64.3506,67.94115,67.26812,66.4003,69.40461,72.00694,67.42403,69.46222,67.1193,72.67049,66.88797,73.06162,70.21396,67.95587,71.56116,70.49113,65.19202,63.51378,70.80254,64.2028,73.4983,62.20129,70.0,58.5235,65.60488,73.53911,64.81512,61.52235,65.76473,59.81639,67.20863,65.43699,60.10824,65.11528,67.88225,63.89053,62.96825
11.18034,11.18034,10.77033,10.77033,10.77033,10.77033,10.77033,10.77033,10.77033,10.44031,10.44031,10.44031,10.19804,10.19804,10.19804,10.44031,10.19804,9.48683,9.21954,9.21954,9.21954,9.21954,9.21954,9.05539,9.05539,9.21954,9.21954,9.21954,9.21954,9.21954,9.21954,9.21954,9.48683,8.24621,8.544,7.61577,7.61577,7.61577,7.61577,6.7082,6.7082,5.83095,5.83095,5.83095,5.83095,5.0,5.0,5.0,5.0,5.0,4.24264,4.24264,61.98387,59.22837,61.61169,61.84658,59.77458,61.13101,55.7853,60.44005,55.36244,55.71355,53.31041,53.75872,53.85165,49.64877,51.62364,47.53946,48.37355,53.66563,48.37355,51.47815,53.22593,49.1935,44.28318,43.08132,44.77723,46.52956,50.11986,47.50789,46.32494,46.06517,38.58756,46.06517,42.19005,43.56604,44.29447,41.59327,41.04875,44.29447,39.0,40.16217,37.33631,39.92493,36.13862,34.48188,34.17601,31.40064,36.87818,30.08322,27.16616,21.84033,35.0571,26.30589,25.07987,20.0,20.22375,25.07987,18.02776,23.34524,24.75884,25.45584,26.87006,29.20616,33.30165,30.4795,33.30165,39.20459,40.45986,41.23106,44.68781,47.88528,51.86521,50.80354,54.56189,59.5063,58.13777,55.65968,63.56886,69.46222,66.09841,59.43904,62.0967,67.68309,61.61169,65.76473,67.46851,70.25667,70.34913,68.46897,67.36468,64.62971,67.1193,65.37584,61.29437,64.07027,64.12488,64.62971,69.18092,65.12296,64.07027,64.77654,61.52235,65.11528,59.77458,65.30697,64.93843,57.27128,62.0967,61.61169,60.20797,66.4906,61.40033,66.40783,65.25335,62.96825
11.18034,10.19804,10.19804,10.19804,10.19804,10.44031,10.44031,10.44031,9.48683,9.48683,9.48683,9.48683,9.48683,9.48683,9.48683,9.84886,8.94427,8.94427,8.94427,8.94427,8.94427,8.94427,8.94427,8.06226,8.06226,8.94427,8.60233,8.06226,8.06226,8.94427,8.06226,8.06226,8.06226,7.61577,8.06226,7.61577,7.61577,6.32456,6.32456,6.32456,6.32456,6.32456,6.08276,5.09902,5.09902,5.09902,5.09902,4.12311,4.0,4.0,4.0,3.0,63.81222,66.8431,59.40539,59.46427,59.81639,60.21628,61.40033,55.80323,52.15362,53.82379,53.53504,49.64877,52.83938,53.90733,52.39275,53.66563,51.10773,47.88528,43.41659,49.76947,47.43416,47.85394,54.58938,48.8467,47.16991,45.31004,45.69464,49.64877,47.12749,45.22168,46.48656,46.17359,40.80441,46.06517,44.77723,44.29447,45.61798,42.05948,41.18252,39.81206,36.67424,42.48529,37.21559,39.66106,34.4093,39.40812,29.96665,33.42155,27.01851,28.01785,26.40076,29.0,18.86796,24.59675,22.02272,24.04163,19.20937,20.88061,26.57066,28.28427,28.17801,26.40076,31.7805,31.04835,33.52611,37.57659,39.84972,43.38202,50.08992,47.41308,45.61798,50.11986,51.97115,56.4358,56.93856,56.85948,59.46427,57.98276,61.7171,63.70243,58.72819,67.17887,65.05382,61.7171,64.44377,66.6033,60.82763,65.29931,64.07027,61.6198,68.76772,66.61081,61.55485,62.482,64.44377,62.28965,59.46427,66.48308,59.5483,62.24147,65.76473,57.80138,65.79514,64.44377,60.1415,65.06919,60.20797,62.62587,67.20119,61.6198,67.6757,66.06815,69.81404,66.8431
10.19804,9.21954,10.44031,10.19804,9.21954,9.21954,9.48683,9.48683,9.48683,9.48683,8.544,8.544,8.544,8.544,8.544,8.94427,8.06226,8.544,8.06226,8.06226,8.06226,8.06226,7.61577,8.06226,8.06226,8.06226,8.06226,8.06226,8.06226,8.06226,7.61577,7.61577,7.61577,7.61577,6.7082,7.28011,6.32456,6.32456,6.08276,6.08276,6.08276,6.08276,5.09902,5.0,5.09902,5.0,4.0,4.0,4.0,4.0,3.0,3.16228,63.63961,62.24147,61.22091,60.87693,57.38467,56.72742,59.46427,60.959,53.90733,50.80354,52.34501,56.61272,54.6443,53.00943,52.15362,49.39636,49.64877,52.80152,48.76474,47.41308,48.10405,51.62364,49.1935,44.38468,52.83938,46.48656,47.53946,48.38388,50.15974,46.09772,46.23851,41.76123,48.08326,43.08132,37.16181,45.31004,41.78516,47.01064,42.54409,41.59327,38.01316,35.22783,37.64306,30.80584,35.22783,32.64966,30.52868,33.6006,25.4951,26.07681,26.1725,25.0,25.45584,24.75884,22.02272,20.61553,19.41649,21.9545,22.84732,22.47221,26.0,28.23119,23.76973,30.88689,31.30495,34.0147,37.12142,41.62932,42.43819,42.19005,47.80167,49.92995,51.08816,49.81967,53.15073,60.87693,57.2014,57.31492,67.20863,56.85948,64.2028,62.1289,70.49113,61.91123,66.03787,68.42514,63.97656,69.46222,65.8635,65.36819,66.18912,60.20797,64.84597,63.51378,58.83026,60.90156,63.82006,58.60034,62.42596,62.20129,62.62587,58.18075,54.45181,59.81639,63.12686,57.98276,61.07373,60.20797,64.38167,65.19202,57.98276,65.76473,65.05382,70.00714
10.44031,10.44031,10.44031,10.44031,10.44031,9.48683,9.48683,9.48683,9.48683,9.21954,9.21954,9.21954,9.05539,9.21954,9.21954,9.05539,8.06226,9.05539,8.06226,9.05539,8.06226,8.06226,8.06226,8.0,8.06226,8.06226,8.06226,8.06226,8.06226,8.06226,8.06226,8.06226,8.06226,8.24621,7.28011,7.28011,7.28011,7.28011,7.28011,6.32456,6.7082,5.83095,5.83095,5.83095,5.0,5.0,5.0,5.0,4.24264,4.24264,4.24264,4.24264,67.6757,62.80127,56.04463,58.94065,69.26038,59.20304,57.28001,50.96077,59.09315,55.36244,53.45091,55.36244,54.40588,54.58938,48.46648,56.85948,48.8467,48.25971,46.95743,47.85394,50.08992,45.18849,43.41659,45.79301,48.10405,46.06517,52.39275,49.0408,43.56604,45.48626,43.82921,42.04759,41.6173,43.60046,43.26662,42.72002,43.04649,41.59327,43.65776,39.84972,41.78516,41.10961,37.33631,38.62642,36.40055,35.17101,25.4951,32.24903,33.01515,30.14963,26.1725,26.0,23.08679,22.2036,18.0,17.0,19.64688,23.02173,23.60085,24.20744,24.41311,28.3196,33.83785,31.241,32.64966,39.69887,34.82815,46.87217,49.24429,46.04346,50.47772,56.79789,48.37355,55.03635,53.48832,60.92618,61.39218,61.81424,68.593,68.65858,63.15061,67.08204,71.84706,66.1211,66.27217,63.1981,66.06815,62.20129,69.11584,64.07027,65.06919,65.19202,64.00781,65.12296,61.13101,56.00893,65.62012,62.64982,61.98387,64.28063,62.16912,60.20797,60.13319,66.61081,60.82763,65.62012,59.43904,61.13101,64.77654,60.63827,66.21933,64.84597,64.56005,67.35726
10.29563,10.29563,9.84886,10.29563,9.84886,9.84886,8.94427,9.84886,8.94427,8.544,8.544,8.544,8.544,8.544,8.544,8.24621,8.24621,8.24621,8.24621,8.24621,8.24621,8.24621,7.28011,8.06226,8.24621,8.24621,8.24621,8.06226,8.06226,7.28011,7.28011,8.24621,7.28011,7.28011,7.61577,7.61577,6.7082,6.7082,6.7082,6.7082,5.83095,5.83095,5.83095,5.0,5.0,5.0,4.24264,4.24264,4.24264,4.24264,3.60555,3.60555,65.80274,61.61169,59.20304,56.46238,60.40695,60.16644,55.97321,53.7122,50.92151,50.69517,51.62364,55.36244,53.85165,46.61545,48.33218,55.03635,49.64877,46.87217,45.17743,48.8774,48.8774,44.10215,44.94441,47.88528,50.47772,46.40043,45.22168,46.09772,45.22168,44.10215,51.31277,49.81967,45.0,43.26662,44.77723,37.64306,43.01163,37.73592,40.31129,42.04759,42.94182,36.23534,37.94733,37.69615,36.13862,32.28002,34.36568,29.41088,28.86174,30.59412,28.16026,27.0,25.31798,24.33105,22.02272,20.02498,22.09072,24.75884,24.04163,20.24846,26.40076,26.92582,30.61046,28.6007,32.52691,35.80503,36.05551,43.38202,42.54409,51.97115,52.7731,49.64877,55.65968,56.32051,49.98,55.97321,59.22837,56.08921,62.514,61.18823,59.68249,60.29925,68.593,62.00806,68.06614,64.03124,64.03124,70.00714,65.03076,67.02984,61.07373,59.13544,65.12296,57.14018,60.13319,60.20797,62.39391,61.29437,61.0082,60.07495,59.3043,61.66036,61.0,59.13544,59.3043,61.81424,59.48109,62.36986,69.12308,58.94065,62.36986,64.13267,61.40033,61.35145
11.18034,11.18034,10.29563,10.29563,10.29563,10.81665,10.29563,10.29563,10.29563,10.0,10.0,10.0,9.21954,9.21954,10.0,10.0,9.21954,9.21954,9.21954,9.21954,9.21954,8.48528,9.21954,8.48528,8.48528,9.21954,9.21954,8.48528,8.48528,9.21954,8.48528,8.60233,8.60233,8.60233,8.06226,8.06226,8.06226,7.2111,7.2111,6.7082,6.7082,7.28011,6.32456,6.32456,6.32456,6.08276,5.09902,5.09902,5.09902,5.09902,5.0,4.0,56.61272,57.62812,61.07373,57.62812,62.24147,51.86521,56.40035,60.20797,54.70832,51.61395,50.11986,55.56978,56.30275,45.18849,51.0,50.08992,50.92151,50.9902,47.01064,50.08992,51.47815,47.50789,47.16991,42.54409,41.14608,49.24429,45.69464,39.56008,43.86342,45.88028,44.38468,47.16991,42.48529,43.68066,48.75449,44.41846,42.94182,38.47077,45.80393,43.26662,42.19005,40.80441,35.8469,39.20459,36.89173,40.31129,31.1127,29.83287,24.08319,31.90611,30.88689,27.65863,22.80351,22.36068,18.43909,20.51828,21.84033,22.09072,20.02498,28.07134,25.0,30.0,32.14032,28.63564,34.1321,41.10961,40.0,46.17359,45.04442,40.79216,46.87217,49.64877,57.87055,55.36244,56.32051,54.12024,65.76473,61.84658,65.73431,66.88797,66.70832,66.28725,67.74216,71.40028,74.63243,68.76772,70.29225,68.11755,66.6033,62.96825,70.60453,66.70832,67.26812,68.68042,63.78087,61.7171,67.35726,66.52819,68.41053,63.82006,66.21933,62.00806,66.6033,60.80296,66.28725,68.11755,64.81512,66.64833,70.72482,65.19202,65.51336,66.57327,66.70832,70.93659
11.04536,11.04536,11.18034,11.18034,10.19804,10.19804,10.19804,10.19804,10.19804,10.19804,10.19804,10.19804,9.48683,9.48683,9.48683,9.48683,9.48683,9.48683,9.48683,9.48683,9.48683,9.48683,9.48683,9.48683,9.48683,8.544,9.48683,9.48683,9.48683,8.544,9.48683,9.48683,9.21954,8.24621,8.24621,8.24621,8.06226,8.06226,7.07107,7.07107,7.0,7.0,7.0,6.0,6.0,5.0,5.0,5.0,5.09902,4.12311,4.12311,4.12311,59.5399,63.63961,60.40695,61.18823,60.67125,56.88585,59.03389,56.08921,56.88585,51.97115,53.85165,55.54278,54.81788,53.85165,53.60037,53.45091,53.16014,51.24451,47.75982,49.33559,52.0,49.0408,49.76947,48.75449,49.98,51.26402,49.39636,49.24429,48.46648,49.1935,47.01064,47.01064,49.98,49.0408,49.39636,47.16991,50.0,48.08326,45.54119,41.10961,43.93177,44.55334,40.4475,40.31129,38.01316,38.20995,37.05401,35.0,33.06055,28.0,28.16026,30.0,28.28427,24.33105,26.92582,22.2036,20.88061,21.26029,21.40093,25.23886,25.0,24.69818,27.20294,27.45906,28.6531,32.44996,35.35534,37.58989,42.94182,44.29447,46.09772,45.18849,50.92151,50.92151,55.36244,55.54278,59.66574,60.20797,60.53098,65.49046,63.3877,64.19502,63.1981,60.07495,61.03278,66.06815,64.00781,62.00806,65.06919,64.00781,64.07027,64.19502,59.07622,66.1211,60.00833,62.07254,62.0,60.07495,60.03332,58.03447,62.03225,59.00847,60.07495,58.03447,62.00806,60.03332,64.28063,62.39391,60.20797,60.20797,62.64982,65.62012,64.62971,66.37017
10.81665,10.81665,10.63015,10.0,10.0,10.0,10.0,9.21954,10.0,9.21954,9.21954,9.89949,9.89949,9.89949,9.21954,9.89949,9.89949,9.21954,8.60233,9.21954,9.21954,8.60233,8.48528,8.60233,8.60233,9.21954,9.21954,9.21954,8.60233,8.48528,7.81025,7.81025,7.81025,7.81025,8.48528,7.81025,7.81025,7.07107,7.2111,6.40312,6.40312,5.83095,5.83095,5.83095,5.83095,5.38516,4.47214,4.47214,4.47214,4.12311,3.16228,3.16228,62.39391,66.85058,63.89053,68.35203,68.02941,62.93648,60.16644,57.00877,54.70832,58.5235,62.29767,53.31041,55.08176,49.76947,58.94065,51.1957,59.43904,56.88585,50.9902,56.51548,54.58938,51.47815,47.67599,48.05206,49.24429,51.97115,48.27007,44.38468,49.64877,49.16299,51.41984,51.66237,43.18565,46.48656,47.29693,48.83646,47.53946,43.08132,41.97618,48.27007,41.4367,44.28318,43.04649,40.49691,34.0,37.80212,37.73592,28.84441,32.55764,31.82766,32.55764,27.65863,26.24881,26.90725,17.69181,20.80865,22.47221,21.84033,23.76973,25.4951,28.16026,30.36445,32.98485,36.87818,39.56008,41.4367,36.67424,44.91102,46.87217,48.37355,55.00909,53.08484,55.03635,59.07622,61.29437,62.28965,58.85576,53.75872,68.88396,66.21933,63.56886,68.15424,69.89278,72.91776,66.70832,69.46222,69.35416,71.17584,69.77105,69.77105,66.18912,70.83078,70.21396,69.77822,70.23532,60.82763,65.30697,67.08204,67.06713,65.51336,60.83584,67.23095,69.31811,67.08204,65.45991,65.55151,65.55151,65.78754,68.30813,71.8401,58.94065,66.12866,67.6757,62.24147
12.16553,11.04536,11.04536,11.18034,10.04988,11.04536,10.04988,10.04988,10.0,10.04988,10.04988,10.0,10.0,9.0,9.0,10.0,10.04988,10.0,9.0,9.05539,9.0,9.0,9.05539,9.05539,9.0,9.05539,9.05539,9.05539,9.05539,9.0,9.0,9.0,9.0,8.0,9.0,8.06226,8.06226,8.06226,7.07107,7.07107,7.28011,7.28011,6.32456,6.32456,6.32456,5.38516,5.38516,5.38516,4.47214,5.0,5.0,5.0,60.74537,56.0357,67.41662,63.51378,61.03278,53.00943,57.45433,47.16991,59.5483,58.72819,51.62364,52.34501,50.91169,48.79549,53.15073,53.2635,52.34501,50.91169,49.20366,46.75468,57.80138,48.27007,47.50789,50.91169,53.2635,41.03657,44.20407,49.67897,41.03657,46.8615,41.23106,44.82187,43.18565,50.20956,41.04875,45.96738,45.27693,43.93177,45.27693,42.44997,39.69887,41.10961,38.27532,34.4093,38.01316,34.98571,34.0147,30.88689,32.64966,32.75668,29.61419,25.94224,26.92582,18.78829,21.37756,22.13594,17.72005,22.2036,25.6125,22.82542,22.47221,29.12044,31.06445,26.83282,34.1321,42.94182,40.70626,42.19005,44.41846,48.41487,48.41487,54.03702,53.15073,55.86591,55.22681,69.6563,65.0,70.0,66.03787,58.30952,71.28113,64.88451,57.69749,67.23095,67.62396,66.12866,64.49806,60.00833,66.7308,66.30988,65.19202,66.21178,69.64194,60.83584,65.55151,68.02941,59.23681,65.39113,61.91123,61.32699,62.24147,61.91123,65.51336,67.1193,63.52952,64.66065,63.81222,64.3506,65.0,67.41662,60.74537,65.76473,65.45991,68.7968
11.18034,9.84886,10.77033,10.77033,10.77033,9.84886,9.48683,9.48683,9.48683,9.48683,10.44031,9.48683,9.21954,9.48683,9.21954,10.19804,9.21954,9.21954,9.05539,9.21954,9.21954,9.21954,9.21954,9.05539,9.05539,8.24621,9.21954,9.05539,9.21954,9.21954,8.24621,8.24621,8.24621,8.24621,8.544,7.61577,7.61577,7.61577,7.61577,6.7082,6.7082,6.7082,6.7082,5.83095,5.83095,5.0,5.0,5.0,5.0,5.0,4.24264,4.24264,62.80127,52.61179,66.48308,57.28001,64.32729,67.08204,53.75872,57.97413,54.57105,65.73431,54.40588,54.08327,59.13544,48.33218,58.5235,57.24509,50.28916,49.39636,56.82429,53.48832,55.4617,47.92703,49.39636,48.25971,50.69517,51.47815,43.46263,44.65423,42.72002,49.73932,51.10773,51.97115,44.29447,44.20407,48.8774,43.82921,43.41659,41.23106,45.54119,45.88028,39.84972,41.10961,37.10795,38.8973,41.59327,40.4475,33.13608,29.01724,37.12142,32.06244,29.42788,30.06659,27.16616,22.0,23.0,21.2132,22.2036,25.6125,25.05993,26.87006,24.75884,29.0,35.8469,33.01515,33.01515,41.88078,38.41875,39.66106,49.73932,46.8615,49.64877,57.69749,52.55473,59.48109,63.90618,65.39113,61.18823,60.82763,64.53681,66.28725,66.91039,64.19502,73.5527,68.26419,79.00633,65.49046,71.44928,66.0303,70.02857,69.02898,71.00704,68.00735,74.00676,65.00769,67.1193,67.02984,72.24957,67.02984,66.1211,63.12686,61.20457,66.48308,67.06713,65.03076,59.84146,69.58448,59.84146,60.01666,70.21396,65.9242,65.76473,73.5459,69.64194,61.61169
11.18034,10.19804,10.19804,10.19804,10.19804,9.05539,10.04988,10.04988,10.04988,10.04988,9.0,9.0,9.05539,9.0,9.0,10.0,9.05539,9.05539,9.05539,9.05539,9.0,9.05539,9.05539,8.06226,9.05539,8.06226,8.06226,9.05539,8.06226,9.05539,8.0,8.0,8.0,8.0,8.0,8.0,8.0,7.07107,7.07107,6.08276,7.07107,6.08276,6.08276,5.09902,5.09902,5.38516,4.47214,4.12311,4.47214,3.60555,3.60555,3.60555,64.40497,62.43397,57.45433,63.28507,57.31492,61.22091,63.41136,61.58734,60.44005,55.97321,53.07542,58.0,50.93133,58.0517,49.49747,53.8145,57.38467,55.97321,55.22681,50.32892,47.20169,51.08816,53.75872,51.85557,48.54894,50.9902,48.82622,46.2277,47.01064,48.25971,48.54894,48.82622,47.01064,44.40721,49.1935,45.0,46.61545,46.2277,47.38143,42.80187,40.0,45.60702,41.40048,37.80212,34.65545,38.18377,33.42155,33.28663,32.55764,25.80698,27.65863,30.23243,27.29469,20.24846,20.88061,20.39608,20.88061,18.86796,27.01851,27.65863,24.41311,24.41311,31.90611,32.44996,35.80503,37.64306,39.20459,46.01087,46.01087,50.93133,50.24938,51.62364,59.20304,57.42822,64.07027,62.42596,67.1193,68.0,63.52952,66.30988,69.64194,72.09022,73.53911,69.857,62.24147,68.35203,67.18631,72.73239,67.05222,69.64194,67.18631,69.92138,61.84658,67.77905,66.40783,66.7308,64.19502,57.24509,63.15853,61.7171,65.79514,59.23681,68.26419,63.63175,61.29437,68.47627,66.64833,62.76942,66.03787,63.06346,67.23095,68.09552,69.46222,63.13478
11.18034,11.18034,10.29563,10.29563,10.29563,10.29563,10.29563,10.29563,10.29563,9.43398,10.81665,10.0,10.0,9.43398,9.21954,10.0,10.0,9.21954,9.21954,9.21954,9.21954,9.21954,9.21954,8.48528,8.48528,9.21954,9.21954,8.48528,8.48528,9.21954,8.48528,9.21954,8.60233,7.81025,8.60233,8.60233,8.06226,7.2111,7.2111,7.2111,6.7082,6.7082,6.7082,6.32456,5.38516,5.38516,5.09902,5.09902,4.12311,4.12311,4.12311,4.12311,66.57327,58.5235,65.36819,63.97656,55.22681,60.53924,55.9464,54.6443,49.92995,58.18075,55.47071,58.69412,54.78138,51.47815,52.39275,49.65884,49.24429,48.75449,48.70318,53.14132,56.64804,45.54119,48.76474,49.0408,46.51881,46.23851,44.14748,49.64877,45.54119,49.0306,44.55334,49.24429,44.01136,49.0408,45.88028,36.24914,42.72002,41.62932,45.61798,39.81206,39.35734,40.81666,37.57659,35.77709,37.73592,33.61547,36.23534,29.41088,33.42155,31.40064,31.14482,29.0,21.26029,27.01851,20.61553,22.82542,19.20937,21.37756,26.01922,22.0,25.07987,28.01785,31.40064,32.24903,31.01612,36.49658,38.47077,40.26164,45.12206,49.0408,48.70318,56.08921,49.98,53.75872,55.15433,60.41523,66.7308,68.44706,62.42596,62.76942,66.0303,67.80118,69.63476,66.8431,71.21798,62.36986,71.58911,63.82006,65.76473,65.06919,70.00714,66.48308,62.96825,63.65532,67.20863,57.28001,58.13777,61.55485,65.06919,69.40461,61.22091,65.60488,75.21303,69.40461,65.73431,64.63745,60.0,61.85467,60.74537,69.2026,65.21503,63.51378,60.46487,63.51378
10.44031,9.48683,10.44031,10.44031,9.48683,9.48683,9.48683,9.84886,8.544,8.94427,8.94427,8.94427,8.94427,8.94427,8.94427,8.94427,8.06226,8.06226,8.06226,8.60233,8.06226,8.06226,8.06226,8.60233,8.60233,8.06226,7.2111,8.06226,8.60233,8.06226,8.06226,8.06226,8.06226,7.61577,7.61577,6.7082,6.7082,6.32456,6.32456,6.32456,6.32456,5.09902,5.09902,5.09902,5.09902,4.12311,4.0,4.0,4.0,4.0,3.0,3.16228,63.51378,65.21503,64.88451,60.90156,62.76942,51.0392,66.64833,64.00781,55.47071,53.66563,53.23533,55.4617,56.46238,55.9017,51.07837,58.18935,57.56735,55.65968,52.55473,48.70318,49.0306,50.92151,48.6621,49.72927,49.0306,51.41984,46.09772,48.37355,51.5461,48.05206,45.60702,46.84015,48.27007,50.80354,50.63596,50.63596,43.41659,46.57252,46.09772,39.35734,43.68066,39.0,39.81206,41.78516,39.44617,37.58989,33.12099,38.58756,33.30165,30.88689,32.64966,24.04163,23.60085,21.26029,19.84943,20.0,24.08319,30.08322,26.68333,24.18677,25.31798,28.28427,29.41088,31.04835,33.37664,40.16217,36.13862,46.61545,42.72002,50.01,45.88028,47.75982,53.22593,56.79789,54.12024,60.20797,65.36819,62.64982,65.19202,62.62587,62.42596,68.41053,67.26812,62.93648,65.79514,63.65532,71.50524,69.35416,62.28965,70.03571,69.35416,66.48308,70.03571,63.65532,61.52235,65.06919,63.65532,66.46804,62.28965,65.11528,61.84658,63.12686,70.0,60.21628,65.73431,68.00735,64.53681,68.24222,56.40035,67.00746,64.84597,70.49113,66.7308,75.16648
10.29563,10.29563,10.77033,9.84886,9.84886,9.84886,9.84886,9.84886,9.84886,9.48683,9.48683,9.48683,9.48683,9.21954,9.21954,9.48683,8.24621,8.24621,9.21954,9.21954,8.24621,8.24621,8.24621,8.06226,8.06226,8.24621,8.24621,8.06226,8.06226,8.24621,8.24621,8.24621,8.24621,8.24621,7.61577,7.61577,7.61577,6.7082,6.7082,6.7082,5.83095,5.83095,5.83095,5.0,5.65685,5.0,5.65685,5.65685,4.24264,4.24264,4.24264,3.60555,63.15853,67.6757,59.09315,63.07139,62.64982,66.48308,56.79789,58.13777,55.75841,59.5063,53.25411,52.47857,50.60632,55.22681,55.56978,50.77401,53.7122,53.25411,49.51767,50.0,53.23533,46.64762,49.51767,45.22168,45.80393,49.24429,52.20153,38.27532,46.75468,49.57822,49.39636,46.61545,49.40648,48.60041,47.43416,42.42641,41.34005,44.28318,43.56604,40.70626,39.96248,39.21734,35.73514,37.16181,39.0,37.36308,31.32092,29.83287,32.89377,24.5153,25.70992,28.07134,26.24881,26.01922,17.11724,24.08319,22.2036,25.0,20.51828,20.51828,23.85372,29.41088,26.90725,30.52868,31.40064,38.41875,39.20459,42.42641,39.59798,44.68781,53.2635,49.51767,55.75841,55.75841,60.46487,61.29437,63.13478,66.7308,59.9333,63.07139,63.90618,62.76942,67.05222,67.06713,74.33034,64.84597,67.6757,59.66574,63.78871,63.32456,66.40783,66.94027,67.18631,67.46851,65.96969,62.64184,64.53681,59.48109,59.48109,65.0,62.03225,63.90618,58.69412,66.21933,66.7308,63.32456,67.06713,60.72891,67.06713,67.23095,66.30988,64.4748,70.71068,69.07966
12.04159,11.04536,11.04536,11.04536,11.04536,11.18034,11.04536,11.18034,11.18034,10.19804,10.19804,10.44031,10.44031,10.19804,10.19804,10.44031,10.44031,10.44031,9.48683,9.48683,10.19804,9.48683,9.48683,9.48683,9.48683,9.48683,9.48683,9.48683,9.48683,9.48683,8.544,9.21954,9.21954,8.24621,9.21954,9.21954,8.24621,8.06226,8.06226,7.07107,8.0,7.0,7.0,7.0,7.0,6.08276,6.08276,5.09902,5.09902,5.09902,5.09902,5.38516,62.76942,54.56189,62.6099,55.56978,62.20129,56.22277,55.9017,55.03635,53.00943,56.0803,58.0,52.40229,58.89822,50.32892,54.03702,51.66237,51.73973,49.40648,52.20153,50.24938,55.31727,47.38143,47.80167,47.42362,50.20956,42.52058,45.27693,48.10405,44.55334,44.68781,52.63079,48.9183,44.55334,46.01087,48.10405,46.75468,44.20407,45.96738,48.79549,48.83646,34.71311,42.0119,35.35534,34.0,34.82815,29.96665,30.88689,30.88689,34.9285,31.76476,26.40076,30.41381,28.23119,22.56103,21.0,21.37756,20.39608,22.80351,24.20744,24.08319,28.01785,25.6125,29.06888,30.80584,32.52691,39.69887,36.06938,36.05551,43.86342,45.60702,52.00961,47.50789,50.9902,54.91812,55.75841,57.68882,58.66856,56.60389,63.07139,63.06346,63.32456,63.89053,64.51356,64.56005,69.92138,62.36185,72.53275,62.36185,67.68309,62.16912,65.9242,64.84597,65.30697,62.58594,61.40033,59.84146,61.13101,60.63827,61.09828,67.05222,61.46544,63.97656,67.06713,61.32699,63.69458,65.0,61.46544,63.97656,63.97656,62.26556,57.24509,61.7171,57.69749,66.85058
11.31371,11.31371,11.31371,11.31371,11.31371,10.63015,10.63015,10.63015,10.63015,10.63015,10.63015,10.0,10.0,10.0,10.0,10.0,9.43398,10.0,9.43398,9.43398,10.0,9.43398,9.43398,9.43398,9.43398,9.43398,9.43398,9.43398,9.43398,9.43398,9.21954,8.60233,9.21954,9.21954,9.21954,8.60233,8.48528,8.48528,8.48528,7.07107,7.81025,7.07107,7.81025,6.40312,6.40312,5.83095,5.83095,5.83095,5.38516,4.47214,4.47214,4.47214,58.21512,64.19502,61.66036,64.38167,57.14018,54.33231,56.22277,58.42089,52.34501,52.23983,54.91812,55.10898,53.85165,50.63596,51.1957,49.49747,54.91812,49.24429,47.07441,54.70832,46.17359,56.64804,54.78138,51.62364,52.55473,47.53946,46.61545,50.69517,50.28916,47.16991,40.79216,41.78516,47.12749,44.92215,40.71855,37.65634,46.57252,43.01163,47.75982,45.69464,40.31129,40.79216,44.72136,39.20459,38.01316,38.11824,33.01515,34.05877,28.44293,33.06055,27.07397,25.07987,25.17936,24.33105,24.08319,19.31321,23.08679,17.26268,25.0,26.92582,26.07681,26.57066,29.06888,31.95309,34.43835,37.57659,38.8973,40.49691,43.65776,45.88028,51.24451,50.96077,57.97413,57.87055,58.0517,63.3877,64.13267,67.74216,67.36468,71.00704,68.02941,64.28063,68.18358,64.28063,69.26038,70.17834,67.89698,63.63961,66.37017,71.34424,67.08204,73.33485,62.20129,68.593,59.3043,62.20129,60.82763,62.514,60.13319,60.0,67.06713,65.12296,58.07753,62.39391,64.19502,61.13101,66.1211,66.0,62.1289,66.0303,67.1193,73.00685,68.0,70.03571
11.40175,11.40175,11.40175,11.40175,11.7047,10.44031,10.77033,10.77033,10.77033,10.77033,10.77033,9.84886,10.77033,10.77033,9.84886,10.77033,10.29563,10.29563,10.29563,10.29563,10.29563,10.29563,9.43398,9.43398,10.29563,9.43398,9.43398,10.29563,9.43398,9.43398,8.94427,9.43398,8.94427,8.94427,8.94427,8.94427,8.544,8.544,8.544,7.28011,7.28011,7.28011,7.28011,6.32456,6.08276,6.08276,6.08276,6.08276,5.09902,5.0,5.0,5.0,68.02941,61.7171,59.03389,53.66563,58.30952,59.9333,57.93962,60.16644,60.92618,51.86521,55.03635,52.55473,53.16014,54.78138,56.04463,50.01,52.39275,50.69517,49.24429,54.74486,49.47727,51.24451,44.59821,56.29387,46.32494,48.50773,49.64877,51.35173,48.04165,45.54119,44.55334,45.39824,47.67599,44.0,46.38965,45.17743,45.70558,44.28318,45.39824,39.45884,43.41659,37.57659,51.92302,36.68787,32.89377,35.73514,36.67424,38.62642,30.23243,32.75668,26.41969,26.1725,28.01785,20.24846,22.82542,21.93171,20.80865,26.1725,28.16026,28.0,26.07681,29.42788,35.01428,33.01515,32.01562,35.69314,38.07887,39.31921,42.37924,50.9902,49.72927,53.16014,55.08176,55.02727,62.96825,60.53924,63.56099,59.5063,71.69379,66.88797,66.03787,71.02816,71.84706,71.8401,69.35416,73.24616,69.81404,66.21933,68.41053,71.06335,61.7171,68.68042,68.593,67.80118,68.41053,66.21933,64.07027,62.96825,64.07027,67.42403,69.64194,57.70615,69.46222,59.36329,58.82176,68.15424,64.40497,61.40033,64.40497,59.68249,72.47068,68.8767,66.03787,76.15773
11.40175,10.81665,10.63015,10.0,10.0,10.0,10.63015,10.0,10.0,9.89949,10.0,9.89949,9.89949,9.89949,8.48528,9.89949,9.21954,9.89949,9.21954,9.21954,9.21954,9.21954,9.21954,8.60233,7.81025,9.21954,9.21954,9.21954,7.81025,9.21954,7.81025,8.48528,8.48528,8.48528,7.81025,8.60233,7.81025,7.81025,7.2111,7.2111,7.2111,5.83095,6.7082,5.83095,6.32456,5.38516,5.38516,5.38516,5.09902,5.09902,4.12311,4.0,62.03225,59.21149,70.11419,62.96825,62.64982,61.52235,53.46027,56.4358,54.91812,62.36986,59.66574,55.10898,54.57105,55.54278,54.34151,60.16644,59.66574,49.39636,53.75872,53.48832,51.07837,53.14132,47.85394,49.65884,44.27189,44.27189,49.98,48.33218,43.86342,49.65884,44.72136,49.24429,45.88028,46.51881,48.70318,39.92493,43.01163,41.23106,43.17407,41.23106,40.60788,40.26164,41.0,39.31921,30.08322,39.31921,29.27456,32.14032,29.06888,28.28427,28.16026,27.0,23.34524,23.34524,19.64688,19.0263,19.31321,20.59126,20.24846,26.62705,21.47091,34.48188,27.73085,30.23243,36.89173,39.82462,37.58989,47.85394,46.23851,44.64303,46.8188,49.24429,55.36244,56.51548,62.36986,59.43904,56.22277,60.13319,63.07139,69.02898,68.00735,64.12488,63.12686,63.12686,64.38167,63.1981,70.06426,67.36468,62.514,60.40695,66.61081,66.48308,66.61081,60.40695,61.66036,63.12686,60.07495,64.19502,63.0,69.00725,60.0,61.0082,69.02898,63.12686,66.0,65.00769,61.13101,64.12488,63.78871,68.06614,67.26812,60.82763,67.00746,73.17103
10.29563,10.29563,10.29563,10.29563,9.43398,9.43398,9.43398,8.94427,8.94427,8.94427,8.94427,9.48683,9.48683,8.544,8.94427,9.48683,8.544,8.544,8.544,8.544,8.94427,8.544,8.544,8.24621,8.24621,8.24621,8.544,8.544,8.544,8.544,8.544,7.61577,8.06226,8.06226,8.06226,7.61577,7.61577,6.7082,7.2111,6.40312,6.40312,6.40312,5.65685,5.65685,5.65685,5.0,5.0,4.24264,3.60555,3.60555,3.60555,3.60555,64.49806,58.54912,61.66036,50.35871,62.64184,56.51548,50.44799,54.57105,55.65968,52.88667,51.92302,49.98,48.08326,50.59644,53.75872,46.23851,53.14132,51.42956,55.9464,48.46648,55.00909,50.60632,55.75841,43.82921,45.22168,48.08326,45.65085,44.41846,49.64877,44.29447,50.11986,48.54894,47.88528,53.53504,44.41846,47.85394,46.52956,47.92703,48.8467,35.8469,39.0,40.49691,43.9659,42.05948,39.56008,33.52611,31.32092,33.24154,33.24154,30.26549,26.01922,24.0,28.16026,28.16026,24.02082,20.02498,22.0,21.47091,23.70654,23.76973,26.0,25.23886,30.8707,29.96665,29.73214,37.58989,35.44009,41.10961,46.23851,45.54119,48.8467,51.92302,55.9017,53.60037,57.21888,57.70615,60.67125,65.03076,65.00769,65.03076,65.06919,64.03124,66.06815,63.1981,68.26419,69.18092,69.35416,61.29437,71.25307,73.24616,68.73136,68.46897,67.06713,62.39391,64.77654,67.36468,68.02941,67.18631,63.03174,65.00769,64.00781,65.00769,57.55867,58.13777,64.19502,65.12296,59.03389,73.10951,63.3877,68.11755,57.87055,68.06614,64.77654,68.11755
10.63015,10.63015,10.63015,10.63015,10.63015,9.89949,9.89949,9.89949,10.63015,10.63015,10.63015,9.21954,10.0,10.0,9.21954,10.0,9.43398,10.0,9.43398,10.0,10.0,9.43398,9.43398,9.43398,9.43398,9.43398,9.43398,9.43398,9.43398,9.43398,8.60233,9.21954,9.21954,8.60233,8.60233,8.60233,7.81025,8.48528,7.81025,7.07107,7.07107,7.07107,7.2111,6.40312,6.40312,5.83095,5.83095,5.83095,5.83095,5.38516,4.47214,4.47214,59.03389,68.24954,66.27217,56.32051,56.88585,54.03702,56.22277,50.63596,52.0,53.23533,52.46904,53.0,51.15662,51.24451,48.50773,52.23983,46.57252,55.14526,55.44367,48.37355,48.16638,50.9902,50.0,50.21952,50.01,44.91102,47.51842,51.78803,50.69517,42.29657,47.29693,44.91102,46.09772,48.76474,41.23106,47.16991,45.39824,45.17743,45.27693,47.04253,39.01282,39.01282,41.01219,39.05125,37.65634,29.41088,37.65634,30.67572,27.20294,30.08322,27.65863,21.09502,27.73085,27.45906,25.0,19.41649,22.36068,20.22375,25.17936,25.07987,25.17936,30.36445,25.70992,32.75668,32.75668,34.1321,39.05125,40.4475,41.10961,43.0,54.00926,54.14795,52.61179,53.33854,56.32051,61.52235,67.89698,60.01666,68.88396,63.24555,68.96376,69.37579,71.51224,66.76077,69.26038,65.45991,67.62396,68.0,70.23532,73.34848,67.23095,76.05919,71.16881,66.48308,65.78754,67.77905,68.30813,60.44005,60.74537,67.05222,67.72001,61.84658,56.51548,61.03278,65.96969,70.83784,64.93843,66.4906,65.51336,72.83543,60.67125,71.80529,71.06335,70.71068
10.0,10.0,10.63015,10.0,10.0,10.63015,9.21954,9.21954,9.89949,9.89949,9.89949,9.21954,9.89949,8.48528,9.21954,9.21954,9.21954,9.21954,9.21954,9.21954,8.48528,9.21954,7.81025,8.60233,9.21954,8.60233,8.60233,9.21954,9.21954,7.81025,8.48528,7.81025,8.48528,7.81025,7.81025,7.81025,7.81025,7.2111,7.2111,7.2111,5.83095,5.83095,5.83095,5.38516,5.38516,5.38516,4.47214,4.12311,4.12311,4.12311,4.0,4.0,67.06713,65.14599,60.92618,61.40033,53.60037,56.51548,59.03389,55.9017,59.22837,54.34151,54.33231,47.07441,57.27128,53.60037,52.7731,56.7186,52.00961,51.15662,59.07622,48.25971,51.0098,44.10215,53.03772,55.22681,49.0408,49.16299,47.26521,47.09565,51.24451,45.01111,45.0,49.09175,44.10215,45.09989,46.04346,44.28318,50.24938,48.09366,47.16991,37.01351,38.32754,42.19005,42.42641,39.62323,39.29377,32.89377,33.73426,35.69314,34.48188,28.86174,29.42788,29.06888,25.4951,27.313,25.55386,21.09502,23.34524,21.09502,20.09975,21.0238,23.0,24.33105,26.01922,27.07397,31.14482,36.05551,34.36568,41.19466,48.16638,44.55334,45.54119,52.61179,53.85165,57.00877,56.61272,60.72891,60.53924,64.07808,63.32456,66.64083,67.1193,67.08204,64.3506,65.19202,64.3506,68.8186,72.20111,63.24555,66.57327,71.69379,63.24555,67.80118,61.91123,66.18912,60.41523,67.74216,61.77378,60.53924,64.88451,62.76942,63.52952,63.97656,66.30988,65.74192,59.16925,65.39113,65.39113,64.84597,66.70832,65.9242,57.58472,60.41523,65.0,70.5195
10.19804,9.21954,10.19804,9.48683,9.21954,9.21954,9.21954,9.21954,9.21954,9.05539,9.05539,9.05539,9.05539,9.05539,8.06226,9.05539,8.0,9.0,8.0,8.0,8.06226,8.0,8.0,8.0,8.0,8.0,8.0,8.0,7.0,8.0,7.0,8.06226,7.07107,7.07107,7.07107,7.07107,7.07107,6.32456,6.32456,6.32456,6.32456,5.38516,5.38516,5.38516,4.47214,4.47214,4.47214,3.60555,3.60555,3.60555,3.60555,2.82843,60.37384,59.09315,59.9333,59.23681,58.30952,55.71355,56.30275,56.64804,54.40588,53.14132,54.70832,55.36244,52.20153,51.5461,52.88667,52.95281,51.1957,54.34151,50.01,50.80354,53.46027,51.62364,48.50773,46.27094,44.55334,48.50773,46.87217,47.26521,45.39824,49.16299,47.26521,51.15662,48.01042,45.27693,49.09175,46.38965,42.42641,43.41659,41.97618,46.32494,45.12206,43.9659,39.56008,42.05948,37.64306,37.57659,35.4683,34.9285,33.54102,29.15476,29.15476,27.78489,25.0,25.23886,22.47221,22.67157,21.2132,19.41649,22.56103,21.09502,23.76973,25.17936,27.45906,29.42788,31.7805,32.98485,33.95585,37.10795,40.79216,44.92215,47.12749,47.43416,49.98,51.62364,52.39275,56.36488,57.80138,58.59181,60.20797,61.03278,59.40539,61.84658,64.2028,66.21933,65.29931,64.53681,65.43699,63.12686,62.28965,63.70243,62.24147,63.65532,64.38167,61.7171,62.482,61.55485,60.44005,61.07373,59.07622,61.03278,61.85467,61.58734,61.03278,59.90826,61.05735,65.0,60.03332,63.81222,62.26556,65.76473,61.05735,60.90156,63.63175,63.63175
11.31371,10.63015,10.63015,10.63015,10.63015,10.63015,10.0,9.21954,10.0,10.0,10.0,10.0,9.43398,9.43398,9.43398,9.43398,9.43398,9.43398,8.94427,9.43398,8.94427,8.94427,9.43398,8.94427,8.94427,8.94427,8.94427,8.94427,8.94427,9.43398,8.94427,8.06226,8.06226,8.06226,7.81025,7.81025,7.81025,7.81025,7.81025,7.07107,7.07107,6.40312,6.40312,6.40312,5.83095,5.83095,5.83095,5.0,4.47214,4.47214,4.47214,4.12311,55.0,65.37584,64.12488,57.14018,59.68249,66.00758,59.84146,58.21512,54.74486,52.23983,59.03389,55.54278,53.60037,47.80167,52.15362,54.57105,55.36244,49.47727,53.16014,52.88667,56.32051,54.12024,43.65776,52.20153,47.80167,48.38388,46.23851,48.10405,46.17359,47.12749,51.89412,49.0408,48.30114,44.59821,51.86521,44.92215,44.64303,43.9659,41.76123,50.21952,45.89118,40.0,37.85499,35.12834,34.0,39.0,35.01428,37.48333,29.61419,29.15476,30.08322,26.01922,27.29469,25.17936,22.13594,20.24846,27.65863,25.29822,24.69818,26.68333,24.16609,27.51363,31.01612,34.17601,33.54102,35.8469,34.17601,45.54119,44.27189,46.84015,49.64877,50.96077,51.62364,58.69412,56.56854,59.68249,59.13544,55.08176,64.03124,70.25667,67.36468,65.0,68.24954,68.73136,67.08204,71.02112,65.11528,68.73136,59.5399,63.78871,58.0517,69.42622,65.25335,65.30697,62.36185,56.29387,66.09841,64.53681,62.28965,62.36986,62.64982,61.13101,51.0,61.03278,66.00758,60.00833,65.00769,63.1981,62.07254,65.00769,67.1193,62.1289,59.07622,69.00725
11.40175,10.81665,10.81665,10.81665,10.81665,10.81665,10.81665,10.81665,9.43398,10.29563,10.29563,10.29563,10.29563,9.84886,9.84886,9.84886,9.84886,9.84886,9.48683,9.84886,9.84886,9.84886,8.94427,9.48683,9.48683,8.94427,9.84886,8.544,8.544,8.94427,8.94427,8.94427,8.94427,8.94427,8.60233,8.06226,7.81025,8.60233,7.2111,7.2111,6.40312,6.40312,6.40312,5.65685,5.65685,5.65685,5.0,5.0,5.0,4.24264,3.60555,3.60555,56.00893,59.4138,56.7186,58.07753,65.0,58.03447,56.22277,54.58938,53.15073,58.13777,58.42089,56.32051,56.08921,49.36598,55.10898,53.85165,55.31727,50.28916,48.83646,55.54278,53.14132,50.44799,48.38388,41.23106,49.81967,45.89118,47.43416,49.39636,44.38468,48.76474,48.83646,49.24429,46.17359,48.38388,49.64877,41.97618,41.4367,45.70558,46.09772,46.38965,44.40721,43.10452,41.19466,37.01351,34.1321,37.21559,34.36568,32.24903,35.44009,32.01562,31.32092,28.63564,24.04163,24.73863,21.0238,24.04163,18.38478,24.75884,18.43909,22.02272,21.9545,22.84732,25.6125,33.28663,35.0,36.35932,38.83298,45.48626,46.87217,48.02083,50.47772,55.9017,59.23681,57.24509,59.46427,57.00877,58.46366,58.30952,65.62012,66.91039,66.91039,66.75328,72.56032,66.18912,68.06614,68.0,66.1211,69.02898,66.06815,68.73136,71.06335,70.34913,63.28507,61.29437,61.13101,60.0,64.0,61.20457,64.0,66.00758,61.0,60.00833,59.68249,60.07495,68.11755,57.21888,74.16873,62.39391,62.20129,68.06614,70.11419,67.26812,63.78871,71.02816
10.29563,10.29563,10.29563,9.84886,9.84886,9.84886,9.48683,9.48683,9.48683,9.48683,9.48683,9.48683,9.48683,9.48683,9.21954,9.21954,9.21954,9.21954,9.21954,9.05539,8.06226,8.06226,9.05539,8.24621,8.24621,8.06226,9.05539,9.05539,8.06226,8.06226,8.24621,8.06226,8.24621,8.24621,8.24621,8.24621,7.61577,6.7082,6.7082,6.7082,6.7082,5.83095,5.83095,5.83095,5.0,5.0,5.0,4.24264,3.60555,4.24264,2.82843,2.82843,62.00806,65.19202,67.02984,62.1289,59.84146,55.44367,59.13544,54.74486,50.9902,46.87217,50.01,55.97321,56.61272,50.01,51.92302,54.08327,54.12947,55.65968,50.56679,53.31041,52.3259,52.20153,50.11986,50.15974,51.97115,53.7122,55.07268,49.65884,47.92703,52.0,51.97115,50.53712,48.33218,46.61545,50.77401,50.59644,47.42362,44.28318,46.61545,51.0,46.17359,42.37924,43.01163,43.93177,34.52535,36.68787,35.35534,33.01515,31.40064,27.29469,28.28427,31.257,30.06659,28.07134,24.33105,24.33105,19.23538,26.0,23.34524,26.0,20.39608,27.89265,27.51363,28.23119,29.54657,32.69557,42.72002,40.49691,43.56604,43.93177,49.64877,45.60702,50.48762,52.46904,59.00847,57.14018,62.03225,58.21512,67.0,68.11755,66.75328,65.9242,69.05071,66.28725,68.15424,70.03571,64.7611,65.51336,63.56099,56.29387,70.40597,66.09841,66.28725,64.7611,65.9242,62.64184,68.44706,64.53681,69.58448,60.29925,68.18358,59.21149,55.0,60.13319,62.03225,67.06713,63.03174,65.19202,65.03076,59.00847,68.11755,69.02898,63.78871,67.26812
9.21954,9.21954,9.21954,9.21954,9.21954,9.21954,8.48528,9.21954,8.48528,8.48528,9.21954,9.21954,9.21954,8.60233,8.60233,8.60233,8.60233,8.60233,8.60233,8.60233,8.60233,8.60233,8.06226,8.60233,8.60233,8.06226,8.06226,8.60233,8.60233,8.06226,7.81025,7.81025,7.81025,7.81025,7.07107,7.07107,7.07107,6.40312,6.40312,6.40312,6.40312,6.40312,5.83095,5.0,4.47214,4.47214,4.47214,4.47214,4.12311,3.16228,4.12311,3.0,58.30952,53.03772,62.03225,62.00806,60.03332,57.00877,58.42089,54.03702,52.46904,55.08176,56.14268,49.81967,55.57877,52.17279,50.48762,56.29387,52.88667,59.22837,52.39275,47.38143,49.81967,51.15662,49.33559,51.66237,50.96077,49.81967,45.60702,49.0408,49.24429,48.50773,46.8188,54.40588,44.64303,48.50773,42.44997,44.91102,51.1957,44.91102,42.75512,42.29657,43.28972,38.47077,36.87818,41.04875,41.10961,39.20459,37.12142,32.06244,30.59412,25.0,25.4951,27.65863,27.89265,26.68333,21.58703,23.25941,19.41649,21.18962,22.82542,20.80865,26.57066,24.35159,24.69818,29.52965,33.61547,37.0,34.53983,42.15448,42.15448,49.0408,46.57252,48.27007,50.35871,56.22277,54.08327,54.23099,56.4358,59.13544,67.02984,59.5399,64.07027,70.71068,68.593,65.0,72.27724,64.03124,68.88396,64.7611,63.56099,65.30697,59.43904,62.0967,68.00735,57.48913,60.20797,68.24954,70.03571,71.70077,58.54912,61.84658,61.81424,60.40695,62.64184,61.98387,58.07753,62.07254,59.13544,62.20129,68.26419,68.0,58.03447,67.06713,71.00704,64.00781
11.18034,11.40175,10.44031,10.44031,10.44031,10.44031,10.44031,10.44031,10.77033,9.48683,10.44031,10.77033,9.84886,9.84886,9.84886,10.29563,10.29563,9.84886,9.43398,8.94427,8.94427,9.43398,8.94427,8.94427,8.94427,8.94427,9.43398,8.94427,8.06226,9.43398,8.94427,8.94427,8.94427,8.06226,8.544,8.544,8.544,7.61577,7.28011,7.28011,7.28011,7.28011,7.07107,7.07107,6.08276,6.0,6.0,6.0,5.0,5.0,5.09902,5.09902,67.41662,56.4358,57.98276,64.00781,60.53924,56.79789,55.36244,53.7122,55.36244,55.9464,53.16014,54.08327,52.63079,50.69517,48.46648,53.14132,51.86521,51.24451,44.64303,49.33559,48.27007,49.36598,46.87217,46.69047,51.35173,47.53946,48.83646,46.48656,44.38468,39.45884,48.6621,49.36598,37.94733,41.7732,46.52956,45.89118,43.17407,42.44997,43.01163,42.42641,44.64303,42.37924,38.27532,36.76955,38.01316,43.32436,37.12142,26.92582,34.88553,26.62705,22.62742,24.59675,22.36068,27.45906,18.43909,20.61553,17.02939,22.47221,21.09502,25.70992,24.08319,26.30589,28.63564,33.73426,29.27456,32.75668,37.10795,39.56008,40.8534,45.89118,52.39275,55.71355,54.56189,59.03389,55.00909,58.5235,64.14047,65.0,62.42596,68.00735,64.38167,65.29931,67.20119,65.11528,66.52819,64.3506,66.48308,72.83543,66.48308,65.06919,64.3506,65.06919,72.83543,63.65532,59.46427,59.46427,65.19202,64.66065,61.7171,64.44377,68.76772,62.00806,53.60037,62.00806,64.40497,60.46487,62.482,67.1193,70.23532,69.89278,64.66065,59.66574,59.03389,58.66856
11.18034,10.04988,10.04988,10.04988,10.04988,10.04988,9.0,9.0,10.0,9.0,9.0,10.0,9.0,9.0,9.0,9.05539,9.05539,9.05539,8.06226,8.06226,8.06226,8.06226,9.05539,8.06226,8.06226,8.06226,8.24621,8.06226,8.06226,9.05539,8.06226,8.06226,8.06226,7.07107,8.0,8.0,8.0,7.0,7.07107,6.08276,7.07107,6.08276,6.08276,5.09902,5.09902,5.38516,5.38516,4.47214,4.47214,3.60555,3.60555,3.60555,64.03124,59.20304,65.60488,62.42596,59.5483,58.00862,51.73973,63.12686,49.51767,55.15433,50.91169,53.8145,52.40229,53.07542,50.93133,58.89822,53.8145,50.93133,52.49762,53.25411,44.59821,47.01064,49.81967,51.08816,48.27007,48.82622,46.40043,46.40043,49.39636,48.8774,44.10215,47.16991,42.0119,46.69047,44.29447,47.42362,41.7732,45.25483,45.96738,42.80187,41.7732,35.35534,38.18377,38.94868,37.64306,33.30165,35.51056,33.6006,29.06888,28.6531,30.88689,30.01666,23.02173,24.73863,23.25941,19.41649,16.55295,18.02776,23.76973,20.88061,25.05993,28.23119,26.24881,29.15476,32.89377,41.67733,38.27532,43.86342,44.28318,49.24429,47.70744,52.00961,48.9183,58.79626,58.0,63.63961,60.21628,55.44367,68.24222,62.00806,64.66065,72.67049,64.89992,65.19202,67.08204,65.51336,65.8635,64.14047,67.97794,64.4748,68.88396,68.47627,64.4748,64.3506,64.88451,60.46487,66.37017,67.41662,60.21628,58.24946,66.57327,60.60528,69.46222,60.46487,64.3506,61.85467,62.17717,60.80296,68.11755,59.81639,65.43699,68.00735,73.78347,63.41136
11.0,12.0,11.0,11.0,11.0,11.0,11.0,11.0,10.0,10.04988,10.04988,10.04988,10.04988,10.04988,10.04988,10.04988,10.19804,9.21954,9.21954,9.05539,9.05539,9.21954,9.21954,9.21954,9.05539,9.21954,9.21954,9.05539,9.05539,9.21954,9.05539,8.06226,9.05539,8.06226,9.05539,8.0,8.0,8.0,8.06226,7.0,7.07107,7.07107,7.07107,7.07107,6.08276,6.32456,6.32456,5.38516,5.38516,5.38516,5.38516,4.47214,58.24946,61.84658,60.41523,60.21628,66.48308,60.20797,60.30755,57.62812,53.25411,58.72819,55.86591,49.57822,54.48853,53.07542,53.03772,53.25411,51.08816,45.45327,44.55334,48.60041,51.97115,49.92995,46.04346,47.01064,44.04543,48.27007,50.0,42.72002,45.0,51.10773,42.94182,47.01064,46.61545,43.01163,46.61545,40.22437,45.60702,47.20169,48.27007,40.60788,42.63801,42.52058,38.28838,34.05877,33.30165,38.20995,31.1127,33.83785,30.4795,27.80288,26.62705,29.52965,23.76973,25.0,19.92486,20.59126,19.64688,23.02173,22.80351,24.41311,29.0,27.80288,23.32381,26.62705,34.20526,36.06938,32.20248,42.42641,43.60046,49.20366,53.07542,46.01087,54.81788,55.60576,57.80138,63.89053,62.76942,57.70615,65.8635,68.88396,65.76473,70.77429,68.88396,70.68239,69.35416,67.62396,65.55151,70.38466,67.23095,62.96825,62.29767,68.88396,69.89278,62.64982,65.29931,66.70832,63.95311,62.17717,65.30697,63.97656,61.7171,64.14047,65.9242,68.09552,58.66856,62.26556,57.38467,63.51378,61.22091,66.85058,72.00694,61.29437,76.15773,73.24616
10.77033,10.77033,9.48683,10.77033,9.48683,10.44031,10.19804,9.21954,9.21954,9.21954,9.21954,9.21954,9.21954,9.21954,9.21954,9.05539,9.05539,9.05539,9.05539,8.06226,8.06226,8.06226,9.05539,8.06226,8.06226,9.05539,8.06226,8.06226,8.06226,9.05539,8.06226,8.06226,8.24621,8.24621,8.24621,7.28011,7.61577,7.28011,6.7082,6.7082,6.7082,6.7082,5.83095,5.83095,5.83095,5.0,5.0,5.0,4.24264,4.24264,4.24264,3.60555,57.56735,68.68042,57.24509,55.36244,52.3259,53.66563,63.97656,55.36244,51.92302,60.53924,56.35601,55.00909,53.7122,50.60632,52.15362,54.08327,53.33854,52.43091,51.0,53.7122,50.77401,52.63079,48.60041,51.0392,49.09175,52.83938,47.63402,49.92995,51.62364,43.84062,48.82622,50.20956,42.80187,43.60046,46.09772,47.16991,48.25971,43.41659,43.38202,40.22437,39.44617,36.89173,39.81206,42.72002,39.0,36.71512,34.43835,34.48188,30.46309,33.95585,27.85678,25.07987,27.29469,22.36068,20.39608,25.01999,25.0,21.93171,22.02272,26.90725,26.41969,30.23243,27.01851,31.241,33.42155,37.64306,37.64306,39.20459,42.2019,44.77723,49.1935,50.08992,51.42956,54.626,52.0,58.5235,55.36244,66.09841,67.68309,61.13101,68.24954,64.7611,62.64982,64.93843,61.0,66.1211,64.38167,66.1211,68.11755,68.11755,66.00758,65.12296,61.20457,64.38167,62.514,62.28965,62.16912,61.66036,61.61169,62.16912,65.51336,63.34824,50.69517,56.88585,65.0,67.44627,61.68468,63.78871,61.35145,64.51356,69.35416,70.34202,60.63827,65.14599
12.20656,10.81665,11.6619,10.81665,11.18034,10.81665,10.81665,10.29563,10.29563,9.84886,10.29563,10.29563,9.84886,9.84886,9.84886,9.84886,9.84886,9.84886,9.48683,9.84886,9.84886,9.48683,9.84886,9.48683,9.48683,9.48683,9.48683,9.48683,9.48683,8.94427,9.84886,9.84886,8.94427,8.94427,8.06226,8.06226,8.60233,8.06226,8.06226,7.2111,7.81025,7.07107,6.40312,6.40312,5.65685,5.65685,5.0,5.0,5.0,5.0,3.60555,3.60555,60.0,59.4138,63.03174,63.00794,60.00833,53.0,54.08327,51.35173,50.48762,57.31492,53.46027,55.44367,55.7315,49.49747,58.85576,57.87055,50.35871,45.89118,50.69517,51.5461,52.17279,52.63079,46.84015,49.24429,50.96077,52.49762,48.70318,47.53946,43.01163,51.41984,45.35416,49.98,41.4367,43.46263,43.32436,40.80441,39.0,41.23106,43.68066,46.27094,46.27094,34.71311,41.01219,39.11521,44.0,35.35534,35.35534,34.1321,33.24154,32.01562,29.27456,28.0,26.30589,22.13594,21.58703,23.5372,21.47091,22.84732,23.76973,26.83282,24.04163,30.52868,28.6531,33.28663,34.88553,31.38471,33.95585,42.95346,47.43416,51.86521,48.50773,51.41984,56.08921,54.34151,60.53098,60.13319,56.0,58.03447,63.0,71.11259,68.18358,64.62971,65.76473,67.89698,61.66036,65.51336,67.36468,68.65858,66.70832,66.28725,62.64982,63.78871,65.51336,66.4906,63.32456,62.64982,65.11528,62.20129,63.56099,63.78871,58.21512,64.62971,61.40033,58.42089,64.62971,61.29437,64.12488,62.28965,67.02984,69.00725,60.40695,64.03124,59.03389,71.02816
11.7047,11.7047,10.77033,11.7047,10.44031,10.77033,10.44031,10.44031,10.44031,10.44031,10.44031,10.44031,10.19804,10.19804,10.19804,9.21954,10.19804,9.21954,10.04988,9.05539,9.05539,9.05539,9.21954,9.05539,9.05539,9.05539,9.05539,9.05539,9.05539,9.05539,9.05539,9.05539,9.21954,9.21954,8.24621,8.24621,8.544,8.24621,7.61577,7.61577,6.7082,6.7082,6.7082,6.7082,5.83095,5.83095,5.83095,5.0,5.0,5.0,4.24264,4.24264,63.63961,60.20797,65.11528,61.18823,62.96825,62.39391,54.12947,55.9017,54.70832,61.61169,56.08921,49.33559,48.70318,44.59821,60.16644,51.0,49.39636,52.0,50.53712,47.92703,45.69464,48.8467,49.64877,42.72002,40.24922,52.35456,47.42362,46.52956,51.62364,43.86342,49.1935,50.53712,46.52956,48.30114,47.75982,45.65085,41.14608,42.04759,37.33631,45.88028,42.37924,45.88028,47.16991,39.81206,35.44009,37.21559,40.31129,33.95585,38.20995,31.01612,31.257,26.01922,27.29469,20.61553,21.58703,21.84033,21.37756,18.86796,25.0,23.34524,23.34524,21.93171,32.55764,31.06445,34.05877,36.23534,40.60788,42.80187,50.60632,46.2277,50.24938,53.0,54.56189,53.7122,54.42426,60.92618,62.39391,65.45991,70.21396,62.58594,67.74216,66.94027,64.7611,69.26038,74.33034,65.27634,72.11103,60.40695,66.27217,66.00758,64.12488,72.00694,64.12488,61.0,64.0,64.07027,61.0,76.41989,64.28063,68.18358,63.07139,67.47592,74.1485,69.58448,66.61081,70.40597,55.31727,70.61161,71.02112,71.70077,65.19202,71.56815,67.47592,62.03225
10.77033,9.84886,9.84886,9.84886,9.84886,9.84886,10.29563,9.43398,10.29563,9.43398,9.43398,9.43398,9.43398,9.43398,8.60233,9.43398,8.60233,8.60233,8.60233,8.60233,8.60233,8.60233,8.60233,8.60233,8.60233,8.60233,8.60233,8.60233,7.81025,8.60233,7.81025,7.81025,8.06226,7.2111,8.06226,8.06226,7.61577,6.7082,6.7082,6.7082,6.32456,6.32456,6.32456,5.09902,5.38516,5.09902,5.09902,5.09902,4.12311,4.0,4.0,3.0,60.87693,64.03124,63.32456,61.18823,58.69412,57.48913,57.28001,57.56735,58.5235,56.921,55.71355,56.64804,52.3259,50.59644,53.7122,54.23099,52.80152,51.0,48.30114,49.65884,52.35456,51.88449,49.24429,48.37355,48.30114,47.50789,51.47815,46.14109,45.79301,48.37355,47.01064,50.11986,49.39636,48.76474,48.02083,45.61798,46.51881,42.54409,44.77723,45.88028,43.08132,42.37924,42.44997,39.84972,36.40055,39.56008,35.22783,32.38827,33.37664,33.01515,29.01724,31.14482,25.01999,24.0,21.37756,23.34524,24.5153,19.10497,19.10497,19.20937,22.67157,23.60085,27.58623,28.3196,29.06888,33.94113,34.05877,36.23534,44.20407,42.80187,46.61545,49.92995,48.76474,53.31041,54.58938,57.27128,58.87274,60.16644,59.20304,63.78871,64.28841,65.30697,62.80127,67.08204,64.77654,62.39391,64.38167,62.39391,65.37584,63.1981,63.12686,63.07139,61.29437,65.19202,64.19502,61.29437,61.40033,61.52235,62.64982,63.50591,60.67125,61.98387,58.42089,60.01666,61.18823,62.80127,63.78871,64.03124,64.7611,66.28725,65.73431,65.73431,63.34824,62.36986
10.77033,10.77033,10.77033,10.77033,10.77033,9.84886,9.84886,9.84886,9.84886,8.94427,9.84886,8.94427,9.43398,9.43398,9.43398,9.43398,9.43398,9.43398,9.43398,8.60233,8.60233,8.60233,9.43398,8.60233,8.60233,8.60233,8.60233,8.60233,8.60233,8.60233,8.06226,8.06226,8.06226,8.06226,8.06226,7.61577,7.61577,6.7082,6.7082,6.32456,6.32456,6.32456,6.32456,5.09902,5.09902,5.09902,5.09902,4.12311,4.12311,4.0,4.0,4.0,59.40539,60.0,61.29437,54.3783,59.36329,57.62812,56.85948,53.0,52.00961,57.14018,53.22593,59.40539,56.35601,52.83938,56.36488,55.9464,52.80152,48.75449,50.11986,52.0,54.3783,55.15433,44.77723,48.46648,46.09772,44.77723,50.92151,45.88028,43.65776,50.69517,45.69464,51.07837,49.0408,43.909,47.80167,44.72136,42.72002,46.95743,41.59327,45.22168,41.34005,41.67733,41.59327,32.64966,34.98571,38.94868,36.40055,31.90611,33.30165,26.90725,29.20616,21.9545,30.23243,17.02939,25.55386,25.05993,18.43909,22.09072,24.73863,21.0238,25.07987,27.01851,25.01999,30.14963,34.0147,37.01351,36.22154,37.85499,47.26521,45.12206,47.80167,49.39636,53.14132,57.93962,58.18075,58.5235,59.5399,58.18075,67.41662,61.03278,62.20129,67.00746,65.8559,65.29931,67.88225,67.35726,63.89053,66.48308,63.65532,66.46804,65.06919,64.3506,65.76473,70.72482,63.65532,60.87693,63.70243,61.22091,67.47592,61.07373,62.482,64.63745,75.16648,70.45566,61.40033,63.81222,62.00806,61.6198,70.72482,68.88396,61.77378,63.82006,64.07027,71.86793
10.77033,10.77033,10.77033,10.77033,9.84886,9.84886,9.84886,9.84886,9.84886,9.84886,9.43398,9.43398,9.43398,9.43398,9.43398,9.43398,9.43398,9.43398,8.60233,9.43398,8.60233,8.60233,8.60233,8.60233,8.60233,8.60233,8.60233,8.60233,8.60233,8.60233,8.06226,8.06226,8.06226,8.06226,7.61577,7.61577,7.61577,6.7082,7.28011,6.32456,6.32456,6.32456,5.09902,5.09902,5.09902,5.09902,5.09902,5.0,4.0,4.0,4.0,4.0,70.71068,69.83552,61.29437,55.75841,60.46487,52.35456,61.32699,64.84597,54.78138,50.56679,55.9464,54.12947,57.27128,52.0,51.88449,53.48832,61.09828,59.61543,56.51548,51.07837,52.81098,54.70832,53.36666,52.39275,51.07837,52.81098,44.27189,48.08326,48.76474,50.92151,39.45884,48.70318,45.54119,46.09772,48.76474,43.32436,51.41984,48.46648,45.88028,47.42362,37.16181,38.94868,42.54409,41.34005,38.94868,34.66987,33.12099,34.4093,25.4951,30.41381,24.75884,26.90725,25.55386,30.4795,21.26029,17.69181,18.02776,18.97367,19.64688,30.06659,24.18677,25.29822,29.06888,29.15476,31.7805,37.21559,37.10795,40.60788,40.8534,49.0408,47.29693,52.39275,54.23099,52.83938,57.2014,61.26989,61.03278,63.25346,65.0,67.94115,64.81512,64.2028,64.53681,62.93648,62.96825,65.19202,64.44377,66.52819,66.6033,67.89698,67.35726,69.31089,69.31089,62.28965,54.48853,56.63921,58.79626,60.81118,60.10824,60.1415,58.25805,57.31492,63.00794,62.482,60.20797,61.91123,68.7968,65.73431,63.41136,59.66574,61.91123,64.63745,64.14047,71.02112
10.29563,8.94427,10.29563,10.29563,10.29563,8.94427,9.48683,9.84886,9.48683,9.48683,9.48683,9.48683,9.48683,9.48683,8.544,9.21954,8.24621,9.21954,8.24621,9.21954,8.24621,8.24621,8.24621,8.24621,8.24621,8.06226,8.06226,9.21954,8.06226,9.21954,8.24621,8.24621,8.24621,7.28011,8.24621,7.28011,7.61577,6.7082,6.7082,6.7082,6.7082,5.38516,5.83095,5.0,4.47214,5.0,5.0,4.24264,4.24264,4.24264,3.60555,3.60555,61.58734,64.49806,60.41523,60.41523,59.48109,58.18075,60.41523,56.36488,57.77543,55.15433,55.71355,57.58472,54.70832,54.08327,50.96077,54.12024,53.14132,52.20153,48.27007,50.0,50.44799,50.9902,50.9902,48.6621,44.40721,50.80354,50.21952,49.25444,48.37355,49.49747,48.25971,50.08992,47.26521,48.37355,48.16638,45.12206,44.40721,45.39824,44.91102,45.54119,44.64303,43.68066,43.65776,37.0,38.01316,38.62642,35.8469,36.24914,33.10589,31.76476,29.96665,29.15476,25.23886,30.0,25.55386,20.51828,24.20744,19.64688,21.37756,23.76973,24.73863,24.33105,27.29469,30.59412,29.42788,33.95585,37.10795,41.48494,43.9659,45.22168,51.26402,46.95743,53.23533,54.12024,57.3062,58.5235,61.05735,60.21628,64.03124,66.06815,67.35726,66.6033,65.76473,65.76473,66.46804,69.42622,69.52697,66.6033,65.43699,66.6033,63.12686,67.26812,62.62587,68.62215,63.65532,60.87693,61.55485,61.55485,62.96825,61.55485,64.44377,58.79626,59.66574,62.80127,61.40033,60.80296,64.2028,60.80296,67.6757,63.51378,66.03787,65.19202,65.0,66.61081
9.21954,9.48683,9.48683,9.48683,9.48683,8.544,8.544,8.544,8.544,8.544,8.544,8.94427,8.94427,8.06226,8.06226,8.06226,8.06226,8.06226,8.06226,8.06226,8.06226,8.06226,7.2111,7.2111,7.2111,7.2111,8.06226,8.06226,8.06226,7.2111,8.06226,8.06226,7.61577,6.7082,6.7082,6.7082,6.32456,6.32456,6.32456,6.32456,5.09902,6.08276,5.09902,5.09902,5.0,5.0,4.0,4.0,4.0,4.12311,4.12311,3.16228,67.72001,60.74537,64.51356,58.82176,57.38467,57.93962,57.27128,60.40695,50.69517,54.626,55.03635,55.47071,49.64877,51.47815,51.88449,53.25411,53.53504,48.54894,50.77401,50.21952,55.0,46.87217,51.40039,48.01042,49.73932,44.68781,48.25971,49.67897,47.01064,45.34314,45.96738,46.2277,44.40721,47.50789,43.41659,45.80393,46.87217,46.61545,43.56604,43.01163,40.31129,43.909,42.15448,38.07887,39.35734,38.27532,38.07887,35.8469,34.48188,27.89265,29.12044,28.86174,27.29469,25.31798,24.18677,21.37756,22.02272,19.20937,19.20937,19.84943,21.93171,26.1725,29.06888,26.87006,31.14482,32.01562,36.23534,39.40812,42.2019,43.26662,47.50789,52.47857,53.23533,57.69749,55.9017,61.84658,60.74537,63.60031,61.84658,63.34824,65.11528,64.13267,67.08204,63.78871,66.48308,69.46222,68.46897,66.27217,69.26038,68.06614,66.18912,62.07254,61.20457,60.29925,64.62971,62.39391,61.52235,62.28965,61.18823,62.80127,65.30697,61.18823,65.30697,62.8172,62.8172,64.03124,61.84658,62.64184,63.56886,64.84597,62.62587,64.84597,69.64194,65.45991
9.48683,9.48683,9.48683,9.48683,8.544,8.544,8.94427,8.94427,8.06226,8.06226,8.94427,8.06226,8.06226,8.06226,8.06226,8.06226,8.60233,7.2111,8.60233,8.60233,7.81025,7.2111,7.2111,7.81025,7.81025,7.81025,7.81025,7.2111,7.81025,7.2111,7.2111,7.2111,7.2111,7.2111,7.2111,6.7082,6.7082,6.7082,6.32456,6.32456,5.38516,5.38516,5.09902,5.09902,5.09902,5.09902,4.12311,4.0,4.0,4.0,3.0,3.0,59.03389,64.32729,64.03124,56.32051,57.56735,56.921,57.56735,55.7853,51.5461,52.55473,51.62364,51.89412,50.9902,51.62364,47.42362,52.35456,51.88449,49.64877,52.7731,49.73932,49.73932,49.39636,46.52956,44.94441,47.70744,50.77401,45.22168,46.64762,43.60046,48.9183,45.60702,47.20169,48.01042,43.82921,45.80393,49.24429,45.27693,47.16991,45.27693,43.909,45.27693,42.48529,41.78516,40.16217,39.92493,36.76955,36.40055,33.83785,31.57531,29.41088,31.32092,26.1725,25.31798,26.1725,23.02173,22.0,23.02173,18.78829,20.0,24.41311,24.69818,25.80698,28.6007,26.62705,31.40064,34.98571,33.83785,37.12142,43.82921,45.17743,48.33218,48.75449,50.15974,57.58472,55.08176,55.02727,61.68468,62.8172,65.30697,60.67125,64.49806,63.28507,67.60178,66.1211,67.06713,68.0,68.00735,64.0,68.02941,66.0,67.0,67.0,64.0,61.03278,66.0303,61.0,66.0303,65.19202,61.40033,61.29437,64.19502,62.514,64.62971,62.96825,61.98387,65.62012,62.64982,62.96825,65.30697,64.93843,61.98387,68.46897,68.24954,65.30697
10.04988,10.04988,9.05539,9.05539,9.05539,9.21954,9.21954,9.21954,9.21954,8.24621,9.21954,8.544,8.544,8.544,8.544,8.544,8.544,8.544,7.61577,8.544,7.61577,7.61577,8.544,8.06226,7.61577,8.544,8.94427,8.06226,7.61577,8.544,7.61577,7.61577,7.61577,7.28011,7.28011,7.28011,7.28011,6.32456,6.08276,6.08276,6.08276,6.08276,5.09902,5.0,5.0,5.0,5.0,4.0,4.0,4.0,3.0,3.0,59.0,56.0357,63.03174,57.0,59.03389,58.21512,53.33854,54.45181,53.23533,52.7731,53.46027,52.61179,55.57877,48.76474,49.33559,50.59644,49.64877,48.38388,45.88028,50.69517,51.26402,47.80167,46.8188,46.48656,47.43416,46.48656,47.75982,45.88028,44.38468,48.33218,49.65884,50.59644,46.23851,45.54119,48.70318,43.68066,43.41659,47.43416,43.73786,42.19005,40.79216,45.54119,40.79216,39.31921,37.01351,39.01282,35.0,31.14482,32.24903,31.57531,28.28427,28.44293,26.4764,23.08679,24.04163,23.4094,21.84033,18.60108,21.9545,18.60108,21.40093,23.85372,26.40076,29.68164,31.40064,34.1321,35.51056,38.07887,42.72002,43.56604,49.73932,47.01064,50.15974,55.97321,54.40588,55.97321,60.20797,59.84146,63.3877,63.50591,63.50591,64.12488,66.18912,67.1193,69.00725,63.03174,67.1193,65.27634,68.11755,68.35934,65.37584,65.37584,65.62012,61.20457,64.12488,61.03278,64.00781,62.1289,66.06815,65.03076,65.27634,60.03332,66.27217,65.12296,61.03278,63.07139,63.0,59.03389,64.07027,67.0,64.07027,65.03076,66.0,65.00769
10.04988,10.04988,10.19804,10.19804,10.19804,9.21954,9.21954,9.21954,9.21954,9.21954,9.21954,9.48683,9.48683,9.48683,9.48683,9.48683,8.544,8.544,8.544,9.84886,8.544,8.94427,8.544,8.94427,8.544,8.544,8.544,8.94427,8.544,8.544,8.544,8.544,8.544,8.24621,8.24621,8.24621,7.28011,7.07107,7.07107,7.07107,7.07107,6.08276,7.0,6.0,6.0,5.0,5.0,5.0,5.0,4.12311,4.12311,4.12311,61.68468,59.20304,59.66574,59.90826,57.56735,54.40588,59.77458,57.72348,55.36244,53.7122,50.56679,51.07837,54.56189,51.42956,49.65884,51.47815,51.42956,53.23533,53.23533,49.64877,50.24938,49.39636,50.77401,48.8774,49.73932,52.15362,46.87217,48.25971,46.32494,46.87217,47.16991,48.54894,46.64762,45.48626,46.32494,50.08992,47.88528,48.37355,46.51881,42.54409,42.04759,41.10961,40.80441,38.8973,39.81206,38.07887,35.17101,33.95585,32.38827,27.29469,27.29469,29.27456,28.0,25.07987,24.33105,24.18677,23.08679,20.80865,22.2036,22.2036,23.60085,27.01851,25.6125,29.06888,31.89044,34.20526,34.82815,37.53665,41.72529,44.55334,51.62364,51.08816,52.20153,57.98276,55.22681,59.16925,60.41523,61.7171,66.70832,63.56886,63.56886,64.56005,66.48308,70.83078,68.41053,66.70832,69.42622,64.93843,65.30697,64.93843,65.9242,66.70832,68.73136,63.78871,64.38167,64.49806,67.74216,65.9242,64.93843,61.98387,62.96825,60.82763,62.64184,64.03124,63.06346,64.84597,64.32729,64.53681,66.70832,64.84597,62.8172,65.51336,63.56886,62.58594
10.0,10.0,9.43398,9.43398,9.43398,8.60233,8.60233,8.60233,8.60233,8.06226,8.06226,8.94427,8.94427,8.94427,8.94427,8.94427,8.94427,8.94427,8.94427,7.61577,8.06226,7.61577,8.06226,7.61577,7.61577,7.61577,8.06226,7.61577,7.61577,8.06226,8.06226,7.2111,8.06226,7.2111,7.2111,7.2111,7.2111,6.40312,6.40312,6.40312,5.65685,5.65685,5.65685,5.0,5.0,5.0,4.47214,4.47214,4.47214,4.47214,4.12311,4.12311,65.11528,61.52235,58.72819,55.97321,59.81639,55.31727,52.63079,57.62812,53.00943,50.0,50.44799,51.61395,52.00961,51.97115,48.8774,50.60632,48.76474,49.1935,49.65884,48.76474,48.30114,48.33218,49.24429,45.18849,49.65884,50.56679,47.42362,46.09772,47.01064,48.10405,45.61798,45.31004,46.61545,49.24429,45.69464,44.77723,44.28318,46.51881,44.41846,42.19005,42.72002,38.60052,40.22437,41.40048,40.0,34.05877,31.14482,36.76955,31.82766,31.14482,27.58623,27.65863,25.6125,25.23886,24.18677,21.47091,21.93171,21.58703,22.80351,22.36068,23.34524,26.4764,27.16616,30.59412,31.57531,34.9285,35.44009,37.36308,41.76123,45.88028,49.64877,49.24429,53.23533,51.42956,59.05929,58.66856,62.68174,65.0,68.00735,68.11755,64.53681,67.94115,69.31089,70.0928,69.52697,68.68042,70.72482,67.35726,67.35726,67.20119,67.80118,68.24954,66.4003,68.76772,68.24954,67.26812,67.20863,62.36986,65.19202,65.8559,67.26812,64.44377,63.89053,63.70243,64.3506,65.79514,66.46804,64.44377,67.89698,65.06919,65.06919,67.26812,68.76772,62.28965
8.94427,8.94427,9.43398,9.43398,9.43398,8.06226,8.60233,8.06226,8.60233,8.60233,7.81025,7.81025,8.60233,7.81025,7.81025,7.81025,7.81025,7.81025,8.48528,7.81025,7.81025,7.07107,7.07107,7.07107,7.07107,7.07107,7.07107,7.07107,7.07107,7.07107,7.07107,7.07107,6.40312,6.40312,6.40312,6.40312,5.83095,5.83095,5.83095,5.83095,5.38516,5.38516,5.38516,4.47214,4.47214,4.12311,4.12311,4.12311,4.0,3.0,3.0,3.0,61.77378,61.29437,57.80138,59.64059,59.07622,56.0803,58.24946,55.22681,54.08327,50.60632,50.60632,52.20153,49.81967,50.24938,50.9902,50.20956,50.32892,51.66237,44.68781,48.10405,50.24938,48.79549,48.83646,46.69047,48.08326,47.38143,44.68781,48.10405,46.66905,45.45327,45.0,44.59821,47.50789,43.93177,45.60702,42.44997,43.84062,42.44997,43.13931,41.10961,41.7732,39.05125,36.61967,35.80503,34.66987,35.51056,33.83785,31.76476,29.06888,27.45906,25.94224,25.07987,25.96151,20.61553,20.61553,23.76973,19.10497,15.65248,18.02776,18.86796,20.24846,23.70654,24.16609,27.313,30.41381,30.88689,36.71512,37.58989,41.34005,41.59327,44.10215,48.25971,47.50789,54.67175,55.97321,55.17246,61.6198,63.25346,62.00806,66.28725,66.61081,67.23095,65.19202,65.36819,64.49806,68.88396,69.77822,66.18912,67.62396,66.30988,66.48308,66.85058,67.62396,63.50591,64.40497,65.55151,66.30988,67.1193,67.54258,67.97794,67.08204,60.82763,66.24198,62.17717,65.29931,68.47627,65.8635,65.29931,64.14047,64.49806,63.95311,70.71068,68.47627,61.40033
10.77033,10.77033,10.44031,10.44031,10.44031,9.48683,10.44031,9.48683,9.48683,10.19804,10.44031,9.21954,9.21954,9.21954,9.05539,9.05539,9.05539,9.05539,9.05539,9.05539,9.05539,9.05539,9.05539,9.05539,9.05539,8.06226,8.0,9.05539,8.06226,8.06226,8.06226,8.06226,8.06226,8.06226,7.07107,7.28011,7.07107,7.28011,6.32456,6.32456,6.32456,5.38516,6.32456,5.38516,5.38516,5.38516,4.47214,4.47214,4.47214,4.47214,3.60555,3.60555,65.45991,62.26556,64.66065,63.28507,60.74537,61.40033,60.53924,58.18075,56.82429,58.83026,56.4358,55.4617,52.7731,53.7122,52.7731,52.39275,54.78138,52.55473,51.86521,48.70318,53.48832,47.53946,51.24451,50.28916,48.10405,50.59644,48.10405,49.72927,47.80167,44.14748,44.64303,47.53946,46.17359,48.50773,45.22168,50.32892,49.98,42.72002,42.37924,42.15448,39.82462,41.14608,38.91015,37.73592,38.27532,33.61547,34.4093,33.01515,30.61046,27.80288,26.90725,29.06888,25.4951,25.4951,24.75884,22.02272,23.02173,14.03567,16.0,18.02776,18.0,20.09975,26.30589,23.08679,27.0,28.01785,32.06244,36.01389,41.04875,40.0,45.39824,48.6621,49.64877,52.95281,50.96077,60.16644,57.72348,59.46427,62.76942,61.26989,67.08204,63.95311,66.37017,65.19202,68.50547,67.1193,72.11103,65.43699,70.0,65.60488,66.4003,67.80118,62.00806,63.41136,65.43699,68.00735,66.61081,63.89053,62.00806,67.00746,65.0,63.60031,67.95587,65.21503,64.07027,66.28725,66.85058,66.61081,66.61081,66.61081,63.81222,65.19202,70.49113,69.33974
11.18034,11.18034,9.84886,10.77033,9.84886,9.84886,9.84886,9.48683,9.48683,9.48683,9.48683,9.48683,9.21954,9.21954,9.21954,9.21954,9.48683,9.21954,9.21954,9.21954,9.21954,9.21954,8.24621,9.05539,9.21954,9.21954,9.21954,9.21954,9.21954,8.24621,8.24621,8.24621,8.24621,8.24621,7.61577,7.61577,7.61577,7.61577,6.7082,6.7082,6.7082,5.83095,5.83095,5.83095,5.0,5.0,5.0,5.0,3.60555,3.60555,4.24264,3.60555,63.65532,66.06815,62.96825,64.44377,64.38167,62.36986,60.81118,57.98276,59.39697,55.9017,52.3259,55.17246,54.56189,57.80138,53.8145,54.40588,56.61272,55.21775,51.0392,51.0392,52.69725,50.21952,49.64877,52.20153,51.86521,50.80354,48.82622,51.88449,49.09175,49.39636,47.01064,47.16991,47.43416,47.43416,47.16991,48.82622,48.25971,49.64877,46.2277,45.34314,42.80187,43.18565,42.63801,41.7732,38.18377,36.23534,34.20526,37.01351,29.20616,28.01785,30.0,29.20616,26.62705,23.32381,25.4951,25.05993,20.88061,14.76482,13.92839,14.31782,16.15549,18.68154,17.08801,21.84033,23.08679,27.51363,29.73214,33.52611,35.1141,41.23106,40.8534,43.82921,48.02083,46.32494,49.92995,55.21775,55.60576,58.89822,58.69412,62.96825,63.65532,64.38167,64.3506,62.482,62.80127,67.00746,64.63745,64.07027,65.45991,66.03787,65.19202,68.24222,65.73431,67.6757,61.61169,65.45991,63.82006,67.1193,66.4003,64.40497,68.8186,62.80127,59.03389,65.43699,66.85058,66.21933,66.8431,64.44377,69.52697,67.20119,67.00746,66.52819,68.88396,69.52697
12.04159,12.04159,12.04159,12.04159,11.31371,11.40175,11.40175,11.40175,10.81665,11.40175,10.63015,10.81665,11.40175,10.81665,10.81665,10.81665,10.29563,10.81665,10.81665,10.29563,10.29563,10.29563,9.43398,9.43398,9.43398,10.29563,10.29563,9.43398,9.43398,9.43398,9.43398,9.43398,9.43398,8.60233,8.60233,9.21954,9.21954,8.48528,8.48528,7.07107,7.81025,7.81025,7.07107,6.40312,6.40312,6.40312,6.40312,5.83095,5.0,5.83095,4.47214,4.47214,65.79514,66.48308,64.3506,63.78087,67.35726,62.36986,63.78087,59.39697,62.36986,60.0,58.41233,59.20304,56.0803,56.85068,55.0,56.60389,58.00862,53.0,53.33854,56.82429,54.12024,55.07268,52.35456,51.10773,52.69725,51.62364,49.65884,51.10773,49.73932,55.9464,53.23533,51.42956,51.88449,49.64877,52.7731,48.8774,51.97115,50.11986,45.79301,43.26662,50.21952,45.60702,40.45986,42.42641,39.62323,38.8973,37.48333,36.79674,36.76955,32.01562,30.23243,27.78489,28.42534,28.01785,23.85372,24.41311,28.6531,13.60147,18.86796,16.15549,16.55295,19.31321,18.43909,22.13594,23.76973,26.92582,29.73214,32.89377,36.40055,36.76955,38.62642,41.59327,47.88528,47.85394,48.76474,51.88449,55.75841,59.64059,62.00806,60.0,63.78087,62.2254,67.17887,68.593,66.52819,65.11528,65.43699,65.94695,67.47592,65.21503,67.62396,64.2028,63.41136,64.03124,66.70832,66.21933,63.78087,62.482,69.35416,65.19202,65.8559,65.76473,62.93648,65.11528,67.89698,67.94115,65.76473,67.20863,65.79514,69.31089,68.68042,66.46804,67.26812,64.53681
10.63015,10.63015,10.81665,10.63015,10.63015,10.0,10.0,10.0,10.0,9.43398,10.0,10.0,9.43398,9.43398,9.43398,9.43398,9.43398,9.43398,8.94427,8.94427,8.94427,8.94427,8.94427,8.94427,8.94427,8.94427,8.94427,8.94427,8.94427,8.94427,8.06226,8.06226,8.06226,8.06226,7.81025,8.60233,7.81025,7.81025,7.07107,7.07107,7.07107,6.40312,6.40312,6.40312,5.83095,5.83095,5.83095,5.0,5.0,4.47214,4.47214,4.12311,63.00794,62.68174,66.03787,62.20129,60.74537,60.74537,60.41523,58.66856,59.03389,57.98276,57.98276,57.3062,51.42956,56.0803,53.7122,59.03389,55.15433,50.32892,53.85165,50.92151,53.75872,51.86521,50.59644,50.0,54.42426,50.0,50.92151,50.96077,48.76474,48.08326,47.43416,49.64877,47.53946,53.16014,48.08326,48.70318,48.10405,45.22168,47.53946,44.28318,46.06517,43.38202,44.77723,41.59327,42.19005,36.89173,37.20215,37.80212,35.0,33.6006,29.73214,29.06888,31.89044,25.4951,27.58623,25.0,22.82542,20.80865,22.36068,18.78829,23.4094,20.12461,25.07987,27.20294,28.63564,31.32092,32.28002,37.33631,35.77709,40.31129,43.65776,42.54409,45.65085,50.53712,50.24938,54.58938,52.83938,58.5235,60.80296,62.482,66.21933,66.6033,63.78087,65.11528,63.65532,62.96825,66.46804,61.52235,67.17887,66.52819,62.36986,66.06815,63.12686,63.78087,65.05382,60.81118,60.81118,63.65532,64.38167,63.70243,63.70243,62.24147,61.52235,63.63961,61.7171,61.84658,65.60488,65.0,64.07027,65.43699,61.40033,62.68174,65.45991,69.33974
12.04159,11.31371,11.31371,11.31371,11.31371,11.31371,11.31371,10.63015,10.63015,10.63015,10.63015,10.63015,10.63015,10.0,10.0,10.0,10.0,9.43398,9.43398,9.43398,10.0,9.43398,9.43398,9.43398,9.43398,9.43398,9.43398,9.43398,9.43398,9.43398,9.43398,9.43398,10.0,8.60233,9.21954,9.21954,9.21954,8.48528,8.48528,7.81025,7.81025,7.07107,7.81025,6.40312,6.40312,6.40312,6.40312,5.83095,5.83095,5.83095,5.0,4.47214,59.64059,64.14047,61.29437,63.60031,63.89053,59.81639,63.82006,58.60034,55.44367,55.97321,57.28001,57.31492,55.17246,57.28001,54.45181,53.75872,55.86591,53.07542,50.20956,55.31727,52.20153,53.60037,50.80354,52.43091,50.60632,50.80354,53.85165,52.20153,46.75468,53.0,50.47772,49.64877,51.40039,50.47772,51.0392,48.25971,49.09175,50.21952,49.20366,47.80167,48.27007,48.79549,43.86342,44.59821,41.86884,44.68781,41.23106,36.61967,35.22783,33.01515,33.6006,30.52868,29.96665,29.15476,26.40076,22.84732,26.92582,20.61553,20.51828,23.34524,24.83948,23.43075,26.87006,29.73214,29.0,33.30165,33.42155,41.03657,38.8973,42.44997,41.03657,45.27693,50.44799,53.2635,55.60576,54.20332,55.47071,58.24946,62.96825,64.00781,60.82763,63.50591,65.74192,62.76942,62.76942,63.90618,64.84597,62.96825,68.00735,68.35203,63.90618,68.35203,62.03225,64.07808,62.29767,60.74537,62.24147,63.15853,64.07808,59.9333,62.17717,62.64982,67.1193,61.40033,62.96825,65.0,63.28507,64.66065,63.63175,64.63745,65.73431,63.81222,67.6757,68.7968
11.04536,11.04536,11.04536,11.04536,10.04988,10.04988,10.04988,10.04988,10.04988,10.19804,10.19804,9.21954,9.21954,9.48683,9.21954,9.48683,9.48683,9.48683,9.48683,9.48683,9.48683,9.48683,9.48683,9.84886,9.84886,9.48683,8.544,9.48683,9.48683,8.544,9.48683,9.48683,9.21954,9.21954,8.24621,8.24621,8.06226,8.06226,8.06226,8.06226,7.07107,7.07107,7.07107,6.0,6.0,6.0,6.0,6.0,5.09902,5.09902,5.09902,4.12311,65.19202,60.10824,66.48308,58.60034,56.40035,56.61272,58.00862,58.00862,55.21775,59.36329,56.0357,57.14018,56.85948,57.70615,52.43091,56.30275,57.24509,50.56679,51.42956,47.88528,51.97115,49.1935,51.47815,46.51881,46.23851,44.77723,45.69464,51.89412,47.16991,47.92703,48.46648,49.1935,47.53946,47.16991,49.65884,48.8774,46.06517,46.95743,46.52956,41.6173,42.0119,44.04543,34.82815,41.6173,44.04543,30.0,34.65545,40.31129,28.42534,33.83785,31.38471,23.85372,27.29469,25.23886,22.80351,21.18962,18.02776,20.09975,25.70992,23.08679,26.92582,29.61419,32.28002,28.86174,31.01612,31.01612,32.57299,39.84972,42.37924,48.38388,49.0408,53.31041,52.0,49.73932,58.30952,66.64083,60.82763,62.00806,65.80274,66.85058,66.61081,67.47592,67.35726,67.20863,70.72482,67.88225,74.41102,66.48308,70.00714,69.42622,67.17887,64.3506,65.79514,65.79514,65.94695,68.0147,61.52235,67.20863,65.11528,65.19202,63.70243,65.06919,74.24958,70.0928,66.48308,67.26812,63.12686,62.96825,66.06815,70.0928,61.7171,67.80118,71.21798,72.8011
12.0,12.0,11.0,11.0,11.0,11.04536,11.04536,11.04536,11.04536,10.04988,11.18034,10.19804,10.04988,10.19804,10.19804,10.19804,10.19804,10.19804,9.21954,9.21954,9.21954,9.21954,9.21954,9.48683,9.21954,9.21954,9.48683,9.21954,9.21954,9.21954,9.21954,9.21954,9.21954,8.06226,9.05539,9.05539,9.05539,8.0,8.0,8.0,7.07107,7.07107,7.0,7.07107,6.08276,6.08276,6.08276,6.08276,5.09902,5.38516,5.38516,5.38516,60.30755,63.03174,58.72819,55.31727,55.0,61.6198,61.85467,59.81639,56.61272,57.14018,59.07622,57.80138,59.48109,51.0,51.10773,53.23533,50.47772,56.35601,42.95346,49.76947,49.98,50.69517,50.15974,50.08992,46.95743,46.51881,47.80167,50.56679,43.46263,47.43416,46.23851,51.66237,45.27693,48.75449,43.17407,47.50789,38.48376,40.8534,40.70626,38.48376,41.18252,37.12142,38.07887,34.4093,34.82815,29.69848,33.42155,31.40064,30.0,33.01515,26.24881,29.68164,27.01851,25.80698,24.83948,25.4951,22.2036,22.13594,20.12461,22.47221,29.41088,24.18677,29.12044,29.06888,33.52611,37.0,36.67424,42.05948,38.91015,47.01064,50.11986,47.70744,52.20153,51.31277,51.22499,57.80138,64.81512,64.63745,61.55485,63.70243,66.70832,70.00714,66.6033,67.35726,69.6563,64.63745,68.60029,64.66065,66.85058,65.73431,67.20119,70.0,69.63476,65.19202,66.85058,69.06519,63.00794,67.80118,58.72819,62.24147,64.53681,63.78087,65.8559,66.6033,65.11528,67.89698,60.10824,60.87693,69.42622,61.22091,62.36986,69.31089,62.93648,66.48308
12.36932,11.40175,12.36932,11.40175,11.40175,11.40175,11.40175,11.18034,11.18034,11.18034,11.18034,11.18034,11.04536,11.04536,10.04988,10.19804,10.04988,10.04988,10.04988,10.04988,10.04988,10.04988,10.04988,10.0,10.0,10.04988,10.04988,10.04988,10.0,9.05539,9.05539,9.05539,9.05539,9.05539,8.24621,9.21954,8.24621,8.24621,8.24621,8.24621,7.28011,7.28011,7.28011,6.32456,6.32456,5.38516,5.38516,5.38516,5.38516,4.47214,4.47214,3.60555,60.00833,63.32456,68.02941,69.28925,62.03225,62.93648,54.56189,60.40695,53.66563,53.7122,56.85948,55.15433,56.79789,50.11986,53.85165,53.7122,52.7731,55.22681,52.80152,46.64762,52.47857,47.01064,47.63402,48.60041,53.60037,48.8774,47.70744,44.94441,43.41659,51.62364,45.65085,49.73932,39.44617,43.56604,44.41846,44.41846,39.82462,40.31129,48.25971,42.54409,35.34119,37.33631,35.4683,31.62278,38.07887,33.24154,29.83287,31.95309,28.16026,30.08322,28.4605,27.45906,25.31798,23.08679,21.2132,21.0,23.0,24.08319,24.75884,24.41311,24.08319,26.62705,31.14482,34.65545,36.87818,37.80212,39.40812,38.60052,44.40721,47.38143,48.25971,51.40039,56.60389,55.71355,57.69749,61.40033,58.60034,59.09315,62.76942,57.56735,68.00735,62.36185,65.30697,63.95311,61.40033,61.52235,68.41053,64.13267,66.48308,63.15061,66.4906,65.30697,65.37584,61.0,55.57877,60.67125,58.0517,61.98387,58.69412,60.20797,59.20304,61.61169,64.13267,67.05222,64.2573,61.35145,56.0803,63.90618,59.80803,64.56005,60.87693,67.35726,67.41662,68.02941
12.36932,11.40175,11.40175,11.40175,11.40175,11.40175,11.40175,11.40175,11.40175,10.44031,11.40175,10.44031,10.44031,10.44031,9.48683,10.77033,9.84886,10.77033,9.84886,9.84886,9.84886,9.84886,9.84886,8.94427,8.94427,9.84886,9.84886,8.94427,8.94427,9.84886,8.544,8.544,8.544,8.544,8.544,8.24621,8.24621,7.28011,7.28011,7.07107,7.07107,7.07107,7.07107,7.07107,6.0,6.0,6.0,6.0,6.0,5.09902,5.09902,5.09902,53.48832,60.00833,59.80803,61.98387,58.82176,54.40588,56.30275,61.09828,59.80803,58.5235,56.04463,53.60037,57.24509,57.97413,53.36666,55.44367,52.63079,50.44799,54.57105,58.69412,52.08647,54.74486,48.27007,48.6621,49.36598,47.85394,49.36598,45.09989,43.41659,48.0,50.08992,44.0,44.72136,46.01087,49.36598,41.23106,42.42641,45.35416,44.91102,45.39824,41.23106,40.60788,37.85499,33.83785,35.4683,42.37924,32.69557,33.83785,32.20248,34.0147,28.42534,32.64966,22.80351,24.69818,19.20937,25.23886,24.04163,23.34524,20.09975,21.18962,25.01999,25.70992,26.1725,31.7805,36.67424,34.9285,42.2019,40.60788,43.9659,43.9659,49.24429,48.70318,52.92447,57.00877,55.4617,53.7122,62.26556,67.41662,61.03278,68.00735,62.68174,63.25346,66.8431,64.03124,65.29931,67.47592,63.78087,65.05382,62.96825,64.38167,65.11528,64.44377,60.20797,61.84658,63.12686,59.20304,66.61081,61.61169,59.16925,63.82006,62.20129,60.90156,63.24555,66.7308,66.64833,61.03278,65.29931,59.48109,63.50591,58.83026,63.52952,65.36819,62.26556,65.36819
10.77033,10.77033,9.84886,9.84886,9.84886,10.77033,9.84886,9.84886,9.84886,9.43398,10.29563,10.29563,9.43398,9.43398,9.43398,9.43398,9.43398,8.60233,9.43398,8.60233,8.60233,8.60233,8.60233,8.60233,8.60233,8.60233,8.60233,8.60233,8.60233,8.60233,8.06226,8.06226,8.06226,8.06226,7.61577,7.61577,7.61577,6.7082,6.7082,6.32456,6.32456,6.32456,6.32456,5.38516,5.09902,5.09902,5.09902,5.09902,4.12311,4.12311,4.0,4.0,63.82006,62.16912,63.15853,57.27128,65.9242,55.03635,60.00833,57.93962,55.02727,59.23681,59.46427,57.58472,54.23099,58.30952,55.36244,52.63079,55.71355,52.20153,56.0803,54.81788,51.26402,53.36666,51.1957,47.80167,48.10405,48.76474,53.36666,46.57252,50.21952,48.50773,50.63596,52.39275,44.38468,46.48656,48.76474,41.62932,46.51881,45.31004,38.91015,44.94441,42.72002,46.48656,36.67424,37.12142,32.24903,36.23534,36.89173,34.0,27.65863,32.44996,28.30194,29.83287,23.43075,26.07681,28.6007,24.75884,20.80865,24.02082,25.07987,25.01999,25.07987,31.257,32.01562,36.22154,33.95585,37.21559,39.29377,44.28318,44.40721,46.87217,51.62364,48.38388,55.08176,55.65968,56.0803,57.77543,60.83584,67.1193,63.95311,66.7308,68.26419,63.41136,69.46222,65.0,58.89822,68.60029,62.36986,64.40497,65.94695,64.38167,60.1415,62.24147,59.81639,62.80127,63.41136,62.20129,63.41136,63.00794,56.40035,58.30952,60.53924,62.76942,56.0357,59.68249,64.84597,64.66065,58.5235,62.16912,69.77105,63.50591,63.81222,66.70832,65.74192,67.53518
10.44031,9.48683,9.48683,9.48683,9.48683,9.84886,9.84886,9.84886,8.94427,8.94427,9.84886,9.84886,8.94427,8.94427,8.94427,9.43398,9.43398,9.43398,8.60233,8.60233,8.60233,8.60233,9.43398,8.60233,8.60233,8.60233,9.43398,8.60233,8.60233,9.43398,8.06226,8.06226,8.06226,8.06226,7.61577,7.61577,7.28011,7.61577,6.32456,6.32456,6.32456,6.08276,6.08276,6.08276,5.09902,5.09902,5.0,4.12311,4.0,4.0,4.0,4.0,54.45181,59.3043,58.30952,56.4358,53.93515,56.88585,54.12947,56.51548,52.39275,52.95281,54.81788,53.36666,54.40588,51.26402,51.5461,53.85165,51.24451,52.20153,50.32892,50.15974,53.22593,49.39636,51.42956,52.35456,49.98,49.1935,50.56679,49.1935,48.75449,49.1935,47.42362,52.3259,46.95743,49.65884,49.24429,44.38468,46.8188,47.43416,43.32436,45.35416,45.35416,44.14748,40.02499,38.07887,40.60788,39.20459,38.32754,36.12478,35.0,31.06445,29.01724,29.01724,28.07134,25.01999,23.34524,22.2036,22.56103,20.80865,18.60108,20.61553,23.60085,27.20294,27.78489,29.68164,34.48188,37.44329,35.77709,42.54409,42.54409,48.46648,49.64877,53.14132,51.92302,59.48109,55.10898,59.22837,62.39391,61.07373,65.19202,63.03174,69.00725,69.06519,66.18912,65.37584,67.74216,62.39391,64.19502,63.95311,63.50591,61.66036,63.78871,62.80127,63.95311,61.66036,62.96825,59.5399,60.40695,58.42089,60.13319,63.28507,59.0,59.07622,63.00794,59.07622,60.03332,60.0,59.00847,61.07373,62.07254,62.07254,61.20457,60.07495,65.19202,57.03508
9.89949,10.0,9.43398,9.21954,9.21954,10.0,10.0,8.60233,9.43398,9.43398,8.60233,9.43398,8.94427,8.94427,8.94427,8.94427,8.94427,8.94427,8.94427,8.94427,8.544,8.544,8.94427,8.544,8.544,8.94427,8.94427,8.544,8.544,8.94427,8.94427,8.94427,8.94427,8.06226,8.06226,8.06226,7.81025,7.2111,7.2111,7.2111,6.40312,6.40312,6.40312,5.65685,5.65685,5.0,5.0,4.24264,5.0,4.24264,3.60555,3.60555,58.41233,57.00877,58.13777,55.31727,56.58622,55.17246,52.40229,52.34501,51.62364,49.57822,48.79549,52.34501,53.8145,46.75468,48.16638,45.80393,48.82622,49.92995,50.77401,47.50789,49.92995,48.01042,44.77723,44.77723,47.20169,48.54894,45.79301,50.9902,47.41308,48.30114,45.48626,48.02083,46.64762,49.39636,46.61545,47.16991,42.19005,49.40648,42.63801,42.44997,40.36087,42.52058,41.72529,41.72529,40.36087,36.12478,35.0,35.4683,29.15476,31.06445,29.41088,23.25941,26.40076,20.59126,24.59675,24.59675,22.13594,18.24829,18.02776,20.0,25.17936,25.07987,27.07397,28.28427,36.34556,35.69314,36.49658,41.76123,40.16217,45.60702,48.46648,52.7731,53.23533,58.30952,60.0,59.90826,61.84658,64.81512,70.03571,67.89698,68.0147,70.29225,67.47592,69.63476,71.19691,68.7968,69.97142,65.76473,71.69379,68.96376,68.09552,63.52952,63.95311,63.13478,63.07139,64.14047,66.24198,61.91123,59.90826,63.50591,62.1289,63.28507,63.52952,56.93856,59.64059,60.46487,60.46487,61.22091,61.29437,62.1289,63.25346,61.61169,61.85467,62.00806
9.21954,8.60233,9.21954,8.60233,8.60233,8.60233,8.06226,8.06226,8.06226,8.06226,8.06226,7.61577,7.61577,8.544,7.61577,8.544,7.61577,7.28011,8.544,7.61577,7.61577,7.61577,7.28011,8.24621,7.28011,8.24621,7.28011,8.544,8.544,8.24621,7.61577,7.61577,7.61577,7.61577,7.61577,6.7082,6.7082,7.2111,6.40312,6.40312,6.40312,5.83095,5.65685,5.0,5.65685,4.24264,4.24264,4.24264,4.24264,3.60555,3.60555,3.60555,54.40588,51.97115,57.14018,52.00961,51.73973,51.22499,48.41487,51.22499,50.91169,51.73973,48.79549,50.20956,48.10405,49.51767,43.60046,45.79301,45.80393,44.40721,48.82622,44.29447,49.64877,45.65085,45.79301,44.41846,43.909,45.79301,46.52956,43.08132,43.909,43.82921,42.95346,48.75449,42.48529,47.42362,47.92703,46.61545,44.41846,47.01064,44.94441,45.60702,41.6173,44.65423,38.60052,39.69887,41.72529,36.79674,41.7732,37.48333,30.0,30.23243,28.6007,31.62278,25.05993,26.83282,23.32381,23.25941,22.36068,12.16553,14.86607,18.43909,20.39608,21.2132,26.68333,26.57066,27.20294,33.24154,36.13862,40.16217,43.38202,46.06517,49.64877,52.69725,56.85068,55.60576,57.42822,63.78087,65.8559,67.17887,70.29225,68.88396,70.43437,74.06079,73.24616,75.29276,74.30343,72.47068,73.82412,68.0,70.77429,72.61543,69.46222,70.2282,68.44706,68.02941,68.15424,67.41662,65.39113,67.54258,63.95311,65.30697,64.49806,62.26556,69.35416,62.6099,62.76942,67.1193,63.06346,64.14047,60.53924,61.77378,59.64059,61.91123,60.74537,62.17717
9.21954,9.48683,9.48683,8.544,8.24621,8.544,8.544,8.544,8.544,7.61577,8.94427,8.06226,8.06226,8.06226,8.06226,8.06226,8.06226,8.06226,7.81025,7.2111,7.2111,7.81025,8.60233,7.81025,7.81025,7.81025,8.60233,7.81025,7.81025,8.60233,7.81025,8.06226,8.06226,8.06226,7.61577,7.61577,7.61577,7.61577,6.32456,6.32456,6.32456,6.08276,6.08276,5.09902,5.09902,5.0,5.0,5.0,4.0,4.0,4.0,3.0,57.07013,55.10898,58.46366,54.57105,59.03389,50.0,54.12947,55.08176,47.75982,50.69517,50.69517,49.0408,49.24429,47.43416,48.8467,47.53946,44.38468,44.65423,46.06517,45.17743,48.76474,48.8774,43.01163,42.2019,43.26662,47.20169,45.48626,45.80393,44.65423,46.04346,47.50789,45.0,43.82921,43.93177,46.04346,45.27693,48.82622,49.92995,43.38202,43.46263,41.78516,39.92493,39.29377,39.56008,39.05125,37.64306,36.12478,35.51056,34.0147,32.01562,29.0,27.01851,26.0,24.02082,25.70992,24.18677,19.0263,15.81139,18.35756,16.12452,20.61553,21.9545,22.47221,26.92582,24.16609,30.01666,32.20248,36.05551,38.60052,42.80187,46.61545,49.67897,51.73973,52.40229,56.72742,58.79626,60.30755,64.2028,64.49806,66.24198,70.26379,69.857,76.844,72.73239,73.68175,79.71198,73.08215,74.2159,70.61161,73.4983,70.03571,67.08204,72.00694,70.40597,70.45566,68.73136,65.76473,71.19691,67.46851,70.03571,68.88396,61.81424,67.68309,67.68309,66.28725,67.68309,68.65858,65.9242,68.88396,64.93843,62.8172,68.44706,66.4906,62.16912
10.0,9.43398,8.60233,8.60233,8.60233,8.94427,8.06226,8.06226,8.06226,7.61577,7.61577,7.61577,7.61577,7.61577,7.61577,8.24621,8.24621,8.24621,7.28011,7.28011,7.28011,7.28011,7.07107,7.07107,7.07107,8.06226,8.06226,8.06226,8.24621,8.24621,7.28011,8.24621,7.61577,7.61577,7.61577,7.61577,7.61577,6.7082,6.7082,5.83095,5.83095,6.40312,5.0,5.65685,5.0,4.24264,4.24264,4.24264,4.24264,3.60555,3.60555,3.60555,61.84658,55.9017,59.5399,59.03389,57.24509,55.22681,51.47815,50.77401,47.01064,52.20153,48.25971,48.41487,47.63402,43.41659,47.38143,44.55334,48.10405,45.96738,43.84062,44.68781,49.67897,44.20407,43.93177,41.7732,41.40048,43.41659,42.43819,39.96248,44.10215,46.61545,49.64877,43.04649,43.56604,46.32494,50.47772,45.27693,44.20407,48.27007,42.44997,47.42362,42.42641,43.13931,40.45986,40.36087,38.27532,38.83298,35.8469,34.4093,34.1321,30.8707,35.34119,30.08322,26.92582,23.76973,24.35159,21.58703,22.56103,14.76482,16.55295,18.38478,19.92486,21.18962,22.47221,22.47221,23.76973,28.79236,31.62278,32.31099,38.48376,41.14608,46.06517,49.64877,52.15362,55.47071,53.82379,58.60034,62.62587,62.96825,63.65532,65.06919,67.62396,66.0303,72.20111,69.06519,70.45566,73.06162,72.94518,67.74216,72.56032,68.8767,69.77822,68.02941,69.77105,70.26379,69.857,66.21178,68.09552,72.23573,65.76473,67.97794,68.02941,66.7308,63.81222,69.35416,67.23095,68.26419,68.42514,61.77378,66.7308,70.23532,69.11584,67.1193,70.21396,68.8767
11.7047,10.77033,10.44031,9.84886,10.44031,9.48683,10.44031,9.21954,9.21954,9.21954,9.21954,9.21954,9.05539,9.05539,8.06226,9.05539,9.05539,9.05539,8.0,9.0,9.05539,9.0,9.0,8.0,9.0,9.0,9.0,9.0,8.0,9.0,8.06226,8.0,8.06226,8.06226,8.06226,8.24621,8.24621,8.24621,7.28011,7.28011,7.28011,7.61577,6.7082,6.32456,6.7082,5.83095,5.83095,5.83095,5.0,5.0,5.0,4.24264,64.62198,58.59181,55.54278,57.93962,55.71355,52.92447,54.42426,49.0408,52.0,48.08326,50.80354,48.6621,50.63596,47.67599,47.38143,49.16299,44.55334,45.04442,42.04759,49.0408,46.04346,49.09175,45.0,44.01136,43.10452,46.01087,45.09989,42.19005,41.04875,47.04253,43.18565,45.09989,43.18565,46.01087,47.0,43.01163,42.0119,45.01111,42.0,42.42641,44.40721,48.6621,38.07887,37.48333,38.60052,37.33631,32.89377,34.78505,33.24154,30.8707,29.06888,29.96665,25.94224,29.68164,23.60085,24.41311,21.2132,15.81139,18.38478,21.54066,21.18962,22.47221,23.08679,23.25941,27.51363,31.01612,36.76955,36.67424,38.32754,39.29377,40.26164,46.09772,50.35871,53.33854,53.03772,57.14018,58.03447,58.03447,63.28507,68.593,65.9242,66.4906,65.51336,65.80274,67.18631,71.16881,70.2282,67.6757,68.35203,68.15424,68.54196,71.58911,70.77429,69.46222,67.06713,66.30988,62.24147,65.9242,70.00714,66.40783,69.07966,62.93648,65.55151,69.89278,66.48308,67.06713,68.70953,65.39113,68.62215,68.62215,69.64194,69.64194,65.45991,67.41662
9.84886,9.48683,8.544,9.84886,8.94427,8.06226,8.06226,8.06226,8.06226,8.06226,8.06226,7.2111,7.2111,7.2111,7.81025,7.81025,7.07107,7.07107,7.81025,7.81025,7.07107,7.81025,7.07107,7.07107,7.81025,7.07107,7.81025,7.81025,7.07107,7.07107,7.2111,7.07107,7.2111,7.2111,7.2111,7.2111,6.7082,6.7082,6.7082,5.38516,5.38516,5.38516,5.09902,5.09902,4.12311,4.12311,4.12311,4.0,4.0,4.0,3.0,3.0,64.07027,61.20457,65.00769,58.13777,59.22837,59.21149,55.14526,60.07495,52.61179,49.0306,52.17279,49.33559,49.0306,48.05206,48.50773,51.66237,49.64877,47.43416,46.84015,44.59821,50.56679,47.01064,44.72136,44.38468,38.91015,45.69464,43.41659,45.17743,43.38202,46.14109,43.909,46.87217,45.17743,44.29447,43.82921,46.95743,42.48529,45.69464,42.04759,44.29447,43.08132,41.4367,41.97618,39.05125,38.63936,34.48188,37.85499,34.71311,31.06445,33.37664,31.14482,26.01922,26.01922,22.02272,24.33105,24.33105,21.37756,16.64332,18.60108,19.72308,21.47091,23.02173,24.41311,22.80351,28.30194,31.62278,32.01562,33.54102,40.31129,39.44617,41.67733,45.65085,48.8467,51.47815,50.69517,56.30275,59.48109,60.72891,66.70832,60.20797,64.93843,61.13101,68.35934,67.18631,70.34913,68.11755,71.00704,70.00714,74.0,69.02898,66.0,70.00714,68.02941,68.0,65.06919,69.18092,69.18092,69.0,68.0,65.03076,69.00725,67.0,70.06426,71.34424,67.26812,69.26038,70.06426,67.02984,67.1193,70.06426,70.25667,70.0,68.02941,71.11259
10.77033,10.44031,10.44031,10.44031,9.48683,9.48683,9.21954,9.21954,9.21954,9.05539,9.21954,9.05539,9.05539,9.05539,9.05539,9.05539,9.05539,9.0,9.0,9.0,9.0,9.0,8.0,9.0,9.0,9.0,9.0,9.0,8.0,9.0,9.0,9.0,9.0,9.05539,8.06226,8.06226,8.06226,7.07107,7.28011,7.28011,6.32456,6.32456,6.32456,5.38516,5.38516,5.38516,5.38516,5.38516,4.47214,4.47214,4.47214,3.60555,66.64083,63.95311,67.23095,59.48109,57.93962,59.48109,56.64804,55.36244,53.14132,53.16014,50.28916,49.24429,50.44799,50.21952,51.1957,51.1957,53.60037,48.6621,50.35871,47.26521,50.24938,47.26521,52.0,49.0408,48.01042,48.09366,43.01163,46.01087,49.16299,47.0,43.04649,43.01163,47.16991,49.0408,47.01064,49.36598,44.10215,48.04165,48.09366,47.16991,42.95346,40.79216,42.75512,42.42641,40.02499,36.87818,38.32754,39.0,33.10589,29.96665,30.88689,27.78489,28.63564,25.0,26.07681,24.41311,24.08319,12.0,13.60147,16.03122,16.12452,19.0,23.34524,22.2036,27.29469,28.16026,29.42788,34.1321,38.20995,39.20459,41.59327,45.27693,46.09772,50.08992,51.0392,55.22681,56.4358,58.30952,60.20797,61.40033,63.24555,64.62198,66.09841,67.23095,68.44706,66.30988,67.23095,68.42514,68.44706,69.35416,69.77822,71.58911,69.77105,66.18912,68.47627,68.0,67.23095,68.47627,65.0,68.42514,70.77429,69.77822,67.23095,65.74192,68.942,70.00714,68.54196,69.857,71.30919,72.01389,70.21396,68.44706,68.42514,64.4748
11.40175,10.0,10.63015,10.0,9.89949,9.89949,9.21954,9.21954,9.89949,9.21954,9.21954,9.21954,8.60233,8.60233,8.60233,9.21954,8.60233,8.60233,8.06226,8.06226,8.06226,8.06226,9.43398,8.94427,8.94427,8.06226,8.94427,8.94427,8.94427,9.43398,8.06226,8.06226,8.60233,8.60233,7.81025,7.81025,7.81025,7.81025,7.81025,7.07107,7.07107,6.40312,6.40312,6.40312,5.83095,5.0,5.83095,4.47214,4.47214,4.47214,4.47214,3.16228,62.42596,61.05735,66.85058,61.03278,58.24946,58.5235,54.40588,57.00877,50.21952,52.63079,52.49762,54.56189,48.79549,52.34501,49.0408,48.79549,48.79549,45.27693,50.32892,46.2277,51.85557,46.8615,52.43091,48.02083,47.43416,48.25971,46.40043,46.87217,46.64762,45.48626,46.04346,48.01042,48.25971,47.88528,49.09175,48.82622,47.50789,50.47772,46.87217,45.25483,43.27817,42.63801,41.03657,40.36087,38.8973,38.60052,35.60899,34.4093,33.01515,29.15476,29.68164,29.96665,27.29469,26.92582,25.0,23.76973,20.09975,8.544,12.80625,14.86607,17.20465,15.65248,19.69772,20.88061,24.35159,25.63201,26.40076,31.30495,32.57299,35.34119,41.04875,42.19005,46.40043,48.8774,50.21952,55.60576,56.40035,56.72742,55.9017,59.46427,62.62587,63.24555,67.00746,64.14047,64.3506,65.73431,69.64194,63.63175,69.83552,68.60029,66.37017,69.35416,68.0,63.06346,63.97656,67.97794,66.48308,63.63175,64.40497,67.97794,64.84597,65.36819,66.7308,68.96376,64.07027,69.11584,61.29437,67.1193,76.55064,69.64194,69.31811,66.7308,68.09552,69.64194
10.04988,10.04988,10.04988,9.05539,9.05539,9.05539,9.05539,9.0,9.0,9.0,9.0,9.0,9.05539,8.06226,8.06226,8.06226,8.06226,9.21954,8.24621,8.06226,8.24621,8.24621,8.24621,8.24621,8.24621,8.24621,8.24621,8.24621,8.24621,8.24621,7.28011,8.24621,8.06226,7.28011,7.07107,8.06226,8.06226,7.07107,6.0,6.0,6.0,6.0,6.0,5.09902,5.0,5.09902,4.12311,4.12311,4.12311,4.12311,3.16228,3.16228,59.23681,64.62198,59.23681,61.35145,62.36185,57.56735,57.87055,58.5235,53.85165,55.36244,53.15073,52.7731,57.70615,51.35173,52.00961,55.08176,53.15073,51.47815,54.03702,51.0392,53.00943,50.03998,48.01042,46.0,48.01042,49.0408,49.49747,45.27693,49.36598,47.26521,50.35871,52.08647,46.38965,47.26521,51.0098,46.17359,46.0,44.10215,46.01087,49.09175,46.09772,43.28972,43.56604,42.10701,43.41659,39.56008,40.26164,36.68787,32.28002,32.28002,32.69557,30.08322,28.23119,25.05993,25.4951,23.25941,21.40093,13.0,13.0384,12.04159,14.56022,17.02939,20.09975,26.4764,22.2036,25.31798,29.61419,32.14032,32.01562,39.11521,39.62323,43.01163,46.17359,47.04253,51.35173,50.35871,54.34151,57.27128,59.48109,61.35145,62.36185,65.0,67.06713,68.54196,67.54258,65.30697,66.64833,67.60178,65.36819,67.41662,69.63476,65.73431,68.00735,69.64194,68.0,67.08204,67.1193,63.63175,67.1193,67.97794,68.44706,65.74192,62.16912,62.16912,68.8767,67.97794,68.54196,62.03225,69.64194,69.07966,68.54196,71.69379,68.8767,68.94926
10.44031,10.44031,10.44031,10.44031,9.48683,9.48683,10.44031,10.44031,10.44031,9.21954,10.19804,10.04988,10.19804,9.05539,9.21954,10.04988,9.05539,10.04988,8.06226,9.21954,9.05539,9.21954,9.05539,9.0,8.0,9.0,9.05539,9.05539,8.06226,9.05539,8.06226,8.06226,8.24621,8.24621,8.544,8.24621,7.28011,7.28011,6.32456,6.32456,6.7082,5.38516,5.83095,5.0,5.83095,5.0,5.0,4.24264,4.24264,4.24264,3.60555,3.60555,63.28507,61.91123,69.35416,65.0,65.0,64.00781,57.70615,58.66856,53.23533,56.79789,55.4617,58.18075,56.79789,51.62364,54.78138,51.26402,53.14132,51.26402,54.70832,50.32892,54.81788,49.0306,51.92302,51.41984,48.38388,48.76474,47.53946,50.48762,47.07441,46.69047,45.12206,54.58938,44.14748,50.69517,48.50773,47.80167,44.94441,49.72927,46.23851,48.33218,42.72002,44.59821,40.24922,42.15448,40.24922,35.8469,41.34005,35.60899,38.01316,31.62278,28.3196,29.73214,27.65863,25.80698,26.87006,23.34524,23.02173,9.05539,12.0,8.60233,12.64911,15.52417,16.49242,20.39608,21.18962,29.61419,28.44293,32.06244,32.01562,32.14032,40.04997,45.39824,44.40721,48.05206,50.44799,50.96077,55.97321,54.78138,61.7171,58.60034,59.03389,57.98276,66.37017,64.63745,66.57327,60.30755,68.8186,60.60528,66.52819,65.79514,64.38167,64.44377,64.53681,61.6198,65.94695,60.1415,66.52819,65.29931,60.20797,69.42622,62.482,62.80127,64.40497,64.81512,64.40497,65.19202,60.74537,67.41662,66.37017,71.84706,62.43397,64.66065,69.64194,59.68249
11.04536,10.19804,11.04536,10.04988,10.04988,10.04988,10.04988,9.05539,10.04988,9.05539,9.0,10.0,9.0,9.0,9.0,9.05539,9.05539,9.05539,8.06226,9.0,8.0,8.06226,9.05539,8.06226,8.06226,9.05539,8.06226,8.06226,8.06226,9.05539,8.0,8.0,8.0,8.0,8.0,8.0,7.07107,7.07107,7.0,6.08276,6.08276,6.08276,5.09902,5.09902,5.09902,4.47214,4.47214,4.47214,4.47214,4.47214,3.60555,3.60555,66.75328,65.11528,60.67125,64.13267,63.78871,58.69412,58.42089,58.69412,56.22277,59.03389,55.44367,60.07495,62.07254,55.0,52.03845,54.00926,54.08327,57.14018,51.0392,55.14526,53.23533,55.22681,48.25971,49.09175,48.16638,49.16299,51.08816,48.50773,45.39824,53.60037,50.63596,49.81967,47.29693,47.07441,57.07013,49.25444,44.18144,50.03998,46.09772,51.0,44.10215,43.04649,41.19466,43.10452,40.11234,37.21559,36.34556,36.22154,33.83785,33.24154,29.83287,27.51363,25.96151,29.06888,24.18677,26.40076,18.78829,7.2111,8.544,12.52996,14.86607,15.65248,18.86796,20.12461,24.69818,24.59675,27.45906,31.95309,36.40055,38.07887,39.84972,40.5216,45.54119,45.54119,48.25971,51.62364,55.03635,59.03389,61.20457,61.29437,60.29925,63.34824,63.95311,66.4906,67.72001,65.80274,67.44627,68.35203,64.2573,66.40783,65.19202,62.39391,64.2573,62.96825,66.48308,63.32456,64.51356,62.03225,66.7308,64.51356,64.19502,62.29767,57.56735,61.98387,68.68042,66.21933,65.25335,61.61169,67.18631,70.61161,63.34824,70.21396,67.46851,67.68309
11.6619,11.18034,10.81665,10.81665,10.81665,10.81665,10.63015,10.0,10.81665,10.0,10.63015,10.63015,9.89949,9.89949,9.89949,10.63015,9.89949,10.63015,9.21954,9.21954,9.21954,9.21954,9.21954,8.60233,9.21954,10.0,9.43398,9.43398,8.60233,9.21954,8.60233,9.21954,9.21954,9.21954,8.48528,8.48528,8.48528,7.07107,7.07107,7.07107,7.07107,6.40312,7.2111,6.40312,5.83095,5.83095,4.47214,4.47214,4.47214,3.60555,4.47214,3.16228,64.13267,60.63827,63.78871,57.97413,64.03124,60.72891,57.00877,57.28001,55.15433,58.18935,56.0803,57.77543,55.03635,52.39275,53.31041,55.9017,53.33854,53.66563,52.83938,53.0,51.86521,49.24429,48.41487,50.21952,49.57822,49.20366,50.47772,48.60041,47.20169,50.47772,51.73973,52.80152,46.75468,47.80167,50.80354,48.41487,48.27007,48.10405,48.16638,43.909,44.40721,44.29447,42.48529,42.15448,38.91015,38.8973,34.53983,35.73514,36.40055,32.01562,31.95309,30.26549,27.89265,25.17936,26.1725,23.19483,19.10497,6.7082,6.32456,10.29563,11.31371,14.76482,16.97056,20.51828,20.24846,23.43075,27.58623,29.83287,34.66987,35.4683,41.88078,44.10215,39.0,50.08992,51.07837,51.0,52.92447,56.30275,57.72348,62.36986,56.56854,61.29437,64.19502,62.20129,63.03174,65.03076,66.06815,65.00769,63.0,63.0,69.0,66.06815,63.03174,66.0303,63.07139,60.07495,62.0,64.07027,60.13319,59.03389,62.514,58.42089,63.28507,59.84146,60.67125,64.13267,62.16912,62.80127,70.03571,67.26812,65.76473,66.09841,64.53681,61.39218
10.19804,10.19804,10.19804,10.19804,10.19804,10.19804,10.04988,10.04988,10.04988,9.05539,10.04988,10.0,10.0,9.05539,10.0,9.0,10.0,9.05539,9.0,9.0,9.0,9.05539,9.05539,9.05539,8.06226,9.05539,9.05539,9.05539,9.05539,9.05539,8.06226,8.0,8.0,8.0,8.0,8.0,7.07107,7.07107,7.07107,7.07107,7.28011,6.08276,6.08276,6.08276,5.09902,4.47214,4.47214,4.47214,4.47214,3.60555,3.60555,2.82843,62.24147,55.9464,69.77822,62.03225,56.0803,58.30952,58.30952,54.78138,53.60037,62.96825,58.94065,54.57105,57.72348,50.44799,54.81788,51.78803,50.63596,50.69517,48.05206,49.16299,58.0517,49.0306,52.46904,52.46904,47.16991,44.28318,48.16638,52.15362,51.24451,52.00961,47.01064,53.15073,45.01111,50.03998,45.70558,46.38965,46.69047,43.93177,45.54119,49.64877,45.12206,42.37924,38.60052,41.10961,37.94733,36.87818,38.07887,33.54102,35.77709,33.12099,28.01785,26.92582,24.08319,23.32381,21.93171,23.34524,18.43909,4.12311,11.18034,7.28011,12.80625,13.92839,21.84033,20.61553,23.76973,24.73863,24.73863,29.27456,34.0147,37.12142,39.01282,43.04649,43.41659,50.48762,48.25971,54.12947,57.97413,58.94065,57.58472,58.30952,66.18912,61.58734,68.09552,65.0,68.50547,64.14047,66.85058,60.80296,68.8186,63.24555,65.73431,63.89053,62.00806,63.60031,65.43699,60.60528,60.60528,63.82006,60.53924,67.95587,61.61169,61.91123,58.18075,59.64059,62.43397,64.66065,63.28507,64.14047,66.70832,70.21396,63.07139,66.30988,72.91776,65.76473
11.40175,10.44031,10.44031,9.48683,10.44031,9.48683,9.84886,9.84886,9.84886,9.84886,9.84886,9.84886,9.84886,8.94427,8.94427,9.84886,9.43398,8.94427,8.94427,8.94427,8.06226,8.94427,9.43398,8.60233,8.94427,9.43398,8.94427,9.43398,8.06226,9.43398,8.06226,8.06226,7.61577,7.61577,8.544,7.61577,7.28011,7.28011,6.32456,6.32456,6.08276,6.08276,6.08276,5.09902,5.09902,5.0,4.0,4.0,4.0,4.0,3.16228,3.16228,62.96825,61.13101,61.13101,58.94065,60.16644,62.64184,60.08328,55.36244,54.12024,55.97321,59.46427,60.40695,62.03225,55.00909,54.23099,54.20332,55.00909,57.70615,54.20332,50.15974,55.47071,53.7122,52.43091,50.77401,51.0,50.77401,51.62364,51.31277,49.09175,54.91812,50.77401,50.24938,46.32494,49.73932,46.51881,51.10773,48.76474,48.37355,44.77723,45.69464,46.09772,46.17359,41.78516,42.37924,38.60052,39.56008,38.32754,34.20526,31.14482,31.14482,26.1725,30.26549,28.01785,27.01851,24.02082,24.33105,19.10497,8.06226,11.18034,14.56022,14.86607,16.49242,18.86796,21.0238,23.32381,33.42155,31.62278,33.42155,37.48333,40.45986,43.84062,51.66237,48.01042,51.86521,51.62364,58.5235,60.53924,57.00877,65.19202,65.14599,65.14599,67.18631,68.65858,70.03571,69.46222,65.37584,74.54529,67.06713,67.26812,69.0,63.00794,68.06614,67.06713,68.26419,68.18358,63.00794,63.28507,62.1289,66.27217,64.00781,62.1289,59.3043,65.49046,62.80127,61.18823,61.40033,63.15061,63.95311,64.53681,65.51336,63.15061,67.91171,68.88396,65.0
8.94427,9.84886,8.94427,9.84886,8.544,9.84886,8.544,8.544,8.544,8.544,8.24621,8.24621,8.24621,8.24621,8.24621,8.24621,8.06226,8.06226,8.06226,8.06226,8.06226,8.06226,8.06226,8.06226,8.06226,8.06226,8.0,7.07107,8.06226,8.06226,7.07107,7.07107,7.28011,7.28011,7.28011,7.28011,6.32456,6.32456,6.32456,6.32456,5.38516,5.83095,5.38516,4.47214,4.47214,4.47214,3.60555,3.60555,3.60555,2.82843,3.60555,2.82843,59.05929,60.03332,58.18075,54.626,55.4617,55.71355,57.69749,53.31041,52.0,49.76947,53.85165,54.12024,52.88667,51.62364,50.59644,50.96077,53.16014,49.72927,49.47727,50.48762,49.49747,47.85394,49.0306,46.87217,48.37355,47.38143,51.47815,46.87217,47.07441,46.69047,50.35871,47.51842,46.38965,41.10961,47.16991,42.57934,43.73786,43.41659,41.4367,46.48656,40.8534,44.59821,36.76955,39.81206,35.8469,38.07887,35.8469,30.88689,31.76476,31.90611,29.68164,30.23243,27.58623,24.41311,22.67157,21.40093,22.67157,10.44031,11.18034,13.92839,19.72308,15.81139,15.23155,25.07987,26.92582,29.41088,34.52535,32.75668,37.12142,40.0,43.10452,46.01087,48.37355,50.80354,51.62364,53.60037,59.90826,59.48109,62.96825,63.32456,64.4748,63.06346,64.66065,69.97142,64.14047,66.85058,64.89992,69.33974,67.00746,67.80118,65.43699,66.8431,65.43699,63.41136,64.81512,61.84658,61.7171,62.62587,62.1289,62.68174,60.21628,59.64059,58.24946,60.74537,61.85467,60.20797,65.45991,60.90156,57.69749,63.06346,61.77378,64.66065,65.73431,63.63175
11.18034,11.04536,10.04988,10.19804,10.04988,10.04988,10.04988,10.0,10.04988,9.0,10.0,9.0,9.0,9.0,9.0,9.05539,9.05539,9.05539,9.05539,9.05539,9.05539,8.06226,8.06226,8.06226,8.06226,9.05539,9.21954,8.06226,8.06226,9.05539,8.06226,8.06226,8.06226,8.0,8.06226,8.0,8.0,7.0,7.07107,7.07107,7.07107,7.07107,7.07107,6.32456,6.32456,6.32456,5.38516,5.38516,5.38516,4.47214,4.47214,4.47214,63.34824,58.46366,59.84146,58.24088,60.82763,58.69412,53.93515,52.95281,54.45181,55.44367,53.46027,50.15974,50.15974,48.0,51.0392,50.03998,49.16299,50.15974,50.01,48.09366,54.33231,50.01,48.6621,45.04442,46.09772,49.25444,45.39824,45.89118,42.57934,47.67599,47.29693,48.6621,45.35416,45.89118,48.6621,46.04346,44.55334,44.40721,44.04543,43.0,43.04649,44.04543,38.11824,41.01219,36.67424,40.4475,35.69314,35.69314,35.17101,30.67572,29.73214,31.30495,26.57066,24.59675,25.07987,24.69818,22.82542,10.0,13.45362,14.21267,17.02939,19.79899,20.51828,23.34524,27.20294,29.68164,29.15476,38.58756,39.82462,40.70626,44.72136,49.76947,50.28916,53.60037,54.34151,57.27128,59.4138,60.20797,65.0,66.00758,65.06919,64.19502,72.11103,69.72087,68.44706,63.78871,69.37579,65.73431,68.62215,68.00735,69.26038,68.94926,68.00735,64.84597,67.05222,65.80274,65.14599,66.12866,65.52099,64.03124,67.18631,63.78871,61.03278,63.32456,65.0,65.51336,65.96969,63.95311,69.63476,66.4906,67.46851,65.11528,65.73431,66.4906
10.77033,10.77033,9.84886,9.84886,8.544,9.48683,9.48683,9.21954,8.24621,8.24621,9.21954,9.05539,8.06226,8.24621,8.06226,8.06226,8.06226,8.0,8.06226,8.06226,8.06226,8.06226,8.0,8.0,8.0,8.0,8.0,8.0,8.0,8.06226,8.06226,8.0,8.06226,7.07107,8.24621,7.28011,7.28011,7.28011,6.32456,6.32456,6.32456,6.7082,5.83095,5.38516,5.83095,5.0,5.0,3.60555,4.24264,4.24264,3.60555,3.60555,64.63745,61.85467,62.43397,59.68249,63.82006,55.56978,54.70832,54.20332,55.22681,50.60632,51.88449,48.46648,47.53946,46.09772,54.42426,51.89412,49.39636,48.46648,49.0408,54.42426,47.12749,48.70318,43.68066,45.54119,45.35416,47.12749,48.50773,42.95346,42.95346,46.32494,46.84015,49.33559,44.64303,43.01163,46.48656,43.46263,45.88028,45.22168,46.8188,41.78516,44.77723,40.24922,38.91015,41.34005,39.35734,42.19005,37.01351,35.4683,34.71311,32.80244,30.61046,26.90725,28.42534,24.83948,29.73214,26.83282,21.9545,8.94427,11.6619,11.7047,15.23155,14.76482,17.08801,21.93171,25.07987,26.83282,26.0,34.9285,34.53983,38.32754,42.05948,45.12206,51.15662,56.0357,54.03702,54.03702,56.14268,61.29437,63.15061,68.88396,68.15424,71.51224,71.86793,72.23573,73.3553,72.47068,73.43024,74.30343,71.69379,71.61006,70.72482,73.4983,71.61006,68.50547,69.89278,68.50547,70.45566,68.24222,66.28725,68.41053,70.0,65.21503,65.8635,67.41662,69.06519,65.73431,66.37017,61.58734,71.69379,69.33974,67.41662,69.33974,64.07027,68.8186
10.0,9.43398,9.43398,8.60233,9.43398,8.06226,8.94427,8.06226,8.06226,8.06226,7.61577,8.544,7.61577,7.61577,8.544,7.61577,7.61577,7.61577,8.544,7.28011,7.28011,8.24621,7.28011,7.07107,7.07107,7.28011,7.28011,8.24621,7.28011,7.28011,7.28011,7.61577,8.544,7.61577,7.61577,6.7082,7.2111,7.2111,7.2111,7.2111,6.40312,6.40312,6.40312,5.65685,5.65685,5.0,5.0,5.0,5.0,4.47214,4.47214,4.47214,58.79626,59.81639,57.62812,55.44367,57.42822,53.41348,54.91812,50.21952,52.35456,50.11986,50.24938,46.04346,48.37355,42.48529,46.06517,45.18849,46.23851,45.88028,45.54119,42.04759,48.38388,44.38468,49.0408,47.43416,44.27189,48.08326,45.88028,45.60702,42.75512,44.91102,43.08132,43.68066,43.17407,46.32494,45.12206,44.14748,44.14748,45.88028,49.33559,41.10961,39.92493,44.29447,40.71855,44.10215,39.66106,34.66987,32.80244,34.82815,29.73214,32.80244,31.89044,28.3196,26.90725,28.3196,28.28427,24.41311,26.07681,7.28011,9.48683,10.29563,14.14214,14.14214,17.80449,21.93171,23.43075,27.45906,30.01666,34.53983,36.76955,37.94733,44.38468,46.87217,47.26521,53.03772,54.03702,57.03508,62.28965,65.49046,63.50591,65.25335,68.62215,69.07966,68.54196,70.66116,72.47068,72.56032,80.5295,64.89992,73.24616,73.00685,72.94518,72.11103,69.40461,66.8431,71.50524,67.62396,70.0,70.17834,68.76772,70.0,66.21933,65.19202,67.26812,62.36986,65.0,70.43437,68.8186,64.44377,66.61081,69.6563,63.24555,69.81404,73.23933,61.40033
10.04988,9.0,9.0,9.0,9.0,9.0,9.0,9.05539,9.05539,8.06226,8.06226,8.06226,8.06226,8.24621,7.28011,9.21954,8.24621,8.24621,7.28011,7.28011,8.24621,7.61577,8.24621,8.544,7.28011,8.544,7.61577,7.28011,7.61577,8.24621,7.28011,8.24621,8.24621,7.28011,7.07107,8.06226,7.07107,7.0,6.0,6.08276,6.0,6.0,6.0,5.0,5.09902,5.09902,5.09902,4.12311,4.12311,4.12311,4.12311,3.16228,57.28001,55.36244,59.22837,58.54912,53.15073,57.70615,49.36598,53.75872,48.50773,55.57877,50.03998,48.0,49.25444,45.0,49.0408,50.01,48.0,47.09565,48.04165,47.09565,48.37355,45.04442,45.39824,41.97618,42.19005,42.75512,45.89118,47.16991,42.42641,45.70558,42.57934,48.6621,43.73786,41.97618,44.40721,43.18565,42.10701,46.38965,42.42641,44.18144,42.04759,43.04649,40.1995,39.31921,38.0526,37.85499,37.85499,33.54102,31.95309,30.36445,31.04835,30.08322,28.23119,23.76973,24.69818,23.70654,23.32381,10.44031,11.40175,16.12452,15.52417,19.41649,21.47091,23.85372,25.23886,28.42534,34.4093,36.79674,38.20995,41.10961,44.10215,49.20366,49.1935,57.38467,54.42426,60.40695,60.63827,58.69412,64.49806,66.18912,67.02984,67.18631,68.46897,68.73136,73.68175,68.44706,69.63476,69.42622,70.34202,68.88396,65.51336,67.6757,70.21396,65.14599,63.90618,63.69458,64.2573,63.90618,61.03278,67.35726,62.62587,59.48109,60.16644,58.82176,65.0,62.58594,57.56735,60.72891,63.34824,69.37579,60.20797,62.8172,68.24954,61.61169
10.77033,9.84886,9.84886,9.48683,8.94427,8.94427,9.84886,8.94427,8.94427,8.94427,8.94427,9.43398,9.43398,9.43398,8.06226,9.43398,9.43398,8.60233,8.60233,8.60233,8.06226,8.60233,8.60233,7.81025,7.81025,8.60233,8.60233,8.60233,7.2111,8.60233,7.2111,8.06226,7.2111,7.2111,7.61577,7.61577,7.61577,6.32456,6.32456,6.32456,6.08276,5.38516,5.38516,5.09902,5.09902,4.12311,4.0,4.0,4.0,4.0,3.0,3.0,59.84146,58.30952,60.63827,57.87055,57.87055,56.7186,52.63079,52.95281,55.54278,52.88667,51.92302,51.24451,50.69517,51.24451,51.66237,51.5461,48.70318,47.53946,43.46263,49.76947,50.69517,48.46648,44.28318,46.51881,45.61798,46.09772,48.8467,46.51881,44.72136,44.77723,47.53946,46.51881,44.28318,45.18849,47.41308,44.77723,46.14109,43.38202,44.01136,43.08132,37.94733,46.09772,39.29377,38.07887,33.95585,34.71311,34.23449,34.05877,29.0,30.0,27.01851,29.06888,27.01851,27.01851,25.4951,24.08319,18.38478,12.36932,12.36932,17.02939,19.41649,21.58703,23.76973,26.40076,26.83282,31.90611,33.54102,35.60899,42.2019,42.2019,44.59821,46.66905,48.79549,56.22277,53.60037,56.0803,61.40033,60.83584,64.2573,68.35203,67.72001,65.0,67.68309,68.06614,68.46897,65.49046,68.593,66.27217,65.12296,69.02898,64.03124,67.0,67.00746,67.0,63.00794,62.07254,60.07495,60.00833,62.20129,61.0,64.12488,59.4138,61.0,61.13101,63.3877,61.40033,61.29437,62.39391,62.39391,62.514,61.52235,63.50591,64.62971,59.03389
10.19804,10.04988,10.04988,10.04988,10.04988,9.05539,10.04988,9.05539,9.05539,10.04988,9.0,9.0,9.0,9.0,9.0,9.0,8.0,9.0,8.0,9.05539,8.0,8.0,8.06226,8.06226,8.06226,8.06226,8.06226,8.06226,8.06226,8.0,8.0,8.0,8.0,8.0,7.07107,8.06226,7.07107,7.07107,7.07107,6.32456,6.32456,5.38516,6.32456,5.38516,5.38516,5.38516,4.47214,4.47214,4.47214,3.60555,4.24264,4.24264,61.39218,55.10898,66.75328,61.0,60.01666,60.20797,58.69412,55.31727,55.31727,55.3263,53.33854,53.23533,49.0408,49.09175,51.08816,51.08816,55.14526,52.15362,49.09175,46.01087,50.03998,45.01111,49.16299,45.39824,50.03998,49.36598,45.04442,48.04165,48.16638,45.27693,47.09565,48.25971,46.09772,48.16638,43.18565,47.0,46.01087,45.04442,43.01163,46.01087,41.01219,43.56604,39.62323,40.79216,37.85499,38.07887,37.64306,33.24154,32.57299,28.86174,30.80584,27.78489,28.79236,24.69818,24.18677,21.63331,23.02173,12.80625,15.55635,17.02939,20.61553,20.61553,22.80351,26.40076,28.3196,33.83785,34.0,39.82462,40.31129,45.61798,46.23851,51.86521,50.92151,54.34151,53.93515,60.20797,62.64982,63.07139,67.06713,66.1211,71.17584,70.85901,69.46222,68.65858,72.36712,71.06335,73.00685,69.37579,68.00735,72.12489,69.92138,71.7844,66.7308,68.62215,67.62396,66.12866,66.09841,68.35203,62.29767,67.6757,67.05222,66.7308,61.68468,61.40033,65.73431,67.91171,64.28841,68.41053,63.56099,66.70832,62.58594,65.14599,71.84706,67.46851
11.18034,11.18034,11.18034,11.18034,10.19804,10.19804,10.19804,10.19804,10.19804,10.19804,10.19804,9.48683,10.44031,9.48683,9.48683,9.48683,9.48683,9.48683,9.48683,9.48683,9.48683,9.84886,8.544,8.94427,8.94427,8.94427,8.94427,8.94427,9.84886,8.544,9.48683,9.48683,8.24621,8.544,8.24621,8.24621,8.06226,8.06226,8.06226,7.07107,7.0,7.0,7.0,6.0,6.0,5.09902,5.09902,5.09902,4.12311,4.12311,4.47214,4.47214,61.0,65.06919,66.27217,66.18912,63.3877,65.19202,64.49806,59.4138,63.3877,60.29925,61.98387,57.07013,57.48913,59.03389,55.9017,58.69412,58.46366,58.0517,57.48913,55.7853,57.24509,55.08176,56.32051,54.40588,56.04463,56.921,52.55473,53.48832,49.64877,57.00877,54.23099,53.14132,51.24451,57.38467,52.92447,51.92302,53.45091,49.0408,53.36666,47.80167,50.44799,47.51842,43.18565,41.30375,43.01163,44.0,40.04997,41.01219,35.0571,33.24154,34.05877,32.75668,29.83287,26.92582,25.07987,26.24881,23.08679,5.83095,9.84886,9.89949,17.0,17.02939,19.10497,22.02272,23.43075,28.01785,30.0,32.24903,36.23534,38.48376,36.68787,44.27189,48.76474,49.64877,49.49747,53.23533,51.0392,57.03508,56.0803,58.00862,62.20129,62.80127,59.68249,60.41523,59.66574,62.58594,60.72891,58.94065,58.46366,61.40033,58.69412,60.16644,59.77458,57.97413,59.20304,54.34151,60.87693,56.29387,54.91812,57.07013,57.87055,52.23983,58.13777,58.03447,57.07889,65.03076,61.0,59.03389,60.03332,61.07373,61.13101,62.00806,69.18092,66.1211
11.40175,11.40175,11.40175,10.0,10.81665,10.63015,10.81665,10.81665,10.81665,10.81665,10.81665,10.81665,10.29563,10.29563,10.29563,10.81665,10.29563,10.29563,9.84886,9.84886,9.84886,9.84886,10.29563,9.84886,9.84886,9.84886,9.84886,9.84886,8.94427,10.29563,8.94427,8.94427,9.43398,9.43398,8.60233,9.21954,9.21954,7.81025,7.81025,7.81025,7.81025,6.40312,7.07107,6.40312,6.40312,5.83095,5.83095,5.83095,5.83095,4.47214,4.47214,4.12311,63.25346,61.22091,67.00746,62.20129,65.80274,61.07373,57.68882,63.82006,60.46487,59.64059,60.20797,61.03278,56.61272,57.14018,57.14018,60.41523,58.18075,57.69749,55.9464,57.27128,58.13777,53.31041,58.5235,53.85165,55.54278,54.78138,50.15974,53.75872,53.7122,55.36244,56.04463,56.921,55.08176,56.32051,53.85165,57.93962,52.92447,53.31041,55.15433,47.88528,46.52956,47.16991,47.20169,45.79301,45.65085,41.40048,38.60052,41.04875,36.12478,35.35534,36.06938,34.20526,31.82766,26.90725,25.6125,28.42534,24.69818,11.0,17.11724,15.29706,17.46425,22.80351,23.76973,24.69818,28.23119,29.06888,31.38471,38.60052,39.11521,40.80441,42.63801,46.75468,47.50789,52.40229,53.8145,54.67175,56.61272,55.22681,60.46487,59.05929,61.7171,63.15853,62.76942,61.98387,60.16644,60.74537,62.03225,58.24088,60.40695,59.09315,57.87055,57.77543,60.40695,55.97321,54.78138,55.02727,53.23533,56.36488,51.97115,53.7122,55.75841,58.24946,54.3783,55.47071,54.81788,60.20797,56.58622,54.45181,58.25805,58.0,57.31492,61.55485,64.38167,62.482
12.0,12.0,12.0,12.0,12.04159,12.04159,12.04159,12.04159,12.04159,12.04159,12.04159,11.18034,11.18034,12.16553,11.18034,11.18034,11.18034,11.18034,11.40175,11.40175,11.40175,11.40175,11.40175,11.40175,11.40175,11.40175,11.40175,11.40175,11.40175,11.18034,11.18034,11.40175,11.18034,10.19804,10.04988,10.04988,10.04988,9.0,9.0,9.0,8.0,8.0,8.0,7.0,7.07107,7.07107,6.08276,6.08276,6.08276,6.08276,5.09902,5.09902,63.34824,68.06614,62.96825,66.28725,66.09841,65.76473,61.66036,64.93843,67.26812,60.29925,59.68249,60.40695,64.62971,60.13319,57.07889,62.00806,62.00806,63.03174,60.00833,55.0,56.00893,61.03278,58.13777,56.0,59.00847,60.03332,57.21888,59.22837,58.69412,60.53098,57.70615,64.49806,59.4138,60.53098,57.14018,59.3043,57.0,54.08327,56.00893,59.13544,52.00961,51.24451,51.15662,52.15362,50.63596,44.38468,44.55334,42.44997,39.29377,39.21734,35.34119,35.34119,36.76955,29.41088,32.31099,26.83282,25.4951,13.0,16.76305,16.27882,19.23538,25.17936,23.08679,24.02082,28.44293,33.06055,31.57531,38.11824,39.20459,43.17407,43.68066,48.76474,44.94441,51.88449,52.7731,51.88449,56.61272,56.61272,57.42822,56.22277,59.64059,60.30755,60.44005,61.55485,58.69412,60.10824,59.4138,53.75872,59.5483,55.44367,52.40229,55.22681,58.25805,50.24938,55.60576,53.07542,54.56189,51.0392,50.21952,47.50789,52.47857,49.39636,55.00909,51.88449,51.47815,52.3259,56.46238,51.86521,55.7853,56.61272,56.64804,60.41523,61.39218,61.03278
12.36932,12.36932,12.36932,12.36932,12.36932,12.36932,12.36932,12.16553,12.16553,12.16553,12.04159,12.16553,12.04159,12.04159,11.04536,12.04159,11.04536,11.04536,11.0,11.0,11.04536,11.0,11.0,11.0,11.0,11.04536,12.04159,12.0,11.0,12.0,11.04536,11.04536,11.04536,10.04988,11.04536,11.18034,10.04988,10.19804,9.21954,9.21954,9.21954,8.24621,8.544,7.61577,7.61577,7.61577,6.7082,6.7082,6.7082,5.83095,5.83095,5.83095,68.00735,65.52099,71.8401,71.30919,65.0,68.15424,61.13101,64.28841,61.84658,65.0,64.32729,61.98387,67.08204,60.67125,64.93843,65.62012,61.29437,60.67125,62.28965,58.13777,65.03076,63.12686,58.03447,63.0,57.0,57.0,56.0357,58.13777,60.13319,63.03174,61.20457,66.1211,57.21888,60.20797,59.07622,60.20797,55.03635,59.07622,57.21888,56.00893,58.07753,52.61179,54.74486,52.46904,48.05206,48.50773,48.50773,43.41659,44.38468,39.0,38.32754,39.39543,35.44009,33.12099,32.64966,29.68164,27.73085,15.13275,17.72005,16.76305,22.13594,21.58703,22.84732,25.94224,28.4605,30.41381,30.41381,33.12099,38.58756,39.96248,39.40812,44.65423,47.80167,47.50789,48.9183,50.24938,51.66237,53.03772,57.38467,54.67175,55.97321,55.0,56.30275,55.44367,59.64059,54.6443,58.66856,54.20332,56.61272,53.25411,56.22277,59.81639,53.2635,52.40229,52.49762,50.32892,48.16638,50.20956,50.32892,52.34501,51.08816,55.80323,51.0392,49.40648,54.08327,54.20332,52.39275,54.58938,57.77543,61.46544,57.24509,63.56886,64.2573,64.07808
12.36932,12.36932,12.64911,12.36932,11.7047,12.64911,12.64911,11.7047,11.7047,11.7047,12.08305,12.08305,11.18034,11.18034,11.18034,12.08305,11.18034,11.18034,10.29563,11.18034,10.29563,10.29563,11.18034,10.81665,10.81665,10.81665,10.81665,10.81665,10.81665,11.6619,10.29563,10.29563,10.29563,10.29563,10.77033,10.77033,9.84886,9.48683,8.544,8.544,8.24621,8.24621,8.24621,7.07107,7.07107,7.07107,7.0,6.0,6.0,6.0,6.0,5.0,57.69749,67.62396,64.84597,62.24147,66.12866,61.09828,65.14599,62.76942,67.44627,60.40695,64.03124,64.7611,61.39218,64.28841,54.70832,63.28507,61.0,55.9017,53.93515,57.21888,58.0517,61.18823,60.20797,57.21888,55.9017,58.0517,55.57877,60.07495,59.3043,63.00794,56.0357,59.13544,57.07889,54.45181,54.0,56.00893,53.46027,50.21952,56.0803,49.25444,49.09175,47.85394,45.60702,45.22168,48.76474,43.32436,34.9285,37.65634,35.8469,34.88553,35.35534,31.95309,31.90611,34.9285,27.29469,29.96665,23.85372,12.64911,18.68154,16.76305,17.08801,18.38478,24.04163,18.78829,25.94224,29.52965,27.58623,32.20248,38.47077,36.76955,44.04543,42.44997,43.13931,50.9902,48.27007,51.66237,56.0357,50.0,50.21952,59.20304,55.80323,56.22277,54.40588,54.91812,56.61272,55.22681,57.38467,60.74537,55.75841,55.47071,55.56978,53.00943,57.98276,54.67175,56.0803,53.60037,55.15433,50.9902,57.38467,52.40229,53.07542,47.20169,55.60576,48.83646,49.20366,56.0803,55.56978,58.66856,57.14018,61.77378,63.24555,60.41523,62.26556,56.0803
13.0384,12.52996,13.0384,13.0384,12.52996,12.52996,12.52996,12.52996,12.52996,12.52996,12.08305,12.08305,12.08305,12.08305,12.08305,12.08305,11.7047,11.7047,11.40175,11.7047,11.7047,11.7047,11.7047,11.40175,11.7047,11.40175,11.40175,11.7047,11.7047,11.40175,11.7047,11.7047,10.77033,10.77033,10.77033,11.18034,10.29563,10.29563,9.43398,9.43398,9.43398,8.60233,8.60233,7.2111,7.81025,6.40312,6.40312,6.40312,7.07107,6.40312,5.65685,5.65685,68.88396,67.02984,70.40597,61.81424,73.43705,69.05071,72.83543,66.09841,60.63827,64.77654,61.40033,62.58594,64.93843,62.93648,54.70832,65.14599,66.48308,62.39391,63.32456,61.46544,57.00877,58.5235,64.40497,66.48308,62.96825,57.38467,58.5235,59.03389,63.69458,55.9464,54.78138,56.35601,62.29767,56.46238,58.60034,56.85948,56.46238,56.35601,55.65968,49.98,49.39636,54.12947,47.38143,45.54119,42.75512,39.62323,44.40721,40.1995,33.54102,30.01666,32.24903,31.06445,31.06445,27.01851,31.06445,29.15476,24.33105,19.10497,16.27882,19.23538,22.82542,24.73863,22.02272,26.01922,25.17936,32.01562,32.89377,36.01389,34.0147,37.33631,48.37355,46.0,50.35871,55.7315,53.36666,47.07441,53.60037,54.58938,58.24088,61.40033,59.46427,61.46544,60.40695,58.69412,51.07837,59.23681,59.48109,53.23533,64.40497,59.46427,55.02727,60.00833,51.26402,52.20153,55.02727,52.20153,57.00877,55.31727,54.12024,49.36598,57.70615,54.45181,68.06614,57.21888,51.0392,59.0,64.07027,61.29437,64.12488,64.12488,67.18631,68.593,68.18358,67.00746
13.41641,13.41641,12.08305,13.41641,12.52996,12.08305,13.41641,12.08305,12.08305,12.08305,13.0,12.64911,11.7047,11.7047,11.7047,12.64911,11.7047,11.40175,11.7047,11.40175,11.7047,11.7047,11.40175,11.40175,11.40175,11.40175,11.40175,11.40175,11.40175,11.40175,10.77033,10.77033,10.77033,10.77033,10.77033,9.84886,9.84886,9.84886,8.94427,8.94427,8.94427,8.06226,8.06226,7.2111,7.2111,7.2111,7.2111,6.40312,6.40312,6.40312,5.65685,5.65685,69.87131,64.13267,69.31811,66.48308,58.82176,66.09841,63.56886,70.93659,61.61169,64.2573,63.60031,66.21178,65.52099,63.97656,58.30952,56.4358,68.96376,66.03787,60.41523,55.07268,59.68249,53.23533,58.5235,54.08327,54.23099,55.65968,55.9464,53.85165,54.20332,54.40588,54.20332,55.47071,53.0,62.6099,51.47815,57.58472,56.79789,55.71355,55.36244,47.01064,47.43416,46.61545,49.76947,43.68066,44.64303,41.97618,41.7732,40.31129,31.62278,32.98485,27.07397,30.01666,31.01612,33.0,25.01999,22.02272,26.01922,10.63015,19.20937,18.86796,21.63331,20.80865,25.4951,25.4951,24.69818,31.95309,34.52535,31.95309,38.83298,39.05125,46.38965,52.7731,44.10215,49.16299,57.07889,55.03635,53.23533,51.47815,60.82763,52.46904,57.07013,56.04463,60.40695,61.13101,65.0,55.54278,56.61272,53.16014,59.48109,62.03225,49.64877,51.24451,57.97413,50.48762,52.00961,51.35173,54.14795,51.47815,52.08647,51.0,51.0098,50.15974,63.07139,58.07753,52.34501,56.14268,60.53098,64.13267,58.85576,63.3877,57.56735,63.60031,68.94926,73.82412
12.08305,12.08305,12.52996,12.52996,12.08305,12.08305,12.52996,11.6619,11.6619,11.6619,11.6619,12.20656,12.20656,10.81665,11.6619,12.20656,12.20656,11.40175,11.40175,11.40175,10.81665,11.40175,10.63015,10.63015,10.63015,11.40175,11.40175,10.63015,10.63015,11.40175,10.0,10.0,10.0,10.29563,10.29563,10.29563,10.29563,8.94427,8.94427,8.94427,8.544,8.544,7.61577,7.28011,7.28011,7.28011,7.28011,6.32456,6.08276,6.08276,6.08276,6.0,73.75636,63.69458,66.09841,68.00735,69.2315,70.34202,60.41523,61.84658,60.44005,64.13267,62.28965,69.26038,72.33948,58.85576,57.14018,69.857,59.5399,56.7186,61.66036,57.42822,62.03225,59.21149,60.0,57.0,53.00943,59.07622,58.03447,57.14018,60.00833,54.00926,58.07753,65.0,57.21888,48.09366,54.23099,51.0392,55.3263,54.00926,45.04442,52.00961,54.0,51.08816,44.14748,49.16299,45.0,45.70558,42.42641,39.45884,38.47077,32.0,32.01562,33.73426,35.22783,28.86174,27.89265,27.85678,32.75668,13.92839,10.77033,16.76305,22.13594,20.61553,18.97367,22.13594,31.04835,38.07887,38.01316,35.34119,36.71512,34.82815,44.10215,45.48626,41.72529,49.57822,46.09772,53.8145,51.85557,52.63079,59.03389,52.43091,57.68882,59.03389,58.5235,56.93856,62.26556,57.24509,57.14018,50.77401,53.66563,57.69749,58.24946,49.81967,58.41233,53.60037,53.00943,52.69725,54.48853,60.1415,50.9902,58.69412,53.03772,51.40039,61.46544,54.20332,60.74537,57.69749,59.07622,59.05929,59.09315,66.30988,56.0803,65.55151,63.52952,71.06335
13.0384,12.20656,13.0384,12.20656,12.20656,12.20656,12.20656,11.40175,12.04159,12.04159,11.40175,11.40175,12.04159,12.04159,11.31371,12.04159,11.31371,11.31371,11.31371,11.31371,11.31371,11.31371,11.31371,12.04159,12.04159,11.40175,12.04159,12.04159,12.04159,12.04159,11.31371,12.04159,11.31371,10.63015,10.63015,10.63015,11.40175,10.0,10.0,9.43398,9.43398,8.60233,8.94427,8.06226,8.06226,7.61577,7.61577,7.61577,7.61577,6.32456,6.32456,6.08276,60.20797,67.1193,64.3506,61.61169,68.60029,62.80127,63.78087,59.81639,61.7171,57.38467,58.79626,62.00806,60.20797,58.0,57.31492,58.13777,59.5483,58.13777,57.31492,58.13777,58.25805,58.25805,59.03389,56.85068,57.00877,59.5483,58.83026,59.07622,60.21628,60.53924,56.0357,60.20797,59.36329,62.43397,54.3783,55.60576,62.36986,59.81639,60.20797,58.72819,55.22681,55.97321,53.07542,49.49747,47.38143,48.9183,45.0,42.80187,42.2019,43.04649,38.58756,36.61967,37.21559,33.54102,35.35534,30.46309,32.57299,14.76482,13.0384,17.02939,19.41649,19.20937,19.84943,21.26029,25.45584,29.06888,31.40064,34.05877,38.27532,36.89173,42.72002,44.38468,46.09772,49.24429,50.28916,53.16014,54.57105,50.21952,59.84146,57.42822,57.70615,55.44367,56.14268,58.07753,58.07753,58.00862,58.0,55.03635,57.07889,54.00926,55.0,53.00943,54.00926,52.23983,53.36666,53.46027,51.1957,51.1957,49.0408,49.64877,50.96077,49.98,52.81098,54.08327,54.626,56.0803,56.85948,56.82429,57.98276,60.41523,60.82763,64.00781,60.03332,63.81222
12.20656,12.20656,11.6619,11.6619,11.6619,11.18034,11.18034,11.18034,11.18034,11.18034,10.77033,11.7047,11.7047,10.77033,11.7047,11.40175,11.40175,11.40175,11.40175,11.40175,11.40175,10.44031,11.40175,11.40175,11.40175,11.18034,11.18034,11.40175,11.40175,12.36932,11.40175,11.40175,11.7047,10.77033,11.7047,10.77033,11.18034,10.29563,10.29563,9.43398,9.43398,9.43398,8.60233,8.60233,8.60233,7.81025,7.81025,7.81025,7.07107,7.07107,7.07107,6.40312,62.43397,60.20797,62.26556,58.66856,62.6099,61.77378,57.3062,61.77378,55.9017,59.94164,58.87274,58.69412,58.5235,56.64804,58.87274,59.48109,57.56735,57.93962,54.81788,57.48913,62.36986,55.7315,56.7186,54.91812,54.12947,56.4358,57.55867,60.29925,55.44367,60.29925,57.14018,57.14018,61.13101,61.07373,58.42089,59.84146,59.5399,56.7186,59.84146,57.70615,55.54278,52.81098,50.0,50.59644,47.92703,50.92151,49.39636,47.01064,41.62932,43.04649,40.70626,38.58756,38.07887,34.4093,31.90611,32.80244,29.0,10.0,15.0,16.12452,20.39608,19.0263,21.84033,28.16026,27.20294,28.79236,33.83785,38.94868,40.24922,42.72002,42.48529,46.40043,50.21952,53.2635,53.15073,56.56854,57.38467,57.62812,57.2014,61.85467,61.58734,61.05735,64.14047,59.94164,60.41523,57.24509,59.16925,57.24509,60.03332,59.03389,56.82429,55.22681,54.58938,56.93856,56.0803,54.70832,50.21952,48.82622,51.85557,50.44799,52.34501,54.45181,62.24147,52.40229,56.85068,54.56189,57.31492,57.00877,58.25805,59.40539,60.74537,56.0357,57.98276,63.51378
10.63015,10.63015,10.63015,10.0,10.0,10.0,10.0,10.0,10.0,10.29563,9.43398,10.29563,9.84886,9.84886,8.94427,9.84886,9.84886,9.84886,9.48683,9.84886,8.94427,9.48683,9.48683,9.48683,9.48683,9.48683,10.77033,10.44031,10.44031,10.77033,9.84886,9.84886,10.77033,9.84886,9.43398,9.43398,9.43398,9.43398,8.60233,8.60233,8.48528,8.48528,8.48528,7.81025,7.07107,6.40312,6.40312,6.40312,6.40312,5.83095,5.83095,5.38516,60.10824,59.66574,63.24555,62.36986,60.0,59.66574,58.00862,59.36329,52.47857,55.80323,51.86521,53.85165,55.07268,52.3259,53.7122,54.23099,54.12024,55.03635,54.23099,54.08327,55.65968,49.64877,55.08176,53.36666,51.41984,54.34151,50.44799,55.54278,50.80354,59.22837,57.87055,55.9017,57.27128,57.07013,54.57105,58.0517,59.22837,60.16644,59.20304,55.15433,54.08327,49.24429,51.47815,47.85394,50.56679,48.8774,44.65423,44.29447,43.26662,40.45986,37.64306,39.66106,35.60899,33.30165,32.52691,33.24154,30.4795,15.0333,15.0333,18.11077,19.41649,20.88061,24.5153,29.41088,29.73214,33.52611,33.10589,38.91015,42.05948,44.65423,46.87217,49.40648,51.66237,56.72742,55.17246,58.79626,56.63921,60.44005,63.60031,58.83026,61.05735,60.41523,63.07139,66.21178,67.62396,60.41523,66.30988,58.5235,64.88451,58.60034,59.9333,61.7414,53.66563,56.46238,55.9464,54.56189,55.9464,59.5399,55.21775,57.45433,58.00862,55.0,59.40539,56.22277,59.5483,61.52235,58.0,57.28001,59.5483,64.3506,58.69412,64.44377,64.3506,65.8559
10.63015,9.89949,9.89949,10.63015,9.89949,10.0,10.0,10.0,10.0,9.43398,9.43398,9.43398,9.43398,9.43398,9.43398,9.43398,9.84886,8.94427,9.84886,9.84886,9.48683,9.48683,9.48683,9.48683,9.48683,9.48683,9.48683,9.48683,9.84886,9.48683,9.84886,9.84886,9.84886,9.84886,9.84886,8.94427,9.43398,8.60233,8.60233,8.60233,7.81025,7.81025,7.81025,7.07107,7.07107,6.40312,6.40312,6.40312,5.0,5.0,4.47214,4.47214,62.24147,61.7171,57.28001,55.15433,57.98276,58.0,54.45181,58.69412,55.17246,54.03702,53.82379,54.6443,53.60037,56.61272,51.31277,55.22681,55.22681,54.20332,52.7731,52.83938,54.12947,52.3259,52.39275,48.8467,52.0,52.39275,48.38388,53.7122,56.0803,53.45091,55.02727,56.32051,50.32892,56.0803,56.32051,53.31041,55.71355,56.85948,56.46238,54.626,55.47071,53.0,51.0392,47.70744,48.25971,47.20169,44.68781,41.23106,43.13931,41.7732,35.38361,38.18377,35.4683,32.64966,32.44996,32.24903,27.78489,10.0,10.77033,15.0333,14.31782,18.24829,18.43909,21.54066,26.57066,30.67572,29.73214,32.20248,36.35932,36.89173,42.63801,41.23106,43.13931,46.69047,49.57822,51.22499,53.2635,53.00943,60.20797,57.68882,59.05929,57.69749,60.37384,58.30952,61.32699,58.69412,63.90618,58.5235,61.09828,59.13544,57.93962,59.46427,56.85948,58.18075,57.38467,58.82176,57.27128,55.9464,59.05929,56.79789,61.40033,58.30952,55.22681,58.5235,56.61272,61.03278,59.36329,58.82176,61.84658,61.22091,57.31492,66.21933,66.4003,62.00806
11.40175,11.40175,10.63015,10.63015,10.63015,10.63015,9.89949,10.63015,9.89949,10.0,10.63015,10.63015,10.0,10.0,10.0,10.0,10.0,9.43398,9.43398,9.43398,9.43398,9.43398,9.43398,9.84886,9.84886,10.29563,10.29563,10.29563,10.29563,10.29563,10.29563,10.29563,10.29563,9.43398,10.0,10.0,9.21954,9.21954,9.21954,8.48528,8.48528,8.48528,7.81025,7.81025,6.40312,6.40312,6.40312,5.83095,5.83095,5.38516,4.47214,5.38516,65.29931,63.15853,57.69749,65.14599,64.51356,63.90618,57.38467,56.30275,51.5461,57.28001,54.34151,53.93515,62.514,56.29387,52.15362,55.44367,55.22681,50.01,51.35173,50.35871,56.0803,56.0,51.0392,49.09175,47.0,51.35173,48.09366,52.15362,54.03702,56.56854,57.00877,51.35173,50.08992,55.03635,57.07889,54.00926,55.0,51.0098,55.08176,51.0392,52.7731,46.57252,44.72136,49.47727,47.07441,42.72002,43.68066,42.2019,39.92493,32.20248,31.01612,34.0,34.98571,32.75668,27.78489,24.41311,28.30194,5.83095,14.86607,14.31782,13.60147,15.29706,20.24846,23.70654,23.25941,30.26549,22.47221,32.01562,38.0,35.0571,41.59327,41.10961,42.04759,47.67599,55.10898,54.74486,43.93177,49.39636,60.41523,62.62587,54.12024,54.12947,58.66856,59.16925,61.29437,58.30952,56.85948,55.21775,64.40497,62.68174,58.00862,63.41136,63.28507,64.40497,58.82176,57.80138,59.07622,61.77378,62.17717,59.68249,62.76942,55.00909,61.98387,56.82429,64.49806,59.9333,69.07966,60.41523,73.1642,74.09453,63.15853,61.26989,62.76942,66.18912
11.6619,11.18034,11.18034,11.18034,11.18034,11.18034,10.77033,9.84886,10.77033,10.77033,10.77033,10.77033,10.44031,10.44031,10.44031,10.44031,10.19804,10.19804,10.19804,10.19804,9.21954,10.19804,10.19804,10.04988,10.19804,10.19804,10.19804,10.19804,10.04988,10.19804,9.21954,10.19804,10.19804,9.48683,9.48683,9.48683,9.48683,8.544,8.544,7.61577,8.06226,8.06226,8.06226,7.2111,6.7082,5.83095,6.40312,6.40312,5.65685,5.0,5.65685,4.24264,62.514,59.90826,59.43904,63.56099,57.72348,57.72348,57.72348,59.77458,55.36244,64.51356,58.82176,53.14132,57.00877,50.53712,56.30275,55.15433,55.03635,46.61545,53.66563,53.7122,58.13777,52.80152,51.0,45.79301,48.33218,46.04346,52.83938,47.88528,51.0392,51.62364,50.60632,54.58938,46.8615,46.32494,50.60632,49.24429,53.23533,45.79301,51.97115,49.76947,47.53946,45.17743,44.59821,45.61798,43.9659,40.26164,41.10961,35.90265,38.32754,35.90265,31.7805,32.06244,29.06888,30.0,27.07397,29.01724,24.33105,11.40175,16.27882,18.35756,20.61553,21.26029,22.62742,25.45584,26.90725,28.3196,31.62278,39.82462,40.49691,44.20407,40.49691,47.16991,46.06517,51.42956,47.16991,57.69749,54.12024,53.75872,56.30275,59.90826,62.8172,55.31727,57.21888,65.12296,65.76473,60.40695,65.49046,62.03225,62.1289,61.29437,62.20129,67.0,65.12296,60.03332,62.20129,60.13319,58.21512,64.28063,62.64982,68.26419,55.31727,59.68249,66.94027,65.30697,62.514,63.34824,64.84597,59.84146,71.58911,60.20797,69.42622,58.0517,67.91171,63.50591
11.18034,10.29563,10.29563,10.29563,10.29563,9.84886,9.84886,9.48683,9.48683,9.48683,9.48683,9.48683,9.48683,9.48683,8.24621,9.21954,9.21954,9.21954,9.21954,9.21954,8.24621,8.06226,9.05539,9.05539,9.05539,9.05539,9.05539,9.05539,9.05539,9.05539,8.06226,9.21954,8.24621,8.24621,8.24621,8.24621,8.24621,7.61577,7.61577,6.7082,6.7082,6.7082,6.7082,5.83095,5.83095,5.83095,5.83095,5.0,5.0,5.0,4.24264,4.24264,65.0,65.11528,65.52099,58.5235,55.7853,57.87055,59.80803,61.35145,61.09828,54.78138,57.00877,52.55473,56.36488,57.27128,49.64877,50.56679,54.12947,51.89412,52.83938,50.77401,53.33854,49.09175,50.21952,51.42956,48.8774,48.25971,48.54894,48.82622,49.39636,50.0,49.92995,48.01042,49.39636,51.97115,49.40648,44.29447,45.27693,49.73932,45.65085,43.56604,44.38468,46.23851,44.01136,42.54409,40.31129,41.4367,36.49658,36.05551,35.22783,31.57531,32.28002,28.63564,27.45906,28.16026,24.0,28.28427,17.0,17.20465,16.27882,19.23538,19.69772,23.60085,20.61553,27.65863,28.28427,33.97058,34.71311,34.66987,41.40048,43.56604,43.909,46.04346,48.8774,51.89412,50.59644,54.78138,56.64804,58.69412,62.0967,61.84658,57.48913,65.62012,60.53098,65.9242,54.74486,62.64982,62.00806,63.12686,62.20129,62.00806,63.1981,63.0,55.22681,59.21149,61.13101,61.81424,62.20129,57.27128,63.34824,59.84146,63.50591,57.97413,62.514,60.82763,64.51356,61.98387,57.70615,61.03278,62.93648,65.52099,60.40695,69.37579,62.58594,66.7308
12.04159,12.72792,12.04159,12.04159,12.04159,12.04159,11.40175,10.63015,11.40175,10.63015,11.40175,11.40175,11.40175,10.81665,10.81665,10.29563,10.29563,10.29563,10.81665,10.29563,10.29563,10.29563,9.43398,10.29563,10.29563,10.29563,9.84886,10.29563,10.29563,9.84886,9.43398,10.29563,10.0,10.0,9.43398,10.0,10.0,8.48528,8.48528,8.48528,7.81025,7.81025,7.07107,7.07107,7.07107,6.40312,6.40312,5.83095,5.83095,5.83095,5.83095,5.38516,70.34913,65.06919,73.17103,59.4138,61.0082,67.02984,56.0,63.28507,58.00862,65.49046,61.66036,59.68249,52.95281,46.38965,52.7731,57.97413,54.45181,53.36666,53.60037,48.27007,59.80803,50.69517,55.65968,53.60037,56.32051,48.46648,46.09772,52.49762,47.92703,48.8467,47.85394,55.9017,43.32436,49.0408,42.95346,52.0,47.75982,49.98,44.92215,50.28916,42.72002,42.42641,37.65634,40.0125,45.70558,40.1995,41.10961,33.24154,38.01316,29.61419,31.01612,29.01724,30.26549,32.55764,23.76973,24.02082,23.08679,17.69181,20.61553,20.12461,22.80351,17.49286,26.07681,28.17801,33.28663,37.0,38.47077,42.05948,43.65776,49.24429,47.07441,57.72348,52.7731,61.20457,53.08484,62.20129,61.13101,59.0,66.00758,59.84146,65.19202,61.84658,66.91039,66.70832,66.4906,59.77458,71.47027,48.08326,69.92138,70.83078,61.39218,62.64184,64.03124,53.15073,64.53681,56.7186,62.96825,66.48308,57.42822,65.62012,60.40695,64.28063,59.22837,64.03124,59.0,69.18092,61.03278,66.0303,65.03076,74.00676,57.00877,72.06247,82.05486,65.00769
12.36932,12.36932,12.36932,12.36932,12.36932,12.16553,12.16553,11.18034,11.18034,11.18034,11.04536,11.04536,11.04536,11.04536,11.04536,11.04536,11.0,11.0,10.0,11.0,10.0,10.0,10.0,10.04988,10.04988,10.04988,11.04536,10.04988,10.0,10.0,10.0,10.0,10.04988,10.04988,10.04988,10.04988,10.04988,9.05539,9.21954,8.24621,8.24621,8.24621,7.28011,7.28011,7.61577,6.7082,6.7082,6.7082,5.83095,5.83095,5.83095,5.0,58.18075,71.21798,64.2028,60.80296,61.29437,53.8145,59.64059,60.80296,54.6443,60.60528,56.56854,60.0,56.72742,60.87693,56.58622,56.72742,56.63921,50.93133,59.46427,49.49747,51.61395,51.73973,50.80354,50.24938,47.80167,53.41348,52.69725,50.53712,52.69725,54.6443,56.61272,49.24429,45.60702,52.47857,52.00961,47.63402,43.86342,49.20366,49.51767,52.49762,46.75468,38.94868,43.41659,42.52058,43.01163,37.48333,34.4093,34.66987,30.52868,31.40064,31.40064,36.24914,29.41088,26.0,31.7805,23.08679,25.0,17.0,13.92839,20.59126,23.85372,21.47091,26.07681,32.75668,27.58623,37.44329,35.38361,38.8973,47.50789,46.09772,52.63079,45.79301,51.0392,52.3259,53.53504,60.41523,60.41523,66.64833,64.19502,59.13544,66.09841,63.78871,67.35726,63.15061,63.78871,60.20797,62.16912,57.70615,65.9242,61.13101,58.42089,58.69412,53.75872,61.66036,55.08176,57.27128,63.24555,59.13544,53.14132,55.15433,56.46238,66.85058,54.40588,56.0803,54.20332,60.41523,61.58734,68.15424,60.37384,66.03787,66.37017,63.07139,68.47627,65.80274
9.84886,9.84886,10.77033,9.84886,9.84886,9.84886,10.44031,9.48683,10.44031,9.48683,9.48683,9.48683,9.48683,9.48683,9.21954,10.04988,9.05539,10.04988,9.05539,9.05539,9.05539,9.05539,9.0,9.0,9.05539,10.0,9.0,9.0,9.0,10.0,9.05539,9.05539,9.05539,9.05539,9.05539,9.05539,9.21954,8.24621,7.28011,7.28011,7.28011,6.32456,6.32456,6.32456,6.32456,5.38516,5.38516,4.47214,4.47214,4.47214,3.60555,4.24264,56.46238,63.95311,61.7414,60.16644,63.56886,55.54278,63.56886,56.61272,61.98387,57.56735,62.8172,59.90826,60.20797,59.48109,64.28841,62.36986,58.24946,53.75872,50.80354,59.4138,55.3263,54.33231,51.15662,59.07622,54.03702,53.0,60.00833,53.03772,53.00943,57.00877,54.03702,54.00926,56.0803,53.08484,60.07495,53.03772,56.0803,50.08992,54.00926,52.03845,56.0803,52.61179,46.69047,43.93177,41.97618,44.72136,42.75512,40.5216,35.73514,35.44009,35.8469,35.1141,31.38471,30.8707,29.06888,25.23886,26.07681,12.16553,11.40175,12.16553,17.11724,19.41649,21.84033,24.04163,27.85678,26.92582,33.10589,31.76476,35.51056,38.27532,42.0119,43.27817,47.63402,46.8615,50.20956,51.66237,55.86591,56.0803,56.22277,61.29437,56.60389,58.59181,60.03332,56.93856,56.60389,58.30952,54.70832,55.07268,55.9464,56.0803,53.33854,57.68882,56.30275,54.91812,57.45433,51.31277,54.20332,50.0,57.38467,54.67175,55.15433,53.74012,52.49762,53.75872,57.62812,54.03702,54.81788,58.41233,55.56978,53.53504,61.91123,60.20797,56.93856,62.76942
12.04159,12.04159,12.16553,12.16553,12.16553,11.18034,11.18034,12.36932,11.18034,11.40175,12.36932,11.40175,11.7047,11.7047,11.40175,11.7047,10.77033,10.77033,10.77033,11.7047,10.77033,10.77033,10.77033,11.18034,11.18034,11.18034,11.18034,12.08305,11.18034,10.77033,11.7047,11.7047,11.7047,11.40175,10.44031,10.44031,10.44031,10.19804,9.21954,9.21954,9.05539,9.05539,9.05539,8.06226,8.06226,7.0,7.0,7.0,7.0,6.08276,6.08276,6.08276,64.28063,61.40033,71.06335,62.28965,64.03124,71.0,61.0082,67.0,60.00833,66.1211,63.00794,63.12686,61.07373,61.29437,63.07139,63.3877,66.75328,62.96825,66.4906,53.93515,64.32729,57.00877,58.24088,62.8172,59.90826,62.8172,55.36244,60.53924,58.5235,58.18935,61.09828,62.62587,61.68468,63.56886,58.94065,61.68468,59.77458,61.61169,57.72348,56.75385,55.10898,54.91812,56.56854,51.78803,57.31492,44.10215,51.0098,44.01136,46.01087,40.11234,43.01163,38.47077,38.32754,30.41381,35.35534,34.20526,32.57299,2.23607,2.0,2.23607,7.0,8.60233,11.40175,14.56022,16.27882,17.02939,20.0,25.01999,28.01785,31.01612,31.14482,36.12478,36.87818,43.17407,37.85499,45.88028,46.23851,49.1935,49.73932,45.17743,54.12024,53.0,51.97115,55.47071,56.85948,53.00943,56.22277,51.40039,57.62812,58.82176,55.47071,53.60037,52.20153,48.60041,54.08327,56.30275,55.00909,56.4358,50.53712,55.9017,54.23099,55.15433,57.56735,52.81098,53.85165,59.77458,55.08176,57.56735,58.24946,64.56005,53.36666,62.96825,64.93843,58.69412
12.0,11.0,11.0,11.0,11.0,10.04988,11.0,11.04536,11.04536,11.04536,11.04536,11.04536,10.04988,10.19804,10.04988,10.19804,10.19804,10.44031,9.21954,10.19804,10.19804,10.44031,10.19804,9.48683,10.44031,10.44031,10.44031,10.44031,10.44031,10.44031,9.21954,9.21954,10.19804,9.05539,10.19804,10.04988,9.05539,9.05539,8.06226,8.0,8.0,8.0,7.0,7.07107,6.0,6.08276,6.08276,6.08276,5.09902,5.09902,5.09902,4.47214,67.46851,64.13267,63.63961,65.76473,60.67125,65.76473,61.52235,64.19502,62.03225,64.28063,61.13101,65.00769,61.0,61.03278,63.0,63.03174,62.00806,58.07753,59.03389,62.28965,63.1981,61.20457,57.31492,58.85576,56.4358,55.44367,57.55867,58.0517,56.08921,58.69412,60.01666,61.18823,56.88585,59.22837,57.70615,58.85576,58.42089,58.21512,55.3263,54.14795,57.21888,53.33854,49.0102,49.0408,49.16299,48.16638,48.37355,44.55334,44.38468,42.57934,36.87818,36.68787,35.17101,33.24154,31.38471,28.63564,29.54657,7.07107,0.0,5.38516,8.06226,10.04988,10.0,13.15295,17.0,19.10497,23.02173,25.4951,27.16616,31.257,35.17101,36.67424,37.94733,42.05948,41.78516,47.53946,47.42362,45.61798,52.35456,51.47815,53.25411,53.82379,56.40035,55.60576,55.0,56.22277,57.80138,55.21775,52.63079,50.47772,55.0,57.62812,54.40588,53.25411,55.21775,54.08327,51.61395,53.25411,55.47071,60.03332,54.12024,54.58938,58.69412,54.23099,54.08327,58.82176,57.93962,58.5235,64.56005,62.8172,58.94065,61.35145,66.48308,64.32729
12.04159,12.0,12.04159,12.04159,12.04159,12.0,12.0,12.0,12.0,12.0,12.0,12.0,11.0,11.04536,11.0,11.04536,11.04536,11.04536,10.04988,11.18034,10.04988,11.04536,11.18034,10.19804,11.18034,10.19804,11.18034,11.18034,10.19804,11.18034,10.04988,11.04536,10.04988,10.04988,10.0,10.0,10.0,9.0,9.0,9.05539,9.05539,8.06226,8.06226,7.07107,8.24621,7.28011,7.28011,6.32456,6.32456,6.32456,6.32456,5.38516,65.12296,69.11584,63.07139,65.03076,70.11419,64.00781,68.0,65.12296,63.00794,64.07027,62.20129,65.37584,63.95311,63.1981,66.48308,66.75328,59.5399,59.68249,58.69412,65.51336,60.63827,65.30697,53.85165,55.02727,56.29387,55.65968,61.68468,60.08328,57.56735,61.35145,61.03278,59.09315,58.69412,56.0803,60.74537,55.36244,52.55473,57.87055,62.29767,56.75385,59.43904,53.15073,53.93515,46.69047,43.28972,51.24451,45.27693,46.04346,42.04759,44.01136,41.04875,38.0526,35.0571,33.01515,29.01724,33.54102,29.42788,9.84886,7.28011,13.0384,12.04159,16.03122,16.12452,20.02498,21.2132,24.08319,27.0,32.24903,32.06244,37.12142,38.83298,38.32754,47.67599,44.91102,48.38388,47.53946,50.69517,52.3259,54.23099,59.5063,55.47071,57.45433,59.94164,56.93856,59.68249,62.96825,52.47857,60.53924,56.0803,60.20797,56.30275,61.40033,58.83026,59.94164,59.5399,52.47857,56.79789,51.07837,59.23681,57.69749,61.03278,54.23099,59.13544,56.04463,60.41523,59.84146,62.8172,60.20797,62.64982,58.85576,62.514,61.40033,62.514,67.36468
11.04536,11.18034,10.19804,10.19804,10.19804,10.04988,10.04988,10.04988,10.04988,10.04988,10.0,10.04988,10.0,10.04988,10.0,10.04988,10.0,9.0,10.0,9.05539,9.05539,9.05539,9.05539,9.05539,9.05539,9.05539,10.04988,9.05539,9.05539,9.05539,9.0,9.05539,9.0,9.0,9.0,8.0,9.05539,8.06226,7.07107,7.07107,7.07107,7.28011,6.08276,6.32456,6.08276,5.38516,5.38516,5.38516,4.47214,4.47214,4.47214,3.60555,62.17717,61.7414,61.84658,61.32699,63.97656,61.09828,58.69412,58.69412,60.00833,61.35145,54.42426,58.24088,63.60031,54.81788,56.29387,57.55867,56.51548,59.84146,52.17279,53.93515,56.75385,58.69412,51.62364,52.7731,48.83646,51.78803,52.03845,51.0392,50.08992,52.00961,55.14526,56.14268,52.23983,52.23983,56.22277,52.46904,52.17279,51.62364,51.78803,52.81098,51.1957,46.84015,44.14748,44.64303,46.17359,41.23106,41.78516,39.39543,36.71512,34.48188,30.88689,33.83785,29.15476,30.61046,29.41088,30.0,24.75884,9.84886,12.16553,13.0384,16.03122,16.27882,17.02939,21.84033,24.18677,28.63564,30.41381,29.42788,36.67424,37.48333,41.23106,44.94441,46.09772,49.24429,47.41308,50.08992,51.31277,55.21775,59.66574,56.61272,54.40588,58.41233,60.44005,63.65532,64.38167,58.69412,60.82763,60.82763,62.28965,58.89822,59.81639,59.5483,59.66574,58.0,58.69412,57.98276,58.0,59.4138,58.69412,54.48853,60.1415,57.00877,55.31727,57.00877,58.82176,61.40033,57.45433,58.18075,62.64982,63.13478,55.56978,61.29437,66.18912,62.17717
10.44031,10.44031,10.44031,10.44031,9.48683,9.21954,10.19804,10.19804,10.19804,9.21954,10.04988,10.04988,9.05539,9.05539,9.05539,9.05539,9.05539,9.0,9.0,8.0,9.05539,9.0,9.0,8.0,9.0,9.0,9.0,9.0,9.0,9.0,8.0,9.05539,9.05539,8.06226,8.24621,8.06226,8.24621,7.28011,7.28011,6.32456,7.28011,6.32456,6.32456,5.38516,5.38516,4.47214,5.38516,4.47214,4.47214,3.60555,3.60555,3.60555,63.24555,61.09828,60.16644,60.40695,58.94065,57.56735,58.24088,57.48913,56.32051,57.72348,54.91812,55.7315,55.44367,55.7315,59.5399,57.31492,55.57877,51.47815,50.24938,55.00909,55.03635,54.00926,50.0,47.01064,52.03845,51.0392,55.3263,52.03845,49.25444,55.44367,51.35173,53.60037,53.08484,47.51842,53.23533,48.04165,46.01087,50.01,49.0408,49.0408,51.0098,50.35871,43.73786,39.31921,35.35534,44.91102,40.79216,38.60052,35.73514,32.57299,31.32092,33.24154,30.36445,26.83282,23.32381,23.76973,21.9545,12.0,12.16553,15.0333,17.0,20.09975,23.34524,26.01922,27.0,31.06445,34.05877,38.47077,44.64303,41.23106,44.27189,47.80167,51.24451,51.89412,55.03635,57.38467,60.37384,62.26556,64.14047,64.63745,66.4003,65.94695,66.6033,67.20863,64.44377,70.17834,65.19202,67.17887,64.3506,65.19202,62.96825,63.63961,63.65532,65.76473,63.03174,61.7171,62.36986,60.20797,61.84658,61.84658,60.46487,57.00877,67.60178,59.68249,60.20797,58.18075,63.13478,58.83026,62.17717,59.5063,64.4748,64.40497,61.7414,66.64833
9.43398,9.43398,9.43398,9.43398,8.94427,9.43398,8.06226,8.94427,8.94427,8.94427,8.94427,8.94427,8.544,8.544,8.544,8.544,8.544,8.544,8.24621,7.61577,7.28011,8.24621,7.61577,8.06226,8.24621,8.24621,8.24621,8.24621,8.24621,8.24621,8.544,8.544,7.61577,7.61577,8.06226,7.2111,7.2111,7.2111,7.2111,6.40312,6.40312,5.65685,5.65685,5.65685,5.65685,5.0,5.0,4.24264,4.24264,5.0,3.60555,3.60555,59.5483,58.0,59.5483,56.56854,55.9017,53.2635,49.20366,55.0,50.80354,51.22499,48.01042,51.40039,53.82379,48.8774,49.09175,51.0,51.97115,51.97115,53.23533,48.76474,50.77401,49.65884,48.75449,47.01064,44.94441,47.92703,45.18849,47.43416,49.24429,48.46648,45.69464,48.33218,48.10405,51.86521,45.61798,50.08992,46.51881,49.64877,45.27693,42.72002,43.04649,39.05125,45.45327,42.52058,40.36087,34.65545,36.12478,34.65545,32.55764,31.82766,28.28427,29.06888,26.24881,26.92582,23.02173,21.09502,23.32381,14.03567,17.26268,20.02498,23.02173,25.01999,25.0,28.16026,34.0,34.23449,36.34556,42.2019,42.05948,43.41659,50.28916,52.20153,52.35456,57.24509,60.03332,59.05929,60.20797,59.40539,66.4003,65.19202,67.88225,65.79514,67.89698,69.42622,69.42622,66.0303,70.43437,64.2028,68.24222,64.40497,66.61081,66.21933,64.63745,66.0303,60.46487,64.63745,67.80118,65.43699,59.40539,59.81639,63.25346,60.30755,59.66574,58.41233,60.82763,62.96825,61.52235,58.89822,64.3506,62.24147,61.52235,61.6198,65.76473,61.55485
9.21954,9.21954,10.0,10.0,8.60233,9.43398,9.43398,9.43398,9.43398,8.94427,9.43398,9.43398,8.94427,8.94427,8.94427,8.94427,8.94427,8.94427,8.94427,8.544,8.544,8.544,8.544,8.544,8.544,8.94427,9.48683,8.544,8.544,8.94427,8.94427,8.94427,8.06226,8.06226,7.81025,7.81025,7.81025,7.2111,7.2111,6.40312,5.65685,5.65685,5.65685,5.65685,5.65685,5.0,4.24264,4.24264,4.24264,3.60555,3.60555,3.60555,57.14018,51.62364,53.66563,52.3259,53.60037,50.21952,51.22499,50.93133,51.22499,50.44799,49.40648,51.85557,47.63402,48.10405,48.27007,50.32892,50.44799,47.01064,48.41487,46.69047,47.80167,48.79549,45.22168,50.0,47.63402,48.01042,43.82921,44.29447,44.10215,48.60041,45.0,47.20169,45.0,46.87217,47.80167,47.01064,45.25483,45.96738,44.55334,42.63801,43.27817,41.7732,41.40048,39.82462,39.11521,36.87818,34.4093,32.64966,28.17801,30.46309,27.78489,26.57066,24.59675,25.4951,25.07987,19.41649,22.13594,18.11077,18.02776,22.02272,23.08679,30.41381,27.89265,31.7805,32.89377,34.78505,37.57659,45.17743,41.23106,46.95743,55.0,56.30275,57.38467,58.79626,64.38167,61.55485,65.45991,66.28725,67.95587,65.8635,67.74216,68.88396,71.11962,71.11259,68.35203,68.54196,68.70953,70.2282,68.94926,68.41053,65.52099,66.48308,68.30813,68.00735,63.32456,62.29767,64.62198,66.12866,62.96825,62.76942,64.88451,63.15853,61.40033,62.64184,61.98387,61.46544,63.15853,61.26989,55.9017,58.18075,57.00877,59.16925,59.48109,59.5399
8.544,7.61577,8.24621,7.28011,7.28011,8.24621,7.28011,7.28011,8.24621,8.06226,8.06226,7.07107,8.06226,8.06226,8.06226,7.07107,7.07107,7.07107,7.0,7.0,7.0,8.0,7.0,7.07107,7.07107,7.0,7.0,8.0,8.0,7.07107,7.0,7.0,7.07107,7.07107,7.28011,6.32456,6.32456,6.32456,6.08276,6.32456,5.38516,5.38516,5.38516,4.47214,4.47214,3.60555,3.60555,3.60555,3.60555,3.60555,3.60555,2.82843,49.24429,50.15974,47.92703,45.65085,47.01064,45.69464,46.61545,48.70318,47.29693,41.7732,45.88028,46.87217,45.60702,47.07441,46.69047,48.50773,44.40721,46.09772,48.16638,45.39824,43.28972,44.01136,50.01,48.09366,43.01163,41.04875,42.04759,46.04346,47.04253,45.04442,41.01219,42.0119,46.0,47.0,41.10961,46.27094,44.72136,46.69047,43.73786,42.95346,42.2019,39.84972,41.10961,38.8973,35.73514,30.46309,29.54657,34.17601,27.73085,25.05993,25.07987,25.05993,26.90725,20.61553,22.47221,21.2132,20.80865,17.0,20.24846,23.32381,26.57066,26.0,32.31099,32.98485,34.20526,38.32754,42.57934,43.56604,46.17359,52.03845,51.0,55.3263,57.07013,58.0517,62.36986,64.53681,67.35726,65.14599,69.46222,70.23532,68.44706,70.49113,70.49113,69.33974,72.11103,68.8186,71.40028,69.2026,69.2026,68.76772,67.00746,67.94115,68.0147,68.76772,66.06815,64.44377,67.20119,66.4003,64.63745,60.30755,66.28725,63.60031,61.84658,58.82176,59.90826,61.03278,62.20129,61.91123,61.03278,56.61272,57.2014,62.26556,59.68249,59.36329
8.06226,7.2111,7.2111,7.2111,7.81025,7.2111,7.81025,7.81025,7.81025,7.07107,7.07107,7.81025,7.07107,7.81025,7.81025,7.81025,7.81025,7.81025,7.2111,7.81025,7.81025,7.81025,7.2111,7.2111,7.2111,7.2111,7.81025,7.81025,7.81025,7.81025,7.07107,8.48528,7.81025,7.2111,6.40312,6.40312,6.40312,6.40312,6.7082,5.83095,5.83095,5.83095,5.38516,5.38516,4.47214,4.12311,4.12311,4.12311,3.16228,3.16228,3.0,3.0,49.24429,50.9902,47.41308,46.32494,46.04346,44.41846,45.48626,48.25971,44.04543,43.86342,42.44997,41.7732,44.55334,43.84062,43.86342,44.40721,48.10405,46.66905,45.25483,45.0,46.40043,43.01163,42.52058,45.22168,44.94441,44.20407,42.05948,47.16991,45.22168,46.14109,44.65423,47.88528,42.72002,46.61545,42.72002,45.34314,43.41659,42.80187,42.80187,46.32494,40.36087,39.62323,38.41875,37.80212,37.01351,37.01351,34.71311,30.23243,27.73085,28.84441,28.30194,26.07681,29.52965,22.84732,21.37756,20.61553,18.43909,16.12452,17.26268,21.84033,24.35159,28.4605,29.96665,30.8707,35.8469,41.18252,38.94868,44.40721,46.2277,54.67175,53.8145,58.69412,57.48913,60.44005,60.60528,62.00806,65.51336,68.50547,72.09022,69.77105,68.35203,70.83784,73.37575,70.0928,71.8401,73.75636,70.60453,67.08204,70.61161,74.73286,72.27724,71.02112,70.83078,62.58594,66.09841,63.28507,70.21396,67.46851,64.32729,62.58594,66.4906,64.53681,67.68309,62.64184,61.35145,65.52099,60.41523,59.66574,59.77458,61.98387,53.75872,53.85165,56.30275,53.85165
8.06226,7.07107,8.06226,7.07107,7.07107,7.28011,8.24621,7.61577,7.61577,7.28011,7.61577,7.61577,7.61577,7.61577,7.61577,8.94427,8.06226,8.06226,8.06226,8.06226,8.06226,8.06226,8.06226,8.06226,7.2111,8.60233,8.06226,8.06226,8.06226,8.60233,8.06226,8.06226,7.61577,7.61577,8.544,7.61577,7.28011,7.28011,6.32456,6.32456,6.32456,6.08276,6.08276,5.09902,5.0,5.0,5.0,4.0,4.0,4.0,4.12311,3.16228,44.04543,46.04346,50.08992,44.04543,48.25971,42.19005,43.56604,43.73786,45.54119,43.41659,45.60702,45.54119,45.69464,42.05948,44.77723,46.51881,47.85394,42.04759,42.48529,46.52956,47.50789,46.95743,45.48626,43.82921,41.88078,46.32494,44.65423,44.65423,41.6173,46.61545,48.54894,50.60632,44.04543,46.04346,48.82622,46.32494,49.64877,42.94182,42.94182,45.27693,46.61545,45.69464,44.38468,40.31129,40.49691,37.64306,36.49658,37.36308,35.12834,33.95585,32.55764,27.07397,27.07397,20.22375,27.16616,20.0,21.09502,16.27882,20.0,22.02272,25.6125,28.6531,28.84441,30.23243,32.75668,38.91015,39.21734,44.27189,48.76474,49.24429,54.34151,56.7186,58.69412,62.28965,61.07373,67.02984,68.02941,68.26419,67.1193,71.84706,74.96666,76.68768,75.18643,71.30919,77.20104,66.76077,73.37575,69.64194,70.88018,71.16881,68.70953,68.94926,71.16881,67.23095,71.69379,64.84597,65.14599,64.2573,67.06713,70.2282,64.19502,64.84597,64.03124,62.64184,63.56099,61.84658,60.87693,61.13101,59.77458,60.20797,57.27128,57.00877,50.48762,58.0517
8.94427,8.06226,8.60233,8.06226,8.06226,8.60233,8.60233,8.60233,8.60233,7.81025,8.60233,8.60233,8.48528,8.48528,7.81025,8.48528,8.48528,8.48528,7.81025,7.81025,8.48528,7.81025,8.48528,7.81025,7.81025,8.48528,8.48528,7.81025,8.60233,9.21954,8.48528,8.48528,8.48528,7.81025,8.60233,8.60233,8.06226,7.2111,7.2111,6.7082,6.7082,6.32456,6.7082,6.32456,6.32456,5.38516,6.08276,5.09902,5.09902,5.09902,4.0,4.0,47.75982,49.1935,49.24429,44.72136,39.66106,44.29447,45.48626,44.10215,42.52058,45.45327,46.75468,46.75468,46.66905,41.03657,46.69047,44.59821,43.18565,45.60702,45.48626,43.93177,48.01042,49.0408,41.34005,50.80354,42.43819,43.04649,39.82462,45.65085,43.04649,43.56604,43.56604,47.70744,42.19005,44.94441,46.04346,47.16991,46.87217,48.01042,47.80167,42.44997,41.7732,43.84062,38.94868,40.31129,39.69887,37.01351,37.44329,34.82815,34.48188,31.90611,26.40076,27.78489,29.73214,24.04163,26.92582,25.0,23.4094,18.24829,19.23538,24.35159,26.24881,25.0,31.01612,33.61547,35.4683,37.16181,39.35734,43.82921,46.87217,51.31277,52.63079,51.66237,58.0,60.20797,58.82176,65.94695,69.89278,65.45991,70.83078,68.47627,66.21178,72.61543,75.02666,73.08215,73.05477,68.41053,73.37575,70.34202,74.46476,71.56815,72.12489,68.41053,68.15424,69.42622,66.09841,64.7611,63.95311,68.15424,63.95311,63.06346,65.14599,63.32456,57.72348,61.68468,58.24088,60.63827,60.16644,57.48913,58.82176,59.13544,57.87055,58.5235,56.79789,54.78138
8.544,8.24621,8.24621,8.24621,8.06226,8.06226,8.06226,8.06226,8.06226,8.06226,8.06226,8.06226,8.06226,8.06226,8.0,8.0,8.0,7.0,8.0,7.0,7.0,8.0,7.07107,7.07107,8.0,7.0,7.0,8.0,7.0,7.07107,8.0,8.0,8.0,7.0,7.07107,7.07107,7.07107,7.28011,7.07107,6.32456,6.32456,5.38516,5.38516,5.38516,4.47214,4.47214,4.47214,5.0,4.24264,3.60555,4.24264,3.60555,49.1935,47.01064,51.07837,48.10405,49.39636,47.43416,45.88028,49.72927,47.53946,44.38468,48.50773,44.91102,43.93177,46.87217,45.12206,45.89118,50.03998,50.08992,47.04253,46.17359,46.17359,46.09772,50.03998,47.01064,47.01064,45.0,42.0,49.0,47.0,43.0,44.01136,45.0,47.67599,47.26521,44.01136,45.0,49.0408,49.09175,51.15662,42.19005,42.19005,39.62323,44.91102,40.60788,41.59327,36.40055,35.8469,35.1141,29.96665,31.95309,31.7805,29.15476,29.15476,24.69818,22.82542,25.80698,22.67157,15.23155,15.23155,18.97367,22.84732,25.0,27.73085,27.89265,31.7805,36.34556,38.0526,42.04759,45.09989,51.15662,52.15362,56.22277,56.7186,59.90826,61.61169,65.25335,63.90618,66.48308,70.26379,67.53518,70.83078,73.4983,73.78347,75.21303,70.93659,73.00685,76.05919,68.88396,72.18033,69.81404,74.51845,70.76722,66.6033,66.48308,65.06919,63.63961,65.8559,66.70832,64.44377,63.65532,65.94695,61.22091,57.38467,58.25805,58.25805,60.21628,58.00862,57.00877,56.22277,58.41233,52.69725,52.69725,56.93856,58.59181
10.04988,10.04988,10.04988,10.04988,9.05539,9.0,10.0,10.0,10.0,10.0,10.0,10.0,10.0,9.0,9.0,9.05539,9.0,9.05539,9.05539,9.05539,9.0,8.0,9.05539,9.05539,8.06226,9.05539,9.05539,8.06226,9.05539,9.05539,8.0,8.0,8.0,8.0,9.0,8.0,8.0,8.0,7.07107,7.07107,7.07107,7.28011,6.32456,6.32456,6.32456,6.32456,5.38516,5.38516,5.38516,5.38516,4.47214,4.47214,50.96077,46.17359,53.36666,53.60037,50.96077,53.60037,46.69047,50.9902,45.39824,52.46904,49.81967,53.23533,57.42822,48.50773,52.34501,50.15974,47.16991,48.04165,49.09175,51.08816,51.08816,49.09175,47.01064,45.09989,48.04165,44.18144,45.04442,41.04875,42.0119,50.35871,51.0098,49.0102,43.0,45.01111,49.0,44.10215,44.01136,44.04543,41.4367,44.28318,41.59327,44.14748,39.05125,39.45884,37.36308,37.33631,39.56008,34.48188,33.10589,32.24903,33.24154,29.96665,26.92582,25.80698,22.47221,22.2036,24.20744,14.14214,17.88854,17.69181,20.61553,24.41311,25.80698,29.96665,33.10589,36.40055,38.27532,44.14748,47.29693,47.67599,52.17279,54.91812,53.08484,59.00847,59.03389,63.1981,64.13267,62.80127,69.857,69.64194,69.28925,69.07966,72.23573,73.92564,74.70609,68.09552,73.57309,72.20111,71.86793,67.6757,69.33974,67.20119,71.61006,66.03787,69.89278,63.82006,65.51336,65.45991,62.96825,60.74537,61.91123,63.28507,61.58734,55.56978,55.75841,54.70832,54.20332,55.47071,57.70615,59.9333,52.80152,53.22593,55.54278,55.9464
10.63015,10.63015,9.89949,10.63015,9.89949,9.89949,10.63015,10.0,9.89949,9.89949,10.63015,10.0,10.0,10.0,10.63015,10.0,9.21954,8.60233,10.0,9.21954,8.60233,9.21954,8.60233,8.60233,8.60233,9.43398,9.43398,8.60233,9.43398,8.60233,9.21954,8.60233,8.60233,7.81025,8.60233,7.81025,8.48528,7.81025,7.81025,7.81025,7.07107,6.40312,7.2111,6.40312,5.83095,6.40312,5.83095,5.83095,5.83095,5.38516,4.47214,4.47214,59.66574,57.48913,60.959,51.73973,55.97321,54.45181,52.49762,57.28001,54.48853,53.90733,52.40229,50.47772,54.81788,52.20153,50.21952,52.15362,49.81967,53.60037,50.21952,49.64877,53.23533,48.76474,48.54894,50.60632,45.22168,46.14109,46.09772,47.42362,46.14109,47.01064,47.41308,44.38468,45.18849,46.51881,51.26402,45.61798,47.41308,46.14109,45.17743,43.41659,43.909,42.43819,41.6173,41.40048,34.20526,41.10961,39.20459,35.35534,35.38361,34.05877,31.14482,30.0,28.42534,24.75884,24.41311,24.41311,22.82542,13.60147,21.58703,21.2132,20.09975,23.5372,24.73863,27.20294,30.08322,30.36445,36.40055,43.08132,41.59327,46.23851,47.42362,51.47815,53.82379,58.00862,57.00877,62.24147,66.48308,67.94115,64.44377,69.6563,71.84706,71.86793,73.78347,71.56116,73.57309,75.17978,69.77822,68.8767,71.69379,72.91776,69.77822,67.62396,66.64083,66.30988,67.1193,65.30697,62.16912,64.84597,67.23095,63.07139,68.42514,60.41523,64.66065,61.58734,61.77378,61.58734,55.22681,60.82763,57.68882,58.5235,58.24946,59.64059,61.85467,59.64059
11.18034,10.19804,10.19804,10.19804,10.19804,10.04988,10.04988,10.04988,10.04988,10.04988,10.04988,10.04988,10.04988,9.05539,10.04988,9.0,9.0,9.0,9.0,9.0,8.0,9.0,9.0,8.0,9.0,9.0,9.05539,9.0,8.0,9.0,8.0,8.06226,8.06226,8.06226,9.05539,8.06226,8.06226,8.24621,7.28011,7.28011,7.28011,7.28011,6.32456,6.32456,6.7082,6.7082,5.83095,5.83095,5.0,5.0,5.0,5.0,60.40695,54.40588,61.84658,58.69412,57.00877,57.00877,50.01,58.85576,48.83646,54.91812,52.95281,51.78803,53.46027,48.37355,50.63596,53.03772,53.33854,54.23099,50.15974,48.25971,53.08484,49.09175,48.09366,46.01087,45.04442,47.0,45.01111,47.01064,46.0,48.09366,50.03998,52.08647,47.01064,48.04165,46.0,47.04253,45.01111,48.04165,44.18144,48.25971,44.55334,44.14748,40.79216,37.85499,40.26164,38.27532,38.27532,36.24914,36.23534,31.76476,31.38471,29.15476,27.73085,24.16609,26.40076,25.6125,23.34524,17.08801,18.35756,17.46425,22.47221,23.25941,22.36068,26.0,30.46309,26.83282,25.05993,36.40055,36.23534,46.51881,54.81788,41.97618,47.53946,54.91812,57.42822,56.0803,59.0,64.03124,64.12488,60.20797,68.88396,68.88396,66.70832,69.2315,68.30813,67.41662,74.33034,63.15853,70.5762,67.77905,66.48308,66.12866,69.35416,63.90618,66.48308,66.30988,66.7308,69.64194,62.29767,69.64194,65.55151,66.7308,62.64184,62.39391,64.07808,65.14599,60.40695,63.56886,64.56005,68.70953,59.13544,63.06346,64.19502,59.13544
8.94427,8.544,8.544,7.61577,8.544,7.28011,7.28011,8.06226,7.07107,7.07107,7.0,7.0,7.07107,7.07107,7.0,7.0,7.07107,7.07107,7.07107,7.0,7.0,7.07107,7.07107,7.07107,7.07107,7.07107,7.28011,7.07107,7.07107,8.06226,7.0,7.07107,7.0,7.0,7.0,7.0,7.07107,6.08276,6.08276,6.08276,6.32456,6.32456,5.38516,5.38516,4.47214,4.47214,4.47214,4.47214,3.60555,3.60555,3.60555,2.82843,61.52235,56.0803,54.45181,52.63079,52.43091,51.0392,40.0,44.40721,45.79301,48.30114,39.82462,43.82921,42.48529,38.62642,43.01163,43.68066,39.56008,37.10795,39.29377,39.45884,43.56604,38.83298,36.34556,38.07887,35.90265,40.60788,40.1995,37.0,38.47077,47.04253,40.04997,48.25971,36.05551,41.0,47.38143,39.62323,37.10795,40.31129,42.44997,41.76123,40.16217,40.5216,36.68787,34.17601,38.07887,35.4683,32.75668,29.68164,32.80244,33.42155,32.20248,26.87006,25.6125,25.45584,22.67157,24.04163,23.32381,11.40175,8.60233,13.45362,15.55635,15.81139,21.0238,21.09502,26.83282,19.72308,32.75668,38.47077,35.8469,34.0,41.0,45.35416,46.32494,52.95281,51.0098,53.03772,60.0,61.03278,69.46222,64.77654,64.93843,70.03571,73.97973,73.08215,75.61085,67.23095,76.32169,69.77822,74.68601,73.82412,74.79305,73.4983,76.53757,71.69379,75.66373,71.34424,74.09453,79.92496,68.47627,76.55064,70.72482,72.11103,74.43118,73.4983,71.61006,69.40461,69.6563,71.02816,74.62573,75.43209,68.24222,70.21396,70.83784,72.24957
8.24621,8.24621,8.544,8.24621,7.28011,7.28011,6.7082,6.32456,6.32456,6.7082,6.7082,6.7082,6.7082,6.7082,6.7082,5.83095,5.83095,6.40312,6.40312,6.40312,5.83095,6.40312,5.83095,6.40312,6.40312,6.40312,6.40312,6.40312,6.40312,6.40312,5.83095,6.7082,6.7082,6.7082,5.38516,5.38516,5.38516,6.08276,5.38516,5.09902,5.09902,5.09902,5.09902,5.0,5.0,4.0,4.0,4.12311,4.12311,3.16228,4.12311,3.16228,57.58472,65.25335,61.13101,56.36488,47.01064,47.43416,53.14132,48.10405,46.06517,43.909,41.6173,41.59327,43.01163,40.81666,43.04649,41.67733,40.0,40.80441,42.0119,34.65545,35.38361,40.60788,43.13931,38.8973,41.01219,38.41875,35.60899,37.64306,38.41875,41.72529,36.79674,39.66106,38.28838,42.63801,41.7732,38.8973,37.48333,39.62323,40.31129,36.76955,39.62323,36.23534,38.27532,38.94868,38.07887,32.64966,34.48188,33.10589,29.96665,26.83282,27.313,28.4605,25.70992,25.0,24.33105,23.0,20.02498,9.05539,12.04159,12.36932,14.14214,18.11077,20.22375,24.5153,23.08679,28.28427,31.06445,32.14032,38.32754,38.83298,41.7732,44.92215,49.47727,52.49762,51.47815,56.0803,59.09315,66.18912,65.36819,63.00794,71.70077,70.72482,73.5527,72.62231,74.95332,71.58911,77.23341,69.81404,74.63243,78.23682,76.6094,75.80237,71.02816,73.23933,74.30343,72.44998,74.94665,75.17978,71.86793,72.94518,73.3553,74.30343,66.03787,74.43118,74.88658,70.3278,76.94154,73.40981,68.942,76.48529,67.54258,76.55064,72.23573,71.69379
8.94427,8.544,8.94427,7.61577,7.61577,7.28011,7.28011,6.32456,6.32456,6.32456,6.08276,7.07107,7.07107,6.08276,6.08276,7.0,6.0,7.0,6.0,6.08276,6.0,6.0,6.08276,6.08276,6.08276,6.08276,6.08276,7.07107,6.0,7.07107,6.0,7.0,7.0,7.07107,7.07107,7.0,7.07107,6.08276,6.08276,6.08276,6.32456,5.38516,5.09902,5.38516,5.0,4.47214,4.47214,3.60555,3.60555,3.60555,4.24264,3.60555,58.0,57.31492,58.0517,55.22681,53.41348,52.63079,43.27817,47.50789,42.54409,44.94441,39.11521,40.31129,41.59327,34.66987,36.67424,40.8534,35.4683,32.20248,37.69615,38.32754,37.0,36.40055,30.59412,38.8973,35.17101,34.9285,37.85499,33.54102,30.80584,35.51056,37.85499,42.72002,36.49658,39.62323,39.29377,34.52535,39.05125,39.84972,39.05125,40.16217,39.35734,37.94733,36.68787,35.1141,31.90611,34.05877,33.97058,31.40064,31.62278,29.0,31.241,29.69848,27.58623,25.80698,24.83948,22.2036,21.9545,10.77033,12.52996,11.18034,16.55295,17.46425,21.63331,26.07681,24.20744,30.80584,30.61046,36.79674,39.20459,39.20459,48.25971,50.47772,49.1935,52.92447,55.15433,57.93962,59.90826,60.01666,69.87131,69.58448,71.17584,69.11584,72.1734,72.24957,75.95393,73.1642,75.18643,76.40026,78.16009,74.04053,69.89278,78.43469,77.25283,73.40981,73.53911,74.84651,76.32169,76.05919,73.92564,75.58439,73.34848,76.48529,76.6942,75.23962,75.66373,77.17513,71.56116,69.89278,73.06162,77.69813,72.71864,75.21303,72.20111,68.88396
8.48528,7.81025,9.21954,7.81025,7.81025,7.2111,7.2111,7.2111,6.7082,8.06226,6.7082,6.7082,6.7082,6.7082,6.32456,7.28011,6.08276,7.28011,6.32456,7.28011,7.28011,7.07107,7.07107,7.07107,7.07107,7.0,7.0,8.06226,7.07107,8.06226,7.07107,8.06226,7.28011,7.28011,8.24621,8.24621,7.28011,7.61577,6.7082,6.7082,6.7082,5.83095,5.83095,5.83095,5.83095,5.0,5.0,5.0,5.0,4.24264,3.60555,3.60555,53.0,54.6443,48.25971,53.33854,52.69725,45.27693,48.60041,43.86342,43.27817,41.03657,42.44997,43.84062,38.94868,38.20995,40.60788,38.01316,44.40721,39.82462,40.24922,38.58756,36.89173,42.43819,40.24922,33.10589,42.54409,38.62642,41.14608,39.92493,37.94733,41.62932,37.57659,38.48376,42.15448,44.38468,42.54409,44.29447,42.04759,43.04649,42.19005,38.83298,41.34005,40.31129,42.0119,37.48333,34.71311,39.05125,33.97058,32.52691,36.23534,32.20248,29.41088,28.6007,26.92582,27.20294,24.18677,23.76973,22.80351,9.21954,10.81665,15.6205,17.20465,16.40122,18.38478,22.84732,26.57066,26.57066,34.48188,35.51056,41.7732,43.41659,42.0119,48.01042,51.0098,53.23533,56.08921,59.22837,60.20797,64.84597,68.00735,71.30919,71.55418,70.17834,73.78347,68.09552,70.0,73.87828,72.62231,72.13876,75.16648,76.38063,72.86288,74.27651,71.42129,77.10383,71.70077,67.20863,66.52819,69.35416,70.17834,72.18033,68.62215,67.35726,73.00685,68.24222,72.24957,67.62396,70.29225,69.02898,67.47592,70.17834,72.67049,71.84706,70.80254,64.3506
9.21954,9.48683,8.544,8.544,8.544,8.544,8.06226,8.06226,8.06226,8.06226,8.06226,8.06226,8.60233,7.81025,7.81025,7.81025,7.81025,7.81025,8.48528,8.48528,8.48528,8.48528,7.81025,7.81025,7.81025,7.81025,8.60233,9.21954,9.21954,8.60233,9.21954,9.21954,8.48528,8.48528,8.48528,8.48528,7.81025,8.60233,8.60233,7.2111,7.2111,7.2111,7.2111,6.7082,6.7082,6.7082,6.32456,6.32456,5.38516,5.09902,5.09902,5.09902,56.04463,51.41984,52.39275,52.95281,51.35173,49.0408,47.04253,49.25444,42.04759,43.18565,40.0125,43.28972,44.10215,40.11234,39.11521,42.57934,36.34556,39.81206,39.81206,39.56008,42.72002,40.60788,42.15448,41.48494,38.27532,40.80441,43.86342,38.07887,42.15448,44.01136,42.04759,45.88028,41.34005,45.18849,41.4367,43.65776,43.68066,41.4367,44.14748,44.14748,40.60788,40.79216,41.30375,39.29377,41.19466,42.04759,38.01316,40.11234,31.06445,36.49658,31.57531,31.04835,27.16616,28.63564,26.24881,21.58703,22.47221,11.7047,16.49242,15.29706,23.70654,21.93171,26.83282,27.80288,30.23243,38.41875,31.82766,37.53665,40.31129,48.41487,54.40588,54.6443,55.47071,61.32699,55.71355,63.32456,68.30813,70.34202,71.84706,70.71068,73.33485,72.02777,74.00676,78.23043,80.30567,71.34424,78.08969,69.72087,76.29548,73.34848,70.40597,69.42622,76.48529,68.41053,69.63476,68.65858,68.06614,70.34202,65.11528,68.44706,66.61081,70.03571,64.28841,68.44706,68.06614,67.08204,64.7611,65.9242,70.21396,67.46851,64.03124,58.85576,65.80274,58.69412
8.06226,8.24621,8.24621,8.24621,7.28011,7.28011,7.61577,7.61577,7.61577,7.61577,7.61577,8.06226,7.2111,7.2111,7.2111,8.06226,7.2111,7.81025,7.2111,7.2111,7.2111,7.81025,7.81025,7.07107,7.07107,8.48528,8.48528,8.48528,8.48528,9.21954,7.81025,7.81025,7.81025,7.81025,8.06226,8.06226,8.06226,7.2111,6.7082,6.7082,6.7082,6.32456,6.32456,6.32456,5.38516,5.09902,5.09902,5.09902,4.12311,4.0,4.0,4.0,56.46238,53.85165,50.59644,52.81098,53.16014,54.08327,46.09772,50.21952,51.78803,48.50773,41.10961,45.27693,42.19005,46.01087,47.09565,44.10215,48.16638,48.25971,45.17743,48.37355,45.89118,46.87217,43.41659,42.10701,46.52956,45.35416,45.70558,47.12749,45.54119,44.92215,45.88028,47.43416,48.38388,48.50773,50.59644,46.87217,51.47815,48.50773,51.24451,45.39824,43.93177,46.38965,45.17743,47.01064,41.19466,37.01351,39.20459,36.22154,33.24154,35.17101,33.52611,31.38471,27.45906,25.63201,26.92582,23.76973,25.07987,18.02776,17.02939,18.43909,22.67157,26.07681,25.0,29.15476,30.52868,35.51056,39.39543,42.15448,47.29693,49.76947,56.51548,54.91812,59.21149,60.07495,64.00781,61.13101,71.70077,72.78049,69.63476,74.04053,74.46476,79.37884,75.02666,77.36924,72.44998,73.06162,77.17513,77.17513,72.71864,73.23933,71.28113,70.80254,67.6757,67.74216,69.33974,64.3506,69.64194,65.36819,66.18912,63.95311,69.11584,60.82763,61.84658,65.0,63.63175,65.30697,64.88451,67.23095,64.07808,63.52952,61.84658,66.85058,64.62198,60.53924
10.0,10.04988,10.04988,10.04988,10.04988,9.05539,9.05539,9.21954,9.05539,9.21954,9.21954,9.21954,9.48683,9.48683,9.48683,8.544,9.48683,8.544,9.84886,8.544,8.94427,8.94427,8.94427,8.94427,8.94427,9.84886,8.94427,9.84886,9.84886,8.94427,9.48683,9.84886,9.48683,9.48683,8.24621,8.24621,8.24621,8.24621,8.24621,8.06226,7.07107,7.07107,7.07107,7.0,6.0,6.0,6.0,5.09902,5.0,5.09902,5.09902,4.12311,60.40695,53.60037,53.03772,55.08176,55.00909,51.0392,58.13777,53.00943,55.14526,49.0,49.49747,52.61179,50.80354,51.97115,53.75872,50.28916,53.60037,48.50773,53.45091,52.63079,48.10405,50.0,52.0,45.18849,47.75982,49.33559,48.75449,53.22593,49.64877,50.60632,52.83938,50.53712,52.35456,53.85165,51.89412,52.88667,50.32892,53.48832,53.45091,47.12749,50.0,50.69517,44.38468,46.52956,41.4367,39.31921,37.12142,40.0125,34.0147,35.01428,34.0147,28.01785,29.27456,30.0,25.4951,26.1725,19.92486,9.48683,12.20656,13.60147,13.60147,19.20937,20.59126,23.60085,23.85372,28.30194,32.24903,35.34119,43.01163,46.61545,47.43416,49.47727,54.23099,50.35871,59.13544,60.0,61.03278,61.29437,66.27217,66.28725,68.65858,71.56815,72.53275,69.89278,71.51224,71.17584,70.66116,69.35416,68.44706,70.26379,70.21396,68.42514,67.23095,66.18912,61.26989,66.85058,60.53924,58.60034,61.84658,58.87274,62.03225,60.74537,56.32051,59.20304,59.20304,61.84658,60.16644,61.68468,58.46366,61.18823,57.27128,62.8172,60.20797,62.514
10.44031,10.44031,9.48683,9.48683,9.48683,9.84886,9.48683,9.48683,9.84886,8.94427,8.94427,9.43398,8.94427,8.94427,8.94427,9.43398,9.43398,9.43398,8.60233,8.06226,8.94427,8.06226,8.60233,8.60233,8.60233,9.21954,9.43398,8.60233,9.43398,9.43398,9.43398,8.94427,8.94427,8.94427,9.48683,8.544,8.544,8.544,8.24621,8.24621,7.07107,8.06226,7.07107,7.0,7.0,6.0,6.08276,6.08276,5.09902,5.09902,5.09902,4.12311,53.00943,59.00847,59.5399,58.03447,63.50591,56.88585,53.93515,58.46366,54.12947,54.81788,54.33231,53.16014,57.72348,50.28916,49.39636,52.20153,54.08327,56.79789,52.0,51.89412,54.78138,52.49762,49.73932,49.76947,50.56679,49.64877,51.42956,51.0392,50.77401,51.97115,55.4617,56.35601,52.7731,55.00909,54.12947,51.89412,52.81098,50.96077,50.59644,51.1957,49.72927,47.29693,46.57252,47.67599,45.09989,40.31129,40.0125,40.31129,38.01316,37.05401,34.52535,30.26549,32.38827,25.4951,25.4951,29.41088,25.29822,6.7082,8.60233,9.84886,14.76482,14.76482,19.41649,21.93171,19.79899,27.58623,29.0,35.60899,40.36087,42.43819,48.76474,49.1935,51.62364,55.08176,53.16014,61.98387,66.75328,67.60178,69.06519,68.06614,69.11584,69.00725,71.02816,79.1012,78.26238,69.72087,72.83543,74.73286,64.53681,70.34202,69.64194,67.06713,69.26038,63.60031,68.15424,65.52099,61.98387,64.53681,62.58594,58.85576,60.40695,59.84146,64.12488,65.49046,62.36986,59.3043,58.03447,55.22681,63.03174,65.27634,60.00833,62.00806,63.03174,64.07027
8.06226,8.06226,9.0,9.0,8.0,8.0,8.06226,8.06226,8.06226,8.24621,8.06226,8.06226,8.24621,8.24621,8.544,8.24621,7.61577,7.61577,7.61577,7.61577,8.544,7.61577,7.61577,8.06226,8.94427,7.61577,8.06226,8.94427,8.94427,8.94427,8.544,8.544,8.544,8.544,7.61577,8.24621,7.28011,8.06226,7.07107,7.07107,6.08276,6.08276,6.0,6.0,6.0,5.09902,5.09902,5.09902,5.09902,4.12311,4.12311,3.60555,54.91812,54.12947,53.23533,51.15662,54.03702,51.0392,47.0,51.0,51.62364,51.15662,46.87217,50.63596,48.27007,50.9902,48.50773,52.39275,49.72927,50.92151,47.80167,48.70318,43.46263,48.10405,47.41308,48.8467,52.49762,51.89412,49.65884,50.11986,51.47815,50.11986,47.50789,51.10773,52.7731,54.70832,49.24429,55.9464,54.23099,50.15974,48.46648,48.46648,50.0,49.98,46.32494,44.38468,44.55334,43.41659,39.31921,37.21559,37.05401,32.06244,32.0,32.01562,28.16026,27.29469,28.44293,23.08679,22.36068,2.82843,5.65685,7.2111,8.48528,14.21267,16.40122,19.72308,21.0238,25.0,25.4951,34.0147,34.20526,35.90265,40.31129,43.41659,46.17359,51.0,51.08816,55.00909,57.55867,59.5399,65.0,64.56005,70.21396,71.16881,70.00714,69.07966,66.70832,69.31811,71.55418,69.77105,70.23532,68.7968,66.57327,68.60029,64.14047,65.19202,65.0,66.7308,63.50591,62.26556,62.39391,61.29437,61.32699,60.00833,64.84597,64.07808,61.98387,59.23681,60.16644,59.77458,58.82176,64.2573,60.87693,61.13101,63.89053,58.94065
9.21954,9.21954,9.05539,9.05539,9.05539,8.06226,9.0,9.0,8.06226,9.0,9.0,9.05539,9.05539,8.06226,9.05539,9.05539,8.24621,8.06226,8.24621,9.21954,8.24621,9.21954,8.24621,8.24621,8.544,8.24621,8.24621,9.21954,9.48683,9.21954,9.21954,9.21954,9.21954,9.05539,8.06226,8.06226,8.0,8.0,8.0,8.06226,7.07107,7.07107,7.07107,6.08276,6.32456,5.38516,5.38516,5.38516,4.47214,5.0,5.0,4.24264,51.47815,54.12024,61.26989,51.97115,51.47815,55.54278,49.76947,56.0803,50.0,52.49762,50.59644,50.59644,47.80167,47.29693,49.36598,47.67599,48.50773,47.26521,48.50773,49.64877,50.48762,47.26521,52.00961,51.24451,49.0408,49.09175,46.01087,49.0408,51.0392,45.0,46.01087,53.15073,53.00943,53.00943,51.0098,55.08176,53.46027,56.7186,52.17279,46.38965,50.96077,48.83646,50.69517,46.48656,45.54119,40.16217,42.48529,42.04759,40.81666,36.89173,34.1321,29.41088,32.55764,29.0,31.82766,24.75884,26.1725,9.48683,8.544,13.0,14.21267,16.76305,16.55295,18.68154,27.65863,27.01851,29.27456,32.57299,34.52535,38.11824,44.04543,52.15362,48.50773,55.7853,50.44799,61.40033,68.00735,62.24147,62.17717,65.74192,68.96376,64.3506,72.40166,70.72482,73.40981,68.76772,74.20243,66.46804,71.44928,70.0928,68.593,65.29931,67.89698,61.55485,66.52819,68.24954,68.593,71.44928,58.13777,65.11528,65.80274,66.70832,64.3506,62.93648,63.25346,66.70832,58.72819,59.03389,57.68882,66.85058,59.40539,65.36819,63.00794,62.00806
10.29563,9.43398,10.29563,10.29563,9.43398,9.43398,9.21954,9.21954,10.0,9.21954,9.89949,9.89949,9.89949,9.89949,9.89949,9.21954,10.0,10.0,9.21954,10.0,10.0,10.0,10.0,10.0,10.0,9.43398,10.29563,10.81665,10.0,10.0,10.0,10.63015,10.63015,10.63015,10.0,9.89949,9.89949,9.21954,9.21954,9.21954,8.60233,8.60233,7.2111,7.2111,7.2111,6.7082,6.7082,6.7082,6.32456,5.38516,5.38516,5.09902,50.35871,57.27128,55.31727,54.23099,47.16991,44.92215,53.16014,45.54119,49.76947,47.16991,48.02083,50.60632,48.8774,52.47857,51.86521,48.01042,54.81788,48.60041,51.22499,50.24938,50.20956,48.10405,45.96738,53.75872,48.27007,50.9902,49.0408,51.62364,53.03772,53.00943,52.40229,51.86521,52.63079,52.34501,54.67175,51.66237,53.8145,55.86591,48.83646,47.38143,51.73973,47.01064,49.09175,46.87217,43.909,44.10215,40.70626,42.05948,39.39543,41.4367,37.16181,35.8469,32.31099,33.52611,30.41381,30.26549,27.29469,8.60233,11.40175,14.76482,16.64332,19.20937,18.86796,22.2036,24.75884,29.06888,32.52691,38.41875,36.89173,42.05948,43.909,46.14109,46.95743,47.53946,56.61272,58.18935,58.24946,61.66036,62.8172,66.48308,66.18912,66.0,68.00735,66.1211,66.1211,69.11584,65.27634,72.24957,68.35934,71.17584,67.60178,71.34424,65.49046,69.18092,64.49806,64.62971,66.27217,63.50591,67.02984,60.13319,67.1193,61.07373,65.06919,61.0082,58.0,63.00794,62.03225,63.07139,60.20797,57.0,57.21888,61.07373,58.54912,57.07889
8.94427,8.94427,9.48683,9.84886,8.544,8.544,9.21954,8.24621,9.21954,9.21954,9.21954,9.21954,9.05539,9.05539,9.05539,9.05539,9.0,9.0,9.0,9.0,9.0,9.05539,9.0,9.0,10.04988,9.0,9.05539,10.04988,10.04988,10.0,10.0,10.04988,10.0,9.0,9.0,9.05539,8.06226,9.05539,8.06226,8.06226,7.28011,7.28011,7.28011,7.28011,6.32456,6.32456,6.32456,5.38516,5.38516,5.83095,5.0,5.0,50.80354,58.41233,49.64877,52.15362,51.10773,47.01064,51.10773,48.75449,49.76947,43.46263,46.95743,46.09772,47.80167,45.88028,50.0,47.53946,48.27007,45.70558,51.62364,51.1957,46.38965,46.52956,50.01,49.0102,50.0,51.08816,47.04253,51.0098,52.00961,53.03772,50.03998,44.01136,52.08647,53.0,53.00943,53.03772,53.03772,54.03702,52.15362,51.35173,50.63596,50.44799,50.69517,49.0408,46.32494,42.72002,42.72002,43.32436,36.05551,40.49691,37.33631,31.30495,33.61547,33.12099,29.83287,29.0,24.83948,10.04988,8.544,13.60147,16.03122,20.02498,17.0,24.08319,26.1725,25.17936,31.40064,36.13862,35.73514,40.49691,44.27189,43.08132,43.82921,47.41308,54.91812,54.6443,58.82176,57.68882,64.66065,63.65532,67.20863,68.11755,66.4003,63.25346,67.47592,69.63476,66.61081,67.95587,67.41662,72.94518,70.21396,72.11103,66.88797,70.49113,67.1193,67.23095,66.57327,61.91123,61.85467,61.85467,66.4003,57.80138,66.03787,58.60034,58.82176,58.89822,62.93648,63.89053,59.5483,64.38167,61.7171,58.0517,58.72819,60.82763
9.05539,8.06226,9.21954,8.24621,8.24621,8.24621,8.544,8.544,8.94427,8.544,8.544,8.544,8.94427,8.06226,8.06226,9.43398,8.60233,9.43398,8.60233,9.21954,8.06226,8.60233,9.21954,8.60233,9.21954,9.21954,9.21954,9.21954,9.21954,10.0,9.43398,9.21954,8.60233,8.60233,8.94427,8.94427,8.94427,8.544,7.61577,7.61577,7.61577,7.28011,7.28011,7.28011,6.32456,6.08276,6.08276,6.08276,5.09902,5.0,5.0,4.0,48.01042,48.04165,48.04165,47.16991,52.7731,52.7731,45.12206,51.1957,46.48656,50.59644,50.15974,50.56679,47.53946,43.82921,46.95743,49.39636,46.32494,44.41846,45.17743,48.54894,49.92995,52.15362,48.60041,48.01042,49.20366,47.63402,49.67897,47.63402,46.75468,51.85557,53.8145,53.8145,51.08816,54.56189,53.15073,52.63079,49.51767,53.41348,48.01042,50.21952,52.15362,48.8774,48.8774,42.94182,43.04649,41.59327,41.4367,39.92493,37.94733,37.85499,40.04997,33.54102,31.40064,29.42788,30.80584,27.29469,25.0,7.81025,10.81665,7.81025,15.6205,15.55635,21.40093,23.32381,23.60085,31.38471,27.78489,35.4683,36.68787,37.0,42.37924,41.97618,48.27007,53.23533,51.35173,57.21888,58.03447,58.00862,58.03447,59.4138,62.20129,65.76473,63.34824,67.46851,69.92138,63.32456,68.68042,63.60031,67.6757,66.40783,67.6757,68.30813,66.40783,62.93648,64.51356,59.77458,62.03225,65.14599,65.96969,64.28841,60.44005,63.34824,60.20797,62.8172,61.98387,57.55867,60.67125,61.40033,58.85576,57.42822,58.21512,55.22681,53.60037,51.1957
8.544,8.94427,8.544,8.544,8.544,8.24621,8.24621,8.06226,8.24621,8.06226,9.05539,9.0,9.0,8.0,8.0,9.0,8.0,9.0,9.05539,9.05539,8.06226,9.05539,8.06226,9.21954,9.05539,9.05539,9.05539,9.05539,9.05539,9.05539,9.05539,10.0,10.0,9.0,9.05539,9.05539,8.06226,8.06226,8.06226,8.06226,7.28011,7.28011,7.28011,6.32456,6.32456,5.83095,5.83095,5.83095,5.0,5.0,5.0,5.0,52.00961,53.8145,52.69725,49.92995,58.18075,48.02083,52.80152,48.75449,48.08326,43.65776,47.92703,50.59644,49.0408,50.44799,48.38388,47.29693,50.01,53.08484,52.34501,50.35871,53.36666,51.0392,51.15662,49.0408,51.0098,48.0,46.17359,51.08816,52.15362,55.0,51.15662,52.00961,53.00943,53.08484,55.08176,52.15362,53.00943,54.0,54.03702,53.08484,47.67599,47.29693,50.80354,51.92302,49.72927,43.17407,46.17359,47.12749,33.61547,36.76955,35.8469,37.12142,39.81206,34.43835,30.80584,31.06445,26.1725,8.0,15.52417,12.64911,18.02776,18.11077,22.02272,21.0238,27.0,27.07397,32.06244,31.40064,38.63936,39.84972,42.72002,44.94441,45.65085,53.85165,53.7122,53.7122,59.20304,60.0,63.41136,66.8431,68.88396,70.71068,67.94115,66.70832,70.60453,74.51845,69.02898,66.0303,67.20119,68.11755,71.21798,71.8401,68.7968,71.06335,65.51336,63.82006,68.41053,64.63745,69.81404,63.00794,71.06335,59.5483,68.593,67.20863,60.82763,66.48308,65.19202,60.1415,57.28001,60.959,62.24147,61.52235,60.1415,59.4138
8.94427,9.84886,9.48683,9.48683,9.48683,9.48683,8.544,9.21954,9.21954,9.05539,10.19804,9.05539,9.05539,10.04988,9.05539,10.04988,9.05539,10.04988,9.0,10.0,10.0,10.0,10.0,10.04988,10.04988,10.04988,10.04988,10.04988,10.0,10.0,10.04988,11.0,10.0,10.04988,10.04988,9.05539,9.05539,9.05539,9.21954,9.21954,8.24621,8.24621,7.61577,7.28011,6.7082,6.32456,6.7082,5.83095,5.83095,5.83095,5.0,5.0,53.03772,48.83646,56.63921,52.00961,49.81967,49.0408,49.81967,55.21775,47.16991,51.86521,50.11986,48.37355,52.7731,51.47815,51.0,50.53712,50.32892,53.48832,49.64877,50.92151,53.60037,49.72927,55.54278,53.15073,50.24938,51.78803,50.44799,53.60037,50.63596,50.9902,53.93515,52.17279,57.72348,57.87055,51.1957,56.29387,56.51548,55.65968,62.39391,51.62364,51.89412,47.16991,52.92447,44.65423,48.8774,46.52956,43.38202,40.60788,39.66106,38.41875,38.60052,37.53665,34.20526,36.76955,29.73214,28.28427,26.92582,4.12311,7.61577,6.0,15.13275,14.56022,17.11724,19.23538,24.02082,25.31798,30.26549,31.40064,36.05551,39.56008,41.23106,45.60702,45.65085,52.35456,54.3783,53.85165,63.41136,61.6198,63.65532,60.10824,62.36986,63.12686,64.66065,65.80274,68.09552,66.85058,72.71864,68.09552,68.24222,71.02112,69.11584,70.23532,64.14047,67.23095,69.35416,66.64833,66.7308,66.24198,65.8635,69.64194,64.84597,63.13478,69.63476,60.74537,64.89992,62.42596,62.68174,60.46487,64.49806,60.21628,60.60528,59.40539,62.62587,58.60034
10.81665,10.0,10.81665,10.29563,9.43398,9.84886,9.84886,9.84886,9.84886,9.84886,9.84886,9.48683,9.48683,9.48683,9.48683,9.48683,9.21954,9.21954,9.48683,10.44031,9.48683,10.19804,9.21954,10.19804,10.19804,10.04988,10.19804,10.19804,10.19804,10.19804,10.44031,10.44031,10.44031,9.48683,10.44031,9.84886,9.84886,9.84886,8.94427,8.94427,9.43398,8.06226,8.60233,7.2111,7.81025,7.07107,6.40312,7.07107,5.65685,5.65685,5.0,5.0,60.20797,56.72742,52.34501,59.66574,53.00943,47.01064,53.90733,49.92995,50.0,48.37355,49.24429,50.24938,52.0,50.47772,48.46648,51.07837,47.42362,46.51881,47.53946,48.76474,52.17279,49.47727,46.17359,49.0306,45.31004,44.27189,51.1957,52.88667,48.50773,49.49747,54.33231,53.15073,44.91102,51.97115,51.47815,50.21952,54.70832,48.50773,50.59644,54.70832,54.08327,51.07837,48.30114,43.38202,43.86342,39.96248,42.43819,41.88078,36.89173,37.20215,37.01351,33.30165,32.01562,30.41381,28.6007,25.4951,30.61046,3.16228,8.48528,8.544,12.36932,16.27882,15.29706,17.26268,19.31321,25.31798,25.07987,34.0147,34.0147,35.35534,37.65634,43.17407,45.12206,49.64877,55.36244,49.65884,57.45433,60.53924,59.64059,60.21628,59.81639,64.38167,64.3506,66.6033,63.70243,68.62215,65.21503,63.89053,67.00746,67.74216,63.81222,66.57327,70.45566,66.61081,65.80274,62.43397,66.57327,67.6757,60.21628,63.60031,65.45991,61.03278,65.79514,65.94695,61.22091,62.482,63.00794,63.41136,62.28965,62.20129,59.5483,56.58622,61.07373,58.0517
11.7047,10.77033,9.84886,10.77033,9.84886,10.77033,11.18034,11.18034,10.29563,9.84886,10.29563,10.81665,9.43398,9.43398,10.0,10.0,10.0,10.0,9.21954,9.21954,10.0,9.21954,10.0,9.21954,8.48528,9.21954,9.89949,9.89949,9.89949,9.89949,9.21954,9.21954,10.0,8.60233,9.43398,9.43398,9.43398,8.94427,8.94427,8.544,8.544,8.544,7.61577,7.28011,7.28011,7.28011,7.07107,6.08276,6.08276,6.08276,6.0,5.0,62.29767,56.75385,64.84597,60.08328,53.31041,57.93962,54.08327,57.24509,49.65884,52.0,52.83938,53.23533,54.3783,53.33854,53.82379,52.15362,48.01042,51.85557,51.08816,49.81967,52.20153,45.34314,50.93133,50.20956,49.51767,48.27007,50.20956,52.49762,53.07542,51.66237,53.90733,51.66237,53.2635,52.40229,50.24938,53.03772,53.75872,53.41348,55.22681,54.81788,46.01087,43.60046,45.34314,47.20169,46.04346,40.70626,43.56604,41.34005,41.62932,35.4683,36.68787,35.4683,33.24154,28.4605,26.92582,26.30589,30.14963,3.0,6.32456,4.24264,7.81025,6.40312,7.07107,10.19804,14.14214,16.03122,17.02939,21.93171,27.313,29.73214,36.89173,39.96248,39.05125,48.16638,43.84062,47.42362,53.82379,56.60389,61.77378,60.03332,61.29437,64.4748,68.30813,64.56005,67.44627,64.03124,73.97973,67.91171,70.03571,71.84706,71.58911,70.85901,73.43705,69.05071,65.49046,66.91039,70.5762,69.58448,65.76473,70.71068,67.89698,67.89698,68.593,66.28725,70.21396,71.06335,64.53681,70.61161,67.68309,68.41053,64.32729,65.96969,67.68309,63.56099
11.18034,10.44031,10.44031,9.48683,9.48683,9.48683,9.84886,9.84886,10.29563,9.84886,9.84886,9.84886,9.84886,9.48683,8.94427,10.29563,10.29563,9.43398,8.60233,8.60233,8.60233,8.60233,9.43398,8.60233,8.60233,10.0,9.43398,10.0,9.21954,10.0,9.43398,9.43398,8.06226,9.43398,8.94427,8.94427,8.544,8.544,8.544,7.61577,7.28011,7.28011,7.28011,7.07107,7.07107,6.08276,6.08276,6.08276,5.0,5.0,5.09902,4.12311,58.42089,56.4358,56.7186,57.21888,60.40695,53.15073,54.34151,52.17279,51.5461,52.39275,51.24451,53.45091,53.16014,52.81098,48.76474,49.64877,49.76947,50.15974,54.23099,53.7122,54.56189,51.47815,43.04649,50.53712,50.08992,48.37355,52.7731,48.8774,51.62364,50.24938,54.08327,49.73932,52.47857,49.92995,50.11986,49.92995,48.76474,52.83938,48.33218,49.76947,49.24429,45.35416,45.60702,45.54119,43.41659,43.93177,39.45884,41.4367,36.34556,36.12478,35.22783,31.257,31.06445,35.51056,27.45906,25.4951,25.63201,8.06226,10.19804,4.0,5.0,3.0,0.0,2.23607,7.28011,14.86607,16.03122,23.34524,31.30495,22.36068,28.84441,29.41088,36.87818,33.42155,38.83298,43.60046,42.19005,48.37355,50.08992,51.62364,54.08327,59.90826,57.72348,59.22837,59.4138,61.98387,59.5399,64.38167,60.29925,61.07373,60.13319,61.20457,64.03124,66.00758,62.1289,59.07622,64.12488,62.0,65.19202,64.00781,63.12686,61.03278,69.72087,65.00769,64.28063,67.36468,65.27634,59.13544,64.00781,67.1193,67.02984,65.76473,65.00769,63.3877
10.19804,10.04988,10.04988,10.19804,10.04988,10.0,10.0,10.04988,10.04988,9.0,10.0,10.04988,9.05539,9.05539,9.05539,10.19804,9.21954,10.19804,9.21954,9.21954,8.24621,8.24621,9.48683,9.21954,8.24621,9.48683,9.48683,9.48683,9.48683,9.48683,9.21954,9.48683,9.48683,9.21954,9.21954,9.21954,8.06226,8.06226,8.0,7.07107,8.0,7.0,7.0,7.0,6.0,6.0,6.08276,6.0,5.09902,5.09902,4.12311,4.12311,59.66574,63.06346,63.50591,59.03389,61.03278,57.14018,55.57877,56.56854,58.03447,56.0803,60.00833,57.00877,57.70615,54.23099,56.22277,58.46366,56.56854,51.24451,53.75872,52.61179,51.97115,50.44799,54.40588,50.01,54.34151,53.45091,51.24451,51.26402,50.59644,54.78138,52.81098,56.64804,48.10405,51.5461,54.626,57.00877,56.921,51.24451,53.15073,53.45091,54.81788,51.62364,50.35871,45.54119,48.09366,45.0,40.11234,41.01219,45.04442,37.12142,41.0,34.1321,35.51056,30.59412,31.14482,29.15476,25.70992,5.0,5.09902,6.7082,2.0,3.16228,5.0,8.94427,9.05539,13.60147,15.23155,18.68154,24.69818,23.4094,27.89265,32.89377,37.12142,38.20995,40.0125,43.18565,46.0,50.08992,52.08647,59.84146,57.07013,60.16644,59.43904,61.13101,61.03278,59.80803,62.93648,60.74537,61.32699,61.46544,61.84658,63.90618,68.54196,61.84658,62.03225,59.23681,66.12866,61.46544,65.14599,66.7308,67.6757,66.48308,66.09841,64.56005,71.06335,64.19502,67.68309,66.40783,69.2315,70.34202,64.03124,69.63476,65.73431,63.15061
11.18034,11.18034,11.18034,12.08305,11.18034,10.29563,10.29563,10.81665,10.29563,10.81665,10.81665,10.0,10.81665,10.0,10.63015,10.63015,10.0,9.89949,10.63015,10.63015,10.63015,9.89949,9.21954,9.89949,9.89949,9.89949,9.89949,9.89949,9.89949,9.89949,10.63015,9.89949,10.0,10.0,10.0,9.21954,10.0,8.60233,8.60233,8.06226,8.06226,8.06226,8.06226,6.7082,6.7082,6.32456,6.32456,6.32456,6.08276,6.08276,5.09902,5.09902,65.03076,61.29437,62.96825,59.4138,60.20797,58.24946,61.81424,55.7315,53.93515,55.65968,58.5235,53.48832,55.97321,57.00877,52.49762,58.87274,53.31041,55.9017,53.31041,53.23533,55.07268,54.3783,53.0,57.27128,49.1935,54.626,52.20153,53.82379,49.39636,50.60632,53.82379,53.2635,56.85948,56.60389,52.20153,51.97115,50.11986,54.56189,55.07268,50.15974,49.65884,49.24429,52.35456,45.69464,47.43416,41.10961,39.84972,39.84972,37.65634,37.21559,37.65634,32.38827,31.257,32.0,33.0,35.01428,25.01999,3.16228,2.0,4.0,5.0,4.47214,6.40312,11.40175,16.40122,15.6205,22.62742,24.08319,25.4951,33.01515,33.12099,34.88553,37.33631,42.95346,41.10961,47.43416,50.96077,51.97115,54.91812,53.60037,54.23099,59.13544,57.03508,59.03389,63.00794,57.03508,67.26812,63.1981,62.03225,63.1981,60.40695,58.13777,58.13777,61.03278,63.07139,62.07254,65.27634,62.514,63.00794,61.0082,64.19502,65.00769,62.03225,65.06919,64.12488,67.00746,63.12686,69.00725,67.02984,67.36468,62.00806,70.06426,69.06519,72.33948
10.81665,10.0,10.63015,10.63015,10.63015,10.0,10.63015,9.89949,10.63015,9.89949,9.89949,9.89949,9.89949,9.89949,9.21954,9.21954,9.21954,9.21954,9.21954,8.60233,8.60233,8.60233,9.21954,8.60233,8.60233,9.21954,8.60233,8.60233,8.60233,9.21954,8.60233,8.60233,8.48528,8.48528,8.48528,8.48528,7.81025,7.81025,7.2111,7.2111,7.2111,7.2111,7.2111,5.83095,5.83095,5.38516,5.38516,5.38516,5.38516,5.09902,4.12311,4.0,63.63961,58.0517,58.00862,59.66574,58.0,56.72742,56.85068,57.00877,56.40035,53.2635,52.20153,58.60034,51.10773,55.22681,51.31277,53.0,53.33854,53.23533,51.0,53.23533,56.35601,51.62364,51.07837,50.32892,50.53712,50.15974,51.42956,48.38388,45.31004,53.7122,49.0408,50.08992,50.56679,51.24451,50.53712,49.24429,47.42362,46.64762,46.52956,50.11986,45.80393,42.43819,43.01163,39.11521,41.6173,38.8973,39.59798,39.62323,34.65545,31.14482,32.55764,29.06888,26.92582,28.6007,22.2036,23.70654,21.47091,6.40312,10.77033,13.0,16.49242,16.03122,17.46425,22.2036,23.02173,27.07397,35.12834,29.61419,34.71311,37.10795,39.21734,44.92215,46.23851,50.9902,48.30114,53.7122,58.24946,55.80323,60.0,59.5483,60.10824,65.11528,62.28965,61.7171,61.7171,62.36986,61.6198,63.60031,60.959,63.41136,59.64059,61.85467,64.07027,63.82006,62.482,62.00806,63.12686,62.36986,64.53681,64.81512,62.24147,63.78087,62.96825,63.78087,65.79514,62.93648,67.17887,63.70243,66.46804,64.81512,62.96825,66.48308,63.65532,63.65532
11.40175,10.44031,11.18034,10.44031,10.44031,11.18034,10.19804,11.18034,10.19804,11.04536,10.19804,10.19804,10.04988,10.04988,10.04988,10.04988,10.04988,10.04988,10.0,10.04988,10.04988,10.04988,9.05539,10.0,10.0,9.0,10.0,10.0,10.04988,10.04988,9.05539,9.05539,9.21954,9.05539,9.21954,8.24621,8.24621,8.24621,7.28011,7.28011,7.28011,6.32456,6.32456,6.32456,5.83095,5.83095,5.83095,5.0,4.47214,4.47214,3.60555,3.60555,63.07139,58.18075,52.80152,54.20332,60.74537,52.80152,62.62587,52.55473,56.921,48.38388,51.5461,55.36244,55.54278,57.00877,53.85165,52.39275,54.12024,54.74486,47.51842,54.45181,53.93515,50.63596,48.50773,51.24451,50.35871,50.48762,51.78803,49.25444,50.24938,48.50773,49.09175,47.16991,55.14526,52.08647,55.7315,45.27693,48.16638,49.49747,49.47727,49.72927,45.35416,40.5216,43.9659,41.76123,42.72002,38.27532,35.34119,40.71855,31.95309,29.15476,27.73085,26.07681,28.30194,28.01785,23.32381,22.02272,20.61553,10.81665,12.04159,19.72308,20.24846,26.0,22.13594,28.16026,30.26549,31.14482,35.51056,38.0526,38.83298,44.18144,48.37355,48.50773,50.28916,53.16014,53.14132,57.93962,58.69412,56.79789,64.49806,60.46487,63.41136,62.62587,64.03124,66.8431,62.93648,67.89698,63.25346,62.36986,61.6198,61.55485,64.3506,63.65532,60.10824,64.44377,58.69412,62.36986,63.12686,60.60528,60.60528,55.22681,64.40497,56.22277,62.20129,62.00806,60.80296,66.28725,65.80274,64.49806,67.1193,59.64059,58.83026,61.40033,61.91123,60.20797
10.19804,10.19804,10.04988,10.19804,10.04988,10.04988,10.04988,10.04988,10.04988,10.04988,10.04988,10.04988,10.0,10.0,10.0,10.0,9.0,10.0,9.0,10.0,9.0,9.05539,9.0,9.0,9.0,9.0,9.0,9.0,9.0,9.0,9.0,9.0,9.0,8.06226,8.06226,8.06226,7.28011,7.28011,7.28011,7.28011,6.32456,6.32456,6.32456,5.38516,5.38516,5.38516,4.47214,4.47214,4.47214,4.47214,3.60555,3.60555,56.88585,59.03389,65.73431,51.78803,54.91812,57.07013,55.7315,58.85576,52.7731,55.44367,50.15974,52.08647,53.15073,55.3263,51.24451,52.0,55.03635,53.15073,51.0,49.0102,51.0098,51.0098,54.14795,51.15662,52.03845,52.15362,49.16299,54.14795,49.09175,48.09366,48.01042,48.01042,54.08327,52.08647,50.08992,50.01,50.03998,47.01064,47.38143,40.4475,45.09989,41.30375,42.57934,40.31129,43.68066,37.65634,37.10795,35.17101,32.01562,29.12044,28.23119,25.63201,25.07987,26.92582,22.47221,21.93171,20.80865,19.69772,18.43909,20.51828,24.83948,23.60085,26.40076,32.20248,34.48188,32.24903,40.70626,44.01136,42.05948,44.92215,48.50773,51.41984,54.08327,57.0,55.00909,55.14526,60.13319,64.62971,63.15061,63.06346,65.52099,66.48308,63.89053,55.54278,66.30988,64.4748,68.942,61.32699,64.84597,64.4748,61.7414,61.7414,62.16912,63.07139,63.06346,62.64982,63.69458,62.16912,64.40497,59.23681,65.55151,56.64804,59.20304,56.85948,63.90618,66.40783,64.51356,65.45991,60.72891,59.46427,55.97321,65.19202,64.84597,61.84658
8.24621,8.24621,9.21954,8.24621,8.24621,8.06226,8.06226,8.06226,8.06226,8.0,8.06226,8.0,8.0,8.0,7.07107,8.0,7.07107,7.07107,7.07107,7.07107,7.07107,8.06226,7.07107,7.28011,7.28011,7.07107,7.28011,8.24621,8.24621,7.07107,8.06226,7.07107,8.06226,7.0,7.0,7.0,7.0,7.0,7.07107,6.08276,6.08276,6.08276,6.08276,5.09902,5.38516,5.38516,5.38516,4.47214,4.47214,4.47214,3.60555,3.60555,56.93856,59.05929,57.38467,56.85948,55.4617,50.69517,54.91812,49.64877,47.16991,49.76947,49.64877,47.53946,46.57252,48.50773,45.12206,45.70558,49.49747,49.49747,49.09175,45.09989,44.28318,42.04759,50.03998,43.01163,46.01087,45.0,47.04253,47.0,47.09565,46.01087,42.10701,47.16991,52.00961,52.08647,46.0,48.01042,47.04253,48.01042,46.09772,45.17743,44.28318,41.97618,46.09772,38.83298,42.2019,34.71311,35.73514,38.60052,29.54657,29.15476,29.96665,29.15476,25.55386,29.54657,25.80698,23.60085,26.1725,8.60233,12.80625,15.55635,19.10497,20.59126,23.02173,24.59675,28.23119,32.31099,36.76955,40.5216,39.05125,44.72136,45.04442,49.09175,52.34501,52.03845,53.93515,59.68249,61.0,60.87693,64.84597,65.19202,65.39113,65.79514,67.54258,62.64982,66.37017,64.49806,68.50547,66.03787,61.77378,65.80274,59.5399,59.36329,64.89992,63.60031,61.03278,66.57327,63.51378,67.6757,63.28507,65.45991,67.74216,64.84597,58.5235,63.13478,61.91123,66.24198,65.51336,64.66065,63.63175,61.91123,62.64982,65.36819,65.0,61.7414
10.0,9.43398,10.29563,9.43398,10.29563,9.43398,9.43398,8.94427,8.94427,8.94427,9.48683,8.94427,9.48683,8.544,8.24621,9.21954,9.21954,9.21954,8.24621,9.21954,9.21954,9.21954,9.21954,9.05539,9.05539,9.21954,9.05539,9.05539,9.05539,9.21954,9.21954,9.21954,9.21954,9.21954,8.544,8.544,8.544,8.544,7.61577,7.61577,7.61577,6.7082,6.7082,5.83095,5.83095,5.83095,5.83095,5.0,5.0,5.65685,5.0,4.24264,56.72742,55.22681,60.1415,57.98276,53.74012,55.15433,48.16638,51.73973,53.53504,52.80152,48.9183,46.61545,48.01042,51.0,44.94441,48.37355,49.64877,44.72136,47.41308,42.48529,47.92703,44.28318,48.08326,47.41308,46.17359,49.64877,45.69464,49.72927,47.12749,44.27189,45.31004,49.64877,49.72927,48.76474,46.8188,52.7731,49.64877,49.98,52.3259,49.64877,46.52956,44.65423,43.909,42.72002,44.10215,39.20459,38.41875,42.80187,33.30165,34.65545,31.14482,31.241,33.30165,29.68164,26.62705,24.83948,24.69818,10.77033,10.81665,12.04159,17.02939,19.72308,21.47091,22.84732,29.12044,32.24903,35.51056,37.01351,43.01163,42.04759,46.38965,50.80354,48.10405,53.31041,57.77543,57.24509,60.82763,67.1193,70.72482,61.7171,66.06815,68.0147,65.79514,70.93659,65.29931,69.42622,64.2028,67.42403,65.29931,70.29225,67.42403,68.88396,71.28113,65.45991,66.37017,68.00735,69.81404,68.24222,68.24954,66.0303,65.60488,60.30755,70.83784,66.4003,64.03124,66.6033,64.66065,64.66065,69.2026,68.24954,60.60528,65.60488,60.959,66.52819
9.21954,9.21954,9.21954,9.21954,8.48528,7.81025,7.81025,7.81025,7.81025,7.81025,7.81025,7.2111,7.81025,7.2111,7.2111,8.06226,8.06226,7.2111,7.61577,8.06226,7.61577,7.61577,7.61577,7.61577,7.61577,7.61577,7.28011,7.61577,7.61577,8.544,8.06226,8.06226,8.06226,7.2111,7.2111,7.2111,7.81025,6.40312,7.07107,5.65685,6.40312,6.40312,5.65685,5.0,5.0,5.0,4.47214,4.47214,4.47214,4.12311,4.12311,4.12311,56.72742,54.81788,61.07373,53.03772,47.38143,52.3259,46.2277,55.17246,46.66905,52.20153,45.80393,46.2277,45.80393,44.04543,48.54894,45.17743,45.79301,43.04649,45.17743,45.17743,45.69464,41.78516,44.38468,45.18849,42.48529,41.67733,45.69464,48.33218,43.65776,50.96077,46.57252,49.0408,46.23851,48.08326,47.92703,49.76947,45.61798,43.909,45.48626,46.64762,46.87217,42.94182,39.66106,39.40812,40.0,34.82815,42.42641,36.23534,37.48333,33.42155,29.41088,27.20294,26.62705,28.84441,25.05993,21.0238,21.47091,12.64911,17.49286,16.27882,19.10497,21.93171,27.20294,30.46309,33.83785,35.17101,32.01562,41.59327,44.0,44.04543,48.16638,50.9902,53.15073,57.28001,57.00877,63.15853,62.26556,66.88797,63.60031,65.43699,69.81404,65.79514,70.76722,68.62215,71.42129,65.8559,71.50524,61.07373,71.21798,69.40461,73.00685,66.85058,69.11584,64.40497,65.60488,67.20119,66.8431,68.00735,64.53681,70.93659,63.60031,63.00794,70.17834,62.00806,66.21933,63.60031,67.80118,67.35726,62.28965,64.44377,61.84658,63.60031,70.29225,64.40497
9.89949,9.89949,8.48528,9.21954,7.81025,9.21954,9.21954,7.81025,8.48528,8.06226,8.60233,8.06226,8.06226,8.06226,8.06226,8.06226,8.06226,8.06226,7.61577,7.61577,7.61577,7.61577,7.61577,7.28011,8.544,7.61577,7.61577,8.544,8.544,7.61577,7.61577,8.544,8.06226,8.06226,7.2111,7.2111,7.2111,7.2111,7.2111,6.40312,5.65685,5.65685,5.0,5.65685,5.0,4.24264,5.0,4.24264,3.60555,3.60555,3.60555,3.60555,57.70615,53.31041,55.03635,52.0,54.626,52.35456,52.83938,50.11986,49.92995,46.14109,46.64762,45.17743,49.09175,48.76474,44.65423,44.82187,46.75468,46.2277,45.27693,44.04543,42.44997,44.55334,41.86884,41.72529,38.8973,43.41659,42.44997,46.32494,46.09772,44.59821,43.18565,46.09772,45.22168,45.60702,44.04543,48.10405,46.01087,48.79549,46.09772,41.7732,40.22437,39.62323,39.20459,38.83298,34.66987,31.06445,31.62278,36.23534,26.92582,29.41088,25.05993,23.70654,24.35159,28.4605,21.58703,20.39608,20.22375,15.6205,18.02776,18.78829,21.18962,27.20294,25.31798,27.0,32.01562,37.12142,38.63936,40.26164,41.10961,46.61545,52.92447,50.9902,49.92995,58.82176,60.30755,62.482,62.36986,65.19202,68.88396,66.88797,72.11103,67.97794,69.31811,69.857,69.46222,67.77905,65.0,68.35203,66.12866,69.26038,62.64184,68.15424,63.89053,64.84597,60.40695,60.72891,69.26038,62.93648,66.09841,63.69458,65.78754,61.98387,58.5235,63.89053,64.62198,63.95311,68.15424,62.03225,62.24147,61.68468,64.28841,62.93648,61.84658,61.46544
10.63015,10.63015,10.63015,9.21954,9.89949,9.89949,9.21954,9.21954,9.21954,9.21954,8.48528,9.21954,8.48528,9.21954,9.21954,8.60233,8.60233,7.81025,8.60233,8.60233,7.81025,8.60233,8.60233,8.06226,8.06226,8.06226,8.06226,8.60233,8.60233,8.60233,8.60233,7.81025,7.81025,7.81025,7.81025,7.81025,7.07107,7.07107,6.40312,6.40312,6.40312,6.40312,5.83095,5.83095,5.83095,5.83095,5.38516,5.38516,4.47214,4.47214,5.09902,4.12311,60.37384,61.29437,51.61395,62.20129,56.4358,57.98276,55.47071,53.85165,48.02083,53.2635,50.80354,50.44799,50.60632,49.57822,44.55334,49.0408,51.62364,48.79549,48.79549,43.84062,47.42362,43.86342,46.69047,40.36087,43.93177,41.10961,41.23106,43.41659,44.82187,43.909,48.25971,47.43416,44.68781,49.81967,48.01042,46.01087,43.13931,46.09772,43.86342,43.86342,42.52058,43.93177,38.83298,43.26662,37.73592,36.71512,36.71512,30.01666,34.0,27.73085,31.7805,24.73863,27.89265,23.5372,27.20294,26.24881,26.4764,19.84943,18.60108,19.72308,25.63201,26.0,28.4605,34.52535,32.55764,43.0,41.0,43.0,49.25444,48.83646,56.51548,61.03278,56.35601,59.03389,57.3062,60.46487,64.66065,65.43699,69.31089,65.05382,68.62215,70.93659,70.29225,71.02816,74.88658,68.24222,71.86793,65.19202,68.09552,69.35416,72.47068,65.36819,69.46222,62.64982,64.14047,66.24198,64.41273,68.88396,62.96825,65.8635,67.53518,64.66065,64.89992,65.19202,63.63175,67.53518,65.0,65.36819,67.23095,72.20111,61.58734,66.64833,68.24222,68.0
11.04536,10.04988,10.04988,10.04988,10.0,10.0,10.0,9.0,9.0,10.04988,9.0,9.05539,9.05539,9.05539,9.05539,9.05539,9.05539,9.05539,9.21954,8.24621,8.24621,9.21954,8.24621,9.21954,8.24621,8.24621,9.21954,9.21954,9.21954,9.21954,9.21954,9.05539,9.05539,9.05539,8.06226,8.0,8.0,8.0,8.0,7.07107,7.07107,7.07107,7.07107,6.08276,6.08276,5.09902,5.09902,5.38516,5.09902,5.09902,4.12311,4.47214,67.91171,59.66574,66.76077,56.75385,54.12024,59.90826,56.75385,62.58594,52.17279,57.72348,51.62364,53.33854,53.46027,46.27094,47.38143,50.08992,53.15073,53.03772,55.0,47.01064,52.00961,42.0119,47.26521,49.16299,50.01,49.0102,42.19005,51.78803,48.01042,48.83646,48.09366,49.16299,46.52956,55.08176,46.52956,52.08647,50.03998,47.04253,49.0,47.04253,42.19005,42.19005,45.89118,44.72136,42.95346,33.95585,44.27189,35.1141,32.75668,34.0147,31.01612,31.38471,29.54657,25.4951,28.42534,25.4951,26.07681,10.77033,14.21267,15.6205,18.43909,19.20937,24.08319,25.0,30.23243,32.80244,31.62278,37.12142,40.8534,44.59821,48.10405,47.29693,46.52956,57.87055,48.25971,57.07889,59.00847,62.28965,63.28507,56.4358,65.11528,65.11528,66.21933,66.70832,67.18631,59.77458,67.05222,57.38467,70.00714,63.69458,62.64184,65.79514,64.4748,59.23681,62.39391,62.62587,65.9242,66.48308,58.94065,67.35726,63.90618,68.00735,58.5235,65.78754,61.35145,63.24555,62.29767,61.68468,68.41053,67.6757,55.02727,68.68042,69.92138,66.09841
12.36932,12.36932,11.40175,12.36932,11.40175,11.40175,11.7047,10.77033,10.77033,10.77033,10.77033,11.18034,11.18034,10.29563,11.18034,10.29563,10.29563,10.29563,10.81665,10.81665,10.81665,10.81665,10.0,10.63015,11.40175,10.0,10.63015,10.81665,11.40175,10.0,10.81665,10.81665,10.81665,10.29563,10.29563,10.29563,10.29563,9.84886,8.94427,8.94427,8.544,8.544,8.544,7.28011,7.28011,7.28011,7.07107,6.08276,6.08276,6.08276,6.08276,6.0,69.02898,64.13267,69.26038,64.49806,62.03225,64.0,61.0082,66.0,61.13101,56.0803,61.20457,60.07495,56.22277,56.22277,54.74486,59.66574,58.24946,57.48913,56.29387,54.70832,57.87055,51.92302,55.15433,57.24509,55.02727,53.45091,47.75982,52.0,53.7122,52.35456,53.7122,51.89412,55.15433,55.54278,55.03635,55.97321,58.24088,59.13544,58.5235,52.49762,53.60037,52.39275,49.64877,46.69047,49.49747,42.04759,45.09989,41.01219,41.01219,38.0526,39.11521,37.33631,34.36568,32.38827,30.01666,30.59412,28.63564,3.0,3.60555,9.21954,10.63015,13.0384,15.0,20.80865,20.0,24.69818,21.37756,29.54657,31.7805,34.9285,38.63936,40.4475,42.19005,44.18144,44.18144,49.09175,52.0,50.0,56.0803,53.60037,59.3043,59.43904,57.48913,56.75385,58.24088,58.5235,59.48109,54.40588,64.62198,60.08328,58.82176,64.84597,58.87274,59.20304,57.97413,60.63827,59.48109,61.98387,59.03389,60.63827,61.18823,61.81424,68.06614,64.13267,61.66036,62.64982,64.28063,65.27634,64.12488,67.26812,66.27217,66.61081,69.02898,68.35934
11.40175,10.44031,11.40175,10.44031,10.19804,10.19804,10.19804,10.19804,10.19804,10.04988,10.04988,10.04988,10.0,9.0,9.0,10.0,9.0,10.0,10.04988,9.05539,9.05539,9.05539,9.05539,9.21954,9.05539,9.21954,10.04988,10.19804,10.19804,10.04988,10.04988,10.04988,10.04988,10.0,9.05539,9.0,9.05539,8.06226,8.06226,8.06226,8.24621,7.28011,7.28011,7.28011,6.32456,6.32456,5.83095,5.83095,5.38516,5.83095,5.0,5.0,62.58594,65.0,66.09841,59.43904,58.0517,60.01666,62.20129,63.50591,60.67125,58.13777,56.4358,61.20457,55.14526,57.03508,58.07753,53.23533,58.07753,58.03447,58.30952,53.93515,53.75872,51.24451,56.32051,56.32051,53.08484,51.35173,54.58938,53.16014,58.5235,58.46366,51.92302,57.48913,61.13101,60.40695,54.57105,59.22837,60.67125,62.514,62.28965,52.08647,56.0357,48.01042,53.0,51.0098,47.04253,46.01087,45.70558,43.18565,42.95346,38.60052,41.48494,35.73514,35.1141,37.16181,34.53983,31.01612,28.6531,3.16228,4.24264,5.83095,12.04159,8.60233,12.52996,15.6205,16.12452,20.12461,24.16609,26.40076,26.57066,32.55764,35.51056,36.34556,41.01219,44.10215,44.18144,48.25971,51.62364,54.91812,56.29387,52.0,56.61272,58.69412,59.13544,59.23681,59.03389,61.26989,60.16644,56.79789,63.52952,66.37017,66.64833,61.91123,58.82176,59.05929,55.9017,58.60034,62.64982,59.09315,56.36488,63.32456,65.0,59.09315,62.64982,58.18075,60.16644,63.32456,62.62587,64.56005,59.20304,63.56886,61.13101,69.63476,65.51336,68.41053
11.04536,11.04536,11.04536,11.04536,11.04536,10.04988,10.04988,10.0,10.0,11.0,10.0,10.0,11.04536,10.04988,10.04988,10.04988,10.04988,10.04988,10.19804,10.19804,10.19804,10.19804,10.19804,10.19804,10.19804,10.44031,10.19804,10.44031,10.44031,10.19804,10.19804,10.19804,10.19804,10.19804,10.04988,10.04988,10.0,9.0,9.0,9.0,8.0,8.0,8.06226,7.07107,7.07107,7.07107,6.08276,6.08276,6.32456,5.38516,5.38516,5.38516,61.58734,58.59181,58.69412,55.9464,55.47071,56.85948,57.87055,61.32699,59.9333,53.85165,60.00833,55.03635,50.0,57.56735,56.61272,54.91812,55.9017,58.54912,53.36666,57.31492,55.22681,55.57877,49.36598,53.08484,55.14526,56.4358,48.09366,56.00893,58.03447,56.0357,54.0,57.03508,60.0,58.03447,54.08327,55.3263,56.22277,59.13544,59.68249,54.81788,54.33231,49.0306,52.17279,51.92302,47.80167,47.12749,42.54409,48.10405,40.16217,40.8534,40.24922,33.83785,34.1321,36.40055,31.06445,29.68164,29.20616,10.0,8.60233,8.48528,13.45362,14.86607,17.0,19.64688,22.84732,22.56103,29.01724,34.36568,36.0,38.11824,42.75512,41.76123,43.68066,49.0408,52.80152,56.79789,57.24509,56.0803,58.60034,57.2014,62.62587,57.38467,62.00806,58.69412,59.5483,65.06919,62.93648,57.48913,59.03389,59.5483,58.60034,59.03389,56.22277,58.79626,57.98276,57.38467,60.81118,54.56189,59.46427,55.22681,58.0517,54.45181,59.81639,57.31492,60.30755,63.60031,57.62812,60.80296,64.40497,54.20332,55.22681,62.1289,64.14047,65.19202
10.29563,10.29563,10.29563,11.18034,10.29563,10.0,9.43398,10.0,10.0,9.21954,10.0,9.21954,9.21954,9.21954,9.21954,9.89949,9.89949,8.48528,9.89949,9.89949,9.89949,9.21954,9.21954,9.21954,9.21954,10.0,9.21954,9.21954,10.0,9.21954,9.89949,9.89949,9.89949,9.89949,9.21954,8.48528,9.21954,7.81025,8.60233,8.60233,7.2111,8.06226,6.7082,6.7082,6.7082,5.38516,5.38516,5.38516,5.09902,5.09902,5.09902,5.09902,58.30952,63.78871,64.62971,62.58594,65.51336,60.41523,59.43904,61.13101,59.20304,59.66574,57.56735,61.84658,61.35145,59.20304,59.46427,60.40695,56.46238,59.9333,57.24509,54.58938,61.05735,59.16925,55.9464,56.30275,54.3783,59.16925,57.2014,56.4358,55.75841,54.40588,55.21775,56.72742,58.83026,55.0,56.85948,54.91812,58.00862,53.25411,56.93856,53.85165,53.7122,50.11986,53.48832,52.80152,50.69517,44.77723,44.94441,44.59821,41.78516,37.94733,37.0,34.9285,34.71311,34.0147,30.01666,29.0,30.06659,14.86607,17.0,21.2132,17.88854,22.84732,26.0,28.86174,31.04835,31.57531,37.12142,36.12478,44.01136,46.0,49.25444,49.25444,45.89118,51.62364,54.23099,53.93515,54.81788,58.5235,62.93648,58.87274,56.85948,63.52952,65.74192,62.17717,62.6099,60.90156,60.82763,59.5063,58.18075,56.85948,58.18075,60.92618,56.85948,54.42426,54.12947,60.16644,59.23681,62.64184,60.72891,60.87693,59.03389,52.95281,59.68249,58.24946,57.03508,60.20797,60.07495,60.67125,60.13319,62.03225,65.06919,65.00769,62.00806,59.00847
11.18034,11.18034,11.18034,11.18034,11.18034,10.77033,10.77033,10.77033,10.44031,10.44031,10.44031,10.44031,10.44031,10.44031,10.19804,10.19804,10.19804,10.19804,10.19804,10.04988,10.19804,10.04988,10.04988,10.0,10.04988,10.0,10.0,11.04536,10.04988,10.04988,10.04988,10.19804,10.19804,10.19804,10.19804,9.21954,9.21954,8.544,8.544,8.544,8.544,8.24621,7.61577,7.61577,7.61577,6.7082,6.7082,5.83095,5.83095,5.83095,5.0,5.0,57.68882,58.82176,60.90156,58.83026,60.03332,61.29437,60.83584,59.5399,58.18075,59.61543,58.69412,55.54278,60.74537,61.68468,60.16644,61.35145,60.40695,52.63079,53.85165,55.9017,58.0517,53.93515,57.87055,53.46027,55.9017,54.33231,55.08176,56.00893,54.58938,55.3263,56.4358,61.13101,59.3043,55.22681,58.30952,53.60037,53.46027,56.7186,55.57877,54.74486,53.36666,54.81788,50.44799,47.12749,50.69517,47.53946,44.77723,39.92493,42.94182,39.35734,39.44617,35.35534,35.0,31.40064,28.42534,29.0,26.90725,16.12452,23.76973,17.72005,26.0,27.51363,29.54657,33.24154,35.77709,38.47077,39.11521,39.82462,45.60702,47.63402,49.57822,52.34501,53.90733,57.48913,56.0803,58.60034,61.05735,61.77378,59.5399,63.28507,64.40497,59.61543,61.32699,63.56099,60.53924,61.09828,61.03278,56.46238,60.53924,57.58472,54.56189,55.9464,56.79789,53.7122,56.79789,51.42956,53.85165,52.47857,54.91812,53.15073,51.86521,51.85557,56.63921,56.0803,55.80323,53.8145,54.48853,55.97321,61.55485,57.62812,60.21628,59.03389,59.64059,56.22277
10.81665,10.81665,10.0,10.81665,10.0,10.0,10.0,10.0,10.0,10.0,10.0,10.63015,9.21954,9.89949,9.89949,9.89949,9.89949,9.89949,9.21954,9.21954,9.21954,9.21954,9.21954,9.21954,8.60233,10.0,9.21954,9.21954,9.21954,9.89949,9.21954,8.48528,9.21954,8.48528,9.21954,8.60233,8.60233,8.60233,8.06226,7.2111,8.06226,6.7082,6.7082,6.32456,6.32456,6.32456,6.32456,5.38516,5.38516,5.09902,5.0,5.0,57.48913,62.00806,58.13777,60.20797,63.89053,55.9017,60.81118,56.56854,55.17246,57.98276,55.97321,57.38467,54.20332,59.5483,54.48853,56.22277,53.60037,50.24938,49.57822,58.00862,53.60037,56.0803,49.92995,54.20332,52.83938,51.47815,58.30952,53.7122,54.12024,53.66563,57.70615,53.66563,53.23533,52.7731,60.53924,51.62364,52.69725,54.70832,52.43091,54.20332,52.20153,51.40039,44.04543,46.40043,42.44997,43.86342,36.87818,37.48333,32.24903,37.01351,34.98571,32.24903,31.30495,29.54657,28.79236,26.57066,25.96151,19.72308,23.25941,27.29469,29.41088,33.6006,31.89044,37.20215,38.20995,42.52058,41.03657,43.60046,47.20169,51.0392,52.35456,51.47815,59.94164,57.38467,61.98387,57.58472,62.64184,60.44005,63.78871,63.78871,63.15061,64.13267,59.84146,60.53098,58.30952,60.03332,58.54912,61.13101,55.22681,55.22681,54.08327,56.7186,53.33854,57.31492,53.75872,50.59644,51.24451,46.57252,53.48832,52.20153,57.00877,52.55473,52.83938,52.80152,56.35601,55.22681,55.9464,55.21775,55.47071,56.85948,61.77378,60.80296,60.80296,60.80296
10.29563,10.29563,9.84886,9.84886,9.84886,9.84886,9.84886,9.48683,9.48683,9.48683,9.84886,9.48683,9.48683,9.48683,9.21954,9.21954,8.24621,9.21954,9.05539,8.24621,8.24621,8.06226,9.21954,8.06226,9.05539,8.24621,9.05539,9.05539,9.05539,9.21954,9.21954,9.21954,9.21954,8.24621,8.544,8.544,7.61577,7.61577,6.7082,6.7082,6.7082,5.83095,6.40312,5.83095,5.0,5.65685,5.0,5.0,5.0,5.0,3.60555,3.60555,62.29767,63.56886,61.68468,61.61169,58.24088,59.43904,59.43904,61.39218,55.9017,59.03389,61.61169,56.08921,59.84146,55.9017,55.3263,52.08647,54.08327,57.07889,55.14526,52.08647,55.0,53.23533,54.08327,53.03772,53.0,54.03702,50.01,56.22277,54.08327,52.08647,50.01,55.08176,54.14795,59.13544,54.23099,56.0,50.01,52.03845,51.35173,50.24938,48.37355,44.38468,45.89118,43.41659,40.80441,40.60788,38.27532,40.5216,41.14608,31.95309,32.69557,31.7805,29.15476,33.61547,26.92582,23.85372,24.08319,19.31321,26.68333,29.12044,30.41381,32.0,36.05551,35.12834,44.01136,38.0526,43.56604,46.87217,46.84015,52.39275,56.04463,57.38467,56.0803,59.09315,59.05929,61.26989,60.74537,61.40033,63.41136,69.40461,63.25346,67.26812,66.48308,62.24147,62.93648,60.1415,58.69412,58.69412,60.81118,60.10824,56.58622,58.79626,58.0517,57.48913,55.60576,57.00877,56.0357,55.21775,54.08327,59.94164,57.45433,56.35601,52.15362,57.24509,59.5063,59.09315,57.38467,57.00877,61.84658,58.69412,59.23681,65.14599,60.53924,63.24555
10.04988,10.19804,10.04988,10.04988,10.04988,10.04988,10.04988,10.0,9.0,9.0,10.0,9.0,9.0,9.0,9.0,9.05539,9.05539,9.05539,9.05539,8.06226,8.06226,9.05539,9.05539,8.06226,9.05539,9.21954,9.21954,9.05539,9.05539,9.05539,8.06226,9.05539,8.0,8.0,8.0,8.0,8.06226,7.07107,7.07107,6.08276,6.08276,6.08276,6.08276,5.09902,5.09902,5.38516,5.38516,4.47214,4.47214,3.60555,3.60555,3.60555,63.15853,60.41523,61.32699,62.29767,61.7414,63.56099,55.9464,58.18075,58.5235,61.03278,58.5235,56.921,59.90826,50.96077,55.7853,57.72348,56.51548,54.81788,55.31727,52.95281,53.85165,53.93515,50.15974,52.46904,49.49747,53.15073,50.15974,49.16299,50.03998,54.14795,53.03772,58.07753,50.03998,52.46904,50.48762,48.6621,51.47815,50.24938,47.53946,51.97115,45.88028,45.54119,44.01136,41.23106,41.78516,39.92493,40.71855,34.0147,34.48188,32.20248,32.44996,30.23243,30.01666,26.24881,26.24881,24.83948,26.87006,22.36068,24.18677,27.07397,27.07397,29.0,33.13608,37.48333,40.31129,44.38468,41.23106,45.88028,47.80167,47.43416,57.27128,57.3062,56.60389,60.74537,59.07622,65.45991,61.6198,64.81512,65.76473,62.28965,62.2254,61.22091,65.05382,64.2028,65.8559,62.20129,62.80127,62.00806,59.81639,57.42822,57.48913,55.44367,58.0517,55.97321,58.0517,58.0,56.63921,62.28965,55.44367,60.87693,54.81788,55.80323,61.61169,57.42822,56.60389,59.05929,60.74537,59.36329,65.8635,65.19202,60.90156,62.76942,63.28507,60.37384
10.44031,10.44031,9.48683,10.44031,9.21954,10.19804,10.19804,10.04988,9.21954,9.05539,9.05539,10.04988,9.05539,9.05539,9.05539,9.0,9.0,9.0,9.0,9.0,9.0,9.0,8.0,9.0,9.0,9.05539,9.05539,8.0,9.0,9.0,8.0,9.0,8.0,8.0,8.06226,8.06226,7.07107,7.07107,6.08276,6.32456,6.32456,6.32456,5.38516,5.38516,5.38516,5.38516,4.47214,4.47214,4.47214,3.60555,3.60555,3.60555,58.30952,61.40033,61.7171,59.9333,61.7414,60.37384,58.18075,56.79789,54.12947,51.26402,54.78138,58.5235,52.55473,52.81098,56.04463,56.51548,56.32051,53.93515,52.39275,53.85165,56.08921,48.83646,50.63596,50.80354,48.37355,49.64877,49.16299,46.09772,49.0102,52.00961,54.00926,55.14526,47.38143,47.51842,49.49747,49.47727,47.07441,46.38965,46.57252,46.57252,46.32494,47.80167,40.80441,41.76123,39.56008,39.81206,37.57659,30.88689,33.61547,31.90611,30.52868,27.78489,23.85372,25.55386,26.40076,24.83948,19.84943,23.08679,26.01922,25.17936,28.01785,30.41381,32.55764,33.52611,41.10961,42.72002,42.05948,43.32436,51.26402,50.69517,54.70832,52.15362,56.22277,59.66574,56.22277,58.25805,60.1415,62.24147,61.07373,59.5483,62.62587,61.7171,63.78087,61.58734,63.82006,56.61272,59.90826,60.46487,61.40033,57.68882,55.21775,56.30275,58.24946,54.03702,55.15433,58.72819,55.15433,55.9017,56.58622,56.63921,55.22681,56.63921,57.80138,59.66574,58.13777,60.60528,57.68882,59.90826,63.81222,62.96825,59.16925,59.16925,63.95311,61.91123
10.44031,10.44031,10.19804,10.19804,10.19804,10.19804,10.19804,10.19804,10.19804,10.04988,10.04988,10.04988,10.04988,10.0,10.04988,10.04988,10.0,9.05539,10.0,10.0,9.0,9.0,9.0,10.04988,9.05539,10.04988,10.0,10.04988,10.04988,9.0,10.0,9.0,9.0,9.05539,9.05539,8.06226,8.06226,8.06226,8.06226,7.07107,7.28011,7.28011,6.32456,6.32456,6.32456,5.38516,5.38516,5.38516,4.47214,4.47214,4.47214,3.60555,64.41273,61.84658,65.74192,59.9333,58.87274,60.92618,58.69412,62.96825,56.30275,57.00877,55.97321,52.81098,56.61272,54.34151,52.88667,53.60037,58.46366,54.34151,54.12947,50.9902,53.60037,52.95281,56.32051,52.08647,51.15662,51.35173,50.24938,52.03845,51.08816,53.15073,50.24938,52.03845,56.22277,55.14526,51.08816,52.23983,54.45181,48.50773,51.97115,49.0306,45.12206,45.22168,46.87217,42.95346,43.01163,38.07887,39.39543,37.16181,32.69557,31.76476,32.44996,28.30194,30.01666,29.20616,26.1725,26.87006,21.93171,23.08679,25.01999,28.07134,31.06445,31.40064,36.13862,36.87818,38.32754,40.8534,43.08132,48.33218,47.01064,52.35456,51.97115,57.45433,55.44367,62.00806,57.80138,59.66574,60.10824,60.82763,62.28965,60.80296,61.7171,63.60031,64.03124,61.61169,60.74537,58.82176,63.82006,55.21775,59.64059,61.22091,56.22277,60.21628,55.0,55.44367,54.56189,54.45181,55.15433,60.81118,56.56854,58.69412,61.07373,58.79626,54.6443,54.20332,58.24946,60.20797,60.20797,61.58734,58.83026,63.81222,56.60389,61.05735,63.81222,63.13478
10.77033,9.84886,10.77033,10.77033,10.77033,9.84886,9.48683,10.44031,10.44031,10.44031,10.44031,10.44031,10.19804,10.19804,10.19804,10.19804,10.19804,10.19804,9.05539,10.04988,9.05539,9.05539,9.05539,10.04988,10.04988,10.04988,10.04988,10.04988,10.04988,10.04988,9.05539,9.05539,9.21954,9.21954,9.21954,8.24621,8.544,8.24621,7.61577,7.61577,6.7082,6.7082,6.7082,6.7082,5.83095,5.83095,5.83095,5.83095,5.0,5.0,4.24264,3.60555,57.2014,64.2028,60.46487,58.60034,58.82176,54.91812,59.16925,58.30952,53.33854,55.9464,53.53504,54.58938,53.33854,52.7731,53.66563,51.42956,54.78138,51.62364,51.62364,53.85165,52.20153,51.26402,55.36244,51.5461,50.59644,53.85165,50.92151,52.17279,51.66237,52.39275,51.92302,53.75872,52.49762,54.70832,51.24451,48.46648,50.9902,52.92447,52.39275,47.41308,47.88528,44.72136,45.65085,43.909,43.82921,39.20459,38.01316,37.80212,31.89044,31.1127,33.30165,28.3196,26.62705,29.20616,28.6007,22.2036,22.80351,23.08679,24.5153,27.65863,28.44293,33.24154,32.57299,34.53983,36.23534,39.35734,41.59327,46.06517,45.22168,49.92995,49.92995,52.00961,53.8145,59.39697,58.69412,57.28001,62.62587,61.40033,59.64059,60.53924,61.58734,60.53924,63.28507,61.7414,58.18075,59.48109,59.94164,57.77543,61.7171,59.03389,57.70615,56.82429,55.07268,56.4358,54.20332,57.14018,54.6443,56.85948,53.00943,54.20332,54.67175,55.31727,51.40039,51.73973,53.8145,54.45181,59.4138,55.31727,55.97321,58.69412,58.79626,63.89053,59.5483,60.87693
11.04536,10.04988,11.04536,11.04536,10.04988,10.04988,10.19804,10.04988,10.19804,10.19804,10.19804,10.19804,10.19804,10.44031,10.44031,10.44031,9.48683,9.48683,9.84886,9.84886,9.48683,9.84886,9.48683,9.84886,10.77033,9.84886,10.77033,9.84886,9.84886,9.48683,9.48683,10.44031,9.48683,9.48683,9.21954,9.21954,8.06226,8.06226,8.06226,8.06226,8.06226,7.07107,7.07107,7.0,6.0,6.0,6.0,6.0,5.09902,5.09902,5.09902,4.12311,59.4138,63.28507,57.42822,60.41523,58.24946,60.01666,59.43904,56.75385,56.88585,55.36244,56.75385,57.56735,54.08327,59.48109,56.32051,55.36244,56.921,56.46238,53.22593,55.03635,55.47071,55.47071,55.9017,53.0,54.12024,56.4358,53.33854,56.0803,54.12947,57.80138,54.70832,54.6443,60.74537,52.69725,54.08327,55.4617,52.35456,50.9902,55.9017,51.07837,50.32892,44.94441,45.88028,45.88028,43.68066,42.2019,38.8973,41.0,32.55764,33.73426,34.71311,31.01612,30.14963,31.0,29.01724,31.40064,25.4951,23.4094,21.09502,25.63201,28.16026,31.04835,32.55764,35.51056,35.22783,41.30375,46.0,44.01136,46.01087,48.25971,45.70558,50.80354,54.12947,56.7186,58.24946,55.7853,60.44005,60.16644,64.2573,63.07139,64.40497,64.49806,63.28507,63.13478,60.90156,63.95311,59.48109,56.82429,58.18075,59.05929,57.70615,57.69749,53.7122,55.03635,54.56189,51.62364,56.30275,54.40588,56.61272,55.31727,57.70615,53.36666,49.64877,56.56854,57.55867,54.14795,57.31492,55.22681,59.3043,56.14268,57.07889,65.03076,60.0,60.07495
10.29563,10.29563,10.29563,10.29563,9.84886,8.94427,9.84886,9.84886,9.84886,9.48683,9.48683,9.48683,9.48683,9.48683,9.21954,10.44031,9.21954,9.21954,9.05539,9.05539,9.21954,9.05539,9.21954,9.05539,9.05539,9.05539,9.05539,9.05539,9.05539,9.05539,9.21954,9.21954,9.21954,8.24621,8.24621,8.544,8.544,7.61577,7.61577,7.61577,6.7082,6.7082,6.7082,5.83095,5.83095,5.0,5.0,5.0,5.0,4.24264,4.24264,3.60555,59.61543,62.6099,61.46544,57.93962,59.61543,57.00877,59.80803,55.71355,61.84658,55.7853,55.54278,55.10898,58.0517,55.54278,54.57105,52.61179,53.75872,54.33231,58.21512,54.23099,53.00943,54.14795,55.00909,54.00926,53.0,52.00961,54.03702,51.0098,54.03702,53.00943,51.0,58.03447,56.00893,54.03702,55.03635,54.08327,49.0102,56.0803,51.0098,52.08647,52.34501,45.70558,47.67599,46.69047,43.93177,42.05948,39.92493,40.26164,34.48188,31.01612,34.9285,31.01612,30.41381,31.30495,28.84441,26.40076,24.04163,20.09975,23.08679,25.01999,27.45906,30.41381,32.31099,35.17101,34.78505,40.16217,40.31129,42.54409,45.27693,49.73932,53.53504,56.0357,52.49762,56.85068,60.959,59.5483,59.39697,61.52235,65.19202,61.84658,59.66574,65.21503,64.03124,63.81222,66.28725,63.24555,64.89992,60.80296,62.68174,60.46487,61.22091,61.84658,59.81639,56.85068,54.67175,61.7171,60.87693,56.58622,56.85068,56.58622,61.6198,56.72742,52.43091,57.80138,61.22091,59.36329,61.85467,59.07622,61.61169,63.00794,59.68249,64.14047,61.29437,62.76942
10.04988,10.04988,10.04988,10.04988,10.04988,10.04988,9.05539,9.05539,9.05539,9.21954,9.21954,9.21954,9.21954,9.21954,9.21954,8.24621,8.544,8.544,8.544,8.544,8.544,8.544,8.544,8.94427,8.544,8.544,8.544,8.544,8.544,8.544,8.544,8.544,8.24621,8.24621,8.24621,8.24621,8.06226,8.06226,8.06226,7.0,7.0,6.0,6.0,6.0,6.08276,5.09902,5.09902,5.09902,5.38516,4.47214,4.47214,4.47214,62.8172,64.32729,62.16912,59.68249,61.20457,59.5399,60.13319,59.68249,57.70615,53.08484,58.03447,57.00877,58.03447,58.00862,56.0357,56.0803,58.03447,56.14268,56.14268,53.60037,55.44367,54.33231,53.75872,54.12947,53.93515,52.7731,54.34151,53.85165,52.61179,53.36666,52.39275,53.60037,52.49762,54.57105,53.15073,51.97115,51.78803,52.7731,52.23983,51.24451,46.17359,48.09366,46.04346,47.01064,43.04649,45.04442,38.0526,42.29657,34.71311,36.34556,33.54102,31.40064,30.59412,31.38471,30.08322,28.16026,26.07681,18.02776,18.43909,18.43909,23.5372,24.18677,24.18677,28.28427,28.01785,33.0,35.01428,35.35534,43.41659,40.60788,44.14748,45.35416,49.0408,51.86521,53.48832,54.23099,57.38467,58.59181,59.48109,59.5399,59.36329,61.40033,59.64059,64.81512,62.62587,60.44005,59.40539,61.40033,60.80296,60.60528,58.82176,57.42822,56.61272,56.0357,53.82379,59.90826,58.30952,58.30952,59.5063,57.70615,62.16912,59.03389,59.23681,58.69412,61.09828,65.78754,62.03225,57.58472,63.60031,58.87274,58.24088,66.76077,65.14599,61.13101
11.40175,11.40175,12.36932,12.36932,12.36932,11.40175,11.18034,11.18034,11.18034,11.18034,11.18034,11.18034,11.04536,11.04536,11.04536,11.04536,11.04536,11.04536,11.0,11.0,11.0,11.04536,11.0,11.04536,11.0,11.0,11.0,11.0,11.0,11.0,11.0,11.0,11.04536,10.04988,11.18034,10.04988,10.19804,9.21954,9.21954,9.21954,8.24621,8.24621,8.24621,7.61577,6.32456,6.7082,6.7082,5.83095,5.83095,5.38516,5.83095,5.0,64.89992,64.41273,62.17717,62.76942,62.16912,63.50591,62.24147,63.56099,57.93962,58.5235,61.84658,61.03278,57.00877,59.48109,57.28001,56.32051,60.72891,59.43904,59.90826,54.12947,57.27128,54.12947,57.70615,54.91812,54.45181,58.21512,51.35173,56.22277,55.44367,58.21512,56.22277,57.07889,56.32051,57.14018,54.33231,55.9017,55.57877,56.56854,54.12947,57.07013,50.28916,48.38388,49.0408,48.38388,50.28916,40.31129,43.86342,46.23851,38.94868,38.27532,35.51056,33.12099,36.89173,30.80584,27.65863,26.87006,26.1725,8.06226,10.04988,12.04159,15.0,14.14214,18.43909,21.09502,21.84033,25.96151,24.73863,28.79236,32.20248,34.17601,41.23106,39.82462,40.31129,41.88078,43.82921,47.01064,50.32892,46.09772,55.15433,51.66237,51.66237,55.60576,54.67175,54.40588,57.00877,52.40229,56.85068,51.61395,55.44367,55.0,57.80138,55.0,54.03702,54.67175,52.63079,56.72742,55.22681,57.38467,54.45181,54.48853,58.89822,55.9017,52.63079,56.85068,53.60037,61.40033,61.84658,58.89822,61.85467,62.80127,56.85948,56.61272,63.24555,60.20797
12.36932,12.36932,11.40175,11.40175,11.40175,11.40175,11.40175,11.40175,11.40175,10.77033,11.7047,11.7047,10.77033,10.77033,10.77033,11.18034,11.18034,11.18034,10.29563,10.29563,10.29563,10.29563,10.29563,10.81665,10.29563,10.81665,10.81665,10.29563,10.81665,10.81665,10.29563,10.29563,10.29563,9.84886,9.84886,9.84886,9.84886,9.48683,9.48683,8.544,8.24621,9.21954,8.24621,8.06226,8.06226,7.07107,7.07107,7.0,6.0,6.0,6.08276,6.08276,65.06919,67.0,67.02984,66.00758,67.18631,65.12296,64.12488,63.3877,60.01666,64.62971,65.76473,63.34824,64.13267,59.66574,61.0,64.03124,60.44005,60.44005,57.56735,59.13544,58.18935,62.36185,56.79789,59.23681,55.71355,56.46238,58.87274,57.93962,57.69749,62.24147,60.00833,64.07808,57.24509,60.92618,61.26989,61.84658,57.00877,58.87274,52.49762,60.16644,51.66237,55.97321,51.97115,51.47815,52.7731,47.67599,47.09565,42.19005,41.10961,42.04759,40.0125,36.05551,32.24903,31.06445,33.54102,32.75668,24.69818,9.48683,9.43398,12.04159,13.92839,17.88854,17.49286,20.61553,20.88061,22.56103,26.68333,28.63564,33.24154,35.51056,38.20995,41.0,42.04759,46.17359,43.28972,49.36598,52.17279,49.47727,55.7853,52.49762,54.81788,53.31041,54.78138,57.27128,58.69412,51.62364,55.71355,54.42426,56.46238,57.00877,56.46238,56.921,55.65968,57.00877,59.46427,58.18935,58.46366,57.00877,55.31727,59.03389,56.88585,62.80127,54.91812,63.15061,57.70615,62.514,63.07139,59.21149,62.20129,65.19202,64.12488,71.06335,68.00735,67.00746
12.16553,12.16553,12.36932,12.16553,12.16553,12.36932,12.36932,11.18034,11.40175,11.40175,11.40175,11.40175,11.40175,10.77033,10.44031,12.08305,10.77033,10.77033,10.77033,10.77033,10.77033,10.77033,11.18034,10.29563,11.18034,11.18034,11.18034,11.18034,10.29563,12.08305,10.77033,10.77033,10.77033,10.77033,10.44031,10.44031,10.19804,9.21954,9.21954,9.05539,9.05539,8.06226,9.05539,8.0,7.0,8.0,7.07107,7.07107,6.08276,6.08276,6.08276,5.09902,59.03389,65.06919,63.28507,65.27634,67.18631,61.29437,62.514,61.40033,63.63961,61.0,62.96825,62.16912,61.13101,61.39218,61.18823,59.66574,58.94065,55.7853,55.65968,58.18935,58.87274,58.18935,54.626,57.27128,53.85165,54.56189,60.41523,58.60034,57.77543,56.79789,59.9333,56.79789,59.9333,55.9017,59.09315,57.00877,57.00877,53.31041,54.70832,59.13544,54.12024,54.12947,50.01,48.83646,45.89118,49.81967,43.41659,46.17359,41.04875,37.05401,38.0,37.01351,34.0,35.12834,28.28427,30.08322,29.83287,8.94427,8.60233,9.43398,15.26434,14.76482,16.15549,19.31321,18.38478,21.84033,28.79236,28.63564,29.61419,32.24903,34.23449,37.01351,37.01351,40.0,45.09989,42.19005,46.52956,48.83646,49.0306,53.15073,49.72927,51.5461,52.81098,50.92151,50.59644,53.48832,52.0,54.08327,50.69517,52.0,52.92447,52.92447,53.14132,55.36244,57.00877,53.14132,51.92302,54.34151,56.29387,53.75872,57.55867,56.4358,58.69412,60.53098,59.3043,54.45181,62.07254,56.32051,62.28965,58.07753,68.06614,64.0,62.07254,66.18912
12.20656,12.80625,12.04159,11.40175,12.04159,12.04159,12.04159,12.04159,12.04159,11.31371,11.31371,11.31371,11.31371,11.31371,11.40175,11.40175,11.40175,11.40175,10.81665,10.81665,10.81665,10.81665,10.81665,10.81665,10.81665,10.81665,11.6619,11.6619,10.81665,11.40175,10.81665,10.81665,10.81665,11.40175,10.63015,10.63015,9.89949,9.89949,9.89949,9.21954,9.21954,8.60233,8.60233,8.06226,7.2111,7.2111,6.7082,6.7082,6.7082,6.7082,6.32456,5.09902,68.0,61.05735,69.89278,64.49806,67.74216,66.28725,59.07622,59.90826,60.60528,57.2014,62.62587,61.84658,61.7171,57.62812,58.82176,59.5483,61.52235,59.39697,62.36986,55.17246,59.81639,55.97321,58.41233,55.80323,56.40035,56.40035,54.20332,60.46487,55.80323,59.90826,58.41233,59.03389,58.24946,58.24946,56.85068,59.20304,60.0,55.75841,58.60034,55.86591,55.9017,54.56189,51.73973,52.40229,50.44799,46.61545,45.0,44.10215,41.6173,40.81666,38.91015,34.0,34.0,33.12099,36.40055,27.51363,29.27456,5.65685,7.0,12.52996,8.94427,13.41641,15.0,19.10497,16.27882,23.34524,20.61553,26.1725,29.15476,29.83287,32.80244,36.23534,36.71512,39.82462,42.94182,46.51881,45.31004,44.77723,51.24451,50.01,52.17279,54.45181,53.46027,52.61179,55.7315,51.62364,57.21888,51.47815,56.7186,54.58938,54.45181,52.7731,53.33854,53.93515,54.58938,55.31727,53.36666,57.28001,57.28001,57.00877,53.45091,59.46427,59.9333,57.93962,58.13777,65.74192,60.41523,59.46427,61.84658,65.79514,60.83584,64.40497,63.95311,66.37017
11.18034,11.18034,10.19804,11.18034,10.19804,10.44031,10.44031,10.44031,10.44031,10.44031,10.44031,10.77033,9.48683,10.77033,9.84886,11.18034,10.29563,10.29563,10.29563,10.29563,10.29563,10.29563,10.29563,10.81665,10.29563,10.81665,10.81665,10.81665,10.29563,10.29563,10.29563,10.29563,10.29563,9.84886,9.84886,9.84886,9.48683,8.544,8.544,8.24621,8.24621,8.24621,7.28011,7.07107,7.07107,7.07107,6.08276,6.0,6.0,5.0,5.0,4.0,66.1211,59.5399,65.12296,64.28063,65.27634,66.0303,60.13319,62.00806,56.14268,62.20129,59.4138,59.4138,61.29437,58.0517,57.87055,58.46366,60.63827,58.46366,61.84658,58.5235,61.68468,56.32051,57.93962,55.02727,53.75872,56.30275,58.69412,60.00833,60.00833,63.07139,63.06346,63.56099,58.60034,60.41523,63.07139,62.03225,58.82176,59.61543,54.70832,62.0967,54.81788,53.16014,51.41984,49.47727,49.64877,43.10452,49.25444,44.18144,42.04759,39.0,38.01316,37.05401,37.0,34.36568,32.28002,32.75668,30.59412,2.23607,7.61577,4.47214,6.32456,8.06226,9.21954,10.44031,16.15549,15.29706,19.64688,23.5372,24.08319,24.73863,29.06888,32.01562,33.0,36.05551,36.12478,42.29657,40.79216,45.12206,48.50773,49.0408,48.08326,49.0408,54.12024,52.92447,54.23099,52.80152,54.12947,49.76947,51.07837,52.0,55.9464,55.00909,59.48109,55.36244,52.39275,54.70832,56.61272,59.13544,54.08327,60.08328,56.29387,57.97413,55.10898,60.41523,63.34824,60.82763,59.43904,62.80127,65.49046,68.73136,60.82763,62.1289,67.60178,66.1211
11.40175,11.40175,12.04159,10.63015,12.04159,10.63015,11.31371,11.31371,11.31371,10.63015,10.63015,11.40175,10.63015,10.81665,10.0,10.81665,10.81665,10.81665,10.29563,10.29563,10.81665,10.81665,10.81665,10.29563,10.81665,10.29563,10.81665,11.18034,11.18034,11.6619,10.81665,10.81665,10.81665,10.0,10.63015,10.63015,9.21954,9.89949,9.89949,8.48528,9.21954,8.60233,8.60233,7.2111,7.2111,7.2111,7.2111,6.7082,6.7082,6.32456,6.32456,6.08276,61.40033,61.29437,66.61081,64.03124,65.43699,63.12686,64.44377,61.55485,61.55485,58.0,59.39697,60.81118,60.87693,57.38467,58.0,61.07373,62.80127,60.80296,61.03278,55.80323,61.29437,60.20797,57.70615,60.41523,58.30952,56.79789,60.53924,60.53924,59.48109,58.66856,59.94164,60.00833,57.24509,58.30952,59.9333,59.48109,60.90156,61.77378,60.53924,60.20797,57.14018,55.80323,57.2014,53.2635,52.20153,53.15073,48.08326,45.27693,40.45986,45.45327,42.52058,35.4683,38.01316,37.21559,37.58989,31.06445,32.31099,5.38516,2.82843,3.60555,6.08276,3.60555,6.40312,6.7082,8.60233,14.86607,15.6205,17.80449,22.67157,24.75884,27.58623,28.28427,31.38471,33.83785,36.71512,37.58989,38.94868,40.24922,47.42362,45.69464,46.23851,48.08326,52.20153,52.88667,50.69517,54.57105,54.91812,54.12947,51.97115,53.15073,56.04463,55.9017,57.27128,55.08176,55.7853,52.49762,56.0803,57.24509,62.39391,55.71355,56.46238,55.9464,61.26989,57.69749,59.94164,63.06346,64.00781,62.17717,60.53924,64.00781,65.76473,65.36819,65.51336,70.21396
12.04159,12.72792,11.31371,12.72792,11.31371,12.04159,11.40175,11.40175,11.40175,11.40175,11.40175,11.40175,12.20656,10.81665,10.81665,10.81665,11.6619,10.81665,11.6619,11.6619,11.6619,11.6619,11.18034,11.18034,11.6619,11.18034,11.18034,11.6619,12.52996,11.6619,11.6619,11.6619,11.6619,10.81665,11.40175,10.81665,10.63015,10.63015,9.89949,9.89949,9.89949,9.21954,9.21954,9.21954,8.60233,7.81025,7.81025,7.2111,6.7082,6.7082,6.32456,6.32456,67.80118,63.60031,65.80274,63.60031,63.12686,63.12686,60.959,63.03174,58.89822,60.10824,58.69412,59.5483,58.69412,58.13777,55.9017,60.60528,61.84658,59.20304,60.60528,56.30275,60.46487,56.4358,60.03332,59.68249,57.2014,59.64059,60.03332,60.41523,57.80138,63.07139,59.48109,61.7414,57.45433,63.52952,61.7171,62.1289,64.07027,62.68174,57.42822,58.41233,55.80323,56.72742,53.07542,50.93133,53.75872,48.08326,47.50789,48.10405,43.27817,40.45986,36.61967,37.73592,37.73592,36.71512,32.20248,33.24154,30.8707,13.0384,8.544,9.48683,8.544,12.20656,7.07107,9.84886,11.40175,8.544,15.0,14.21267,17.49286,20.61553,24.75884,29.0,25.80698,34.82815,31.40064,38.60052,38.58756,43.26662,43.909,44.72136,44.38468,53.66563,49.0408,52.20153,53.14132,50.96077,54.40588,55.65968,53.48832,53.45091,53.60037,56.04463,54.70832,55.71355,55.36244,55.36244,57.24509,58.60034,55.03635,59.61543,58.59181,61.29437,57.27128,58.13777,61.7171,63.52952,61.58734,60.03332,64.14047,65.51336,63.24555,62.68174,64.89992,67.74216
12.20656,11.6619,11.6619,13.0384,12.20656,12.20656,11.40175,11.40175,12.04159,11.40175,11.40175,11.31371,11.31371,11.31371,11.31371,12.04159,12.04159,10.63015,11.40175,11.40175,11.40175,11.40175,11.40175,10.81665,11.40175,11.40175,11.40175,11.40175,12.20656,11.40175,11.40175,12.04159,12.04159,10.63015,11.31371,10.63015,10.63015,10.63015,10.0,10.0,9.21954,9.21954,8.60233,8.60233,8.06226,8.06226,7.61577,6.7082,6.7082,6.7082,6.32456,6.32456,68.0,68.15424,64.41273,66.37017,65.51336,62.1289,64.63745,66.0303,60.0,59.66574,60.20797,61.84658,61.55485,56.85068,55.9017,60.81118,59.4138,58.72819,58.69412,57.48913,61.22091,60.30755,57.2014,59.20304,60.44005,59.81639,58.60034,59.07622,62.20129,61.05735,61.61169,61.58734,61.03278,59.07622,62.76942,60.0,61.40033,64.40497,57.62812,58.25805,53.8145,55.22681,57.28001,54.45181,48.27007,49.57822,46.2277,49.81967,43.56604,40.81666,41.67733,38.94868,38.94868,36.24914,33.54102,33.52611,31.32092,14.31782,15.81139,15.0,9.21954,11.04536,11.0,10.0,12.16553,13.34166,16.15549,18.38478,21.47091,26.0,26.92582,30.01666,33.12099,32.69557,34.9285,37.57659,40.31129,43.32436,46.84015,48.08326,46.17359,50.44799,51.78803,51.78803,53.93515,52.7731,59.03389,59.03389,57.42822,60.82763,56.7186,60.01666,57.27128,58.0517,56.08921,59.03389,58.94065,59.43904,57.58472,58.5235,62.93648,58.82176,58.87274,61.84658,62.64982,65.55151,66.70832,66.64083,63.07139,63.50591,65.29931,67.54258,69.35416,66.7308
11.40175,10.63015,10.81665,10.81665,10.81665,10.0,10.0,10.0,10.29563,10.29563,9.43398,10.29563,9.84886,9.84886,8.94427,9.84886,9.84886,9.48683,9.48683,9.48683,9.48683,9.48683,9.48683,9.21954,9.21954,9.48683,9.48683,10.19804,9.48683,9.48683,9.48683,9.48683,9.48683,8.94427,8.94427,8.94427,8.94427,8.94427,8.06226,8.06226,8.60233,7.81025,7.81025,7.07107,7.07107,6.40312,6.40312,6.40312,6.40312,5.83095,5.83095,4.47214,52.03845,66.48308,61.39218,61.39218,60.82763,54.45181,56.7186,58.21512,51.41984,52.20153,60.16644,60.40695,60.72891,56.61272,56.32051,49.64877,48.75449,54.23099,59.05929,51.89412,56.4358,55.9464,55.75841,50.80354,51.0392,52.92447,55.0,48.60041,52.83938,57.2014,48.02083,57.68882,52.43091,50.24938,55.56978,49.24429,55.56978,49.92995,53.7122,52.3259,49.39636,50.59644,45.54119,42.37924,37.94733,44.28318,39.56008,40.31129,37.21559,37.21559,38.01316,34.23449,31.14482,28.07134,32.06244,25.17936,34.20526,17.72005,18.38478,21.37756,17.08801,14.86607,13.60147,15.13275,18.24829,19.64688,20.22375,21.84033,26.57066,26.57066,30.41381,32.57299,31.40064,37.21559,41.30375,41.19466,42.44997,40.79216,48.6621,56.22277,49.36598,52.23983,57.0,61.0082,57.03508,62.1289,59.13544,57.55867,61.29437,58.42089,62.1289,68.00735,61.07373,61.03278,61.0082,64.07027,64.28063,61.13101,64.0,59.13544,69.02898,61.03278,58.07753,63.12686,64.28063,66.00758,67.26812,68.00735,72.11103,61.66036,70.34913,73.68175,67.60178,66.1211
12.04159,12.04159,11.31371,10.63015,11.31371,11.31371,10.63015,10.63015,10.63015,10.0,10.63015,10.0,10.29563,9.43398,9.43398,10.29563,10.29563,9.43398,9.84886,9.84886,8.94427,8.544,9.84886,9.48683,9.84886,9.84886,9.48683,9.48683,9.48683,9.84886,9.84886,9.84886,9.84886,9.84886,9.43398,9.43398,8.60233,8.60233,8.60233,8.60233,8.48528,7.07107,7.07107,7.07107,7.07107,6.40312,6.40312,6.40312,5.83095,5.83095,5.38516,5.38516,59.84146,56.0357,57.00877,63.03174,66.00758,61.20457,57.03508,56.14268,57.00877,55.00909,53.23533,51.35173,52.34501,50.01,53.15073,49.72927,43.73786,43.93177,48.05206,57.00877,53.14132,48.70318,50.32892,49.98,48.30114,43.08132,48.8467,47.85394,45.69464,51.89412,50.56679,58.60034,52.35456,48.76474,53.48832,49.98,53.22593,50.9902,54.42426,47.12749,50.44799,49.0306,41.76123,38.63936,41.30375,40.4475,39.05125,42.10701,38.0,36.0,32.38827,31.06445,24.02082,24.18677,32.98485,25.17936,22.02272,14.31782,19.72308,15.29706,12.08305,14.76482,15.0333,17.0,21.2132,22.0,25.07987,31.0,29.01724,29.06888,36.49658,41.04875,38.32754,47.01064,43.18565,43.18565,49.0408,53.03772,56.32051,57.42822,56.29387,62.64982,63.34824,56.64804,62.58594,62.36986,59.66574,61.61169,56.75385,64.84597,59.84146,64.51356,63.78871,65.96969,69.64194,60.44005,64.53681,64.53681,70.85901,59.03389,66.75328,66.91039,57.42822,66.06815,72.24957,59.68249,70.5762,70.71068,72.24957,64.13267,65.9242,64.32729,67.02984,70.03571
11.40175,10.77033,10.44031,10.44031,10.44031,10.44031,10.77033,9.84886,9.84886,9.84886,9.84886,9.84886,9.43398,8.94427,9.43398,9.43398,9.43398,9.43398,9.43398,8.60233,9.43398,9.21954,9.43398,9.21954,9.21954,10.0,10.0,10.0,10.0,10.0,9.43398,9.43398,9.43398,8.94427,8.94427,8.94427,8.544,7.61577,7.61577,7.28011,7.28011,7.28011,7.28011,6.08276,6.08276,6.08276,5.0,5.09902,5.09902,5.0,5.0,4.12311,69.40461,68.00735,65.43699,63.24555,65.76473,59.94164,60.21628,64.89992,58.24946,57.42822,57.27128,52.47857,58.60034,55.9464,55.9464,51.89412,53.85165,53.85165,55.03635,46.17359,51.92302,57.58472,51.5461,47.80167,50.69517,48.76474,50.32892,50.44799,49.47727,54.23099,55.9017,54.34151,47.80167,48.09366,52.95281,54.08327,53.36666,47.43416,49.0408,48.46648,48.38388,48.33218,42.95346,41.62932,41.88078,43.41659,39.96248,40.45986,38.41875,37.73592,31.89044,32.55764,30.23243,32.55764,29.0,22.47221,25.0,15.81139,14.86607,14.42221,14.21267,17.49286,18.02776,21.84033,25.17936,22.82542,24.5153,29.61419,33.52611,35.69314,36.05551,39.35734,41.62932,45.54119,43.46263,49.24429,49.65884,53.66563,49.64877,56.0803,56.61272,64.63745,61.61169,64.38167,64.03124,61.84658,59.46427,70.0928,70.93659,60.959,60.10824,64.44377,68.0147,70.76722,69.2026,68.11755,69.52697,66.52819,67.20119,71.8401,71.28113,66.21933,75.21303,72.18033,68.50547,70.17834,72.34639,64.03124,72.67049,76.40026,69.89278,77.17513,75.16648,71.02816
12.16553,11.18034,11.18034,11.18034,11.18034,11.18034,11.18034,11.04536,11.04536,10.04988,11.04536,11.04536,10.04988,10.0,10.0,10.0,10.0,10.0,9.0,10.04988,10.0,10.0,10.04988,9.05539,9.05539,10.04988,10.04988,10.04988,10.04988,10.04988,9.0,9.0,9.0,9.0,9.05539,9.05539,9.05539,8.06226,8.06226,7.07107,8.24621,7.28011,7.28011,6.32456,6.32456,6.32456,6.32456,5.38516,5.83095,5.38516,5.0,5.0,66.28725,71.84706,66.28725,63.25346,63.00794,61.6198,61.61169,59.20304,55.47071,53.03772,57.38467,56.63921,54.45181,58.0517,56.63921,51.08816,47.38143,55.31727,50.32892,53.25411,48.25971,51.40039,50.77401,50.21952,46.8615,53.53504,49.81967,48.9183,48.82622,50.21952,52.43091,46.95743,46.87217,48.60041,50.60632,48.16638,50.91169,48.54894,47.01064,43.27817,39.05125,44.82187,45.27693,40.60788,40.22437,35.51056,35.60899,33.97058,34.1321,34.66987,34.98571,33.28663,27.01851,26.0,18.02776,25.94224,23.76973,13.0,10.81665,13.45362,18.02776,17.02939,14.86607,22.02272,25.55386,26.0,24.20744,28.6531,29.83287,35.4683,38.8973,40.31129,41.01219,49.51767,53.75872,48.79549,54.56189,57.80138,56.0803,63.89053,61.91123,59.68249,61.91123,60.82763,65.30697,63.06346,66.18912,60.82763,64.88451,60.37384,65.36819,64.40497,65.55151,67.08204,72.09022,63.95311,64.84597,71.19691,64.88451,67.23095,65.51336,72.11103,67.97794,68.60029,65.73431,76.83749,73.57309,64.40497,68.96376,71.84706,74.63243,72.56032,73.4983,68.60029
11.18034,10.19804,11.18034,11.18034,10.19804,10.19804,10.19804,10.19804,9.21954,10.19804,9.48683,9.48683,9.48683,9.48683,9.48683,9.48683,8.94427,8.94427,9.84886,8.544,8.544,8.94427,8.94427,8.94427,8.94427,8.94427,8.94427,8.94427,8.94427,8.94427,8.544,8.544,8.24621,8.24621,8.24621,8.24621,8.24621,7.07107,7.07107,7.07107,6.08276,6.0,6.0,6.0,5.0,5.09902,5.09902,5.09902,4.12311,4.12311,4.12311,3.16228,69.63476,71.55418,63.28507,62.17717,68.96376,58.13777,64.40497,61.46544,62.39391,59.03389,57.77543,56.0803,56.82429,56.46238,48.10405,53.85165,53.45091,51.92302,48.46648,55.7853,46.09772,51.24451,50.9902,47.26521,49.0408,50.08992,55.10898,49.64877,49.36598,45.88028,44.55334,50.15974,49.81967,48.37355,47.51842,48.83646,51.15662,47.12749,46.84015,37.65634,45.27693,45.88028,46.48656,40.80441,35.4683,39.39543,38.07887,30.01666,32.44996,27.80288,26.07681,30.41381,25.94224,25.6125,20.61553,22.80351,17.80449,10.29563,12.16553,14.03567,16.49242,15.81139,19.41649,20.24846,26.4764,31.32092,30.67572,32.38827,31.32092,43.9659,38.60052,42.04759,45.61798,47.53946,48.30114,51.89412,51.62364,52.69725,51.86521,53.15073,59.81639,55.86591,60.959,60.44005,58.0517,60.81118,64.3506,63.70243,61.52235,63.65532,59.5483,66.48308,63.63961,59.5483,63.03174,58.13777,60.959,65.19202,64.44377,59.5483,63.25346,62.42596,68.09552,65.0,66.57327,69.06519,69.89278,74.94665,67.23095,64.40497,72.20111,72.67049,73.82412,68.26419
11.7047,11.7047,11.40175,11.40175,11.40175,10.44031,11.40175,10.44031,10.44031,11.18034,11.18034,10.19804,10.19804,10.19804,10.19804,11.18034,10.19804,10.19804,10.04988,10.04988,10.04988,10.04988,10.04988,10.04988,10.04988,10.04988,10.19804,10.04988,9.05539,10.19804,9.21954,9.21954,9.21954,9.21954,8.544,8.544,8.544,7.61577,7.61577,7.61577,6.7082,6.7082,6.7082,5.83095,5.83095,5.83095,5.83095,5.0,5.0,4.47214,3.60555,3.60555,63.06346,57.56735,70.21396,63.60031,66.30988,65.39113,59.23681,59.80803,58.13777,62.76942,60.37384,64.41273,58.66856,52.7731,59.23681,57.27128,53.33854,55.9017,58.5235,56.4358,58.59181,53.33854,60.46487,53.41348,52.47857,56.0803,56.0357,53.0,52.43091,54.6443,53.25411,56.60389,48.54894,52.47857,56.82429,49.64877,47.01064,50.24938,47.85394,44.72136,43.86342,39.84972,38.83298,39.56008,44.01136,38.63936,35.69314,35.17101,30.36445,31.7805,28.86174,27.07397,27.65863,24.33105,28.07134,22.0,25.0,19.79899,15.81139,18.43909,19.20937,24.20744,22.62742,31.241,33.42155,32.20248,37.73592,37.01351,42.04759,45.18849,49.24429,50.60632,47.53946,56.32051,52.80152,55.02727,58.24088,62.0967,61.98387,64.53681,61.98387,65.27634,64.19502,66.0303,73.33485,61.40033,62.20129,62.00806,65.03076,60.40695,65.27634,61.81424,67.06713,61.52235,63.07139,59.03389,63.34824,64.93843,64.13267,67.08204,63.78871,65.51336,73.68175,71.58911,67.05222,69.26038,67.91171,62.58594,66.4906,73.97973,71.06335,72.27724,70.60453,68.00735
10.81665,10.81665,10.81665,11.40175,11.40175,10.81665,10.81665,11.40175,11.40175,10.63015,10.0,10.63015,10.63015,9.89949,9.89949,9.89949,9.89949,9.89949,9.21954,9.89949,9.89949,9.21954,9.89949,9.21954,9.21954,9.21954,9.21954,9.21954,9.21954,9.21954,8.48528,8.48528,8.48528,7.81025,8.60233,8.60233,7.2111,7.2111,7.2111,6.7082,6.7082,6.7082,6.7082,5.38516,5.38516,5.38516,5.38516,5.38516,5.09902,4.12311,4.12311,4.0,62.96825,62.64982,69.26038,63.78871,63.95311,63.28507,58.30952,61.29437,58.13777,62.00806,65.03076,59.07622,62.1289,53.15073,60.07495,57.07889,55.00909,53.00943,54.23099,56.0803,59.3043,54.14795,51.08816,51.62364,48.83646,48.25971,49.64877,53.60037,49.16299,57.55867,53.08484,52.61179,44.55334,50.08992,48.6621,46.01087,39.11521,43.0,48.01042,45.0,46.09772,38.20995,37.12142,38.0526,40.04997,40.1995,37.48333,27.65863,28.4605,32.75668,24.33105,23.4094,20.61553,20.88061,22.84732,23.25941,21.09502,16.0,19.0,17.02939,18.24829,22.02272,25.07987,29.61419,28.0,30.06659,32.01562,34.1321,39.11521,40.1995,42.29657,46.38965,47.29693,54.12947,47.53946,53.60037,48.83646,53.16014,64.03124,60.00833,57.77543,54.70832,63.06346,59.5399,61.40033,56.93856,61.7171,61.40033,56.93856,55.9464,57.3062,56.36488,60.37384,57.3062,61.7414,54.626,57.27128,60.16644,58.87274,64.51356,61.46544,64.56005,61.46544,62.0967,64.7611,58.5235,61.39218,63.56886,66.48308,66.76077,61.18823,67.46851,69.05071,66.94027
11.7047,12.64911,11.7047,11.7047,11.7047,11.40175,11.40175,11.40175,11.40175,10.44031,11.40175,11.40175,11.40175,11.40175,10.19804,10.19804,11.18034,10.19804,10.19804,10.19804,10.19804,10.19804,10.04988,10.04988,9.21954,10.04988,10.04988,9.21954,10.04988,9.21954,9.21954,9.21954,9.21954,8.24621,9.21954,8.24621,8.544,8.544,7.61577,7.61577,7.61577,7.61577,6.7082,6.7082,5.83095,5.83095,5.83095,5.83095,5.0,5.0,5.0,5.0,59.46427,69.92138,65.25335,68.96376,63.32456,60.41523,68.44706,62.76942,58.60034,61.29437,59.94164,57.77543,61.7414,61.26989,55.00909,58.30952,56.35601,56.4358,55.00909,59.68249,59.36329,52.80152,53.82379,53.25411,51.88449,55.47071,52.69725,53.25411,50.47772,50.21952,52.00961,49.20366,49.39636,46.87217,53.53504,46.95743,44.29447,51.88449,42.37924,47.41308,42.04759,44.28318,39.92493,34.78505,36.05551,34.78505,27.45906,32.98485,34.52535,27.45906,27.45906,24.02082,28.07134,27.07397,21.09502,22.0,20.22375,18.60108,16.40122,23.60085,17.88854,26.24881,25.55386,23.32381,27.78489,34.20526,37.73592,35.77709,40.31129,41.59327,44.38468,43.01163,50.92151,50.0,56.29387,51.1957,58.46366,62.64982,61.0,67.89698,63.28507,62.03225,61.40033,63.03174,59.21149,63.0,65.00769,65.03076,62.03225,62.03225,61.0,65.03076,58.03447,63.07139,60.20797,59.03389,63.12686,61.03278,61.84658,57.07013,66.09841,58.24946,62.64184,63.32456,61.68468,66.94027,66.76077,68.00735,70.00714,63.90618,72.8011,72.42237,63.32456,70.34202
12.04159,11.31371,11.31371,11.31371,12.04159,11.31371,11.31371,11.31371,11.31371,10.63015,11.31371,11.31371,10.63015,10.63015,10.0,10.63015,10.0,10.0,10.0,10.0,10.0,9.43398,10.0,9.43398,9.43398,10.0,10.0,9.43398,9.43398,9.21954,9.21954,9.21954,9.21954,8.48528,8.48528,8.48528,7.81025,7.81025,7.81025,7.81025,7.2111,7.2111,7.2111,5.83095,5.83095,5.38516,5.38516,5.38516,4.47214,5.38516,5.09902,4.12311,55.22681,66.48308,60.13319,64.49806,72.24957,66.48308,64.12488,62.1289,61.03278,61.13101,62.07254,58.13777,63.07139,55.03635,58.42089,62.1289,51.0098,57.0,54.14795,56.0,55.14526,50.08992,51.15662,53.03772,47.04253,50.08992,53.33854,45.01111,48.37355,53.33854,53.15073,49.0408,50.48762,45.54119,46.17359,47.04253,46.01087,43.10452,44.10215,42.10701,41.59327,41.30375,34.1321,41.0,39.05125,32.75668,30.67572,34.48188,28.63564,28.4605,30.52868,26.0,19.23538,22.82542,22.36068,20.80865,22.02272,20.39608,17.02939,18.0,16.49242,25.70992,19.0263,26.30589,27.29469,29.27456,31.257,36.34556,36.12478,41.7732,45.04442,42.10701,47.38143,46.27094,52.7731,53.23533,57.48913,56.08921,58.24088,62.29767,54.78138,61.35145,59.80803,62.03225,60.92618,59.03389,54.12947,61.29437,55.4617,61.7414,56.82429,60.82763,64.88451,60.08328,54.42426,56.85948,58.24088,55.65968,61.39218,59.66574,57.72348,61.13101,64.49806,58.0517,65.73431,62.36986,68.24954,62.58594,63.78871,67.46851,62.36986,67.08204,60.82763,66.27217
11.7047,11.7047,11.40175,11.7047,11.40175,11.7047,11.40175,11.40175,10.44031,10.44031,10.44031,10.44031,10.19804,10.19804,10.19804,10.19804,10.19804,9.21954,10.04988,10.04988,9.05539,9.05539,9.05539,9.05539,9.05539,9.05539,9.05539,9.05539,9.05539,9.21954,9.05539,9.05539,9.05539,8.24621,8.24621,7.28011,7.61577,7.28011,7.61577,7.61577,6.7082,6.7082,5.83095,5.83095,5.83095,5.0,5.0,5.0,5.0,4.24264,4.24264,4.24264,60.92618,63.56099,66.37017,65.0,63.95311,60.92618,61.05735,61.29437,56.82429,57.38467,62.6099,56.79789,57.77543,55.9464,59.05929,58.30952,54.3783,52.69725,54.40588,56.60389,57.42822,53.8145,51.97115,52.34501,42.80187,48.60041,50.21952,48.79549,49.67897,53.07542,50.80354,47.80167,48.9183,46.69047,51.31277,46.87217,44.20407,42.2019,44.10215,42.15448,45.17743,39.0,42.15448,37.58989,37.33631,35.44009,34.48188,32.69557,32.55764,32.01562,25.70992,28.44293,24.02082,20.24846,25.70992,18.43909,19.0,16.97056,15.81139,16.55295,21.26029,19.84943,27.01851,22.82542,24.41311,31.06445,31.40064,34.48188,39.66106,43.56604,39.0,44.38468,44.38468,48.08326,52.20153,51.92302,55.08176,48.83646,60.01666,55.9017,59.5399,60.82763,57.14018,58.07753,57.14018,56.56854,56.22277,53.03772,59.00847,55.00909,54.08327,57.03508,59.5399,60.0,59.5399,56.7186,56.08921,56.08921,54.12947,59.43904,58.5235,61.39218,61.39218,59.66574,59.13544,55.71355,61.03278,63.69458,66.12866,68.00735,63.90618,61.46544,68.35203,64.19502
12.04159,11.40175,12.04159,11.31371,12.04159,10.63015,11.40175,10.63015,10.0,11.40175,10.63015,10.0,10.0,10.0,10.0,10.81665,9.43398,10.29563,9.43398,9.43398,9.43398,9.43398,9.43398,9.43398,9.43398,8.94427,8.94427,9.43398,8.94427,9.43398,8.60233,8.60233,8.60233,8.60233,7.81025,7.81025,7.81025,7.07107,7.07107,6.40312,7.07107,5.65685,6.40312,5.0,5.0,5.0,5.0,4.47214,4.47214,4.47214,3.16228,3.16228,71.58911,70.03571,65.11528,62.58594,65.11528,65.73431,58.24946,67.6757,65.0,62.64982,57.00877,56.921,57.28001,59.61543,57.97413,57.87055,64.51356,60.53924,60.41523,51.86521,62.62587,52.81098,52.0,55.9464,49.98,49.65884,48.30114,49.76947,50.56679,52.3259,51.62364,48.76474,50.56679,49.65884,46.95743,51.07837,47.75982,49.33559,48.33218,40.8534,41.48494,40.1995,43.93177,39.81206,38.47077,33.24154,33.24154,30.14963,31.14482,31.14482,30.14963,27.29469,29.0,27.07397,26.01922,18.02776,17.08801,15.26434,15.81139,17.46425,22.36068,21.40093,23.25941,25.07987,32.69557,30.8707,34.9285,33.95585,34.48188,40.80441,45.35416,47.67599,43.56604,47.29693,53.46027,55.08176,53.08484,57.14018,57.00877,59.00847,59.21149,59.68249,59.3043,62.64982,66.28725,54.45181,65.9242,58.24946,64.13267,60.20797,60.40695,59.21149,58.69412,54.08327,55.08176,63.03174,58.00862,59.07622,55.00909,64.00781,54.45181,67.1193,63.1981,56.22277,58.30952,65.9242,62.28965,65.76473,64.38167,71.19691,56.7186,69.18092,74.52516,66.61081
11.18034,11.18034,10.29563,11.18034,10.29563,10.29563,10.29563,9.43398,9.43398,9.43398,9.43398,9.43398,9.43398,9.43398,10.0,9.21954,9.21954,9.21954,9.21954,9.21954,8.48528,9.21954,8.48528,9.21954,9.21954,8.48528,8.48528,9.21954,9.21954,8.48528,7.81025,8.48528,7.81025,7.81025,7.81025,7.81025,7.2111,6.7082,6.7082,6.7082,6.7082,5.38516,5.38516,5.38516,5.38516,4.12311,4.47214,4.12311,4.12311,4.12311,4.12311,3.0,67.08204,70.00714,65.36819,60.00833,67.1193,62.64982,61.7414,67.41662,63.69458,63.07139,56.82429,64.2573,58.30952,57.93962,54.626,54.70832,59.66574,58.69412,56.51548,54.34151,57.27128,51.92302,52.34501,57.97413,49.0306,54.57105,48.05206,52.95281,54.74486,51.47815,54.12947,56.4358,51.35173,49.0306,50.21952,47.53946,45.89118,49.98,45.12206,46.8188,42.15448,44.01136,44.28318,40.16217,40.49691,35.51056,34.0,32.31099,31.38471,31.06445,28.17801,28.28427,26.62705,23.85372,24.69818,24.41311,21.93171,16.97056,17.0,19.23538,18.38478,25.07987,21.0238,26.40076,27.29469,29.73214,29.06888,32.89377,33.24154,38.07887,39.21734,44.59821,40.70626,42.94182,44.94441,52.7731,51.40039,52.40229,57.2014,50.44799,57.68882,51.62364,56.22277,55.86591,60.87693,59.4138,57.28001,58.0,57.31492,60.81118,57.28001,58.0,56.63921,54.67175,55.47071,58.13777,59.40539,57.2014,56.4358,59.36329,57.42822,60.20797,62.16912,57.14018,58.82176,64.66065,63.63175,66.64833,60.83584,67.97794,67.1193,69.77105,71.55418,67.23095
13.0,13.0,13.0,13.0,13.0,13.0,12.64911,12.64911,11.7047,11.7047,11.7047,11.40175,11.40175,11.40175,11.40175,11.40175,11.18034,11.18034,11.18034,10.19804,10.19804,10.19804,10.19804,10.04988,10.04988,11.04536,10.04988,10.19804,11.18034,10.04988,10.19804,10.19804,10.19804,9.21954,10.44031,9.21954,9.48683,8.544,8.544,8.544,7.61577,7.61577,7.61577,6.7082,6.7082,6.7082,5.83095,5.83095,5.83095,5.0,5.0,5.0,73.34848,70.0928,69.42622,67.91171,68.62215,64.03124,64.53681,66.94027,62.36986,60.08328,59.80803,61.46544,64.51356,55.36244,58.18935,63.32456,58.87274,59.5063,56.85948,51.89412,52.35456,54.23099,55.9464,57.27128,60.83584,55.9017,52.83938,53.23533,51.97115,53.82379,53.82379,54.12024,55.07268,53.66563,55.56978,46.51881,49.0408,48.08326,47.53946,45.31004,43.86342,43.08132,42.37924,39.21734,45.60702,36.12478,37.65634,35.69314,31.40064,31.40064,25.01999,27.01851,31.01612,23.02173,23.0,22.09072,18.11077,14.56022,21.2132,18.97367,23.70654,22.84732,24.16609,23.70654,21.58703,28.4605,29.68164,31.38471,38.62642,40.31129,39.39543,45.12206,50.63596,47.12749,51.62364,50.01,55.44367,51.47815,65.06919,55.22681,55.22681,63.28507,61.40033,54.00926,61.0082,59.13544,58.03447,60.00833,60.0,66.1211,61.0082,61.0082,60.0,57.14018,56.08921,58.30952,62.64982,64.49806,56.88585,64.13267,61.18823,64.53681,67.26812,69.42622,65.0,73.5527,70.85901,65.30697,71.56815,75.70997,70.5195,73.76313,73.24616,73.82412
13.0384,13.0384,13.0384,13.0384,13.0384,12.20656,12.20656,12.20656,12.20656,12.20656,12.20656,11.40175,11.40175,11.40175,11.40175,11.40175,10.63015,10.63015,10.63015,10.63015,10.63015,10.63015,10.63015,10.63015,10.63015,10.63015,10.63015,10.63015,10.63015,10.63015,10.63015,10.0,10.0,10.0,10.0,9.43398,9.43398,8.94427,8.94427,8.94427,8.06226,7.61577,7.61577,7.61577,6.7082,6.32456,6.32456,6.32456,6.08276,5.09902,5.09902,5.09902,68.46897,68.18358,68.26419,63.3877,62.00806,69.58448,62.20129,66.1211,66.37017,61.98387,63.28507,56.22277,62.03225,63.03174,58.07753,67.18631,59.0,57.42822,58.07753,55.00909,53.75872,54.45181,54.33231,52.46904,57.21888,52.34501,55.57877,52.95281,53.08484,56.29387,50.24938,50.35871,53.60037,57.55867,49.24429,52.7731,48.01042,52.23983,54.0,48.01042,44.18144,44.18144,42.10701,44.0,37.12142,39.01282,36.01389,38.83298,34.52535,29.73214,26.92582,31.04835,25.4951,30.67572,26.57066,19.69772,26.41969,14.03567,21.0238,17.72005,19.23538,19.0263,20.0,17.0,20.0,27.07397,33.37664,31.257,34.52535,39.31921,41.4367,44.0,39.11521,42.29657,49.81967,51.47815,55.57877,58.0517,53.93515,59.43904,58.24946,59.20304,57.28001,55.36244,60.41523,63.90618,62.03225,56.30275,61.68468,59.61543,59.13544,63.69458,58.69412,63.56886,55.02727,60.87693,61.13101,65.45991,62.80127,63.78871,63.95311,63.56099,59.20304,64.03124,67.08204,71.38627,70.34913,70.21396,65.49046,74.96666,72.78049,68.46897,75.80237,72.69113
13.0384,13.0384,13.0384,12.20656,12.52996,11.6619,11.6619,11.6619,11.18034,11.18034,11.18034,11.18034,10.77033,10.77033,10.77033,10.77033,10.77033,10.77033,10.44031,10.44031,10.44031,10.44031,10.77033,10.44031,10.44031,10.44031,10.44031,10.44031,10.44031,10.77033,10.77033,9.84886,9.84886,9.84886,8.94427,8.94427,8.94427,8.94427,8.06226,8.06226,7.81025,7.2111,7.2111,6.40312,6.40312,6.40312,5.65685,5.0,5.65685,5.0,5.0,4.24264,72.56032,72.36712,61.66036,70.11419,66.37017,64.38167,65.11528,71.06335,63.1981,65.49046,64.53681,57.70615,62.36986,63.78871,67.08204,63.1981,60.41523,53.85165,52.61179,56.921,53.48832,60.82763,49.65884,52.81098,54.42426,50.59644,55.97321,58.30952,58.18075,51.89412,57.24509,51.26402,57.69749,46.51881,58.18935,51.66237,51.41984,43.65776,42.44997,46.09772,51.66237,44.28318,44.55334,37.12142,33.37664,43.10452,39.01282,34.0147,33.01515,42.29657,33.24154,30.26549,29.01724,28.63564,19.64688,19.0,21.18962,13.34166,16.55295,13.41641,13.15295,21.09502,18.02776,22.67157,27.73085,31.90611,31.7805,37.0,39.56008,36.67424,39.56008,39.29377,47.53946,47.53946,51.97115,46.87217,51.92302,53.75872,56.08921,58.07753,60.00833,56.00893,61.07373,54.0,61.20457,65.00769,66.00758,69.00725,61.0082,62.03225,56.0,61.29437,59.3043,67.00746,56.22277,61.0082,62.20129,59.00847,68.46897,70.02857,68.18358,59.5399,74.67262,68.73136,67.47592,62.514,68.593,77.78175,75.13322,69.87131,80.50466,77.78175,66.48308,74.43118
12.04159,12.04159,12.04159,12.04159,12.04159,12.04159,11.40175,10.63015,11.40175,11.40175,11.40175,10.81665,10.81665,10.81665,10.81665,10.81665,10.29563,10.29563,10.29563,10.29563,10.29563,10.29563,10.29563,10.29563,10.29563,10.29563,10.29563,10.29563,10.29563,10.29563,9.43398,10.0,10.0,10.0,10.0,8.60233,9.21954,9.21954,8.48528,7.81025,8.48528,7.07107,7.07107,7.07107,7.07107,6.40312,6.40312,5.83095,5.83095,5.0,5.0,4.47214,76.79193,74.33034,69.87131,64.38167,61.52235,62.1289,61.61169,65.30697,59.66574,60.13319,59.66574,55.7315,58.82176,55.7315,53.14132,54.08327,51.86521,57.24509,52.0,57.56735,49.24429,53.85165,51.42956,53.48832,55.36244,50.15974,50.08992,53.66563,52.35456,52.35456,49.64877,52.15362,52.0,50.9902,52.35456,47.75982,45.18849,47.01064,48.76474,45.70558,46.57252,47.75982,40.79216,40.02499,35.51056,37.33631,39.20459,34.0147,32.06244,34.0147,32.14032,26.0,25.01999,30.06659,21.2132,21.37756,25.4951,16.55295,12.64911,15.81139,18.86796,20.59126,19.69772,19.92486,24.59675,24.41311,27.29469,32.64966,29.41088,34.9285,41.59327,41.62932,42.44997,47.07441,45.12206,45.70558,52.23983,59.5399,55.3263,59.07622,55.00909,64.0,56.00893,60.13319,59.21149,57.42822,66.0,63.0,60.29925,64.49806,59.68249,61.0,58.00862,56.0357,54.23099,61.03278,61.20457,66.00758,64.28063,58.42089,69.46222,65.03076,56.0357,65.06919,67.47592,73.33485,76.05919,70.61161,68.593,71.02112,69.26038,74.73286,70.17834,77.62087
11.6619,11.6619,11.6619,11.18034,11.6619,11.6619,10.29563,11.18034,11.18034,11.18034,11.18034,10.77033,10.77033,10.77033,10.44031,10.77033,10.44031,10.44031,9.48683,10.44031,10.44031,10.44031,10.44031,10.19804,10.44031,10.44031,10.44031,10.44031,10.44031,10.44031,9.48683,9.48683,9.84886,9.84886,8.94427,8.94427,8.94427,8.06226,8.06226,7.2111,7.2111,7.2111,7.2111,6.40312,6.40312,5.65685,5.65685,5.65685,5.0,5.0,4.24264,4.24264,57.00877,70.06426,70.11419,73.24616,70.34913,67.1193,64.19502,66.18912,62.07254,66.75328,64.38167,67.47592,58.54912,57.07013,55.44367,61.81424,53.45091,58.18935,56.30275,59.46427,58.69412,54.91812,55.7853,55.71355,51.97115,52.20153,55.97321,50.15974,51.24451,58.18075,52.0,56.0803,56.85948,51.07837,52.20153,52.55473,50.44799,49.0408,43.93177,51.92302,48.27007,45.39824,38.63936,48.50773,45.04442,36.01389,40.04997,36.12478,36.12478,35.35534,28.0,27.51363,29.01724,25.96151,28.16026,31.40064,21.84033,14.31782,15.0,20.24846,20.24846,17.08801,30.08322,25.0,25.94224,27.51363,29.83287,34.0147,36.05551,39.62323,40.16217,44.14748,43.18565,46.87217,49.0102,50.08992,56.14268,49.0,56.00893,57.00877,61.03278,65.0,63.28507,63.3877,61.0,58.24946,61.29437,58.46366,58.0517,59.66574,61.29437,64.38167,60.40695,65.06919,56.56854,58.00862,59.21149,59.0,57.03508,61.0,66.06815,68.0,66.0303,74.06079,64.28063,73.06162,66.27217,72.56032,73.43705,76.10519,68.26419,72.83543,70.25667,76.1643
12.16553,12.16553,12.04159,12.16553,12.04159,11.04536,11.04536,11.04536,11.04536,11.0,11.04536,11.04536,11.0,11.0,11.0,11.0,11.0,10.0,10.04988,11.04536,10.04988,11.04536,10.04988,10.04988,10.04988,10.04988,10.04988,10.04988,10.04988,10.0,10.0,10.0,9.0,9.0,9.05539,8.06226,9.05539,8.06226,8.06226,8.06226,7.28011,7.28011,7.28011,6.32456,6.32456,6.32456,5.38516,5.38516,5.38516,4.47214,4.47214,4.47214,64.88451,69.81404,60.1415,64.2028,73.40981,58.5235,67.20119,64.03124,64.03124,60.60528,64.03124,60.959,57.38467,64.38167,60.81118,58.72819,51.08816,60.959,50.32892,58.72819,56.56854,57.31492,46.04346,55.21775,55.31727,47.80167,56.58622,49.40648,50.60632,53.2635,52.63079,50.80354,50.44799,49.64877,55.97321,42.0119,49.67897,47.42362,52.34501,46.09772,48.9183,42.52058,41.6173,36.35932,35.80503,37.21559,37.73592,36.40055,29.52965,30.08322,25.29822,27.85678,21.47091,29.15476,25.63201,22.80351,24.04163,15.26434,10.63015,22.62742,9.84886,22.80351,19.84943,23.60085,22.67157,26.90725,27.01851,33.42155,34.82815,42.44997,42.44997,38.94868,46.40043,48.16638,50.80354,50.44799,53.7122,52.47857,58.82176,54.58938,55.47071,60.00833,63.50591,65.78754,56.921,65.19202,57.00877,61.35145,58.18075,61.84658,57.38467,57.3062,59.23681,65.39113,58.13777,62.24147,60.82763,58.60034,59.90826,65.76473,68.7968,57.98276,69.42622,70.45566,60.82763,72.00694,68.24222,70.17834,71.56116,75.71658,67.95587,65.8559,73.81734,74.51845
12.36932,12.16553,12.16553,11.40175,12.16553,11.18034,11.18034,11.18034,11.04536,11.04536,11.04536,11.04536,11.04536,11.04536,10.04988,11.0,10.0,11.0,10.0,10.0,10.0,10.0,11.0,10.0,10.0,10.0,10.0,10.0,10.0,10.0,9.0,9.05539,9.05539,9.05539,9.05539,9.05539,9.05539,8.06226,8.24621,8.24621,8.24621,7.28011,7.28011,7.28011,6.32456,6.32456,6.32456,5.38516,5.83095,5.83095,5.0,5.0,71.61006,64.3506,69.31089,58.60034,59.66574,65.19202,56.22277,60.10824,55.17246,54.45181,51.73973,58.0,55.17246,52.40229,54.56189,53.60037,55.31727,49.67897,53.41348,52.63079,56.72742,50.80354,52.15362,52.63079,47.42362,43.18565,51.10773,52.69725,49.67897,51.0392,50.53712,46.87217,52.43091,50.60632,46.87217,49.67897,46.8615,46.69047,45.25483,42.52058,41.86884,41.01219,43.13931,38.28838,37.48333,39.44617,34.48188,33.83785,35.51056,29.68164,28.84441,30.52868,25.4951,21.93171,25.55386,28.4605,26.40076,16.27882,14.21267,18.60108,17.0,16.15549,17.88854,24.59675,29.73214,24.18677,27.80288,30.23243,39.40812,39.44617,42.19005,49.20366,45.34314,48.83646,44.68781,48.83646,57.98276,58.00862,57.80138,55.21775,55.0,57.70615,57.68882,57.68882,59.16925,61.58734,56.46238,53.33854,59.9333,64.41273,57.93962,61.29437,59.05929,58.24946,54.6443,62.43397,62.80127,57.45433,62.1289,64.44377,60.0,67.00746,63.65532,58.69412,64.53681,68.0147,65.80274,76.2168,72.91776,73.66139,68.76772,75.16648,73.92564,70.45566
12.36932,12.36932,11.40175,11.40175,11.40175,11.40175,11.7047,11.40175,10.77033,10.77033,10.77033,10.77033,10.77033,10.77033,9.84886,11.18034,11.18034,10.29563,9.84886,10.29563,9.84886,10.29563,9.84886,10.29563,9.84886,9.84886,10.29563,9.84886,9.84886,9.84886,9.84886,9.84886,9.84886,8.544,9.48683,9.48683,8.24621,8.24621,8.24621,8.06226,8.06226,8.06226,7.07107,7.0,7.0,6.0,6.0,6.0,5.09902,5.09902,5.09902,5.09902,59.4138,70.83784,68.76772,62.62587,67.00746,63.28507,59.81639,58.0517,55.75841,55.07268,56.61272,54.91812,56.60389,52.83938,51.88449,55.4617,54.6443,51.42956,56.36488,57.24509,59.9333,50.69517,52.80152,52.92447,52.35456,51.62364,53.85165,47.92703,45.31004,56.0803,55.36244,55.00909,47.53946,48.8467,54.56189,49.92995,42.04759,44.94441,46.06517,47.70744,46.40043,40.22437,45.0,43.18565,33.28663,30.80584,36.23534,34.65545,28.28427,30.4795,29.20616,24.69818,23.34524,27.01851,25.0,30.41381,22.82542,13.92839,14.31782,13.60147,17.11724,17.88854,19.41649,19.64688,25.63201,28.63564,31.01612,32.98485,40.16217,39.82462,40.81666,47.42362,45.17743,48.37355,53.23533,53.60037,56.22277,59.20304,53.15073,60.60528,56.56854,58.0517,57.98276,59.4138,66.70832,64.03124,62.96825,57.98276,57.38467,57.48913,61.7171,62.93648,62.00806,62.96825,58.79626,62.93648,65.0,63.03174,66.48308,63.65532,67.88225,58.89822,72.00694,73.10951,66.6033,66.70832,66.8431,66.8431,66.28725,75.60423,71.21798,70.17834,79.30952,65.79514
12.64911,11.7047,11.7047,11.7047,11.7047,11.40175,11.40175,11.40175,11.40175,11.40175,11.18034,11.18034,10.19804,10.19804,10.19804,11.18034,11.04536,11.18034,10.04988,10.19804,10.19804,10.19804,10.04988,10.04988,10.04988,10.04988,10.04988,10.04988,10.19804,10.19804,9.21954,10.19804,9.21954,9.21954,9.48683,9.48683,9.48683,8.544,8.544,7.61577,7.61577,7.61577,7.61577,7.2111,7.2111,5.83095,6.40312,6.40312,6.40312,5.65685,5.0,4.24264,68.00735,61.35145,71.69379,60.92618,64.4748,61.84658,65.80274,64.2573,59.03389,61.77378,63.95311,59.16925,62.96825,59.05929,57.68882,61.22091,58.5235,56.85948,60.21628,55.0,57.80138,56.22277,62.96825,63.00794,51.61395,56.58622,50.60632,51.85557,52.00961,50.24938,50.44799,51.22499,51.0,47.43416,51.86521,58.83026,48.25971,48.82622,49.81967,47.16991,43.909,45.48626,47.42362,42.95346,35.8469,37.57659,36.24914,35.44009,35.17101,31.32092,29.12044,29.06888,31.7805,30.14963,27.01851,26.68333,21.0238,15.81139,13.60147,17.02939,15.0,18.02776,18.38478,23.43075,27.65863,26.07681,29.69848,32.64966,32.01562,45.48626,41.67733,43.56604,40.70626,46.32494,51.89412,55.07268,46.23851,54.12947,56.921,60.83584,56.04463,60.63827,58.5235,59.20304,63.78871,62.80127,68.44706,59.68249,62.96825,65.76473,67.91171,63.34824,62.514,63.60031,62.80127,68.06614,63.78871,65.14599,64.51356,65.25335,70.5195,62.93648,72.06941,68.15424,68.41053,72.23573,65.25335,71.7844,69.07966,75.39231,76.15773,80.41144,73.00685,74.33034
10.77033,10.77033,9.84886,10.77033,9.84886,10.44031,9.48683,10.44031,9.48683,9.21954,9.21954,10.19804,9.21954,9.21954,9.21954,9.05539,10.19804,9.21954,9.05539,9.21954,9.21954,9.21954,9.05539,9.05539,9.05539,9.05539,9.05539,9.05539,9.05539,9.05539,9.21954,9.21954,8.24621,8.24621,8.24621,7.28011,8.24621,7.28011,6.32456,6.7082,6.7082,6.7082,5.83095,5.83095,5.83095,5.0,5.0,5.0,4.24264,4.24264,4.24264,3.60555,72.11103,68.0,68.00735,62.0,65.49046,60.29925,63.00794,64.07027,61.39218,57.72348,56.88585,64.03124,57.07013,54.12024,52.17279,60.16644,61.61169,57.87055,60.16644,57.58472,54.23099,52.92447,57.77543,49.98,53.14132,54.12024,46.06517,53.31041,52.20153,50.9902,53.75872,54.626,49.1935,55.15433,50.0,50.96077,52.20153,47.16991,52.63079,44.91102,47.12749,43.56604,43.01163,43.17407,41.19466,38.47077,44.10215,31.06445,34.05877,34.05877,26.01922,32.14032,31.57531,28.16026,25.70992,27.313,22.47221,15.0333,10.04988,16.03122,13.34166,19.0,17.46425,16.55295,19.69772,28.23119,27.45906,31.32092,33.95585,35.73514,39.05125,42.75512,40.11234,47.16991,42.29657,45.04442,48.04165,52.08647,59.00847,52.61179,54.58938,55.9017,57.55867,61.0,61.98387,56.08921,62.16912,61.29437,61.61169,57.72348,64.13267,61.39218,59.22837,57.70615,60.01666,54.12947,65.30697,64.77654,58.21512,67.00746,63.1981,64.49806,61.29437,61.0082,67.1193,67.00746,63.00794,69.18092,72.02777,70.06426,69.00725,68.02941,72.1734,70.06426
11.40175,11.40175,11.40175,11.40175,11.18034,11.40175,11.18034,11.18034,10.19804,10.19804,11.18034,10.19804,11.04536,10.04988,11.04536,10.04988,11.04536,10.04988,11.04536,10.04988,10.04988,10.04988,10.04988,10.0,10.04988,10.04988,10.0,10.04988,10.04988,10.04988,10.04988,10.04988,10.04988,9.05539,9.21954,8.24621,8.24621,8.24621,7.28011,8.24621,7.61577,7.61577,6.32456,6.7082,5.83095,5.83095,5.83095,5.83095,5.83095,5.0,5.0,4.24264,70.40597,56.7186,63.34824,66.09841,61.84658,69.12308,56.51548,63.15061,50.28916,57.58472,58.69412,57.87055,61.61169,54.78138,55.7853,58.69412,58.30952,58.18075,55.54278,62.03225,59.80803,56.46238,60.20797,51.42956,56.85948,53.66563,47.53946,47.88528,46.09772,51.47815,51.97115,51.47815,48.70318,53.33854,49.76947,51.89412,53.60037,44.92215,46.8188,44.64303,41.48494,42.2019,38.27532,45.54119,39.05125,37.12142,42.0119,35.22783,37.0,32.0,30.06659,30.26549,32.24903,27.16616,25.17936,23.0,18.68154,14.03567,6.32456,18.02776,11.7047,19.41649,18.86796,21.09502,19.72308,24.18677,21.47091,27.29469,35.22783,33.28663,42.95346,42.94182,42.05948,52.39275,50.28916,52.20153,53.93515,54.12947,60.67125,51.35173,56.08921,57.14018,61.29437,59.13544,60.03332,56.14268,63.03174,59.00847,64.12488,59.07622,61.03278,61.0082,64.03124,61.07373,64.00781,65.49046,64.49806,65.49046,60.40695,66.27217,64.32729,62.39391,69.02898,64.38167,68.593,64.93843,65.76473,68.88396,75.95393,74.52516,63.63961,65.9242,68.73136,69.2315
12.04159,12.04159,12.04159,12.04159,11.04536,12.04159,12.0,11.04536,11.0,11.0,11.0,11.0,11.0,11.0,10.0,11.04536,11.04536,11.04536,11.04536,11.04536,10.0,10.04988,11.04536,10.04988,10.04988,10.04988,10.04988,10.04988,10.04988,10.04988,10.04988,10.0,9.0,9.0,9.0,9.0,9.05539,8.06226,8.06226,8.06226,8.06226,8.06226,7.28011,7.28011,7.28011,6.32456,6.32456,5.38516,5.38516,5.38516,5.83095,5.0,63.00794,65.29931,68.76772,61.40033,61.58734,61.85467,61.91123,62.64982,57.80138,60.90156,60.90156,53.0,53.7122,63.81222,59.68249,56.4358,62.68174,52.83938,53.7122,61.09828,58.5235,58.69412,56.79789,50.9902,53.22593,49.65884,55.36244,54.70832,54.12947,52.88667,51.26402,49.39636,51.26402,53.7122,51.62364,47.42362,53.22593,48.54894,46.52956,51.5461,47.41308,44.65423,38.20995,38.94868,40.0,35.22783,40.22437,32.01562,32.55764,33.42155,30.41381,29.06888,29.06888,28.3196,22.82542,24.18677,21.0238,7.81025,10.81665,13.92839,10.0,17.08801,19.92486,22.36068,26.68333,26.57066,31.01612,32.57299,36.05551,37.0,38.47077,36.23534,49.64877,46.52956,53.53504,56.0357,54.03702,53.03772,54.20332,63.03174,56.72742,57.62812,63.70243,64.44377,65.79514,64.81512,59.03389,65.8559,66.28725,58.82176,61.07373,59.66574,62.80127,63.65532,60.30755,60.80296,62.93648,65.11528,61.6198,61.6198,70.03571,66.8431,67.94115,71.70077,71.02816,70.29225,69.29646,68.0147,66.52819,67.26812,69.2026,70.93659,72.12489,71.58911
12.20656,11.6619,11.18034,11.6619,11.6619,10.29563,11.18034,10.29563,10.29563,10.77033,10.29563,10.29563,10.77033,10.77033,9.84886,10.77033,9.84886,10.77033,9.48683,9.48683,9.48683,9.48683,9.48683,9.48683,9.48683,9.48683,9.48683,9.48683,9.48683,9.84886,9.48683,9.48683,9.48683,8.544,8.06226,8.94427,8.06226,8.06226,8.06226,7.81025,7.81025,7.07107,7.07107,5.65685,5.65685,6.40312,5.83095,5.0,5.0,5.0,4.47214,4.47214,60.16644,69.37579,62.24147,55.97321,63.90618,67.77905,57.77543,59.61543,56.36488,61.68468,64.07808,57.24509,57.27128,49.24429,57.69749,61.32699,53.00943,55.22681,56.35601,53.33854,51.10773,53.33854,56.22277,47.50789,47.43416,51.40039,51.61395,51.22499,48.01042,56.60389,50.21952,55.80323,52.20153,48.01042,49.20366,48.01042,46.40043,48.25971,46.8615,51.89412,39.81206,47.70744,41.14608,38.47077,36.35932,40.16217,36.87818,33.24154,36.13862,35.73514,33.73426,22.13594,27.85678,23.5372,27.01851,23.02173,21.09502,8.06226,11.18034,14.14214,15.6205,16.12452,14.21267,17.20465,21.40093,27.80288,24.69818,27.29469,37.20215,36.71512,35.8469,39.44617,46.84015,45.18849,45.31004,51.5461,57.28001,54.81788,54.12947,57.70615,55.31727,57.55867,57.42822,57.07889,60.00833,56.32051,61.66036,61.0082,59.03389,59.03389,59.13544,58.07753,61.40033,66.1211,60.03332,56.0,64.19502,62.514,59.22837,64.12488,59.22837,66.94027,68.44706,63.15061,60.41523,63.78871,65.51336,63.34824,67.91171,75.28612,61.0,62.96825,76.55064,71.30919
12.52996,11.6619,10.81665,11.6619,11.6619,11.6619,11.6619,10.81665,11.40175,10.63015,11.40175,10.63015,10.63015,10.63015,10.0,10.63015,10.63015,10.63015,9.89949,9.21954,9.21954,9.21954,9.89949,9.89949,9.89949,9.89949,9.89949,9.89949,9.21954,9.21954,9.21954,9.21954,8.60233,8.60233,9.43398,8.60233,8.06226,8.06226,8.06226,8.06226,7.61577,7.61577,7.28011,6.32456,7.28011,6.08276,6.08276,5.09902,5.09902,5.09902,5.0,5.0,64.84597,56.29387,65.62012,73.5527,68.18358,66.37017,59.84146,62.16912,53.23533,57.07889,61.0,62.00806,65.12296,55.0,55.00909,59.0,53.33854,55.00909,56.32051,51.0392,59.4138,56.56854,55.10898,50.63596,53.60037,48.37355,54.45181,43.28972,47.67599,55.44367,50.63596,53.60037,47.67599,50.24938,55.10898,47.26521,48.83646,47.07441,48.27007,43.41659,44.04543,40.0125,45.0,39.20459,44.01136,42.10701,36.22154,38.01316,33.01515,30.14963,29.61419,24.69818,26.4764,24.69818,25.29822,21.54066,19.69772,10.04988,11.0,10.19804,17.26268,18.0,22.02272,22.13594,21.0,26.4764,28.0,30.14963,37.21559,35.22783,43.04649,41.0,43.73786,49.36598,45.70558,52.46904,53.16014,56.04463,57.72348,54.08327,57.58472,58.60034,61.32699,63.06346,63.50591,55.4617,62.17717,60.37384,60.90156,59.5063,63.97656,59.5399,64.14047,59.48109,63.52952,59.05929,66.64083,64.84597,56.61272,64.19502,64.19502,68.62215,58.24088,66.76077,71.06335,65.25335,62.8172,70.21396,77.66595,76.68768,61.61169,72.27724,75.50497,78.26238
11.18034,11.04536,10.04988,11.04536,10.04988,10.04988,10.0,10.0,10.0,10.0,10.0,10.0,10.0,10.0,9.05539,9.0,10.04988,9.05539,9.05539,9.05539,9.05539,9.05539,9.05539,9.05539,9.05539,9.05539,9.05539,8.06226,8.06226,9.05539,8.06226,8.06226,9.05539,8.06226,8.0,8.0,8.0,7.0,7.07107,7.07107,6.08276,6.08276,6.08276,5.38516,5.38516,5.09902,5.38516,4.47214,4.47214,4.47214,3.60555,3.60555,63.28507,63.51378,67.74216,60.21628,62.00806,56.40035,61.07373,60.60528,59.46427,54.48853,55.97321,55.15433,60.81118,52.40229,56.63921,60.1415,55.15433,53.15073,53.90733,51.08816,58.41233,50.91169,54.3783,54.67175,49.81967,46.64762,53.41348,49.09175,47.63402,50.0,46.69047,49.09175,49.39636,48.25971,46.09772,45.60702,48.54894,45.80393,43.04649,45.96738,44.55334,42.42641,39.62323,43.13931,38.20995,33.61547,37.80212,37.21559,30.88689,28.23119,26.41969,29.54657,21.40093,25.4951,20.24846,19.41649,15.81139,8.60233,10.0,11.40175,18.43909,16.55295,18.35756,17.88854,21.9545,30.88689,26.0,25.45584,35.35534,35.0,38.20995,47.38143,44.04543,42.44997,45.45327,45.0,51.85557,53.0,51.97115,58.60034,59.03389,63.97656,60.83584,59.23681,64.07808,56.30275,60.74537,55.97321,62.39391,57.87055,59.61543,56.64804,63.32456,61.46544,58.60034,61.29437,61.7414,63.28507,62.64982,59.23681,56.82429,60.03332,66.64083,66.37017,66.64833,69.77105,70.71068,63.28507,69.63476,63.13478,70.23532,68.50547,71.06335,68.24222
11.40175,11.40175,11.40175,11.40175,10.81665,11.40175,10.63015,10.81665,10.81665,10.81665,10.81665,10.81665,10.29563,10.29563,10.29563,10.29563,10.29563,9.43398,10.29563,9.43398,9.84886,8.94427,9.43398,9.84886,9.84886,8.94427,9.84886,8.94427,8.94427,8.94427,8.94427,8.94427,8.94427,9.43398,8.60233,8.60233,7.81025,7.81025,7.2111,7.81025,7.07107,7.07107,7.07107,6.40312,5.65685,5.65685,5.0,5.0,5.0,5.0,4.47214,3.60555,63.15061,70.34913,65.12296,64.93843,67.89698,56.32051,61.29437,58.24946,60.0,56.88585,59.4138,55.03635,63.03174,56.00893,60.13319,56.14268,55.03635,55.03635,50.0,53.33854,53.03772,56.4358,56.22277,52.08647,46.17359,48.50773,49.36598,50.01,49.0306,47.51842,52.03845,51.97115,48.83646,48.50773,50.01,40.4475,42.19005,46.17359,44.18144,46.17359,44.0,41.0,44.01136,38.01316,38.0526,39.45884,36.13862,37.33631,34.48188,34.78505,26.92582,25.70992,25.96151,25.4951,19.92486,23.76973,19.41649,8.0,12.64911,14.56022,13.41641,15.0,21.63331,23.76973,25.4951,26.57066,28.17801,28.4605,36.68787,35.73514,41.0,46.32494,48.50773,45.39824,55.00909,48.09366,53.46027,56.00893,59.5399,65.76473,64.77654,52.63079,61.29437,65.73431,57.07013,66.09841,60.87693,62.29767,62.36185,60.16644,58.85576,66.48308,60.40695,60.44005,62.93648,61.18823,66.28725,65.96969,65.9242,63.06346,63.78871,65.9242,63.78871,72.36712,67.26812,66.75328,67.26812,63.50591,68.06614,71.44928,71.02112,67.46851,66.48308,63.78871
11.40175,11.40175,11.31371,10.63015,10.63015,10.63015,10.63015,10.63015,11.31371,9.89949,10.63015,10.63015,10.63015,9.89949,9.21954,10.63015,10.0,10.0,10.0,8.60233,9.21954,9.43398,9.21954,8.60233,9.21954,9.21954,10.0,9.43398,8.60233,9.21954,9.21954,8.60233,8.60233,9.21954,8.48528,8.48528,9.21954,7.81025,7.81025,7.2111,7.2111,7.2111,7.2111,6.7082,5.83095,5.83095,5.38516,5.38516,5.38516,5.38516,5.09902,5.09902,62.1289,59.03389,63.00794,59.5399,56.32051,63.0,60.53098,56.32051,54.34151,54.33231,54.45181,55.57877,53.75872,54.45181,57.48913,52.95281,54.91812,46.32494,50.63596,55.31727,58.46366,54.57105,49.33559,41.76123,44.27189,47.80167,45.60702,50.0,48.27007,50.0,50.69517,49.72927,45.35416,45.60702,44.27189,46.87217,44.38468,46.51881,42.2019,44.18144,49.36598,37.48333,39.45884,34.36568,36.12478,37.12142,38.01316,36.05551,32.24903,35.69314,28.01785,30.80584,26.30589,24.18677,20.88061,22.84732,18.97367,9.43398,17.69181,15.0,15.26434,16.40122,17.88854,29.20616,25.94224,25.4951,26.62705,34.98571,37.69615,42.05948,44.94441,46.23851,45.12206,55.36244,53.60037,55.9017,57.70615,57.31492,53.46027,59.13544,62.00806,63.00794,62.07254,66.27217,64.12488,61.66036,65.62012,59.68249,62.80127,64.62971,61.20457,63.3877,60.53098,63.12686,62.64982,62.80127,58.54912,59.3043,66.0303,61.29437,57.70615,60.0,69.02898,62.1289,63.00794,63.1981,69.35416,62.07254,67.18631,68.02941,68.0,64.28063,70.71068,67.26812
10.81665,12.20656,10.63015,11.40175,10.0,11.40175,10.63015,10.63015,10.63015,9.89949,10.63015,10.63015,10.63015,9.89949,10.63015,9.89949,10.63015,9.21954,10.0,9.21954,9.21954,9.21954,9.21954,8.60233,8.60233,9.21954,10.0,9.21954,10.0,9.21954,9.21954,9.21954,9.21954,9.21954,9.21954,8.48528,8.60233,7.81025,7.81025,8.60233,7.2111,8.06226,7.2111,6.7082,6.7082,6.32456,6.32456,5.38516,5.38516,5.38516,5.09902,5.09902,56.85948,68.54196,58.60034,59.03389,62.03225,66.48308,49.24429,57.24509,51.41984,59.20304,59.46427,54.91812,60.16644,46.52956,51.24451,58.69412,52.15362,56.29387,49.81967,46.38965,53.33854,52.23983,49.49747,48.37355,45.89118,49.25444,47.09565,49.0408,45.54119,48.09366,48.01042,53.15073,45.54119,47.09565,51.24451,46.52956,44.72136,46.09772,45.35416,47.29693,40.02499,42.72002,41.0,41.97618,42.15448,38.07887,35.51056,30.36445,32.31099,31.38471,26.62705,30.23243,26.24881,25.80698,20.0,23.34524,26.62705,10.19804,12.04159,12.36932,22.09072,18.02776,19.23538,25.31798,28.16026,30.59412,27.16616,32.14032,37.05401,42.29657,49.25444,47.53946,43.68066,51.24451,51.62364,56.64804,53.85165,53.22593,61.29437,60.90156,62.76942,61.91123,62.00806,66.4003,71.50524,62.28965,67.35726,60.80296,66.48308,61.55485,63.25346,58.89822,67.94115,61.07373,63.03174,59.90826,61.61169,65.80274,64.63745,64.40497,61.29437,64.66065,60.30755,60.46487,66.24198,61.91123,63.81222,61.58734,64.88451,70.45566,56.82429,65.51336,63.28507,66.18912
11.40175,11.40175,10.81665,11.40175,10.81665,11.40175,10.81665,10.81665,10.81665,10.81665,10.81665,11.6619,11.18034,11.18034,11.18034,11.18034,11.18034,10.29563,9.84886,9.84886,10.29563,9.84886,9.84886,9.48683,10.77033,10.77033,10.77033,10.77033,9.84886,9.84886,9.84886,9.84886,8.94427,9.43398,9.43398,9.43398,8.60233,8.60233,8.60233,8.60233,7.81025,7.81025,6.40312,7.07107,5.65685,5.65685,5.65685,5.65685,5.0,5.0,5.0,3.60555,56.29387,60.87693,61.98387,59.68249,64.12488,59.07622,49.0408,57.70615,55.57877,58.00862,62.28965,59.21149,61.20457,56.14268,55.03635,61.13101,53.08484,55.44367,51.35173,62.28965,54.33231,53.33854,50.63596,54.45181,52.46904,55.44367,52.34501,51.41984,52.61179,54.12947,52.61179,53.46027,49.36598,45.70558,53.23533,47.04253,47.38143,47.01064,41.10961,47.26521,44.01136,45.17743,41.0,43.41659,42.42641,36.22154,39.62323,35.90265,35.90265,29.41088,36.40055,31.76476,30.36445,24.16609,21.9545,28.6531,25.55386,15.26434,18.60108,16.49242,17.26268,21.58703,23.34524,24.35159,35.44009,33.06055,32.89377,40.31129,43.41659,41.10961,45.54119,47.09565,54.08327,53.33854,53.93515,56.7186,57.55867,57.97413,62.64184,61.35145,59.48109,61.98387,65.79514,66.70832,64.88451,59.5399,63.56099,61.26989,57.45433,60.03332,55.9017,61.29437,56.79789,59.61543,61.7414,57.00877,57.28001,57.87055,60.44005,59.77458,61.03278,57.28001,70.83784,67.18631,63.56099,63.95311,62.64184,63.56886,67.89698,66.4906,66.09841,56.921,63.78871,65.51336
11.40175,10.44031,10.44031,10.77033,10.44031,10.77033,10.77033,10.77033,9.84886,9.84886,10.29563,10.29563,10.29563,10.29563,10.29563,10.29563,10.29563,10.29563,9.43398,9.43398,9.43398,9.43398,9.43398,10.0,9.43398,10.0,9.43398,9.43398,9.43398,9.43398,8.60233,9.43398,8.94427,8.94427,8.94427,8.94427,7.61577,7.61577,7.61577,7.61577,7.28011,6.32456,6.32456,6.32456,6.08276,5.09902,5.09902,5.09902,5.09902,4.12311,4.0,4.0,60.0,62.96825,65.19202,61.22091,59.20304,64.40497,67.1193,62.43397,52.43091,58.66856,58.5235,59.5399,57.45433,56.60389,59.03389,58.60034,60.20797,53.7122,54.12947,56.79789,59.61543,56.0803,57.00877,54.12024,48.30114,50.15974,50.92151,51.07837,51.07837,50.32892,49.81967,52.49762,51.1957,52.0,50.28916,51.47815,45.18849,56.79789,45.27693,52.35456,50.15974,38.01316,40.0,42.72002,38.01316,40.22437,41.40048,36.23534,34.05877,28.01785,32.64966,31.241,29.0,26.87006,27.58623,21.0238,21.93171,14.86607,19.23538,17.0,24.0,22.2036,21.54066,24.18677,25.96151,32.69557,35.35534,34.98571,45.17743,41.67733,43.41659,52.43091,45.48626,50.9902,54.03702,56.58622,61.07373,59.5483,59.66574,59.03389,62.42596,63.63175,65.8635,65.8635,58.00862,61.77378,62.17717,58.66856,59.05929,56.82429,58.83026,54.56189,57.42822,58.60034,55.0,59.03389,60.60528,58.41233,58.13777,58.25805,61.6198,65.05382,58.72819,64.38167,63.63961,64.44377,67.35726,68.11755,65.06919,65.29931,65.19202,62.93648,61.84658,67.20863
11.40175,11.40175,11.40175,11.40175,11.40175,10.63015,11.40175,11.40175,10.63015,10.63015,11.31371,11.31371,9.89949,9.89949,9.89949,10.63015,9.89949,9.89949,9.89949,9.89949,9.89949,9.89949,9.89949,9.21954,9.89949,9.89949,9.89949,9.89949,9.89949,9.21954,8.48528,9.21954,9.21954,9.21954,8.60233,8.60233,8.06226,7.2111,7.2111,7.2111,6.7082,6.7082,5.83095,5.38516,5.38516,5.38516,5.38516,5.09902,4.12311,4.12311,4.12311,4.12311,62.64982,61.84658,61.77378,57.93962,60.40695,66.7308,55.97321,62.24147,58.30952,62.62587,64.2573,61.84658,58.69412,55.08176,57.27128,60.16644,55.08176,55.31727,60.41523,55.54278,59.66574,52.17279,56.7186,55.7853,53.36666,57.21888,55.22681,56.7186,51.41984,56.88585,52.61179,53.60037,53.36666,50.48762,56.4358,48.27007,44.92215,52.63079,49.49747,52.0,47.53946,50.15974,46.8188,39.35734,35.8469,36.23534,36.76955,35.35534,33.83785,35.22783,29.83287,30.80584,26.40076,23.02173,22.67157,27.20294,23.43075,16.0,19.23538,19.23538,22.80351,22.0,26.30589,29.01724,32.0,34.0,31.57531,37.01351,44.28318,46.38965,48.50773,50.44799,44.64303,53.16014,55.15433,56.46238,52.35456,64.14047,59.07622,61.58734,63.24555,60.80296,59.90826,63.00794,63.82006,61.84658,65.06919,59.40539,62.80127,58.0517,56.61272,60.80296,64.07027,58.82176,64.14047,58.41233,62.43397,60.46487,63.63175,71.34424,59.16925,66.88797,69.64194,65.19202,67.1193,60.83584,64.14047,67.53518,72.91776,72.09022,64.84597,66.48308,73.82412,72.47068
11.18034,11.18034,11.18034,11.18034,10.77033,11.18034,11.18034,10.29563,10.29563,10.29563,10.81665,10.81665,10.29563,10.29563,9.43398,10.81665,10.0,10.0,10.0,10.0,9.43398,9.43398,10.0,9.21954,10.0,10.0,9.21954,9.21954,9.43398,9.43398,8.60233,8.60233,8.60233,8.60233,8.06226,8.06226,8.06226,7.61577,7.61577,6.7082,6.32456,6.32456,6.32456,6.32456,6.32456,5.09902,5.09902,4.12311,4.12311,4.12311,4.0,4.0,62.24147,68.02941,62.93648,65.45991,60.16644,61.7171,53.16014,67.6757,59.13544,58.69412,67.46851,56.7186,63.24555,57.28001,54.91812,56.88585,55.31727,56.04463,57.00877,59.22837,55.9017,56.7186,54.33231,50.80354,55.9017,47.29693,48.09366,54.08327,50.48762,51.15662,49.0102,51.0392,50.24938,47.67599,48.0,46.69047,46.27094,47.29693,43.17407,48.37355,46.87217,42.95346,36.40055,35.8469,35.4683,42.05948,35.77709,38.8973,37.21559,34.0147,26.92582,29.68164,24.16609,21.9545,22.36068,23.32381,24.41311,14.31782,15.52417,16.27882,19.0263,20.02498,23.19483,32.01562,30.26549,30.01666,30.06659,40.31129,40.60788,41.0,46.57252,48.08326,50.69517,57.28001,52.39275,57.77543,59.9333,56.93856,57.42822,59.5399,64.49806,59.68249,62.96825,62.62587,54.81788,58.13777,58.13777,62.00806,61.40033,59.66574,60.87693,60.74537,61.22091,63.81222,59.90826,61.05735,59.36329,66.03787,61.91123,67.60178,69.46222,63.07139,66.24198,72.06941,68.54196,66.21178,68.02941,69.07966,63.07139,65.79514,68.02941,68.54196,67.54258,65.29931
12.04159,11.40175,11.40175,11.40175,11.40175,11.40175,11.40175,10.81665,10.81665,10.81665,10.81665,10.81665,10.81665,10.81665,10.81665,10.29563,10.29563,10.29563,10.29563,10.29563,9.43398,10.29563,9.43398,9.84886,9.43398,8.94427,10.29563,9.43398,9.43398,9.43398,9.43398,9.43398,8.60233,8.60233,8.60233,8.60233,8.60233,7.81025,7.81025,7.07107,7.07107,7.07107,6.40312,6.40312,6.40312,6.40312,6.40312,5.0,5.0,5.0,5.0,4.47214,59.68249,65.76473,71.56815,57.42822,62.36986,62.28965,54.33231,59.03389,61.03278,59.21149,57.07889,59.07622,55.3263,55.14526,52.0,58.07753,53.03772,59.07622,60.53098,54.00926,55.03635,52.23983,55.3263,53.08484,50.15974,53.23533,50.24938,52.23983,51.0098,45.27693,53.93515,51.97115,50.96077,48.37355,50.03998,50.03998,50.08992,45.27693,48.04165,44.10215,43.01163,43.10452,36.49658,47.38143,38.83298,36.49658,33.95585,33.24154,25.0,31.38471,25.29822,30.06659,30.52868,27.29469,23.76973,20.59126,23.02173,15.23155,18.78829,14.86607,21.18962,21.47091,27.313,24.35159,27.313,33.73426,34.9285,34.9285,46.52956,39.45884,43.41659,59.03389,47.04253,51.08816,51.08816,57.03508,54.14795,56.7186,61.66036,53.60037,62.93648,60.08328,62.64184,63.24555,62.29767,64.2573,67.62396,62.62587,62.62587,60.16644,63.56886,62.39391,56.921,58.69412,61.68468,61.68468,64.7611,65.14599,65.51336,64.93843,63.78871,64.93843,72.27724,72.12489,67.89698,72.27724,63.78871,66.91039,65.06919,69.42622,68.15424,72.18033,68.06614,70.17834
12.20656,12.20656,11.6619,12.20656,11.6619,11.6619,11.6619,11.6619,11.18034,11.18034,11.18034,11.18034,11.18034,11.18034,11.18034,10.77033,10.77033,10.77033,10.77033,10.77033,9.84886,10.77033,10.44031,9.48683,9.84886,10.44031,10.44031,9.84886,9.84886,9.84886,9.84886,9.84886,8.94427,8.94427,8.94427,8.94427,8.94427,8.06226,8.60233,7.81025,7.81025,7.2111,7.07107,6.40312,6.40312,6.40312,5.65685,5.65685,5.65685,5.0,5.0,5.0,66.61081,64.62971,64.32729,61.66036,64.77654,57.27128,62.16912,52.7731,63.32456,60.08328,55.10898,58.94065,56.32051,54.23099,53.14132,53.45091,57.24509,55.97321,57.58472,56.0803,48.46648,48.08326,53.45091,49.24429,49.39636,47.42362,51.07837,47.42362,47.92703,48.75449,50.08992,47.16991,51.89412,48.70318,47.42362,46.57252,50.59644,51.26402,45.39824,39.21734,44.27189,39.81206,37.48333,40.60788,38.32754,34.71311,28.07134,31.257,29.06888,28.07134,24.08319,24.02082,25.01999,16.76305,28.0,17.72005,17.08801,13.0384,18.02776,14.21267,16.27882,21.40093,24.83948,25.23886,27.58623,38.20995,34.82815,37.64306,36.23534,42.19005,49.92995,46.51881,51.0,53.7122,53.31041,53.48832,55.7853,58.24946,63.56099,56.29387,56.29387,58.21512,57.70615,59.84146,62.39391,64.12488,63.3877,63.1981,62.20129,65.03076,64.19502,67.18631,60.03332,62.1289,62.39391,65.27634,69.06519,62.514,61.18823,64.49806,70.5762,65.73431,69.05071,70.40597,61.39218,75.80237,71.44928,71.17584,68.24954,65.49046,63.78871,68.65858,73.1642,72.11103
10.44031,10.44031,10.44031,9.48683,10.44031,9.48683,10.19804,9.21954,10.19804,9.21954,10.19804,10.04988,9.05539,9.05539,9.05539,10.04988,9.05539,9.05539,9.05539,9.05539,9.05539,9.05539,9.05539,9.0,9.0,9.0,9.0,9.05539,8.0,9.0,8.06226,8.06226,8.06226,8.06226,8.24621,8.24621,7.07107,6.32456,6.32456,6.32456,6.32456,5.38516,5.38516,5.38516,5.38516,4.47214,4.47214,4.47214,3.60555,3.60555,3.60555,3.60555,63.69458,57.27128,66.18912,62.16912,62.17717,55.4617,56.93856,61.7414,51.31277,58.83026,55.47071,56.4358,49.64877,52.43091,57.48913,54.20332,54.40588,54.08327,53.33854,49.0408,56.61272,50.21952,51.85557,49.67897,50.21952,51.73973,49.20366,48.16638,50.32892,46.8615,45.34314,43.84062,46.61545,49.0408,48.10405,46.64762,46.04346,39.66106,47.42362,41.04875,44.04543,40.70626,41.18252,40.31129,38.01316,37.57659,34.88553,32.01562,34.0,29.54657,28.4605,27.73085,26.57066,23.76973,23.19483,24.73863,20.22375,13.89244,18.11077,18.38478,23.85372,20.12461,23.08679,30.88689,26.07681,29.20616,34.71311,35.80503,38.94868,42.63801,46.69047,47.42362,46.09772,49.67897,49.64877,61.07373,54.08327,54.58938,60.03332,62.16912,63.06346,56.0803,62.24147,61.46544,61.46544,60.74537,65.78754,60.74537,65.80274,64.2573,60.44005,61.35145,61.03278,63.24555,60.37384,65.19202,65.55151,68.15424,61.84658,63.97656,66.21178,65.0,68.96376,60.16644,70.5762,69.92138,60.00833,62.96825,66.64083,66.70832,68.00735,75.15318,66.64833,62.6099
11.7047,11.7047,11.7047,11.7047,10.77033,10.44031,11.40175,11.40175,11.40175,10.44031,10.44031,10.44031,10.44031,10.44031,10.19804,11.18034,10.19804,10.19804,10.19804,10.04988,9.05539,10.04988,10.04988,10.19804,9.21954,10.04988,10.04988,9.05539,9.05539,10.19804,9.21954,9.21954,9.21954,9.21954,9.21954,9.21954,8.544,7.61577,7.61577,7.61577,7.61577,7.61577,6.7082,6.7082,6.7082,5.83095,5.83095,5.83095,5.0,5.0,5.0,5.0,59.46427,60.44005,56.29387,57.38467,54.78138,59.5063,55.9464,51.47815,54.12024,55.9464,56.0803,51.10773,53.85165,51.62364,45.79301,53.7122,53.60037,54.91812,51.31277,53.85165,51.66237,44.20407,52.20153,51.61395,46.64762,46.61545,50.47772,49.39636,50.77401,46.09772,46.69047,46.2277,46.61545,49.73932,50.21952,44.94441,47.88528,43.909,42.04759,39.66106,45.17743,46.06517,40.16217,38.60052,35.17101,41.34005,35.1141,31.01612,29.61419,29.41088,30.08322,26.24881,26.68333,24.08319,22.36068,19.23538,19.23538,15.0,13.89244,19.31321,25.6125,24.20744,25.4951,23.60085,25.80698,31.89044,33.42155,38.20995,35.35534,43.93177,43.86342,44.65423,48.25971,49.92995,54.58938,55.56978,61.29437,60.82763,57.93962,61.09828,60.44005,64.28841,65.80274,64.7611,66.21933,64.7611,65.30697,64.32729,65.9242,64.13267,66.09841,58.69412,59.43904,67.68309,63.56099,69.05071,60.40695,65.30697,63.78871,65.45991,67.26812,61.0,67.62396,67.6757,66.94027,65.80274,67.18631,64.03124,66.76077,62.0967,69.89278,74.04053,60.44005,62.0967
10.19804,10.19804,10.19804,10.19804,9.21954,10.19804,10.19804,10.04988,9.21954,9.05539,10.04988,9.0,9.05539,9.05539,9.05539,9.0,9.0,9.05539,9.0,9.0,9.0,9.0,9.0,9.0,9.0,9.0,9.0,8.0,9.05539,9.05539,8.06226,8.06226,8.06226,8.06226,8.06226,8.24621,7.28011,7.28011,7.28011,6.32456,6.32456,6.32456,5.38516,5.38516,5.38516,4.47214,4.47214,4.47214,4.47214,4.24264,3.60555,3.60555,60.72891,58.87274,64.19502,57.00877,54.23099,59.03389,52.92447,59.03389,55.03635,56.79789,52.35456,53.22593,56.85948,47.41308,51.10773,51.10773,53.7122,52.47857,51.97115,53.85165,51.31277,50.47772,53.25411,53.33854,47.70744,43.82921,44.20407,50.80354,49.20366,49.81967,44.82187,50.80354,43.82921,49.24429,45.80393,48.37355,45.79301,38.58756,50.15974,41.59327,40.70626,41.62932,38.62642,43.08132,37.65634,38.48376,37.94733,30.59412,37.33631,31.40064,26.07681,29.15476,24.18677,27.16616,29.0,26.0,21.0238,13.0,20.61553,18.35756,21.09502,20.59126,26.24881,30.41381,27.01851,37.80212,31.82766,36.23534,43.86342,41.40048,47.20169,47.42362,46.32494,54.08327,51.97115,58.60034,53.22593,57.27128,62.36185,61.03278,62.64184,58.94065,59.77458,56.75385,66.28725,61.81424,62.64982,59.84146,65.19202,62.20129,64.38167,66.18912,59.21149,56.88585,62.36986,61.20457,59.4138,65.19202,60.41523,62.96825,65.49046,62.8172,61.40033,63.15061,60.01666,63.78871,58.94065,61.13101,63.34824,65.11528,59.20304,63.34824,63.06346,57.48913
10.63015,10.63015,10.63015,10.63015,10.63015,10.63015,10.63015,9.89949,9.89949,9.89949,9.89949,9.89949,9.89949,9.21954,9.21954,10.0,10.0,9.21954,9.21954,9.21954,9.21954,9.21954,9.21954,9.43398,8.60233,10.0,10.0,10.0,8.60233,9.21954,9.21954,9.21954,9.21954,8.48528,8.48528,8.48528,7.81025,7.81025,7.81025,7.2111,7.2111,7.2111,7.2111,6.7082,6.7082,5.38516,5.38516,5.38516,5.38516,5.09902,5.09902,5.09902,59.03389,59.07622,57.03508,66.0303,56.0357,60.29925,56.0803,51.24451,56.0357,58.13777,56.0803,61.40033,57.07889,55.9017,58.0517,56.75385,57.70615,53.15073,45.27693,54.34151,57.00877,54.34151,49.33559,52.63079,50.80354,49.81967,57.00877,47.75982,52.92447,53.48832,52.20153,51.86521,51.66237,48.70318,54.12024,46.09772,49.49747,45.39824,49.25444,45.17743,46.38965,46.04346,42.2019,42.75512,38.01316,39.05125,32.01562,28.01785,33.13608,33.54102,32.38827,28.16026,28.63564,29.12044,25.96151,27.20294,25.29822,12.52996,13.89244,19.20937,18.60108,18.60108,26.83282,24.59675,27.85678,34.9285,34.78505,41.4367,40.49691,43.17407,43.93177,49.24429,52.61179,56.22277,53.15073,59.00847,60.13319,66.1211,61.66036,65.27634,63.00794,64.49806,70.71068,68.88396,64.93843,69.63476,65.73431,67.35726,65.25335,67.44627,62.96825,65.45991,66.12866,67.77905,64.28841,63.56099,65.30697,58.94065,62.8172,67.36468,63.78871,62.80127,73.97973,61.84658,66.28725,61.61169,65.96969,58.0517,62.64982,64.13267,64.19502,62.1289,60.01666,63.07139
10.29563,9.84886,9.48683,9.84886,9.84886,9.84886,9.48683,9.48683,9.48683,9.48683,9.48683,9.48683,9.48683,9.21954,9.21954,9.21954,9.21954,9.21954,9.21954,9.05539,9.05539,8.06226,8.24621,9.05539,9.05539,9.21954,9.05539,9.05539,9.05539,9.21954,8.24621,8.24621,8.24621,8.24621,7.61577,7.61577,7.61577,7.61577,6.7082,6.7082,6.7082,5.83095,5.83095,5.83095,5.0,5.0,5.0,5.0,5.0,4.24264,4.24264,3.60555,53.15073,56.46238,66.48308,61.39218,57.27128,54.42426,49.65884,60.53924,46.48656,59.5063,56.0803,49.92995,57.69749,52.35456,57.14018,50.9902,56.82429,48.9183,49.81967,54.81788,56.60389,51.86521,56.61272,47.70744,49.39636,47.38143,50.80354,47.42362,47.01064,44.55334,48.60041,56.0357,44.40721,54.40588,46.14109,50.77401,41.6173,49.81967,45.65085,50.08992,44.77723,43.01163,40.24922,38.01316,38.91015,41.23106,36.76955,30.8707,34.17601,30.41381,31.62278,26.30589,28.16026,23.08679,21.0,23.02173,19.0263,18.43909,16.27882,14.76482,20.80865,21.40093,25.6125,31.241,29.15476,34.66987,30.52868,35.8469,43.56604,38.47077,37.73592,50.08992,47.53946,55.02727,53.14132,58.24088,55.7853,53.60037,65.27634,61.52235,60.53098,64.00781,63.0,64.03124,66.0303,65.06919,68.0,61.13101,61.03278,66.00758,66.1211,64.12488,63.12686,60.13319,68.02941,63.03174,61.0082,63.0,62.07254,65.0,64.38167,62.20129,61.81424,58.54912,58.0,64.32729,57.70615,63.15061,69.857,65.27634,54.74486,61.40033,60.41523,59.48109
10.77033,10.77033,10.44031,10.44031,10.44031,10.44031,10.44031,10.44031,10.44031,10.19804,10.19804,10.19804,9.21954,9.21954,10.04988,10.19804,10.04988,10.19804,10.04988,9.05539,9.05539,9.05539,9.05539,9.05539,9.05539,9.05539,9.05539,9.05539,9.05539,9.21954,9.21954,9.05539,9.21954,8.24621,8.544,8.24621,8.24621,7.28011,7.61577,7.61577,6.7082,6.7082,6.7082,5.83095,5.83095,5.0,5.0,5.0,5.0,4.24264,4.24264,4.24264,52.83938,52.7731,53.22593,61.84658,60.41523,57.80138,52.83938,52.55473,53.7122,53.0,59.36329,55.47071,66.28725,53.25411,59.40539,55.0,60.21628,54.56189,59.5483,57.80138,57.00877,56.63921,53.75872,49.51767,53.8145,50.32892,54.03702,53.90733,51.62364,53.8145,54.45181,61.84658,44.20407,51.08816,49.57822,47.42362,48.27007,47.42362,48.82622,48.02083,47.16991,43.56604,43.41659,39.40812,31.90611,30.01666,33.61547,36.76955,31.04835,28.44293,29.83287,26.92582,33.61547,24.35159,26.0,21.84033,22.80351,10.44031,20.59126,19.41649,18.43909,18.38478,22.62742,29.83287,30.01666,31.40064,36.61967,34.1321,39.96248,45.79301,49.65884,45.65085,51.89412,53.75872,47.12749,55.65968,60.16644,58.82176,61.39218,60.82763,61.39218,60.82763,68.88396,62.07254,68.11755,58.00862,70.02857,63.07139,60.03332,63.00794,61.0082,65.19202,60.20797,60.00833,55.08176,60.13319,61.40033,63.3877,57.21888,59.03389,62.16912,53.85165,62.03225,56.4358,61.39218,53.60037,55.97321,55.54278,56.75385,61.98387,58.5235,60.16644,62.36185,65.29931
10.44031,11.7047,10.44031,10.77033,10.44031,10.44031,10.44031,10.44031,10.19804,10.19804,11.18034,11.18034,10.19804,10.19804,10.19804,10.04988,10.04988,10.04988,10.04988,10.04988,10.04988,10.04988,10.0,10.0,10.04988,10.0,10.0,10.0,10.04988,9.0,9.05539,9.05539,9.05539,9.05539,8.06226,8.06226,8.24621,8.24621,7.28011,7.28011,7.28011,6.32456,6.32456,6.32456,5.38516,5.38516,5.38516,4.47214,4.47214,4.47214,3.60555,3.60555,59.46427,62.76942,63.56099,65.0,63.06346,59.94164,62.64982,59.94164,61.7171,53.66563,56.85948,57.80138,54.3783,59.48109,61.03278,59.36329,61.77378,66.03787,57.80138,56.0357,55.22681,57.48913,54.67175,57.38467,55.31727,57.38467,54.67175,55.9017,54.03702,52.40229,46.09772,57.98276,51.85557,53.8145,48.16638,55.44367,55.44367,52.63079,51.0392,46.87217,48.8774,45.80393,49.39636,40.81666,41.23106,40.24922,38.48376,40.24922,31.30495,28.6531,29.52965,30.8707,25.96151,28.17801,24.04163,26.92582,26.30589,13.45362,15.65248,17.88854,19.23538,21.54066,25.07987,26.41969,26.92582,29.96665,31.38471,38.07887,40.31129,43.46263,47.85394,44.92215,52.23983,51.5461,57.07013,55.08176,61.03278,61.0082,60.03332,62.00806,64.0,65.76473,65.06919,59.68249,64.28063,63.95311,73.1642,66.09841,63.3877,63.50591,62.39391,63.95311,59.4138,62.16912,62.1289,57.14018,60.07495,64.38167,65.0,61.0082,59.5399,56.0803,52.61179,56.88585,58.13777,58.69412,60.53098,61.66036,59.84146,60.63827,57.97413,65.73431,59.03389,64.28063
11.18034,11.18034,10.77033,10.77033,10.77033,10.77033,10.77033,10.77033,10.77033,10.44031,10.77033,10.44031,10.44031,10.44031,10.44031,10.19804,10.19804,10.19804,10.19804,10.19804,9.21954,10.19804,9.21954,9.05539,9.21954,10.19804,9.21954,9.21954,10.19804,9.21954,9.21954,9.21954,8.24621,8.24621,8.544,8.544,8.544,7.61577,7.61577,7.61577,6.7082,6.7082,6.7082,5.83095,5.83095,5.0,5.0,5.0,5.0,4.24264,4.24264,4.24264,63.69458,59.48109,61.46544,66.12866,57.70615,64.40497,56.4358,59.94164,59.48109,56.36488,59.9333,60.41523,67.54258,55.56978,59.68249,61.40033,59.40539,55.0,55.80323,54.91812,58.60034,58.66856,54.81788,50.0,52.00961,49.81967,57.80138,53.41348,49.57822,55.60576,52.43091,53.25411,48.9183,47.63402,53.00943,44.40721,52.80152,44.41846,50.53712,48.25971,44.28318,45.79301,44.29447,41.59327,37.58989,40.70626,41.14608,29.52965,30.08322,27.89265,32.20248,31.62278,25.4951,22.80351,21.0238,22.09072,19.10497,11.6619,11.40175,15.26434,20.61553,20.0,19.23538,23.70654,29.68164,30.61046,29.83287,38.07887,39.35734,36.71512,41.62932,47.42362,47.53946,54.70832,45.70558,61.98387,53.36666,57.97413,54.91812,61.29437,61.13101,63.07139,64.12488,60.03332,65.37584,64.0,66.18912,65.37584,67.47592,64.38167,62.00806,63.28507,64.12488,62.28965,65.00769,59.07622,56.00893,58.03447,56.0803,59.07622,59.07622,59.13544,58.0,61.20457,59.21149,62.514,62.16912,58.24946,57.27128,62.36986,59.20304,60.74537,57.58472,68.30813
12.16553,12.16553,12.36932,12.36932,12.36932,11.40175,11.40175,11.40175,11.7047,11.40175,11.7047,11.7047,11.7047,11.7047,11.7047,10.77033,11.18034,10.77033,11.18034,11.18034,10.77033,11.18034,11.18034,11.18034,11.18034,9.84886,10.29563,10.29563,10.29563,10.29563,9.84886,9.84886,9.84886,9.84886,9.48683,9.48683,9.48683,8.544,8.24621,8.24621,7.28011,7.28011,7.28011,7.07107,6.08276,6.08276,6.08276,6.08276,5.09902,5.0,5.0,5.0,55.97321,63.60031,60.60528,53.8145,60.46487,56.0803,57.38467,61.29437,55.31727,53.33854,53.41348,59.07622,60.20797,54.40588,56.93856,58.83026,59.94164,57.38467,57.24509,54.56189,51.89412,52.83938,55.9017,51.89412,52.0,50.15974,51.88449,52.88667,50.69517,49.64877,53.45091,52.0,48.30114,50.56679,45.54119,50.53712,47.43416,50.53712,47.85394,43.41659,46.64762,39.39543,42.54409,41.6173,38.58756,31.82766,33.30165,34.05877,26.87006,31.06445,34.71311,29.0,26.87006,24.20744,24.75884,20.80865,19.41649,13.60147,13.60147,21.09502,21.47091,15.81139,26.57066,23.32381,28.84441,27.45906,28.30194,38.07887,37.53665,41.23106,43.60046,42.63801,46.75468,52.63079,48.83646,53.90733,51.86521,53.25411,62.80127,59.68249,62.96825,59.05929,59.9333,65.0,63.56099,64.2573,67.54258,59.5063,71.17584,62.17717,65.0,60.41523,64.88451,60.83584,62.16912,59.03389,63.28507,62.43397,58.5235,57.69749,58.66856,53.60037,58.83026,65.45991,58.24946,65.21503,55.60576,63.63961,59.5483,64.81512,57.98276,62.36986,63.70243,60.87693
12.52996,12.52996,12.52996,11.6619,12.52996,11.18034,12.08305,12.08305,12.08305,12.08305,12.08305,12.08305,12.08305,11.7047,10.77033,11.7047,11.40175,10.77033,10.44031,10.44031,10.44031,10.44031,10.44031,10.44031,10.44031,10.44031,10.44031,10.44031,10.44031,10.44031,9.48683,9.48683,9.48683,9.48683,9.84886,9.84886,8.94427,8.94427,8.06226,8.06226,8.06226,7.2111,7.2111,7.2111,7.2111,6.40312,5.83095,6.40312,5.65685,5.65685,5.0,4.24264,64.53681,59.68249,64.28841,65.78754,59.48109,61.61169,60.63827,61.40033,57.56735,60.16644,56.64804,62.29767,49.0408,52.88667,58.5235,59.23681,60.37384,60.74537,54.58938,54.58938,52.35456,51.89412,57.80138,50.08992,57.27128,52.80152,49.73932,56.4358,56.60389,50.24938,50.24938,54.20332,51.47815,50.60632,44.77723,49.1935,53.23533,47.01064,45.17743,44.29447,44.72136,43.46263,44.38468,42.75512,34.71311,36.68787,33.73426,33.37664,32.98485,32.14032,29.0,26.01922,23.5372,21.09502,28.07134,19.41649,18.24829,13.15295,13.60147,15.81139,19.72308,17.49286,26.07681,25.4951,25.55386,29.54657,35.8469,34.20526,40.49691,43.9659,44.14748,45.70558,51.78803,56.08921,55.57877,58.54912,60.03332,59.00847,64.00781,60.20797,72.00694,66.27217,71.34424,62.20129,66.94027,66.70832,65.51336,64.13267,66.61081,69.35416,62.64982,63.06346,65.76473,54.74486,61.81424,58.69412,60.82763,61.0,58.42089,64.07027,59.5399,53.0,69.02898,60.13319,55.22681,66.18912,64.28063,59.03389,61.29437,66.18912,62.80127,67.60178,66.27217,60.82763
10.44031,10.44031,10.44031,10.44031,10.44031,10.44031,10.19804,10.19804,10.19804,10.19804,10.19804,10.19804,9.05539,10.04988,9.05539,10.04988,9.05539,9.05539,9.05539,9.05539,9.05539,9.05539,9.05539,9.0,9.0,9.05539,9.05539,9.05539,9.05539,9.05539,8.06226,8.06226,8.06226,8.24621,8.24621,8.24621,7.28011,7.28011,7.28011,6.32456,6.7082,5.83095,5.83095,5.83095,5.0,5.0,5.0,5.0,5.0,4.24264,4.24264,3.60555,59.48109,63.69458,66.70832,62.24147,68.02941,59.94164,59.64059,64.49806,59.5399,60.41523,64.4748,55.56978,59.09315,54.56189,56.0357,59.05929,54.70832,55.07268,61.03278,48.37355,57.68882,51.61395,55.97321,46.32494,49.64877,52.63079,52.47857,46.09772,49.20366,52.80152,57.00877,53.25411,48.41487,48.41487,52.20153,48.82622,48.25971,44.40721,46.87217,44.01136,45.61798,42.37924,38.91015,41.59327,39.56008,37.94733,36.68787,28.79236,31.38471,26.4764,23.0,24.02082,26.30589,22.36068,18.02776,21.2132,20.02498,14.14214,11.6619,16.55295,18.43909,23.60085,23.34524,24.08319,24.75884,29.73214,32.64966,35.38361,37.44329,39.82462,44.04543,47.20169,53.33854,54.58938,46.95743,56.36488,52.49762,59.23681,65.51336,62.58594,59.90826,57.87055,63.63961,63.63961,62.28965,66.48308,61.13101,66.27217,59.03389,61.0082,61.03278,58.13777,64.03124,64.0,62.64982,61.81424,57.55867,60.29925,60.53098,59.68249,58.69412,60.16644,51.41984,54.12947,63.15061,63.32456,59.23681,56.75385,59.46427,64.03124,61.39218,62.29767,63.60031,66.7308
9.84886,10.77033,9.84886,10.77033,9.84886,10.77033,9.48683,9.48683,9.48683,9.48683,9.48683,9.21954,9.48683,9.21954,9.48683,9.21954,9.21954,9.21954,9.21954,9.21954,8.24621,8.24621,9.21954,9.05539,8.06226,9.05539,9.05539,8.24621,8.24621,9.21954,8.24621,8.24621,8.24621,7.28011,7.28011,7.28011,7.28011,6.7082,6.7082,6.7082,6.7082,5.83095,5.0,5.0,5.0,5.0,5.0,4.24264,4.24264,3.60555,3.60555,2.82843,63.60031,71.70077,68.15424,62.58594,61.03278,62.64184,58.24088,64.03124,61.68468,57.48913,57.93962,52.55473,60.40695,60.74537,53.85165,56.36488,58.69412,56.61272,57.93962,56.36488,53.7122,51.47815,49.24429,53.48832,51.47815,52.92447,49.24429,55.9017,50.08992,51.0392,49.64877,51.10773,49.39636,50.08992,54.12947,49.24429,47.88528,50.9902,44.38468,46.23851,46.61545,44.59821,43.73786,41.23106,40.5216,35.51056,39.81206,37.05401,32.01562,29.15476,29.42788,25.0,25.0,24.02082,21.0,26.68333,19.10497,12.80625,15.55635,15.55635,17.80449,27.80288,23.43075,28.3196,31.241,29.68164,32.55764,36.89173,40.8534,40.31129,48.75449,50.59644,55.36244,52.63079,57.28001,56.30275,57.28001,55.31727,70.5762,58.69412,65.37584,64.03124,66.0303,63.07139,70.11419,62.28965,61.07373,60.40695,68.11755,58.85576,66.61081,65.00769,62.20129,53.15073,59.13544,62.20129,64.07027,61.03278,58.07753,55.08176,64.12488,59.13544,55.08176,58.13777,56.32051,64.38167,64.62971,60.53098,65.30697,62.36986,60.20797,67.60178,62.96825,62.8172
10.44031,10.44031,10.44031,10.44031,10.44031,10.19804,10.19804,9.21954,10.19804,9.21954,10.19804,10.19804,9.21954,9.21954,9.05539,9.05539,9.05539,9.05539,9.05539,9.05539,9.05539,9.05539,9.0,9.0,8.06226,9.0,9.0,8.0,8.06226,9.05539,8.06226,8.06226,8.06226,8.24621,8.24621,7.28011,7.28011,7.28011,6.32456,6.32456,6.32456,6.32456,5.38516,5.83095,4.47214,4.47214,4.47214,3.60555,3.60555,3.60555,2.82843,2.82843,63.52952,60.41523,64.84597,63.63175,59.07622,63.63175,59.61543,66.18912,57.80138,55.22681,63.41136,61.61169,60.30755,57.45433,54.20332,55.31727,57.68882,57.48913,52.43091,53.00943,58.00862,49.57822,53.8145,50.93133,48.79549,49.51767,48.16638,52.3259,52.49762,49.67897,52.80152,54.67175,55.80323,48.79549,48.83646,50.32892,48.79549,46.01087,47.50789,43.86342,47.42362,46.14109,42.2019,37.20215,38.07887,39.96248,33.10589,31.06445,33.61547,30.88689,28.4605,33.61547,26.0,25.4951,21.0238,16.15549,17.46425,16.55295,18.60108,17.20465,22.80351,25.23886,27.80288,26.07681,35.35534,36.06938,33.30165,41.10961,43.27817,48.27007,51.47815,47.43416,52.7731,52.35456,57.93962,58.18075,57.00877,61.35145,62.96825,59.90826,66.94027,64.32729,63.78871,63.15061,63.50591,62.514,64.77654,62.64982,67.26812,63.28507,61.52235,67.36468,62.64982,61.0,63.56099,62.64982,61.39218,53.93515,58.18935,62.36986,63.78871,59.13544,59.90826,62.62587,64.2573,62.62587,60.40695,64.19502,64.62198,65.79514,60.92618,62.93648,60.41523,63.32456
11.04536,11.04536,11.0,11.0,11.0,11.0,11.0,11.0,11.0,10.0,11.0,11.0,10.04988,10.04988,10.04988,10.04988,10.19804,10.04988,10.19804,10.19804,10.19804,10.19804,9.21954,10.19804,10.19804,10.19804,9.21954,10.19804,10.19804,9.21954,10.19804,9.21954,9.05539,9.05539,9.05539,9.0,8.0,8.0,8.0,8.0,7.0,7.07107,7.07107,6.08276,6.08276,6.08276,5.09902,5.09902,5.09902,5.09902,4.12311,4.12311,65.21503,60.60528,64.2028,60.30755,63.60031,59.40539,59.39697,63.12686,57.31492,64.53681,58.25805,57.2014,57.2014,49.67897,58.0517,58.79626,55.86591,48.10405,50.93133,52.49762,55.22681,47.50789,54.08327,56.22277,53.25411,55.0,46.87217,53.33854,53.60037,52.69725,49.57822,51.86521,48.01042,52.47857,53.41348,50.32892,51.0392,48.79549,45.80393,46.75468,39.62323,46.2277,47.80167,41.03657,38.18377,34.4093,31.62278,34.66987,30.61046,30.41381,28.6531,30.08322,28.63564,23.85372,27.313,21.18962,22.47221,16.64332,18.78829,23.43075,25.23886,20.0,27.01851,29.0,28.3196,37.48333,36.06938,41.03657,43.27817,46.69047,48.79549,48.82622,51.85557,60.0,55.07268,54.3783,58.13777,68.8767,65.76473,62.6099,67.1193,63.56886,69.89278,69.26038,67.41662,63.90618,69.26038,66.09841,71.06335,65.25335,65.11528,68.41053,64.03124,59.90826,62.8172,62.29767,62.76942,60.74537,60.08328,60.40695,62.29767,62.24147,66.7308,67.41662,61.40033,66.37017,62.17717,63.28507,65.36819,62.96825,59.07622,65.21503,62.64982,55.22681
11.40175,11.18034,11.18034,11.18034,11.18034,11.18034,11.18034,11.04536,11.04536,10.04988,11.04536,10.04988,10.04988,10.04988,10.0,10.0,10.0,10.0,10.0,10.0,10.0,10.04988,10.04988,10.04988,10.0,10.04988,10.04988,10.04988,9.05539,10.04988,9.0,9.0,9.0,9.0,9.0,9.05539,9.05539,8.06226,7.07107,7.07107,7.28011,7.28011,7.28011,6.32456,6.32456,6.32456,5.38516,5.38516,5.38516,4.47214,4.47214,4.47214,57.70615,60.46487,64.14047,57.68882,63.51378,56.0803,55.56978,52.35456,54.08327,55.21775,57.31492,57.00877,52.80152,57.00877,51.66237,53.15073,53.07542,56.63921,50.93133,49.51767,52.3259,48.27007,55.31727,49.57822,47.38143,49.49747,46.2277,49.40648,50.32892,47.80167,49.57822,50.9902,48.27007,46.66905,53.2635,50.91169,46.69047,50.20956,46.69047,41.03657,41.7732,40.60788,41.04875,40.80441,37.44329,36.89173,32.24903,39.11521,30.01666,32.20248,27.45906,31.01612,25.0,26.0,21.93171,20.39608,22.02272,22.47221,18.35756,21.40093,19.41649,26.62705,30.8707,31.14482,29.06888,34.82815,41.23106,38.60052,45.45327,45.27693,44.20407,50.21952,55.80323,55.80323,57.14018,56.4358,63.07139,64.88451,65.19202,70.2282,67.72001,62.29767,67.05222,68.44706,66.61081,61.61169,68.44706,65.11528,59.68249,61.0,63.06346,62.80127,58.69412,65.11528,62.8172,64.93843,62.8172,63.32456,60.16644,58.18935,58.69412,56.61272,66.70832,63.15853,55.9017,60.74537,61.68468,64.40497,60.37384,64.00781,68.44706,67.54258,65.9242,62.16912
10.0,10.0,10.0,10.0,10.0,10.0,10.0,10.0,9.0,9.05539,9.05539,9.05539,10.04988,9.05539,9.05539,9.05539,9.21954,9.21954,9.21954,9.21954,9.21954,9.21954,8.24621,9.21954,9.21954,9.21954,9.21954,9.21954,9.21954,9.05539,9.05539,9.05539,9.05539,8.06226,8.0,8.0,8.0,7.0,7.07107,7.07107,6.08276,6.08276,6.08276,5.09902,5.09902,5.38516,4.47214,4.47214,4.47214,4.47214,4.47214,3.60555,60.80296,53.60037,64.03124,54.20332,58.13777,63.60031,62.96825,67.95587,58.30952,59.90826,58.41233,54.91812,60.41523,47.85394,54.20332,55.9017,52.0,51.42956,55.65968,48.33218,54.12947,55.4617,53.14132,53.75872,56.30275,49.0408,51.89412,49.39636,56.04463,50.15974,51.07837,57.58472,52.55473,53.48832,55.9464,51.89412,49.98,51.0,48.37355,51.0392,42.72002,45.80393,42.2019,39.82462,42.52058,35.4683,35.35534,36.87818,33.6006,29.83287,30.4795,26.40076,23.60085,23.34524,25.23886,18.02776,19.72308,20.39608,19.0263,24.33105,25.4951,29.15476,26.24881,32.01562,33.52611,35.8469,36.40055,39.81206,42.94182,46.95743,49.1935,55.47071,52.69725,54.81788,53.15073,58.0517,64.44377,62.24147,62.482,61.6198,62.482,67.1193,64.81512,68.60029,69.11584,67.95587,70.49113,64.3506,64.89992,60.03332,57.3062,61.05735,61.77378,60.53924,65.0,57.62812,66.28725,66.61081,58.24946,59.40539,59.40539,58.89822,63.12686,56.40035,61.07373,62.2254,55.31727,60.44005,63.65532,67.89698,61.6198,62.2254,65.19202,61.07373
12.0,12.0,12.0,12.0,12.0,12.0,11.0,11.0,11.0,11.04536,11.04536,11.18034,11.18034,10.19804,11.04536,11.18034,10.19804,10.19804,10.19804,10.04988,10.19804,10.19804,10.19804,10.19804,10.19804,10.19804,11.18034,10.19804,10.04988,10.04988,10.04988,10.0,10.0,9.0,10.0,9.0,9.0,9.0,8.0,8.06226,8.06226,8.06226,7.07107,7.07107,6.32456,6.32456,6.32456,6.32456,5.38516,5.38516,5.38516,4.47214,57.27128,67.23095,57.14018,59.5399,55.47071,59.81639,51.62364,57.14018,58.5235,59.03389,54.40588,57.28001,55.17246,50.44799,51.08816,57.28001,55.97321,55.15433,57.98276,47.42362,54.56189,52.49762,55.21775,49.51767,51.62364,53.8145,50.9902,49.67897,52.3259,51.73973,56.22277,52.63079,48.41487,48.83646,49.49747,53.90733,45.60702,54.20332,47.80167,46.40043,45.27693,39.62323,45.27693,41.04875,42.43819,38.47077,34.0,31.7805,34.0147,30.01666,29.96665,26.40076,25.4951,20.22375,26.92582,24.16609,22.09072,20.59126,22.80351,26.24881,31.241,28.28427,32.55764,29.0,36.40055,36.23534,34.82815,47.43416,46.87217,46.14109,51.31277,53.33854,50.53712,59.48109,52.55473,62.16912,61.40033,57.87055,67.44627,66.76077,62.8172,63.78871,66.48308,65.51336,70.21396,63.78871,71.17584,62.80127,64.93843,61.07373,64.77654,60.53098,63.63961,60.20797,62.36185,62.39391,58.69412,60.82763,56.51548,62.29767,59.48109,61.68468,66.7308,60.40695,59.77458,56.921,59.77458,61.68468,65.30697,65.74192,52.7731,59.94164,56.36488,60.41523
11.6619,11.18034,11.18034,11.18034,11.18034,11.18034,11.18034,11.18034,11.18034,10.77033,10.77033,10.77033,10.77033,10.77033,10.44031,10.77033,10.44031,10.44031,10.19804,10.44031,10.44031,10.44031,10.44031,10.19804,10.44031,10.44031,10.44031,10.44031,10.44031,10.44031,9.48683,9.48683,9.48683,9.84886,8.94427,8.94427,8.06226,8.06226,8.06226,7.2111,7.2111,6.40312,6.40312,6.40312,6.40312,5.0,5.0,5.0,5.0,4.24264,4.24264,4.24264,61.61169,60.87693,57.58472,57.97413,61.03278,57.56735,55.65968,59.46427,59.23681,54.626,57.93962,56.79789,62.24147,57.69749,58.30952,57.70615,56.79789,58.13777,54.3783,55.9464,53.66563,50.60632,50.47772,50.24938,50.11986,51.0,51.62364,48.01042,51.97115,54.08327,50.77401,54.08327,48.02083,51.10773,50.24938,49.1935,50.60632,45.18849,50.56679,45.17743,44.38468,45.88028,41.10961,36.40055,39.31921,41.59327,40.02499,33.73426,32.75668,30.06659,32.0,31.06445,24.02082,24.0,23.02173,20.02498,19.0263,23.70654,23.70654,23.70654,22.82542,24.59675,26.41969,32.31099,35.77709,38.07887,35.77709,39.21734,49.0408,44.38468,51.62364,54.12024,48.27007,52.46904,52.61179,59.68249,56.0357,59.0,65.0,61.29437,62.00806,60.03332,63.63961,67.74216,65.49046,61.52235,69.42622,62.80127,56.51548,57.07013,57.28001,60.53098,61.98387,55.10898,57.42822,60.20797,59.13544,62.20129,58.13777,62.07254,60.00833,52.0,66.00758,59.0,52.03845,57.42822,55.3263,54.14795,60.82763,56.08921,58.85576,61.66036,60.82763,57.31492
12.0,12.0,11.0,12.0,11.0,12.0,11.0,11.0,11.0,11.0,11.04536,11.04536,11.04536,10.04988,10.04988,11.04536,11.18034,10.19804,10.19804,10.04988,10.04988,10.19804,10.19804,10.19804,10.19804,10.19804,10.19804,10.04988,10.04988,10.04988,10.04988,10.04988,9.0,9.0,9.0,9.0,9.0,8.06226,8.06226,8.06226,8.06226,8.06226,7.07107,7.28011,6.32456,6.32456,6.32456,5.38516,5.38516,5.38516,5.38516,4.47214,58.69412,59.39697,64.66065,60.1415,65.19202,59.20304,58.25805,58.89822,55.9017,60.80296,59.90826,57.42822,57.42822,56.40035,56.85948,50.47772,54.40588,47.70744,55.47071,52.7731,57.27128,55.56978,59.68249,55.22681,50.9902,53.0,52.92447,54.20332,59.09315,54.12947,55.54278,58.18075,49.64877,52.7731,50.69517,54.91812,46.87217,51.0392,50.77401,44.20407,41.18252,41.34005,38.94868,36.87818,40.60788,34.71311,34.82815,25.4951,29.0,29.73214,32.80244,23.02173,22.80351,21.2132,27.01851,23.25941,26.83282,24.75884,24.75884,26.40076,27.58623,30.4795,38.28838,34.65545,34.1321,39.62323,37.64306,38.18377,45.45327,49.51767,49.64877,50.24938,46.40043,53.60037,53.85165,57.80138,63.81222,63.24555,61.29437,59.5399,60.00833,59.80803,63.15853,65.78754,65.45991,61.98387,63.32456,53.75872,63.24555,65.78754,58.82176,60.16644,59.23681,59.80803,58.69412,57.93962,57.27128,56.79789,55.07268,59.16925,58.24946,61.03278,54.67175,56.0357,63.89053,60.21628,54.67175,63.78087,61.03278,61.52235,57.62812,63.25346,60.959,62.2254
11.04536,12.04159,11.04536,12.04159,11.04536,11.04536,11.04536,11.0,11.04536,10.0,11.0,10.0,10.04988,10.04988,11.04536,10.04988,10.04988,10.04988,10.19804,10.04988,10.04988,10.19804,9.05539,10.19804,10.19804,9.05539,9.05539,9.21954,10.04988,9.05539,10.04988,9.05539,9.0,9.0,8.0,8.0,8.06226,8.06226,7.07107,7.07107,6.08276,6.08276,6.08276,6.08276,5.09902,5.38516,5.38516,5.38516,4.47214,4.47214,4.47214,3.60555,66.03787,63.28507,63.82006,60.82763,66.03787,60.03332,61.03278,60.20797,59.16925,55.47071,53.82379,56.61272,57.80138,58.60034,55.75841,56.63921,58.79626,53.07542,53.8145,56.0803,53.15073,57.31492,49.51767,50.24938,53.90733,53.75872,53.2635,48.9183,54.56189,50.24938,53.75872,56.22277,49.57822,50.20956,54.56189,48.16638,44.82187,47.63402,46.40043,44.41846,42.05948,49.0408,36.67424,41.04875,38.07887,36.23534,35.4683,37.21559,31.01612,30.8707,27.89265,27.89265,23.4094,24.04163,20.88061,27.29469,23.5372,19.69772,25.23886,24.20744,25.0,24.69818,31.38471,28.6007,32.75668,36.23534,38.58756,40.81666,45.31004,42.19005,39.0,47.75982,50.32892,49.76947,54.78138,53.14132,50.69517,55.02727,56.08921,57.42822,61.52235,58.0517,62.20129,60.53098,62.03225,58.69412,60.82763,58.07753,54.23099,61.66036,55.44367,51.24451,53.15073,58.21512,57.87055,53.93515,53.60037,60.08328,50.44799,58.0517,55.9464,55.02727,52.49762,60.16644,62.29767,55.03635,62.24147,58.60034,60.41523,65.30697,57.69749,62.76942,61.58734,67.1193
10.77033,10.77033,11.18034,10.77033,10.77033,10.77033,9.84886,9.84886,9.84886,10.29563,10.29563,9.43398,9.43398,9.43398,9.43398,9.43398,9.43398,9.43398,9.43398,9.43398,9.43398,9.43398,8.60233,9.21954,9.21954,9.21954,8.60233,8.60233,9.43398,8.60233,8.60233,9.43398,8.06226,8.06226,7.61577,7.61577,7.61577,7.61577,6.7082,6.32456,6.32456,6.32456,6.08276,5.09902,5.09902,5.09902,5.09902,5.0,4.0,4.0,4.0,4.0,65.51336,62.96825,66.70832,67.23095,67.95587,62.96825,64.00781,68.42514,60.41523,62.64982,60.53924,58.59181,59.9333,60.92618,59.48109,62.24147,57.69749,56.85948,58.18935,58.82176,54.42426,54.08327,56.32051,57.87055,51.26402,51.5461,54.78138,59.13544,55.65968,52.49762,49.39636,52.20153,56.61272,53.75872,54.08327,51.07837,52.81098,54.42426,49.76947,42.95346,43.56604,44.94441,43.04649,40.31129,33.12099,29.96665,32.75668,36.71512,34.1321,28.84441,32.01562,23.32381,27.45906,28.6007,25.45584,23.34524,24.08319,16.64332,26.40076,22.2036,30.0,23.32381,31.241,28.30194,31.90611,32.80244,38.07887,39.69887,41.01219,44.59821,44.59821,49.57822,46.09772,50.93133,48.83646,57.28001,53.41348,61.58734,54.81788,55.47071,62.76942,59.5399,57.80138,60.41523,56.35601,61.77378,62.64982,60.03332,57.80138,58.30952,56.4358,60.21628,56.85948,59.36329,58.5235,56.85068,54.81788,52.00961,50.44799,56.72742,60.82763,55.97321,62.28965,57.31492,58.0,62.20129,63.03174,64.66065,61.85467,60.80296,69.89278,66.21933,56.85948,67.95587
13.45362,13.45362,12.72792,12.72792,12.72792,12.04159,12.72792,12.04159,12.04159,12.04159,12.04159,12.04159,11.40175,11.40175,11.40175,11.40175,11.40175,10.81665,10.81665,10.81665,10.81665,10.81665,10.81665,10.81665,10.81665,10.81665,10.29563,10.81665,10.0,10.0,10.0,10.0,9.21954,9.21954,9.21954,9.21954,9.21954,8.48528,8.48528,8.48528,7.81025,7.81025,7.81025,7.81025,6.40312,6.40312,6.40312,5.83095,5.83095,5.83095,5.83095,4.47214,72.44308,69.46222,74.06079,65.06919,59.00847,74.00676,66.1211,69.06519,61.40033,60.07495,61.03278,59.13544,52.7731,58.0,59.4138,58.30952,62.39391,55.08176,60.13319,50.63596,57.21888,51.35173,57.42822,50.63596,51.1957,45.60702,48.6621,51.62364,52.46904,52.17279,47.67599,52.20153,52.61179,49.72927,45.35416,54.08327,46.17359,46.69047,47.26521,39.11521,40.0125,41.4367,36.0,38.01316,38.01316,36.12478,38.11824,32.38827,30.59412,32.38827,31.04835,27.16616,26.92582,24.5153,27.29469,18.02776,22.47221,20.02498,24.08319,25.17936,26.01922,26.07681,30.01666,29.15476,29.15476,32.0,40.1995,39.01282,48.37355,41.97618,43.56604,48.37355,48.05206,50.01,49.0408,57.70615,49.72927,53.48832,58.5235,57.58472,56.30275,57.38467,59.77458,59.13544,53.85165,58.30952,61.7171,59.23681,64.07808,61.84658,55.71355,54.626,52.39275,58.69412,56.32051,57.97413,60.87693,57.97413,61.52235,60.82763,65.62012,59.5399,56.7186,60.82763,70.11419,69.35416,70.71068,74.00676,69.00725,65.12296,71.06335,75.05998,77.05842,79.00633
12.64911,12.64911,11.7047,11.7047,11.7047,11.40175,11.40175,10.44031,10.44031,10.44031,10.19804,10.19804,10.19804,10.19804,9.21954,10.19804,10.04988,10.04988,10.04988,9.21954,9.05539,9.05539,9.05539,9.0,9.05539,9.05539,9.05539,9.05539,9.05539,9.05539,9.05539,8.06226,8.06226,8.24621,8.24621,8.06226,7.07107,7.28011,7.28011,6.32456,6.32456,6.32456,5.38516,5.38516,5.38516,4.47214,4.47214,4.47214,4.47214,3.60555,3.60555,3.60555,70.0928,66.70832,75.96052,70.88018,69.64194,68.68042,63.32456,61.84658,61.35145,63.69458,61.35145,59.61543,59.9333,59.13544,57.00877,56.36488,54.23099,56.0803,60.00833,54.20332,56.4358,53.23533,58.66856,49.24429,51.47815,52.7731,49.09175,50.11986,51.47815,47.70744,46.14109,47.50789,46.04346,48.30114,47.80167,50.24938,46.52956,47.01064,45.17743,43.41659,39.44617,40.71855,41.4367,38.8973,36.13862,32.20248,31.38471,33.24154,28.63564,28.86174,24.73863,25.31798,25.63201,25.31798,25.01999,20.0,21.58703,19.92486,21.63331,22.13594,24.73863,21.58703,24.59675,29.73214,26.83282,35.4683,35.17101,37.10795,37.94733,41.7732,46.09772,44.38468,41.97618,48.05206,46.84015,50.59644,51.47815,52.61179,57.14018,54.03702,51.0098,53.08484,58.21512,55.00909,57.03508,58.03447,59.00847,56.0,59.00847,56.0357,54.03702,57.14018,56.0357,59.4138,59.21149,54.58938,57.55867,60.67125,58.69412,56.08921,62.58594,57.56735,51.86521,59.80803,69.26038,61.68468,65.55151,60.16644,64.84597,69.89278,62.62587,73.68175,75.28612,67.18631
11.18034,11.18034,11.18034,11.18034,11.18034,10.29563,10.29563,10.29563,10.29563,10.29563,9.43398,9.43398,9.43398,9.43398,9.43398,9.21954,8.60233,8.60233,8.60233,8.60233,8.60233,8.60233,7.81025,8.48528,8.48528,7.81025,7.81025,8.48528,7.81025,7.81025,7.81025,7.81025,7.81025,7.2111,7.2111,7.2111,7.2111,7.2111,7.2111,6.7082,6.7082,5.83095,6.32456,5.38516,5.38516,5.09902,5.09902,5.09902,5.09902,4.0,4.0,4.0,62.20129,74.8131,75.18643,74.1485,78.8543,63.95311,73.97973,67.47592,65.76473,60.20797,60.82763,62.96825,60.20797,59.3043,57.07013,57.55867,54.33231,51.35173,56.14268,54.0,51.0392,53.08484,50.24938,52.15362,56.0803,46.01087,51.0392,51.78803,48.01042,51.0,45.01111,46.04346,50.15974,46.52956,43.18565,48.09366,47.0,50.01,47.01064,46.38965,42.10701,42.57934,43.68066,43.28972,41.23106,38.83298,36.40055,37.94733,30.08322,29.52965,29.54657,28.63564,26.40076,28.63564,23.25941,25.55386,21.63331,19.10497,19.64688,21.58703,22.36068,25.96151,24.5153,32.28002,29.42788,28.63564,37.65634,35.35534,39.29377,41.10961,42.29657,46.09772,48.09366,47.0,51.0392,54.08327,51.0,56.22277,56.22277,56.14268,58.42089,61.39218,61.39218,55.9017,56.04463,61.13101,58.18935,65.0,64.84597,64.19502,58.46366,64.7611,60.16644,63.60031,63.32456,64.7611,64.7611,59.5399,62.16912,57.31492,71.25307,57.14018,65.11528,67.08204,66.18912,63.03174,71.34424,72.0,71.17584,68.26419,75.23962,76.1643,77.10383,73.68175
12.08305,12.08305,12.52996,12.08305,12.08305,11.18034,11.18034,11.18034,10.29563,11.18034,10.29563,10.29563,10.81665,10.29563,9.43398,10.0,10.0,10.0,9.21954,10.0,10.0,9.21954,9.21954,9.21954,9.21954,9.21954,9.89949,9.89949,9.21954,9.21954,9.21954,9.21954,9.21954,8.60233,8.60233,8.60233,8.60233,8.06226,8.06226,8.06226,8.06226,7.2111,7.61577,6.7082,6.7082,5.38516,6.32456,5.38516,5.38516,5.09902,5.09902,5.09902,77.82673,69.35416,62.6099,72.47068,69.31811,64.40497,66.24198,60.00833,61.7414,57.27128,55.4617,57.77543,53.7122,58.69412,56.0803,54.12947,52.0,56.61272,52.39275,53.14132,50.0,51.5461,49.0306,52.39275,49.64877,51.97115,50.9902,44.91102,52.15362,46.52956,48.25971,44.14748,44.91102,48.6621,44.72136,45.12206,51.41984,44.38468,44.27189,40.26164,40.70626,38.8973,41.23106,38.62642,38.48376,36.23534,33.61547,36.05551,30.80584,27.45906,25.23886,27.65863,30.0,26.90725,22.67157,22.80351,20.80865,23.34524,18.43909,23.02173,23.0,22.09072,23.0,23.34524,26.07681,31.14482,31.40064,39.31921,36.40055,44.55334,39.62323,50.44799,46.57252,52.55473,50.56679,52.88667,56.0803,54.23099,58.60034,58.18075,62.6099,58.59181,60.53924,58.30952,59.03389,60.90156,61.29437,62.1289,58.83026,60.20797,62.68174,63.81222,62.96825,60.03332,55.9464,59.5399,68.942,62.17717,62.62587,60.83584,67.62396,63.56099,58.18075,64.40497,69.77822,67.97794,72.8011,79.20227,73.00685,69.07966,69.857,74.67262,76.92204,71.51224
12.04159,12.04159,11.31371,12.04159,10.63015,10.63015,10.63015,10.63015,10.63015,9.89949,9.89949,9.89949,10.0,9.21954,9.21954,9.21954,10.0,9.21954,8.60233,8.60233,8.60233,8.60233,8.60233,8.06226,8.60233,8.60233,9.43398,8.60233,9.43398,8.60233,8.60233,8.60233,8.60233,7.81025,8.48528,8.48528,8.48528,7.81025,7.81025,7.81025,7.2111,7.2111,7.2111,5.83095,6.7082,5.38516,5.38516,5.38516,5.38516,5.38516,5.09902,4.12311,71.06335,61.68468,64.03124,59.20304,63.50591,67.08204,61.52235,64.77654,60.00833,59.3043,63.50591,56.32051,48.04165,53.33854,54.14795,51.0098,53.23533,52.00961,49.0408,48.04165,53.03772,53.46027,48.50773,43.10452,40.0,45.0,49.25444,43.68066,42.19005,46.38965,47.51842,47.26521,44.40721,51.41984,43.18565,47.38143,45.39824,42.04759,44.40721,46.04346,49.16299,43.41659,42.19005,37.01351,40.60788,40.1995,40.5216,34.52535,31.04835,29.61419,31.7805,31.38471,29.15476,25.94224,22.13594,20.24846,21.9545,16.0,17.46425,18.11077,21.0238,26.1725,27.45906,27.45906,26.4764,34.36568,35.22783,36.67424,36.05551,39.05125,41.04875,48.09366,44.18144,50.01,50.24938,55.44367,48.83646,51.62364,56.7186,58.46366,59.90826,58.24946,58.82176,62.62587,69.64194,58.69412,61.84658,60.16644,61.68468,57.00877,57.58472,58.30952,60.16644,56.30275,59.46427,59.48109,64.28841,58.69412,63.32456,65.0,60.72891,66.4906,71.38627,66.09841,68.06614,67.26812,70.85901,68.68042,77.27872,70.83078,72.56721,71.30919,73.24616,73.10951
10.77033,11.18034,10.77033,11.18034,9.84886,10.77033,9.84886,10.77033,9.84886,9.48683,9.48683,9.21954,9.21954,9.21954,9.21954,9.21954,9.05539,8.06226,9.05539,8.24621,8.06226,8.06226,8.06226,8.0,8.0,8.0,9.0,8.06226,9.05539,8.0,8.06226,8.06226,8.24621,8.24621,8.24621,8.24621,7.28011,7.28011,7.28011,6.32456,6.32456,6.7082,5.38516,5.83095,5.83095,5.0,5.0,5.0,4.24264,4.24264,3.60555,4.24264,77.23341,64.32729,69.11584,63.0,67.26812,62.20129,67.06713,64.00781,62.07254,61.03278,60.07495,54.03702,57.03508,57.00877,60.13319,56.22277,51.0392,49.36598,51.35173,50.01,51.24451,54.91812,52.17279,45.54119,50.69517,48.05206,43.9659,45.70558,48.50773,48.50773,50.28916,51.92302,44.64303,48.50773,51.62364,47.53946,47.51842,47.51842,46.38965,44.72136,42.19005,37.01351,44.10215,38.11824,38.11824,37.01351,36.05551,34.05877,32.14032,29.83287,26.57066,32.24903,30.26549,24.04163,24.69818,25.4951,22.36068,15.26434,17.46425,18.35756,24.04163,23.25941,26.62705,24.69818,32.31099,36.05551,37.69615,40.49691,38.27532,41.23106,43.41659,50.48762,47.07441,51.0392,47.67599,50.01,56.00893,59.03389,60.00833,57.00877,64.07027,60.53098,66.06815,58.69412,62.07254,58.24946,60.82763,64.38167,66.61081,60.67125,60.63827,63.15061,62.28965,58.30952,58.85576,59.3043,62.64982,62.20129,64.00781,65.12296,61.0,66.1211,62.00806,70.00714,67.02984,63.12686,64.03124,69.26038,71.00704,73.02739,70.17834,71.0,71.25307,75.0
12.52996,12.52996,12.52996,12.52996,11.6619,11.6619,11.6619,10.81665,10.81665,10.81665,10.81665,10.81665,10.81665,10.0,10.0,10.63015,9.21954,9.89949,9.89949,9.89949,9.89949,9.89949,9.89949,9.89949,9.89949,9.89949,9.89949,9.89949,9.89949,9.89949,9.21954,10.63015,10.0,9.21954,9.21954,9.43398,8.60233,9.43398,8.06226,8.06226,8.06226,7.61577,7.61577,6.7082,6.7082,6.32456,6.32456,6.32456,6.32456,5.09902,5.09902,5.09902,62.64184,68.00735,73.73602,63.50591,56.85948,66.18912,61.68468,62.96825,55.97321,58.18075,54.78138,54.81788,52.55473,55.36244,50.92151,53.75872,55.7853,49.24429,51.97115,49.24429,57.07889,41.59327,48.6621,49.25444,48.50773,51.47815,46.69047,47.51842,46.0,42.42641,48.05206,45.17743,51.47815,52.03845,46.09772,47.67599,50.48762,41.59327,48.50773,43.41659,40.26164,39.21734,42.72002,38.27532,40.49691,37.57659,33.83785,41.88078,30.61046,35.22783,30.88689,30.80584,25.05993,28.6007,22.67157,27.80288,20.0,17.11724,20.09975,21.09502,23.5372,25.31798,28.16026,29.27456,28.44293,31.14482,36.12478,39.11521,41.01219,41.04875,47.09565,48.0,48.6621,53.46027,52.08647,56.32051,58.46366,61.98387,62.93648,61.35145,64.28841,61.68468,62.24147,63.07139,61.26989,64.41273,69.31811,60.41523,60.83584,65.55151,60.83584,63.15853,63.07139,64.07808,63.15853,64.07808,64.07808,62.39391,62.96825,67.41662,66.7308,64.2573,69.26038,67.05222,68.62215,70.0928,64.84597,72.44998,67.35726,69.26038,65.45991,74.33034,75.15318,73.1642
12.04159,12.04159,12.04159,12.04159,10.63015,11.40175,10.81665,11.40175,10.81665,10.0,10.81665,10.81665,10.0,10.81665,10.29563,9.43398,10.29563,9.84886,9.84886,8.94427,8.94427,8.94427,9.84886,9.84886,9.84886,9.84886,9.84886,9.84886,9.84886,8.94427,9.43398,9.43398,9.43398,9.43398,9.43398,8.60233,8.60233,8.60233,7.81025,7.81025,7.81025,7.81025,7.07107,7.07107,7.07107,6.40312,6.40312,6.40312,5.83095,5.83095,5.0,5.0,68.18358,63.1981,69.26038,57.31492,62.39391,63.07139,63.3877,60.07495,58.42089,55.3263,55.3263,56.56854,54.40588,56.08921,50.21952,53.45091,51.92302,51.1957,52.20153,48.10405,48.08326,48.46648,54.23099,53.31041,48.70318,49.1935,42.05948,50.92151,48.33218,48.8774,45.65085,51.0,50.08992,45.18849,47.88528,51.26402,45.54119,47.16991,47.42362,44.94441,37.33631,38.60052,40.04997,40.02499,39.45884,36.67424,38.11824,30.80584,40.1995,35.22783,28.16026,30.06659,29.01724,28.01785,28.28427,21.2132,25.63201,21.93171,19.69772,19.41649,27.78489,24.18677,28.17801,25.63201,31.30495,29.54657,33.61547,40.71855,39.21734,45.22168,47.29693,47.67599,47.53946,55.44367,53.75872,58.69412,58.0517,62.514,66.0303,56.0357,63.12686,65.27634,59.13544,60.40695,61.52235,61.81424,62.64982,59.03389,61.52235,62.80127,59.68249,65.19202,57.31492,60.82763,65.06919,62.0,64.38167,63.03174,63.03174,67.02984,63.1981,67.02984,59.43904,63.50591,65.49046,68.11755,72.06247,65.76473,74.24284,72.56032,64.38167,70.06426,72.00694,69.0
10.81665,10.81665,11.18034,10.29563,10.29563,10.29563,9.84886,9.84886,8.94427,9.84886,8.94427,8.94427,9.48683,8.544,8.544,9.48683,8.24621,8.24621,8.24621,8.24621,8.24621,8.24621,8.24621,8.06226,8.06226,8.24621,8.06226,9.05539,8.06226,9.21954,8.24621,8.24621,8.24621,8.24621,7.61577,7.61577,7.61577,7.61577,6.7082,6.7082,6.7082,6.7082,6.7082,6.40312,5.83095,5.65685,5.65685,5.0,5.0,5.0,5.0,4.47214,64.62198,65.74192,65.29931,66.64833,61.32699,62.16912,60.21628,57.45433,56.35601,62.16912,58.30952,59.64059,57.68882,52.69725,55.75841,57.42822,51.0392,49.64877,50.0,52.63079,52.49762,53.15073,50.20956,48.79549,48.9183,50.44799,50.20956,48.83646,46.69047,47.38143,48.83646,50.24938,43.27817,47.63402,50.24938,45.27693,46.40043,40.36087,44.59821,43.01163,45.22168,42.48529,40.81666,39.96248,37.58989,40.81666,36.24914,37.12142,33.24154,29.73214,30.08322,25.17936,27.51363,24.73863,20.88061,21.2132,27.01851,15.6205,18.43909,18.60108,21.40093,27.65863,25.4951,29.20616,31.89044,34.71311,33.97058,41.86884,38.28838,42.2019,48.01042,45.60702,48.37355,56.0803,51.42956,58.24946,56.60389,57.69749,60.53924,63.32456,61.13101,62.93648,60.08328,60.08328,57.72348,65.0,67.72001,61.39218,65.19202,64.53681,60.16644,59.20304,62.0967,60.16644,62.64184,61.84658,59.20304,60.08328,65.39113,68.94926,63.50591,60.53924,71.17584,66.21178,68.70953,69.35416,70.38466,66.30988,61.84658,67.53518,74.09453,67.53518,72.09022,69.46222
10.19804,10.19804,10.19804,10.19804,10.19804,10.19804,9.48683,9.48683,9.48683,9.48683,8.544,8.544,8.544,8.544,8.94427,8.544,8.94427,8.06226,8.94427,8.94427,8.94427,8.06226,8.06226,8.06226,8.06226,8.06226,8.06226,8.06226,8.06226,8.06226,8.06226,8.06226,8.06226,7.61577,7.61577,7.61577,7.28011,7.28011,7.28011,7.28011,6.08276,6.08276,6.08276,6.08276,5.09902,5.0,5.0,5.0,5.0,4.12311,4.12311,4.12311,61.29437,63.28507,64.40497,64.89992,63.52952,63.24555,59.16925,65.39113,62.26556,49.24429,54.56189,53.66563,57.00877,57.93962,51.62364,53.14132,57.24509,50.28916,52.20153,48.46648,51.86521,51.66237,48.50773,46.52956,53.36666,49.81967,52.17279,53.75872,51.78803,53.60037,48.25971,44.14748,53.16014,48.25971,53.36666,49.81967,49.64877,50.69517,44.91102,49.0408,39.56008,41.62932,40.71855,42.72002,40.70626,40.31129,37.44329,40.31129,32.44996,31.90611,28.6531,26.62705,25.4951,29.83287,24.75884,19.79899,21.2132,18.11077,18.24829,20.61553,24.35159,28.44293,27.65863,28.79236,31.04835,31.7805,37.36308,40.16217,42.54409,42.54409,44.59821,50.32892,50.77401,49.64877,54.70832,55.9017,56.0357,55.75841,63.60031,61.7171,58.79626,65.11528,66.06815,62.2254,61.7171,66.48308,61.55485,58.0,65.79514,58.69412,62.96825,61.55485,62.24147,67.47592,55.9017,63.65532,66.8431,63.60031,63.25346,55.60576,74.20243,65.80274,61.26989,63.51378,67.1193,65.51336,70.72482,70.21396,70.60453,65.51336,63.81222,70.23532,71.86793,74.63243
11.18034,11.18034,11.18034,11.18034,10.19804,10.19804,10.44031,10.44031,10.44031,9.48683,9.48683,9.84886,9.48683,9.84886,9.84886,9.84886,9.84886,8.94427,8.94427,8.94427,8.94427,8.94427,8.94427,8.60233,9.43398,9.43398,9.43398,9.43398,9.43398,9.43398,8.94427,8.94427,8.94427,8.94427,8.544,8.544,8.544,7.61577,7.61577,7.28011,7.28011,7.28011,6.32456,6.08276,6.08276,5.09902,5.09902,5.09902,5.0,5.0,4.0,4.0,65.80274,68.0147,67.17887,62.42596,61.84658,61.7171,64.66065,62.62587,68.24954,59.64059,61.85467,57.00877,56.61272,54.91812,57.14018,59.05929,52.15362,54.08327,52.80152,55.03635,55.02727,51.47815,49.24429,48.76474,50.47772,45.61798,50.53712,51.07837,47.85394,53.16014,53.45091,48.38388,47.42362,45.22168,49.39636,48.33218,51.97115,48.75449,47.41308,48.02083,50.60632,41.34005,39.82462,41.04875,38.28838,43.60046,36.23534,37.20215,35.35534,30.4795,34.4093,24.83948,27.80288,29.20616,29.68164,24.59675,24.16609,21.58703,20.61553,20.0,25.4951,26.57066,24.73863,31.57531,34.9285,36.05551,42.15448,39.0,46.48656,43.68066,47.42362,44.41846,51.42956,54.08327,53.25411,56.0803,57.48913,58.69412,55.22681,62.93648,65.06919,57.28001,61.55485,60.10824,61.61169,64.2028,65.80274,66.6033,59.20304,60.80296,64.81512,61.40033,62.00806,61.07373,61.52235,60.10824,58.72819,60.10824,65.76473,65.94695,65.06919,67.42403,60.959,67.88225,68.68042,65.79514,70.93659,67.47592,67.20119,67.42403,62.20129,66.48308,74.24958,69.81404
11.7047,11.7047,11.7047,11.7047,11.7047,10.77033,10.77033,10.77033,10.77033,11.18034,10.29563,10.29563,10.29563,10.29563,10.29563,10.29563,9.43398,9.43398,10.0,9.43398,9.43398,10.0,10.0,10.0,10.0,10.0,10.0,10.0,10.0,10.0,9.43398,10.0,9.43398,9.43398,9.43398,8.94427,8.94427,8.544,8.544,7.61577,7.61577,7.61577,7.28011,6.32456,6.32456,6.32456,6.32456,6.08276,6.08276,5.09902,5.0,5.0,61.61169,69.11584,64.41273,66.24198,59.05929,56.30275,65.29931,52.39275,60.37384,53.7122,50.56679,52.35456,55.4617,51.26402,49.64877,53.14132,47.42362,54.23099,55.02727,49.64877,48.08326,42.54409,47.53946,44.55334,45.88028,47.29693,46.32494,49.24429,50.9902,44.40721,43.01163,46.57252,49.49747,47.51842,47.80167,47.85394,47.80167,44.40721,46.17359,43.32436,43.86342,41.62932,44.94441,38.01316,39.56008,37.57659,31.90611,40.49691,29.20616,32.20248,30.4795,30.0,27.58623,29.83287,26.40076,26.40076,22.47221,18.02776,17.11724,22.09072,24.02082,26.07681,28.01785,27.0,35.90265,34.71311,40.26164,40.5216,37.48333,45.22168,41.23106,46.8188,49.0408,55.9464,53.7122,55.00909,58.59181,57.70615,59.05929,60.21628,61.07373,66.06815,64.66065,61.84658,62.24147,67.20863,61.52235,60.87693,61.22091,60.30755,59.66574,64.3506,59.46427,57.38467,57.62812,57.62812,61.22091,61.07373,63.24555,60.20797,68.26419,64.14047,59.07622,57.14018,65.21503,66.37017,64.00781,64.63745,65.51336,65.19202,72.94518,71.02112,65.76473,74.79305
12.16553,12.16553,11.18034,11.18034,11.18034,11.18034,11.18034,11.18034,10.19804,10.44031,10.44031,10.44031,9.48683,9.48683,9.48683,9.48683,9.48683,9.48683,9.48683,9.48683,8.544,8.544,9.84886,8.94427,8.94427,9.84886,9.84886,8.94427,9.84886,9.84886,8.544,9.48683,9.48683,8.544,9.21954,8.24621,8.24621,8.24621,8.06226,7.07107,8.06226,7.0,7.0,7.0,7.0,7.07107,6.08276,6.08276,6.08276,5.09902,5.09902,5.09902,67.17887,70.29225,61.61169,62.00806,69.35416,57.2014,65.43699,56.85068,58.41233,50.80354,60.20797,55.80323,58.30952,50.77401,53.33854,56.0803,52.7731,47.01064,53.0,55.00909,48.75449,52.80152,47.50789,48.82622,48.75449,39.96248,51.89412,48.8467,47.92703,49.1935,51.88449,49.64877,47.42362,41.59327,52.3259,40.81666,45.17743,48.02083,43.04649,47.70744,47.20169,42.72002,41.7732,40.45986,40.0,38.60052,36.12478,36.12478,30.0,34.66987,32.75668,30.0,31.40064,30.01666,26.07681,24.59675,22.36068,19.0263,22.0,23.5372,23.19483,27.0,26.30589,28.44293,32.98485,37.65634,33.95585,40.26164,39.62323,41.23106,50.53712,47.53946,57.27128,51.0,60.82763,51.97115,58.18075,56.4358,64.2028,65.43699,60.81118,59.46427,62.96825,64.3506,63.70243,66.48308,58.13777,63.70243,58.69412,64.3506,58.0,62.93648,65.19202,62.36986,58.0517,61.52235,59.46427,65.05382,67.20119,61.55485,62.482,63.00794,66.6033,62.482,68.24954,63.51378,70.17834,64.66065,73.87828,71.02816,76.32169,72.71864,65.43699,66.4003
11.04536,11.04536,10.04988,11.04536,10.04988,10.04988,10.04988,9.21954,10.19804,9.21954,9.21954,9.21954,9.21954,9.21954,9.48683,8.24621,8.544,8.544,8.544,8.544,8.544,8.544,7.61577,8.94427,8.94427,8.06226,8.94427,8.94427,8.94427,7.61577,8.544,8.544,8.544,8.544,7.28011,7.28011,7.28011,7.07107,7.07107,7.07107,6.08276,6.0,6.0,6.0,6.0,5.0,5.0,5.09902,5.09902,5.09902,4.12311,4.47214,69.63476,69.35416,65.21503,61.84658,58.41233,60.60528,62.76942,67.00746,59.20304,58.82176,59.64059,56.0357,57.98276,56.93856,60.37384,55.03635,51.0,53.31041,48.33218,49.64877,53.31041,49.39636,50.92151,45.31004,46.87217,48.8467,49.24429,49.72927,48.05206,50.0,48.10405,44.64303,48.10405,49.33559,45.35416,52.81098,46.8188,51.26402,46.17359,44.28318,40.31129,41.34005,42.72002,42.48529,39.82462,36.76955,34.66987,35.60899,32.52691,29.69848,28.6007,30.41381,30.23243,25.4951,29.20616,22.67157,21.63331,18.02776,19.10497,22.47221,25.31798,26.30589,26.92582,28.63564,29.73214,33.52611,37.33631,40.71855,38.91015,48.30114,46.09772,46.06517,52.80152,55.0,52.80152,53.00943,55.60576,61.85467,65.8559,58.72819,61.52235,60.82763,59.4138,64.2028,69.31089,60.20797,59.66574,59.40539,59.81639,59.66574,65.11528,58.0517,63.65532,65.19202,62.24147,62.93648,62.96825,65.19202,57.38467,63.63961,62.2254,59.81639,64.3506,61.61169,64.81512,65.45991,67.20119,64.66065,73.24616,73.0,64.40497,71.28113,75.60423,71.28113
12.04159,10.63015,11.40175,10.63015,11.40175,10.63015,10.63015,10.0,10.0,10.0,10.0,10.0,9.43398,9.43398,9.43398,9.43398,8.94427,8.94427,8.94427,8.94427,8.94427,8.94427,8.94427,8.544,8.544,8.94427,8.94427,8.544,8.544,8.94427,8.94427,8.94427,8.94427,8.06226,8.60233,8.06226,7.81025,7.2111,7.2111,7.81025,7.07107,7.07107,7.07107,6.40312,6.40312,5.83095,5.83095,5.0,5.83095,5.0,4.47214,4.47214,70.25667,61.81424,65.00769,65.03076,64.07027,62.03225,52.23983,60.20797,60.67125,55.22681,56.4358,60.53098,56.75385,49.49747,53.60037,53.93515,53.33854,47.29693,46.32494,50.28916,51.24451,50.21952,49.64877,49.0408,48.08326,45.69464,49.33559,39.56008,44.94441,46.17359,46.48656,46.23851,47.75982,46.17359,52.49762,45.54119,44.59821,46.84015,43.68066,43.9659,44.28318,45.27693,44.28318,39.29377,40.31129,37.12142,38.0526,35.0,27.45906,32.01562,32.0,29.0,30.80584,26.30589,24.5153,25.0,18.86796,20.59126,18.78829,18.78829,24.16609,23.70654,24.59675,30.41381,34.48188,30.36445,33.24154,41.10961,36.67424,41.76123,50.80354,46.09772,52.61179,50.35871,54.23099,54.58938,61.03278,61.0082,60.00833,63.12686,59.13544,60.13319,65.19202,63.95311,59.22837,62.514,59.13544,59.5399,64.13267,62.16912,63.78871,58.69412,60.20797,59.13544,61.29437,57.21888,62.20129,58.03447,58.0,61.0,69.26038,63.1981,57.00877,64.00781,67.06713,66.1211,73.24616,67.02984,67.02984,71.06335,68.06614,68.0,72.11103,69.26038
11.40175,11.40175,11.40175,10.44031,10.44031,10.44031,10.77033,10.77033,9.84886,9.84886,9.84886,9.84886,9.84886,8.94427,8.94427,10.29563,9.43398,9.43398,9.43398,8.60233,8.60233,8.60233,9.43398,8.60233,8.60233,8.60233,9.21954,8.60233,8.60233,9.43398,8.60233,8.60233,8.60233,8.60233,8.06226,8.94427,8.06226,7.61577,6.7082,6.7082,7.28011,6.32456,6.32456,6.32456,6.32456,5.09902,5.09902,5.09902,5.09902,4.0,4.0,4.0,58.79626,65.29931,63.25346,62.96825,64.03124,63.82006,63.82006,60.44005,65.21503,60.53924,59.5399,54.3783,60.37384,58.59181,54.91812,53.33854,57.45433,47.88528,50.24938,53.7122,53.7122,49.76947,48.08326,49.64877,47.01064,46.61545,52.20153,47.53946,46.51881,49.64877,45.88028,49.64877,47.43416,45.88028,46.8188,46.06517,47.16991,47.85394,42.95346,49.1935,45.79301,47.50789,41.88078,41.34005,38.60052,37.20215,37.01351,36.87818,29.83287,40.0,35.4683,29.06888,27.65863,29.06888,28.01785,24.83948,27.78489,24.18677,21.0238,21.84033,30.41381,30.36445,28.28427,34.48188,29.12044,33.24154,37.48333,41.10961,40.31129,46.17359,45.27693,42.54409,48.37355,48.37355,54.91812,51.61395,62.43397,59.07622,58.79626,62.20129,60.1415,68.68042,64.3506,58.69412,57.98276,60.60528,61.6198,64.3506,60.82763,60.0,56.63921,57.28001,60.959,62.93648,56.58622,62.2254,65.76473,59.5483,61.7171,60.0,67.35726,66.70832,57.80138,60.21628,69.06519,61.07373,68.76772,66.06815,71.21798,68.60029,71.86793,66.8431,74.51845,67.80118
11.40175,11.40175,11.40175,11.40175,11.40175,11.40175,10.44031,10.44031,10.77033,10.77033,10.77033,10.77033,10.77033,9.84886,9.84886,9.84886,10.29563,9.84886,9.43398,9.43398,10.29563,10.29563,9.43398,9.43398,9.43398,9.43398,9.43398,9.43398,9.43398,9.43398,9.43398,10.29563,8.94427,8.94427,8.544,8.544,8.544,8.544,8.544,8.24621,7.28011,7.28011,7.28011,7.07107,6.08276,6.08276,6.08276,6.08276,6.0,5.0,5.0,5.0,63.07139,65.8635,65.76473,66.7308,63.52952,60.53924,60.03332,53.66563,58.69412,57.69749,56.4358,55.54278,54.626,51.47815,51.89412,50.59644,51.24451,56.921,54.42426,48.33218,51.07837,46.57252,48.6621,47.43416,49.16299,50.28916,49.64877,51.78803,48.6621,45.54119,45.22168,44.72136,49.64877,49.49747,45.22168,45.70558,47.75982,44.38468,42.72002,44.38468,41.23106,40.71855,41.4367,40.8534,35.35534,34.0,35.77709,36.24914,31.14482,30.4795,34.05877,27.65863,27.65863,28.3196,27.58623,22.62742,24.41311,20.39608,23.5372,24.08319,30.0,27.0,28.28427,25.17936,32.14032,36.67424,36.76955,37.48333,41.7732,44.64303,45.69464,53.48832,45.54119,55.9464,50.08992,58.69412,56.36488,58.30952,62.96825,58.30952,60.46487,61.85467,61.22091,57.80138,61.07373,62.96825,63.41136,56.72742,62.28965,61.84658,59.66574,60.80296,64.81512,58.60034,62.482,60.44005,63.82006,63.51378,61.03278,67.74216,63.50591,60.53924,61.05735,61.61169,66.64083,68.42514,68.942,69.35416,72.89719,69.31811,69.33974,72.56032,72.00694,70.66116
12.36932,12.36932,11.7047,11.40175,11.40175,11.40175,11.40175,10.77033,10.77033,10.77033,10.77033,10.77033,9.84886,9.84886,9.84886,9.84886,10.29563,8.94427,9.43398,9.43398,8.94427,9.43398,8.94427,8.60233,8.60233,9.43398,9.43398,9.43398,8.60233,9.43398,8.60233,8.94427,8.06226,8.94427,8.94427,8.94427,8.544,7.61577,7.61577,7.61577,7.28011,7.28011,7.28011,7.07107,7.07107,6.08276,6.0,6.0,6.0,5.0,5.0,5.09902,63.81222,66.0303,66.88797,63.81222,62.24147,63.06346,55.9464,55.9464,58.18075,57.69749,58.5235,56.35601,55.97321,60.53924,53.85165,53.45091,51.24451,49.47727,47.16991,51.97115,51.66237,53.60037,45.35416,47.07441,47.38143,45.70558,48.05206,45.54119,48.16638,50.15974,51.08816,44.10215,51.24451,42.29657,47.04253,45.60702,45.12206,41.97618,43.41659,42.57934,48.83646,44.64303,39.92493,34.78505,37.94733,42.44997,30.80584,34.0147,31.62278,31.76476,30.8707,28.17801,24.18677,32.20248,29.96665,29.20616,23.60085,20.24846,19.10497,25.07987,19.0,27.65863,24.5153,31.38471,36.05551,35.4683,35.4683,32.31099,38.47077,44.72136,40.8534,41.04875,51.62364,50.60632,53.85165,55.47071,53.82379,51.66237,57.00877,58.69412,57.98276,57.38467,67.35726,60.87693,57.28001,62.93648,57.31492,62.28965,61.55485,61.52235,62.24147,59.46427,62.24147,62.2254,60.21628,61.07373,56.72742,53.8145,65.80274,60.74537,63.60031,60.60528,61.58734,65.29931,66.03787,68.7968,70.17834,59.90826,64.41273,66.0303,68.8767,71.86793,67.62396,70.23532
11.04536,11.04536,11.04536,11.04536,11.04536,10.04988,10.04988,10.04988,10.04988,9.21954,9.21954,9.21954,9.21954,9.21954,9.21954,9.21954,8.544,8.544,8.544,8.544,8.544,8.544,8.544,8.94427,8.544,7.61577,8.544,8.544,8.94427,8.544,8.544,8.544,8.544,8.24621,8.24621,7.28011,7.28011,7.07107,7.07107,7.07107,7.0,7.0,6.0,6.0,5.0,5.09902,5.09902,5.09902,5.09902,4.12311,4.47214,4.47214,67.89698,66.8431,65.06919,64.44377,69.6563,62.28965,61.84658,62.28965,55.0,59.03389,55.97321,54.67175,55.97321,56.0803,56.30275,53.0,56.30275,51.0,55.4617,50.21952,52.3259,49.39636,52.39275,47.01064,50.15974,50.59644,44.38468,47.12749,49.64877,48.70318,52.88667,50.28916,47.80167,50.69517,46.64762,44.29447,45.31004,48.33218,48.8774,42.94182,39.82462,40.31129,41.67733,43.01163,39.20459,41.04875,35.80503,33.61547,35.35534,29.73214,31.82766,25.23886,28.3196,28.01785,27.01851,24.08319,22.82542,18.38478,17.88854,22.36068,25.29822,25.05993,28.84441,31.90611,30.8707,34.1321,36.23534,37.73592,40.0,46.52956,44.72136,44.40721,44.68781,46.66905,49.49747,57.38467,55.44367,59.03389,60.44005,56.85068,57.80138,59.07622,61.03278,60.74537,61.91123,65.8635,62.43397,60.53924,60.03332,60.74537,61.85467,62.68174,60.21628,59.64059,56.0803,60.44005,60.87693,63.41136,59.81639,61.40033,62.28965,60.959,60.60528,61.55485,65.76473,64.66065,65.11528,63.70243,65.76473,73.53911,65.76473,69.29646,69.42622,66.4003
11.0,11.0,11.04536,11.0,11.04536,10.04988,10.04988,9.05539,9.05539,10.04988,9.05539,9.05539,9.21954,9.05539,8.24621,9.21954,8.24621,8.24621,8.544,8.24621,8.544,8.544,8.544,8.544,8.544,8.544,8.544,8.544,8.544,8.544,8.24621,8.24621,8.24621,8.24621,8.24621,7.07107,7.07107,7.07107,7.0,7.0,7.0,6.0,6.0,6.08276,5.09902,5.09902,5.09902,5.09902,4.12311,4.47214,4.47214,3.60555,77.78175,63.89053,66.70832,63.03174,60.44005,68.0147,63.78087,65.8559,59.46427,59.66574,55.97321,58.13777,53.07542,53.75872,51.62364,53.07542,49.67897,51.85557,52.40229,54.56189,53.82379,46.32494,54.08327,50.47772,47.16991,48.25971,47.70744,47.01064,48.54894,48.54894,37.80212,48.8774,47.41308,47.43416,47.43416,43.82921,45.22168,47.20169,41.23106,48.60041,41.10961,40.31129,41.72529,40.36087,43.13931,38.94868,34.1321,35.0,36.05551,32.75668,28.6531,30.80584,24.16609,23.60085,26.92582,20.12461,21.93171,21.2132,17.0,21.63331,22.36068,24.69818,29.15476,26.40076,32.44996,37.12142,32.01562,38.28838,43.84062,43.41659,43.27817,48.83646,47.80167,52.49762,51.73973,52.43091,49.51767,50.32892,60.80296,59.5399,60.41523,60.82763,60.92618,56.32051,64.4748,61.84658,64.2573,59.48109,61.77378,60.03332,62.26556,58.60034,58.18075,55.9017,60.83584,57.69749,61.58734,58.83026,61.29437,68.60029,62.00806,60.44005,58.41233,58.82176,62.80127,62.36986,63.00794,68.7968,72.20111,73.81734,62.20129,68.41053,70.0,62.96825
11.7047,11.40175,10.44031,11.40175,10.44031,10.44031,10.44031,10.77033,10.44031,9.84886,9.84886,9.84886,8.94427,9.43398,8.94427,9.43398,9.43398,9.43398,9.43398,9.43398,8.60233,9.43398,8.60233,8.60233,9.21954,9.21954,9.21954,8.60233,9.21954,9.43398,8.60233,8.60233,8.60233,8.06226,8.94427,8.06226,8.06226,8.06226,7.61577,7.61577,7.28011,7.28011,6.32456,6.32456,6.32456,5.09902,5.09902,5.09902,5.09902,4.12311,4.0,4.0,74.02702,69.6563,62.482,67.41662,67.62396,67.1193,62.36986,56.85068,61.29437,57.98276,58.18075,58.18075,56.93856,53.82379,53.0,55.9017,49.73932,55.07268,52.39275,51.47815,53.7122,48.33218,54.12024,49.39636,45.88028,45.18849,46.48656,44.72136,50.59644,46.17359,44.92215,52.39275,47.75982,48.08326,51.26402,42.48529,49.33559,45.22168,45.31004,49.39636,40.70626,42.04759,39.44617,41.18252,42.94182,40.22437,42.05948,38.28838,30.0,29.20616,33.97058,26.90725,29.06888,26.90725,30.01666,22.2036,23.70654,18.97367,22.36068,17.11724,25.70992,26.0,27.51363,30.59412,29.96665,35.73514,31.38471,37.12142,43.86342,45.48626,47.01064,51.42956,47.20169,52.69725,51.62364,54.91812,54.67175,55.22681,57.48913,60.1415,59.4138,56.40035,59.4138,68.11755,63.78087,63.78087,66.70832,58.25805,62.28965,56.56854,57.62812,57.98276,68.593,59.46427,58.72819,55.22681,65.11528,60.959,60.959,64.03124,63.70243,67.20119,59.64059,64.07027,64.89992,67.6757,65.76473,63.78087,68.26419,73.4983,58.60034,71.21798,76.83749,73.78347
13.34166,12.36932,12.16553,12.36932,12.16553,12.16553,11.18034,11.18034,11.18034,10.19804,11.04536,11.04536,10.04988,10.04988,10.04988,10.0,10.0,10.0,10.0,10.0,9.0,9.0,10.04988,9.05539,9.0,10.04988,10.04988,9.05539,9.05539,10.04988,9.0,10.0,9.0,9.05539,9.05539,9.05539,9.05539,8.06226,8.06226,8.24621,8.24621,7.28011,7.28011,7.28011,7.28011,6.32456,6.32456,5.38516,5.83095,5.83095,5.83095,5.0,68.42514,64.62198,65.19202,60.20797,67.77905,61.7171,55.71355,63.95311,59.05929,60.41523,51.97115,53.25411,54.6443,52.7731,54.3783,48.60041,53.33854,48.25971,49.40648,46.64762,49.40648,43.93177,48.41487,43.41659,48.25971,45.27693,47.63402,44.82187,47.63402,45.27693,42.63801,48.10405,44.40721,43.56604,46.69047,46.40043,47.20169,44.10215,43.56604,45.27693,46.04346,41.18252,39.39543,34.0147,42.95346,33.10589,36.76955,34.20526,32.57299,32.98485,28.63564,24.5153,28.28427,28.28427,24.02082,24.0,17.26268,19.84943,17.02939,20.0,25.55386,26.24881,29.73214,26.90725,32.80244,33.01515,33.6006,36.12478,40.31129,45.27693,50.93133,48.9183,46.14109,50.47772,51.31277,54.20332,55.00909,55.07268,60.37384,54.626,57.27128,58.30952,61.84658,60.74537,61.98387,65.14599,65.96969,54.12024,62.36185,59.66574,63.89053,61.84658,55.36244,57.24509,64.2573,60.40695,64.2573,62.96825,57.38467,61.32699,64.07808,65.29931,54.56189,66.21178,70.23532,72.44998,63.07139,68.8767,76.15773,72.00694,64.88451,70.77429,73.00685,69.46222
12.04159,12.04159,12.04159,12.04159,11.04536,12.04159,11.04536,11.04536,11.04536,10.04988,11.04536,10.19804,10.19804,9.21954,9.21954,10.19804,9.48683,9.48683,9.48683,9.48683,9.21954,9.48683,8.544,8.544,9.48683,9.48683,9.84886,8.544,8.544,9.48683,9.48683,8.544,9.48683,8.24621,9.21954,9.21954,9.05539,8.06226,8.06226,8.06226,7.07107,8.0,7.0,7.0,7.07107,6.08276,6.08276,6.08276,5.09902,5.09902,5.09902,5.38516,70.00714,58.72819,68.11755,66.0303,69.40461,63.25346,58.79626,60.30755,56.63921,54.81788,55.80323,58.13777,56.85948,54.3783,51.31277,53.0,54.91812,49.09175,48.37355,51.97115,54.12947,53.22593,51.89412,49.39636,47.53946,45.18849,48.8467,53.45091,50.56679,47.53946,41.48494,51.92302,47.80167,45.61798,48.46648,48.33218,46.23851,44.77723,42.72002,42.54409,50.56679,37.21559,40.81666,42.43819,40.81666,35.22783,36.40055,32.01562,32.80244,31.82766,33.30165,29.06888,21.93171,26.1725,22.67157,23.60085,24.41311,18.35756,20.61553,24.69818,25.55386,30.01666,27.73085,33.01515,33.28663,33.61547,36.71512,36.23534,42.2019,40.22437,43.84062,51.22499,48.16638,52.3259,52.40229,55.17246,58.72819,60.959,62.96825,59.20304,64.63745,61.61169,60.0,62.20129,61.22091,62.1289,61.05735,64.89992,67.23095,62.43397,63.81222,63.51378,62.1289,64.63745,58.41233,63.82006,54.20332,60.20797,62.36986,67.17887,65.8559,65.06919,65.43699,69.31089,67.20863,67.88225,67.89698,71.42129,70.03571,72.24957,63.25346,67.20863,78.51751,74.33034
12.36932,11.40175,12.16553,11.18034,12.16553,11.18034,11.18034,11.18034,11.04536,11.04536,10.19804,10.04988,10.04988,10.04988,10.0,10.0,10.0,10.0,10.0,10.0,10.0,10.04988,10.0,9.05539,10.04988,9.0,9.05539,10.04988,9.05539,10.0,9.0,10.0,9.0,9.0,9.0,9.05539,8.06226,8.06226,8.24621,7.28011,7.28011,7.28011,7.28011,6.32456,6.32456,5.38516,5.38516,5.38516,5.38516,5.83095,4.47214,3.60555,67.08204,60.37384,70.71068,63.81222,64.07027,59.05929,59.36329,64.3506,56.85948,61.05735,58.41233,54.6443,54.20332,52.63079,55.22681,50.32892,57.48913,48.16638,48.27007,47.38143,54.56189,50.93133,46.8615,49.20366,49.40648,49.51767,49.57822,50.0,46.87217,50.20956,47.63402,50.60632,47.43416,43.82921,48.79549,47.38143,45.27693,42.2019,48.27007,41.7732,47.01064,44.04543,37.01351,38.27532,41.23106,39.40812,35.0,30.0,31.38471,36.24914,30.46309,34.0147,28.23119,28.17801,21.84033,22.36068,24.18677,20.61553,21.26029,20.51828,26.1725,24.18677,29.0,30.41381,31.1127,30.41381,34.65545,39.82462,38.41875,40.45986,43.86342,46.40043,49.73932,50.77401,48.37355,55.56978,56.40035,57.14018,53.33854,61.32699,61.32699,64.84597,63.89053,60.08328,64.07808,59.80803,67.6757,58.87274,62.76942,64.62198,56.46238,65.39113,61.32699,60.16644,62.76942,61.77378,64.40497,59.48109,60.41523,68.42514,66.03787,66.7308,72.94518,69.35416,69.77822,66.85058,66.61081,68.96376,69.63476,68.88396,72.06941,64.40497,74.4043,73.23933
11.40175,11.40175,10.81665,10.81665,10.81665,10.0,10.81665,10.0,9.43398,9.43398,10.0,9.43398,8.94427,9.43398,8.94427,8.94427,8.94427,8.94427,8.544,8.544,8.544,8.544,8.94427,8.544,8.544,8.94427,8.94427,8.544,8.544,8.94427,8.94427,8.94427,8.94427,8.06226,8.06226,8.60233,7.81025,7.81025,7.07107,6.40312,7.07107,7.07107,6.40312,5.65685,6.40312,5.0,5.0,5.0,4.47214,4.47214,4.47214,4.12311,65.96969,72.44998,67.1193,66.12866,65.19202,63.32456,62.64184,61.32699,64.51356,59.46427,58.5235,60.40695,56.82429,53.22593,54.626,55.9017,51.62364,54.20332,52.15362,54.3783,56.0357,58.24946,53.90733,53.60037,47.70744,49.57822,50.60632,50.32892,55.60576,51.40039,51.86521,54.03702,48.54894,48.10405,51.22499,46.04346,50.80354,44.65423,45.0,48.01042,42.43819,48.76474,48.33218,37.69615,36.40055,38.01316,37.69615,31.7805,31.257,30.14963,27.89265,26.30589,28.63564,27.16616,29.27456,22.02272,20.09975,20.24846,19.72308,22.82542,26.40076,22.82542,21.9545,26.92582,32.24903,29.54657,32.75668,39.0,38.91015,40.24922,39.35734,50.15974,47.43416,53.45091,47.43416,57.28001,50.21952,59.22837,58.69412,59.68249,58.42089,62.96825,63.1981,64.28063,65.19202,63.3877,62.00806,64.07027,64.00781,60.29925,63.1981,61.20457,57.31492,61.20457,61.20457,63.50591,63.63961,60.53098,66.4906,65.96969,64.7611,62.96825,66.94027,66.94027,63.95311,66.94027,66.21933,68.15424,69.92138,73.37575,73.24616,72.42237,69.46222,73.92564
11.6619,11.6619,10.81665,11.6619,10.81665,10.81665,10.81665,10.81665,10.81665,10.0,10.0,10.0,9.21954,9.21954,9.21954,9.89949,9.89949,9.21954,9.21954,9.21954,9.21954,9.21954,9.21954,9.21954,9.21954,9.21954,9.21954,9.21954,9.21954,9.21954,8.48528,8.48528,8.48528,8.48528,7.81025,8.60233,7.81025,7.81025,7.2111,7.2111,7.2111,7.2111,5.83095,5.83095,5.83095,5.38516,5.38516,4.47214,4.47214,4.12311,4.12311,4.12311,68.41053,66.70832,64.53681,67.91171,71.38627,67.46851,59.03389,62.64982,61.81424,57.21888,61.66036,59.5399,58.69412,55.7315,57.07889,60.00833,59.03389,52.08647,54.03702,54.00926,54.00926,54.23099,50.24938,46.01087,50.0,52.15362,55.00909,52.08647,46.01087,55.3263,53.08484,50.0,48.37355,46.04346,56.14268,46.0,45.27693,50.24938,48.83646,44.40721,45.70558,45.39824,40.02499,34.9285,36.49658,39.62323,38.8973,39.92493,34.17601,30.46309,32.24903,25.94224,25.05993,21.93171,24.59675,19.72308,23.43075,19.64688,22.36068,25.17936,18.11077,26.92582,21.58703,28.44293,31.57531,34.36568,34.23449,41.30375,40.1995,48.25971,47.16991,46.01087,48.0,56.22277,49.0408,51.35173,61.66036,62.36986,61.98387,61.39218,59.66574,59.90826,64.56005,62.16912,61.35145,62.03225,58.87274,64.84597,64.84597,63.50591,58.69412,64.62198,65.19202,64.56005,65.52099,64.19502,67.6757,63.60031,66.4906,61.98387,68.88396,66.94027,71.38627,70.61161,68.44706,72.8011,70.83078,68.88396,69.05071,75.9276,75.80237,65.96969,66.91039,71.58911
12.36932,12.36932,12.64911,12.36932,11.40175,11.7047,11.7047,11.7047,10.77033,10.77033,10.77033,10.77033,10.77033,10.77033,10.77033,10.29563,10.29563,10.29563,10.29563,10.29563,10.29563,10.29563,9.84886,10.29563,10.29563,10.29563,10.29563,10.29563,10.29563,9.84886,9.84886,9.84886,9.84886,9.48683,9.48683,8.544,8.544,8.24621,8.24621,8.24621,7.28011,7.07107,7.07107,6.08276,6.08276,6.0,6.0,6.0,5.0,5.0,5.0,5.0,64.07027,65.94695,64.63745,65.0,63.00794,65.80274,60.0,63.81222,56.0357,56.61272,61.03278,54.08327,53.60037,53.66563,54.91812,54.12024,60.82763,51.07837,54.78138,48.76474,51.42956,51.89412,53.31041,51.47815,51.31277,52.92447,47.92703,51.26402,51.07837,52.20153,47.92703,50.56679,51.42956,47.53946,43.86342,44.77723,43.41659,44.72136,42.05948,40.60788,41.6173,38.60052,39.20459,42.44997,39.62323,36.87818,39.62323,32.55764,34.65545,28.84441,27.01851,26.92582,31.06445,26.83282,23.85372,24.69818,21.37756,16.27882,20.24846,17.72005,22.56103,24.18677,28.4605,30.41381,29.61419,32.24903,34.71311,38.60052,37.69615,45.88028,42.37924,43.01163,45.31004,55.15433,47.01064,50.08992,53.66563,54.20332,63.28507,59.90826,60.21628,62.43397,63.00794,63.12686,62.24147,63.78087,63.78087,59.46427,67.35726,65.79514,65.06919,66.52819,63.63961,65.06919,63.12686,63.60031,60.959,65.29931,61.07373,64.63745,68.24222,72.62231,58.60034,64.63745,62.20129,74.4043,67.62396,71.28113,70.83078,74.63243,64.63745,77.10383,71.84706,71.06335
11.7047,11.7047,11.40175,11.40175,11.40175,10.44031,10.44031,10.44031,10.44031,10.19804,10.19804,10.19804,10.04988,10.04988,10.04988,10.04988,10.04988,10.04988,10.04988,10.0,10.04988,10.0,10.04988,10.0,10.0,10.0,10.0,10.0,9.0,9.05539,9.05539,9.05539,9.05539,9.05539,8.24621,8.24621,8.24621,8.06226,8.24621,7.28011,7.28011,6.32456,6.32456,6.32456,6.32456,5.83095,5.38516,5.38516,4.47214,4.47214,4.47214,3.60555,68.44706,68.96376,66.28725,64.93843,66.09841,64.84597,58.69412,58.24946,60.44005,61.40033,54.57105,61.98387,57.28001,56.36488,59.23681,53.85165,55.54278,56.36488,49.24429,54.23099,54.56189,53.22593,50.60632,51.97115,45.17743,47.01064,49.73932,51.31277,49.73932,48.76474,54.23099,50.11986,47.50789,48.02083,47.41308,49.64877,47.01064,42.54409,45.31004,50.59644,42.72002,43.65776,39.35734,42.05948,37.33631,45.89118,36.12478,36.13862,29.27456,30.06659,30.01666,27.29469,25.29822,25.0,26.07681,22.36068,20.24846,22.47221,20.24846,23.32381,23.85372,21.09502,24.69818,29.15476,29.15476,33.61547,32.24903,34.0147,39.0,37.58989,43.41659,43.38202,53.85165,51.5461,53.14132,55.65968,56.61272,60.16644,52.61179,61.52235,58.24088,62.514,66.48308,62.514,64.19502,64.38167,64.28063,64.07027,64.12488,64.00781,63.12686,66.48308,62.07254,67.18631,64.03124,65.62012,59.68249,63.50591,63.78871,60.53098,65.73431,66.09841,73.5459,70.03571,66.4906,63.78871,71.19691,68.41053,71.19691,74.1485,72.18033,76.15773,66.09841,72.56721
11.0,10.0,11.0,10.0,11.0,10.0,10.0,10.04988,10.04988,10.04988,10.04988,9.05539,9.05539,9.05539,9.05539,9.21954,8.24621,9.21954,8.24621,9.21954,9.21954,9.21954,8.24621,8.24621,9.21954,8.24621,8.24621,9.21954,8.24621,8.24621,8.06226,8.06226,8.06226,8.06226,7.07107,7.0,7.0,7.0,7.07107,6.08276,6.08276,6.08276,6.08276,5.09902,5.09902,5.38516,4.47214,4.47214,4.47214,4.47214,3.60555,3.60555,64.53681,71.06335,63.78087,60.10824,67.17887,61.40033,59.20304,62.80127,57.2014,54.67175,61.85467,61.07373,55.80323,56.30275,60.60528,53.82379,50.80354,54.3783,46.52956,55.00909,54.12947,50.77401,52.92447,51.89412,50.53712,47.41308,53.23533,52.80152,55.07268,51.0,47.42362,47.50789,47.92703,51.07837,51.10773,46.06517,50.53712,51.62364,44.29447,38.94868,45.0,39.40812,41.7732,37.73592,33.42155,41.72529,31.89044,34.65545,26.40076,30.23243,31.62278,26.62705,23.32381,26.1725,22.82542,21.84033,20.61553,16.49242,13.41641,17.72005,24.04163,24.5153,21.84033,26.24881,30.08322,28.16026,35.1141,31.30495,33.24154,40.31129,37.16181,42.48529,49.73932,51.89412,52.69725,56.0803,57.98276,58.60034,60.0,62.36986,62.93648,62.96825,66.46804,61.7171,61.55485,62.93648,62.96825,63.03174,63.12686,62.93648,63.12686,61.7171,59.4138,62.93648,64.2028,60.10824,64.3506,62.96825,66.48308,61.55485,69.29646,61.84658,62.96825,67.17887,59.66574,70.0928,69.52697,63.70243,66.48308,54.40588,70.76722,71.06335,71.21798,66.70832
10.44031,10.44031,10.44031,10.44031,10.44031,10.19804,10.19804,10.19804,9.21954,9.21954,9.21954,9.05539,9.05539,9.05539,9.05539,9.0,9.0,9.0,9.0,9.0,8.0,9.0,9.0,9.0,9.0,9.0,9.0,8.0,8.0,8.0,8.0,8.0,8.06226,7.07107,8.06226,7.07107,7.07107,7.07107,6.32456,6.32456,6.32456,6.32456,5.38516,5.38516,5.38516,4.47214,4.47214,4.47214,3.60555,3.60555,3.60555,3.60555,75.89466,68.00735,67.05222,66.70832,60.00833,65.78754,59.5063,66.48308,59.05929,61.32699,55.47071,51.10773,61.77378,51.42956,53.66563,53.23533,60.82763,59.5399,58.83026,47.43416,56.22277,46.8615,51.85557,50.44799,52.15362,49.20366,49.81967,48.41487,52.15362,48.60041,49.40648,51.86521,47.01064,50.47772,40.22437,49.92995,47.20169,49.39636,44.41846,43.01163,36.23534,41.14608,42.54409,40.31129,38.32754,34.17601,37.10795,31.04835,31.32092,31.7805,27.29469,25.31798,31.14482,23.02173,22.2036,21.2132,25.31798,17.20465,19.20937,23.34524,23.70654,24.83948,25.4951,25.23886,26.07681,29.83287,36.05551,32.44996,36.40055,38.58756,41.67733,48.02083,47.01064,47.88528,49.24429,56.93856,55.4617,55.00909,60.16644,61.68468,63.56886,63.78871,61.0,63.78871,63.06346,61.81424,69.42622,58.24946,63.56099,65.11528,67.74216,65.11528,63.56099,60.87693,62.58594,67.08204,70.61161,68.15424,64.84597,62.62587,63.60031,63.78871,66.7308,71.86793,70.93659,68.41053,68.41053,69.64194,68.30813,74.94665,63.07139,66.76077,69.89278,67.91171
12.08305,12.08305,12.08305,12.08305,11.18034,11.18034,11.18034,10.29563,10.29563,10.81665,10.29563,10.81665,10.81665,10.81665,10.81665,10.0,10.0,10.0,10.0,10.0,10.0,10.0,10.0,10.0,10.0,9.21954,9.21954,10.0,10.0,10.0,9.43398,9.43398,9.43398,9.43398,8.60233,8.60233,8.06226,8.06226,8.06226,7.61577,7.61577,6.7082,6.7082,6.32456,6.32456,6.32456,5.09902,5.09902,5.09902,5.09902,5.09902,4.12311,68.50547,63.24555,68.50547,65.73431,59.68249,58.83026,62.68174,65.51336,53.85165,57.14018,54.56189,57.69749,56.82429,55.9464,51.42956,51.62364,52.0,50.28916,51.26402,47.53946,52.55473,50.69517,49.33559,52.55473,48.70318,46.09772,43.08132,46.57252,50.92151,44.38468,39.0,46.61545,47.12749,49.72927,42.72002,47.43416,47.42362,48.30114,42.72002,44.29447,36.89173,39.96248,37.58989,36.40055,36.05551,35.4683,34.71311,32.01562,30.4795,29.06888,22.67157,22.80351,28.3196,25.80698,17.88854,18.02776,21.47091,16.12452,20.02498,18.02776,28.01785,19.0263,25.17936,25.17936,28.16026,26.4764,30.59412,34.1321,37.10795,42.57934,44.14748,48.6621,45.35416,50.01,48.46648,58.94065,57.24509,51.86521,65.0,54.23099,63.95311,61.05735,64.3506,62.96825,62.1289,64.63745,67.74216,63.41136,68.60029,65.73431,68.8186,66.85058,62.62587,61.29437,62.00806,67.42403,61.85467,70.17834,63.52952,65.51336,66.88797,65.0,70.21396,63.50591,67.1193,69.31811,70.49113,66.88797,70.23532,65.0,65.76473,73.43024,76.8505,77.41447
11.04536,11.04536,10.04988,11.04536,10.04988,11.0,10.0,10.0,10.0,9.0,10.04988,10.04988,9.05539,9.05539,9.05539,9.05539,9.05539,9.05539,9.05539,8.06226,8.06226,9.05539,8.24621,8.24621,8.24621,8.24621,9.21954,8.06226,8.06226,8.06226,8.06226,8.06226,8.06226,7.07107,8.06226,7.07107,7.0,7.0,6.0,6.0,6.08276,6.08276,5.09902,5.09902,5.09902,5.09902,4.12311,4.12311,4.12311,4.12311,3.16228,3.60555,72.40166,67.60178,72.67049,64.81512,65.80274,56.0357,65.19202,60.53924,55.80323,59.20304,59.03389,58.72819,59.20304,51.40039,51.62364,58.25805,55.86591,51.66237,54.48853,55.31727,55.15433,47.38143,57.31492,50.20956,52.34501,54.45181,45.45327,48.27007,48.10405,52.34501,50.44799,51.62364,50.20956,51.62364,43.86342,41.86884,45.27693,44.55334,43.86342,44.20407,45.34314,41.86884,41.88078,35.80503,38.27532,38.83298,37.21559,34.48188,30.01666,27.29469,27.78489,28.16026,29.73214,22.2036,22.47221,20.09975,23.5372,17.46425,20.12461,22.47221,23.25941,23.32381,26.62705,25.0,26.83282,33.61547,28.84441,32.01562,41.6173,41.34005,47.63402,47.63402,48.27007,49.20366,53.41348,55.22681,53.75872,61.6198,58.0517,61.84658,67.42403,62.1289,61.03278,68.7968,67.6757,61.40033,63.13478,62.64982,67.60178,60.53924,68.88396,69.77105,62.43397,62.1289,65.29931,65.29931,69.46222,70.45566,63.81222,64.66065,68.24222,66.85058,62.26556,65.0,67.1193,67.41662,71.61006,71.84706,68.24222,68.60029,70.80254,71.56116,76.15773,69.89278
12.72792,11.31371,12.04159,10.63015,11.31371,9.89949,10.63015,10.63015,10.63015,10.63015,10.63015,10.0,10.0,10.0,9.43398,10.0,9.43398,9.43398,8.94427,9.43398,9.43398,9.43398,9.43398,8.94427,8.94427,8.94427,8.94427,8.94427,8.94427,9.43398,8.06226,8.06226,8.06226,8.06226,7.81025,7.81025,7.81025,7.2111,7.2111,6.40312,7.07107,5.65685,6.40312,5.65685,5.65685,5.0,5.0,5.0,5.0,4.24264,3.60555,3.60555,70.71068,70.5762,68.46897,73.06162,63.1981,60.53098,56.22277,59.4138,64.07027,57.21888,62.00806,58.0,67.18631,62.07254,63.03174,59.13544,56.22277,50.08992,48.09366,57.42822,54.45181,56.56854,49.81967,46.87217,50.21952,45.35416,57.70615,51.62364,48.83646,50.35871,47.51842,50.01,44.91102,45.89118,49.81967,41.97618,39.29377,44.40721,47.26521,41.19466,44.01136,43.01163,43.01163,41.0,32.06244,39.0,34.23449,29.01724,30.08322,32.55764,27.65863,26.92582,23.19483,25.70992,24.73863,21.54066,20.12461,22.36068,19.92486,22.13594,19.64688,23.34524,26.0,26.57066,29.12044,29.41088,32.89377,34.71311,41.30375,40.79216,41.97618,44.18144,49.09175,51.08816,52.03845,56.32051,53.46027,53.15073,63.0,66.48308,61.40033,67.89698,61.98387,63.3877,65.30697,61.98387,69.2315,65.30697,66.94027,64.13267,64.13267,71.38627,63.15061,67.46851,66.28725,66.09841,64.32729,66.61081,68.65858,67.08204,66.61081,67.1193,75.10659,67.36468,73.43705,65.12296,67.89698,70.45566,75.00667,67.18631,72.69113,68.593,71.11259,73.00685
11.6619,11.6619,10.81665,11.6619,10.81665,11.6619,10.81665,10.81665,10.81665,10.0,10.0,10.0,10.0,9.21954,10.0,9.21954,9.89949,9.21954,9.89949,9.21954,9.21954,8.48528,8.48528,9.21954,9.21954,9.89949,9.21954,9.21954,9.21954,8.48528,8.48528,8.48528,8.48528,7.81025,7.81025,7.81025,7.81025,7.2111,7.2111,7.2111,6.7082,6.7082,5.83095,5.83095,5.38516,5.38516,5.38516,4.47214,4.47214,4.47214,4.12311,4.12311,62.26556,62.96825,64.88451,64.40497,67.62396,63.56099,58.60034,59.03389,60.92618,56.36488,59.03389,61.09828,57.77543,56.61272,59.48109,59.09315,54.23099,49.47727,52.81098,56.51548,55.36244,55.36244,47.85394,51.41984,49.0408,45.89118,45.89118,47.80167,43.68066,44.55334,49.0408,47.53946,42.44997,46.87217,48.05206,45.88028,40.26164,41.48494,40.80441,43.32436,42.72002,41.78516,41.23106,37.21559,34.0,38.07887,32.20248,31.38471,29.41088,32.24903,26.40076,27.80288,26.1725,26.24881,19.10497,26.90725,21.93171,14.14214,22.2036,23.08679,20.02498,23.02173,26.07681,28.01785,29.15476,33.13608,34.23449,32.14032,38.07887,41.4367,43.41659,41.97618,48.83646,49.47727,50.96077,51.5461,56.61272,56.0803,59.9333,60.82763,60.90156,64.07027,61.91123,64.3506,59.90826,63.81222,58.83026,65.73431,58.18075,70.83078,61.58734,60.74537,61.03278,65.0,62.96825,67.1193,64.66065,58.5235,65.29931,62.96825,66.24198,64.14047,64.88451,62.64982,66.37017,63.63175,66.24198,60.53924,65.74192,70.83078,67.60178,71.58911,65.19202,73.92564
11.7047,10.44031,11.40175,10.44031,11.40175,10.77033,10.44031,10.44031,10.44031,10.44031,9.48683,9.48683,9.21954,9.21954,9.21954,10.19804,9.05539,9.05539,9.05539,9.05539,8.06226,9.05539,9.05539,8.06226,8.06226,8.06226,8.06226,8.0,8.06226,8.06226,8.06226,8.06226,8.06226,7.07107,7.28011,7.28011,7.28011,6.32456,6.32456,6.32456,6.32456,5.38516,6.32456,5.83095,5.0,5.0,5.0,4.47214,5.0,4.24264,4.24264,3.60555,73.5527,67.89698,66.70832,71.42129,68.62215,63.70243,61.84658,62.93648,61.07373,62.93648,60.1415,61.52235,57.62812,54.45181,58.13777,58.41233,54.40588,52.80152,50.80354,56.0357,54.20332,54.81788,47.41308,49.09175,48.60041,46.87217,49.20366,47.50789,43.909,50.24938,51.31277,45.65085,46.14109,43.08132,47.43416,47.01064,45.65085,38.94868,40.81666,45.0,42.80187,37.48333,36.79674,38.60052,29.83287,37.53665,32.64966,33.24154,30.41381,29.20616,27.58623,27.20294,19.69772,25.23886,22.82542,22.36068,18.38478,17.08801,21.93171,19.23538,22.09072,26.0,23.32381,29.15476,29.12044,30.67572,31.62278,31.30495,38.48376,36.71512,40.70626,46.95743,48.02083,49.73932,54.08327,57.68882,55.0,55.44367,58.0517,62.93648,64.44377,66.6033,63.12686,62.00806,64.66065,64.44377,65.8559,65.60488,65.43699,65.60488,64.2028,65.60488,62.80127,64.81512,62.482,65.43699,64.81512,63.12686,69.42622,65.94695,68.62215,69.42622,62.482,64.3506,68.76772,72.13876,69.31089,63.65532,72.12489,65.06919,75.66373,72.12489,70.71068,72.18033
12.36932,12.36932,11.40175,12.36932,11.40175,11.40175,11.7047,11.7047,11.40175,10.77033,10.77033,10.77033,10.77033,10.77033,9.84886,10.77033,9.84886,9.84886,9.84886,8.94427,9.84886,8.94427,9.84886,8.94427,8.94427,8.94427,8.94427,8.94427,8.94427,8.94427,8.544,8.94427,8.544,7.61577,8.544,8.544,8.24621,7.28011,7.28011,7.28011,7.07107,7.07107,6.08276,6.08276,6.0,6.0,6.0,5.0,5.0,5.0,5.09902,5.09902,74.88658,70.80254,60.74537,68.26419,69.89278,60.46487,61.03278,65.73431,60.90156,58.30952,58.59181,60.03332,55.9464,58.66856,53.7122,56.35601,56.93856,54.58938,49.24429,53.48832,50.15974,51.26402,44.64303,47.42362,46.09772,48.46648,46.23851,41.62932,44.38468,45.88028,49.24429,48.10405,49.24429,42.37924,49.76947,43.38202,41.62932,42.94182,41.14608,42.48529,43.82921,44.28318,37.73592,36.71512,34.82815,31.40064,30.61046,28.30194,30.4795,33.24154,28.3196,26.90725,27.65863,21.93171,22.2036,17.69181,15.65248,19.31321,19.23538,18.68154,20.61553,22.09072,26.30589,27.89265,26.4764,28.07134,33.37664,32.55764,35.35534,37.94733,47.80167,45.89118,49.39636,52.81098,49.24429,48.46648,60.82763,58.69412,60.41523,61.91123,60.90156,63.60031,64.14047,64.40497,69.06519,69.42622,63.25346,67.35726,68.0147,62.20129,66.70832,67.26812,65.60488,63.41136,67.80118,69.63476,65.0,62.36986,68.24222,66.61081,73.81734,68.24222,76.02631,67.1193,68.96376,70.3278,72.8011,67.80118,74.24284,81.84131,71.34424,72.42237,73.00685,71.84706
12.04159,12.04159,11.31371,11.31371,11.31371,11.31371,11.31371,10.63015,10.63015,10.63015,10.63015,10.63015,10.0,10.0,10.0,10.0,10.0,9.21954,9.43398,9.21954,9.21954,8.60233,9.21954,9.43398,9.43398,8.60233,8.60233,8.60233,8.60233,8.60233,8.60233,7.81025,7.81025,7.81025,7.07107,7.07107,7.07107,7.07107,7.07107,7.07107,6.40312,6.40312,6.40312,5.83095,5.0,4.47214,4.47214,4.47214,4.47214,4.47214,3.60555,3.16228,72.27724,69.12308,65.51336,68.65858,68.68042,65.0,58.85576,67.18631,58.0517,65.96969,61.39218,59.68249,55.31727,51.47815,53.60037,57.42822,56.4358,54.03702,52.23983,54.33231,59.03389,48.09366,48.01042,50.08992,47.09565,46.17359,47.01064,48.0,46.17359,47.51842,49.09175,48.50773,45.04442,46.69047,42.0119,44.18144,44.04543,44.40721,41.19466,44.92215,35.51056,37.85499,38.83298,34.20526,31.38471,31.62278,33.61547,27.85678,30.52868,27.29469,27.313,24.20744,24.59675,23.32381,19.72308,21.2132,19.10497,21.84033,22.80351,18.43909,21.18962,20.24846,25.94224,28.79236,33.52611,30.08322,33.73426,37.94733,37.0,42.05948,46.69047,48.05206,46.52956,52.15362,50.24938,49.49747,58.03447,62.00806,60.20797,56.32051,61.29437,62.64982,68.46897,66.09841,68.15424,64.51356,68.06614,66.09841,65.96969,64.7611,61.84658,63.89053,64.56005,63.56099,64.28841,63.56099,67.91171,68.88396,61.61169,67.18631,62.16912,68.88396,68.41053,71.38627,72.83543,71.38627,62.36986,70.61161,73.24616,71.58911,69.87131,60.07495,74.52516,67.08204
11.04536,11.04536,11.04536,11.04536,11.04536,10.04988,10.04988,10.04988,10.04988,10.0,10.0,10.0,10.0,10.04988,9.0,9.0,9.05539,9.0,9.05539,9.05539,9.05539,9.05539,8.06226,8.06226,9.05539,8.06226,8.06226,8.06226,8.06226,8.06226,8.06226,8.06226,8.0,8.0,7.0,7.0,7.0,7.0,7.07107,6.08276,6.08276,6.08276,6.08276,5.09902,5.09902,5.38516,4.47214,4.47214,4.47214,4.47214,3.60555,3.60555,67.23095,69.40461,64.2028,62.68174,66.21933,64.63745,61.7171,62.68174,57.38467,62.00806,55.97321,59.07622,58.25805,52.40229,55.22681,54.81788,55.22681,50.91169,51.66237,46.69047,50.20956,53.07542,53.60037,50.0,47.42362,48.01042,46.2277,45.0,44.41846,47.50789,45.80393,44.04543,44.40721,45.22168,40.31129,45.0,45.80393,44.20407,40.60788,41.10961,37.53665,32.01562,36.12478,39.62323,39.05125,32.44996,32.20248,30.52868,27.73085,28.6007,20.0,28.6531,25.55386,17.88854,22.13594,19.31321,17.88854,16.27882,19.20937,19.69772,19.20937,21.63331,21.09502,28.01785,30.88689,36.12478,30.52868,33.83785,41.10961,41.6173,39.05125,44.04543,47.38143,51.73973,50.24938,57.28001,53.82379,54.08327,59.07622,56.60389,57.80138,61.91123,62.96825,62.76942,69.31811,64.66065,61.26989,62.6099,63.15853,60.92618,64.84597,63.50591,66.64833,65.30697,61.7171,59.36329,63.51378,61.29437,59.5399,60.90156,66.57327,64.00781,59.40539,62.1289,64.66065,68.7968,64.3506,67.62396,65.45991,71.02816,68.50547,63.82006,68.8186,75.60423
11.04536,11.04536,10.04988,11.04536,10.04988,11.04536,10.04988,10.04988,10.0,10.0,10.0,10.0,9.0,9.0,9.0,9.0,10.04988,9.05539,9.05539,9.05539,9.05539,9.05539,9.05539,8.06226,8.06226,9.05539,9.05539,8.06226,8.06226,8.06226,8.0,8.0,7.0,7.0,7.0,7.0,7.07107,7.07107,6.08276,6.08276,6.08276,6.08276,5.09902,5.09902,5.09902,4.12311,4.47214,4.12311,4.12311,3.16228,3.60555,3.60555,67.20119,70.29225,68.41053,66.6033,73.0,63.03174,73.75636,59.81639,61.55485,59.46427,58.25805,61.84658,59.39697,57.80138,55.86591,57.38467,56.0803,55.86591,56.0803,56.58622,58.79626,56.22277,48.16638,54.20332,51.62364,47.63402,52.63079,51.08816,49.51767,43.01163,53.00943,46.87217,48.16638,43.26662,47.50789,39.59798,45.96738,46.40043,43.13931,43.13931,45.25483,43.18565,39.69887,35.4683,37.48333,32.64966,30.80584,33.94113,30.80584,30.61046,28.30194,30.52868,25.96151,24.35159,23.02173,22.80351,19.41649,19.92486,20.80865,25.0,22.36068,22.82542,26.92582,31.30495,32.64966,34.88553,41.18252,41.67733,44.65423,42.95346,46.40043,49.92995,52.80152,53.90733,57.31492,52.40229,58.13777,61.6198,61.7171,61.07373,66.6033,63.24555,67.47592,66.85058,67.95587,68.09552,65.76473,64.3506,60.74537,66.7308,68.09552,63.63175,63.81222,67.41662,65.73431,64.89992,68.00735,62.76942,73.4983,64.07027,67.6757,66.06815,66.0303,67.41662,70.93659,72.47068,72.8011,67.80118,74.96666,72.00694,65.8559,73.10951,70.0928,78.24321
11.18034,12.08305,11.18034,11.18034,10.29563,11.18034,11.18034,10.77033,9.84886,10.29563,10.29563,10.29563,9.43398,9.43398,9.43398,9.43398,9.43398,9.43398,8.60233,9.43398,8.60233,8.60233,8.60233,9.21954,8.60233,8.60233,8.60233,8.60233,8.60233,8.06226,8.06226,8.06226,8.06226,8.06226,7.61577,7.61577,7.61577,6.7082,6.7082,6.7082,6.32456,6.32456,5.38516,5.09902,5.09902,4.12311,4.12311,4.12311,4.12311,4.12311,4.0,3.0,71.34424,67.20119,72.56032,66.21178,63.52952,66.24198,61.7171,59.94164,62.24147,63.97656,59.80803,61.7414,59.5063,59.5063,55.71355,51.62364,53.7122,50.08992,47.75982,54.08327,53.16014,55.71355,54.42426,46.48656,48.70318,47.92703,49.76947,47.80167,46.8188,50.44799,50.01,44.38468,42.15448,46.09772,42.95346,40.8534,43.41659,40.31129,42.94182,43.38202,42.19005,44.10215,36.35932,35.22783,35.60899,35.80503,32.55764,34.20526,25.6125,28.84441,26.87006,26.24881,23.43075,24.08319,20.61553,21.93171,19.20937,21.58703,24.08319,20.09975,20.02498,26.1725,27.0,28.01785,29.27456,33.13608,36.01389,37.05401,41.04875,43.10452,42.04759,49.25444,51.62364,55.54278,56.08921,50.69517,51.86521,60.40695,63.15853,60.40695,60.92618,63.52952,65.0,64.88451,64.66065,65.73431,68.50547,70.17834,65.21503,64.3506,67.95587,63.63175,64.89992,69.11584,62.96825,60.41523,63.13478,63.51378,68.09552,72.06941,68.42514,60.41523,70.77429,66.18912,66.64083,68.47627,68.02941,67.53518,69.77822,65.39113,73.82412,70.49113,67.1193,70.17834
11.40175,11.18034,11.18034,10.19804,10.44031,10.19804,10.44031,10.44031,10.44031,9.48683,10.44031,9.48683,9.48683,9.48683,9.48683,9.84886,9.84886,9.84886,8.94427,8.94427,8.544,8.94427,8.94427,8.94427,8.544,8.94427,8.94427,8.94427,7.61577,8.544,7.61577,7.61577,7.61577,7.61577,7.28011,7.28011,7.28011,6.32456,6.32456,6.08276,6.08276,6.08276,5.09902,5.09902,5.09902,5.09902,4.0,4.0,4.0,4.0,4.0,3.0,71.44928,67.17887,64.03124,62.96825,67.47592,61.07373,69.02898,63.12686,63.12686,54.40588,59.64059,59.90826,59.07622,55.21775,54.08327,58.66856,54.08327,57.3062,53.82379,58.18075,51.42956,54.12947,51.42956,54.58938,52.35456,45.17743,52.35456,50.08992,47.53946,48.37355,54.42426,47.12749,48.33218,46.51881,49.24429,41.14608,42.48529,38.94868,39.82462,39.40812,41.34005,36.05551,35.80503,35.60899,32.64966,34.4093,32.55764,30.41381,30.0,24.75884,27.58623,25.4951,20.61553,23.34524,26.40076,24.18677,19.72308,20.22375,22.80351,23.08679,27.51363,22.13594,25.96151,28.63564,25.96151,36.68787,36.40055,36.40055,39.35734,46.61545,41.14608,44.29447,48.54894,52.35456,54.20332,58.82176,50.0,56.0803,62.24147,60.82763,65.43699,64.44377,67.94115,63.78087,66.52819,65.19202,66.70832,69.52697,65.0,68.60029,63.00794,64.03124,63.78087,63.78087,65.8559,60.82763,63.63961,61.52235,64.38167,64.38167,70.17834,64.38167,74.27651,70.00714,65.19202,73.59348,70.72482,67.88225,68.76772,69.52697,70.29225,71.42129,73.24616,73.75636
11.6619,11.6619,10.81665,10.81665,10.81665,10.81665,10.81665,10.81665,10.81665,10.0,10.0,10.0,10.0,10.0,10.0,10.0,10.63015,9.21954,9.21954,9.21954,9.21954,9.21954,9.21954,8.48528,9.21954,9.21954,9.21954,8.48528,8.48528,8.60233,7.81025,7.81025,7.81025,7.81025,7.2111,7.2111,7.2111,6.7082,6.7082,6.7082,5.83095,5.83095,5.38516,5.38516,5.38516,4.12311,4.12311,4.12311,4.12311,4.12311,4.12311,3.16228,62.03225,65.78754,68.35203,65.79514,64.84597,69.57011,61.84658,58.30952,59.46427,62.36185,58.5235,58.24088,63.60031,51.1957,55.31727,57.48913,53.60037,47.80167,52.63079,51.66237,53.60037,50.01,48.37355,43.73786,50.01,48.50773,51.1957,45.39824,45.88028,52.34501,43.28972,49.47727,42.72002,43.68066,43.73786,43.17407,40.16217,43.9659,44.77723,42.54409,36.76955,40.8534,40.31129,34.88553,30.46309,34.88553,34.1321,30.88689,32.44996,28.42534,24.41311,24.20744,25.0,23.43075,19.84943,20.61553,21.26029,18.68154,21.54066,20.61553,23.08679,25.96151,28.16026,33.24154,31.04835,32.75668,35.44009,38.20995,41.0,42.42641,48.25971,48.0,49.16299,57.21888,54.03702,56.22277,59.4138,63.15061,64.7611,62.8172,63.32456,63.90618,64.7611,66.40783,63.56886,62.76942,69.46222,62.39391,67.62396,63.13478,65.29931,66.64083,65.79514,60.40695,69.57011,63.50591,65.0,65.55151,64.19502,65.55151,62.62587,67.35726,68.41053,65.45991,69.57011,67.35726,68.96376,68.96376,69.37579,70.83784,69.37579,69.64194,68.15424,65.78754
11.6619,11.6619,10.29563,11.6619,10.29563,11.18034,10.29563,10.29563,10.29563,9.84886,9.84886,9.84886,9.84886,9.48683,9.84886,9.48683,9.48683,9.48683,9.48683,8.544,8.544,8.544,8.24621,8.24621,8.544,8.24621,8.24621,8.544,8.24621,8.24621,7.61577,7.61577,7.61577,7.61577,7.61577,7.61577,6.7082,6.7082,6.7082,5.83095,5.83095,5.83095,5.0,5.0,5.0,4.24264,4.24264,4.24264,4.24264,4.24264,2.82843,3.60555,68.15424,65.11528,64.56005,61.13101,64.03124,64.03124,55.31727,62.64184,57.48913,63.06346,61.98387,58.5235,54.08327,57.93962,60.40695,50.69517,56.0803,54.23099,61.68468,50.11986,53.7122,52.80152,58.59181,51.88449,49.1935,54.70832,46.14109,49.24429,47.92703,47.50789,48.75449,48.76474,44.72136,47.01064,44.10215,50.69517,47.53946,42.72002,44.94441,41.14608,41.78516,38.8973,41.0,42.75512,36.13862,36.22154,34.23449,28.86174,28.07134,29.41088,28.28427,31.06445,24.73863,23.08679,26.07681,25.07987,19.41649,22.47221,16.97056,18.86796,24.04163,19.79899,30.0,30.0,34.71311,35.38361,36.06938,40.60788,41.10961,45.45327,44.94441,54.3783,49.65884,57.38467,53.23533,57.3062,62.64982,63.15853,66.7308,57.28001,71.16881,67.46851,61.18823,66.61081,70.0928,61.81424,70.03571,60.63827,70.5762,65.19202,64.93843,66.91039,63.15061,60.67125,59.68249,65.27634,66.91039,65.9242,58.0517,63.60031,59.66574,65.80274,65.9242,62.36185,67.6757,71.47027,70.88018,69.57011,70.61161,75.0,64.03124,78.1089,70.61161,75.58439
12.04159,11.04536,12.04159,11.04536,12.04159,11.04536,11.04536,11.04536,11.04536,11.04536,10.19804,10.04988,10.19804,10.19804,9.21954,10.19804,9.21954,9.21954,9.48683,9.21954,9.21954,9.21954,9.21954,9.48683,9.48683,9.21954,9.21954,9.21954,9.21954,9.21954,8.24621,9.21954,9.05539,8.06226,8.06226,8.06226,8.06226,8.0,7.0,7.0,7.0,6.0,6.0,6.0,5.0,5.0,5.09902,5.09902,5.09902,4.12311,4.12311,4.12311,65.76473,68.60029,68.0147,66.70832,68.24954,61.6198,62.36986,60.82763,59.46427,64.81512,59.66574,51.85557,58.0,55.44367,54.48853,55.86591,55.17246,55.97321,54.67175,55.86591,51.66237,55.31727,51.85557,51.0392,48.25971,50.0,47.63402,47.01064,43.93177,48.16638,48.79549,48.83646,45.22168,45.45327,43.41659,44.59821,38.01316,49.09175,45.96738,44.59821,35.0,41.04875,39.66106,33.6006,37.53665,30.08322,31.62278,30.52868,27.73085,27.20294,28.30194,22.36068,25.94224,24.35159,22.36068,21.2132,22.56103,20.24846,18.11077,22.80351,23.02173,24.04163,24.35159,29.15476,34.17601,34.78505,37.69615,40.31129,38.91015,42.95346,48.02083,54.12947,50.21952,57.80138,52.00961,54.3783,60.80296,60.44005,61.6198,62.96825,67.89698,67.00746,65.29931,66.61081,67.62396,65.43699,65.0,62.68174,65.80274,62.20129,63.70243,66.6033,66.4003,63.00794,67.1193,67.35726,62.20129,65.29931,65.8559,71.70077,65.11528,68.41053,62.482,66.52819,69.35416,72.86288,70.83784,68.60029,66.6033,77.33693,66.46804,73.87828,74.96666,65.06919
11.31371,11.40175,10.63015,10.63015,10.63015,10.63015,10.63015,10.0,10.0,10.0,10.0,10.0,9.43398,9.43398,8.60233,9.43398,8.60233,8.60233,8.06226,8.60233,8.94427,8.06226,8.60233,8.06226,8.06226,8.06226,8.60233,8.06226,8.06226,8.60233,8.06226,7.2111,7.2111,7.81025,7.07107,7.07107,7.07107,7.07107,7.07107,6.40312,6.40312,5.83095,5.83095,5.83095,5.83095,4.47214,4.47214,4.47214,4.47214,4.47214,4.12311,4.12311,76.23647,61.0082,68.06614,65.27634,64.49806,65.27634,57.03508,66.0303,54.03702,59.00847,56.14268,55.3263,58.03447,51.0392,53.08484,57.21888,55.08176,52.15362,51.0098,53.15073,55.14526,50.08992,51.62364,48.09366,47.04253,48.09366,48.50773,46.27094,42.75512,46.52956,48.25971,52.00961,43.18565,48.16638,43.01163,42.0119,43.01163,37.01351,41.19466,42.42641,38.07887,39.05125,37.05401,36.49658,33.37664,31.57531,34.17601,25.63201,28.63564,27.51363,26.57066,21.09502,23.70654,19.31321,22.2036,19.72308,17.80449,20.51828,21.26029,16.27882,26.92582,19.41649,32.52691,30.41381,30.01666,38.27532,32.75668,36.71512,42.54409,46.14109,50.53712,50.56679,49.81967,58.24946,51.66237,55.36244,62.16912,59.21149,57.55867,63.03174,64.12488,63.07139,64.00781,64.0,65.00769,61.0082,68.06614,63.28507,72.11103,63.95311,63.28507,65.03076,62.514,63.50591,62.28965,63.03174,65.03076,66.06815,60.03332,67.06713,65.00769,66.0303,70.11419,64.00781,68.00735,67.02984,64.0,68.02941,69.02898,78.23043,66.0303,74.00676,71.02816,70.0
12.08305,12.08305,11.18034,10.77033,11.18034,11.18034,11.18034,10.29563,10.29563,10.29563,10.29563,10.29563,9.43398,9.43398,9.43398,9.43398,9.43398,9.43398,8.60233,8.60233,8.60233,8.60233,8.60233,8.60233,8.60233,8.60233,8.60233,8.60233,8.60233,8.60233,8.06226,8.06226,8.06226,8.06226,7.61577,7.61577,7.61577,6.7082,6.7082,6.32456,6.32456,6.32456,5.38516,5.09902,5.09902,5.09902,4.12311,4.12311,4.12311,4.0,4.0,3.0,73.82412,62.64982,71.17584,66.64083,64.62198,65.0,62.64982,65.39113,59.48109,64.4748,57.87055,56.32051,55.65968,50.69517,56.46238,54.40588,52.55473,50.44799,52.49762,48.70318,52.95281,51.24451,51.66237,48.76474,46.48656,50.28916,48.08326,41.7732,51.5461,46.52956,45.60702,48.27007,41.48494,42.72002,46.09772,42.37924,46.51881,46.32494,46.23851,41.10961,41.4367,40.8534,38.01316,28.6531,35.77709,38.47077,40.31129,31.40064,32.24903,29.41088,27.80288,25.55386,21.40093,23.34524,21.63331,23.34524,21.93171,22.36068,23.34524,24.0,26.01922,27.01851,32.06244,27.45906,33.01515,33.01515,38.0,42.0,47.0,45.17743,47.26521,51.62364,51.97115,54.57105,51.97115,55.97321,53.75872,53.16014,63.24555,61.32699,58.13777,64.40497,63.95311,70.66116,66.7308,63.51378,65.0,58.83026,63.60031,62.76942,61.58734,61.91123,65.36819,62.26556,66.64833,63.82006,64.3506,68.09552,61.7171,73.53911,63.97656,65.39113,61.84658,67.1193,66.70832,71.58911,66.21178,68.88396,68.35203,72.91776,66.85058,65.55151,70.21396,71.19691
12.52996,12.52996,11.6619,11.6619,11.6619,11.6619,11.6619,11.6619,11.18034,10.81665,10.29563,10.81665,9.43398,10.0,10.0,10.81665,10.0,10.0,9.21954,9.21954,8.60233,9.21954,9.43398,9.21954,8.60233,8.60233,8.60233,8.60233,8.60233,8.60233,8.06226,8.60233,8.06226,8.06226,8.06226,8.06226,7.61577,6.7082,6.7082,6.32456,6.32456,6.32456,6.32456,6.32456,6.08276,5.09902,5.09902,5.09902,5.09902,5.0,5.0,4.0,70.72482,72.61543,76.48529,69.77822,67.41662,66.21178,60.00833,58.69412,59.09315,62.29767,63.32456,60.72891,60.41523,57.56735,55.97321,56.75385,52.88667,48.50773,57.00877,53.85165,57.00877,48.27007,49.0306,51.47815,40.49691,50.69517,48.50773,42.95346,46.69047,50.48762,44.55334,48.50773,44.55334,48.25971,46.32494,37.36308,38.07887,38.62642,39.56008,40.49691,41.23106,38.8973,38.48376,34.0147,34.17601,31.62278,35.8469,26.24881,31.76476,27.29469,30.52868,25.23886,28.01785,22.67157,19.41649,17.80449,20.51828,23.0,22.0,25.07987,30.14963,25.07987,29.06888,31.06445,33.06055,37.33631,37.01351,43.28972,44.55334,45.35416,46.52956,55.10898,50.92151,55.36244,58.18935,55.36244,55.54278,61.09828,64.49806,61.26989,62.43397,60.82763,66.64833,61.91123,72.94518,64.89992,62.80127,62.68174,66.57327,62.20129,66.61081,59.64059,66.70832,60.90156,64.3506,67.23095,64.84597,62.43397,63.50591,69.46222,62.17717,69.35416,61.26989,67.1193,63.50591,72.56032,66.21178,67.77905,71.55418,77.47258,68.42514,71.30919,77.07788,70.77429
11.04536,11.04536,11.04536,11.04536,11.04536,11.04536,10.04988,10.04988,10.04988,10.04988,10.19804,10.19804,10.19804,9.21954,9.05539,10.19804,9.21954,9.21954,9.21954,9.21954,8.24621,8.24621,9.21954,8.24621,8.24621,8.24621,8.24621,8.24621,8.24621,8.06226,7.07107,8.06226,8.06226,7.07107,7.07107,7.07107,7.0,6.0,6.0,6.0,6.0,6.08276,5.0,5.0,5.09902,4.12311,4.12311,4.12311,4.12311,3.16228,3.16228,3.16228,72.71864,71.19691,68.50547,69.06519,65.45991,64.81512,64.07027,63.28507,60.90156,61.85467,58.82176,61.22091,62.43397,53.41348,54.81788,58.79626,56.22277,55.80323,55.60576,52.63079,55.44367,45.48626,53.00943,48.41487,48.60041,50.80354,46.09772,48.10405,48.41487,47.38143,46.66905,47.01064,47.01064,43.13931,44.68781,42.63801,40.22437,41.86884,42.72002,43.82921,39.82462,44.65423,36.05551,32.31099,34.0,31.95309,33.28663,28.6531,31.30495,26.92582,21.84033,28.86174,25.31798,23.4094,24.69818,23.5372,21.09502,21.18962,22.84732,21.47091,26.40076,25.55386,27.313,31.06445,31.76476,35.77709,38.58756,41.04875,40.24922,48.9183,46.2277,46.8615,48.79549,53.03772,53.90733,56.58622,60.30755,62.20129,62.20129,60.20797,60.21628,63.13478,66.37017,70.49113,66.7308,64.4748,63.06346,63.06346,63.97656,63.07139,68.8767,62.64982,64.88451,63.95311,63.50591,68.26419,64.40497,65.8635,65.51336,59.5399,70.17834,65.21503,62.62587,61.91123,68.00735,67.41662,63.81222,68.09552,65.21503,75.71658,66.21933,66.0303,60.21628,71.34424
12.16553,12.16553,12.16553,11.04536,12.16553,11.18034,11.18034,11.18034,11.18034,10.19804,10.19804,10.19804,10.19804,10.19804,9.21954,10.44031,10.44031,10.19804,9.48683,9.21954,9.21954,9.21954,9.21954,8.544,9.21954,8.24621,8.24621,8.24621,8.24621,9.21954,8.24621,8.24621,8.24621,8.06226,8.06226,8.06226,7.07107,7.0,7.0,6.0,7.0,6.0,6.0,6.0,6.08276,5.09902,5.09902,5.09902,5.09902,4.12311,4.12311,4.47214,68.0,70.0,65.36819,66.64833,68.44706,63.13478,62.17717,59.48109,57.27128,59.05929,58.13777,58.18075,58.18075,57.70615,61.84658,53.31041,55.9464,55.9464,55.07268,53.75872,51.5461,53.60037,47.43416,48.10405,48.76474,44.01136,47.12749,45.88028,45.31004,46.48656,44.38468,48.33218,46.61545,41.76123,46.48656,44.72136,39.81206,35.35534,38.07887,39.44617,34.48188,40.31129,34.0,31.38471,36.89173,32.75668,34.4093,25.80698,26.24881,23.34524,26.1725,21.93171,22.02272,19.84943,19.10497,21.63331,17.69181,25.17936,23.02173,25.07987,25.0,25.0,26.0,32.06244,34.0147,34.05877,33.13608,35.12834,41.10961,46.52956,44.38468,48.50773,50.44799,55.54278,51.66237,56.64804,56.0803,59.48109,57.77543,62.76942,63.07139,64.66065,64.41273,63.28507,64.66065,62.80127,64.81512,63.24555,66.61081,63.24555,63.00794,63.60031,64.2028,59.07622,68.60029,66.61081,63.81222,68.41053,63.81222,70.49113,72.06941,62.43397,69.77105,70.23532,66.24198,74.24284,65.51336,61.32699,69.35416,69.77105,67.77905,68.47627,76.8505,66.24198
10.77033,10.77033,10.77033,10.77033,10.77033,10.77033,9.84886,10.77033,9.84886,9.48683,9.48683,9.48683,9.48683,9.48683,9.48683,9.48683,9.48683,8.544,9.21954,8.24621,8.544,8.24621,8.24621,8.24621,8.24621,7.28011,8.24621,8.24621,8.24621,7.61577,7.28011,7.61577,7.61577,7.61577,6.7082,6.7082,6.7082,6.7082,5.83095,5.83095,5.0,5.0,5.0,5.0,5.0,4.24264,4.24264,4.24264,4.24264,4.24264,3.60555,3.60555,70.88018,67.62396,66.48308,65.80274,69.28925,64.84597,58.60034,65.19202,54.626,62.03225,59.13544,61.32699,58.5235,54.12024,55.15433,61.32699,57.3062,54.78138,50.56679,52.80152,53.85165,50.08992,52.69725,49.64877,51.0,46.52956,47.01064,47.01064,42.04759,44.77723,50.53712,48.54894,44.28318,43.56604,46.61545,43.38202,40.16217,40.24922,41.78516,36.40055,35.34119,36.87818,31.38471,35.1141,30.41381,28.63564,32.55764,28.63564,28.44293,22.80351,28.44293,22.0,23.34524,18.24829,24.02082,18.02776,15.0333,21.40093,19.79899,19.20937,24.83948,23.43075,27.58623,29.06888,31.14482,35.35534,28.6007,36.06938,42.52058,43.86342,46.09772,46.40043,47.70744,52.15362,55.22681,53.33854,56.79789,57.24509,63.56099,62.76942,63.15853,63.90618,65.14599,61.7414,71.16881,61.61169,66.94027,61.39218,66.70832,63.60031,66.76077,62.8172,69.12308,62.93648,65.0,64.19502,64.19502,65.52099,64.19502,67.91171,65.19202,67.44627,62.24147,67.35726,66.7308,65.45991,65.74192,64.19502,69.28925,70.5195,65.78754,66.12866,68.00735,71.47027
12.64911,11.7047,11.7047,11.7047,11.7047,10.77033,10.77033,10.77033,10.77033,9.84886,10.77033,10.77033,9.84886,9.84886,9.84886,9.84886,9.84886,8.94427,8.94427,8.94427,8.94427,8.94427,8.94427,8.06226,8.94427,8.94427,8.94427,8.06226,8.94427,8.94427,7.61577,7.61577,7.61577,7.61577,7.28011,7.28011,7.28011,6.32456,6.32456,6.32456,6.08276,6.08276,6.08276,6.08276,5.09902,5.0,5.0,5.0,5.0,4.0,4.0,4.12311,66.7308,61.7171,69.11584,68.0,67.97794,64.49806,61.7414,64.40497,58.66856,58.13777,56.46238,54.626,55.08176,51.62364,54.78138,51.62364,51.89412,48.33218,50.59644,46.17359,50.32892,50.0,50.69517,49.0408,46.48656,46.32494,49.64877,43.46263,46.8188,39.84972,45.35416,44.27189,36.76955,43.9659,42.44997,41.78516,41.4367,40.31129,37.69615,36.68787,36.40055,35.34119,34.66987,31.62278,28.23119,29.52965,32.64966,27.20294,28.30194,25.6125,25.0,22.47221,18.43909,21.26029,18.02776,19.10497,22.02272,15.0333,19.41649,22.09072,24.02082,25.31798,30.14963,25.07987,26.01922,34.0147,31.0,35.69314,36.12478,40.31129,38.63936,44.91102,48.27007,50.69517,48.05206,55.7853,54.70832,60.40695,57.28001,58.69412,64.00781,59.05929,67.1193,63.81222,60.41523,62.43397,61.91123,58.18075,67.6757,61.58734,60.53924,65.45991,63.63175,64.14047,67.41662,62.20129,64.66065,57.80138,68.47627,63.95311,67.1193,71.11962,64.84597,63.95311,65.0,68.42514,69.77105,65.36819,68.47627,71.30919,65.0,66.88797,73.06162,69.857
13.34166,13.34166,12.36932,12.36932,11.40175,12.16553,12.16553,11.18034,11.18034,10.19804,11.18034,11.18034,11.18034,10.04988,10.04988,10.04988,11.04536,10.04988,10.04988,10.04988,9.05539,9.05539,9.05539,9.0,9.05539,9.05539,9.05539,9.05539,9.05539,9.05539,9.05539,8.06226,8.06226,8.06226,8.24621,7.28011,8.24621,7.28011,7.28011,7.28011,6.32456,6.32456,5.38516,6.32456,6.32456,5.38516,5.38516,5.38516,4.47214,4.47214,5.0,5.0,73.1642,72.44998,69.28925,63.32456,63.90618,68.70953,63.56099,63.56886,59.13544,57.58472,56.36488,61.09828,59.23681,59.80803,54.12947,54.56189,53.22593,49.64877,49.65884,53.22593,49.24429,51.62364,49.24429,48.37355,45.18849,47.16991,48.8774,44.72136,48.37355,46.61545,42.19005,43.04649,42.94182,44.29447,47.16991,39.82462,39.81206,37.69615,37.94733,36.67424,40.71855,37.33631,36.68787,35.1141,33.37664,30.67572,33.24154,28.44293,27.45906,25.17936,24.33105,21.09502,20.22375,22.02272,21.09502,20.22375,20.02498,23.02173,20.24846,24.75884,23.60085,27.58623,25.45584,29.69848,30.0,33.24154,36.79674,33.24154,36.76955,34.71311,46.01087,44.68781,50.20956,47.63402,53.82379,53.00943,57.45433,55.9464,60.03332,58.66856,60.90156,67.97794,61.84658,63.56099,62.96825,66.70832,62.76942,62.96825,68.96376,68.00735,66.48308,66.09841,68.62215,65.9242,66.7308,63.89053,64.19502,65.9242,64.88451,67.54258,74.32362,65.30697,67.06713,70.00714,72.49828,73.38937,74.84651,72.09022,71.58911,68.8767,73.53911,76.55717,69.28925,74.46476
12.16553,12.16553,13.15295,12.16553,12.16553,12.16553,11.18034,11.04536,11.18034,11.04536,11.04536,11.04536,11.0,11.0,10.0,10.0,10.0,10.0,10.0,10.0,10.0,9.0,9.0,9.05539,10.0,9.0,9.0,9.0,9.0,9.0,9.0,9.0,9.0,8.0,8.06226,8.0,7.07107,7.07107,7.07107,7.07107,6.08276,6.08276,6.08276,6.08276,5.09902,5.09902,5.09902,5.09902,5.09902,4.12311,4.47214,4.47214,75.21303,66.8431,70.29225,64.66065,73.60027,65.80274,68.24954,65.45991,63.00794,59.20304,58.83026,56.22277,57.2014,55.60576,57.48913,55.31727,54.56189,52.34501,53.8145,53.2635,55.15433,50.24938,49.49747,53.03772,52.3259,48.08326,48.79549,42.52058,45.34314,46.01087,42.44997,46.09772,43.93177,44.82187,44.59821,44.59821,38.8973,41.72529,38.94868,30.4795,34.71311,32.20248,37.53665,31.40064,31.76476,27.85678,33.83785,27.20294,27.45906,29.15476,25.29822,26.83282,25.4951,28.30194,17.49286,26.57066,18.68154,21.9545,16.55295,18.97367,21.54066,25.96151,26.40076,30.8707,28.23119,33.24154,34.43835,35.4683,37.58989,42.19005,45.17743,49.39636,45.79301,53.2635,53.75872,55.31727,50.44799,48.83646,62.93648,58.72819,63.65532,66.70832,60.30755,69.02898,65.60488,58.89822,63.82006,65.21503,68.60029,58.60034,62.1289,66.37017,64.3506,61.40033,68.50547,65.94695,65.8559,68.24954,70.93659,67.35726,68.593,68.41053,75.16648,73.10951,69.2026,69.31089,70.00714,63.89053,72.86288,70.29225,73.78347,71.42129,71.50524,75.28612
13.15295,13.15295,12.16553,12.36932,12.36932,12.16553,12.16553,11.18034,11.18034,11.18034,11.04536,11.04536,11.18034,10.04988,10.19804,10.04988,11.04536,10.04988,10.04988,10.04988,10.04988,9.05539,9.05539,9.05539,9.05539,9.0,9.0,9.05539,9.05539,8.06226,8.06226,8.06226,8.06226,8.06226,8.24621,8.06226,8.24621,7.28011,7.28011,7.28011,6.32456,7.28011,6.32456,6.32456,6.32456,5.38516,5.38516,5.38516,4.47214,5.0,5.0,5.0,73.05477,71.7844,69.31811,74.09453,71.16881,64.19502,62.29767,62.96825,61.84658,63.15853,64.62198,59.9333,57.24509,55.9017,57.70615,58.66856,55.47071,56.93856,51.88449,49.73932,51.10773,43.56604,54.3783,51.47815,45.17743,47.88528,44.94441,44.65423,48.33218,46.04346,46.87217,50.77401,43.56604,43.909,39.66106,43.86342,39.82462,42.94182,40.31129,34.43835,38.01316,35.34119,34.17601,36.40055,36.05551,31.32092,32.20248,31.57531,28.86174,26.30589,26.68333,20.22375,23.34524,22.02272,19.10497,20.61553,19.0263,24.69818,22.2036,21.93171,23.34524,23.60085,22.36068,28.6531,30.0,33.61547,35.60899,35.38361,37.48333,42.52058,46.75468,52.34501,46.69047,48.16638,51.73973,54.56189,55.47071,56.0357,60.82763,56.85948,58.18075,62.6099,66.64833,62.16912,63.56099,60.37384,63.07139,60.53924,63.69458,67.23095,67.23095,61.09828,61.09828,63.15853,62.6099,62.39391,62.76942,74.46476,65.39113,71.11259,68.54196,70.71068,63.51378,69.11584,69.35416,68.44706,66.64083,72.91776,75.591,76.94154,73.82412,76.02631,79.15807,74.30343
12.64911,12.64911,12.64911,12.64911,12.36932,11.7047,11.7047,11.7047,11.7047,10.44031,11.40175,10.44031,10.19804,10.19804,10.19804,10.19804,10.19804,10.19804,10.19804,9.21954,9.21954,9.21954,9.21954,9.05539,9.05539,8.24621,9.05539,9.05539,9.05539,8.06226,8.24621,8.24621,8.24621,8.24621,7.28011,7.28011,7.28011,7.28011,7.28011,6.32456,6.32456,6.32456,6.32456,5.38516,5.38516,5.38516,5.38516,4.47214,4.47214,4.47214,3.60555,3.60555,68.00735,76.32169,66.48308,69.28925,70.21396,64.03124,63.32456,65.45991,59.80803,63.60031,64.84597,59.46427,55.08176,52.92447,58.82176,58.30952,55.47071,54.56189,51.86521,49.39636,52.55473,49.98,49.73932,52.7731,45.69464,44.77723,45.69464,45.27693,44.94441,48.33218,44.28318,42.54409,42.19005,44.77723,44.77723,45.65085,45.17743,40.8534,38.07887,37.16181,43.41659,39.92493,37.10795,32.89377,31.62278,28.86174,31.38471,27.313,28.86174,26.4764,27.65863,22.36068,26.0,17.02939,27.16616,22.36068,22.02272,21.26029,21.63331,24.04163,26.24881,25.0,28.42534,31.82766,31.14482,31.14482,34.65545,38.20995,41.04875,36.23534,40.36087,44.20407,49.40648,53.82379,51.97115,54.91812,56.79789,55.9017,59.5399,62.6099,61.7414,59.46427,62.39391,59.46427,59.48109,64.03124,64.51356,67.6757,66.85058,65.73431,66.21933,65.0,63.32456,65.14599,66.21933,60.44005,67.62396,65.45991,64.2573,67.77905,64.88451,66.48308,76.96753,71.30919,73.92564,70.93659,74.09453,75.23962,72.73239,67.6757,78.79086,80.5295,75.58439,78.26238
13.41641,12.08305,12.08305,12.08305,12.08305,11.18034,11.18034,11.18034,11.18034,10.77033,11.18034,10.77033,10.77033,10.77033,9.84886,9.84886,9.48683,9.48683,9.48683,9.48683,9.48683,9.48683,9.48683,9.21954,8.544,8.544,8.544,8.544,8.24621,8.544,7.61577,8.544,7.61577,7.61577,7.61577,7.61577,7.61577,6.7082,6.7082,6.7082,5.83095,5.83095,5.83095,5.83095,5.0,5.0,5.0,5.0,5.0,4.24264,4.24264,4.24264,71.8401,77.12976,68.44706,68.00735,73.38937,68.35203,66.30988,66.48308,59.5063,58.5235,60.08328,56.64804,63.32456,55.02727,52.81098,56.0803,55.97321,53.85165,52.49762,54.78138,53.66563,50.56679,46.95743,46.51881,46.95743,48.76474,49.0408,41.78516,42.54409,47.85394,44.01136,44.59821,39.82462,41.59327,44.72136,41.23106,39.81206,38.07887,37.10795,41.0,35.51056,41.48494,34.71311,34.78505,34.20526,33.13608,33.37664,29.27456,30.80584,29.01724,24.08319,24.08319,21.0,20.22375,26.01922,23.02173,20.0,20.0,21.93171,22.80351,22.2036,24.69818,24.69818,28.01785,29.83287,35.60899,30.01666,37.48333,41.10961,39.66106,48.9183,46.75468,46.09772,50.20956,53.03772,52.00961,56.63921,60.60528,62.00806,57.68882,61.77378,61.29437,63.63175,66.30988,61.7171,63.07139,65.29931,65.30697,65.79514,67.77905,62.24147,61.35145,63.90618,69.857,64.4748,61.84658,62.16912,66.70832,68.0,67.1193,70.21396,67.62396,62.64982,69.77822,71.58911,72.89719,72.01389,70.21396,77.41447,77.62087,76.47876,72.00694,73.82412,79.47956
12.04159,12.72792,11.31371,12.04159,11.31371,12.04159,11.31371,11.31371,11.31371,10.63015,11.31371,9.89949,10.63015,9.89949,10.63015,9.21954,10.0,9.21954,9.21954,9.21954,9.21954,8.60233,8.48528,8.60233,8.60233,8.60233,8.60233,8.60233,8.60233,7.81025,7.81025,7.81025,7.81025,7.81025,7.07107,7.07107,7.07107,6.40312,6.40312,5.65685,5.65685,5.65685,5.65685,5.0,5.0,5.0,5.0,5.0,4.47214,3.60555,4.47214,4.12311,77.46612,73.5459,64.12488,69.46222,65.27634,66.37017,64.13267,59.90826,59.5399,64.62971,65.12296,63.12686,63.50591,52.61179,61.66036,58.54912,54.23099,52.23983,54.03702,53.08484,53.0,52.15362,50.01,46.01087,47.01064,48.04165,45.09989,45.01111,43.10452,49.09175,44.0,47.04253,43.18565,41.30375,44.10215,42.0119,41.01219,38.20995,36.0,36.01389,38.63936,36.22154,29.61419,32.24903,37.12142,29.42788,31.257,34.9285,27.65863,28.44293,25.31798,24.04163,26.24881,24.16609,23.19483,27.85678,19.31321,22.36068,21.18962,22.47221,24.73863,24.73863,22.2036,31.40064,29.73214,34.71311,29.54657,36.49658,39.81206,41.7732,49.09175,46.27094,48.01042,48.01042,51.35173,50.08992,51.0,51.24451,66.06815,58.07753,57.42822,61.18823,63.50591,64.32729,61.84658,61.18823,60.01666,62.16912,62.36986,62.16912,65.62012,63.50591,64.93843,62.64982,64.49806,67.08204,66.09841,63.50591,70.5762,69.35416,68.06614,69.11584,70.45566,65.62012,68.11755,72.02777,71.44928,72.44308,77.52419,80.06248,67.60178,72.33948,78.31347,73.17103
12.80625,12.80625,12.80625,12.80625,12.80625,11.40175,11.40175,12.04159,11.40175,11.40175,10.63015,10.63015,10.63015,10.63015,10.63015,10.63015,10.63015,9.89949,9.89949,9.21954,9.21954,9.21954,9.21954,8.48528,9.21954,8.48528,8.48528,9.21954,9.21954,8.48528,7.81025,7.81025,7.81025,7.81025,7.81025,7.81025,7.2111,7.2111,7.2111,7.2111,7.2111,5.83095,5.83095,5.83095,5.83095,5.83095,5.38516,5.38516,5.38516,5.38516,5.38516,4.12311,68.88396,66.70832,63.34824,64.28841,65.51336,61.13101,71.38627,60.44005,58.94065,57.27128,55.10898,56.51548,57.97413,55.31727,52.95281,56.29387,56.88585,51.97115,50.80354,49.49747,43.73786,44.14748,48.16638,46.38965,49.09175,49.81967,43.73786,43.28972,43.04649,43.04649,40.0125,41.0,44.10215,36.12478,38.20995,37.21559,39.05125,37.33631,41.48494,30.06659,37.64306,30.26549,32.55764,33.52611,28.07134,27.29469,27.65863,31.01612,26.30589,29.12044,25.63201,23.4094,23.4094,20.24846,23.85372,20.24846,22.2036,21.2132,19.64688,21.84033,22.36068,27.89265,26.24881,29.15476,31.62278,30.59412,33.37664,34.52535,39.45884,42.44997,46.09772,44.28318,47.26521,43.01163,53.00943,55.00909,51.0098,51.0,64.12488,60.82763,59.84146,61.39218,59.03389,59.66574,59.22837,58.69412,65.96969,59.77458,60.16644,62.0967,59.66574,62.8172,62.16912,61.18823,63.15061,58.69412,64.32729,67.08204,64.32729,65.11528,65.49046,61.98387,68.73136,68.26419,64.49806,72.56032,76.94154,72.56721,74.43118,72.00694,71.58911,75.70997,76.94154,72.83543
12.72792,11.31371,12.04159,11.31371,11.31371,11.31371,11.31371,10.63015,10.63015,10.63015,10.63015,10.63015,10.0,10.0,9.21954,10.0,9.21954,9.21954,8.60233,8.60233,8.60233,8.60233,8.60233,8.06226,8.60233,8.60233,7.81025,8.60233,7.2111,7.81025,7.2111,7.2111,7.2111,7.2111,6.40312,6.40312,6.40312,6.40312,6.40312,5.65685,5.65685,5.65685,5.65685,5.0,5.65685,5.0,5.0,4.24264,4.24264,4.24264,3.60555,3.60555,73.1642,74.1485,66.91039,72.33948,69.35416,71.11259,63.1981,63.3877,61.81424,66.06815,68.46897,60.53098,58.54912,58.13777,63.03174,59.21149,56.08921,48.25971,53.08484,50.48762,58.69412,52.7731,50.63596,50.9902,47.38143,45.54119,46.09772,41.0,44.72136,49.49747,45.12206,48.50773,44.64303,39.62323,39.56008,38.47077,38.63936,39.81206,37.65634,39.01282,38.32754,31.257,33.13608,32.06244,34.23449,30.01666,28.16026,28.01785,31.14482,34.23449,25.07987,26.07681,19.10497,21.2132,24.33105,23.34524,25.4951,17.80449,23.43075,20.51828,24.83948,19.10497,32.20248,29.73214,31.241,32.52691,32.44996,36.71512,36.89173,43.56604,42.48529,47.01064,52.35456,52.39275,51.88449,52.0,57.24509,60.08328,56.921,64.51356,66.76077,62.58594,65.30697,61.81424,64.13267,65.11528,61.98387,64.13267,69.05071,60.29925,59.22837,68.46897,64.49806,62.80127,63.95311,65.30697,64.13267,64.13267,69.42622,66.76077,66.28725,71.58911,75.89466,69.37579,77.49194,68.68042,69.63476,70.03571,73.1642,73.82412,79.07591,75.70997,77.92946,80.60397
13.60147,13.60147,12.36932,12.64911,11.7047,12.36932,11.40175,11.40175,11.40175,11.40175,11.40175,11.40175,10.44031,10.44031,10.44031,10.19804,10.19804,10.19804,10.19804,9.21954,9.21954,9.21954,9.21954,9.21954,9.21954,9.21954,9.05539,8.24621,8.24621,8.06226,8.24621,8.24621,7.28011,7.28011,8.24621,7.28011,7.28011,7.28011,6.32456,6.32456,6.32456,6.32456,6.32456,6.7082,5.38516,5.83095,5.83095,5.83095,5.0,5.0,5.0,5.0,74.68601,73.3553,73.00685,63.06346,72.01389,69.35416,64.51356,65.9242,61.32699,60.46487,62.17717,59.5063,60.53924,56.36488,49.24429,54.12024,57.3062,54.70832,55.9464,48.76474,52.83938,47.50789,48.02083,50.9902,45.27693,49.1935,42.54409,46.14109,46.32494,44.10215,38.27532,41.88078,40.81666,39.05125,39.66106,37.21559,39.96248,34.88553,33.01515,39.11521,38.07887,33.42155,31.90611,35.1141,33.52611,25.4951,29.15476,30.08322,26.40076,26.40076,24.69818,21.18962,22.2036,22.02272,21.0238,24.0,18.02776,20.0,21.09502,21.40093,25.0,24.83948,29.06888,26.92582,28.84441,32.44996,33.28663,40.80441,44.29447,40.49691,50.20956,48.83646,50.20956,50.32892,53.75872,52.49762,52.69725,52.00961,62.68174,59.07622,62.96825,56.82429,65.0,63.52952,67.1193,68.02941,65.29931,63.50591,66.18912,61.84658,67.08204,61.84658,64.84597,62.16912,58.13777,62.64982,67.97794,68.09552,68.88396,62.76942,72.94518,67.74216,64.89992,68.60029,69.97142,76.02631,73.79024,73.57309,77.69813,75.66373,72.71864,81.3941,73.92564,75.15318
12.04159,11.40175,11.40175,11.40175,11.40175,10.0,10.63015,10.0,10.0,10.63015,10.63015,9.89949,9.21954,9.21954,9.21954,9.89949,8.48528,8.48528,8.48528,8.48528,8.48528,8.48528,7.81025,7.81025,7.81025,7.07107,7.07107,7.07107,7.07107,7.81025,7.07107,7.07107,6.40312,6.40312,5.65685,6.40312,5.65685,5.65685,5.65685,5.0,5.0,5.0,5.0,5.0,5.0,4.47214,4.47214,4.47214,4.12311,4.12311,3.16228,3.16228,79.02531,71.44928,74.00676,70.06426,64.00781,70.11419,64.03124,69.00725,65.00769,66.06815,59.0,56.00893,62.20129,56.0,56.0,54.08327,54.00926,59.03389,56.4358,48.09366,52.34501,49.09175,53.08484,52.03845,50.24938,46.52956,45.54119,42.29657,45.09989,45.27693,43.28972,38.20995,43.04649,42.10701,35.22783,45.09989,40.02499,37.48333,39.31921,36.49658,36.01389,30.01666,32.01562,38.0,33.06055,28.07134,32.06244,31.06445,27.07397,27.0,27.01851,23.5372,26.24881,20.88061,24.59675,21.58703,23.76973,17.80449,19.41649,20.51828,22.67157,24.20744,26.90725,27.58623,32.01562,35.22783,35.0,37.20215,42.2019,41.04875,42.94182,53.7122,47.41308,47.41308,48.30114,56.921,62.36185,62.62587,59.43904,64.53681,64.28063,58.69412,61.29437,60.03332,64.93843,62.39391,64.00781,61.07373,63.12686,68.46897,65.27634,67.1193,64.12488,61.20457,64.00781,63.12686,66.0303,68.06614,63.63961,67.60178,68.35934,66.61081,73.5527,68.44706,72.18033,68.24954,70.5762,79.76215,78.1025,70.34913,74.43118,78.31347,82.29824,72.69113
12.36932,11.40175,11.40175,10.77033,10.77033,10.44031,10.44031,10.44031,10.44031,10.44031,10.19804,9.21954,9.21954,9.21954,9.21954,9.05539,9.05539,9.05539,8.06226,8.06226,8.06226,8.06226,8.06226,8.0,8.06226,7.0,7.0,7.0,7.0,8.0,7.0,7.07107,7.0,6.0,7.0,7.07107,6.08276,6.08276,6.08276,5.09902,6.08276,5.09902,5.09902,5.09902,5.09902,4.12311,4.47214,4.47214,4.12311,3.16228,3.60555,3.60555,77.10383,73.00685,73.82412,67.6757,70.66116,67.08204,67.08204,68.44706,60.41523,64.00781,57.80138,61.29437,57.14018,55.03635,57.45433,60.41523,57.70615,51.10773,53.0,52.43091,53.25411,47.50789,47.16991,46.61545,48.25971,43.56604,47.01064,48.82622,45.79301,42.43819,37.48333,42.0119,43.01163,45.0,40.36087,37.20215,41.34005,41.04875,37.01351,36.05551,35.51056,32.01562,34.88553,33.28663,31.06445,30.80584,30.88689,30.8707,26.41969,27.80288,28.6007,26.40076,23.76973,20.61553,24.33105,22.56103,20.12461,21.09502,22.84732,18.86796,21.9545,26.07681,28.79236,28.23119,35.51056,32.24903,37.12142,36.61967,41.88078,42.80187,44.68781,46.09772,47.01064,55.97321,50.93133,55.86591,59.39697,59.07622,62.36986,59.36329,68.8186,68.88396,60.82763,63.13478,67.23095,63.52952,68.0,60.41523,64.00781,68.942,67.41662,72.01389,63.52952,64.84597,63.50591,64.88451,68.88396,67.23095,66.88797,66.28725,64.89992,67.41662,71.86793,66.03787,66.52819,69.46222,72.11103,70.17834,70.72482,72.71864,74.09453,75.80237,79.92496,73.92564
12.52996,12.52996,12.52996,12.52996,12.52996,11.18034,11.6619,11.6619,10.81665,11.6619,10.81665,10.81665,10.81665,10.81665,10.29563,10.0,10.0,9.43398,10.0,10.0,9.43398,8.60233,9.21954,9.21954,8.60233,7.81025,7.81025,8.60233,7.81025,7.81025,7.81025,7.81025,7.81025,7.81025,7.81025,7.2111,7.2111,7.2111,7.2111,7.2111,7.2111,6.40312,5.83095,5.83095,5.83095,5.83095,5.38516,5.38516,5.38516,5.38516,4.12311,4.12311,74.0,69.28925,77.88453,66.30988,70.88018,63.24555,70.2282,66.48308,59.48109,59.80803,55.97321,53.75872,62.76942,56.75385,51.66237,49.0306,55.7853,54.34151,54.81788,49.0408,45.12206,50.44799,50.21952,49.47727,47.12749,46.57252,42.95346,47.38143,45.39824,41.30375,39.05125,44.64303,45.39824,43.28972,40.79216,40.60788,40.02499,41.97618,41.23106,40.79216,31.01612,31.40064,35.8469,36.22154,36.13862,25.31798,31.30495,29.54657,26.92582,26.83282,26.40076,21.63331,26.41969,22.82542,21.93171,19.79899,20.51828,19.92486,23.76973,22.84732,26.4764,22.84732,24.73863,24.73863,28.4605,33.24154,38.32754,36.67424,39.62323,43.9659,47.51842,51.47815,50.08992,56.00893,53.15073,53.33854,56.56854,62.514,63.63961,61.40033,62.514,63.50591,61.81424,64.32729,63.32456,65.45991,66.09841,63.89053,66.76077,62.96825,69.64194,64.51356,65.79514,69.64194,66.21933,65.51336,67.72001,71.38627,66.40783,68.24954,71.58911,70.60453,69.92138,68.68042,69.42622,77.87811,72.56721,74.96666,75.9276,78.58753,69.63476,73.1642,69.63476,80.28076
13.60147,12.64911,12.36932,12.64911,12.64911,11.40175,11.40175,11.40175,11.40175,10.44031,11.40175,11.18034,10.44031,10.19804,10.19804,10.19804,10.19804,10.19804,9.21954,9.21954,9.21954,9.21954,9.21954,9.21954,8.24621,9.05539,9.05539,8.06226,8.06226,8.06226,8.24621,8.06226,8.24621,7.07107,8.24621,8.24621,7.28011,7.28011,7.28011,7.28011,7.28011,6.32456,6.32456,6.32456,6.32456,5.83095,5.83095,5.83095,5.83095,5.0,5.0,5.0,79.47956,75.76939,71.86793,66.12866,64.51356,66.30988,61.68468,63.56099,65.14599,58.59181,59.09315,58.18935,54.23099,50.15974,47.41308,56.82429,54.58938,52.80152,51.47815,53.66563,49.64877,46.61545,49.1935,47.85394,43.46263,44.38468,46.04346,41.78516,44.72136,37.20215,42.19005,39.96248,42.48529,36.35932,37.21559,39.39543,37.21559,40.8534,37.58989,38.07887,39.82462,33.12099,32.24903,37.16181,27.51363,34.9285,30.08322,23.5372,31.7805,28.4605,24.5153,25.70992,24.02082,20.61553,23.02173,23.34524,25.07987,20.12461,21.18962,17.88854,25.4951,22.36068,29.15476,24.35159,26.83282,36.23534,38.58756,34.98571,42.19005,43.909,44.94441,48.41487,46.66905,53.03772,52.00961,58.25805,54.45181,57.48913,62.96825,63.00794,65.45991,62.68174,66.61081,64.14047,67.1193,67.1193,68.47627,67.54258,63.50591,65.74192,62.17717,67.62396,64.2573,64.00781,68.0,71.55418,70.21396,66.64083,68.47627,64.88451,73.79024,64.88451,69.97142,72.11103,71.58911,76.96753,75.58439,71.19691,73.57309,72.56032,73.3553,73.82412,75.61085,78.77182
11.6619,11.6619,11.6619,11.6619,11.6619,11.6619,10.29563,10.29563,10.29563,10.29563,10.81665,10.29563,10.29563,10.29563,8.94427,8.94427,8.94427,8.94427,8.94427,8.94427,8.544,8.544,8.06226,7.61577,7.61577,8.06226,7.61577,7.61577,7.61577,7.61577,7.61577,7.61577,7.61577,7.61577,6.7082,6.7082,7.2111,6.7082,5.83095,5.83095,6.40312,6.40312,5.83095,5.65685,5.0,5.0,5.0,4.24264,4.24264,4.24264,3.60555,3.60555,71.02816,69.26038,69.18092,63.00794,72.00694,61.03278,60.82763,61.03278,55.03635,59.03389,60.29925,56.0,62.0,57.21888,52.00961,53.00943,52.15362,49.36598,46.52956,50.0,54.33231,54.33231,43.56604,50.63596,42.10701,41.10961,45.17743,33.54102,43.56604,39.81206,44.40721,44.28318,34.36568,39.62323,42.42641,31.57531,37.33631,38.0526,37.21559,33.01515,38.0526,33.06055,37.01351,32.06244,29.15476,34.36568,29.42788,31.14482,29.27456,27.85678,25.0,26.24881,26.24881,21.47091,21.18962,24.69818,25.05993,19.84943,19.84943,23.85372,22.67157,23.32381,24.04163,25.4951,31.1127,30.41381,35.35534,37.64306,39.05125,40.31129,44.04543,43.41659,48.60041,52.63079,53.85165,57.80138,54.20332,55.00909,64.2573,58.5235,59.80803,62.29767,70.34202,67.35726,60.01666,59.20304,63.56099,61.98387,63.78871,62.64982,63.63961,66.75328,62.39391,63.78871,66.4906,64.93843,61.68468,59.43904,67.26812,63.34824,70.03571,62.36986,77.92946,67.74216,71.19691,65.73431,70.40597,69.2315,74.73286,72.56032,74.54529,76.48529,67.89698,70.85901
12.08305,10.77033,11.7047,10.77033,11.18034,9.84886,10.77033,9.84886,9.84886,9.84886,9.84886,9.84886,9.48683,8.544,8.544,8.544,8.544,8.544,8.544,8.544,8.544,7.28011,7.61577,7.28011,7.28011,7.28011,7.28011,7.28011,7.28011,7.28011,6.32456,7.28011,6.32456,6.32456,6.32456,6.7082,6.7082,6.7082,6.32456,5.83095,5.83095,5.83095,5.83095,5.0,5.0,5.0,5.0,5.0,5.0,4.24264,3.60555,3.60555,66.12866,71.16881,70.5762,71.56815,75.0,69.07966,65.78754,65.52099,57.38467,65.45991,55.97321,58.94065,56.75385,52.7731,58.87274,51.89412,53.14132,54.23099,49.1935,49.0408,49.98,50.15974,43.82921,46.8188,39.81206,48.46648,46.09772,42.72002,44.28318,38.94868,42.05948,43.01163,37.57659,40.70626,42.15448,37.57659,36.23534,38.48376,37.16181,34.20526,41.23106,35.4683,34.9285,36.24914,33.52611,29.27456,28.44293,33.54102,30.26549,27.01851,27.01851,23.02173,28.0,25.01999,23.34524,19.0263,21.84033,19.23538,20.24846,18.35756,21.93171,22.84732,20.12461,25.4951,27.313,36.71512,34.1321,41.10961,42.54409,43.86342,45.79301,49.39636,52.69725,51.08816,46.69047,51.66237,56.58622,60.30755,63.60031,57.2014,61.22091,63.89053,64.63745,64.66065,69.77105,62.16912,62.64982,67.54258,68.8767,67.54258,61.26989,63.50591,69.57011,66.30988,65.30697,61.77378,63.13478,67.53518,71.55418,66.64833,70.83078,70.21396,70.93659,67.6757,67.08204,76.55717,70.66116,72.20111,75.76939,77.07788,72.09022,70.66116,77.25283,75.39231
13.0384,12.0,13.0,12.0,12.0,11.0,11.0,11.0,11.04536,11.04536,11.04536,10.04988,11.04536,10.04988,10.04988,10.04988,10.04988,9.05539,9.21954,9.21954,9.05539,9.05539,9.05539,9.21954,9.21954,8.24621,8.24621,9.21954,8.24621,8.24621,8.24621,8.24621,8.06226,8.06226,7.07107,8.06226,7.07107,7.0,7.07107,7.0,7.0,6.0,7.0,6.0,6.0,6.08276,6.08276,5.09902,5.09902,5.09902,4.12311,4.12311,64.53681,68.593,75.69016,63.12686,63.89053,69.02898,59.46427,65.06919,60.87693,63.25346,56.85068,57.00877,55.15433,49.51767,55.31727,54.48853,53.07542,50.91169,51.62364,44.55334,50.20956,45.27693,48.16638,49.51767,44.20407,44.68781,40.36087,44.10215,39.66106,38.94868,39.62323,45.22168,40.0,37.21559,37.20215,36.23534,37.64306,32.44996,39.20459,34.05877,33.42155,30.4795,31.40064,34.71311,36.06938,35.4683,29.83287,33.30165,28.01785,27.78489,26.62705,23.02173,25.55386,23.25941,21.18962,23.08679,18.78829,18.24829,21.37756,23.34524,21.58703,24.02082,28.63564,25.0,31.32092,35.73514,37.0,38.62642,39.21734,42.05948,47.75982,46.48656,48.33218,49.24429,50.69517,52.83938,57.80138,52.47857,62.80127,56.72742,61.07373,63.03174,65.79514,63.65532,65.05382,63.03174,67.20863,60.30755,64.3506,62.28965,63.70243,65.79514,67.80118,64.44377,69.31089,62.2254,62.24147,70.72482,64.3506,65.19202,65.79514,65.79514,75.00667,69.52697,72.24957,67.47592,69.31089,71.42129,70.03571,72.18033,70.72482,71.42129,75.00667,72.83543
11.7047,10.44031,10.77033,10.77033,10.44031,9.48683,10.44031,9.48683,9.48683,9.48683,9.48683,9.21954,8.24621,8.24621,8.24621,9.21954,8.06226,8.06226,8.06226,8.06226,7.07107,7.07107,8.06226,7.07107,7.07107,7.0,7.0,7.07107,7.07107,7.0,7.07107,7.0,7.07107,6.08276,7.0,7.07107,6.08276,5.09902,5.09902,5.09902,5.09902,5.09902,5.09902,5.09902,4.12311,4.12311,4.12311,4.47214,3.60555,3.60555,3.60555,3.60555,78.29432,63.56099,77.36924,63.28507,60.90156,62.16912,59.03389,69.35416,58.13777,59.48109,56.4358,54.3783,52.83938,51.47815,52.69725,49.73932,52.15362,51.62364,50.21952,45.48626,48.27007,44.10215,48.01042,44.65423,43.82921,45.27693,39.05125,47.01064,38.41875,39.05125,43.93177,38.8973,44.82187,46.2277,36.06938,40.22437,37.53665,40.31129,43.60046,35.35534,31.06445,37.64306,34.98571,35.35534,32.20248,30.0,28.01785,27.65863,28.23119,27.73085,24.69818,26.0,23.32381,22.84732,19.23538,22.80351,17.88854,15.26434,21.63331,22.82542,19.72308,20.80865,25.55386,23.02173,26.40076,33.54102,31.38471,36.61967,37.80212,42.43819,44.04543,53.2635,45.96738,51.62364,52.34501,61.52235,54.48853,58.82176,59.90826,54.20332,64.07027,58.66856,66.24198,68.47627,64.49806,61.29437,68.02941,62.6099,67.23095,61.26989,66.18912,66.18912,67.53518,62.6099,64.4748,63.56099,67.53518,67.97794,62.96825,63.81222,65.0,68.96376,74.30343,71.02112,70.3278,68.26419,69.46222,69.83552,74.79305,76.66159,62.26556,74.24958,70.3278,72.40166
12.36932,11.40175,12.16553,11.18034,11.18034,11.18034,11.18034,10.19804,10.19804,10.04988,10.19804,10.04988,10.04988,10.04988,9.05539,10.04988,9.0,9.0,9.0,9.0,9.0,9.0,8.0,9.0,9.0,8.0,8.0,8.06226,8.06226,8.0,8.0,8.0,8.0,7.0,7.0,7.0,7.0,7.0,7.0,7.0,6.08276,6.08276,6.08276,6.08276,6.08276,5.09902,5.09902,5.09902,5.09902,4.47214,4.47214,4.47214,70.23532,63.15853,72.47068,68.44706,68.44706,63.56099,67.54258,61.29437,63.52952,59.9333,60.92618,55.56978,55.9464,50.53712,56.35601,55.56978,54.08327,46.87217,50.21952,50.08992,50.44799,47.50789,47.20169,44.20407,47.20169,46.40043,42.2019,43.41659,42.42641,43.41659,43.01163,44.82187,39.44617,41.7732,43.41659,41.23106,38.94868,39.05125,36.40055,38.07887,42.2019,35.77709,34.98571,34.66987,31.38471,31.76476,30.08322,31.38471,31.7805,29.52965,29.83287,28.16026,29.12044,23.76973,24.73863,26.07681,20.09975,21.47091,22.47221,23.08679,25.29822,26.57066,27.78489,27.85678,28.4605,35.34119,33.83785,39.92493,40.81666,39.81206,45.65085,50.11986,51.86521,52.80152,53.15073,55.60576,60.1415,60.82763,63.70243,66.6033,65.43699,68.76772,67.26812,70.21396,67.95587,72.67049,69.63476,65.51336,68.26419,64.00781,66.37017,71.69379,67.1193,64.40497,66.88797,63.81222,69.06519,73.92564,67.6757,70.21396,68.50547,68.60029,76.2168,74.8131,68.09552,76.40026,72.94518,73.78347,80.13114,75.45197,77.89737,76.66159,73.06162,79.07591
12.36932,11.40175,11.18034,11.18034,11.18034,10.19804,10.19804,10.19804,10.19804,10.19804,10.19804,9.05539,10.04988,9.05539,9.05539,9.05539,9.05539,9.05539,9.0,9.05539,8.06226,8.06226,8.06226,8.0,8.0,8.06226,8.0,8.0,8.0,8.0,8.0,8.0,8.06226,7.07107,7.07107,7.07107,7.07107,7.07107,7.07107,6.08276,6.08276,6.08276,6.32456,5.09902,5.38516,5.38516,4.47214,4.47214,4.47214,4.47214,4.47214,3.60555,67.23095,68.02941,66.18912,61.7414,69.31811,60.00833,59.48109,63.15853,57.69749,60.41523,56.36488,51.10773,55.56978,53.7122,54.12024,57.24509,46.52956,47.01064,50.24938,46.04346,45.80393,42.54409,41.6173,39.82462,48.37355,43.60046,41.04875,42.2019,39.35734,40.81666,45.79301,38.01316,38.41875,39.05125,39.40812,36.35932,36.79674,33.97058,37.01351,32.69557,36.23534,33.95585,35.34119,29.15476,34.43835,33.83785,30.8707,25.94224,25.63201,29.41088,26.24881,25.4951,20.88061,22.09072,21.37756,23.08679,26.07681,20.24846,17.20465,18.86796,29.15476,22.13594,23.76973,27.51363,31.38471,29.15476,33.10589,41.34005,39.44617,43.38202,44.94441,48.82622,47.43416,52.80152,55.9017,54.56189,56.72742,60.20797,61.6198,65.19202,61.07373,62.00806,61.85467,62.76942,63.51378,62.76942,67.23095,64.00781,65.8635,61.29437,66.0303,68.24222,64.66065,68.47627,64.84597,63.97656,63.52952,65.51336,68.47627,69.64194,66.03787,72.11103,70.72482,73.4983,69.40461,72.42237,69.40461,72.20111,75.17978,76.15773,72.47068,73.43024,76.66159,75.17978
13.45362,12.72792,12.04159,12.72792,12.04159,12.04159,11.31371,11.31371,10.63015,10.63015,11.40175,10.63015,10.63015,10.0,10.63015,10.0,10.0,9.43398,10.0,10.0,9.21954,8.60233,8.60233,8.60233,8.60233,8.94427,8.06226,8.06226,8.06226,8.06226,8.60233,8.60233,8.60233,7.81025,8.06226,7.2111,7.81025,7.2111,7.2111,7.07107,7.07107,6.40312,6.40312,5.65685,6.40312,5.65685,5.65685,5.0,5.0,5.0,5.0,4.47214,71.17584,69.18092,71.17584,66.48308,61.29437,63.63961,63.07139,67.36468,60.20797,57.00877,60.00833,57.0,54.00926,52.03845,51.0098,50.01,56.00893,52.03845,51.08816,47.38143,49.25444,45.27693,50.08992,48.01042,48.0,44.28318,39.45884,43.41659,43.01163,40.02499,38.11824,38.11824,32.01562,42.42641,39.62323,47.01064,41.04875,36.12478,38.11824,36.05551,34.36568,36.05551,31.01612,31.06445,32.14032,29.01724,27.65863,31.257,29.27456,28.63564,24.33105,27.20294,24.59675,23.85372,26.62705,22.2036,22.36068,14.14214,19.23538,20.51828,24.20744,23.34524,25.45584,24.20744,29.83287,35.22783,34.05877,40.31129,44.65423,48.25971,45.27693,49.64877,47.01064,54.20332,53.7122,59.23681,58.87274,61.13101,67.18631,59.66574,64.77654,66.09841,68.65858,64.77654,71.56815,68.88396,71.25307,67.26812,73.33485,68.02941,69.06519,74.0,73.10951,66.06815,65.27634,71.44928,66.27217,75.0,68.0,75.16648,74.24284,71.25307,74.06079,75.32596,74.33034,80.399,74.00676,75.00667,76.0,78.1025,74.24284,81.02469,78.23043,76.00658
12.80625,12.80625,12.80625,12.80625,12.04159,12.04159,11.40175,10.63015,10.63015,10.63015,10.63015,10.63015,10.63015,9.89949,9.89949,9.89949,9.89949,9.89949,9.21954,9.89949,9.21954,9.21954,9.21954,9.21954,9.21954,8.60233,8.60233,8.48528,8.48528,7.81025,8.48528,8.48528,8.48528,7.81025,8.48528,7.81025,7.81025,7.07107,7.07107,6.40312,6.40312,6.40312,6.40312,6.40312,5.83095,5.83095,5.83095,5.38516,5.38516,5.38516,5.38516,4.47214,71.69379,70.77429,67.77905,60.53924,61.32699,63.97656,57.38467,67.77905,58.60034,52.0,55.03635,49.0408,56.0803,58.5235,50.15974,51.86521,50.96077,50.96077,50.59644,46.57252,50.96077,42.2019,48.27007,40.79216,47.29693,41.0,40.26164,48.05206,45.70558,34.71311,38.20995,38.63936,36.40055,36.49658,36.87818,35.17101,42.95346,36.40055,36.40055,36.87818,36.05551,33.83785,31.95309,30.46309,31.01612,25.94224,26.24881,27.29469,28.23119,29.96665,24.59675,20.80865,22.80351,20.59126,24.75884,19.10497,20.51828,18.38478,17.46425,25.0,23.4094,22.82542,25.4951,26.30589,29.73214,32.69557,34.53983,38.63936,38.8973,41.76123,43.93177,45.12206,46.09772,51.35173,50.03998,56.14268,57.00877,56.22277,61.07373,59.07622,62.16912,62.8172,65.9242,64.03124,65.25335,65.52099,66.48308,64.03124,62.0967,67.18631,67.18631,68.88396,66.48308,63.56099,65.52099,69.2315,67.6757,68.30813,66.21933,71.16881,69.92138,68.88396,65.11528,68.73136,69.857,68.68042,73.24616,65.55151,70.34202,72.11103,68.68042,72.42237,75.39231,74.0
12.08305,11.7047,11.7047,11.7047,10.77033,10.77033,10.77033,10.77033,10.44031,10.44031,9.84886,9.48683,9.48683,9.48683,9.21954,9.48683,9.48683,9.21954,9.21954,9.21954,8.24621,9.05539,8.24621,8.24621,8.24621,8.24621,8.06226,8.06226,8.06226,8.24621,8.06226,8.06226,7.07107,7.07107,7.28011,7.28011,6.32456,7.28011,6.32456,6.32456,6.32456,5.38516,6.32456,5.38516,5.38516,5.38516,4.47214,4.47214,5.0,5.0,4.24264,3.60555,69.89278,69.89278,68.30813,72.42237,73.1642,69.63476,64.2573,61.98387,60.40695,58.82176,55.65968,60.00833,59.5063,50.15974,55.54278,55.9464,48.30114,53.66563,47.42362,51.62364,50.69517,46.51881,45.48626,43.38202,45.69464,43.26662,44.01136,44.77723,39.35734,46.52956,42.05948,42.72002,40.81666,43.01163,41.18252,40.81666,43.909,41.67733,38.94868,40.16217,36.76955,37.69615,31.38471,34.9285,30.08322,34.53983,31.40064,25.96151,27.89265,29.83287,26.01922,25.01999,30.01666,25.01999,28.01785,22.0,21.0,20.59126,19.92486,19.72308,23.76973,27.85678,28.23119,31.38471,34.9285,35.35534,36.71512,41.67733,41.67733,44.77723,45.48626,49.40648,49.57822,57.00877,50.93133,56.72742,61.7171,63.03174,65.29931,61.22091,66.0303,67.74216,69.33974,65.73431,70.23532,67.97794,68.42514,70.26379,66.88797,73.79024,67.74216,68.54196,70.68239,72.49828,71.17584,67.97794,69.83552,73.79024,72.47068,73.3553,70.83078,65.76473,75.58439,76.48529,77.82031,73.34848,76.55717,77.52419,76.94154,76.05919,73.00685,75.13322,77.38863,73.38937
12.04159,11.04536,11.04536,11.04536,11.04536,10.04988,11.04536,10.04988,10.0,10.0,10.0,9.0,9.0,9.0,8.0,9.05539,8.06226,9.05539,8.06226,8.06226,8.06226,8.06226,8.06226,7.07107,7.07107,8.06226,8.24621,7.07107,7.28011,7.28011,7.07107,7.07107,7.07107,7.07107,7.07107,7.07107,6.0,6.08276,6.0,6.0,6.0,6.0,5.0,5.0,5.0,4.0,4.12311,4.12311,4.12311,4.12311,3.16228,3.16228,66.61081,67.60178,68.60029,65.21503,61.07373,61.84658,62.42596,59.40539,58.41233,56.85068,63.00794,57.62812,51.85557,52.80152,52.00961,52.34501,49.57822,45.96738,47.38143,46.8615,46.8615,48.10405,48.10405,43.41659,41.40048,47.50789,47.42362,41.03657,43.41659,41.40048,41.7732,42.52058,42.2019,36.79674,36.87818,34.71311,35.35534,38.8973,35.60899,37.48333,36.06938,33.30165,29.06888,34.05877,30.23243,33.94113,28.6007,30.01666,28.6007,27.313,29.06888,24.16609,26.92582,22.47221,22.84732,21.93171,24.35159,22.09072,18.0,21.09502,25.07987,23.34524,29.83287,31.01612,26.92582,31.04835,35.51056,41.48494,36.87818,45.89118,40.26164,49.24429,46.06517,53.66563,50.08992,51.0,57.98276,58.13777,59.5483,62.482,61.61169,62.00806,67.00746,62.24147,62.93648,65.05382,66.46804,64.3506,65.79514,64.53681,67.47592,66.21933,63.89053,61.52235,67.88225,65.11528,70.00714,70.29225,66.52819,69.35416,67.88225,68.76772,62.482,66.52819,73.5527,68.0147,70.72482,69.42622,74.41102,72.86288,65.79514,75.28612,76.40026,77.23341
12.80625,12.04159,12.04159,12.04159,12.04159,10.63015,10.63015,10.63015,10.63015,9.89949,10.0,10.63015,9.89949,9.89949,9.21954,9.89949,8.48528,9.21954,8.48528,8.48528,8.48528,7.81025,8.48528,7.81025,7.81025,8.48528,7.81025,7.81025,7.81025,8.48528,7.81025,7.81025,7.81025,7.07107,7.07107,6.40312,7.2111,6.40312,6.40312,6.40312,5.83095,5.83095,5.83095,5.38516,5.38516,5.38516,5.38516,5.38516,5.09902,5.09902,5.09902,4.0,70.21396,69.35416,67.18631,66.48308,69.26038,64.28063,58.69412,55.7315,57.31492,60.53098,52.46904,53.03772,54.57105,51.78803,51.24451,58.54912,47.07441,47.85394,47.29693,53.15073,48.27007,47.53946,40.80441,42.54409,43.56604,39.84972,44.14748,40.49691,34.9285,40.26164,37.33631,39.56008,42.05948,35.4683,44.59821,35.1141,36.40055,39.92493,39.84972,33.73426,39.31921,33.01515,28.86174,29.27456,31.32092,30.14963,32.14032,33.01515,25.17936,30.0,26.01922,27.07397,22.09072,20.09975,21.37756,15.65248,17.08801,21.40093,21.93171,23.85372,19.72308,19.84943,25.4951,24.83948,34.4093,29.73214,35.35534,37.53665,38.18377,44.20407,45.0,41.40048,48.54894,51.62364,59.90826,54.08327,57.70615,56.82429,60.82763,60.37384,58.18935,60.44005,61.61169,63.32456,60.41523,69.89278,65.0,68.06614,63.56099,62.8172,64.53681,63.34824,67.89698,68.44706,67.46851,65.11528,64.7611,63.06346,75.69016,71.38627,67.46851,63.78871,67.72001,68.15424,71.58911,69.63476,75.50497,64.7611,80.06248,71.02112,70.61161,70.40597,68.88396,72.56721
12.04159,12.04159,13.0384,12.04159,12.04159,11.04536,11.04536,10.04988,10.04988,10.04988,10.04988,10.04988,10.04988,10.19804,9.21954,9.21954,9.21954,9.21954,9.21954,9.21954,9.21954,9.21954,8.24621,8.24621,8.24621,8.24621,8.24621,8.544,8.24621,8.24621,8.24621,8.24621,8.24621,8.24621,7.28011,7.07107,7.07107,7.07107,7.07107,7.0,6.08276,6.0,6.0,6.0,6.0,5.0,5.0,5.09902,5.09902,5.09902,4.12311,4.12311,63.03174,75.82216,67.89698,70.00714,68.68042,61.52235,68.593,62.28965,62.96825,57.28001,57.28001,59.39697,55.17246,55.86591,54.45181,55.97321,51.40039,49.81967,50.9902,50.91169,45.25483,43.86342,47.20169,44.82187,46.32494,44.20407,38.94868,45.27693,45.45327,37.44329,40.31129,40.36087,43.82921,44.82187,38.28838,41.23106,42.2019,44.40721,38.94868,39.62323,38.18377,36.23534,37.48333,34.05877,34.71311,30.61046,29.41088,31.62278,29.68164,25.29822,28.84441,27.78489,25.4951,26.24881,25.70992,22.47221,23.76973,20.88061,22.2036,22.36068,24.69818,29.12044,30.14963,30.06659,34.52535,33.13608,39.31921,41.04875,43.04649,47.01064,47.16991,51.24451,52.7731,51.1957,58.69412,59.84146,62.36185,61.84658,63.78871,66.64083,65.0,64.00781,64.84597,66.64833,68.26419,70.23532,65.51336,63.24555,67.6757,64.40497,70.72482,69.89278,66.88797,66.61081,68.8186,66.85058,68.26419,68.26419,74.94665,69.89278,74.79305,71.40028,69.46222,69.33974,73.92564,71.86793,74.88658,74.43118,77.66595,71.28113,79.81228,78.81624,76.55064,75.60423
12.0,11.0,12.04159,11.0,11.0,10.0,10.0,10.0,10.0,10.0,9.0,9.05539,9.0,9.05539,9.05539,9.05539,8.06226,8.06226,8.06226,8.06226,8.06226,8.06226,7.07107,8.06226,8.06226,7.07107,7.07107,7.07107,7.07107,7.07107,7.07107,7.07107,7.07107,7.0,7.07107,6.0,6.0,6.0,6.0,6.0,6.08276,6.0,5.09902,5.09902,5.09902,5.09902,5.09902,4.47214,4.47214,4.47214,3.60555,3.60555,68.60029,67.42403,70.17834,63.41136,67.00746,60.80296,67.23095,61.61169,60.46487,53.60037,55.60576,55.21775,53.82379,54.70832,55.47071,50.47772,48.37355,54.20332,49.64877,46.40043,43.909,48.8774,42.95346,43.909,45.61798,45.18849,38.94868,43.32436,44.77723,39.0,37.12142,38.48376,38.91015,41.62932,39.82462,36.67424,39.0,35.8469,37.44329,35.80503,35.51056,34.88553,36.89173,30.80584,30.88689,29.20616,31.89044,34.20526,25.4951,24.75884,24.75884,23.02173,22.62742,24.04163,22.80351,21.47091,22.36068,21.54066,23.25941,23.5372,27.65863,31.40064,28.63564,28.79236,31.40064,38.32754,39.31921,40.0,42.10701,43.18565,48.0,42.0119,49.25444,48.83646,55.9017,56.56854,56.7186,60.40695,58.94065,58.69412,61.98387,62.96825,61.68468,60.37384,59.03389,65.30697,64.84597,63.06346,62.26556,64.88451,62.6099,67.08204,65.29931,63.28507,63.63175,65.36819,60.41523,58.60034,65.29931,67.54258,67.54258,63.97656,60.92618,65.19202,68.8767,73.34848,73.79024,68.0,70.21396,70.3278,71.02112,70.68239,69.77105,74.79305
12.36932,12.36932,12.36932,12.36932,12.36932,11.40175,11.40175,11.40175,10.44031,10.19804,10.19804,10.19804,10.19804,10.19804,10.19804,9.21954,10.04988,9.05539,9.05539,9.05539,9.05539,9.05539,9.05539,9.0,9.0,8.0,8.0,8.0,8.0,8.0,8.0,8.0,8.06226,8.06226,8.06226,7.07107,7.07107,7.07107,7.07107,7.07107,6.08276,6.08276,6.08276,6.08276,5.38516,5.38516,5.38516,5.38516,4.47214,4.47214,4.47214,3.60555,70.5195,67.6757,68.54196,71.8401,67.18631,67.05222,66.48308,61.03278,60.16644,58.5235,60.08328,55.65968,54.81788,50.44799,54.57105,56.61272,52.0,47.16991,49.24429,51.07837,50.69517,48.10405,44.77723,42.94182,42.04759,46.52956,44.77723,47.53946,41.14608,42.54409,43.86342,40.49691,42.05948,38.07887,41.62932,38.01316,35.35534,38.62642,40.8534,40.4475,35.1141,36.67424,35.1141,37.85499,32.28002,33.24154,32.01562,29.83287,28.01785,29.06888,28.0,24.02082,24.08319,30.0,19.0263,19.31321,22.02272,28.28427,25.0,29.96665,27.89265,29.15476,32.01562,29.52965,32.20248,35.35534,37.57659,39.44617,46.52956,44.10215,46.64762,48.60041,54.67175,54.20332,53.03772,58.69412,60.87693,58.72819,63.70243,69.63476,68.24954,66.0303,66.61081,73.06162,68.50547,66.57327,70.83078,68.47627,70.49113,68.88396,66.88797,69.83552,69.31811,68.0,68.47627,66.64833,65.74192,68.8767,66.7308,69.77105,71.34424,72.44998,69.83552,70.66116,75.17978,70.71068,71.58911,72.01389,73.3553,74.24958,74.73286,84.97058,74.30343,70.38466
11.7047,11.40175,11.40175,11.40175,10.44031,10.44031,10.44031,9.48683,9.48683,9.48683,9.48683,9.48683,9.21954,9.21954,9.21954,8.24621,8.24621,8.24621,8.06226,8.06226,8.06226,8.06226,7.28011,7.07107,7.07107,7.07107,7.07107,7.07107,7.07107,7.07107,7.07107,7.07107,7.07107,7.07107,6.32456,6.32456,6.32456,6.32456,6.32456,5.38516,5.38516,5.38516,5.83095,4.47214,4.47214,4.47214,5.0,5.0,4.24264,4.24264,4.24264,3.60555,73.24616,71.19691,70.45566,71.34424,62.64982,63.63175,67.20119,65.51336,59.16925,63.63175,56.35601,57.70615,61.58734,54.20332,56.60389,51.47815,50.80354,49.0408,47.16991,52.00961,49.67897,46.2277,45.22168,50.32892,44.82187,42.44997,42.43819,46.66905,42.52058,43.93177,42.2019,40.31129,41.10961,41.86884,38.60052,38.20995,38.20995,38.28838,38.28838,40.45986,36.40055,37.53665,33.30165,32.64966,25.80698,32.80244,29.06888,29.06888,30.08322,28.79236,25.63201,25.29822,25.29822,24.35159,22.84732,20.09975,21.2132,19.69772,20.24846,27.20294,29.54657,25.63201,31.30495,33.24154,32.31099,32.69557,40.22437,42.19005,43.04649,45.17743,47.88528,51.0392,52.63079,55.47071,53.15073,56.40035,55.97321,56.72742,65.11528,66.70832,62.28965,64.66065,69.33974,66.06815,65.51336,65.19202,65.21503,68.50547,64.3506,66.85058,63.51378,71.02816,63.24555,68.8186,67.74216,60.46487,70.21396,66.61081,68.00735,69.89278,75.43209,66.61081,69.02898,69.33974,70.29225,68.7968,77.66595,71.06335,74.63243,75.21303,74.33034,75.0,73.81734,73.24616
12.04159,11.04536,12.04159,11.04536,11.04536,10.04988,10.04988,10.04988,10.04988,10.04988,10.04988,9.05539,9.0,9.0,9.0,9.0,8.0,9.0,8.06226,8.0,8.0,8.0,8.0,8.06226,7.07107,7.0,7.07107,8.06226,7.07107,7.07107,7.07107,7.0,7.0,7.0,6.0,7.0,6.0,6.0,6.0,5.0,6.08276,5.09902,6.08276,5.09902,5.09902,5.38516,4.47214,4.47214,4.47214,4.47214,4.47214,3.60555,68.60029,71.84706,67.80118,68.00735,62.00806,58.24946,64.66065,58.18075,60.21628,62.00806,58.00862,50.80354,54.3783,58.60034,51.40039,50.21952,50.11986,49.1935,45.65085,49.24429,44.77723,45.27693,42.05948,40.24922,42.72002,44.65423,44.29447,40.70626,42.94182,39.81206,42.54409,39.66106,39.84972,40.31129,35.77709,38.07887,37.57659,35.77709,35.77709,34.48188,34.0,33.6006,30.52868,30.01666,32.01562,35.0,26.62705,33.30165,26.87006,23.34524,24.08319,27.01851,25.4951,22.80351,22.80351,18.35756,18.02776,18.02776,19.31321,27.313,24.35159,29.27456,25.96151,26.92582,32.89377,38.62642,39.62323,39.62323,39.45884,41.59327,48.01042,45.04442,54.08327,51.0,55.14526,55.9017,58.69412,57.00877,62.16912,63.32456,61.35145,63.60031,64.84597,63.15853,62.03225,64.62198,61.46544,66.64833,62.39391,67.97794,67.54258,66.24198,61.58734,64.88451,68.42514,62.76942,63.07139,59.94164,63.15853,64.07808,66.85058,63.50591,73.43024,67.60178,67.60178,65.36819,77.41447,70.38466,73.00685,71.55418,73.3553,72.49828,74.79305,67.1193
11.18034,11.18034,11.18034,11.18034,10.29563,10.29563,9.43398,9.43398,8.94427,9.43398,9.43398,8.60233,8.60233,8.06226,8.60233,8.60233,7.81025,7.2111,7.2111,7.81025,7.81025,7.81025,6.40312,7.07107,7.81025,6.40312,7.07107,6.40312,6.40312,6.40312,6.40312,6.40312,6.40312,6.40312,6.40312,5.83095,5.83095,5.83095,5.83095,5.83095,5.38516,4.47214,5.38516,4.47214,4.47214,4.12311,4.12311,4.12311,4.12311,4.0,4.0,3.0,71.30919,67.05222,63.06346,70.88018,65.19202,60.40695,62.36185,61.68468,64.84597,55.71355,56.61272,51.86521,53.45091,55.36244,47.75982,51.66237,49.72927,49.33559,50.28916,47.29693,49.24429,42.72002,44.91102,41.4367,45.89118,45.70558,40.5216,42.95346,39.62323,43.28972,37.01351,40.79216,43.28972,41.10961,40.31129,38.63936,39.81206,38.32754,41.76123,33.54102,35.17101,31.38471,34.9285,35.73514,30.8707,29.73214,28.6531,32.89377,29.15476,29.52965,24.69818,21.40093,27.80288,26.92582,19.41649,19.84943,23.34524,19.79899,22.67157,20.61553,22.84732,27.80288,28.17801,27.80288,35.51056,32.75668,37.73592,39.84972,39.92493,41.10961,44.01136,44.92215,46.87217,47.67599,55.44367,50.9902,52.95281,60.20797,64.12488,63.03174,61.07373,61.07373,64.28063,61.0,65.62012,64.38167,63.78871,59.43904,59.43904,67.89698,59.5399,63.78871,60.41523,65.11528,68.41053,62.16912,70.61161,64.84597,67.68309,65.30697,73.34848,62.16912,71.70077,67.46851,68.73136,72.1734,73.75636,70.61161,71.19691,68.88396,70.21396,73.5459,71.06335,77.12976
13.15295,12.16553,13.15295,12.04159,12.16553,11.18034,11.18034,11.18034,10.04988,11.18034,10.19804,10.19804,10.19804,10.19804,10.19804,10.19804,9.21954,9.21954,9.48683,9.48683,9.21954,9.48683,8.544,8.544,8.544,8.544,8.544,8.544,8.544,8.544,8.24621,8.544,8.24621,8.24621,7.28011,7.28011,7.28011,7.07107,7.07107,7.07107,7.07107,6.08276,7.07107,6.0,6.0,6.0,6.0,5.0,5.0,5.09902,4.12311,4.12311,71.61006,73.81734,71.28113,65.29931,68.24954,67.1193,68.88396,63.82006,57.80138,61.40033,56.72742,60.80296,59.07622,55.0,51.40039,51.40039,51.86521,47.01064,53.23533,53.60037,45.27693,48.82622,50.60632,51.47815,48.02083,49.73932,46.64762,43.38202,41.62932,36.61967,38.48376,43.01163,40.24922,40.71855,33.61547,42.95346,38.07887,41.23106,38.01316,35.35534,37.01351,36.40055,32.64966,33.42155,32.44996,28.42534,31.40064,31.89044,24.75884,29.73214,27.65863,24.20744,25.4951,23.02173,25.94224,23.4094,20.12461,26.07681,25.01999,22.2036,29.01724,29.01724,28.16026,32.38827,32.0,37.01351,37.01351,45.39824,45.27693,44.55334,50.24938,52.15362,48.25971,57.70615,52.7731,57.00877,60.82763,63.78871,66.09841,65.55151,70.26379,68.0,68.47627,66.7308,67.08204,65.76473,69.77105,66.37017,71.11962,71.69379,66.7308,68.96376,65.73431,72.71864,68.60029,64.3506,66.24198,69.97142,67.41662,72.71864,68.96376,65.8635,76.92204,75.17978,72.20111,70.66116,72.56032,74.88658,71.84706,76.00658,69.83552,72.71864,76.844,77.02597
13.0,12.08305,12.08305,11.7047,10.77033,11.7047,11.18034,10.77033,10.77033,9.84886,9.84886,9.84886,8.94427,8.94427,8.94427,9.43398,9.43398,8.94427,8.60233,8.60233,8.06226,8.60233,8.06226,8.60233,8.60233,8.60233,8.60233,8.60233,8.60233,8.06226,8.06226,8.06226,8.06226,8.06226,8.06226,7.61577,7.61577,6.7082,6.7082,6.32456,6.32456,6.32456,6.32456,6.08276,6.08276,5.09902,6.08276,5.09902,5.0,5.0,5.0,5.09902,62.36986,68.44706,65.52099,66.94027,68.15424,65.25335,59.90826,59.77458,55.7853,56.75385,51.35173,55.7315,55.10898,47.29693,51.35173,47.07441,53.60037,48.05206,42.10701,46.09772,49.0102,43.01163,41.01219,44.10215,39.05125,40.11234,44.0,37.0,41.10961,45.01111,41.04875,41.01219,40.0125,40.0,39.31921,35.01428,33.13608,37.05401,33.0,38.01316,38.0526,34.36568,33.24154,30.06659,30.26549,33.73426,28.4605,26.92582,27.20294,28.86174,23.76973,24.69818,24.18677,22.47221,16.55295,23.02173,19.72308,22.47221,23.76973,23.25941,26.24881,20.80865,29.15476,29.12044,32.89377,30.67572,36.87818,39.62323,40.02499,45.89118,50.63596,50.44799,47.04253,52.23983,52.34501,55.3263,56.00893,61.07373,60.07495,58.30952,63.07139,60.41523,61.81424,61.84658,64.7611,62.16912,65.96969,66.09841,67.72001,64.53681,63.56099,63.60031,66.21933,62.16912,64.7611,62.8172,64.77654,64.13267,67.08204,68.24954,69.857,64.32729,66.1211,65.49046,74.54529,71.70077,73.1642,67.89698,74.33034,72.00694,71.84706,72.00694,70.40597,70.85901
12.72792,12.72792,12.72792,12.72792,11.31371,11.31371,12.04159,10.63015,10.63015,10.63015,10.63015,10.0,10.0,10.0,9.21954,10.0,9.43398,9.43398,9.43398,9.43398,8.60233,9.43398,8.94427,9.43398,9.43398,8.94427,8.94427,8.94427,8.94427,8.94427,8.06226,8.60233,8.60233,8.60233,8.60233,8.60233,7.81025,7.81025,7.81025,7.07107,7.07107,7.07107,7.07107,6.40312,6.40312,5.65685,6.40312,5.83095,5.0,5.0,4.47214,4.47214,69.26038,67.26812,68.06614,62.00806,63.00794,55.00909,66.1211,55.3263,63.12686,50.0,53.0,50.08992,50.24938,51.08816,52.08647,46.09772,47.51842,48.50773,48.04165,49.81967,42.19005,45.27693,41.4367,47.38143,42.57934,46.87217,43.01163,44.91102,40.31129,43.01163,40.79216,36.40055,41.4367,38.83298,41.10961,38.32754,43.17407,38.47077,41.23106,34.71311,39.20459,32.01562,36.49658,36.01389,33.24154,28.07134,26.07681,34.05877,30.26549,27.07397,26.4764,23.76973,22.56103,24.73863,22.13594,20.12461,18.38478,25.23886,22.47221,29.15476,25.23886,29.06888,22.62742,32.44996,35.22783,36.89173,43.56604,36.23534,42.04759,48.8774,45.60702,44.77723,51.5461,50.15974,51.97115,46.8188,56.04463,60.16644,63.34824,61.98387,64.49806,64.62971,61.20457,61.20457,62.20129,69.11584,65.12296,68.06614,63.03174,68.0,67.00746,69.06519,64.00781,68.0,64.07027,66.0,66.1211,67.02984,71.44928,60.13319,76.1643,61.29437,75.16648,70.17834,67.36468,70.25667,76.65507,73.24616,74.16873,67.06713,74.33034,79.1012,73.06162,74.02702
13.15295,12.04159,12.04159,12.16553,12.04159,11.18034,11.04536,11.04536,10.04988,10.04988,10.04988,10.04988,10.0,10.0,9.0,9.0,9.0,9.0,9.0,9.05539,9.05539,9.05539,8.0,9.05539,9.05539,8.06226,8.06226,9.05539,9.05539,8.06226,8.0,9.0,8.0,8.0,8.0,8.0,7.07107,8.06226,7.07107,7.07107,7.28011,6.08276,6.08276,6.32456,6.32456,5.38516,5.38516,5.38516,4.47214,4.47214,4.47214,3.60555,72.00694,73.4983,70.45566,66.28725,60.80296,58.5235,64.40497,55.47071,58.00862,57.68882,57.98276,55.80323,51.62364,54.67175,47.20169,48.83646,49.0408,48.9183,43.13931,47.63402,42.52058,45.96738,38.8973,43.86342,40.36087,41.72529,41.03657,41.03657,37.53665,43.93177,37.53665,39.05125,34.82815,36.05551,41.01219,39.62323,39.69887,40.36087,42.0119,39.05125,35.60899,35.22783,34.05877,31.40064,31.62278,32.80244,26.62705,30.80584,29.96665,25.94224,26.40076,22.47221,24.69818,25.4951,23.5372,21.2132,23.19483,24.5153,26.68333,26.0,30.26549,31.04835,26.92582,33.95585,33.61547,34.9285,31.01612,38.91015,41.59327,44.28318,42.54409,44.41846,52.00961,46.8615,51.22499,50.21952,60.44005,59.81639,60.20797,62.24147,56.22277,62.96825,61.55485,66.21933,63.25346,65.29931,63.70243,68.11755,65.43699,64.66065,63.41136,66.06815,64.81512,69.6563,63.60031,66.70832,64.81512,62.28965,74.41102,65.43699,68.88396,64.44377,69.31089,66.48308,68.88396,73.0,72.86288,75.16648,70.93659,78.40918,75.82216,70.93659,75.80237,72.34639
12.08305,12.08305,11.18034,11.18034,11.18034,11.18034,11.18034,10.29563,10.29563,9.43398,10.29563,9.43398,8.60233,9.43398,8.60233,9.43398,8.60233,8.60233,8.60233,8.60233,8.60233,7.81025,7.81025,8.48528,7.81025,7.81025,7.81025,7.81025,7.81025,7.81025,7.81025,7.81025,7.81025,7.2111,7.2111,7.2111,7.2111,7.2111,5.83095,5.83095,6.7082,6.32456,5.38516,5.38516,5.38516,5.09902,4.12311,4.12311,4.12311,4.12311,4.12311,4.0,64.2573,70.38466,67.23095,66.64833,67.35726,63.15853,60.00833,62.62587,52.20153,59.13544,54.56189,56.04463,50.28916,44.92215,51.24451,50.21952,49.47727,47.85394,47.07441,50.21952,46.27094,44.72136,42.2019,45.35416,43.01163,37.48333,44.14748,42.42641,40.60788,43.04649,40.0125,47.38143,40.1995,35.0571,38.0,38.83298,39.05125,40.80441,43.41659,42.2019,41.0,38.32754,31.7805,34.20526,33.24154,35.17101,31.30495,31.32092,31.76476,31.01612,30.23243,23.02173,24.69818,23.60085,21.63331,23.43075,24.75884,26.57066,27.45906,27.45906,21.58703,26.4764,22.80351,32.38827,34.52535,34.52535,32.24903,42.42641,40.4475,41.97618,45.39824,45.09989,52.08647,54.00926,53.00943,55.00909,52.34501,56.56854,58.54912,63.95311,61.98387,64.32729,63.34824,64.56005,69.92138,60.44005,63.89053,65.52099,67.6757,60.00833,66.30988,65.39113,64.51356,65.14599,67.35726,66.4906,68.00735,63.89053,69.37579,64.7611,69.37579,69.92138,60.44005,71.56815,65.96969,72.11103,72.12489,71.30919,67.68309,72.73239,75.0,76.90254,70.60453,72.11103
13.0384,12.04159,12.04159,12.04159,12.04159,11.04536,11.04536,11.04536,11.04536,11.18034,10.04988,10.19804,10.19804,10.19804,10.19804,10.19804,9.21954,9.21954,9.48683,9.21954,9.21954,9.48683,8.24621,8.544,8.544,8.544,8.544,9.48683,8.544,8.544,8.24621,8.544,8.24621,8.24621,8.24621,8.24621,8.24621,8.24621,7.07107,7.07107,7.07107,6.08276,7.07107,6.0,6.0,6.0,5.0,5.0,5.0,5.0,5.0,4.12311,69.42622,62.482,69.6563,63.51378,58.89822,61.61169,59.5483,61.84658,54.48853,59.03389,54.67175,52.40229,56.22277,49.51767,50.20956,51.40039,53.82379,50.32892,48.60041,46.66905,48.9183,41.7732,41.86884,44.65423,45.60702,44.10215,38.94868,45.22168,42.63801,39.66106,38.94868,39.69887,38.94868,42.2019,37.01351,37.80212,36.71512,42.80187,39.11521,36.40055,36.12478,37.53665,36.79674,36.76955,36.12478,29.06888,31.241,28.3196,24.59675,23.25941,24.69818,26.07681,26.24881,23.76973,25.23886,23.76973,20.61553,24.18677,21.84033,27.85678,26.0,28.4605,34.78505,31.01612,32.01562,32.24903,35.73514,38.8973,37.57659,44.94441,51.07837,50.56679,48.37355,52.83938,52.80152,55.56978,56.61272,55.47071,62.482,56.63921,64.03124,66.46804,70.76722,63.65532,72.34639,61.40033,69.42622,60.30755,65.79514,66.70832,67.89698,67.26812,68.00735,68.68042,65.29931,65.76473,68.62215,71.70077,61.52235,69.81404,67.89698,70.29225,69.42622,73.5527,70.03571,77.7946,65.8559,71.42129,71.8401,77.98718,66.52819,71.8401,80.05623,71.42129
12.52996,11.6619,11.6619,11.6619,10.81665,11.6619,10.29563,10.81665,10.29563,10.0,9.43398,10.0,10.0,10.0,8.60233,9.43398,9.21954,8.60233,8.60233,8.60233,7.81025,8.60233,8.60233,8.48528,7.81025,7.81025,7.81025,7.81025,7.81025,7.81025,7.81025,7.81025,7.81025,7.81025,7.2111,7.2111,7.2111,6.7082,6.7082,6.7082,6.7082,6.32456,6.32456,6.32456,5.09902,5.09902,5.09902,5.09902,5.09902,5.0,5.0,4.0,69.35416,60.41523,62.64982,66.64083,64.40497,58.30952,60.41523,60.00833,51.07837,58.18075,53.7122,49.39636,53.7122,49.39636,48.8467,49.72927,52.20153,47.12749,49.64877,45.54119,46.09772,46.8188,44.92215,41.48494,41.48494,43.01163,37.10795,36.67424,40.02499,42.75512,40.4475,47.29693,35.90265,41.7732,38.07887,32.01562,36.87818,34.78505,36.13862,43.65776,33.83785,34.0147,31.95309,33.54102,33.54102,30.08322,29.52965,29.15476,30.80584,28.01785,25.6125,25.4951,22.02272,21.40093,20.80865,21.2132,18.43909,21.09502,22.56103,22.13594,22.36068,27.89265,31.04835,26.30589,32.75668,30.26549,33.73426,36.49658,43.28972,41.4367,45.17743,48.50773,46.01087,53.00943,52.00961,55.00909,55.9017,57.42822,58.0517,65.51336,59.43904,62.0967,62.96825,66.94027,63.32456,65.52099,68.62215,66.48308,64.07808,64.4748,65.19202,67.62396,67.35726,67.77905,67.41662,66.48308,68.70953,66.48308,64.51356,68.15424,68.54196,65.78754,72.11103,70.5762,69.28925,73.1642,72.23573,62.64184,76.65507,78.54935,65.29931,80.23092,73.1642,67.62396
11.40175,10.19804,10.44031,10.19804,10.19804,9.21954,9.21954,9.21954,9.21954,9.21954,8.24621,8.24621,8.544,8.24621,8.544,7.61577,7.61577,7.61577,7.61577,7.61577,7.61577,7.61577,6.7082,7.61577,7.61577,6.7082,6.7082,6.7082,6.7082,6.7082,6.7082,6.7082,6.7082,6.32456,6.32456,6.32456,6.32456,6.08276,6.08276,6.08276,5.09902,5.09902,5.09902,5.0,5.0,4.0,4.0,4.0,4.12311,4.12311,3.16228,3.16228,65.76473,66.03787,67.95587,66.57327,64.14047,56.60389,62.43397,57.45433,63.06346,51.86521,53.85165,56.30275,50.77401,53.7122,55.00909,45.18849,49.65884,50.15974,45.69464,44.77723,46.84015,46.09772,44.01136,45.69464,42.15448,42.37924,42.15448,45.88028,40.49691,40.16217,38.32754,37.16181,43.01163,40.5216,37.94733,37.16181,43.32436,39.56008,40.31129,40.31129,38.01316,36.24914,35.8469,36.35932,30.80584,27.20294,29.41088,31.38471,27.65863,25.23886,23.34524,25.4951,25.0,24.04163,22.02272,18.02776,16.55295,18.43909,25.4951,25.07987,25.4951,26.30589,26.30589,30.41381,36.22154,30.0,36.34556,37.12142,37.0,39.31921,46.27094,43.01163,51.0,49.09175,52.61179,52.0,58.30952,60.40695,64.03124,64.28841,65.80274,60.16644,62.36185,61.68468,60.16644,69.26038,62.62587,69.35416,68.42514,63.32456,66.21178,67.97794,66.21178,67.53518,65.76473,72.06941,68.54196,63.06346,68.8767,67.97794,75.61085,63.06346,75.76939,68.44706,67.62396,71.11259,72.89719,73.1642,71.17584,69.83552,77.87811,71.55418,69.31811,74.70609
11.40175,11.40175,11.40175,11.40175,11.40175,10.63015,10.0,10.0,10.0,9.43398,9.43398,9.43398,9.43398,8.94427,8.94427,8.94427,8.94427,8.06226,8.544,8.94427,8.06226,8.06226,8.06226,7.61577,7.61577,7.61577,7.61577,7.61577,7.61577,7.61577,7.61577,7.61577,7.61577,7.61577,7.2111,6.7082,7.2111,6.7082,7.2111,6.40312,6.40312,5.65685,5.65685,5.65685,5.65685,5.0,5.0,5.0,5.0,5.0,4.47214,4.47214,69.87131,68.46897,68.73136,65.37584,67.08204,63.12686,56.88585,60.82763,56.88585,55.44367,54.33231,53.75872,60.20797,47.51842,53.15073,51.41984,49.98,47.53946,43.01163,47.53946,46.8188,48.27007,45.31004,43.65776,48.38388,40.71855,43.08132,44.28318,43.86342,43.32436,42.72002,41.4367,39.82462,38.47077,41.78516,36.67424,38.91015,39.56008,42.15448,33.83785,38.8973,40.16217,35.4683,31.32092,27.51363,34.71311,31.257,31.257,27.16616,27.16616,23.0,31.01612,24.33105,21.0,21.37756,19.64688,21.0238,26.62705,20.51828,24.20744,24.83948,29.0,26.87006,30.41381,31.1127,33.24154,34.82815,36.35932,40.45986,40.49691,40.81666,45.22168,49.09175,51.0392,51.0,51.47815,59.94164,59.80803,60.41523,61.35145,65.19202,65.73431,64.7611,61.61169,64.84597,64.28841,68.44706,71.58911,65.37584,65.9242,65.9242,70.83078,66.61081,66.27217,72.69113,65.37584,69.58448,69.2315,71.80529,70.61161,71.80529,72.56721,70.85901,67.89698,73.82412,76.94154,73.82412,77.12976,75.43209,72.83543,71.70077,73.97973,75.80237,65.0
12.20656,12.20656,11.40175,12.20656,11.40175,10.81665,10.81665,10.0,10.0,10.0,9.89949,9.89949,9.21954,9.89949,9.21954,9.89949,9.89949,8.48528,8.48528,8.48528,8.48528,9.21954,8.48528,8.48528,8.48528,8.48528,9.21954,8.48528,8.48528,7.81025,8.48528,7.81025,7.81025,7.81025,7.81025,7.81025,7.81025,7.07107,7.2111,7.2111,6.40312,6.40312,6.7082,5.83095,5.83095,5.83095,5.38516,5.38516,5.38516,5.38516,5.09902,4.12311,69.63476,68.65858,65.73431,60.63827,65.0,60.20797,61.13101,63.06346,55.7315,53.15073,51.62364,49.25444,53.15073,54.58938,49.24429,45.17743,49.81967,46.04346,47.16991,48.16638,43.01163,45.17743,43.04649,46.09772,44.10215,45.04442,43.01163,40.1995,45.27693,38.01316,40.04997,38.01316,42.04759,37.01351,37.05401,39.45884,37.0,37.12142,35.12834,37.21559,31.7805,36.67424,31.04835,33.73426,32.28002,34.1321,26.68333,31.7805,25.0,26.24881,24.5153,26.92582,25.0,24.16609,19.41649,23.32381,21.93171,23.85372,20.24846,24.59675,29.96665,22.36068,30.88689,32.20248,31.62278,32.24903,37.57659,37.57659,40.8534,40.49691,44.01136,47.80167,46.8188,49.64877,53.15073,49.72927,55.31727,56.7186,61.40033,65.19202,63.00794,64.03124,64.00781,63.03174,67.0,69.02898,69.02898,68.0,67.18631,69.72087,68.46897,69.35416,70.5762,70.34913,66.48308,71.02112,70.5762,69.87131,70.34913,66.06815,72.06247,69.58448,68.00735,66.1211,72.24957,73.33485,76.65507,78.91768,72.56032,69.87131,73.43705,76.15773,76.79193,79.24645
12.52996,12.08305,11.18034,11.18034,11.18034,11.18034,11.18034,10.29563,10.29563,9.43398,10.29563,9.43398,9.43398,9.43398,9.43398,9.43398,9.43398,9.43398,8.60233,8.60233,8.60233,8.60233,8.60233,7.81025,7.81025,8.60233,8.60233,7.81025,7.81025,8.60233,7.2111,7.2111,8.06226,7.2111,8.06226,7.2111,6.7082,7.2111,6.7082,6.7082,6.32456,6.32456,6.32456,6.08276,6.08276,5.09902,5.09902,5.09902,5.09902,5.0,5.0,5.0,67.1193,66.57327,69.46222,71.58911,65.30697,66.18912,58.18075,59.94164,53.23533,58.60034,58.13777,60.00833,56.46238,50.32892,54.626,45.22168,51.07837,49.76947,41.10961,46.57252,46.84015,45.22168,50.0,41.10961,41.48494,46.48656,43.08132,37.0,42.95346,43.01163,44.38468,43.68066,38.32754,37.10795,43.17407,38.8973,33.95585,39.84972,37.64306,38.27532,39.84972,37.0,30.36445,31.32092,36.05551,32.24903,34.66987,28.30194,30.80584,27.78489,24.69818,26.90725,22.62742,21.26029,18.43909,21.26029,20.51828,27.89265,24.0,24.33105,24.02082,22.02272,30.41381,32.28002,33.54102,31.01612,31.14482,36.34556,39.20459,39.01282,42.10701,42.0119,41.01219,50.08992,51.08816,53.15073,54.45181,60.41523,53.36666,62.0967,62.58594,61.68468,66.48308,66.85058,68.00735,66.40783,68.54196,66.70832,66.30988,67.77905,66.09841,66.30988,66.85058,67.23095,68.942,64.40497,70.5762,68.942,68.35203,73.92564,68.02941,74.09453,67.6757,66.48308,76.89603,72.09022,74.46476,75.76939,76.15773,78.71467,71.30919,72.44998,77.89737,68.88396
11.31371,11.31371,11.31371,11.31371,10.63015,10.63015,9.89949,9.89949,9.89949,10.0,10.0,9.21954,9.43398,8.60233,8.60233,9.21954,8.60233,8.60233,8.06226,8.60233,8.60233,8.06226,8.60233,8.06226,8.06226,8.06226,8.06226,8.06226,8.06226,7.81025,8.06226,7.2111,7.2111,7.2111,7.07107,6.40312,7.07107,6.40312,6.40312,6.40312,5.65685,5.65685,5.65685,5.0,5.0,5.0,4.47214,4.47214,3.60555,3.60555,3.60555,3.16228,66.28725,70.85901,65.11528,64.77654,64.84597,60.63827,58.24088,58.69412,56.51548,56.32051,55.7315,55.10898,55.9017,49.36598,48.50773,54.74486,51.47815,46.52956,43.56604,50.48762,49.0408,51.24451,49.0102,42.42641,39.20459,42.29657,44.40721,42.0119,37.65634,40.4475,44.28318,42.42641,39.0,37.05401,42.42641,37.12142,34.1321,37.01351,36.49658,37.48333,40.60788,40.80441,29.61419,36.76955,32.28002,35.4683,31.76476,29.06888,29.68164,30.08322,26.41969,25.80698,27.20294,21.0238,20.51828,21.93171,17.69181,23.34524,24.41311,24.69818,23.85372,25.80698,24.83948,29.20616,28.6007,36.23534,36.61967,36.24914,37.73592,38.94868,46.64762,47.01064,45.69464,51.42956,48.10405,52.92447,52.92447,54.08327,60.72891,61.61169,63.63961,62.514,66.37017,63.07139,68.02941,62.28965,66.00758,66.1211,67.02984,63.07139,69.00725,64.07027,71.02816,65.03076,68.02941,65.19202,66.18912,66.00758,72.00694,68.00735,72.00694,72.11103,66.0,67.06713,72.0,70.02857,70.06426,73.43705,75.42546,74.67262,77.41447,72.69113,79.51101,72.1734
12.64911,12.36932,12.36932,12.64911,11.7047,11.40175,11.40175,11.40175,11.40175,10.44031,10.44031,10.19804,10.19804,10.19804,9.21954,10.19804,10.04988,10.04988,9.05539,9.05539,9.05539,9.05539,9.05539,8.06226,8.06226,9.05539,9.0,8.06226,8.06226,8.06226,8.06226,8.06226,8.06226,8.06226,8.06226,8.06226,7.28011,7.28011,7.28011,7.28011,7.28011,6.32456,6.32456,6.32456,5.38516,5.38516,5.38516,5.83095,5.83095,5.0,5.0,5.0,69.77822,59.9333,73.1642,66.12866,64.62198,65.9242,57.58472,64.41273,59.5399,58.13777,56.35601,51.31277,53.33854,55.97321,49.24429,54.08327,48.54894,53.33854,49.39636,46.61545,50.32892,44.77723,48.60041,48.8774,38.83298,40.49691,41.04875,45.0,41.88078,39.66106,41.23106,46.75468,40.60788,42.2019,41.03657,39.40812,37.21559,43.01163,39.35734,29.73214,37.73592,37.20215,31.38471,28.01785,31.62278,33.54102,34.0147,27.73085,30.46309,26.24881,23.4094,25.07987,22.82542,19.69772,20.09975,17.72005,19.10497,24.69818,22.47221,24.08319,28.6007,23.85372,26.40076,28.01785,32.20248,33.6006,31.241,40.49691,41.10961,46.2277,44.68781,47.42362,44.82187,53.15073,51.66237,61.55485,56.22277,58.41233,58.00862,59.40539,65.45991,64.07027,65.51336,61.40033,71.19691,66.21178,72.09022,65.8635,73.34848,69.857,70.21396,68.942,67.23095,67.1193,68.88396,66.70832,68.88396,72.47068,70.3278,75.17978,72.89719,77.17513,80.77747,71.19691,72.91776,75.58439,71.58911,75.591,80.13114,77.52419,70.66116,73.92564,76.96753,73.40981
12.64911,12.64911,11.7047,12.64911,11.7047,11.7047,10.77033,10.77033,10.77033,10.77033,10.77033,9.84886,9.84886,9.84886,9.84886,9.84886,9.84886,8.94427,9.84886,8.94427,8.94427,8.94427,8.94427,8.94427,8.94427,8.06226,8.06226,8.94427,8.94427,8.06226,8.544,8.06226,8.544,7.61577,7.61577,7.61577,7.61577,7.28011,7.28011,7.28011,6.32456,6.32456,6.08276,6.08276,6.08276,5.09902,5.09902,5.0,5.0,5.0,5.0,4.0,63.03174,67.88225,65.19202,65.06919,69.29646,58.0,59.5483,59.66574,59.46427,52.34501,50.93133,50.24938,51.08816,43.93177,45.34314,47.42362,52.63079,49.64877,50.80354,43.41659,45.96738,43.41659,42.0119,45.45327,43.27817,42.52058,40.22437,39.44617,42.0119,42.54409,37.80212,40.36087,38.60052,38.60052,37.80212,36.12478,35.4683,37.64306,37.53665,33.24154,34.05877,30.41381,33.97058,35.60899,32.01562,25.4951,28.30194,28.30194,24.69818,23.32381,23.70654,23.5372,24.18677,22.56103,21.93171,20.09975,20.22375,23.0,22.0,25.31798,25.17936,21.2132,22.09072,28.01785,34.0147,33.37664,34.0147,37.05401,40.0125,44.04543,45.01111,45.09989,44.40721,46.87217,52.95281,56.56854,50.01,54.40588,62.36185,57.00877,61.03278,61.98387,63.56099,59.09315,61.26989,67.62396,61.26989,64.00781,66.18912,63.13478,68.60029,70.72482,68.24222,66.57327,64.14047,62.76942,67.60178,69.64194,65.45991,68.26419,71.19691,63.51378,72.11103,68.60029,70.83078,74.33034,69.11584,71.56116,72.42237,72.00694,65.80274,76.8505,72.13876,77.15569
10.63015,10.63015,10.63015,10.63015,10.63015,9.89949,9.89949,9.89949,9.89949,9.89949,9.21954,9.21954,8.48528,8.48528,8.48528,9.21954,7.81025,7.81025,8.60233,7.81025,7.81025,7.81025,7.2111,7.2111,7.2111,7.2111,7.2111,7.2111,7.2111,7.2111,7.2111,7.2111,6.40312,6.40312,6.40312,6.40312,6.40312,5.65685,5.65685,5.65685,5.65685,5.0,5.0,5.0,5.0,3.60555,4.47214,4.47214,3.60555,3.16228,3.16228,3.16228,71.38627,67.18631,62.96825,65.11528,57.70615,54.34151,61.66036,63.50591,61.98387,55.22681,55.00909,50.9902,59.21149,51.62364,48.09366,50.48762,52.46904,48.37355,50.0,45.04442,50.0,43.18565,47.01064,47.09565,44.01136,43.0,39.11521,38.01316,42.42641,43.04649,38.20995,39.31921,44.04543,40.04997,39.45884,40.11234,40.04997,40.04997,34.23449,36.0,36.0,37.05401,32.55764,34.1321,30.01666,34.05877,27.07397,28.28427,28.79236,25.63201,22.56103,22.80351,24.5153,22.84732,21.58703,20.12461,16.12452,21.9545,21.93171,17.72005,24.04163,25.0,25.6125,25.63201,28.17801,26.41969,34.53983,39.56008,37.36308,42.72002,41.4367,49.72927,45.12206,48.50773,50.80354,54.58938,57.42822,58.30952,60.13319,59.03389,63.00794,65.06919,61.0,57.42822,63.12686,64.49806,67.47592,63.78871,67.08204,68.73136,60.67125,64.93843,64.93843,64.77654,68.593,65.49046,65.76473,66.37017,66.61081,67.60178,69.72087,68.35934,75.05998,64.28063,63.63961,75.10659,69.35416,73.17103,70.5762,75.80237,63.28507,74.54529,76.94154,74.8131
11.0,10.04988,11.04536,11.04536,11.04536,10.0,10.04988,9.05539,9.05539,10.04988,9.05539,9.05539,9.05539,8.06226,8.06226,8.24621,8.06226,8.24621,8.24621,8.24621,8.24621,7.28011,7.28011,7.28011,7.28011,7.28011,7.28011,7.28011,7.28011,7.28011,7.28011,7.07107,7.28011,6.08276,6.08276,6.08276,6.0,6.0,6.0,5.0,5.0,5.0,5.0,5.0,4.12311,4.12311,4.12311,4.12311,4.12311,4.12311,3.60555,3.60555,67.23095,73.82412,71.69379,64.00781,67.41662,58.82176,66.88797,66.88797,58.66856,58.83026,57.98276,63.24555,58.66856,57.3062,55.22681,55.9464,54.12947,53.23533,53.7122,43.46263,50.53712,50.53712,52.49762,49.76947,43.9659,47.80167,42.94182,43.65776,43.32436,44.77723,38.27532,44.01136,42.2019,43.93177,40.16217,39.0,41.48494,35.8469,38.91015,34.43835,36.76955,36.89173,37.58989,36.35932,30.01666,31.38471,30.23243,29.15476,27.80288,21.40093,24.75884,25.6125,21.93171,22.67157,19.79899,22.02272,19.10497,20.09975,22.09072,21.37756,24.02082,26.07681,25.31798,27.16616,31.257,34.0147,34.0147,37.05401,40.0125,40.0125,49.25444,45.01111,45.39824,49.64877,51.24451,52.7731,56.04463,60.16644,65.45991,62.39391,62.62587,65.30697,67.97794,66.24198,65.76473,63.06346,67.53518,62.42596,69.35416,65.0,69.35416,69.11584,69.11584,64.14047,70.83078,68.60029,66.88797,68.96376,71.19691,69.97142,64.41273,67.60178,67.95587,65.76473,76.05919,73.34848,64.88451,72.00694,71.69379,77.89737,69.33974,72.56032,73.43024,72.94518
12.36932,11.18034,11.18034,11.18034,11.18034,11.18034,11.18034,11.18034,11.04536,10.19804,10.19804,10.19804,10.19804,9.05539,9.05539,10.04988,9.05539,9.05539,9.05539,9.05539,8.06226,9.05539,9.05539,8.0,8.06226,8.0,9.0,8.0,8.0,9.0,8.06226,8.06226,8.06226,8.06226,8.06226,8.06226,8.24621,7.28011,7.28011,6.32456,7.28011,6.32456,6.32456,6.32456,5.38516,5.38516,5.38516,5.0,5.0,5.0,5.0,4.24264,71.50524,63.89053,70.45566,65.94695,63.65532,62.482,63.65532,56.58622,61.55485,55.86591,54.56189,49.57822,55.15433,51.62364,58.0517,53.00943,49.67897,50.20956,50.9902,48.27007,49.09175,45.27693,50.47772,45.60702,45.34314,37.80212,45.22168,43.82921,44.40721,37.44329,40.24922,49.24429,44.94441,39.40812,45.69464,41.88078,34.82815,38.60052,37.53665,39.40812,38.41875,34.66987,36.87818,32.80244,33.97058,35.38361,31.1127,25.4951,33.30165,31.06445,26.40076,24.69818,26.07681,22.80351,17.80449,19.69772,21.54066,21.09502,22.84732,24.35159,23.76973,24.04163,26.0,26.40076,29.15476,32.31099,32.57299,38.91015,41.78516,43.46263,46.09772,47.01064,48.30114,51.47815,55.4617,60.74537,58.83026,59.20304,59.03389,63.12686,63.60031,62.28965,65.43699,63.63961,68.68042,67.89698,68.68042,71.50524,66.06815,75.0,67.35726,71.61006,69.6563,66.8431,69.52697,67.26812,75.9276,67.35726,68.0147,68.593,72.91776,74.24958,72.86288,67.00746,72.83543,76.38063,70.83784,71.50524,74.96666,72.83543,70.03571,72.13876,74.96666,72.00694
10.44031,10.44031,10.44031,10.44031,9.48683,9.21954,9.21954,9.21954,9.21954,9.21954,9.21954,9.05539,9.05539,8.06226,8.06226,9.05539,8.06226,8.06226,8.06226,8.06226,7.07107,8.0,8.0,7.0,7.0,7.0,8.0,7.0,7.0,8.0,7.0,7.0,7.0,7.0,7.0,7.07107,6.08276,6.08276,6.08276,5.09902,5.09902,5.09902,5.09902,5.09902,4.12311,4.47214,4.47214,4.47214,3.60555,3.60555,3.60555,3.60555,68.42514,66.57327,61.91123,62.76942,59.68249,59.90826,63.56099,65.0,55.56978,59.5399,58.5235,55.21775,54.40588,51.97115,45.80393,47.20169,55.22681,46.64762,53.00943,49.0408,46.69047,46.09772,42.2019,46.8615,43.26662,45.34314,43.13931,41.23106,43.13931,40.45986,40.31129,41.03657,43.93177,42.44997,44.68781,41.03657,42.0119,39.69887,42.52058,34.20526,38.60052,32.80244,32.75668,34.66987,33.12099,33.61547,35.34119,33.61547,25.07987,26.41969,26.0,25.29822,22.2036,21.0,24.35159,18.11077,20.39608,21.0238,19.31321,27.29469,27.73085,26.40076,25.05993,28.23119,32.31099,30.46309,34.43835,37.21559,35.77709,41.18252,41.88078,43.41659,49.92995,52.43091,52.00961,52.00961,60.82763,60.959,58.0,60.959,66.8431,62.482,63.41136,61.85467,67.1193,69.33974,71.58911,63.51378,69.11584,71.11962,65.73431,68.7968,65.19202,68.09552,66.03787,68.8186,67.74216,68.09552,67.41662,63.28507,75.16648,67.80118,65.8635,67.74216,67.80118,72.8011,74.09453,74.62573,68.8186,67.1193,68.24954,72.40166,70.45566,71.69379
11.04536,11.04536,11.04536,10.04988,11.04536,10.04988,10.04988,10.04988,10.04988,10.04988,9.05539,9.05539,9.21954,9.21954,9.21954,9.21954,8.24621,8.24621,8.24621,8.24621,8.24621,8.24621,7.28011,7.61577,7.61577,7.28011,7.28011,8.544,7.28011,7.28011,7.28011,7.28011,7.28011,7.28011,7.07107,7.07107,6.08276,7.07107,6.0,6.0,6.0,6.0,6.0,5.09902,5.09902,5.09902,4.12311,4.12311,4.12311,4.12311,3.60555,3.60555,65.80274,64.81512,65.19202,63.12686,62.62587,61.85467,57.42822,59.03389,52.00961,59.03389,52.00961,58.41233,54.40588,46.61545,52.20153,50.77401,52.7731,50.56679,44.29447,45.22168,49.09175,46.95743,42.95346,44.94441,43.82921,44.29447,40.71855,45.31004,43.9659,42.94182,40.70626,43.909,43.08132,41.62932,40.24922,37.57659,37.57659,43.82921,40.49691,39.40812,34.82815,31.89044,36.05551,31.241,35.60899,31.89044,27.58623,29.69848,26.90725,27.58623,28.3196,22.80351,24.20744,22.84732,21.63331,22.02272,20.24846,19.0263,20.09975,23.08679,25.4951,26.0,24.0,25.01999,27.16616,28.01785,34.1321,35.01428,39.45884,38.47077,45.17743,41.10961,49.24429,52.20153,51.1957,50.63596,58.18935,55.9017,55.36244,62.39391,63.07139,62.17717,63.06346,65.19202,67.20119,61.61169,65.80274,67.95587,70.21396,63.51378,68.24222,65.21503,68.88396,67.42403,65.43699,65.45991,68.41053,70.21396,67.6757,64.40497,72.67049,67.80118,66.06815,67.62396,66.8431,69.64194,68.41053,67.23095,72.20111,70.29225,65.0,67.80118,66.6033,68.11755
11.6619,11.6619,11.6619,11.6619,10.81665,11.6619,10.81665,10.81665,10.29563,10.0,10.29563,9.43398,10.0,9.43398,8.60233,10.0,9.21954,8.60233,9.21954,9.21954,7.81025,7.81025,8.60233,8.48528,7.81025,7.81025,7.81025,7.81025,7.81025,7.81025,7.81025,7.81025,7.81025,7.81025,7.2111,7.2111,6.7082,6.7082,6.7082,6.7082,6.32456,6.32456,6.32456,6.32456,5.38516,5.09902,5.09902,5.09902,5.09902,5.0,5.0,4.0,63.60031,64.62198,59.80803,59.48109,61.68468,58.24088,62.64184,53.45091,56.921,55.36244,53.60037,55.97321,49.47727,50.59644,55.97321,51.62364,47.43416,48.76474,42.44997,48.6621,47.67599,47.07441,42.42641,42.04759,37.64306,41.23106,47.29693,39.20459,41.97618,43.04649,42.0,45.54119,40.11234,35.0571,41.10961,42.29657,39.56008,38.83298,37.65634,40.5216,34.71311,36.40055,34.20526,34.17601,34.20526,29.54657,30.67572,28.79236,27.73085,25.94224,24.18677,20.61553,23.43075,16.40122,20.59126,19.84943,21.2132,21.2132,17.46425,20.24846,19.0263,24.04163,26.68333,25.0,25.17936,32.01562,26.92582,32.98485,32.01562,37.65634,45.89118,44.91102,45.89118,53.33854,52.00961,49.25444,53.23533,56.22277,56.22277,61.20457,61.20457,61.98387,64.93843,64.7611,64.53681,66.70832,62.0967,68.41053,61.98387,62.8172,64.51356,64.84597,65.55151,67.05222,65.73431,61.98387,61.68468,65.25335,66.94027,66.48308,66.76077,62.0967,73.05477,66.94027,69.92138,66.7308,69.57011,65.96969,72.03471,66.12866,68.30813,71.8401,68.15424,69.64194
11.18034,11.18034,10.44031,11.18034,10.19804,10.19804,9.21954,9.48683,9.21954,9.48683,9.48683,8.544,9.48683,8.544,8.544,8.544,8.544,7.61577,8.544,8.544,7.61577,7.61577,7.61577,8.06226,8.06226,8.06226,7.2111,7.61577,7.61577,6.7082,7.61577,6.7082,7.61577,7.61577,6.7082,6.32456,6.32456,6.32456,6.08276,6.08276,5.09902,5.09902,5.09902,5.09902,5.0,4.0,4.0,4.0,4.0,4.0,3.0,4.12311,68.593,63.63961,65.76473,62.482,58.69412,60.82763,58.72819,61.22091,58.13777,55.60576,52.3259,51.66237,47.01064,55.44367,53.75872,50.24938,50.47772,52.80152,51.10773,46.61545,51.31277,45.80393,41.59327,43.909,46.32494,47.16991,41.88078,44.72136,43.82921,40.49691,40.70626,43.38202,45.17743,41.67733,36.24914,39.96248,39.66106,34.20526,44.40721,38.58756,38.41875,35.0,33.97058,36.06938,33.24154,32.55764,29.0,32.01562,27.58623,24.04163,25.45584,22.67157,25.80698,19.20937,21.54066,16.55295,18.68154,20.09975,21.37756,21.2132,22.09072,21.84033,24.73863,29.61419,24.5153,29.12044,34.9285,36.68787,36.87818,41.78516,44.59821,44.27189,45.22168,51.07837,51.62364,56.85948,59.5063,57.98276,64.14047,63.82006,65.80274,64.66065,62.00806,66.8431,64.53681,66.8431,68.593,65.76473,67.89698,67.88225,65.19202,67.94115,66.46804,65.8559,62.96825,65.05382,67.20863,66.52819,65.06919,68.76772,71.70077,67.26812,69.31089,71.42129,65.79514,72.24957,67.17887,66.6033,63.70243,67.26812,70.03571,70.72482,74.24958,74.96666
11.18034,11.18034,10.19804,11.18034,10.19804,11.18034,10.44031,10.19804,10.19804,9.48683,9.21954,9.48683,9.21954,8.544,8.544,9.48683,8.544,8.544,8.544,8.544,8.544,7.61577,8.544,7.61577,7.61577,7.61577,7.61577,7.61577,7.61577,7.61577,7.61577,6.7082,6.7082,6.7082,7.28011,6.32456,7.28011,6.32456,6.32456,6.08276,6.08276,6.08276,5.09902,5.09902,5.09902,4.0,4.0,4.0,4.0,4.0,4.0,3.16228,66.21933,74.09453,64.53681,63.12686,67.42403,66.61081,61.22091,62.62587,55.80323,59.81639,53.90733,57.38467,56.58622,55.97321,55.60576,53.2635,49.64877,49.40648,47.38143,53.74012,51.22499,48.79549,47.63402,43.84062,45.45327,41.7732,45.34314,44.55334,40.36087,43.86342,41.7732,41.10961,42.63801,43.13931,46.69047,39.62323,40.31129,40.36087,38.94868,40.31129,39.62323,38.41875,33.61547,31.89044,35.4683,32.44996,30.0,27.20294,30.01666,27.73085,26.62705,26.07681,25.80698,22.13594,19.69772,21.54066,18.02776,21.84033,21.54066,26.0,25.96151,23.76973,26.24881,29.73214,29.41088,30.36445,32.31099,38.48376,43.46263,46.23851,48.10405,48.75449,53.23533,53.31041,51.47815,55.56978,56.60389,62.20129,65.19202,66.06815,61.7171,63.63961,67.20863,68.11755,69.29646,62.28965,70.43437,69.52697,70.80254,67.80118,68.41053,67.62396,69.40461,68.00735,70.72482,69.2026,71.28113,67.20119,68.11755,73.40981,70.72482,71.50524,74.41102,72.18033,68.76772,75.9276,73.00685,73.24616,75.80237,77.80103,72.8011,78.23682,73.78347,76.6942
12.36932,12.36932,11.40175,11.7047,11.40175,11.40175,11.40175,11.40175,11.40175,10.19804,10.19804,10.19804,10.19804,10.19804,10.19804,10.19804,10.04988,10.04988,9.05539,9.21954,9.21954,9.21954,9.05539,8.06226,8.06226,9.05539,9.05539,8.06226,8.06226,8.06226,8.06226,8.24621,8.24621,7.28011,8.24621,7.28011,7.28011,7.28011,7.28011,7.28011,6.32456,6.32456,6.32456,5.83095,5.83095,5.83095,5.83095,5.0,5.0,5.0,5.0,4.24264,70.60453,64.84597,61.68468,62.29767,68.02941,61.98387,63.89053,60.16644,58.87274,52.0,57.38467,55.00909,50.69517,52.39275,51.47815,52.3259,52.80152,49.73932,46.52956,49.39636,45.79301,47.88528,41.18252,42.43819,47.88528,43.04649,44.65423,46.51881,38.83298,39.11521,41.40048,37.21559,38.27532,38.83298,36.79674,36.71512,39.81206,36.67424,35.34119,36.05551,35.8469,36.35932,33.10589,29.54657,30.08322,34.17601,27.85678,32.89377,24.35159,30.67572,25.70992,24.35159,22.13594,24.5153,22.56103,23.19483,20.0,19.84943,20.51828,22.67157,24.83948,25.0,26.87006,26.90725,28.28427,34.66987,33.97058,34.82815,39.59798,43.86342,45.34314,46.09772,49.67897,51.08816,55.0,59.46427,59.36329,62.1289,65.45991,66.64833,68.09552,68.42514,72.89719,67.97794,66.21178,69.26038,67.6757,70.93659,71.7844,66.09841,71.8401,72.11103,68.94926,71.47027,68.30813,69.46222,71.47027,71.47027,75.89466,69.89278,76.55064,69.28925,75.15318,74.24958,67.23095,68.8767,73.68175,72.44998,69.46222,67.35726,79.12016,79.71198,71.8401,75.0
12.20656,12.20656,12.20656,11.6619,11.6619,10.81665,10.81665,10.81665,10.81665,10.81665,10.0,10.0,10.0,10.0,10.0,10.0,9.21954,9.21954,9.21954,9.21954,9.21954,9.21954,9.21954,8.48528,8.48528,8.48528,8.48528,9.21954,8.48528,8.48528,7.81025,7.81025,7.81025,7.81025,7.81025,7.81025,7.81025,7.2111,7.2111,7.2111,7.2111,5.83095,6.7082,5.83095,5.83095,5.38516,5.38516,5.38516,5.38516,5.38516,5.09902,4.12311,67.05222,70.88018,66.40783,69.07966,62.0967,60.44005,61.68468,60.40695,56.30275,54.40588,58.18935,55.71355,56.32051,54.40588,47.85394,51.24451,49.0306,56.7186,54.34151,45.39824,46.32494,47.38143,48.83646,46.09772,47.67599,43.41659,46.32494,40.11234,44.40721,39.11521,37.12142,38.11824,42.19005,41.04875,40.60788,42.75512,39.62323,41.30375,36.22154,37.33631,37.64306,33.24154,32.01562,35.4683,35.44009,37.0,27.20294,29.15476,29.12044,27.73085,24.59675,25.0,24.69818,24.69818,20.80865,18.35756,19.10497,22.80351,23.76973,24.35159,24.33105,27.20294,22.56103,28.86174,30.36445,29.06888,32.75668,35.51056,40.60788,41.0,44.91102,52.23983,51.08816,52.46904,59.00847,60.0,59.00847,63.07139,68.18358,64.49806,72.83543,73.1642,67.91171,64.53681,69.92138,75.69016,67.05222,67.72001,74.33034,71.7844,67.72001,71.51224,70.00714,67.41662,69.46222,67.05222,72.11103,69.57011,72.53275,65.80274,76.844,69.64194,73.00685,75.89466,70.88018,78.44743,70.88018,75.0,73.73602,74.33034,74.0,75.0,71.16881,74.09453
11.04536,11.04536,10.04988,10.04988,10.04988,10.0,10.04988,10.0,10.0,9.0,9.0,9.0,9.05539,9.0,8.0,9.0,9.05539,8.06226,8.06226,8.06226,8.06226,8.06226,8.06226,7.07107,7.07107,8.06226,8.06226,7.07107,7.07107,8.06226,7.07107,7.07107,7.07107,7.07107,7.0,7.0,7.0,6.0,6.0,6.0,6.08276,5.09902,5.09902,5.09902,5.09902,4.12311,4.12311,4.12311,4.12311,3.16228,3.16228,3.60555,68.68042,64.63745,69.42622,65.79514,67.88225,63.70243,63.60031,59.66574,56.0803,61.55485,53.03772,55.97321,56.58622,49.49747,51.62364,50.93133,56.22277,53.8145,48.79549,50.24938,46.8615,45.0,39.05125,43.18565,49.20366,45.22168,43.01163,44.40721,40.60788,43.01163,44.82187,42.0119,40.22437,39.40812,41.6173,38.83298,41.04875,41.10961,34.05877,38.28838,39.20459,38.41875,38.28838,35.0,35.0,28.3196,34.82815,27.80288,29.06888,30.88689,24.75884,25.0,26.92582,25.55386,22.13594,22.36068,22.47221,20.61553,24.33105,22.09072,27.45906,25.31798,25.0,29.42788,31.14482,31.06445,34.9285,38.8973,40.8534,41.48494,46.48656,48.46648,46.61545,53.45091,54.12947,58.18075,58.18075,59.90826,68.96376,66.0303,59.20304,65.80274,65.60488,70.17834,70.29225,65.11528,74.24958,68.593,70.83784,64.3506,71.42129,72.86288,68.68042,67.89698,73.5527,71.50524,72.13876,68.62215,67.17887,70.00714,72.83543,70.76722,68.76772,68.62215,73.66139,75.66373,70.72482,68.62215,73.59348,79.93122,71.50524,70.43437,77.23341,68.76772
10.77033,12.08305,9.84886,10.77033,9.84886,10.77033,9.84886,9.84886,9.84886,8.94427,8.94427,8.94427,8.94427,8.94427,8.94427,8.06226,9.43398,8.06226,8.60233,8.06226,8.06226,8.60233,7.2111,7.81025,7.2111,8.60233,8.60233,7.2111,8.06226,7.2111,7.2111,7.2111,7.2111,7.2111,6.7082,6.7082,6.7082,6.7082,6.7082,6.7082,5.38516,6.32456,5.38516,5.09902,5.09902,5.09902,5.09902,4.12311,4.12311,4.0,4.0,4.0,65.51336,61.40033,62.68174,63.81222,62.64982,66.21178,58.00862,57.80138,55.00909,57.80138,52.55473,59.5399,55.07268,49.64877,52.7731,54.78138,50.15974,49.1935,48.33218,49.98,50.59644,47.53946,44.77723,45.69464,42.05948,40.49691,43.9659,42.37924,43.65776,44.91102,47.80167,44.92215,41.23106,44.38468,38.8973,41.10961,38.07887,38.48376,39.81206,36.40055,38.47077,33.12099,36.89173,33.61547,40.70626,37.44329,34.88553,30.61046,28.84441,27.01851,31.14482,27.58623,24.75884,21.93171,28.3196,28.01785,24.41311,21.0238,27.89265,27.29469,27.45906,28.44293,28.86174,31.01612,32.24903,40.31129,35.22783,41.7732,36.0,40.1995,48.04165,49.09175,54.03702,54.08327,56.32051,56.0803,59.68249,57.87055,62.36986,59.90826,65.25335,65.78754,66.48308,64.84597,71.51224,63.97656,68.02941,65.74192,72.56032,65.76473,69.857,67.1193,66.24198,69.77822,68.47627,67.53518,69.35416,69.35416,68.88396,70.3278,70.38466,63.97656,76.48529,69.46222,74.70609,73.79024,62.76942,70.66116,73.92564,77.82031,69.35416,64.84597,73.06162,73.3553
11.40175,11.40175,11.18034,11.18034,11.18034,10.19804,10.19804,10.19804,10.19804,10.19804,10.19804,9.05539,10.04988,9.05539,9.05539,9.05539,9.05539,9.05539,9.0,9.0,9.0,9.0,9.0,9.0,8.0,8.0,8.0,8.0,8.0,8.0,8.0,8.0,8.0,8.0,7.0,7.07107,7.07107,7.07107,7.07107,6.08276,6.08276,6.08276,6.08276,5.09902,5.09902,5.38516,5.38516,5.38516,5.38516,4.47214,4.47214,3.60555,62.6099,70.68239,63.06346,65.79514,64.41273,63.07139,58.18075,57.3062,59.5399,55.03635,55.47071,53.7122,53.22593,49.64877,49.09175,49.39636,49.09175,49.0408,47.70744,48.25971,48.10405,46.32494,47.50789,45.34314,39.69887,44.68781,41.86884,40.45986,45.34314,47.50789,43.41659,41.01219,41.01219,39.82462,39.05125,42.44997,38.94868,41.01219,40.45986,36.71512,36.40055,39.20459,34.66987,34.82815,30.52868,30.01666,31.7805,33.61547,29.15476,32.69557,23.76973,23.5372,22.84732,24.73863,23.25941,27.51363,24.08319,19.41649,22.47221,21.93171,26.07681,26.62705,25.80698,31.62278,32.20248,34.1321,35.0,43.86342,41.72529,44.04543,41.86884,44.59821,48.16638,55.86591,56.72742,60.82763,55.60576,59.40539,65.60488,62.1289,65.21503,65.8635,67.97794,66.64833,66.21178,71.11962,68.0,73.40981,68.8767,68.35203,71.69379,76.32169,73.53911,71.69379,69.46222,69.35416,64.40497,67.1193,72.91776,69.77822,69.77105,67.62396,75.591,72.61543,71.17584,70.23532,69.857,69.11584,72.91776,71.11259,73.79024,72.01389,73.79024,72.09022
12.20656,12.20656,12.20656,12.20656,11.40175,10.81665,10.81665,10.81665,10.81665,10.81665,10.81665,10.29563,10.29563,9.43398,10.29563,10.29563,9.84886,8.94427,8.94427,9.43398,8.94427,8.94427,8.94427,8.94427,8.94427,8.544,8.544,8.94427,8.94427,8.544,8.544,8.06226,8.06226,7.61577,8.06226,8.06226,8.06226,7.2111,7.2111,7.2111,7.2111,7.2111,6.40312,6.40312,6.40312,5.65685,5.65685,5.65685,5.65685,5.0,5.0,5.0,63.34824,63.78871,68.18358,63.07139,57.70615,58.0,59.3043,56.32051,59.07622,56.00893,55.08176,55.03635,50.15974,52.0,48.01042,46.01087,54.00926,49.0102,47.09565,50.0,49.09175,45.17743,48.37355,47.0,48.09366,44.0,43.73786,45.04442,49.09175,41.59327,40.1995,38.47077,41.10961,41.01219,41.19466,39.05125,41.10961,40.04997,42.19005,33.54102,34.0147,35.12834,37.0,32.01562,31.01612,34.23449,29.06888,30.36445,24.5153,28.63564,23.08679,24.18677,25.70992,25.29822,24.04163,26.83282,24.83948,21.9545,20.59126,25.55386,24.16609,26.92582,27.29469,30.01666,30.4795,32.24903,38.58756,32.75668,40.31129,42.48529,43.41659,50.15974,50.92151,54.40588,57.87055,57.56735,56.7186,61.0,63.12686,66.75328,69.06519,65.27634,67.00746,66.1211,66.18912,70.06426,69.35416,67.06713,69.06519,74.24284,69.46222,68.11755,64.19502,67.36468,68.11755,68.18358,72.06247,70.0,66.1211,70.00714,71.02816,66.18912,69.11584,72.06247,72.02777,75.16648,72.33948,74.24284,69.02898,72.02777,72.33948,74.54529,70.25667,71.84706
10.44031,10.44031,10.44031,10.44031,10.44031,9.48683,9.21954,9.21954,9.21954,9.21954,9.21954,9.21954,9.21954,9.21954,8.06226,8.24621,8.06226,8.06226,8.06226,8.06226,8.06226,8.06226,7.07107,8.0,7.07107,7.07107,7.07107,7.07107,7.07107,7.07107,7.07107,7.07107,7.07107,7.07107,6.08276,6.32456,6.32456,6.32456,6.32456,6.32456,5.38516,5.38516,5.38516,4.47214,4.47214,5.0,5.0,5.0,4.24264,4.24264,4.24264,4.24264,68.7968,60.53924,65.45991,63.63175,65.0,58.66856,60.0,57.14018,57.62812,55.22681,51.47815,56.93856,51.86521,54.81788,52.69725,52.69725,53.90733,47.42362,50.60632,45.0,46.75468,46.61545,48.08326,44.59821,48.01042,48.16638,45.25483,44.59821,45.25483,41.7732,40.45986,41.03657,41.7732,44.82187,37.44329,40.60788,37.64306,34.65545,35.80503,41.34005,35.22783,38.41875,33.28663,34.05877,35.8469,30.01666,26.40076,29.06888,27.51363,25.4951,24.59675,26.68333,25.0,26.68333,21.58703,12.16553,25.70992,19.92486,21.84033,22.13594,26.0,23.08679,24.5153,32.69557,30.46309,30.46309,30.67572,35.8469,42.54409,43.08132,47.01064,41.62932,46.32494,51.47815,51.31277,51.31277,56.40035,63.60031,62.28965,55.97321,63.03174,65.19202,65.06919,69.6563,64.3506,60.0,64.63745,63.82006,66.61081,64.40497,66.88797,68.09552,68.60029,65.8635,64.40497,69.63476,63.00794,74.79305,62.17717,71.86793,68.8186,68.50547,65.36819,73.24616,68.50547,70.17834,67.1193,66.0303,72.71864,69.11584,70.49113,72.20111,69.63476,71.19691
10.77033,11.18034,9.84886,9.84886,9.84886,9.84886,9.84886,9.48683,9.48683,8.544,9.48683,9.48683,9.48683,8.544,8.544,8.24621,8.24621,8.24621,8.24621,7.28011,7.28011,8.24621,7.28011,7.28011,7.28011,8.06226,8.24621,7.28011,7.28011,7.28011,6.32456,7.28011,7.28011,6.32456,7.28011,6.32456,6.32456,5.38516,5.83095,5.38516,5.83095,5.83095,5.0,5.0,5.0,5.0,5.0,4.24264,3.60555,4.24264,4.24264,3.60555,70.71068,61.52235,66.21933,61.18823,60.20797,57.27128,64.32729,64.49806,57.00877,57.97413,54.40588,52.88667,55.36244,49.47727,52.17279,47.53946,49.64877,48.38388,50.28916,48.10405,48.10405,42.48529,46.8188,48.46648,45.22168,44.59821,49.24429,40.8534,39.35734,43.65776,41.62932,43.56604,41.23106,39.84972,40.70626,38.62642,42.95346,36.76955,39.39543,37.16181,35.77709,38.8973,34.17601,36.68787,35.8469,32.75668,26.68333,26.4764,30.36445,25.01999,28.86174,23.76973,27.01851,21.09502,22.09072,22.02272,24.73863,19.84943,19.79899,25.45584,26.90725,24.41311,21.40093,27.01851,30.41381,33.24154,36.76955,37.64306,38.20995,43.01163,45.48626,45.65085,47.88528,53.22593,50.56679,57.3062,61.29437,59.94164,63.90618,65.19202,62.64184,65.51336,63.56099,66.4906,64.84597,66.09841,70.21396,65.76473,62.20129,65.19202,68.26419,66.37017,65.76473,65.62012,69.46222,67.47592,67.60178,63.63961,64.7611,69.37579,73.5459,68.88396,64.77654,68.06614,69.63476,69.05071,69.857,73.97973,74.52516,73.1642,69.857,74.33034,70.85901,64.28841
10.29563,10.29563,10.29563,10.29563,9.43398,9.43398,9.43398,9.43398,8.60233,8.60233,8.60233,8.60233,8.60233,8.60233,8.60233,7.81025,7.81025,7.81025,7.81025,7.81025,7.2111,7.81025,7.07107,7.07107,7.07107,7.07107,7.07107,6.40312,7.07107,7.07107,6.40312,6.40312,6.40312,6.40312,6.40312,6.40312,6.40312,5.83095,5.83095,5.0,5.83095,5.0,4.47214,4.47214,4.47214,4.47214,4.12311,4.12311,4.12311,4.12311,4.0,4.0,64.84597,66.40783,72.44998,62.64184,61.98387,53.60037,59.77458,60.20797,55.15433,55.08176,56.61272,53.15073,55.10898,50.96077,51.1957,55.9017,54.91812,54.12947,50.9902,54.34151,48.27007,43.73786,45.27693,48.6621,50.63596,47.09565,45.54119,44.91102,44.28318,47.04253,40.79216,43.18565,46.69047,45.27693,40.4475,42.2019,42.44997,36.13862,38.83298,38.20995,35.51056,32.89377,36.40055,36.87818,30.08322,29.96665,31.38471,25.96151,24.69818,31.7805,25.0,27.45906,24.18677,23.32381,24.75884,18.43909,18.43909,20.12461,20.88061,20.88061,25.07987,26.92582,30.36445,28.79236,28.79236,33.24154,29.41088,37.65634,41.76123,43.68066,47.07441,52.34501,54.58938,49.49747,52.15362,56.32051,57.0,63.1981,63.03174,63.63961,63.3877,61.98387,62.0967,63.06346,67.44627,67.44627,64.19502,66.09841,66.76077,65.14599,64.84597,68.00735,63.60031,64.51356,65.96969,62.93648,65.45991,69.26038,66.09841,68.96376,66.76077,67.05222,70.03571,70.21396,70.60453,71.16881,74.63243,74.72617,67.06713,66.48308,70.34202,71.16881,74.04053,76.844
12.16553,12.16553,11.18034,11.40175,11.18034,11.18034,11.18034,11.18034,11.18034,10.19804,11.18034,10.04988,10.04988,10.04988,10.04988,10.04988,10.04988,10.04988,9.05539,9.05539,9.05539,9.05539,9.05539,9.0,9.05539,9.0,9.0,8.06226,8.0,9.05539,8.06226,8.06226,8.06226,7.07107,8.06226,7.28011,7.07107,7.07107,7.28011,7.28011,7.28011,6.32456,6.32456,6.32456,5.38516,5.38516,5.38516,5.38516,5.0,5.0,5.0,5.0,67.95587,65.8635,70.66116,60.46487,62.20129,59.40539,53.0,64.14047,57.3062,54.08327,60.60528,54.6443,53.25411,55.75841,49.81967,51.22499,55.21775,50.60632,50.9902,51.85557,49.67897,42.44997,50.20956,46.75468,47.43416,45.0,43.18565,44.20407,43.18565,38.94868,39.62323,41.7732,44.55334,38.20995,38.18377,38.41875,39.20459,39.96248,38.83298,35.22783,35.4683,36.40055,30.23243,35.60899,31.62278,27.78489,31.62278,29.41088,25.80698,26.92582,29.96665,26.92582,25.94224,20.22375,20.88061,19.92486,21.84033,22.80351,22.84732,19.41649,25.07987,27.313,30.41381,26.0,31.30495,30.52868,33.12099,38.07887,41.88078,42.2019,42.80187,47.01064,50.60632,56.85068,51.22499,55.22681,56.63921,58.79626,60.44005,63.78087,61.22091,66.0303,64.03124,67.6757,65.8635,66.64833,65.76473,62.64982,66.21178,68.42514,71.69379,71.86793,66.7308,67.08204,65.8635,69.35416,66.37017,67.23095,63.81222,67.41662,68.42514,65.21503,70.68239,72.94518,69.33974,68.60029,68.09552,70.17834,69.11584,69.40461,70.71068,72.94518,66.24198,68.88396
12.04159,12.04159,12.04159,12.04159,12.04159,11.31371,11.31371,10.63015,10.63015,10.63015,10.63015,10.63015,10.63015,9.89949,9.89949,9.89949,10.0,9.21954,9.89949,9.89949,9.21954,9.21954,9.21954,9.21954,9.21954,9.21954,8.48528,8.48528,8.48528,8.48528,8.48528,8.48528,8.48528,8.48528,7.81025,7.07107,7.07107,7.07107,7.07107,6.40312,6.40312,6.40312,6.40312,5.83095,5.83095,5.83095,5.83095,5.38516,5.38516,4.47214,4.47214,4.47214,66.27217,64.7611,69.857,63.15061,58.69412,66.4906,63.50591,62.58594,54.33231,58.54912,53.33854,53.93515,51.1957,52.63079,54.40588,50.21952,57.70615,52.17279,53.75872,48.37355,50.80354,46.52956,48.16638,51.08816,45.27693,49.0306,41.7732,48.05206,46.52956,36.05551,40.02499,41.7732,40.4475,48.83646,35.12834,37.65634,37.65634,41.7732,37.33631,34.71311,33.73426,36.13862,33.24154,33.24154,30.36445,28.16026,26.57066,27.20294,30.01666,25.0,26.41969,23.85372,27.29469,23.70654,23.32381,22.02272,18.43909,21.54066,23.43075,22.47221,26.07681,24.20744,28.30194,29.06888,27.73085,31.76476,34.0,34.98571,33.61547,40.24922,43.32436,44.72136,47.12749,53.14132,53.60037,56.51548,62.0967,64.13267,62.514,59.13544,61.66036,68.00735,68.02941,65.06919,69.11584,67.00746,71.56815,67.47592,67.36468,68.26419,68.73136,72.18033,65.9242,64.28063,63.3877,67.08204,65.49046,72.56032,65.19202,71.44928,66.1211,63.63961,70.11419,68.73136,68.35934,68.593,70.71068,72.00694,68.26419,71.02112,69.18092,75.31268,79.15807,71.70077
11.40175,10.63015,11.40175,10.0,10.0,10.63015,10.0,10.0,10.0,10.0,10.0,10.0,9.43398,8.60233,8.60233,9.43398,8.60233,8.60233,8.06226,8.06226,8.06226,8.06226,8.06226,8.06226,7.2111,7.2111,7.2111,8.06226,6.7082,7.2111,6.7082,7.2111,7.2111,7.2111,6.40312,6.40312,6.40312,6.40312,6.40312,5.65685,5.65685,5.65685,5.65685,5.0,5.0,5.0,5.0,5.0,4.47214,4.47214,4.47214,4.12311,64.03124,69.58448,60.40695,62.39391,66.18912,62.07254,62.28965,62.80127,56.32051,57.70615,57.21888,55.7315,55.44367,53.36666,55.3263,54.34151,51.92302,51.41984,50.0,52.39275,50.21952,50.44799,46.57252,45.12206,45.54119,46.17359,47.53946,42.72002,38.32754,43.9659,43.65776,39.81206,38.60052,38.60052,39.29377,37.0,36.87818,38.60052,34.20526,39.20459,34.52535,38.01316,36.22154,31.14482,30.14963,30.0,30.26549,26.68333,28.01785,28.07134,26.1725,26.30589,23.0,21.54066,19.92486,18.38478,21.58703,28.42534,21.93171,21.40093,23.43075,23.60085,27.20294,27.65863,28.3196,31.1127,34.05877,40.31129,39.82462,42.52058,44.04543,42.43819,53.7122,48.54894,52.69725,53.60037,55.07268,61.40033,62.24147,62.96825,61.98387,64.84597,65.25335,68.68042,69.42622,67.18631,66.09841,63.63961,68.593,66.37017,63.3877,66.18912,68.11755,65.37584,65.11528,69.42622,63.78871,63.95311,68.44706,66.75328,67.26812,64.77654,69.12308,67.68309,68.593,63.34824,73.75636,71.38627,75.80237,73.43705,70.71068,71.44928,72.18033,69.58448
12.04159,12.04159,12.04159,12.04159,12.04159,11.04536,11.04536,11.18034,11.04536,11.18034,11.04536,10.19804,11.18034,10.19804,10.19804,10.19804,10.19804,9.21954,10.19804,9.21954,9.21954,9.21954,9.21954,9.48683,9.21954,8.24621,8.24621,8.24621,8.24621,8.24621,8.24621,8.24621,8.24621,8.24621,8.06226,7.07107,7.07107,7.07107,7.07107,7.07107,6.08276,6.08276,6.0,6.0,6.0,6.0,5.0,5.0,5.0,5.0,4.12311,4.12311,69.63476,65.60488,68.8186,59.20304,66.28725,67.35726,56.85948,61.29437,60.20797,54.67175,59.03389,59.07622,56.85948,49.73932,52.69725,54.91812,51.10773,53.66563,47.41308,51.10773,51.0,48.54894,44.77723,46.95743,43.32436,46.14109,43.41659,43.38202,44.72136,42.05948,39.39543,42.04759,40.71855,38.8973,41.67733,40.31129,38.91015,41.62932,40.24922,30.01666,35.34119,36.05551,31.90611,33.83785,29.52965,28.3196,30.0,32.80244,25.80698,28.3196,24.83948,19.84943,27.01851,26.24881,24.04163,20.51828,19.41649,22.09072,22.2036,23.5372,29.01724,23.0,29.42788,32.14032,31.14482,31.04835,31.57531,36.87818,39.31921,43.73786,44.59821,47.85394,49.72927,52.20153,53.45091,56.61272,59.61543,60.08328,63.52952,61.26989,64.49806,65.8635,65.36819,68.24222,70.60453,71.21798,63.41136,70.29225,67.80118,70.60453,70.60453,68.8186,67.20863,68.24222,63.25346,63.00794,69.2026,66.28725,69.02898,66.8431,71.02816,69.33974,70.23532,67.95587,67.62396,69.11584,68.8186,70.21396,73.00685,71.21798,73.00685,75.80237,76.27582,74.09453
12.64911,13.0,12.08305,12.08305,11.7047,11.7047,10.77033,11.7047,10.77033,10.77033,10.44031,10.44031,10.44031,10.44031,10.44031,10.44031,10.44031,10.19804,9.21954,9.48683,9.48683,9.48683,9.21954,9.21954,9.21954,9.21954,9.21954,8.24621,8.24621,8.24621,8.24621,8.24621,8.24621,7.28011,8.544,8.24621,7.28011,7.28011,7.61577,6.7082,6.7082,6.7082,5.83095,5.83095,5.83095,5.83095,5.83095,5.0,5.0,5.0,5.0,4.24264,65.9242,69.37579,67.72001,54.40588,56.64804,60.16644,55.08176,58.94065,55.08176,52.55473,51.97115,57.77543,53.14132,51.5461,50.9902,48.8467,51.26402,51.42956,49.65884,45.18849,48.33218,41.62932,46.64762,45.18849,43.46263,48.30114,38.27532,41.62932,40.71855,39.82462,38.94868,43.04649,40.71855,46.06517,37.44329,39.0,42.04759,43.08132,37.33631,30.88689,33.10589,31.7805,31.04835,34.17601,35.8469,27.65863,30.80584,22.56103,26.1725,22.36068,24.73863,21.0238,25.01999,22.09072,26.01922,21.0238,21.58703,18.43909,19.10497,20.0,24.08319,25.0,26.1725,26.90725,26.24881,33.97058,31.241,39.69887,40.36087,41.10961,42.63801,49.81967,49.40648,50.24938,53.7122,56.30275,61.77378,63.95311,65.79514,64.62198,61.84658,61.68468,70.83784,67.06713,67.35726,73.00685,71.8401,61.13101,71.30919,65.9242,70.83078,69.42622,67.18631,68.44706,66.09841,68.44706,67.91171,72.8011,63.32456,68.00735,64.03124,64.03124,67.46851,71.16881,67.91171,75.50497,71.38627,72.12489,77.36924,76.15773,69.857,69.92138,73.1642,71.30919
10.04988,10.04988,11.0,10.0,10.0,9.0,9.0,9.0,9.0,9.0,9.0,9.0,9.05539,8.06226,8.0,8.0,8.0,8.0,8.06226,8.06226,8.0,8.06226,7.07107,7.07107,7.07107,7.07107,7.07107,7.07107,7.07107,7.07107,7.0,7.0,7.0,6.0,6.0,6.0,6.0,6.0,6.08276,6.08276,5.09902,5.09902,5.09902,4.12311,4.12311,4.47214,4.47214,4.47214,4.47214,3.60555,3.60555,3.60555,65.8559,65.11528,68.41053,62.96825,64.81512,61.7171,60.20797,63.63961,58.41233,55.47071,57.31492,49.51767,50.20956,53.03772,52.00961,53.07542,55.9017,48.08326,48.10405,48.10405,53.07542,47.42362,48.16638,42.52058,42.42641,45.96738,42.52058,43.93177,42.44997,38.20995,40.31129,39.62323,44.20407,39.62323,35.60899,41.01219,41.40048,38.28838,36.40055,38.20995,33.30165,30.0,35.22783,31.40064,33.54102,26.07681,29.20616,28.42534,25.94224,21.54066,24.16609,23.25941,24.35159,25.05993,20.24846,18.97367,19.23538,20.22375,23.0,23.5372,28.07134,25.31798,29.01724,28.28427,35.01428,30.14963,36.0,37.21559,42.75512,42.72002,44.72136,48.50773,48.05206,52.49762,54.08327,51.86521,60.92618,60.40695,59.94164,62.43397,63.00794,62.80127,68.11755,64.66065,63.25346,63.00794,68.62215,65.05382,67.89698,70.93659,67.17887,64.38167,65.05382,63.65532,65.11528,68.593,65.19202,67.94115,65.76473,70.00714,60.87693,66.6033,67.20863,69.31089,73.53911,67.35726,65.76473,68.62215,74.33034,67.20863,68.24954,69.6563,74.24958,67.89698
12.36932,11.18034,12.36932,11.40175,12.16553,11.18034,11.18034,10.19804,10.19804,11.18034,10.19804,10.19804,10.04988,10.04988,10.04988,10.04988,9.05539,9.05539,9.05539,9.0,9.05539,9.0,9.05539,9.0,9.0,8.0,8.0,9.0,8.0,8.06226,8.0,8.0,8.0,8.06226,7.07107,8.06226,7.07107,7.07107,7.07107,7.07107,6.08276,6.08276,6.32456,5.09902,5.09902,5.38516,5.38516,5.38516,5.38516,4.47214,4.47214,3.60555,65.79514,66.37017,64.84597,64.84597,63.69458,64.41273,62.76942,66.03787,61.77378,58.60034,60.37384,56.85948,51.88449,55.56978,51.97115,52.39275,51.0392,53.60037,51.61395,51.0392,49.92995,48.54894,42.72002,48.25971,43.04649,47.01064,43.82921,44.20407,46.04346,43.82921,42.05948,42.43819,37.64306,36.79674,39.82462,36.40055,37.53665,42.72002,42.19005,37.44329,34.88553,35.35534,36.35932,36.67424,31.7805,31.38471,30.8707,33.52611,27.73085,29.42788,26.07681,23.76973,23.4094,25.31798,23.19483,26.30589,21.0238,21.0238,23.4094,21.18962,24.59675,22.47221,28.63564,30.41381,30.88689,36.67424,34.48188,37.58989,43.38202,41.67733,48.54894,51.40039,50.0,54.20332,60.0,56.72742,58.69412,60.30755,63.89053,61.40033,64.03124,68.00735,67.95587,69.11584,72.67049,64.63745,67.41662,69.77105,69.35416,70.3278,68.88396,67.97794,67.54258,68.42514,68.47627,65.36819,70.71068,69.77105,64.89992,65.8635,74.33034,72.00694,77.89737,71.11962,68.42514,74.24284,66.37017,69.46222,77.17513,72.06941,66.21178,69.97142,70.3278,70.66116
12.52996,11.6619,11.6619,11.18034,11.6619,11.18034,10.29563,10.29563,10.29563,10.29563,10.29563,10.0,9.43398,9.43398,9.43398,9.43398,9.43398,9.43398,8.60233,8.60233,8.60233,8.60233,8.60233,7.81025,8.60233,8.60233,8.60233,7.81025,7.81025,8.60233,7.2111,7.81025,7.2111,7.2111,8.06226,7.2111,6.7082,6.7082,6.7082,6.7082,6.32456,6.32456,6.32456,6.32456,6.32456,5.09902,5.09902,5.09902,5.09902,5.09902,5.0,5.0,59.20304,63.06346,62.93648,63.15061,60.92618,63.60031,54.57105,55.54278,57.56735,56.75385,59.20304,55.08176,54.12024,46.48656,54.81788,52.7731,50.69517,51.78803,43.93177,50.69517,51.78803,47.29693,43.18565,46.17359,40.80441,43.01163,46.87217,37.85499,38.83298,45.27693,40.4475,43.17407,40.60788,32.14032,40.02499,37.94733,36.40055,43.17407,37.10795,37.33631,35.77709,36.68787,31.7805,35.4683,33.54102,35.77709,33.54102,28.30194,28.84441,25.23886,28.28427,24.83948,25.4951,19.20937,19.79899,22.02272,19.20937,18.86796,21.9545,22.80351,19.79899,25.0,29.0,30.52868,30.23243,32.20248,37.73592,36.40055,37.21559,43.41659,43.41659,47.16991,47.80167,53.85165,55.36244,51.92302,57.87055,57.70615,63.28507,60.40695,62.20129,65.06919,71.25307,65.0,66.1211,68.02941,66.27217,66.37017,67.36468,64.93843,69.42622,64.7611,66.28725,66.37017,64.93843,60.41523,62.514,67.74216,68.44706,66.75328,68.73136,63.95311,68.593,68.73136,67.08204,71.58911,68.06614,63.95311,69.2315,72.00694,69.05071,69.26038,66.70832,67.44627
11.40175,11.40175,10.0,10.81665,10.0,10.0,10.0,10.0,9.43398,9.21954,9.21954,9.21954,9.21954,8.48528,9.21954,8.48528,8.48528,7.81025,8.48528,8.48528,7.81025,7.81025,7.07107,7.81025,7.81025,7.81025,7.07107,7.07107,7.81025,7.07107,7.07107,7.07107,7.07107,6.40312,6.40312,6.40312,6.40312,6.40312,6.40312,5.83095,5.83095,5.83095,5.0,5.0,4.47214,4.47214,4.47214,4.12311,4.12311,4.12311,4.12311,4.12311,67.54258,69.35416,64.51356,63.15853,67.62396,62.24147,57.93962,60.08328,57.24509,57.27128,55.54278,55.97321,55.9464,56.46238,52.55473,57.24509,51.5461,54.12947,50.28916,50.69517,48.27007,47.16991,48.08326,44.55334,47.85394,50.28916,42.44997,42.95346,47.12749,37.48333,39.81206,39.56008,43.93177,43.56604,35.51056,37.65634,39.81206,41.0,37.33631,33.61547,41.10961,37.64306,37.0,34.43835,34.43835,31.30495,31.90611,27.73085,27.80288,27.01851,25.23886,21.2132,25.45584,26.24881,21.93171,24.75884,16.40122,14.76482,19.31321,22.84732,26.92582,27.51363,24.69818,31.7805,27.313,35.44009,36.05551,37.69615,42.2019,43.41659,51.35173,50.35871,49.0102,52.34501,54.03702,58.21512,63.03174,61.07373,66.1211,62.64982,64.13267,66.28725,68.65858,67.44627,70.21396,66.40783,70.21396,66.40783,68.00735,61.09828,70.2282,65.19202,68.02941,65.19202,62.64982,70.38466,64.51356,65.0,66.30988,71.86793,69.28925,66.85058,66.48308,62.64184,68.00735,70.34202,66.85058,71.30919,66.12866,68.54196,66.70832,66.21178,73.00685,75.02666
13.0384,11.6619,12.20656,11.6619,11.6619,10.81665,10.81665,10.81665,10.81665,10.81665,10.81665,10.81665,10.81665,10.81665,10.0,10.63015,9.89949,10.63015,9.21954,9.21954,9.21954,9.89949,9.21954,9.21954,9.21954,9.21954,8.48528,9.21954,9.21954,8.48528,9.21954,9.21954,9.21954,8.60233,7.81025,7.81025,8.60233,7.2111,7.2111,7.2111,7.2111,7.2111,6.7082,6.7082,5.83095,5.83095,5.38516,5.38516,5.38516,5.09902,5.09902,5.09902,65.96969,65.0,62.8172,61.35145,63.32456,60.16644,61.13101,60.41523,59.13544,52.88667,51.66237,58.0517,49.0408,48.83646,48.83646,49.25444,49.24429,50.21952,52.08647,39.62323,49.64877,46.52956,46.09772,46.04346,43.28972,42.75512,37.21559,40.0125,42.0119,41.30375,39.20459,43.04649,40.31129,41.01219,37.05401,41.19466,42.42641,40.1995,41.30375,37.33631,34.52535,36.87818,37.36308,34.36568,34.48188,33.24154,29.12044,27.65863,23.70654,29.54657,23.76973,21.0238,27.313,24.59675,18.02776,19.41649,19.10497,22.36068,26.0,23.76973,27.89265,26.92582,29.73214,29.12044,28.17801,31.04835,35.73514,39.05125,40.4475,49.47727,50.24938,50.63596,51.08816,50.08992,51.35173,59.00847,61.03278,62.03225,62.03225,61.13101,68.88396,64.53681,65.51336,61.03278,65.52099,70.0928,67.91171,59.80803,67.35726,68.62215,66.76077,65.78754,65.55151,65.80274,64.62198,63.24555,65.52099,70.88018,60.87693,66.48308,65.96969,67.05222,66.48308,65.25335,63.34824,62.64184,63.78871,67.6757,65.73431,63.32456,66.7308,66.70832,73.00685,60.82763
10.04988,11.04536,10.04988,11.04536,10.04988,10.04988,10.04988,9.05539,9.05539,9.0,9.0,9.0,9.0,9.0,9.0,8.0,8.0,8.0,8.0,8.0,8.0,8.0,7.0,8.06226,8.06226,8.06226,7.07107,8.06226,8.06226,7.0,8.0,7.0,7.0,7.0,7.0,6.0,6.08276,6.08276,6.08276,6.08276,5.09902,6.32456,5.38516,5.38516,4.47214,4.47214,4.47214,4.47214,4.47214,4.47214,3.60555,3.60555,57.80138,66.48308,65.8635,68.47627,62.6099,57.38467,56.79789,58.5235,57.68882,54.626,52.47857,54.08327,57.45433,49.64877,47.88528,50.80354,52.20153,47.80167,50.0,45.27693,48.01042,45.22168,43.93177,44.82187,43.86342,43.86342,45.0,45.22168,43.27817,42.0119,40.60788,38.83298,38.20995,39.40812,38.83298,40.80441,37.48333,38.20995,39.59798,40.31129,40.24922,34.48188,39.44617,30.8707,33.61547,30.67572,29.12044,28.4605,26.24881,25.94224,20.61553,22.02272,24.69818,21.58703,19.0263,24.73863,19.0,18.43909,23.25941,23.5372,28.6531,21.0238,26.0,28.23119,31.7805,33.12099,34.48188,36.05551,38.01316,42.72002,48.01042,47.20169,49.51767,56.0803,53.03772,51.73973,55.17246,56.56854,56.63921,62.00806,62.96825,66.57327,68.0,69.31811,68.44706,63.95311,66.21178,63.24555,66.18912,65.76473,62.17717,64.40497,65.9242,63.15853,58.30952,62.64982,63.95311,68.44706,64.62198,62.64982,69.35416,60.53924,62.16912,66.18912,63.06346,65.19202,66.85058,60.53924,67.54258,70.21396,62.64982,73.82412,69.64194,66.24198
10.81665,10.81665,10.0,10.0,10.0,10.0,9.43398,9.43398,9.43398,9.43398,8.94427,8.94427,8.94427,8.94427,8.94427,8.94427,8.544,8.94427,8.94427,8.06226,8.06226,8.06226,7.61577,7.61577,7.61577,7.61577,7.61577,7.61577,7.61577,7.61577,6.7082,7.61577,6.7082,6.7082,6.7082,6.7082,6.7082,5.83095,5.83095,5.83095,6.40312,5.83095,5.0,5.0,5.0,4.24264,4.24264,4.24264,3.60555,3.60555,3.60555,3.60555,66.06815,72.33948,69.00725,60.03332,63.07139,63.3877,61.13101,58.00862,56.00893,54.14795,58.13777,53.60037,52.61179,50.24938,58.30952,50.63596,54.33231,55.54278,56.4358,46.57252,50.35871,48.27007,49.72927,46.38965,42.42641,48.6621,41.97618,50.69517,49.25444,42.05948,44.27189,44.92215,45.60702,44.92215,42.05948,43.56604,43.17407,38.11824,43.18565,41.23106,35.35534,34.71311,35.35534,35.12834,38.20995,35.01428,33.0,35.0571,28.28427,26.1725,27.07397,24.33105,28.0,22.09072,22.47221,19.92486,19.41649,18.02776,24.20744,25.4951,25.4951,27.65863,29.68164,34.4093,33.28663,39.35734,34.1321,41.23106,44.28318,41.18252,46.51881,49.1935,48.70318,54.78138,52.20153,58.24088,58.54912,59.4138,64.93843,62.80127,65.03076,69.46222,64.19502,64.00781,68.02941,62.07254,66.0,62.00806,64.28063,65.62012,66.0,68.18358,68.73136,62.1289,65.06919,68.35934,70.00714,69.18092,62.00806,71.25307,71.00704,71.17584,69.0,67.02984,64.03124,63.00794,63.03174,70.11419,68.02941,67.26812,62.07254,66.0303,68.06614,67.06713
12.16553,12.16553,12.16553,12.16553,11.18034,11.18034,11.18034,11.18034,11.04536,11.04536,10.04988,11.04536,11.04536,10.04988,10.04988,10.04988,10.0,10.04988,10.0,10.0,10.0,10.0,9.0,9.0,9.0,9.0,9.0,9.0,9.0,9.0,9.0,9.0,8.0,9.0,8.06226,8.06226,8.06226,8.06226,7.07107,7.07107,7.07107,7.28011,6.08276,6.32456,6.32456,5.38516,5.38516,5.38516,5.38516,5.38516,4.47214,4.47214,67.60178,64.07808,67.74216,59.03389,54.58938,57.77543,60.21628,55.9017,55.75841,55.75841,55.9017,54.58938,50.24938,51.0392,49.64877,49.67897,46.8615,48.9183,47.63402,48.41487,49.67897,45.22168,44.55334,37.64306,43.60046,43.93177,46.8615,43.13931,41.23106,41.86884,42.52058,38.20995,43.84062,35.38361,40.36087,40.31129,38.28838,41.10961,43.41659,33.83785,40.0,37.80212,36.23534,35.38361,35.22783,33.61547,31.76476,32.75668,31.01612,31.32092,25.4951,24.5153,24.73863,20.88061,23.76973,21.2132,19.23538,23.02173,20.61553,24.59675,26.62705,25.55386,28.17801,28.42534,32.80244,30.52868,38.01316,39.11521,41.04875,44.10215,48.54894,46.8615,50.9902,55.17246,55.17246,53.75872,57.31492,62.68174,61.05735,61.40033,63.00794,66.61081,63.51378,64.3506,67.08204,67.1193,66.21178,63.32456,66.21178,63.15853,67.6757,66.70832,69.64194,66.18912,65.55151,59.5399,66.37017,64.00781,68.44706,63.07139,66.7308,64.41273,68.42514,65.8635,65.79514,64.88451,66.03787,65.0,66.57327,64.49806,67.23095,65.45991,67.41662,68.88396
10.44031,10.77033,9.84886,9.84886,9.48683,9.48683,8.94427,8.94427,8.94427,8.94427,8.94427,8.94427,8.94427,8.94427,8.06226,8.06226,8.06226,8.06226,8.60233,8.06226,8.06226,8.06226,7.2111,7.2111,7.2111,7.2111,7.81025,7.2111,7.2111,7.2111,7.2111,7.2111,7.2111,7.2111,6.7082,6.7082,6.7082,6.7082,6.32456,5.38516,5.38516,5.38516,5.38516,5.09902,5.09902,4.12311,4.12311,4.0,4.0,4.0,4.0,4.0,64.14047,66.57327,64.66065,56.30275,64.07027,57.45433,61.29437,57.42822,57.68882,53.33854,48.02083,50.60632,56.93856,54.56189,43.82921,51.88449,53.7122,53.48832,46.09772,44.94441,46.8188,46.09772,46.17359,46.95743,42.48529,47.75982,42.54409,46.8188,44.77723,42.72002,40.31129,38.48376,44.94441,40.8534,42.95346,38.47077,41.59327,39.0,43.909,40.31129,39.66106,33.83785,35.8469,38.47077,31.62278,29.83287,32.64966,30.61046,29.83287,26.24881,27.01851,23.43075,26.62705,18.60108,20.51828,20.61553,15.23155,23.02173,20.02498,25.17936,25.01999,25.17936,24.35159,28.01785,31.06445,35.12834,37.0,42.04759,36.22154,47.04253,49.16299,47.04253,52.61179,49.49747,50.01,52.46904,61.35145,60.44005,59.13544,66.30988,58.82176,64.00781,64.14047,67.23095,65.19202,68.50547,64.14047,66.03787,66.06815,67.42403,64.40497,65.21503,64.63745,63.00794,64.07027,63.81222,65.51336,65.43699,62.17717,62.68174,70.49113,61.05735,63.51378,64.81512,59.90826,67.95587,68.26419,67.20119,64.89992,65.51336,66.57327,68.60029,66.57327,63.13478
11.0,10.04988,10.0,10.0,10.0,9.05539,9.05539,9.05539,9.05539,9.05539,9.21954,9.21954,9.05539,8.24621,8.06226,9.21954,9.21954,8.24621,8.24621,8.24621,8.06226,8.06226,8.24621,7.28011,8.24621,8.24621,8.24621,7.28011,7.28011,7.28011,7.28011,7.07107,7.07107,7.07107,7.0,7.07107,7.07107,6.08276,6.0,6.0,6.0,6.0,5.0,5.09902,5.09902,5.09902,4.12311,4.12311,4.12311,4.12311,3.60555,3.16228,67.08204,66.18912,67.1193,63.50591,61.05735,61.77378,64.14047,57.70615,55.56978,58.5235,56.0357,58.18075,53.66563,47.20169,55.0,51.22499,59.20304,55.0,55.21775,52.80152,50.44799,51.73973,48.27007,48.82622,47.43416,48.27007,45.60702,41.72529,46.2277,47.42362,44.55334,43.27817,38.27532,45.45327,42.42641,43.18565,39.69887,41.18252,42.48529,40.24922,43.82921,35.51056,36.89173,32.75668,34.88553,37.44329,30.8707,29.54657,35.8469,28.79236,31.62278,24.73863,27.51363,25.31798,25.96151,21.2132,20.02498,19.31321,27.29469,22.47221,25.63201,22.84732,30.8707,27.45906,30.23243,37.64306,35.51056,43.82921,40.49691,44.65423,48.41487,48.41487,48.16638,53.07542,56.72742,60.20797,63.82006,63.81222,65.21503,64.07027,64.63745,64.89992,69.46222,71.11259,66.18912,66.64833,65.79514,67.54258,67.41662,65.80274,68.00735,68.15424,64.88451,60.37384,66.21178,65.55151,66.85058,67.53518,68.0,61.40033,65.36819,64.84597,67.06713,66.30988,62.6099,62.76942,69.83552,63.95311,69.11584,67.60178,60.20797,65.74192,65.55151,69.35416
11.40175,10.63015,11.40175,10.63015,10.0,10.63015,10.0,10.0,10.0,10.29563,10.0,10.0,9.43398,10.29563,8.94427,9.43398,9.43398,8.94427,8.94427,8.94427,8.94427,8.94427,8.94427,8.544,8.544,8.94427,8.94427,8.544,8.544,8.94427,8.544,7.61577,7.61577,7.61577,8.06226,8.06226,7.2111,7.2111,7.2111,7.2111,6.40312,6.40312,6.40312,6.40312,5.65685,5.0,5.65685,4.24264,4.24264,4.24264,4.24264,3.60555,66.0,62.07254,66.1211,64.00781,62.03225,62.20129,60.07495,56.0357,54.00926,57.00877,59.3043,56.32051,60.29925,47.51842,50.35871,51.78803,49.81967,48.27007,51.41984,51.78803,55.10898,45.22168,49.24429,48.70318,48.37355,45.60702,42.72002,42.37924,37.36308,47.12749,44.01136,47.43416,40.16217,41.4367,43.17407,40.16217,39.84972,43.65776,41.23106,42.75512,38.32754,40.4475,39.20459,40.1995,37.33631,31.14482,33.13608,30.14963,26.01922,29.01724,32.14032,26.1725,27.29469,27.0,22.2036,23.08679,19.69772,21.93171,29.06888,25.55386,26.41969,23.32381,28.6007,30.67572,32.64966,35.77709,30.8707,39.56008,44.72136,43.82921,48.33218,51.86521,49.72927,59.13544,58.24088,60.63827,56.88585,59.43904,64.62971,60.67125,65.19202,62.00806,70.00714,71.00704,72.0,62.28965,67.26812,65.19202,67.26812,70.17834,63.3877,67.1193,63.3877,65.49046,66.27217,62.03225,67.06713,68.06614,65.03076,72.06247,65.0,67.02984,66.27217,65.00769,69.02898,65.06919,60.03332,64.19502,68.02941,72.44308,69.46222,69.26038,64.07027,62.00806
12.04159,12.04159,11.31371,12.04159,11.31371,11.31371,11.31371,11.31371,10.63015,10.63015,10.63015,10.63015,10.63015,10.63015,10.0,10.0,10.0,9.43398,10.0,9.21954,9.21954,9.21954,8.60233,9.43398,8.60233,9.43398,9.43398,8.60233,8.60233,8.06226,8.60233,8.60233,7.81025,7.81025,7.81025,7.81025,7.81025,7.81025,7.81025,7.07107,7.07107,7.07107,7.07107,6.40312,6.40312,6.40312,5.83095,5.0,5.83095,5.0,4.47214,4.47214,65.96969,68.15424,69.42622,66.4906,60.41523,63.63961,62.8172,62.8172,62.64982,56.7186,54.45181,49.24429,53.75872,55.57877,49.09175,56.0803,55.22681,56.32051,52.39275,50.03998,49.0408,46.52956,50.08992,50.03998,50.0,51.47815,45.04442,48.0,45.01111,39.20459,43.10452,41.04875,39.0,44.0,38.11824,43.10452,42.10701,42.04759,44.04543,37.12142,33.06055,37.85499,34.36568,39.81206,32.38827,31.40064,32.75668,33.10589,29.15476,28.79236,25.07987,23.76973,26.0,23.76973,24.83948,26.41969,20.51828,25.05993,24.16609,23.25941,24.69818,27.89265,30.08322,32.69557,31.38471,35.8469,38.63936,39.56008,43.41659,46.57252,47.67599,51.15662,53.08484,53.75872,55.14526,58.03447,59.03389,62.07254,67.02984,65.37584,62.58594,69.05071,67.60178,69.12308,71.19691,68.15424,71.30919,63.56886,68.62215,65.80274,67.35726,70.88018,61.40033,63.78871,66.40783,64.28841,67.18631,68.00735,65.30697,68.06614,63.06346,64.32729,66.91039,67.26812,63.56099,71.02112,67.26812,74.52516,71.02112,69.18092,66.27217,70.40597,72.27724,76.23647
12.20656,11.40175,11.40175,11.40175,11.40175,10.0,10.63015,10.63015,10.63015,10.63015,10.63015,9.89949,9.89949,9.89949,9.89949,9.89949,9.89949,9.89949,9.21954,9.21954,9.21954,9.21954,9.21954,8.48528,8.48528,8.48528,8.48528,7.81025,7.81025,8.48528,7.81025,7.81025,7.81025,7.81025,7.81025,7.07107,7.2111,6.40312,6.40312,6.40312,5.83095,5.83095,6.40312,5.83095,5.83095,4.47214,4.47214,4.47214,4.47214,4.47214,4.12311,4.12311,62.03225,67.97794,61.68468,62.93648,67.41662,62.96825,60.92618,54.42426,57.77543,56.0803,55.03635,52.49762,58.82176,51.5461,53.85165,57.56735,45.88028,49.47727,51.24451,51.66237,54.12947,48.6621,43.17407,45.70558,44.38468,44.64303,43.41659,44.14748,43.01163,45.70558,46.52956,43.41659,41.48494,40.02499,44.64303,40.5216,38.60052,38.60052,37.94733,40.26164,35.4683,37.64306,36.67424,34.17601,34.20526,35.90265,31.95309,30.41381,30.41381,26.83282,29.20616,26.24881,25.0,23.02173,24.41311,20.0,22.80351,22.56103,24.08319,27.20294,28.16026,28.4605,28.44293,26.4764,31.01612,30.80584,36.13862,41.19466,39.01282,42.57934,45.01111,47.09565,51.35173,53.08484,58.21512,55.3263,55.9017,58.69412,66.94027,66.09841,65.78754,66.64083,66.30988,67.08204,67.1193,66.21178,67.54258,65.29931,66.64083,67.53518,60.90156,60.90156,66.24198,65.8635,65.0,58.18075,66.48308,63.13478,63.69458,65.45991,62.64982,65.79514,61.46544,65.74192,71.30919,69.77822,63.97656,65.55151,67.06713,68.35203,70.00714,62.76942,71.47027,65.0
11.6619,10.81665,11.6619,10.81665,10.81665,10.81665,10.81665,10.29563,10.29563,10.29563,10.29563,10.29563,9.84886,9.84886,8.94427,10.29563,8.94427,9.84886,8.544,8.94427,8.94427,8.94427,8.94427,8.544,8.544,8.544,8.544,8.544,7.61577,8.544,7.61577,7.61577,7.61577,7.61577,8.06226,8.06226,7.2111,6.7082,6.7082,6.7082,6.40312,5.83095,6.40312,5.0,5.65685,5.0,5.0,5.0,4.24264,4.24264,4.24264,3.60555,64.12488,74.02702,67.1193,65.19202,65.03076,60.20797,59.07622,58.54912,60.20797,63.3877,64.0,58.00862,55.22681,54.23099,56.32051,54.45181,52.95281,51.97115,54.23099,54.23099,57.87055,51.41984,42.05948,50.44799,48.50773,44.64303,45.89118,47.29693,43.73786,46.84015,46.17359,41.78516,44.64303,37.36308,39.84972,40.26164,39.21734,40.80441,40.16217,40.31129,40.60788,37.21559,35.01428,33.54102,30.01666,33.06055,32.24903,34.23449,29.42788,29.06888,28.44293,31.57531,25.17936,23.19483,21.0238,24.33105,23.34524,21.47091,22.80351,27.58623,27.01851,28.01785,30.0,26.62705,36.05551,35.34119,39.96248,42.05948,43.32436,44.38468,49.65884,48.8467,55.36244,56.61272,58.46366,61.13101,61.61169,63.50591,62.514,67.26812,69.02898,70.00714,69.00725,67.1193,66.0,71.00704,64.07027,69.46222,68.18358,63.03174,67.36468,65.27634,64.38167,65.37584,65.00769,64.07027,63.00794,62.07254,65.0,68.00735,64.19502,64.07027,71.17584,69.02898,69.72087,65.0,66.0303,68.02941,70.00714,70.00714,74.24284,67.18631,71.0,66.0
10.44031,10.44031,10.44031,10.44031,10.44031,10.44031,10.19804,9.21954,9.21954,9.21954,9.21954,9.21954,9.21954,9.21954,8.06226,9.05539,9.05539,9.05539,8.06226,8.06226,8.06226,8.06226,8.06226,8.06226,8.06226,8.0,8.0,7.07107,8.0,8.06226,7.07107,7.07107,7.07107,7.07107,7.07107,7.07107,7.07107,6.08276,6.08276,6.32456,5.38516,5.38516,5.38516,5.38516,4.47214,4.47214,4.47214,4.47214,3.60555,3.60555,3.60555,3.60555,65.79514,63.90618,61.7171,59.9333,60.53924,62.26556,65.8635,64.4748,62.96825,59.20304,59.07622,62.76942,56.85948,50.47772,52.80152,59.40539,56.61272,55.60576,52.15362,55.21775,52.80152,50.21952,56.22277,46.32494,47.70744,47.16991,46.69047,43.93177,46.61545,44.59821,42.63801,43.41659,45.27693,47.80167,42.63801,39.05125,42.43819,42.0119,41.04875,36.87818,40.0,40.22437,42.19005,33.61547,34.88553,36.05551,33.12099,26.92582,29.73214,27.313,26.92582,32.98485,27.51363,25.70992,21.37756,22.09072,21.0238,20.59126,23.08679,21.9545,25.55386,23.25941,26.40076,30.23243,33.12099,32.44996,36.23534,41.88078,43.41659,47.20169,47.42362,46.75468,51.62364,54.45181,58.25805,59.81639,63.60031,61.61169,63.63175,68.09552,62.26556,70.71068,67.60178,62.76942,69.77822,74.63243,69.77822,68.70953,64.2573,59.77458,70.83784,68.96376,63.56886,64.88451,62.6099,72.23573,61.26989,63.56886,62.26556,59.68249,66.18912,61.7171,69.11584,61.77378,67.08204,68.0,66.30988,68.26419,67.23095,64.66065,68.88396,74.70609,63.95311,73.79024
11.40175,12.20656,11.40175,11.40175,11.40175,11.40175,10.81665,10.0,10.63015,10.63015,10.0,10.63015,9.21954,9.21954,9.21954,9.89949,9.89949,9.21954,8.48528,8.48528,8.48528,8.48528,8.48528,8.48528,8.48528,8.48528,8.48528,8.48528,8.48528,8.48528,7.81025,8.48528,7.07107,7.81025,7.81025,7.81025,7.2111,7.2111,7.2111,7.2111,6.7082,6.7082,6.7082,5.38516,5.38516,5.38516,5.38516,5.38516,5.09902,5.09902,5.09902,5.0,67.74216,54.74486,65.9242,61.29437,62.514,63.3877,51.62364,63.78871,55.7315,58.69412,61.81424,55.9017,58.00862,47.26521,51.47815,51.24451,51.47815,48.04165,49.0408,50.0,50.0,51.0098,45.0,46.01087,44.10215,45.04442,48.04165,43.0,39.0,41.01219,45.04442,45.0,42.19005,38.01316,42.0,37.0,39.05125,36.22154,39.45884,42.29657,35.51056,36.49658,32.06244,35.69314,32.0,30.59412,30.36445,28.86174,25.70992,26.1725,26.0,26.40076,24.69818,19.41649,20.88061,20.0,19.69772,20.12461,24.04163,22.36068,21.54066,25.4951,27.51363,28.4605,31.01612,33.54102,36.68787,41.4367,41.10961,42.95346,51.97115,47.07441,49.09175,51.47815,53.0,57.14018,58.07753,57.14018,64.07027,60.29925,61.40033,66.4906,62.96825,65.25335,66.94027,65.73431,72.27724,62.58594,66.7308,64.51356,57.87055,66.48308,66.09841,62.0967,60.40695,60.40695,61.13101,61.98387,62.36986,64.7611,62.64184,62.36986,66.37017,62.58594,65.11528,63.78871,59.22837,67.35726,62.96825,62.64982,63.15061,66.09841,70.21396,62.16912
11.18034,11.18034,11.18034,11.18034,11.18034,11.18034,11.18034,10.19804,10.19804,10.04988,10.04988,10.04988,10.04988,10.04988,10.04988,10.04988,10.04988,9.05539,10.0,9.0,9.0,9.0,9.0,9.0,9.0,9.0,9.0,8.0,9.0,8.0,9.0,8.0,8.0,8.0,8.06226,7.07107,7.07107,7.07107,7.07107,7.07107,6.08276,6.32456,6.32456,6.08276,5.38516,5.38516,5.38516,5.38516,5.38516,4.47214,4.47214,4.47214,63.34824,68.15424,63.95311,66.28725,64.77654,62.80127,59.43904,53.23533,54.70832,52.17279,60.01666,57.97413,51.47815,56.32051,53.14132,55.65968,53.7122,52.0,48.46648,53.16014,51.92302,50.32892,44.29447,48.38388,45.31004,45.88028,50.92151,46.95743,43.65776,49.39636,48.33218,45.69464,44.77723,43.86342,37.64306,38.91015,37.36308,47.42362,44.59821,41.7732,41.97618,37.10795,40.16217,40.02499,36.40055,36.67424,32.01562,31.40064,31.14482,30.01666,29.06888,23.76973,26.07681,27.29469,28.44293,26.1725,21.18962,21.26029,22.80351,28.3196,22.80351,31.1127,29.20616,31.14482,27.80288,40.31129,38.20995,40.45986,43.01163,48.9183,49.40648,51.22499,53.7122,52.35456,57.27128,53.0,63.89053,70.2282,64.56005,70.60453,62.36986,62.36185,69.37579,70.21396,72.00694,66.91039,66.37017,65.19202,64.13267,64.28063,64.07027,64.28063,68.26419,68.46897,65.19202,61.52235,66.91039,68.06614,61.29437,66.06815,70.40597,64.62971,71.11259,66.75328,61.18823,75.70997,66.09841,68.68042,68.88396,66.48308,67.08204,68.41053,67.91171,68.65858
11.18034,11.18034,11.18034,11.18034,10.29563,10.29563,10.29563,10.29563,9.43398,9.43398,9.43398,9.43398,9.43398,9.43398,9.43398,9.21954,9.21954,8.60233,8.60233,8.60233,8.60233,8.60233,7.81025,7.81025,7.81025,8.48528,7.81025,7.81025,7.81025,7.81025,7.81025,7.81025,7.81025,7.2111,7.2111,6.40312,7.2111,7.2111,6.7082,5.83095,5.83095,5.83095,5.38516,5.38516,5.38516,5.38516,5.38516,4.12311,4.12311,4.12311,4.0,4.0,63.90618,69.28925,59.03389,60.37384,62.03225,61.09828,59.94164,57.77543,56.30275,50.69517,52.39275,54.40588,52.92447,52.92447,51.86521,53.14132,51.24451,54.34151,51.24451,51.5461,50.28916,47.43416,44.72136,45.70558,47.53946,44.14748,45.39824,47.38143,44.55334,47.51842,44.28318,47.67599,39.62323,44.55334,38.32754,47.67599,41.59327,43.56604,39.29377,34.48188,31.57531,37.0,38.07887,39.56008,34.78505,36.05551,26.83282,33.24154,27.85678,26.0,26.62705,26.40076,29.06888,24.59675,26.92582,21.2132,23.34524,20.09975,21.0238,20.02498,23.19483,27.01851,24.0,30.41381,32.06244,34.23449,36.12478,35.22783,39.31921,47.51842,48.37355,55.7315,50.96077,52.49762,54.57105,58.82176,59.5063,59.61543,62.76942,60.83584,61.77378,63.95311,68.26419,61.05735,69.02898,63.25346,66.28725,59.66574,68.24222,62.482,67.62396,61.07373,60.21628,59.40539,59.20304,63.60031,63.60031,67.1193,63.63175,62.68174,65.73431,68.47627,54.12024,57.45433,64.66065,63.97656,57.70615,66.7308,66.7308,61.7171,59.05929,64.4748,68.15424,67.97794
11.04536,11.04536,10.04988,10.04988,10.04988,10.04988,10.04988,10.04988,10.04988,9.21954,10.19804,10.19804,9.21954,9.21954,8.24621,9.48683,9.48683,9.21954,8.24621,8.24621,8.24621,8.24621,8.544,7.61577,7.61577,8.544,8.544,7.61577,7.61577,8.544,7.61577,7.28011,7.28011,7.28011,7.28011,7.28011,7.28011,6.32456,6.08276,6.08276,6.08276,6.08276,6.08276,5.09902,5.0,5.0,5.0,4.0,4.0,4.12311,4.12311,3.16228,71.50524,61.52235,62.24147,70.00714,61.7171,59.20304,62.24147,59.40539,59.40539,57.62812,57.2014,53.82379,61.40033,61.22091,53.41348,54.70832,54.81788,54.6443,50.24938,51.0,48.37355,54.08327,45.48626,47.88528,46.52956,41.34005,50.60632,45.79301,48.54894,48.37355,45.18849,45.18849,43.56604,38.07887,41.62932,43.38202,38.01316,40.70626,36.71512,42.48529,40.81666,37.44329,35.80503,36.40055,36.23534,34.05877,34.05877,30.61046,26.90725,29.83287,23.60085,31.14482,25.6125,22.02272,22.82542,25.0,23.02173,24.35159,26.92582,23.4094,27.65863,26.57066,28.86174,31.38471,30.08322,34.48188,36.40055,47.75982,42.05948,49.64877,48.76474,50.24938,54.40588,54.40588,56.30275,55.75841,55.60576,67.35726,68.24954,64.3506,66.48308,68.0147,68.62215,71.61006,65.19202,70.45566,68.24954,65.80274,64.3506,58.82176,67.95587,65.0,62.482,68.76772,66.28725,60.46487,62.28965,63.03174,63.89053,60.30755,65.94695,61.7171,60.87693,63.65532,67.26812,70.03571,62.28965,67.80118,67.17887,69.42622,63.65532,67.94115,66.52819,72.12489
11.6619,11.6619,10.81665,11.18034,10.29563,10.29563,10.81665,10.29563,10.29563,10.0,9.43398,10.0,10.0,9.43398,10.0,9.43398,9.21954,8.60233,8.60233,8.60233,8.60233,7.81025,8.60233,8.48528,7.81025,7.81025,8.48528,7.81025,7.81025,7.81025,7.81025,7.81025,7.81025,7.81025,7.2111,7.2111,7.2111,7.2111,6.7082,6.7082,6.7082,6.7082,6.32456,6.32456,5.38516,5.38516,5.38516,5.09902,5.09902,5.09902,5.09902,5.0,57.87055,63.78871,65.76473,64.12488,60.03332,64.93843,61.29437,55.9017,56.14268,62.1289,61.07373,62.03225,55.00909,50.08992,51.24451,53.23533,53.00943,50.15974,50.0,49.0408,52.00961,51.35173,48.05206,41.19466,44.10215,41.10961,39.62323,47.26521,45.27693,44.91102,45.39824,50.24938,39.20459,34.36568,40.04997,39.31921,39.11521,39.81206,41.59327,43.56604,40.0125,40.11234,39.01282,33.13608,34.05877,35.35534,35.0571,30.01666,29.27456,27.89265,30.59412,28.63564,25.4951,19.92486,21.93171,21.18962,25.55386,18.78829,22.56103,20.61553,24.5153,24.73863,27.51363,27.89265,34.20526,34.9285,33.73426,43.56604,40.4475,44.91102,48.83646,50.35871,49.09175,52.0,49.09175,58.00862,56.14268,60.00833,59.84146,60.01666,63.78871,67.6757,65.30697,66.09841,67.72001,64.7611,69.89278,64.84597,67.06713,69.07966,63.56886,64.84597,65.19202,64.84597,63.56886,63.60031,65.51336,65.96969,59.20304,64.28841,63.06346,64.7611,71.80529,70.03571,62.96825,65.76473,64.56005,67.18631,68.65858,71.38627,63.95311,68.41053,71.84706,62.514
11.40175,10.63015,11.40175,11.40175,10.63015,10.63015,10.63015,9.89949,9.89949,9.89949,9.89949,9.89949,9.89949,9.21954,9.21954,9.21954,9.21954,8.60233,8.60233,9.21954,7.81025,8.60233,7.81025,8.60233,8.60233,7.2111,8.06226,8.06226,8.06226,8.06226,7.81025,7.81025,7.2111,7.2111,6.40312,6.40312,6.40312,7.07107,6.40312,6.40312,5.65685,5.65685,5.0,5.0,5.0,5.0,5.0,4.47214,4.47214,4.47214,4.47214,4.12311,66.0303,65.49046,65.03076,63.12686,62.07254,61.0082,58.03447,63.07139,60.07495,59.00847,60.07495,53.15073,56.14268,54.23099,54.03702,51.15662,53.03772,56.14268,48.37355,52.08647,48.04165,52.08647,50.35871,46.52956,45.27693,47.38143,44.55334,49.81967,44.72136,41.97618,45.54119,36.34556,51.41984,41.7732,43.41659,43.93177,41.0,42.2019,39.62323,39.20459,38.63936,43.10452,37.01351,35.0571,35.12834,33.13608,29.01724,35.35534,28.01785,28.01785,26.07681,28.07134,28.16026,24.5153,27.20294,25.63201,22.47221,22.2036,21.93171,25.4951,24.41311,27.29469,27.78489,27.29469,34.20526,40.70626,31.95309,38.60052,43.08132,45.60702,45.12206,48.27007,52.46904,56.56854,54.08327,59.21149,53.46027,60.07495,70.06426,65.03076,65.12296,69.46222,64.49806,62.64982,65.9242,65.11528,67.60178,61.84658,63.15061,70.61161,69.87131,70.21396,65.0,61.18823,64.03124,62.0967,64.53681,62.16912,62.39391,61.98387,66.75328,62.20129,66.1211,62.39391,64.12488,72.11103,71.11259,68.26419,67.1193,63.00794,62.64982,68.02941,70.06426,65.27634
10.77033,11.18034,10.29563,11.18034,9.84886,9.84886,9.84886,9.84886,9.84886,8.94427,9.43398,9.43398,9.43398,8.94427,8.94427,8.60233,8.60233,8.06226,8.60233,8.06226,8.06226,8.60233,7.2111,7.81025,7.81025,7.81025,7.81025,7.2111,7.81025,7.2111,7.2111,7.2111,7.2111,7.2111,7.2111,6.7082,6.7082,6.7082,6.32456,6.32456,5.38516,5.38516,5.09902,5.09902,5.09902,4.12311,5.09902,5.0,4.0,4.0,4.0,4.0,67.77905,65.78754,68.00735,63.32456,65.45991,61.40033,61.26989,58.5235,61.09828,54.81788,57.58472,51.5461,50.92151,57.58472,50.0,55.65968,53.85165,56.75385,55.54278,49.72927,53.15073,47.51842,48.37355,48.76474,45.88028,48.08326,46.87217,44.28318,47.29693,47.38143,45.27693,42.95346,49.72927,42.75512,42.19005,43.73786,44.38468,43.41659,44.38468,32.89377,39.84972,36.23534,41.23106,37.33631,35.51056,35.8469,32.89377,34.9285,25.55386,31.06445,27.29469,29.41088,30.52868,28.30194,20.0,16.64332,18.78829,19.31321,19.31321,25.96151,26.92582,28.16026,25.70992,29.61419,33.73426,36.87818,39.31921,39.45884,38.0526,48.37355,48.04165,46.0,45.04442,51.35173,51.62364,58.54912,61.13101,62.39391,66.70832,63.32456,63.34824,64.51356,67.6757,61.84658,65.55151,65.30697,68.44706,65.76473,65.74192,61.29437,67.1193,64.62198,65.0,61.32699,59.03389,58.60034,65.39113,65.30697,62.64982,58.60034,69.28925,65.79514,60.37384,61.26989,62.64982,69.89278,68.02941,72.01389,65.9242,63.90618,63.56099,65.80274,68.00735,71.30919
12.04159,11.31371,11.31371,11.31371,11.31371,10.63015,11.31371,9.89949,11.31371,10.63015,10.63015,10.63015,10.0,10.0,10.0,10.0,10.0,10.0,9.43398,9.43398,8.60233,8.60233,9.21954,8.06226,8.94427,9.43398,8.60233,9.43398,8.94427,8.60233,8.06226,8.60233,8.60233,8.60233,7.81025,7.81025,7.81025,7.81025,7.07107,6.40312,7.07107,7.07107,7.07107,6.40312,5.65685,5.0,5.0,5.0,5.0,4.47214,4.47214,4.47214,64.93843,60.01666,62.514,66.0303,61.52235,62.39391,55.08176,60.03332,52.15362,60.29925,61.13101,56.22277,59.00847,49.25444,58.21512,50.03998,50.01,50.15974,51.0392,53.03772,51.0392,52.03845,47.01064,46.27094,41.01219,43.41659,47.26521,43.56604,44.10215,47.38143,45.27693,47.0,43.28972,37.85499,43.10452,38.11824,39.20459,41.30375,41.0,45.17743,45.17743,40.4475,39.31921,34.1321,37.33631,33.06055,34.23449,30.80584,28.16026,35.1141,28.16026,26.57066,29.12044,26.0,25.07987,22.84732,25.05993,21.9545,26.41969,26.07681,25.55386,26.92582,30.61046,30.46309,34.66987,39.44617,37.58989,36.05551,46.06517,45.35416,45.60702,49.72927,53.60037,55.7315,50.35871,62.514,61.29437,59.03389,60.20797,65.12296,61.0082,64.19502,67.36468,64.77654,69.58448,67.74216,63.78871,66.09841,65.51336,61.81424,65.27634,69.18092,65.76473,66.61081,65.30697,61.61169,56.4358,61.98387,67.60178,63.28507,60.13319,66.1211,64.49806,64.07027,63.03174,65.00769,68.593,61.20457,70.17834,72.0,67.36468,69.18092,68.18358,63.00794
