10.29563,10.29563,9.84886,9.84886,9.84886,9.84886,8.544,9.48683,8.544,8.24621,9.48683,9.21954,9.21954,9.21954,9.21954,9.05539,9.05539,9.05539,9.05539,9.05539,9.05539,9.05539,9.05539,9.05539,9.05539,9.05539,9.21954,9.21954,9.21954,8.24621,8.24621,8.24621,8.24621,7.28011,7.61577,7.61577,7.61577,6.7082,6.7082,6.7082,5.83095,5.83095,5.83095,5.0,5.0,5.0,5.0,5.0,4.24264,4.24264,4.24264,4.47214,61.98387,63.50591,62.0967,62.80127,64.32729,62.58594,59.90826,52.39275,55.10898,54.40588,52.20153,52.55473,55.97321,49.64877,50.15974,49.65884,54.3783,52.47857,46.95743,53.23533,53.33854,53.25411,47.80167,50.56679,50.53712,46.64762,50.56679,52.43091,51.31277,50.53712,48.76474,51.89412,45.88028,47.50789,45.18849,43.86342,44.59821,42.72002,41.10961,41.59327,39.29377,37.65634,34.52535,36.49658,37.36308,33.24154,27.01851,28.28427,28.01785,24.02082,29.06888,25.0,25.07987,24.33105,20.22375,23.34524,22.84732,8.06226,10.44031,9.43398,12.08305,12.04159,12.20656,12.20656,16.12452,15.55635,17.80449,20.51828,22.2036,29.68164,29.20616,33.97058,36.76955,41.72529,42.44997,44.68781,46.75468,51.31277,53.23533,57.80138,55.56978,56.82429,62.26556,60.41523,63.89053,62.62587,65.55151,67.6757,70.5195,63.06346,65.25335,67.89698,72.53275,70.0928,69.63476,69.89278,67.26812,72.56721,68.24954,69.05071,73.97973,71.84706,70.34202,69.42622,67.46851,72.56032,69.87131,68.24954,68.65858,70.03571,66.61081,65.73431,73.08215,67.74216
11.18034,10.19804,10.19804,10.19804,10.19804,9.48683,9.48683,9.84886,9.48683,9.48683,9.84886,9.84886,8.94427,8.94427,8.94427,10.29563,9.43398,9.43398,9.43398,9.43398,9.43398,9.43398,9.43398,9.43398,10.29563,8.94427,8.94427,8.94427,8.94427,9.84886,8.544,8.544,8.544,7.61577,7.28011,7.28011,7.28011,6.32456,6.08276,6.08276,6.08276,6.08276,6.08276,5.09902,5.09902,5.0,5.0,4.0,4.0,4.12311,4.12311,3.16228,65.73431,68.47627,68.7968,59.9333,63.13478,59.16925,57.27128,57.80138,58.30952,55.00909,49.64877,50.56679,52.3259,46.48656,50.0,52.81098,56.64804,51.41984,48.70318,50.48762,51.78803,52.39275,51.62364,49.72927,50.28916,50.0,50.28916,53.60037,51.86521,52.49762,48.08326,51.47815,50.59644,42.72002,45.88028,47.92703,44.28318,45.65085,46.09772,38.48376,37.33631,38.94868,36.61967,34.0,31.40064,34.88553,32.64966,31.62278,30.4795,26.90725,21.40093,25.4951,22.62742,26.1725,24.69818,24.18677,24.69818,8.48528,11.6619,10.0,15.52417,18.24829,10.0,18.11077,19.10497,19.0,22.02272,18.02776,31.40064,30.36445,36.01389,33.13608,35.12834,41.10961,42.10701,48.16638,50.35871,48.05206,52.63079,58.46366,58.46366,61.98387,59.46427,66.7308,62.39391,61.84658,67.77905,68.88396,70.23532,70.71068,73.57309,74.88658,65.0,68.47627,69.77822,67.60178,72.94518,72.40166,71.55418,74.62573,75.29276,73.24616,70.71068,67.20119,71.86793,68.41053,69.11584,69.64194,67.23095,73.23933,61.05735,65.29931,73.24616,62.76942
11.18034,11.40175,10.44031,10.19804,9.48683,10.44031,9.48683,9.48683,9.84886,8.544,9.84886,8.94427,8.94427,8.94427,8.94427,9.43398,9.43398,9.43398,9.43398,9.43398,9.43398,9.43398,9.43398,10.29563,9.84886,8.94427,9.84886,8.94427,8.94427,8.94427,8.544,8.544,8.544,7.61577,7.28011,7.28011,7.28011,7.07107,6.08276,6.08276,6.08276,6.08276,6.08276,5.09902,5.0,5.0,5.0,4.0,4.0,4.0,4.12311,3.16228,69.52697,65.45991,69.35416,66.28725,66.24198,58.30952,58.30952,61.29437,56.4358,60.41523,60.53924,54.12024,54.626,47.92703,56.0803,56.75385,52.81098,55.7853,53.75872,47.67599,58.24946,47.43416,52.17279,55.97321,50.69517,53.75872,55.54278,50.69517,49.72927,54.57105,55.36244,54.40588,46.51881,51.5461,46.8188,51.89412,44.28318,47.41308,43.909,49.73932,42.19005,40.24922,35.51056,35.4683,34.4093,35.51056,34.4093,30.80584,33.83785,27.20294,24.75884,27.58623,23.34524,24.75884,22.80351,22.80351,23.02173,14.86607,12.04159,8.06226,12.04159,14.56022,14.14214,20.22375,12.64911,16.0,27.0,25.07987,25.4951,31.14482,30.80584,36.87818,46.01087,45.17743,38.01316,47.38143,51.5461,58.24088,58.5235,58.24946,59.43904,60.40695,65.80274,70.26379,72.61543,59.5399,70.68239,61.58734,73.06162,71.86793,75.80237,66.4003,68.60029,73.81734,73.79024,77.17513,76.15773,77.20104,74.62573,77.66595,75.71658,74.62573,74.51845,72.42237,74.65253,70.21396,73.00685,69.97142,71.55418,75.16648,65.8635,69.83552,71.02112,67.42403
11.18034,11.18034,10.19804,10.19804,10.04988,10.04988,10.04988,9.05539,9.05539,9.0,9.0,9.0,9.05539,9.05539,9.05539,9.05539,9.05539,9.05539,9.21954,9.05539,9.05539,9.05539,9.05539,10.19804,10.04988,9.05539,9.05539,9.05539,9.05539,9.0,9.0,9.0,8.06226,8.0,8.06226,7.07107,7.07107,7.07107,6.08276,6.08276,6.32456,6.32456,6.32456,5.38516,5.38516,5.38516,5.38516,4.47214,5.0,5.0,4.24264,4.24264,59.5483,65.60488,62.36986,65.43699,59.20304,58.00862,51.62364,59.03389,52.63079,56.22277,55.9017,53.75872,50.93133,51.66237,50.20956,50.47772,50.44799,55.60576,46.8615,50.32892,55.0,53.60037,51.31277,51.61395,48.82622,52.43091,57.80138,51.0392,49.67897,46.40043,49.81967,48.9183,44.68781,47.63402,48.16638,49.49747,44.59821,39.62323,39.69887,41.01219,39.66106,36.23534,36.61967,30.61046,37.21559,35.0,34.05877,31.62278,27.313,28.23119,21.0238,24.35159,21.0238,20.61553,23.76973,22.36068,19.23538,12.20656,9.43398,8.06226,16.40122,8.48528,9.89949,14.03567,14.86607,18.78829,16.76305,20.24846,28.63564,27.65863,29.61419,36.05551,31.38471,42.04759,41.67733,45.69464,44.94441,48.30114,52.20153,54.40588,55.44367,59.20304,63.00794,58.69412,62.96825,66.48308,65.06919,65.79514,66.52819,67.89698,72.24957,73.60027,69.2026,68.60029,74.8131,73.24616,68.88396,70.45566,71.70077,70.21396,71.58911,69.06519,71.28113,68.8186,73.24616,64.03124,71.21798,62.00806,70.43437,64.66065,67.20119,74.4043,66.21933,71.58911
10.77033,10.77033,10.44031,10.77033,10.44031,9.48683,9.48683,9.21954,9.21954,9.21954,9.21954,9.21954,9.05539,9.05539,9.05539,9.05539,9.05539,9.05539,9.0,9.0,9.05539,10.0,9.05539,9.0,10.04988,9.05539,9.05539,9.05539,9.05539,9.21954,8.24621,8.24621,8.24621,8.24621,7.28011,7.61577,7.61577,7.61577,6.7082,6.7082,5.83095,5.83095,5.83095,5.0,5.0,5.0,5.0,5.0,4.24264,4.24264,5.0,4.47214,60.80296,65.19202,61.85467,62.96825,61.61169,63.28507,62.36986,55.60576,54.81788,57.2014,54.03702,50.9902,55.86591,54.45181,51.85557,51.66237,54.48853,49.67897,44.40721,55.9017,49.67897,49.57822,51.61395,54.3783,52.40229,46.8615,53.2635,47.20169,53.8145,50.9902,55.17246,50.93133,45.96738,47.42362,45.25483,45.22168,43.86342,44.68781,46.87217,41.10961,37.44329,37.80212,39.66106,34.0,34.0,32.44996,26.92582,32.31099,27.313,27.78489,21.0238,23.4094,24.5153,26.4764,21.84033,20.09975,24.0,13.89244,11.7047,7.07107,11.6619,9.21954,16.40122,13.89244,15.26434,19.92486,21.54066,18.38478,27.85678,31.40064,34.17601,35.8469,37.57659,41.14608,43.04649,43.46263,47.16991,51.73973,50.47772,58.00862,57.48913,60.10824,62.93648,66.6033,60.81118,63.78087,66.48308,67.20119,67.26812,70.49113,64.81512,73.00685,73.24616,69.63476,73.24616,71.28113,73.23933,69.89278,73.81734,72.11103,69.83552,68.09552,68.8186,76.66159,71.02112,66.37017,72.40166,61.40033,73.00685,66.88797,59.07622,66.4003,70.45566,70.80254
12.04159,12.04159,11.04536,11.04536,10.04988,10.04988,10.19804,10.19804,10.19804,9.21954,10.44031,10.44031,9.48683,9.48683,9.48683,9.84886,9.84886,9.84886,9.84886,9.84886,9.84886,9.84886,9.84886,9.84886,9.84886,10.77033,9.84886,9.48683,9.48683,9.48683,9.48683,9.48683,8.24621,8.24621,8.24621,8.06226,8.06226,8.06226,7.07107,7.07107,7.0,7.0,6.0,6.0,6.0,6.0,6.0,5.0,5.09902,5.09902,5.09902,5.09902,61.55485,63.65532,65.06919,62.93648,61.52235,56.58622,57.31492,60.1415,53.15073,55.17246,50.80354,50.80354,51.85557,50.47772,50.47772,54.70832,52.83938,50.53712,51.31277,49.24429,56.0803,49.64877,51.26402,48.02083,48.33218,52.83938,47.92703,55.56978,52.92447,48.30114,49.24429,49.64877,45.79301,51.10773,42.94182,45.80393,43.82921,48.8774,36.79674,41.10961,43.41659,37.44329,37.48333,32.80244,34.05877,31.40064,31.14482,26.90725,27.80288,27.58623,25.6125,21.93171,26.07681,25.4951,25.4951,18.60108,25.0,13.92839,11.6619,11.40175,15.55635,12.04159,15.0,20.59126,17.0,18.38478,13.34166,24.18677,26.57066,31.04835,31.7805,34.17601,34.17601,39.0,40.24922,50.53712,49.1935,48.82622,56.0357,50.60632,56.93856,58.60034,59.40539,65.43699,63.70243,62.93648,67.89698,62.28965,71.50524,67.20863,73.24616,73.66139,71.70077,67.20863,68.593,70.60453,76.6942,78.64477,69.42622,73.75636,72.24957,73.10951,75.74299,74.8131,71.50524,68.68042,67.20119,70.93659,66.48308,68.11755,66.70832,70.29225,65.8559,75.0733
12.20656,11.40175,11.40175,11.40175,11.40175,10.63015,10.63015,10.63015,10.63015,9.89949,9.89949,10.63015,10.63015,10.63015,10.63015,10.0,10.0,10.0,10.0,10.0,10.0,10.81665,10.63015,10.81665,11.40175,10.0,10.0,10.63015,9.89949,10.63015,9.89949,9.89949,9.21954,8.48528,9.21954,8.48528,7.81025,7.81025,7.2111,7.2111,7.2111,7.2111,7.2111,5.83095,5.83095,5.83095,5.83095,5.83095,5.38516,5.38516,5.38516,4.12311,60.41523,64.77654,69.35416,56.04463,61.39218,58.94065,63.63961,56.7186,61.07373,49.36598,51.15662,54.14795,50.08992,55.08176,52.00961,48.09366,52.08647,51.08816,50.03998,49.36598,51.08816,49.0,54.74486,49.16299,48.50773,52.03845,51.08816,57.0,57.03508,49.0102,51.0098,47.16991,56.0,48.01042,44.04543,43.04649,46.38965,45.09989,43.04649,37.33631,37.10795,38.07887,37.10795,33.52611,35.17101,27.51363,32.20248,28.63564,29.54657,30.08322,26.92582,25.29822,24.41311,24.75884,23.60085,24.75884,24.75884,11.18034,11.18034,10.0,6.08276,11.18034,10.81665,13.0384,20.59126,20.59126,24.18677,24.83948,29.15476,29.83287,33.54102,33.10589,38.8973,40.8534,43.41659,44.92215,44.77723,51.24451,59.90826,55.54278,56.7186,65.49046,61.20457,61.0,60.20797,66.00758,70.02857,67.0,72.1734,72.24957,66.18912,72.44308,71.02112,69.72087,75.80237,75.66373,76.41989,73.5459,71.70077,70.21396,76.79193,72.69113,63.15061,64.28841,68.88396,69.72087,69.46222,65.76473,67.26812,66.09841,66.61081,66.61081,76.68768,71.34424
12.20656,11.6619,11.6619,11.6619,11.18034,10.29563,9.84886,9.84886,10.77033,10.77033,10.77033,10.44031,9.48683,10.44031,10.44031,10.44031,10.19804,10.44031,10.44031,10.44031,10.44031,10.44031,10.44031,10.44031,10.77033,10.44031,10.44031,9.48683,9.84886,9.48683,9.84886,9.84886,8.94427,8.94427,8.94427,8.06226,8.06226,8.06226,7.2111,7.2111,7.2111,7.2111,6.40312,6.40312,6.40312,6.40312,5.65685,5.65685,5.65685,5.65685,5.0,5.0,71.02816,67.1193,70.45566,65.19202,65.12296,60.00833,61.29437,56.14268,55.22681,48.83646,50.48762,50.28916,50.44799,52.20153,48.46648,44.94441,56.30275,51.07837,48.8467,49.24429,47.43416,52.35456,51.88449,49.1935,54.12024,53.14132,54.12947,52.39275,51.86521,53.31041,49.64877,47.75982,54.40588,44.92215,44.55334,46.48656,44.72136,47.07441,42.75512,42.42641,39.81206,39.31921,39.20459,36.49658,36.22154,33.06055,34.0,31.257,26.01922,22.0,27.45906,23.5372,27.29469,23.5372,21.58703,23.76973,18.78829,11.18034,8.94427,16.12452,11.40175,11.40175,12.08305,15.65248,17.08801,20.12461,25.0,23.34524,24.08319,35.38361,33.97058,33.28663,38.47077,43.56604,46.14109,47.70744,51.62364,53.31041,60.16644,58.87274,59.13544,62.93648,68.00735,65.30697,64.7611,66.48308,65.9242,74.43118,68.46897,72.11103,77.64664,76.11833,70.11419,75.23962,71.11259,77.52419,74.8131,74.06079,74.24284,72.1734,84.05355,66.27217,75.02666,75.02666,66.0303,76.05919,73.10951,68.02941,77.41447,68.11755,69.18092,69.58448,67.36468,75.10659
10.44031,10.19804,9.48683,10.19804,9.21954,9.48683,9.48683,8.544,9.48683,8.94427,8.94427,9.43398,9.43398,8.94427,9.43398,9.43398,9.43398,9.43398,9.43398,9.43398,8.60233,9.43398,9.43398,9.21954,9.43398,9.43398,9.43398,8.60233,8.94427,8.06226,8.06226,8.06226,7.61577,7.61577,7.61577,7.61577,7.61577,6.32456,6.32456,6.32456,5.38516,5.38516,5.09902,5.09902,5.09902,4.12311,4.12311,4.0,4.12311,4.0,4.0,3.0,66.70832,62.62587,63.78087,65.11528,57.48913,58.79626,60.959,60.20797,58.13777,54.81788,53.25411,54.58938,56.30275,48.01042,54.70832,56.35601,50.11986,53.7122,51.0,55.36244,56.35601,49.0408,55.03635,49.76947,52.3259,52.7731,51.88449,54.70832,49.39636,50.32892,51.10773,50.24938,50.53712,46.32494,46.64762,48.10405,43.82921,44.94441,48.41487,44.20407,41.23106,43.13931,35.35534,36.76955,32.55764,32.55764,32.64966,28.3196,26.41969,28.3196,24.04163,24.83948,24.08319,25.23886,23.70654,23.85372,21.37756,12.80625,10.81665,10.63015,11.6619,13.92839,12.08305,13.15295,15.13275,21.37756,22.02272,23.34524,30.01666,28.01785,28.63564,43.17407,38.8973,45.70558,42.72002,45.54119,49.0408,50.32892,55.71355,57.24509,55.56978,61.26989,59.16925,63.81222,61.03278,61.22091,72.20111,64.81512,71.70077,67.17887,71.70077,70.93659,70.71068,76.83749,72.18033,70.0928,73.59348,75.00667,70.72482,70.72482,71.06335,72.12489,65.76473,65.76473,75.16648,68.62215,68.593,69.42622,68.24954,69.31089,61.55485,68.62215,62.2254,69.31089
11.7047,11.7047,11.7047,11.7047,10.77033,10.77033,11.18034,10.29563,10.29563,10.29563,10.29563,10.81665,10.81665,10.81665,10.81665,11.40175,10.63015,10.0,11.40175,10.63015,10.81665,11.40175,10.0,11.40175,10.81665,10.81665,10.81665,10.81665,10.81665,9.43398,9.43398,10.29563,9.43398,9.43398,8.94427,8.94427,8.544,7.61577,7.61577,7.61577,7.28011,7.28011,6.32456,6.32456,6.32456,6.08276,6.08276,6.08276,5.09902,5.0,5.0,5.0,64.89992,67.1193,58.83026,63.51378,62.64982,54.40588,58.66856,63.81222,52.47857,52.83938,49.65884,52.55473,50.53712,56.0803,53.23533,51.07837,51.24451,49.98,52.88667,51.66237,56.29387,46.84015,49.49747,54.12024,49.72927,51.1957,45.88028,55.10898,48.46648,49.64877,49.64877,52.0,45.88028,46.17359,43.65776,44.01136,43.32436,42.95346,47.16991,44.38468,39.44617,36.05551,34.88553,35.8469,34.48188,27.45906,34.66987,28.6007,26.07681,28.30194,26.90725,22.36068,21.26029,26.1725,21.40093,20.59126,19.84943,7.81025,9.89949,11.6619,9.0,11.40175,12.64911,12.36932,16.03122,18.02776,24.02082,25.31798,24.33105,33.37664,34.9285,38.0526,39.81206,41.30375,46.09772,50.01,48.6621,49.0408,53.75872,54.626,61.68468,65.9242,65.36819,65.0,68.47627,63.28507,68.09552,62.1289,70.72482,72.40166,69.33974,78.54935,67.41662,71.69379,68.88396,76.02631,79.40403,70.29225,74.62573,75.80237,76.32169,69.2026,61.03278,65.60488,64.3506,69.63476,69.89278,66.57327,70.45566,77.66595,64.66065,71.61006,71.86793,75.66373
12.64911,11.7047,11.7047,11.7047,10.77033,10.77033,10.77033,9.84886,10.29563,10.29563,10.29563,10.29563,10.29563,10.29563,10.81665,10.81665,10.0,10.0,11.40175,10.81665,10.81665,10.81665,10.81665,10.81665,10.81665,10.81665,10.81665,10.29563,10.29563,9.43398,10.29563,10.29563,8.94427,8.94427,8.94427,8.544,8.544,8.24621,7.28011,7.61577,7.28011,7.28011,7.28011,6.32456,6.32456,6.08276,6.08276,6.08276,6.08276,5.0,5.0,5.0,63.52952,71.34424,68.0,58.60034,63.81222,60.44005,61.05735,54.91812,53.33854,50.60632,54.58938,51.0,54.70832,48.8467,49.1935,45.88028,54.40588,49.76947,49.98,47.53946,50.96077,50.92151,52.95281,48.76474,52.81098,53.45091,43.01163,51.41984,50.0,49.47727,47.43416,52.80152,50.9902,45.31004,48.33218,47.01064,42.15448,46.23851,49.73932,42.05948,36.61967,38.41875,38.01316,35.8469,31.90611,29.0,30.0,28.3196,26.87006,28.28427,32.80244,22.67157,24.75884,27.65863,21.63331,19.23538,24.33105,14.42221,13.41641,11.6619,10.0,19.0,10.04988,9.21954,17.46425,18.02776,18.02776,25.31798,22.0,29.06888,30.06659,36.01389,42.04759,40.31129,41.4367,45.12206,50.21952,49.0306,59.77458,50.59644,60.72891,62.64982,63.32456,66.24198,66.7308,66.64083,65.76473,66.88797,65.8635,71.84706,74.88658,73.81734,72.42237,74.33034,73.78347,78.23682,70.45566,71.21798,76.55064,69.2026,80.45496,72.42237,67.23095,68.41053,72.00694,69.64194,69.40461,67.42403,68.47627,69.46222,63.60031,69.64194,65.19202,71.86793
11.18034,10.77033,10.77033,10.77033,10.77033,9.84886,9.48683,9.48683,9.48683,9.21954,9.21954,10.19804,9.21954,10.19804,10.04988,10.04988,10.04988,9.05539,10.04988,10.04988,10.04988,10.04988,10.04988,10.04988,10.04988,10.19804,10.19804,9.21954,9.21954,9.21954,9.21954,9.21954,8.24621,8.24621,8.24621,7.61577,7.61577,7.61577,6.7082,6.7082,6.7082,6.7082,5.83095,5.83095,5.83095,4.47214,5.0,5.0,5.0,5.0,4.24264,4.24264,68.18358,62.28965,63.15061,66.61081,72.1734,58.30952,56.88585,56.88585,58.21512,50.63596,51.97115,54.81788,54.70832,58.5235,51.24451,54.42426,52.92447,50.69517,51.47815,53.31041,56.36488,54.626,53.7122,49.65884,52.92447,50.56679,58.30952,52.3259,51.86521,55.54278,50.28916,53.14132,50.15974,46.84015,44.55334,42.2019,46.09772,44.14748,43.01163,46.09772,39.45884,37.85499,31.14482,36.49658,36.67424,36.34556,29.27456,28.44293,26.01922,27.07397,28.63564,27.89265,24.02082,28.4605,23.76973,26.40076,25.0,12.04159,14.0,13.0384,11.6619,13.0,10.81665,11.7047,17.69181,19.72308,22.02272,26.87006,26.1725,30.80584,35.35534,37.20215,38.41875,42.43819,43.56604,39.82462,49.64877,48.02083,56.36488,55.9017,57.3062,63.69458,65.78754,68.68042,65.51336,65.45991,63.56099,69.2315,63.15061,68.65858,68.65858,72.44308,75.13322,69.05071,70.03571,71.84706,75.13322,76.41989,72.83543,73.24616,72.1734,69.18092,80.06248,72.56032,71.44928,69.35416,72.1734,64.62971,75.13322,70.25667,65.30697,67.47592,68.35934,68.24954
12.08305,12.08305,11.18034,12.08305,11.18034,11.18034,10.29563,10.29563,10.29563,10.0,10.81665,10.0,10.63015,10.63015,11.40175,10.63015,10.63015,10.63015,10.63015,10.63015,10.63015,11.40175,10.63015,10.63015,11.40175,10.63015,10.81665,10.81665,10.81665,10.0,9.43398,9.43398,8.94427,8.94427,8.94427,8.94427,8.06226,8.06226,7.61577,7.61577,7.28011,7.28011,6.32456,6.32456,6.32456,6.08276,6.08276,6.08276,5.09902,5.09902,5.0,5.0,68.50547,59.40539,66.64083,65.51336,56.85948,60.46487,58.66856,56.4358,56.82429,54.6443,52.35456,52.39275,51.07837,46.8188,52.81098,49.65884,52.55473,55.02727,47.43416,52.20153,53.75872,48.76474,53.60037,50.44799,54.40588,48.70318,49.0408,52.88667,55.7853,49.64877,47.85394,49.98,44.59821,48.10405,41.78516,44.72136,46.95743,46.52956,42.72002,36.05551,35.0,41.6173,35.80503,32.20248,31.241,33.01515,28.42534,32.01562,30.80584,25.80698,24.83948,24.20744,26.87006,18.02776,24.41311,20.59126,18.78829,12.08305,13.60147,15.29706,11.18034,10.19804,14.31782,16.27882,16.0,21.0,19.0,25.31798,29.42788,27.20294,29.42788,32.06244,35.01428,42.10701,42.0119,50.0,50.15974,46.52956,57.72348,55.10898,60.20797,65.0,60.63827,61.09828,68.15424,62.76942,72.61543,62.62587,72.01389,72.01389,74.73286,72.20111,73.43024,67.1193,71.34424,70.49113,76.66159,75.47185,66.88797,71.86793,71.19691,74.88658,68.7968,70.45566,67.20119,70.21396,66.61081,73.06162,68.60029,66.28725,64.3506,64.49806,68.42514,66.64833
11.40175,10.44031,10.44031,10.44031,10.44031,9.48683,9.48683,9.84886,9.84886,8.94427,9.84886,9.84886,8.94427,8.94427,8.94427,10.29563,9.43398,9.43398,9.43398,9.43398,9.43398,9.43398,9.43398,9.43398,10.29563,9.43398,9.43398,8.94427,8.94427,8.94427,8.06226,8.06226,7.61577,7.61577,7.61577,7.61577,7.28011,6.32456,6.32456,6.32456,6.08276,6.08276,6.08276,5.09902,5.09902,5.09902,5.09902,4.0,4.0,4.0,4.0,4.12311,70.80254,62.20129,66.0303,66.37017,64.3506,61.05735,57.62812,60.53924,55.80323,56.60389,55.00909,55.00909,54.78138,55.54278,53.31041,55.65968,55.71355,52.20153,52.20153,50.92151,56.75385,52.39275,51.86521,52.49762,57.28001,53.60037,47.80167,57.00877,53.75872,53.75872,51.62364,51.62364,49.76947,49.65884,49.76947,47.88528,46.64762,41.23106,47.42362,44.01136,39.44617,42.94182,35.60899,32.01562,35.38361,35.0,36.61967,34.20526,26.1725,29.83287,25.4951,27.80288,28.3196,22.62742,29.0,24.18677,25.94224,14.21267,10.63015,13.0,12.36932,11.04536,9.48683,15.0,15.13275,20.22375,22.2036,27.01851,28.01785,30.14963,31.01612,38.0,42.0,47.09565,41.59327,45.09989,49.64877,48.83646,55.36244,58.82176,63.32456,63.15853,64.88451,67.23095,66.18912,67.41662,68.44706,66.24198,76.8505,73.92564,71.69379,75.16648,71.11962,74.62573,73.00685,74.20243,74.88658,76.02631,71.69379,74.63243,74.06079,72.11103,78.54935,75.71658,74.88658,72.42237,67.62396,67.62396,70.72482,72.11103,67.42403,71.84706,73.00685,71.28113
11.6619,11.6619,11.6619,11.6619,11.6619,10.29563,10.29563,9.84886,9.84886,10.77033,10.77033,10.44031,10.44031,10.44031,10.44031,10.44031,10.44031,10.44031,10.44031,10.44031,10.44031,10.44031,10.44031,10.44031,10.44031,10.44031,10.44031,9.84886,9.84886,9.84886,8.94427,8.94427,8.94427,8.94427,8.94427,8.94427,8.06226,7.2111,7.2111,7.2111,7.2111,6.40312,6.40312,6.40312,6.40312,5.65685,5.65685,5.65685,5.65685,5.0,5.0,5.0,66.09841,71.17584,63.78871,60.53098,61.18823,59.3043,55.7853,57.07013,56.29387,51.1957,49.49747,51.78803,53.14132,51.66237,49.0408,48.8467,51.47815,52.92447,49.76947,49.1935,48.37355,54.12947,49.1935,51.07837,47.75982,54.58938,50.9902,50.77401,51.89412,51.0,49.64877,47.53946,49.24429,45.65085,39.81206,47.75982,43.17407,41.97618,39.81206,41.59327,36.67424,38.83298,36.87818,38.0526,33.54102,33.13608,29.01724,27.65863,30.26549,26.01922,25.0,24.18677,20.22375,24.18677,22.2036,21.0238,20.61553,10.04988,12.16553,11.0,9.0,15.26434,14.76482,14.56022,16.55295,20.0,23.34524,19.10497,26.62705,33.30165,29.73214,38.01316,35.51056,42.63801,46.87217,43.41659,43.41659,47.42362,57.00877,59.9333,59.09315,58.30952,61.68468,59.77458,57.27128,74.73286,73.5459,65.51336,73.82412,71.38627,66.91039,70.34913,74.67262,69.05071,69.05071,72.78049,76.65507,74.8131,73.97973,73.17103,76.79193,65.37584,67.89698,70.25667,69.18092,74.1485,70.25667,66.61081,73.68175,72.69113,67.47592,71.02112,67.1193,77.66595
12.0,12.0,11.04536,11.04536,10.0,11.04536,10.04988,10.04988,10.04988,9.21954,10.19804,10.44031,10.19804,10.44031,10.19804,10.44031,10.44031,9.48683,10.44031,10.44031,10.44031,10.44031,10.44031,9.48683,10.19804,10.44031,10.19804,10.19804,10.19804,9.05539,9.05539,9.05539,9.0,8.0,9.0,8.0,8.0,8.0,8.06226,7.0,7.07107,7.07107,6.08276,6.08276,6.08276,6.32456,6.08276,5.38516,5.38516,5.38516,5.38516,5.0,63.41136,71.56116,68.60029,64.53681,60.959,58.0517,58.41233,57.2014,48.10405,53.82379,50.20956,53.07542,55.31727,51.22499,52.00961,52.00961,56.0803,52.00961,52.20153,49.20366,50.60632,51.61395,49.39636,49.64877,47.43416,51.31277,51.10773,51.31277,45.34314,50.21952,49.09175,52.00961,49.0408,48.10405,42.52058,46.01087,42.63801,39.59798,43.86342,38.8973,39.69887,38.41875,37.44329,30.61046,33.6006,31.40064,28.30194,26.0,23.70654,25.05993,25.94224,25.4951,26.07681,24.5153,21.0238,21.58703,17.72005,13.0,8.24621,8.0,13.0384,13.45362,9.43398,10.81665,14.31782,17.0,18.02776,21.9545,26.92582,31.32092,31.7805,34.43835,31.7805,38.07887,43.38202,46.14109,47.80167,49.67897,54.56189,52.00961,58.41233,60.1415,60.82763,63.03174,67.20863,60.959,67.1193,67.26812,65.43699,66.61081,69.89278,74.8131,67.1193,72.62231,68.00735,72.11103,75.71658,77.10383,73.4983,73.78347,77.17513,69.33974,74.4043,66.28725,70.17834,70.17834,68.50547,67.6757,70.17834,70.21396,60.44005,65.60488,73.23933,69.63476
11.04536,11.04536,10.04988,10.04988,10.0,10.0,10.0,9.05539,9.05539,9.05539,9.05539,9.05539,9.21954,9.21954,9.21954,9.21954,9.21954,9.21954,9.21954,9.21954,9.21954,9.48683,9.21954,9.21954,9.21954,9.21954,9.21954,9.21954,9.05539,9.05539,8.06226,8.06226,8.06226,8.06226,8.0,8.0,7.07107,7.0,6.0,6.0,6.08276,6.08276,5.09902,5.09902,5.09902,5.09902,4.12311,4.12311,4.12311,4.47214,3.60555,3.60555,71.84706,64.40497,72.8011,61.07373,59.03389,60.46487,59.40539,60.60528,60.87693,62.93648,55.15433,57.28001,55.86591,55.31727,45.45327,53.41348,54.03702,54.03702,57.62812,48.60041,51.40039,54.67175,53.41348,54.40588,48.82622,55.75841,55.21775,53.41348,51.85557,54.03702,57.00877,54.81788,50.44799,51.66237,45.25483,53.03772,49.67897,41.86884,48.08326,41.86884,39.69887,41.72529,40.80441,38.28838,36.05551,34.0,35.80503,26.07681,33.12099,27.01851,30.52868,24.16609,21.9545,24.16609,23.76973,27.20294,22.36068,16.27882,9.89949,9.21954,10.29563,15.55635,11.7047,13.0384,15.23155,18.68154,18.97367,25.29822,29.15476,32.31099,34.48188,43.86342,43.41659,43.38202,44.29447,46.95743,48.27007,52.63079,57.2014,55.31727,59.66574,61.6198,62.93648,60.82763,70.0928,65.45991,71.42129,62.36986,73.40981,74.88658,73.40981,76.55064,75.71658,73.24616,76.2168,74.4043,75.0,77.42093,71.86793,76.6094,73.00685,69.46222,77.20104,68.50547,72.62231,67.23095,68.09552,71.84706,69.02898,66.4003,64.2028,68.24222,74.88658,77.10383
11.18034,10.19804,10.44031,10.19804,10.44031,9.21954,9.48683,9.48683,9.48683,8.94427,8.544,8.94427,9.84886,8.94427,8.94427,9.43398,9.43398,9.43398,9.43398,9.43398,9.43398,9.43398,8.94427,9.43398,9.43398,9.43398,8.94427,8.94427,8.94427,8.94427,8.544,8.544,8.544,7.61577,7.28011,7.28011,7.28011,7.28011,7.07107,6.08276,6.08276,6.08276,6.08276,5.09902,5.0,5.0,5.0,5.0,4.0,4.12311,4.12311,3.16228,65.79514,68.15424,63.90618,68.942,63.15853,50.32892,63.60031,60.00833,56.75385,51.86521,50.44799,49.47727,46.84015,51.78803,49.0306,44.72136,50.08992,49.36598,47.04253,52.95281,50.01,49.81967,50.24938,46.09772,51.0,57.0,51.47815,49.64877,46.52956,52.61179,47.12749,45.89118,51.08816,46.52956,46.69047,44.91102,48.50773,43.28972,41.7732,40.60788,41.48494,39.39543,38.27532,37.33631,35.8469,32.69557,31.62278,34.98571,27.65863,27.313,21.9545,23.85372,26.40076,19.84943,25.0,19.20937,24.41311,7.28011,12.52996,13.89244,11.7047,8.24621,11.04536,13.15295,15.52417,16.55295,21.09502,23.5372,26.68333,35.01428,33.01515,35.12834,35.12834,40.04997,43.10452,45.04442,46.04346,53.03772,57.03508,55.57877,60.41523,59.43904,63.24555,63.24555,64.07808,61.40033,66.85058,65.79514,65.9242,72.11103,67.05222,72.49828,67.41662,69.31811,70.00714,74.24284,75.6439,68.54196,69.77822,69.64194,75.58439,68.42514,65.36819,73.79024,66.64083,67.53518,64.88451,66.24198,65.76473,66.18912,65.29931,70.77429,74.84651,72.44998
11.31371,9.89949,10.63015,9.89949,9.89949,9.21954,9.21954,9.21954,8.60233,10.0,9.43398,9.43398,9.43398,9.43398,9.43398,9.84886,8.94427,8.94427,8.94427,8.94427,9.43398,8.94427,8.94427,9.84886,9.43398,8.94427,8.94427,9.43398,8.60233,9.43398,8.60233,8.60233,7.81025,7.81025,7.81025,7.81025,7.07107,7.07107,6.40312,5.65685,6.40312,5.65685,6.40312,5.0,5.0,5.0,4.47214,4.47214,4.47214,4.47214,4.12311,3.16228,70.11419,68.73136,69.35416,64.03124,65.19202,58.00862,59.00847,63.00794,64.00781,54.23099,53.23533,52.46904,50.03998,57.21888,50.35871,52.63079,58.85576,53.36666,52.63079,49.98,50.96077,50.44799,53.75872,55.65968,55.44367,59.03389,54.58938,56.29387,53.75872,47.80167,48.6621,50.08992,49.09175,52.34501,50.24938,47.26521,45.0,48.0,47.67599,42.04759,40.4475,38.01316,39.20459,39.45884,34.52535,35.35534,30.36445,26.68333,29.12044,31.62278,31.57531,21.54066,29.12044,25.05993,27.78489,21.0238,23.43075,11.0,10.81665,8.544,10.29563,10.29563,17.02939,14.86607,16.97056,15.65248,18.38478,24.41311,29.73214,29.83287,33.94113,36.76955,36.12478,40.22437,46.64762,47.50789,56.0357,52.80152,56.93856,58.5235,62.39391,66.40783,62.29767,65.11528,64.53681,69.63476,71.30919,68.73136,76.65507,71.70077,67.60178,75.10659,69.11584,71.06335,73.17103,73.24616,82.1523,74.06079,77.31753,73.0,75.02666,70.17834,68.18358,69.00725,69.00725,73.02739,74.02702,71.0,65.0,65.0,67.02984,70.0,76.02631,74.00676
12.04159,12.04159,12.04159,11.40175,12.04159,10.63015,10.81665,10.0,10.81665,10.81665,10.81665,10.29563,10.81665,10.29563,10.29563,10.77033,9.84886,11.18034,10.77033,10.77033,11.18034,11.18034,11.18034,11.18034,11.18034,11.18034,11.18034,10.29563,10.29563,10.29563,9.43398,9.43398,9.43398,9.43398,9.43398,8.60233,9.21954,7.81025,7.81025,7.81025,7.81025,7.07107,7.07107,6.40312,5.65685,5.65685,5.65685,5.65685,5.83095,5.83095,5.83095,4.47214,66.37017,63.3877,72.00694,58.42089,59.21149,56.4358,58.54912,56.22277,55.9017,51.47815,50.44799,53.14132,51.41984,50.92151,47.92703,50.69517,52.80152,46.09772,49.65884,50.08992,54.58938,50.11986,51.47815,49.24429,51.0,51.10773,48.54894,54.56189,53.22593,51.26402,46.51881,50.9902,49.39636,51.89412,42.95346,38.62642,45.88028,47.92703,41.23106,35.51056,40.16217,38.47077,41.97618,28.16026,35.35534,36.49658,32.55764,32.55764,27.16616,24.5153,26.07681,22.02272,25.07987,26.01922,23.0,20.22375,22.84732,10.77033,9.84886,15.52417,14.42221,9.43398,11.18034,13.60147,14.14214,18.38478,22.2036,24.59675,24.20744,29.41088,32.80244,35.8469,40.81666,41.62932,42.94182,46.09772,47.16991,55.65968,54.42426,54.70832,61.61169,62.96825,62.36185,61.66036,59.68249,67.26812,65.62012,69.02898,72.44308,71.17584,70.17834,74.54529,70.02857,70.06426,71.06335,72.02777,71.34424,77.16217,74.24284,74.06079,72.00694,71.34424,76.05919,70.06426,69.06519,74.00676,70.02857,65.00769,68.02941,61.07373,63.1981,74.54529,68.593,75.42546
12.16553,12.16553,11.04536,11.18034,11.04536,11.04536,10.0,11.0,10.0,10.0,10.0,11.0,10.04988,11.04536,11.04536,11.04536,11.04536,10.04988,11.18034,10.19804,11.04536,11.04536,10.04988,11.04536,11.04536,11.04536,10.04988,10.0,10.0,10.0,10.0,10.0,9.05539,9.05539,9.05539,8.06226,8.24621,8.24621,7.28011,7.28011,6.32456,6.32456,6.32456,6.32456,5.38516,5.38516,5.38516,5.38516,4.47214,4.47214,4.47214,4.24264,72.73239,71.16881,61.68468,64.93843,67.1193,60.72891,52.39275,60.92618,57.93962,59.61543,57.93962,53.31041,52.7731,51.10773,49.92995,52.47857,53.85165,57.2014,53.41348,55.75841,57.2014,53.60037,51.08816,52.63079,52.43091,54.03702,57.42822,53.07542,54.03702,49.20366,55.21775,53.22593,52.15362,47.43416,48.30114,45.79301,47.92703,46.09772,39.0,44.14748,40.71855,38.62642,38.07887,39.84972,35.44009,36.34556,35.35534,34.71311,26.92582,29.27456,25.31798,25.0,26.30589,25.0,22.09072,25.70992,21.93171,10.29563,11.7047,16.40122,12.80625,16.40122,15.81139,12.80625,20.59126,18.60108,21.54066,21.9545,29.54657,25.55386,33.61547,38.41875,36.87818,45.80393,47.70744,46.04346,50.20956,54.56189,62.2254,54.81788,60.60528,61.61169,60.87693,64.07027,69.33974,67.41662,67.95587,65.76473,67.1193,71.58911,76.92204,72.91776,74.94665,70.66116,69.31811,73.82412,80.05623,73.40981,75.15318,74.0,75.6439,70.26379,75.0,77.16217,70.38466,75.39231,74.33034,65.30697,73.00685,74.32362,67.41662,72.00694,73.92564,68.70953
12.04159,12.04159,11.04536,11.0,11.04536,10.04988,10.04988,10.19804,10.19804,9.21954,10.19804,10.44031,10.19804,9.48683,10.44031,10.44031,10.77033,9.48683,9.48683,9.48683,9.48683,9.48683,9.48683,9.48683,10.44031,10.44031,10.44031,9.21954,9.21954,9.21954,9.21954,9.05539,9.05539,9.05539,9.05539,8.0,8.0,8.0,7.0,7.0,7.07107,7.07107,6.08276,6.08276,6.08276,6.08276,6.08276,6.08276,5.09902,5.38516,5.38516,5.38516,65.19202,70.83784,65.8635,62.43397,64.3506,58.18075,59.05929,62.26556,52.15362,55.07268,50.15974,47.42362,53.7122,52.80152,52.20153,56.30275,54.42426,50.44799,53.14132,53.36666,53.60037,52.39275,48.50773,49.81967,48.46648,49.47727,57.28001,51.97115,49.33559,51.86521,58.24088,57.72348,48.38388,51.66237,48.46648,43.46263,49.64877,40.31129,42.04759,45.18849,45.65085,41.88078,36.40055,29.20616,36.40055,33.24154,31.62278,31.90611,28.01785,23.60085,22.80351,28.3196,23.43075,21.93171,27.78489,21.54066,21.0238,10.77033,10.63015,13.60147,18.35756,16.55295,14.56022,14.31782,20.02498,21.37756,20.61553,23.34524,24.33105,29.15476,35.0571,34.23449,38.32754,44.10215,43.17407,48.50773,52.63079,52.95281,55.36244,62.29767,60.44005,60.83584,65.55151,61.29437,71.55418,64.07808,68.42514,68.26419,66.0303,67.95587,70.49113,67.41662,73.81734,74.33034,71.86793,72.42237,80.44874,75.16648,76.6094,76.40026,73.4983,68.00735,68.8186,74.4043,68.8186,69.40461,69.63476,67.42403,70.49113,75.82216,67.41662,78.81624,68.09552,74.88658
11.31371,11.31371,10.63015,10.63015,10.63015,10.63015,10.0,10.0,10.0,9.43398,9.43398,10.29563,10.29563,10.29563,9.43398,10.29563,10.29563,9.84886,9.84886,9.84886,10.29563,9.84886,10.29563,9.84886,10.29563,10.29563,9.43398,9.43398,9.43398,9.43398,8.60233,8.60233,8.60233,8.60233,7.81025,7.81025,7.81025,7.07107,7.07107,7.07107,6.40312,6.40312,5.65685,5.65685,5.0,5.0,5.0,5.0,5.0,4.47214,4.47214,4.47214,66.91039,68.44706,63.60031,69.05071,68.44706,58.0517,55.14526,55.3263,50.48762,59.4138,47.26521,56.00893,58.07753,51.0098,54.0,53.08484,52.08647,51.24451,52.00961,54.14795,58.13777,54.23099,48.25971,51.24451,48.83646,51.08816,49.25444,53.46027,52.17279,53.23533,56.0,52.0,56.00893,48.01042,47.16991,49.25444,44.01136,43.04649,41.59327,44.38468,39.05125,42.2019,40.60788,34.71311,34.78505,32.98485,30.08322,29.41088,27.85678,27.313,24.69818,26.24881,23.4094,22.82542,21.09502,25.6125,23.60085,12.04159,10.19804,13.34166,15.13275,14.31782,12.52996,14.31782,18.02776,16.12452,19.92486,23.32381,27.313,25.94224,31.7805,41.4367,35.1141,46.06517,41.4367,47.75982,44.72136,54.40588,56.08921,54.23099,56.7186,62.28965,62.1289,63.00794,68.11755,61.03278,70.02857,66.0303,71.06335,72.33948,69.58448,71.70077,72.56032,68.35934,71.17584,73.5459,75.53807,77.78175,72.69113,74.52516,69.857,71.44928,78.44743,73.97973,69.63476,72.78049,68.15424,65.51336,68.593,66.70832,70.5762,67.89698,69.37579,68.88396
11.40175,10.44031,10.19804,10.44031,9.48683,9.21954,9.05539,9.05539,9.05539,9.05539,9.05539,9.0,9.0,9.0,9.0,10.04988,9.0,9.05539,9.05539,9.0,9.0,9.05539,9.0,9.0,9.0,9.0,9.0,9.05539,9.0,9.0,8.06226,8.06226,8.06226,8.06226,8.06226,7.28011,7.28011,6.32456,6.32456,6.32456,5.38516,5.38516,5.38516,5.38516,4.47214,4.47214,4.47214,4.47214,3.60555,3.60555,4.24264,3.60555,63.34824,61.68468,71.51224,62.0967,61.40033,58.5235,58.24088,64.84597,55.36244,53.16014,54.56189,52.81098,57.3062,53.23533,46.09772,51.31277,56.82429,56.93856,49.92995,51.0392,56.0803,46.64762,53.33854,48.25971,54.08327,55.9017,49.64877,49.24429,53.66563,54.3783,51.0,50.08992,48.8467,48.30114,39.92493,44.64303,39.56008,44.01136,43.32436,38.8973,41.48494,42.44997,38.83298,41.59327,37.48333,32.01562,34.0,29.06888,25.07987,28.07134,25.07987,23.0,25.31798,22.0,21.0,20.61553,18.11077,13.0384,11.18034,11.6619,11.31371,10.81665,12.04159,14.86607,18.60108,17.49286,19.72308,22.80351,25.0,24.20744,33.42155,36.40055,37.53665,44.82187,42.43819,45.27693,50.93133,48.16638,55.80323,52.80152,57.2014,58.13777,61.29437,62.76942,64.4748,61.32699,64.41273,64.88451,70.93659,67.41662,66.48308,70.38466,68.54196,70.93659,74.46476,73.37575,77.16217,81.59657,71.51224,69.57011,70.88018,70.83078,71.80529,73.38937,61.98387,69.64194,70.88018,69.37579,68.62215,70.5195,62.03225,70.83784,68.35203,74.04053
12.16553,11.18034,11.04536,11.18034,11.04536,11.04536,11.04536,10.0,10.0,10.0,10.0,11.04536,10.04988,10.04988,10.04988,10.19804,10.19804,10.19804,10.19804,10.19804,10.04988,10.19804,10.19804,10.19804,10.04988,10.04988,10.04988,10.04988,9.05539,9.05539,9.0,9.0,9.0,9.0,9.0,9.0,8.06226,8.06226,7.07107,7.07107,7.07107,7.07107,7.28011,6.08276,6.32456,6.32456,5.38516,5.38516,5.38516,5.38516,5.38516,5.0,60.20797,62.36986,63.03174,55.31727,61.6198,55.97321,59.46427,54.48853,51.62364,55.17246,50.20956,46.8615,50.47772,50.9902,49.67897,47.01064,47.43416,43.56604,47.80167,48.02083,54.56189,52.35456,44.77723,43.56604,48.25971,51.31277,50.0,51.86521,49.64877,46.87217,49.73932,45.22168,46.04346,47.80167,43.26662,41.7732,42.52058,39.82462,42.44997,36.76955,38.28838,36.76955,36.06938,35.4683,30.80584,29.69848,30.41381,29.15476,18.86796,25.80698,26.41969,25.0,21.9545,23.70654,21.93171,23.5372,19.64688,16.64332,11.6619,12.80625,11.40175,12.72792,13.92839,12.52996,14.21267,22.80351,19.64688,23.76973,26.57066,32.31099,32.89377,35.34119,39.81206,37.58989,40.31129,40.0,44.29447,46.87217,49.67897,56.22277,56.85068,60.60528,56.72742,60.82763,62.24147,65.8559,60.959,63.25346,65.29931,69.2026,66.8431,69.02898,69.81404,73.40981,68.0147,69.02898,72.8011,68.7968,70.17834,67.80118,73.23933,68.50547,70.83784,69.40461,69.89278,69.81404,63.60031,61.40033,62.36986,64.2028,63.03174,70.03571,66.06815,71.40028
11.6619,10.81665,10.81665,10.81665,10.0,10.0,10.0,9.21954,10.0,9.21954,9.21954,9.89949,9.89949,9.89949,9.21954,10.0,10.0,9.21954,9.21954,10.0,9.21954,10.0,9.89949,9.21954,9.89949,9.89949,9.89949,9.89949,9.89949,9.21954,8.48528,8.48528,8.48528,7.81025,7.81025,8.06226,7.2111,7.2111,7.2111,7.2111,6.7082,5.83095,5.83095,5.38516,5.38516,5.38516,5.38516,4.47214,4.47214,4.12311,4.12311,4.12311,68.44706,62.24147,64.62198,63.32456,62.03225,58.18935,60.40695,61.40033,55.97321,54.57105,56.08921,47.67599,54.45181,52.17279,55.7315,50.80354,50.15974,44.28318,52.61179,54.23099,54.0,51.47815,48.37355,52.03845,47.38143,54.14795,56.14268,52.15362,51.47815,52.34501,51.62364,50.9902,41.0,49.49747,45.35416,45.22168,40.80441,41.48494,41.59327,39.56008,37.64306,43.41659,36.67424,34.53983,34.98571,32.31099,36.67424,30.01666,28.84441,29.15476,25.6125,25.80698,27.45906,21.26029,24.08319,20.61553,21.40093,9.21954,10.19804,10.44031,13.60147,12.0,16.03122,16.12452,18.68154,18.38478,21.47091,21.18962,24.5153,30.80584,33.83785,37.36308,38.32754,43.56604,42.57934,47.07441,49.49747,52.08647,51.08816,55.0,61.0082,58.30952,62.0,67.47592,67.89698,66.91039,69.35416,66.91039,66.4906,67.89698,72.03471,72.03471,70.60453,67.18631,72.42237,73.37575,75.43209,75.61085,67.91171,72.44998,72.11103,73.1642,72.09022,69.57011,72.53275,67.06713,65.55151,66.70832,68.24954,68.30813,61.68468,67.77905,70.21396,63.15061
12.04159,11.04536,12.0,12.0,11.0,11.0,10.0,10.04988,10.04988,10.04988,10.04988,10.19804,10.19804,10.19804,10.19804,10.19804,10.44031,10.19804,10.44031,10.44031,10.44031,10.44031,10.19804,10.44031,10.19804,10.19804,10.19804,10.19804,10.04988,9.05539,9.05539,10.04988,9.05539,9.05539,9.0,8.0,8.0,8.0,8.06226,7.0,7.07107,6.08276,7.07107,6.08276,6.08276,5.09902,5.09902,5.09902,5.09902,5.09902,4.47214,4.47214,60.41523,68.44706,62.26556,62.76942,63.56099,61.26989,55.9464,54.6443,57.45433,51.0392,55.80323,52.63079,53.41348,52.40229,52.69725,50.60632,54.45181,53.75872,48.10405,53.8145,53.8145,50.93133,49.81967,48.79549,53.07542,53.07542,53.82379,48.16638,50.60632,58.13777,46.87217,48.9183,49.40648,48.16638,42.43819,42.0119,44.59821,47.80167,44.72136,42.05948,38.47077,38.48376,39.81206,34.43835,36.76955,34.48188,32.98485,30.67572,29.12044,22.82542,28.4605,23.34524,26.92582,24.33105,23.08679,25.07987,18.02776,12.20656,16.64332,8.94427,11.7047,10.0,12.20656,13.60147,15.29706,17.46425,23.32381,25.94224,30.01666,30.46309,35.77709,33.6006,38.94868,39.20459,44.72136,46.64762,48.54894,48.8774,58.13777,58.0,60.82763,66.70832,65.43699,61.29437,69.81404,71.40028,64.03124,70.45566,69.02898,70.45566,68.7968,69.64194,65.8635,70.23532,71.69379,72.47068,77.17513,72.06941,76.94154,70.21396,76.32169,67.54258,75.6439,74.09453,68.60029,70.66116,70.83078,64.84597,70.21396,71.11962,66.64083,70.3278,66.37017,64.66065
12.36932,11.40175,11.40175,11.40175,11.40175,10.19804,10.19804,10.04988,10.04988,10.04988,10.04988,10.04988,10.04988,10.04988,10.04988,11.0,10.0,10.0,10.0,10.04988,10.0,10.0,10.0,10.0,10.04988,10.0,10.0,10.04988,10.04988,10.04988,9.05539,9.05539,9.05539,9.21954,9.21954,8.24621,8.24621,7.61577,7.28011,7.28011,7.28011,6.32456,6.7082,6.7082,6.7082,5.83095,5.83095,5.83095,5.83095,5.0,5.0,5.0,72.12489,62.24147,66.21933,61.22091,64.66065,58.72819,61.52235,58.0,61.52235,46.61545,53.60037,50.60632,51.61395,53.00943,55.21775,48.33218,50.47772,54.20332,54.56189,54.12024,52.80152,57.24509,46.61545,51.89412,53.23533,50.11986,48.8467,53.66563,51.47815,56.36488,47.88528,52.83938,52.00961,52.43091,47.16991,45.79301,40.60788,47.20169,48.02083,41.10961,41.10961,37.01351,39.05125,38.8973,32.52691,36.12478,29.0,28.3196,24.75884,25.4951,26.1725,23.02173,22.80351,21.93171,21.09502,22.80351,24.16609,11.6619,8.60233,9.84886,13.45362,12.72792,13.92839,16.0,14.14214,13.0384,19.64688,22.0,20.88061,29.61419,35.44009,33.24154,39.05125,40.31129,43.08132,42.72002,51.89412,50.56679,58.69412,60.00833,61.91123,60.90156,60.53924,63.41136,66.28725,64.81512,63.41136,71.06335,72.34639,69.42622,70.17834,75.74299,76.57676,72.83543,75.82216,70.00714,79.19596,77.7946,73.5527,75.66373,77.07788,70.72482,72.62231,70.00714,69.31089,69.31089,70.76722,68.62215,75.66373,73.59348,65.79514,71.21798,72.13876,75.0733
10.19804,10.19804,9.48683,9.21954,9.21954,9.21954,9.21954,8.544,8.544,8.544,8.544,8.94427,8.94427,8.94427,8.94427,8.94427,8.06226,8.06226,8.94427,8.94427,8.94427,8.94427,8.94427,8.94427,8.94427,8.94427,8.544,8.544,8.544,8.544,8.24621,8.24621,7.28011,7.07107,7.07107,7.07107,7.07107,7.07107,6.08276,6.0,6.0,6.0,5.0,5.0,5.09902,5.09902,4.12311,4.12311,4.12311,4.12311,3.60555,3.60555,64.84597,61.98387,69.63476,58.24088,59.80803,56.51548,60.20797,53.85165,50.69517,51.86521,53.16014,50.28916,56.04463,50.63596,54.14795,55.22681,53.0,53.00943,51.15662,49.09175,52.15362,49.16299,50.03998,49.36598,51.97115,51.15662,59.3043,52.03845,53.46027,50.01,48.83646,48.05206,49.64877,46.69047,41.97618,39.56008,46.84015,43.01163,44.77723,38.01316,39.84972,37.94733,39.39543,37.16181,31.62278,34.0,28.84441,27.313,30.0,23.02173,30.23243,25.0,24.75884,25.4951,23.34524,20.61553,25.23886,11.0,8.24621,6.7082,11.7047,11.7047,13.0,14.56022,15.65248,16.12452,16.55295,23.60085,22.67157,33.83785,26.92582,29.96665,39.81206,40.71855,41.10961,47.80167,48.27007,45.70558,56.75385,53.36666,57.55867,57.31492,60.53098,63.0,61.07373,63.0,67.00746,65.49046,64.28063,68.73136,68.73136,68.88396,65.11528,69.87131,67.26812,72.00694,78.91768,71.19691,72.8011,72.03471,78.1025,69.64194,72.44998,68.94926,73.00685,71.8401,73.76313,72.78049,67.91171,67.46851,71.7844,69.42622,69.63476,69.63476
10.77033,10.77033,10.77033,10.77033,9.84886,9.84886,10.29563,9.43398,9.43398,9.43398,9.43398,9.43398,9.43398,9.21954,9.21954,10.63015,9.21954,9.21954,9.21954,9.21954,9.21954,9.89949,10.0,10.0,10.0,10.0,10.0,9.21954,8.60233,8.60233,8.60233,8.60233,8.60233,8.06226,8.06226,8.06226,7.61577,6.7082,6.7082,6.7082,6.32456,5.38516,5.38516,5.38516,5.38516,5.09902,5.09902,4.12311,4.12311,4.12311,4.0,4.0,69.83552,65.74192,69.77822,65.51336,61.84658,61.7171,57.69749,59.9333,55.71355,55.02727,53.14132,55.02727,53.45091,53.14132,51.5461,56.51548,53.60037,55.44367,53.16014,48.83646,58.54912,52.7731,51.15662,49.72927,49.72927,52.17279,51.97115,50.0,49.64877,51.47815,49.0306,50.59644,50.59644,48.50773,43.01163,46.51881,49.0408,46.09772,44.29447,42.05948,38.94868,38.27532,35.80503,37.80212,36.61967,28.6531,35.80503,29.68164,32.80244,28.42534,24.41311,23.34524,24.75884,24.83948,22.80351,21.40093,19.79899,13.92839,10.04988,8.06226,12.04159,12.36932,19.23538,14.86607,17.02939,17.26268,20.39608,25.0,22.56103,29.15476,30.80584,33.54102,39.05125,40.04997,46.09772,48.25971,46.04346,49.0102,51.62364,60.29925,57.70615,60.01666,63.50591,63.56099,66.70832,64.19502,65.45991,68.30813,69.28925,69.35416,66.70832,76.15773,71.69379,76.89603,70.2282,70.77429,70.68239,74.24284,70.00714,78.72103,73.82412,72.00694,68.47627,69.31811,71.58911,72.44998,63.52952,66.70832,65.55151,74.46476,67.1193,68.42514,72.91776,70.77429
12.16553,12.16553,11.04536,11.18034,11.04536,11.04536,10.04988,10.0,10.0,10.0,10.04988,10.04988,10.04988,10.04988,10.04988,10.04988,10.19804,10.04988,10.04988,10.04988,10.04988,10.04988,10.04988,10.19804,10.04988,10.04988,10.04988,10.0,10.0,10.0,9.0,9.0,9.05539,8.06226,9.05539,8.06226,8.06226,8.06226,7.07107,7.07107,7.28011,7.28011,6.32456,6.32456,6.32456,6.32456,6.32456,5.83095,5.38516,5.83095,5.0,5.0,67.6757,61.40033,61.61169,64.40497,62.43397,55.60576,54.20332,59.20304,56.0357,52.40229,51.85557,51.62364,50.24938,49.49747,48.79549,52.00961,51.73973,49.67897,48.16638,50.24938,52.20153,46.87217,46.09772,52.34501,48.79549,50.24938,49.81967,53.2635,46.75468,50.0,46.2277,48.10405,46.69047,46.01087,48.83646,43.60046,43.41659,42.63801,43.82921,40.60788,40.0,39.11521,39.11521,40.31129,34.0,31.30495,30.08322,27.89265,24.69818,29.41088,30.46309,24.73863,22.56103,24.18677,27.16616,24.18677,18.02776,14.14214,13.45362,7.81025,6.40312,12.80625,11.40175,10.44031,16.15549,19.23538,20.09975,24.5153,26.57066,22.09072,31.40064,37.57659,34.48188,41.7732,42.72002,45.18849,44.59821,50.24938,55.56978,55.22681,59.20304,57.00877,58.00862,64.2028,64.44377,63.25346,69.35416,70.60453,62.36986,68.0147,67.89698,71.8401,68.68042,73.59348,71.50524,67.47592,70.60453,74.65253,71.8401,69.06519,77.62087,72.67049,64.66065,66.61081,69.40461,71.28113,70.43437,66.28725,73.60027,65.80274,66.06815,66.4003,67.62396,68.68042
11.40175,10.0,10.0,10.0,10.0,9.43398,9.43398,8.94427,9.43398,8.94427,8.94427,8.544,8.94427,8.94427,8.94427,9.48683,8.544,8.544,9.48683,9.48683,9.48683,8.544,8.544,9.48683,8.94427,8.544,8.94427,8.94427,8.06226,8.94427,8.06226,8.06226,8.06226,7.2111,7.2111,7.2111,7.81025,7.07107,5.65685,5.65685,5.65685,5.65685,5.65685,5.0,5.0,4.47214,4.47214,4.47214,4.47214,4.47214,3.16228,3.16228,73.17103,63.50591,67.47592,62.80127,65.19202,57.31492,58.24946,59.84146,60.40695,55.9017,51.62364,53.85165,52.81098,52.88667,52.20153,53.31041,56.85948,52.20153,49.24429,49.65884,55.4617,54.56189,48.76474,51.47815,51.62364,49.76947,52.49762,54.626,50.69517,53.22593,49.98,49.39636,51.66237,50.96077,45.22168,44.72136,43.73786,44.14748,44.18144,40.60788,41.19466,39.05125,36.22154,39.01282,35.0571,34.0147,30.06659,30.06659,29.01724,30.0,22.56103,19.92486,24.02082,24.04163,24.69818,23.4094,18.02776,10.0,10.04988,16.27882,15.65248,10.77033,12.80625,14.14214,15.81139,16.27882,22.67157,19.84943,25.6125,29.15476,28.30194,35.35534,40.31129,38.94868,43.27817,43.18565,45.60702,51.86521,60.03332,55.47071,56.36488,62.24147,59.05929,60.92618,61.35145,63.69458,66.85058,63.69458,67.44627,64.13267,68.88396,77.46612,67.18631,70.61161,71.02112,72.78049,69.05071,68.593,71.80529,65.76473,73.82412,66.61081,65.62012,65.49046,70.85901,67.89698,71.17584,70.85901,65.73431,61.0,61.0,76.68768,63.32456,65.51336
12.08305,12.08305,12.08305,12.08305,11.18034,11.18034,10.81665,10.81665,10.0,10.81665,10.81665,10.81665,10.81665,10.0,10.0,10.63015,9.89949,10.63015,11.31371,10.63015,10.63015,10.63015,10.63015,10.63015,11.40175,10.63015,10.63015,10.0,10.0,10.0,10.0,10.0,9.43398,9.43398,9.43398,8.94427,8.94427,7.61577,7.61577,7.61577,7.61577,7.61577,7.28011,6.32456,6.32456,6.32456,6.32456,5.38516,6.08276,5.09902,5.09902,5.0,72.56721,68.00735,71.56815,61.98387,59.77458,50.48762,59.03389,58.54912,56.29387,46.52956,49.25444,49.81967,56.22277,52.0,49.16299,48.16638,55.14526,51.15662,53.15073,50.15974,52.08647,49.0102,51.78803,50.48762,50.15974,56.00893,52.08647,53.23533,51.08816,53.03772,48.0,44.0,52.00961,50.08992,44.28318,43.01163,45.54119,39.11521,40.1995,40.04997,41.19466,37.10795,41.0,31.95309,32.89377,32.55764,31.95309,26.92582,22.80351,27.73085,23.70654,26.68333,27.73085,22.82542,20.61553,21.40093,16.27882,12.64911,10.77033,10.04988,7.61577,13.34166,13.15295,14.14214,15.23155,17.08801,18.97367,29.15476,27.51363,30.46309,28.4605,37.10795,33.61547,42.54409,42.72002,46.57252,50.0,45.27693,57.31492,59.03389,58.03447,61.03278,64.0,67.18631,68.26419,66.37017,63.50591,63.63961,70.61161,68.44706,72.56032,72.99315,70.03571,73.97973,71.02112,67.60178,74.1485,75.31268,76.94154,71.80529,77.10383,67.44627,63.78871,65.76473,67.89698,72.27724,70.34202,71.38627,72.53275,70.61161,63.78871,68.65858,72.18033,74.1485
10.29563,9.43398,10.0,9.43398,10.0,8.60233,9.21954,7.81025,8.48528,8.48528,8.48528,8.48528,8.48528,8.48528,8.48528,8.60233,8.60233,8.60233,8.60233,8.60233,9.21954,9.21954,8.60233,8.60233,9.21954,9.21954,7.81025,8.48528,8.48528,7.81025,7.81025,7.81025,7.81025,7.07107,7.81025,6.40312,6.40312,5.83095,5.83095,5.83095,5.83095,5.83095,5.83095,4.47214,4.47214,4.47214,4.47214,4.12311,4.12311,4.12311,4.0,3.0,69.64194,67.06713,66.40783,63.24555,58.5235,60.44005,58.18935,59.77458,62.0967,52.20153,55.08176,51.78803,51.24451,55.7315,49.64877,51.62364,53.0,55.00909,59.03389,52.03845,51.15662,49.25444,52.08647,50.03998,54.08327,56.0357,49.25444,56.22277,57.00877,53.03772,51.24451,50.35871,51.47815,52.23983,42.95346,46.09772,44.55334,46.32494,48.50773,42.57934,37.10795,39.29377,40.80441,31.95309,35.1141,32.31099,29.06888,35.77709,29.20616,27.73085,26.40076,22.80351,22.02272,21.26029,26.90725,22.67157,22.67157,8.544,12.04159,12.08305,13.15295,10.19804,14.03567,16.76305,17.26268,17.49286,19.41649,19.69772,24.16609,26.92582,31.7805,34.20526,34.9285,41.97618,43.73786,44.72136,49.81967,48.25971,58.00862,56.00893,63.00794,59.21149,60.07495,62.514,64.7611,65.76473,63.78871,61.81424,72.18033,62.8172,64.56005,72.8011,66.48308,65.51336,66.76077,72.44998,73.97973,74.33034,70.21396,68.70953,73.05477,71.86793,73.4983,65.9242,64.40497,71.16881,67.05222,68.68042,68.30813,66.48308,64.19502,67.44627,69.37579,68.65858
12.04159,12.04159,11.04536,11.04536,10.0,11.0,10.0,10.0,10.04988,9.05539,10.04988,10.19804,10.04988,10.04988,10.19804,10.19804,10.44031,10.19804,10.44031,10.19804,10.19804,10.19804,10.19804,10.19804,10.19804,10.19804,10.19804,9.05539,10.04988,9.05539,9.05539,9.05539,9.0,9.0,9.0,8.0,8.0,8.0,7.07107,7.07107,7.07107,7.07107,6.08276,6.08276,6.08276,6.32456,6.32456,5.38516,5.38516,5.38516,5.0,5.0,71.61006,66.70832,68.62215,61.55485,63.78087,57.48913,56.61272,59.5483,55.9017,61.07373,55.9017,49.57822,50.9902,51.85557,53.00943,48.9183,56.0803,51.86521,53.90733,54.20332,55.75841,54.58938,52.15362,50.60632,50.0,54.20332,47.50789,55.21775,53.03772,50.60632,51.0392,50.9902,46.01087,50.44799,49.81967,45.34314,45.96738,41.7732,43.18565,44.82187,41.6173,41.03657,38.27532,35.51056,37.16181,35.4683,32.44996,33.28663,29.15476,28.30194,27.89265,21.84033,25.63201,21.58703,23.5372,24.04163,24.5153,15.6205,11.31371,9.05539,12.80625,11.6619,10.29563,15.52417,20.61553,20.61553,19.64688,23.34524,26.92582,31.257,28.28427,35.51056,39.05125,41.7732,44.64303,43.41659,51.47815,48.76474,61.29437,54.70832,57.2014,63.24555,62.96825,64.03124,68.00735,70.03571,68.41053,68.593,74.24958,72.13876,70.72482,74.95332,70.00714,72.34639,69.31089,69.31089,74.33034,80.1561,72.86288,77.78175,70.83784,74.41102,70.93659,73.75636,74.8131,72.34639,68.24222,67.94115,68.68042,72.00694,66.06815,72.13876,70.03571,70.0928
12.36932,11.40175,11.18034,11.40175,11.18034,10.19804,10.19804,10.04988,10.04988,10.04988,10.04988,10.04988,10.04988,10.0,10.0,11.0,10.0,10.0,10.0,10.0,10.0,10.0,10.0,10.0,10.0,10.0,10.0,10.04988,9.05539,10.04988,9.05539,9.05539,9.21954,8.24621,8.24621,8.24621,8.24621,7.28011,7.61577,7.61577,7.61577,6.7082,6.7082,6.7082,5.83095,5.83095,5.83095,5.83095,5.83095,5.0,5.0,4.24264,63.50591,59.03389,66.7308,59.94164,64.89992,61.05735,57.45433,60.03332,53.7122,53.41348,47.20169,51.73973,53.90733,50.32892,44.68781,52.40229,54.03702,50.20956,52.49762,52.34501,51.62364,48.79549,47.63402,49.67897,46.69047,53.03772,53.15073,53.74012,49.57822,50.93133,55.22681,48.10405,46.69047,48.08326,46.66905,40.22437,41.40048,43.93177,43.909,41.23106,38.60052,41.04875,38.58756,38.91015,31.7805,35.34119,30.01666,27.85678,28.6007,24.18677,26.07681,28.23119,25.96151,27.29469,22.80351,24.18677,20.02498,11.18034,12.08305,12.04159,12.04159,12.04159,10.0,13.45362,20.61553,16.97056,23.32381,22.47221,24.59675,30.23243,29.52965,33.01515,33.30165,40.80441,42.2019,45.34314,43.93177,45.34314,59.46427,55.22681,55.97321,61.84658,61.03278,62.96825,66.85058,66.24198,65.19202,63.52952,74.30343,67.53518,69.83552,75.17978,68.96376,69.46222,67.53518,67.1193,71.55418,77.47258,67.54258,75.6439,76.55717,65.9242,72.89719,71.55418,69.83552,72.89719,66.85058,68.15424,73.82412,72.01389,63.81222,67.53518,66.64083,62.64982
10.04988,11.04536,10.0,11.04536,10.04988,10.0,9.0,9.0,9.0,9.05539,9.05539,9.05539,9.21954,9.21954,9.21954,9.21954,9.21954,9.21954,9.48683,9.21954,9.21954,9.21954,9.21954,9.48683,9.21954,9.21954,9.21954,8.06226,9.05539,8.06226,8.06226,8.06226,8.0,8.0,7.0,7.0,7.07107,7.07107,6.08276,7.07107,6.08276,6.08276,5.09902,5.09902,5.09902,5.38516,4.47214,4.47214,4.47214,4.47214,4.47214,3.60555,65.45991,60.20797,66.4003,59.81639,57.2014,61.40033,55.31727,56.85068,49.20366,53.8145,53.75872,51.73973,52.3259,46.01087,50.93133,49.51767,49.57822,48.01042,51.08816,50.60632,56.0357,51.61395,50.80354,49.64877,48.41487,46.87217,51.22499,50.0,53.60037,52.34501,51.73973,47.38143,43.18565,47.20169,45.27693,43.93177,41.10961,46.01087,40.36087,41.72529,36.87818,38.28838,32.55764,36.40055,34.4093,32.24903,32.80244,29.68164,24.18677,24.69818,26.0,24.18677,21.18962,23.4094,18.43909,17.46425,25.0,10.44031,10.29563,10.63015,10.63015,13.45362,12.16553,10.77033,18.68154,15.81139,19.41649,21.63331,22.84732,30.67572,29.54657,32.89377,31.38471,40.49691,38.83298,47.41308,52.20153,52.43091,51.40039,47.42362,60.30755,62.93648,63.70243,62.28965,60.81118,58.60034,66.06815,61.6198,66.85058,70.29225,67.42403,68.50547,68.50547,71.02816,68.24222,71.34424,72.42237,69.33974,70.71068,71.19691,72.40166,72.94518,64.89992,68.09552,68.24222,68.09552,65.51336,63.28507,65.45991,65.8635,57.68882,68.24222,62.62587,64.66065
11.18034,11.18034,11.18034,11.18034,10.04988,10.19804,10.04988,10.04988,10.04988,10.0,10.0,10.0,10.0,10.04988,10.04988,10.04988,10.04988,10.04988,10.19804,10.04988,10.04988,10.04988,10.0,10.04988,10.04988,10.04988,10.0,10.0,10.04988,9.0,9.0,9.0,9.05539,8.06226,8.06226,8.06226,8.06226,7.07107,7.07107,7.07107,6.08276,6.08276,6.08276,6.08276,5.09902,5.09902,5.38516,5.38516,5.38516,4.47214,4.47214,4.47214,60.74537,70.5762,70.00714,63.15853,66.09841,60.00833,57.00877,66.48308,55.47071,57.69749,50.9902,53.31041,55.4617,49.73932,51.10773,55.60576,54.6443,53.0,52.00961,59.81639,54.03702,60.0,53.2635,52.00961,47.50789,55.47071,55.56978,56.40035,46.61545,51.22499,53.23533,53.85165,49.24429,51.31277,49.64877,49.64877,45.69464,47.01064,43.86342,39.21734,39.92493,37.10795,38.60052,38.27532,35.0571,34.52535,32.01562,31.7805,25.96151,28.16026,27.45906,26.01922,26.01922,25.0,18.68154,27.01851,24.5153,12.52996,13.0,14.42221,15.81139,12.04159,12.20656,16.55295,13.92839,24.69818,20.88061,21.93171,25.94224,31.01612,35.34119,39.44617,34.66987,44.94441,44.10215,46.52956,50.44799,53.8145,54.56189,62.28965,57.98276,64.44377,61.84658,67.62396,66.61081,64.2028,64.40497,67.41662,71.56116,68.09552,71.69379,69.46222,75.58439,75.66373,74.24958,77.36924,77.89737,73.79024,78.39005,72.89719,79.15807,68.02941,74.68601,73.40981,75.23962,72.00694,74.68601,71.58911,72.56032,64.84597,68.02941,72.91776,66.18912,73.1642
11.04536,10.04988,10.04988,9.05539,9.05539,9.0,9.0,9.0,9.0,9.0,9.05539,9.05539,9.05539,8.06226,8.06226,9.21954,9.21954,9.21954,8.24621,9.21954,9.21954,9.21954,9.21954,9.21954,9.05539,9.21954,9.05539,9.05539,8.06226,9.05539,8.06226,8.0,8.0,7.0,7.0,7.0,7.07107,6.08276,6.08276,6.08276,6.08276,5.09902,5.09902,5.09902,5.09902,4.12311,4.12311,4.12311,4.47214,3.60555,3.60555,3.60555,71.86793,71.70077,62.96825,62.80127,66.4003,60.74537,65.21503,57.42822,63.25346,49.67897,55.86591,50.44799,54.45181,55.22681,55.31727,52.00961,56.40035,59.81639,51.62364,55.22681,48.60041,55.60576,53.2635,54.91812,51.66237,53.07542,52.80152,50.9902,51.62364,53.82379,52.34501,48.83646,50.20956,50.91169,49.49747,43.82921,49.49747,50.21952,42.80187,39.82462,43.01163,36.67424,41.67733,37.20215,33.12099,38.94868,29.54657,35.77709,29.52965,25.29822,27.313,26.83282,27.89265,27.20294,25.96151,24.18677,22.09072,10.63015,12.64911,12.52996,9.89949,13.41641,11.7047,12.64911,17.08801,18.97367,25.17936,19.23538,30.08322,34.52535,37.85499,30.67572,40.16217,37.33631,44.01136,43.68066,45.31004,49.1935,55.22681,56.85948,58.5235,60.80296,65.80274,63.65532,68.68042,65.94695,67.17887,70.72482,65.79514,70.17834,74.27651,76.05919,68.41053,74.51845,70.76722,75.82216,78.60025,72.47068,78.1025,69.40461,81.05554,69.81404,79.61156,72.11103,68.50547,69.2026,70.21396,69.2026,70.93659,69.81404,70.29225,71.58911,71.70077,70.93659
11.7047,10.77033,10.77033,10.44031,9.84886,9.84886,9.84886,9.84886,9.84886,9.43398,9.43398,9.43398,9.43398,9.43398,9.43398,10.0,10.0,9.43398,10.0,10.0,10.0,9.43398,9.43398,10.0,9.43398,10.0,9.43398,9.43398,9.43398,8.94427,8.06226,8.06226,8.06226,7.61577,8.544,7.61577,7.28011,7.28011,6.32456,6.32456,6.08276,6.08276,6.08276,5.09902,5.09902,5.0,5.0,4.0,4.0,4.0,4.0,3.16228,68.593,62.24147,67.17887,61.52235,68.41053,60.30755,61.55485,58.13777,58.69412,56.61272,55.60576,55.44367,51.0392,52.15362,47.88528,49.1935,47.41308,54.12024,51.47815,55.9464,63.56099,48.8467,45.69464,53.85165,46.09772,51.47815,54.23099,51.89412,53.7122,49.24429,51.42956,48.10405,44.94441,54.20332,44.77723,44.29447,43.56604,46.04346,38.41875,38.94868,37.58989,41.86884,36.06938,30.61046,34.71311,32.64966,36.06938,28.01785,29.06888,26.40076,28.3196,26.92582,22.80351,25.23886,23.43075,23.32381,24.16609,12.04159,9.43398,9.43398,10.81665,15.6205,17.80449,17.08801,16.15549,20.12461,22.09072,23.76973,28.44293,30.08322,32.64966,37.33631,35.4683,39.29377,37.33631,47.41308,50.60632,51.0392,50.60632,52.69725,57.68882,61.6198,61.29437,63.03174,70.0,67.17887,69.35416,61.52235,69.6563,65.06919,73.59348,75.74299,67.89698,68.62215,69.31089,76.57676,72.13876,73.66139,72.86288,73.0,75.82216,73.5527,75.69016,70.0928,68.593,65.19202,67.00746,63.78087,66.48308,72.13876,64.81512,68.62215,77.7946,62.80127
12.36932,11.40175,11.18034,11.40175,11.40175,11.18034,10.19804,10.19804,10.19804,10.04988,10.0,10.0,10.0,10.0,10.0,10.04988,10.04988,10.04988,10.04988,10.0,10.0,10.0,10.0,10.04988,10.0,10.0,10.0,10.04988,10.0,10.04988,9.05539,9.05539,9.05539,9.05539,9.21954,8.24621,8.24621,8.24621,7.28011,7.28011,7.28011,7.28011,6.32456,6.32456,5.38516,5.83095,5.83095,5.83095,5.83095,5.83095,5.0,5.0,67.05222,71.16881,66.70832,62.64982,58.18075,59.13544,60.16644,60.40695,52.55473,52.35456,52.35456,54.20332,52.3259,51.47815,48.02083,51.31277,54.20332,48.82622,49.92995,48.01042,46.61545,52.20153,51.40039,49.92995,50.80354,51.31277,49.39636,49.39636,52.3259,51.08816,50.47772,46.14109,47.01064,49.73932,47.42362,48.33218,37.57659,41.10961,47.01064,40.8534,35.17101,35.77709,35.1141,29.73214,31.7805,30.59412,32.01562,29.15476,27.45906,24.02082,27.29469,25.0,25.07987,22.09072,21.09502,19.31321,24.02082,13.0,11.40175,10.77033,12.20656,13.0384,8.60233,9.21954,13.60147,22.36068,22.13594,23.02173,25.55386,30.0,32.44996,34.4093,35.4683,40.81666,43.82921,46.75468,50.93133,55.9017,58.0,54.20332,56.85948,58.24946,60.44005,63.63175,66.24198,63.07139,67.54258,66.21178,75.13322,73.00685,73.92564,71.11962,70.77429,71.58911,71.17584,70.00714,76.6942,74.33034,68.15424,72.44998,73.37575,68.00735,75.39231,75.61085,70.5195,75.6439,68.30813,66.40783,69.26038,66.7308,66.48308,63.32456,71.30919,73.1642
10.81665,10.81665,9.43398,10.81665,9.43398,9.43398,8.94427,8.94427,8.94427,8.94427,8.544,9.48683,8.544,9.48683,9.48683,9.48683,9.21954,9.21954,9.48683,9.48683,9.48683,9.48683,9.21954,9.48683,9.48683,9.48683,8.544,8.94427,8.544,8.544,8.06226,7.61577,8.06226,7.2111,7.2111,6.7082,7.2111,6.40312,6.40312,6.40312,5.65685,5.65685,5.0,5.0,4.24264,4.24264,4.24264,3.60555,3.60555,3.60555,3.16228,3.16228,71.84706,73.17103,68.35934,64.49806,62.20129,64.00781,61.40033,62.28965,55.3263,54.34151,54.74486,49.36598,57.56735,50.9902,48.50773,53.60037,52.39275,50.96077,50.92151,49.39636,57.24509,49.0408,55.36244,51.1957,48.50773,52.17279,47.16991,51.26402,47.12749,48.70318,51.24451,46.09772,50.21952,51.78803,41.78516,48.37355,43.56604,43.56604,40.1995,41.0,38.63936,35.0571,32.01562,34.1321,30.59412,36.05551,30.26549,29.0,29.06888,30.26549,27.16616,23.76973,22.56103,22.80351,22.56103,20.12461,19.72308,13.34166,12.0,9.05539,13.0384,12.20656,13.0,15.55635,16.97056,17.80449,22.02272,21.63331,25.23886,30.41381,32.55764,32.01562,35.60899,46.8615,42.43819,48.01042,50.15974,50.32892,56.82429,50.69517,61.46544,56.75385,60.40695,57.48913,65.51336,59.5399,68.88396,64.93843,74.33034,70.85901,66.48308,73.97973,67.18631,68.46897,70.34913,75.23962,83.09633,74.16873,68.593,75.16648,68.11755,70.02857,76.0,72.00694,66.00758,70.06426,66.00758,68.35934,59.21149,66.0303,62.28965,67.06713,72.24957,65.03076
12.08305,11.18034,12.52996,12.08305,11.18034,11.18034,10.81665,10.81665,10.0,10.81665,10.81665,10.81665,10.81665,10.63015,10.63015,11.31371,9.89949,10.63015,10.63015,11.31371,10.63015,11.31371,10.63015,10.63015,11.40175,10.63015,10.63015,10.63015,10.0,10.0,10.0,10.0,9.43398,8.60233,8.60233,8.06226,8.06226,8.06226,7.61577,8.06226,7.61577,6.7082,6.7082,6.7082,6.32456,5.38516,6.32456,5.38516,5.38516,5.09902,5.09902,5.0,69.26038,69.35416,73.06162,64.32729,68.593,60.82763,58.42089,63.3877,60.03332,60.13319,51.08816,51.08816,52.03845,54.23099,49.16299,51.24451,55.08176,52.34501,52.08647,45.39824,53.93515,47.16991,56.75385,57.28001,53.75872,56.0803,52.34501,58.85576,54.33231,54.91812,46.27094,51.0392,51.0392,49.0,41.01219,49.25444,50.01,41.30375,45.39824,37.12142,42.04759,42.29657,33.54102,37.85499,33.24154,32.89377,28.86174,29.12044,34.48188,27.29469,25.07987,21.9545,25.07987,21.09502,22.82542,18.02776,22.02272,14.56022,14.86607,11.0,12.04159,11.18034,15.81139,17.46425,20.88061,16.55295,21.47091,24.73863,26.41969,31.76476,30.23243,37.21559,41.10961,49.76947,43.01163,46.17359,48.76474,53.60037,55.10898,54.74486,61.98387,61.29437,64.28063,65.03076,66.0303,72.06247,72.06247,67.0,76.00658,72.24957,76.02631,73.43705,75.05998,68.593,71.84706,77.05842,75.16648,76.94154,68.35934,80.04998,75.53807,75.9276,80.89499,68.24954,69.35416,70.5762,68.88396,73.24616,63.34824,73.68175,68.35934,74.00676,74.16873,71.02816
11.04536,11.04536,11.18034,10.04988,10.04988,10.19804,9.21954,9.21954,9.21954,9.48683,9.48683,9.48683,9.48683,9.48683,9.48683,8.94427,8.94427,8.94427,8.94427,9.84886,9.84886,8.94427,8.544,9.84886,9.84886,8.94427,9.48683,9.48683,9.48683,8.544,8.24621,8.24621,8.24621,8.24621,7.07107,7.07107,7.07107,7.07107,7.0,6.0,6.0,6.0,6.0,5.0,5.09902,5.09902,5.09902,4.12311,5.09902,4.12311,4.47214,3.60555,65.19202,67.94115,70.71068,67.20863,61.55485,60.1415,56.72742,62.36986,52.00961,60.20797,51.61395,53.00943,51.73973,47.63402,61.03278,50.80354,52.47857,48.54894,53.7122,52.69725,54.12024,48.54894,53.33854,51.10773,47.50789,48.8774,49.64877,51.31277,46.04346,47.88528,50.77401,49.0408,44.40721,52.20153,46.2277,41.23106,44.68781,45.25483,43.86342,41.72529,40.36087,35.80503,37.64306,35.0,32.24903,27.65863,33.28663,25.23886,26.0,22.2036,25.63201,28.01785,20.59126,21.0238,22.56103,20.88061,23.08679,9.21954,15.65248,15.52417,15.65248,12.04159,13.0384,13.0384,16.12452,19.10497,23.08679,28.01785,25.07987,31.01612,33.01515,31.01612,37.33631,45.09989,43.56604,41.59327,50.44799,54.34151,52.63079,59.20304,57.87055,58.18075,58.60034,62.1289,63.28507,66.85058,70.83078,65.73431,69.33974,69.06519,69.06519,72.67049,68.41053,70.93659,70.0928,75.0733,74.33034,76.05919,71.44928,73.0,70.29225,64.44377,70.76722,75.66373,68.68042,71.50524,65.79514,64.38167,65.11528,69.6563,65.29931,69.02898,65.8559,59.20304
11.40175,11.40175,10.81665,10.81665,10.0,10.0,10.29563,10.29563,10.29563,9.84886,10.29563,9.84886,9.84886,9.84886,9.48683,10.77033,9.48683,9.48683,10.44031,10.44031,9.48683,10.44031,10.77033,10.44031,10.44031,9.48683,9.84886,9.48683,9.84886,8.94427,8.94427,8.94427,8.94427,8.94427,8.06226,8.06226,7.2111,7.2111,7.2111,7.2111,6.40312,6.40312,6.40312,5.0,5.0,5.0,5.0,4.24264,5.0,4.24264,4.24264,3.60555,67.06713,66.48308,62.03225,63.00794,66.48308,62.1289,57.07889,58.30952,54.08327,54.00926,54.08327,60.20797,56.0803,48.01042,52.00961,53.33854,53.46027,52.95281,53.93515,56.4358,54.34151,55.44367,48.05206,49.24429,45.89118,54.12947,52.15362,52.34501,47.26521,53.75872,53.0,47.09565,46.09772,48.16638,42.19005,47.04253,43.01163,47.09565,37.0,41.59327,42.29657,39.81206,38.32754,34.05877,33.73426,32.55764,31.01612,26.1725,23.76973,28.16026,23.76973,23.32381,25.4951,23.25941,24.83948,23.85372,24.08319,14.0,9.0,11.40175,11.18034,13.0,14.31782,13.60147,19.31321,22.62742,18.60108,22.82542,26.40076,28.6007,30.41381,32.80244,36.35932,38.58756,40.81666,42.54409,49.65884,52.20153,57.24509,58.24088,56.29387,62.36986,61.0,63.78871,67.89698,62.514,68.35934,71.02816,69.02898,71.0,70.02857,69.02898,73.17103,71.11259,68.06614,72.11103,75.02666,75.16648,74.24284,73.24616,73.17103,71.25307,71.44928,68.26419,71.06335,68.26419,69.35416,68.06614,71.17584,71.17584,70.11419,66.1211,66.27217,66.00758
12.36932,11.40175,11.40175,10.44031,10.44031,10.44031,10.44031,9.84886,9.84886,9.84886,9.84886,9.84886,9.84886,9.43398,8.94427,10.29563,9.43398,10.29563,9.43398,9.43398,9.43398,9.43398,10.29563,9.43398,10.29563,10.29563,10.29563,10.29563,8.94427,9.84886,8.544,8.94427,8.544,8.544,8.24621,8.24621,8.24621,7.28011,7.28011,7.07107,7.07107,6.08276,7.07107,6.08276,6.0,6.0,6.0,6.0,5.0,5.09902,5.09902,5.09902,71.11962,63.97656,60.40695,64.84597,61.7414,59.5063,57.27128,59.09315,58.18935,53.85165,53.36666,56.30275,53.85165,46.57252,51.97115,54.91812,49.0306,52.17279,44.14748,51.15662,53.15073,52.7731,54.33231,47.09565,48.50773,51.47815,54.45181,50.08992,50.69517,52.95281,52.88667,50.9902,44.38468,48.6621,46.32494,42.37924,43.41659,45.88028,42.37924,44.27189,36.05551,37.94733,33.54102,29.68164,33.61547,30.8707,29.15476,30.80584,28.6007,26.92582,29.68164,26.40076,23.32381,19.84943,21.26029,20.61553,21.0238,8.60233,11.18034,10.44031,9.84886,7.28011,11.04536,13.15295,15.0333,17.49286,18.43909,21.0,25.4951,27.16616,31.40064,34.36568,38.83298,38.20995,42.10701,41.30375,48.01042,49.49747,52.15362,52.61179,57.42822,54.12024,62.64982,60.08328,63.24555,61.03278,70.00714,61.98387,69.64194,68.15424,63.69458,70.68239,66.70832,71.69379,73.53911,73.00685,73.53911,69.77822,70.00714,71.55418,72.49828,69.31811,75.29276,67.97794,68.42514,68.88396,65.30697,66.64083,62.24147,70.66116,68.54196,68.54196,66.70832,65.0
10.81665,10.81665,10.81665,10.81665,10.0,10.0,9.21954,9.21954,9.21954,8.48528,9.21954,9.21954,9.21954,9.21954,9.21954,9.21954,8.60233,8.60233,10.0,10.0,9.21954,10.0,8.60233,10.0,10.0,10.0,9.21954,9.21954,9.21954,8.48528,8.48528,8.48528,8.48528,7.81025,7.81025,7.07107,7.07107,6.40312,6.40312,6.40312,5.83095,5.83095,5.83095,5.0,4.47214,4.47214,4.47214,4.47214,4.12311,4.12311,4.12311,4.0,60.74537,74.02702,63.13478,62.43397,63.95311,62.16912,57.98276,61.77378,55.54278,53.23533,50.24938,49.39636,50.56679,49.98,46.8188,49.24429,51.66237,53.16014,56.08921,53.60037,51.47815,50.63596,47.85394,51.66237,48.50773,55.31727,50.21952,54.74486,49.0306,53.75872,54.81788,46.84015,49.0306,47.12749,43.93177,42.44997,43.65776,45.61798,42.05948,38.62642,40.49691,37.16181,37.69615,35.77709,35.35534,32.69557,34.0,28.30194,24.41311,25.55386,29.52965,22.02272,24.69818,22.2036,23.34524,17.20465,23.85372,13.0384,11.6619,9.21954,12.04159,12.08305,12.16553,11.0,14.03567,16.27882,18.11077,23.34524,22.56103,34.23449,30.0,36.13862,35.69314,40.31129,43.56604,47.85394,46.57252,47.51842,58.30952,56.921,59.46427,56.85948,60.53924,61.40033,66.24198,60.80296,62.6099,67.1193,65.73431,66.28725,70.45566,71.28113,70.80254,65.73431,69.33974,74.88658,77.93587,70.43437,71.02816,71.61006,76.02631,64.40497,71.61006,65.51336,69.2026,80.44874,70.80254,70.80254,71.84706,67.80118,63.82006,70.17834,75.0,66.7308
11.18034,11.18034,10.29563,10.29563,10.29563,10.29563,9.43398,9.43398,9.43398,8.60233,10.0,10.0,9.21954,9.21954,9.21954,9.89949,9.89949,9.21954,9.89949,9.89949,9.89949,9.21954,9.21954,9.89949,9.89949,10.0,10.0,9.21954,9.21954,8.60233,8.60233,8.60233,8.60233,8.06226,7.61577,8.06226,7.61577,6.7082,6.7082,6.7082,6.32456,6.32456,5.38516,5.38516,5.38516,5.09902,5.09902,4.12311,4.12311,4.0,4.0,4.0,68.35203,66.09841,67.05222,65.52099,59.48109,60.16644,59.20304,58.94065,56.04463,53.60037,59.5399,54.91812,57.42822,54.08327,55.57877,51.0392,52.23983,54.33231,54.0,57.14018,54.03702,54.00926,54.0,52.0,54.14795,53.00943,49.0408,53.33854,55.08176,59.0,50.15974,57.14018,46.57252,47.16991,49.0306,47.29693,47.85394,46.87217,47.09565,44.38468,42.05948,38.01316,34.78505,40.31129,33.12099,31.76476,33.54102,36.76955,26.41969,27.73085,30.8707,28.01785,25.05993,24.83948,22.62742,24.08319,16.27882,12.04159,18.02776,12.04159,11.04536,11.0,13.92839,16.76305,15.52417,21.09502,19.41649,30.36445,26.0,34.48188,37.0,32.01562,37.36308,40.02499,43.93177,48.05206,49.81967,49.25444,60.53098,59.03389,64.0,65.49046,64.00781,66.61081,62.64982,67.91171,70.21396,72.36712,66.91039,69.2315,72.78049,72.03471,77.46612,77.62087,82.0061,75.61085,80.32434,79.69944,80.28076,75.27284,80.00625,69.64194,75.70997,74.2159,68.15424,68.88396,74.63243,71.16881,75.28612,76.90254,67.18631,67.35726,70.34202,65.96969
11.18034,10.19804,10.19804,10.19804,10.19804,9.21954,9.21954,8.544,9.48683,8.544,8.544,8.94427,8.94427,8.94427,8.94427,8.94427,8.94427,8.94427,9.43398,8.94427,8.94427,9.43398,8.94427,9.43398,8.94427,8.94427,8.94427,8.544,8.544,8.544,8.544,8.24621,8.24621,7.28011,7.28011,7.28011,7.07107,7.07107,6.08276,6.08276,6.0,6.0,6.0,5.0,5.0,4.0,5.09902,5.09902,4.12311,4.12311,4.12311,4.47214,67.54258,62.39391,70.26379,59.68249,64.49806,60.90156,59.5063,57.77543,55.15433,56.79789,55.9464,50.69517,54.78138,47.75982,56.30275,51.41984,57.24509,51.1957,46.38965,53.60037,51.97115,52.95281,50.24938,52.61179,54.57105,56.29387,57.97413,52.63079,52.20153,52.88667,48.27007,50.92151,51.24451,49.64877,44.92215,47.43416,42.54409,42.54409,44.77723,40.71855,42.05948,39.96248,38.47077,34.0,35.35534,31.90611,32.20248,33.01515,30.61046,31.90611,27.58623,22.67157,24.20744,25.0,24.08319,20.61553,21.63331,11.18034,12.20656,11.0,13.60147,12.36932,13.15295,13.15295,18.0,21.09502,18.24829,22.0,26.4764,29.12044,30.41381,30.06659,37.01351,43.28972,42.04759,44.04543,44.10215,47.09565,54.14795,57.48913,57.55867,58.24088,62.64184,59.77458,66.48308,65.80274,65.25335,63.24555,66.21178,65.74192,72.44998,73.34848,70.66116,70.77429,69.77105,66.64833,72.91776,73.40981,71.34424,74.70609,75.15318,70.83078,74.30343,74.09453,65.0,65.0,69.33974,64.00781,68.47627,70.3278,66.64833,70.00714,70.77429,66.24198
11.40175,10.81665,10.81665,10.81665,10.81665,10.0,10.29563,10.29563,10.29563,9.84886,9.84886,9.84886,9.48683,9.48683,9.48683,10.44031,9.48683,9.48683,9.48683,10.44031,9.48683,10.44031,10.77033,10.44031,10.44031,9.84886,10.77033,9.84886,9.84886,8.94427,8.94427,8.94427,8.94427,8.06226,8.06226,8.60233,7.2111,7.2111,7.2111,7.2111,6.40312,6.40312,6.40312,5.65685,5.0,5.0,5.0,5.65685,4.24264,4.24264,4.47214,3.60555,66.61081,69.46222,61.40033,55.00909,67.06713,55.9017,58.54912,58.85576,54.58938,49.81967,51.97115,50.80354,52.39275,49.81967,52.88667,50.59644,54.08327,47.01064,45.35416,55.08176,52.0,50.96077,52.81098,48.33218,51.24451,50.32892,56.61272,56.64804,50.44799,51.24451,53.75872,58.0517,47.53946,46.09772,48.16638,42.29657,45.54119,41.30375,40.60788,47.04253,41.04875,35.22783,38.11824,32.06244,32.14032,31.57531,29.61419,25.07987,30.0,26.07681,31.04835,24.69818,24.5153,22.84732,22.47221,23.70654,23.25941,16.15549,9.05539,11.7047,10.0,9.21954,14.42221,13.0384,14.86607,20.80865,23.34524,28.28427,27.01851,29.0,32.80244,33.24154,39.69887,41.03657,47.38143,43.93177,46.61545,52.47857,49.64877,59.07622,64.00781,61.84658,63.50591,63.69458,62.96825,66.09841,66.7308,68.96376,64.62198,68.88396,71.80529,71.02112,68.15424,70.40597,73.5459,71.02112,74.73286,66.61081,74.46476,74.96666,77.10383,70.34913,77.46612,70.25667,73.97973,72.44308,71.34424,67.36468,66.75328,65.37584,69.05071,69.05071,65.51336,68.88396
12.20656,11.6619,11.6619,10.81665,11.6619,10.29563,10.29563,9.84886,9.84886,9.84886,9.84886,10.77033,9.84886,9.84886,10.77033,10.44031,10.44031,10.44031,10.19804,10.44031,10.44031,10.44031,10.44031,10.44031,10.77033,10.44031,10.44031,10.77033,9.84886,9.84886,8.94427,8.94427,8.94427,8.94427,8.94427,8.94427,8.60233,7.2111,7.81025,7.2111,7.2111,7.2111,6.40312,6.40312,6.40312,5.65685,5.65685,5.65685,5.65685,5.0,5.0,4.47214,68.65858,65.76473,66.70832,59.66574,57.70615,53.60037,60.16644,55.65968,55.08176,54.08327,50.59644,53.85165,52.81098,52.20153,49.64877,53.7122,52.92447,54.12947,53.66563,52.47857,51.31277,45.61798,54.58938,53.7122,53.7122,53.23533,52.35456,47.41308,46.8188,52.80152,50.92151,50.9902,51.07837,51.62364,42.54409,47.53946,43.68066,46.48656,43.68066,41.23106,39.05125,37.48333,38.11824,37.85499,33.24154,28.63564,28.28427,32.14032,28.07134,25.01999,22.0,25.01999,28.44293,24.02082,20.88061,20.24846,21.0238,12.04159,12.36932,9.21954,10.29563,11.40175,14.21267,18.38478,17.69181,20.51828,19.79899,23.34524,25.6125,31.241,36.76955,35.35534,33.6006,43.41659,43.93177,43.41659,53.53504,52.69725,57.3062,51.0,60.37384,61.84658,63.69458,62.39391,66.85058,64.84597,67.41662,61.98387,68.30813,64.28841,67.91171,74.33034,65.96969,70.71068,73.00685,73.97973,75.13322,78.08969,67.91171,74.1485,76.94154,73.1642,67.46851,68.593,71.84706,76.15773,71.70077,71.70077,70.0928,67.91171,66.94027,68.65858,73.5459,74.43118
11.7047,10.77033,10.77033,10.77033,9.84886,9.84886,8.94427,8.94427,8.94427,9.43398,9.43398,9.43398,9.43398,9.43398,8.60233,10.0,10.0,10.0,9.21954,9.21954,9.43398,10.0,10.0,10.0,9.43398,10.0,9.43398,9.43398,9.43398,9.43398,8.06226,8.06226,8.06226,7.61577,7.61577,7.61577,7.28011,6.32456,6.32456,6.32456,6.08276,6.32456,5.09902,5.09902,5.09902,5.09902,5.09902,4.0,4.0,4.0,4.0,4.12311,60.37384,68.26419,68.26419,56.60389,61.58734,56.4358,57.42822,59.48109,54.70832,54.58938,48.70318,55.15433,50.59644,46.51881,50.32892,54.08327,53.14132,49.76947,48.10405,53.93515,54.57105,55.54278,53.75872,55.54278,52.63079,50.96077,53.85165,52.49762,50.32892,51.66237,48.38388,50.0,49.39636,51.5461,50.92151,50.08992,47.41308,41.4367,46.95743,44.29447,38.58756,38.83298,35.51056,32.20248,32.20248,34.4093,34.82815,31.14482,29.0,26.62705,29.41088,24.75884,25.45584,22.47221,20.61553,21.40093,20.12461,14.56022,11.7047,9.43398,14.03567,12.64911,10.04988,16.12452,15.29706,21.09502,24.02082,22.09072,25.0,30.14963,29.06888,33.13608,35.01428,46.04346,39.31921,47.26521,50.24938,53.03772,55.10898,54.12024,59.13544,57.77543,63.60031,60.53924,64.84597,63.50591,64.40497,63.50591,67.23095,71.69379,69.46222,75.66373,70.23532,68.42514,72.06941,70.21396,69.63476,73.4983,71.69379,75.60423,75.47185,68.50547,72.11103,69.64194,68.88396,67.95587,68.26419,65.19202,69.06519,70.3278,71.19691,72.94518,70.3278,72.44998
11.04536,11.04536,10.04988,10.04988,10.04988,10.19804,9.21954,9.21954,9.21954,8.24621,9.48683,9.48683,9.48683,8.544,9.48683,9.84886,9.84886,8.94427,9.84886,9.48683,9.48683,9.48683,9.84886,9.84886,9.84886,9.84886,9.48683,8.544,8.544,8.24621,8.24621,8.24621,8.06226,7.07107,8.06226,7.07107,7.07107,6.08276,6.08276,6.0,6.0,6.0,5.0,5.0,5.0,5.0,5.09902,4.12311,4.12311,4.12311,3.16228,3.16228,72.13876,68.76772,66.70832,61.52235,63.89053,62.2254,61.55485,55.86591,51.85557,53.25411,55.97321,53.2635,50.80354,53.41348,51.31277,54.12024,55.56978,54.91812,51.86521,49.09175,52.3259,51.47815,49.64877,49.64877,48.60041,48.82622,53.7122,54.20332,49.09175,51.62364,52.15362,51.0392,47.01064,48.27007,45.48626,43.41659,47.42362,45.27693,43.93177,36.61967,39.62323,37.48333,37.48333,35.60899,32.01562,36.12478,30.41381,31.82766,30.01666,23.02173,28.6531,24.18677,27.73085,25.4951,22.84732,25.0,23.08679,9.21954,13.45362,13.0384,12.04159,11.40175,16.55295,14.31782,20.61553,19.41649,21.0238,26.01922,25.63201,29.83287,32.57299,33.13608,32.24903,39.31921,39.21734,48.08326,49.0408,46.23851,54.12024,53.7122,60.03332,63.63175,64.00781,61.61169,65.0,65.43699,68.00735,63.41136,69.6563,66.48308,70.00714,72.12489,71.42129,71.42129,71.58911,70.0928,71.44928,73.59348,66.48308,73.5527,72.12489,63.70243,60.82763,65.11528,69.42622,66.52819,65.76473,68.593,68.0147,70.71068,64.3506,65.06919,65.11528,64.81512
12.80625,12.04159,12.04159,12.04159,11.31371,10.63015,10.63015,9.89949,10.63015,10.63015,10.63015,11.40175,10.63015,10.81665,10.0,10.81665,10.29563,10.81665,10.29563,10.81665,10.81665,10.81665,10.81665,10.81665,11.40175,10.81665,10.81665,10.0,10.0,10.0,9.21954,9.21954,9.89949,9.21954,9.21954,8.48528,8.48528,7.81025,7.81025,7.81025,7.81025,6.40312,7.2111,6.40312,6.40312,5.83095,5.83095,5.83095,5.38516,5.38516,5.38516,5.09902,67.08204,61.18823,63.12686,58.69412,61.20457,58.85576,66.37017,56.22277,51.0392,48.50773,45.04442,45.09989,51.0392,53.08484,46.09772,49.09175,53.15073,50.01,50.63596,47.67599,51.66237,50.80354,50.96077,54.12947,48.76474,55.57877,48.50773,51.41984,54.08327,51.1957,46.09772,51.47815,43.93177,47.67599,44.18144,37.12142,45.04442,40.0125,44.18144,40.0125,39.20459,37.05401,37.65634,33.37664,36.34556,33.95585,32.14032,29.06888,29.12044,25.0,29.42788,23.25941,24.35159,26.83282,25.0,21.09502,20.0,16.15549,12.04159,4.12311,16.12452,15.13275,11.18034,17.08801,15.0333,20.24846,21.54066,22.13594,26.40076,28.23119,33.28663,36.76955,36.67424,43.65776,39.29377,39.29377,49.0306,52.15362,56.08921,60.53098,52.61179,60.00833,60.20797,64.0,64.0,63.03174,67.06713,65.03076,67.26812,65.62012,69.42622,71.58911,73.33485,70.40597,69.72087,69.72087,74.8131,78.77182,71.84706,74.8131,73.5527,69.2315,60.63827,70.85901,67.47592,70.03571,66.21933,66.37017,67.06713,67.60178,63.15061,68.26419,69.26038,74.33034
11.7047,11.7047,11.40175,11.40175,11.40175,10.44031,10.44031,10.19804,10.19804,10.19804,10.19804,10.04988,10.04988,10.04988,10.04988,11.04536,10.0,10.04988,10.0,10.0,10.04988,11.0,10.04988,11.0,10.04988,10.04988,10.19804,10.04988,10.04988,10.04988,9.21954,9.21954,9.21954,9.21954,8.24621,8.24621,7.28011,7.61577,7.61577,7.28011,6.7082,6.7082,6.7082,5.38516,5.83095,5.83095,5.83095,5.0,5.0,5.0,5.0,4.24264,65.43699,67.20119,65.76473,67.20119,61.6198,59.66574,55.9017,58.25805,53.03772,56.63921,50.20956,50.24938,52.80152,49.0408,56.58622,50.32892,51.0392,45.60702,47.16991,51.10773,53.85165,51.0392,50.60632,52.3259,51.62364,49.92995,50.0,55.22681,49.92995,54.56189,50.9902,47.38143,46.8615,48.16638,42.52058,47.80167,41.72529,42.44997,41.23106,43.82921,43.13931,39.66106,32.20248,38.28838,34.05877,33.01515,33.54102,30.80584,32.44996,23.02173,25.94224,25.94224,24.59675,21.0238,21.9545,24.04163,18.24829,11.6619,12.80625,14.42221,15.0,14.42221,13.41641,19.92486,17.46425,17.88854,19.31321,21.54066,27.20294,27.89265,33.24154,33.52611,38.91015,39.39543,43.41659,42.72002,49.92995,50.9902,54.58938,55.22681,57.68882,56.22277,65.29931,62.96825,65.06919,62.93648,66.46804,65.76473,71.44928,68.76772,69.31089,75.16648,75.00667,70.83784,72.91776,68.41053,68.76772,75.82216,72.8011,74.63243,72.8011,71.40028,71.84706,70.43437,72.24957,67.80118,70.0,68.24954,70.43437,69.52697,67.20863,69.52697,67.89698,65.29931
12.08305,11.18034,11.18034,10.29563,10.29563,10.29563,10.0,10.0,10.0,10.0,10.0,10.0,10.0,9.21954,9.21954,9.89949,9.89949,9.89949,9.21954,9.89949,9.89949,9.89949,9.89949,9.89949,9.89949,9.21954,9.21954,9.21954,9.21954,9.21954,8.60233,8.60233,8.60233,8.60233,8.06226,8.06226,8.06226,7.61577,7.61577,6.7082,6.7082,6.32456,6.32456,5.38516,5.38516,5.09902,5.09902,5.09902,5.09902,5.0,5.0,5.0,60.53098,69.857,66.28725,67.08204,62.16912,56.7186,57.21888,57.48913,54.91812,52.39275,58.21512,52.15362,52.03845,51.24451,51.24451,50.15974,50.08992,53.03772,48.01042,44.28318,54.91812,49.0408,53.33854,49.09175,48.0,52.0,55.08176,49.16299,51.08816,51.15662,48.04165,55.22681,48.09366,50.15974,46.01087,43.32436,41.10961,42.42641,43.73786,42.95346,37.48333,42.2019,32.98485,34.20526,33.24154,31.38471,35.1141,23.76973,27.29469,25.05993,23.25941,28.17801,22.80351,19.84943,22.2036,17.0,22.02272,8.0,8.24621,12.0,12.0,10.29563,11.0,13.15295,18.38478,20.61553,23.34524,24.04163,26.41969,30.61046,30.52868,34.88553,36.68787,42.15448,39.21734,42.72002,47.29693,48.83646,55.10898,56.7186,60.0,57.00877,60.03332,61.20457,69.02898,62.00806,64.19502,63.28507,64.28063,67.68309,64.93843,72.00694,69.2315,70.71068,73.97973,75.31268,72.36712,70.61161,69.18092,73.76313,69.12308,72.27724,65.96969,68.15424,74.04053,71.47027,65.96969,68.44706,68.68042,67.91171,67.68309,75.9276,70.61161,65.45991
12.08305,12.08305,11.18034,11.18034,10.29563,11.18034,10.29563,10.29563,10.29563,9.43398,10.0,10.0,10.0,9.21954,10.0,10.63015,10.63015,10.0,9.89949,10.0,10.0,10.0,10.0,10.63015,10.63015,10.0,10.0,10.0,9.43398,9.43398,9.43398,9.43398,8.94427,8.94427,8.544,7.61577,7.61577,7.61577,7.61577,7.28011,7.28011,7.28011,6.08276,6.08276,6.08276,6.08276,6.08276,5.0,5.0,5.0,5.0,5.09902,60.92618,68.942,63.60031,65.30697,61.68468,56.04463,56.30275,55.71355,52.88667,51.78803,57.87055,56.08921,46.52956,50.48762,53.46027,54.58938,48.09366,51.0392,51.0098,52.15362,57.00877,50.48762,48.04165,53.00943,45.01111,47.01064,47.16991,51.08816,49.16299,54.00926,49.0,50.15974,41.4367,45.27693,48.50773,46.38965,40.79216,44.28318,37.12142,40.5216,40.16217,36.40055,40.02499,34.9285,33.24154,37.12142,34.88553,26.92582,28.23119,27.29469,25.94224,24.16609,17.88854,22.47221,20.51828,20.0,20.51828,13.0384,11.04536,11.18034,10.19804,11.7047,14.14214,16.12452,13.15295,19.64688,18.78829,22.13594,24.04163,27.20294,32.38827,31.01612,40.60788,42.04759,43.28972,42.19005,53.00943,48.16638,53.03772,54.03702,54.23099,56.7186,62.514,61.18823,63.78871,62.64184,63.89053,65.0,66.40783,70.5195,71.16881,70.26379,69.28925,70.34202,73.05477,71.51224,67.05222,70.93659,69.64194,69.46222,72.8011,65.19202,78.77182,69.28925,68.15424,71.17584,68.54196,69.07966,68.96376,69.28925,64.84597,72.23573,69.26038,67.72001
11.40175,10.44031,10.44031,10.44031,9.48683,9.48683,9.48683,9.48683,9.84886,8.94427,9.84886,10.29563,9.43398,9.43398,8.94427,9.43398,9.43398,9.43398,9.43398,9.43398,9.43398,9.43398,9.43398,9.43398,9.43398,10.29563,9.43398,9.43398,8.94427,8.94427,8.06226,8.94427,7.61577,7.61577,7.61577,7.61577,7.28011,6.32456,6.32456,6.32456,6.32456,6.08276,5.09902,5.09902,5.09902,5.09902,5.0,4.12311,4.0,4.0,4.0,3.0,64.14047,73.3553,69.26038,63.56099,64.62198,56.85948,64.07808,58.18075,55.15433,55.36244,51.97115,48.76474,57.07013,47.80167,54.34151,56.32051,48.37355,48.50773,53.23533,53.03772,53.0,54.08327,53.23533,49.09175,51.15662,51.0098,58.42089,52.61179,54.58938,59.68249,51.62364,55.57877,48.50773,50.48762,49.0306,45.88028,44.14748,36.40055,42.44997,38.63936,42.15448,44.27189,36.76955,38.62642,33.12099,34.88553,31.38471,31.38471,27.45906,26.57066,27.78489,25.4951,22.36068,24.18677,23.02173,22.02272,20.51828,11.7047,9.48683,11.18034,12.36932,15.0,9.05539,13.0,18.02776,19.0,24.33105,22.0,29.01724,29.83287,33.37664,39.0,39.45884,42.42641,45.0,45.70558,51.0098,46.38965,50.15974,60.01666,58.0517,58.69412,59.90826,63.32456,63.56886,64.2573,66.7308,66.85058,67.77905,72.09022,69.77822,71.11962,71.30919,77.82673,75.6439,76.05919,75.13322,76.96753,72.61543,74.32362,78.72103,64.40497,76.15773,71.30919,72.09022,72.47068,71.55418,72.47068,68.94926,72.23573,73.40981,71.30919,72.91776,68.54196
11.31371,11.31371,10.63015,10.63015,9.89949,9.89949,10.0,9.21954,10.0,9.43398,9.43398,9.43398,9.43398,9.43398,9.43398,9.84886,9.84886,9.43398,9.84886,9.84886,8.94427,9.84886,9.43398,9.84886,10.29563,9.43398,9.43398,9.43398,9.43398,8.60233,8.60233,8.60233,8.60233,7.81025,7.81025,7.07107,7.07107,7.07107,7.07107,6.40312,5.65685,5.65685,5.65685,5.0,5.0,5.0,5.0,5.0,4.47214,4.47214,4.47214,3.16228,71.25307,67.18631,64.07027,63.00794,64.00781,59.0,63.03174,58.03447,57.31492,55.08176,52.61179,54.58938,56.88585,52.39275,56.32051,53.93515,50.96077,49.24429,46.48656,54.40588,57.24509,57.00877,47.43416,52.20153,50.69517,51.92302,51.24451,49.0306,50.96077,49.64877,51.5461,46.87217,48.70318,44.18144,49.64877,41.0,44.55334,42.29657,38.32754,43.41659,40.0125,37.0,35.01428,36.01389,34.23449,30.41381,31.0,31.257,23.34524,27.89265,25.70992,25.17936,24.69818,24.18677,29.73214,22.36068,25.55386,11.7047,12.16553,10.0,7.0,10.29563,12.20656,15.65248,17.88854,17.20465,25.45584,26.87006,25.80698,30.80584,33.01515,35.51056,43.01163,39.11521,43.56604,45.27693,48.30114,52.47857,56.46238,61.68468,55.03635,57.24509,63.60031,61.40033,59.03389,63.34824,63.78871,67.68309,67.46851,68.06614,69.2315,74.54529,68.11755,76.32169,66.37017,70.11419,71.56815,71.02816,76.41989,64.12488,76.02631,71.00704,65.03076,74.54529,68.35934,72.00694,73.33485,67.18631,71.58911,70.25667,70.11419,69.11584,67.60178,74.02702
10.81665,10.81665,10.81665,10.0,9.43398,9.43398,9.43398,8.94427,8.94427,8.94427,8.544,9.48683,9.48683,9.48683,9.48683,9.21954,9.21954,9.21954,9.21954,9.48683,9.48683,9.48683,9.21954,9.21954,9.48683,9.21954,9.48683,9.48683,8.544,8.544,7.61577,7.61577,8.06226,7.61577,8.06226,6.7082,6.7082,7.2111,5.83095,5.83095,5.0,5.83095,5.0,5.0,5.0,4.24264,4.24264,4.24264,4.24264,3.60555,3.60555,3.16228,73.06162,64.38167,64.38167,64.19502,63.3877,58.21512,61.40033,61.81424,56.32051,53.75872,47.38143,56.04463,56.75385,53.36666,49.72927,50.92151,56.921,47.16991,48.76474,48.46648,48.30114,52.0,51.62364,53.7122,54.70832,51.62364,51.0,54.56189,52.81098,54.08327,50.15974,54.42426,48.8467,50.59644,47.12749,47.12749,46.23851,47.75982,42.29657,43.01163,43.41659,40.1995,41.30375,43.01163,35.22783,32.24903,34.0147,30.26549,28.07134,28.0,25.01999,24.02082,26.07681,26.1725,26.01922,19.64688,22.36068,7.2111,10.0,12.0,14.03567,14.56022,15.52417,13.41641,19.20937,18.78829,21.93171,25.80698,26.24881,33.12099,29.20616,36.23534,34.98571,39.56008,41.67733,43.65776,43.32436,47.53946,55.97321,52.88667,57.48913,62.514,61.29437,65.12296,61.40033,68.26419,66.1211,69.46222,68.18358,70.17834,68.00735,71.00704,68.06614,66.0303,68.00735,78.00641,73.02739,73.10951,74.02702,73.00685,73.00685,69.18092,73.02739,69.02898,69.18092,70.06426,69.06519,65.03076,69.06519,69.06519,63.00794,71.34424,73.17103,70.45566
10.77033,10.77033,10.44031,10.77033,9.48683,9.48683,9.21954,9.21954,9.21954,9.21954,9.21954,9.05539,9.05539,9.05539,9.05539,10.0,9.0,9.0,9.0,9.05539,9.0,9.05539,9.05539,9.0,9.05539,9.05539,9.05539,9.05539,8.06226,9.21954,8.24621,8.24621,8.24621,7.28011,7.28011,7.28011,7.28011,6.32456,6.7082,6.32456,5.83095,5.38516,5.83095,4.47214,4.47214,4.47214,5.0,4.24264,4.24264,4.24264,3.60555,3.60555,73.1642,59.46427,71.69379,61.09828,62.64982,55.15433,57.38467,63.32456,56.85948,56.85948,48.8774,52.15362,53.7122,55.80323,51.0392,49.64877,57.14018,49.67897,55.60576,48.10405,55.44367,48.83646,57.38467,55.86591,54.56189,54.03702,46.01087,55.86591,52.49762,50.80354,49.67897,55.31727,51.62364,51.61395,50.32892,47.41308,45.18849,46.40043,47.16991,43.82921,40.31129,38.07887,34.88553,34.17601,38.47077,32.31099,36.40055,34.17601,28.79236,24.16609,27.73085,22.56103,28.63564,26.24881,20.39608,19.64688,20.22375,13.60147,11.7047,9.84886,13.60147,15.26434,9.43398,14.42221,19.10497,19.10497,22.2036,21.2132,26.24881,27.65863,31.241,34.20526,35.4683,45.34314,39.62323,43.86342,50.21952,50.21952,52.63079,56.60389,59.36329,60.37384,62.17717,59.5063,65.0,63.97656,69.07966,65.55151,68.94926,68.35203,67.77905,67.6757,67.06713,68.35203,73.38937,73.76313,75.02666,74.46476,73.68175,76.15773,72.42237,70.00714,76.6942,72.12489,67.18631,68.96376,66.21933,68.70953,62.29767,71.16881,66.40783,68.00735,70.93659,63.69458
11.04536,10.04988,10.0,10.04988,10.0,9.0,9.0,9.05539,9.0,9.05539,9.05539,9.05539,9.05539,9.21954,9.21954,9.21954,9.21954,9.21954,9.21954,9.21954,9.21954,9.21954,9.21954,9.21954,9.21954,9.21954,9.21954,9.05539,9.05539,8.06226,8.06226,8.06226,8.0,8.0,8.0,7.0,7.07107,7.07107,6.08276,6.08276,6.08276,6.08276,6.08276,5.09902,5.09902,4.12311,5.38516,4.47214,4.47214,4.47214,4.47214,4.24264,71.44928,68.62215,65.21503,62.36986,65.8559,53.90733,59.03389,58.89822,59.40539,52.00961,55.60576,51.62364,55.56978,54.6443,51.97115,50.32892,53.66563,53.66563,45.69464,53.7122,51.86521,50.69517,54.08327,54.78138,56.0803,53.48832,51.47815,52.55473,54.23099,51.47815,41.62932,46.14109,52.3259,47.01064,44.41846,44.72136,44.29447,38.91015,43.26662,35.77709,39.66106,38.94868,35.0,36.40055,33.24154,31.82766,31.241,29.73214,29.83287,29.06888,30.41381,24.83948,23.32381,26.62705,19.84943,19.31321,19.92486,12.80625,12.52996,7.28011,11.40175,20.12461,13.89244,15.0333,13.92839,16.03122,19.92486,24.33105,27.45906,29.15476,34.9285,31.7805,41.48494,43.46263,44.01136,46.57252,50.28916,51.26402,50.9902,57.70615,56.35601,62.64982,60.46487,62.00806,59.66574,67.20119,63.25346,68.88396,63.70243,69.52697,70.03571,75.9276,69.31089,67.89698,74.51845,72.12489,72.86288,68.76772,77.7946,70.83784,77.83315,67.26812,69.35416,67.47592,70.00714,64.44377,69.35416,66.52819,69.42622,67.89698,63.65532,73.5527,67.1193,68.11755
11.40175,11.40175,11.18034,10.19804,10.19804,10.19804,10.19804,10.04988,10.04988,10.04988,10.04988,10.04988,10.0,10.0,10.0,10.0,10.0,10.0,10.04988,10.0,10.0,10.0,10.0,10.0,10.0,10.0,10.04988,10.04988,9.05539,9.05539,9.05539,9.05539,9.05539,8.06226,8.24621,8.24621,7.28011,7.28011,7.28011,7.28011,6.32456,6.32456,6.32456,5.38516,5.38516,5.38516,4.47214,5.38516,4.47214,4.47214,3.60555,4.24264,69.37579,61.84658,66.21933,65.80274,69.857,61.03278,56.75385,56.75385,58.5235,58.5235,48.38388,52.39275,53.66563,52.92447,52.80152,55.03635,54.58938,51.0,53.60037,51.47815,49.73932,53.22593,50.21952,49.24429,52.15362,54.20332,53.0,56.85948,49.92995,54.12947,47.53946,48.30114,46.51881,46.09772,46.51881,46.17359,48.30114,45.18849,46.09772,39.84972,40.80441,38.47077,39.56008,36.67424,35.90265,33.54102,35.12834,31.40064,26.1725,30.06659,27.0,23.19483,24.0,20.02498,23.19483,22.13594,22.80351,10.44031,11.40175,10.0,13.0384,14.21267,14.21267,15.26434,14.86607,13.60147,16.12452,22.62742,24.04163,31.14482,33.42155,33.94113,38.41875,44.55334,39.62323,43.93177,54.40588,52.63079,58.00862,57.42822,57.70615,59.48109,65.30697,62.96825,64.2573,62.62587,68.35203,65.52099,68.62215,65.55151,64.51356,73.68175,73.08215,72.73239,72.03471,69.92138,74.72617,72.18033,76.29548,73.34848,74.04053,71.02112,71.16881,70.0928,67.72001,61.68468,66.28725,68.44706,69.12308,67.18631,66.4906,68.15424,71.16881,70.5195
11.31371,11.31371,10.63015,10.63015,10.63015,9.89949,10.63015,10.0,9.21954,9.43398,10.0,9.43398,9.43398,8.94427,8.94427,9.84886,8.94427,10.29563,9.84886,9.84886,9.84886,9.84886,8.94427,9.84886,9.84886,9.43398,9.43398,9.43398,8.94427,8.60233,8.60233,8.60233,8.60233,7.81025,7.81025,7.81025,7.81025,7.07107,7.07107,7.07107,6.40312,6.40312,6.40312,5.0,5.83095,5.0,5.83095,4.47214,5.38516,4.47214,4.12311,4.12311,68.18358,64.00781,57.00877,65.37584,61.07373,63.03174,60.0,53.08484,52.00961,59.0,54.00926,52.23983,52.08647,50.01,47.26521,51.78803,50.0,47.53946,51.24451,54.34151,54.12024,49.64877,50.69517,50.21952,50.21952,50.9902,49.24429,49.39636,50.01,51.66237,53.60037,51.78803,47.16991,49.49747,46.27094,39.45884,42.42641,42.10701,42.10701,42.04759,37.0,38.11824,34.0147,38.01316,29.01724,28.01785,31.32092,29.15476,34.52535,29.83287,25.31798,27.85678,22.80351,23.34524,21.93171,22.84732,20.24846,9.0,9.05539,10.44031,12.64911,9.21954,15.65248,15.81139,16.12452,15.81139,17.49286,22.13594,27.313,27.20294,33.01515,36.67424,40.5216,43.41659,41.78516,41.78516,47.80167,52.0,53.36666,53.93515,58.0517,55.31727,64.93843,61.52235,66.1211,64.38167,70.00714,65.06919,69.02898,66.00758,68.26419,74.06079,69.26038,72.44308,75.05998,69.11584,69.06519,73.43705,73.10951,72.44308,74.06079,73.82412,67.02984,63.95311,69.72087,68.73136,70.25667,62.39391,70.11419,74.24284,66.06815,63.07139,66.00758,62.00806
12.20656,12.20656,11.40175,12.80625,11.40175,11.40175,10.63015,10.63015,10.63015,10.63015,10.63015,10.63015,10.63015,10.63015,10.63015,10.63015,10.81665,10.0,11.40175,11.40175,10.63015,11.40175,10.63015,11.40175,10.63015,10.63015,10.63015,10.63015,10.63015,9.89949,9.89949,9.89949,9.21954,9.21954,9.21954,8.60233,8.60233,8.60233,7.2111,7.2111,7.2111,7.2111,7.2111,6.7082,6.7082,5.83095,5.83095,5.38516,5.38516,5.38516,5.09902,5.09902,63.63961,67.89698,63.12686,60.53098,60.01666,56.32051,56.0803,58.00862,58.21512,51.08816,51.15662,45.09989,53.03772,56.22277,50.03998,49.0102,52.08647,47.67599,51.47815,48.05206,50.01,47.0,53.60037,54.58938,50.80354,54.08327,48.25971,52.61179,53.15073,48.09366,47.09565,49.09175,47.01064,47.01064,49.0102,44.01136,42.10701,41.4367,40.5216,41.0,37.10795,34.20526,36.13862,37.33631,30.08322,31.04835,29.12044,35.73514,25.96151,27.73085,26.40076,27.78489,23.08679,23.85372,23.43075,20.61553,19.10497,10.04988,12.0,10.29563,15.13275,13.41641,13.34166,14.14214,17.08801,16.12452,21.47091,18.86796,23.08679,30.61046,34.66987,29.52965,36.76955,36.76955,44.92215,44.72136,52.20153,59.20304,52.88667,55.57877,60.63827,64.32729,62.16912,62.39391,65.27634,65.03076,66.18912,68.02941,74.06079,70.02857,74.33034,74.00676,71.11259,69.11584,74.10803,71.11259,73.17103,68.18358,75.32596,72.1734,73.43705,71.25307,76.48529,75.13322,69.35416,71.56815,70.34913,70.06426,70.06426,65.11528,69.18092,71.11259,72.99315,68.06614
11.04536,11.04536,10.0,10.04988,10.0,9.0,9.0,9.0,9.05539,9.05539,9.05539,9.05539,9.21954,9.21954,9.21954,9.21954,9.21954,9.21954,9.21954,9.48683,9.48683,9.48683,9.21954,9.21954,9.21954,9.21954,9.21954,9.21954,9.05539,8.06226,8.06226,8.06226,8.06226,8.06226,8.0,7.0,7.0,7.0,7.07107,6.08276,6.08276,6.08276,6.08276,5.09902,5.09902,5.09902,4.47214,4.47214,4.47214,4.47214,4.47214,3.60555,68.24954,63.13478,66.4003,68.41053,66.28725,62.42596,59.46427,58.41233,53.90733,56.85068,52.80152,50.9902,55.86591,49.57822,53.03772,56.72742,59.81639,58.24946,53.85165,52.15362,54.40588,55.21775,50.60632,50.0,55.44367,51.08816,57.2014,51.61395,51.22499,51.08816,51.62364,51.62364,53.8145,47.01064,48.9183,46.01087,44.59821,43.93177,45.0,45.22168,38.28838,38.07887,41.40048,38.83298,39.81206,29.41088,37.12142,29.54657,26.40076,23.32381,26.24881,24.04163,26.92582,24.5153,22.13594,23.76973,25.01999,10.63015,9.21954,10.81665,17.02939,15.13275,14.42221,13.41641,18.38478,20.22375,17.26268,21.37756,25.63201,29.42788,30.41381,37.94733,37.12142,44.38468,44.77723,44.77723,48.54894,49.1935,57.14018,57.42822,54.40588,63.78087,63.89053,65.94695,68.593,62.28965,71.42129,65.11528,69.35416,73.87828,72.00694,75.16648,74.51845,76.05919,73.0,72.20111,76.05919,78.49204,73.78347,71.02112,75.43209,70.45566,74.4043,76.6094,69.11584,70.80254,69.63476,69.40461,73.81734,71.56116,62.482,72.00694,69.42622,70.0
11.6619,11.6619,10.81665,10.81665,10.81665,10.0,10.0,10.0,10.0,9.21954,10.0,9.89949,9.89949,9.89949,9.89949,9.89949,9.89949,9.89949,9.21954,9.21954,9.21954,9.89949,9.89949,9.89949,9.89949,9.89949,9.21954,9.21954,9.21954,9.21954,8.60233,8.60233,8.60233,8.60233,8.06226,8.06226,8.06226,7.61577,7.61577,6.7082,6.32456,6.32456,6.32456,6.32456,5.09902,5.09902,5.09902,5.09902,5.09902,5.0,5.0,5.0,72.78049,65.51336,69.58448,67.18631,63.56099,59.3043,59.5399,53.75872,56.4358,52.7731,55.00909,56.0357,53.15073,53.08484,53.03772,50.24938,51.08816,51.0098,49.09175,54.03702,52.08647,56.32051,48.50773,52.03845,47.16991,52.15362,54.0,52.23983,48.01042,51.47815,48.04165,52.15362,48.01042,47.0,45.17743,44.18144,41.30375,42.04759,43.41659,47.29693,43.68066,40.49691,32.01562,35.69314,32.57299,35.1141,33.52611,31.95309,31.01612,26.41969,23.60085,30.23243,25.23886,25.4951,24.08319,27.01851,20.61553,9.84886,14.56022,9.21954,12.36932,12.64911,11.18034,16.55295,15.23155,20.61553,19.23538,25.6125,28.3196,31.14482,37.44329,35.35534,34.48188,42.94182,42.72002,50.9902,50.9902,53.31041,56.61272,53.75872,59.66574,60.29925,65.62012,67.60178,67.60178,67.02984,69.00725,65.00769,64.00781,72.0,67.1193,76.1643,73.33485,73.33485,75.23962,75.32596,75.23962,77.31753,77.78175,77.66595,76.94154,69.58448,77.87811,71.70077,63.28507,74.96666,73.97973,72.56721,73.82412,71.19691,65.27634,70.71068,74.43118,73.06162
12.08305,11.18034,11.6619,11.18034,11.18034,10.29563,10.81665,10.0,10.0,10.0,10.0,10.0,9.21954,9.21954,9.21954,10.63015,9.89949,9.89949,9.89949,9.89949,9.89949,9.89949,9.89949,9.89949,9.89949,9.89949,10.63015,10.63015,9.21954,10.0,8.60233,9.21954,8.60233,8.60233,8.06226,8.06226,8.06226,7.61577,6.7082,6.7082,6.7082,6.32456,6.32456,6.32456,6.32456,5.38516,5.38516,5.09902,5.09902,5.09902,5.0,5.0,68.41053,56.75385,68.88396,64.32729,60.53098,63.63961,56.08921,62.16912,53.75872,56.61272,56.56854,53.08484,53.15073,48.0,53.08484,51.62364,51.15662,47.04253,51.08816,48.04165,62.39391,49.16299,53.60037,51.62364,48.0,53.46027,52.23983,51.15662,51.0,54.45181,52.34501,57.0,48.04165,47.09565,49.0,44.10215,47.26521,45.27693,40.04997,47.16991,35.12834,39.45884,35.69314,30.14963,35.69314,36.13862,34.78505,30.08322,31.01612,24.35159,28.4605,26.92582,26.92582,23.85372,18.78829,22.47221,19.20937,10.77033,12.36932,9.84886,13.60147,16.03122,15.0333,13.0384,20.24846,16.03122,20.61553,24.73863,23.25941,26.92582,35.44009,32.57299,35.35534,47.80167,44.40721,49.47727,48.83646,45.04442,58.03447,55.00909,58.21512,60.13319,65.49046,65.49046,68.44706,62.96825,74.1485,63.78871,67.68309,66.70832,69.42622,68.15424,68.88396,68.65858,71.8401,70.34202,74.2159,79.69944,70.88018,79.81228,72.8011,67.72001,74.2159,76.40026,70.5195,65.55151,68.30813,66.7308,72.36712,75.96052,63.15061,72.8011,75.13322,67.89698
11.0,11.0,10.04988,10.04988,10.04988,9.05539,9.05539,9.05539,9.05539,9.21954,9.21954,9.21954,9.21954,9.48683,9.48683,8.544,8.544,8.544,9.84886,8.544,9.48683,9.48683,8.544,9.48683,9.48683,8.544,9.48683,8.24621,9.21954,8.24621,8.24621,8.24621,8.06226,8.06226,7.07107,7.07107,7.07107,7.0,6.0,6.0,6.0,6.0,6.0,5.09902,5.09902,4.12311,5.09902,4.12311,4.12311,4.12311,4.47214,3.60555,65.45991,73.81734,61.91123,63.00794,63.81222,63.24555,52.80152,58.00862,56.0357,51.22499,51.61395,52.80152,57.28001,51.08816,53.60037,55.17246,48.10405,50.32892,50.32892,51.62364,51.08816,53.15073,47.80167,52.43091,47.01064,50.91169,53.15073,52.63079,54.03702,49.57822,49.57822,48.83646,48.10405,43.13931,49.0408,44.59821,44.59821,43.27817,42.0119,43.04649,38.94868,37.21559,40.49691,42.2019,36.71512,32.44996,34.48188,34.0147,29.96665,26.24881,26.62705,25.0,26.40076,19.41649,25.0,24.18677,20.02498,10.63015,12.72792,13.89244,8.24621,14.31782,13.41641,14.21267,15.65248,18.68154,16.55295,20.24846,28.16026,24.5153,27.73085,35.17101,38.62642,38.01316,45.69464,42.05948,46.52956,50.24938,53.53504,59.46427,57.48913,58.0,59.66574,60.10824,62.62587,62.28965,61.7171,69.2026,70.93659,56.0803,60.60528,72.8011,68.88396,69.89278,71.28113,70.0,68.8186,67.42403,72.62231,75.47185,72.11103,64.89992,61.84658,64.49806,71.56116,62.68174,71.56116,61.91123,67.62396,64.00781,67.1193,74.88658,73.23933,74.4043
12.08305,12.08305,11.18034,11.18034,11.18034,10.77033,10.77033,10.77033,10.77033,10.44031,10.44031,10.44031,10.44031,10.44031,10.19804,10.19804,10.19804,10.19804,10.19804,10.19804,10.19804,10.19804,10.19804,10.19804,10.44031,10.19804,10.44031,9.48683,9.48683,9.48683,9.48683,9.48683,8.94427,8.94427,8.94427,8.94427,8.06226,8.06226,7.2111,7.2111,7.2111,7.2111,6.40312,6.40312,6.40312,6.40312,6.40312,5.65685,5.65685,5.65685,5.0,5.0,69.26038,68.73136,67.36468,61.20457,62.16912,60.40695,60.07495,62.96825,56.7186,51.1957,50.96077,53.14132,50.69517,51.07837,48.8467,50.9902,51.42956,51.24451,52.55473,50.08992,54.12947,52.0,57.27128,53.85165,56.36488,56.0803,53.31041,54.08327,52.55473,53.23533,49.39636,51.07837,46.8188,48.50773,49.0408,45.54119,45.22168,44.64303,44.64303,41.48494,39.05125,38.11824,36.01389,36.05551,39.20459,31.01612,35.01428,31.01612,27.07397,25.01999,29.15476,23.34524,27.07397,25.29822,25.4951,18.43909,23.4094,13.15295,16.12452,13.15295,14.56022,13.15295,11.40175,13.45362,16.97056,14.21267,19.20937,29.0,29.06888,31.14482,34.65545,35.0,37.20215,41.86884,39.40812,44.41846,50.11986,52.15362,58.66856,57.00877,60.00833,59.80803,62.93648,64.93843,72.73239,64.77654,70.5195,62.36986,77.92946,68.88396,71.80529,71.56815,68.73136,68.68042,75.53807,76.29548,75.80237,75.53807,70.25667,77.00649,78.40918,73.82412,80.399,70.5762,69.46222,72.69113,71.0,70.45566,71.44928,75.32596,67.18631,69.87131,78.08969,71.19691
11.04536,11.0,10.0,10.04988,10.0,10.0,9.05539,9.05539,9.05539,9.05539,9.05539,9.21954,9.05539,9.21954,9.21954,9.48683,9.48683,9.48683,9.48683,9.21954,9.21954,9.48683,9.21954,9.21954,9.21954,9.21954,9.21954,9.05539,9.05539,9.05539,8.06226,8.06226,8.06226,8.06226,8.0,8.0,7.0,7.0,6.0,6.0,6.08276,6.08276,5.09902,5.09902,5.09902,5.09902,4.12311,4.12311,4.12311,3.16228,3.60555,3.60555,76.6942,66.57327,73.87828,59.46427,58.0,65.76473,63.03174,68.0147,57.31492,61.7171,53.00943,50.20956,53.60037,49.57822,54.67175,53.2635,57.42822,57.80138,49.64877,49.73932,59.48109,49.24429,56.93856,52.80152,50.60632,51.88449,51.31277,52.15362,58.18075,50.24938,50.21952,51.97115,48.16638,51.22499,46.61545,51.61395,47.20169,48.60041,46.01087,40.80441,38.28838,45.27693,34.20526,36.79674,38.8973,33.97058,36.23534,33.42155,29.83287,29.06888,28.6007,26.1725,28.30194,27.73085,22.84732,24.5153,23.5372,12.04159,9.43398,14.42221,9.21954,11.40175,8.544,15.23155,17.72005,14.76482,17.46425,25.4951,26.92582,28.63564,31.95309,42.48529,36.67424,45.31004,38.27532,46.04346,52.7731,50.21952,54.6443,54.67175,62.00806,62.96825,62.28965,65.19202,68.68042,62.24147,71.50524,67.62396,75.00667,70.03571,71.06335,80.1561,68.0147,70.17834,76.05919,74.8131,76.6094,75.60423,74.02702,78.60025,75.80237,74.8131,75.60423,70.45566,71.02816,74.02702,68.76772,76.00658,68.41053,68.88396,64.44377,66.70832,74.02702,67.17887
11.31371,11.31371,10.63015,10.63015,9.89949,9.89949,9.21954,9.21954,9.21954,8.60233,10.0,9.43398,9.43398,9.43398,9.43398,9.43398,9.43398,9.43398,10.29563,9.43398,9.43398,9.43398,9.43398,10.29563,9.43398,9.43398,9.43398,9.21954,10.0,9.21954,9.21954,9.21954,8.48528,8.48528,7.81025,7.81025,7.81025,7.81025,7.2111,6.40312,6.7082,6.40312,5.83095,5.83095,5.83095,5.38516,5.38516,5.38516,5.38516,5.09902,5.09902,5.09902,66.0303,65.49046,66.1211,69.11584,60.13319,59.07622,55.44367,59.13544,57.0,56.4358,51.97115,51.41984,56.04463,50.0,54.81788,56.51548,52.20153,52.49762,52.92447,53.75872,55.15433,45.22168,55.54278,48.10405,53.22593,52.55473,52.20153,52.81098,49.0408,52.20153,50.0,48.8467,47.12749,45.12206,41.23106,41.23106,42.19005,43.17407,41.59327,44.40721,37.21559,39.05125,39.45884,33.24154,34.05877,32.01562,36.0,25.0,27.29469,28.01785,24.0,25.31798,22.02272,23.4094,18.68154,26.41969,19.64688,8.60233,9.21954,8.24621,10.29563,15.81139,12.20656,15.0,15.6205,19.72308,19.20937,20.80865,22.2036,25.6125,34.65545,30.61046,37.73592,40.22437,40.81666,45.79301,43.04649,45.61798,52.81098,56.85948,62.96825,59.46427,60.74537,65.73431,67.18631,61.81424,70.71068,66.48308,67.89698,67.46851,67.60178,70.5762,74.24284,69.87131,68.26419,70.25667,69.02898,77.05842,65.19202,74.06079,71.06335,72.00694,73.06162,65.12296,66.37017,65.27634,63.03174,65.00769,73.00685,68.26419,64.07027,64.28063,71.34424,69.42622
12.36932,11.40175,12.64911,11.40175,11.40175,10.44031,10.77033,10.77033,10.77033,10.77033,10.77033,10.29563,11.18034,11.18034,10.29563,10.81665,10.29563,10.29563,10.81665,10.81665,10.81665,10.81665,10.29563,10.81665,11.18034,10.29563,10.29563,10.29563,10.29563,9.84886,9.84886,9.84886,9.84886,8.544,8.544,8.544,8.544,8.24621,7.28011,7.28011,7.28011,7.28011,7.07107,6.08276,6.08276,6.08276,6.08276,6.08276,5.0,5.0,5.0,5.09902,64.49806,64.84597,62.6099,65.19202,62.64982,57.69749,50.56679,60.16644,51.89412,53.66563,53.22593,46.48656,52.55473,52.63079,49.24429,45.89118,52.95281,50.63596,48.6621,50.63596,56.88585,46.84015,48.25971,46.01087,47.51842,51.35173,48.83646,53.23533,51.62364,48.76474,46.87217,50.44799,50.9902,50.63596,43.17407,47.67599,43.93177,46.17359,47.16991,40.16217,39.82462,33.61547,34.9285,38.48376,34.43835,25.05993,32.44996,27.78489,30.88689,28.17801,28.01785,28.6007,22.80351,24.83948,26.24881,22.62742,21.9545,7.07107,15.0,12.64911,9.84886,9.48683,12.16553,16.15549,13.15295,17.0,24.33105,24.08319,25.07987,33.13608,28.16026,38.01316,33.24154,43.10452,45.39824,45.35416,46.69047,49.81967,56.29387,56.61272,60.40695,65.45991,60.53924,63.50591,64.49806,66.21178,66.18912,64.4748,67.97794,67.53518,68.47627,75.71658,72.06941,69.97142,74.06079,72.56032,73.43024,79.17702,70.49113,75.71658,71.69379,74.63243,73.00685,71.56116,67.6757,67.23095,70.71068,67.08204,63.13478,68.96376,65.8635,71.58911,74.32362,71.58911
10.77033,10.77033,8.94427,10.77033,10.29563,9.84886,10.29563,7.61577,9.84886,6.7082,7.2111,13.60147,13.0384,10.44031,11.40175,9.21954,14.03567,10.63015,15.13275,13.0384,17.69181,14.14214,13.0384,18.60108,10.44031,10.44031,13.89244,7.28011,14.14214,13.0384,17.0,12.36932,10.29563,1.41421,6.40312,2.23607,11.40175,9.48683,12.52996,4.0,8.60233,6.08276,6.40312,4.47214,5.09902,4.47214,4.12311,4.0,3.60555,3.16228,4.0,4.0,47.16991,56.0357,53.46027,55.08176,51.24451,50.01,51.0392,44.04543,42.42641,45.09989,61.07373,40.80441,48.04165,36.67424,40.49691,69.00725,57.14018,50.96077,42.05948,16.0,83.29466,46.8188,17.49286,55.0,26.41969,47.53946,75.13322,31.40064,60.03332,47.20169,18.11077,51.5461,26.0,95.80188,69.87131,45.27693,99.86491,63.60031,63.25346,51.0,77.10383,13.60147,63.34824,24.33105,34.05877,51.08816,32.01562,27.73085,20.59126,23.08679,29.68164,25.01999,21.58703,15.65248,15.0333,20.61553,14.0,10.0,9.21954,8.60233,10.0,10.19804,13.15295,15.0333,11.18034,14.31782,18.11077,18.24829,23.5372,23.5372,26.07681,25.0,29.01724,32.14032,39.81206,36.05551,36.34556,40.80441,45.60702,45.69464,43.86342,46.06517,48.76474,51.40039,56.4358,52.43091,51.22499,55.97321,53.75872,55.17246,53.2635,55.21775,56.30275,55.21775,55.47071,58.18075,58.66856,59.90826,56.36488,59.03389,53.7122,58.69412,56.79789,54.12947,59.77458,55.08176,54.42426,51.66237,57.28001,60.16644,48.05206,54.12947,60.82763,49.49747
11.40175,11.40175,10.44031,11.40175,10.44031,10.44031,9.84886,9.84886,9.84886,9.84886,10.29563,10.29563,9.43398,9.43398,9.43398,9.43398,10.0,9.43398,10.0,10.0,9.43398,10.0,9.43398,10.0,10.0,10.29563,9.43398,9.43398,9.43398,8.94427,8.94427,8.94427,8.94427,8.544,8.544,8.544,7.61577,7.28011,7.28011,7.28011,7.07107,6.08276,6.08276,6.08276,6.08276,5.0,6.0,5.0,5.0,5.09902,5.09902,5.09902,70.49113,62.43397,66.88797,64.49806,63.13478,53.85165,58.59181,56.93856,49.76947,53.7122,51.62364,47.92703,50.69517,50.0,46.84015,54.81788,50.01,46.17359,47.12749,51.41984,54.91812,52.95281,49.81967,49.47727,50.69517,49.0408,52.49762,47.85394,48.76474,47.12749,50.92151,47.16991,47.75982,47.80167,46.17359,46.61545,41.62932,39.11521,39.96248,37.69615,39.96248,37.58989,37.58989,32.24903,31.90611,33.28663,31.62278,29.06888,24.75884,24.04163,25.45584,24.75884,23.60085,22.02272,20.59126,24.83948,20.0,12.52996,9.43398,8.94427,8.06226,13.34166,15.29706,11.04536,16.03122,22.02272,25.17936,25.4951,26.4764,26.68333,32.75668,27.0,37.12142,46.17359,39.05125,45.09989,47.16991,53.46027,54.91812,55.10898,54.08327,59.48109,58.94065,61.40033,68.41053,63.07139,70.00714,67.06713,70.77429,67.53518,69.83552,72.00694,71.55418,72.00694,68.942,70.3278,76.55717,73.43024,76.48529,74.24284,69.35416,65.73431,74.68601,69.83552,72.01389,70.72482,66.28725,68.7968,66.7308,64.88451,66.64083,76.53757,72.56032,69.31811
10.44031,10.44031,10.77033,10.44031,9.84886,8.544,8.94427,8.94427,8.94427,8.94427,8.94427,8.94427,8.94427,8.60233,9.43398,8.60233,8.60233,8.60233,8.60233,9.21954,8.60233,9.43398,8.60233,9.43398,9.43398,9.43398,8.60233,8.94427,8.94427,8.06226,8.06226,7.61577,7.61577,7.61577,7.61577,7.28011,6.32456,6.08276,6.08276,6.08276,6.08276,5.09902,5.0,5.0,5.0,5.0,5.0,4.0,4.12311,4.12311,4.12311,4.47214,66.40783,68.15424,69.28925,64.07808,61.03278,55.9017,63.24555,53.14132,58.46366,52.81098,49.33559,56.51548,55.08176,52.17279,54.40588,51.47815,57.70615,54.03702,55.00909,56.22277,52.46904,51.24451,54.08327,54.03702,55.3263,56.0803,55.22681,58.21512,53.93515,56.32051,53.46027,52.15362,48.83646,48.50773,48.27007,44.91102,43.41659,44.91102,43.68066,34.53983,41.48494,38.8973,37.0,37.33631,37.0,30.8707,31.62278,32.20248,29.96665,24.18677,23.70654,25.80698,29.41088,30.52868,21.26029,22.67157,21.26029,14.14214,12.52996,11.7047,11.40175,12.36932,12.04159,14.03567,16.0,19.10497,22.80351,20.88061,21.18962,25.70992,32.01562,37.48333,38.01316,42.75512,43.10452,49.25444,49.0102,54.45181,57.31492,56.7186,63.28507,61.84658,66.21933,63.56886,64.56005,68.41053,61.13101,66.12866,66.94027,66.85058,65.9242,75.76939,73.3553,74.24958,73.00685,71.69379,73.92564,76.96753,72.8011,71.55418,79.84986,70.26379,71.86793,67.23095,68.8767,72.01389,69.64194,71.55418,72.09022,65.19202,74.73286,68.62215,68.35203,71.17584
12.04159,12.04159,11.18034,12.16553,11.18034,11.18034,10.19804,10.19804,10.44031,10.44031,10.44031,10.44031,10.77033,10.77033,10.77033,10.77033,10.77033,9.84886,11.18034,11.18034,10.77033,10.77033,10.77033,10.77033,10.77033,10.77033,10.77033,10.44031,10.44031,9.48683,9.48683,10.44031,9.21954,9.21954,8.24621,8.24621,8.06226,8.06226,8.06226,7.07107,7.0,7.07107,7.0,6.0,6.0,6.0,6.0,6.0,5.0,5.09902,5.09902,4.12311,68.24954,68.11755,64.66065,66.8431,64.63745,66.21933,60.0,58.41233,55.60576,51.22499,52.40229,52.49762,51.66237,53.2635,49.49747,50.24938,55.17246,45.79301,49.57822,51.85557,52.63079,50.93133,48.82622,53.0,52.15362,51.08816,48.83646,55.47071,45.96738,47.01064,53.8145,49.51767,46.69047,47.50789,46.75468,41.72529,45.96738,45.45327,43.60046,45.0,33.12099,39.44617,37.44329,33.01515,33.01515,34.43835,30.08322,32.64966,26.92582,24.18677,30.67572,22.47221,25.0,22.36068,24.5153,23.02173,20.0,10.0,12.72792,8.06226,10.77033,13.0384,17.49286,15.23155,18.97367,19.41649,17.46425,23.5372,25.4951,30.06659,31.257,32.01562,34.53983,41.23106,42.04759,48.70318,45.27693,52.69725,58.18075,59.36329,59.16925,58.60034,61.07373,62.482,67.47592,65.79514,70.83784,65.79514,67.94115,68.62215,73.59348,72.86288,73.24616,68.593,76.05919,68.76772,70.76722,77.23341,75.0733,74.51845,74.65253,74.8131,65.80274,69.63476,69.06519,73.40981,68.8186,64.81512,65.60488,68.41053,65.29931,66.6033,69.31089,66.21933
12.80625,12.20656,12.04159,11.40175,11.40175,10.63015,10.63015,11.31371,10.63015,10.63015,10.63015,10.63015,10.63015,10.63015,10.63015,10.81665,10.81665,10.0,10.81665,10.81665,10.63015,10.81665,10.63015,10.63015,10.63015,10.63015,10.63015,10.63015,10.63015,9.89949,9.89949,9.89949,9.89949,9.21954,9.21954,9.21954,8.60233,8.06226,7.2111,7.2111,7.2111,7.2111,7.2111,6.7082,5.83095,5.83095,5.83095,5.38516,5.38516,5.38516,5.09902,5.09902,78.05767,68.02941,68.06614,63.00794,64.0,63.0,57.07889,60.13319,55.03635,58.07753,50.15974,50.63596,54.12947,49.49747,53.60037,45.89118,51.5461,51.97115,52.20153,54.81788,49.33559,47.53946,55.36244,54.08327,55.36244,54.40588,50.44799,49.47727,52.81098,49.72927,53.14132,50.21952,49.16299,52.23983,45.89118,48.6621,42.04759,41.4367,46.01087,44.01136,40.0125,36.12478,39.01282,34.05877,36.49658,29.61419,31.40064,32.0,27.51363,29.06888,26.1725,27.78489,25.0,20.88061,23.5372,21.0238,20.80865,11.04536,9.21954,15.52417,10.44031,12.52996,12.72792,17.72005,17.49286,18.78829,17.69181,25.6125,26.40076,33.24154,34.20526,38.07887,37.57659,44.65423,42.19005,47.16991,52.80152,58.5235,55.65968,59.23681,60.72891,62.8172,66.09841,62.8172,67.26812,66.70832,69.72087,67.74216,71.56815,75.10659,72.1734,73.24616,77.10383,68.46897,74.16873,83.0,75.23962,75.02666,72.33948,78.1025,71.00704,73.10951,74.24284,69.06519,69.02898,70.06426,74.00676,70.00714,69.00725,73.00685,68.26419,68.00735,77.05842,72.24957
11.40175,10.63015,10.63015,10.0,10.63015,9.21954,9.89949,9.21954,9.21954,9.21954,9.21954,8.60233,8.60233,8.60233,8.60233,9.43398,9.43398,9.43398,8.60233,10.0,9.21954,9.21954,9.43398,9.43398,10.0,8.60233,9.21954,9.21954,8.48528,8.48528,8.48528,7.81025,7.81025,7.81025,7.2111,7.81025,7.81025,7.2111,6.40312,5.83095,5.83095,5.83095,5.83095,5.38516,5.38516,5.09902,4.12311,4.12311,4.12311,4.12311,4.0,4.0,67.0,67.26812,65.27634,55.14526,67.47592,59.07622,59.07622,60.03332,59.21149,53.23533,50.01,48.04165,56.14268,54.08327,50.0,50.01,47.09565,48.6621,52.95281,50.21952,49.72927,51.1957,49.47727,49.47727,49.25444,55.9017,49.49747,53.03772,55.03635,49.49747,44.40721,49.0408,48.16638,48.16638,46.52956,49.09175,51.08816,47.09565,46.01087,43.18565,37.65634,40.31129,37.48333,37.48333,31.57531,36.05551,30.26549,29.12044,26.1725,28.86174,29.83287,26.83282,24.16609,23.70654,21.9545,24.69818,20.61553,11.18034,9.21954,14.14214,11.40175,14.31782,15.13275,14.31782,14.86607,15.65248,20.0,23.70654,29.0,31.38471,30.41381,36.71512,39.82462,35.35534,41.59327,40.26164,53.22593,50.59644,57.48913,53.75872,62.36986,62.20129,67.1193,64.07027,69.46222,68.00735,63.50591,68.06614,65.03076,69.00725,63.07139,76.00658,70.02857,74.10803,69.35416,78.16009,74.43118,71.25307,73.17103,71.06335,80.30567,63.3877,73.43705,68.11755,71.17584,72.83543,72.44308,67.18631,66.37017,63.03174,61.66036,66.18912,72.1734,74.00676
12.16553,11.18034,11.18034,11.18034,11.18034,10.19804,10.04988,10.04988,10.04988,10.04988,10.0,10.0,10.0,10.0,10.0,11.04536,10.04988,10.04988,10.04988,10.0,10.0,10.0,11.0,10.04988,10.0,10.04988,10.0,10.0,10.0,10.0,9.05539,9.05539,9.05539,9.05539,9.21954,9.21954,8.24621,8.24621,7.28011,7.28011,7.28011,6.32456,6.32456,6.32456,6.32456,5.38516,5.83095,5.83095,5.83095,5.0,5.0,5.0,69.89278,71.86793,66.88797,66.18912,70.72482,62.76942,59.68249,61.40033,56.85948,51.08816,54.20332,55.60576,56.72742,49.51767,48.79549,50.91169,49.57822,48.79549,51.66237,50.21952,52.43091,48.9183,49.20366,52.20153,50.93133,49.51767,51.08816,50.0,53.8145,55.17246,51.62364,53.90733,50.24938,53.03772,48.83646,46.01087,47.50789,41.10961,46.09772,42.43819,42.0119,40.60788,34.48188,31.38471,30.52868,36.71512,32.01562,30.01666,28.01785,25.4951,32.20248,24.59675,22.47221,23.5372,25.07987,22.2036,20.61553,9.21954,9.84886,12.80625,15.65248,12.72792,12.20656,18.43909,16.12452,15.81139,18.78829,20.59126,23.70654,29.06888,34.88553,32.20248,36.71512,40.81666,47.43416,48.01042,52.40229,53.8145,54.40588,62.93648,57.98276,62.00806,65.05382,61.85467,65.43699,68.24954,68.60029,68.7968,69.81404,73.23933,70.21396,75.16648,74.94665,74.09453,74.62573,74.30343,73.82412,73.82412,75.29276,76.32169,80.26207,72.94518,70.3278,71.55418,71.56116,64.84597,76.05919,66.85058,76.15773,64.89992,71.02112,69.77105,70.17834,76.92204
10.44031,10.44031,9.48683,9.48683,9.48683,8.544,8.544,8.544,8.544,8.94427,8.94427,8.06226,8.94427,8.06226,8.06226,8.60233,8.60233,8.60233,8.60233,8.60233,8.06226,8.60233,8.60233,8.60233,9.43398,8.60233,8.60233,8.06226,8.94427,8.06226,7.61577,7.61577,7.61577,7.61577,7.61577,6.32456,6.32456,6.32456,6.32456,6.08276,6.08276,5.09902,5.09902,5.0,5.0,4.0,4.0,4.0,4.12311,4.12311,4.12311,3.16228,70.72482,62.93648,68.62215,65.94695,59.5483,57.31492,56.63921,53.74012,55.97321,58.25805,55.15433,49.81967,52.49762,54.70832,48.60041,50.60632,51.0392,51.47815,54.20332,47.43416,52.43091,48.76474,51.42956,52.15362,50.77401,51.62364,47.43416,49.40648,52.83938,52.7731,53.53504,50.80354,46.8615,46.61545,46.61545,48.60041,43.13931,43.93177,50.24938,43.27817,33.24154,40.0,38.20995,38.18377,33.30165,27.20294,33.01515,28.6007,27.01851,29.20616,26.41969,23.4094,26.92582,21.18962,21.18962,25.0,19.41649,15.0,9.21954,9.84886,13.0,12.64911,13.60147,14.14214,19.0263,19.0263,20.02498,19.0,27.01851,31.257,30.01666,31.06445,41.48494,39.29377,43.68066,41.97618,47.85394,49.81967,60.00833,54.626,57.93962,62.64982,65.0,61.85467,60.60528,60.74537,62.68174,67.20119,73.66139,67.35726,66.70832,69.31089,73.59348,67.94115,70.0928,70.0928,77.78175,78.49204,69.35416,72.24957,71.42129,71.42129,70.93659,70.0,65.19202,68.593,67.47592,65.79514,70.71068,70.00714,66.48308,67.89698,71.44928,73.0
11.0,11.0,10.04988,11.0,10.0,10.0,9.05539,9.05539,9.05539,9.05539,9.05539,9.21954,9.21954,9.21954,9.21954,9.21954,9.48683,9.48683,9.48683,9.48683,9.48683,9.48683,9.21954,9.48683,10.19804,9.21954,9.21954,9.21954,9.21954,8.24621,8.06226,8.06226,8.0,8.0,8.0,7.0,7.0,7.07107,7.07107,6.08276,6.08276,6.08276,6.08276,5.09902,5.38516,5.38516,5.38516,4.47214,4.47214,4.47214,5.0,4.24264,63.03174,74.24958,73.75636,60.82763,64.3506,62.2254,61.52235,57.28001,58.89822,60.87693,53.75872,48.9183,56.72742,51.86521,50.08992,53.82379,52.83938,55.9464,51.86521,52.43091,61.40033,55.21775,48.76474,53.23533,53.53504,54.91812,51.97115,52.39275,51.47815,53.53504,49.09175,52.63079,50.47772,49.20366,47.38143,42.63801,46.01087,45.25483,48.27007,41.23106,39.59798,34.65545,38.20995,39.69887,35.60899,35.4683,29.68164,29.83287,26.41969,30.52868,28.30194,25.07987,23.70654,28.23119,23.25941,21.84033,17.26268,11.31371,9.43398,11.6619,11.6619,9.84886,13.15295,14.56022,15.52417,20.39608,23.02173,24.02082,25.4951,29.0,32.38827,36.05551,33.37664,40.02499,43.93177,40.02499,45.35416,52.20153,54.08327,58.69412,59.61543,60.90156,62.26556,61.05735,65.19202,61.40033,68.60029,64.2028,72.62231,70.60453,68.8186,72.18033,69.52697,71.58911,70.17834,70.83784,71.70077,80.05623,73.75636,75.9276,77.15569,74.33034,65.05382,62.96825,71.42129,68.0147,77.98718,66.52819,61.52235,75.0733,64.3506,69.52697,74.51845,67.26812
11.04536,10.04988,10.04988,10.04988,10.04988,9.0,9.0,9.0,9.05539,9.05539,9.05539,9.05539,9.05539,9.05539,9.05539,9.21954,9.21954,9.21954,9.21954,9.21954,9.21954,9.21954,9.21954,9.21954,9.21954,9.21954,9.05539,9.21954,9.05539,9.05539,8.06226,8.06226,8.06226,8.0,8.0,7.0,7.07107,7.0,6.08276,6.0,6.08276,6.08276,5.09902,5.09902,5.09902,4.12311,4.12311,4.12311,4.47214,4.47214,3.60555,3.60555,67.1193,63.41136,69.63476,64.66065,60.21628,57.62812,54.91812,58.82176,52.43091,56.40035,52.20153,49.51767,55.9017,54.45181,50.32892,53.90733,46.66905,48.10405,53.8145,51.85557,55.21775,55.60576,51.40039,52.43091,50.21952,50.32892,51.22499,52.00961,54.03702,51.0392,49.67897,54.08327,50.93133,46.09772,45.0,44.55334,50.20956,43.41659,42.44997,39.59798,39.69887,35.35534,38.94868,35.80503,33.12099,34.66987,35.0,29.15476,28.63564,25.80698,35.35534,22.82542,27.73085,26.41969,22.13594,28.16026,22.36068,8.60233,13.60147,9.89949,11.40175,13.41641,12.04159,17.20465,16.76305,18.78829,19.84943,24.69818,22.82542,34.43835,31.30495,34.1321,34.17601,45.17743,42.48529,45.27693,47.88528,50.47772,54.6443,54.03702,61.55485,60.959,59.4138,60.82763,62.24147,62.62587,70.0928,63.24555,69.81404,66.21933,69.2026,68.41053,67.47592,67.74216,71.40028,70.17834,75.16648,71.28113,75.21303,69.89278,78.03204,68.24222,70.0928,72.00694,72.62231,67.00746,68.26419,69.11584,62.43397,73.81734,65.80274,66.61081,65.21503,69.42622
12.04159,11.31371,11.40175,10.63015,10.63015,10.63015,10.0,10.0,10.0,9.43398,10.0,9.43398,10.29563,8.94427,8.94427,10.29563,8.94427,9.84886,9.84886,9.84886,8.94427,9.84886,10.29563,9.84886,10.29563,10.29563,9.43398,9.43398,9.43398,9.43398,8.60233,8.60233,8.60233,8.60233,8.48528,8.48528,7.81025,7.07107,7.07107,6.40312,7.2111,6.40312,6.40312,5.83095,5.83095,5.38516,5.38516,5.38516,5.38516,5.38516,5.09902,5.09902,67.47592,64.13267,72.69113,60.20797,62.16912,60.53098,61.98387,53.36666,55.9017,58.24946,52.34501,53.14132,56.32051,50.59644,56.51548,54.23099,56.46238,52.80152,55.9464,53.22593,56.82429,54.12947,54.12024,46.09772,55.02727,54.12947,54.78138,53.22593,52.7731,55.9464,52.0,54.23099,47.92703,52.20153,49.33559,46.8188,46.57252,40.02499,40.80441,38.63936,44.38468,39.45884,42.57934,31.06445,38.20995,34.0,34.05877,35.01428,27.0,27.01851,30.26549,23.34524,27.01851,18.68154,19.31321,26.24881,21.84033,13.0,11.04536,16.12452,12.04159,13.60147,12.52996,15.26434,12.80625,20.61553,20.24846,24.75884,25.45584,32.01562,32.64966,36.06938,40.60788,41.04875,44.65423,44.04543,46.14109,44.77723,53.7122,55.15433,63.50591,62.39391,69.28925,60.87693,66.4906,64.03124,72.03471,69.12308,73.97973,75.18643,68.06614,72.00694,70.25667,68.593,69.46222,78.63841,72.00694,72.44308,70.85901,77.41447,76.53104,73.97973,77.16217,74.16873,73.10951,68.26419,71.56815,68.06614,69.05071,71.17584,61.66036,64.28063,74.33034,70.03571
10.77033,10.77033,9.84886,10.77033,9.84886,9.84886,9.84886,8.94427,9.43398,9.43398,9.43398,8.60233,9.21954,9.21954,9.21954,9.21954,9.89949,9.21954,9.89949,9.21954,9.21954,9.21954,9.21954,9.89949,9.21954,9.21954,9.21954,8.60233,9.21954,8.60233,8.60233,8.60233,8.06226,8.06226,7.2111,6.7082,7.2111,6.7082,6.7082,6.7082,6.32456,6.32456,5.38516,5.38516,5.09902,5.09902,5.09902,4.12311,4.12311,4.0,4.0,4.0,75.27284,72.09022,68.02941,61.32699,59.23681,58.60034,57.58472,59.80803,53.85165,55.9464,55.97321,50.01,56.29387,53.60037,51.41984,49.81967,57.31492,51.62364,51.47815,53.23533,52.46904,54.33231,55.14526,58.21512,53.23533,53.23533,55.14526,58.85576,53.60037,54.58938,47.51842,52.88667,55.3263,51.41984,45.35416,48.38388,44.92215,45.39824,43.41659,40.26164,42.37924,38.47077,36.89173,37.69615,36.40055,40.80441,33.12099,34.78505,27.78489,26.40076,29.68164,26.83282,23.32381,26.87006,22.67157,20.0,24.20744,14.31782,10.77033,11.40175,10.44031,12.0,15.13275,14.31782,15.0333,20.22375,23.08679,26.30589,29.42788,28.86174,29.42788,34.52535,39.0,39.31921,45.27693,51.0392,43.01163,53.03772,56.0357,56.75385,60.40695,60.72891,65.51336,62.36185,68.35203,65.14599,72.12489,62.62587,67.77905,70.38466,75.02666,73.00685,73.1642,66.7308,72.49828,73.00685,75.23962,72.49828,71.11962,78.71467,74.68601,73.3553,69.31811,69.35416,73.53911,70.71068,74.70609,73.34848,68.02941,68.44706,66.24198,73.38937,74.67262,68.88396
12.36932,11.40175,12.36932,11.40175,12.36932,10.44031,10.44031,10.44031,10.77033,10.77033,10.77033,10.77033,10.77033,10.29563,10.29563,11.18034,10.29563,10.29563,10.81665,10.81665,10.29563,10.81665,10.29563,11.18034,11.18034,10.29563,10.29563,10.77033,9.84886,9.84886,9.84886,9.48683,9.48683,9.48683,8.544,9.21954,8.24621,8.24621,7.07107,7.07107,7.07107,7.07107,7.07107,6.08276,6.08276,6.08276,6.0,6.0,5.0,5.0,5.09902,4.12311,63.95311,66.03787,72.20111,57.98276,62.1289,59.07622,58.30952,57.3062,56.0803,58.83026,47.85394,53.66563,49.24429,51.86521,55.54278,49.64877,51.24451,48.08326,51.41984,51.24451,58.24946,46.23851,51.24451,49.47727,48.76474,52.20153,49.47727,52.88667,50.0,48.70318,46.09772,51.5461,46.23851,53.16014,40.80441,45.31004,49.39636,40.70626,41.14608,36.23534,36.40055,40.60788,41.04875,35.0,27.65863,31.241,28.42534,27.58623,29.69848,22.62742,30.41381,25.80698,24.75884,24.08319,21.63331,21.09502,18.97367,13.0,10.44031,8.06226,12.04159,13.15295,15.0,14.03567,17.26268,20.0,21.2132,23.08679,25.4951,33.24154,36.0,36.01389,37.0,44.01136,37.0,49.09175,53.03772,50.24938,55.08176,55.10898,62.16912,58.0517,62.8172,61.09828,66.30988,59.46427,70.00714,66.85058,72.00694,72.01389,68.42514,74.68601,68.96376,73.3553,71.02112,75.66373,72.56032,76.15773,75.47185,73.78347,77.17513,73.78347,71.69379,72.94518,68.7968,69.83552,66.24198,72.20111,67.08204,72.71864,66.85058,72.94518,70.66116,61.32699
13.15295,12.16553,12.04159,12.16553,11.04536,10.04988,11.04536,10.04988,10.0,11.0,11.0,10.04988,11.04536,10.04988,10.04988,11.18034,10.19804,10.04988,10.19804,10.19804,10.19804,11.18034,11.18034,11.18034,11.18034,10.19804,10.04988,10.04988,10.04988,10.04988,9.0,10.0,9.0,9.0,9.0,8.0,8.0,8.06226,7.07107,7.07107,7.07107,7.07107,7.07107,6.08276,6.08276,6.08276,5.09902,5.38516,5.38516,5.38516,4.47214,4.47214,71.02816,62.26556,69.63476,71.69379,67.42403,64.07027,64.07027,60.03332,54.91812,54.20332,51.61395,53.85165,55.97321,53.75872,54.56189,57.31492,55.17246,53.00943,49.67897,48.79549,57.45433,53.07542,51.47815,53.82379,52.63079,51.22499,56.22277,51.31277,52.43091,62.20129,52.3259,48.27007,48.27007,48.10405,46.2277,43.18565,45.25483,38.94868,48.08326,43.26662,39.20459,39.69887,38.01316,38.60052,33.61547,32.44996,31.7805,33.28663,29.54657,27.73085,27.85678,25.94224,24.69818,25.05993,25.70992,21.93171,23.08679,14.21267,11.40175,11.6619,16.40122,13.41641,13.60147,15.65248,18.78829,19.10497,19.92486,28.17801,27.73085,32.64966,36.67424,36.24914,35.8469,42.0119,43.26662,46.06517,48.60041,49.40648,59.5483,63.60031,64.44377,58.0,62.28965,64.44377,65.19202,65.43699,72.24957,68.50547,66.8431,71.84706,69.89278,74.4043,75.71658,71.84706,71.86793,73.60027,74.63243,73.92564,77.93587,77.38863,81.63333,76.32169,71.02816,73.78347,76.32169,73.4983,72.8011,69.35416,71.02112,66.03787,59.16925,77.69813,71.56116,67.6757
12.20656,11.40175,12.20656,11.40175,11.40175,10.81665,10.81665,10.81665,10.29563,10.29563,10.29563,10.77033,9.84886,9.84886,9.84886,10.44031,10.44031,10.77033,10.44031,10.44031,9.84886,10.77033,10.77033,10.77033,10.77033,10.77033,9.84886,10.29563,9.84886,9.84886,8.94427,9.43398,9.43398,8.60233,8.60233,8.60233,8.60233,7.81025,7.81025,7.81025,7.81025,6.40312,7.07107,6.40312,6.40312,5.65685,5.65685,5.65685,5.65685,5.0,5.0,4.47214,72.33948,67.36468,65.76473,65.06919,61.52235,56.56854,55.3263,64.38167,56.56854,53.93515,49.49747,49.98,50.0,49.98,45.22168,48.10405,55.71355,54.23099,55.47071,48.37355,49.65884,49.76947,48.75449,50.53712,47.85394,55.4617,49.64877,44.01136,48.10405,49.0408,48.75449,50.11986,43.82921,46.48656,42.95346,48.08326,44.59821,43.01163,43.56604,41.7732,35.73514,39.45884,36.13862,38.32754,38.32754,33.13608,30.26549,31.14482,28.01785,24.0,19.64688,29.15476,25.01999,25.01999,23.19483,20.61553,23.76973,10.0,10.19804,12.16553,11.18034,12.16553,12.08305,15.29706,15.81139,18.02776,20.59126,19.72308,27.20294,30.0,32.24903,38.91015,33.12099,40.70626,42.94182,44.29447,43.32436,50.32892,54.70832,54.81788,56.75385,59.43904,64.62971,64.13267,67.89698,65.12296,69.46222,62.514,67.02984,67.18631,68.06614,68.06614,72.24957,66.00758,71.06335,76.05919,74.0,78.00641,72.24957,77.00649,76.00658,70.06426,68.11755,65.06919,72.00694,75.10659,67.18631,64.62971,70.03571,71.17584,62.64982,69.58448,75.42546,67.06713
12.04159,12.04159,11.40175,12.04159,10.63015,10.63015,10.81665,10.81665,10.0,9.43398,10.81665,10.29563,10.29563,10.29563,10.29563,10.29563,10.29563,9.84886,9.84886,9.84886,10.29563,10.29563,10.29563,10.29563,10.29563,10.29563,10.29563,9.43398,10.81665,9.43398,10.0,10.0,9.21954,8.60233,9.21954,8.48528,8.48528,8.48528,7.81025,7.07107,6.40312,7.07107,6.40312,6.40312,6.40312,6.40312,6.40312,5.83095,5.83095,5.38516,5.38516,4.47214,73.00685,64.12488,69.35416,62.80127,64.62971,61.52235,61.07373,64.19502,53.36666,51.41984,50.80354,53.60037,54.57105,49.0306,53.93515,47.43416,57.38467,49.33559,51.92302,51.86521,57.38467,50.15974,54.56189,49.76947,57.00877,52.55473,49.39636,48.70318,53.16014,47.75982,51.26402,49.0408,47.12749,49.64877,43.01163,45.70558,44.55334,44.14748,40.1995,41.4367,36.13862,41.04875,37.12142,38.01316,34.36568,33.54102,31.01612,31.14482,24.02082,25.07987,26.07681,23.5372,30.26549,20.12461,24.04163,18.78829,21.54066,11.04536,11.18034,12.64911,13.60147,13.60147,17.20465,17.02939,15.26434,17.80449,20.61553,23.34524,24.83948,31.89044,36.40055,39.20459,34.71311,44.40721,43.26662,48.02083,49.39636,56.4358,53.66563,56.0803,62.39391,62.8172,63.90618,64.53681,64.7611,64.62971,72.56721,64.53681,72.56032,68.24954,72.69113,75.95393,72.99315,74.54529,68.11755,72.1734,75.42546,78.23043,73.43705,75.23962,76.32169,74.54529,72.11103,71.25307,68.18358,69.58448,71.11259,72.11103,71.17584,71.17584,64.07027,73.68175,73.82412,70.03571
12.04159,12.80625,11.40175,11.40175,10.63015,10.63015,10.63015,9.89949,9.89949,9.89949,10.63015,10.0,10.0,10.0,10.0,10.0,10.0,10.0,10.81665,10.0,10.0,11.40175,10.0,10.81665,10.81665,10.81665,10.0,10.63015,10.63015,9.21954,9.89949,9.89949,9.21954,9.21954,9.21954,8.48528,8.48528,7.81025,7.81025,7.2111,7.2111,7.2111,7.2111,5.83095,5.83095,5.83095,5.83095,5.38516,5.38516,5.38516,5.38516,5.09902,68.88396,66.7308,74.04053,61.35145,59.48109,57.56735,57.97413,60.16644,52.81098,55.08176,55.10898,52.7731,50.24938,50.48762,49.25444,57.00877,55.00909,54.08327,52.08647,49.0102,50.01,50.03998,57.07889,53.03772,56.0357,53.15073,45.01111,54.0,54.08327,53.0,45.04442,49.0102,44.01136,51.0098,44.18144,46.69047,46.52956,44.18144,43.73786,37.85499,38.63936,36.87818,34.17601,37.94733,31.57531,33.52611,32.01562,30.01666,30.52868,26.92582,23.70654,28.6531,20.24846,21.93171,28.01785,26.07681,22.62742,11.18034,12.64911,11.04536,10.04988,14.31782,14.03567,11.18034,17.02939,19.0263,25.70992,21.2132,30.08322,37.10795,35.44009,34.71311,39.45884,42.05948,43.41659,54.14795,48.16638,52.15362,56.22277,56.0803,61.40033,64.19502,64.38167,58.42089,72.8011,68.88396,71.06335,61.35145,71.30919,75.96052,70.0928,77.7946,71.8401,70.60453,71.16881,75.61085,76.55064,75.02666,71.7844,75.76939,74.67262,74.67262,74.73286,75.28612,71.8401,68.00735,77.83315,70.21396,66.40783,71.86793,72.61543,73.00685,76.65507,70.83784
11.18034,11.18034,10.77033,10.77033,10.77033,9.84886,9.84886,9.84886,9.48683,9.48683,9.48683,9.21954,9.21954,10.19804,9.21954,10.19804,9.05539,9.21954,9.05539,10.04988,9.21954,10.19804,10.19804,10.04988,10.19804,9.21954,9.21954,9.21954,9.21954,9.21954,8.24621,8.544,8.544,8.544,7.61577,7.61577,7.61577,7.61577,6.7082,6.7082,6.7082,5.83095,5.83095,5.83095,5.83095,5.0,5.0,5.0,5.0,4.24264,4.24264,4.24264,65.73431,72.73239,68.70953,63.32456,68.41053,62.29767,65.55151,61.32699,57.24509,54.42426,55.71355,56.64804,55.00909,55.54278,52.80152,57.98276,56.35601,49.92995,49.64877,53.0,52.20153,55.75841,47.70744,50.60632,52.15362,50.47772,52.15362,48.54894,53.0,52.83938,49.73932,51.62364,51.97115,46.14109,47.92703,48.75449,46.87217,43.38202,42.48529,43.32436,37.16181,43.41659,40.26164,34.78505,32.75668,35.17101,31.7805,40.79216,33.24154,25.0,26.07681,26.01922,29.42788,26.1725,24.08319,19.23538,20.88061,15.0,13.92839,12.80625,18.35756,13.60147,12.52996,15.26434,18.43909,21.26029,16.12452,25.4951,27.45906,29.06888,37.44329,36.61967,38.94868,41.10961,45.96738,48.83646,49.0408,48.41487,53.2635,60.03332,56.4358,61.7414,64.84597,67.23095,63.56099,69.28925,63.56099,71.17584,70.38466,65.39113,71.16881,72.11103,72.12489,74.46476,75.58439,69.12308,75.61085,75.89466,81.9329,71.7844,75.58439,73.75636,74.09453,73.4983,75.96052,72.11103,69.64194,65.25335,71.8401,64.53681,75.96052,71.06335,69.28925,78.0
10.81665,10.81665,10.81665,10.81665,10.81665,9.43398,9.43398,8.94427,8.94427,8.94427,8.94427,9.84886,8.94427,8.544,8.544,9.48683,9.21954,9.48683,9.48683,9.21954,9.48683,9.48683,9.48683,9.48683,9.48683,9.48683,9.48683,8.94427,8.544,8.94427,8.06226,8.06226,8.06226,8.06226,8.06226,7.2111,7.2111,6.40312,6.40312,6.40312,5.65685,5.65685,5.65685,5.65685,5.0,5.0,5.0,4.24264,4.47214,3.60555,4.47214,3.16228,69.87131,66.61081,70.21396,61.29437,64.77654,58.54912,62.16912,60.13319,55.44367,52.17279,54.12024,54.08327,50.28916,51.24451,50.59644,55.9464,52.49762,53.48832,50.60632,51.42956,52.35456,51.88449,53.7122,51.62364,52.83938,53.31041,50.11986,48.02083,54.56189,51.62364,47.01064,48.75449,47.92703,49.39636,45.61798,45.54119,44.77723,49.64877,43.41659,47.42362,39.21734,35.69314,36.34556,40.02499,34.1321,31.40064,32.24903,32.14032,25.01999,28.44293,24.33105,33.06055,25.07987,21.0238,26.30589,24.18677,24.04163,10.44031,6.08276,10.44031,13.60147,10.44031,12.64911,13.0,15.0,24.20744,23.02173,21.93171,25.05993,32.55764,32.01562,36.71512,39.40812,41.40048,39.82462,46.95743,44.77723,44.28318,57.93962,52.81098,56.64804,61.68468,58.24088,60.20797,67.46851,66.09841,70.85901,63.50591,70.45566,72.33948,70.06426,71.19691,71.84706,66.27217,66.48308,70.25667,71.38627,73.24616,71.44928,76.05919,71.11259,66.37017,72.11103,69.06519,72.00694,69.02898,74.54529,66.91039,70.71068,67.47592,64.28063,66.75328,70.40597,74.43118
13.0384,12.20656,12.20656,12.20656,11.40175,11.40175,10.63015,10.63015,10.63015,10.63015,9.89949,10.63015,10.63015,10.63015,10.63015,10.63015,10.63015,10.0,10.81665,10.63015,10.63015,10.63015,10.63015,10.0,10.63015,10.63015,10.63015,10.63015,10.63015,9.89949,9.89949,9.89949,9.21954,9.21954,9.21954,9.21954,7.81025,8.60233,7.81025,7.2111,7.2111,7.2111,7.2111,5.83095,5.83095,5.83095,5.83095,5.38516,5.38516,5.38516,5.38516,5.09902,68.15424,64.2573,74.46476,64.41273,64.07808,66.18912,58.13777,63.32456,57.58472,55.97321,54.08327,56.30275,50.32892,54.81788,50.44799,50.15974,53.60037,56.56854,53.93515,46.52956,56.4358,47.26521,55.44367,59.22837,53.75872,55.10898,46.69047,55.9017,56.56854,54.33231,53.93515,56.04463,47.07441,50.96077,46.57252,49.0306,44.27189,45.61798,42.04759,39.56008,39.82462,37.33631,42.05948,41.59327,35.77709,30.52868,31.90611,34.48188,29.68164,26.40076,27.78489,24.08319,24.75884,26.40076,22.67157,25.0,23.60085,13.0384,11.7047,14.56022,15.13275,12.36932,14.03567,17.0,16.49242,21.0238,19.23538,21.54066,27.20294,31.57531,33.24154,40.1995,39.11521,44.40721,39.0,50.48762,48.04165,52.00961,58.30952,49.25444,52.23983,66.4906,67.44627,68.68042,72.42237,67.6757,73.08215,66.94027,73.92564,70.21396,68.8767,74.73286,67.54258,68.02941,71.58911,72.8011,82.28001,75.58439,67.53518,80.05623,79.30952,70.00714,72.47068,73.34848,68.44706,76.05919,69.31811,68.942,68.54196,71.19691,66.24198,65.9242,73.38937,72.42237
12.64911,11.7047,12.08305,11.7047,10.77033,11.18034,10.29563,10.29563,10.29563,10.29563,10.29563,10.81665,10.81665,10.81665,10.81665,10.63015,10.63015,10.0,10.63015,10.0,10.81665,11.40175,10.0,11.40175,10.81665,10.81665,10.81665,10.81665,10.81665,9.43398,9.43398,9.43398,9.43398,8.94427,8.94427,8.94427,8.544,8.544,7.61577,7.61577,7.28011,6.32456,7.28011,6.32456,6.32456,6.08276,6.08276,6.08276,6.08276,5.0,5.0,5.0,72.20111,66.64083,65.19202,62.76942,57.80138,57.38467,63.07139,64.07808,55.9464,53.23533,55.71355,52.3259,55.03635,54.40588,55.36244,55.10898,55.10898,49.81967,50.9902,50.44799,52.23983,53.93515,56.7186,52.17279,53.36666,53.60037,57.00877,59.03389,53.33854,49.24429,49.72927,48.38388,50.59644,46.17359,46.32494,45.54119,48.8774,47.01064,46.23851,41.18252,39.81206,43.46263,37.21559,41.67733,33.12099,29.68164,33.42155,32.44996,26.40076,31.62278,26.87006,28.3196,25.6125,29.06888,25.0,21.9545,18.78829,13.0384,10.77033,14.31782,17.0,14.03567,16.0,14.03567,13.15295,17.11724,23.19483,27.45906,24.73863,27.65863,33.24154,35.44009,40.1995,41.7732,48.04165,46.04346,50.01,54.00926,56.0803,58.21512,60.07495,67.08204,62.64982,65.51336,63.32456,69.57011,69.57011,69.28925,76.53757,71.30919,75.23962,74.32362,79.60528,73.40981,75.02666,75.02666,67.6757,74.73286,79.47956,73.79024,79.60528,70.49113,69.31811,68.96376,69.97142,69.31811,76.02631,74.46476,68.8767,74.68601,68.44706,75.39231,74.68601,75.66373
10.81665,10.29563,10.29563,10.29563,9.84886,10.29563,8.94427,8.94427,8.94427,8.544,8.544,9.48683,8.24621,9.21954,8.24621,9.21954,9.21954,9.21954,9.21954,9.21954,9.21954,9.21954,9.48683,9.21954,9.21954,9.21954,8.544,8.544,8.544,8.544,8.544,7.61577,7.61577,7.61577,8.06226,7.2111,7.2111,7.2111,6.40312,6.40312,6.40312,6.40312,5.65685,5.65685,5.0,5.0,5.0,5.0,5.0,4.47214,4.47214,4.47214,67.91171,66.09841,66.4906,64.93843,66.4906,55.9017,60.01666,56.75385,58.18935,52.81098,57.24509,55.36244,54.12947,52.92447,56.46238,55.9017,49.65884,51.62364,52.83938,49.73932,54.6443,51.31277,53.82379,50.0,42.19005,49.24429,52.47857,48.54894,52.7731,52.80152,49.65884,49.39636,46.51881,48.25971,49.65884,45.17743,45.65085,39.81206,46.23851,41.10961,46.09772,38.32754,37.33631,39.0,30.80584,33.37664,28.86174,37.94733,28.28427,25.70992,26.1725,25.0,25.0,25.31798,23.19483,23.0,21.18962,13.0,10.19804,10.04988,8.60233,13.89244,14.76482,15.81139,13.41641,19.20937,19.10497,21.93171,25.80698,26.07681,30.4795,32.64966,36.61967,40.80441,42.72002,47.43416,48.54894,50.11986,49.1935,60.41523,58.60034,58.82176,63.56886,67.18631,63.78871,64.03124,68.15424,66.70832,69.857,65.0,70.85901,68.44706,68.73136,68.88396,69.46222,69.87131,73.82412,75.32596,72.78049,72.83543,74.67262,71.84706,70.34202,72.99315,74.24284,66.4906,73.5527,66.37017,74.24284,75.70997,62.36986,72.56721,60.16644,63.60031
12.16553,11.18034,11.40175,11.18034,11.18034,10.44031,10.44031,10.44031,10.44031,9.84886,10.44031,9.84886,9.84886,9.84886,9.84886,10.29563,10.29563,10.29563,10.29563,10.29563,10.29563,10.29563,10.29563,10.29563,11.18034,10.29563,9.84886,10.77033,9.84886,9.84886,9.48683,9.48683,9.48683,8.544,8.24621,8.24621,8.24621,8.24621,8.24621,7.28011,7.07107,7.07107,7.07107,6.08276,6.08276,6.0,6.0,6.0,5.0,5.0,5.0,5.09902,66.8431,59.81639,68.11755,67.17887,67.20863,60.959,56.56854,61.55485,55.31727,53.90733,53.8145,55.22681,51.85557,52.69725,49.81967,51.61395,52.83938,53.31041,51.10773,47.88528,55.4617,46.06517,51.89412,50.11986,46.06517,53.66563,51.10773,52.3259,51.62364,51.31277,46.04346,50.80354,50.77401,51.47815,41.10961,46.40043,39.59798,47.20169,43.13931,43.13931,36.06938,35.60899,33.30165,36.12478,36.23534,33.83785,30.23243,32.55764,31.06445,27.01851,25.0,25.63201,25.05993,24.04163,24.18677,23.4094,25.07987,12.52996,11.18034,13.41641,9.84886,10.04988,11.7047,15.23155,15.13275,19.64688,20.0,27.01851,26.07681,30.01666,35.0571,37.21559,37.33631,43.93177,45.88028,47.29693,51.66237,52.81098,52.92447,59.13544,55.15433,65.73431,59.05929,65.45991,66.85058,65.21503,71.69379,67.42403,69.81404,66.6033,71.21798,71.70077,72.91776,67.94115,71.06335,69.42622,71.8401,75.74299,71.42129,72.83543,74.65253,71.50524,75.00667,70.72482,71.44928,61.55485,70.29225,67.62396,73.10951,77.15569,63.03174,68.8186,70.29225,66.06815
10.44031,10.44031,10.19804,10.44031,9.21954,9.21954,9.21954,9.05539,9.05539,9.05539,9.0,9.05539,9.0,9.0,9.0,9.05539,9.05539,9.05539,9.05539,9.05539,9.0,9.0,9.05539,9.05539,9.05539,9.05539,9.0,9.0,9.0,8.0,8.06226,8.06226,8.06226,7.07107,7.07107,7.07107,7.07107,6.08276,6.32456,6.32456,5.38516,5.38516,5.38516,5.38516,5.38516,4.47214,4.47214,4.47214,4.47214,3.60555,3.60555,3.60555,71.70077,67.18631,64.28063,67.26812,62.64982,57.87055,61.29437,59.5399,55.44367,53.36666,49.81967,48.50773,53.85165,52.20153,48.50773,51.07837,50.69517,48.46648,52.80152,49.24429,52.47857,49.65884,50.77401,50.69517,48.46648,54.23099,54.56189,54.23099,46.17359,51.47815,49.39636,52.0,49.98,50.28916,47.53946,50.9902,43.93177,46.57252,47.07441,41.76123,38.27532,36.34556,37.48333,34.9285,33.54102,34.0147,30.14963,30.14963,30.0,28.0,24.08319,27.29469,23.08679,25.31798,24.08319,21.84033,21.54066,12.16553,11.18034,10.81665,10.77033,12.20656,8.94427,15.81139,17.49286,20.0,22.2036,25.6125,27.58623,27.65863,33.01515,39.66106,38.94868,39.40812,41.18252,43.38202,49.1935,47.42362,54.40588,52.55473,55.65968,61.13101,63.06346,60.01666,62.36986,63.78871,68.593,65.62012,67.36468,70.06426,68.18358,71.34424,73.02739,67.00746,69.06519,71.02816,73.06162,72.00694,71.34424,73.10951,75.32596,69.35416,68.593,65.19202,68.593,64.12488,65.00769,65.19202,68.46897,68.00735,62.514,65.03076,75.42546,67.89698
10.81665,10.81665,10.0,10.0,9.43398,9.43398,9.43398,8.94427,8.94427,8.544,8.544,9.48683,8.544,8.24621,9.48683,9.21954,9.21954,8.24621,9.21954,9.21954,9.21954,9.21954,9.21954,9.21954,9.21954,9.21954,9.21954,8.24621,9.48683,8.544,8.544,7.61577,7.61577,7.61577,7.61577,6.7082,6.7082,6.7082,5.83095,5.83095,5.83095,5.83095,5.0,5.0,5.0,4.24264,4.24264,4.24264,4.24264,4.24264,3.60555,3.60555,75.02666,73.06162,63.03174,63.07139,64.62971,61.29437,58.42089,62.1289,57.55867,56.22277,51.24451,49.81967,55.31727,50.63596,50.01,50.96077,55.65968,54.42426,52.20153,55.02727,55.9017,52.20153,52.80152,52.55473,55.36244,54.626,50.15974,55.54278,53.14132,54.12947,55.36244,52.20153,48.38388,52.88667,47.12749,45.89118,45.12206,45.60702,45.12206,43.68066,41.23106,39.05125,33.01515,40.1995,38.0526,38.01316,30.14963,35.12834,33.01515,28.01785,28.0,21.0,29.15476,27.20294,22.56103,23.76973,20.24846,12.0,13.0384,10.04988,13.41641,12.20656,15.0,14.31782,13.0384,19.10497,25.4951,24.35159,30.01666,30.4795,32.75668,37.12142,36.05551,41.18252,42.04759,44.77723,46.51881,46.09772,59.77458,55.65968,57.97413,61.39218,61.66036,63.15061,62.20129,71.02112,69.35416,67.26812,71.25307,69.02898,72.11103,73.24616,68.11755,70.17834,71.00704,79.0,75.0,75.02666,75.32596,74.06079,76.02631,66.0,71.44928,70.06426,70.11419,71.06335,70.34913,69.11584,69.26038,72.02777,70.11419,70.25667,67.26812,71.56815
11.0,11.0,10.04988,11.0,10.0,10.0,9.05539,9.05539,9.05539,9.05539,9.05539,9.21954,9.21954,9.21954,9.21954,9.48683,8.544,8.24621,9.48683,9.48683,9.21954,9.48683,9.21954,9.48683,9.21954,9.21954,9.21954,9.21954,9.21954,8.06226,8.06226,8.06226,8.06226,8.0,7.0,7.0,7.0,7.07107,6.08276,6.08276,6.08276,6.08276,6.08276,5.38516,5.09902,5.38516,4.47214,4.47214,4.47214,4.47214,5.0,4.24264,67.74216,62.62587,72.94518,64.40497,64.40497,66.85058,52.35456,56.85948,51.89412,60.74537,52.15362,56.36488,54.626,50.32892,54.20332,55.00909,52.3259,52.80152,50.59644,53.31041,54.23099,50.9902,57.00877,57.56735,50.44799,53.85165,47.75982,55.4617,53.7122,53.75872,48.30114,52.35456,44.29447,49.64877,44.29447,44.77723,48.02083,43.38202,42.0119,42.2019,39.62323,37.53665,45.80393,39.11521,37.53665,38.28838,36.40055,32.20248,28.42534,29.0,25.0,26.62705,24.20744,26.40076,28.17801,20.88061,19.10497,12.52996,11.40175,5.0,12.04159,9.48683,12.64911,14.86607,16.27882,17.26268,20.09975,25.17936,25.4951,26.92582,30.41381,36.49658,36.05551,45.27693,43.04649,47.0,47.01064,50.01,51.15662,54.91812,62.36986,60.63827,67.18631,62.36185,67.06713,67.35726,73.92564,59.94164,71.17584,71.16881,68.942,74.09453,73.3553,67.53518,73.24616,69.83552,72.56032,73.78347,69.46222,78.23043,74.43118,76.844,75.80237,72.94518,70.80254,74.09453,64.66065,60.20797,69.64194,66.03787,68.60029,71.02112,79.20227,71.19691
10.44031,10.44031,10.44031,10.44031,9.21954,9.21954,9.21954,9.21954,9.21954,9.05539,9.05539,9.05539,9.05539,9.05539,9.05539,9.0,9.0,9.0,9.0,9.0,9.0,9.0,9.0,9.0,9.0,9.0,9.05539,9.05539,9.05539,8.06226,8.06226,8.24621,8.24621,7.28011,7.28011,7.28011,7.28011,6.32456,6.32456,6.32456,5.38516,5.83095,5.38516,4.47214,5.0,4.47214,4.47214,4.24264,3.60555,4.24264,3.60555,3.60555,71.84706,65.12296,69.87131,66.00758,64.49806,58.85576,60.29925,56.56854,57.07013,50.9902,52.34501,51.41984,52.46904,52.39275,50.92151,52.49762,52.0,51.47815,52.39275,49.98,50.69517,52.39275,51.86521,48.70318,52.39275,48.38388,49.98,54.56189,51.89412,50.69517,46.09772,55.36244,51.24451,44.92215,42.15448,44.38468,45.54119,43.17407,41.19466,42.29657,39.62323,37.36308,38.32754,33.06055,35.35534,34.0147,29.27456,31.14482,26.07681,29.06888,28.16026,24.18677,27.01851,23.34524,27.07397,26.57066,24.04163,8.94427,10.19804,10.44031,14.76482,12.04159,15.26434,16.97056,19.72308,19.10497,19.79899,22.2036,25.45584,31.14482,31.82766,31.89044,39.66106,42.43819,46.87217,43.82921,50.08992,51.89412,54.42426,53.31041,59.23681,60.53924,62.64184,62.64184,62.29767,64.13267,68.65858,63.15061,66.91039,72.33948,69.0,70.34913,65.49046,67.1193,72.99315,73.97973,67.47592,70.5762,64.38167,69.11584,76.41989,63.50591,74.00676,74.06079,67.1193,67.1193,70.06426,66.37017,69.46222,67.36468,65.00769,76.79193,69.18092,70.40597
11.6619,11.6619,11.6619,11.6619,10.81665,10.81665,10.0,10.0,10.0,10.0,10.0,10.63015,10.63015,10.63015,9.89949,10.63015,10.63015,9.89949,10.63015,10.63015,9.89949,10.63015,10.63015,10.63015,10.63015,9.89949,9.89949,10.63015,9.89949,9.89949,9.21954,9.21954,9.21954,8.60233,8.60233,8.60233,8.60233,8.06226,7.2111,7.2111,7.2111,6.7082,6.7082,6.7082,5.83095,5.38516,6.32456,5.38516,5.38516,5.09902,5.09902,5.09902,70.17834,60.44005,65.51336,57.42822,62.20129,55.7315,60.13319,59.21149,53.23533,55.03635,54.14795,50.01,51.0392,54.00926,51.0392,50.01,48.37355,46.38965,50.24938,46.87217,51.35173,47.16991,53.16014,47.12749,51.1957,52.88667,51.78803,51.62364,54.23099,52.23983,47.16991,47.16991,45.39824,50.21952,46.17359,45.09989,49.0,47.04253,39.01282,36.01389,38.20995,32.38827,36.12478,38.20995,36.34556,34.52535,32.01562,30.26549,24.18677,29.06888,26.1725,22.84732,26.41969,25.05993,24.59675,23.32381,17.80449,7.28011,11.0,8.24621,16.12452,13.0384,15.0333,9.21954,17.02939,16.27882,21.54066,23.76973,26.24881,32.28002,31.7805,33.83785,34.23449,41.0,40.60788,48.27007,51.97115,53.08484,57.14018,56.0,61.0082,60.07495,60.29925,64.49806,62.07254,62.39391,70.5762,65.49046,71.56815,72.83543,68.06614,70.85901,68.44706,67.91171,72.27724,69.64194,76.40026,71.06335,69.42622,73.5459,78.1025,68.88396,73.97973,72.53275,72.00694,73.24616,70.21396,74.2159,70.83078,72.36712,64.93843,74.67262,75.31268,74.43118
11.18034,11.18034,10.29563,10.29563,10.29563,10.29563,9.43398,9.43398,9.43398,8.60233,9.43398,10.0,9.21954,9.21954,9.21954,9.89949,9.89949,9.89949,9.89949,9.21954,9.89949,9.89949,9.89949,9.89949,9.89949,10.0,9.21954,9.21954,9.21954,8.60233,8.60233,8.60233,8.60233,8.60233,8.06226,8.06226,7.61577,6.7082,6.7082,6.7082,6.32456,5.38516,5.38516,5.38516,5.38516,5.38516,4.12311,4.47214,4.12311,4.12311,4.0,4.0,67.08204,65.39113,62.62587,64.56005,64.19502,56.61272,59.23681,54.42426,56.0803,50.0,55.36244,55.9017,54.70832,51.1957,51.97115,48.50773,52.34501,54.03702,52.20153,51.08816,59.03389,52.61179,51.0392,53.33854,50.08992,50.48762,48.01042,50.03998,53.93515,53.00943,51.62364,52.34501,47.85394,45.09989,45.12206,43.68066,45.60702,45.60702,44.27189,44.64303,42.15448,41.78516,36.40055,35.73514,30.01666,33.54102,34.0147,32.44996,33.28663,27.73085,30.01666,30.61046,24.69818,25.6125,26.07681,21.2132,23.34524,17.11724,8.544,12.36932,12.08305,16.03122,12.64911,16.12452,18.43909,21.58703,22.2036,26.24881,28.44293,26.68333,34.1321,39.05125,38.11824,42.95346,44.10215,46.04346,46.01087,50.01,58.03447,55.08176,56.88585,59.84146,60.29925,64.53681,65.25335,61.13101,66.48308,71.8401,71.16881,67.77905,70.5195,75.58439,68.15424,69.57011,72.42237,65.0,72.42237,73.1642,73.92564,73.34848,77.49194,70.26379,78.0,72.44998,74.46476,67.62396,68.88396,63.90618,71.86793,67.41662,61.35145,68.942,70.5195,73.92564
12.52996,12.52996,11.6619,12.08305,11.6619,10.29563,10.29563,10.81665,10.81665,10.0,10.0,10.63015,10.63015,10.63015,10.63015,11.31371,10.63015,10.63015,10.63015,10.63015,10.63015,10.63015,10.63015,11.31371,10.63015,10.63015,10.63015,11.40175,10.0,10.0,10.0,9.43398,9.43398,9.43398,9.43398,9.43398,8.60233,8.06226,8.06226,7.61577,7.61577,6.7082,7.61577,6.32456,6.32456,6.08276,6.32456,6.08276,5.09902,5.09902,5.09902,5.0,67.1193,67.60178,65.79514,59.9333,64.41273,57.45433,55.54278,60.41523,54.12947,50.56679,51.89412,54.56189,49.64877,51.26402,49.98,47.75982,50.69517,50.21952,48.83646,46.27094,51.66237,47.85394,50.96077,52.95281,47.07441,56.08921,49.0306,56.29387,51.97115,48.50773,50.0,49.64877,42.95346,48.10405,40.49691,44.94441,44.94441,41.4367,44.28318,37.16181,36.23534,35.8469,37.44329,41.59327,38.27532,27.78489,31.90611,31.06445,28.42534,24.20744,24.83948,24.08319,24.08319,24.08319,25.6125,21.26029,22.13594,14.42221,6.40312,13.60147,12.04159,14.86607,16.0,18.24829,16.49242,20.61553,21.58703,23.19483,28.28427,32.14032,32.14032,41.30375,37.05401,43.04649,39.0,45.04442,49.49747,51.62364,57.31492,52.34501,63.50591,64.19502,62.93648,59.23681,66.7308,68.30813,64.62198,66.30988,68.8767,70.26379,70.77429,74.70609,72.01389,69.857,76.05919,71.11962,71.58911,74.24958,69.77822,76.48529,74.24284,64.49806,72.44998,69.33974,69.83552,65.74192,68.47627,65.19202,71.55418,66.30988,69.35416,70.38466,68.00735,69.77105
11.18034,9.84886,10.77033,9.84886,9.84886,8.544,9.48683,9.21954,9.21954,9.21954,9.21954,9.05539,9.05539,9.05539,8.06226,10.04988,9.0,9.0,9.0,9.0,9.0,9.0,9.05539,9.0,9.05539,9.05539,9.0,9.05539,8.06226,9.05539,8.24621,8.06226,8.24621,7.28011,7.07107,7.28011,7.28011,6.32456,6.32456,5.38516,5.38516,5.38516,5.38516,5.38516,4.47214,4.47214,4.47214,3.60555,5.0,4.24264,4.24264,2.82843,67.36468,66.91039,66.09841,64.32729,59.43904,60.63827,57.70615,63.34824,54.34151,54.81788,51.41984,49.33559,59.23681,48.8467,48.08326,50.08992,51.26402,50.15974,58.18075,49.64877,55.22681,49.24429,49.76947,46.51881,53.75872,54.12947,50.53712,52.39275,55.15433,54.12024,50.9902,52.49762,47.53946,46.48656,47.53946,49.0408,42.2019,43.56604,44.92215,43.9659,37.21559,34.36568,41.10961,37.21559,39.01282,35.35534,30.01666,36.12478,28.01785,26.0,26.4764,25.17936,24.02082,25.07987,22.09072,23.4094,16.55295,10.19804,10.19804,10.04988,9.84886,6.40312,15.55635,13.45362,18.02776,18.38478,17.69181,22.67157,21.26029,30.61046,35.38361,37.48333,33.42155,42.2019,37.64306,43.01163,47.01064,52.3259,55.56978,56.0803,58.18075,60.08328,61.84658,62.93648,66.09841,63.24555,66.28725,60.08328,73.24616,68.44706,67.91171,70.21396,69.05071,66.4906,71.70077,68.68042,74.1485,77.78175,70.85901,72.56032,70.45566,69.72087,70.03571,67.06713,66.91039,72.56032,67.18631,66.61081,69.857,65.76473,61.39218,67.26812,76.68768,66.61081
12.36932,12.36932,11.40175,12.36932,11.40175,10.44031,10.44031,10.77033,10.77033,9.84886,9.84886,10.29563,10.29563,10.29563,11.18034,10.29563,10.29563,10.29563,10.81665,10.81665,10.81665,11.6619,10.29563,10.81665,11.18034,10.29563,10.29563,9.84886,10.77033,9.84886,9.84886,9.84886,9.48683,8.544,8.544,8.24621,8.24621,8.24621,8.24621,7.28011,7.07107,7.07107,6.08276,6.08276,6.08276,6.0,6.0,6.0,5.0,5.0,5.0,5.09902,64.3506,64.44377,74.51845,65.06919,61.52235,62.28965,54.40588,63.12686,53.2635,55.97321,58.25805,49.20366,51.31277,48.37355,43.60046,45.60702,53.7122,51.0392,48.76474,48.01042,56.35601,48.25971,54.626,49.1935,50.69517,51.10773,48.02083,53.33854,53.85165,51.10773,51.40039,50.60632,45.0,50.80354,38.41875,51.85557,46.40043,44.20407,42.63801,42.52058,36.79674,41.72529,40.60788,36.87818,36.61967,30.80584,32.75668,30.80584,32.69557,27.73085,28.17801,28.63564,23.70654,23.5372,21.0238,25.4951,23.5372,9.84886,9.21954,10.77033,13.0384,12.08305,14.03567,14.14214,17.46425,19.0,21.0,22.0,24.02082,30.06659,37.01351,40.04997,35.44009,44.18144,39.62323,44.64303,48.08326,53.48832,53.75872,52.92447,61.09828,60.82763,66.21178,65.45991,71.02816,62.76942,68.24222,62.42596,74.63243,68.0147,69.40461,74.8131,68.88396,61.7171,69.52697,71.8401,74.8131,82.07314,76.40026,76.41989,70.76722,75.69016,76.38063,69.31089,71.44928,67.35726,62.2254,66.52819,68.88396,70.0928,64.03124,64.81512,68.76772,70.72482
12.16553,11.18034,11.40175,11.18034,10.44031,10.44031,10.44031,10.44031,10.44031,9.48683,9.84886,9.84886,9.84886,9.84886,9.84886,10.29563,10.29563,10.29563,9.43398,10.29563,9.84886,10.29563,10.29563,10.29563,9.84886,9.84886,9.84886,9.84886,9.84886,9.48683,8.544,8.544,9.48683,8.24621,8.24621,8.24621,8.06226,7.07107,7.07107,7.07107,7.07107,7.0,6.0,6.0,6.0,6.0,6.08276,5.09902,5.09902,5.09902,5.09902,5.38516,64.81512,61.84658,63.24555,64.41273,59.64059,60.03332,53.53504,61.40033,50.0,55.07268,51.88449,50.24938,50.15974,47.85394,51.26402,54.42426,52.55473,46.8188,50.15974,48.10405,58.24088,53.16014,52.63079,46.48656,42.44997,51.86521,49.33559,47.16991,49.98,47.80167,52.49762,48.33218,47.01064,49.24429,43.86342,39.44617,42.72002,45.65085,43.01163,47.43416,40.22437,38.58756,39.20459,32.80244,30.61046,27.01851,30.4795,24.83948,30.41381,25.0,24.08319,28.3196,27.01851,24.18677,20.24846,23.25941,18.02776,7.2111,12.72792,10.81665,12.36932,12.16553,13.34166,12.04159,14.0,19.0263,19.0263,26.4764,26.68333,32.55764,33.01515,39.01282,35.0,44.55334,43.10452,49.0102,48.37355,46.17359,50.9902,52.20153,56.75385,57.77543,64.51356,58.82176,66.30988,64.88451,65.29931,66.24198,69.97142,66.61081,71.69379,74.06079,68.26419,71.02112,73.24616,69.97142,74.09453,75.71658,67.53518,75.0,74.06079,74.4043,71.69379,71.34424,75.16648,68.00735,65.21503,68.24222,65.51336,72.42237,61.91123,69.89278,71.58911,64.00781
11.0,11.0,10.0,10.0,9.0,10.04988,9.05539,9.05539,9.21954,9.21954,9.21954,9.21954,9.21954,9.21954,9.48683,9.48683,9.84886,8.544,9.48683,9.48683,9.48683,9.48683,9.48683,9.48683,9.48683,9.48683,9.48683,8.24621,9.21954,8.24621,8.24621,8.24621,8.06226,7.07107,7.07107,7.07107,7.07107,7.07107,6.0,7.0,6.0,6.0,5.0,5.0,5.0,5.09902,5.09902,4.12311,4.12311,4.12311,4.12311,3.60555,69.02898,63.78087,70.0928,63.03174,62.24147,59.4138,61.22091,62.482,57.31492,54.20332,53.41348,54.20332,56.0803,54.40588,51.31277,58.60034,56.30275,56.4358,52.15362,52.3259,50.08992,54.70832,47.88528,53.0,50.21952,52.83938,53.7122,52.35456,49.24429,50.56679,52.35456,53.0,49.64877,46.61545,49.09175,44.68781,44.82187,41.7732,44.68781,43.27817,45.96738,38.20995,36.79674,37.53665,33.83785,32.55764,35.38361,31.241,28.28427,24.18677,30.23243,24.16609,29.68164,25.80698,25.05993,23.5372,21.58703,13.0384,10.29563,14.21267,12.80625,13.60147,15.81139,12.08305,12.08305,15.29706,20.02498,23.08679,25.01999,30.80584,35.12834,34.52535,41.48494,43.65776,44.92215,49.64877,48.76474,54.12024,57.80138,60.41523,59.16925,64.89992,64.63745,63.60031,64.2028,68.76772,68.68042,68.41053,72.83543,69.29646,70.00714,71.42129,70.76722,72.86288,71.42129,74.95332,75.66373,74.41102,73.59348,76.48529,76.38063,68.88396,78.56844,71.50524,75.69016,71.58911,73.24616,65.8559,69.29646,68.62215,66.46804,72.12489,71.50524,74.96666
12.36932,12.36932,11.18034,11.18034,11.18034,11.18034,10.19804,10.04988,10.04988,10.04988,10.04988,10.0,10.0,10.0,10.0,10.04988,10.04988,10.04988,10.04988,10.0,10.0,10.0,10.0,10.04988,10.0,10.0,10.0,10.04988,10.04988,10.04988,9.05539,9.05539,9.05539,8.06226,8.24621,8.24621,8.24621,8.24621,7.28011,7.28011,7.28011,7.28011,6.32456,6.32456,6.7082,5.83095,5.83095,5.83095,5.83095,5.83095,5.0,5.0,65.8635,61.84658,64.49806,59.64059,59.64059,62.1289,54.20332,58.83026,54.20332,53.60037,44.68781,51.85557,54.20332,51.62364,49.81967,48.79549,51.66237,49.51767,51.73973,49.67897,53.41348,49.20366,46.75468,48.60041,44.68781,52.40229,48.60041,50.20956,50.93133,51.66237,47.63402,46.69047,45.96738,50.93133,38.94868,47.01064,42.0119,41.7732,43.41659,42.42641,36.89173,34.20526,36.23534,34.66987,33.01515,29.68164,36.67424,27.313,27.78489,29.15476,26.40076,26.41969,20.61553,21.18962,24.04163,16.12452,20.02498,10.77033,11.18034,12.04159,9.84886,8.48528,9.21954,17.80449,14.42221,18.35756,22.80351,19.41649,29.54657,31.38471,33.6006,36.89173,35.60899,40.80441,39.40812,43.41659,47.63402,55.31727,54.67175,56.56854,58.41233,61.61169,60.0,60.60528,67.20119,61.29437,73.57309,66.61081,71.11962,71.56116,69.97142,74.33034,68.96376,71.69379,70.21396,72.06941,75.17978,74.24284,67.23095,77.36924,74.70609,71.11962,73.82412,70.49113,69.46222,73.34848,65.36819,67.1193,68.7968,66.7308,59.94164,72.01389,70.83078,72.49828
11.40175,11.18034,10.19804,10.19804,10.19804,9.21954,9.21954,9.05539,9.05539,9.05539,9.05539,9.0,9.0,9.0,9.0,9.05539,9.05539,9.05539,9.05539,9.05539,9.05539,9.05539,9.0,9.05539,10.04988,9.0,9.0,9.0,9.0,8.0,8.0,9.0,8.06226,8.06226,8.06226,7.07107,7.07107,7.07107,6.32456,6.32456,6.32456,6.32456,5.38516,5.38516,5.38516,4.47214,4.47214,5.0,4.47214,5.0,4.24264,4.24264,68.47627,71.02112,63.63175,71.69379,66.64833,59.03389,60.03332,55.9017,54.3783,51.31277,51.31277,55.44367,57.14018,51.66237,55.47071,48.79549,56.56854,50.24938,48.79549,50.9902,48.79549,55.86591,46.75468,49.51767,51.66237,53.74012,50.20956,48.08326,51.22499,53.74012,49.57822,50.0,45.25483,47.80167,46.75468,41.7732,46.09772,46.2277,40.80441,41.18252,32.64966,39.96248,36.71512,36.89173,31.7805,31.01612,32.20248,31.62278,29.15476,23.5372,23.76973,26.4764,24.5153,24.5153,22.13594,23.08679,13.15295,15.55635,9.43398,10.04988,8.06226,12.08305,12.20656,13.41641,20.51828,20.24846,21.47091,21.40093,29.06888,29.83287,31.38471,30.36445,39.44617,42.54409,39.82462,42.72002,49.40648,47.80167,51.40039,56.63921,58.0,62.24147,61.6198,62.62587,62.20129,67.80118,62.80127,67.41662,64.66065,64.07027,69.97142,66.37017,73.24616,68.47627,71.55418,69.46222,71.34424,67.97794,76.47876,68.942,76.32169,66.18912,71.56116,69.31811,66.64083,70.68239,69.46222,66.18912,65.36819,69.77105,60.03332,68.7968,67.74216,62.76942
12.04159,12.04159,11.18034,11.18034,11.18034,11.18034,10.19804,10.19804,10.44031,10.44031,10.44031,10.44031,10.44031,10.44031,10.77033,9.84886,9.84886,9.84886,11.18034,10.77033,10.77033,10.77033,9.84886,10.77033,10.77033,10.77033,10.44031,10.44031,10.44031,9.48683,9.21954,9.21954,9.21954,9.21954,8.24621,8.06226,8.06226,8.06226,7.07107,8.06226,7.0,7.07107,6.0,6.0,6.0,6.0,6.0,6.08276,5.0,5.09902,5.09902,4.12311,65.76473,68.593,64.66065,60.959,60.959,59.66574,60.87693,55.97321,57.31492,52.34501,56.63921,47.42362,53.8145,59.66574,49.20366,49.92995,51.31277,50.69517,48.41487,47.70744,47.01064,48.30114,48.46648,52.43091,47.85394,51.31277,52.20153,48.8774,53.7122,52.47857,50.21952,51.73973,47.63402,45.80393,50.32892,43.86342,44.68781,39.59798,43.93177,43.18565,39.69887,37.01351,41.23106,34.05877,36.05551,29.20616,31.76476,35.8469,28.17801,27.73085,27.20294,27.20294,24.16609,26.57066,22.56103,28.4605,22.56103,12.08305,12.04159,10.77033,9.05539,16.12452,10.29563,14.76482,16.03122,20.09975,20.09975,23.08679,31.06445,32.06244,33.0,40.1995,36.87818,40.60788,46.87217,38.83298,53.48832,57.28001,54.23099,59.5063,59.5063,57.27128,61.77378,63.13478,64.89992,69.64194,71.40028,67.6757,69.63476,67.62396,68.76772,77.62087,69.6563,70.76722,72.47068,69.42622,73.87828,75.66373,75.69016,70.72482,75.74299,68.593,73.75636,70.00714,65.76473,67.88225,69.52697,67.88225,70.0928,68.62215,71.44928,70.60453,67.6757,70.0928
11.04536,11.04536,10.19804,11.04536,10.19804,10.04988,10.19804,9.21954,9.21954,8.544,9.48683,9.48683,9.48683,9.84886,8.544,9.84886,8.94427,8.94427,8.94427,8.94427,8.94427,9.84886,9.84886,8.94427,9.84886,9.84886,9.48683,8.544,8.544,8.544,8.24621,8.24621,8.24621,7.28011,8.24621,7.07107,7.07107,7.07107,6.08276,6.08276,6.0,6.0,6.0,5.0,5.0,5.0,4.0,4.0,4.12311,4.12311,4.12311,3.16228,68.0147,64.3506,68.76772,62.482,64.2028,63.25346,58.89822,63.28507,54.81788,54.70832,54.3783,51.10773,57.80138,54.91812,54.20332,50.11986,54.12947,50.53712,49.64877,48.8467,54.42426,55.02727,51.24451,49.0408,50.9902,47.92703,53.85165,51.47815,50.08992,51.92302,46.23851,51.89412,49.73932,44.72136,50.11986,45.79301,49.20366,42.43819,45.45327,41.34005,39.69887,37.73592,36.61967,33.83785,35.4683,31.89044,33.6006,30.41381,30.4795,27.58623,27.65863,29.0,23.43075,27.78489,24.59675,23.25941,22.13594,14.21267,9.48683,9.84886,13.92839,10.81665,12.16553,16.27882,15.0,21.09502,21.84033,24.02082,29.01724,27.07397,32.06244,35.35534,37.01351,41.4367,42.72002,46.69047,47.85394,49.24429,53.48832,57.58472,58.87274,56.85948,60.92618,64.88451,62.17717,62.43397,64.66065,63.51378,70.43437,69.63476,65.51336,71.21798,70.80254,72.20111,71.8401,69.40461,69.81404,72.47068,73.75636,69.81404,75.16648,68.24954,74.02702,72.12489,70.43437,72.18033,66.06815,69.2026,70.45566,63.89053,69.33974,70.21396,69.6563,73.60027
10.77033,9.84886,9.84886,9.84886,9.84886,8.544,8.94427,8.06226,8.06226,9.43398,8.60233,8.60233,8.60233,8.60233,8.60233,9.21954,7.81025,8.60233,8.48528,9.21954,8.60233,8.60233,8.60233,9.21954,8.60233,8.60233,8.06226,8.60233,8.06226,8.06226,8.06226,8.06226,7.61577,7.61577,6.7082,7.28011,6.32456,6.32456,6.32456,5.09902,5.09902,5.09902,5.09902,5.09902,5.09902,4.0,5.0,4.0,4.0,4.0,4.12311,3.16228,76.844,63.90618,66.48308,62.24147,62.39391,60.16644,55.10898,61.13101,52.49762,53.85165,50.59644,48.05206,53.15073,48.25971,51.15662,52.15362,57.07889,50.08992,51.08816,49.16299,53.08484,52.15362,53.15073,51.35173,54.33231,52.08647,54.45181,53.03772,52.00961,52.00961,51.24451,51.35173,47.16991,45.70558,43.73786,46.57252,50.28916,46.32494,43.01163,42.72002,37.94733,39.81206,32.75668,36.24914,34.9285,34.88553,34.88553,29.06888,29.15476,28.84441,23.85372,28.6007,22.62742,22.67157,24.83948,24.20744,23.43075,11.04536,11.04536,10.04988,11.0,12.64911,8.06226,13.60147,13.15295,17.08801,17.88854,23.76973,22.84732,25.23886,32.31099,35.73514,33.54102,42.05948,42.0119,45.35416,50.15974,49.16299,58.13777,50.01,58.0,64.0,64.12488,58.54912,66.28725,61.0,70.85901,60.01666,73.97973,67.18631,71.38627,75.27284,66.76077,69.12308,69.64194,68.65858,70.88018,72.27724,68.68042,70.21396,73.68175,72.8011,63.97656,68.942,65.78754,70.38466,64.2573,62.64184,73.24616,67.06713,62.96825,64.51356,67.91171,68.88396
11.31371,9.89949,10.63015,9.89949,10.63015,9.21954,9.21954,9.21954,9.43398,9.43398,9.43398,9.43398,9.43398,9.43398,9.43398,9.84886,9.84886,9.84886,8.94427,9.84886,9.84886,9.84886,8.94427,8.94427,9.43398,8.94427,8.94427,9.43398,8.60233,8.94427,8.60233,8.60233,7.81025,7.81025,7.81025,7.81025,7.81025,7.07107,6.40312,5.65685,5.65685,5.65685,5.0,5.0,5.0,5.0,5.0,4.47214,4.47214,4.47214,4.12311,4.12311,71.44928,68.24954,65.30697,67.74216,62.16912,64.32729,59.3043,63.12686,59.5399,57.55867,60.29925,55.0,56.0357,56.14268,60.40695,55.00909,55.3263,47.01064,56.00893,54.33231,54.91812,54.14795,48.50773,52.34501,55.57877,53.60037,58.13777,58.00862,55.14526,52.0,48.0,49.0408,53.08484,50.35871,47.04253,44.55334,47.16991,46.38965,44.18144,39.01282,38.83298,38.8973,43.32436,41.0,32.98485,31.57531,32.89377,34.53983,30.41381,24.69818,27.51363,22.36068,26.62705,26.07681,27.29469,18.43909,19.20937,11.18034,13.0,7.0,12.0,15.13275,10.81665,13.60147,16.49242,24.41311,26.62705,24.59675,26.92582,30.52868,34.43835,32.20248,40.24922,43.38202,43.9659,52.0,47.16991,49.0408,58.94065,61.39218,60.29925,60.07495,68.18358,58.07753,65.06919,69.18092,69.02898,69.11584,64.12488,72.24957,72.33948,73.24616,70.25667,71.38627,75.13322,71.02112,77.64664,74.33034,73.97973,69.72087,75.31268,66.4906,77.36924,69.63476,71.56815,72.69113,71.58911,70.03571,68.06614,60.01666,69.87131,65.76473,68.73136,74.24284
12.08305,12.08305,11.7047,12.08305,11.7047,11.7047,10.77033,10.44031,10.44031,10.44031,10.44031,10.19804,11.18034,10.19804,10.19804,11.04536,10.04988,10.04988,10.04988,10.19804,10.19804,11.18034,10.19804,11.04536,11.18034,11.04536,10.19804,10.44031,10.19804,9.21954,9.48683,9.48683,9.48683,8.544,8.544,8.544,8.544,8.06226,7.61577,7.61577,7.2111,6.7082,6.7082,6.7082,5.83095,5.83095,6.40312,5.65685,5.65685,5.65685,5.0,5.0,70.03571,69.92138,59.20304,63.15061,65.52099,59.68249,65.0,53.75872,55.7853,46.8188,52.49762,50.69517,50.92151,48.46648,50.08992,49.76947,51.89412,47.01064,49.24429,53.23533,45.27693,52.35456,46.04346,49.39636,54.58938,51.62364,51.62364,56.35601,51.62364,49.09175,46.52956,46.95743,53.7122,44.77723,49.64877,43.86342,42.37924,41.23106,42.2019,39.92493,40.16217,36.13862,30.67572,32.57299,35.22783,31.257,28.16026,31.7805,27.01851,24.73863,25.01999,25.0,20.39608,23.19483,23.08679,20.88061,22.13594,10.0,6.0,12.64911,11.40175,10.29563,13.0384,15.65248,13.45362,19.79899,23.02173,23.34524,26.24881,29.69848,36.06938,31.241,35.38361,42.2019,46.40043,44.94441,46.61545,53.41348,55.56978,54.12947,60.37384,59.23681,62.16912,60.16644,59.46427,69.37579,67.72001,70.61161,65.52099,70.83078,71.38627,71.8401,68.65858,75.18643,69.05071,69.2315,76.90254,73.5459,73.5459,66.4906,79.24645,67.89698,67.08204,68.593,67.60178,71.70077,74.8131,71.25307,66.27217,65.76473,62.58594,68.96376,64.32729,74.96666
10.63015,10.63015,10.0,10.63015,10.0,10.0,10.0,9.43398,9.43398,8.94427,9.43398,8.94427,8.94427,8.94427,8.94427,8.94427,9.48683,8.94427,9.48683,8.544,8.544,8.544,8.94427,9.48683,9.84886,8.94427,8.94427,8.94427,8.94427,8.06226,8.06226,8.06226,8.06226,8.06226,7.2111,7.2111,7.81025,6.40312,6.40312,6.40312,5.65685,5.65685,5.65685,5.65685,5.0,5.0,5.0,5.0,4.47214,4.47214,4.47214,4.12311,61.68468,63.78871,69.07966,64.56005,64.56005,61.61169,56.30275,60.16644,49.39636,56.0803,54.81788,52.92447,50.56679,45.31004,52.92447,51.88449,54.91812,46.06517,50.24938,49.92995,51.61395,50.11986,55.75841,49.64877,52.3259,51.10773,50.53712,54.6443,50.47772,50.11986,52.35456,47.01064,46.14109,51.31277,50.08992,44.28318,42.15448,41.23106,42.95346,40.5216,40.5216,35.73514,34.71311,34.0147,34.52535,28.16026,36.12478,30.36445,28.07134,31.14482,25.0,27.07397,24.18677,22.09072,22.02272,22.2036,19.64688,7.28011,12.36932,12.08305,15.52417,8.48528,13.41641,12.80625,15.0,17.02939,20.0,22.80351,25.4951,30.80584,31.89044,31.82766,37.64306,39.05125,42.0119,47.20169,47.70744,49.39636,50.11986,52.83938,61.77378,57.27128,62.64982,60.53924,67.06713,63.24555,70.5195,63.60031,70.60453,64.03124,66.94027,71.06335,72.53275,69.12308,73.24616,68.24954,66.28725,74.33034,70.21396,73.97973,69.12308,75.70997,74.8131,65.9242,70.40597,66.28725,66.75328,67.46851,65.30697,67.44627,64.03124,72.03471,68.88396,66.94027
12.20656,11.6619,11.6619,10.81665,10.81665,10.29563,9.84886,10.29563,9.84886,9.84886,9.84886,9.84886,9.48683,10.44031,9.48683,10.44031,10.44031,9.48683,10.19804,10.19804,10.44031,10.19804,9.48683,10.44031,10.44031,10.44031,9.48683,9.48683,9.48683,9.84886,8.94427,9.48683,8.544,8.94427,8.06226,8.06226,7.2111,7.2111,7.2111,7.2111,6.40312,6.40312,6.40312,5.0,5.0,5.0,5.0,5.65685,4.24264,5.0,4.24264,4.47214,63.07139,62.00806,64.07027,67.0,64.03124,64.07027,67.0,65.00769,50.15974,49.09175,54.45181,50.35871,57.21888,49.0306,48.6621,49.36598,51.97115,47.80167,55.7853,52.63079,54.12947,55.31727,47.53946,49.33559,50.0,51.97115,49.36598,48.70318,50.9902,51.1957,51.62364,49.64877,46.17359,46.87217,44.18144,42.10701,47.16991,45.04442,44.01136,43.18565,34.23449,41.01219,36.12478,40.0125,34.52535,35.22783,30.36445,27.20294,28.16026,28.28427,22.13594,30.46309,21.93171,25.94224,24.35159,25.0,23.25941,12.0,15.0333,14.0,12.08305,13.0,14.86607,14.31782,17.20465,19.41649,20.51828,24.18677,31.76476,36.06938,36.23534,34.98571,39.82462,44.29447,47.41308,46.06517,47.01064,52.49762,53.85165,54.81788,58.46366,64.03124,65.62012,61.29437,64.77654,62.39391,65.9242,63.1981,68.06614,74.00676,67.02984,75.0,72.00694,70.0,76.02631,68.00735,73.06162,75.02666,71.0,75.05998,67.02984,71.0,70.71068,72.1734,68.18358,73.33485,66.27217,65.37584,66.0303,71.44928,62.00806,58.0,67.18631,69.0
11.40175,10.44031,10.44031,9.48683,10.44031,9.21954,9.05539,9.05539,9.05539,9.05539,10.04988,9.0,9.0,9.0,9.0,10.0,9.05539,10.0,9.05539,9.05539,9.05539,9.05539,10.0,9.05539,9.0,9.0,9.0,9.0,8.0,9.0,8.06226,8.06226,8.06226,8.06226,8.06226,8.06226,7.07107,6.08276,6.32456,6.32456,6.32456,5.38516,5.38516,5.09902,5.38516,4.47214,4.47214,4.47214,4.47214,3.60555,3.60555,3.60555,64.63745,68.7968,74.70609,65.80274,62.20129,59.16925,60.74537,59.5399,61.03278,57.80138,53.90733,54.81788,52.49762,54.67175,51.62364,56.56854,54.45181,58.72819,53.75872,49.67897,55.80323,54.67175,53.00943,50.44799,50.44799,54.67175,52.00961,57.2014,54.45181,51.66237,46.8615,49.57822,46.01087,52.00961,45.45327,43.82921,43.27817,40.0,45.60702,41.10961,41.40048,42.0119,44.10215,36.89173,35.80503,34.48188,28.6531,30.8707,32.89377,31.40064,24.18677,24.59675,26.83282,23.5372,26.40076,22.56103,21.58703,12.64911,8.544,15.0,12.04159,12.04159,12.20656,12.52996,18.02776,18.35756,20.59126,22.84732,27.29469,31.38471,30.0,35.34119,35.0,43.26662,43.82921,52.00961,50.20956,55.15433,55.17246,53.2635,57.31492,64.03124,68.76772,61.03278,67.74216,68.60029,75.16648,67.6757,74.94665,72.71864,67.74216,78.54935,70.71068,71.58911,75.591,70.68239,74.68601,78.92401,73.43024,75.17978,72.89719,71.55418,78.77182,72.91776,69.77105,65.8635,68.42514,65.0,67.74216,68.96376,64.88451,73.92564,69.46222,68.60029
12.64911,11.7047,12.08305,12.08305,12.08305,11.18034,10.29563,10.29563,10.29563,10.81665,10.81665,10.81665,10.81665,10.81665,10.0,10.63015,10.63015,10.63015,10.63015,10.63015,10.63015,10.63015,10.63015,10.63015,11.40175,10.63015,10.63015,10.81665,10.0,10.0,9.43398,10.0,9.43398,9.43398,9.43398,8.06226,8.06226,7.61577,8.06226,7.61577,7.61577,6.7082,6.7082,6.32456,6.32456,6.32456,6.32456,6.32456,6.08276,5.09902,5.0,5.0,65.55151,66.57327,68.0,62.26556,61.05735,54.3783,66.21178,60.41523,58.60034,57.27128,48.8467,52.39275,51.47815,48.8467,52.55473,52.49762,53.60037,51.24451,56.51548,49.47727,52.61179,49.81967,49.64877,50.44799,44.14748,51.86521,47.53946,54.57105,50.44799,49.64877,46.8188,51.47815,45.18849,51.47815,45.31004,43.32436,46.09772,41.23106,44.77723,43.46263,41.04875,41.67733,38.01316,42.72002,39.05125,37.44329,29.41088,27.78489,29.0,30.4795,28.28427,26.24881,25.45584,24.69818,21.2132,25.05993,21.54066,10.81665,12.04159,14.86607,13.60147,9.48683,14.14214,14.03567,15.29706,16.03122,22.56103,22.09072,27.45906,30.08322,31.40064,40.04997,37.12142,40.11234,46.09772,40.31129,50.35871,53.23533,56.4358,55.7315,63.15061,59.43904,65.0,60.63827,66.12866,67.72001,71.69379,65.9242,73.82412,69.07966,70.68239,70.38466,65.39113,70.66116,72.94518,71.58911,72.00694,71.58911,74.24958,73.92564,76.94154,71.34424,74.79305,68.50547,72.47068,67.41662,71.69379,68.8767,67.97794,68.44706,65.74192,69.35416,68.54196,72.89719
11.31371,11.31371,10.63015,11.31371,9.89949,9.21954,9.21954,10.0,9.43398,9.43398,9.43398,9.43398,9.43398,9.43398,9.43398,8.94427,8.94427,8.94427,9.84886,8.94427,8.94427,9.84886,8.94427,9.84886,9.84886,8.94427,8.94427,8.94427,9.43398,8.94427,8.60233,8.60233,8.60233,7.2111,7.2111,7.2111,7.81025,6.40312,7.07107,6.40312,5.65685,5.65685,5.65685,5.0,5.0,4.24264,5.0,4.47214,4.47214,4.47214,4.47214,3.16228,69.58448,63.03174,77.02597,61.81424,63.28507,66.00758,66.0303,61.07373,58.07753,59.13544,56.00893,55.22681,59.4138,56.7186,52.23983,54.91812,53.75872,52.7731,54.45181,51.15662,54.74486,52.46904,58.18935,56.51548,58.85576,54.91812,53.93515,52.17279,53.15073,52.39275,45.39824,53.0,50.63596,53.46027,49.0,49.09175,50.80354,46.09772,46.38965,43.0,40.0,40.31129,37.12142,34.71311,37.36308,34.20526,36.24914,35.69314,22.2036,25.05993,25.70992,21.93171,23.4094,23.43075,26.0,24.08319,20.0,9.84886,14.31782,9.84886,14.31782,11.40175,15.6205,15.6205,20.51828,17.0,22.80351,22.02272,24.83948,31.14482,31.14482,39.69887,34.82815,43.41659,43.56604,45.45327,45.31004,53.22593,56.85948,55.15433,54.40588,64.56005,62.36185,59.22837,66.75328,62.80127,68.26419,65.62012,70.85901,70.25667,73.24616,75.42546,72.02777,69.26038,73.5527,76.10519,76.1643,76.00658,66.00758,76.00658,76.00658,67.02984,69.35416,73.24616,71.11259,69.0,67.02984,69.26038,73.00685,71.00704,64.07027,77.00649,68.00735,76.00658
12.04159,10.63015,11.31371,10.63015,10.63015,10.0,10.0,10.0,10.0,9.43398,9.43398,10.29563,10.29563,10.29563,8.94427,10.29563,9.84886,10.29563,9.84886,9.84886,9.84886,9.84886,10.29563,9.84886,10.29563,10.29563,10.29563,10.29563,8.94427,9.43398,8.06226,9.43398,8.60233,8.60233,8.60233,7.81025,7.81025,7.07107,7.07107,6.40312,7.07107,5.65685,6.40312,5.65685,5.0,5.0,5.0,5.0,5.0,4.47214,4.47214,4.47214,62.514,64.13267,67.26812,67.26812,63.34824,59.90826,56.921,57.00877,52.20153,50.9902,52.81098,51.26402,56.921,51.07837,51.0,53.7122,53.66563,51.0,48.8774,51.47815,56.61272,48.8774,47.88528,53.0,53.33854,51.0,50.77401,44.28318,51.0,59.03389,54.12024,46.23851,48.8774,45.18849,48.8467,43.65776,42.15448,40.80441,45.54119,45.60702,40.60788,41.23106,36.67424,30.80584,34.52535,37.21559,35.01428,29.27456,30.01666,29.27456,27.01851,31.14482,25.17936,21.0238,22.80351,26.4764,22.82542,13.34166,15.13275,8.60233,12.80625,16.12452,15.55635,17.49286,18.60108,19.79899,15.55635,24.83948,27.20294,31.62278,31.14482,38.94868,37.48333,38.20995,48.27007,47.01064,48.54894,53.7122,56.93856,60.90156,59.16925,60.00833,65.29931,65.30697,65.79514,63.97656,65.55151,64.62198,65.52099,73.4983,72.36712,74.73286,72.83543,68.15424,70.34202,68.65858,73.4983,72.03471,73.97973,71.58911,69.2315,69.37579,78.63841,65.11528,65.11528,68.88396,60.16644,65.0,74.0,67.18631,70.88018,69.64194,69.92138,67.72001
12.36932,11.40175,11.40175,11.40175,11.40175,10.19804,10.19804,10.19804,10.19804,10.04988,10.04988,10.04988,10.04988,10.0,10.04988,10.0,10.0,10.0,10.0,10.0,10.0,10.0,10.0,10.0,10.0,10.0,10.0,10.04988,10.04988,10.0,9.05539,9.05539,9.05539,8.06226,9.05539,8.24621,8.24621,8.24621,7.28011,7.28011,7.28011,7.28011,6.32456,6.32456,5.38516,5.38516,5.38516,5.83095,5.83095,5.0,5.0,4.24264,62.62587,62.03225,64.2573,64.62198,59.5063,59.23681,60.00833,57.27128,55.03635,53.85165,51.47815,55.80323,49.0408,52.15362,47.43416,48.83646,55.80323,52.20153,45.34314,46.69047,49.57822,50.32892,51.62364,48.79549,49.57822,48.16638,48.79549,53.07542,47.50789,47.63402,48.16638,48.08326,45.34314,45.80393,42.43819,46.8615,44.82187,42.43819,39.05125,34.1321,36.61967,34.20526,35.35534,31.38471,32.75668,31.76476,29.96665,25.05993,25.4951,26.40076,26.24881,26.83282,22.13594,25.4951,23.76973,20.02498,18.02776,14.0,13.41641,12.20656,14.14214,15.52417,13.45362,16.97056,14.86607,18.43909,22.62742,24.08319,27.20294,30.61046,38.20995,31.241,40.36087,43.13931,43.26662,49.81967,51.0392,53.53504,52.83938,56.60389,59.5399,60.41523,58.87274,61.26989,63.32456,64.2573,71.30919,64.84597,71.8401,70.2282,70.34202,73.08215,67.35726,72.53275,74.46476,73.75636,69.26038,72.12489,74.0,73.05477,69.92138,75.69016,72.78049,69.92138,66.48308,70.5195,63.89053,71.56815,71.16881,73.08215,67.62396,71.58911,78.18568,68.70953
11.6619,10.29563,10.81665,10.29563,10.29563,9.43398,9.43398,8.60233,8.60233,9.21954,9.21954,9.21954,9.21954,9.89949,9.21954,9.21954,9.21954,9.21954,9.21954,9.21954,9.89949,9.89949,9.21954,9.21954,9.89949,9.21954,8.48528,9.21954,9.21954,9.21954,7.81025,7.81025,8.60233,7.81025,7.2111,7.2111,7.2111,6.7082,6.7082,5.83095,5.83095,5.38516,5.38516,5.38516,5.38516,5.09902,4.12311,4.12311,5.09902,4.0,4.0,4.0,68.15424,63.06346,67.26812,59.03389,62.0967,61.84658,51.24451,64.77654,55.44367,55.10898,53.15073,51.0,52.46904,53.15073,52.0,47.04253,46.04346,53.03772,47.0,44.01136,55.0,50.08992,55.44367,56.14268,50.01,52.00961,47.0,56.0,54.00926,51.08816,46.01087,51.0098,48.04165,47.01064,47.04253,51.47815,44.18144,42.57934,44.72136,42.29657,35.17101,37.65634,37.85499,36.68787,32.89377,31.62278,33.12099,32.31099,26.40076,29.06888,22.84732,25.80698,27.20294,25.05993,24.08319,21.93171,24.83948,14.0,10.04988,12.04159,9.05539,11.6619,12.16553,11.04536,18.60108,17.88854,18.78829,24.69818,25.63201,29.15476,29.15476,35.73514,37.21559,44.94441,44.72136,52.88667,46.84015,49.47727,54.58938,50.15974,55.03635,64.07027,63.03174,61.20457,65.19202,62.1289,71.17584,66.75328,70.71068,65.76473,69.18092,70.5762,69.63476,68.44706,69.857,77.66595,67.08204,70.5195,70.83078,76.15773,69.64194,71.56815,72.8011,65.51336,61.61169,65.9242,68.00735,71.51224,61.13101,64.03124,68.68042,65.51336,75.95393,73.24616
12.04159,12.04159,12.04159,11.04536,11.04536,11.04536,11.04536,10.19804,10.19804,10.19804,10.19804,10.44031,10.44031,10.44031,10.44031,10.77033,10.44031,10.44031,10.77033,10.77033,10.44031,10.77033,10.44031,10.77033,10.44031,10.44031,10.44031,10.44031,10.19804,10.19804,9.21954,10.19804,9.21954,9.05539,8.06226,9.05539,8.0,8.0,8.0,7.0,7.0,7.0,7.0,6.0,6.08276,6.08276,6.08276,5.09902,5.09902,5.09902,5.38516,4.47214,68.8186,62.42596,61.61169,63.28507,60.60528,56.85068,61.7171,57.80138,56.0357,50.47772,53.23533,53.0,49.64877,52.7731,53.7122,54.56189,55.9464,50.69517,48.46648,53.48832,53.16014,53.31041,49.39636,47.43416,50.96077,52.39275,47.43416,54.40588,50.69517,46.23851,47.92703,50.32892,48.10405,51.26402,45.65085,44.41846,46.64762,43.86342,41.88078,45.45327,41.6173,33.01515,36.23534,36.61967,32.20248,34.05877,33.24154,29.06888,30.41381,29.83287,24.08319,26.40076,21.2132,27.01851,23.85372,18.97367,19.41649,11.6619,11.40175,12.20656,11.40175,12.64911,13.15295,13.0,17.02939,21.0238,25.01999,21.09502,25.01999,29.27456,30.06659,34.0,40.11234,40.1995,42.75512,47.26521,46.09772,53.85165,55.71355,60.74537,62.64184,61.84658,58.30952,58.59181,62.64982,66.37017,70.83078,65.73431,65.19202,72.42237,71.02112,68.8186,72.67049,72.94518,73.78347,75.71658,74.09453,78.49204,74.88658,78.00641,73.23933,71.40028,74.27651,70.17834,73.40981,63.41136,71.40028,65.36819,69.89278,70.17834,71.40028,72.06941,70.0,68.88396
12.72792,12.04159,12.04159,12.04159,11.31371,10.63015,10.0,10.81665,10.0,10.81665,10.81665,10.29563,10.29563,10.29563,10.29563,10.29563,11.18034,10.29563,11.18034,11.18034,10.29563,11.18034,10.29563,11.18034,10.81665,11.18034,11.18034,10.81665,10.81665,9.43398,10.0,10.0,10.0,9.21954,9.21954,8.60233,8.48528,8.48528,7.81025,7.07107,7.07107,7.81025,6.40312,6.40312,6.40312,6.40312,5.83095,5.83095,5.83095,5.83095,5.38516,5.38516,69.58448,63.15061,61.40033,58.54912,60.40695,60.53098,58.07753,59.03389,50.24938,49.0102,52.23983,45.01111,47.16991,47.04253,48.01042,47.26521,51.24451,52.34501,49.0408,51.35173,50.48762,46.57252,50.80354,52.7731,51.47815,55.57877,49.36598,51.97115,48.83646,47.85394,48.50773,52.34501,49.36598,47.09565,46.09772,45.17743,43.56604,41.0,40.31129,36.01389,36.49658,38.47077,35.35534,34.23449,34.36568,36.87818,30.41381,26.57066,29.12044,27.20294,24.5153,25.4951,20.24846,21.18962,23.25941,25.55386,23.34524,10.77033,14.0,13.34166,11.18034,16.27882,11.7047,16.12452,13.60147,21.58703,24.5153,20.61553,27.29469,27.51363,33.54102,39.0,33.83785,40.02499,43.28972,44.64303,52.63079,50.80354,60.53098,55.08176,59.03389,62.0,64.03124,56.32051,65.12296,66.18912,71.17584,64.49806,71.70077,64.62971,70.45566,72.99315,69.2315,65.30697,70.21396,68.06614,78.44743,76.94154,65.30697,69.05071,78.26238,70.40597,64.51356,72.00694,71.38627,68.88396,67.08204,69.05071,71.02112,64.93843,64.13267,69.72087,69.18092,71.44928
11.7047,11.7047,10.77033,10.77033,10.77033,9.84886,10.29563,10.29563,10.29563,9.43398,9.43398,10.0,10.0,10.0,10.0,10.63015,9.89949,9.21954,10.63015,10.0,10.0,10.0,9.21954,10.63015,10.63015,10.0,10.0,10.0,10.0,9.43398,9.43398,9.43398,8.94427,8.94427,8.06226,8.06226,8.06226,7.61577,7.61577,7.61577,6.7082,6.7082,6.32456,6.32456,6.32456,5.38516,6.08276,5.09902,5.09902,5.09902,5.09902,5.0,65.43699,66.70832,64.66065,61.07373,60.74537,57.48913,56.85068,58.60034,49.39636,52.43091,53.53504,51.62364,54.20332,53.23533,49.92995,51.07837,52.39275,49.65884,51.62364,49.39636,46.8188,47.42362,54.57105,52.92447,56.75385,49.39636,47.53946,56.61272,48.10405,53.45091,48.70318,53.48832,47.53946,51.26402,43.41659,49.76947,45.88028,39.0,45.69464,43.04649,39.66106,39.66106,31.06445,35.51056,35.22783,32.20248,33.30165,27.20294,29.20616,25.80698,26.87006,24.18677,25.6125,20.24846,25.45584,21.93171,22.2036,12.20656,15.81139,9.43398,12.52996,11.6619,16.12452,12.08305,19.41649,14.56022,20.88061,23.76973,29.61419,29.15476,32.55764,36.40055,36.68787,40.71855,41.76123,48.8467,50.32892,53.22593,55.9464,52.80152,57.3062,57.68882,62.96825,63.41136,63.03174,62.80127,71.40028,61.7171,70.93659,66.52819,68.41053,71.21798,70.17834,67.47592,70.17834,73.59348,74.27651,76.41989,67.89698,73.59348,74.24958,70.0928,75.74299,75.0733,69.31089,74.41102,71.58911,70.72482,69.52697,70.29225,66.61081,77.42093,76.83749,76.6942
11.18034,10.19804,10.44031,10.19804,10.19804,9.48683,9.48683,9.48683,9.48683,8.544,9.84886,9.84886,8.94427,8.94427,8.94427,10.29563,9.43398,9.43398,9.43398,9.43398,8.94427,9.43398,10.29563,9.43398,9.43398,10.29563,8.94427,8.94427,8.94427,8.94427,8.544,8.544,8.544,7.61577,8.24621,7.28011,7.28011,7.28011,6.08276,6.08276,6.08276,6.08276,6.08276,5.09902,5.0,5.0,5.0,4.0,4.0,4.0,4.12311,3.16228,67.26812,62.24147,65.8559,67.89698,68.11755,62.28965,60.30755,60.60528,55.17246,55.80323,52.00961,52.20153,49.92995,54.6443,54.08327,55.4617,56.4358,51.42956,50.08992,49.76947,61.7414,47.85394,53.48832,52.3259,46.06517,50.60632,53.31041,52.92447,50.9902,53.85165,52.83938,52.35456,53.00943,45.17743,45.61798,48.01042,47.88528,42.0119,41.34005,44.82187,45.34314,41.40048,42.80187,34.71311,29.69848,31.90611,32.55764,26.24881,33.30165,29.41088,30.4795,27.58623,24.41311,23.70654,22.36068,20.61553,19.64688,9.48683,7.61577,14.86607,10.81665,16.15549,14.31782,14.0,16.27882,22.2036,26.30589,23.02173,29.06888,26.30589,33.24154,33.95585,37.10795,43.41659,41.10961,47.75982,48.30114,55.15433,55.22681,59.9333,62.43397,64.14047,61.58734,65.21503,62.20129,60.60528,72.00694,62.482,69.35416,67.17887,66.52819,68.68042,70.93659,72.47068,75.16648,70.72482,72.34639,74.95332,70.76722,74.95332,74.27651,70.0928,65.43699,64.38167,70.72482,70.72482,71.42129,67.26812,73.10951,66.70832,64.66065,72.34639,75.16648,65.8559
11.40175,11.40175,10.44031,10.44031,10.44031,9.48683,9.48683,9.48683,9.84886,9.84886,9.84886,10.29563,8.94427,8.94427,8.94427,9.43398,9.43398,9.43398,9.43398,9.43398,9.43398,9.43398,9.43398,9.43398,9.43398,9.43398,8.94427,8.94427,8.94427,8.94427,7.61577,8.544,8.544,7.61577,8.24621,7.28011,7.28011,7.28011,6.32456,6.08276,6.08276,6.08276,6.08276,5.09902,5.09902,5.0,5.0,4.0,4.0,4.12311,4.12311,3.16228,64.38167,71.02816,66.21933,60.74537,66.03787,57.14018,61.61169,60.20797,54.91812,53.66563,57.80138,54.70832,52.35456,50.56679,51.89412,55.02727,54.12947,54.08327,52.55473,49.0408,51.78803,48.76474,47.12749,50.15974,51.24451,51.86521,45.12206,50.0,51.07837,46.84015,52.88667,52.49762,52.7731,49.39636,45.18849,43.909,47.88528,45.17743,47.41308,42.48529,38.91015,43.04649,38.01316,35.0,28.6007,38.01316,34.48188,30.80584,27.80288,26.87006,26.1725,27.65863,27.58623,24.83948,25.23886,18.38478,21.93171,14.76482,12.20656,11.18034,11.7047,9.48683,15.52417,16.27882,17.11724,15.81139,22.56103,22.80351,25.17936,33.01515,31.06445,32.55764,36.87818,43.56604,46.84015,43.9659,45.35416,47.75982,55.54278,54.56189,58.60034,61.58734,63.50591,57.80138,64.41273,68.8186,65.21503,68.7968,65.43699,66.06815,68.60029,73.24616,69.06519,77.66595,69.40461,73.24616,76.844,74.02702,75.43209,63.82006,74.02702,69.02898,71.50524,70.60453,70.0,76.05919,72.34639,69.2026,69.02898,65.60488,64.89992,71.28113,64.89992,72.8011
10.81665,10.81665,11.18034,10.29563,10.29563,10.29563,9.84886,9.84886,8.94427,9.48683,9.84886,9.48683,9.48683,9.21954,9.48683,9.21954,9.21954,9.21954,9.21954,9.21954,9.21954,9.21954,9.21954,9.21954,9.48683,9.48683,9.48683,9.48683,9.48683,8.544,8.544,8.544,8.544,7.61577,8.06226,7.2111,7.2111,7.2111,6.40312,6.40312,6.40312,6.40312,6.40312,5.65685,5.65685,5.65685,5.0,5.0,5.0,5.0,4.47214,4.47214,65.14599,67.1193,65.29931,56.36488,58.60034,57.69749,54.70832,57.27128,53.66563,47.85394,54.12947,51.0392,51.47815,51.97115,51.62364,50.80354,52.63079,49.81967,49.67897,51.22499,57.38467,49.0408,50.91169,49.49747,48.9183,48.9183,52.63079,47.01064,50.32892,57.00877,53.41348,48.25971,46.04346,46.14109,45.22168,41.67733,43.82921,43.04649,41.23106,44.29447,40.24922,39.0,37.0,34.53983,31.01612,33.83785,32.31099,33.54102,29.61419,27.89265,24.04163,24.08319,23.02173,22.2036,23.02173,22.02272,20.09975,12.72792,9.84886,11.31371,13.45362,10.0,13.45362,14.86607,16.64332,18.35756,17.49286,21.93171,22.82542,30.46309,31.38471,32.75668,37.58989,42.0119,49.0408,46.75468,46.09772,47.42362,49.51767,57.62812,58.25805,58.41233,64.2028,64.07027,62.96825,63.63175,63.81222,63.50591,69.11584,67.74216,63.95311,66.64833,72.01389,71.55418,71.69379,70.26379,67.97794,74.70609,66.30988,75.58439,78.39005,71.16881,61.46544,68.35203,72.42237,68.54196,67.77905,64.19502,70.26379,70.93659,65.79514,64.41273,76.02631,64.40497
12.36932,11.40175,11.40175,10.44031,10.44031,10.44031,10.44031,9.84886,9.84886,9.84886,9.84886,9.84886,8.94427,9.43398,9.43398,10.29563,9.43398,10.29563,9.43398,9.43398,9.43398,9.43398,10.29563,9.43398,10.29563,10.29563,10.29563,10.29563,8.94427,9.84886,8.544,8.544,8.544,8.544,8.544,8.24621,8.24621,7.28011,7.28011,7.07107,7.07107,7.07107,6.08276,6.08276,6.08276,6.0,5.0,5.0,5.0,5.09902,5.09902,5.09902,68.7968,60.46487,64.40497,62.68174,59.03389,61.22091,56.40035,59.40539,51.10773,51.88449,53.66563,50.53712,52.3259,47.85394,46.95743,54.23099,49.1935,54.42426,48.75449,49.98,55.02727,50.69517,48.10405,49.47727,45.54119,49.39636,50.21952,45.69464,53.66563,50.56679,49.64877,52.0,40.24922,42.95346,44.29447,45.79301,43.82921,39.11521,39.66106,40.31129,37.73592,33.97058,36.23534,30.80584,37.48333,32.64966,31.14482,29.0,26.24881,26.24881,24.20744,27.80288,24.20744,25.55386,19.23538,19.31321,20.24846,11.40175,10.63015,10.77033,11.31371,7.81025,10.04988,14.56022,18.11077,23.08679,24.02082,23.08679,27.07397,29.06888,36.22154,33.13608,36.13862,42.57934,45.12206,41.0,45.89118,52.39275,54.12024,57.24509,57.24509,58.59181,62.6099,64.49806,64.49806,63.28507,66.0303,63.63175,71.84706,67.41662,72.94518,73.81734,72.00694,72.62231,74.20243,74.65253,73.40981,73.40981,73.60027,74.27651,69.31089,73.10951,68.24954,66.06815,69.63476,64.44377,67.47592,61.6198,73.00685,65.80274,64.03124,73.75636,67.42403,67.80118
10.77033,9.84886,10.77033,9.84886,9.48683,9.48683,9.48683,9.21954,9.21954,9.21954,9.21954,9.21954,9.21954,9.05539,9.05539,9.05539,9.05539,9.05539,9.05539,9.05539,9.05539,9.05539,9.05539,9.05539,9.21954,9.05539,9.05539,9.21954,9.21954,9.21954,8.24621,8.24621,8.24621,7.28011,7.61577,7.61577,6.7082,6.7082,6.7082,5.83095,5.83095,5.83095,5.83095,5.0,5.0,5.0,5.0,4.24264,4.24264,4.24264,3.60555,3.60555,72.56032,69.58448,65.76473,60.82763,63.56099,61.84658,64.13267,60.63827,57.87055,55.36244,55.31727,51.24451,55.02727,48.70318,54.23099,51.62364,53.22593,54.626,50.53712,55.56978,52.35456,55.07268,51.89412,52.39275,49.64877,57.3062,51.42956,51.10773,47.01064,52.83938,45.69464,51.42956,47.80167,50.28916,51.47815,47.53946,43.9659,45.88028,46.23851,39.84972,39.81206,37.10795,39.45884,41.48494,34.71311,35.22783,30.01666,31.40064,32.06244,28.0,26.07681,23.02173,24.73863,26.1725,22.09072,24.35159,19.64688,7.2111,13.0,13.34166,12.52996,9.84886,12.20656,15.26434,17.02939,21.40093,21.93171,21.40093,26.40076,29.83287,33.94113,29.41088,38.28838,42.80187,47.43416,48.41487,42.80187,54.70832,55.00909,59.5399,56.35601,60.41523,61.84658,62.64982,67.6757,65.25335,65.25335,68.68042,64.03124,68.65858,68.73136,70.60453,72.00694,72.03471,72.53275,67.18631,71.8401,71.70077,73.34848,68.88396,74.72617,63.50591,68.593,68.11755,69.87131,69.87131,68.65858,64.13267,70.03571,64.13267,73.1642,68.96376,67.60178,71.70077
12.04159,11.04536,11.04536,11.04536,11.04536,10.04988,10.19804,10.19804,10.19804,10.19804,10.19804,10.44031,10.44031,9.48683,9.48683,10.77033,9.48683,10.44031,9.84886,9.48683,9.48683,9.84886,10.44031,9.48683,9.48683,10.44031,10.44031,10.44031,9.48683,10.19804,9.21954,9.21954,8.24621,9.21954,8.06226,9.05539,8.06226,8.0,7.0,7.0,7.0,7.0,6.0,6.08276,6.08276,6.08276,6.08276,5.09902,5.09902,5.38516,5.38516,4.47214,64.00781,67.00746,69.31811,61.05735,62.26556,61.40033,57.80138,59.5399,56.35601,53.85165,46.06517,51.07837,55.03635,50.08992,49.76947,53.85165,52.55473,55.71355,53.75872,52.63079,56.51548,50.44799,50.0,53.7122,48.38388,54.78138,56.32051,53.16014,48.38388,54.40588,52.49762,50.08992,49.09175,49.76947,51.62364,47.01064,37.58989,39.11521,41.40048,43.04649,43.56604,43.86342,32.55764,39.82462,37.01351,32.44996,30.80584,28.28427,25.45584,28.3196,24.08319,29.06888,24.41311,24.83948,18.60108,20.24846,17.49286,9.43398,8.544,13.0384,9.84886,14.31782,12.36932,17.46425,14.14214,17.26268,17.08801,19.0263,27.51363,29.42788,30.41381,33.06055,39.0,45.04442,40.0125,47.04253,48.6621,53.33854,52.20153,58.54912,57.00877,60.08328,64.03124,63.89053,60.72891,68.94926,64.62198,64.62198,73.79024,67.95587,70.71068,69.11584,71.86793,74.24958,75.591,73.24616,75.66373,71.34424,75.80237,75.66373,78.71467,67.95587,74.30343,72.11103,74.8131,66.03787,66.0303,69.46222,71.11259,66.64833,70.66116,70.71068,65.36819,64.66065
11.7047,10.77033,10.29563,10.77033,9.84886,9.84886,10.29563,9.43398,9.43398,9.43398,9.43398,10.0,9.43398,10.0,9.21954,10.63015,9.21954,10.0,9.21954,9.89949,9.21954,9.89949,10.0,9.89949,10.0,10.0,10.0,10.0,9.21954,9.43398,8.60233,8.60233,8.60233,8.06226,8.06226,8.06226,7.61577,6.7082,6.7082,6.7082,6.32456,5.38516,5.38516,5.38516,5.38516,5.09902,5.09902,4.12311,4.12311,4.12311,4.0,4.0,62.64982,70.3278,60.37384,65.0,61.84658,58.5235,60.16644,57.24509,55.71355,60.72891,50.96077,55.65968,57.27128,58.24088,50.28916,52.39275,52.17279,50.63596,51.24451,52.08647,51.0098,55.31727,44.28318,46.09772,49.49747,49.25444,54.74486,48.6621,51.97115,53.33854,51.24451,51.1957,53.36666,41.4367,49.64877,40.80441,43.73786,43.32436,41.18252,42.37924,39.21734,38.27532,39.81206,33.61547,33.61547,36.23534,30.88689,30.8707,28.17801,27.78489,29.68164,27.01851,29.20616,27.58623,24.69818,22.02272,19.20937,13.0,10.29563,12.64911,9.0,15.13275,13.0384,15.52417,18.68154,19.41649,18.43909,26.68333,29.01724,28.16026,32.75668,37.01351,35.22783,43.41659,46.01087,42.0,50.0,53.03772,55.44367,58.24946,54.12947,62.16912,63.06346,63.06346,66.09841,63.90618,64.62198,67.6757,65.79514,68.54196,68.44706,68.8767,69.77822,76.05919,73.05477,73.92564,73.68175,70.66116,71.86793,73.79024,76.15773,67.1193,74.70609,70.21396,69.857,65.36819,68.96376,66.18912,69.46222,68.02941,70.38466,67.77905,72.09022,70.5762
12.20656,11.40175,11.40175,10.0,10.0,10.0,10.63015,10.63015,9.89949,9.89949,9.89949,9.89949,9.21954,9.21954,9.21954,10.0,8.60233,10.0,9.43398,10.0,9.21954,10.0,10.0,10.0,10.0,9.21954,9.21954,9.21954,9.21954,9.21954,8.48528,8.48528,8.48528,8.48528,7.81025,7.81025,7.81025,7.2111,7.2111,7.2111,7.2111,5.83095,5.83095,5.83095,5.83095,5.38516,5.38516,5.38516,5.38516,5.09902,5.09902,5.09902,73.5527,64.00781,60.01666,58.03447,64.19502,58.03447,60.00833,58.13777,54.0,54.23099,50.0,53.15073,57.14018,46.69047,50.63596,51.78803,50.69517,52.39275,54.23099,48.50773,55.7315,50.63596,46.57252,48.27007,47.51842,51.66237,50.96077,43.41659,51.97115,55.10898,47.67599,49.64877,47.26521,46.09772,50.48762,44.04543,39.01282,39.11521,42.0119,39.20459,43.0,42.10701,31.14482,35.01428,37.21559,32.14032,36.12478,27.45906,27.89265,25.4951,26.92582,22.47221,26.57066,25.07987,18.02776,18.38478,22.2036,12.64911,11.18034,14.31782,8.06226,11.04536,11.0,17.08801,19.72308,21.18962,20.61553,24.41311,28.01785,27.45906,34.66987,35.8469,36.40055,42.15448,41.78516,41.67733,49.0408,51.92302,52.17279,57.97413,59.03389,54.08327,61.13101,59.3043,65.12296,66.18912,68.00735,63.1981,69.00725,66.0303,65.37584,69.35416,69.18092,73.00685,74.10803,66.0,74.00676,73.43705,72.1734,69.87131,77.16217,66.48308,67.26812,70.21396,65.62012,69.72087,69.46222,68.35934,69.02898,69.18092,68.73136,64.28063,65.06919,68.18358
11.18034,10.19804,10.19804,10.19804,10.19804,9.05539,9.05539,9.05539,9.0,9.0,9.0,9.05539,9.0,9.05539,9.0,10.04988,9.05539,9.05539,9.05539,9.05539,9.05539,9.05539,9.05539,9.05539,9.05539,9.05539,9.05539,9.0,9.0,9.0,8.0,8.06226,8.06226,7.07107,8.06226,8.06226,7.07107,6.08276,6.08276,6.08276,6.32456,5.09902,5.38516,5.09902,5.38516,4.47214,4.47214,4.47214,4.47214,3.60555,3.60555,3.60555,68.96376,63.97656,65.0,60.03332,64.66065,58.66856,61.91123,55.07268,53.7122,56.0357,59.20304,51.22499,45.25483,54.48853,50.44799,49.51767,53.75872,52.40229,53.03772,52.34501,53.8145,50.44799,56.22277,50.20956,48.10405,52.34501,48.10405,54.56189,54.45181,52.40229,50.93133,47.42362,49.51767,49.67897,46.69047,45.80393,42.52058,44.59821,44.65423,44.41846,40.81666,40.31129,32.20248,38.48376,31.30495,34.66987,34.4093,31.38471,29.15476,26.41969,26.57066,28.23119,24.18677,24.69818,27.65863,25.07987,24.18677,10.77033,17.69181,11.6619,12.80625,13.45362,10.0,16.12452,12.16553,16.15549,19.41649,21.0238,28.17801,34.17601,33.61547,34.48188,33.83785,43.82921,40.60788,46.40043,44.68781,50.44799,55.44367,51.73973,57.38467,62.36986,59.46427,63.00794,62.80127,65.21503,70.72482,66.61081,74.43118,70.3278,65.36819,74.79305,68.60029,67.60178,68.09552,72.89719,71.34424,77.36924,68.54196,75.15318,71.19691,72.47068,66.18912,68.88396,67.53518,68.02941,63.50591,71.86793,73.06162,70.23532,62.24147,73.06162,68.96376,68.42514
10.29563,10.29563,10.29563,10.29563,9.43398,9.43398,8.60233,8.60233,8.60233,8.60233,9.21954,8.48528,8.48528,8.48528,8.48528,9.21954,9.21954,9.21954,9.21954,9.21954,9.21954,9.21954,8.48528,9.21954,9.21954,9.21954,8.48528,8.48528,8.48528,8.48528,7.81025,7.81025,7.81025,7.2111,7.2111,7.2111,7.2111,7.2111,5.83095,5.83095,5.83095,5.83095,5.38516,5.38516,4.47214,4.47214,4.12311,4.12311,4.12311,4.12311,4.12311,4.0,73.08215,63.56886,64.28841,68.41053,63.90618,56.61272,60.40695,60.87693,53.16014,59.84146,55.54278,53.75872,48.50773,53.60037,51.24451,52.08647,54.03702,57.03508,49.16299,47.0,56.14268,52.03845,55.3263,53.00943,54.08327,50.0,49.0408,53.03772,51.0392,47.16991,47.0,51.0392,45.89118,46.52956,45.27693,41.7732,50.28916,41.97618,48.76474,36.40055,40.79216,37.94733,36.05551,33.73426,34.9285,29.61419,27.313,30.08322,33.10589,25.07987,21.47091,26.62705,27.45906,25.6125,22.36068,20.51828,20.24846,13.15295,11.40175,13.0,10.04988,20.24846,13.0,16.64332,27.29469,26.1725,10.44031,23.08679,27.65863,35.77709,30.36445,30.8707,36.40055,41.19466,36.49658,43.93177,47.26521,52.15362,51.62364,58.07753,53.60037,60.00833,64.12488,57.70615,60.29925,59.5399,68.06614,58.85576,69.857,62.0967,66.48308,71.47027,67.41662,68.44706,70.71068,70.0928,72.27724,74.33034,67.72001,73.4983,71.56815,65.14599,65.73431,67.23095,71.47027,64.03124,69.12308,66.7308,69.64194,70.60453,63.89053,70.40597,76.92204,69.12308
12.08305,12.08305,10.77033,12.08305,10.77033,10.77033,10.77033,10.44031,10.44031,10.44031,10.44031,10.19804,10.19804,10.19804,10.19804,10.04988,10.19804,10.04988,10.19804,10.19804,10.19804,10.19804,10.19804,10.04988,10.19804,10.19804,10.19804,10.19804,9.48683,9.21954,9.48683,9.48683,8.544,8.544,8.544,8.544,8.544,8.06226,7.61577,7.61577,6.7082,6.7082,6.40312,5.83095,6.40312,5.83095,6.40312,5.65685,5.65685,5.65685,5.65685,5.0,69.63476,69.2315,62.93648,59.23681,57.28001,62.0967,58.18935,51.92302,55.36244,56.29387,52.20153,48.10405,52.80152,51.89412,51.10773,50.24938,52.69725,47.01064,53.85165,47.16991,54.20332,45.80393,51.22499,48.25971,42.43819,49.39636,51.22499,51.10773,53.53504,47.01064,51.62364,50.77401,45.27693,49.73932,46.61545,44.72136,43.82921,44.72136,45.31004,43.08132,33.61547,35.73514,38.07887,33.54102,36.05551,29.41088,27.65863,30.01666,26.24881,26.30589,22.36068,23.02173,27.01851,22.02272,24.0,23.34524,20.39608,14.03567,13.89244,9.21954,8.06226,14.86607,15.23155,12.52996,17.69181,18.43909,21.93171,24.20744,26.24881,29.73214,36.12478,31.82766,31.62278,43.13931,40.22437,48.01042,51.31277,48.60041,56.93856,53.0,58.59181,57.69749,58.59181,61.09828,65.0,66.85058,68.35203,60.74537,70.38466,66.94027,73.37575,70.5195,66.7308,69.64194,72.03471,70.88018,75.96052,75.50497,71.56815,68.44706,73.00685,70.60453,65.51336,70.40597,67.05222,71.56815,67.74216,68.15424,69.57011,73.37575,65.96969,71.19691,70.5762,69.26038
10.19804,10.19804,10.19804,10.19804,9.21954,9.21954,9.48683,8.24621,8.24621,8.544,8.544,8.544,8.544,8.544,8.544,8.94427,8.94427,8.94427,8.94427,8.94427,8.94427,8.94427,8.94427,8.94427,8.94427,8.544,8.544,8.544,8.544,8.544,7.28011,7.28011,7.28011,7.07107,7.07107,7.07107,7.07107,6.0,6.0,6.0,6.0,5.0,5.0,5.0,5.0,5.09902,4.12311,4.12311,4.12311,4.47214,4.47214,3.60555,68.50547,64.14047,65.79514,61.40033,66.0303,63.13478,60.03332,58.59181,53.7122,58.5235,53.23533,50.08992,51.42956,52.49762,51.26402,52.39275,56.64804,51.24451,52.39275,50.69517,55.36244,50.96077,49.72927,54.42426,52.49762,53.85165,49.24429,56.29387,46.17359,49.33559,51.0,47.85394,50.11986,45.27693,42.19005,42.80187,46.32494,44.72136,41.34005,42.0119,42.43819,36.87818,41.10961,36.87818,35.38361,31.82766,33.97058,31.1127,28.28427,24.20744,27.01851,24.83948,23.02173,22.47221,22.2036,21.47091,21.9545,11.7047,11.40175,10.19804,5.09902,13.0384,12.04159,15.52417,16.03122,17.72005,19.92486,22.47221,23.34524,25.29822,29.83287,33.37664,41.4367,42.29657,43.18565,47.09565,48.01042,50.01,58.07753,51.35173,57.31492,61.29437,62.36986,62.29767,68.62215,66.48308,66.48308,61.35145,67.23095,66.30988,71.17584,74.09453,72.49828,71.55418,70.26379,71.17584,74.70609,77.89737,70.66116,72.89719,74.68601,68.26419,71.56116,68.96376,66.64833,68.0,72.71864,66.64833,71.58911,64.84597,66.64833,68.44706,73.06162,69.83552
12.04159,11.04536,11.0,11.04536,11.04536,10.04988,10.0,10.0,10.0,10.04988,10.04988,10.04988,10.19804,10.19804,10.19804,10.19804,10.19804,10.19804,10.44031,10.19804,10.19804,10.19804,10.19804,10.19804,11.18034,10.04988,10.04988,10.04988,10.04988,9.05539,9.05539,9.05539,9.0,9.0,9.0,8.0,8.0,8.06226,7.07107,7.07107,7.07107,7.07107,7.07107,6.08276,6.08276,5.09902,5.09902,5.09902,5.38516,5.38516,4.47214,4.47214,68.593,60.959,62.93648,61.84658,61.52235,58.0,55.97321,55.9017,53.90733,48.27007,53.8145,56.0803,56.85068,49.09175,50.60632,51.62364,53.25411,51.88449,50.60632,50.47772,49.24429,50.77401,48.8774,48.76474,47.41308,52.83938,49.92995,51.42956,49.92995,52.69725,49.39636,49.09175,44.94441,49.09175,47.20169,40.80441,38.01316,42.80187,41.72529,39.05125,37.53665,38.20995,37.01351,35.35534,32.20248,31.82766,33.6006,26.83282,28.30194,22.82542,27.78489,23.4094,26.40076,20.61553,21.18962,24.18677,23.4094,12.52996,8.06226,10.0,13.89244,16.12452,13.92839,18.02776,19.41649,22.80351,22.36068,27.45906,26.68333,32.06244,36.49658,41.76123,37.10795,42.44997,42.05948,41.23106,49.65884,47.50789,55.4617,54.70832,61.40033,60.80296,65.45991,67.1193,67.80118,66.21933,67.17887,61.07373,71.42129,74.24958,72.83543,77.10383,71.42129,74.27651,74.27651,74.33034,74.95332,72.24957,72.83543,74.24958,75.69016,72.18033,69.42622,76.6942,72.62231,70.29225,64.3506,63.03174,66.46804,75.0733,69.31089,71.42129,70.0928,59.4138
12.08305,10.77033,10.77033,10.77033,10.77033,10.77033,9.84886,10.29563,9.84886,9.43398,9.43398,10.0,10.0,9.43398,9.43398,10.0,10.0,10.0,10.0,10.0,9.43398,10.0,10.0,10.0,10.0,10.0,9.43398,9.43398,9.43398,9.43398,8.94427,8.94427,8.544,8.544,8.544,8.544,8.544,7.28011,7.28011,7.28011,7.07107,6.08276,6.08276,6.08276,6.08276,6.0,6.0,6.0,5.0,5.0,5.09902,5.09902,72.01389,72.44998,69.63476,70.5762,65.79514,60.41523,60.41523,60.82763,55.9464,55.71355,52.0,55.02727,61.40033,53.14132,54.12024,53.60037,49.72927,51.78803,48.37355,53.85165,59.03389,49.0306,50.80354,50.01,50.48762,54.23099,53.15073,53.33854,51.92302,55.57877,54.12024,54.12947,49.33559,43.93177,50.01,49.24429,41.48494,46.95743,43.32436,44.77723,43.46263,33.24154,40.24922,39.35734,32.64966,33.83785,32.24903,27.65863,28.6007,29.20616,26.40076,21.40093,24.20744,21.26029,26.40076,24.75884,21.26029,16.27882,13.0384,9.43398,12.08305,9.05539,12.64911,17.11724,17.46425,19.23538,19.0263,28.07134,26.0,29.0,31.06445,36.34556,35.0,40.0125,45.01111,45.09989,47.51842,50.63596,57.87055,57.07013,56.4358,63.56099,62.0967,66.40783,68.70953,66.48308,68.35203,68.00735,72.91776,69.77105,70.77429,72.01389,74.70609,68.96376,73.82412,70.83078,78.29432,68.7968,74.24284,76.66159,77.82673,74.30343,75.80237,72.89719,68.96376,76.05919,67.41662,70.49113,71.11259,76.8505,67.97794,75.16648,73.06162,70.21396
12.04159,12.04159,11.04536,11.04536,11.04536,11.04536,10.0,10.0,10.0,10.04988,10.04988,10.04988,10.04988,10.04988,10.04988,10.19804,10.19804,10.19804,10.19804,10.19804,10.04988,10.19804,10.19804,10.19804,10.19804,10.19804,10.04988,10.04988,10.04988,10.0,9.0,9.0,9.0,9.0,9.0,8.0,8.06226,8.06226,7.07107,7.07107,7.07107,7.28011,6.08276,6.32456,6.32456,5.38516,6.32456,5.38516,5.38516,5.38516,5.83095,5.0,66.85058,63.06346,68.44706,59.64059,59.64059,58.60034,54.6443,61.05735,57.45433,54.6443,49.64877,51.08816,55.9017,57.31492,53.15073,55.22681,50.24938,53.07542,48.83646,49.51767,55.44367,54.20332,52.20153,50.20956,55.15433,50.9902,52.00961,57.48913,53.75872,50.32892,50.20956,51.66237,48.41487,50.32892,45.96738,48.41487,44.20407,46.2277,43.60046,44.04543,41.88078,39.35734,39.82462,35.8469,31.30495,32.75668,30.01666,31.38471,28.23119,25.29822,28.63564,23.5372,27.85678,24.04163,24.08319,21.09502,27.0,13.60147,9.21954,10.63015,11.6619,11.40175,12.20656,13.0384,21.63331,19.41649,20.80865,24.83948,27.01851,31.38471,34.82815,35.0,43.82921,42.19005,47.42362,42.52058,54.56189,55.22681,54.45181,59.46427,60.20797,58.60034,62.00806,57.98276,67.6757,72.40166,69.89278,68.24222,69.35416,68.47627,72.20111,76.96753,68.96376,72.89719,73.34848,73.82412,74.68601,73.3553,74.70609,77.41447,76.92204,73.57309,75.23962,72.00694,70.66116,71.55418,67.08204,69.46222,73.3553,65.29931,69.46222,72.47068,72.11103,74.09453
11.18034,10.77033,11.18034,9.84886,9.84886,9.84886,8.94427,9.43398,9.43398,9.43398,9.43398,9.21954,9.21954,9.21954,9.21954,9.21954,9.21954,9.21954,9.21954,9.21954,9.21954,9.89949,9.21954,9.89949,9.89949,9.21954,9.21954,9.21954,9.21954,8.60233,8.60233,8.60233,8.06226,8.06226,7.2111,7.2111,7.2111,6.7082,6.7082,6.7082,6.32456,5.38516,5.38516,5.38516,5.09902,5.09902,5.09902,4.12311,4.12311,4.0,4.0,4.0,61.58734,63.28507,62.29767,60.82763,62.26556,55.00909,59.5063,55.9017,54.12024,51.07837,46.52956,51.24451,52.20153,48.76474,49.0408,51.24451,55.10898,54.33231,50.63596,49.47727,50.01,50.21952,53.03772,52.15362,50.01,50.35871,50.01,53.15073,50.48762,46.09772,48.27007,50.01,50.21952,46.84015,41.10961,43.46263,43.65776,41.76123,46.23851,42.72002,39.0,40.16217,37.16181,37.16181,31.06445,30.01666,30.52868,29.54657,29.68164,22.47221,28.6007,23.25941,21.09502,27.80288,22.80351,25.6125,26.40076,11.40175,11.18034,12.08305,10.63015,12.16553,15.81139,13.15295,18.24829,16.03122,16.12452,22.36068,25.07987,29.27456,32.06244,34.05877,41.4367,39.45884,44.01136,43.0,48.50773,47.38143,57.28001,53.60037,60.41523,57.87055,58.18935,64.40497,58.18075,63.95311,62.16912,64.40497,64.88451,66.7308,65.8635,72.71864,71.02112,66.57327,71.02112,70.72482,76.05919,71.34424,68.50547,70.80254,66.7308,64.3506,69.63476,68.60029,65.45991,64.49806,64.49806,69.11584,69.83552,65.45991,63.06346,69.64194,72.00694,64.88451
11.40175,11.40175,11.18034,11.40175,11.18034,10.19804,10.19804,10.04988,10.04988,10.04988,10.04988,10.0,10.0,10.0,10.0,11.0,10.0,10.0,10.04988,10.04988,10.04988,10.04988,10.0,10.04988,10.0,10.0,10.0,10.0,10.0,9.05539,9.05539,9.05539,9.05539,9.05539,8.06226,8.06226,8.24621,7.28011,7.28011,7.28011,7.28011,6.08276,6.32456,5.38516,5.38516,5.38516,5.38516,5.38516,5.38516,4.47214,5.0,3.60555,64.81512,63.03174,71.70077,71.06335,65.94695,63.78087,61.55485,59.5483,55.86591,63.03174,56.56854,52.49762,53.75872,51.22499,48.27007,59.64059,54.91812,52.80152,54.20332,47.16991,57.68882,47.43416,52.35456,52.47857,48.25971,53.53504,49.64877,49.64877,57.80138,55.60576,44.82187,51.61395,45.0,51.31277,51.22499,48.9183,48.9183,45.27693,46.66905,41.03657,38.41875,36.40055,37.48333,36.79674,34.65545,27.58623,31.40064,29.41088,27.65863,30.0,26.83282,24.16609,25.29822,21.47091,24.59675,23.4094,17.26268,10.63015,14.14214,13.45362,15.0,14.42221,15.0,17.08801,16.64332,19.64688,19.41649,28.4605,27.20294,30.59412,29.73214,38.27532,38.07887,40.71855,40.31129,51.62364,53.00943,52.7731,58.5235,58.41233,62.80127,62.80127,62.28965,66.52819,62.24147,68.68042,71.06335,65.05382,70.0928,72.86288,70.72482,73.40981,71.58911,70.29225,75.80237,72.24957,72.62231,73.00685,71.50524,81.40025,75.0,79.40403,73.81734,73.00685,70.29225,66.4003,67.6757,67.00746,65.8559,67.47592,66.21933,74.24958,76.6942,65.06919
12.20656,12.20656,12.20656,12.20656,11.6619,10.81665,10.81665,10.29563,10.29563,10.29563,11.18034,10.77033,10.77033,10.77033,9.84886,10.77033,10.77033,10.77033,10.77033,10.77033,10.77033,10.77033,10.77033,10.77033,10.77033,10.77033,9.84886,10.29563,10.29563,10.29563,9.43398,9.43398,9.43398,9.43398,8.60233,8.60233,8.60233,7.81025,7.81025,7.81025,7.07107,7.07107,7.07107,7.07107,6.40312,6.40312,6.40312,5.83095,5.83095,5.0,5.83095,4.47214,70.0,69.02898,66.00758,62.00806,61.0,59.00847,55.08176,63.07139,57.07889,49.36598,53.60037,43.93177,49.81967,51.41984,51.15662,52.20153,52.34501,52.7731,49.72927,45.88028,56.04463,43.68066,47.43416,49.0408,49.39636,52.81098,50.15974,49.33559,50.01,47.12749,50.44799,52.39275,47.16991,50.21952,41.0,43.18565,42.42641,42.57934,43.04649,42.19005,38.11824,37.0,35.0571,30.06659,33.24154,31.14482,27.16616,31.14482,30.80584,22.2036,26.01922,25.29822,23.19483,24.33105,21.93171,18.02776,24.18677,11.18034,10.04988,10.19804,13.15295,12.64911,11.40175,18.35756,15.6205,18.02776,17.0,22.47221,24.69818,26.40076,36.23534,35.0,39.35734,43.909,43.38202,50.08992,54.20332,54.12947,59.80803,53.85165,57.72348,59.43904,65.0,60.82763,68.06614,65.49046,70.25667,64.62971,70.17834,69.46222,69.11584,71.56815,73.02739,65.06919,67.00746,67.00746,75.00667,75.16648,65.0,73.02739,74.02702,72.0,75.23962,71.00704,68.11755,70.00714,64.00781,68.02941,69.18092,70.34913,62.00806,66.00758,70.02857,71.34424
11.40175,10.44031,10.44031,10.19804,9.48683,9.48683,9.84886,8.94427,8.94427,8.94427,8.94427,8.94427,8.94427,8.94427,8.60233,9.43398,9.43398,9.43398,8.60233,8.60233,9.43398,8.60233,9.43398,9.43398,9.43398,9.43398,9.43398,9.43398,8.94427,8.94427,7.61577,7.61577,7.61577,7.61577,7.61577,7.28011,7.28011,6.32456,6.32456,6.32456,6.08276,5.09902,5.09902,5.09902,5.09902,4.12311,5.0,4.0,4.0,4.0,4.0,3.16228,64.03124,66.61081,67.95587,64.07027,59.07622,59.40539,52.35456,57.98276,54.08327,57.3062,55.4617,50.9902,53.22593,50.56679,52.55473,56.64804,55.36244,48.38388,50.59644,51.66237,56.75385,49.24429,50.63596,49.72927,47.12749,50.59644,50.01,51.24451,49.98,49.98,53.45091,53.16014,47.41308,44.27189,47.53946,49.64877,46.61545,41.59327,43.04649,38.07887,36.24914,39.35734,37.44329,31.40064,34.66987,32.75668,32.75668,30.23243,30.80584,24.20744,29.20616,27.01851,24.08319,27.01851,24.18677,24.20744,26.40076,12.08305,12.20656,13.60147,12.80625,15.52417,17.26268,15.29706,16.12452,19.64688,24.18677,20.0,32.38827,26.07681,31.57531,30.26549,38.83298,40.60788,44.38468,42.44997,50.28916,55.9017,48.38388,51.86521,59.05929,57.69749,65.79514,65.76473,66.64833,64.00781,66.7308,64.41273,67.23095,69.46222,72.00694,71.28113,70.45566,67.42403,77.20104,70.0,74.63243,74.63243,71.84706,75.16648,69.40461,68.26419,68.62215,68.41053,69.89278,68.60029,64.81512,68.60029,70.72482,73.78347,69.2026,66.24198,70.80254,64.63745
11.04536,11.04536,11.0,11.04536,10.0,10.0,10.0,10.0,10.04988,10.04988,10.04988,10.04988,10.04988,10.19804,10.19804,10.19804,10.19804,9.21954,10.19804,10.44031,10.19804,10.19804,9.21954,10.19804,10.19804,10.19804,10.04988,10.04988,10.04988,9.05539,9.05539,9.05539,9.0,9.0,8.0,8.0,8.06226,7.0,7.07107,7.07107,6.08276,6.08276,6.08276,6.08276,6.08276,5.09902,5.38516,5.09902,5.38516,4.47214,4.47214,4.47214,66.57327,61.84658,60.959,60.44005,63.78087,60.0,57.62812,58.0517,56.63921,53.00943,48.10405,50.24938,50.20956,47.42362,47.38143,50.32892,46.01087,50.60632,47.80167,51.0392,50.21952,46.40043,49.64877,45.65085,50.77401,44.65423,52.49762,49.67897,49.20366,46.75468,46.01087,47.42362,48.01042,48.41487,51.66237,48.10405,43.18565,43.13931,38.8973,38.41875,42.52058,37.80212,36.40055,40.0,35.0,27.20294,33.83785,31.241,25.23886,26.41969,21.93171,28.17801,24.59675,21.54066,19.69772,21.58703,17.88854,13.0,11.31371,8.60233,17.80449,13.0384,16.27882,14.31782,13.34166,20.12461,23.08679,23.25941,26.92582,31.01612,31.38471,34.88553,34.98571,42.15448,42.72002,41.67733,44.77723,53.0,55.97321,60.30755,59.4138,62.2254,63.12686,60.44005,62.96825,63.25346,65.19202,61.22091,68.24222,65.94695,69.2026,68.41053,68.8186,70.17834,70.72482,69.11584,70.29225,69.63476,73.81734,69.64194,70.45566,71.69379,75.16648,68.47627,66.0303,68.26419,64.66065,68.50547,65.45991,65.73431,61.85467,68.60029,68.88396,66.8431
11.18034,10.04988,10.04988,10.04988,9.05539,9.05539,9.05539,9.0,9.0,9.0,9.0,9.05539,9.05539,9.05539,9.05539,9.05539,9.05539,8.06226,9.21954,8.06226,9.05539,9.05539,8.06226,9.21954,9.05539,9.05539,9.0,9.0,9.0,8.0,8.0,8.06226,8.06226,7.07107,7.07107,7.07107,7.07107,6.08276,6.32456,6.32456,5.38516,5.38516,5.38516,5.38516,5.38516,4.47214,4.47214,5.0,5.0,4.24264,4.24264,4.24264,68.00735,70.45566,62.42596,65.0,62.26556,53.82379,61.85467,57.45433,61.61169,55.47071,54.20332,57.28001,51.85557,50.21952,56.0803,48.10405,59.66574,52.40229,48.79549,52.3259,54.03702,55.44367,47.43416,52.63079,45.34314,49.57822,56.63921,49.0408,53.03772,52.3259,53.90733,49.81967,55.31727,43.93177,48.60041,51.22499,46.40043,46.04346,44.65423,35.35534,42.48529,37.73592,35.8469,37.16181,32.89377,35.4683,29.41088,37.12142,28.6531,28.79236,28.44293,21.2132,28.86174,26.68333,23.19483,21.0,20.0,12.80625,9.21954,12.04159,8.06226,15.0,13.0,15.26434,14.31782,20.24846,19.64688,27.89265,24.33105,33.37664,32.28002,34.9285,37.0,41.76123,47.85394,40.24922,45.17743,46.95743,58.18075,59.36329,58.60034,56.85068,64.66065,60.20797,61.52235,65.79514,72.83543,67.20863,66.6033,67.94115,73.10951,75.43209,73.10951,71.40028,76.40026,71.40028,76.05919,72.94518,77.80103,73.78347,80.28076,71.34424,72.06941,71.56116,74.62573,72.40166,73.00685,65.45991,74.06079,69.63476,65.21503,64.2028,66.85058,75.60423
12.16553,12.16553,12.04159,11.18034,11.18034,11.04536,11.04536,10.04988,11.0,11.0,11.0,11.0,11.0,10.04988,10.04988,11.18034,10.19804,10.19804,10.04988,10.19804,10.04988,10.19804,11.04536,10.04988,10.04988,10.04988,10.04988,10.04988,10.04988,10.0,10.0,9.0,9.0,9.0,9.05539,9.05539,8.06226,8.06226,7.07107,7.07107,7.07107,7.28011,7.28011,6.32456,6.32456,6.32456,6.32456,5.38516,5.38516,5.38516,5.0,5.0,70.93659,68.24222,69.42622,65.43699,61.52235,56.56854,56.56854,54.03702,56.72742,53.75872,50.32892,48.9183,50.47772,49.20366,57.38467,50.60632,51.86521,54.08327,48.60041,48.37355,54.23099,50.11986,51.62364,52.83938,50.24938,52.83938,53.53504,52.35456,54.91812,47.16991,46.14109,50.60632,47.80167,50.47772,48.8774,47.63402,43.41659,46.87217,42.0119,36.61967,43.13931,36.12478,39.69887,36.79674,30.4795,37.48333,36.23534,31.241,29.20616,30.41381,24.41311,23.34524,23.85372,25.6125,22.80351,23.70654,16.49242,10.0,10.81665,9.43398,8.94427,13.45362,16.64332,12.04159,15.0,18.02776,20.24846,24.69818,27.65863,30.36445,31.01612,33.10589,37.0,40.49691,41.6173,44.10215,48.75449,47.63402,60.21628,58.69412,62.20129,64.3506,64.53681,63.70243,65.06919,69.42622,68.62215,65.19202,78.1025,80.28076,71.8401,77.62087,70.60453,67.20863,76.40026,75.71658,80.44874,73.81734,76.48529,75.21303,79.20227,68.00735,77.38863,73.81734,68.8186,71.02816,70.80254,69.2026,70.80254,67.80118,63.41136,68.24222,72.8011,69.42622
12.36932,12.36932,11.40175,11.40175,10.44031,11.18034,10.19804,10.19804,10.19804,10.04988,10.04988,10.04988,10.04988,10.04988,10.04988,10.0,11.0,10.0,10.0,10.0,10.0,10.0,10.0,10.0,10.0,10.0,10.0,10.04988,10.04988,10.04988,9.05539,9.05539,9.05539,9.05539,9.21954,8.24621,8.24621,8.24621,7.28011,7.28011,7.28011,7.61577,6.32456,6.7082,6.32456,5.83095,5.83095,5.83095,5.83095,5.0,5.0,5.0,62.76942,64.88451,65.74192,60.0,63.63175,57.14018,59.16925,62.42596,53.0,50.80354,52.43091,50.80354,52.63079,54.40588,47.20169,48.79549,48.16638,48.10405,50.93133,50.9902,46.8615,52.3259,53.03772,47.38143,52.40229,48.79549,48.79549,51.66237,51.66237,55.15433,47.38143,48.79549,47.01064,48.41487,45.25483,44.94441,41.10961,40.80441,42.63801,36.35932,36.23534,37.01351,33.10589,36.24914,30.80584,31.95309,35.35534,25.07987,24.69818,30.88689,28.86174,26.92582,25.4951,24.16609,23.08679,24.33105,21.09502,8.60233,13.60147,19.41649,16.15549,16.40122,13.15295,10.77033,10.63015,22.2036,17.49286,23.70654,32.31099,28.17801,28.6531,38.07887,37.12142,44.01136,37.20215,48.02083,53.2635,51.61395,60.80296,45.25483,61.6198,66.6033,58.89822,63.03174,61.7171,69.52697,66.24198,58.66856,64.63745,71.21798,68.60029,79.40403,72.67049,72.20111,75.66373,68.26419,72.20111,72.06941,75.16648,74.30343,74.70609,74.24284,64.00781,70.23532,74.79305,63.95311,73.24616,69.35416,68.60029,69.64194,65.19202,70.71068,70.72482,72.47068
12.04159,10.63015,11.40175,10.63015,10.63015,10.63015,10.0,10.0,9.43398,9.43398,10.0,9.43398,9.43398,9.43398,8.94427,10.29563,9.84886,9.84886,9.84886,9.84886,9.84886,9.84886,10.29563,9.84886,10.29563,10.29563,10.29563,10.29563,9.43398,9.43398,8.60233,8.60233,8.60233,8.60233,7.81025,7.81025,7.81025,7.07107,7.07107,7.07107,6.40312,6.40312,5.65685,5.65685,5.65685,5.0,5.0,5.0,5.0,4.47214,4.47214,3.16228,67.05222,64.93843,61.81424,65.30697,65.96969,57.72348,55.54278,56.51548,50.21952,59.68249,50.48762,55.22681,51.35173,45.09989,48.16638,54.00926,48.01042,50.03998,48.25971,53.15073,51.35173,52.0,53.15073,47.26521,46.04346,53.08484,49.16299,52.34501,48.04165,51.0098,48.6621,52.23983,43.10452,49.0,48.09366,44.10215,42.0,41.4367,43.18565,42.19005,37.12142,37.21559,37.36308,33.24154,32.98485,31.32092,29.73214,28.4605,32.28002,25.94224,22.84732,22.47221,24.69818,24.20744,21.63331,22.80351,22.67157,11.18034,12.36932,11.04536,12.16553,12.0,16.49242,13.15295,15.0333,19.92486,20.59126,25.0,26.92582,28.86174,29.83287,36.68787,33.37664,39.11521,41.4367,43.93177,48.09366,53.60037,52.34501,59.03389,56.0,64.49806,56.0357,59.84146,66.75328,59.68249,70.40597,60.63827,68.24954,61.98387,65.96969,73.37575,71.47027,69.92138,71.56815,66.21933,74.63243,74.94665,72.27724,76.53757,71.8401,70.0928,65.80274,63.89053,65.0,71.7844,63.24555,66.40783,68.15424,75.18643,62.96825,65.73431,65.25335,74.1485
10.63015,9.89949,9.89949,9.21954,9.21954,9.21954,8.60233,8.60233,8.60233,8.06226,8.06226,8.94427,8.94427,8.94427,8.94427,8.94427,8.544,8.544,8.544,8.544,8.94427,8.544,8.544,8.544,8.94427,8.544,8.544,8.06226,8.94427,8.06226,8.06226,8.06226,7.2111,7.2111,7.2111,7.2111,7.2111,6.40312,6.40312,6.40312,5.65685,5.65685,5.0,4.24264,4.24264,4.24264,4.24264,3.60555,3.60555,3.60555,3.60555,3.16228,72.8011,69.857,71.56815,63.32456,64.93843,59.22837,59.20304,59.22837,58.03447,54.91812,51.0392,50.24938,59.03389,55.00909,50.08992,53.15073,57.21888,51.08816,55.3263,44.01136,51.0392,49.25444,52.95281,53.33854,50.48762,54.00926,50.9902,50.35871,48.50773,48.37355,46.17359,51.35173,49.09175,46.01087,51.0,48.0,48.01042,44.01136,41.10961,40.0125,43.0,39.62323,37.05401,39.20459,34.1321,39.11521,31.04835,36.05551,26.4764,24.16609,26.01922,26.4764,25.0,25.29822,22.36068,21.09502,21.40093,11.40175,12.04159,9.84886,8.24621,10.19804,11.40175,14.03567,11.0,19.23538,24.35159,20.61553,23.32381,29.61419,31.40064,38.83298,36.12478,35.12834,37.21559,47.26521,54.00926,52.23983,55.22681,50.15974,58.21512,60.40695,61.81424,61.18823,64.32729,65.96969,65.52099,66.48308,66.21933,69.92138,71.16881,69.57011,68.96376,66.40783,70.5195,76.89603,77.88453,78.54935,74.0,74.84651,77.07788,66.40783,79.71198,65.45991,70.93659,69.42622,70.83078,71.16881,66.21933,72.53275,64.56005,70.5195,72.8011,68.593
12.64911,11.7047,11.7047,11.7047,11.7047,10.77033,11.18034,10.29563,10.29563,10.29563,10.29563,10.81665,10.81665,10.29563,10.81665,10.81665,10.0,10.0,10.63015,10.0,10.81665,11.40175,10.0,10.81665,10.81665,10.81665,10.81665,10.81665,10.29563,9.43398,10.29563,9.43398,9.43398,8.94427,8.94427,8.94427,8.544,8.544,7.61577,7.61577,7.28011,7.28011,7.28011,6.32456,6.32456,6.32456,6.08276,6.08276,5.09902,5.09902,5.0,5.0,67.41662,67.1193,63.81222,61.40033,64.81512,62.68174,61.58734,54.91812,56.0803,58.60034,57.14018,54.12024,48.8774,50.56679,52.3259,53.31041,48.8774,50.28916,54.40588,51.86521,51.86521,44.77723,50.80354,50.69517,50.32892,49.39636,44.64303,50.69517,49.39636,48.38388,49.76947,49.65884,41.59327,45.48626,49.73932,43.38202,41.14608,45.17743,38.07887,41.18252,39.40812,36.61967,40.49691,36.61967,36.12478,29.73214,33.24154,30.23243,31.38471,25.4951,26.62705,22.80351,26.24881,23.32381,23.02173,20.12461,20.12461,13.89244,13.0384,8.94427,8.06226,16.15549,7.28011,16.12452,19.23538,20.61553,23.76973,24.18677,23.02173,28.01785,34.0147,36.0,37.0,43.01163,44.28318,46.52956,47.26521,49.49747,56.88585,56.04463,63.06346,61.03278,61.46544,62.39391,66.64833,67.08204,67.08204,65.0,71.11962,68.60029,69.11584,73.57309,72.56032,69.11584,73.23933,74.09453,78.54935,73.60027,67.1193,76.6942,75.16648,73.4983,72.67049,72.42237,68.24222,71.40028,70.17834,66.85058,68.24222,70.93659,67.6757,70.0,69.31811,69.11584
10.63015,10.63015,10.0,10.63015,10.0,10.0,10.0,9.21954,8.60233,9.43398,9.43398,9.43398,8.94427,8.94427,8.94427,8.94427,8.94427,8.94427,8.544,8.544,8.94427,8.94427,8.94427,8.544,8.94427,8.94427,8.94427,8.94427,8.94427,8.06226,8.06226,8.60233,8.60233,7.81025,7.81025,7.81025,7.07107,7.07107,7.07107,7.07107,6.40312,6.40312,6.40312,5.0,5.0,5.0,4.47214,4.47214,4.47214,4.47214,4.12311,4.12311,59.5399,69.63476,62.00806,61.20457,62.20129,63.07139,59.4138,52.03845,54.00926,55.03635,54.00926,56.0803,48.04165,50.01,45.04442,52.46904,51.78803,48.37355,50.01,50.63596,50.01,52.61179,46.87217,49.47727,48.37355,49.81967,52.46904,47.29693,50.01,48.50773,47.07441,49.25444,42.10701,46.0,47.0,40.11234,40.04997,41.04875,40.04997,40.0125,39.62323,37.05401,33.54102,35.22783,32.38827,30.08322,30.36445,28.63564,28.28427,25.70992,22.36068,28.16026,22.82542,23.70654,23.25941,21.47091,20.59126,11.18034,8.24621,11.0,9.84886,13.0,12.52996,11.40175,17.49286,18.86796,20.0,22.02272,28.01785,28.42534,33.12099,29.68164,38.07887,39.82462,39.92493,38.27532,47.43416,51.07837,48.76474,55.7315,53.93515,59.68249,60.82763,62.1289,67.0,68.0,63.12686,70.00714,66.06815,64.03124,67.26812,68.35934,73.5527,74.24284,73.24616,74.06079,74.16873,74.1485,78.40918,71.70077,68.46897,67.89698,77.23341,67.89698,67.60178,65.73431,72.36712,65.37584,69.46222,69.46222,72.44308,65.27634,67.00746,63.28507
12.16553,11.18034,11.40175,11.18034,11.18034,10.19804,10.44031,10.44031,10.44031,9.48683,9.48683,10.77033,9.48683,9.48683,9.48683,9.84886,9.84886,9.84886,8.94427,9.84886,9.84886,9.84886,9.84886,9.84886,9.84886,9.84886,9.84886,9.48683,9.48683,9.48683,8.544,9.21954,8.24621,8.24621,8.24621,8.06226,8.06226,7.07107,7.07107,7.0,7.0,7.0,7.0,6.0,6.0,6.0,6.0,6.08276,5.09902,5.09902,5.38516,5.38516,63.25346,63.12686,71.61006,69.02898,60.80296,61.07373,56.85948,60.60528,55.44367,56.61272,57.80138,55.47071,55.9017,47.41308,51.88449,52.7731,51.0,51.07837,51.0,47.42362,59.13544,49.73932,52.92447,48.46648,49.24429,52.92447,49.65884,52.20153,50.15974,54.23099,50.15974,49.73932,45.18849,53.7122,45.65085,48.01042,48.02083,45.22168,44.10215,40.81666,41.04875,39.05125,38.27532,39.59798,37.53665,32.52691,36.12478,26.90725,36.06938,25.80698,25.0,25.80698,24.18677,19.20937,25.45584,22.36068,20.61553,9.21954,9.84886,8.60233,10.0,8.94427,12.16553,12.08305,15.29706,20.09975,18.11077,25.07987,24.02082,31.01612,29.42788,36.67424,32.55764,40.79216,41.23106,46.84015,49.1935,48.8467,49.64877,56.64804,60.00833,61.7414,62.16912,68.09552,73.06162,64.07027,69.40461,64.2028,76.02631,74.8131,72.62231,75.0,73.0,66.70832,74.51845,72.47068,73.40981,77.62087,73.40981,78.64477,68.76772,74.95332,69.42622,72.83543,73.0,68.68042,65.19202,65.94695,68.8186,75.60423,65.60488,71.06335,74.41102,70.0928
10.77033,9.84886,9.84886,9.84886,9.84886,8.94427,8.94427,8.94427,8.94427,8.06226,8.06226,8.60233,8.60233,8.60233,8.60233,8.60233,8.60233,7.81025,8.60233,8.60233,8.60233,9.21954,8.60233,8.60233,8.60233,8.60233,8.60233,8.60233,8.06226,8.06226,8.06226,8.06226,7.61577,6.7082,6.7082,6.7082,6.32456,6.32456,6.32456,6.32456,5.09902,5.09902,5.09902,5.09902,5.09902,4.0,4.0,4.0,4.0,4.12311,4.12311,4.12311,63.56886,65.79514,62.64184,59.80803,66.09841,60.00833,58.5235,57.56735,56.61272,53.48832,52.63079,55.65968,60.01666,54.74486,56.7186,52.39275,49.09175,54.91812,54.33231,57.31492,52.08647,50.24938,52.0,53.03772,54.03702,57.07889,51.78803,56.56854,53.00943,51.47815,46.69047,46.87217,51.97115,46.52956,44.55334,42.95346,42.57934,43.56604,39.45884,36.67424,39.21734,36.71512,40.71855,36.68787,34.9285,28.23119,37.16181,28.30194,24.16609,26.83282,23.70654,23.70654,22.47221,24.20744,24.04163,20.0,22.47221,9.21954,6.40312,10.44031,10.04988,13.0384,13.0,14.86607,15.23155,16.12452,22.36068,23.02173,26.24881,30.67572,30.41381,28.07134,34.52535,39.81206,39.01282,42.29657,43.04649,53.23533,55.03635,55.14526,58.69412,59.68249,61.84658,57.28001,64.13267,67.18631,64.28841,69.26038,66.76077,67.05222,64.56005,74.33034,69.92138,72.11103,71.17584,66.30988,74.84651,70.93659,73.38937,67.54258,74.67262,70.21396,65.30697,64.84597,65.0,69.857,69.57011,69.35416,64.88451,67.1193,71.30919,65.9242,70.88018,69.46222
10.77033,10.77033,10.77033,10.44031,10.77033,9.48683,9.84886,8.94427,8.94427,8.94427,8.94427,9.43398,9.43398,9.43398,8.60233,9.21954,8.60233,9.21954,9.21954,9.21954,9.21954,9.21954,9.21954,9.21954,10.0,8.60233,8.60233,9.43398,8.60233,8.60233,8.06226,8.06226,8.06226,7.61577,6.7082,7.61577,6.7082,6.32456,6.32456,6.32456,6.32456,5.38516,6.32456,5.09902,5.09902,5.09902,5.09902,5.09902,4.0,4.0,4.0,4.12311,71.84706,67.95587,66.37017,64.88451,67.42403,58.24946,60.53924,59.94164,52.15362,53.25411,47.42362,53.66563,48.70318,53.66563,53.31041,53.31041,55.9464,54.70832,51.86521,49.33559,50.96077,49.0408,52.63079,52.0,48.05206,47.43416,53.85165,49.0408,46.8188,51.5461,47.53946,51.89412,44.77723,50.56679,43.38202,44.72136,43.56604,44.77723,42.15448,37.44329,45.48626,32.20248,36.89173,39.96248,35.60899,28.84441,31.89044,32.64966,29.83287,25.4951,26.07681,24.75884,21.40093,25.80698,24.83948,20.59126,24.04163,9.21954,8.94427,13.89244,11.0,11.04536,18.02776,12.04159,10.44031,16.12452,16.12452,19.0,22.56103,28.79236,29.27456,31.0,35.12834,39.05125,45.39824,49.0408,47.01064,51.47815,56.32051,54.81788,56.08921,57.27128,58.5235,62.24147,63.56099,64.62198,69.35416,65.30697,71.11962,68.44706,71.55418,71.55418,63.52952,69.46222,70.17834,71.19691,71.58911,76.27582,68.7968,69.89278,70.0,66.85058,70.71068,71.61006,67.74216,70.66116,68.26419,71.02112,67.47592,67.20119,65.8635,63.13478,66.7308,69.31811
11.7047,10.77033,10.44031,10.44031,10.44031,10.44031,10.19804,10.19804,10.19804,10.19804,10.19804,10.04988,10.04988,10.04988,10.04988,10.04988,10.04988,10.04988,10.0,10.0,10.0,10.0,10.04988,10.0,10.04988,10.04988,9.05539,9.05539,10.04988,9.05539,9.05539,9.05539,9.21954,8.24621,8.24621,7.28011,7.28011,7.28011,7.28011,7.28011,6.32456,6.32456,6.32456,5.38516,5.38516,5.38516,5.38516,4.47214,4.47214,4.47214,5.0,4.24264,70.77429,64.19502,69.64194,66.48308,70.21396,63.32456,62.29767,59.61543,60.92618,59.03389,59.05929,52.15362,55.9464,55.75841,55.9017,56.0803,55.9017,50.80354,48.9183,51.86521,58.89822,56.30275,53.75872,49.81967,52.20153,52.49762,55.75841,53.60037,50.24938,51.31277,51.0392,53.25411,52.35456,44.94441,47.70744,46.95743,46.51881,39.44617,44.94441,43.82921,39.0,38.8973,40.49691,37.36308,35.51056,35.44009,33.95585,31.04835,29.12044,27.45906,25.31798,26.1725,27.07397,25.07987,24.02082,21.09502,22.36068,14.21267,10.77033,13.45362,14.76482,14.21267,12.72792,19.23538,17.80449,20.80865,20.0,24.41311,28.84441,27.73085,34.71311,33.83785,35.80503,38.8973,44.68781,50.24938,50.91169,46.01087,58.79626,57.42822,55.75841,62.76942,66.57327,67.74216,63.63175,66.30988,72.00694,66.21178,71.11259,71.55418,67.23095,73.00685,77.16217,71.69379,71.86793,75.02666,75.96052,75.58439,77.49194,75.0,77.62087,73.05477,79.70571,72.44998,68.00735,72.73239,71.51224,75.39231,70.00714,74.0,67.06713,69.07966,72.8011,75.58439
11.18034,11.18034,10.19804,10.19804,9.05539,10.04988,9.05539,9.05539,9.05539,9.0,9.0,9.05539,9.05539,9.0,9.0,9.05539,9.05539,9.05539,9.05539,9.05539,9.05539,9.05539,9.05539,9.05539,9.05539,9.05539,9.0,9.0,9.0,8.0,8.06226,8.06226,8.06226,7.07107,7.07107,7.07107,7.07107,6.08276,6.32456,6.32456,5.38516,5.38516,5.38516,5.38516,5.38516,4.47214,4.47214,3.60555,3.60555,3.60555,3.60555,2.82843,67.08204,62.76942,68.0,66.24198,64.84597,60.53924,63.81222,60.53924,51.62364,57.42822,48.01042,55.31727,49.09175,52.00961,52.63079,50.32892,54.20332,53.90733,48.9183,50.32892,57.38467,50.32892,55.15433,48.10405,48.10405,53.07542,48.79549,53.2635,52.40229,46.09772,49.0408,46.69047,52.00961,49.81967,44.82187,45.65085,49.24429,42.19005,44.65423,43.82921,39.96248,42.05948,37.21559,38.27532,32.89377,33.10589,30.80584,32.69557,32.28002,25.0,30.08322,25.63201,23.34524,22.80351,25.17936,21.37756,21.37756,10.63015,10.63015,10.63015,10.77033,12.20656,16.55295,10.77033,18.97367,15.81139,20.12461,22.13594,21.93171,32.31099,31.95309,31.38471,32.44996,38.48376,41.62932,44.29447,50.80354,53.25411,59.40539,54.81788,55.22681,62.93648,64.03124,60.959,67.35726,58.00862,73.40981,66.21933,71.02816,68.7968,70.72482,73.00685,65.19202,69.11584,72.71864,69.46222,75.80237,73.82412,74.62573,74.24284,71.11259,69.97142,63.50591,64.88451,70.23532,67.54258,65.0,68.50547,67.41662,72.56032,56.85948,70.71068,74.43118,62.42596
11.40175,11.40175,10.63015,10.0,10.63015,10.63015,9.89949,9.89949,9.89949,9.21954,9.89949,9.21954,9.21954,9.21954,10.0,10.0,10.0,10.0,9.43398,9.43398,9.43398,9.43398,10.0,9.43398,10.0,10.0,10.0,9.21954,9.21954,9.21954,9.21954,8.60233,8.48528,7.81025,8.48528,7.07107,7.81025,7.81025,6.40312,6.40312,6.40312,6.40312,5.65685,5.0,5.0,5.0,5.0,4.47214,4.47214,4.47214,4.47214,4.12311,61.98387,65.79514,64.19502,60.08328,59.9333,64.07808,52.81098,62.36185,52.80152,50.01,56.04463,53.36666,57.87055,49.72927,55.7315,52.34501,52.95281,51.24451,50.21952,54.33231,57.00877,52.17279,49.09175,49.16299,52.34501,50.21952,52.46904,49.49747,48.83646,53.33854,52.95281,51.97115,47.51842,46.57252,46.09772,44.38468,40.26164,40.5216,40.49691,41.78516,39.92493,39.96248,34.17601,36.89173,33.83785,35.35534,32.20248,26.83282,28.30194,30.88689,27.20294,23.43075,25.80698,26.87006,23.34524,22.62742,19.84943,14.56022,15.0,10.04988,15.0333,14.14214,13.15295,13.15295,15.52417,18.02776,17.88854,22.82542,23.4094,32.31099,36.05551,34.23449,37.36308,45.60702,41.19466,46.09772,44.55334,48.37355,56.22277,55.00909,59.00847,60.13319,64.12488,64.28063,65.9242,61.39218,69.857,66.70832,69.92138,65.80274,67.44627,74.04053,72.8011,70.5195,71.16881,72.42237,75.58439,77.62087,71.7844,75.89466,71.86793,72.8011,70.77429,69.28925,71.51224,74.67262,66.30988,66.85058,70.5762,72.12489,65.45991,72.42237,67.72001,65.19202
10.77033,10.77033,10.44031,10.44031,9.48683,9.48683,9.48683,9.21954,9.21954,8.06226,9.21954,9.05539,9.05539,9.05539,9.05539,9.05539,9.05539,8.06226,9.0,9.05539,9.05539,9.05539,9.05539,9.0,9.05539,9.05539,9.05539,9.05539,9.05539,8.24621,8.24621,8.24621,8.24621,7.28011,7.28011,7.28011,6.7082,6.7082,6.7082,6.7082,5.83095,5.83095,5.83095,5.0,5.0,5.0,5.0,4.24264,4.24264,4.24264,5.0,4.47214,65.25335,65.29931,69.857,62.93648,62.64982,66.48308,56.85948,55.71355,53.7122,55.03635,49.39636,51.47815,54.12024,48.02083,47.88528,47.01064,46.2277,45.80393,53.75872,52.00961,53.8145,49.49747,52.40229,50.60632,45.34314,46.09772,49.0408,53.03772,53.41348,53.2635,45.22168,53.25411,44.94441,47.01064,44.41846,44.65423,46.64762,40.22437,41.59327,41.62932,37.16181,37.69615,35.34119,38.47077,34.0,30.08322,30.08322,29.12044,23.5372,25.0,21.18962,29.27456,21.0,19.41649,21.0,20.0,22.09072,15.0333,11.04536,9.05539,11.6619,8.06226,10.0,14.21267,15.0,15.26434,19.20937,24.20744,26.62705,27.78489,35.0,35.51056,36.06938,42.52058,42.42641,42.44997,43.60046,45.60702,54.03702,51.61395,54.08327,61.58734,60.03332,62.76942,61.32699,61.7171,62.17717,66.48308,69.64194,66.7308,69.89278,72.73239,69.92138,63.24555,75.96052,69.57011,73.73602,76.53757,68.70953,73.76313,72.42237,69.64194,66.21933,70.61161,68.44706,69.12308,65.9242,62.36185,75.02666,67.35726,66.21178,69.64194,63.69458,73.53911
11.18034,10.77033,9.84886,10.77033,9.84886,9.84886,9.48683,8.544,8.544,8.24621,9.48683,9.21954,9.21954,9.05539,9.21954,9.05539,9.05539,9.05539,9.05539,9.05539,9.05539,9.05539,8.24621,9.05539,9.21954,9.05539,9.21954,8.24621,9.21954,8.24621,8.544,8.24621,8.24621,7.61577,7.61577,6.7082,6.7082,6.7082,5.83095,6.7082,5.83095,5.83095,5.83095,5.0,5.0,5.0,5.0,4.24264,4.24264,5.0,4.47214,4.47214,64.4748,61.7414,67.60178,64.88451,67.53518,63.07139,57.45433,61.46544,50.60632,56.79789,55.75841,54.20332,50.47772,49.09175,53.82379,57.48913,55.60576,46.40043,53.74012,53.07542,54.48853,55.86591,58.13777,53.15073,51.62364,48.41487,50.32892,50.9902,53.8145,49.51767,52.63079,54.08327,46.40043,46.75468,43.41659,40.60788,46.04346,43.26662,50.24938,44.72136,41.18252,42.15448,35.77709,38.47077,29.61419,36.13862,29.27456,27.45906,25.07987,30.59412,23.5372,30.08322,24.5153,24.08319,23.19483,25.07987,21.0,8.60233,8.60233,9.21954,9.21954,10.0,12.64911,13.60147,21.0238,18.38478,23.5372,25.07987,26.92582,28.16026,37.33631,34.48188,40.71855,38.91015,42.2019,45.65085,48.25971,52.20153,54.81788,62.36986,62.96825,63.70243,65.06919,63.25346,73.0,65.80274,72.47068,67.1193,71.40028,70.49113,68.09552,76.32169,73.57309,72.00694,69.64194,69.46222,74.43118,72.00694,74.70609,74.30343,74.32362,75.6439,81.00617,72.00694,70.77429,68.88396,70.26379,71.58911,74.30343,70.3278,69.31811,70.49113,76.05919,68.42514
11.18034,11.18034,11.18034,11.18034,11.18034,9.84886,9.84886,10.44031,9.84886,9.48683,9.48683,10.44031,9.48683,9.48683,9.48683,10.19804,10.19804,9.21954,10.19804,10.19804,10.19804,10.19804,9.21954,10.19804,10.44031,10.44031,9.48683,9.48683,9.48683,9.48683,8.544,8.544,8.94427,8.544,8.94427,8.06226,8.06226,7.2111,7.2111,7.2111,7.2111,7.2111,6.40312,6.40312,6.40312,5.65685,5.65685,5.65685,5.65685,5.65685,5.0,5.0,63.07139,69.26038,69.06519,58.07753,65.19202,58.13777,62.07254,63.12686,51.24451,53.60037,55.31727,52.39275,51.41984,47.07441,49.0306,47.07441,49.0408,50.96077,47.29693,48.46648,51.26402,51.62364,48.76474,49.0408,48.08326,51.66237,48.50773,49.76947,50.21952,46.17359,45.12206,50.01,46.69047,46.69047,45.60702,47.16991,46.38965,45.70558,47.26521,39.31921,30.41381,37.0,33.13608,39.45884,32.0,30.06659,29.61419,30.0,28.07134,21.2132,24.33105,25.4951,23.76973,21.84033,24.35159,21.63331,20.59126,14.31782,12.08305,13.60147,12.64911,13.92839,11.40175,12.80625,12.52996,17.49286,19.20937,20.24846,24.69818,31.14482,30.23243,34.0,37.53665,44.65423,39.40812,44.40721,44.77723,50.9902,52.80152,56.64804,56.30275,60.16644,63.06346,63.32456,65.0,67.89698,69.37579,64.93843,70.71068,70.34913,68.73136,74.67262,71.19691,71.25307,70.34913,73.06162,72.1734,70.17834,74.24284,68.11755,76.00658,73.0,67.60178,67.36468,65.19202,75.32596,68.0,70.06426,72.56032,73.33485,66.18912,72.33948,70.85901,74.0
13.0384,11.6619,12.20656,11.6619,10.81665,10.81665,10.81665,10.63015,10.63015,10.63015,10.63015,10.63015,10.63015,11.31371,10.63015,10.63015,10.63015,10.63015,10.63015,10.63015,10.63015,11.31371,10.63015,10.63015,11.31371,10.63015,10.63015,10.63015,10.63015,9.89949,9.21954,9.21954,9.21954,9.21954,8.60233,8.60233,8.60233,8.60233,8.06226,7.2111,7.2111,6.7082,6.7082,6.7082,6.7082,6.32456,6.32456,5.38516,5.38516,5.09902,5.09902,5.09902,70.68239,64.40497,68.35203,62.03225,65.78754,62.6099,56.64804,61.98387,61.46544,53.45091,56.921,56.75385,55.44367,52.95281,49.98,49.36598,56.32051,54.23099,56.22277,46.52956,54.23099,54.45181,53.03772,47.04253,54.00926,58.21512,48.0,55.00909,54.0,46.0,53.75872,53.23533,51.24451,54.23099,42.75512,49.81967,42.2019,43.56604,44.55334,39.29377,34.71311,39.29377,38.48376,38.83298,41.59327,33.95585,31.30495,29.06888,31.38471,26.92582,23.85372,27.73085,24.18677,25.45584,20.51828,21.93171,22.80351,14.86607,15.65248,12.64911,13.41641,14.14214,15.29706,12.36932,15.0333,20.22375,23.08679,24.18677,27.01851,31.62278,39.56008,38.01316,34.05877,42.19005,46.01087,46.0,52.00961,59.00847,61.52235,56.22277,66.75328,63.15061,66.70832,65.51336,67.44627,67.35726,73.08215,69.64194,76.53757,70.77429,75.02666,75.02666,74.67262,72.01389,73.3553,77.25283,79.47956,79.60528,67.53518,76.55717,74.73286,75.15318,78.29432,68.70953,70.21396,74.09453,65.39113,70.77429,73.92564,68.942,65.74192,74.24958,76.89603,71.47027
10.81665,10.29563,10.29563,10.81665,9.43398,9.43398,8.94427,8.94427,8.94427,8.544,8.544,8.544,8.544,8.544,8.544,9.21954,9.21954,9.21954,9.21954,9.21954,9.21954,9.21954,9.21954,9.21954,9.48683,9.21954,9.21954,8.544,8.544,8.544,7.61577,8.544,7.61577,7.61577,7.61577,7.2111,6.7082,5.83095,6.40312,5.83095,5.83095,5.83095,5.0,5.0,5.0,5.0,4.24264,4.24264,4.24264,3.60555,3.60555,3.16228,68.593,70.71068,67.08204,61.29437,62.16912,58.13777,58.21512,56.00893,53.15073,54.00926,55.00909,53.15073,56.14268,51.24451,49.0,46.69047,52.34501,54.91812,58.42089,50.63596,49.64877,49.47727,51.1957,52.46904,49.24429,54.74486,48.83646,52.17279,51.47815,51.97115,50.21952,51.1957,49.16299,50.08992,47.26521,46.17359,45.27693,42.10701,41.01219,39.05125,38.11824,39.05125,40.1995,39.31921,38.32754,29.83287,27.29469,33.24154,24.73863,29.83287,28.44293,26.68333,25.4951,24.35159,20.61553,22.47221,22.47221,10.19804,11.0,10.19804,11.18034,7.0,10.77033,14.14214,13.45362,20.59126,23.32381,23.70654,26.41969,28.84441,28.63564,33.12099,38.27532,39.21734,43.32436,50.32892,51.66237,49.0408,55.36244,50.80354,57.55867,60.20797,62.64982,62.00806,68.26419,68.06614,63.12686,61.07373,69.26038,66.27217,69.18092,73.33485,70.17834,71.17584,70.03571,75.66373,75.32596,72.83543,69.58448,71.02112,74.8131,67.89698,66.27217,71.80529,67.36468,68.73136,71.19691,71.84706,73.43705,72.1734,62.514,64.13267,72.24957,71.44928
11.7047,11.7047,11.7047,11.7047,10.77033,10.77033,10.77033,9.84886,10.77033,10.29563,10.29563,10.29563,10.29563,10.81665,10.29563,10.81665,10.0,9.43398,10.0,10.81665,10.81665,10.81665,10.29563,10.81665,10.81665,10.29563,10.29563,10.29563,10.29563,10.29563,8.94427,8.94427,8.94427,8.544,8.544,8.544,8.544,7.28011,7.28011,7.28011,7.28011,6.32456,7.28011,6.08276,6.08276,6.08276,6.0,5.0,5.0,5.0,5.0,4.12311,67.6757,65.29931,72.11103,64.81512,63.24555,62.42596,60.00833,61.29437,55.75841,58.30952,50.60632,59.48109,51.89412,47.92703,51.89412,52.20153,53.75872,50.96077,54.78138,51.86521,53.16014,51.24451,50.21952,52.17279,50.69517,53.16014,47.80167,55.10898,48.10405,51.92302,48.70318,50.44799,50.69517,49.64877,45.31004,42.95346,45.17743,46.52956,45.61798,42.54409,35.8469,37.20215,38.27532,36.67424,37.80212,30.23243,32.52691,31.06445,29.0,29.20616,30.41381,24.04163,19.10497,24.20744,22.67157,26.07681,24.18677,7.81025,19.23538,12.08305,18.97367,11.7047,17.11724,13.92839,19.20937,12.36932,27.01851,20.22375,26.30589,34.0147,34.23449,31.14482,38.11824,39.11521,38.32754,52.0,61.98387,43.08132,49.64877,61.40033,55.4617,62.0967,57.24509,59.05929,66.12866,67.41662,67.1193,60.74537,81.8352,69.33974,72.06941,76.27582,83.21658,71.19691,75.45197,71.86793,80.70936,75.47185,72.20111,78.40918,79.05694,70.17834,69.63476,74.65253,70.83784,69.33974,69.06519,70.45566,69.63476,71.40028,68.8186,70.3278,78.60025,76.32169
11.7047,10.44031,10.77033,10.44031,10.44031,9.48683,9.84886,9.84886,8.94427,8.94427,8.94427,9.43398,9.43398,9.43398,9.43398,9.21954,8.60233,8.60233,9.21954,9.43398,9.43398,10.0,8.60233,10.0,10.0,8.60233,9.43398,9.43398,9.43398,8.60233,8.06226,8.06226,8.06226,7.61577,7.61577,7.61577,7.61577,6.32456,6.32456,6.32456,6.32456,6.08276,6.08276,5.09902,5.09902,5.09902,5.0,4.0,4.0,4.0,4.12311,4.12311,70.3278,64.40497,68.44706,65.39113,63.06346,60.37384,57.93962,61.09828,59.23681,56.30275,52.92447,50.96077,54.78138,47.43416,54.40588,51.1957,52.88667,54.74486,52.61179,53.46027,52.15362,49.81967,54.00926,54.33231,46.87217,51.1957,50.69517,57.31492,45.70558,52.7731,49.0408,46.8188,50.32892,47.80167,51.5461,45.31004,44.27189,44.27189,42.72002,40.31129,41.14608,37.44329,37.12142,37.44329,34.9285,34.1321,28.6007,34.48188,26.40076,25.4951,31.40064,23.02173,29.0,20.0,27.45906,22.47221,21.47091,9.21954,9.43398,10.19804,12.04159,9.48683,12.16553,16.03122,16.27882,18.97367,20.61553,24.08319,27.20294,30.08322,30.59412,37.33631,40.0125,42.29657,42.10701,45.27693,46.01087,52.03845,52.15362,60.13319,59.3043,62.16912,60.67125,62.16912,67.46851,69.05071,65.96969,60.16644,68.00735,68.62215,66.48308,75.96052,70.38466,72.23573,73.53911,74.84651,76.55717,68.0,77.83315,75.6439,74.73286,72.44998,80.05623,73.1642,67.97794,70.00714,67.1193,69.31811,68.8767,68.96376,69.77822,73.92564,75.58439,76.94154
11.0,10.04988,10.04988,10.04988,9.05539,9.05539,9.05539,9.21954,9.21954,8.24621,9.21954,9.21954,8.24621,8.544,8.544,9.84886,9.84886,8.544,8.544,8.544,8.544,9.48683,8.544,8.544,9.48683,9.48683,9.48683,8.24621,8.24621,8.24621,8.24621,8.24621,7.28011,7.07107,7.07107,7.07107,7.07107,6.0,6.0,6.0,6.0,6.0,5.0,5.0,5.0,5.09902,4.12311,4.12311,4.12311,4.12311,3.16228,3.16228,68.24222,67.53518,70.80254,65.0,63.25346,67.00746,62.20129,60.0,59.46427,55.86591,52.3259,53.74012,53.03772,55.22681,52.34501,55.21775,55.9017,55.47071,46.2277,56.0357,56.30275,53.60037,55.60576,53.60037,48.82622,53.25411,53.25411,58.41233,53.75872,56.0803,47.50789,51.08816,49.67897,48.79549,49.20366,48.83646,45.27693,38.8973,45.34314,45.96738,45.0,34.65545,39.05125,35.4683,36.23534,33.24154,33.12099,32.20248,33.83785,29.52965,28.84441,26.92582,28.17801,27.73085,26.40076,28.79236,22.36068,8.06226,14.21267,13.41641,15.0,13.92839,15.81139,11.18034,17.0,21.47091,17.49286,23.70654,25.31798,29.15476,35.4683,39.81206,37.58989,39.81206,44.65423,48.8467,50.21952,52.20153,55.60576,58.41233,61.07373,60.10824,63.65532,62.2254,70.83784,66.06815,73.81734,70.17834,73.87828,72.67049,73.4983,73.00685,74.63243,75.71658,76.05919,74.88658,77.10383,72.71864,75.45197,77.10383,79.17702,73.43024,65.73431,66.03787,69.6563,69.06519,68.09552,66.28725,72.91776,72.42237,67.20119,72.40166,68.09552,69.2026
10.44031,9.48683,9.84886,9.84886,9.48683,8.544,8.544,8.94427,8.94427,8.94427,8.94427,8.06226,8.60233,8.60233,8.60233,8.60233,8.60233,8.60233,8.60233,8.60233,8.60233,8.60233,8.60233,8.60233,8.60233,8.60233,8.60233,8.06226,8.06226,8.06226,8.06226,8.06226,7.61577,7.61577,7.61577,6.7082,6.32456,6.32456,6.32456,6.08276,5.09902,5.09902,5.09902,5.09902,5.09902,5.09902,4.0,4.0,4.0,4.0,4.12311,4.12311,74.24958,69.857,72.73239,68.54196,60.00833,63.15853,61.26989,58.66856,56.36488,59.13544,52.55473,55.36244,54.08327,49.64877,48.38388,53.15073,56.7186,52.46904,61.40033,49.0306,55.9017,54.58938,56.56854,55.9017,52.15362,56.29387,48.50773,58.42089,52.46904,52.46904,53.36666,54.81788,52.95281,50.0,44.38468,48.08326,47.07441,45.88028,47.12749,40.71855,36.67424,35.8469,34.9285,37.57659,37.57659,34.48188,32.69557,29.41088,31.241,30.41381,29.68164,24.75884,24.75884,17.69181,19.79899,21.26029,26.07681,10.19804,7.2111,8.24621,13.34166,11.18034,14.03567,13.0384,17.46425,17.72005,19.69772,25.96151,29.41088,27.20294,36.49658,35.17101,32.24903,42.29657,42.0119,50.01,47.01064,46.04346,59.03389,54.33231,55.57877,63.95311,62.96825,67.91171,68.41053,61.98387,69.26038,61.68468,71.16881,72.23573,71.17584,69.64194,69.857,68.00735,70.77429,73.00685,73.00685,77.82031,69.857,74.68601,74.73286,72.40166,72.49828,74.24284,68.42514,72.94518,69.35416,71.55418,71.17584,75.17978,65.79514,74.46476,74.84651,74.24284
11.0,11.0,10.0,10.0,10.04988,10.04988,9.05539,9.05539,9.05539,9.21954,9.21954,9.21954,9.21954,9.21954,9.21954,9.48683,9.48683,9.48683,9.48683,9.48683,9.48683,9.48683,9.48683,8.544,9.48683,9.48683,9.48683,8.544,8.24621,9.21954,8.24621,8.24621,8.24621,7.07107,8.06226,7.07107,7.07107,7.07107,6.0,6.08276,6.0,6.0,6.0,5.0,5.0,5.0,5.0,4.12311,4.12311,4.12311,4.12311,3.16228,65.94695,62.36986,64.2028,63.60031,61.22091,63.65532,63.03174,61.22091,55.22681,60.20797,50.24938,50.20956,51.73973,47.63402,49.09175,46.40043,56.40035,52.00961,50.0,53.53504,54.3783,51.0,51.31277,48.8774,53.82379,48.01042,55.47071,53.53504,52.20153,48.02083,45.0,54.91812,52.49762,43.27817,46.09772,45.34314,48.10405,40.36087,43.13931,41.40048,44.59821,42.44997,40.45986,38.8973,33.97058,31.241,34.48188,32.64966,34.82815,26.62705,27.78489,25.05993,23.76973,21.47091,23.76973,21.93171,20.39608,11.6619,7.61577,9.43398,10.63015,14.21267,19.31321,13.34166,20.22375,20.02498,23.76973,18.02776,28.63564,32.28002,31.32092,31.57531,39.21734,40.16217,43.08132,47.75982,46.51881,49.64877,54.626,55.56978,59.40539,62.482,63.24555,61.61169,64.40497,63.65532,68.60029,64.66065,68.0147,72.18033,68.62215,76.48529,67.88225,66.48308,72.86288,69.52697,71.50524,75.0733,74.24958,75.16648,78.87332,68.88396,77.07788,68.593,65.8559,67.26812,70.83784,65.43699,65.94695,68.0147,69.35416,70.17834,72.12489,70.17834
11.40175,10.44031,10.77033,10.44031,10.77033,9.84886,9.84886,9.84886,9.84886,8.94427,9.84886,9.43398,9.43398,9.43398,9.43398,10.0,10.0,10.0,9.21954,9.21954,9.43398,10.0,10.0,9.43398,9.43398,9.43398,9.43398,9.43398,8.06226,8.94427,8.06226,8.06226,8.06226,7.61577,7.61577,7.61577,7.28011,6.32456,5.38516,6.32456,6.32456,6.08276,6.08276,5.09902,5.09902,5.09902,5.09902,4.0,4.0,4.0,4.0,4.12311,68.47627,73.00685,72.73239,62.96825,65.79514,64.2573,55.9464,60.41523,57.00877,54.23099,53.75872,51.92302,51.26402,47.80167,52.95281,53.15073,57.27128,48.05206,47.12749,51.35173,55.7315,48.37355,50.63596,51.97115,47.29693,50.80354,55.7853,47.51842,49.72927,54.58938,49.64877,49.72927,46.84015,44.92215,46.48656,45.54119,44.94441,41.23106,44.77723,42.95346,39.82462,42.19005,36.35932,39.39543,34.48188,36.24914,31.14482,27.01851,32.80244,29.41088,26.1725,25.6125,27.58623,25.6125,21.93171,24.04163,22.82542,13.15295,13.15295,12.04159,15.0,14.31782,15.13275,18.38478,18.68154,22.02272,22.80351,25.07987,26.57066,27.51363,34.71311,32.28002,41.7732,46.8188,43.73786,40.26164,49.16299,54.0,53.46027,53.15073,59.03389,63.1981,63.12686,64.28063,63.63961,64.03124,68.06614,65.49046,72.78049,69.92138,68.88396,73.68175,70.88018,74.2159,69.26038,70.88018,71.30919,72.12489,73.37575,70.5195,73.38937,68.942,70.88018,74.46476,70.5195,65.25335,71.58911,68.15424,69.37579,71.7844,64.19502,68.96376,69.28925,72.8011
11.7047,11.7047,10.77033,10.77033,10.77033,9.84886,9.84886,9.84886,10.29563,10.29563,10.29563,9.43398,10.29563,10.29563,10.29563,10.0,9.43398,10.0,10.0,10.0,10.0,10.0,9.43398,10.0,10.29563,9.43398,9.43398,10.29563,10.29563,8.94427,8.94427,8.94427,8.94427,8.544,8.544,8.544,7.28011,7.28011,7.28011,7.28011,7.28011,6.08276,6.08276,6.08276,6.08276,6.08276,5.09902,5.0,5.0,5.0,5.0,4.12311,68.47627,66.85058,67.60178,62.26556,63.24555,59.20304,56.79789,65.19202,55.75841,48.25971,53.23533,50.08992,48.37355,54.23099,50.08992,54.42426,51.07837,53.45091,48.8467,47.75982,51.92302,47.16991,52.49762,52.39275,49.76947,49.33559,49.39636,49.72927,50.15974,49.64877,48.08326,51.26402,52.92447,48.10405,44.29447,41.23106,44.28318,46.87217,44.65423,38.83298,41.34005,32.80244,37.80212,34.98571,34.20526,32.20248,27.65863,29.06888,24.83948,23.60085,25.23886,22.62742,21.93171,24.41311,26.40076,20.61553,25.29822,10.0,13.89244,12.36932,11.18034,14.03567,15.29706,15.29706,15.52417,16.12452,24.18677,21.09502,24.18677,32.55764,31.01612,36.05551,39.11521,44.0,39.31921,47.01064,48.25971,52.34501,56.4358,57.97413,60.44005,61.68468,62.64184,62.39391,64.2573,63.97656,71.30919,67.06713,74.24958,65.8635,67.1193,72.20111,69.89278,65.8635,70.3278,72.71864,74.79305,77.89737,70.21396,75.16648,75.29276,70.43437,68.60029,64.66065,70.60453,65.80274,67.62396,71.19691,68.47627,73.43024,64.3506,72.89719,72.71864,69.97142
11.6619,11.18034,11.18034,10.29563,10.29563,10.29563,9.84886,9.84886,9.84886,9.48683,9.48683,9.48683,9.48683,9.21954,9.21954,9.21954,9.21954,9.21954,9.21954,9.21954,9.21954,9.21954,9.48683,9.21954,9.21954,9.48683,9.48683,9.21954,9.48683,8.544,8.544,8.544,8.544,7.61577,7.61577,7.2111,7.2111,7.2111,7.2111,6.40312,6.40312,6.40312,6.40312,5.65685,5.65685,5.65685,5.0,5.0,5.0,5.0,4.47214,4.47214,69.77105,62.17717,65.51336,63.52952,62.16912,57.69749,55.9464,55.00909,56.0803,55.00909,56.82429,55.0,50.21952,53.60037,50.0,50.44799,51.73973,47.50789,48.10405,48.83646,53.8145,49.20366,53.74012,48.83646,50.93133,50.93133,52.63079,51.62364,49.20366,53.15073,49.67897,53.53504,42.43819,49.40648,49.20366,47.01064,40.70626,41.34005,40.70626,38.94868,38.94868,42.05948,38.47077,35.8469,31.76476,33.54102,32.38827,31.62278,29.73214,22.36068,24.69818,21.37756,25.31798,23.08679,23.5372,24.0,22.09072,6.08276,7.07107,8.48528,10.81665,12.80625,12.80625,14.21267,13.41641,21.09502,19.69772,23.25941,25.29822,27.51363,27.85678,33.28663,37.73592,43.04649,42.63801,42.43819,46.09772,48.27007,49.51767,55.17246,58.69412,59.66574,57.48913,62.80127,63.00794,65.60488,67.1193,67.74216,68.26419,68.0,66.18912,67.74216,68.54196,68.88396,73.57309,71.11962,69.83552,67.62396,71.58911,75.58439,72.44998,68.15424,66.37017,65.0,66.70832,67.1193,72.49828,64.4748,67.1193,66.18912,64.66065,62.6099,68.88396,66.85058
12.20656,12.20656,11.6619,12.20656,11.6619,10.81665,10.29563,10.29563,11.18034,10.29563,10.77033,10.77033,10.77033,10.77033,10.77033,10.44031,10.44031,10.44031,10.44031,10.44031,10.44031,10.44031,10.44031,10.44031,10.44031,10.44031,10.44031,10.77033,10.77033,9.48683,9.84886,9.84886,8.94427,8.94427,8.94427,8.94427,8.94427,8.06226,8.06226,7.2111,7.2111,7.2111,7.2111,6.40312,6.40312,6.40312,6.40312,5.65685,5.65685,5.65685,5.0,5.0,65.11528,70.88018,66.4906,65.51336,61.03278,57.87055,60.74537,61.03278,55.97321,56.61272,49.33559,51.07837,47.53946,52.55473,45.65085,45.22168,53.85165,52.7731,51.31277,49.20366,51.40039,46.87217,51.0392,51.40039,53.85165,50.47772,49.40648,46.32494,54.40588,53.82379,48.60041,46.04346,52.47857,49.73932,42.72002,43.56604,43.82921,41.14608,40.70626,39.66106,37.16181,33.83785,38.07887,33.95585,33.83785,29.73214,28.63564,32.57299,27.16616,23.08679,29.15476,26.30589,23.5372,21.37756,20.02498,21.0,22.36068,12.36932,8.06226,15.0,13.15295,13.92839,12.36932,13.92839,16.64332,18.43909,19.69772,17.49286,27.01851,30.61046,30.61046,34.4093,38.27532,41.10961,41.88078,47.20169,50.77401,53.22593,55.00909,58.69412,56.46238,59.80803,64.07808,61.84658,67.35726,65.52099,69.64194,67.89698,70.03571,70.40597,71.56815,74.96666,69.05071,70.40597,71.02112,73.68175,74.73286,74.43118,72.56032,74.67262,73.43705,70.21396,71.30919,64.13267,69.05071,68.24954,65.62012,66.75328,64.56005,68.44706,68.88396,77.20104,72.27724,71.38627
12.20656,12.52996,11.6619,11.6619,11.6619,11.18034,11.18034,10.77033,11.18034,10.77033,10.77033,10.77033,10.77033,10.44031,10.44031,10.44031,10.44031,10.19804,10.44031,10.44031,10.44031,10.44031,10.44031,10.19804,10.44031,10.44031,10.44031,9.84886,10.44031,9.48683,9.84886,9.84886,9.84886,8.94427,8.94427,8.94427,8.94427,8.06226,8.06226,7.2111,7.2111,7.2111,6.40312,7.2111,6.40312,6.40312,6.40312,5.65685,5.65685,5.0,5.0,5.0,67.26812,67.08204,65.12296,61.66036,66.06815,60.01666,60.29925,59.21149,51.24451,53.46027,50.08992,52.08647,53.00943,47.38143,48.01042,49.47727,53.15073,49.49747,50.63596,45.12206,52.7731,48.27007,49.81967,51.24451,46.09772,50.48762,44.72136,49.72927,50.15974,47.07441,49.49747,46.52956,43.56604,48.83646,48.01042,44.04543,41.04875,42.10701,42.0,39.01282,41.04875,31.0,38.0,36.01389,38.20995,36.01389,32.98485,36.49658,27.45906,25.4951,22.80351,27.20294,24.04163,23.25941,20.61553,18.60108,20.12461,10.44031,13.60147,10.0,12.36932,17.26268,12.0,12.20656,13.60147,20.24846,18.97367,21.2132,23.25941,29.68164,32.64966,35.4683,36.87818,42.37924,42.44997,47.85394,47.85394,49.0306,58.13777,57.42822,64.00781,62.00806,66.0303,67.06713,70.06426,68.46897,71.70077,62.39391,67.89698,68.73136,71.80529,74.1485,71.84706,66.4906,72.00694,70.21396,75.28612,78.26238,72.83543,75.31268,78.1025,72.69113,66.91039,68.46897,70.03571,72.18033,69.72087,64.7611,61.81424,68.88396,65.12296,67.89698,68.26419,71.17584
12.20656,12.20656,10.63015,11.40175,10.63015,11.40175,10.63015,10.63015,9.89949,9.89949,9.89949,9.89949,9.21954,9.21954,10.0,10.0,10.63015,9.21954,10.0,10.0,10.0,10.0,9.21954,10.0,10.0,9.89949,9.89949,9.21954,9.89949,8.48528,9.21954,8.48528,9.21954,8.48528,8.60233,7.81025,7.2111,7.2111,7.2111,7.2111,5.83095,5.83095,5.83095,5.83095,5.38516,5.38516,5.38516,5.38516,4.12311,4.12311,4.12311,4.0,67.91171,70.60453,65.30697,69.12308,64.7611,62.96825,51.86521,56.51548,50.44799,55.9017,57.70615,51.0098,55.44367,51.24451,49.36598,56.0,47.38143,52.00961,49.16299,54.0,52.08647,48.09366,51.62364,51.0392,46.69047,52.23983,53.60037,49.0,52.15362,54.08327,51.15662,51.0098,46.09772,45.01111,47.0,44.01136,42.0119,42.0,41.19466,44.72136,40.5216,40.02499,36.34556,37.85499,40.79216,37.65634,29.73214,28.79236,29.41088,28.16026,27.85678,24.35159,26.07681,19.23538,26.40076,23.02173,19.41649,14.86607,18.02776,11.04536,15.0333,14.31782,11.0,15.29706,16.27882,14.56022,18.02776,28.4605,26.92582,31.38471,31.04835,35.12834,36.22154,41.19466,42.10701,44.40721,49.49747,49.0408,54.23099,55.03635,58.13777,59.21149,64.19502,65.62012,64.62971,67.26812,65.9242,66.76077,69.64194,68.88396,65.96969,69.12308,71.30919,69.92138,73.37575,68.94926,72.42237,71.16881,70.88018,72.42237,67.06713,73.24616,71.19691,68.00735,73.1642,71.56815,63.15853,64.56005,73.08215,63.89053,65.96969,63.56099,68.73136,67.26812
11.18034,11.18034,10.29563,11.18034,10.29563,9.43398,9.43398,9.43398,8.60233,8.60233,9.21954,9.21954,9.21954,9.21954,9.21954,9.21954,9.21954,8.48528,9.89949,8.48528,9.21954,9.89949,8.48528,9.21954,9.89949,9.89949,9.21954,9.21954,9.21954,7.81025,8.60233,8.60233,8.60233,8.06226,8.06226,7.2111,7.2111,6.7082,6.7082,6.7082,5.38516,5.38516,5.38516,5.38516,5.09902,5.09902,5.09902,5.09902,4.12311,4.0,4.0,4.0,63.07139,69.83552,69.35416,56.93856,67.08204,62.17717,62.39391,63.28507,55.03635,52.80152,52.0,54.58938,57.00877,47.67599,48.76474,48.70318,51.66237,52.39275,52.39275,47.29693,50.44799,48.05206,51.62364,50.44799,50.80354,54.34151,52.17279,53.60037,53.60037,50.9902,51.62364,48.05206,49.47727,47.29693,40.02499,44.27189,42.95346,40.8534,45.54119,35.73514,38.48376,39.35734,43.26662,40.81666,33.6006,32.75668,28.42534,32.80244,25.55386,24.75884,25.23886,26.0,21.93171,28.3196,22.36068,23.43075,23.32381,14.31782,11.7047,13.15295,9.48683,13.0,15.0,13.34166,14.31782,16.0,21.37756,22.36068,24.33105,28.44293,32.14032,32.01562,36.05551,40.0,42.04759,43.01163,49.0408,45.17743,55.9017,53.85165,56.32051,59.90826,63.56099,58.5235,63.32456,68.30813,68.62215,63.69458,64.84597,68.02941,68.96376,66.30988,69.31811,68.60029,68.47627,71.69379,76.94154,72.06941,72.00694,70.83078,78.77182,71.28113,70.66116,70.45566,65.51336,75.16648,68.96376,65.0,66.64833,68.96376,64.88451,77.82031,72.47068,70.5762
10.77033,10.77033,10.77033,10.77033,9.84886,9.84886,8.94427,8.94427,8.94427,8.94427,8.94427,9.43398,9.43398,8.60233,9.43398,9.43398,8.60233,8.60233,8.60233,8.60233,8.60233,9.43398,8.60233,8.60233,9.43398,8.60233,9.43398,9.43398,8.94427,8.06226,7.61577,7.61577,7.61577,7.61577,7.61577,7.28011,7.28011,7.28011,6.08276,6.08276,6.08276,6.08276,6.08276,5.09902,5.0,4.0,5.0,5.0,4.0,4.12311,4.12311,3.16228,67.77905,65.76473,73.73602,57.93962,64.88451,64.40497,53.14132,58.5235,54.23099,56.61272,55.02727,54.12024,53.45091,50.01,49.47727,54.74486,53.75872,52.34501,53.60037,48.50773,57.42822,47.09565,57.14018,48.01042,53.33854,56.7186,52.39275,54.45181,50.15974,57.55867,52.95281,56.04463,45.12206,55.08176,41.23106,53.85165,51.24451,42.04759,46.48656,43.86342,40.31129,35.77709,45.27693,38.01316,40.49691,30.52868,30.41381,28.63564,29.52965,27.45906,28.01785,21.40093,25.4951,21.26029,24.75884,26.1725,17.80449,11.40175,9.48683,6.0,10.0,13.15295,16.12452,17.72005,18.43909,20.61553,17.72005,21.84033,23.25941,31.38471,39.84972,34.71311,34.20526,42.95346,39.45884,45.89118,51.47815,51.35173,52.15362,56.0357,65.03076,62.80127,64.62971,65.9242,71.30919,61.61169,70.34202,58.18935,75.43209,70.83784,76.92204,71.47027,71.86793,72.8011,70.5762,73.73602,73.4983,78.43469,68.942,75.39231,68.62215,75.76939,65.78754,68.15424,68.62215,72.23573,70.93659,71.7844,68.30813,73.38937,64.84597,70.2282,74.0,66.40783
12.04159,12.04159,12.04159,11.04536,11.04536,11.04536,10.19804,10.19804,11.18034,10.19804,10.19804,10.44031,10.19804,10.44031,10.44031,10.77033,10.77033,10.44031,9.48683,9.48683,10.44031,10.77033,10.44031,9.48683,10.44031,10.44031,10.44031,10.19804,9.21954,10.19804,9.21954,9.21954,9.21954,9.05539,9.05539,8.06226,8.0,8.0,8.0,7.0,7.07107,7.0,7.07107,6.08276,6.08276,6.08276,6.32456,5.09902,5.38516,5.38516,5.38516,4.47214,74.33034,61.40033,71.44928,60.10824,65.8559,64.38167,53.07542,61.7171,52.34501,55.9017,49.49747,53.82379,48.10405,44.68781,53.60037,51.10773,53.33854,52.83938,57.14018,52.35456,58.13777,47.42362,59.48109,48.8774,47.01064,49.92995,52.3259,50.60632,52.47857,50.53712,56.4358,51.47815,43.41659,53.85165,47.50789,44.68781,45.27693,44.20407,44.68781,41.23106,37.64306,29.83287,37.48333,38.18377,36.76955,26.90725,30.61046,31.14482,31.06445,33.6006,27.65863,22.82542,22.47221,24.16609,23.60085,17.88854,19.92486,13.45362,9.21954,12.20656,9.21954,13.41641,13.41641,14.42221,15.26434,17.02939,16.76305,26.0,23.19483,26.57066,32.28002,37.0,35.8469,41.4367,40.49691,43.82921,49.64877,57.45433,60.53924,54.58938,57.14018,61.84658,64.89992,63.89053,70.29225,65.06919,72.24957,63.03174,75.69016,69.6563,70.03571,74.41102,74.33034,67.89698,72.13876,71.06335,75.0733,73.87828,70.93659,81.46779,76.05919,73.66139,72.18033,70.29225,70.60453,75.0733,66.4003,66.4003,68.76772,75.66373,65.11528,71.50524,74.20243,71.44928
11.0,11.0,11.0,10.0,10.04988,10.0,9.05539,9.05539,9.21954,9.21954,9.21954,9.21954,9.21954,9.21954,8.24621,9.48683,9.48683,9.48683,8.544,9.48683,9.48683,9.48683,9.48683,9.48683,9.48683,9.48683,9.21954,9.21954,8.24621,9.21954,8.06226,8.06226,8.06226,7.07107,8.06226,7.07107,7.0,7.0,7.0,6.0,6.0,6.0,6.0,5.09902,5.09902,5.09902,5.09902,4.12311,4.12311,3.16228,3.60555,3.60555,68.68042,64.3506,70.76722,62.93648,58.0517,60.20797,56.63921,60.1415,53.03772,57.62812,56.72742,52.63079,56.40035,50.20956,56.0357,48.54894,51.86521,49.40648,51.73973,50.9902,56.4358,49.65884,50.11986,50.08992,50.11986,48.02083,49.73932,53.66563,54.6443,51.47815,46.40043,51.86521,47.70744,51.61395,44.10215,46.09772,46.61545,42.80187,47.50789,42.0119,37.64306,40.31129,36.61967,37.80212,36.79674,30.4795,30.23243,26.87006,27.20294,22.80351,27.65863,27.29469,28.01785,24.18677,27.29469,23.76973,21.84033,10.63015,12.04159,10.0,13.0384,15.13275,15.65248,14.86607,18.68154,18.97367,18.38478,26.1725,24.04163,29.42788,29.73214,31.95309,39.05125,45.60702,38.07887,46.61545,46.17359,51.07837,55.9464,56.36488,59.16925,64.66065,57.45433,65.43699,65.80274,67.47592,70.03571,63.78087,74.33034,72.86288,65.06919,70.00714,70.71068,68.68042,75.0733,70.93659,72.24957,74.41102,68.11755,74.33034,71.58911,78.24321,70.83784,72.24957,73.53911,68.62215,65.19202,65.79514,65.79514,70.71068,65.43699,72.86288,72.83543,69.81404
12.36932,11.40175,12.64911,11.40175,11.7047,10.44031,10.77033,10.77033,10.77033,11.18034,10.77033,10.29563,10.29563,10.29563,10.29563,10.81665,10.81665,10.81665,10.81665,10.81665,10.81665,10.81665,10.81665,10.81665,10.81665,10.29563,10.29563,10.29563,10.29563,9.84886,9.84886,9.84886,9.84886,8.544,8.544,8.544,8.544,8.24621,7.28011,7.28011,7.28011,7.28011,7.07107,6.08276,6.08276,6.08276,6.08276,6.08276,6.0,5.0,5.0,5.09902,65.45991,67.42403,60.80296,65.0,66.57327,59.03389,56.82429,58.60034,53.66563,56.0357,51.47815,50.56679,46.84015,50.15974,47.75982,51.86521,52.0,50.44799,48.46648,54.57105,50.69517,48.08326,43.93177,49.64877,53.60037,49.47727,52.39275,52.95281,51.24451,49.33559,44.92215,49.0408,49.98,46.48656,44.38468,43.86342,49.33559,44.59821,42.95346,36.76955,39.56008,37.69615,38.07887,34.4093,35.51056,38.07887,28.3196,28.42534,23.85372,25.6125,28.01785,24.83948,22.02272,28.3196,23.34524,19.79899,25.0,11.40175,14.86607,9.21954,11.40175,12.08305,17.0,13.60147,17.08801,19.0,21.09502,21.2132,31.0,31.01612,33.37664,34.1321,38.32754,44.91102,42.05948,44.55334,49.24429,53.85165,52.49762,58.87274,58.82176,60.41523,65.0,65.0,62.26556,67.1193,64.88451,68.26419,66.85058,73.23933,71.28113,71.86793,70.0,73.00685,78.00641,73.60027,71.61006,72.20111,75.47185,75.45197,75.0,72.47068,67.20119,68.62215,72.20111,67.1193,71.02816,69.64194,70.45566,65.45991,65.43699,77.93587,66.64833,68.88396
12.64911,11.7047,11.7047,11.7047,11.7047,10.77033,10.77033,10.77033,10.77033,11.18034,10.29563,10.29563,10.29563,10.29563,10.29563,10.81665,10.81665,10.81665,10.81665,10.81665,10.29563,10.81665,10.81665,10.81665,11.18034,10.81665,10.29563,11.18034,10.29563,10.29563,9.84886,9.84886,9.84886,8.94427,8.544,8.544,8.24621,8.24621,8.24621,7.28011,7.28011,7.07107,7.07107,6.08276,6.08276,6.08276,6.0,6.0,6.0,5.0,5.09902,5.09902,58.83026,67.95587,66.18912,64.89992,67.1193,55.07268,61.58734,63.69458,54.12947,56.79789,52.39275,53.7122,52.92447,50.32892,51.07837,47.75982,51.5461,49.81967,51.41984,47.53946,50.21952,53.15073,48.27007,51.1957,54.34151,50.69517,49.0306,51.47815,56.32051,48.76474,49.47727,52.49762,49.76947,47.53946,45.69464,46.23851,46.23851,48.10405,43.46263,37.16181,34.53983,34.98571,40.31129,33.54102,32.44996,30.23243,27.45906,31.62278,28.30194,25.4951,26.90725,24.75884,25.4951,25.4951,25.23886,21.93171,21.47091,13.41641,15.52417,8.06226,11.0,11.0,12.04159,13.15295,18.0,20.02498,25.31798,23.02173,28.0,27.29469,33.06055,34.23449,37.01351,44.10215,41.04875,46.0,53.08484,53.60037,54.33231,55.08176,60.20797,63.06346,65.25335,64.19502,65.29931,63.32456,69.07966,65.19202,69.46222,73.40981,68.02941,70.66116,68.942,68.0,72.00694,72.89719,73.53911,73.34848,68.09552,77.02597,72.47068,76.15773,67.95587,69.83552,67.97794,67.1193,65.51336,72.56032,72.56032,65.76473,65.76473,69.35416,76.55717,75.39231
10.63015,9.89949,10.63015,9.89949,9.89949,9.89949,9.21954,9.21954,9.21954,9.21954,9.21954,9.21954,8.60233,8.60233,8.60233,9.43398,8.94427,9.43398,8.94427,8.94427,8.60233,9.43398,9.43398,9.43398,8.60233,8.60233,8.06226,8.60233,8.60233,8.60233,7.81025,7.81025,7.81025,7.81025,7.81025,7.07107,7.07107,6.40312,6.40312,6.40312,6.40312,5.0,5.83095,5.0,4.47214,4.47214,4.47214,4.47214,4.12311,4.12311,4.12311,3.0,68.15424,67.72001,69.37579,58.54912,61.18823,55.7853,59.22837,62.36986,52.39275,48.50773,54.08327,51.5461,54.42426,50.08992,45.31004,51.47815,52.81098,47.53946,51.42956,46.14109,51.10773,53.7122,53.33854,55.07268,54.12024,48.75449,51.89412,56.35601,53.7122,51.47815,48.10405,50.11986,52.81098,46.09772,49.65884,47.01064,42.95346,42.15448,47.12749,39.56008,36.13862,43.01163,38.32754,37.10795,36.13862,31.40064,32.01562,33.73426,23.34524,28.44293,28.0,27.16616,20.0,25.31798,24.18677,21.0238,21.18962,6.40312,10.77033,8.06226,15.6205,10.63015,10.63015,14.86607,16.64332,16.40122,18.86796,24.08319,24.20744,27.65863,32.01562,31.241,36.61967,41.7732,41.40048,48.82622,45.48626,49.64877,59.05929,53.22593,61.7414,62.96825,65.0,61.35145,61.46544,67.44627,69.89278,63.78871,72.78049,63.06346,72.36712,68.88396,68.88396,66.70832,75.13322,72.69113,71.02112,75.66373,71.84706,66.61081,78.44743,69.05071,70.34913,68.46897,68.88396,71.58911,72.83543,70.85901,68.593,65.37584,63.78871,71.38627,74.46476,72.8011
12.0,12.0,11.04536,12.0,11.04536,11.04536,11.04536,10.04988,10.19804,10.19804,10.19804,10.19804,10.44031,10.44031,10.44031,10.44031,10.77033,10.44031,10.77033,10.44031,10.44031,10.77033,10.44031,10.77033,10.77033,10.44031,10.44031,10.44031,10.44031,9.48683,10.19804,9.21954,10.19804,9.21954,9.05539,8.06226,8.06226,8.06226,8.06226,8.06226,7.0,7.0,7.0,6.0,6.0,6.0,6.0,6.0,5.09902,5.09902,4.12311,4.12311,68.8186,71.44928,63.63961,63.41136,59.20304,58.25805,55.15433,58.0,54.45181,53.41348,54.48853,53.74012,51.66237,51.0392,52.34501,49.81967,54.67175,47.63402,48.54894,52.43091,45.79301,51.40039,50.77401,54.08327,49.73932,51.97115,46.8615,54.12947,47.16991,51.61395,52.00961,49.67897,50.44799,44.82187,48.16638,46.01087,48.10405,44.59821,43.18565,40.60788,44.40721,34.71311,39.20459,35.0,34.20526,30.0,30.88689,28.28427,28.84441,24.41311,21.0238,27.85678,23.76973,25.07987,23.08679,24.73863,22.0,12.72792,17.49286,17.0,13.89244,12.52996,13.15295,15.81139,18.43909,17.11724,21.0238,19.41649,27.20294,27.45906,36.68787,34.48188,38.8973,38.01316,45.88028,40.8534,50.56679,45.17743,53.66563,55.07268,63.28507,64.63745,58.24946,62.482,68.62215,63.41136,66.70832,68.68042,73.75636,67.17887,70.17834,72.83543,70.83784,70.93659,77.7946,72.12489,74.24958,70.60453,72.86288,73.75636,74.96666,73.75636,69.6563,73.81734,72.8011,72.83543,66.48308,67.88225,67.17887,68.00735,69.6563,67.17887,68.76772,74.24958
10.19804,10.19804,10.04988,10.04988,10.04988,9.05539,9.05539,9.05539,9.05539,9.0,9.0,9.05539,9.05539,9.05539,8.06226,9.05539,9.05539,8.06226,9.21954,9.21954,9.05539,9.05539,9.05539,8.24621,9.21954,9.05539,8.06226,9.05539,9.05539,8.0,8.0,8.0,8.0,8.0,7.07107,7.07107,7.07107,6.08276,6.08276,6.08276,5.38516,6.08276,5.09902,5.09902,5.38516,4.47214,4.47214,4.47214,4.47214,4.47214,3.60555,4.24264,56.22277,63.25346,63.78087,61.22091,64.2028,62.80127,54.45181,59.5483,54.56189,55.9017,53.74012,54.56189,46.8615,53.15073,49.20366,50.80354,46.87217,50.24938,45.79301,50.77401,49.09175,48.02083,47.85394,51.62364,45.80393,51.31277,47.50789,47.41308,50.47772,49.40648,44.94441,48.01042,43.82921,52.20153,48.01042,41.23106,41.03657,41.23106,41.03657,43.60046,39.05125,38.8973,36.12478,37.20215,33.42155,34.05877,29.41088,28.6007,28.01785,26.62705,26.92582,22.36068,21.93171,23.76973,21.47091,24.69818,22.56103,10.29563,14.21267,12.52996,12.04159,13.45362,14.86607,9.89949,17.88854,18.78829,21.58703,19.41649,26.4764,29.83287,37.0,34.78505,35.34119,38.60052,39.81206,44.59821,44.10215,47.01064,50.21952,54.81788,57.42822,60.20797,59.46427,61.84658,65.76473,62.28965,65.79514,62.93648,65.8559,67.47592,69.06519,67.00746,69.06519,70.0,71.58911,67.94115,71.40028,68.24222,72.62231,68.50547,70.83784,67.41662,76.94154,74.30343,70.60453,66.4003,65.29931,63.41136,64.66065,70.21396,65.29931,65.76473,71.42129,62.2254
10.81665,10.81665,10.29563,10.29563,9.43398,9.43398,8.94427,8.94427,8.94427,8.544,8.94427,9.48683,8.544,8.544,8.544,9.21954,9.21954,9.21954,9.21954,8.24621,9.48683,9.48683,9.21954,9.21954,9.48683,9.21954,9.48683,8.544,8.544,8.544,7.61577,8.06226,8.06226,8.06226,7.2111,7.2111,7.2111,6.40312,6.40312,5.83095,5.65685,5.65685,5.65685,5.0,4.24264,4.24264,5.0,4.24264,3.60555,3.60555,3.60555,3.16228,69.18092,64.28841,67.74216,62.03225,64.13267,63.34824,59.66574,60.41523,54.81788,54.57105,55.36244,56.921,52.55473,50.92151,53.31041,55.15433,56.64804,49.39636,52.47857,45.65085,51.88449,48.76474,55.47071,53.7122,53.0,50.9902,50.60632,56.0803,50.9902,50.32892,50.56679,50.08992,52.39275,51.89412,44.28318,50.59644,48.30114,46.17359,41.4367,44.91102,42.95346,41.7732,38.63936,40.26164,32.98485,29.61419,30.14963,30.59412,26.07681,29.01724,25.0,27.07397,24.02082,23.19483,28.28427,26.4764,20.88061,11.7047,10.77033,11.18034,12.36932,13.0,12.52996,11.6619,19.10497,19.84943,21.93171,27.20294,25.45584,31.82766,31.89044,34.82815,37.48333,47.38143,45.0,50.21952,49.64877,57.14018,52.47857,53.7122,61.7171,60.08328,62.16912,62.64184,66.85058,65.78754,69.28925,66.76077,72.78049,70.34202,70.40597,73.82412,68.65858,69.37579,76.40026,70.03571,74.52516,76.11833,67.47592,72.99315,78.8543,72.56032,69.42622,68.65858,72.56721,72.18033,74.1485,71.58911,65.76473,67.89698,64.13267,73.43705,73.75636,73.24616
12.20656,12.20656,12.80625,12.20656,11.40175,11.40175,10.63015,10.63015,10.63015,10.63015,10.63015,10.63015,10.63015,10.63015,10.63015,10.63015,10.0,10.0,10.81665,10.0,10.63015,11.40175,10.0,10.63015,10.63015,10.63015,10.63015,10.63015,10.63015,10.63015,9.89949,9.89949,9.89949,9.21954,9.21954,9.21954,8.60233,7.81025,7.81025,7.2111,7.2111,7.2111,7.2111,5.83095,6.7082,5.83095,5.83095,5.83095,5.38516,5.38516,5.38516,5.09902,60.63827,59.90826,65.9242,54.12024,56.88585,59.22837,57.27128,64.32729,53.33854,57.07013,52.7731,48.6621,51.78803,52.15362,52.34501,50.08992,50.03998,53.03772,51.08816,47.01064,52.08647,42.10701,51.62364,49.0102,49.0408,55.22681,45.09989,53.15073,46.09772,48.04165,47.01064,58.03447,47.09565,48.01042,38.0,44.55334,44.04543,44.18144,45.89118,37.12142,36.87818,37.33631,36.67424,32.28002,29.41088,31.32092,28.16026,34.20526,31.04835,28.4605,25.63201,27.73085,23.76973,23.76973,15.81139,20.51828,21.40093,11.40175,14.56022,13.34166,11.04536,13.0384,16.27882,15.52417,14.42221,20.61553,19.92486,23.4094,26.83282,32.89377,36.40055,36.67424,34.9285,40.02499,40.60788,50.21952,48.50773,56.0357,55.3263,55.00909,61.07373,57.14018,65.06919,66.27217,65.76473,65.06919,72.1734,61.0,72.36712,69.05071,71.44928,74.73286,68.24954,70.61161,66.94027,70.83078,75.70997,80.28076,72.27724,70.34202,74.52516,73.24616,73.37575,71.47027,66.4906,72.53275,64.2573,71.02112,64.13267,71.30919,63.15061,71.56815,70.25667,66.61081
11.40175,11.40175,10.81665,11.40175,10.0,10.0,10.0,9.43398,9.43398,9.43398,9.43398,9.43398,8.94427,8.94427,8.94427,9.48683,9.48683,9.48683,9.48683,9.48683,9.48683,9.48683,8.94427,9.48683,9.84886,9.84886,8.94427,8.94427,8.94427,8.94427,8.06226,8.94427,8.06226,8.06226,7.81025,7.81025,7.81025,7.07107,7.07107,7.07107,6.40312,5.65685,5.65685,5.65685,5.65685,5.0,5.0,5.0,5.0,4.47214,4.47214,4.12311,65.30697,67.91171,67.18631,65.14599,62.29767,69.2315,56.88585,57.48913,55.36244,62.0967,53.45091,55.36244,56.36488,50.92151,55.9017,53.23533,51.0392,51.10773,55.07268,51.31277,58.5235,49.92995,55.21775,46.04346,52.20153,49.64877,53.53504,56.93856,53.60037,51.61395,53.0,50.80354,44.41846,45.48626,47.01064,50.53712,45.17743,43.46263,43.38202,40.24922,40.8534,36.76955,36.76955,34.43835,34.20526,29.12044,31.62278,28.79236,28.63564,28.86174,29.15476,22.56103,23.5372,25.17936,20.02498,24.18677,19.92486,9.0,12.36932,10.44031,10.77033,10.0,14.31782,12.64911,14.21267,19.10497,17.69181,22.67157,26.92582,29.20616,31.14482,34.20526,38.83298,41.6173,39.82462,47.43416,47.01064,51.10773,51.07837,56.64804,59.03389,61.46544,62.64982,64.28841,68.44706,64.13267,65.80274,63.34824,73.97973,70.61161,62.96825,73.68175,73.68175,71.84706,76.29548,71.44928,68.44706,77.78175,71.84706,76.32169,67.47592,75.42546,75.80237,72.99315,69.46222,70.5762,68.06614,70.85901,63.78871,67.68309,66.37017,71.06335,71.19691,67.26812
10.81665,10.81665,10.29563,10.29563,10.29563,9.43398,9.43398,9.43398,8.94427,8.94427,8.94427,8.94427,8.544,9.48683,8.544,9.48683,8.544,8.544,9.21954,8.544,8.544,9.48683,8.544,9.48683,9.48683,8.544,8.544,8.544,8.94427,8.06226,8.06226,8.06226,8.06226,8.06226,7.2111,7.2111,7.2111,6.40312,6.40312,6.40312,5.65685,5.65685,5.65685,5.0,5.0,5.0,5.0,5.0,5.0,4.47214,4.47214,4.12311,65.96969,63.95311,63.34824,63.34824,61.81424,61.0,60.01666,50.63596,52.61179,54.12024,50.9902,56.75385,55.65968,51.92302,51.62364,50.32892,53.85165,51.42956,49.24429,52.92447,51.0,46.06517,49.64877,49.73932,49.65884,51.10773,52.0,53.22593,47.43416,48.10405,48.10405,49.33559,47.16991,47.42362,48.46648,41.23106,41.10961,43.9659,38.11824,38.47077,39.05125,41.04875,40.11234,33.37664,30.01666,34.0147,33.0,30.26549,26.0,27.01851,28.07134,23.02173,23.08679,26.24881,22.13594,23.08679,23.08679,12.04159,10.04988,16.27882,12.64911,7.28011,10.29563,16.97056,18.02776,22.80351,20.51828,23.02173,26.90725,29.20616,30.61046,32.55764,36.76955,43.93177,46.69047,46.2277,48.01042,48.41487,54.3783,57.70615,53.53504,62.16912,59.5063,62.39391,64.84597,67.6757,67.41662,65.0,71.51224,68.15424,67.91171,70.34202,73.24616,69.2315,70.83078,70.03571,74.95332,76.94154,71.80529,73.5527,71.02112,69.72087,67.68309,70.85901,72.56721,65.51336,68.24954,61.40033,71.19691,69.05071,67.60178,71.30919,67.68309,65.25335
11.0,11.0,11.04536,11.0,10.0,10.04988,9.0,9.05539,9.05539,9.21954,9.21954,9.21954,9.21954,9.21954,9.21954,9.21954,9.48683,8.24621,9.48683,9.48683,9.21954,9.48683,9.21954,9.48683,9.48683,9.21954,9.21954,9.21954,9.21954,8.06226,8.06226,8.06226,8.06226,8.0,8.0,7.0,7.0,7.0,7.0,6.08276,6.08276,6.08276,5.09902,5.09902,5.38516,5.38516,5.38516,5.38516,4.47214,4.47214,4.47214,4.24264,65.11528,64.66065,63.89053,67.47592,69.35416,59.66574,60.30755,60.44005,55.31727,56.22277,52.80152,54.48853,51.62364,50.93133,46.8615,52.20153,49.81967,51.62364,51.47815,51.61395,51.0392,48.02083,51.86521,52.69725,49.64877,54.08327,53.41348,50.47772,53.25411,41.88078,48.9183,48.83646,48.41487,49.67897,48.16638,45.27693,47.50789,45.25483,43.13931,41.86884,41.04875,36.87818,32.80244,29.68164,34.43835,31.62278,30.46309,27.73085,29.54657,24.69818,23.4094,25.07987,22.13594,26.0,25.07987,24.18677,24.18677,6.40312,14.86607,14.31782,9.84886,13.0,13.15295,16.76305,15.81139,22.2036,18.02776,21.37756,26.0,28.07134,33.24154,36.22154,34.9285,38.48376,38.48376,46.61545,49.33559,50.32892,56.93856,59.90826,56.79789,60.20797,61.05735,64.53681,67.94115,62.482,67.88225,68.593,67.94115,67.89698,67.17887,74.33034,69.6563,68.68042,67.94115,72.86288,77.98718,71.40028,70.72482,74.51845,75.60423,66.85058,74.20243,74.20243,70.17834,70.0,69.02898,66.21933,71.70077,67.6757,62.80127,67.26812,73.75636,68.0147
11.40175,11.40175,10.81665,10.81665,10.81665,10.81665,10.81665,9.43398,10.29563,10.29563,10.29563,9.84886,9.84886,9.84886,9.84886,10.77033,10.44031,9.84886,10.44031,9.48683,9.48683,9.48683,9.84886,10.44031,9.84886,9.84886,9.84886,9.84886,9.84886,8.94427,8.94427,8.94427,8.94427,8.06226,8.06226,8.06226,7.2111,7.2111,7.2111,6.40312,6.40312,6.40312,6.40312,5.65685,5.65685,5.65685,5.0,4.24264,5.0,4.24264,4.47214,3.60555,66.4906,63.78871,64.32729,62.0967,65.62012,61.40033,55.9017,54.74486,54.33231,57.70615,50.21952,54.12024,56.30275,47.53946,55.7853,47.53946,55.03635,49.39636,49.64877,52.3259,54.20332,52.3259,51.97115,47.41308,49.64877,49.64877,53.48832,51.97115,48.02083,51.86521,50.15974,52.55473,49.24429,51.07837,45.31004,43.9659,42.37924,42.37924,44.94441,42.05948,41.10961,38.63936,33.37664,34.9285,38.0526,33.24154,34.05877,31.06445,31.0,33.0,27.07397,26.07681,25.01999,26.1725,24.69818,19.10497,18.38478,11.18034,19.23538,16.55295,10.19804,17.49286,11.6619,12.80625,18.86796,20.0,19.84943,24.08319,31.1127,25.6125,32.01562,32.52691,41.23106,40.0,50.21952,45.45327,50.60632,49.81967,53.23533,55.9464,63.95311,59.09315,60.83584,61.98387,66.48308,69.57011,69.26038,67.91171,66.94027,71.47027,66.4906,68.68042,68.41053,69.2315,72.27724,70.83078,74.73286,73.43705,72.78049,74.67262,68.06614,67.26812,80.41144,76.68768,68.593,69.857,66.70832,66.94027,73.1642,67.46851,70.61161,68.65858,73.08215,70.40597
12.36932,11.18034,11.18034,11.18034,11.04536,10.19804,10.04988,10.04988,10.04988,10.04988,10.04988,10.0,10.0,10.04988,10.0,11.04536,10.04988,10.04988,10.04988,10.04988,10.04988,10.04988,10.0,10.04988,10.04988,10.0,10.0,10.0,10.0,10.0,9.0,9.0,9.0,9.05539,8.06226,8.06226,8.24621,8.24621,7.28011,7.28011,7.28011,6.32456,6.32456,6.32456,5.38516,5.38516,5.38516,5.38516,5.38516,4.47214,4.47214,3.60555,60.10824,65.06919,61.52235,60.959,67.94115,55.44367,61.55485,55.86591,58.72819,54.20332,50.93133,57.62812,57.80138,52.43091,50.21952,53.25411,49.73932,52.83938,42.43819,56.30275,51.0,53.85165,47.41308,46.06517,50.53712,53.66563,54.56189,53.22593,53.7122,50.21952,51.86521,52.15362,49.09175,48.25971,45.22168,41.67733,40.22437,44.04543,42.52058,43.13931,41.10961,36.12478,41.01219,33.94113,37.48333,39.69887,30.0,32.55764,24.41311,25.4951,27.20294,29.15476,24.83948,25.07987,21.54066,20.61553,20.09975,8.06226,13.89244,12.20656,14.42221,12.08305,14.56022,16.03122,19.31321,22.56103,22.36068,23.5372,28.16026,30.41381,33.37664,34.17601,40.31129,41.48494,46.23851,43.46263,46.51881,51.89412,57.24509,55.9464,57.69749,62.20129,67.20119,62.20129,62.482,69.6563,67.47592,70.76722,68.68042,68.88396,68.24954,72.91776,72.83543,74.24958,72.24957,70.76722,78.56844,65.76473,79.93122,67.47592,80.05623,67.35726,76.48529,71.70077,70.29225,70.71068,75.0733,73.75636,68.0147,66.6033,75.74299,68.11755,65.79514,73.10951
11.40175,12.20656,10.81665,12.20656,10.81665,10.81665,10.81665,10.29563,10.29563,9.84886,10.29563,10.77033,9.84886,9.84886,9.84886,10.44031,10.77033,9.84886,10.44031,9.84886,9.84886,10.77033,9.48683,10.44031,10.77033,10.77033,10.77033,9.84886,10.29563,8.94427,9.43398,9.43398,9.43398,9.43398,8.60233,8.06226,8.60233,7.81025,7.81025,7.81025,7.07107,7.07107,7.07107,7.07107,6.40312,5.65685,5.65685,5.0,5.0,5.0,5.0,4.47214,69.06519,69.26038,64.49806,60.01666,66.37017,58.21512,55.3263,69.02898,51.66237,53.93515,54.91812,51.66237,50.21952,52.88667,42.95346,49.98,57.93962,50.69517,49.98,51.47815,51.89412,50.32892,56.46238,50.92151,51.89412,48.46648,47.92703,54.42426,48.50773,50.69517,52.39275,47.16991,42.2019,48.83646,48.38388,43.68066,44.64303,45.89118,40.79216,39.20459,38.63936,37.33631,34.0147,32.24903,33.01515,30.01666,29.01724,34.0,28.07134,28.16026,27.07397,24.08319,27.07397,18.43909,23.08679,21.58703,19.23538,10.04988,9.21954,7.61577,13.0384,14.31782,13.60147,15.26434,14.14214,16.64332,22.80351,21.93171,25.23886,27.01851,31.40064,37.44329,37.44329,39.69887,44.77723,47.50789,46.61545,50.53712,54.12947,54.70832,57.24509,57.00877,62.96825,60.63827,65.30697,62.36986,70.71068,65.27634,66.75328,72.56032,69.46222,71.25307,70.45566,68.35934,72.56032,74.16873,75.32596,70.02857,71.34424,73.10951,76.05919,71.00704,66.18912,68.0,68.46897,71.11259,71.17584,65.27634,70.0,67.89698,63.3877,73.10951,76.11833,68.46897
10.81665,10.29563,10.29563,10.81665,10.29563,9.43398,8.94427,9.84886,8.94427,8.94427,9.48683,9.48683,9.48683,9.48683,9.48683,9.21954,9.21954,9.21954,9.21954,9.21954,9.21954,9.21954,9.21954,9.21954,9.48683,9.48683,9.48683,8.544,8.544,8.544,8.544,8.544,7.61577,7.61577,7.61577,8.06226,7.2111,7.2111,6.40312,5.83095,5.83095,5.83095,5.0,5.0,5.0,4.24264,4.24264,4.24264,5.0,3.60555,3.60555,3.60555,68.06614,61.84658,69.37579,59.68249,65.96969,58.94065,58.0517,58.69412,55.7853,54.40588,54.12947,50.69517,52.81098,50.32892,50.32892,54.12947,55.54278,56.82429,53.14132,51.42956,51.42956,50.11986,52.39275,51.88449,49.39636,50.9902,53.7122,54.58938,52.80152,44.77723,46.95743,49.76947,44.28318,49.73932,44.77723,45.18849,45.88028,44.38468,47.75982,36.68787,38.63936,37.94733,37.33631,35.51056,36.34556,34.20526,30.80584,29.61419,29.06888,24.33105,26.01922,21.37756,21.09502,27.29469,26.1725,19.92486,20.88061,11.40175,11.7047,13.0,16.15549,10.77033,11.6619,17.0,14.42221,22.62742,21.2132,25.4951,23.02173,31.14482,31.82766,33.97058,40.36087,43.41659,40.22437,47.42362,47.88528,49.1935,59.5063,49.76947,57.27128,63.56099,64.84597,59.80803,62.0967,67.35726,63.78871,66.48308,67.18631,72.36712,73.97973,67.60178,71.58911,64.13267,76.15773,68.73136,72.78049,72.56032,75.50497,71.56815,71.84706,69.06519,73.34848,72.00694,71.17584,66.09841,68.18358,63.50591,69.857,69.72087,63.34824,69.37579,70.83078,65.96969
12.08305,12.08305,11.18034,11.18034,11.18034,11.18034,10.29563,10.29563,10.29563,9.43398,10.29563,10.0,10.0,10.0,10.0,10.0,10.63015,10.0,9.89949,9.89949,9.89949,9.89949,10.0,9.89949,10.0,10.63015,10.0,10.0,9.21954,10.0,8.60233,9.43398,9.43398,8.60233,8.06226,8.06226,7.61577,7.61577,7.61577,6.32456,7.28011,6.32456,6.32456,6.32456,6.32456,6.08276,6.08276,5.09902,5.09902,5.0,5.0,5.0,67.06713,62.36185,60.20797,61.98387,62.96825,60.16644,59.03389,52.88667,59.03389,51.78803,54.74486,54.81788,54.08327,52.00961,50.80354,50.24938,49.0102,51.0,48.0,54.23099,52.03845,49.16299,47.26521,52.08647,44.18144,54.00926,53.0,47.09565,46.52956,52.23983,52.23983,52.03845,41.0,46.27094,45.01111,44.04543,43.0,41.10961,40.1995,39.20459,38.32754,40.60788,42.57934,37.36308,35.51056,35.51056,30.08322,29.41088,23.5372,26.30589,26.24881,22.84732,25.17936,25.05993,18.02776,23.76973,25.6125,13.89244,10.77033,10.77033,10.29563,13.0384,15.52417,14.0,22.2036,21.09502,17.0,20.0,26.0,29.27456,32.28002,34.05877,37.21559,38.63936,43.0,41.04875,49.0,52.08647,52.15362,57.14018,55.7315,60.41523,59.84146,66.70832,62.58594,66.94027,66.09841,70.93659,62.29767,65.78754,66.30988,70.26379,75.02666,74.46476,75.61085,72.23573,73.05477,73.40981,68.94926,68.15424,76.89603,66.70832,71.16881,68.35203,68.942,72.8011,70.38466,69.46222,71.51224,72.11103,68.70953,66.21933,68.41053,67.41662
11.04536,10.19804,10.04988,10.04988,10.04988,10.04988,10.04988,9.0,9.0,9.0,9.0,9.05539,9.05539,9.05539,9.05539,9.21954,9.21954,9.05539,9.21954,9.05539,9.05539,9.05539,9.21954,9.21954,9.05539,9.21954,9.05539,9.05539,9.05539,9.05539,8.0,8.0,8.0,7.0,7.07107,7.07107,7.07107,7.07107,6.08276,6.08276,6.08276,5.09902,5.09902,5.38516,5.09902,4.47214,4.47214,4.47214,4.47214,3.60555,3.60555,3.60555,70.83078,70.23532,63.63175,63.51378,62.68174,59.90826,64.14047,59.07622,61.91123,58.89822,56.22277,55.47071,54.56189,53.03772,50.20956,56.63921,60.1415,51.85557,55.86591,56.61272,56.0357,52.3259,50.9902,52.40229,49.51767,53.15073,53.2635,50.93133,53.07542,48.10405,50.24938,48.08326,48.79549,50.20956,45.27693,46.04346,49.39636,44.82187,42.63801,44.04543,46.04346,41.67733,40.70626,37.12142,36.67424,31.90611,31.7805,33.10589,29.15476,30.67572,27.85678,27.85678,23.08679,22.84732,23.5372,24.5153,24.02082,16.27882,11.6619,9.89949,14.86607,13.60147,14.21267,17.0,20.61553,21.9545,23.25941,22.80351,25.4951,31.01612,31.32092,32.24903,35.51056,43.01163,49.1935,45.80393,51.0392,52.00961,58.25805,63.41136,60.82763,61.55485,66.48308,64.3506,60.44005,72.24957,68.24954,70.43437,71.28113,72.20111,67.6757,74.33034,71.86793,77.52419,71.84706,76.53757,69.46222,74.79305,79.32213,68.8186,76.96753,68.942,69.63476,71.55418,70.49113,72.56032,77.89737,69.11584,68.26419,68.7968,69.06519,77.80103,61.85467,75.80237
12.16553,12.16553,11.18034,11.40175,11.18034,11.18034,10.04988,10.04988,10.04988,10.04988,10.04988,10.0,10.0,10.0,10.0,10.04988,10.04988,10.04988,10.04988,10.04988,10.0,10.0,10.0,10.04988,10.0,10.04988,10.0,10.0,10.0,9.0,9.05539,9.05539,9.05539,8.06226,9.05539,8.06226,8.24621,7.28011,7.28011,7.28011,7.28011,7.28011,6.32456,6.32456,6.32456,5.38516,5.83095,5.83095,5.83095,5.0,5.0,5.0,72.23573,71.58911,70.3278,63.07139,57.27128,61.77378,63.06346,57.27128,55.75841,50.77401,51.0392,50.0,51.40039,50.21952,52.00961,48.9183,50.24938,52.40229,46.69047,49.51767,51.66237,48.10405,50.20956,47.50789,49.20366,48.60041,46.66905,49.49747,50.20956,49.49747,51.85557,55.97321,48.02083,49.81967,47.80167,44.40721,43.01163,41.18252,44.10215,42.05948,42.05948,39.96248,38.01316,34.43835,31.62278,30.67572,27.313,31.01612,22.80351,23.4094,29.41088,21.37756,23.34524,25.0,20.22375,22.2036,21.0,14.86607,11.40175,14.31782,10.81665,12.72792,13.60147,14.21267,16.40122,12.20656,20.12461,23.85372,26.83282,29.06888,36.89173,33.83785,33.83785,38.01316,40.80441,44.94441,53.15073,53.07542,54.45181,52.34501,59.5483,63.03174,59.81639,58.24946,65.80274,66.03787,68.7968,68.50547,72.71864,68.42514,67.97794,69.35416,70.66116,69.31811,75.13322,72.61543,72.44998,71.58911,73.40981,76.02631,72.47068,70.26379,74.46476,73.34848,67.97794,69.77105,69.77822,66.64083,66.18912,68.02941,67.23095,71.19691,71.55418,67.62396
12.36932,12.16553,11.18034,11.40175,11.18034,11.18034,10.04988,10.04988,10.04988,10.04988,11.0,10.0,10.0,10.0,10.0,10.04988,10.04988,10.04988,10.04988,10.0,10.0,10.0,10.04988,10.04988,10.04988,10.04988,10.04988,10.0,10.0,10.0,9.0,9.05539,9.05539,8.06226,8.06226,8.06226,8.06226,8.06226,7.07107,7.28011,7.28011,7.28011,6.32456,6.32456,6.32456,5.38516,5.38516,5.38516,5.38516,5.83095,5.83095,5.0,81.15417,64.56005,65.78754,64.2573,63.56099,64.19502,53.85165,64.40497,58.18075,57.27128,51.0,54.6443,52.43091,53.00943,50.77401,51.86521,58.82176,53.2635,51.86521,50.60632,53.2635,48.83646,53.74012,43.13931,49.81967,51.61395,49.0408,55.17246,48.79549,51.08816,52.49762,52.63079,48.25971,50.21952,47.50789,46.61545,44.10215,42.54409,39.82462,42.2019,45.65085,41.67733,41.78516,34.17601,35.4683,31.01612,32.64966,25.55386,30.67572,25.63201,24.73863,26.24881,25.63201,23.5372,18.02776,24.0,20.02498,12.16553,7.81025,14.76482,11.7047,13.60147,13.60147,16.27882,15.55635,21.2132,19.84943,27.01851,25.0,31.82766,30.4795,36.12478,36.12478,43.13931,46.66905,47.50789,52.80152,55.60576,53.2635,57.68882,58.5235,57.45433,67.23095,66.18912,68.8767,68.54196,71.11962,64.4748,73.05477,72.23573,70.00714,73.53911,71.47027,70.38466,71.86793,77.16217,74.09453,74.94665,69.46222,74.04053,77.20104,71.7844,76.844,71.16881,70.5762,72.78049,69.12308,66.48308,72.01389,69.28925,65.45991,73.1642,66.70832,71.11962
12.36932,11.40175,11.40175,11.40175,11.40175,10.44031,10.44031,10.44031,9.48683,9.48683,9.84886,9.84886,9.84886,9.84886,8.94427,10.29563,10.29563,10.29563,9.43398,10.29563,9.84886,10.29563,10.29563,10.29563,10.29563,10.29563,9.84886,9.84886,8.94427,9.84886,8.544,9.48683,8.544,8.24621,8.24621,8.24621,8.06226,7.07107,7.07107,7.07107,7.07107,7.0,7.0,6.0,6.0,6.0,6.08276,6.0,5.09902,5.09902,5.09902,5.09902,70.0928,63.41136,66.57327,63.00794,59.07622,59.5399,55.47071,59.64059,56.60389,53.33854,49.1935,51.62364,49.65884,50.15974,51.47815,54.40588,51.89412,49.98,48.75449,45.12206,57.48913,50.44799,54.12947,54.70832,50.92151,49.0408,53.15073,52.63079,51.5461,54.70832,47.12749,55.36244,46.23851,45.88028,48.33218,43.82921,42.54409,45.69464,43.41659,38.94868,40.70626,36.89173,33.42155,34.88553,36.06938,28.17801,33.61547,31.90611,29.41088,29.73214,25.6125,29.0,25.45584,22.80351,22.2036,22.02272,19.72308,9.21954,13.60147,12.20656,11.40175,17.08801,11.04536,12.08305,15.0333,17.26268,22.02272,25.07987,27.45906,26.1725,28.44293,33.95585,38.60052,41.97618,38.60052,51.5461,49.64877,52.39275,56.0803,57.69749,58.18075,60.41523,62.64982,62.17717,70.71068,67.42403,68.50547,67.60178,71.02816,67.94115,70.0,72.47068,69.40461,71.06335,75.45197,73.60027,75.60423,76.40026,74.63243,74.02702,70.43437,74.51845,63.51378,66.06815,73.0,74.20243,67.26812,72.18033,70.80254,72.47068,67.80118,73.24616,72.34639,69.46222
10.29563,10.29563,10.29563,10.29563,10.29563,8.94427,8.94427,9.84886,8.544,9.48683,9.48683,9.21954,9.21954,9.21954,9.21954,9.21954,9.21954,9.21954,9.05539,9.21954,9.21954,9.21954,9.05539,9.21954,9.21954,9.05539,8.24621,8.24621,8.24621,8.24621,8.544,8.544,7.61577,7.61577,7.61577,7.61577,6.7082,6.7082,5.83095,5.83095,5.83095,5.83095,5.83095,5.0,5.0,5.0,4.24264,4.24264,4.24264,4.24264,3.60555,3.60555,68.65858,72.56032,63.34824,60.82763,60.20797,58.69412,59.22837,59.66574,55.7315,56.88585,51.78803,52.49762,57.38467,54.40588,51.62364,52.81098,57.28001,54.42426,50.59644,50.32892,48.30114,55.54278,50.11986,50.32892,53.22593,49.24429,53.22593,53.48832,53.14132,51.07837,49.64877,48.46648,52.81098,52.20153,45.54119,46.38965,46.17359,45.35416,43.93177,36.87818,42.2019,38.20995,40.04997,33.54102,33.13608,30.26549,32.38827,33.24154,27.29469,26.1725,27.16616,27.29469,22.09072,24.04163,23.19483,23.5372,18.24829,9.21954,12.36932,11.18034,10.81665,10.29563,14.76482,13.45362,15.55635,19.84943,19.20937,22.67157,29.06888,29.41088,33.24154,28.3196,37.48333,39.62323,40.80441,44.04543,52.43091,51.86521,47.16991,60.82763,61.26989,60.00833,63.97656,60.53924,61.84658,64.19502,70.2282,61.03278,69.37579,69.63476,66.70832,73.4983,64.13267,68.41053,72.78049,66.76077,78.58753,68.88396,77.62087,67.60178,74.73286,67.18631,63.15061,66.75328,73.97973,72.44308,74.43118,70.83078,65.0,66.28725,68.65858,74.2159,66.4906,72.03471
12.04159,12.04159,11.18034,12.04159,11.04536,11.18034,10.04988,10.04988,10.19804,10.19804,10.44031,10.44031,10.44031,9.48683,9.48683,10.44031,9.84886,9.48683,10.77033,10.44031,10.44031,10.77033,10.44031,10.77033,10.77033,10.44031,10.44031,10.44031,10.44031,9.21954,9.21954,9.21954,9.05539,9.05539,8.06226,8.06226,8.06226,8.06226,7.07107,7.0,7.0,7.0,7.0,6.0,6.0,6.0,5.09902,5.09902,5.09902,5.09902,5.09902,4.12311,74.24958,64.44377,65.06919,61.7171,65.80274,66.6033,58.89822,62.96825,53.15073,57.2014,52.34501,52.34501,55.17246,52.49762,48.08326,56.0803,51.86521,54.40588,54.03702,50.0,54.58938,49.81967,52.43091,47.88528,51.22499,55.21775,48.41487,52.43091,54.03702,51.08816,48.08326,53.03772,45.0,51.73973,45.45327,46.69047,43.18565,40.31129,41.10961,38.27532,44.41846,31.241,40.49691,32.80244,34.66987,31.76476,28.30194,31.30495,30.08322,20.88061,28.63564,23.4094,26.24881,23.19483,21.0238,26.1725,22.36068,14.42221,5.83095,12.20656,14.76482,13.92839,8.94427,15.52417,17.08801,20.22375,19.23538,25.07987,27.65863,27.29469,35.51056,34.71311,38.32754,42.95346,43.01163,42.95346,48.70318,54.78138,55.36244,56.35601,63.06346,62.64982,58.83026,62.20129,64.81512,62.80127,71.40028,64.53681,70.83784,71.50524,67.88225,73.5527,70.29225,70.76722,73.5527,73.53911,70.00714,76.83749,70.76722,73.59348,72.91776,70.76722,63.03174,64.81512,66.70832,65.60488,68.88396,69.6563,69.35416,69.02898,64.81512,75.74299,69.42622,75.74299
10.81665,10.81665,10.29563,10.29563,10.29563,10.29563,8.94427,9.84886,8.94427,8.544,8.94427,8.544,8.544,8.544,9.48683,8.544,9.48683,8.544,9.21954,9.21954,9.48683,9.48683,8.544,9.21954,9.48683,9.48683,8.544,8.544,8.544,7.61577,8.06226,8.06226,8.06226,8.06226,7.2111,7.2111,7.2111,7.2111,6.40312,6.40312,5.65685,5.65685,5.65685,5.65685,5.65685,5.0,5.0,5.0,5.0,4.47214,4.47214,4.47214,64.19502,67.00746,62.03225,62.0,67.1193,59.03389,56.00893,53.03772,57.31492,54.0,54.0,55.14526,55.22681,43.93177,52.46904,52.88667,55.36244,54.42426,52.20153,50.59644,49.64877,53.45091,45.88028,44.14748,48.83646,52.7731,50.44799,52.0,47.29693,52.39275,50.9902,49.81967,40.0,45.12206,47.07441,41.59327,42.29657,42.29657,40.11234,39.45884,37.01351,36.01389,38.20995,35.12834,36.01389,31.14482,31.06445,32.14032,27.01851,23.5372,24.33105,23.5372,27.45906,20.24846,23.08679,25.29822,20.59126,11.04536,9.21954,12.04159,10.04988,11.6619,15.26434,14.86607,13.0,16.27882,20.24846,23.43075,29.15476,28.84441,34.20526,36.40055,38.47077,44.94441,42.72002,43.82921,49.0408,52.0,53.16014,51.5461,60.40695,60.41523,63.32456,66.70832,65.49046,60.01666,69.26038,74.54529,66.27217,69.06519,72.56032,70.00714,72.0,74.10803,67.02984,69.00725,77.00649,69.00725,72.06247,77.52419,74.06079,68.0,65.06919,72.33948,72.06247,73.00685,69.18092,71.00704,77.00649,67.0,66.0303,68.00735,74.0,69.00725
11.18034,11.18034,10.81665,10.29563,10.29563,10.29563,10.29563,9.43398,10.0,9.21954,10.0,9.21954,9.21954,9.21954,9.21954,9.89949,9.89949,9.89949,9.89949,9.89949,9.89949,9.21954,9.89949,9.89949,9.89949,9.89949,9.21954,9.21954,9.21954,8.60233,8.60233,8.60233,8.60233,7.81025,8.06226,7.2111,7.2111,6.7082,6.7082,5.83095,5.83095,5.38516,5.83095,5.38516,5.38516,4.47214,5.09902,4.12311,4.12311,4.12311,4.12311,4.0,69.35416,63.56099,66.76077,65.9242,67.46851,61.68468,59.46427,59.23681,59.20304,54.40588,53.15073,54.08327,60.20797,51.78803,50.01,58.30952,56.56854,50.15974,49.09175,53.03772,54.14795,52.08647,50.03998,54.00926,52.08647,53.00943,53.08484,50.03998,51.0392,52.03845,54.00926,54.03702,50.0,52.34501,44.18144,46.38965,44.55334,44.01136,40.1995,46.32494,38.60052,42.75512,39.29377,34.71311,37.16181,35.51056,32.31099,31.01612,28.23119,28.63564,26.57066,25.4951,25.55386,24.59675,26.62705,23.32381,25.6125,9.84886,14.56022,15.13275,12.0,15.13275,14.14214,16.55295,15.0333,25.31798,22.80351,26.0,22.80351,29.73214,32.38827,35.35534,38.20995,45.89118,45.70558,48.37355,48.50773,53.23533,58.00862,56.0803,57.14018,61.18823,64.62971,62.64982,64.77654,63.32456,66.70832,71.06335,70.83078,66.21933,68.15424,75.28612,70.21396,68.30813,73.37575,73.05477,76.55064,80.32434,73.38937,77.49194,75.96052,70.93659,64.7611,68.15424,71.16881,72.73239,72.44998,72.44998,70.83784,77.49194,65.25335,73.05477,71.47027,69.26038
12.16553,12.04159,11.04536,11.04536,11.0,10.04988,10.0,10.0,10.0,10.04988,10.04988,10.04988,10.04988,10.04988,10.19804,10.19804,10.19804,10.19804,10.19804,10.19804,10.19804,10.19804,10.04988,10.19804,10.19804,10.19804,10.19804,10.04988,10.04988,9.05539,9.0,9.05539,9.0,9.0,9.0,8.0,8.06226,8.06226,7.07107,7.07107,7.07107,7.07107,6.08276,6.08276,6.08276,5.09902,5.09902,5.09902,5.38516,5.38516,4.47214,4.47214,66.85058,60.74537,65.96969,63.56099,57.38467,63.56886,57.27128,59.80803,50.9902,58.30952,51.26402,52.80152,56.79789,52.35456,48.8774,48.01042,54.58938,50.21952,50.21952,45.27693,54.40588,49.64877,52.63079,46.61545,47.01064,52.00961,52.20153,55.0,53.82379,52.43091,46.64762,55.00909,49.92995,49.64877,46.06517,51.89412,43.909,45.17743,45.69464,41.4367,36.13862,37.0,32.89377,38.27532,39.56008,32.57299,32.28002,24.35159,33.54102,26.68333,29.61419,26.1725,27.01851,22.2036,20.09975,24.5153,18.97367,9.48683,13.41641,11.6619,12.72792,8.60233,10.29563,17.20465,17.69181,18.02776,21.63331,24.59675,31.06445,27.45906,29.68164,37.48333,34.82815,44.68781,43.93177,50.0,51.66237,53.25411,59.4138,58.41233,55.47071,66.85058,66.0303,64.49806,70.23532,64.40497,66.18912,61.29437,73.79024,68.02941,69.857,72.23573,73.73602,69.64194,70.38466,73.00685,69.35416,75.27284,68.54196,78.74643,68.35203,77.49194,76.2168,70.88018,68.30813,72.44998,62.76942,68.00735,66.12866,72.42237,66.12866,71.69379,72.61543,65.9242
12.52996,11.18034,12.52996,11.6619,12.08305,11.18034,10.77033,10.77033,10.77033,10.77033,10.44031,10.44031,10.44031,10.44031,10.44031,11.18034,10.19804,11.18034,10.19804,10.19804,10.19804,10.19804,11.18034,10.19804,10.44031,10.19804,10.19804,10.44031,10.44031,10.44031,9.48683,9.48683,9.48683,8.544,8.544,8.94427,8.94427,8.06226,8.06226,8.06226,7.2111,7.2111,7.2111,6.40312,5.83095,5.83095,6.40312,5.65685,6.40312,5.65685,5.65685,5.0,68.00735,68.94926,64.84597,57.93962,65.78754,60.44005,56.921,64.07808,51.26402,52.3259,51.0,51.0,51.88449,48.30114,48.37355,49.64877,49.92995,52.69725,49.64877,46.61545,50.9902,46.87217,50.44799,49.64877,52.43091,52.15362,56.85948,53.25411,47.70744,54.67175,50.21952,49.64877,51.62364,51.10773,43.01163,46.09772,46.95743,42.04759,43.46263,42.04759,41.78516,41.10961,34.9285,35.4683,33.24154,34.53983,32.75668,22.47221,25.4951,22.56103,22.80351,25.31798,22.02272,26.68333,19.10497,18.24829,23.08679,8.0,12.52996,12.08305,12.20656,13.41641,15.55635,12.52996,15.6205,19.10497,26.24881,19.10497,24.83948,29.73214,40.60788,32.52691,37.01351,43.18565,45.27693,46.40043,48.25971,45.60702,55.75841,57.3062,61.29437,64.00781,63.50591,66.70832,62.6099,62.76942,68.35203,61.09828,71.30919,70.34202,66.09841,75.96052,66.48308,67.06713,74.63243,74.04053,76.2168,75.0,69.57011,71.56815,77.20104,70.60453,65.25335,69.12308,73.68175,70.21396,74.73286,71.30919,67.05222,68.44706,68.41053,71.47027,73.08215,70.00714
10.44031,10.44031,10.19804,11.40175,10.19804,10.19804,9.21954,9.05539,9.05539,9.05539,9.05539,9.05539,9.05539,9.0,9.0,9.0,9.0,9.0,9.05539,9.0,9.0,9.0,9.0,9.0,9.0,9.0,9.0,9.0,9.05539,8.06226,9.05539,8.06226,8.06226,8.06226,7.28011,7.28011,7.28011,7.28011,6.32456,6.32456,5.38516,5.83095,5.83095,5.38516,5.0,4.47214,5.0,5.0,4.24264,4.24264,4.24264,4.24264,68.26419,61.91123,58.82176,66.7308,64.81512,58.00862,57.2014,58.00862,52.80152,51.85557,53.90733,52.00961,56.63921,47.38143,48.79549,51.22499,56.22277,55.0,50.80354,53.8145,51.0392,49.0408,49.40648,46.61545,50.80354,52.63079,51.22499,52.20153,51.86521,50.60632,54.56189,48.79549,46.75468,48.9183,45.25483,43.18565,46.66905,45.45327,44.82187,41.40048,36.40055,33.61547,37.20215,36.05551,32.20248,34.9285,30.46309,31.01612,26.57066,25.07987,27.20294,24.59675,21.93171,25.29822,18.78829,21.0238,19.0,11.6619,8.60233,9.21954,7.81025,10.81665,12.08305,15.0,15.13275,19.41649,19.72308,24.59675,26.0,28.17801,30.67572,31.62278,34.43835,43.26662,44.65423,41.67733,43.01163,51.61395,59.66574,53.90733,57.48913,54.45181,60.87693,62.93648,66.6033,62.36986,70.0928,62.36986,63.70243,66.21933,72.42237,72.94518,72.67049,65.73431,67.1193,74.09453,72.20111,76.02631,71.56116,68.50547,69.06519,70.21396,66.24198,74.24284,66.7308,72.67049,68.7968,61.05735,71.28113,68.7968,67.41662,64.53681,68.76772,70.60453
11.7047,11.7047,11.40175,11.7047,10.44031,10.44031,10.19804,10.19804,10.19804,10.19804,10.19804,10.04988,10.04988,10.04988,10.04988,10.04988,10.0,10.04988,10.0,10.0,10.0,10.0,10.04988,10.0,11.04536,10.04988,10.04988,10.04988,10.04988,9.05539,9.21954,9.21954,9.21954,9.21954,8.24621,8.24621,7.28011,7.28011,7.61577,7.61577,6.32456,6.32456,6.7082,5.83095,5.38516,5.38516,5.83095,5.83095,5.0,5.0,5.0,4.24264,70.5195,65.14599,69.26038,65.25335,62.03225,62.36185,52.39275,64.84597,50.59644,56.30275,54.70832,56.85948,54.42426,47.41308,52.7731,51.97115,51.47815,47.41308,59.07622,49.09175,53.66563,47.16991,53.2635,49.24429,48.8774,48.60041,47.50789,48.60041,51.40039,53.53504,50.69517,51.47815,42.95346,49.24429,41.34005,43.46263,45.31004,46.17359,41.59327,39.56008,37.10795,40.16217,38.63936,38.48376,34.53983,29.42788,37.21559,29.06888,30.01666,24.5153,29.15476,25.17936,24.0,21.0238,23.19483,21.0238,20.61553,15.23155,12.04159,6.7082,15.65248,10.81665,17.80449,16.40122,12.80625,19.20937,21.0238,22.47221,27.65863,30.0,34.82815,39.05125,35.4683,43.93177,39.62323,49.51767,51.73973,50.60632,55.44367,52.43091,55.47071,63.28507,65.73431,65.29931,73.92564,61.29437,73.40981,63.69458,72.01389,68.44706,66.7308,70.00714,70.83784,67.44627,71.51224,72.23573,76.55064,80.08121,70.83784,78.44743,68.30813,69.57011,70.40597,69.37579,75.0,71.47027,62.93648,68.68042,70.83784,74.0,70.60453,69.26038,72.53275,63.52952
12.36932,11.40175,11.40175,11.40175,11.40175,10.44031,10.19804,10.19804,10.19804,10.04988,10.04988,10.04988,10.04988,10.04988,10.04988,10.0,10.0,10.0,10.0,10.0,10.0,10.0,10.0,10.0,10.0,10.0,10.0,10.04988,10.04988,9.05539,9.05539,9.05539,9.21954,8.24621,9.21954,8.24621,8.24621,7.28011,7.28011,7.61577,7.61577,6.32456,6.32456,6.32456,6.7082,5.83095,5.83095,5.83095,5.83095,5.0,5.0,5.0,74.63243,63.13478,70.17834,64.07027,59.40539,65.80274,62.68174,59.64059,58.60034,57.68882,55.22681,50.32892,52.34501,49.49747,49.0408,52.63079,51.62364,57.31492,52.40229,53.25411,58.41233,46.40043,53.60037,51.08816,53.90733,52.00961,49.64877,49.81967,54.81788,50.21952,54.56189,51.86521,50.20956,48.9183,45.96738,49.57822,45.60702,45.25483,47.43416,36.79674,38.60052,38.01316,36.05551,37.80212,33.61547,30.23243,30.01666,28.84441,29.54657,31.32092,25.4951,21.47091,25.05993,19.41649,25.63201,23.08679,21.18962,10.44031,11.40175,7.81025,12.08305,14.14214,8.48528,11.18034,15.6205,22.82542,21.54066,23.85372,26.83282,30.88689,33.42155,33.83785,33.10589,44.20407,41.72529,46.09772,52.80152,55.9017,52.3259,53.15073,62.36986,64.44377,62.28965,62.28965,71.28113,63.82006,74.33034,61.91123,76.32169,69.11584,73.82412,75.66373,72.40166,66.24198,74.43118,75.17978,77.41447,79.17702,70.3278,76.02631,73.34848,76.92204,71.11259,69.83552,67.23095,73.06162,70.3278,72.20111,70.72482,73.23933,62.96825,73.92564,79.6304,70.83078
12.04159,12.16553,11.18034,11.18034,10.19804,11.18034,10.44031,10.44031,10.44031,9.48683,10.44031,9.84886,9.48683,9.48683,9.84886,9.84886,9.84886,9.84886,9.84886,9.84886,9.84886,9.84886,9.84886,9.84886,9.84886,9.84886,9.48683,9.48683,9.48683,9.48683,9.21954,9.21954,8.24621,8.24621,8.06226,8.06226,8.06226,8.06226,7.07107,7.0,7.0,7.0,6.0,6.0,6.0,6.08276,6.08276,5.09902,5.09902,5.38516,5.38516,4.47214,70.03571,68.62215,61.52235,60.81118,65.79514,55.17246,59.39697,57.31492,52.34501,56.22277,53.15073,54.81788,51.85557,49.20366,52.15362,49.65884,53.53504,56.36488,51.10773,54.56189,54.12947,51.47815,49.24429,49.24429,49.64877,56.22277,50.9902,49.65884,47.43416,54.58938,52.43091,51.22499,49.67897,46.75468,45.48626,43.93177,46.69047,41.7732,41.72529,42.44997,39.62323,35.38361,34.82815,37.20215,31.40064,32.80244,27.01851,30.41381,27.29469,23.70654,27.51363,23.08679,22.47221,25.0,21.54066,18.43909,20.22375,13.92839,10.77033,11.40175,8.24621,9.0,13.15295,13.15295,19.0263,21.09502,23.08679,23.0,30.06659,31.14482,31.06445,35.0571,36.34556,41.30375,49.64877,47.38143,45.12206,45.60702,60.08328,60.72891,53.48832,61.46544,64.88451,65.30697,69.64194,66.24198,69.83552,68.26419,70.21396,70.0,73.23933,75.28612,70.60453,71.61006,76.05919,70.93659,75.0733,77.10383,76.2168,70.76722,73.75636,71.58911,72.62231,69.31089,70.83784,65.94695,68.62215,71.8401,73.40981,76.6942,68.76772,72.8011,68.76772,74.24958
11.0,11.0,11.04536,11.0,11.04536,10.0,10.04988,10.04988,10.04988,9.05539,10.04988,10.19804,10.19804,10.19804,10.44031,9.48683,9.48683,9.21954,10.44031,10.44031,10.44031,10.44031,9.21954,10.44031,10.19804,10.19804,10.19804,9.21954,9.21954,9.05539,9.05539,9.05539,9.05539,8.06226,8.0,8.0,8.0,7.0,8.0,7.0,6.08276,6.08276,6.08276,6.08276,5.09902,5.09902,5.09902,5.09902,5.09902,4.12311,4.47214,4.47214,67.26812,63.70243,62.24147,63.00794,60.1415,67.00746,55.86591,56.56854,51.62364,56.58622,53.8145,53.00943,50.20956,51.73973,50.44799,54.08327,51.31277,55.47071,48.37355,54.20332,52.47857,54.3783,51.0,47.50789,44.72136,53.33854,46.32494,50.08992,52.15362,51.0392,47.16991,51.31277,47.01064,45.79301,44.82187,47.42362,42.0119,43.86342,44.55334,38.94868,37.53665,39.05125,41.23106,36.79674,31.14482,35.4683,34.05877,27.01851,27.85678,25.6125,30.41381,21.18962,22.36068,22.36068,22.84732,23.76973,22.36068,13.89244,11.40175,13.15295,16.49242,5.83095,15.6205,13.89244,21.84033,12.36932,14.31782,27.89265,29.15476,31.57531,28.86174,36.68787,40.49691,47.85394,43.04649,50.56679,48.46648,50.15974,61.91123,61.77378,69.89278,52.69725,67.6757,64.3506,71.50524,58.82176,69.52697,68.0147,64.66065,71.50524,68.11755,72.47068,69.02898,67.47592,74.24958,71.40028,75.00667,78.00641,74.41102,78.74643,72.62231,72.00694,63.24555,69.2026,71.50524,68.11755,66.6033,63.25346,71.70077,73.75636,62.00806,68.88396,69.31089,73.0
11.40175,11.40175,11.40175,11.40175,11.18034,10.19804,10.19804,10.19804,10.19804,10.04988,10.04988,10.04988,10.0,10.0,10.0,10.0,10.0,10.0,10.04988,10.0,10.0,10.0,10.04988,10.0,10.0,10.0,10.04988,10.04988,10.04988,10.04988,9.05539,9.05539,9.21954,8.24621,8.24621,8.24621,8.24621,7.28011,7.28011,7.28011,6.32456,6.32456,6.32456,5.38516,5.38516,5.38516,4.47214,4.47214,5.0,5.0,5.0,4.24264,66.64833,68.54196,64.66065,69.35416,61.05735,57.3062,55.9464,60.90156,56.4358,52.69725,58.66856,49.40648,58.00862,46.61545,52.69725,47.50789,50.91169,48.79549,42.63801,50.93133,50.93133,54.81788,53.03772,48.79549,53.15073,52.34501,51.62364,53.75872,52.34501,53.03772,49.57822,50.0,47.80167,48.83646,48.41487,49.81967,46.32494,44.82187,42.54409,41.62932,42.94182,38.07887,34.98571,37.58989,34.0147,37.0,35.44009,35.1141,29.41088,26.92582,25.0,28.44293,25.0,22.36068,20.88061,18.02776,19.41649,12.08305,13.92839,11.31371,12.08305,15.23155,14.86607,20.0,14.76482,23.4094,25.94224,25.23886,29.15476,29.96665,32.31099,33.12099,36.40055,43.82921,45.80393,43.909,43.60046,53.07542,51.40039,51.66237,54.48853,59.39697,62.93648,64.53681,64.2028,64.81512,65.73431,62.96825,65.45991,64.14047,72.06941,71.02112,75.591,69.89278,72.06941,64.41273,71.34424,76.15773,71.69379,75.15318,71.19691,72.06941,65.19202,64.88451,67.97794,67.08204,66.0303,62.42596,73.57309,71.19691,61.58734,72.89719,70.72482,65.0
11.40175,11.40175,10.81665,10.81665,10.81665,10.0,10.29563,9.43398,9.43398,8.94427,8.94427,9.84886,8.94427,9.48683,8.544,9.48683,9.48683,9.48683,9.48683,9.48683,9.48683,9.48683,9.48683,9.48683,9.48683,9.48683,8.544,9.48683,8.544,8.94427,8.94427,8.94427,8.06226,8.06226,7.2111,8.06226,7.2111,7.2111,6.40312,6.40312,6.40312,6.40312,6.40312,5.65685,5.65685,5.0,5.0,5.0,5.0,4.47214,4.47214,4.47214,70.03571,60.44005,67.44627,63.78871,66.91039,62.8172,60.01666,56.08921,56.51548,54.70832,55.7853,52.55473,54.42426,52.39275,56.32051,53.22593,48.75449,54.56189,48.8774,54.20332,58.30952,51.10773,52.83938,49.24429,50.24938,48.30114,48.75449,57.3062,49.64877,52.7731,52.7731,56.46238,45.18849,50.56679,42.72002,45.88028,40.16217,39.81206,45.60702,46.48656,38.8973,42.10701,40.60788,37.05401,36.13862,29.01724,32.24903,27.07397,29.27456,27.29469,29.0,27.29469,25.01999,24.33105,21.84033,24.35159,22.47221,9.21954,11.18034,10.29563,12.04159,13.45362,13.60147,13.89244,12.20656,20.0,18.43909,23.02173,23.34524,28.42534,29.73214,29.06888,36.79674,41.86884,49.51767,45.34314,47.42362,49.0408,55.47071,54.12947,60.53924,57.93962,67.54258,61.68468,71.17584,62.64184,68.94926,71.16881,74.46476,68.96376,68.41053,67.68309,70.34202,71.30919,75.18643,73.5459,69.05071,76.48529,72.12489,77.92946,72.03471,71.02112,71.19691,70.21396,74.52516,67.26812,71.30919,69.12308,75.69016,67.18631,67.36468,74.96666,68.35203,67.6757
12.04159,11.31371,10.63015,10.63015,10.63015,10.0,10.0,10.0,10.0,9.43398,9.43398,10.29563,9.84886,9.84886,9.84886,9.84886,9.84886,9.84886,9.84886,9.84886,9.84886,9.84886,9.84886,9.84886,9.84886,9.84886,9.84886,10.29563,8.94427,9.43398,8.94427,8.60233,8.60233,8.06226,8.60233,7.81025,7.81025,7.2111,7.2111,6.40312,6.40312,6.40312,6.40312,5.65685,5.65685,5.0,5.0,5.0,5.0,4.24264,4.47214,3.60555,74.73286,63.60031,66.70832,62.36986,64.32729,69.64194,57.14018,61.98387,50.9902,57.87055,53.23533,56.0803,55.3263,55.7315,51.24451,51.0098,54.03702,51.0392,53.0,50.01,52.03845,51.08816,50.24938,44.0,47.16991,54.03702,53.08484,52.08647,48.09366,54.45181,52.03845,51.15662,46.04346,47.51842,46.17359,42.75512,40.60788,45.27693,41.97618,40.02499,37.64306,37.0,35.44009,37.36308,39.56008,34.0147,31.01612,28.23119,29.06888,26.92582,24.59675,24.59675,23.70654,23.85372,23.32381,25.05993,25.0,14.14214,10.19804,11.0,9.48683,12.04159,17.08801,13.0,16.49242,20.12461,17.08801,18.38478,29.41088,30.41381,35.8469,38.62642,39.56008,40.80441,42.05948,45.88028,45.89118,46.69047,55.44367,56.22277,57.21888,60.07495,64.07027,66.1211,61.03278,63.12686,69.02898,65.37584,63.63961,65.11528,70.5762,71.38627,75.53807,71.56815,74.54529,67.46851,78.63841,79.81228,74.95332,71.56815,73.75636,71.38627,70.83078,71.80529,71.19691,69.64194,69.64194,69.2315,69.42622,71.38627,73.5459,66.28725,73.75636,67.46851
11.18034,11.18034,10.77033,9.84886,10.77033,9.84886,9.48683,9.84886,9.48683,9.48683,9.48683,9.21954,9.21954,9.21954,9.21954,9.21954,9.05539,9.21954,9.05539,9.05539,9.21954,10.04988,9.21954,9.05539,9.21954,9.21954,9.48683,9.21954,9.21954,8.544,8.544,8.544,8.544,7.61577,8.06226,8.06226,7.2111,7.2111,7.2111,6.40312,6.40312,6.40312,6.40312,5.65685,5.65685,5.0,5.0,5.0,5.0,5.0,4.47214,4.47214,66.24198,68.44706,64.07808,62.24147,64.4748,62.24147,58.66856,53.22593,54.626,55.03635,54.20332,55.75841,54.3783,57.80138,51.0,51.62364,52.00961,48.9183,48.10405,53.8145,52.00961,47.42362,48.83646,50.32892,49.57822,50.44799,52.34501,51.62364,47.01064,49.20366,51.40039,54.03702,47.20169,49.20366,48.02083,38.60052,45.79301,44.82187,44.94441,38.91015,39.84972,35.4683,33.10589,37.12142,32.89377,30.36445,34.17601,28.16026,27.51363,25.17936,24.04163,26.07681,24.08319,22.56103,22.0,25.07987,25.01999,12.08305,10.19804,11.7047,11.40175,8.94427,11.40175,13.60147,10.63015,18.02776,17.69181,24.18677,26.0,29.20616,33.28663,35.38361,38.20995,39.20459,40.31129,47.50789,40.60788,48.10405,51.22499,52.49762,50.60632,53.82379,65.73431,64.66065,65.8635,61.77378,63.95311,61.05735,71.11962,66.64083,67.1193,72.49828,68.44706,71.17584,68.942,66.85058,70.93659,73.1642,71.30919,74.0,72.09022,65.0,62.29767,68.96376,70.68239,68.15424,64.2573,70.5762,72.01389,70.00714,65.39113,67.6757,74.84651,62.16912
12.52996,12.52996,11.6619,11.6619,11.6619,10.81665,10.81665,10.81665,10.81665,10.63015,10.0,10.63015,10.63015,10.63015,10.63015,10.63015,10.63015,9.89949,10.63015,11.31371,11.31371,11.31371,9.89949,10.63015,11.31371,10.63015,10.63015,10.63015,10.63015,10.0,10.0,10.0,10.0,8.60233,8.60233,8.60233,8.60233,8.06226,8.06226,7.2111,6.7082,6.7082,6.7082,6.7082,6.7082,6.32456,6.32456,5.38516,5.38516,5.09902,5.09902,5.09902,72.8011,63.56099,65.9242,57.58472,61.09828,59.77458,57.24509,62.39391,55.65968,54.12947,44.14748,50.44799,52.7731,47.67599,46.69047,50.80354,48.50773,47.16991,47.16991,47.01064,53.08484,46.04346,49.16299,49.16299,55.0,53.15073,52.23983,48.25971,46.09772,53.23533,50.01,44.40721,50.63596,48.50773,44.91102,50.21952,47.53946,45.39824,44.64303,41.23106,41.76123,35.17101,44.77723,33.24154,36.05551,32.57299,29.73214,24.69818,27.78489,29.68164,25.94224,24.08319,20.24846,22.67157,22.47221,20.61553,20.51828,8.94427,12.52996,12.04159,16.15549,14.0,11.18034,13.0384,13.92839,19.23538,17.72005,23.08679,30.08322,26.0,37.36308,38.32754,42.0119,40.11234,41.10961,47.16991,54.03702,53.00943,58.30952,52.34501,57.87055,59.43904,60.41523,59.90826,67.35726,65.52099,65.80274,66.76077,70.2282,73.38937,70.21396,72.8011,68.54196,65.55151,69.64194,74.09453,73.05477,75.23962,73.1642,75.27284,72.44998,71.30919,75.23962,76.05919,66.12866,72.23573,68.02941,68.00735,65.9242,68.15424,67.23095,76.6942,72.44998,69.857
11.18034,9.84886,10.77033,9.84886,9.84886,9.84886,9.48683,8.544,9.48683,9.21954,9.48683,9.21954,9.21954,8.24621,9.05539,9.05539,8.06226,9.05539,9.05539,9.05539,9.05539,9.05539,9.21954,9.05539,9.21954,9.21954,9.21954,9.21954,8.24621,8.24621,8.24621,8.24621,8.24621,7.61577,7.61577,7.61577,6.7082,6.7082,5.83095,5.83095,5.83095,5.83095,6.40312,5.0,5.0,5.0,5.0,5.0,4.24264,5.0,4.47214,4.47214,63.52952,66.64083,65.8635,61.77378,63.95311,58.59181,57.98276,55.07268,60.20797,55.22681,51.10773,54.58938,50.24938,50.21952,46.2277,52.40229,45.96738,50.20956,54.45181,52.20153,57.48913,53.74012,48.9183,50.32892,46.69047,54.67175,55.31727,50.20956,47.38143,52.3259,51.08816,51.0392,53.2635,45.96738,48.82622,44.20407,46.2277,43.01163,40.81666,43.04649,42.05948,42.04759,31.95309,34.48188,38.48376,35.73514,31.04835,31.95309,25.4951,28.16026,25.29822,22.02272,22.13594,21.2132,22.02272,23.19483,19.0263,12.20656,11.18034,11.6619,9.21954,10.81665,10.81665,11.7047,14.42221,21.18962,22.36068,18.78829,22.82542,29.54657,32.20248,32.31099,37.58989,40.81666,42.2019,43.26662,48.9183,51.73973,55.9017,57.48913,55.86591,60.82763,62.36986,63.00794,60.80296,68.24222,64.63745,72.11103,69.33974,70.83078,70.49113,63.51378,70.23532,67.60178,69.31811,73.79024,72.20111,71.11962,72.89719,71.58911,73.82412,72.49828,72.11103,70.2282,68.26419,68.942,68.88396,66.64833,64.66065,64.41273,67.08204,65.74192,75.47185,72.44998
11.31371,9.89949,10.63015,10.63015,9.89949,9.21954,9.21954,9.21954,8.60233,8.60233,8.60233,9.43398,9.43398,9.43398,9.43398,8.94427,8.544,8.94427,8.94427,8.94427,8.94427,8.94427,8.94427,8.94427,8.94427,8.94427,8.94427,9.43398,9.43398,8.06226,8.60233,8.06226,7.81025,7.81025,7.81025,7.81025,7.07107,7.07107,5.65685,6.40312,5.65685,5.65685,5.0,5.0,5.0,4.47214,4.47214,4.47214,4.47214,4.47214,4.12311,4.12311,70.45566,63.34824,64.19502,60.20797,58.03447,55.7315,61.52235,59.03389,56.0357,55.03635,53.0,47.38143,54.08327,52.46904,48.09366,47.51842,52.15362,50.35871,50.44799,52.61179,51.1957,51.1957,55.54278,50.44799,50.63596,53.85165,53.93515,55.7315,50.63596,56.08921,49.81967,47.85394,56.22277,51.47815,46.09772,48.0,42.42641,40.0125,43.04649,39.0,39.31921,36.22154,38.0526,32.75668,33.95585,36.22154,31.57531,28.28427,23.34524,28.63564,26.57066,26.0,22.47221,25.07987,23.4094,25.07987,18.78829,11.18034,8.24621,10.04988,16.12452,13.0384,11.7047,13.0,15.23155,16.55295,16.40122,18.02776,25.05993,33.12099,33.12099,34.0147,35.73514,39.39543,40.49691,45.69464,51.92302,53.85165,53.60037,53.33854,61.81424,62.514,60.40695,60.07495,66.0,64.0,70.06426,69.11584,66.00758,72.11103,70.17834,76.10519,69.02898,70.17834,68.35934,74.96666,71.70077,72.56032,70.5762,70.25667,69.42622,67.06713,70.71068,69.05071,59.68249,69.18092,74.52516,68.593,68.46897,65.62012,58.13777,73.06162,73.02739,66.0
11.6619,11.6619,11.6619,11.6619,10.81665,10.29563,10.0,10.0,10.0,10.0,10.0,9.89949,10.63015,9.89949,9.89949,9.89949,9.89949,9.89949,10.63015,9.89949,9.89949,9.89949,9.89949,9.89949,10.63015,9.89949,9.89949,10.63015,10.0,9.21954,8.60233,8.60233,9.43398,8.60233,8.60233,8.06226,8.06226,8.06226,7.61577,6.7082,6.7082,6.7082,6.7082,6.32456,5.38516,5.38516,5.38516,5.38516,5.38516,5.09902,5.09902,4.0,69.77822,67.97794,64.62198,60.37384,60.53924,54.23099,58.18075,55.07268,59.61543,54.78138,59.5063,51.86521,53.48832,53.16014,44.64303,48.83646,56.51548,51.97115,50.9902,48.83646,49.81967,50.80354,51.24451,53.15073,50.21952,49.24429,51.92302,50.35871,51.66237,50.21952,47.85394,48.50773,49.33559,50.21952,42.44997,43.41659,47.16991,44.77723,41.23106,42.15448,40.70626,36.68787,39.66106,34.9285,35.51056,33.83785,30.01666,33.83785,26.1725,26.24881,23.02173,23.43075,28.28427,24.20744,19.79899,24.83948,18.02776,10.44031,13.92839,13.0,13.34166,13.15295,11.04536,15.0,13.0,18.11077,17.72005,20.61553,25.31798,30.36445,33.73426,35.69314,38.63936,39.01282,46.04346,50.08992,52.03845,55.14526,55.00909,54.58938,61.52235,62.514,61.66036,63.78871,64.28841,67.72001,64.03124,65.80274,73.05477,69.64194,70.38466,73.82412,70.26379,68.35203,72.23573,70.93659,75.61085,75.58439,73.92564,74.84651,77.47258,70.21396,73.43024,73.82412,68.942,73.34848,71.11259,68.00735,67.1193,67.1193,61.84658,68.94926,73.34848,73.40981
11.04536,11.04536,10.04988,10.04988,10.04988,10.19804,10.19804,9.48683,9.21954,9.48683,9.48683,9.48683,9.48683,8.544,9.48683,9.84886,9.84886,9.84886,8.94427,8.94427,8.94427,9.84886,9.84886,8.94427,9.84886,9.84886,9.48683,9.48683,9.48683,9.48683,8.24621,8.24621,8.24621,7.28011,7.28011,7.07107,7.07107,7.07107,6.08276,6.08276,6.0,6.0,6.0,5.0,5.0,4.0,4.0,5.0,4.12311,4.12311,4.12311,3.16228,70.21396,66.61081,67.94115,66.8431,59.5483,59.5483,55.97321,62.00806,54.56189,57.28001,56.58622,52.49762,57.48913,53.07542,56.0357,49.92995,55.21775,53.82379,50.21952,46.61545,55.9464,50.21952,49.73932,48.60041,51.0392,50.24938,48.54894,54.12024,52.00961,51.0392,53.33854,56.0357,47.01064,52.43091,46.04346,42.52058,48.9183,43.86342,46.01087,37.53665,44.59821,43.86342,38.28838,33.24154,37.20215,32.01562,30.0,31.76476,31.06445,22.82542,30.01666,25.07987,23.08679,26.40076,25.63201,21.93171,21.2132,11.31371,12.80625,13.0384,12.80625,7.61577,16.76305,14.76482,14.03567,19.64688,19.92486,24.18677,28.79236,31.04835,33.95585,38.8973,34.17601,43.32436,41.59327,51.97115,46.95743,51.0,60.53924,54.08327,54.08327,61.22091,59.40539,58.89822,65.06919,65.05382,68.593,63.78087,69.52697,70.72482,66.70832,70.29225,74.41102,70.0928,70.72482,71.06335,76.48529,75.80237,70.0,74.63243,75.0,74.24958,78.40918,72.94518,65.11528,65.60488,69.02898,65.80274,69.31089,74.41102,67.88225,72.83543,68.593,69.29646
12.72792,12.04159,12.04159,11.31371,11.31371,10.63015,10.63015,10.63015,10.81665,10.81665,10.0,10.81665,10.81665,10.81665,10.81665,11.18034,10.29563,10.29563,10.29563,10.29563,10.29563,10.29563,10.29563,10.29563,10.81665,10.29563,10.81665,10.0,10.0,10.0,10.0,10.0,9.21954,9.21954,9.21954,8.48528,8.48528,7.81025,7.81025,7.81025,7.81025,7.2111,7.2111,6.40312,6.40312,5.83095,5.83095,5.83095,5.83095,5.38516,5.38516,5.09902,70.45566,64.32729,68.88396,58.85576,58.42089,60.82763,55.54278,58.69412,57.87055,55.9017,52.95281,48.05206,52.88667,54.08327,53.45091,49.1935,50.0,52.92447,49.98,50.53712,51.88449,44.28318,50.11986,54.626,47.53946,52.0,46.23851,51.42956,51.5461,49.39636,48.8467,52.20153,47.12749,48.70318,42.44997,45.88028,43.68066,41.4367,46.09772,42.10701,35.90265,34.36568,37.65634,34.36568,32.0,33.54102,32.0,32.24903,29.42788,24.73863,25.07987,22.09072,24.08319,23.4094,21.93171,19.69772,22.13594,13.15295,13.0,10.44031,11.7047,13.15295,9.43398,12.80625,15.65248,22.67157,16.27882,22.67157,23.43075,31.89044,36.79674,35.4683,35.80503,46.40043,41.23106,45.0,49.64877,50.24938,52.92447,52.35456,59.61543,59.77458,63.56886,59.48109,71.30919,64.32729,69.12308,65.25335,72.99315,70.0928,72.36712,70.71068,68.88396,67.47592,68.24954,70.71068,73.1642,71.44928,67.08204,76.41989,72.33948,65.27634,71.06335,76.1643,65.62012,73.17103,69.58448,69.46222,69.58448,67.26812,63.50591,71.70077,71.19691,61.13101
12.16553,11.18034,12.16553,11.18034,11.18034,10.19804,11.04536,10.04988,11.04536,10.0,10.0,10.0,10.0,10.0,10.0,10.04988,10.04988,10.04988,10.04988,10.04988,10.04988,10.04988,10.04988,10.04988,10.04988,10.04988,10.04988,10.0,9.0,10.0,9.0,9.05539,9.05539,9.05539,9.05539,8.06226,8.06226,8.24621,7.28011,7.28011,7.28011,7.28011,6.32456,6.32456,6.32456,5.38516,5.38516,5.38516,5.38516,5.0,5.0,5.0,67.1193,70.49113,66.03787,57.70615,66.88797,57.80138,51.61395,56.0357,57.14018,51.61395,52.80152,52.63079,52.63079,49.51767,52.3259,50.24938,50.93133,43.86342,51.62364,47.38143,53.90733,44.82187,43.86342,42.44997,43.41659,53.03772,49.49747,49.57822,54.45181,52.40229,51.62364,50.24938,48.41487,46.01087,47.50789,45.80393,41.10961,43.56604,43.41659,39.66106,39.20459,34.9285,35.4683,33.61547,35.77709,32.64966,32.89377,30.8707,22.80351,25.63201,22.47221,28.4605,26.0,27.73085,24.18677,22.2036,19.0263,15.23155,13.60147,10.81665,12.80625,12.20656,9.89949,9.21954,20.61553,14.76482,23.85372,23.25941,28.63564,27.73085,34.4093,33.28663,36.35932,38.60052,45.79301,47.20169,50.20956,53.8145,58.0517,60.82763,57.28001,57.48913,58.69412,61.7171,66.61081,67.1193,66.03787,67.41662,66.03787,69.11584,72.89719,76.92204,70.83078,72.56032,72.06941,76.05919,76.05919,76.55717,75.66373,72.47068,75.591,64.88451,66.61081,69.97142,68.44706,67.54258,73.92564,67.1193,70.71068,65.73431,62.6099,67.53518,71.86793,65.76473
12.16553,12.16553,11.04536,12.16553,10.04988,11.04536,10.04988,10.04988,10.04988,10.0,10.0,10.0,10.04988,10.04988,10.04988,10.04988,10.04988,10.04988,11.18034,10.04988,10.04988,10.04988,10.04988,10.19804,10.04988,10.04988,10.0,10.0,10.0,9.0,9.0,9.05539,9.05539,9.05539,8.06226,8.06226,8.06226,8.06226,7.07107,7.07107,6.32456,6.32456,6.08276,6.08276,5.38516,5.38516,5.38516,5.38516,5.38516,4.47214,4.47214,4.47214,69.57011,65.11528,62.03225,65.80274,64.88451,60.72891,55.03635,57.00877,50.08992,53.23533,56.35601,49.39636,53.66563,46.64762,53.53504,53.53504,52.69725,50.32892,50.21952,46.64762,53.2635,47.63402,49.51767,53.2635,48.60041,50.60632,47.50789,47.50789,50.44799,50.60632,53.00943,53.60037,51.47815,53.60037,47.01064,50.24938,44.41846,43.909,45.27693,38.62642,41.14608,34.9285,33.24154,33.61547,34.78505,33.24154,32.98485,29.73214,29.61419,26.30589,27.16616,24.73863,23.5372,24.5153,23.02173,25.01999,22.36068,11.04536,11.40175,11.7047,10.77033,13.0384,15.26434,13.45362,18.43909,19.79899,22.80351,23.43075,28.28427,31.62278,36.12478,36.79674,38.18377,41.72529,42.44997,43.93177,47.01064,49.64877,56.30275,57.68882,54.81788,57.45433,61.7171,64.62198,69.07966,62.76942,66.30988,65.39113,71.69379,66.40783,71.47027,74.04053,74.33034,69.57011,73.37575,71.56815,76.96753,75.0,70.83784,71.7844,78.18568,71.16881,72.53275,72.53275,66.76077,73.38937,68.96376,64.28841,68.94926,67.91171,62.62587,64.07808,67.41662,69.57011
12.04159,12.0,11.0,11.0,11.0,10.0,10.04988,10.04988,10.04988,10.04988,10.04988,10.04988,10.04988,10.04988,10.04988,10.19804,10.19804,10.19804,10.19804,9.21954,10.19804,10.19804,10.19804,10.19804,10.19804,10.19804,10.19804,10.04988,10.04988,10.04988,9.05539,9.0,9.0,8.0,9.0,8.0,8.06226,8.06226,7.07107,7.07107,7.07107,7.07107,6.32456,6.32456,6.32456,5.38516,6.32456,5.38516,5.38516,5.38516,5.83095,5.0,67.1193,59.07622,71.86793,56.22277,57.62812,61.85467,57.2014,59.40539,50.80354,54.56189,50.9902,52.40229,49.67897,48.27007,51.73973,48.83646,49.0408,46.40043,46.75468,47.43416,54.3783,46.87217,50.80354,48.60041,46.8615,52.20153,48.41487,49.20366,49.20366,47.43416,49.64877,54.91812,44.20407,51.40039,43.86342,44.55334,43.60046,45.27693,42.52058,40.36087,34.65545,37.48333,35.80503,32.64966,35.51056,32.64966,31.90611,28.30194,29.52965,24.69818,30.01666,24.08319,24.69818,20.88061,23.25941,23.76973,19.64688,11.7047,13.41641,10.63015,9.48683,11.40175,11.40175,15.81139,18.60108,19.23538,16.64332,20.24846,23.32381,26.41969,31.241,32.80244,34.98571,44.40721,39.20459,43.82921,47.50789,54.45181,53.60037,55.9017,60.10824,57.00877,61.52235,64.66065,65.80274,62.42596,67.80118,63.00794,73.00685,69.89278,69.63476,70.45566,71.19691,71.86793,71.56116,71.69379,74.43118,81.12336,71.86793,71.69379,73.43024,70.21396,68.24222,64.66065,70.45566,67.1193,69.46222,67.97794,64.40497,71.02112,64.63745,67.42403,68.24222,70.3278
11.31371,10.63015,10.63015,10.63015,10.63015,9.21954,9.21954,9.21954,9.21954,9.43398,9.43398,9.43398,9.43398,9.43398,9.43398,9.84886,9.84886,8.94427,8.94427,8.94427,9.43398,8.94427,8.94427,9.84886,8.94427,8.94427,9.43398,9.43398,9.43398,9.43398,8.60233,8.60233,7.81025,7.81025,7.81025,7.07107,7.07107,7.07107,7.07107,6.40312,5.65685,5.0,5.0,5.0,5.0,4.47214,4.47214,4.47214,4.47214,4.47214,4.12311,4.12311,69.58448,62.80127,75.23962,61.81424,64.93843,58.13777,61.52235,61.03278,58.07753,54.08327,50.01,52.15362,55.03635,49.0102,49.09175,50.01,56.56854,57.27128,53.08484,50.01,53.08484,46.38965,47.29693,55.3263,52.7731,57.07889,51.47815,54.12947,52.61179,50.80354,53.15073,47.67599,48.0,48.6621,45.01111,51.0392,43.01163,45.17743,45.04442,42.04759,36.34556,38.01316,34.0147,36.22154,34.71311,33.13608,31.7805,29.41088,25.70992,28.86174,23.32381,24.16609,24.04163,25.29822,23.70654,20.24846,20.51828,7.28011,10.44031,8.24621,8.544,15.29706,12.36932,8.94427,12.52996,20.12461,20.0,23.85372,26.1725,27.65863,36.23534,35.51056,34.88553,44.59821,38.60052,50.15974,54.34151,51.1957,54.34151,55.54278,53.15073,56.4358,57.42822,63.12686,67.06713,61.0082,71.34424,63.12686,65.06919,69.18092,66.06815,69.00725,71.34424,64.03124,70.06426,74.00676,75.05998,71.56815,65.19202,73.97973,72.56032,67.47592,80.50466,68.73136,60.82763,67.1193,69.58448,66.37017,75.32596,60.29925,64.28063,65.37584,74.00676,75.66373
12.16553,11.18034,11.04536,11.18034,11.04536,10.04988,10.04988,10.04988,10.04988,10.0,10.0,10.04988,10.04988,10.04988,10.04988,10.04988,10.04988,10.04988,10.04988,10.04988,10.04988,10.04988,10.04988,10.19804,11.04536,10.04988,10.0,10.0,10.0,9.0,9.05539,9.0,9.05539,9.05539,8.06226,8.06226,8.06226,8.06226,7.07107,7.28011,7.28011,6.32456,6.32456,5.38516,5.38516,5.38516,5.38516,5.38516,5.38516,4.47214,4.47214,3.60555,73.08215,66.12866,64.62198,63.06346,68.15424,63.90618,64.2573,62.39391,55.02727,57.93962,51.26402,51.86521,53.7122,53.23533,53.85165,46.64762,53.25411,55.0,54.6443,53.0,52.80152,53.0,44.68781,50.60632,53.00943,57.2014,54.08327,53.2635,54.40588,52.20153,48.75449,55.56978,51.47815,52.15362,47.16991,48.37355,45.69464,40.8534,45.17743,42.37924,44.27189,37.12142,41.4367,34.71311,37.36308,33.83785,30.59412,29.41088,30.26549,29.42788,24.18677,28.16026,22.36068,29.01724,21.0238,20.02498,20.02498,13.60147,12.04159,8.544,8.94427,14.21267,16.40122,15.6205,19.20937,17.02939,19.10497,28.3196,30.52868,34.82815,30.01666,39.20459,41.01219,41.6173,46.01087,44.59821,48.01042,53.8145,57.00877,53.85165,56.0357,63.13478,66.03787,66.21178,65.74192,67.53518,70.38466,72.8011,66.64083,74.09453,72.44998,76.89603,72.12489,74.0,73.73602,75.76939,76.844,76.53757,75.27284,76.40026,77.88453,64.84597,77.7946,70.60453,66.48308,71.47027,71.16881,66.12866,69.89278,73.00685,65.0,64.40497,80.65358,72.23573
12.04159,12.04159,11.31371,10.63015,10.63015,9.89949,9.89949,9.89949,10.63015,10.0,10.0,10.0,10.0,9.43398,9.43398,10.29563,9.43398,9.43398,9.43398,9.43398,9.43398,9.43398,9.43398,10.29563,10.29563,9.43398,10.0,10.0,9.43398,9.21954,9.21954,9.21954,8.48528,7.81025,8.48528,7.81025,7.81025,7.07107,7.81025,6.40312,7.2111,7.2111,5.83095,5.83095,5.83095,5.83095,5.38516,5.38516,5.38516,5.38516,5.09902,5.09902,69.58448,66.1211,67.26812,64.53681,61.98387,69.58448,58.0517,55.9017,50.28916,58.0517,53.85165,54.81788,54.12024,48.38388,53.16014,50.69517,53.31041,52.3259,51.42956,51.42956,52.15362,50.53712,50.60632,47.41308,48.75449,55.03635,51.88449,55.07268,49.24429,49.24429,47.85394,58.69412,42.54409,45.31004,45.69464,45.88028,45.69464,40.26164,41.4367,40.26164,40.16217,38.32754,36.49658,34.71311,33.06055,33.06055,29.06888,27.29469,26.1725,24.0,26.07681,29.01724,25.17936,21.0238,23.02173,22.36068,21.18962,10.77033,11.04536,11.04536,14.31782,13.34166,12.16553,14.31782,17.02939,22.67157,17.02939,23.43075,27.20294,29.06888,31.40064,34.98571,36.89173,39.44617,42.19005,45.60702,49.24429,50.53712,53.0,50.69517,58.18935,61.03278,63.56886,61.13101,66.28725,59.03389,66.94027,66.48308,72.00694,67.74216,68.24954,70.71068,70.34913,67.74216,73.68175,72.69113,71.25307,69.35416,69.58448,75.23962,72.33948,70.34913,71.44928,75.23962,62.80127,66.0,69.46222,63.1981,69.05071,76.90254,63.28507,69.87131,72.83543,67.68309
11.18034,10.19804,10.19804,10.19804,10.19804,9.21954,9.21954,9.48683,9.48683,9.48683,9.48683,9.48683,8.544,8.544,8.544,9.84886,8.94427,8.94427,8.94427,8.94427,8.94427,8.94427,8.94427,8.94427,8.94427,8.94427,8.544,8.544,8.544,8.544,7.61577,8.24621,7.28011,7.28011,7.28011,7.07107,7.07107,7.07107,6.08276,6.0,6.0,5.0,5.0,5.0,5.0,4.0,4.12311,4.0,4.12311,4.12311,3.16228,3.16228,66.48308,68.62215,63.03174,64.03124,64.66065,59.46427,62.482,62.36986,58.72819,53.8145,51.61395,55.80323,49.09175,54.03702,53.33854,50.53712,52.00961,53.7122,46.64762,55.4617,51.47815,54.12947,51.07837,56.0803,52.39275,49.76947,56.85948,53.7122,53.7122,55.4617,44.77723,52.7731,49.39636,48.37355,50.24938,42.63801,51.31277,42.80187,42.63801,43.01163,42.0119,37.64306,35.60899,38.18377,33.01515,36.76955,35.38361,33.24154,27.58623,23.43075,28.01785,27.20294,26.90725,26.92582,24.59675,23.4094,20.59126,11.6619,11.40175,10.77033,9.21954,12.52996,14.56022,19.31321,20.24846,18.02776,20.88061,24.5153,25.17936,32.01562,31.7805,33.61547,37.36308,44.14748,44.64303,44.38468,52.55473,52.7731,54.23099,55.00909,60.90156,63.28507,61.03278,61.85467,64.81512,65.21503,72.20111,63.12686,70.0928,68.68042,67.88225,71.44928,67.94115,74.27651,73.0,72.18033,70.72482,72.24957,75.0733,72.18033,71.42129,63.63961,76.48529,70.76722,68.62215,70.76722,72.91776,63.70243,76.48529,71.50524,68.76772,65.19202,67.35726,66.06815
11.40175,10.44031,10.44031,10.44031,10.44031,9.48683,9.48683,9.48683,9.48683,8.94427,9.84886,10.29563,9.43398,9.43398,8.94427,9.43398,9.43398,9.43398,9.43398,9.43398,9.43398,9.43398,9.43398,9.43398,9.43398,9.43398,9.43398,9.43398,8.94427,8.94427,8.06226,8.544,8.544,7.61577,7.28011,7.28011,7.28011,7.28011,6.32456,6.32456,6.32456,6.08276,5.09902,5.09902,5.09902,5.09902,5.0,4.12311,4.0,4.0,4.0,4.12311,69.2026,70.60453,65.73431,69.11584,61.77378,60.82763,61.40033,60.03332,55.56978,60.00833,53.22593,63.07139,55.54278,48.76474,56.921,53.16014,55.02727,52.49762,52.49762,55.10898,56.56854,52.95281,48.83646,46.09772,49.0408,53.36666,49.24429,52.7731,56.51548,53.16014,54.40588,53.14132,50.0,43.9659,47.75982,45.61798,44.77723,43.01163,43.41659,42.15448,45.69464,35.35534,36.23534,33.61547,32.64966,32.75668,33.01515,30.61046,27.80288,28.6531,26.40076,29.41088,25.4951,21.26029,27.58623,22.2036,23.60085,9.43398,14.86607,13.0,13.60147,12.64911,12.04159,14.03567,13.0384,19.0263,23.19483,22.36068,29.15476,31.0,32.24903,35.12834,39.62323,45.54119,38.63936,45.35416,48.50773,51.24451,53.45091,58.82176,60.53924,61.32699,65.0,63.95311,67.1193,59.36329,70.72482,68.96376,70.45566,76.66159,73.24616,73.78347,71.02816,71.28113,76.844,74.63243,72.67049,78.60025,73.23933,75.21303,71.40028,71.86793,75.29276,66.88797,69.11584,65.19202,70.45566,69.02898,76.55064,70.72482,69.64194,70.72482,75.58439,67.95587
11.04536,11.18034,11.18034,11.18034,10.19804,10.19804,9.21954,9.21954,9.21954,9.48683,9.48683,8.94427,8.94427,8.94427,8.94427,8.94427,8.94427,8.94427,9.43398,9.43398,8.94427,8.94427,8.94427,9.43398,9.43398,8.94427,8.94427,8.94427,8.94427,8.544,8.544,8.544,8.544,8.24621,7.28011,7.28011,7.28011,7.07107,6.08276,6.08276,6.08276,6.08276,6.0,5.09902,5.0,5.0,5.0,5.0,5.0,4.0,4.12311,4.12311,70.17834,65.29931,65.21503,65.80274,67.20119,62.42596,57.68882,59.07622,58.41233,54.6443,51.10773,50.24938,51.62364,48.37355,46.52956,50.60632,49.0408,47.43416,50.32892,49.24429,50.59644,50.32892,51.66237,50.9902,53.36666,51.41984,53.7122,57.87055,52.92447,50.59644,48.76474,50.15974,46.09772,45.88028,50.15974,46.51881,43.08132,46.51881,45.65085,37.12142,34.0147,35.51056,38.58756,36.05551,33.01515,25.45584,29.0,29.20616,25.6125,26.90725,28.28427,25.6125,24.08319,27.58623,24.69818,20.61553,23.70654,14.21267,7.2111,12.20656,7.28011,12.64911,14.31782,14.56022,13.0384,16.27882,18.24829,23.19483,28.07134,29.27456,33.73426,35.17101,32.55764,40.16217,42.44997,43.01163,44.77723,48.46648,53.14132,56.0803,54.58938,56.0357,61.85467,60.20797,62.1289,66.61081,67.41662,65.43699,66.85058,69.2026,69.02898,72.47068,68.60029,69.42622,66.6033,66.06815,67.35726,75.66373,67.94115,72.62231,65.79514,71.50524,66.4003,68.76772,64.53681,65.29931,61.7171,67.62396,69.31089,65.29931,64.81512,68.24222,74.02702,60.44005
11.40175,10.44031,10.77033,10.44031,10.77033,9.48683,9.84886,9.84886,8.94427,8.94427,8.94427,9.43398,9.43398,9.43398,9.43398,9.43398,8.60233,10.0,8.60233,10.0,8.60233,9.43398,9.43398,10.0,9.43398,8.60233,8.60233,9.43398,8.94427,9.43398,8.06226,8.94427,8.06226,7.61577,7.61577,7.61577,7.61577,6.32456,6.32456,6.32456,6.32456,6.08276,6.08276,5.09902,5.09902,5.0,5.0,5.0,5.0,4.0,4.12311,4.12311,69.12308,66.7308,64.84597,59.77458,60.53924,62.29767,53.45091,61.03278,54.70832,55.65968,54.81788,50.69517,56.75385,40.4475,50.69517,50.21952,52.15362,54.08327,52.0,45.04442,52.00961,52.08647,53.03772,51.0,50.08992,51.08816,50.35871,56.0,50.48762,51.47815,48.04165,52.23983,49.25444,51.47815,48.05206,49.64877,47.85394,44.18144,45.89118,39.05125,37.0,37.69615,39.84972,32.69557,30.8707,31.95309,32.89377,28.23119,25.4951,29.15476,24.69818,26.07681,29.52965,20.80865,26.24881,23.34524,18.43909,10.29563,10.63015,5.38516,13.0384,15.0333,12.16553,15.81139,13.0,19.92486,15.81139,24.35159,24.04163,31.01612,32.01562,31.40064,36.05551,41.0,41.0,46.38965,45.01111,47.09565,56.4358,54.23099,54.74486,57.42822,59.43904,61.13101,66.21933,65.11528,64.2573,61.09828,69.57011,72.11103,71.7844,71.30919,66.85058,66.30988,74.84651,70.21396,69.26038,73.53911,73.40981,64.07808,71.86793,64.84597,67.77905,68.8767,68.02941,68.942,65.78754,72.73239,65.14599,69.89278,59.94164,69.64194,73.5459,66.48308
11.18034,11.18034,10.77033,10.77033,9.84886,9.84886,9.84886,9.48683,9.48683,9.21954,10.44031,10.19804,10.19804,9.21954,9.05539,10.04988,10.04988,9.05539,10.04988,10.04988,10.04988,10.04988,10.19804,10.04988,10.04988,10.19804,9.21954,9.21954,9.21954,9.21954,9.21954,9.21954,8.24621,8.544,8.544,7.61577,7.61577,7.61577,6.7082,6.7082,6.7082,5.83095,5.83095,5.83095,5.83095,5.0,5.0,5.0,5.0,4.24264,4.24264,4.24264,68.593,61.18823,65.0,65.62012,66.09841,59.66574,56.51548,59.20304,50.28916,55.08176,54.12024,54.70832,55.65968,50.08992,48.46648,56.36488,50.9902,49.73932,49.98,54.626,53.7122,50.9902,44.41846,51.42956,47.92703,52.3259,53.66563,50.60632,46.14109,49.65884,48.8467,54.23099,50.53712,45.31004,53.85165,47.43416,46.32494,42.72002,41.97618,43.56604,42.42641,39.05125,45.70558,37.65634,31.01612,36.01389,30.06659,32.0,30.01666,26.68333,27.07397,28.07134,24.73863,23.08679,22.56103,24.35159,19.64688,13.60147,11.6619,15.0,10.77033,9.89949,14.86607,18.02776,18.86796,23.60085,18.86796,22.2036,25.23886,27.45906,32.24903,31.14482,37.53665,39.62323,45.25483,45.45327,46.09772,48.9183,55.0,54.40588,56.30275,61.05735,61.58734,64.07808,67.08204,64.62198,65.30697,63.89053,69.07966,69.64194,68.68042,73.76313,70.0928,69.64194,69.28925,72.8011,70.5195,75.70997,68.35203,72.53275,74.04053,66.70832,72.27724,69.46222,70.34202,69.12308,71.80529,68.30813,72.11103,71.58911,61.84658,66.40783,68.65858,69.57011
11.40175,11.40175,11.40175,11.40175,10.44031,10.44031,10.77033,10.77033,10.44031,9.84886,9.84886,10.29563,10.29563,9.84886,10.29563,10.29563,10.29563,10.29563,9.43398,9.43398,10.29563,10.29563,10.29563,10.29563,10.29563,10.29563,9.84886,9.84886,9.84886,9.84886,8.544,8.544,8.544,8.544,8.24621,8.24621,8.24621,8.24621,7.07107,7.07107,7.0,7.0,6.0,6.0,6.0,6.0,6.08276,5.09902,5.09902,5.09902,5.09902,5.38516,63.13478,63.56099,68.70953,58.69412,63.15853,61.46544,55.54278,61.46544,57.58472,60.63827,60.44005,51.41984,57.07013,49.0408,54.33231,55.22681,56.08921,51.41984,52.34501,53.93515,53.15073,56.4358,51.15662,51.1957,49.49747,48.50773,50.24938,52.15362,53.93515,54.74486,48.83646,50.9902,46.87217,54.57105,43.17407,42.95346,45.60702,44.64303,44.01136,42.54409,42.44997,38.91015,36.24914,40.71855,33.28663,33.61547,35.60899,31.40064,28.6007,28.6531,28.42534,25.55386,21.40093,23.34524,21.93171,20.61553,23.85372,12.04159,12.36932,11.04536,11.18034,17.08801,13.15295,13.34166,13.41641,17.02939,21.37756,22.36068,31.30495,29.27456,32.55764,37.21559,36.49658,43.41659,43.0,46.17359,48.09366,49.36598,57.14018,58.13777,59.03389,59.5399,62.16912,63.60031,69.64194,65.14599,70.5762,63.90618,72.11103,67.97794,73.53911,75.15318,74.84651,71.30919,75.02666,68.8767,72.61543,74.73286,74.09453,72.61543,74.73286,74.24284,68.30813,70.21396,72.61543,67.97794,74.24958,70.26379,67.1193,70.26379,66.64083,76.96753,74.09453,70.21396
11.7047,11.7047,11.40175,11.7047,11.40175,10.44031,10.44031,10.44031,10.19804,10.19804,10.19804,10.19804,10.19804,10.04988,10.04988,10.04988,10.04988,10.04988,10.04988,10.04988,10.04988,10.04988,10.04988,10.04988,10.04988,10.04988,10.04988,10.04988,10.04988,10.04988,9.21954,9.21954,9.21954,8.544,9.48683,8.544,8.544,7.61577,7.61577,7.61577,6.7082,6.7082,6.7082,6.7082,5.83095,5.83095,5.83095,5.0,5.0,5.0,5.0,5.0,73.4983,70.3278,68.50547,60.53924,68.41053,54.3783,63.82006,61.58734,60.74537,50.21952,55.0,55.0,55.31727,46.01087,45.25483,52.63079,58.0517,49.67897,55.86591,55.44367,53.15073,54.40588,52.00961,50.20956,50.20956,52.34501,51.61395,52.40229,52.40229,54.91812,51.66237,56.22277,52.34501,47.42362,49.49747,46.69047,46.75468,40.22437,43.01163,38.01316,39.69887,43.27817,36.23534,36.35932,33.61547,34.48188,33.12099,30.01666,26.83282,25.94224,25.07987,23.76973,25.4951,22.80351,19.64688,22.36068,18.24829,9.43398,9.43398,14.31782,14.76482,17.88854,14.86607,15.81139,18.60108,14.31782,20.59126,19.41649,25.07987,30.88689,33.24154,35.8469,38.41875,39.66106,45.22168,43.01163,49.51767,57.31492,53.75872,59.5483,58.69412,59.46427,66.48308,62.482,65.29931,68.8186,66.4003,70.23532,69.11584,70.83078,76.53757,72.00694,72.40166,74.62573,78.77182,75.17978,80.26207,72.00694,74.09453,71.02112,79.61156,64.88451,72.20111,72.49828,75.47185,70.3278,78.29432,73.43024,75.16648,70.66116,64.66065,74.09453,71.86793,72.94518
11.18034,11.18034,10.77033,10.29563,9.84886,9.84886,9.48683,9.48683,9.48683,9.48683,9.21954,9.21954,9.21954,9.21954,9.21954,10.04988,9.05539,9.05539,9.05539,9.05539,9.05539,9.05539,9.05539,9.05539,9.05539,9.05539,9.05539,9.21954,9.21954,9.21954,8.24621,8.24621,8.24621,7.28011,7.28011,7.28011,7.61577,6.7082,6.7082,6.32456,5.38516,5.83095,5.38516,5.83095,4.47214,4.47214,4.47214,4.24264,4.24264,4.24264,4.24264,3.60555,72.11103,69.64194,62.64184,63.90618,64.56005,57.93962,62.96825,60.16644,56.30275,55.71355,56.46238,49.64877,59.05929,55.07268,54.12024,51.0392,55.47071,55.22681,51.10773,52.00961,58.89822,53.15073,53.90733,47.80167,52.80152,53.60037,52.43091,59.64059,53.0,53.82379,46.04346,53.60037,48.60041,50.24938,48.54894,46.95743,47.85394,45.79301,48.75449,43.82921,42.95346,42.37924,39.56008,36.68787,38.07887,33.24154,33.24154,26.24881,30.26549,25.0,23.4094,25.96151,26.30589,29.61419,25.01999,22.09072,20.09975,11.40175,11.18034,15.65248,13.60147,11.18034,10.29563,10.0,17.20465,18.78829,25.0,24.04163,26.90725,32.01562,36.23534,43.41659,37.53665,41.7732,44.68781,45.96738,52.40229,54.20332,52.80152,62.17717,61.05735,60.00833,67.1193,63.15853,62.03225,69.857,68.30813,67.06713,71.8401,69.57011,71.7844,74.33034,72.44998,69.26038,73.05477,78.1025,73.76313,71.30919,71.16881,73.68175,72.73239,66.70832,72.49828,66.40783,73.4983,69.92138,65.52099,71.38627,68.94926,68.70953,67.23095,71.86793,70.83784,69.89278
11.18034,11.18034,10.77033,10.77033,9.84886,9.84886,9.84886,9.48683,9.84886,9.48683,9.48683,9.21954,9.21954,9.21954,9.21954,9.21954,9.21954,9.21954,9.05539,9.21954,9.21954,9.21954,9.21954,9.05539,9.21954,9.21954,9.48683,9.48683,9.48683,8.544,8.544,8.544,8.544,7.61577,8.06226,8.06226,8.06226,6.7082,6.7082,6.40312,6.40312,6.40312,6.40312,5.65685,5.65685,5.0,5.0,5.0,5.0,5.0,4.47214,4.47214,69.72087,68.26419,67.18631,66.28725,63.56099,59.68249,53.60037,59.03389,56.88585,57.48913,55.31727,54.12947,53.85165,50.69517,50.32892,50.15974,49.1935,51.89412,48.76474,57.93962,58.60034,48.37355,49.73932,49.24429,51.42956,45.18849,51.07837,56.36488,46.09772,54.56189,52.39275,56.30275,47.16991,47.92703,47.16991,47.53946,41.48494,43.08132,44.72136,45.89118,36.05551,39.29377,36.34556,36.13862,35.22783,32.06244,29.0,32.14032,27.01851,28.0,24.18677,24.18677,29.0,23.02173,19.64688,23.76973,22.47221,12.36932,12.36932,11.7047,12.08305,13.15295,11.40175,17.0,13.45362,19.69772,18.60108,22.02272,24.20744,31.14482,29.41088,34.05877,37.64306,43.909,40.49691,46.09772,44.28318,45.27693,52.92447,55.9017,56.79789,59.23681,67.06713,64.84597,66.48308,59.66574,68.41053,61.68468,63.15061,69.63476,69.46222,69.58448,70.5762,65.49046,75.53807,69.2315,69.05071,76.53104,74.54529,73.17103,72.83543,69.06519,71.34424,69.26038,70.11419,76.53104,69.11584,66.27217,67.08204,78.51751,69.58448,68.65858,68.88396,69.87131
10.81665,11.6619,10.29563,10.81665,9.43398,10.29563,9.84886,9.84886,9.84886,8.544,9.48683,9.48683,9.48683,9.48683,9.48683,9.21954,10.19804,9.21954,9.21954,10.19804,9.21954,9.21954,9.21954,10.19804,10.19804,9.21954,9.21954,9.48683,9.48683,8.544,8.544,8.544,8.544,7.61577,7.61577,7.61577,7.61577,7.2111,6.7082,6.7082,6.40312,5.83095,5.0,5.0,5.0,5.0,5.0,4.24264,4.24264,4.24264,3.60555,3.60555,66.28725,69.58448,64.19502,62.64982,64.62971,62.58594,60.01666,63.3877,63.00794,54.58938,54.23099,49.0102,54.03702,53.15073,48.04165,57.03508,55.08176,55.31727,52.15362,49.81967,55.44367,52.63079,52.61179,52.15362,52.23983,51.24451,57.07013,55.7315,50.08992,56.88585,52.08647,50.15974,53.03772,48.04165,49.0408,43.18565,51.62364,46.27094,43.18565,46.27094,39.11521,47.51842,43.01163,37.65634,38.8973,31.32092,33.24154,31.04835,28.86174,26.92582,28.86174,28.63564,28.4605,29.06888,24.16609,26.62705,20.0,12.16553,15.13275,15.0333,12.36932,12.16553,15.29706,9.21954,15.81139,16.64332,19.23538,26.92582,27.78489,28.30194,32.75668,34.98571,38.27532,36.68787,36.40055,46.09772,52.61179,52.95281,53.36666,55.44367,61.0,59.4138,64.38167,61.20457,72.00694,64.12488,71.02816,60.29925,72.02777,64.12488,71.70077,71.70077,76.65507,66.61081,69.72087,75.23962,77.52419,79.83107,74.54529,69.72087,72.56032,65.73431,75.53807,71.70077,65.30697,69.72087,71.02112,66.18912,70.25667,72.69113,61.20457,71.44928,82.29824,74.24284
12.04159,11.40175,11.40175,12.04159,11.40175,10.81665,10.81665,10.81665,10.81665,10.81665,10.29563,11.18034,10.29563,10.29563,10.29563,10.77033,10.77033,11.18034,10.77033,11.18034,10.29563,11.18034,10.29563,11.18034,11.18034,10.29563,10.29563,10.81665,9.43398,10.29563,9.43398,10.0,9.21954,9.21954,8.60233,9.21954,9.21954,8.48528,8.48528,7.07107,7.07107,7.07107,6.40312,6.40312,6.40312,6.40312,5.83095,5.83095,5.83095,5.83095,5.38516,5.38516,66.48308,62.0967,69.64194,66.09841,61.98387,56.921,61.68468,55.15433,52.20153,51.24451,56.46238,52.0,53.75872,52.80152,54.56189,54.20332,52.83938,51.0,56.79789,48.54894,53.53504,46.06517,56.0803,52.47857,51.97115,54.58938,49.1935,53.23533,48.8467,51.31277,47.85394,48.8774,49.24429,53.23533,42.04759,44.94441,45.61798,44.92215,43.9659,43.01163,38.63936,35.17101,38.20995,32.75668,37.65634,30.26549,32.24903,38.47077,26.4764,25.17936,28.16026,25.01999,27.07397,24.33105,20.22375,21.84033,21.84033,11.40175,13.92839,14.76482,13.41641,9.84886,15.0,9.21954,16.64332,19.20937,18.97367,23.34524,26.90725,29.41088,33.30165,31.89044,38.8973,40.31129,42.44997,44.55334,45.0,51.86521,59.16925,54.12947,61.05735,57.3062,64.41273,58.13777,61.26989,62.93648,70.26379,67.77905,70.2282,73.05477,68.68042,71.8401,68.68042,69.12308,72.42237,75.96052,72.8011,74.95332,65.14599,74.04053,75.0,71.06335,67.46851,70.34202,72.03471,70.85901,66.76077,70.88018,70.88018,70.61161,71.16881,71.8401,77.49194,70.83078
10.44031,10.44031,9.48683,10.44031,9.48683,9.48683,9.21954,9.21954,9.21954,9.05539,9.05539,9.05539,9.0,9.0,9.0,9.0,9.0,9.0,9.0,9.0,9.0,9.0,9.0,9.0,9.0,9.0,9.0,9.05539,9.05539,8.06226,8.06226,8.06226,8.24621,7.07107,7.28011,7.28011,7.28011,6.32456,6.32456,6.32456,5.38516,5.38516,5.38516,4.47214,4.47214,4.47214,4.47214,4.47214,3.60555,3.60555,4.24264,4.24264,63.56099,67.74216,70.83078,62.0967,64.28841,61.84658,62.64184,65.11528,53.16014,52.49762,52.17279,53.85165,54.23099,53.85165,57.24509,57.27128,54.78138,50.15974,54.23099,52.35456,54.91812,49.1935,54.91812,51.47815,48.76474,54.08327,53.85165,55.07268,48.8467,48.30114,53.23533,56.0803,49.24429,54.23099,45.17743,47.12749,47.53946,48.76474,40.80441,45.89118,41.10961,36.68787,40.11234,33.95585,34.52535,32.14032,31.40064,34.0147,29.15476,27.29469,26.0,31.01612,22.09072,22.36068,21.09502,27.16616,24.73863,9.48683,11.04536,12.80625,12.04159,9.89949,10.81665,12.04159,16.40122,17.80449,21.47091,21.26029,29.73214,32.01562,32.52691,37.80212,35.80503,40.36087,39.82462,47.01064,44.40721,53.85165,54.08327,51.88449,60.92618,59.5063,57.38467,58.94065,60.74537,62.62587,69.64194,69.63476,71.56815,70.34202,67.72001,70.88018,65.73431,69.42622,70.61161,68.73136,72.83543,71.84706,71.19691,73.1642,74.8131,70.03571,63.34824,70.34202,67.6757,73.97973,63.78871,68.73136,66.48308,63.78871,64.03124,74.46476,74.46476,69.37579
12.04159,12.04159,11.18034,11.04536,11.04536,11.04536,10.19804,10.19804,10.19804,10.19804,10.44031,10.44031,10.19804,10.44031,9.48683,10.77033,10.77033,9.84886,9.84886,9.48683,10.44031,10.44031,10.44031,9.84886,10.44031,10.44031,10.44031,10.19804,10.19804,9.21954,9.21954,9.21954,9.05539,9.05539,9.05539,8.0,8.0,8.0,7.0,7.0,7.07107,7.07107,7.07107,6.08276,6.08276,6.08276,6.32456,6.32456,5.38516,5.38516,5.38516,4.47214,62.96825,63.25346,56.72742,61.55485,60.44005,54.81788,58.72819,55.9017,53.41348,52.80152,52.49762,51.10773,52.80152,49.92995,47.43416,46.52956,48.76474,51.89412,48.8774,44.28318,53.31041,51.42956,48.33218,50.11986,46.06517,51.10773,52.39275,52.47857,51.88449,56.0803,51.62364,48.8774,41.18252,48.30114,44.10215,42.19005,40.60788,46.87217,42.80187,39.69887,37.64306,38.18377,32.55764,34.65545,33.24154,33.97058,26.62705,29.83287,25.80698,26.40076,25.23886,25.6125,22.82542,24.59675,22.13594,23.25941,21.84033,12.04159,7.81025,11.31371,11.6619,12.20656,10.29563,10.77033,14.86607,18.02776,19.41649,21.37756,18.43909,28.01785,33.37664,36.68787,40.26164,40.02499,44.38468,40.5216,47.92703,47.43416,50.9902,56.85948,55.9017,54.20332,58.83026,60.21628,64.89992,65.0,64.2028,68.24222,64.53681,67.35726,67.20863,66.48308,70.00714,70.93659,70.45566,71.50524,71.8401,69.29646,71.44928,74.33034,74.27651,65.06919,62.62587,66.52819,67.20863,67.20863,70.72482,68.62215,70.93659,65.11528,63.63961,64.44377,65.11528,66.46804
10.04988,9.05539,10.04988,10.04988,10.04988,9.05539,9.21954,8.24621,8.24621,8.24621,8.24621,8.24621,8.544,8.544,8.544,8.94427,7.61577,8.94427,8.94427,8.94427,8.544,8.94427,8.544,8.94427,8.544,8.544,8.544,8.544,8.544,8.24621,8.24621,8.24621,7.28011,7.28011,7.07107,7.07107,7.07107,6.0,6.0,6.0,6.0,5.0,5.0,5.0,5.0,4.12311,4.12311,4.12311,4.12311,4.47214,3.60555,3.60555,66.52819,74.51845,68.11755,63.60031,65.11528,58.79626,61.03278,58.13777,60.80296,59.20304,49.92995,54.3783,58.59181,53.7122,49.64877,52.3259,55.07268,49.98,50.08992,51.07837,55.54278,52.39275,55.02727,50.32892,54.626,54.78138,51.07837,44.38468,51.62364,46.52956,49.65884,49.64877,54.12024,49.24429,48.76474,46.52956,45.61798,44.41846,46.61545,40.22437,41.7732,39.69887,39.05125,36.79674,37.80212,34.71311,28.42534,33.42155,29.0,23.34524,30.4795,23.34524,28.3196,26.40076,23.02173,24.18677,23.4094,11.31371,12.80625,12.08305,9.21954,12.08305,14.86607,11.6619,10.77033,18.68154,19.0263,20.88061,28.01785,29.61419,33.95585,38.60052,37.94733,37.33631,42.15448,41.23106,46.51881,44.94441,55.00909,51.31277,56.4358,62.76942,62.42596,65.94695,68.24222,67.47592,58.60034,65.79514,69.02898,66.06815,73.75636,71.8401,71.42129,65.06919,65.06919,68.593,76.41989,73.66139,70.72482,71.44928,75.74299,71.44928,60.82763,70.0928,71.50524,72.86288,65.76473,67.17887,69.29646,68.0147,61.6198,67.94115,73.0,70.43437
12.16553,11.04536,12.04159,11.04536,11.04536,10.04988,10.0,10.0,10.0,10.04988,10.0,10.0,10.04988,10.04988,9.05539,10.19804,10.19804,10.19804,10.19804,10.19804,10.19804,10.19804,10.19804,10.19804,11.18034,10.04988,10.04988,10.19804,9.05539,10.04988,9.05539,9.05539,9.05539,9.0,8.0,9.0,8.0,8.06226,7.07107,7.0,7.07107,6.08276,7.07107,6.08276,6.08276,5.09902,5.09902,5.09902,5.09902,5.09902,4.47214,4.47214,66.52819,69.29646,69.31089,63.65532,60.10824,57.98276,56.63921,56.63921,57.98276,52.3259,52.00961,50.20956,53.60037,49.81967,51.40039,52.69725,48.37355,49.81967,48.8774,49.1935,53.22593,52.43091,47.42362,49.76947,49.73932,49.1935,51.97115,48.37355,48.76474,54.20332,49.0408,45.0,49.39636,47.16991,45.27693,44.82187,43.27817,38.27532,44.20407,37.48333,43.93177,43.41659,38.8973,30.4795,33.97058,28.28427,34.20526,25.23886,30.23243,28.6007,22.82542,28.6531,20.80865,23.25941,26.07681,21.93171,20.61553,12.72792,12.72792,14.42221,13.0384,15.81139,15.65248,15.81139,17.0,20.24846,21.2132,24.73863,20.88061,28.63564,32.28002,32.01562,37.10795,40.16217,44.72136,46.48656,42.94182,47.50789,49.39636,56.82429,59.05929,60.74537,63.00794,62.20129,58.60034,65.80274,65.43699,73.40981,68.88396,68.0147,67.20863,75.0733,70.76722,75.0733,72.83543,68.62215,73.0,70.83784,71.42129,69.35416,66.52819,72.34639,67.35726,67.89698,68.593,66.8431,71.44928,69.31089,70.71068,65.11528,69.29646,71.42129,66.70832,72.47068
11.7047,11.7047,10.77033,11.7047,10.77033,10.77033,9.84886,10.29563,10.29563,10.29563,10.29563,10.81665,10.29563,10.81665,10.81665,10.0,10.0,10.0,10.0,10.0,10.29563,10.81665,10.0,10.81665,10.81665,10.0,10.29563,10.29563,10.29563,9.43398,8.94427,9.84886,8.94427,8.544,8.544,8.544,8.544,7.28011,7.28011,7.28011,7.28011,7.28011,6.08276,6.08276,6.08276,6.08276,6.08276,5.09902,5.0,5.0,5.0,4.12311,68.09552,72.47068,64.00781,54.3783,61.03278,60.20797,57.68882,58.18075,57.80138,51.0,54.3783,51.97115,49.09175,56.0803,50.32892,47.75982,51.86521,49.33559,49.64877,50.56679,59.13544,50.32892,51.92302,52.81098,49.24429,53.31041,49.33559,53.75872,55.9464,49.24429,44.77723,48.8467,50.56679,51.62364,44.29447,45.79301,42.19005,46.09772,41.18252,42.2019,40.80441,42.42641,35.0,39.40812,30.4795,32.55764,31.89044,34.65545,25.80698,30.61046,30.0,26.62705,26.07681,25.05993,23.25941,23.25941,19.41649,13.34166,12.36932,8.24621,15.0,12.08305,13.0384,15.0333,20.39608,18.68154,21.2132,21.58703,23.34524,28.79236,30.67572,33.13608,38.60052,36.12478,42.19005,45.70558,48.04165,54.23099,59.13544,56.75385,59.3043,61.66036,63.06346,66.4906,67.44627,73.08215,67.72001,69.28925,66.12866,72.01389,70.77429,70.38466,70.66116,72.8011,67.06713,74.67262,76.32169,76.02631,72.91776,72.89719,75.58439,68.0,71.56116,72.42237,69.77105,69.35416,73.82412,65.30697,68.8767,69.64194,68.24222,71.69379,72.01389,65.76473
11.31371,11.31371,11.31371,9.89949,10.63015,9.89949,9.21954,9.21954,9.21954,9.21954,10.0,9.43398,9.43398,9.43398,9.43398,10.29563,8.94427,8.94427,8.94427,8.94427,9.43398,9.43398,9.43398,9.43398,10.29563,9.43398,9.43398,10.0,8.60233,8.60233,7.81025,8.60233,7.81025,8.48528,7.81025,7.07107,7.07107,6.40312,6.40312,6.40312,6.40312,5.83095,5.83095,5.83095,5.0,4.47214,4.47214,4.47214,4.47214,4.12311,4.12311,4.0,69.87131,69.18092,69.87131,60.00833,63.07139,63.12686,60.29925,64.28063,59.4138,55.14526,53.15073,49.09175,51.0392,52.61179,49.09175,52.17279,53.93515,52.61179,54.74486,48.05206,53.16014,48.25971,57.24509,51.92302,53.60037,59.20304,52.88667,52.88667,56.56854,47.29693,50.69517,48.76474,48.37355,50.48762,44.10215,50.01,50.01,45.01111,49.0408,47.01064,43.04649,36.01389,37.33631,38.01316,37.65634,32.55764,32.75668,33.73426,29.06888,29.73214,25.29822,29.83287,22.80351,24.35159,20.88061,22.47221,20.12461,12.04159,15.13275,11.04536,13.0,15.26434,11.7047,17.72005,13.45362,17.88854,17.88854,21.09502,22.80351,30.41381,26.83282,33.54102,35.1141,48.33218,45.22168,47.43416,44.94441,46.17359,50.0,57.70615,56.7186,62.07254,64.38167,63.1981,64.0,67.18631,70.00714,64.12488,73.02739,69.18092,65.19202,72.33948,69.58448,68.35934,70.17834,72.24957,74.16873,75.23962,73.06162,75.50497,74.43118,75.32596,67.89698,65.27634,61.13101,71.17584,70.34913,65.00769,68.18358,73.02739,67.18631,72.24957,70.0,65.49046
11.31371,10.63015,10.0,11.40175,10.0,10.0,10.0,9.43398,9.43398,9.43398,9.43398,9.43398,8.94427,8.94427,8.94427,9.84886,9.84886,8.94427,9.48683,9.48683,9.84886,9.48683,8.94427,9.48683,9.84886,9.84886,8.94427,8.94427,8.94427,8.94427,8.06226,8.06226,8.60233,7.2111,7.81025,7.81025,7.81025,7.07107,6.40312,7.07107,6.40312,6.40312,5.65685,5.0,5.0,5.0,5.0,5.0,4.47214,4.47214,4.47214,4.12311,71.25307,65.19202,68.18358,70.06426,60.07495,64.0,61.20457,64.07027,49.0,54.00926,53.00943,49.09175,56.00893,50.24938,50.80354,51.35173,51.35173,52.34501,54.12947,51.1957,54.12947,52.15362,51.5461,48.27007,48.50773,50.80354,53.36666,53.60037,51.66237,57.07013,51.62364,55.3263,43.41659,50.15974,48.16638,38.01316,42.0119,39.05125,42.0,42.29657,42.04759,40.11234,34.0147,36.87818,36.0,27.65863,37.65634,28.44293,25.63201,27.73085,26.24881,21.58703,24.69818,21.37756,19.69772,24.08319,23.32381,14.0,12.64911,8.24621,7.07107,12.04159,13.34166,11.7047,16.15549,20.59126,16.27882,23.32381,25.55386,25.94224,31.90611,34.9285,33.10589,39.81206,39.81206,42.54409,48.70318,52.39275,54.12024,51.92302,53.36666,57.07013,58.24946,63.28507,72.33948,64.28063,66.48308,67.06713,69.06519,68.00735,71.11259,68.02941,73.10951,70.17834,70.25667,72.11103,77.41447,72.33948,69.00725,73.5527,74.16873,72.44308,65.0,68.00735,71.25307,64.12488,67.47592,74.67262,66.06815,74.33034,61.40033,67.47592,66.37017,66.0303
12.36932,11.18034,11.40175,11.18034,11.40175,10.19804,10.44031,10.44031,10.44031,9.48683,9.48683,9.84886,9.84886,9.84886,9.84886,10.29563,10.29563,10.29563,9.43398,9.43398,10.29563,10.29563,10.29563,10.29563,10.29563,10.29563,9.84886,9.84886,9.84886,9.84886,8.544,8.544,8.544,8.544,8.544,8.24621,8.24621,8.24621,7.07107,7.28011,7.07107,7.07107,7.07107,6.08276,6.0,6.0,6.0,5.0,6.08276,5.09902,5.09902,5.09902,65.79514,61.85467,68.50547,60.46487,65.43699,58.00862,59.07622,53.0,51.31277,55.47071,55.22681,54.56189,57.3062,51.07837,51.89412,52.55473,53.31041,53.48832,52.39275,50.69517,53.45091,51.62364,52.20153,52.81098,51.26402,52.49762,50.01,54.78138,42.37924,53.31041,43.65776,52.7731,51.07837,43.38202,43.41659,44.94441,41.59327,43.26662,37.73592,41.67733,45.48626,43.909,35.22783,34.82815,35.38361,32.01562,29.83287,30.4795,29.0,25.6125,29.06888,28.01785,25.4951,23.32381,23.43075,23.32381,19.92486,12.72792,7.2111,10.63015,13.41641,10.19804,13.34166,14.03567,17.02939,20.0,20.02498,25.17936,28.07134,32.06244,34.0,35.69314,36.01389,36.87818,42.95346,43.73786,44.91102,50.69517,54.40588,55.36244,59.09315,54.626,58.87274,62.64982,61.40033,65.8635,63.06346,66.7308,68.7968,71.28113,70.3278,70.45566,72.20111,73.4983,72.62231,77.42093,72.00694,71.8401,74.20243,72.00694,69.6563,71.40028,69.02898,66.8431,67.6757,68.24954,72.34639,71.58911,71.61006,67.80118,64.2028,72.94518,69.81404,66.21933
11.7047,10.44031,11.7047,10.44031,10.44031,9.48683,9.84886,8.94427,9.84886,8.94427,8.94427,9.43398,9.43398,9.43398,9.43398,10.0,9.21954,9.43398,9.21954,9.43398,10.0,10.0,8.60233,9.21954,10.0,9.21954,9.43398,9.43398,9.43398,8.60233,8.06226,8.06226,8.94427,7.61577,7.61577,7.61577,7.61577,7.28011,6.32456,6.32456,6.08276,6.08276,5.09902,5.09902,5.09902,5.0,5.0,5.0,5.0,4.0,4.0,4.12311,66.7308,68.0,70.00714,62.39391,64.88451,56.60389,56.85948,57.58472,59.80803,52.88667,57.93962,52.49762,50.28916,57.58472,54.12947,48.76474,54.57105,52.61179,55.10898,54.91812,55.08176,54.58938,55.14526,54.23099,55.57877,52.17279,55.54278,58.54912,52.61179,51.62364,47.29693,45.88028,49.47727,54.34151,43.68066,46.84015,53.15073,45.60702,42.44997,41.10961,39.82462,38.62642,41.18252,36.24914,32.24903,34.66987,28.6007,29.06888,27.45906,30.46309,28.63564,21.26029,28.42534,25.6125,23.43075,24.83948,19.41649,12.72792,12.20656,11.40175,9.21954,12.16553,11.04536,11.04536,17.72005,17.26268,20.22375,22.36068,24.02082,32.06244,33.24154,31.06445,40.1995,39.20459,45.01111,43.0,52.46904,47.16991,51.62364,54.12024,60.16644,58.94065,58.5235,61.35145,62.03225,65.52099,65.79514,66.48308,68.94926,69.35416,71.17584,71.11259,63.52952,71.55418,74.70609,71.69379,73.24616,69.31811,74.24284,71.55418,69.97142,70.23532,73.57309,67.23095,67.41662,67.53518,65.8635,72.47068,64.88451,65.74192,59.5399,72.00694,67.23095,69.46222
12.04159,12.04159,12.0,11.0,11.0,11.0,10.0,11.04536,10.0,10.19804,10.04988,10.19804,10.19804,10.19804,10.19804,10.44031,10.44031,10.44031,10.44031,10.44031,10.44031,10.44031,10.19804,10.44031,10.44031,10.44031,10.19804,10.19804,10.19804,9.21954,9.21954,10.04988,10.04988,9.05539,9.05539,8.06226,8.0,8.0,8.0,8.0,7.0,7.0,7.0,6.0,6.08276,6.0,5.09902,6.08276,5.09902,5.09902,5.09902,4.47214,67.77905,68.44706,66.64083,67.6757,63.32456,62.16912,58.13777,59.09315,54.20332,57.27128,57.77543,57.80138,49.09175,54.08327,53.82379,49.81967,52.00961,50.60632,49.64877,49.64877,53.90733,54.81788,50.9902,53.03772,52.49762,45.45327,44.40721,48.16638,52.3259,49.20366,50.60632,49.64877,45.22168,56.0803,45.79301,47.20169,44.94441,45.22168,46.14109,39.84972,38.91015,38.07887,34.53983,37.69615,33.61547,32.31099,31.95309,30.67572,31.32092,27.65863,26.4764,29.61419,27.16616,25.31798,24.02082,20.09975,17.0,9.21954,12.08305,12.52996,10.29563,10.63015,14.31782,10.0,16.40122,17.0,20.12461,27.20294,28.3196,29.68164,32.01562,33.83785,35.51056,37.53665,45.34314,45.80393,48.16638,53.2635,53.75872,57.00877,56.0803,59.66574,64.89992,64.89992,66.88797,68.60029,66.37017,67.54258,68.8767,68.15424,70.66116,73.82412,66.21178,71.69379,69.46222,74.09453,71.11259,75.02666,75.76939,75.39231,76.89603,72.11103,75.0,71.51224,70.77429,67.54258,67.41662,70.38466,72.8011,66.18912,64.84597,67.1193,67.41662,70.83078
11.7047,11.7047,10.77033,10.77033,10.77033,9.84886,10.29563,10.29563,10.29563,9.43398,9.43398,10.0,9.43398,9.43398,9.43398,10.0,9.21954,10.0,9.21954,9.21954,9.21954,10.0,10.0,10.0,10.0,10.0,10.0,9.43398,9.43398,9.43398,8.60233,8.06226,8.06226,8.06226,7.61577,7.61577,7.61577,6.7082,6.7082,6.32456,6.32456,6.32456,6.32456,5.09902,5.09902,5.09902,5.09902,5.09902,5.09902,4.0,4.0,4.0,68.44706,63.50591,72.23573,62.39391,59.13544,59.80803,59.46427,60.53924,51.5461,52.81098,52.17279,54.33231,51.24451,48.05206,48.76474,52.34501,50.24938,49.81967,48.6621,50.08992,52.15362,52.08647,54.03702,53.0,51.15662,51.0,54.03702,56.08921,52.34501,55.14526,48.37355,50.08992,46.09772,48.09366,46.17359,47.07441,44.14748,40.31129,46.09772,43.73786,42.54409,40.26164,38.8973,37.16181,31.62278,32.89377,30.52868,28.79236,31.90611,28.63564,30.08322,27.313,30.41381,23.85372,23.32381,20.51828,21.26029,12.64911,6.40312,8.94427,12.08305,9.05539,16.03122,11.0,17.11724,18.24829,17.11724,27.07397,26.07681,31.257,32.01562,34.05877,37.05401,38.0526,44.04543,43.01163,47.26521,49.24429,50.48762,56.51548,56.04463,57.87055,59.03389,62.62587,59.46427,63.24555,63.69458,68.02941,65.9242,64.62198,65.55151,72.23573,72.91776,67.77905,71.55418,65.36819,67.1193,68.0,75.15318,72.06941,70.21396,72.91776,63.07139,70.77429,67.1193,64.40497,62.6099,67.23095,65.55151,68.35203,68.00735,70.5762,73.4983,66.21178
12.52996,12.52996,12.52996,12.52996,11.6619,11.18034,10.81665,10.81665,10.81665,10.81665,10.81665,10.81665,11.40175,10.63015,10.63015,10.63015,11.31371,10.63015,11.31371,10.63015,10.63015,11.31371,10.63015,10.63015,11.40175,10.63015,10.63015,10.63015,10.63015,10.0,10.0,10.0,9.43398,9.43398,9.43398,8.94427,8.94427,7.61577,7.61577,7.61577,7.61577,6.7082,7.61577,6.7082,6.32456,6.32456,6.32456,6.32456,5.09902,5.09902,5.0,5.0,64.03124,62.0967,71.70077,62.58594,67.18631,65.80274,57.07013,62.64982,55.31727,53.75872,57.07013,50.9902,55.22681,56.7186,52.03845,49.0408,56.0357,55.00909,53.60037,49.16299,51.08816,50.0,53.00943,48.6621,50.15974,52.00961,48.09366,54.23099,55.00909,56.00893,50.01,48.0,51.15662,52.08647,44.04543,50.15974,50.24938,44.72136,42.42641,41.0,34.52535,36.67424,40.26164,38.83298,30.36445,32.28002,36.68787,31.7805,24.59675,24.18677,27.29469,29.15476,23.32381,25.80698,23.02173,20.80865,20.61553,19.23538,16.15549,12.16553,9.21954,11.04536,13.15295,13.0384,14.03567,22.13594,26.68333,23.08679,28.07134,34.48188,31.257,38.07887,40.31129,38.20995,44.01136,50.9902,46.01087,49.0102,54.00926,53.03772,61.20457,63.50591,58.42089,66.37017,66.28725,62.58594,70.85901,65.52099,71.06335,70.60453,72.03471,75.27284,70.5762,69.57011,71.16881,78.74643,79.05694,73.37575,71.58911,78.74643,75.96052,72.42237,67.05222,70.93659,67.05222,70.5195,69.12308,69.92138,68.41053,68.15424,65.14599,66.94027,67.35726,76.68768
11.40175,10.63015,11.40175,10.63015,10.0,10.0,10.0,9.43398,10.0,8.94427,9.43398,8.94427,8.94427,8.94427,8.94427,9.84886,9.48683,9.84886,9.48683,9.48683,8.544,9.48683,8.94427,9.48683,9.84886,9.84886,8.94427,8.94427,8.94427,8.94427,8.94427,8.94427,8.60233,8.06226,7.81025,7.2111,7.2111,7.81025,6.40312,6.40312,5.65685,5.65685,5.65685,5.65685,5.0,5.0,5.0,5.0,5.0,4.47214,4.47214,4.12311,64.00781,70.02857,59.21149,65.19202,63.00794,60.20797,54.0,54.23099,52.03845,50.35871,60.40695,55.57877,51.62364,45.60702,51.24451,54.70832,51.86521,50.28916,46.48656,50.32892,51.26402,52.20153,51.88449,52.0,50.28916,49.76947,49.0408,46.48656,50.59644,51.62364,51.86521,48.10405,47.75982,45.70558,47.12749,42.95346,41.7732,44.27189,41.97618,41.10961,38.20995,38.11824,32.14032,37.21559,33.06055,31.257,28.07134,31.0,28.01785,28.07134,30.01666,25.70992,24.73863,22.13594,21.93171,19.41649,21.0238,15.0333,8.06226,9.21954,11.18034,12.08305,9.84886,14.86607,16.15549,19.41649,17.69181,21.9545,22.47221,29.96665,32.24903,32.69557,36.24914,38.07887,37.69615,43.909,43.32436,44.27189,52.88667,50.21952,52.88667,58.69412,61.98387,63.28507,65.0,64.03124,64.03124,65.03076,62.0,60.00833,65.00769,69.00725,73.0,70.00714,73.06162,72.1734,70.11419,69.26038,66.0303,71.11259,67.02984,70.11419,65.37584,65.03076,67.00746,66.0303,69.0,65.0,68.02941,70.02857,65.06919,70.45566,66.00758,63.1981
10.63015,11.31371,9.89949,10.63015,9.89949,9.21954,9.21954,8.60233,9.21954,9.43398,9.43398,9.43398,9.43398,8.94427,9.43398,8.94427,8.94427,8.94427,8.94427,8.94427,8.94427,8.94427,8.94427,9.84886,8.94427,8.94427,8.94427,8.60233,9.43398,8.06226,8.60233,8.60233,7.81025,7.81025,7.81025,7.81025,7.81025,7.07107,5.65685,5.65685,5.65685,5.65685,5.0,5.0,5.0,5.0,4.47214,4.47214,4.47214,4.47214,4.12311,4.12311,69.857,72.83543,69.00725,61.52235,61.39218,58.13777,64.12488,62.514,54.03702,59.21149,59.5399,56.22277,50.01,56.00893,54.08327,52.23983,51.0392,52.95281,56.4358,53.03772,54.91812,51.15662,53.60037,51.62364,55.08176,52.15362,51.15662,59.68249,59.03389,55.22681,53.00943,53.15073,53.23533,56.0,42.04759,48.25971,45.27693,41.97618,50.21952,42.0119,43.28972,34.52535,42.10701,39.05125,39.84972,33.24154,35.44009,30.67572,25.63201,30.08322,29.54657,25.29822,19.72308,29.52965,23.02173,23.25941,23.60085,13.0,12.04159,9.48683,10.04988,8.544,16.03122,13.0384,15.65248,22.02272,22.47221,28.01785,24.18677,27.01851,30.80584,38.27532,32.44996,34.0,42.44997,51.47815,52.92447,53.16014,55.31727,56.32051,57.48913,62.36986,60.63827,63.34824,67.1193,66.0,67.00746,61.07373,72.00694,66.0303,68.02941,76.53104,69.26038,67.1193,75.10659,74.54529,75.16648,75.53807,71.25307,75.13322,69.58448,67.08204,73.5459,73.68175,69.26038,72.44308,69.42622,68.35934,64.0,69.46222,65.49046,72.06247,76.05919,70.5762
11.18034,9.84886,10.77033,9.84886,9.84886,8.94427,9.48683,9.48683,9.48683,9.21954,9.48683,8.24621,9.21954,9.21954,9.21954,9.05539,9.05539,9.05539,9.05539,9.05539,9.05539,9.05539,9.05539,9.05539,9.05539,9.05539,9.21954,9.05539,8.24621,8.24621,8.24621,8.24621,7.28011,7.28011,7.61577,7.61577,6.7082,6.7082,6.7082,5.83095,5.83095,5.83095,5.83095,5.0,5.0,5.0,4.24264,4.24264,4.24264,4.24264,5.0,3.60555,68.11755,64.2028,70.60453,64.03124,66.06815,60.44005,56.0357,58.72819,54.56189,56.72742,55.86591,51.62364,53.15073,46.69047,53.07542,50.60632,54.6443,48.60041,51.22499,50.9902,57.45433,50.44799,55.07268,50.47772,51.85557,50.0,53.00943,45.27693,52.63079,56.85068,48.27007,48.79549,46.75468,46.40043,46.75468,49.49747,43.18565,41.23106,44.55334,38.01316,41.10961,41.04875,36.23534,35.51056,30.80584,34.1321,32.01562,28.6007,28.30194,30.88689,24.16609,27.51363,23.76973,24.04163,24.35159,22.80351,22.36068,13.0384,15.0,11.6619,11.40175,7.2111,14.86607,17.0,15.29706,20.24846,18.24829,24.04163,25.70992,33.95585,34.53983,35.90265,34.43835,39.35734,39.92493,45.61798,43.56604,46.32494,57.68882,55.31727,53.25411,60.1415,63.12686,60.81118,66.48308,63.65532,67.89698,67.17887,72.18033,65.43699,74.33034,73.0,70.60453,70.0,77.42093,74.20243,68.00735,71.40028,76.844,80.1561,70.0,68.24222,73.10951,67.62396,70.93659,66.0303,65.29931,65.43699,68.24222,74.8131,66.0303,70.03571,70.0928,70.93659
9.89949,9.89949,9.21954,9.21954,9.21954,9.21954,8.60233,8.60233,8.60233,8.06226,8.06226,8.06226,8.06226,8.94427,8.94427,8.544,8.544,8.544,8.544,8.544,8.544,8.544,7.61577,8.06226,8.94427,10.81665,7.2111,9.48683,8.94427,8.06226,7.2111,6.7082,7.2111,7.2111,6.7082,7.2111,6.40312,6.40312,6.40312,5.0,5.65685,5.65685,5.0,4.24264,4.24264,4.24264,4.24264,3.60555,3.60555,3.60555,3.60555,3.16228,67.26812,67.36468,67.02984,59.07622,64.00781,64.07027,60.00833,57.0,57.07889,56.14268,46.04346,51.24451,58.21512,59.00847,51.08816,49.47727,56.08921,54.91812,56.29387,45.88028,55.15433,44.27189,56.04463,55.08176,52.55473,51.92302,47.53946,54.40588,52.81098,50.44799,48.01042,49.72927,50.80354,47.80167,46.69047,41.59327,44.18144,44.72136,44.91102,46.09772,36.05551,37.12142,42.0,36.22154,34.0147,34.36568,32.24903,28.16026,26.0,28.07134,25.01999,24.02082,24.08319,21.37756,24.04163,22.13594,20.88061,11.04536,13.34166,13.0384,11.7047,11.04536,13.0384,15.13275,18.02776,16.15549,24.69818,20.59126,29.15476,31.01612,34.53983,35.1141,40.26164,41.78516,39.05125,48.05206,43.18565,49.36598,57.87055,59.3043,60.20797,62.00806,63.00794,64.00781,68.06614,69.18092,73.06162,64.28063,73.17103,67.60178,74.67262,78.63841,68.26419,69.18092,71.56815,68.73136,72.99315,75.42546,70.71068,70.71068,74.96666,68.88396,72.06247,69.46222,71.02112,67.74216,71.56815,64.32729,66.18912,69.63476,65.11528,69.02898,74.06079,70.25667
10.81665,10.81665,10.0,10.81665,10.0,10.0,10.0,9.21954,9.21954,9.21954,8.48528,9.21954,9.21954,9.21954,9.21954,9.21954,10.0,9.21954,9.21954,9.21954,9.21954,9.21954,9.21954,9.21954,9.21954,9.21954,9.21954,8.48528,8.48528,8.48528,7.81025,8.60233,7.81025,7.2111,7.2111,7.2111,7.2111,6.7082,6.7082,6.7082,5.83095,5.38516,5.38516,5.38516,5.38516,4.12311,4.12311,4.12311,4.12311,4.0,4.0,4.0,67.74216,68.73136,66.70832,68.88396,66.21933,58.24946,62.80127,61.40033,54.34151,54.58938,56.32051,54.08327,59.5399,53.03772,48.09366,51.0,55.03635,55.00909,56.00893,51.0098,51.0,51.35173,51.24451,54.03702,52.08647,58.07753,52.61179,54.23099,53.15073,53.00943,48.09366,54.23099,47.09565,52.23983,46.04346,46.38965,42.29657,46.17359,41.10961,40.5216,40.79216,37.94733,34.9285,44.94441,36.40055,30.08322,33.24154,30.88689,30.08322,27.85678,25.29822,25.94224,25.55386,23.02173,24.75884,21.47091,24.20744,10.04988,12.04159,8.0,12.04159,15.65248,11.18034,13.92839,17.0,18.35756,22.02272,22.36068,26.92582,26.07681,28.01785,31.76476,37.0,41.97618,45.35416,45.88028,47.53946,51.5461,56.88585,51.62364,58.85576,61.29437,65.19202,66.06815,66.06815,63.1981,68.02941,69.11584,72.56032,64.38167,71.58911,80.41144,68.65858,67.89698,73.34848,73.1642,81.21576,77.12976,69.37579,69.37579,76.11833,69.12308,67.41662,72.42237,69.37579,73.97973,70.88018,62.58594,69.35416,71.70077,64.13267,71.70077,64.93843,74.73286
11.40175,11.40175,10.81665,11.40175,10.81665,10.0,10.81665,9.43398,9.43398,9.43398,10.29563,10.29563,9.84886,9.84886,8.94427,9.84886,9.48683,9.84886,9.48683,9.48683,9.84886,9.48683,9.84886,9.48683,9.84886,9.84886,8.94427,8.94427,8.94427,9.43398,8.94427,8.94427,9.43398,8.60233,7.81025,7.81025,7.81025,7.07107,7.07107,7.07107,7.07107,5.65685,6.40312,5.65685,5.83095,5.83095,5.83095,5.0,5.83095,4.47214,5.38516,4.12311,60.53924,67.1193,62.64982,60.53924,61.58734,59.16925,51.42956,55.9464,52.47857,51.97115,52.83938,51.0392,54.91812,50.60632,55.47071,55.22681,49.49747,49.67897,46.69047,50.24938,56.63921,49.49747,50.9902,49.67897,48.10405,53.74012,55.17246,51.62364,45.96738,53.03772,48.79549,54.03702,45.34314,48.27007,46.2277,45.79301,42.72002,46.64762,43.909,41.59327,43.04649,40.70626,33.12099,35.60899,30.46309,25.63201,30.36445,30.46309,26.0,27.65863,26.68333,27.16616,20.39608,22.09072,24.33105,21.0,19.0263,12.52996,6.7082,13.89244,12.80625,10.29563,12.80625,14.76482,18.02776,20.0,18.86796,20.61553,22.36068,27.313,31.90611,32.80244,36.89173,38.60052,41.86884,38.27532,51.62364,51.73973,57.31492,58.79626,57.48913,58.24946,62.80127,61.58734,62.80127,58.5235,67.41662,64.89992,65.8635,64.40497,67.77905,72.49828,69.857,68.8767,72.47068,72.44998,70.23532,68.44706,70.21396,72.23573,73.40981,68.15424,60.83584,69.46222,70.68239,65.55151,67.62396,65.79514,66.24198,69.35416,65.29931,70.3278,72.06941,70.38466
11.40175,11.40175,11.31371,10.63015,9.89949,9.89949,9.89949,9.21954,10.0,10.0,10.0,10.0,9.43398,9.43398,9.43398,10.29563,9.43398,9.43398,10.29563,9.43398,10.29563,9.43398,9.43398,10.29563,10.29563,9.43398,9.43398,9.43398,9.43398,9.21954,8.60233,8.60233,8.60233,7.81025,7.81025,7.07107,7.81025,7.07107,7.07107,7.07107,6.40312,6.40312,5.65685,5.0,5.0,5.0,5.0,5.0,4.47214,4.47214,4.47214,4.12311,62.1289,69.58448,66.18912,69.18092,66.18912,68.11755,52.08647,63.3877,54.00926,57.03508,54.14795,57.14018,50.15974,46.52956,56.00893,52.23983,50.48762,48.05206,49.49747,57.87055,50.80354,50.01,51.97115,54.57105,47.67599,51.47815,53.36666,55.31727,51.92302,49.49747,51.62364,53.33854,45.39824,48.50773,44.10215,42.10701,41.10961,42.04759,39.0,42.04759,36.22154,42.10701,37.01351,37.0,34.71311,32.01562,35.22783,27.45906,25.4951,26.07681,26.4764,28.23119,26.92582,28.17801,21.54066,16.15549,22.80351,10.04988,15.13275,8.24621,18.24829,13.92839,16.12452,17.46425,18.02776,18.02776,18.97367,23.32381,28.30194,28.17801,32.75668,36.05551,38.91015,45.31004,39.84972,46.17359,55.31727,50.9902,54.81788,58.85576,59.68249,60.29925,57.70615,62.1289,68.46897,65.37584,65.27634,66.1211,70.06426,70.11419,64.00781,72.24957,73.17103,72.44308,77.05842,72.56032,67.36468,72.83543,73.24616,75.80237,71.34424,69.87131,76.41989,74.33034,71.70077,68.88396,66.48308,67.18631,67.00746,74.54529,64.19502,70.45566,70.11419,67.60178
12.04159,12.04159,12.04159,12.04159,11.31371,11.31371,11.31371,10.63015,10.63015,10.63015,10.0,10.81665,10.81665,10.81665,10.81665,10.81665,10.81665,10.29563,10.81665,10.81665,10.81665,10.81665,10.81665,10.81665,10.81665,10.81665,10.81665,10.63015,10.0,10.0,9.89949,9.89949,9.89949,8.48528,8.48528,8.48528,8.48528,7.81025,7.81025,7.81025,7.2111,7.2111,6.40312,6.40312,6.40312,5.83095,5.83095,5.38516,5.38516,5.38516,5.38516,5.09902,74.0,61.13101,65.51336,62.39391,65.9242,60.74537,50.96077,59.77458,52.17279,54.81788,52.46904,53.33854,50.01,50.63596,45.54119,47.04253,56.14268,49.09175,52.23983,46.09772,51.0,47.01064,52.00961,52.00961,53.00943,52.00961,44.10215,53.08484,55.0,51.0392,48.04165,52.15362,46.38965,50.48762,41.04875,46.52956,42.42641,46.69047,49.47727,38.07887,40.49691,35.34119,35.1141,36.05551,40.26164,29.54657,36.40055,29.68164,24.59675,26.92582,24.16609,26.92582,26.83282,23.85372,26.1725,21.40093,22.80351,10.29563,12.04159,13.60147,14.03567,16.49242,12.0,12.0,17.02939,18.02776,26.68333,22.47221,25.29822,31.62278,31.04835,35.73514,37.10795,39.29377,42.42641,43.73786,50.44799,49.49747,59.0,50.01,56.0357,64.12488,62.39391,60.20797,69.35416,65.62012,72.00694,60.63827,71.80529,70.61161,76.68768,77.62087,78.84795,64.84597,69.12308,70.93659,71.8401,78.1089,70.38466,69.89278,74.0,63.56886,63.89053,65.80274,69.64194,70.21396,68.00735,68.94926,65.80274,70.83784,62.64184,64.2573,69.57011,71.8401
12.52996,11.6619,11.18034,11.6619,11.6619,11.18034,10.77033,10.77033,10.77033,10.77033,10.77033,10.44031,9.48683,10.44031,10.44031,10.19804,10.19804,10.44031,10.19804,10.19804,10.44031,10.44031,10.44031,10.44031,10.44031,10.44031,10.44031,9.48683,9.48683,9.48683,9.48683,8.94427,8.94427,8.94427,8.94427,8.94427,8.06226,8.06226,7.2111,7.2111,7.2111,6.40312,6.40312,6.40312,6.40312,5.65685,5.65685,5.65685,5.65685,5.0,5.0,5.0,64.32729,67.44627,74.95332,61.61169,63.56886,53.93515,59.5063,55.08176,53.31041,53.75872,51.07837,50.56679,50.15974,49.64877,46.23851,51.10773,51.88449,52.69725,47.85394,48.9183,49.20366,46.04346,52.20153,51.31277,51.31277,51.86521,51.40039,52.40229,49.64877,48.25971,45.80393,50.80354,48.76474,44.72136,41.34005,47.88528,45.18849,50.08992,37.57659,38.62642,36.76955,33.54102,39.21734,33.52611,32.28002,30.8707,25.96151,30.41381,26.1725,29.41088,28.07134,22.36068,25.07987,20.0,19.23538,22.0,21.2132,13.15295,12.04159,15.0333,14.0,14.03567,10.0,15.81139,18.78829,16.64332,21.93171,24.75884,23.02173,28.42534,33.24154,37.73592,37.20215,39.20459,44.72136,46.40043,47.88528,52.0,55.4617,56.0803,59.48109,60.40695,61.35145,65.96969,63.24555,65.51336,67.41662,62.36986,68.15424,71.38627,69.2315,69.857,71.58911,73.1642,74.73286,71.70077,69.63476,69.2315,71.58911,71.84706,77.92946,71.84706,71.02112,73.1642,72.83543,71.19691,65.62012,62.80127,67.18631,66.09841,63.56099,69.89278,69.37579,73.75636
12.08305,12.08305,11.7047,12.08305,10.77033,10.77033,10.77033,10.77033,10.44031,10.44031,10.19804,10.19804,10.19804,10.19804,10.19804,10.04988,10.04988,10.04988,10.04988,10.19804,10.19804,10.19804,10.19804,10.04988,10.19804,10.19804,10.19804,10.19804,10.19804,9.21954,9.48683,9.48683,9.48683,8.544,8.544,8.544,8.544,7.61577,7.61577,7.61577,6.7082,6.7082,6.7082,6.7082,5.83095,5.83095,5.83095,5.65685,5.0,5.0,5.0,5.0,71.11259,69.26038,68.88396,66.18912,60.82763,64.13267,61.29437,59.13544,50.24938,52.46904,54.12947,55.02727,54.81788,44.01136,49.24429,51.86521,51.47815,55.9464,53.75872,49.64877,51.0,50.77401,53.7122,51.62364,54.20332,55.9017,48.37355,55.00909,56.85948,51.89412,47.41308,49.64877,50.92151,51.92302,46.23851,42.95346,41.78516,41.76123,45.35416,45.70558,36.40055,40.80441,36.67424,37.12142,34.36568,31.7805,36.22154,32.24903,22.02272,26.01922,30.26549,24.18677,26.07681,23.02173,23.5372,22.80351,25.4951,10.04988,14.03567,11.0,13.0384,18.38478,9.48683,11.7047,14.42221,20.24846,20.24846,24.16609,24.83948,29.06888,31.06445,36.71512,34.88553,37.21559,46.09772,50.15974,47.92703,55.00909,62.62587,48.70318,57.72348,63.15061,60.44005,64.93843,69.87131,71.84706,68.88396,66.27217,72.44308,68.593,70.06426,75.32596,74.00676,70.02857,68.00735,73.0,79.00633,75.00667,74.16873,77.31753,81.02469,74.00676,71.84706,73.17103,74.00676,77.31753,69.18092,67.06713,70.17834,74.33034,66.18912,74.24284,73.34848,74.10803
12.0,12.0,11.04536,12.0,11.04536,10.04988,10.04988,10.04988,10.04988,10.19804,10.19804,10.44031,10.44031,10.44031,10.44031,10.44031,10.44031,10.44031,10.77033,10.44031,10.44031,10.44031,10.44031,10.77033,10.44031,10.44031,10.44031,10.44031,10.19804,9.21954,9.21954,9.21954,9.21954,9.05539,8.06226,8.06226,8.06226,8.06226,7.0,7.0,7.0,7.0,7.0,6.0,6.0,5.09902,6.08276,5.09902,5.09902,5.09902,5.09902,4.12311,65.06919,67.35726,67.20119,60.80296,65.19202,60.30755,57.2014,62.42596,57.80138,48.60041,46.04346,49.1935,52.47857,48.82622,52.43091,53.22593,48.33218,50.08992,46.61545,50.28916,53.7122,51.62364,48.8467,49.76947,50.59644,44.38468,56.64804,53.14132,49.64877,50.32892,48.30114,48.75449,40.70626,48.38388,50.24938,45.27693,42.94182,46.06517,40.0,44.10215,38.28838,37.73592,39.69887,32.80244,33.42155,28.28427,35.38361,32.01562,29.69848,25.0,25.45584,24.83948,24.04163,25.55386,22.80351,21.47091,21.93171,10.0,15.26434,9.89949,12.52996,12.0,14.76482,15.65248,14.0,21.09502,27.29469,22.0,31.7805,33.13608,37.05401,30.06659,36.24914,42.29657,43.73786,45.88028,52.17279,51.86521,53.75872,53.48832,58.69412,58.13777,63.97656,64.66065,67.53518,65.73431,67.1193,63.24555,72.00694,69.2026,67.20119,77.42093,72.24957,69.2026,76.2168,72.62231,67.42403,75.0,73.75636,69.35416,74.65253,70.0928,72.83543,75.66373,68.11755,68.62215,68.8186,70.80254,65.60488,70.29225,64.81512,71.21798,64.2028,66.0303
10.44031,10.44031,10.44031,9.48683,9.48683,9.48683,9.21954,9.21954,9.21954,9.05539,9.05539,9.05539,9.05539,9.05539,9.05539,9.0,9.0,9.0,9.0,9.0,9.0,9.0,9.0,9.0,9.05539,9.0,9.0,9.05539,9.05539,8.06226,8.06226,8.06226,8.06226,7.07107,7.28011,7.28011,7.28011,6.32456,6.32456,6.32456,5.38516,5.38516,5.38516,4.47214,4.47214,4.47214,4.47214,4.47214,3.60555,4.24264,4.24264,3.60555,61.98387,69.63476,65.52099,64.7611,64.28841,60.44005,59.20304,58.94065,58.24088,51.97115,54.12024,50.59644,52.20153,53.48832,45.61798,54.12947,55.56978,51.86521,52.3259,47.85394,53.85165,49.24429,52.69725,54.626,48.33218,55.03635,48.02083,48.02083,50.11986,55.07268,48.75449,54.12947,50.08992,50.56679,50.15974,47.43416,44.92215,42.72002,44.92215,42.72002,41.7732,37.36308,34.36568,36.34556,31.40064,35.35534,35.35534,28.01785,28.07134,25.01999,26.07681,26.4764,30.0,23.08679,23.19483,22.56103,22.09072,11.6619,12.16553,13.60147,11.04536,12.20656,16.27882,11.18034,14.42221,19.10497,21.40093,24.75884,24.20744,28.6007,34.71311,35.4683,36.12478,42.44997,42.0119,41.23106,47.01064,51.40039,52.69725,53.0,55.22681,60.00833,60.82763,60.82763,64.4748,69.28925,65.14599,65.80274,63.56099,67.18631,69.42622,71.58911,71.58911,70.40597,73.75636,69.857,68.41053,74.52516,67.46851,65.76473,72.00694,72.78049,67.18631,66.48308,61.66036,67.89698,64.62971,65.25335,68.65858,64.32729,58.24088,70.34202,71.58911,66.40783
11.40175,10.63015,10.63015,10.63015,9.89949,10.63015,9.89949,9.89949,9.89949,9.21954,10.0,10.0,10.0,9.43398,9.43398,10.0,10.29563,9.43398,10.29563,9.43398,9.43398,9.43398,10.0,10.29563,9.43398,10.0,10.0,9.21954,10.0,9.21954,9.21954,9.21954,8.48528,8.48528,7.81025,7.81025,7.81025,7.07107,7.07107,6.40312,6.40312,6.40312,5.83095,5.0,5.83095,5.0,4.47214,4.47214,4.47214,4.47214,4.47214,4.12311,63.32456,61.39218,62.36986,68.41053,63.50591,66.28725,61.0,64.28841,57.70615,58.0517,54.58938,53.00943,54.08327,45.17743,56.0357,53.03772,55.03635,49.09175,55.44367,46.17359,55.3263,50.15974,52.61179,47.85394,50.15974,54.23099,51.47815,49.0,49.0408,53.23533,54.0,51.0098,44.0,49.0408,44.28318,47.16991,40.0,43.01163,49.16299,42.19005,34.52535,46.32494,36.67424,37.65634,34.71311,31.04835,36.13862,31.7805,32.31099,23.76973,28.79236,24.69818,22.13594,24.16609,21.47091,22.82542,25.80698,13.0384,11.18034,13.15295,12.16553,10.19804,13.60147,17.0,21.18962,19.23538,21.37756,19.64688,28.28427,34.20526,32.89377,35.17101,35.51056,40.79216,43.73786,50.24938,46.04346,47.01064,55.08176,54.23099,58.13777,60.03332,61.13101,66.75328,68.88396,62.16912,67.46851,61.40033,67.44627,71.80529,71.30919,71.30919,73.97973,68.68042,72.78049,72.8011,70.61161,77.62087,67.91171,73.68175,77.20104,70.5762,73.34848,71.8401,69.64194,69.26038,67.91171,72.03471,66.21933,71.30919,61.40033,64.03124,61.18823,68.88396
10.81665,10.29563,10.29563,10.81665,9.43398,8.94427,8.94427,9.48683,8.94427,8.544,9.48683,9.48683,8.544,9.48683,9.21954,9.21954,9.21954,9.21954,9.21954,9.21954,9.21954,9.48683,9.21954,9.21954,9.21954,9.21954,9.48683,8.544,8.544,8.544,7.61577,7.61577,7.61577,8.06226,8.06226,6.7082,7.2111,6.40312,6.40312,5.83095,5.65685,5.65685,5.0,5.0,5.0,4.24264,4.24264,4.24264,3.60555,3.60555,3.60555,3.16228,67.02984,62.03225,67.26812,65.11528,57.97413,68.26419,61.39218,59.68249,57.70615,56.7186,50.69517,51.66237,54.91812,52.20153,47.53946,51.47815,55.02727,52.55473,52.80152,46.51881,49.64877,46.06517,53.22593,46.06517,54.56189,52.35456,48.75449,54.12947,48.38388,47.92703,45.18849,53.48832,50.56679,49.98,47.75982,48.38388,42.44997,44.64303,41.4367,40.26164,41.23106,40.26164,39.45884,40.79216,37.21559,32.06244,32.14032,29.06888,31.01612,28.01785,25.01999,26.01922,23.34524,24.18677,23.08679,18.43909,21.18962,14.31782,12.36932,11.04536,11.40175,10.44031,16.55295,14.76482,17.20465,22.2036,20.0,17.69181,28.30194,25.45584,29.83287,34.20526,33.12099,36.89173,39.11521,47.85394,48.54894,53.23533,56.85948,49.39636,52.88667,57.28001,62.64184,65.73431,63.78871,63.78871,65.11528,61.52235,68.73136,70.61161,72.83543,72.83543,70.34913,64.49806,73.10951,73.06162,77.16217,75.53807,71.34424,72.56032,70.11419,72.06247,66.06815,66.00758,67.47592,72.00694,66.37017,67.74216,72.00694,76.65507,59.03389,74.33034,68.35934,71.70077
10.81665,10.0,10.63015,10.0,10.0,9.21954,9.21954,9.21954,8.48528,9.21954,9.21954,9.21954,9.21954,8.60233,8.60233,9.43398,8.60233,8.60233,9.43398,8.60233,8.60233,9.43398,8.60233,9.43398,8.60233,9.43398,8.60233,8.60233,8.60233,8.60233,8.48528,8.48528,8.48528,7.07107,7.07107,7.07107,7.07107,6.40312,6.40312,6.40312,5.83095,5.83095,5.83095,4.47214,4.47214,4.47214,4.47214,4.12311,4.12311,4.12311,4.12311,4.0,65.73431,63.78871,58.54912,61.98387,60.20797,58.69412,55.9017,59.21149,51.24451,52.34501,53.75872,50.08992,49.16299,50.24938,47.0,47.01064,54.14795,52.23983,52.00961,47.16991,55.14526,51.0098,49.0306,49.0408,51.47815,53.33854,46.01087,54.23099,52.23983,50.24938,48.16638,48.16638,49.0408,52.03845,43.18565,49.25444,47.16991,44.18144,42.57934,43.93177,34.52535,35.35534,37.36308,37.64306,36.40055,34.9285,32.01562,33.52611,28.63564,22.84732,22.84732,22.82542,29.68164,21.47091,23.02173,25.23886,22.67157,12.0,9.48683,14.03567,10.44031,14.56022,12.08305,15.52417,16.76305,18.86796,18.35756,24.18677,21.93171,32.01562,34.48188,33.83785,32.89377,39.21734,43.32436,45.35416,51.1957,50.63596,55.31727,54.33231,54.58938,60.29925,62.20129,64.0,64.19502,67.26812,61.03278,61.29437,69.05071,66.61081,67.36468,70.21396,66.75328,66.48308,69.857,72.00694,70.21396,73.75636,69.63476,70.21396,72.00694,69.63476,58.69412,63.34824,66.70832,67.26812,63.95311,66.09841,69.42622,64.13267,64.93843,65.37584,66.48308,68.44706
11.40175,11.40175,11.40175,11.40175,10.81665,10.81665,10.81665,10.29563,10.29563,9.84886,10.29563,10.29563,9.84886,9.84886,9.84886,10.77033,10.77033,10.77033,9.48683,10.44031,9.48683,10.77033,10.77033,10.44031,10.77033,9.84886,9.84886,9.84886,9.84886,8.94427,8.94427,8.94427,8.94427,8.06226,8.60233,8.60233,7.2111,7.81025,7.81025,7.2111,7.07107,6.40312,6.40312,5.65685,5.65685,5.65685,5.0,5.0,5.0,5.0,4.47214,4.47214,71.02112,62.28965,65.49046,66.91039,61.98387,57.87055,52.95281,59.3043,51.0,59.3043,56.0357,55.14526,54.00926,51.08816,50.01,53.03772,50.08992,53.15073,49.36598,45.17743,54.33231,49.64877,53.60037,51.97115,50.35871,51.47815,53.15073,51.35173,53.23533,52.15362,59.5399,50.15974,48.6621,48.04165,45.01111,48.04165,42.0119,42.42641,39.11521,44.28318,41.04875,36.34556,36.12478,34.05877,31.04835,36.40055,32.28002,34.52535,28.79236,32.31099,27.51363,24.16609,26.40076,21.47091,25.55386,23.85372,21.93171,17.11724,9.21954,13.15295,13.15295,13.60147,16.49242,13.0,18.86796,19.72308,18.86796,26.07681,21.40093,32.01562,31.30495,36.67424,38.48376,42.54409,43.17407,47.16991,52.20153,54.12024,50.0,56.04463,56.51548,58.54912,61.29437,60.20797,71.0,62.00806,69.11584,65.03076,71.0,67.06713,68.26419,70.0,71.17584,69.18092,71.11259,74.8131,74.10803,76.65507,70.17834,76.94154,69.46222,71.44928,62.36986,69.58448,67.74216,69.35416,65.19202,68.593,68.46897,69.46222,58.13777,64.38167,72.06247,71.56815
12.16553,11.18034,11.40175,11.18034,11.18034,10.19804,10.44031,9.48683,10.44031,9.48683,10.44031,9.84886,9.48683,9.84886,8.94427,10.29563,9.84886,9.84886,9.43398,10.29563,9.84886,10.29563,9.84886,10.29563,9.84886,9.84886,9.84886,9.84886,8.94427,9.48683,8.544,8.544,8.544,8.24621,8.24621,8.24621,8.24621,7.07107,7.07107,7.07107,7.07107,6.08276,7.0,6.0,6.0,6.0,5.0,5.0,5.09902,5.09902,5.09902,5.09902,76.05919,62.1289,64.07808,64.88451,63.52952,57.77543,59.5063,60.41523,50.9902,56.79789,55.02727,49.65884,52.80152,52.39275,54.40588,48.76474,56.75385,49.24429,51.24451,50.69517,58.69412,52.17279,51.1957,55.08176,51.5461,50.32892,53.60037,50.21952,49.24429,55.31727,54.57105,57.24509,44.94441,49.0408,42.2019,48.33218,43.909,42.94182,41.18252,43.04649,39.11521,37.80212,33.01515,33.10589,34.82815,33.61547,36.23534,35.80503,26.40076,26.87006,29.20616,22.67157,22.67157,21.93171,24.59675,24.75884,16.64332,13.92839,8.06226,13.0384,12.20656,11.18034,15.0333,15.13275,18.0,18.43909,18.68154,24.73863,27.45906,31.06445,32.0,35.12834,36.01389,42.04759,39.0,42.04759,46.09772,52.39275,56.4358,56.4358,63.78871,61.18823,65.96969,63.32456,69.57011,68.35203,68.94926,67.6757,73.82412,70.23532,68.88396,76.53757,68.42514,71.11962,72.89719,69.77105,70.26379,74.70609,74.70609,79.17702,72.06941,74.62573,72.44998,69.83552,70.49113,70.49113,69.83552,68.47627,66.7308,71.58911,65.76473,72.56032,72.94518,79.17702
11.7047,10.77033,10.29563,11.18034,10.29563,9.84886,9.43398,9.43398,9.43398,9.43398,9.43398,10.0,9.21954,9.21954,9.21954,9.89949,9.89949,9.89949,9.89949,9.89949,9.89949,9.89949,9.89949,9.89949,9.89949,10.0,9.21954,9.21954,9.21954,8.60233,8.60233,9.21954,8.60233,7.81025,8.06226,8.06226,7.2111,6.7082,6.7082,6.7082,5.83095,5.83095,5.83095,5.38516,5.38516,4.47214,5.38516,4.12311,4.12311,4.12311,4.12311,4.0,61.91123,64.3506,64.40497,63.63175,66.64833,63.95311,55.47071,56.85948,60.53924,59.23681,52.7731,50.15974,53.85165,50.69517,51.26402,54.12947,50.9902,49.49747,51.62364,45.54119,52.08647,53.60037,53.36666,52.61179,50.01,55.10898,52.88667,49.36598,50.01,52.39275,50.80354,53.36666,46.09772,48.27007,49.0306,48.70318,39.56008,43.08132,43.46263,43.86342,40.49691,37.0,37.0,37.33631,34.98571,30.8707,34.71311,25.05993,27.20294,25.94224,27.78489,26.1725,25.05993,22.67157,25.4951,25.6125,20.61553,13.92839,9.84886,11.40175,12.36932,12.08305,10.04988,17.0,19.0,21.0238,19.0263,25.01999,30.01666,26.01922,30.01666,37.0,39.11521,47.09565,43.04649,47.16991,51.66237,49.64877,55.08176,57.87055,57.97413,59.80803,62.03225,62.24147,65.29931,64.88451,67.54258,66.18912,68.0,64.14047,65.0,70.23532,69.33974,69.77105,68.88396,74.94665,71.34424,73.92564,67.53518,71.86793,73.82412,71.34424,73.3553,71.28113,67.74216,71.86793,64.89992,68.0,66.21178,72.40166,70.49113,71.69379,67.23095,71.19691
12.08305,12.08305,12.52996,12.52996,11.6619,10.29563,10.81665,10.81665,10.0,10.81665,10.0,10.63015,10.63015,10.63015,10.63015,11.31371,9.89949,10.63015,10.63015,11.31371,10.63015,11.31371,10.63015,11.31371,10.63015,10.63015,10.63015,10.63015,10.0,10.63015,9.43398,10.0,9.43398,9.43398,8.60233,9.43398,8.06226,8.06226,8.06226,7.61577,7.61577,6.7082,6.7082,6.7082,6.32456,5.38516,6.32456,5.38516,5.09902,5.09902,5.09902,5.0,74.73286,59.9333,66.18912,65.76473,60.20797,61.58734,59.16925,64.84597,48.33218,54.12947,53.7122,54.626,51.47815,50.28916,49.76947,53.60037,56.32051,53.60037,52.17279,45.60702,55.10898,51.41984,54.58938,51.92302,51.78803,56.04463,45.54119,52.39275,52.63079,53.15073,50.96077,51.62364,47.43416,49.64877,43.08132,45.31004,46.8188,41.67733,47.85394,40.70626,35.34119,38.01316,34.82815,41.04875,38.58756,34.4093,33.83785,25.4951,31.82766,25.4951,28.01785,28.3196,28.28427,28.42534,21.63331,28.6007,25.07987,19.72308,11.18034,9.84886,12.52996,15.81139,12.36932,13.0,19.92486,16.03122,26.01922,25.17936,30.59412,31.14482,33.95585,36.12478,39.20459,42.10701,42.0,46.01087,53.03772,55.44367,58.42089,61.0,59.21149,58.0517,67.68309,60.40695,70.5762,69.64194,67.1193,68.54196,74.09453,71.11259,74.43118,73.43024,72.20111,73.82412,73.53911,72.94518,76.94154,73.82412,71.58911,76.05919,75.15318,65.51336,69.31811,70.49113,71.86793,75.591,72.44998,75.66373,72.01389,77.82673,62.43397,71.30919,74.09453,67.97794
11.0,11.0,10.0,10.0,10.0,9.0,9.05539,9.05539,9.05539,9.05539,9.05539,9.21954,9.21954,9.21954,9.48683,9.48683,9.48683,8.544,9.48683,8.544,9.48683,9.48683,9.21954,9.48683,9.48683,9.21954,9.21954,9.21954,9.21954,8.24621,8.06226,8.06226,8.06226,8.06226,8.0,7.0,7.0,7.0,7.0,6.0,6.08276,6.0,6.0,5.09902,5.09902,5.09902,5.09902,5.38516,4.47214,4.47214,4.47214,3.60555,67.20863,63.25346,67.47592,60.44005,61.61169,56.85948,59.66574,63.65532,55.22681,55.15433,54.48853,49.51767,51.62364,52.40229,53.90733,53.2635,53.25411,55.21775,52.69725,49.0408,51.85557,49.40648,53.23533,52.83938,46.09772,53.25411,49.0408,51.61395,48.82622,50.44799,50.20956,54.20332,45.0,48.9183,44.59821,49.51767,44.59821,40.36087,43.18565,40.60788,38.20995,35.8469,38.60052,39.40812,31.06445,34.66987,34.20526,30.0,24.16609,26.40076,26.24881,25.63201,22.82542,18.78829,26.4764,23.76973,20.61553,10.29563,8.06226,6.40312,8.94427,17.20465,8.94427,12.80625,16.12452,21.54066,23.34524,24.35159,27.20294,26.1725,31.04835,34.71311,37.16181,39.35734,38.01316,44.28318,48.75449,50.56679,53.85165,55.75841,56.22277,58.41233,60.80296,63.03174,65.05382,61.52235,66.48308,65.79514,71.58911,66.52819,69.29646,68.76772,68.88396,68.11755,70.21396,68.24954,72.20111,72.62231,67.00746,71.61006,70.83784,72.67049,66.48308,67.6757,68.8186,70.21396,64.81512,65.94695,68.60029,69.52697,58.41233,71.06335,68.88396,73.75636
11.18034,11.18034,10.29563,10.29563,10.29563,10.29563,9.43398,9.43398,9.43398,9.21954,10.0,9.21954,9.21954,9.21954,9.21954,9.89949,9.89949,9.89949,9.21954,9.89949,9.89949,9.89949,9.89949,9.89949,9.89949,9.89949,9.89949,9.21954,9.21954,9.21954,9.21954,8.60233,8.60233,7.81025,8.60233,7.2111,7.2111,7.2111,7.2111,6.7082,5.83095,5.83095,5.83095,5.38516,5.38516,4.47214,4.47214,4.47214,4.12311,4.12311,4.12311,4.0,70.21396,68.02941,62.16912,65.0,65.0,58.60034,66.70832,56.921,60.83584,54.08327,53.48832,55.36244,54.81788,51.66237,50.69517,48.83646,47.29693,52.61179,49.64877,52.34501,49.0,51.24451,52.34501,51.47815,47.26521,51.97115,56.14268,53.33854,49.49747,49.64877,52.7731,51.78803,48.6621,46.38965,52.46904,44.14748,41.76123,47.43416,39.56008,47.12749,44.27189,40.16217,40.8534,34.53983,34.9285,31.38471,26.0,31.38471,29.96665,29.06888,27.78489,23.60085,28.3196,19.72308,22.67157,24.08319,20.61553,8.60233,14.86607,12.08305,12.64911,14.31782,12.52996,15.29706,14.03567,21.0238,18.02776,26.30589,27.07397,27.65863,37.21559,38.0526,40.11234,42.0,43.41659,46.17359,48.37355,52.39275,59.66574,52.39275,57.87055,56.32051,58.87274,62.39391,60.00833,66.21178,64.84597,65.74192,67.23095,67.60178,72.01389,67.60178,76.47876,70.83078,70.21396,69.83552,71.58911,72.89719,72.61543,69.83552,75.17978,64.88451,67.54258,67.62396,64.88451,69.35416,67.74216,68.0,74.24284,69.35416,69.64194,69.46222,64.41273,74.24958
12.72792,12.04159,12.04159,12.04159,12.04159,10.63015,11.40175,10.0,10.0,10.81665,10.81665,10.81665,10.81665,10.81665,10.81665,11.18034,10.29563,10.29563,10.29563,10.29563,10.29563,11.18034,10.29563,10.29563,10.81665,10.29563,10.29563,10.81665,10.81665,10.29563,9.43398,10.0,10.0,9.21954,9.21954,9.21954,8.48528,8.48528,7.81025,7.07107,7.81025,7.07107,7.07107,6.40312,6.40312,6.40312,5.83095,5.83095,5.83095,5.38516,4.47214,5.38516,71.16881,59.66574,60.41523,66.09841,60.67125,56.4358,58.24088,57.00877,61.13101,50.92151,51.42956,52.20153,51.24451,55.02727,48.76474,50.53712,55.47071,49.24429,51.0,47.50789,49.09175,46.95743,48.02083,49.1935,49.1935,49.24429,50.47772,53.7122,52.3259,46.14109,48.8774,50.08992,51.26402,44.59821,44.94441,46.48656,44.27189,44.38468,39.29377,41.48494,42.05948,37.65634,37.36308,36.40055,32.38827,32.55764,28.01785,31.14482,20.0,29.0,27.16616,26.30589,21.09502,24.18677,25.07987,20.59126,19.92486,11.04536,9.21954,12.52996,12.16553,10.0,12.52996,16.55295,13.45362,17.80449,17.69181,22.62742,25.0,29.06888,32.01562,36.06938,39.69887,40.31129,47.01064,43.13931,47.50789,50.24938,54.6443,57.80138,60.41523,58.60034,61.7171,64.62198,62.62587,65.19202,68.68042,70.83784,67.18631,71.8401,67.26812,75.43209,67.68309,70.34202,69.26038,71.06335,75.18643,72.78049,74.96666,72.56721,77.10383,67.26812,63.56099,70.03571,69.37579,66.48308,74.1485,66.94027,69.37579,69.92138,62.16912,70.21396,65.30697,74.72617
11.18034,11.18034,10.77033,10.77033,9.84886,9.84886,9.48683,9.48683,9.48683,9.21954,9.48683,9.21954,9.21954,9.21954,9.21954,9.05539,9.05539,9.05539,9.05539,9.05539,9.05539,9.05539,9.21954,9.05539,10.19804,9.21954,9.21954,9.21954,9.21954,8.24621,8.24621,8.24621,8.544,8.544,7.61577,7.61577,7.61577,6.7082,7.2111,6.7082,6.40312,5.83095,6.40312,5.0,5.0,5.0,5.0,4.24264,5.0,5.0,4.47214,4.47214,68.68042,66.30988,69.35416,62.29767,59.23681,60.53924,51.62364,54.08327,51.42956,51.47815,55.9017,54.20332,53.66563,51.97115,48.54894,50.0,52.63079,52.63079,50.60632,47.20169,48.60041,49.81967,48.41487,47.50789,48.82622,53.00943,53.53504,51.08816,48.41487,54.6443,55.47071,53.33854,49.39636,47.16991,47.50789,48.8774,42.0119,45.27693,48.8774,38.48376,33.52611,38.07887,39.05125,38.62642,36.76955,31.95309,32.55764,28.79236,27.16616,26.07681,28.01785,24.5153,24.5153,23.08679,23.02173,23.02173,20.39608,10.81665,12.64911,12.20656,8.60233,13.45362,13.0,14.14214,16.55295,20.59126,17.0,23.85372,30.52868,27.85678,32.64966,34.98571,38.01316,39.20459,41.23106,47.01064,41.72529,47.42362,53.03772,52.40229,55.9017,56.40035,62.1289,62.68174,63.28507,62.6099,67.74216,67.23095,67.62396,67.08204,67.62396,74.46476,74.84651,65.30697,70.93659,69.857,71.69379,72.8011,70.00714,73.05477,71.17584,65.79514,66.48308,70.21396,68.94926,66.64083,70.2282,67.77905,66.40783,64.62198,65.0,65.9242,72.47068,69.46222
11.40175,10.63015,10.63015,10.63015,10.63015,9.89949,9.21954,9.21954,9.21954,9.21954,9.21954,9.21954,9.21954,8.60233,8.60233,9.43398,9.43398,8.94427,9.43398,9.43398,9.43398,9.43398,9.43398,9.43398,9.43398,9.43398,9.43398,8.60233,8.60233,8.60233,8.60233,8.48528,7.81025,7.81025,7.81025,7.07107,7.07107,6.40312,6.40312,6.40312,6.40312,5.83095,5.83095,5.0,5.0,4.47214,4.47214,4.47214,4.47214,4.12311,4.12311,4.12311,70.5762,68.26419,71.84706,68.11755,58.00862,65.19202,60.40695,62.20129,62.20129,57.07889,55.22681,52.15362,52.7731,53.23533,52.23983,52.7731,54.14795,55.7315,52.95281,49.0408,55.65968,50.01,57.00877,52.20153,57.97413,55.31727,54.40588,59.22837,57.07013,59.66574,55.7853,53.60037,49.24429,58.5235,46.87217,48.09366,44.91102,46.84015,45.54119,43.18565,43.56604,41.04875,40.04997,37.01351,39.11521,35.0,28.0,32.24903,29.15476,27.29469,28.01785,30.80584,19.23538,26.4764,23.19483,21.37756,22.84732,9.05539,9.21954,13.0384,12.0,12.0,8.06226,12.08305,17.0,19.64688,22.84732,24.16609,25.29822,29.12044,34.17601,41.4367,38.83298,44.38468,41.59327,43.93177,50.63596,55.7315,61.81424,52.08647,62.07254,65.03076,64.07027,62.1289,65.00769,64.07027,71.06335,64.38167,71.84706,72.24957,70.71068,74.8131,71.34424,66.48308,70.83078,75.31268,77.64664,71.38627,71.58911,76.90254,76.79193,68.44706,73.97973,71.84706,73.68175,71.44928,71.80529,71.34424,70.17834,69.06519,67.36468,77.23341,69.06519,68.02941
12.0,12.0,11.04536,11.0,11.0,11.04536,10.04988,10.04988,10.04988,10.04988,10.19804,10.19804,10.19804,9.21954,10.19804,10.44031,10.44031,9.48683,9.48683,9.48683,10.44031,10.44031,10.44031,10.44031,10.19804,10.44031,10.19804,10.19804,9.21954,9.21954,9.05539,9.05539,9.05539,8.06226,9.0,9.0,8.0,8.0,7.07107,7.07107,7.07107,7.07107,7.07107,6.08276,6.08276,6.08276,5.38516,5.38516,5.38516,5.38516,5.38516,4.47214,66.61081,59.4138,64.81512,64.81512,62.62587,54.03702,54.3783,57.62812,57.2014,54.40588,47.20169,55.56978,55.00909,49.09175,50.56679,51.62364,49.73932,46.09772,49.64877,54.40588,54.81788,49.76947,50.69517,51.24451,47.85394,48.46648,52.49762,49.64877,50.56679,50.15974,49.98,52.0,42.19005,44.01136,47.01064,46.52956,47.16991,36.35932,42.19005,43.04649,41.23106,39.44617,37.20215,35.38361,35.35534,27.65863,28.3196,27.65863,29.69848,26.1725,23.43075,24.41311,23.85372,22.36068,18.60108,20.24846,18.02776,10.63015,11.18034,12.08305,11.40175,12.80625,10.44031,14.14214,18.0,18.24829,17.11724,21.09502,26.07681,26.1725,28.28427,34.36568,37.33631,42.72002,41.23106,50.0,46.48656,47.80167,52.80152,55.4617,55.9464,60.74537,57.69749,66.7308,67.23095,64.3506,72.20111,65.0,70.93659,68.0147,68.8186,74.51845,71.40028,73.24616,71.61006,74.02702,71.8401,68.41053,73.75636,71.06335,70.76722,70.00714,67.20119,62.00806,64.66065,67.26812,67.20863,70.76722,70.60453,73.40981,64.2028,71.40028,69.42622,69.6563
10.77033,9.84886,9.84886,9.84886,9.84886,8.94427,8.94427,8.94427,8.06226,8.06226,8.06226,8.60233,8.60233,8.60233,8.60233,8.60233,8.48528,7.81025,9.21954,9.21954,9.21954,9.21954,8.60233,9.21954,9.21954,9.21954,8.60233,8.60233,8.60233,7.81025,8.06226,8.06226,8.06226,6.7082,6.7082,6.7082,6.7082,6.32456,6.32456,6.32456,5.09902,5.38516,5.09902,5.09902,4.12311,4.12311,4.0,4.0,4.0,4.0,4.12311,3.16228,72.40166,61.40033,67.23095,62.76942,57.98276,63.00794,56.4358,56.93856,54.58938,49.64877,55.71355,45.17743,53.31041,46.23851,46.61545,52.92447,55.97321,49.47727,47.29693,45.35416,47.07441,50.28916,52.17279,52.20153,49.72927,55.08176,47.80167,52.7731,52.20153,47.75982,46.57252,45.88028,46.61545,47.75982,42.15448,46.8188,46.61545,44.77723,43.82921,38.01316,38.91015,39.82462,38.58756,34.88553,32.80244,32.44996,34.4093,29.20616,24.08319,27.45906,24.59675,22.47221,22.67157,22.62742,21.93171,20.0,20.24846,10.0,12.20656,11.40175,12.08305,9.84886,15.0333,10.04988,15.0333,16.27882,20.0,25.01999,21.2132,29.61419,32.24903,35.01428,37.05401,36.05551,45.17743,41.4367,47.07441,50.69517,50.80354,51.26402,59.77458,63.69458,62.29767,62.64982,63.07139,61.29437,67.60178,60.03332,72.00694,68.60029,64.63745,70.83078,64.3506,64.3506,64.66065,67.95587,71.86793,70.17834,67.74216,72.42237,73.4983,70.45566,64.07027,70.60453,64.66065,65.21503,69.06519,62.26556,63.24555,68.24222,65.45991,62.6099,71.56116,64.41273
12.16553,11.40175,11.40175,11.18034,10.44031,10.44031,10.44031,9.84886,9.48683,9.84886,9.48683,9.84886,9.84886,9.84886,9.84886,10.29563,10.29563,10.29563,9.43398,10.29563,9.43398,10.29563,10.29563,10.29563,9.84886,9.84886,9.84886,9.84886,9.84886,9.84886,8.544,9.48683,8.544,8.544,8.24621,8.24621,8.06226,8.06226,8.06226,7.07107,7.0,7.0,7.0,6.0,6.0,6.0,6.08276,6.08276,5.09902,5.38516,5.38516,4.47214,63.82006,67.1193,61.91123,57.98276,60.0,62.43397,52.83938,56.61272,57.80138,56.82429,53.66563,51.10773,51.88449,50.08992,53.31041,50.32892,53.22593,50.32892,45.69464,49.47727,52.63079,51.86521,44.59821,52.49762,48.46648,47.01064,51.47815,49.76947,49.76947,50.08992,46.23851,49.1935,48.30114,46.09772,44.77723,42.2019,43.56604,41.40048,41.40048,43.41659,42.63801,39.20459,32.55764,34.20526,33.94113,31.1127,26.90725,29.0,26.24881,26.1725,26.40076,25.55386,22.67157,23.34524,17.08801,23.4094,21.54066,7.28011,9.43398,10.0,10.63015,12.0,11.7047,12.08305,20.02498,18.02776,18.02776,24.18677,28.16026,29.15476,32.55764,31.257,36.01389,41.01219,42.19005,43.10452,48.83646,49.47727,50.15974,55.65968,61.03278,59.13544,63.89053,58.60034,60.92618,63.69458,64.49806,63.50591,70.49113,68.96376,69.97142,72.71864,68.50547,71.69379,69.83552,71.02816,75.45197,72.42237,68.60029,75.45197,79.05694,73.24616,65.45991,68.50547,74.06079,72.62231,65.80274,71.06335,72.20111,69.11584,65.19202,71.86793,71.02816,65.51336
11.0,10.04988,10.04988,10.04988,10.04988,9.05539,9.05539,9.21954,9.21954,9.21954,9.21954,9.21954,9.21954,9.21954,8.24621,9.84886,8.544,9.48683,8.544,9.84886,9.48683,9.48683,9.48683,9.48683,9.48683,9.48683,9.48683,9.48683,9.21954,9.21954,8.24621,8.24621,8.06226,8.06226,8.06226,8.0,7.0,7.0,6.0,6.0,6.0,6.0,6.0,5.0,5.09902,5.09902,5.09902,4.12311,4.12311,4.12311,4.12311,3.16228,64.3506,74.33034,66.4003,63.60031,67.42403,62.36986,60.0,59.66574,59.66574,55.56978,60.53924,56.79789,54.56189,56.60389,49.09175,53.23533,53.22593,55.71355,52.7731,54.42426,50.59644,55.97321,47.75982,52.55473,52.49762,56.64804,51.24451,52.49762,56.79789,52.55473,54.626,46.48656,48.30114,47.12749,51.26402,44.77723,48.33218,47.16991,39.66106,42.54409,39.35734,36.23534,40.80441,36.40055,37.01351,35.4683,29.68164,34.4093,29.0,25.0,26.87006,26.24881,22.67157,30.52868,26.41969,24.18677,22.02272,12.80625,13.89244,12.04159,10.29563,13.60147,13.41641,15.23155,13.60147,22.56103,24.33105,25.4951,25.0,31.62278,31.7805,36.40055,40.49691,41.7732,46.17359,44.27189,51.07837,52.39275,56.35601,60.53924,57.98276,61.22091,62.96825,67.00746,63.41136,72.20111,64.53681,70.17834,68.0147,69.6563,77.33693,71.50524,78.1025,74.33034,70.00714,77.23341,77.23341,70.71068,81.46779,76.38063,77.07788,67.17887,70.00714,70.00714,72.12489,70.00714,76.41989,67.89698,72.47068,73.24616,63.89053,73.59348,70.43437,71.40028
12.08305,12.08305,11.18034,12.08305,11.18034,11.18034,11.18034,10.81665,10.81665,10.81665,10.81665,10.0,11.40175,10.63015,10.63015,10.63015,10.63015,10.63015,10.63015,10.63015,10.63015,10.63015,10.63015,11.31371,10.63015,10.63015,10.63015,10.63015,10.63015,10.0,10.0,10.0,9.43398,9.43398,8.60233,8.60233,8.06226,8.06226,8.06226,7.61577,6.7082,6.7082,6.7082,6.7082,6.32456,5.38516,6.32456,5.38516,5.09902,5.09902,5.09902,5.09902,68.02941,63.15853,68.44706,66.64083,59.9333,57.00877,55.97321,57.38467,54.57105,52.92447,53.93515,49.47727,51.24451,52.7731,46.87217,52.17279,54.12947,47.67599,51.47815,53.46027,52.61179,47.67599,52.08647,52.0,50.01,55.22681,48.6621,54.58938,49.81967,53.60037,49.0408,46.32494,47.51842,49.0408,47.80167,46.57252,43.93177,45.88028,38.60052,35.1141,41.14608,34.88553,40.31129,36.76955,31.30495,32.20248,30.23243,31.62278,29.20616,30.08322,24.59675,30.01666,21.63331,23.43075,21.40093,21.26029,23.60085,13.45362,13.0384,13.41641,14.76482,13.60147,14.14214,16.12452,15.29706,18.24829,20.88061,24.33105,27.65863,28.86174,36.12478,38.47077,33.37664,40.4475,42.0119,46.17359,52.23983,55.08176,55.14526,57.31492,56.7186,64.93843,58.85576,65.0,66.76077,67.35726,69.64194,65.25335,70.38466,68.30813,68.96376,75.28612,68.70953,72.44998,71.17584,76.05919,76.48529,74.84651,74.73286,72.49828,72.61543,69.46222,68.0,64.2573,73.92564,69.57011,71.16881,67.62396,73.53911,63.95311,60.41523,72.49828,77.16217,72.8011
11.6619,10.81665,10.81665,10.0,10.0,10.0,10.0,9.21954,9.89949,9.89949,9.89949,9.89949,9.89949,9.21954,9.21954,10.63015,9.21954,10.0,9.43398,10.0,9.21954,9.21954,9.89949,10.0,9.21954,9.89949,9.89949,9.89949,8.48528,9.89949,8.48528,8.48528,7.81025,7.81025,7.81025,8.60233,7.2111,7.2111,6.7082,5.83095,6.7082,5.83095,5.83095,5.38516,5.38516,4.47214,4.47214,4.47214,4.12311,4.12311,4.12311,3.0,68.06614,64.84597,65.25335,63.50591,71.06335,63.95311,58.0517,55.31727,57.27128,52.17279,57.21888,59.4138,59.03389,54.45181,49.16299,51.0392,53.15073,51.0392,48.25971,51.15662,56.4358,57.0,46.17359,54.14795,52.03845,55.00909,52.0,52.03845,53.0,58.0,60.13319,53.03772,52.0,47.01064,49.09175,42.57934,45.39824,40.1995,40.60788,40.60788,44.38468,37.94733,41.10961,33.54102,37.48333,37.64306,29.15476,29.41088,28.63564,25.07987,30.46309,29.41088,26.41969,28.30194,24.20744,24.08319,20.80865,13.15295,14.0,10.19804,13.92839,12.04159,13.0,14.42221,20.39608,21.09502,23.4094,24.04163,30.08322,29.96665,31.62278,37.10795,41.97618,38.07887,50.44799,49.0306,45.70558,51.78803,58.13777,57.14018,61.0082,64.00781,66.06815,66.28725,67.60178,66.75328,66.61081,69.26038,69.05071,68.44706,73.97973,73.5459,71.19691,78.8543,74.46476,73.4983,73.00685,74.63243,72.56721,70.88018,78.1089,68.88396,74.63243,69.92138,73.4983,72.12489,71.58911,68.15424,74.33034,72.36712,66.94027,67.68309,69.05071,67.08204
12.20656,12.20656,12.20656,12.20656,11.6619,10.81665,11.6619,10.29563,10.29563,10.29563,10.29563,11.18034,10.29563,10.29563,10.77033,10.77033,10.77033,10.77033,10.77033,10.77033,10.77033,10.77033,10.77033,10.77033,11.18034,10.77033,9.84886,10.29563,10.29563,10.29563,9.43398,9.43398,9.43398,9.43398,9.43398,8.60233,8.60233,7.81025,7.81025,7.07107,7.07107,7.07107,7.07107,6.40312,6.40312,5.65685,5.0,5.83095,5.83095,5.83095,5.38516,5.38516,73.76313,65.96969,65.55151,57.93962,66.94027,63.78871,63.24555,60.00833,59.13544,55.65968,54.42426,52.39275,52.55473,54.58938,50.08992,48.8774,50.11986,51.88449,50.77401,51.86521,57.68882,55.21775,49.24429,49.39636,51.88449,50.77401,51.0392,54.6443,54.56189,55.07268,46.14109,52.35456,52.39275,51.97115,47.92703,44.27189,49.0408,44.01136,47.85394,38.60052,37.94733,39.84972,39.56008,38.07887,31.257,34.71311,31.40064,30.14963,26.68333,25.07987,26.01922,21.0,25.31798,24.33105,16.76305,21.2132,21.84033,12.04159,12.16553,10.77033,8.60233,11.18034,14.21267,14.14214,17.69181,15.65248,24.20744,27.01851,23.85372,30.80584,35.4683,38.60052,35.38361,41.10961,46.8615,44.04543,49.64877,47.43416,57.42822,56.60389,61.29437,65.0,61.26989,63.95311,66.70832,67.23095,72.01389,64.19502,75.96052,71.06335,71.7844,78.54935,73.05477,75.58439,74.0,75.43209,78.16009,73.08215,72.12489,73.05477,77.20104,70.60453,70.85901,73.08215,70.0928,73.97973,71.58911,74.72617,70.21396,70.5195,69.57011,75.39231,70.34202,70.88018
10.77033,10.77033,10.44031,9.48683,9.48683,9.48683,9.21954,9.21954,9.21954,9.21954,9.21954,9.05539,8.06226,9.05539,9.05539,9.0,9.0,9.0,9.0,9.0,9.0,9.0,9.05539,9.0,9.0,9.05539,9.05539,9.05539,9.05539,8.06226,8.06226,8.06226,8.24621,7.07107,7.28011,7.28011,7.28011,6.32456,6.32456,6.32456,5.83095,5.83095,5.38516,4.47214,5.0,4.47214,5.0,5.0,5.0,4.24264,4.24264,3.60555,67.06713,64.07808,68.96376,64.2573,62.96825,60.37384,53.7122,64.88451,55.47071,56.35601,55.00909,52.69725,52.15362,53.85165,52.47857,54.40588,53.53504,48.9183,49.20366,51.40039,57.62812,48.01042,52.49762,52.40229,51.40039,54.67175,54.40588,51.66237,48.27007,58.60034,52.15362,49.39636,50.47772,48.01042,44.10215,46.95743,40.80441,40.71855,41.18252,42.15448,46.23851,39.21734,35.73514,38.01316,34.53983,35.17101,29.83287,32.57299,27.29469,31.257,27.29469,25.07987,22.2036,24.02082,24.02082,19.41649,21.2132,13.45362,10.29563,10.29563,12.20656,8.06226,13.0384,13.89244,20.61553,21.09502,20.61553,26.40076,21.93171,31.62278,32.20248,35.77709,32.24903,38.60052,43.60046,45.48626,45.96738,50.20956,53.8145,55.15433,62.2254,61.61169,64.63745,66.85058,63.82006,67.95587,67.41662,70.17834,74.43118,70.71068,67.53518,72.91776,70.21396,72.01389,76.47876,72.01389,71.58911,72.09022,75.23962,73.82412,71.58911,71.17584,74.73286,70.83784,68.70953,68.0,66.64083,70.26379,74.46476,70.77429,67.62396,68.42514,63.06346,68.42514
11.18034,10.77033,10.77033,10.77033,10.77033,9.84886,9.48683,9.48683,9.48683,9.21954,9.21954,10.19804,9.05539,10.04988,9.05539,10.04988,10.04988,9.05539,10.0,10.04988,9.05539,10.04988,10.04988,10.04988,10.04988,10.04988,10.04988,9.21954,9.05539,9.21954,8.24621,9.21954,8.24621,8.24621,8.24621,8.24621,7.28011,7.28011,7.28011,6.32456,6.7082,6.7082,6.32456,5.38516,5.38516,4.47214,4.47214,5.0,4.47214,4.47214,4.24264,3.60555,70.02857,63.07139,67.08204,65.73431,66.48308,64.49806,62.58594,62.16912,58.24946,56.51548,55.36244,56.29387,51.97115,49.39636,54.12024,51.89412,52.92447,48.33218,51.62364,49.39636,58.69412,54.12947,50.77401,54.56189,52.80152,52.7731,47.85394,56.0803,47.53946,51.42956,50.9902,48.75449,50.15974,47.16991,48.10405,38.32754,44.38468,40.26164,45.12206,42.95346,39.45884,40.79216,40.31129,34.9285,36.01389,34.1321,29.06888,31.40064,29.0,27.07397,23.02173,25.17936,23.02173,26.1725,23.34524,21.54066,23.4094,15.13275,14.31782,13.15295,10.04988,17.69181,15.52417,15.6205,18.43909,18.43909,17.20465,22.47221,27.01851,29.69848,37.44329,36.23534,38.01316,42.54409,46.14109,44.94441,46.95743,48.33218,56.46238,59.09315,60.00833,60.40695,63.24555,61.40033,65.51336,67.68309,65.51336,64.77654,71.19691,67.74216,68.73136,71.56815,69.46222,71.70077,70.45566,72.56032,73.82412,74.24284,75.80237,69.72087,72.44308,67.60178,74.0,73.17103,69.05071,65.49046,68.88396,61.52235,72.00694,63.28507,67.26812,68.65858,65.11528,71.80529
11.31371,9.89949,10.63015,9.89949,9.89949,9.21954,9.21954,9.21954,9.43398,9.43398,9.43398,9.43398,9.43398,8.94427,8.94427,9.84886,8.94427,8.94427,8.94427,8.94427,8.94427,8.94427,8.94427,9.84886,9.84886,8.94427,8.94427,8.94427,8.94427,8.94427,8.60233,8.60233,7.81025,7.2111,7.2111,7.2111,7.81025,7.07107,5.65685,5.65685,5.65685,5.65685,5.65685,5.0,5.0,5.0,4.24264,3.60555,4.47214,4.47214,4.47214,3.16228,68.96376,70.21396,66.48308,62.36986,59.84146,55.9017,60.08328,54.57105,61.20457,53.60037,52.23983,51.24451,54.00926,51.0392,45.04442,51.08816,57.00877,54.08327,50.48762,53.03772,48.25971,50.03998,47.51842,52.23983,48.16638,54.23099,50.15974,51.0392,53.00943,48.04165,50.24938,47.01064,58.07753,40.0125,48.01042,42.10701,41.10961,43.04649,45.04442,43.41659,38.11824,36.34556,39.81206,35.69314,30.59412,28.63564,36.40055,32.89377,25.0,20.88061,23.76973,25.0,27.07397,21.58703,20.61553,22.13594,15.0,12.16553,11.7047,12.0,12.04159,11.0,10.04988,14.31782,11.18034,17.46425,18.35756,20.22375,29.12044,33.52611,29.83287,37.0,37.10795,36.87818,42.10701,47.51842,47.04253,50.03998,52.0,56.0803,62.03225,62.28965,61.13101,57.07013,63.3877,65.0,67.68309,70.83078,67.72001,66.94027,67.72001,69.37579,72.53275,71.8401,69.64194,73.37575,72.53275,71.86793,71.8401,68.00735,78.84795,68.68042,64.19502,70.00714,67.91171,68.68042,70.60453,69.92138,66.76077,66.09841,62.64184,67.26812,65.0,72.56721
12.0,12.0,11.0,12.0,10.0,11.0,10.04988,10.04988,10.04988,10.04988,10.04988,10.19804,10.19804,10.19804,10.19804,10.44031,10.44031,9.48683,10.44031,10.44031,10.44031,10.44031,9.21954,10.44031,10.44031,10.44031,10.19804,10.19804,10.19804,9.21954,10.04988,9.05539,9.05539,9.05539,8.06226,8.0,8.0,8.0,7.0,8.0,6.0,7.0,6.0,6.08276,6.0,5.09902,5.09902,5.09902,5.09902,5.09902,5.38516,4.47214,71.02816,66.6033,65.11528,61.58734,66.70832,59.40539,55.31727,56.58622,57.31492,55.0,60.87693,51.73973,53.03772,52.63079,54.56189,56.72742,47.50789,51.0392,46.04346,51.85557,55.22681,50.47772,50.47772,53.85165,52.69725,55.60576,56.61272,56.60389,49.73932,50.80354,51.66237,51.08816,52.63079,46.87217,45.96738,50.32892,45.27693,41.86884,39.05125,42.43819,39.59798,38.28838,38.27532,38.28838,30.61046,37.21559,29.41088,34.66987,30.23243,29.68164,20.61553,23.08679,25.29822,25.96151,23.70654,24.5153,19.64688,15.55635,10.63015,11.40175,12.20656,13.34166,16.55295,13.92839,16.15549,19.92486,20.24846,24.35159,27.89265,32.98485,32.28002,36.68787,37.69615,44.01136,43.86342,47.85394,48.8774,55.44367,55.47071,58.60034,62.42596,64.07027,69.02898,61.55485,64.44377,68.68042,67.35726,71.70077,68.76772,73.87828,69.81404,73.40981,72.42237,73.0,72.24957,74.41102,74.33034,74.8131,80.62258,78.00641,75.80237,71.61006,77.93587,72.11103,73.60027,72.8011,70.43437,68.24954,68.88396,71.70077,68.11755,60.20797,73.59348,72.34639
11.0,11.0,10.0,10.0,10.0,10.0,10.04988,9.05539,9.05539,9.05539,9.21954,9.21954,9.21954,9.21954,9.21954,9.48683,9.48683,9.48683,9.48683,9.48683,9.21954,9.21954,9.21954,9.48683,9.48683,9.48683,9.21954,9.21954,9.21954,8.24621,8.06226,8.06226,8.06226,8.06226,7.0,7.0,7.0,7.0,6.0,6.0,6.0,6.0,5.0,5.0,5.0,4.12311,5.09902,4.12311,4.12311,4.12311,4.12311,3.60555,73.43024,69.89278,66.18912,66.57327,67.53518,66.03787,60.20797,62.76942,60.21628,54.40588,53.60037,58.0,56.22277,56.85948,47.38143,50.24938,53.90733,53.03772,49.0408,55.15433,48.27007,52.63079,52.3259,50.20956,48.83646,54.48853,53.74012,52.34501,53.90733,53.07542,53.03772,50.60632,49.57822,44.04543,47.80167,42.2019,50.80354,42.05948,47.16991,45.79301,41.67733,37.21559,39.35734,36.35932,38.47077,37.0,29.96665,32.89377,29.15476,23.5372,26.30589,27.89265,21.37756,29.15476,21.0238,23.08679,19.23538,12.08305,14.14214,10.63015,15.0,15.0,15.81139,15.23155,13.92839,22.56103,21.09502,27.65863,30.67572,30.80584,33.83785,38.07887,36.76955,44.01136,44.77723,43.82921,55.9464,54.08327,54.6443,61.61169,55.80323,59.20304,63.25346,63.89053,65.19202,70.76722,69.35416,67.89698,71.70077,71.02816,75.16648,74.63243,71.84706,75.60423,75.21303,73.24616,75.21303,73.23933,74.20243,69.63476,76.27582,71.86793,78.29432,66.24198,72.56032,69.63476,69.77822,69.33974,69.40461,71.56116,69.63476,75.28612,68.24222,71.28113
12.80625,12.04159,12.04159,12.04159,11.31371,11.31371,10.63015,10.63015,10.63015,10.63015,10.0,10.81665,10.81665,10.81665,10.81665,10.81665,10.29563,10.29563,10.81665,10.81665,10.81665,10.81665,10.29563,10.29563,10.81665,10.81665,10.81665,10.81665,10.0,10.0,9.21954,9.21954,9.21954,9.21954,9.21954,8.48528,8.48528,8.48528,8.48528,7.81025,7.81025,7.07107,7.07107,6.40312,6.40312,6.40312,5.83095,5.83095,5.83095,5.83095,5.38516,5.38516,72.8011,67.35726,67.08204,56.64804,60.41523,56.921,53.75872,57.97413,59.20304,49.33559,50.21952,49.81967,50.21952,53.33854,48.09366,53.08484,52.00961,51.24451,54.23099,49.0102,51.0392,52.0,56.0803,50.0,53.00943,54.08327,48.09366,51.0,53.03772,49.25444,50.03998,48.16638,47.01064,47.16991,44.18144,47.38143,42.57934,42.04759,46.52956,38.83298,41.19466,41.23106,34.48188,42.05948,32.98485,32.01562,30.8707,26.68333,28.17801,25.07987,25.94224,25.29822,29.41088,26.40076,23.34524,26.40076,21.63331,11.31371,15.23155,13.0,13.60147,13.0,13.15295,14.86607,18.02776,17.02939,21.37756,22.36068,26.0,28.4605,30.80584,41.97618,37.33631,42.0,41.4367,46.17359,55.03635,51.15662,56.0803,53.03772,58.03447,60.20797,62.96825,63.34824,66.75328,58.69412,73.5459,64.03124,72.27724,68.94926,70.0928,72.44998,74.33034,68.62215,70.34202,68.30813,75.27284,75.61085,70.5762,72.73239,69.64194,75.61085,74.84651,66.12866,68.00735,73.37575,69.26038,65.80274,64.84597,71.16881,64.19502,76.40026,76.15773,69.92138
11.18034,11.18034,11.04536,11.04536,10.04988,10.04988,10.04988,9.05539,9.0,9.0,9.0,9.05539,9.05539,9.05539,9.05539,9.05539,9.21954,9.05539,9.21954,9.05539,9.05539,10.04988,9.05539,10.04988,9.05539,9.05539,9.0,9.0,9.0,9.0,9.0,9.0,8.0,8.06226,8.06226,7.07107,7.28011,7.28011,7.28011,6.32456,6.32456,6.32456,5.38516,5.38516,5.38516,4.47214,5.0,5.0,5.0,5.0,4.24264,4.24264,70.49113,66.85058,62.20129,68.42514,64.66065,59.36329,55.75841,55.60576,54.48853,54.56189,52.20153,49.81967,47.38143,52.34501,48.9183,51.73973,54.45181,52.00961,47.80167,56.0803,53.2635,51.62364,51.31277,50.60632,48.79549,52.00961,48.27007,53.90733,55.44367,56.0803,48.27007,50.93133,51.66237,46.2277,48.16638,47.38143,44.55334,48.16638,42.2019,44.94441,41.67733,39.44617,36.89173,34.4093,37.58989,30.01666,31.76476,25.55386,26.0,27.73085,26.92582,25.63201,23.19483,24.5153,24.5153,21.09502,18.11077,9.21954,12.64911,9.05539,14.21267,9.48683,14.21267,16.64332,13.92839,13.41641,18.78829,21.09502,27.51363,32.69557,30.08322,29.96665,38.01316,41.59327,43.26662,47.01064,52.43091,43.26662,51.73973,52.63079,60.30755,55.17246,59.46427,58.79626,63.70243,62.00806,67.20863,62.42596,67.62396,66.57327,67.80118,72.40166,73.81734,69.97142,71.28113,71.84706,73.24616,79.92496,73.78347,73.92564,77.69813,69.77105,75.13322,68.96376,66.57327,68.88396,68.88396,64.40497,67.74216,68.50547,73.24616,67.80118,69.02898,68.0
12.04159,12.04159,11.04536,11.04536,11.04536,10.04988,11.04536,10.0,10.0,10.0,10.0,10.04988,10.04988,10.04988,10.04988,10.19804,10.19804,10.19804,10.19804,10.04988,10.04988,10.04988,10.04988,10.19804,10.04988,10.04988,10.04988,10.04988,10.04988,10.0,9.0,9.0,9.0,9.0,9.05539,9.05539,8.06226,8.06226,7.07107,7.28011,7.28011,7.28011,6.32456,6.32456,6.32456,5.38516,5.38516,5.38516,5.38516,5.38516,5.83095,5.0,65.29931,57.98276,66.21933,57.68882,62.43397,58.82176,55.22681,58.82176,52.43091,54.67175,48.83646,51.08816,53.15073,53.41348,51.66237,52.40229,52.40229,51.73973,50.91169,48.60041,55.44367,52.80152,52.00961,50.47772,47.50789,51.66237,52.00961,49.57822,53.74012,46.69047,48.9183,56.22277,41.86884,49.51767,43.86342,50.0,44.55334,42.44997,40.80441,39.69887,37.80212,39.66106,36.35932,33.28663,33.24154,31.38471,31.7805,26.07681,28.6531,22.13594,27.313,19.69772,26.92582,21.09502,21.37756,18.02776,21.2132,14.86607,13.0384,9.21954,12.04159,10.0,13.92839,17.20465,13.92839,19.69772,16.76305,22.84732,25.94224,28.84441,29.15476,32.75668,39.39543,41.6173,47.70744,47.70744,45.45327,48.25971,54.20332,54.45181,53.8145,62.36986,58.72819,59.66574,65.11528,63.03174,68.11755,67.42403,73.00685,63.81222,72.94518,69.06519,75.21303,67.41662,75.71658,77.17513,74.30343,76.15773,76.8505,76.15773,68.96376,71.28113,75.47185,66.57327,71.69379,70.66116,61.7171,69.35416,66.03787,66.88797,61.40033,64.89992,73.00685,69.40461
10.44031,9.48683,9.84886,9.48683,9.84886,8.544,8.544,8.94427,8.94427,8.94427,8.06226,8.06226,8.60233,8.60233,8.60233,8.60233,8.60233,8.60233,8.60233,8.60233,8.60233,8.60233,8.60233,8.60233,8.60233,8.60233,8.60233,8.60233,8.60233,8.06226,8.06226,8.06226,7.61577,6.7082,7.61577,7.61577,6.32456,6.32456,6.32456,6.32456,5.09902,5.09902,5.09902,5.09902,4.0,4.0,4.0,4.0,4.0,4.0,4.12311,3.16228,70.77429,68.942,66.7308,68.35203,62.24147,59.80803,61.68468,58.87274,53.16014,55.15433,54.58938,55.97321,57.07013,49.24429,50.44799,52.39275,53.60037,51.24451,52.61179,49.09175,54.45181,46.17359,56.14268,54.03702,51.15662,47.04253,52.61179,62.1289,51.62364,54.33231,49.0408,50.15974,54.23099,44.40721,48.83646,50.01,42.57934,41.7732,45.60702,39.84972,43.41659,36.24914,39.92493,39.35734,33.83785,33.61547,32.31099,29.96665,28.79236,22.80351,30.01666,23.70654,26.07681,22.80351,24.75884,24.75884,22.2036,11.18034,11.04536,10.44031,11.18034,13.0384,16.12452,8.544,18.11077,19.23538,19.41649,26.68333,28.28427,31.04835,32.75668,38.32754,32.75668,41.30375,47.0,46.01087,42.42641,50.15974,57.07889,54.23099,60.29925,58.24946,60.20797,59.20304,64.28841,66.94027,69.37579,66.7308,68.62215,70.21396,70.60453,74.09453,68.00735,72.61543,75.23962,76.6942,74.67262,77.36924,73.40981,73.82412,70.26379,70.38466,70.21396,76.05919,67.77905,69.07966,69.31811,71.58911,68.35203,69.31811,72.44998,68.942,69.28925,73.37575
12.20656,12.20656,12.20656,12.20656,11.40175,11.40175,10.63015,10.63015,10.63015,10.63015,10.63015,11.31371,11.31371,10.63015,10.63015,10.63015,10.0,10.63015,10.0,10.63015,10.63015,11.40175,10.63015,11.40175,10.63015,10.63015,10.63015,10.63015,9.89949,9.89949,9.89949,9.89949,9.21954,9.21954,9.21954,9.21954,8.60233,8.60233,7.2111,7.2111,7.2111,7.2111,7.2111,6.7082,5.83095,5.83095,5.83095,5.83095,5.38516,5.38516,5.38516,5.09902,67.44627,62.64184,65.80274,60.08328,56.75385,60.08328,56.46238,61.84658,53.36666,53.45091,50.80354,52.7731,52.61179,48.16638,50.48762,49.25444,56.22277,49.16299,47.09565,47.16991,54.0,49.16299,51.08816,51.08816,48.04165,55.00909,52.0,53.03772,54.08327,52.00961,46.87217,54.91812,45.27693,51.78803,44.55334,44.40721,49.25444,46.87217,40.60788,43.41659,37.33631,34.53983,36.68787,35.1141,34.17601,34.53983,31.38471,31.62278,27.313,24.69818,26.40076,24.16609,24.04163,22.02272,17.80449,22.80351,19.79899,11.18034,11.18034,14.86607,15.13275,14.14214,13.0,17.02939,13.0384,21.2132,18.97367,23.76973,28.16026,35.17101,31.38471,40.16217,34.52535,41.10961,43.41659,44.40721,48.09366,54.14795,54.08327,52.0,57.03508,62.20129,65.62012,69.26038,69.12308,64.53681,69.63476,66.70832,74.96666,64.53681,70.60453,71.30919,69.37579,68.68042,72.73239,76.844,78.77182,80.32434,70.5195,72.49828,76.2168,67.23095,76.844,72.11103,68.00735,73.68175,68.00735,62.39391,70.2282,74.09453,60.87693,68.00735,71.56815,66.48308
12.04159,12.04159,11.31371,11.31371,11.31371,10.63015,10.63015,10.0,10.0,10.0,10.0,10.81665,10.81665,10.0,10.0,10.29563,10.29563,10.29563,10.29563,10.29563,10.29563,10.29563,10.29563,10.29563,10.81665,10.29563,10.29563,10.0,10.0,10.0,9.21954,10.0,9.21954,9.21954,9.21954,8.48528,8.48528,7.81025,7.81025,7.81025,6.40312,7.07107,6.40312,6.40312,6.40312,5.83095,5.83095,5.83095,5.83095,5.38516,5.38516,4.47214,63.34824,75.66373,65.49046,63.28507,68.44706,59.43904,62.514,56.0357,63.12686,58.21512,48.37355,55.03635,54.14795,53.00943,46.0,53.00943,54.23099,48.09366,52.03845,52.08647,50.01,57.14018,49.49747,50.48762,57.03508,56.22277,49.49747,51.15662,56.00893,52.00961,47.26521,50.03998,53.15073,47.04253,50.01,41.7732,45.17743,44.01136,47.16991,39.20459,42.75512,41.4367,37.36308,39.29377,36.13862,33.37664,32.31099,26.57066,25.31798,27.78489,29.15476,24.69818,30.0,22.36068,22.80351,22.47221,22.02272,14.31782,13.41641,13.60147,11.7047,12.04159,11.7047,13.0384,17.88854,19.69772,22.84732,21.9545,25.70992,31.90611,33.52611,36.76955,42.04759,39.84972,42.72002,46.23851,47.85394,54.12947,56.29387,59.68249,57.14018,66.18912,68.18358,61.0082,65.0,68.02941,69.02898,68.35934,67.02984,70.34913,70.21396,78.26238,76.41989,76.11833,70.21396,72.83543,73.33485,75.31268,80.89499,73.34848,83.74366,64.32729,75.96052,72.03471,71.02112,77.10383,75.95393,67.26812,71.25307,71.8401,67.46851,74.67262,74.24284,72.99315
11.18034,11.18034,10.29563,10.29563,10.29563,9.43398,9.43398,10.0,10.0,9.21954,9.21954,9.21954,9.21954,9.89949,9.21954,9.89949,9.89949,9.89949,9.21954,9.21954,9.89949,9.89949,9.89949,9.21954,9.89949,9.89949,9.89949,9.21954,9.21954,9.21954,8.48528,8.48528,8.60233,7.81025,7.81025,7.2111,7.2111,7.2111,6.7082,6.40312,5.83095,5.83095,5.83095,5.83095,5.83095,4.47214,4.47214,4.47214,4.47214,4.12311,4.12311,4.12311,64.00781,60.74537,66.88797,67.23095,64.14047,66.37017,57.68882,62.6099,59.16925,53.22593,54.12947,51.07837,50.28916,53.66563,52.92447,51.1957,52.20153,55.08176,51.24451,56.51548,54.57105,51.92302,50.9902,51.92302,49.33559,58.69412,52.63079,49.72927,49.0408,57.07013,52.20153,51.86521,51.26402,47.16991,50.69517,43.38202,43.9659,43.82921,41.59327,43.82921,37.57659,40.31129,36.89173,36.35932,34.1321,33.01515,31.06445,33.30165,29.20616,26.1725,27.65863,27.65863,22.67157,20.0,20.80865,22.67157,21.47091,12.64911,13.0,10.0,10.77033,12.36932,13.92839,14.14214,17.26268,20.22375,19.0263,29.15476,28.07134,30.0,30.01666,37.01351,35.0571,43.01163,45.09989,47.26521,48.50773,54.81788,56.29387,53.16014,61.68468,61.03278,63.32456,67.1193,64.4748,68.60029,70.66116,63.52952,72.20111,65.19202,69.77105,69.11584,70.71068,68.47627,71.28113,72.11103,73.4983,73.60027,74.62573,70.0,70.80254,71.56116,75.80237,73.06162,71.69379,63.51378,67.41662,60.53924,66.28725,72.20111,63.13478,72.94518,70.49113,66.03787
12.36932,11.40175,11.40175,11.40175,11.40175,11.18034,10.19804,10.04988,10.04988,10.04988,10.04988,10.0,10.0,10.0,10.0,10.04988,10.04988,10.04988,10.04988,10.0,10.0,10.0,10.0,10.0,10.0,10.0,10.0,10.04988,10.04988,10.04988,9.05539,9.05539,9.05539,9.05539,9.21954,8.24621,8.24621,8.24621,7.28011,7.28011,7.28011,6.32456,6.32456,6.32456,6.32456,5.38516,5.38516,5.38516,5.83095,5.83095,5.0,5.0,61.68468,65.55151,68.88396,62.62587,71.47027,56.85948,60.53924,62.76942,60.74537,51.07837,52.92447,51.88449,49.73932,55.00909,51.62364,50.9902,50.80354,55.31727,49.1935,50.9902,50.32892,50.44799,48.10405,53.60037,53.41348,54.20332,49.67897,48.60041,51.86521,54.03702,50.93133,52.49762,51.0,42.72002,46.87217,41.18252,45.31004,45.31004,40.31129,41.62932,36.23534,39.35734,35.4683,35.44009,32.57299,29.41088,31.38471,30.59412,26.30589,24.04163,25.07987,24.33105,27.16616,19.0,25.0,24.02082,24.33105,10.77033,12.36932,13.0,11.40175,14.21267,15.81139,12.80625,17.20465,18.02776,21.26029,18.60108,30.80584,29.15476,34.0,34.20526,34.71311,44.40721,43.18565,45.25483,53.2635,55.0,55.21775,58.5235,61.22091,61.40033,63.28507,65.8635,63.13478,65.9242,74.24958,64.88451,67.77905,72.73239,68.30813,76.24303,71.8401,75.27284,78.79086,74.67262,73.73602,78.84795,74.73286,75.96052,70.5195,63.60031,75.69016,77.49194,73.76313,71.47027,68.62215,66.76077,75.39231,68.00735,65.80274,70.5762,69.26038,75.96052
10.81665,10.0,10.0,10.0,10.0,9.21954,9.21954,8.48528,8.48528,9.21954,8.48528,9.21954,9.21954,9.21954,9.21954,9.43398,8.60233,8.60233,8.60233,8.60233,8.60233,9.43398,9.43398,9.43398,9.21954,8.60233,9.21954,9.21954,9.21954,8.60233,8.48528,7.81025,8.48528,7.07107,7.81025,7.2111,7.2111,7.2111,5.83095,5.83095,5.83095,5.83095,5.83095,4.47214,4.47214,4.47214,4.47214,4.12311,4.12311,4.12311,4.0,4.0,65.9242,60.07495,66.37017,59.0,57.03508,59.3043,57.07889,62.64982,56.22277,53.46027,53.33854,49.09175,49.16299,52.15362,42.10701,49.16299,48.09366,51.35173,53.75872,47.07441,51.92302,50.96077,52.49762,55.54278,50.28916,56.32051,48.76474,54.81788,54.81788,47.51842,50.44799,50.28916,48.83646,45.88028,39.20459,46.87217,41.59327,46.09772,44.55334,44.14748,35.12834,35.35534,35.0571,37.01351,35.0571,30.26549,34.0,27.29469,25.07987,27.0,26.30589,22.56103,22.2036,19.0263,19.41649,20.24846,18.02776,9.48683,11.18034,9.21954,12.04159,13.15295,10.19804,12.16553,13.41641,16.55295,16.76305,19.64688,21.9545,32.28002,30.46309,35.4683,32.75668,40.80441,38.32754,43.32436,48.05206,51.47815,51.35173,50.03998,56.0803,59.3043,59.3043,60.82763,68.593,66.28725,71.84706,65.62012,67.74216,67.08204,66.91039,69.2315,69.63476,59.3043,68.44706,68.88396,73.97973,74.2159,64.56005,71.80529,70.40597,67.68309,71.17584,66.4906,68.35934,70.03571,63.34824,65.11528,65.11528,68.06614,58.46366,62.96825,70.25667,74.10803
12.16553,11.18034,12.16553,11.18034,11.40175,10.19804,10.19804,10.44031,10.44031,10.44031,10.44031,9.84886,9.84886,10.29563,9.84886,10.29563,10.29563,10.29563,10.29563,10.29563,10.29563,10.29563,11.18034,10.29563,11.18034,10.29563,9.84886,10.77033,9.84886,9.84886,9.48683,9.48683,9.48683,9.48683,8.24621,8.24621,8.24621,8.24621,7.28011,7.07107,7.07107,6.08276,7.07107,6.08276,6.08276,6.0,6.0,5.0,5.0,5.0,5.0,4.12311,69.31089,69.81404,61.03278,59.4138,68.00735,54.81788,59.07622,58.24946,58.59181,53.66563,49.92995,52.43091,52.39275,55.9017,48.76474,52.80152,51.07837,54.08327,50.44799,54.12024,50.28916,50.15974,45.60702,48.27007,50.44799,55.71355,46.8188,57.00877,50.59644,54.78138,46.48656,46.51881,48.38388,49.0408,45.65085,48.8467,43.82921,44.94441,46.06517,40.70626,33.61547,33.61547,38.83298,41.04875,37.44329,33.30165,26.24881,32.64966,26.87006,28.28427,29.20616,28.42534,23.85372,24.69818,22.2036,23.70654,27.78489,14.86607,9.89949,13.89244,13.60147,15.13275,16.0,13.60147,15.81139,18.97367,22.2036,23.5372,27.29469,30.06659,37.0,36.05551,39.62323,40.60788,42.44997,45.12206,53.16014,49.72927,60.08328,55.15433,55.9464,62.64982,65.74192,64.66065,63.81222,67.23095,66.61081,65.43699,70.0,70.45566,71.61006,74.02702,76.6094,68.11755,72.8011,70.0,76.844,74.65253,76.02631,70.17834,74.02702,68.68042,77.62087,75.00667,68.68042,70.83784,71.21798,68.41053,69.2026,71.8401,66.37017,68.96376,73.24616,67.6757
12.20656,12.20656,12.20656,12.20656,12.20656,10.81665,10.81665,10.29563,10.29563,10.29563,10.29563,10.77033,10.77033,10.77033,10.77033,10.77033,10.44031,10.77033,10.44031,10.77033,10.77033,10.77033,10.77033,10.77033,10.77033,10.44031,10.77033,9.84886,10.77033,9.84886,9.84886,9.84886,9.43398,9.43398,9.43398,8.94427,8.60233,8.60233,7.81025,7.81025,7.2111,6.40312,7.07107,6.40312,6.40312,5.65685,5.65685,5.65685,5.65685,5.0,5.0,4.47214,71.06335,63.07139,62.64982,58.69412,63.12686,55.22681,62.20129,55.57877,55.22681,49.49747,51.41984,51.41984,52.88667,49.24429,45.60702,49.64877,55.65968,52.49762,52.39275,45.31004,49.0408,47.75982,51.86521,44.59821,49.76947,45.54119,44.64303,52.39275,46.48656,45.88028,46.8188,44.92215,49.33559,46.32494,45.60702,47.38143,42.75512,47.67599,42.57934,40.4475,37.21559,37.01351,38.11824,36.22154,32.01562,33.0,29.01724,32.01562,28.28427,20.02498,28.16026,25.01999,27.29469,20.88061,23.76973,21.0238,20.59126,9.21954,9.21954,15.13275,15.23155,15.23155,13.60147,14.21267,16.40122,20.80865,18.86796,29.15476,26.1725,26.40076,35.80503,34.88553,36.71512,39.44617,47.16991,44.77723,47.53946,51.26402,60.08328,57.00877,62.64184,57.72348,60.72891,65.30697,65.76473,67.91171,64.77654,66.06815,72.44308,71.34424,75.05998,71.17584,71.11259,70.00714,70.06426,77.02597,72.00694,74.02702,71.02816,71.02816,73.10951,70.02857,74.54529,71.17584,69.02898,69.06519,67.02984,68.26419,64.28063,69.18092,67.1193,73.33485,72.06247,70.71068
11.0,11.04536,10.04988,10.04988,10.04988,9.05539,9.05539,9.05539,9.05539,9.21954,9.21954,9.48683,8.544,9.48683,8.544,8.94427,8.94427,8.544,8.94427,8.94427,8.94427,9.84886,8.544,8.94427,9.48683,8.544,9.48683,8.544,8.544,8.544,8.24621,8.24621,8.24621,8.24621,7.07107,7.07107,7.07107,7.07107,7.07107,6.08276,6.0,6.0,6.0,5.0,5.0,4.0,5.09902,4.12311,4.12311,4.12311,4.12311,3.60555,69.02898,61.07373,65.11528,62.93648,60.0,58.89822,59.4138,59.5483,56.56854,53.41348,54.48853,51.62364,50.93133,51.40039,51.66237,55.21775,55.21775,53.0,49.39636,49.0408,51.10773,51.10773,52.35456,52.47857,45.48626,52.15362,51.0392,52.35456,52.69725,54.20332,46.32494,50.20956,49.67897,49.09175,45.34314,44.82187,43.93177,40.31129,41.01219,39.62323,40.31129,39.82462,33.01515,35.51056,36.23534,33.61547,27.45906,30.0,26.83282,30.36445,23.70654,23.70654,27.51363,22.84732,22.13594,16.27882,21.18962,12.72792,10.81665,10.81665,13.34166,11.18034,14.14214,13.89244,15.52417,17.46425,20.39608,25.4951,27.01851,28.16026,29.73214,35.90265,32.89377,43.41659,45.35416,49.24429,50.15974,46.64762,55.9464,49.73932,58.24946,57.45433,63.28507,65.43699,68.0147,57.38467,71.8401,67.26812,74.51845,65.05382,72.18033,68.0147,72.62231,65.79514,72.91776,68.68042,76.48529,74.27651,68.62215,74.65253,67.26812,71.8401,67.94115,68.41053,67.20119,66.6033,64.81512,68.60029,66.06815,71.8401,67.47592,65.11528,67.89698,67.17887
11.6619,10.81665,10.0,10.81665,10.0,9.43398,9.21954,9.21954,9.21954,9.21954,9.21954,9.21954,9.21954,9.21954,9.21954,9.21954,8.60233,8.60233,8.60233,9.21954,9.21954,9.21954,8.60233,9.21954,10.0,9.21954,9.21954,9.21954,9.21954,8.48528,8.48528,8.48528,7.81025,7.81025,7.81025,7.81025,7.2111,7.2111,7.2111,5.83095,5.83095,5.83095,5.83095,5.38516,4.47214,4.47214,4.12311,4.12311,4.12311,4.12311,4.0,4.0,68.70953,68.54196,67.6757,61.03278,57.58472,60.72891,53.45091,58.82176,51.92302,54.81788,52.17279,52.95281,50.9902,50.48762,46.17359,43.04649,55.3263,50.08992,56.0357,47.01064,57.0,50.03998,54.00926,54.08327,53.00943,56.4358,47.09565,58.30952,52.00961,57.07889,51.0,54.08327,49.0102,47.16991,48.01042,55.14526,48.50773,47.51842,42.95346,42.57934,34.9285,34.20526,39.62323,34.48188,35.17101,32.98485,34.43835,26.83282,29.15476,28.63564,21.47091,25.80698,29.15476,21.54066,25.05993,20.80865,16.40122,7.07107,12.04159,9.05539,9.05539,13.15295,12.64911,12.0,13.0384,20.09975,21.84033,21.58703,24.04163,32.28002,32.57299,38.47077,32.75668,36.12478,40.1995,43.0,51.0,50.08992,56.4358,52.34501,56.56854,60.41523,60.40695,58.24946,60.53098,58.5235,69.92138,60.16644,70.88018,74.33034,72.23573,70.68239,69.77822,67.06713,72.11103,72.42237,75.58439,71.86793,65.19202,70.68239,69.07966,71.86793,69.89278,70.68239,71.17584,69.64194,62.62587,67.6757,69.37579,71.69379,61.98387,68.35203,68.00735,66.09841
10.77033,10.77033,10.44031,9.84886,9.48683,9.48683,9.48683,9.48683,8.544,9.21954,9.21954,9.21954,9.05539,9.05539,9.05539,9.05539,9.05539,9.05539,9.0,9.05539,9.05539,9.05539,9.05539,9.05539,9.05539,9.21954,9.21954,8.24621,9.21954,8.24621,8.24621,8.24621,7.61577,7.61577,7.61577,7.61577,6.7082,6.7082,6.7082,5.83095,5.83095,5.83095,5.0,5.0,5.0,5.0,4.24264,5.0,4.24264,5.0,5.0,4.47214,72.53275,71.58911,65.19202,67.6757,69.26038,58.5235,58.30952,56.64804,54.626,52.81098,52.20153,50.15974,56.85948,50.56679,50.11986,51.88449,52.43091,48.60041,51.97115,50.21952,49.39636,52.69725,42.80187,50.77401,49.20366,55.00909,50.77401,53.90733,48.82622,54.3783,51.88449,48.10405,51.88449,51.47815,49.39636,40.71855,42.04759,44.92215,39.56008,42.44997,44.14748,41.10961,34.48188,31.7805,37.10795,34.1321,29.61419,28.16026,26.30589,29.0,22.0,26.01922,29.15476,24.5153,21.0,25.4951,18.97367,10.81665,11.7047,13.0384,8.60233,10.29563,9.43398,14.14214,17.20465,21.26029,24.69818,21.54066,25.55386,30.01666,33.54102,36.89173,38.58756,40.60788,41.01219,42.63801,41.7732,45.45327,54.81788,58.60034,51.62364,58.5235,65.45991,66.7308,67.08204,65.74192,66.24198,67.23095,62.76942,62.76942,69.07966,71.47027,71.06335,70.21396,69.28925,71.69379,71.30919,71.8401,73.97973,73.08215,73.76313,63.60031,72.36712,66.4906,71.80529,69.857,71.16881,67.62396,68.62215,62.36185,63.56886,68.00735,71.7844,70.60453
12.36932,11.40175,11.7047,11.40175,10.44031,10.44031,10.77033,9.84886,10.77033,9.84886,9.84886,10.29563,10.29563,10.29563,10.29563,10.81665,10.0,10.29563,10.81665,10.81665,10.29563,10.81665,10.29563,10.81665,10.29563,10.29563,10.29563,10.29563,10.29563,10.29563,9.84886,9.84886,9.84886,8.544,8.544,8.544,8.544,8.24621,7.28011,7.28011,7.28011,7.28011,6.32456,6.08276,6.08276,5.09902,5.09902,5.09902,5.0,5.0,5.0,5.0,64.84597,66.0303,67.1193,59.16925,67.23095,56.85948,60.41523,58.60034,53.31041,53.22593,56.35601,54.12947,54.78138,48.70318,45.88028,50.0,53.15073,50.0,54.34151,49.64877,48.83646,52.17279,44.40721,50.9902,47.53946,48.27007,48.50773,54.12947,49.33559,49.24429,55.36244,47.12749,48.38388,51.24451,45.88028,48.70318,47.43416,40.8534,37.58989,41.14608,38.07887,32.20248,39.40812,39.35734,33.54102,28.6531,32.01562,31.06445,29.69848,25.0,31.1127,22.67157,26.24881,21.93171,25.0,30.23243,24.59675,15.65248,14.31782,13.0,13.0,12.16553,15.52417,12.0,16.76305,19.23538,25.31798,22.36068,30.01666,26.30589,33.24154,39.01282,35.01428,46.17359,43.10452,45.09989,52.00961,54.74486,56.88585,55.44367,60.67125,62.8172,62.58594,60.40695,67.08204,60.92618,70.21396,61.7414,66.18912,73.79024,72.91776,76.05919,68.42514,66.24198,72.89719,72.44998,75.13322,76.94154,65.0,74.62573,77.66595,66.88797,71.55418,71.58911,73.81734,69.77105,68.60029,64.84597,74.30343,74.62573,67.95587,68.942,75.13322,72.49828
12.20656,11.40175,11.40175,10.81665,10.81665,10.81665,10.0,10.0,10.0,9.89949,9.89949,9.89949,9.89949,9.21954,9.21954,10.0,9.21954,10.0,10.0,10.0,10.0,10.0,9.89949,10.0,10.0,9.89949,9.89949,9.21954,9.21954,9.21954,9.21954,9.21954,9.21954,7.81025,8.60233,8.06226,8.06226,7.2111,7.2111,6.7082,6.7082,6.7082,6.7082,6.32456,5.38516,5.38516,5.09902,5.38516,5.09902,5.09902,5.09902,5.0,66.48308,70.21396,71.02112,71.80529,65.30697,56.04463,57.07013,58.24088,58.54912,59.4138,54.14795,56.0357,51.0,45.17743,55.08176,49.0102,55.00909,48.16638,50.03998,53.03772,56.0803,50.08992,50.15974,51.78803,48.04165,52.08647,51.08816,49.09175,51.0392,56.14268,53.03772,55.00909,47.04253,46.01087,50.35871,46.17359,43.28972,44.28318,44.40721,43.41659,38.32754,40.79216,40.4475,34.36568,37.10795,36.24914,34.48188,31.7805,27.313,30.01666,26.0,24.69818,27.78489,23.02173,19.84943,19.10497,21.63331,7.28011,9.0,10.04988,10.77033,11.04536,14.0,16.76305,15.65248,18.97367,18.02776,23.08679,24.59675,29.54657,36.40055,38.48376,39.45884,41.48494,39.84972,45.54119,48.05206,52.39275,52.34501,56.22277,60.07495,60.13319,64.00781,66.00758,66.06815,63.12686,72.69113,62.28965,66.61081,70.85901,73.68175,69.63476,76.48529,72.56721,76.40026,71.19691,73.75636,75.0,72.00694,71.47027,75.9276,69.857,70.40597,67.18631,69.42622,72.03471,68.65858,64.7611,68.88396,76.15773,70.85901,67.26812,71.56815,67.05222
11.18034,11.18034,10.29563,10.29563,10.29563,10.29563,9.43398,9.43398,9.43398,9.43398,10.0,9.21954,9.21954,9.21954,9.21954,9.89949,9.21954,9.89949,9.89949,9.89949,9.21954,9.89949,10.0,9.89949,9.89949,9.21954,10.0,10.0,9.43398,9.43398,8.60233,8.60233,8.06226,8.06226,7.61577,7.61577,7.61577,6.7082,6.32456,6.32456,6.32456,5.38516,5.38516,5.09902,5.09902,5.09902,5.09902,5.09902,4.0,4.0,4.0,4.0,67.1193,65.9242,66.48308,66.30988,62.64184,60.40695,58.82176,65.39113,57.24509,55.36244,55.36244,55.31727,55.54278,51.78803,52.88667,49.0306,53.33854,53.46027,54.58938,50.35871,57.00877,54.23099,47.26521,48.37355,48.25971,49.49747,55.9017,49.16299,54.08327,56.14268,50.80354,50.48762,44.91102,45.88028,45.89118,45.60702,40.16217,44.92215,42.95346,44.38468,35.8469,39.0,32.24903,37.12142,34.88553,31.95309,28.84441,31.76476,29.15476,27.78489,27.01851,19.10497,27.45906,23.25941,26.40076,26.1725,23.34524,16.12452,12.64911,11.04536,12.16553,10.04988,13.15295,14.0,18.24829,22.80351,19.23538,25.29822,29.54657,30.36445,29.42788,35.73514,37.65634,45.70558,43.73786,49.0306,49.09175,51.08816,56.0357,59.21149,51.0098,59.21149,64.28063,64.32729,64.13267,60.41523,65.0,68.68042,66.76077,73.24616,67.72001,71.8401,71.16881,69.57011,71.16881,71.51224,70.38466,70.5762,72.8011,68.942,76.32169,67.1193,69.64194,72.61543,70.5195,64.2573,71.51224,66.21178,66.09841,64.2573,71.55418,71.11259,67.62396,72.53275
11.18034,10.19804,10.19804,10.19804,10.19804,9.48683,9.48683,9.48683,9.48683,9.84886,9.84886,9.84886,8.94427,8.94427,8.94427,9.43398,9.43398,9.43398,9.43398,9.43398,9.43398,9.43398,9.43398,9.43398,9.43398,9.43398,9.84886,8.94427,8.94427,8.94427,8.544,8.544,8.544,7.28011,8.24621,7.28011,7.28011,7.28011,6.32456,6.08276,6.08276,6.08276,5.09902,5.09902,5.0,5.0,5.0,4.0,4.0,4.0,4.12311,4.12311,70.00714,67.94115,70.17834,63.65532,63.12686,62.28965,62.96825,61.6198,53.2635,58.00862,57.00877,52.49762,51.86521,54.6443,55.9464,50.77401,53.53504,48.30114,56.36488,49.24429,55.54278,49.1935,50.21952,55.03635,51.42956,52.7731,51.47815,56.64804,49.65884,54.56189,49.39636,52.35456,49.24429,48.02083,47.01064,47.50789,45.22168,43.18565,43.26662,44.40721,39.62323,43.41659,36.23534,38.58756,36.79674,31.14482,29.83287,28.3196,32.64966,33.24154,28.30194,22.02272,24.69818,21.63331,20.51828,21.93171,18.38478,12.20656,8.60233,10.63015,11.40175,11.40175,16.15549,19.0,17.26268,20.61553,19.41649,28.63564,27.07397,34.05877,33.73426,35.69314,38.07887,41.78516,41.78516,45.88028,47.85394,48.30114,55.9017,55.75841,55.9464,60.41523,64.3506,63.13478,65.21503,67.62396,67.42403,67.20119,67.89698,66.48308,68.593,72.24957,70.76722,67.94115,71.50524,71.42129,79.20859,75.82216,73.59348,72.24957,72.34639,69.31089,72.24957,75.74299,72.86288,70.71068,65.06919,68.68042,74.33034,71.44928,66.48308,71.8401,69.29646,70.72482
12.64911,11.40175,11.7047,11.7047,11.7047,10.77033,10.77033,10.77033,9.84886,10.29563,10.77033,10.29563,10.29563,10.29563,10.29563,10.81665,10.81665,10.81665,10.81665,10.81665,10.81665,10.81665,10.29563,10.81665,10.29563,10.29563,10.29563,10.29563,10.29563,9.84886,9.84886,9.84886,9.84886,8.544,8.544,8.544,8.544,8.24621,8.24621,7.28011,7.28011,7.07107,7.07107,6.08276,6.08276,6.08276,6.08276,6.08276,5.0,5.0,5.0,4.12311,70.83784,62.64982,63.24555,59.09315,60.16644,56.46238,61.09828,53.16014,57.56735,51.41984,52.39275,51.92302,48.83646,51.62364,51.86521,48.83646,44.40721,49.64877,51.62364,49.49747,49.25444,48.76474,49.0102,49.16299,52.23983,49.09175,53.60037,56.22277,56.32051,50.35871,51.92302,46.57252,47.67599,47.80167,44.59821,49.0306,47.43416,43.73786,44.01136,44.92215,38.48376,40.49691,36.24914,32.64966,36.35932,34.43835,30.23243,29.68164,28.6007,26.62705,21.47091,23.02173,26.1725,23.85372,25.4951,20.24846,20.0,12.08305,9.21954,13.0384,11.40175,12.16553,13.34166,13.0,18.24829,21.47091,20.61553,24.35159,24.33105,27.51363,33.83785,33.95585,35.44009,46.84015,44.64303,49.0408,44.55334,54.91812,55.57877,58.13777,64.03124,63.07139,60.29925,61.52235,61.98387,68.46897,67.26812,69.87131,64.77654,64.7611,65.11528,75.31268,66.70832,76.92204,74.94665,71.86793,70.88018,72.73239,71.8401,69.57011,72.42237,66.85058,70.61161,67.06713,70.5762,66.70832,69.64194,70.00714,65.25335,67.1193,66.30988,70.38466,66.76077,73.97973
10.81665,10.29563,10.29563,10.29563,9.43398,10.29563,8.94427,8.94427,8.94427,8.544,8.544,8.544,8.544,8.24621,9.21954,9.21954,9.21954,8.24621,9.21954,9.21954,9.21954,9.21954,8.24621,9.21954,9.21954,9.21954,9.21954,8.544,8.544,8.544,8.544,8.544,7.61577,7.61577,7.61577,7.2111,7.2111,7.2111,6.7082,6.40312,6.40312,6.40312,5.0,5.65685,5.65685,4.24264,4.24264,5.0,5.0,5.0,4.47214,4.47214,66.27217,61.0,65.62012,56.14268,63.95311,61.66036,56.4358,56.32051,55.00909,54.00926,53.08484,54.23099,54.00926,54.33231,54.23099,50.48762,52.7731,47.85394,45.35416,50.21952,51.78803,50.35871,50.0,50.01,50.69517,52.46904,51.47815,46.17359,46.0,51.24451,54.14795,49.09175,48.25971,49.36598,46.0,41.0,44.01136,40.04997,39.11521,46.27094,39.11521,39.45884,32.55764,30.59412,34.52535,30.80584,33.83785,32.57299,27.20294,22.82542,24.59675,23.70654,22.36068,21.09502,24.16609,24.20744,16.27882,15.13275,8.544,8.06226,10.44031,7.07107,14.56022,17.88854,15.23155,19.10497,20.80865,19.41649,26.07681,30.0,31.62278,33.61547,38.01316,40.49691,41.23106,41.14608,49.0306,49.49747,55.7853,54.58938,55.9017,60.13319,64.49806,62.07254,64.07027,64.0,69.11584,67.47592,68.06614,68.11755,71.84706,70.11419,72.83543,68.593,73.34848,70.71068,74.33034,72.83543,72.69113,71.38627,72.56721,70.03571,67.02984,68.73136,70.03571,72.56032,67.68309,64.62971,69.58448,69.35416,65.62012,68.593,70.25667,65.30697
12.0,11.0,11.04536,11.0,10.04988,11.04536,10.04988,10.04988,10.04988,10.19804,10.19804,10.19804,10.19804,10.44031,10.44031,10.44031,10.44031,9.48683,10.77033,10.44031,10.44031,10.77033,10.44031,10.77033,10.44031,10.44031,10.44031,10.44031,10.19804,10.19804,9.21954,9.05539,9.05539,9.05539,8.06226,8.06226,8.0,8.0,8.0,7.0,7.0,7.0,6.0,6.0,6.0,6.0,5.09902,5.09902,5.09902,5.09902,4.12311,4.47214,65.43699,70.43437,69.6563,69.06519,67.89698,56.58622,60.80296,60.1415,55.17246,54.03702,53.03772,48.08326,48.79549,50.44799,53.15073,49.0408,54.58938,56.85948,51.61395,51.61395,52.15362,53.00943,52.39275,52.83938,53.85165,53.41348,53.82379,51.0,51.31277,51.31277,48.54894,51.61395,49.64877,46.32494,47.38143,50.9902,44.40721,48.27007,42.42641,43.86342,40.36087,43.84062,38.94868,40.31129,38.28838,34.20526,31.89044,31.241,25.05993,25.94224,30.01666,24.18677,29.52965,23.08679,25.05993,24.04163,21.58703,11.18034,12.52996,9.21954,13.89244,11.31371,13.45362,16.64332,15.23155,20.24846,20.24846,24.73863,26.92582,35.1141,34.53983,31.95309,38.07887,44.01136,40.70626,47.41308,45.65085,53.82379,58.82176,57.00877,62.80127,60.21628,62.62587,65.79514,70.72482,67.17887,70.00714,67.89698,70.72482,70.93659,70.60453,74.4043,73.24616,74.65253,72.34639,71.21798,75.0733,75.80237,81.84131,74.65253,76.83749,71.02816,75.71658,75.0733,73.24616,72.00694,73.87828,66.70832,73.40981,74.20243,68.24954,74.24958,65.11528,77.15569
10.77033,10.77033,10.77033,10.77033,9.84886,9.84886,9.84886,8.94427,9.84886,9.43398,9.43398,9.43398,9.43398,8.60233,8.60233,10.0,10.0,9.21954,9.21954,9.21954,9.21954,10.0,9.43398,9.21954,10.0,10.0,9.43398,9.43398,9.43398,9.43398,8.06226,8.06226,8.06226,8.06226,7.61577,7.61577,7.61577,6.32456,6.32456,6.32456,6.32456,5.38516,5.38516,5.09902,5.09902,5.09902,5.09902,4.12311,4.12311,4.0,4.0,3.16228,68.41053,65.11528,66.0303,59.81639,64.00781,56.40035,60.60528,59.03389,56.30275,55.56978,52.83938,51.47815,53.23533,48.76474,54.12947,55.97321,50.96077,54.42426,50.08992,55.36244,54.08327,49.72927,49.0306,54.40588,50.0,48.08326,49.72927,51.5461,48.70318,52.49762,53.16014,55.02727,46.61545,49.98,49.98,47.01064,46.09772,45.61798,40.71855,40.70626,42.54409,38.47077,41.6173,33.83785,35.22783,35.0,33.83785,28.28427,27.45906,26.62705,25.0,23.34524,26.87006,24.83948,27.01851,20.61553,25.0,11.6619,10.63015,10.63015,14.14214,13.0384,8.24621,18.24829,16.15549,20.88061,21.37756,26.1725,26.01922,32.75668,36.34556,36.22154,37.48333,46.69047,44.14748,44.64303,46.09772,49.65884,53.22593,54.23099,60.03332,62.76942,62.6099,65.80274,63.81222,65.73431,66.85058,64.81512,68.76772,71.61006,72.42237,69.42622,73.24616,70.93659,71.8401,71.70077,75.16648,71.58911,71.70077,76.57676,72.24957,68.11755,73.10951,70.93659,71.40028,70.60453,67.35726,63.00794,68.00735,72.47068,67.42403,72.47068,67.80118,68.88396
11.40175,11.40175,11.18034,11.40175,11.18034,10.19804,10.19804,10.04988,10.04988,10.04988,10.04988,10.04988,10.0,10.0,10.0,10.0,10.04988,10.04988,10.04988,10.04988,10.04988,10.04988,10.0,10.04988,11.04536,10.0,10.0,10.0,10.0,10.0,9.05539,9.05539,9.05539,9.05539,8.06226,8.06226,8.06226,7.28011,7.28011,7.28011,6.32456,6.32456,6.32456,6.08276,5.38516,5.38516,5.38516,5.38516,5.38516,4.47214,4.47214,4.24264,67.1193,59.9333,67.97794,62.6099,60.82763,60.41523,54.3783,54.20332,53.0,56.30275,53.0,52.35456,56.0803,51.08816,52.43091,54.03702,49.67897,49.49747,52.00961,51.85557,53.74012,48.79549,50.32892,52.34501,47.50789,48.16638,48.10405,52.63079,48.9183,53.07542,50.60632,50.0,46.40043,50.20956,47.50789,44.20407,42.80187,42.72002,38.07887,45.27693,35.77709,37.69615,33.24154,41.59327,33.52611,32.64966,29.54657,29.96665,33.83785,27.65863,24.35159,23.4094,23.34524,20.61553,21.58703,22.2036,25.07987,14.21267,14.42221,12.04159,9.89949,12.20656,17.02939,17.80449,19.31321,18.78829,25.55386,27.85678,26.83282,29.52965,28.79236,35.80503,33.01515,42.54409,44.82187,46.04346,46.2277,50.32892,56.56854,57.38467,58.79626,63.89053,59.66574,65.51336,66.28725,69.11584,67.80118,67.74216,71.69379,70.49113,71.58911,70.21396,74.24284,73.06162,72.20111,73.34848,71.58911,72.89719,76.47876,72.06941,73.3553,69.77822,73.40981,67.62396,69.31811,69.83552,67.1193,65.39113,68.44706,68.02941,70.21396,67.1193,72.20111,66.64833
11.18034,11.18034,11.18034,10.29563,10.77033,9.84886,9.84886,9.48683,9.48683,9.48683,9.48683,9.48683,9.21954,9.21954,9.21954,10.19804,10.19804,10.19804,9.05539,10.04988,9.21954,10.19804,9.21954,10.04988,10.19804,9.21954,9.21954,9.21954,9.21954,9.48683,9.21954,8.544,8.24621,8.544,7.61577,7.61577,7.61577,7.61577,6.7082,6.7082,6.7082,5.83095,5.83095,5.83095,5.83095,5.0,5.0,5.0,5.0,5.0,4.24264,3.60555,63.15061,68.00735,68.942,65.79514,68.30813,61.39218,57.93962,61.98387,57.93962,52.55473,58.18075,54.23099,57.69749,51.47815,55.9464,57.3062,53.0,47.70744,55.22681,50.77401,57.42822,57.45433,46.75468,50.9902,50.80354,54.6443,49.92995,51.40039,54.20332,56.93856,52.20153,55.47071,46.14109,48.01042,46.23851,43.909,41.23106,42.72002,40.49691,40.16217,45.88028,40.80441,34.9285,32.69557,38.32754,33.24154,33.37664,38.07887,29.42788,26.4764,27.07397,25.31798,26.01922,23.19483,24.02082,24.18677,23.76973,12.20656,16.12452,13.0,11.40175,10.77033,11.40175,13.89244,15.55635,21.93171,26.90725,30.4795,28.30194,31.82766,34.71311,37.53665,36.23534,42.44997,43.27817,48.27007,49.20366,51.66237,60.74537,59.07622,59.94164,57.70615,65.0,65.36819,64.40497,68.35203,67.06713,66.85058,74.33034,69.28925,70.93659,76.844,72.12489,73.05477,75.69016,76.40026,72.42237,77.12976,75.28612,74.46476,76.53757,77.12976,72.8011,72.03471,70.34202,73.05477,71.47027,67.35726,68.68042,69.12308,71.56815,73.4983,72.23573,72.73239
11.7047,11.7047,10.77033,10.77033,10.77033,10.77033,9.84886,9.84886,9.84886,9.43398,10.29563,10.29563,9.43398,9.43398,9.43398,10.0,10.0,10.0,10.0,10.0,10.0,10.0,10.0,10.0,10.29563,10.29563,10.29563,9.43398,9.43398,8.94427,8.94427,8.94427,8.94427,8.544,8.544,8.544,8.24621,7.28011,7.28011,7.28011,7.07107,7.07107,6.08276,6.08276,6.08276,6.0,5.0,6.0,5.0,5.09902,5.09902,5.09902,67.1193,64.00781,67.08204,63.97656,58.69412,56.36488,58.18075,57.70615,56.64804,49.98,55.08176,51.26402,51.66237,46.48656,52.95281,55.7315,49.72927,50.63596,50.63596,48.37355,50.63596,51.15662,53.33854,52.95281,48.25971,50.48762,54.57105,51.35173,49.64877,46.87217,53.60037,49.0306,46.52956,46.09772,50.9902,45.35416,43.68066,39.21734,43.46263,41.48494,39.39543,35.8469,30.8707,36.89173,34.43835,32.20248,32.24903,28.30194,22.47221,24.41311,26.07681,25.05993,21.93171,21.93171,19.10497,17.69181,21.93171,9.48683,11.6619,14.86607,11.18034,14.03567,12.0,10.44031,17.02939,24.08319,19.10497,22.56103,25.96151,29.27456,32.98485,33.06055,38.11824,39.11521,41.59327,46.04346,47.04253,52.03845,54.33231,54.91812,57.87055,57.87055,61.84658,63.56886,65.96969,66.7308,68.00735,68.96376,65.78754,72.09022,70.00714,65.19202,76.2168,69.46222,70.00714,73.34848,72.23573,75.591,68.54196,69.35416,72.89719,68.0,68.44706,71.19691,68.02941,67.62396,71.19691,67.54258,72.09022,69.35416,62.24147,63.15853,70.21396,68.47627
11.04536,11.04536,10.04988,10.04988,10.04988,10.04988,9.21954,9.21954,9.21954,9.21954,9.48683,9.48683,9.48683,8.544,8.544,9.84886,9.84886,8.94427,8.94427,8.94427,9.48683,9.84886,9.48683,9.84886,9.48683,9.84886,9.48683,8.544,9.48683,8.544,8.24621,8.24621,8.24621,7.28011,7.07107,7.07107,7.07107,6.08276,6.08276,6.0,6.0,6.0,5.0,5.0,5.0,5.0,5.0,4.12311,4.12311,4.12311,4.12311,3.16228,68.7968,68.00735,68.7968,62.26556,58.13777,59.20304,56.0803,59.36329,53.8145,53.07542,53.15073,48.41487,55.31727,46.69047,55.86591,52.00961,52.69725,49.57822,50.44799,47.80167,51.86521,41.88078,51.97115,49.0408,48.16638,52.00961,50.47772,52.43091,52.43091,51.62364,50.24938,53.82379,44.68781,52.49762,47.50789,49.49747,48.10405,41.10961,40.31129,40.45986,40.45986,40.31129,36.12478,40.45986,37.20215,35.8469,33.28663,31.30495,28.84441,25.80698,25.05993,21.63331,29.52965,20.61553,24.59675,25.4951,23.08679,12.04159,10.81665,11.6619,14.21267,10.63015,13.60147,13.41641,13.89244,17.88854,17.0,18.68154,26.92582,30.67572,29.73214,35.77709,34.1321,42.95346,40.49691,43.04649,47.80167,50.44799,56.85068,57.48913,64.66065,60.44005,60.959,66.48308,65.06919,62.482,73.75636,61.84658,72.00694,68.26419,68.8186,69.33974,71.28113,67.20119,75.21303,72.67049,73.81734,78.77182,70.72482,75.80237,73.60027,74.88658,68.60029,67.74216,67.74216,71.58911,69.63476,65.8635,65.60488,71.84706,64.40497,74.4043,70.93659,72.42237
12.0,11.0,11.0,11.0,11.0,10.0,10.04988,10.04988,10.04988,10.19804,10.04988,10.19804,10.19804,10.44031,10.44031,10.44031,10.44031,10.44031,10.44031,10.44031,10.44031,10.44031,10.44031,10.44031,10.44031,10.44031,10.19804,10.19804,10.19804,10.04988,9.05539,9.05539,9.05539,9.0,9.0,8.0,8.0,8.0,8.0,7.0,7.07107,6.0,6.0,6.08276,6.08276,6.08276,5.09902,5.09902,5.09902,5.09902,4.47214,4.47214,65.51336,63.07139,61.40033,66.7308,61.7171,61.91123,59.07622,57.14018,57.42822,54.20332,49.24429,52.20153,56.85948,48.9183,48.60041,48.10405,53.75872,50.20956,47.50789,50.24938,53.07542,51.22499,48.79549,49.57822,48.83646,50.9902,50.20956,47.42362,52.34501,55.31727,53.25411,51.62364,45.45327,51.85557,49.20366,44.40721,47.70744,44.10215,45.65085,43.38202,41.14608,41.62932,33.24154,36.23534,32.75668,30.36445,28.16026,34.9285,27.45906,31.57531,26.68333,25.17936,21.37756,24.08319,22.0,20.02498,21.2132,15.26434,10.81665,8.06226,8.94427,9.43398,12.04159,15.6205,17.49286,19.92486,20.88061,22.36068,26.24881,27.89265,34.9285,35.44009,41.14608,41.14608,41.88078,47.50789,44.40721,50.53712,54.81788,54.20332,57.80138,65.76473,61.6198,67.17887,64.81512,66.6033,67.20863,71.40028,70.60453,69.2026,72.62231,67.42403,67.60178,67.6757,68.7968,77.38863,75.45197,74.94665,76.32169,73.43024,76.66159,72.94518,80.77747,70.17834,70.23532,67.74216,68.47627,73.06162,68.09552,75.66373,64.3506,69.97142,66.0303,66.03787
12.04159,11.04536,11.04536,11.04536,11.04536,10.04988,10.19804,10.19804,10.19804,9.48683,10.19804,10.44031,9.48683,9.48683,9.84886,10.77033,9.84886,9.84886,9.84886,9.84886,9.84886,9.84886,9.84886,9.84886,10.77033,9.84886,9.48683,10.44031,9.48683,9.48683,9.48683,9.21954,9.21954,8.24621,8.24621,8.06226,8.06226,8.06226,7.07107,7.07107,7.0,7.0,7.0,6.0,6.0,5.0,5.0,5.0,5.0,5.0,5.09902,4.12311,70.60453,62.6099,67.20119,65.51336,66.24198,60.80296,62.43397,59.20304,51.0392,53.25411,48.60041,52.80152,50.32892,51.73973,51.22499,53.75872,54.45181,55.17246,50.24938,49.57822,56.58622,49.57822,47.43416,47.42362,50.32892,54.03702,48.10405,52.80152,50.0,52.40229,50.20956,49.67897,47.63402,49.49747,46.09772,46.09772,42.80187,45.25483,45.0,42.54409,40.0,38.27532,33.61547,38.83298,37.58989,35.8469,26.92582,28.6531,29.06888,28.23119,26.57066,26.0,25.96151,26.4764,22.13594,21.0238,21.09502,13.0384,11.6619,12.04159,10.29563,14.86607,16.27882,9.84886,17.49286,18.78829,21.54066,25.07987,28.17801,28.17801,35.8469,37.73592,37.21559,41.10961,43.60046,48.25971,59.5483,49.0408,54.48853,57.31492,54.45181,62.482,68.41053,65.29931,69.02898,64.40497,67.00746,62.20129,70.43437,68.24222,73.81734,74.94665,72.56032,65.45991,71.55418,73.92564,71.19691,74.62573,73.92564,72.47068,72.94518,69.31811,62.1289,67.60178,69.83552,64.49806,66.88797,67.60178,72.00694,72.94518,65.19202,66.57327,66.37017,72.8011
12.0,11.04536,11.04536,11.04536,11.04536,10.04988,10.04988,10.19804,10.19804,10.19804,10.19804,10.44031,10.19804,9.48683,9.48683,10.44031,9.84886,9.84886,9.84886,9.84886,9.84886,9.84886,9.48683,9.84886,10.44031,9.48683,9.48683,10.44031,9.48683,9.48683,9.21954,9.21954,9.21954,8.24621,8.24621,8.06226,8.06226,8.06226,7.0,7.07107,7.0,6.0,6.0,6.0,6.0,5.0,6.0,5.0,5.0,5.09902,4.12311,4.12311,67.94115,59.5483,69.52697,67.20863,63.25346,60.1415,55.22681,59.81639,53.41348,58.5235,53.41348,52.20153,55.9464,52.47857,50.11986,49.1935,57.27128,51.5461,52.7731,50.9902,57.58472,49.65884,52.39275,52.55473,51.24451,58.18075,49.0408,57.97413,51.07837,53.48832,47.53946,52.0,48.30114,54.78138,47.88528,50.56679,46.23851,47.53946,47.88528,39.96248,42.43819,38.41875,36.61967,35.80503,38.27532,34.05877,33.97058,29.0,31.241,29.73214,25.4951,24.75884,23.60085,20.61553,20.51828,24.08319,25.05993,10.0,15.81139,9.84886,13.60147,13.0,15.81139,16.76305,15.23155,14.14214,21.37756,26.4764,24.73863,29.12044,34.17601,35.17101,39.0,45.18849,45.69464,48.38388,54.12024,57.24509,55.47071,55.0,57.68882,63.81222,66.21933,66.6033,71.42129,63.65532,72.00694,65.79514,75.0733,70.71068,75.66373,74.33034,77.7946,67.88225,73.5527,70.72482,73.59348,79.98125,69.6563,76.38063,75.69016,75.0733,67.47592,69.35416,75.69016,76.36753,71.44928,68.62215,74.33034,76.38063,57.31492,72.18033,73.24616,70.93659
10.81665,10.81665,10.29563,10.29563,10.29563,9.43398,9.43398,8.94427,8.94427,8.94427,8.94427,8.94427,8.544,8.544,8.544,9.48683,9.21954,9.48683,9.21954,8.24621,9.21954,9.21954,9.48683,9.21954,9.48683,8.544,8.544,8.544,8.544,8.544,8.06226,8.06226,8.06226,8.06226,7.2111,7.2111,7.2111,6.40312,6.40312,6.40312,6.40312,5.65685,5.65685,5.0,5.0,5.0,5.0,5.0,5.0,4.47214,4.47214,4.12311,70.5762,65.25335,66.09841,63.24555,59.23681,59.20304,54.12947,61.7171,52.55473,52.39275,55.4617,50.9902,50.60632,49.24429,56.82429,52.3259,47.20169,51.40039,52.43091,47.63402,52.80152,50.21952,47.63402,48.16638,47.80167,50.80354,52.69725,51.73973,51.62364,51.97115,53.53504,51.10773,48.41487,47.80167,47.88528,46.06517,43.01163,43.38202,48.76474,43.01163,39.56008,35.8469,31.7805,35.35534,29.83287,30.08322,33.61547,30.80584,31.57531,26.68333,23.19483,24.5153,26.07681,17.02939,20.02498,24.18677,23.08679,9.21954,11.04536,11.6619,12.80625,10.0,14.21267,12.80625,12.04159,19.10497,15.81139,20.59126,24.08319,29.06888,30.61046,35.60899,37.64306,39.59798,39.69887,47.38143,45.22168,48.02083,56.0803,54.70832,57.3062,58.30952,61.77378,60.41523,64.88451,63.07139,68.02941,65.14599,70.2282,68.35203,70.34202,71.16881,70.0928,69.64194,74.67262,71.06335,68.68042,72.12489,72.73239,75.0,72.78049,71.19691,65.19202,69.12308,67.44627,68.41053,68.15424,71.30919,70.5195,66.76077,64.56005,69.26038,66.30988,71.30919
11.18034,11.18034,11.18034,11.40175,11.18034,11.18034,11.04536,10.04988,10.04988,10.0,10.04988,10.0,10.0,10.0,10.0,10.04988,10.04988,10.0,10.04988,10.04988,10.04988,10.04988,10.04988,10.04988,10.0,10.0,10.0,10.04988,10.04988,9.05539,9.05539,9.05539,9.05539,9.05539,9.05539,8.24621,8.24621,8.24621,7.28011,7.28011,7.28011,6.32456,6.32456,6.32456,6.32456,5.83095,5.38516,5.83095,5.83095,5.0,5.0,5.0,66.94027,70.61161,59.20304,62.0967,69.28925,62.39391,66.7308,54.12024,55.36244,54.42426,48.70318,51.62364,55.00909,51.89412,51.47815,52.69725,56.0803,53.0,51.0,52.69725,49.40648,50.24938,47.43416,50.77401,43.909,51.31277,53.7122,57.45433,47.88528,55.80323,54.20332,48.37355,51.89412,48.8467,49.64877,40.80441,42.54409,47.01064,45.54119,40.49691,41.78516,39.56008,37.65634,40.02499,30.80584,30.41381,31.14482,32.01562,30.06659,27.0,26.07681,27.16616,24.08319,21.37756,26.01922,18.11077,18.43909,10.04988,11.0,9.84886,5.38516,8.60233,12.04159,15.55635,18.43909,18.86796,21.93171,22.2036,29.83287,32.20248,34.05877,36.79674,41.10961,38.8973,44.68781,44.55334,48.82622,51.31277,58.83026,60.21628,57.42822,60.41523,64.3506,66.21178,64.4748,70.93659,68.94926,67.05222,74.0,69.92138,69.57011,70.0928,72.78049,73.76313,74.2159,76.24303,77.62087,75.43209,75.43209,74.95332,82.9759,67.08204,75.96052,71.8401,72.56721,67.68309,80.04998,70.40597,71.7844,67.05222,69.26038,75.18643,72.53275,66.76077
12.04159,12.04159,12.04159,12.04159,11.40175,11.40175,10.81665,10.81665,10.81665,10.81665,10.29563,10.29563,10.29563,10.29563,10.29563,10.77033,10.77033,9.84886,10.77033,10.77033,9.84886,10.77033,10.77033,10.77033,11.18034,10.77033,11.18034,10.29563,10.29563,10.29563,9.43398,9.43398,9.43398,9.43398,9.43398,8.60233,8.60233,7.81025,7.81025,7.81025,7.07107,7.07107,7.07107,7.07107,6.40312,6.40312,6.40312,6.40312,5.83095,5.0,5.0,4.47214,65.37584,70.00714,68.18358,60.00833,60.0,56.00893,56.14268,54.03702,55.44367,55.08176,47.16991,47.51842,50.35871,54.34151,48.05206,51.24451,53.85165,54.34151,49.39636,47.42362,53.14132,51.92302,49.98,51.86521,48.46648,51.86521,51.07837,51.5461,54.08327,50.28916,52.20153,44.27189,51.24451,47.75982,43.9659,39.62323,43.93177,43.73786,44.28318,41.59327,43.41659,37.33631,34.05877,31.01612,30.01666,31.14482,28.28427,37.21559,23.0,29.42788,28.01785,26.68333,25.0,23.08679,27.85678,22.36068,22.47221,9.05539,14.14214,14.42221,13.15295,12.04159,12.16553,14.56022,13.60147,16.55295,22.36068,19.92486,26.07681,28.23119,37.21559,35.1141,35.8469,42.15448,39.39543,45.31004,44.38468,55.08176,55.08176,56.04463,60.53098,60.41523,63.15061,65.11528,64.12488,68.06614,69.02898,65.06919,69.00725,69.00725,66.00758,72.00694,71.00704,71.11259,72.06247,72.1734,70.11419,76.02631,71.17584,70.17834,75.42546,71.06335,73.97973,70.34913,69.11584,70.34913,69.18092,70.02857,70.0,62.20129,67.1193,70.0,74.24284,76.05919
11.40175,11.40175,11.40175,11.40175,10.44031,10.44031,9.48683,9.48683,9.84886,9.84886,9.84886,10.29563,10.29563,10.29563,10.29563,10.29563,9.43398,9.43398,10.0,10.0,10.29563,10.29563,9.43398,10.0,10.29563,9.43398,10.29563,9.84886,10.29563,8.94427,9.84886,8.94427,8.94427,8.544,8.544,8.544,7.61577,7.28011,7.28011,7.28011,7.28011,6.32456,6.08276,6.08276,6.08276,5.09902,5.09902,5.09902,5.0,5.0,5.0,5.0,66.88797,66.70832,65.73431,60.0,62.68174,67.6757,56.0803,61.58734,51.62364,58.66856,49.39636,53.66563,54.08327,53.23533,49.98,50.56679,55.36244,53.75872,48.08326,50.69517,50.44799,51.26402,54.40588,48.08326,48.38388,52.39275,50.59644,50.59644,55.54278,51.5461,48.46648,56.85948,47.42362,49.24429,44.38468,48.46648,43.38202,44.29447,42.05948,35.22783,35.4683,43.26662,36.23534,34.05877,36.61967,30.41381,35.60899,32.52691,27.01851,26.90725,24.75884,29.06888,30.0,26.24881,22.80351,24.69818,17.88854,10.29563,14.86607,12.64911,12.16553,14.14214,14.31782,17.02939,18.0,20.0,21.09502,26.07681,22.36068,29.27456,35.0571,37.12142,33.13608,42.0119,45.04442,49.09175,47.51842,53.36666,59.03389,55.54278,60.16644,60.92618,62.64184,63.07139,63.32456,68.02941,68.02941,65.30697,70.68239,74.30343,69.11584,72.56032,73.57309,69.89278,73.43024,75.29276,74.68601,76.02631,74.94665,75.45197,74.62573,69.40461,68.96376,73.81734,69.46222,71.56116,69.89278,71.34424,66.85058,71.02112,66.57327,67.53518,69.11584,63.95311
11.7047,11.40175,11.40175,11.40175,11.40175,10.44031,10.19804,10.19804,10.19804,10.04988,10.04988,10.04988,10.04988,10.04988,10.0,11.0,10.0,10.04988,10.0,10.0,10.0,10.0,10.04988,10.0,10.0,10.04988,10.04988,10.04988,9.05539,9.21954,9.21954,9.05539,9.21954,8.24621,8.24621,8.24621,7.28011,7.28011,7.61577,6.32456,6.7082,6.7082,6.7082,5.38516,5.83095,5.83095,5.83095,5.0,5.0,5.0,4.24264,4.24264,58.0517,67.35726,64.19502,64.51356,64.56005,62.36185,59.23681,55.97321,52.92447,57.38467,50.28916,53.66563,53.31041,50.08992,46.51881,52.15362,49.64877,51.0392,49.39636,53.00943,53.0,51.97115,53.25411,48.41487,50.47772,49.64877,53.33854,48.60041,52.69725,53.23533,51.47815,49.64877,47.70744,47.16991,43.08132,45.69464,44.28318,42.37924,42.48529,37.85499,38.27532,36.87818,36.13862,40.02499,34.20526,31.7805,31.257,28.07134,25.17936,27.89265,28.28427,26.01922,27.07397,24.18677,22.09072,19.64688,22.09072,15.6205,10.44031,13.89244,12.80625,11.31371,13.0384,15.81139,19.64688,20.80865,24.41311,23.32381,30.01666,28.63564,33.01515,33.83785,37.20215,45.60702,46.69047,44.68781,45.34314,50.93133,59.46427,56.22277,60.21628,61.61169,63.82006,64.00781,65.29931,68.96376,67.08204,71.86793,67.54258,69.46222,74.09453,70.38466,74.46476,72.44998,68.94926,71.86793,74.67262,74.33034,74.0,68.96376,76.844,65.25335,68.00735,65.80274,67.35726,68.70953,68.62215,66.85058,69.57011,66.12866,67.41662,65.25335,65.78754,66.64083
11.18034,11.18034,10.77033,10.77033,9.84886,9.84886,9.48683,9.48683,9.48683,9.21954,9.48683,9.21954,9.21954,9.21954,9.21954,9.05539,9.05539,9.21954,9.05539,9.05539,9.05539,9.05539,9.21954,10.04988,10.19804,9.21954,9.21954,9.21954,9.21954,8.544,8.544,8.544,8.544,8.544,7.61577,7.61577,7.2111,7.2111,7.2111,7.2111,6.40312,5.83095,6.40312,5.0,5.65685,5.0,5.0,4.24264,5.0,5.0,4.47214,4.47214,61.39218,65.45991,64.2573,61.13101,70.21396,69.42622,59.23681,57.24509,53.85165,55.65968,54.78138,56.921,55.4617,48.8467,50.69517,54.58938,62.68174,53.0,52.83938,49.20366,53.82379,51.62364,50.9902,51.47815,49.39636,52.15362,51.86521,55.0,51.86521,53.7122,49.64877,47.41308,48.37355,49.39636,52.0,45.61798,42.05948,40.8534,42.05948,40.49691,40.5216,36.40055,37.64306,38.48376,33.13608,34.9285,32.57299,30.80584,28.07134,25.17936,26.0,28.01785,21.09502,21.0,22.02272,23.02173,21.58703,13.15295,8.94427,12.0,12.08305,11.31371,12.80625,10.0,14.21267,17.02939,17.69181,19.84943,29.83287,32.24903,33.83785,36.12478,41.03657,39.62323,46.66905,45.27693,52.00961,47.16991,56.30275,58.5235,60.20797,58.82176,63.13478,63.07139,68.15424,69.857,69.07966,66.70832,69.89278,65.45991,71.8401,75.0,73.76313,69.857,70.5195,68.68042,76.53757,71.80529,68.00735,77.12976,77.46612,70.0928,76.11833,73.4983,72.73239,70.0928,70.88018,66.21933,75.96052,68.41053,69.57011,65.52099,70.0928,66.7308
10.77033,10.77033,9.84886,10.77033,9.84886,9.84886,8.94427,9.43398,8.94427,9.43398,9.43398,8.60233,8.60233,8.60233,9.43398,8.60233,10.0,8.60233,9.21954,10.0,9.21954,9.21954,8.60233,9.21954,10.0,10.0,9.43398,9.43398,9.43398,8.06226,8.94427,8.94427,8.544,7.61577,7.61577,7.61577,7.28011,7.28011,6.08276,6.08276,6.08276,6.08276,5.09902,5.09902,5.09902,5.0,5.0,5.0,4.12311,4.12311,4.12311,4.12311,66.57327,68.09552,63.13478,69.2026,57.68882,55.60576,60.83584,57.80138,54.56189,51.47815,53.25411,56.93856,51.88449,56.64804,49.64877,53.31041,54.78138,52.20153,51.24451,52.92447,57.38467,48.70318,46.09772,54.08327,55.08176,49.39636,51.07837,55.36244,51.92302,48.08326,48.76474,56.36488,49.1935,48.75449,46.06517,48.75449,44.94441,47.50789,46.40043,39.96248,38.28838,30.61046,39.11521,38.60052,37.48333,29.73214,35.38361,32.01562,29.06888,28.01785,28.6007,26.41969,18.02776,25.80698,21.63331,22.82542,20.12461,8.94427,8.24621,14.03567,10.04988,13.60147,13.0384,12.36932,18.24829,14.56022,21.0238,24.69818,24.5153,30.46309,32.28002,32.38827,42.95346,40.0125,41.19466,45.04442,44.01136,43.01163,59.13544,56.4358,60.40695,53.75872,64.7611,62.64184,64.32729,62.62587,68.00735,62.96825,72.73239,67.54258,69.77105,70.23532,70.68239,68.44706,69.77822,72.00694,70.21396,73.92564,65.36819,70.17834,75.15318,71.02112,74.33034,70.72482,65.8635,64.14047,66.57327,59.94164,63.50591,68.96376,60.90156,65.30697,74.24284,63.97656
11.04536,11.04536,10.0,10.04988,10.0,9.0,9.0,9.05539,9.0,9.05539,9.05539,9.05539,9.05539,9.05539,9.21954,9.21954,9.21954,9.21954,9.21954,9.21954,9.21954,9.21954,9.21954,9.21954,9.21954,9.21954,9.05539,9.05539,9.05539,8.06226,8.0,9.0,8.0,8.0,8.0,7.07107,7.07107,7.07107,7.07107,6.08276,6.08276,5.09902,5.38516,5.38516,5.38516,4.47214,4.47214,4.47214,4.47214,4.47214,4.24264,4.24264,74.51845,68.62215,61.40033,60.87693,62.93648,56.58622,60.20797,60.20797,54.20332,51.66237,53.15073,49.20366,50.47772,53.0,54.56189,51.0392,52.92447,52.7731,49.24429,50.56679,58.59181,47.01064,51.07837,48.10405,53.14132,49.64877,54.12947,56.0803,49.65884,54.70832,51.10773,49.73932,47.50789,50.15974,48.41487,45.79301,42.63801,41.04875,42.63801,39.62323,40.36087,37.48333,38.8973,31.82766,33.42155,30.4795,29.41088,29.06888,31.06445,30.61046,28.30194,26.1725,22.82542,21.09502,23.76973,16.15549,21.58703,8.60233,6.7082,13.89244,9.84886,13.15295,14.42221,10.44031,15.81139,15.0333,21.09502,22.36068,27.01851,29.27456,32.75668,32.01562,39.45884,39.56008,39.21734,44.92215,46.84015,45.88028,52.92447,52.83938,58.60034,58.30952,59.36329,61.61169,63.82006,68.7968,63.89053,62.482,66.4003,66.06815,72.18033,71.44928,71.50524,69.35416,67.17887,71.42129,71.58911,74.27651,70.76722,74.24958,75.0733,67.35726,61.52235,65.19202,70.0928,66.6033,67.20863,67.94115,69.29646,73.53911,67.26812,69.35416,65.79514,66.6033
12.36932,12.36932,11.18034,11.40175,11.40175,11.18034,10.19804,10.04988,10.04988,9.05539,10.04988,10.0,10.0,10.0,10.04988,10.0,10.04988,10.0,10.0,10.0,10.0,10.0,10.0,10.0,10.0,10.0,10.04988,10.04988,10.04988,10.04988,9.05539,9.21954,9.21954,8.24621,8.24621,8.24621,8.24621,7.61577,7.28011,7.61577,6.7082,6.7082,6.7082,6.7082,5.83095,5.83095,5.83095,5.83095,5.0,5.0,5.0,5.0,65.74192,68.02941,63.50591,56.4358,68.26419,57.69749,65.30697,56.0803,55.22681,47.43416,48.02083,50.21952,47.20169,52.47857,48.83646,46.69047,52.00961,54.6443,49.51767,49.49747,48.08326,49.57822,46.8615,51.66237,46.09772,54.56189,50.24938,50.24938,48.27007,48.79549,47.38143,51.73973,50.80354,44.82187,48.83646,42.54409,44.20407,46.14109,43.82921,44.94441,43.56604,34.88553,38.27532,35.34119,33.52611,37.16181,26.40076,30.08322,23.08679,24.69818,23.5372,23.76973,25.0,21.0238,20.39608,21.09502,21.0238,12.36932,14.76482,13.92839,7.07107,13.0384,16.97056,14.21267,17.0,19.20937,18.35756,19.72308,28.4605,30.41381,32.44996,36.40055,40.60788,41.6173,43.18565,43.60046,48.83646,51.62364,59.46427,58.0,58.13777,62.68174,63.81222,64.40497,64.81512,71.19691,69.06519,62.76942,68.42514,72.89719,69.35416,71.11259,73.82412,69.83552,71.51224,69.77822,72.00694,75.76939,73.00685,76.48529,73.92564,70.93659,69.46222,66.48308,68.54196,73.40981,71.51224,66.21178,70.21396,67.23095,62.64982,73.00685,70.77429,67.1193
11.0,10.0,11.04536,10.0,10.04988,9.0,9.05539,9.05539,9.05539,9.21954,9.21954,8.24621,9.21954,9.48683,8.544,9.48683,8.544,9.48683,8.94427,8.544,9.48683,9.48683,9.48683,9.48683,9.48683,8.544,8.544,9.21954,8.24621,8.24621,8.06226,8.24621,8.06226,8.06226,8.0,8.0,7.0,7.0,6.0,6.0,6.08276,6.08276,6.08276,5.09902,5.09902,5.09902,5.09902,4.47214,4.12311,4.47214,4.47214,3.60555,65.76473,63.70243,64.03124,64.44377,60.10824,58.0517,62.36986,55.17246,54.67175,56.0803,56.85948,43.26662,55.75841,52.69725,54.6443,54.91812,53.7122,46.09772,49.24429,50.15974,52.7731,51.88449,52.92447,46.51881,51.42956,47.01064,55.07268,53.7122,55.47071,49.92995,47.16991,48.82622,45.65085,47.16991,43.18565,49.92995,50.47772,42.80187,41.67733,37.53665,38.94868,38.20995,36.12478,34.20526,29.73214,30.4795,31.40064,32.55764,26.40076,22.67157,30.0,23.43075,25.0,27.78489,21.93171,21.0238,25.63201,10.63015,8.24621,12.20656,8.94427,14.56022,13.89244,13.92839,14.31782,21.0238,21.37756,24.5153,26.30589,29.42788,32.14032,30.59412,39.29377,42.57934,43.9659,46.61545,47.29693,49.98,55.71355,50.53712,59.03389,59.05929,60.74537,60.20797,61.22091,67.20119,68.24222,62.36986,68.41053,69.6563,68.50547,69.6563,70.29225,72.12489,68.62215,74.27651,70.00714,72.34639,73.53911,68.593,74.24958,67.17887,64.44377,65.06919,71.50524,64.3506,71.42129,68.11755,70.03571,72.13876,67.26812,76.41989,68.0147,66.52819
10.63015,9.89949,9.89949,9.89949,9.89949,9.21954,9.21954,9.21954,9.21954,9.21954,9.21954,8.60233,8.60233,8.60233,8.60233,9.43398,8.94427,9.43398,8.94427,9.43398,9.43398,9.43398,9.43398,9.43398,9.43398,9.43398,8.60233,9.21954,8.60233,9.21954,7.81025,8.48528,8.48528,7.07107,7.07107,7.07107,6.40312,6.40312,6.40312,5.83095,5.83095,5.83095,5.83095,4.47214,4.47214,4.47214,4.47214,4.47214,4.12311,4.12311,4.12311,4.0,70.45566,72.06247,71.00704,58.0,68.00735,60.13319,66.1211,64.12488,62.03225,55.08176,55.14526,51.78803,57.48913,59.4138,48.25971,53.36666,55.08176,53.16014,49.98,50.69517,49.76947,49.39636,53.45091,51.5461,53.48832,51.66237,56.61272,48.38388,55.54278,49.64877,50.21952,49.0306,53.60037,43.73786,44.40721,45.54119,46.32494,46.04346,47.38143,42.57934,41.04875,39.20459,38.0,41.7732,33.24154,28.16026,26.30589,31.14482,30.41381,30.14963,30.14963,26.01922,27.20294,30.08322,24.16609,26.07681,26.24881,10.04988,12.0,9.05539,13.15295,8.24621,15.81139,17.49286,14.42221,15.55635,23.60085,21.26029,27.58623,27.45906,30.0,36.40055,38.41875,44.40721,48.37355,46.32494,48.37355,50.15974,55.9017,59.13544,59.90826,61.61169,64.53681,63.15061,65.30697,70.03571,68.73136,69.26038,67.18631,71.25307,71.00704,73.5527,70.06426,77.23341,72.02777,78.00641,73.06162,71.00704,74.02702,67.0,78.00641,62.07254,66.00758,70.06426,68.06614,73.06162,69.26038,66.0,73.02739,62.03225,70.02857,75.05998,72.00694,70.25667
12.08305,10.77033,11.7047,10.77033,10.77033,10.44031,10.44031,10.44031,10.19804,10.19804,10.19804,10.19804,10.04988,10.04988,10.04988,10.04988,10.04988,10.04988,10.04988,10.0,10.04988,10.04988,10.04988,10.04988,10.04988,10.04988,10.04988,10.19804,10.04988,9.21954,9.21954,9.21954,9.21954,8.24621,8.544,8.544,7.61577,7.61577,7.61577,6.7082,6.7082,6.7082,6.7082,5.83095,5.38516,5.38516,5.0,5.0,5.0,5.0,4.24264,4.24264,66.21933,73.68175,68.00735,60.72891,64.7611,63.60031,55.71355,57.00877,53.85165,54.70832,51.26402,49.76947,50.9902,50.11986,50.60632,49.24429,50.53712,52.47857,48.54894,51.47815,52.39275,50.60632,53.60037,46.04346,47.88528,50.47772,55.07268,52.69725,50.08992,51.42956,50.56679,48.46648,50.15974,49.39636,47.12749,45.18849,45.61798,43.65776,42.72002,42.75512,35.1141,38.11824,30.41381,39.31921,36.01389,34.52535,29.15476,33.24154,29.06888,30.06659,28.01785,27.45906,27.01851,23.08679,22.09072,23.4094,21.0238,10.77033,13.60147,8.48528,12.20656,16.40122,15.6205,11.18034,16.64332,18.60108,19.31321,22.2036,24.59675,33.61547,31.62278,37.21559,36.05551,44.04543,43.93177,43.60046,45.25483,48.10405,55.9017,58.60034,57.14018,62.96825,62.42596,64.00781,69.83552,67.60178,68.0,66.18912,68.02941,65.74192,69.77822,74.24958,73.00685,73.38937,72.42237,71.7844,74.46476,74.63243,78.54935,73.68175,74.84651,72.12489,70.5195,68.00735,71.8401,69.28925,67.05222,69.26038,69.26038,68.30813,67.35726,71.16881,74.0,64.62198
10.77033,10.77033,9.48683,9.84886,9.48683,9.48683,9.21954,9.21954,9.21954,9.21954,9.05539,9.05539,9.05539,9.05539,9.05539,9.0,10.0,9.0,9.0,9.0,9.05539,9.0,9.0,9.0,9.05539,9.05539,9.05539,9.05539,9.05539,9.05539,8.24621,8.24621,8.24621,7.28011,7.28011,7.28011,7.28011,6.32456,6.32456,6.32456,5.38516,5.83095,5.83095,5.38516,4.47214,4.47214,4.47214,3.60555,3.60555,3.60555,4.24264,3.60555,68.35934,68.88396,72.83543,68.65858,65.30697,60.87693,60.16644,58.0517,58.46366,52.49762,56.04463,52.55473,53.16014,54.08327,52.39275,51.97115,55.54278,53.66563,50.69517,56.85948,54.626,49.92995,54.3783,55.54278,51.62364,53.7122,49.64877,54.70832,52.92447,49.73932,54.58938,55.36244,49.98,51.26402,46.8188,39.56008,46.09772,47.51842,43.17407,44.72136,38.83298,37.21559,32.06244,37.10795,36.05551,30.14963,33.01515,30.06659,30.01666,25.07987,30.0,23.19483,24.08319,29.42788,20.61553,23.5372,22.47221,11.40175,10.44031,7.2111,14.86607,10.0,14.21267,18.60108,19.84943,21.93171,16.40122,24.20744,24.83948,31.62278,36.61967,36.76955,38.8973,39.59798,42.80187,49.57822,51.61395,46.87217,59.36329,58.24946,57.80138,60.37384,57.80138,65.29931,68.94926,65.52099,67.41662,71.47027,67.72001,64.56005,72.78049,77.62087,70.83078,68.00735,72.8011,73.1642,78.8543,77.27872,73.5459,78.23043,74.67262,72.56032,67.72001,71.56815,69.42622,70.71068,69.72087,66.09841,69.857,68.24954,69.42622,72.27724,71.06335,69.857
12.20656,12.20656,11.40175,11.40175,11.40175,10.63015,10.63015,11.31371,10.63015,10.63015,10.63015,10.63015,10.63015,10.63015,10.63015,10.81665,10.81665,10.81665,10.81665,10.81665,10.0,10.63015,10.63015,11.40175,10.63015,10.63015,10.0,10.63015,10.63015,9.21954,9.89949,9.89949,9.89949,9.21954,9.21954,9.21954,8.60233,8.60233,7.2111,7.2111,7.2111,7.2111,7.2111,6.7082,5.83095,5.83095,5.83095,5.38516,5.38516,5.38516,5.09902,5.09902,67.6757,60.63827,63.15061,59.46427,62.93648,54.70832,64.28841,59.48109,53.36666,49.72927,51.15662,46.57252,52.95281,57.14018,48.04165,50.24938,58.00862,54.00926,50.0,49.0408,51.0098,50.08992,50.24938,47.01064,54.00926,55.0,51.0098,49.25444,50.03998,45.01111,51.62364,52.03845,50.15974,44.10215,46.38965,45.39824,45.35416,43.41659,44.55334,41.10961,37.65634,35.44009,40.31129,38.60052,34.53983,31.01612,35.1141,28.6531,25.4951,20.59126,26.40076,25.0,26.83282,21.40093,22.2036,23.43075,19.10497,14.03567,11.18034,14.03567,12.16553,14.03567,11.18034,19.69772,14.03567,19.64688,21.18962,20.24846,27.73085,27.51363,33.10589,32.98485,37.64306,41.97618,43.93177,46.87217,53.23533,60.20797,55.08176,56.22277,60.13319,64.12488,65.03076,63.00794,62.96825,71.44928,69.2315,67.26812,71.84706,69.12308,65.51336,75.0,72.42237,71.56815,66.4906,74.63243,75.28612,75.28612,77.88453,73.37575,77.36924,71.16881,68.00735,68.68042,68.96376,77.66595,74.46476,71.8401,67.44627,69.64194,63.24555,72.78049,72.18033,71.47027
11.18034,10.29563,11.18034,9.84886,9.84886,8.94427,9.84886,9.84886,9.48683,9.48683,9.48683,9.48683,9.21954,9.21954,8.24621,10.19804,9.21954,9.21954,9.05539,9.21954,9.21954,9.21954,9.21954,9.21954,9.21954,9.21954,9.48683,9.48683,8.24621,9.48683,8.544,8.544,8.544,7.61577,8.06226,8.06226,7.2111,7.2111,7.2111,6.40312,6.40312,6.40312,6.40312,5.65685,5.65685,5.65685,5.0,5.0,5.0,5.0,4.47214,4.47214,75.58439,61.98387,66.30988,59.46427,65.55151,60.16644,62.29767,56.36488,57.87055,52.7731,57.38467,51.42956,55.9464,52.3259,51.89412,53.0,49.40648,50.44799,51.86521,53.82379,56.0357,53.60037,49.67897,50.32892,50.80354,55.22681,55.21775,48.9183,48.8774,50.24938,51.97115,53.53504,50.0,47.70744,47.16991,43.56604,46.52956,46.87217,42.94182,38.07887,38.01316,35.44009,39.21734,37.0,34.20526,29.54657,27.51363,32.89377,28.86174,27.51363,28.4605,28.44293,22.0,25.01999,24.0,21.0238,21.37756,15.13275,12.64911,8.94427,10.0,13.92839,13.45362,17.80449,15.6205,17.0,21.09502,25.0,28.6007,29.20616,32.80244,35.80503,39.59798,40.45986,44.68781,46.75468,50.47772,50.77401,54.20332,55.75841,52.83938,56.85948,64.00781,64.84597,68.54196,65.39113,66.70832,69.89278,69.28925,73.05477,73.73602,73.4983,73.08215,71.06335,69.28925,70.88018,77.16217,72.12489,72.27724,71.80529,76.65507,67.26812,63.56099,70.5195,71.06335,69.07966,67.68309,67.68309,71.30919,74.04053,69.64194,66.76077,68.54196,67.77905
11.18034,11.18034,10.29563,10.29563,10.29563,10.29563,10.81665,10.0,10.0,9.21954,10.0,9.89949,9.21954,9.89949,9.89949,9.89949,9.89949,9.89949,10.0,10.63015,9.89949,9.89949,9.89949,9.89949,9.89949,9.89949,9.89949,9.89949,9.89949,9.21954,9.21954,9.21954,9.21954,7.81025,8.60233,8.06226,8.06226,6.7082,7.2111,5.83095,6.32456,5.83095,5.83095,5.38516,5.38516,5.38516,5.38516,4.12311,4.12311,4.12311,4.12311,4.0,66.76077,63.07139,68.24954,63.78871,65.11528,58.69412,61.18823,61.84658,56.75385,54.74486,53.33854,52.08647,54.00926,49.36598,51.08816,51.0392,50.01,49.0408,49.0102,50.08992,59.13544,52.00961,50.24938,50.08992,48.09366,45.17743,50.15974,50.03998,54.00926,54.33231,50.03998,48.16638,48.09366,49.0102,49.0102,44.91102,47.26521,45.04442,41.30375,39.20459,37.85499,39.29377,38.32754,38.27532,34.43835,30.36445,30.36445,30.08322,30.52868,25.94224,29.96665,25.05993,23.76973,25.4951,23.60085,24.83948,24.75884,13.0,12.04159,14.14214,9.21954,11.0,14.86607,15.13275,16.15549,14.14214,23.4094,23.4094,28.23119,29.52965,35.34119,39.21734,38.8973,37.0,46.09772,47.85394,49.24429,49.0408,54.14795,56.22277,59.00847,65.03076,61.0082,66.1211,69.35416,69.18092,63.63961,67.74216,66.4906,65.73431,65.11528,70.83078,70.03571,70.71068,70.83078,69.64194,71.06335,74.04053,68.65858,70.88018,72.56721,71.16881,65.30697,67.68309,73.34848,66.94027,69.89278,65.73431,69.64194,68.88396,63.78871,75.0,67.18631,69.63476
12.36932,11.40175,11.40175,11.40175,11.40175,10.19804,10.19804,10.19804,10.19804,10.04988,10.04988,10.0,10.04988,10.0,10.04988,10.0,10.0,10.0,10.0,10.0,10.0,10.0,10.0,10.0,10.0,11.0,10.0,10.04988,10.04988,10.04988,9.05539,9.05539,9.21954,9.21954,9.21954,8.24621,8.24621,7.28011,7.28011,7.28011,7.28011,7.28011,6.32456,6.32456,6.32456,5.38516,5.83095,5.83095,5.83095,5.0,5.0,5.0,64.88451,66.64833,67.23095,61.32699,59.07622,58.60034,61.22091,59.68249,49.92995,54.67175,57.48913,52.34501,54.40588,52.63079,49.81967,48.10405,52.34501,47.42362,47.50789,45.60702,53.82379,48.83646,52.80152,46.8615,50.32892,52.00961,49.57822,47.50789,50.32892,49.0408,50.44799,53.2635,47.80167,51.08816,45.34314,46.8615,44.68781,43.86342,42.43819,38.28838,37.73592,32.80244,38.47077,35.80503,37.21559,28.6531,32.20248,28.84441,29.68164,24.41311,26.57066,19.72308,21.63331,26.40076,24.5153,21.2132,22.02272,14.14214,13.92839,11.40175,13.15295,14.76482,11.6619,12.20656,16.64332,20.51828,23.85372,24.41311,25.80698,28.6531,33.01515,37.44329,34.71311,40.31129,45.27693,49.57822,50.91169,53.03772,58.72819,57.80138,57.68882,62.42596,61.03278,63.63175,65.36819,62.17717,69.64194,68.44706,69.46222,70.21396,69.11584,71.55418,73.79024,68.942,68.09552,77.47258,75.58439,73.53911,72.23573,72.49828,70.26379,69.35416,64.07808,70.68239,69.77105,70.26379,65.39113,70.21396,72.94518,69.35416,62.6099,72.44998,71.55418,68.96376
12.20656,12.20656,11.40175,12.20656,11.40175,11.40175,10.81665,10.63015,10.63015,10.63015,10.63015,10.63015,10.63015,10.63015,10.63015,10.63015,10.63015,10.63015,10.0,10.63015,10.63015,10.63015,10.63015,10.63015,10.63015,10.63015,10.63015,10.63015,10.63015,9.89949,9.89949,10.0,10.0,9.21954,8.60233,8.60233,8.60233,8.06226,7.2111,7.2111,7.2111,6.7082,6.7082,6.7082,6.7082,5.38516,5.38516,6.32456,5.38516,5.09902,5.09902,5.09902,65.12296,75.53807,61.13101,63.56099,68.26419,56.4358,62.20129,58.21512,54.00926,53.08484,50.08992,49.0408,52.61179,52.00961,49.0,48.04165,52.46904,51.35173,49.24429,49.0306,49.81967,52.39275,54.91812,54.91812,50.01,57.14018,57.07013,56.4358,53.33854,49.49747,47.09565,48.25971,49.25444,49.64877,51.08816,48.09366,40.1995,42.0119,43.04649,39.05125,43.18565,34.05877,41.30375,34.52535,32.28002,37.33631,31.57531,29.83287,23.5372,24.69818,24.16609,24.69818,25.05993,18.43909,23.02173,24.18677,17.69181,13.0,8.0,12.16553,13.0384,12.04159,11.40175,16.49242,15.29706,16.15549,22.56103,21.93171,28.17801,28.63564,36.24914,34.0147,38.07887,42.54409,47.75982,43.68066,51.66237,54.74486,52.81098,55.44367,60.40695,62.28965,64.38167,60.00833,63.00794,65.03076,73.00685,67.1193,68.35934,68.35934,70.45566,76.32169,66.37017,68.18358,68.35934,77.64664,74.54529,74.1485,71.70077,74.33034,74.33034,67.89698,68.88396,69.63476,68.26419,73.68175,73.1642,68.73136,66.48308,62.39391,67.47592,74.33034,66.48308,63.07139
11.18034,10.29563,10.29563,10.29563,9.43398,9.84886,8.94427,9.48683,8.544,8.544,9.48683,9.21954,9.21954,9.21954,9.21954,9.21954,9.05539,9.21954,9.21954,9.21954,9.21954,9.21954,9.21954,9.21954,9.21954,9.21954,9.21954,8.544,9.21954,8.24621,8.544,8.544,7.61577,7.61577,7.61577,6.7082,6.7082,6.7082,5.83095,5.83095,5.83095,5.83095,5.0,5.0,5.0,5.0,4.24264,4.24264,4.24264,3.60555,3.60555,3.60555,67.06713,66.27217,61.13101,63.3877,62.03225,61.20457,59.03389,61.13101,57.31492,54.00926,49.24429,47.80167,51.24451,48.50773,49.47727,45.88028,55.97321,45.88028,49.39636,48.76474,54.56189,48.46648,50.53712,50.69517,52.0,48.70318,46.8188,52.88667,51.07837,50.69517,48.46648,50.15974,45.22168,51.41984,45.89118,44.91102,44.55334,45.89118,41.30375,40.11234,39.11521,37.05401,39.05125,37.12142,30.06659,32.24903,34.0,30.06659,29.01724,24.5153,22.09072,28.0,26.4764,26.24881,24.04163,18.02776,20.12461,12.36932,8.94427,13.60147,15.13275,12.52996,12.36932,12.80625,17.02939,20.61553,16.27882,21.2132,23.02173,28.3196,27.65863,30.4795,36.23534,39.05125,36.89173,46.40043,50.56679,43.41659,60.00833,48.30114,55.02727,57.56735,60.53924,59.90826,66.76077,62.8172,64.53681,61.13101,67.26812,69.42622,63.78871,69.35416,67.47592,67.36468,68.35934,73.33485,71.38627,74.33034,69.46222,70.34913,74.43118,64.12488,56.4358,64.62971,66.37017,70.03571,68.35934,66.48308,66.91039,67.26812,63.50591,71.84706,72.06247,67.68309
12.08305,11.18034,10.77033,11.18034,10.77033,10.77033,9.84886,10.44031,9.84886,9.48683,10.44031,10.19804,10.19804,10.19804,10.19804,10.19804,10.04988,10.19804,10.04988,10.04988,10.19804,10.19804,10.19804,10.04988,10.19804,10.19804,10.19804,10.19804,10.19804,9.48683,9.48683,8.544,9.48683,8.544,8.544,7.61577,7.61577,7.61577,7.61577,6.7082,6.7082,6.7082,6.7082,5.83095,5.83095,5.0,5.0,5.0,5.0,4.24264,4.24264,4.24264,62.514,67.18631,63.07139,62.0,65.06919,57.21888,56.22277,60.29925,56.32051,56.0803,55.3263,54.34151,46.84015,49.64877,53.75872,50.96077,50.92151,47.53946,49.0408,56.30275,56.61272,51.5461,50.69517,53.14132,52.20153,50.0,52.39275,55.02727,45.31004,54.12024,51.66237,51.62364,48.76474,45.89118,51.92302,43.56604,43.9659,48.37355,43.18565,39.05125,38.0,39.01282,40.1995,34.0147,34.1321,34.23449,34.1321,29.01724,29.61419,28.63564,27.45906,27.65863,21.37756,22.36068,21.2132,25.94224,25.55386,9.05539,13.0384,11.18034,14.14214,9.84886,12.64911,15.0,19.10497,18.43909,20.61553,24.20744,29.83287,31.14482,32.01562,36.12478,33.30165,44.65423,45.65085,46.87217,45.17743,47.16991,53.66563,55.03635,60.41523,62.0967,63.60031,65.0,63.56099,64.03124,70.0928,66.94027,68.73136,74.8131,70.21396,72.69113,74.16873,76.23647,75.42546,67.36468,71.70077,72.11103,75.16648,77.00649,76.10519,72.1734,63.95311,64.38167,69.46222,63.12686,69.26038,67.06713,66.18912,66.06815,67.26812,69.11584,75.32596,68.15424
11.0,11.0,11.04536,11.0,10.04988,10.0,10.04988,9.05539,9.05539,9.21954,9.21954,9.21954,9.21954,9.21954,9.48683,9.48683,8.544,9.48683,9.84886,9.48683,9.48683,9.48683,9.48683,9.48683,9.48683,9.48683,9.21954,9.21954,9.21954,8.24621,8.06226,8.24621,8.06226,8.06226,8.06226,7.0,7.0,7.0,7.0,6.0,6.0,6.08276,6.08276,5.09902,5.09902,5.09902,5.09902,5.09902,4.47214,4.47214,4.47214,3.60555,66.6033,70.29225,61.84658,55.80323,64.81512,59.39697,57.28001,58.89822,53.07542,55.86591,55.17246,52.63079,51.66237,52.00961,50.24938,46.40043,52.69725,48.82622,51.31277,50.80354,52.83938,51.61395,51.47815,53.66563,55.9017,54.20332,48.01042,50.0,52.43091,51.22499,55.9017,48.9183,51.62364,50.60632,48.79549,47.80167,40.45986,43.13931,46.2277,41.01219,40.36087,36.23534,38.41875,35.38361,38.41875,32.80244,28.6007,32.20248,32.64966,23.02173,22.82542,27.65863,25.0,24.75884,21.0238,22.80351,24.0,11.7047,8.94427,12.20656,9.21954,13.60147,16.64332,13.60147,19.23538,14.86607,20.61553,19.92486,25.55386,26.41969,29.96665,34.78505,38.83298,41.14608,41.18252,42.54409,47.88528,50.80354,58.24946,51.73973,57.38467,62.28965,62.93648,63.41136,66.6033,63.70243,66.52819,64.63745,66.6033,67.35726,64.53681,66.8431,70.43437,68.24222,65.60488,71.84706,72.00694,72.40166,75.60423,74.88658,75.16648,72.20111,62.42596,68.00735,71.21798,67.00746,69.33974,62.26556,69.97142,65.80274,64.81512,67.20119,67.00746,74.41102
11.31371,10.63015,10.63015,10.63015,9.89949,9.89949,9.89949,9.89949,9.21954,9.43398,10.0,10.0,9.43398,9.43398,9.43398,9.43398,9.43398,9.43398,9.43398,9.43398,9.43398,9.43398,10.0,10.29563,10.29563,10.0,10.0,10.0,9.21954,9.21954,8.48528,8.48528,8.48528,8.48528,7.81025,7.81025,7.81025,6.40312,6.40312,6.40312,5.83095,5.83095,5.83095,5.83095,5.83095,4.47214,4.47214,4.47214,4.47214,4.12311,4.12311,4.12311,69.07966,59.68249,69.63476,66.76077,60.82763,60.20797,55.44367,57.55867,47.53946,55.31727,54.58938,55.14526,57.00877,49.09175,53.23533,51.15662,52.08647,49.16299,51.24451,55.08176,57.42822,52.15362,49.16299,50.15974,50.35871,48.04165,55.22681,50.01,49.09175,54.23099,53.00943,51.24451,41.0,47.04253,45.04442,46.27094,39.31921,41.19466,40.1995,44.28318,41.30375,40.79216,38.20995,33.37664,32.06244,32.55764,37.36308,29.41088,26.40076,27.85678,31.30495,26.41969,23.32381,22.84732,24.41311,22.80351,21.26029,11.7047,11.0,10.77033,10.29563,16.0,16.12452,15.13275,17.88854,20.61553,17.88854,23.4094,26.92582,30.41381,34.0147,32.69557,37.64306,41.4367,44.38468,47.67599,48.09366,49.16299,54.33231,55.0,59.00847,62.00806,63.0,63.1981,68.73136,63.63961,69.58448,63.95311,65.30697,66.4906,70.34202,73.1642,73.00685,70.83078,68.41053,72.12489,75.9276,76.24303,74.33034,70.5195,73.24616,73.4983,67.6757,70.60453,69.12308,69.63476,65.96969,67.91171,70.83078,66.09841,64.7611,69.2315,67.26812,74.33034
12.0,12.0,11.0,11.0,11.0,11.0,10.0,10.04988,10.04988,10.04988,10.19804,10.19804,10.19804,10.19804,10.19804,10.44031,10.44031,9.21954,10.44031,10.19804,10.19804,10.19804,10.44031,10.44031,10.44031,10.19804,10.19804,9.21954,10.19804,9.21954,9.05539,9.05539,9.0,9.0,9.0,8.0,8.0,7.0,7.0,7.07107,7.07107,7.07107,6.08276,6.08276,6.08276,5.09902,6.08276,5.38516,5.38516,5.38516,5.38516,4.47214,66.52819,64.44377,58.13777,64.66065,60.959,57.28001,52.40229,52.34501,53.60037,49.0408,49.20366,49.40648,50.77401,48.25971,47.16991,48.30114,47.20169,47.16991,46.51881,48.10405,55.65968,45.54119,49.65884,47.88528,49.24429,48.75449,44.77723,47.50789,50.08992,51.89412,48.76474,54.58938,44.10215,45.65085,43.38202,43.60046,47.01064,39.82462,42.63801,37.58989,37.80212,34.71311,37.53665,33.94113,33.24154,29.0,26.87006,27.65863,28.6007,27.58623,25.80698,22.2036,25.05993,22.80351,21.93171,18.86796,23.08679,11.40175,14.86607,10.0,15.26434,15.6205,13.60147,15.52417,15.65248,17.02939,15.13275,19.23538,23.19483,29.83287,34.71311,35.51056,36.13862,39.81206,39.05125,44.64303,45.88028,47.41308,49.64877,50.08992,55.22681,56.0803,64.07027,64.2028,63.24555,63.25346,63.89053,60.87693,69.42622,69.42622,70.17834,71.21798,66.52819,65.76473,70.76722,68.62215,72.83543,74.95332,65.94695,72.12489,70.17834,75.00667,62.36986,67.89698,66.6033,70.00714,64.44377,63.63961,65.11528,67.89698,61.07373,65.06919,67.94115,62.24147
11.18034,9.84886,9.84886,9.84886,9.84886,8.94427,9.48683,9.21954,9.21954,8.544,9.48683,9.21954,9.21954,9.21954,9.21954,9.05539,9.05539,9.05539,9.05539,9.05539,9.21954,9.05539,9.05539,9.05539,9.21954,9.21954,9.21954,9.21954,9.21954,8.24621,8.544,8.24621,7.28011,7.28011,7.61577,7.61577,6.7082,6.7082,5.83095,5.83095,5.83095,5.83095,5.0,5.0,5.0,5.0,4.24264,4.24264,4.24264,3.60555,3.60555,3.60555,70.40597,70.60453,64.84597,61.68468,59.13544,58.94065,59.90826,61.13101,54.08327,51.86521,53.85165,49.24429,50.11986,52.83938,48.8467,49.65884,58.18075,53.25411,51.88449,51.0392,51.73973,49.64877,53.60037,53.25411,52.47857,52.35456,51.40039,54.08327,47.88528,52.43091,48.54894,51.47815,51.97115,49.92995,45.65085,46.61545,47.16991,44.92215,45.17743,42.05948,37.33631,39.56008,36.40055,39.29377,36.67424,35.69314,33.54102,33.37664,29.06888,24.33105,26.92582,25.0,26.30589,23.08679,20.02498,23.0,19.64688,11.40175,13.60147,13.41641,11.40175,9.84886,13.0384,13.60147,17.80449,15.81139,22.36068,23.02173,25.6125,32.44996,30.0,36.87818,39.05125,40.31129,43.93177,48.27007,49.20366,50.60632,52.83938,55.47071,59.48109,59.05929,59.5399,59.61543,64.4748,62.39391,72.44998,66.48308,66.76077,71.7844,71.56815,75.27284,62.96825,67.18631,71.80529,74.73286,75.43209,69.42622,69.2315,63.90618,76.48529,69.42622,67.08204,68.15424,68.15424,70.21396,67.08204,63.34824,70.2282,66.48308,64.19502,62.36185,71.7844,73.08215
11.18034,10.77033,9.84886,10.77033,9.48683,9.84886,9.48683,9.48683,8.544,8.24621,9.21954,9.21954,9.05539,9.05539,9.05539,9.05539,9.05539,9.05539,9.05539,9.05539,9.05539,9.05539,9.05539,9.05539,9.05539,9.05539,9.05539,9.05539,9.21954,8.24621,8.24621,8.24621,7.28011,7.28011,7.61577,7.61577,6.7082,6.7082,6.7082,5.83095,5.83095,5.83095,5.83095,5.0,5.0,5.0,5.0,4.24264,4.24264,4.24264,4.24264,4.47214,76.02631,69.63476,65.94695,62.62587,69.02898,60.80296,57.62812,57.62812,59.03389,57.00877,55.17246,57.31492,53.15073,51.22499,55.31727,53.8145,48.9183,52.80152,52.69725,49.40648,61.40033,51.86521,51.47815,53.00943,49.73932,54.20332,54.3783,54.70832,49.92995,54.81788,50.44799,53.60037,49.64877,51.61395,45.27693,47.63402,46.04346,41.7732,46.75468,43.93177,38.41875,38.41875,35.4683,35.38361,33.94113,33.01515,33.28663,32.20248,25.80698,27.45906,25.55386,28.6531,25.0,26.57066,24.35159,21.84033,20.61553,15.52417,9.89949,10.29563,10.44031,11.18034,13.45362,15.6205,13.0384,21.47091,20.59126,18.38478,29.52965,26.07681,33.10589,35.35534,38.27532,38.27532,41.23106,46.52956,45.60702,53.2635,58.60034,54.56189,58.79626,63.03174,62.96825,62.68174,67.42403,65.43699,68.24954,69.2026,67.95587,67.42403,71.86793,75.16648,70.83078,71.55418,79.15807,72.91776,75.66373,71.19691,73.57309,74.30343,71.69379,71.19691,68.26419,67.42403,73.4983,70.3278,65.51336,66.57327,69.35416,65.21503,61.58734,69.89278,72.40166,72.20111
12.20656,12.20656,12.20656,11.40175,11.40175,10.81665,10.63015,10.0,10.63015,10.63015,9.89949,10.63015,10.63015,10.63015,10.63015,11.40175,10.0,10.63015,10.63015,10.63015,10.63015,10.63015,10.63015,10.63015,10.63015,10.63015,10.63015,10.63015,9.89949,9.89949,9.89949,9.89949,9.21954,9.21954,9.21954,8.60233,8.60233,8.06226,7.2111,7.2111,7.2111,7.2111,6.7082,5.83095,5.83095,5.83095,5.38516,5.38516,5.38516,5.38516,5.09902,5.09902,76.15773,69.63476,63.06346,68.68042,62.58594,63.06346,61.0,60.01666,61.0082,56.0803,51.24451,50.24938,54.08327,52.03845,51.15662,52.03845,52.00961,51.08816,51.0392,55.00909,54.45181,49.16299,51.62364,57.42822,56.0803,51.0392,54.03702,50.03998,50.03998,52.23983,49.0,50.03998,55.08176,55.03635,44.28318,49.25444,44.14748,41.23106,43.17407,43.41659,36.67424,35.17101,36.05551,39.56008,35.44009,32.64966,35.8469,32.57299,28.4605,30.01666,25.94224,27.20294,25.4951,26.41969,26.07681,20.80865,20.51828,14.0,17.02939,12.04159,11.40175,13.15295,11.04536,20.88061,17.08801,19.84943,28.6007,21.0238,27.29469,31.30495,34.88553,36.05551,41.4367,39.56008,48.50773,49.64877,58.24946,53.16014,57.27128,57.31492,61.66036,65.12296,66.61081,63.1981,71.06335,70.00714,70.25667,69.26038,75.32596,70.17834,72.1734,78.51751,75.53807,69.05071,73.82412,71.19691,79.51101,81.04937,72.44308,73.75636,82.03658,71.8401,82.76473,74.52516,69.05071,76.53104,68.73136,71.38627,67.74216,65.11528,67.47592,74.16873,70.34913,75.31268
11.04536,11.04536,10.04988,10.04988,9.05539,10.0,9.0,9.05539,9.0,9.05539,9.05539,9.21954,9.21954,9.21954,9.21954,9.21954,9.48683,9.21954,9.48683,9.21954,9.21954,9.21954,9.21954,9.48683,9.21954,9.21954,9.21954,9.21954,9.05539,8.06226,8.06226,8.06226,8.06226,8.06226,8.0,7.0,7.0,7.0,6.0,6.08276,6.08276,6.08276,5.09902,5.09902,5.09902,4.12311,4.12311,4.12311,4.12311,4.12311,3.16228,3.60555,67.1193,63.69458,62.6099,61.32699,65.8635,59.03389,61.84658,61.84658,54.08327,51.47815,50.60632,52.80152,50.24938,49.40648,48.27007,55.9017,53.2635,50.93133,53.75872,46.66905,55.17246,55.9017,56.72742,51.66237,49.51767,53.41348,53.03772,55.86591,49.67897,50.24938,52.34501,50.44799,50.60632,38.41875,47.63402,48.25971,41.88078,42.80187,41.62932,37.58989,40.31129,37.73592,38.01316,36.71512,34.0147,34.53983,29.15476,33.54102,31.38471,21.84033,26.92582,25.4951,25.31798,25.17936,24.33105,24.18677,20.22375,15.13275,12.64911,9.43398,10.0,11.31371,10.81665,15.65248,17.80449,19.41649,21.09502,23.25941,26.40076,29.52965,34.48188,36.05551,34.66987,41.6173,39.20459,41.72529,47.50789,49.49747,55.22681,57.28001,58.89822,56.85948,59.46427,62.20129,64.89992,68.26419,60.20797,66.7308,72.44998,69.46222,72.89719,70.68239,66.64083,66.37017,72.47068,73.3553,75.13322,74.32362,75.13322,67.97794,81.43709,68.42514,66.85058,70.68239,70.68239,73.00685,72.23573,65.36819,70.49113,67.97794,67.1193,74.06079,65.8635,64.3506
11.40175,10.0,10.29563,10.0,9.43398,9.43398,9.43398,8.94427,8.94427,8.94427,8.94427,8.94427,8.544,8.544,8.544,9.48683,8.544,8.544,9.21954,9.21954,9.48683,9.48683,8.544,9.21954,9.48683,8.544,8.544,8.544,8.94427,8.94427,8.06226,8.94427,8.06226,8.06226,7.2111,7.2111,7.2111,6.40312,6.40312,6.40312,5.65685,5.65685,5.65685,5.65685,5.0,5.0,5.0,5.0,5.0,4.47214,4.47214,4.12311,69.63476,59.22837,69.05071,62.16912,61.0,60.67125,57.72348,60.87693,53.45091,56.51548,50.28916,48.70318,51.86521,49.72927,47.01064,49.39636,50.53712,53.7122,51.0,47.42362,55.22681,48.30114,48.82622,47.50789,47.20169,51.97115,47.41308,48.82622,50.53712,51.0,50.08992,51.86521,46.52956,47.01064,49.0408,41.23106,41.62932,39.21734,43.86342,43.65776,42.57934,33.73426,35.73514,34.23449,32.75668,28.86174,30.14963,26.57066,28.07134,27.89265,27.01851,27.0,21.84033,24.18677,21.09502,24.18677,23.5372,10.19804,10.77033,10.0,14.03567,10.77033,14.14214,12.52996,18.60108,15.6205,19.41649,19.23538,28.30194,27.65863,33.30165,30.80584,35.35534,42.05948,42.05948,45.18849,47.42362,52.0,56.0803,53.31041,55.71355,58.24088,62.29767,62.96825,68.73136,59.5399,70.40597,62.28965,68.06614,67.47592,64.38167,71.44928,74.33034,68.26419,70.06426,70.5762,74.96666,70.45566,69.72087,75.05998,70.45566,68.00735,70.00714,68.26419,70.11419,71.0,66.27217,70.45566,67.60178,71.70077,62.1289,71.19691,68.88396,68.88396
12.04159,12.04159,11.31371,12.04159,11.31371,11.31371,10.63015,10.63015,10.63015,10.63015,10.0,10.81665,10.81665,10.81665,10.81665,10.29563,10.29563,10.29563,10.29563,10.81665,10.81665,10.81665,10.81665,10.29563,10.81665,10.81665,10.81665,10.0,10.0,9.43398,10.0,9.21954,9.21954,9.21954,9.21954,8.48528,8.48528,8.48528,7.81025,7.81025,7.81025,7.2111,6.40312,6.40312,6.40312,6.40312,5.83095,5.83095,5.83095,5.83095,5.38516,5.38516,67.00746,62.00806,67.00746,52.23983,62.1289,61.07373,61.07373,60.03332,53.0,50.24938,48.37355,48.27007,55.9017,51.62364,45.88028,48.38388,55.7853,51.24451,46.09772,44.92215,49.33559,49.64877,50.69517,47.01064,51.24451,50.0,50.59644,50.92151,50.08992,46.48656,47.75982,50.32892,51.26402,51.1957,40.26164,46.57252,44.14748,45.60702,42.2019,39.31921,37.33631,37.21559,35.69314,38.0526,32.38827,33.0,28.28427,31.01612,26.01922,27.01851,28.0,22.02272,24.18677,26.30589,21.84033,22.56103,16.15549,10.29563,10.04988,11.18034,12.36932,15.81139,11.04536,12.36932,19.69772,18.97367,25.63201,24.69818,27.313,31.04835,32.64966,34.48188,38.83298,41.76123,39.84972,41.76123,53.60037,53.60037,59.68249,51.0392,66.18912,63.0,61.13101,62.00806,61.0082,67.0,70.17834,64.03124,72.56032,66.18912,68.593,72.24957,68.35934,69.26038,72.56032,74.54529,72.33948,79.76215,72.83543,72.69113,77.31753,74.24284,68.26419,67.89698,68.46897,69.26038,75.23962,68.18358,69.11584,71.34424,64.00781,73.02739,71.00704,71.0
11.18034,12.08305,10.29563,11.18034,10.29563,10.29563,10.29563,10.29563,9.43398,9.43398,9.43398,10.0,10.0,10.0,9.21954,9.21954,9.89949,9.21954,9.89949,9.21954,9.21954,9.21954,10.0,9.89949,10.0,10.0,10.0,9.21954,10.0,9.43398,8.60233,9.43398,8.06226,8.06226,8.544,8.544,7.61577,7.61577,7.28011,6.32456,6.32456,6.32456,6.32456,6.08276,6.08276,5.09902,6.08276,5.0,5.0,5.0,5.0,5.09902,64.03124,67.18631,65.80274,64.53681,57.56735,62.96825,52.81098,61.68468,47.53946,55.7315,53.46027,52.7731,57.21888,46.09772,51.15662,45.09989,52.34501,53.33854,51.08816,50.0,58.0,51.0392,51.0098,49.0408,51.0098,50.35871,47.01064,51.0098,47.51842,54.08327,55.08176,52.7731,44.55334,53.15073,43.93177,51.1957,41.23106,41.23106,41.48494,40.5216,41.62932,41.76123,33.24154,32.89377,33.54102,36.05551,31.06445,26.1725,28.6531,25.07987,25.94224,23.70654,25.6125,22.80351,18.86796,18.43909,19.10497,12.08305,10.0,12.16553,9.05539,10.04988,16.49242,15.13275,18.68154,19.69772,22.13594,21.54066,22.2036,23.85372,33.10589,38.48376,35.1141,43.01163,39.56008,48.70318,48.83646,44.40721,56.7186,52.61179,51.0392,58.07753,66.1211,69.00725,70.25667,67.08204,66.61081,61.0,71.70077,69.05071,65.30697,72.36712,71.19691,66.4906,71.80529,68.68042,75.70997,75.9276,68.88396,72.53275,70.21396,69.26038,68.62215,74.09453,67.35726,70.21396,63.56886,66.09841,69.89278,71.47027,62.16912,65.73431,67.26812,72.12489
11.40175,10.77033,11.7047,10.77033,10.77033,9.84886,9.84886,10.29563,9.84886,10.29563,10.29563,9.43398,10.29563,9.43398,9.43398,10.0,10.0,10.0,10.0,10.0,10.0,10.0,10.0,10.0,10.81665,10.0,9.43398,10.29563,9.43398,9.43398,8.94427,8.94427,8.94427,8.94427,8.94427,8.544,7.61577,7.28011,7.28011,7.28011,7.28011,6.32456,6.32456,6.32456,6.32456,5.09902,5.09902,5.09902,5.09902,5.0,5.0,4.0,62.76942,64.88451,61.46544,55.02727,62.24147,60.83584,51.0,57.00877,57.00877,48.08326,50.15974,50.92151,55.36244,50.44799,46.57252,46.38965,51.47815,49.36598,51.35173,47.04253,50.48762,45.27693,52.03845,49.25444,44.18144,50.48762,46.09772,51.0098,49.25444,50.24938,51.35173,52.08647,46.17359,45.39824,38.11824,41.23106,42.37924,47.53946,46.09772,38.07887,35.1141,37.10795,34.17601,37.33631,37.58989,33.24154,28.63564,32.31099,27.29469,26.83282,25.80698,23.34524,26.40076,24.20744,18.60108,21.2132,20.51828,14.31782,11.40175,13.60147,11.40175,15.13275,13.0,16.12452,17.02939,17.02939,15.29706,20.0,27.45906,27.29469,34.71311,38.32754,35.22783,42.10701,38.01316,46.27094,46.27094,50.15974,57.87055,50.01,53.93515,63.15061,61.0,64.84597,70.00714,61.40033,67.6757,64.4748,73.00685,69.07966,68.44706,73.82412,69.77105,68.02941,71.69379,73.1642,73.53911,73.92564,70.38466,74.68601,72.89719,67.23095,65.9242,63.06346,68.942,72.47068,69.07966,66.48308,68.35203,71.11962,65.8635,72.8011,65.9242,67.35726
10.63015,10.63015,10.0,10.0,10.0,9.21954,10.0,8.60233,10.0,9.43398,9.43398,8.94427,8.94427,8.94427,8.94427,9.84886,8.94427,8.94427,8.544,8.544,8.94427,8.94427,8.94427,9.48683,8.94427,8.94427,8.94427,8.94427,8.94427,9.43398,8.06226,8.06226,8.60233,7.81025,7.81025,7.81025,7.07107,7.07107,7.07107,6.40312,6.40312,5.65685,5.65685,5.65685,5.0,5.0,5.0,4.47214,4.47214,4.47214,4.12311,4.12311,60.29925,64.28063,65.19202,62.03225,65.12296,66.06815,55.14526,56.00893,51.08816,55.3263,52.95281,50.9902,57.72348,50.9902,48.50773,51.97115,50.69517,50.92151,49.33559,50.28916,51.5461,47.75982,52.3259,47.43416,49.64877,52.49762,52.49762,48.08326,50.69517,50.32892,50.28916,50.63596,41.97618,52.7731,43.41659,49.49747,44.18144,42.57934,43.41659,38.01316,36.0,40.04997,35.01428,38.20995,34.0147,27.65863,29.01724,30.01666,25.70992,23.08679,26.30589,24.35159,25.63201,18.68154,23.4094,19.41649,19.41649,13.0384,11.04536,11.04536,9.05539,13.15295,18.86796,12.08305,17.88854,19.20937,18.38478,21.26029,24.04163,32.01562,30.23243,36.40055,38.27532,43.01163,41.67733,43.01163,47.41308,47.01064,52.39275,55.54278,58.13777,57.87055,66.48308,63.32456,69.857,65.51336,65.51336,61.81424,72.69113,67.74216,71.34424,64.28063,71.17584,67.36468,69.26038,68.06614,73.02739,69.06519,69.26038,72.0,71.25307,72.0,66.18912,74.24284,66.1211,66.0303,67.00746,67.00746,71.0,70.11419,70.02857,71.17584,66.18912,72.00694
11.31371,10.63015,10.0,10.63015,9.21954,9.21954,9.21954,10.0,10.0,9.43398,9.43398,9.43398,8.94427,8.94427,8.94427,9.84886,9.84886,8.94427,9.48683,9.84886,8.94427,9.84886,8.94427,9.84886,9.84886,9.84886,9.43398,8.94427,8.94427,8.94427,8.94427,9.43398,8.06226,8.60233,7.81025,7.81025,7.2111,6.40312,6.40312,6.40312,5.65685,5.65685,5.65685,5.65685,5.65685,5.0,5.0,4.24264,4.24264,3.60555,4.47214,3.60555,70.61161,67.08204,67.68309,62.0967,62.36986,60.67125,54.12947,55.9017,49.33559,49.36598,57.07889,54.45181,57.03508,47.09565,54.00926,52.03845,52.08647,52.08647,50.03998,53.93515,56.88585,51.15662,51.41984,47.51842,47.16991,51.62364,52.46904,52.23983,46.04346,52.08647,53.15073,56.00893,45.09989,46.09772,44.04543,46.01087,43.18565,42.42641,45.09989,45.70558,40.60788,40.11234,32.24903,33.13608,33.24154,34.9285,32.28002,31.04835,28.4605,25.29822,30.46309,28.16026,26.0,23.02173,22.82542,23.02173,22.80351,10.44031,7.61577,16.27882,12.04159,12.04159,14.31782,17.11724,15.0,19.64688,19.72308,27.20294,29.73214,31.38471,29.52965,34.48188,38.8973,42.72002,45.89118,47.85394,45.39824,47.04253,55.08176,56.22277,54.03702,58.00862,65.0,62.0,69.18092,65.37584,66.91039,64.62971,70.85901,67.46851,70.03571,68.15424,71.38627,73.24616,75.50497,71.19691,74.67262,75.43209,70.61161,75.43209,70.34202,69.12308,65.27634,71.8401,69.64194,69.92138,64.7611,68.41053,71.70077,74.1485,67.46851,69.42622,66.4906,75.80237
12.16553,11.18034,11.40175,11.18034,11.18034,10.19804,10.44031,10.44031,10.44031,9.48683,10.44031,9.84886,9.84886,9.84886,9.84886,10.29563,10.29563,10.29563,10.29563,10.29563,10.29563,10.29563,9.84886,10.29563,9.84886,9.84886,9.84886,9.84886,9.84886,9.84886,8.544,8.544,8.544,8.544,8.24621,8.24621,8.24621,7.07107,7.07107,7.07107,7.07107,7.0,7.0,6.0,6.0,5.0,6.0,5.09902,5.09902,5.09902,5.09902,4.12311,69.31089,62.93648,66.21933,65.45991,65.0,57.48913,60.959,57.28001,51.22499,56.40035,54.6443,57.24509,54.12024,44.10215,51.42956,54.58938,52.15362,48.8467,48.8774,57.56735,51.86521,51.26402,48.70318,48.38388,53.14132,47.92703,57.87055,50.92151,52.3259,56.36488,51.47815,50.9902,53.7122,46.61545,46.52956,43.26662,42.05948,42.05948,46.61545,40.31129,43.56604,37.53665,36.23534,36.40055,36.79674,33.42155,29.20616,30.41381,24.04163,28.28427,25.45584,21.40093,23.43075,19.84943,25.05993,23.60085,18.78829,14.86607,14.86607,10.63015,13.45362,14.31782,10.81665,16.55295,12.04159,18.24829,21.84033,22.36068,25.70992,36.40055,29.83287,35.73514,31.76476,40.16217,45.31004,43.38202,48.76474,51.10773,60.41523,53.33854,62.1289,61.03278,64.81512,68.68042,69.6563,67.89698,68.88396,72.83543,68.593,74.95332,71.44928,72.86288,71.42129,72.83543,69.42622,67.89698,76.48529,70.17834,72.91776,74.24958,72.13876,76.38063,69.35416,65.8559,75.66373,70.72482,71.44928,72.83543,71.50524,70.17834,66.52819,70.03571,72.13876,71.70077
11.7047,10.77033,10.77033,10.77033,10.44031,10.44031,10.44031,10.19804,10.19804,10.19804,10.19804,10.19804,10.04988,10.04988,10.04988,10.04988,10.04988,10.04988,10.0,10.0,10.04988,10.0,10.04988,10.0,10.04988,10.04988,10.04988,10.04988,10.04988,9.21954,9.21954,9.21954,9.21954,9.21954,8.24621,8.24621,7.28011,7.28011,7.28011,7.28011,6.7082,6.32456,6.32456,5.38516,5.38516,5.38516,5.38516,5.0,4.47214,5.0,4.24264,4.24264,67.26812,64.56005,64.53681,65.73431,63.56886,62.0967,55.03635,52.49762,49.33559,55.9464,54.12947,52.81098,59.9333,50.11986,53.31041,54.3783,52.35456,48.37355,53.66563,52.15362,55.47071,52.83938,56.22277,50.9902,52.69725,51.85557,52.15362,49.81967,47.70744,58.60034,52.35456,50.53712,44.72136,48.37355,46.51881,47.41308,47.16991,40.71855,46.06517,37.16181,38.62642,38.8973,35.73514,38.27532,31.7805,38.27532,28.16026,31.04835,27.0,25.31798,30.67572,25.31798,27.01851,26.0,20.02498,23.19483,22.2036,12.16553,10.44031,9.05539,9.84886,16.40122,15.81139,11.31371,17.69181,23.34524,20.51828,23.34524,31.1127,26.1725,32.52691,34.65545,37.01351,40.80441,49.73932,50.0,43.60046,52.3259,56.60389,59.09315,60.37384,59.80803,65.74192,64.84597,68.30813,67.6757,65.55151,66.76077,68.41053,70.83784,69.26038,72.8011,67.72001,69.64194,75.50497,74.73286,69.37579,69.63476,70.0928,73.00685,71.38627,76.11833,70.61161,72.36712,73.00685,67.44627,69.37579,70.88018,71.80529,70.21396,73.00685,72.27724,68.94926,67.35726
11.31371,10.63015,10.63015,10.63015,9.21954,10.63015,10.0,9.43398,10.0,9.43398,9.43398,9.43398,8.94427,8.94427,8.94427,9.84886,9.84886,9.84886,9.84886,9.84886,9.84886,9.84886,9.84886,9.84886,9.84886,9.84886,8.94427,9.43398,8.94427,9.43398,8.06226,8.60233,8.60233,8.06226,7.81025,7.81025,7.81025,6.40312,6.40312,6.40312,5.65685,5.65685,5.65685,5.65685,5.65685,5.0,5.0,5.0,4.24264,3.60555,4.47214,3.60555,65.00769,63.0,60.20797,62.00806,60.00833,58.13777,56.00893,61.07373,50.08992,57.0,54.03702,53.15073,55.44367,53.15073,51.35173,51.92302,54.34151,52.7731,53.60037,50.21952,54.12947,50.21952,50.21952,54.12947,52.49762,53.36666,51.35173,55.54278,51.92302,54.81788,50.96077,51.47815,49.64877,46.32494,48.25971,47.16991,43.04649,46.09772,44.04543,45.0,37.05401,37.12142,34.1321,35.69314,37.0,32.06244,32.24903,32.55764,27.29469,30.08322,29.83287,25.96151,26.92582,25.55386,21.54066,22.47221,20.61553,11.18034,12.16553,8.24621,9.05539,21.37756,14.21267,18.86796,14.42221,21.0238,21.37756,26.92582,28.42534,32.80244,32.24903,44.72136,38.94868,42.48529,38.07887,52.81098,42.37924,62.0967,48.50773,68.30813,64.62198,70.00714,61.61169,69.02898,69.11584,69.72087,77.02597,73.24616,76.05919,69.02898,68.00735,75.05998,69.0,69.02898,70.02857,72.56032,78.00641,70.06426,70.25667,75.23962,71.44928,72.00694,66.00758,66.75328,68.35934,69.11584,68.11755,72.11103,68.02941,70.34913,68.06614,69.00725,72.1734,73.17103
10.0,10.0,10.0,10.0,9.21954,9.21954,8.48528,8.48528,8.48528,8.48528,8.48528,7.81025,8.60233,8.60233,8.60233,8.60233,8.06226,8.60233,8.60233,8.60233,8.60233,8.60233,8.60233,9.43398,8.60233,8.60233,8.60233,7.81025,9.21954,7.81025,8.48528,7.81025,7.81025,7.07107,7.07107,7.07107,6.40312,6.40312,5.83095,5.83095,5.83095,5.0,5.0,4.47214,4.47214,4.47214,4.47214,4.47214,4.12311,4.12311,4.12311,3.0,66.12866,58.82176,61.13101,60.92618,66.7308,59.13544,57.00877,57.87055,59.20304,52.17279,50.44799,48.50773,52.95281,51.08816,49.36598,49.16299,52.08647,51.0392,52.03845,49.0102,49.16299,49.09175,53.03772,48.01042,54.00926,54.03702,51.0,51.35173,51.08816,45.27693,49.0408,51.47815,46.52956,53.46027,43.18565,41.7732,45.89118,44.92215,44.64303,41.10961,39.05125,33.24154,32.57299,45.12206,36.05551,28.6531,28.17801,35.35534,21.93171,23.60085,25.80698,23.32381,20.80865,23.02173,20.51828,20.51828,19.84943,12.04159,10.19804,10.0,8.544,12.08305,12.08305,14.86607,14.31782,20.24846,17.08801,20.12461,27.78489,28.17801,31.01612,38.07887,36.13862,34.20526,41.0,40.5216,49.09175,50.01,59.13544,54.33231,55.14526,57.00877,59.07622,63.03174,65.9242,63.15061,68.44706,62.58594,67.89698,67.44627,67.91171,66.48308,70.5195,64.84597,66.4906,69.26038,75.69016,72.11103,66.94027,70.83784,72.44998,63.56886,61.61169,68.96376,62.62587,69.89278,71.17584,73.08215,67.72001,65.78754,60.16644,64.32729,69.64194,68.96376
11.40175,11.40175,10.44031,10.44031,9.48683,9.48683,9.48683,9.84886,9.84886,8.94427,8.94427,9.43398,9.43398,9.43398,9.43398,10.0,10.0,9.43398,10.0,9.43398,9.43398,9.43398,9.43398,10.0,10.0,9.43398,10.0,9.43398,9.43398,8.60233,8.06226,8.94427,8.06226,8.06226,7.61577,7.61577,7.61577,6.7082,6.7082,6.32456,6.32456,6.32456,5.38516,5.09902,5.09902,5.09902,5.09902,5.0,4.12311,4.0,4.0,4.0,66.61081,63.78087,66.70832,58.25805,65.05382,58.13777,61.22091,57.31492,55.22681,51.66237,50.93133,54.03702,57.2014,48.60041,54.08327,49.09175,57.68882,52.35456,53.33854,54.58938,52.83938,52.83938,49.73932,47.88528,49.92995,52.47857,48.8774,52.80152,50.60632,52.39275,55.47071,56.30275,48.10405,45.45327,50.47772,48.83646,44.82187,46.01087,41.7732,42.52058,41.72529,41.03657,36.79674,35.38361,35.0,36.23534,29.83287,28.42534,28.3196,24.20744,29.15476,26.41969,24.59675,24.59675,22.02272,24.35159,22.56103,10.81665,12.72792,16.64332,12.04159,9.21954,10.81665,13.92839,17.88854,19.69772,18.02776,23.5372,23.5372,31.57531,34.48188,32.20248,38.07887,40.31129,44.72136,44.72136,50.60632,53.25411,52.83938,52.43091,60.21628,64.89992,64.40497,67.20863,62.96825,63.63961,70.83784,65.11528,67.26812,65.06919,70.29225,68.76772,72.34639,70.0928,69.6563,71.70077,76.6094,77.23341,72.18033,69.89278,69.6563,74.63243,70.71068,71.8401,67.47592,66.70832,63.24555,66.6033,70.0928,75.43209,69.31089,67.88225,74.95332,73.0
11.40175,11.40175,10.63015,10.63015,10.63015,10.63015,9.89949,9.89949,9.89949,9.21954,9.21954,9.21954,9.21954,10.0,10.0,10.0,10.0,10.0,9.43398,9.43398,10.0,10.0,10.0,10.0,10.0,10.0,10.0,9.21954,9.21954,9.21954,8.48528,9.21954,8.48528,8.48528,7.81025,7.81025,7.2111,7.2111,7.2111,7.2111,5.83095,5.83095,5.83095,5.83095,5.83095,4.47214,4.47214,4.47214,4.47214,4.12311,4.12311,4.0,62.36185,66.91039,60.67125,62.64982,57.70615,61.39218,55.7315,51.97115,52.7731,55.7315,53.33854,56.14268,55.03635,50.01,56.0803,56.22277,54.14795,53.00943,48.01042,54.91812,52.34501,52.7731,53.15073,51.35173,45.17743,50.01,53.33854,54.14795,51.0,52.00961,47.0,49.0102,54.00926,48.09366,47.09565,48.04165,43.10452,41.19466,45.27693,41.30375,39.29377,42.44997,34.48188,33.52611,31.95309,32.28002,30.46309,33.73426,29.73214,31.38471,27.85678,28.6531,23.32381,23.60085,26.41969,22.47221,22.80351,11.40175,7.07107,13.0,10.04988,14.56022,11.40175,17.0,18.43909,21.0238,18.86796,24.16609,29.41088,32.64966,31.7805,39.0,39.92493,42.05948,40.16217,48.8467,44.94441,55.65968,54.81788,56.32051,57.42822,62.1289,63.12686,66.0303,65.00769,64.00781,63.1981,69.18092,70.06426,67.1193,71.34424,71.70077,69.35416,68.73136,75.95393,69.72087,73.34848,69.63476,72.33948,68.65858,72.00694,69.42622,72.06247,69.63476,68.593,67.46851,71.02112,66.21933,66.61081,69.05071,66.48308,70.71068,68.46897,69.05071
11.04536,11.18034,11.18034,11.04536,10.19804,10.19804,10.19804,9.21954,10.19804,9.48683,9.48683,9.48683,9.48683,9.48683,9.48683,9.84886,9.84886,9.84886,9.84886,9.48683,9.48683,9.84886,9.48683,9.48683,9.48683,9.48683,9.48683,9.21954,9.21954,9.21954,9.21954,8.06226,9.05539,8.06226,8.06226,8.0,8.0,7.0,7.0,7.0,7.07107,6.08276,6.08276,6.08276,6.08276,5.09902,6.32456,5.09902,5.38516,5.38516,5.38516,4.47214,66.70832,66.03787,63.24555,59.5399,63.97656,60.41523,59.9333,57.3062,58.30952,54.23099,56.64804,50.69517,49.98,50.69517,48.27007,54.12947,53.85165,48.38388,51.5461,48.6621,54.23099,51.41984,49.24429,44.91102,46.87217,48.6621,56.08921,50.48762,51.24451,48.08326,49.0306,50.96077,55.10898,45.60702,49.72927,40.49691,45.18849,42.72002,37.33631,42.95346,41.59327,37.16181,36.35932,34.0147,32.64966,34.0,33.01515,31.89044,26.62705,24.83948,23.43075,28.01785,22.2036,20.51828,22.2036,17.49286,20.80865,11.40175,11.6619,10.81665,11.7047,15.65248,10.19804,9.21954,17.11724,16.49242,21.09502,20.02498,20.22375,29.01724,31.01612,33.24154,39.01282,37.01351,44.91102,47.51842,48.83646,50.08992,50.28916,52.63079,58.87274,60.40695,61.03278,61.32699,63.69458,66.70832,64.88451,66.7308,65.36819,69.64194,70.71068,71.86793,75.29276,72.94518,75.17978,70.60453,71.02112,68.50547,71.56116,72.8011,71.86793,68.24222,75.13322,68.7968,69.64194,67.74216,63.81222,68.60029,66.64083,70.49113,70.83078,65.19202,68.42514,66.24198
12.20656,11.6619,11.6619,11.6619,11.6619,10.29563,10.29563,9.84886,10.77033,9.84886,9.84886,10.44031,10.44031,10.44031,10.44031,10.19804,10.19804,10.19804,10.19804,10.19804,10.19804,10.19804,10.19804,10.44031,10.44031,10.19804,10.19804,9.48683,10.44031,9.48683,9.48683,9.48683,8.94427,8.544,8.544,8.94427,8.94427,8.06226,8.06226,8.06226,7.2111,7.2111,7.2111,5.83095,6.40312,5.83095,6.40312,5.65685,5.65685,5.65685,5.0,5.0,73.06162,71.34424,62.1289,59.07622,63.3877,57.42822,59.5399,56.4358,54.08327,46.32494,50.35871,44.72136,47.85394,53.14132,47.80167,52.88667,52.0,47.75982,46.57252,51.62364,50.08992,47.53946,48.75449,52.55473,50.92151,55.54278,52.80152,52.0,52.55473,47.43416,50.69517,48.33218,48.70318,46.95743,46.09772,35.4683,42.44997,41.23106,40.11234,38.83298,40.26164,39.20459,35.0571,33.73426,36.22154,27.89265,29.0,32.38827,26.01922,26.01922,25.0,25.0,24.73863,22.2036,24.18677,24.5153,21.18962,14.0,14.0,9.05539,15.0,12.64911,10.44031,12.08305,15.23155,19.69772,20.59126,24.83948,28.84441,30.52868,35.51056,38.94868,36.71512,44.77723,43.38202,42.95346,53.16014,50.59644,56.29387,56.75385,57.97413,61.84658,65.30697,64.49806,65.62012,68.18358,65.12296,66.18912,69.26038,71.06335,68.0,69.02898,69.00725,70.0,71.06335,74.00676,74.00676,76.05919,71.25307,70.11419,73.00685,68.0,66.18912,65.06919,66.00758,75.02666,70.00714,73.00685,73.10951,61.13101,62.20129,69.35416,72.06247,66.18912
12.04159,12.04159,11.31371,12.04159,11.31371,11.31371,10.63015,10.63015,10.63015,10.0,10.0,10.0,10.0,10.0,10.0,10.81665,10.29563,10.29563,10.81665,10.29563,10.81665,10.81665,10.81665,10.81665,10.81665,10.81665,10.81665,10.0,10.0,10.0,9.21954,9.21954,9.21954,9.21954,8.48528,8.48528,8.48528,7.81025,7.81025,7.81025,7.2111,7.2111,6.40312,6.40312,5.83095,5.83095,5.83095,5.83095,5.83095,5.38516,5.38516,4.12311,70.17834,74.24284,70.25667,63.15061,68.35934,58.21512,66.18912,58.07753,56.00893,53.03772,55.03635,51.0098,54.0,55.22681,49.0,49.25444,51.24451,52.95281,52.7731,48.37355,52.63079,50.9902,48.83646,53.75872,50.63596,53.60037,53.36666,53.85165,54.33231,53.75872,53.23533,49.64877,48.09366,49.49747,44.72136,49.0408,50.01,42.04759,44.10215,44.04543,40.04997,38.83298,40.26164,33.54102,33.37664,36.13862,31.57531,30.26549,27.89265,24.69818,25.05993,26.92582,22.13594,23.4094,22.02272,20.80865,25.0,12.16553,11.40175,12.04159,11.40175,15.13275,13.0,17.46425,16.15549,19.31321,21.09502,22.47221,25.4951,31.90611,34.48188,46.23851,39.39543,47.42362,46.23851,47.92703,52.63079,49.64877,58.24088,58.24946,64.13267,63.95311,66.28725,65.27634,65.00769,77.00649,73.00685,67.18631,71.02816,69.06519,73.17103,72.02777,73.24616,72.11103,77.31753,76.05919,80.22468,74.1485,74.16873,68.593,78.40918,70.85901,73.10951,74.33034,65.76473,76.10519,74.54529,71.02112,71.44928,70.17834,72.56032,68.88396,74.24284,66.00758
12.36932,11.40175,11.40175,10.44031,10.44031,10.44031,10.44031,9.48683,9.84886,9.84886,9.84886,9.84886,9.84886,8.94427,8.94427,10.29563,10.29563,10.29563,9.43398,9.43398,10.29563,10.29563,10.29563,10.29563,10.29563,10.29563,9.84886,9.84886,9.84886,9.84886,8.544,8.544,8.544,8.544,8.24621,8.24621,8.24621,7.07107,7.07107,7.07107,7.07107,6.0,6.08276,6.0,6.0,6.0,6.0,5.0,5.09902,5.09902,5.09902,5.09902,72.23573,64.40497,60.72891,64.03124,67.05222,61.35145,57.56735,53.75872,51.86521,56.29387,52.95281,50.63596,54.74486,48.50773,50.35871,51.08816,53.08484,51.08816,47.16991,49.09175,52.00961,52.00961,52.03845,49.09175,52.00961,48.01042,51.0392,52.0,52.34501,48.0,51.35173,48.01042,50.15974,47.04253,46.69047,47.51842,39.62323,44.38468,40.02499,43.17407,35.17101,35.44009,35.8469,35.1141,34.78505,33.24154,29.96665,25.94224,26.40076,30.46309,25.94224,23.70654,23.32381,24.75884,24.08319,17.80449,19.79899,10.0,9.43398,13.60147,12.36932,11.04536,14.0,10.0,13.34166,18.97367,16.27882,27.65863,25.70992,30.36445,31.40064,31.40064,32.28002,40.1995,40.04997,46.09772,44.18144,45.27693,57.0,56.14268,54.23099,58.21512,63.3877,65.25335,65.0,65.25335,65.96969,67.05222,68.62215,68.00735,70.21396,68.94926,75.96052,68.00735,71.7844,75.39231,72.73239,72.91776,75.96052,70.38466,66.48308,69.46222,69.857,69.89278,68.70953,66.48308,68.942,66.12866,67.35726,69.64194,62.96825,67.23095,70.5762,66.76077
11.6619,11.18034,11.18034,11.18034,11.18034,9.84886,9.84886,9.84886,9.48683,9.48683,9.48683,10.44031,10.19804,10.19804,9.21954,10.19804,10.19804,10.19804,10.04988,10.04988,10.19804,10.04988,10.19804,10.19804,10.19804,10.19804,10.19804,10.19804,9.21954,9.48683,9.21954,9.48683,9.48683,8.544,8.544,8.544,7.61577,7.61577,6.7082,6.7082,6.7082,5.83095,5.83095,5.83095,5.83095,5.0,5.0,5.0,5.0,4.24264,4.24264,4.24264,61.40033,65.12296,60.67125,65.9242,66.4906,56.7186,57.31492,55.44367,59.43904,53.85165,54.81788,53.14132,55.36244,52.92447,47.43416,51.07837,55.15433,50.53712,51.88449,53.7122,53.23533,55.03635,47.16991,48.37355,47.50789,51.88449,53.7122,49.65884,50.11986,53.7122,53.22593,55.9464,50.08992,45.54119,50.59644,41.23106,46.09772,42.48529,49.72927,42.37924,46.84015,36.34556,36.40055,35.44009,32.01562,32.01562,33.24154,29.0,25.4951,25.07987,27.16616,23.0,27.29469,27.0,19.64688,20.02498,19.31321,15.13275,14.56022,12.04159,13.60147,14.21267,12.72792,10.81665,15.65248,19.41649,24.08319,24.59675,28.42534,28.6007,29.83287,37.64306,39.44617,40.0,44.40721,45.48626,43.38202,45.61798,57.24509,54.42426,58.18935,60.08328,67.35726,63.32456,73.76313,67.89698,66.70832,69.05071,67.89698,65.11528,71.38627,68.46897,77.64664,70.5762,72.1734,75.16648,74.33034,76.41989,70.21396,75.23962,76.79193,67.18631,70.34202,76.65507,67.74216,68.65858,69.26038,66.48308,71.34424,75.05998,67.08204,65.19202,73.82412,67.46851
11.04536,11.0,10.0,10.0,10.0,9.0,10.04988,9.05539,9.05539,9.05539,9.05539,9.21954,9.21954,9.21954,9.21954,9.48683,9.48683,9.48683,8.544,9.48683,9.21954,9.48683,9.48683,9.48683,9.21954,9.48683,9.21954,9.21954,9.21954,9.21954,8.06226,8.06226,8.06226,8.06226,8.06226,8.0,7.0,7.0,6.0,6.0,6.0,6.0,5.0,5.0,5.0,4.12311,4.12311,4.12311,4.12311,4.12311,3.16228,3.60555,65.8559,66.48308,66.6033,66.48308,69.35416,61.52235,63.03174,59.66574,61.52235,55.97321,54.20332,46.69047,48.25971,53.90733,56.0803,51.10773,57.42822,50.60632,53.8145,54.20332,55.22681,53.0,51.0,48.37355,51.31277,51.86521,51.0,54.08327,53.0,50.08992,50.21952,53.53504,52.80152,45.60702,50.0,52.40229,44.55334,41.23106,43.86342,46.09772,41.03657,39.69887,41.7732,32.64966,30.41381,29.20616,31.14482,34.88553,27.65863,28.30194,30.41381,22.47221,32.20248,26.83282,22.82542,20.61553,22.56103,10.0,9.48683,12.04159,14.14214,17.08801,7.28011,15.13275,15.29706,18.43909,21.84033,26.24881,33.06055,30.26549,31.14482,40.26164,42.10701,41.76123,41.97618,46.48656,49.0408,48.33218,56.79789,63.13478,60.41523,58.5235,61.29437,62.76942,68.60029,67.80118,71.21798,71.42129,72.12489,72.83543,67.88225,76.38063,70.72482,74.24958,73.0,70.00714,78.56844,74.27651,70.71068,78.49204,75.82216,68.593,71.21798,70.72482,68.68042,69.31089,72.13876,65.19202,65.43699,65.79514,63.03174,67.88225,69.31089,75.0733
12.08305,10.77033,12.08305,11.18034,11.7047,10.77033,10.44031,10.44031,10.44031,10.44031,10.19804,10.19804,10.19804,10.19804,9.21954,10.04988,10.04988,10.04988,10.04988,10.04988,10.04988,10.04988,10.04988,10.04988,10.04988,10.04988,10.04988,10.04988,9.21954,10.19804,9.21954,9.21954,9.21954,8.24621,8.24621,9.21954,8.544,7.61577,7.61577,6.7082,7.61577,6.7082,6.7082,6.7082,5.83095,5.83095,5.83095,5.83095,5.83095,5.0,5.0,4.24264,71.11259,67.72001,62.93648,55.9464,62.64982,55.54278,63.06346,60.37384,61.26989,48.76474,50.77401,44.94441,49.64877,51.31277,53.25411,51.66237,53.2635,54.48853,47.63402,49.49747,50.32892,50.93133,49.81967,53.07542,50.24938,56.58622,46.69047,51.62364,48.27007,48.83646,46.75468,54.81788,51.85557,45.60702,45.96738,42.63801,44.82187,41.10961,43.26662,39.62323,42.80187,37.20215,33.12099,36.23534,33.61547,36.23534,33.61547,31.30495,25.94224,22.36068,29.06888,25.94224,23.76973,18.97367,23.5372,20.61553,24.08319,13.15295,12.16553,9.05539,12.16553,13.89244,14.14214,13.15295,15.23155,23.34524,22.82542,23.34524,26.24881,27.20294,35.38361,36.79674,37.80212,40.22437,43.82921,44.65423,50.60632,53.23533,59.03389,61.7414,59.80803,61.35145,62.29767,64.56005,64.56005,68.30813,70.88018,70.34202,67.72001,72.03471,72.78049,72.56721,71.80529,72.36712,72.56721,76.11833,82.71034,71.38627,81.0432,74.95332,75.96052,67.68309,73.53911,74.73286,66.70832,72.8011,73.82412,68.15424,70.88018,75.28612,67.6757,72.8011,67.05222,69.46222
9.89949,9.89949,9.89949,9.89949,9.89949,9.21954,9.21954,8.60233,8.60233,8.60233,8.60233,9.43398,8.60233,8.60233,8.06226,8.94427,8.94427,8.06226,8.94427,8.94427,8.06226,8.94427,8.06226,8.94427,8.94427,8.94427,8.94427,8.60233,8.60233,8.06226,7.81025,7.81025,7.81025,7.81025,7.07107,6.40312,7.07107,6.40312,5.65685,5.65685,5.0,5.0,5.0,5.0,4.24264,4.47214,4.47214,4.47214,3.60555,3.16228,3.16228,3.16228,69.37579,61.40033,72.8011,58.82176,59.46427,54.78138,58.18935,59.90826,56.75385,55.08176,54.57105,54.12947,52.95281,49.36598,48.37355,46.17359,55.3263,54.0,57.0,48.09366,51.0,49.0102,54.0,51.35173,51.24451,53.23533,50.15974,48.04165,53.15073,53.0,48.37355,50.9902,43.93177,50.9902,45.35416,47.12749,44.38468,43.93177,43.41659,37.69615,38.01316,38.62642,38.07887,40.24922,36.67424,30.01666,31.62278,30.0,27.29469,29.41088,26.07681,22.80351,25.55386,21.40093,25.0,25.55386,18.43909,11.7047,10.19804,8.24621,9.21954,11.7047,13.0384,12.52996,14.76482,15.26434,18.86796,25.23886,26.41969,29.96665,33.10589,35.77709,37.94733,44.38468,43.08132,46.48656,55.57877,51.24451,57.21888,53.23533,59.3043,58.21512,62.0,62.03225,68.06614,66.27217,71.02112,61.18823,74.33034,64.13267,65.51336,72.69113,69.05071,69.2315,67.72001,72.78049,74.1485,76.90254,69.63476,70.5195,72.78049,70.88018,64.28841,68.62215,67.72001,74.2159,69.89278,69.64194,68.68042,71.30919,63.60031,69.92138,70.83078,68.88396
11.18034,10.04988,10.04988,11.04536,10.04988,10.04988,10.04988,9.0,9.0,9.0,10.04988,9.05539,10.04988,9.05539,10.04988,10.04988,9.21954,9.21954,10.19804,10.19804,10.19804,10.19804,9.21954,10.19804,10.19804,10.19804,9.05539,9.05539,10.04988,9.05539,9.0,9.0,9.0,8.0,8.0,8.0,8.0,7.07107,7.07107,7.07107,6.08276,6.08276,6.08276,6.08276,5.09902,5.09902,5.09902,5.09902,4.12311,4.47214,4.47214,4.47214,69.42622,65.80274,63.78087,64.44377,63.89053,56.72742,53.03772,59.39697,49.51767,56.63921,53.75872,53.75872,52.40229,49.81967,52.34501,50.60632,49.64877,48.25971,47.50789,48.82622,55.00909,50.47772,55.4617,51.88449,49.24429,53.85165,50.47772,51.61395,49.40648,47.01064,49.40648,54.20332,46.8615,52.80152,43.41659,47.50789,50.44799,44.59821,42.44997,37.48333,35.60899,34.82815,39.82462,37.01351,36.79674,32.80244,32.44996,33.30165,27.29469,31.06445,23.32381,31.38471,25.94224,29.15476,21.54066,23.08679,22.02272,10.81665,9.84886,8.94427,10.63015,12.08305,15.81139,13.89244,11.7047,18.78829,19.92486,23.08679,26.68333,30.08322,36.68787,32.01562,43.909,40.31129,44.28318,43.909,48.33218,53.66563,57.70615,51.0392,60.44005,62.62587,63.03174,64.44377,65.79514,66.6033,69.31089,66.52819,72.83543,70.71068,72.24957,72.86288,68.76772,72.91776,69.81404,69.52697,72.8011,73.87828,73.75636,72.47068,70.17834,69.02898,75.00667,71.21798,70.17834,66.48308,73.0,68.88396,67.89698,65.8559,67.42403,65.19202,67.26812,65.11528
10.0,10.04988,10.04988,10.04988,9.05539,9.05539,9.05539,8.06226,9.21954,8.24621,8.24621,8.24621,8.24621,8.544,8.24621,8.544,8.544,8.544,8.544,8.544,8.544,8.544,8.24621,8.544,9.48683,8.544,9.21954,8.24621,8.24621,8.06226,8.06226,8.06226,8.06226,8.0,7.0,7.0,7.0,7.0,6.08276,6.08276,6.08276,5.09902,5.09902,5.09902,5.09902,4.12311,4.47214,4.47214,4.47214,4.47214,3.60555,4.24264,69.11584,68.24222,63.15853,63.97656,66.64833,54.20332,59.48109,55.56978,59.61543,55.47071,48.46648,51.07837,53.7122,53.45091,54.42426,49.76947,55.97321,53.36666,50.0,45.60702,51.47815,53.60037,57.87055,48.6621,52.20153,54.81788,51.97115,51.47815,52.39275,53.45091,45.22168,48.70318,49.0408,51.92302,46.8188,46.61545,49.65884,44.27189,41.10961,39.11521,35.0,32.64966,38.94868,32.44996,34.66987,27.80288,29.52965,33.61547,25.80698,27.65863,26.07681,24.08319,23.34524,20.51828,21.26029,21.63331,25.23886,11.6619,11.04536,12.36932,11.04536,10.44031,8.24621,14.31782,17.11724,21.0,20.39608,22.02272,25.17936,28.63564,33.37664,36.05551,37.0,41.04875,43.10452,42.0119,47.04253,53.03772,52.15362,57.70615,58.94065,62.64184,62.29767,67.23095,60.08328,62.36185,67.06713,66.48308,69.64194,68.02941,68.70953,71.17584,71.19691,70.66116,71.69379,69.97142,77.02597,73.57309,70.66116,71.86793,70.3278,69.06519,67.1193,69.97142,70.21396,71.11962,63.81222,70.3278,65.0,72.94518,64.66065,70.66116,68.88396,72.09022
10.81665,10.81665,10.29563,10.29563,9.43398,9.43398,8.94427,8.94427,8.94427,8.94427,8.94427,9.48683,8.544,8.544,8.544,9.21954,9.21954,9.21954,9.21954,9.21954,9.48683,9.21954,9.48683,9.48683,9.48683,9.48683,9.48683,8.544,8.544,8.544,7.61577,7.61577,7.61577,8.06226,8.06226,7.2111,7.2111,6.40312,5.83095,5.83095,6.40312,5.0,5.0,5.0,5.0,4.24264,4.24264,4.24264,4.24264,3.60555,3.60555,3.60555,72.12489,61.68468,68.68042,65.19202,59.80803,58.24088,65.52099,60.16644,57.00877,56.30275,58.13777,58.18075,52.35456,51.07837,51.0,58.5235,60.90156,53.82379,58.83026,48.79549,53.60037,48.60041,53.85165,59.40539,53.53504,51.22499,53.85165,54.3783,50.21952,56.0803,52.47857,55.56978,50.32892,49.24429,45.48626,51.42956,45.65085,45.17743,45.69464,42.48529,41.62932,37.36308,40.02499,34.17601,33.95585,37.36308,33.52611,34.9285,31.32092,33.83785,25.31798,23.19483,25.07987,23.0,24.02082,26.07681,16.12452,11.18034,13.34166,10.81665,8.60233,13.60147,13.60147,21.26029,13.60147,16.27882,16.27882,22.02272,26.40076,28.3196,31.76476,37.53665,38.18377,40.31129,43.18565,52.63079,43.60046,52.00961,57.00877,52.80152,65.45991,65.0,64.88451,63.07139,70.77429,65.0,70.38466,63.97656,75.02666,74.63243,74.67262,76.2168,70.83784,71.47027,73.4983,76.90254,72.8011,76.68768,71.30919,74.33034,73.76313,71.8401,71.7844,72.03471,72.03471,70.83078,71.7844,74.72617,67.05222,65.0,70.21396,72.44998,74.33034,64.84597
