13.60147,13.0384,13.89244,13.0384,13.0384,11.6619,11.6619,11.18034,11.18034,11.18034,11.18034,9.84886,9.84886,9.84886,9.48683,9.48683,9.21954,9.48683,9.21954,9.21954,9.21954,9.05539,8.06226,9.05539,9.21954,8.06226,8.06226,9.21954,8.24621,9.05539,8.24621,8.24621,8.24621,8.544,7.28011,7.61577,7.61577,8.06226,7.2111,7.2111,7.2111,6.40312,7.07107,5.65685,5.65685,6.40312,5.83095,5.83095,5.83095,5.38516,5.09902,5.09902,82.29824,80.13114,80.5295,80.95678,78.26238,75.15318,73.79024,70.21396,68.44706,67.06713,65.45991,62.96825,61.40033,63.60031,57.87055,60.16644,59.43904,53.85165,54.34151,56.4358,51.47815,54.23099,48.04165,54.03702,50.03998,52.03845,51.15662,49.0102,49.0102,50.03998,45.04442,48.16638,49.0102,46.01087,45.01111,43.0,50.03998,47.09565,44.18144,43.18565,46.27094,44.94441,40.16217,40.5216,37.64306,39.92493,33.61547,35.35534,33.42155,32.80244,31.14482,31.82766,31.14482,30.80584,28.17801,29.15476,33.24154,21.09502,20.02498,25.17936,24.08319,26.68333,16.55295,34.9285,40.49691,26.40076,43.9659,40.5216,46.38965,40.4475,46.69047,46.32494,50.63596,51.97115,58.24946,58.24946,65.62012,60.44005,60.53098,60.01666,62.96825,60.29925,63.63961,62.64982,60.67125,62.58594,63.56099,61.84658,63.60031,60.74537,61.46544,61.09828,62.76942,58.69412,60.83584,54.626,60.82763,55.75841,60.80296,53.90733,62.28965,57.48913,64.63745,63.00794,59.68249,63.63175,65.19202,67.6757,71.86793,76.02631,76.53757,77.41447,81.85964,81.41253
14.14214,14.14214,13.45362,12.72792,12.72792,12.04159,12.04159,12.04159,12.04159,10.0,10.63015,10.81665,10.0,8.60233,9.43398,9.43398,9.43398,8.94427,8.94427,8.06226,8.06226,8.544,8.94427,7.61577,7.61577,8.544,8.94427,7.61577,7.61577,8.06226,7.2111,8.06226,8.06226,7.2111,7.81025,7.81025,7.81025,7.07107,7.07107,6.40312,7.2111,7.2111,6.7082,6.7082,6.32456,6.32456,6.08276,6.0,6.0,5.0,5.09902,5.09902,85.14693,83.86895,84.0595,82.0061,79.05694,74.02702,70.72482,74.33034,67.41662,63.24555,69.46222,64.66065,61.05735,59.48109,55.9464,59.09315,49.64877,52.20153,54.08327,50.59644,54.40588,50.44799,48.16638,45.89118,42.57934,43.56604,48.83646,47.26521,46.09772,48.83646,48.09366,49.09175,45.27693,46.04346,46.27094,46.52956,42.0,42.42641,45.54119,42.37924,46.57252,42.15448,38.47077,37.12142,40.24922,41.34005,34.1321,37.21559,33.97058,33.30165,32.64966,32.80244,29.68164,29.06888,27.85678,29.83287,29.42788,23.34524,29.06888,25.17936,29.06888,32.01562,28.16026,32.06244,33.01515,35.0571,35.01428,43.04649,44.04543,44.01136,48.04165,50.0,49.0102,54.03702,58.13777,56.0357,54.00926,57.00877,62.07254,63.12686,60.13319,60.20797,67.0,61.20457,63.03174,62.03225,63.00794,62.1289,65.19202,60.53098,59.4138,60.41523,60.40695,63.78871,60.41523,57.24509,59.77458,58.13777,60.37384,61.7414,57.98276,58.83026,57.31492,64.66065,64.53681,68.62215,72.24957,71.58911,70.71068,75.9276,81.8352,76.05919,81.40025,81.02469
13.0384,12.20656,12.20656,12.20656,11.40175,10.81665,11.40175,10.63015,9.89949,10.63015,9.21954,9.89949,9.89949,9.21954,9.21954,8.60233,8.60233,8.60233,8.06226,8.06226,8.06226,8.06226,7.61577,7.61577,8.06226,7.61577,7.61577,7.61577,7.61577,7.61577,8.06226,8.06226,8.06226,7.2111,6.40312,6.40312,7.07107,6.40312,6.40312,6.40312,5.83095,5.83095,5.83095,5.38516,5.38516,5.09902,5.09902,5.09902,5.0,5.0,4.12311,4.12311,86.40023,80.1561,78.1025,76.57676,77.98718,70.93659,73.40981,72.34639,67.89698,62.482,62.24147,60.20797,65.11528,59.03389,57.48913,53.60037,56.60389,55.21775,51.86521,51.31277,52.47857,46.87217,49.24429,49.65884,45.27693,50.9902,44.27189,46.61545,52.0,47.53946,45.54119,46.84015,45.69464,44.38468,41.4367,42.04759,46.14109,46.09772,46.06517,46.09772,43.04649,39.05125,40.36087,43.18565,41.03657,36.76955,36.79674,35.60899,30.52868,32.24903,30.46309,29.73214,28.16026,28.44293,31.57531,32.06244,25.31798,23.25941,25.05993,25.94224,25.4951,29.54657,27.51363,30.67572,30.08322,35.1141,38.63936,40.16217,44.38468,47.07441,46.87217,52.20153,49.33559,54.08327,52.81098,58.69412,54.12024,58.24088,61.98387,59.20304,62.36185,65.30697,60.41523,63.60031,63.89053,63.56099,59.90826,62.36986,64.53681,62.0967,62.80127,60.67125,61.20457,56.00893,57.03508,62.20129,58.54912,56.22277,58.46366,62.64184,60.08328,54.78138,64.66065,60.82763,65.29931,71.58911,69.64194,69.63476,71.58911,76.02631,75.82216,80.28076,85.2115,88.61715
13.34166,13.34166,13.34166,12.36932,12.36932,12.36932,12.36932,11.18034,11.18034,11.18034,10.04988,11.0,10.04988,10.0,9.0,9.05539,9.05539,9.05539,9.05539,9.05539,9.05539,9.05539,8.24621,8.24621,9.05539,8.24621,8.24621,8.24621,8.24621,8.24621,8.06226,8.06226,8.06226,8.06226,8.06226,8.06226,8.0,7.07107,7.07107,7.07107,7.28011,6.32456,6.32456,5.38516,6.7082,5.83095,5.83095,5.65685,5.65685,5.65685,5.0,5.0,75.76939,77.87811,74.84651,73.53911,71.51224,68.30813,68.94926,64.84597,64.56005,66.48308,60.87693,59.43904,62.58594,53.15073,54.74486,54.45181,57.21888,52.23983,48.04165,49.0102,54.08327,51.0098,45.04442,46.17359,42.19005,48.0,44.55334,46.69047,44.40721,47.85394,47.85394,47.38143,46.09772,42.95346,44.40721,45.0,43.41659,42.0,40.1995,44.04543,40.0,41.19466,43.73786,36.67424,40.26164,35.17101,34.78505,32.57299,34.0147,32.44996,28.01785,29.41088,31.82766,24.83948,29.68164,26.83282,24.69818,25.17936,23.08679,25.31798,24.18677,25.29822,26.57066,28.16026,31.7805,34.17601,37.94733,36.40055,37.0,43.32436,44.64303,42.37924,45.88028,49.98,54.70832,53.85165,54.57105,61.13101,59.66574,60.44005,57.87055,58.82176,54.08327,60.74537,59.46427,60.16644,61.40033,60.16644,60.40695,59.80803,57.58472,56.79789,58.59181,59.16925,52.69725,56.30275,52.80152,50.60632,56.56854,58.0517,54.81788,54.20332,54.3783,60.53924,61.29437,62.64982,65.0,68.62215,70.93659,72.09022,71.16881,74.67262,76.89603,76.15773
13.0,12.08305,12.08305,12.08305,11.18034,11.18034,10.77033,10.29563,10.29563,10.29563,9.43398,9.43398,8.60233,8.60233,8.60233,7.81025,7.81025,8.48528,7.81025,8.48528,7.81025,7.81025,7.81025,7.81025,7.81025,7.81025,7.81025,7.81025,7.81025,7.07107,7.07107,7.07107,7.81025,7.2111,6.40312,7.2111,6.7082,6.7082,6.32456,6.7082,6.32456,6.08276,6.08276,5.0,5.0,5.09902,5.09902,5.09902,4.47214,4.47214,4.47214,4.24264,80.06248,82.38932,86.49277,77.87811,76.90254,67.26812,73.75636,71.02112,69.64194,68.41053,61.68468,64.62198,57.56735,60.40695,56.32051,56.0803,57.00877,54.12024,55.47071,49.64877,48.02083,45.27693,46.8615,49.09175,48.82622,48.41487,46.01087,45.80393,48.25971,43.93177,43.84062,43.41659,45.45327,48.16638,40.60788,46.04346,46.40043,44.41846,46.51881,39.82462,43.65776,38.07887,41.10961,41.10961,38.32754,33.73426,33.13608,32.24903,29.42788,31.14482,28.16026,25.31798,34.71311,28.63564,30.88689,26.07681,28.01785,27.01851,21.2132,26.90725,29.20616,27.58623,26.24881,29.20616,34.05877,35.80503,41.86884,43.86342,43.82921,44.68781,50.60632,47.20169,50.80354,50.21952,54.56189,55.75841,55.80323,59.4138,57.2014,57.38467,62.36986,64.44377,63.03174,58.89822,61.07373,57.80138,61.40033,63.41136,61.85467,63.82006,61.58734,62.43397,56.36488,59.5399,60.74537,63.15853,62.96825,60.72891,61.84658,54.57105,62.514,55.22681,52.00961,61.07373,62.28965,69.46222,70.11419,72.44308,72.36712,70.34913,77.66595,82.49242,79.07591,79.07591
12.80625,12.80625,12.20656,12.20656,11.40175,11.40175,10.81665,10.81665,10.81665,10.29563,10.81665,9.43398,8.94427,8.94427,8.94427,8.544,8.544,8.24621,8.24621,8.24621,8.24621,8.24621,8.544,7.28011,8.06226,8.24621,7.28011,7.07107,7.28011,7.28011,7.28011,7.28011,7.28011,7.28011,7.61577,6.7082,6.7082,5.83095,5.83095,6.40312,6.40312,5.65685,5.65685,5.65685,5.83095,5.83095,5.38516,5.38516,5.38516,5.09902,5.09902,5.0,80.45496,82.66196,73.06162,76.55064,76.32169,69.97142,72.56032,69.11584,67.54258,64.00781,67.1193,62.64982,63.97656,61.84658,57.93962,58.18075,53.85165,51.78803,46.84015,54.12947,51.41984,48.83646,45.04442,47.26521,46.27094,49.0102,46.27094,44.04543,48.25971,49.09175,46.09772,50.03998,45.01111,47.04253,47.16991,41.19466,43.04649,45.0,48.16638,43.41659,46.57252,42.37924,38.07887,40.71855,42.94182,33.12099,35.51056,34.88553,35.4683,32.01562,32.01562,32.01562,31.62278,28.6531,27.73085,31.01612,25.4951,26.07681,27.29469,27.85678,23.08679,26.07681,27.0,31.01612,34.0147,38.01316,39.11521,39.01282,44.01136,46.04346,44.04543,45.04442,53.03772,51.0,55.03635,52.46904,58.13777,56.0,63.07139,60.20797,60.03332,61.07373,62.0,66.0303,64.03124,58.0,63.12686,59.07622,59.3043,61.0,62.514,59.43904,62.36986,58.82176,56.75385,60.08328,60.16644,55.4617,62.16912,57.3062,59.03389,54.03702,64.53681,67.17887,65.06919,70.29225,67.26812,67.42403,83.40863,75.0733,78.74643,81.84131,86.02325,82.68011
12.52996,12.52996,11.18034,12.08305,11.18034,11.6619,10.29563,10.81665,10.81665,10.0,10.0,10.0,8.48528,9.21954,9.21954,9.21954,9.21954,8.60233,8.60233,7.81025,8.60233,7.81025,8.60233,8.06226,8.60233,8.06226,8.06226,8.06226,8.06226,7.2111,7.2111,7.81025,7.81025,7.2111,7.81025,7.81025,7.07107,7.07107,6.40312,6.40312,5.83095,5.83095,5.83095,5.38516,5.38516,5.38516,5.09902,5.09902,4.0,4.0,4.12311,4.12311,79.22752,74.02702,75.02666,76.05919,81.00617,72.24957,68.11755,65.19202,65.00769,64.28063,64.38167,65.49046,57.55867,55.7315,55.54278,56.04463,57.00877,49.0408,48.8467,50.59644,49.64877,52.0,47.01064,45.31004,45.69464,46.95743,45.18849,48.02083,42.19005,48.54894,49.1935,45.61798,46.14109,42.95346,46.95743,38.62642,42.15448,46.23851,43.86342,42.05948,42.44997,40.26164,40.79216,34.36568,35.12834,35.0,35.01428,33.06055,33.54102,28.86174,29.41088,31.38471,27.73085,26.07681,23.43075,28.6007,24.41311,20.59126,23.02173,20.24846,23.02173,28.30194,29.06888,26.90725,34.82815,33.30165,36.23534,42.42641,41.10961,45.27693,42.44997,43.18565,47.42362,51.66237,49.57822,50.32892,56.61272,54.45181,57.48913,59.4138,55.97321,58.89822,60.82763,63.12686,60.87693,58.0517,59.5483,55.97321,58.89822,56.63921,59.39697,58.79626,58.13777,58.5235,59.36329,54.91812,52.3259,54.91812,58.18075,53.85165,55.02727,60.41523,64.03124,61.52235,64.38167,66.37017,62.07254,68.02941,71.11259,71.06335,75.00667,77.10383,75.05998,74.02702
13.0384,13.0384,13.0384,13.0384,12.04159,12.04159,12.04159,11.04536,11.18034,11.18034,11.18034,10.44031,10.44031,9.48683,9.48683,9.48683,9.48683,9.48683,8.94427,8.94427,8.94427,8.94427,8.94427,9.43398,8.94427,8.94427,8.94427,8.06226,8.06226,8.94427,8.06226,8.06226,8.544,8.544,7.28011,8.24621,7.28011,7.28011,7.07107,7.07107,7.07107,6.0,7.0,6.0,6.08276,6.08276,5.38516,5.38516,5.38516,5.38516,5.0,5.0,84.11896,78.33901,83.48653,75.9276,78.33901,76.92204,72.42237,74.33034,69.28925,69.64194,64.19502,60.08328,63.69458,60.00833,59.5063,55.00909,57.80138,55.47071,51.86521,46.8615,53.25411,50.0,51.73973,50.60632,42.44997,50.20956,47.50789,48.10405,50.93133,45.27693,44.59821,49.49747,49.51767,48.10405,41.03657,48.83646,47.63402,49.57822,47.20169,44.40721,44.65423,44.28318,42.54409,40.71855,37.69615,33.73426,37.0,34.48188,35.22783,33.24154,31.01612,33.73426,35.12834,28.63564,28.44293,26.40076,29.96665,23.34524,28.42534,26.24881,23.43075,25.4951,27.58623,27.58623,30.4795,33.6006,34.82815,40.36087,43.93177,44.10215,47.63402,48.9183,47.80167,52.40229,55.31727,56.85068,53.15073,55.9017,65.06919,55.9017,58.72819,61.7171,63.70243,63.78087,64.66065,62.62587,63.12686,58.89822,62.68174,59.40539,62.42596,63.81222,59.36329,59.03389,56.79789,57.93962,58.94065,55.7853,53.60037,60.20797,58.21512,58.42089,57.03508,61.0082,61.13101,62.64982,66.75328,68.24954,72.36712,73.97973,75.13322,77.36924,77.12976,77.62087
14.14214,13.45362,13.45362,12.72792,12.72792,12.04159,12.04159,11.40175,10.81665,10.81665,10.0,10.0,10.81665,10.81665,9.43398,9.84886,8.94427,8.94427,8.94427,8.544,8.544,9.48683,9.48683,8.544,9.48683,8.24621,9.48683,9.48683,8.544,8.24621,7.61577,8.544,8.94427,8.94427,8.06226,8.06226,7.2111,7.81025,7.81025,7.81025,7.07107,7.07107,6.40312,6.40312,6.40312,5.83095,5.83095,5.38516,5.38516,5.09902,5.09902,5.0,86.02325,87.80091,77.38863,80.21222,80.91971,73.75636,75.80237,74.8131,69.35416,65.79514,67.94115,67.20863,64.38167,60.1415,59.20304,56.40035,60.20797,55.60576,53.25411,51.31277,52.83938,50.08992,51.88449,52.35456,51.0,46.06517,47.53946,48.46648,45.88028,45.69464,50.92151,47.80167,41.48494,47.92703,47.01064,42.15448,41.59327,46.95743,46.06517,45.79301,44.65423,45.48626,42.2019,40.0,43.86342,41.23106,33.30165,37.01351,31.62278,33.12099,32.64966,30.46309,31.62278,30.59412,27.29469,27.16616,26.07681,21.54066,24.18677,26.83282,24.59675,26.40076,28.16026,25.29822,31.95309,34.17601,34.17601,40.31129,43.17407,46.48656,47.75982,48.76474,50.15974,49.64877,53.16014,53.48832,57.93962,61.09828,61.35145,60.40695,60.83584,59.80803,60.08328,57.87055,64.62198,63.32456,59.77458,61.13101,60.41523,61.84658,60.44005,62.36986,61.66036,61.29437,58.00862,57.14018,60.03332,57.07889,58.46366,52.88667,59.77458,58.18935,56.46238,57.69749,67.60178,68.96376,66.64833,70.21396,76.27582,76.02631,70.43437,78.87332,75.16648,79.6304
12.64911,13.0,13.0,11.7047,11.7047,11.7047,11.7047,10.44031,10.44031,10.19804,10.19804,10.19804,9.21954,10.19804,8.0,9.05539,8.06226,8.0,8.0,8.06226,8.06226,7.0,8.06226,8.06226,8.06226,8.06226,8.06226,8.06226,7.07107,8.06226,7.07107,7.07107,7.07107,7.0,7.07107,8.06226,7.28011,7.07107,6.32456,6.32456,6.7082,6.32456,6.32456,5.83095,5.83095,5.0,5.0,5.0,5.0,5.0,5.38516,5.38516,76.15773,80.06248,76.15773,75.16648,76.96753,70.71068,72.61543,74.46476,64.07808,65.0,58.13777,66.30988,59.5063,57.24509,53.45091,52.39275,56.04463,54.08327,53.23533,50.01,54.03702,47.85394,45.04442,50.03998,44.28318,47.0,47.16991,43.41659,46.04346,47.29693,43.56604,48.16638,48.16638,45.09989,39.20459,43.04649,45.17743,44.01136,46.01087,43.28972,43.28972,38.63936,41.97618,41.59327,40.5216,36.24914,33.24154,34.0147,29.83287,34.82815,32.52691,29.69848,27.58623,30.61046,30.80584,28.17801,26.24881,23.0,24.02082,26.07681,25.70992,25.01999,27.16616,28.28427,35.22783,34.1321,36.67424,41.4367,38.07887,46.32494,47.85394,48.50773,47.51842,52.7731,57.42822,51.78803,55.7315,59.3043,62.39391,57.70615,59.4138,61.81424,62.80127,64.93843,61.0,60.63827,60.01666,58.24946,61.61169,61.61169,61.98387,56.04463,58.18935,58.87274,54.23099,55.00909,59.64059,56.0803,58.00862,56.72742,58.79626,57.28001,52.00961,56.58622,60.60528,68.8186,67.1193,72.06941,77.36924,72.89719,73.92564,73.92564,75.15318,85.88364
14.14214,13.15295,13.15295,13.15295,13.0384,12.04159,12.04159,12.0,11.0,11.0,11.0,11.04536,10.04988,10.04988,10.04988,10.04988,10.19804,9.05539,9.21954,9.21954,9.21954,9.21954,9.21954,9.48683,9.48683,9.48683,9.21954,9.21954,9.21954,8.06226,9.21954,9.21954,8.06226,8.06226,8.06226,8.0,8.0,8.0,7.0,7.07107,7.28011,7.28011,6.32456,6.32456,6.32456,5.83095,5.83095,5.0,5.0,5.0,5.0,5.0,80.95678,80.49845,76.48529,73.43024,72.06941,68.88396,72.09022,72.09022,65.74192,63.07139,65.39113,60.16644,61.7414,62.29767,54.42426,55.08176,55.08176,58.94065,53.93515,50.80354,50.21952,47.85394,50.01,50.08992,46.0,51.0392,47.04253,49.0,44.10215,44.18144,46.01087,43.56604,46.27094,47.04253,41.19466,46.09772,46.38965,46.27094,44.72136,43.17407,42.37924,39.39543,42.37924,42.48529,36.40055,33.61547,34.1321,37.01351,33.94113,29.73214,32.80244,28.17801,29.41088,26.92582,28.17801,21.93171,26.30589,25.4951,26.68333,23.19483,26.30589,21.84033,27.73085,29.73214,32.57299,34.48188,34.53983,39.21734,41.48494,43.86342,44.38468,43.32436,62.96825,40.79216,41.18252,53.48832,56.61272,51.86521,57.97413,59.43904,60.16644,57.97413,57.48913,58.46366,58.5235,61.35145,58.5235,59.90826,59.48109,60.74537,60.92618,64.07808,55.54278,55.9464,58.60034,57.45433,55.47071,55.0,55.0,50.60632,59.46427,53.03772,53.8145,61.61169,64.14047,60.53924,62.96825,65.45991,72.44998,68.88396,69.77105,77.41447,72.91776,80.11242
14.14214,13.15295,13.34166,12.16553,12.16553,12.36932,12.36932,12.16553,11.40175,11.40175,10.77033,10.77033,9.48683,9.84886,9.84886,9.84886,9.43398,9.43398,8.06226,8.94427,8.94427,8.06226,8.60233,8.60233,8.60233,7.81025,9.21954,8.60233,8.60233,8.60233,8.06226,8.06226,7.2111,7.61577,7.61577,7.61577,7.61577,7.28011,7.28011,7.28011,7.07107,7.07107,7.07107,7.0,6.0,6.08276,6.08276,6.08276,6.32456,5.38516,5.38516,5.0,80.65358,70.60453,84.48077,77.88453,72.53275,74.33034,65.14599,71.56815,58.82176,68.15424,64.51356,61.46544,63.56099,51.62364,60.53924,58.66856,51.88449,55.07268,55.22681,49.64877,56.40035,48.25971,48.16638,46.2277,48.9183,44.68781,42.42641,46.69047,42.42641,48.10405,47.50789,45.96738,43.13931,43.13931,43.13931,46.75468,39.69887,41.72529,39.40812,43.26662,43.41659,41.88078,40.31129,41.62932,38.07887,36.05551,37.64306,33.73426,36.12478,35.12834,35.12834,31.01612,28.44293,29.42788,32.28002,25.96151,28.6531,22.80351,26.24881,22.02272,28.42534,26.1725,30.4795,26.1725,31.06445,32.80244,33.42155,44.20407,44.82187,44.68781,50.60632,52.80152,45.96738,52.20153,50.32892,56.72742,53.75872,56.72742,58.13777,56.72742,58.69412,55.86591,65.8559,60.87693,64.44377,56.0803,62.00806,54.03702,62.80127,57.42822,56.93856,60.46487,59.9333,55.4617,59.94164,57.58472,57.56735,56.64804,53.93515,63.63961,54.14795,64.00781,63.07139,61.0,61.66036,68.26419,61.40033,68.73136,71.38627,81.58431,69.42622,79.55501,82.9759,77.12976
12.36932,11.7047,12.64911,11.7047,11.7047,10.44031,10.77033,9.84886,9.84886,9.84886,8.94427,8.94427,8.94427,9.43398,8.06226,8.60233,7.81025,7.81025,7.81025,7.07107,7.81025,7.81025,7.07107,7.81025,7.81025,7.81025,7.07107,7.81025,7.81025,7.07107,6.40312,7.07107,7.81025,7.2111,7.2111,6.7082,6.7082,6.7082,5.38516,5.38516,5.09902,5.09902,5.09902,5.0,5.0,5.0,5.09902,5.09902,4.47214,4.47214,3.60555,4.24264,80.41144,75.61085,78.54935,71.8401,73.37575,75.27284,70.26379,70.38466,62.39391,61.46544,62.6099,58.87274,58.18075,56.35601,53.0,55.9017,57.45433,53.53504,53.82379,45.0,53.82379,46.09772,47.50789,51.22499,45.27693,44.55334,45.96738,50.20956,48.16638,47.80167,47.42362,44.59821,45.96738,46.8615,43.60046,47.50789,42.52058,44.65423,48.25971,42.72002,40.24922,37.12142,39.56008,46.06517,35.4683,33.54102,35.73514,36.40055,30.14963,32.06244,29.01724,29.15476,28.16026,29.41088,31.62278,26.90725,27.01851,21.63331,23.02173,35.8469,12.64911,24.73863,32.20248,28.17801,34.88553,37.58989,37.33631,38.07887,38.91015,47.92703,46.51881,52.7731,46.14109,50.08992,50.56679,57.38467,59.16925,58.24946,61.29437,60.03332,58.18075,59.90826,61.7171,60.60528,63.95311,61.7414,62.64982,60.82763,59.94164,63.06346,59.9333,60.41523,58.59181,60.44005,56.51548,63.32456,61.52235,59.22837,56.14268,59.0,59.13544,55.3263,61.29437,61.40033,63.95311,70.40597,68.65858,69.12308,72.8011,72.12489,71.30919,76.89603,80.95678,79.05694
12.36932,12.36932,12.36932,11.40175,11.40175,10.44031,10.44031,10.44031,10.44031,9.84886,9.84886,10.29563,8.94427,8.94427,8.94427,9.43398,8.60233,8.60233,7.81025,7.81025,7.81025,8.48528,7.81025,8.48528,8.48528,8.48528,8.48528,7.81025,7.81025,7.81025,7.81025,7.2111,7.2111,7.2111,7.2111,7.61577,6.7082,6.7082,6.32456,6.32456,6.08276,5.09902,5.09902,5.0,5.0,4.12311,4.12311,4.12311,4.47214,4.47214,3.60555,3.60555,76.02631,71.06335,80.00625,78.00641,69.18092,75.05998,66.06815,70.02857,60.29925,69.11584,65.19202,58.85576,61.29437,54.74486,56.08921,53.45091,52.63079,52.81098,55.15433,45.54119,54.626,51.07837,51.0,43.38202,44.77723,46.95743,43.01163,47.01064,46.32494,46.64762,48.82622,50.21952,40.80441,44.94441,45.79301,47.41308,39.82462,43.41659,43.82921,43.08132,37.94733,43.41659,41.0,37.85499,37.48333,34.1321,38.01316,30.06659,33.01515,29.42788,31.257,29.61419,28.23119,26.40076,26.0,27.45906,26.07681,21.54066,23.25941,21.18962,28.16026,24.69818,29.68164,31.76476,28.30194,36.71512,32.44996,39.44617,41.34005,45.48626,49.64877,51.47815,49.73932,56.4358,48.54894,58.66856,54.12024,55.56978,59.05929,57.45433,54.3783,60.41523,61.85467,61.91123,68.7968,55.22681,62.42596,55.0,62.42596,59.64059,60.44005,57.48913,60.87693,55.22681,54.56189,51.40039,59.64059,63.24555,50.9902,58.66856,52.20153,58.18935,55.36244,54.40588,62.36185,67.08204,58.54912,67.60178,73.33485,82.29824,68.26419,72.11103,78.00641,75.23962
13.0,13.0,12.64911,12.64911,12.64911,11.7047,11.7047,11.40175,11.40175,10.19804,10.44031,10.44031,10.19804,9.05539,9.05539,9.05539,9.05539,9.05539,8.0,8.0,8.0,8.06226,8.0,8.0,8.0,8.0,8.0,8.06226,8.06226,8.0,8.0,8.0,8.06226,8.06226,8.06226,7.28011,7.61577,7.61577,6.7082,6.7082,6.7082,6.40312,6.40312,5.65685,6.40312,5.83095,5.0,5.83095,5.38516,5.38516,5.09902,5.09902,84.11896,79.20227,78.0,77.87811,71.30919,72.91776,75.27284,69.92138,63.24555,62.76942,61.84658,60.74537,61.68468,54.34151,54.08327,48.05206,55.7315,55.22681,54.58938,49.0408,49.0102,45.01111,47.16991,51.0392,45.04442,43.10452,48.04165,50.48762,43.10452,47.26521,42.0119,43.18565,48.09366,50.48762,42.04759,49.09175,43.01163,46.04346,45.09989,40.60788,38.20995,43.41659,31.40064,42.2019,39.21734,40.71855,32.24903,34.48188,29.41088,34.82815,31.82766,27.58623,29.0,29.68164,29.15476,26.92582,26.92582,23.19483,28.44293,23.19483,21.84033,26.92582,28.28427,30.41381,36.68787,32.75668,32.31099,38.8973,40.49691,44.94441,44.94441,50.96077,54.70832,56.08921,55.31727,56.64804,54.40588,60.41523,59.90826,61.39218,60.08328,60.72891,61.03278,61.13101,64.03124,62.64184,61.98387,56.30275,60.40695,63.32456,61.46544,62.76942,59.5063,58.60034,59.94164,55.47071,57.2014,57.62812,57.31492,60.10824,59.4138,56.72742,60.20797,53.00943,64.14047,67.74216,66.70832,70.38466,74.73286,76.05919,73.82412,79.71198,81.15417,79.30952
15.0,14.42221,15.0,13.60147,13.60147,12.20656,13.0384,12.20656,12.52996,11.6619,11.18034,11.18034,11.18034,10.77033,9.84886,10.77033,9.48683,9.48683,9.48683,9.48683,9.48683,9.48683,9.21954,9.21954,9.21954,9.21954,9.21954,9.21954,9.21954,8.24621,9.48683,8.544,8.544,8.94427,8.544,8.544,8.06226,7.2111,7.2111,7.81025,7.81025,6.40312,7.07107,6.40312,6.40312,6.40312,6.7082,6.32456,6.32456,6.32456,5.09902,5.0,80.80223,78.1025,81.40025,79.64923,79.05694,76.55064,72.47068,71.06335,68.8186,67.41662,69.64194,64.41273,60.03332,59.03389,60.03332,62.24147,61.32699,53.48832,50.15974,53.45091,54.34151,51.24451,50.01,49.33559,45.35416,45.70558,49.49747,49.49747,43.73786,48.25971,48.37355,49.0102,48.05206,47.38143,45.70558,45.35416,42.2019,44.72136,41.48494,45.88028,43.17407,44.59821,44.28318,38.48376,38.01316,37.44329,36.61967,38.01316,31.40064,35.35534,31.14482,25.0,31.76476,29.06888,31.01612,25.4951,27.89265,24.04163,22.13594,28.16026,23.19483,29.12044,31.257,28.01785,29.27456,34.05877,40.0125,40.0125,42.0119,44.0,50.15974,47.16991,51.15662,50.15974,57.0,58.03447,61.20457,61.03278,61.13101,63.1981,60.53098,66.27217,62.07254,64.38167,63.1981,63.1981,63.63961,61.07373,59.03389,60.0,63.3877,61.66036,59.5399,59.66574,62.36986,55.08176,57.56735,57.28001,61.09828,64.88451,64.07808,56.60389,62.36986,61.07373,65.06919,67.26812,67.20863,73.53911,72.13876,75.16648,80.28076,80.72174,81.02469,79.40403
14.14214,13.45362,13.45362,13.45362,12.72792,12.72792,12.72792,12.04159,12.04159,11.40175,10.81665,10.81665,10.81665,10.81665,10.29563,10.29563,8.94427,9.84886,9.84886,9.84886,9.84886,9.84886,8.544,9.48683,9.48683,8.544,8.544,8.544,8.544,8.544,8.544,8.544,7.61577,8.94427,8.06226,8.06226,8.60233,8.60233,7.81025,7.81025,7.07107,7.07107,7.07107,6.40312,5.83095,5.83095,5.83095,5.38516,5.38516,5.09902,5.09902,5.0,82.36504,79.64923,84.11896,78.54935,69.46222,73.24616,65.51336,69.31811,62.43397,67.95587,62.20129,63.41136,60.30755,56.85068,55.97321,55.22681,60.1415,56.58622,56.85068,50.32892,50.60632,49.0408,48.8774,50.47772,46.8615,47.43416,48.30114,51.42956,46.87217,49.1935,46.09772,47.88528,44.94441,47.20169,42.19005,46.04346,42.94182,46.2277,44.40721,44.65423,43.93177,43.13931,44.04543,40.31129,36.40055,36.35932,34.48188,34.0,36.68787,32.01562,31.32092,25.07987,31.57531,28.01785,30.26549,28.44293,26.68333,24.04163,26.07681,21.47091,23.85372,27.78489,29.52965,29.06888,30.46309,34.9285,32.75668,37.16181,38.48376,44.28318,47.42362,47.53946,44.72136,48.75449,49.76947,55.54278,59.16925,56.35601,60.37384,54.58938,55.9464,59.94164,60.83584,58.59181,61.46544,58.18075,62.6099,56.79789,63.56099,58.69412,61.03278,58.82176,57.24509,51.66237,58.54912,52.95281,57.42822,59.13544,55.08176,54.14795,53.46027,56.56854,58.5235,54.40588,61.98387,65.14599,61.98387,68.35203,69.77822,73.82412,71.11962,76.53757,76.92204,79.17702
14.03567,14.03567,13.0,14.03567,13.0384,12.04159,12.04159,12.16553,12.16553,11.18034,11.18034,10.44031,10.44031,10.19804,9.48683,9.48683,9.48683,8.94427,8.544,8.94427,8.94427,8.94427,8.94427,8.94427,8.94427,8.94427,8.06226,8.06226,8.94427,8.94427,7.61577,8.94427,7.61577,8.24621,8.544,8.24621,8.24621,7.07107,7.07107,8.06226,7.0,7.0,7.0,6.08276,6.08276,6.08276,5.38516,5.83095,5.83095,5.83095,5.83095,5.0,75.13322,80.30567,73.97973,73.5459,77.41447,76.1643,69.11584,67.26812,64.28063,64.28063,66.0303,62.0,61.0082,53.23533,56.0357,57.55867,55.3263,53.75872,52.95281,54.34151,51.1957,48.38388,48.8467,46.57252,47.12749,45.22168,45.88028,47.92703,40.49691,46.06517,47.01064,47.92703,46.8188,46.23851,46.48656,43.01163,42.95346,44.27189,44.38468,42.44997,46.52956,41.19466,42.04759,40.0,34.05877,36.05551,35.0571,36.34556,33.24154,31.04835,35.4683,32.57299,30.23243,27.20294,27.80288,28.3196,28.3196,22.47221,24.69818,23.25941,28.23119,26.0,28.17801,27.29469,35.51056,33.54102,35.22783,41.40048,39.66106,46.32494,47.41308,51.47815,48.8774,48.8774,49.24429,52.7731,55.9464,57.3062,56.79789,59.03389,59.05929,58.83026,61.77378,59.48109,64.40497,57.70615,63.28507,60.74537,60.20797,63.24555,61.22091,60.46487,57.48913,58.69412,58.72819,53.15073,60.1415,54.48853,61.85467,57.3062,59.16925,58.18075,65.39113,61.40033,61.39218,62.96825,65.11528,70.34202,69.35416,72.18033,74.95332,75.66373,72.18033,78.91768
14.21267,14.21267,13.45362,13.45362,13.45362,12.04159,12.04159,11.31371,11.31371,11.31371,11.40175,10.63015,10.63015,10.63015,10.0,10.0,9.43398,9.43398,9.43398,10.29563,9.43398,10.29563,8.94427,8.94427,9.43398,8.94427,9.43398,9.43398,9.43398,9.43398,8.60233,8.60233,8.60233,7.81025,7.81025,8.48528,8.48528,7.81025,7.81025,7.2111,7.2111,6.7082,7.61577,6.32456,6.32456,6.32456,6.08276,6.08276,5.0,5.0,5.0,5.09902,79.07591,74.63243,77.93587,76.2168,77.10383,68.00735,72.40166,68.24222,66.0303,60.44005,63.65532,63.12686,59.46427,60.10824,58.0,59.39697,50.93133,55.9017,48.27007,50.80354,49.40648,51.0392,49.39636,49.09175,47.50789,47.50789,49.1935,48.37355,48.8774,42.54409,46.51881,49.64877,44.41846,49.09175,42.94182,44.41846,43.01163,47.16991,44.77723,42.43819,41.6173,42.63801,40.60788,38.28838,44.94441,34.20526,37.20215,38.91015,33.10589,33.52611,31.30495,28.28427,31.06445,30.01666,33.0,25.17936,25.07987,24.16609,24.5153,24.04163,25.29822,25.96151,26.1725,28.07134,34.9285,37.05401,35.35534,38.07887,43.9659,44.14748,44.38468,49.0408,50.69517,53.36666,48.38388,57.56735,52.39275,56.51548,58.24946,61.40033,58.87274,62.96825,59.77458,57.24509,62.8172,60.72891,62.58594,62.0967,62.8172,60.01666,56.88585,66.37017,58.13777,58.03447,58.03447,55.03635,59.00847,58.21512,54.12947,57.70615,63.24555,56.0803,56.32051,59.48109,63.51378,66.7308,69.46222,68.42514,71.02112,70.17834,71.84706,79.07591,79.07591,82.37718
13.60147,12.80625,12.80625,11.40175,12.04159,11.40175,10.63015,11.40175,10.63015,9.89949,9.89949,9.89949,9.21954,8.60233,8.60233,9.21954,8.60233,8.60233,8.06226,8.06226,8.06226,8.06226,8.06226,7.61577,7.61577,8.06226,8.06226,8.06226,8.06226,8.60233,7.2111,7.2111,7.81025,7.2111,7.81025,7.81025,7.07107,7.07107,6.40312,5.83095,6.7082,6.7082,6.7082,6.32456,6.32456,6.08276,6.08276,5.0,5.0,5.0,5.09902,5.38516,77.07788,74.95332,79.20859,79.30952,78.49204,68.68042,67.17887,70.76722,67.20863,58.0,63.70243,61.6198,61.22091,55.80323,56.0803,56.30275,58.13777,52.47857,49.24429,53.7122,49.39636,49.76947,47.12749,47.16991,46.84015,45.60702,47.75982,45.88028,44.72136,46.84015,47.43416,47.07441,45.60702,44.64303,45.60702,41.4367,42.15448,43.32436,43.86342,42.72002,40.24922,43.909,39.66106,40.45986,36.87818,34.71311,40.45986,36.12478,30.01666,33.28663,29.06888,32.20248,28.79236,29.12044,26.92582,26.01922,24.02082,26.40076,20.61553,26.24881,27.45906,26.4764,27.89265,29.42788,30.08322,32.75668,37.48333,40.79216,41.0,49.09175,49.16299,43.73786,53.75872,53.60037,53.60037,52.46904,54.74486,59.43904,57.07013,63.15061,60.67125,62.16912,59.22837,58.24946,57.72348,61.81424,59.5399,58.21512,56.22277,62.1289,59.00847,61.07373,60.00833,59.0,57.07889,56.7186,57.97413,54.58938,54.81788,59.90826,57.27128,59.5063,57.3062,59.05929,64.07027,66.88797,68.88396,68.11755,68.76772,70.83784,76.48529,77.07788,76.38063,77.78175
12.08305,12.08305,12.08305,12.08305,11.18034,11.18034,10.29563,10.29563,10.29563,9.43398,9.43398,9.21954,8.60233,9.21954,8.48528,8.48528,8.48528,7.81025,7.81025,7.07107,7.81025,7.81025,7.81025,7.2111,7.2111,7.2111,7.2111,7.2111,7.2111,6.40312,7.07107,7.07107,7.07107,7.07107,7.07107,6.40312,6.40312,5.83095,5.83095,5.83095,5.38516,5.38516,5.09902,5.09902,5.0,5.0,5.0,5.09902,4.12311,4.12311,4.47214,3.60555,77.12976,80.32434,69.92138,69.89278,74.94665,69.57011,71.51224,72.8011,73.1642,61.84658,61.09828,60.83584,61.32699,58.18075,52.0,54.20332,54.12024,53.25411,54.3783,48.82622,47.80167,46.8615,46.75468,51.85557,46.69047,46.75468,46.69047,47.38143,46.66905,45.25483,46.69047,44.55334,43.13931,45.96738,42.44997,42.63801,44.04543,45.27693,42.43819,39.82462,40.0,40.81666,41.14608,36.71512,39.84972,35.1141,33.52611,35.17101,32.01562,32.01562,33.06055,29.01724,31.06445,33.24154,27.51363,30.08322,23.25941,26.87006,24.04163,25.4951,24.08319,27.58623,24.83948,28.6007,33.01515,35.0,37.73592,39.82462,40.60788,48.01042,48.60041,47.43416,46.8615,49.40648,59.03389,48.60041,58.79626,56.85068,65.19202,60.959,58.79626,63.12686,59.81639,61.07373,63.03174,63.25346,61.22091,60.20797,60.20797,64.14047,61.77378,61.29437,55.03635,58.18075,55.15433,62.29767,60.08328,60.40695,55.9017,56.7186,64.12488,54.03702,60.00833,63.28507,59.03389,69.58448,67.26812,65.49046,70.03571,73.08215,66.70832,73.76313,79.55501,76.65507
13.45362,12.80625,12.80625,12.04159,12.20656,11.40175,10.81665,11.6619,10.81665,11.18034,11.18034,10.29563,10.29563,9.84886,8.544,9.48683,9.48683,9.48683,9.21954,8.24621,8.24621,8.24621,8.24621,8.06226,9.21954,8.24621,8.06226,8.24621,8.06226,8.24621,8.06226,8.24621,8.24621,7.28011,7.61577,7.61577,7.61577,6.7082,6.7082,5.83095,6.40312,6.40312,6.40312,5.65685,5.65685,5.0,5.0,5.0,4.47214,4.47214,4.12311,4.0,77.10383,74.27651,77.10383,73.66139,75.82216,75.0733,67.35726,70.80254,65.80274,65.43699,64.03124,61.85467,61.03278,55.9017,60.20797,55.22681,52.47857,51.47815,58.18075,45.88028,52.81098,52.80152,50.01,46.32494,48.10405,43.17407,50.44799,51.15662,45.54119,48.27007,49.24429,49.0408,49.24429,47.38143,46.48656,43.9659,42.72002,42.37924,39.21734,45.69464,41.23106,39.82462,35.34119,41.14608,38.28838,39.82462,34.05877,31.89044,36.87818,32.44996,30.52868,29.68164,27.313,26.57066,27.29469,25.31798,27.07397,21.18962,25.63201,24.35159,29.83287,26.1725,29.06888,30.06659,33.95585,31.06445,33.06055,41.10961,42.0,44.40721,43.01163,46.04346,45.54119,54.00926,50.63596,55.14526,59.5399,53.46027,58.69412,57.70615,60.13319,60.20797,65.62012,60.20797,63.3877,61.40033,65.06919,58.42089,61.0,56.22277,58.00862,63.00794,58.07753,57.21888,55.9017,57.48913,57.97413,57.56735,53.48832,57.77543,58.59181,58.69412,59.5063,63.13478,65.60488,63.89053,66.70832,63.65532,69.29646,72.83543,68.62215,72.91776,82.75869,79.93122
12.36932,12.36932,12.36932,11.40175,11.40175,11.40175,10.77033,10.44031,9.84886,9.48683,9.48683,9.48683,8.94427,8.94427,8.94427,8.06226,7.81025,8.06226,8.60233,7.81025,7.81025,7.81025,7.81025,7.81025,7.81025,7.81025,7.81025,7.81025,7.81025,7.2111,7.2111,7.2111,7.2111,6.7082,6.7082,6.32456,6.32456,6.32456,6.32456,6.08276,6.08276,5.09902,6.0,5.0,5.09902,5.09902,4.47214,4.47214,4.47214,5.0,4.24264,4.24264,75.76939,78.1089,75.76939,73.1642,74.84651,63.56099,72.44998,66.30988,64.51356,64.41273,59.09315,56.82429,60.20797,59.9333,55.47071,53.00943,56.61272,54.03702,50.44799,51.22499,45.96738,53.15073,46.01087,46.75468,48.83646,47.01064,46.8615,43.18565,45.80393,47.20169,45.80393,41.04875,44.40721,44.20407,45.34314,42.63801,44.59821,44.55334,41.01219,40.31129,42.52058,35.60899,40.0,35.51056,33.10589,36.71512,34.0147,37.12142,29.61419,31.40064,30.06659,26.1725,27.07397,32.06244,27.29469,25.0,25.05993,25.0,22.80351,24.83948,25.4951,25.0,29.73214,28.42534,32.80244,38.60052,40.60788,40.49691,41.40048,43.26662,44.40721,44.65423,50.21952,50.60632,55.80323,53.00943,56.40035,59.03389,62.42596,65.29931,64.03124,60.44005,58.25805,62.28965,58.41233,66.61081,60.46487,63.00794,61.58734,63.28507,60.03332,62.6099,57.69749,60.00833,57.58472,56.64804,58.94065,57.72348,57.87055,54.91812,59.21149,57.07889,56.0803,61.13101,62.36986,65.62012,70.0928,72.53275,62.8172,64.84597,77.20104,73.4983,72.12489,82.0061
13.0384,13.0384,13.0384,12.04159,12.16553,11.04536,11.04536,11.18034,11.18034,10.19804,10.44031,9.48683,9.48683,9.48683,9.48683,8.544,8.544,8.544,8.94427,8.06226,8.06226,8.06226,8.06226,8.06226,8.06226,8.06226,8.06226,8.06226,8.06226,7.61577,7.61577,7.61577,7.28011,7.61577,7.28011,7.28011,7.07107,6.08276,6.08276,6.0,6.0,6.08276,6.08276,6.32456,5.38516,5.38516,5.38516,4.47214,5.0,5.65685,4.24264,4.47214,79.22752,80.89499,76.41989,72.44308,77.31753,70.21396,76.65507,70.85901,70.85901,62.80127,60.82763,63.78871,59.84146,60.63827,55.10898,56.30275,57.87055,53.75872,51.62364,51.62364,49.1935,49.24429,44.94441,48.30114,48.76474,47.41308,42.72002,51.61395,44.94441,45.80393,43.26662,46.87217,44.94441,43.909,44.10215,45.18849,42.94182,47.41308,42.15448,43.46263,38.62642,41.23106,38.60052,36.40055,37.33631,34.05877,34.05877,37.0,32.24903,33.54102,30.36445,30.36445,29.54657,29.54657,27.29469,28.6007,24.75884,25.4951,26.24881,24.04163,24.20744,26.1725,27.58623,29.0,32.80244,36.79674,37.64306,42.2019,41.10961,45.60702,46.09772,47.50789,48.10405,54.48853,55.17246,57.28001,56.58622,60.87693,63.65532,58.69412,59.46427,58.0,63.70243,61.52235,60.82763,61.6198,62.36986,56.63921,63.89053,57.80138,62.482,61.84658,56.0357,60.20797,59.5399,59.03389,58.87274,57.87055,57.56735,50.92151,62.36185,54.45181,60.67125,64.19502,58.13777,68.00735,70.00714,70.17834,70.06426,74.54529,76.23647,79.9062,77.92946,81.58431
13.0,13.41641,12.52996,12.08305,12.08305,11.6619,11.18034,11.18034,11.18034,10.29563,10.81665,10.81665,10.0,10.0,10.0,9.21954,9.21954,9.21954,7.81025,7.81025,7.81025,8.48528,8.48528,7.81025,8.48528,8.48528,8.48528,8.48528,7.81025,8.48528,7.81025,7.81025,7.2111,7.2111,8.06226,8.06226,7.61577,6.7082,6.7082,6.32456,7.28011,7.07107,6.08276,6.0,6.0,6.0,6.08276,6.08276,5.09902,5.38516,5.38516,4.47214,77.20104,83.18654,76.68768,77.10383,76.29548,73.34848,70.21396,67.89698,62.36185,67.68309,66.70832,64.84597,60.72891,59.48109,58.69412,58.87274,55.9017,50.08992,53.7122,54.12024,49.1935,51.47815,47.16991,48.37355,46.64762,46.61545,49.40648,49.0408,47.80167,48.9183,46.61545,47.80167,46.04346,45.80393,47.70744,43.56604,40.31129,38.60052,47.01064,39.35734,44.77723,40.80441,40.02499,37.10795,36.87818,40.31129,39.20459,31.01612,35.0,37.21559,35.90265,32.24903,32.01562,28.17801,26.92582,29.41088,25.0,21.9545,26.40076,24.04163,26.24881,27.45906,29.41088,34.0,35.51056,34.0,35.8469,39.11521,43.41659,45.79301,44.41846,47.16991,50.21952,52.43091,59.64059,52.80152,55.60576,55.44367,58.60034,59.20304,62.20129,59.20304,61.61169,62.80127,61.03278,59.16925,61.03278,61.03278,60.21628,58.24946,62.64982,59.94164,58.30952,60.83584,62.29767,56.30275,56.61272,53.45091,61.18823,54.91812,57.07889,55.08176,55.22681,62.00806,65.0,68.593,69.2315,66.48308,73.34848,75.95393,73.75636,78.33901,73.5459,82.20097
14.14214,13.15295,12.04159,12.16553,12.04159,11.04536,11.04536,11.0,11.0,10.0,10.0,10.0,10.04988,9.05539,9.05539,9.21954,9.21954,8.24621,8.24621,8.24621,8.24621,9.48683,8.24621,8.24621,8.24621,8.544,8.544,8.24621,7.28011,8.24621,8.24621,8.24621,7.28011,7.07107,7.07107,7.07107,7.0,7.0,6.08276,6.08276,6.08276,6.08276,6.32456,5.38516,5.38516,4.47214,5.0,4.24264,4.24264,5.0,4.47214,4.47214,75.96052,79.37884,73.92564,78.77182,78.74643,74.09453,66.76077,69.64194,66.4906,61.68468,65.45991,64.28841,59.90826,57.70615,58.30952,55.22681,57.55867,53.15073,50.08992,52.00961,52.03845,49.09175,45.17743,47.09565,46.01087,45.17743,44.28318,47.85394,43.10452,45.88028,45.88028,49.36598,45.70558,41.59327,48.6621,42.0119,46.01087,40.0125,40.31129,42.04759,44.0,41.04875,39.45884,34.71311,35.44009,31.32092,36.40055,33.61547,31.76476,32.20248,32.20248,29.0,27.58623,29.41088,29.41088,22.2036,26.24881,21.84033,22.2036,24.08319,24.73863,25.96151,27.65863,31.38471,33.24154,34.17601,37.94733,41.59327,43.86342,46.61545,49.24429,48.38388,53.31041,47.43416,56.64804,56.921,58.46366,56.29387,63.60031,60.16644,63.60031,60.08328,65.45991,57.28001,60.08328,61.98387,62.29767,60.16644,58.5235,59.46427,62.16912,56.0803,60.00833,58.24946,58.25805,56.0357,56.58622,54.45181,55.9017,62.93648,59.4138,57.80138,66.21933,57.45433,62.43397,62.26556,64.41273,65.79514,71.51224,73.68175,71.30919,75.61085,77.83315,78.54935
13.45362,13.45362,13.45362,13.45362,12.72792,12.04159,12.04159,11.31371,11.31371,10.63015,10.63015,10.63015,10.81665,10.0,10.0,9.43398,9.43398,9.43398,9.43398,9.43398,8.94427,8.94427,8.06226,8.94427,8.94427,8.94427,8.94427,8.94427,8.94427,8.06226,8.06226,8.94427,8.06226,8.06226,8.60233,7.81025,7.81025,7.07107,7.07107,7.07107,6.40312,6.40312,7.2111,6.7082,5.83095,6.32456,6.32456,6.32456,5.09902,5.09902,5.0,5.09902,79.51101,80.60397,81.8352,76.05919,71.58911,75.9276,72.24957,70.72482,66.52819,63.65532,62.96825,62.24147,61.7171,59.66574,57.00877,55.21775,56.0357,53.53504,53.25411,50.11986,53.23533,43.909,51.88449,49.64877,52.35456,46.51881,44.77723,48.10405,50.69517,44.27189,46.09772,45.69464,45.69464,42.54409,40.16217,44.29447,46.52956,45.48626,45.79301,38.27532,43.82921,42.2019,41.23106,39.82462,38.8973,37.53665,41.40048,36.61967,34.88553,31.38471,32.57299,30.80584,30.41381,31.257,30.06659,25.0,25.07987,20.12461,19.31321,23.76973,25.70992,26.0,26.1725,28.63564,33.13608,34.0147,34.0,39.20459,43.18565,45.01111,51.08816,48.25971,45.54119,54.33231,50.01,57.42822,57.70615,58.69412,54.57105,57.70615,61.98387,64.62971,59.4138,61.61169,59.03389,56.7186,66.27217,59.21149,65.49046,60.40695,57.07889,57.42822,56.0803,55.0,56.56854,56.7186,56.51548,52.7731,54.81788,56.32051,53.31041,55.54278,64.07808,59.68249,61.58734,69.40461,69.63476,68.88396,70.00714,68.24954,71.06335,79.51101,78.74643,82.0061
13.0,11.7047,12.64911,11.7047,10.77033,10.44031,10.77033,10.44031,10.44031,9.48683,9.21954,9.21954,9.21954,9.05539,9.05539,9.05539,8.0,8.0,8.0,8.0,8.0,8.0,8.0,8.06226,8.06226,8.06226,7.07107,8.06226,7.07107,8.0,7.0,7.0,7.0,7.07107,7.07107,7.07107,6.08276,6.32456,5.38516,5.83095,5.38516,5.38516,5.83095,5.0,4.24264,4.24264,5.0,4.47214,4.47214,4.47214,4.12311,4.12311,77.25283,74.33034,74.67262,78.16009,78.1089,68.15424,72.11103,68.30813,63.24555,64.53681,63.34824,63.78871,60.82763,59.5399,55.7315,55.9017,59.4138,52.46904,53.08484,51.0392,45.09989,49.25444,49.0102,47.01064,48.01042,47.09565,47.16991,48.50773,48.16638,45.60702,42.42641,45.89118,42.57934,50.15974,39.62323,43.01163,44.04543,44.18144,43.01163,43.01163,42.0119,44.14748,37.16181,37.69615,37.94733,34.53983,34.53983,29.52965,33.61547,31.89044,27.65863,29.06888,28.42534,27.65863,27.01851,25.05993,25.4951,24.04163,20.12461,23.4094,25.63201,29.06888,26.62705,29.06888,34.48188,35.35534,40.70626,38.94868,42.94182,44.72136,49.76947,47.92703,47.85394,52.83938,54.58938,57.80138,55.9464,61.32699,60.83584,60.92618,60.16644,63.90618,62.24147,61.46544,63.07139,65.39113,61.7414,59.03389,62.16912,61.7171,59.61543,59.68249,56.93856,56.85948,58.25805,55.80323,58.89822,55.97321,56.72742,57.62812,54.67175,57.42822,56.60389,56.82429,63.06346,62.03225,67.1193,65.0,69.92138,73.00685,80.65358,77.25283,76.53757,76.53757
12.20656,12.80625,12.04159,12.20656,11.40175,11.40175,10.63015,9.89949,9.89949,9.21954,9.89949,9.21954,9.21954,9.21954,9.21954,8.60233,8.60233,8.06226,8.06226,8.06226,8.06226,8.06226,8.06226,7.61577,7.61577,7.61577,7.61577,7.2111,7.61577,6.7082,6.7082,6.7082,7.2111,6.7082,6.40312,6.40312,6.40312,5.65685,6.40312,6.40312,5.83095,5.83095,5.83095,5.38516,4.47214,4.12311,5.09902,5.09902,4.0,5.09902,4.12311,4.12311,81.27115,73.08215,81.59657,73.1642,73.40981,68.70953,68.94926,74.09453,64.62198,67.08204,63.97656,55.9464,60.82763,58.5235,53.85165,56.60389,55.21775,54.40588,55.60576,48.82622,48.9183,42.44997,46.01087,48.79549,46.75468,49.51767,46.14109,49.0408,43.41659,47.43416,41.23106,47.63402,45.27693,44.55334,42.80187,40.36087,43.27817,44.20407,41.72529,41.7732,38.60052,39.66106,39.69887,40.81666,38.01316,34.43835,37.64306,36.05551,31.40064,30.26549,30.41381,28.28427,29.06888,30.26549,26.68333,27.20294,27.51363,20.0,24.08319,26.24881,27.80288,26.62705,28.30194,30.0,34.43835,35.22783,39.44617,38.01316,42.05948,43.41659,48.37355,49.73932,49.81967,53.41348,53.33854,55.56978,58.24946,56.61272,60.74537,56.85948,63.60031,63.25346,63.00794,64.3506,66.57327,58.5235,65.51336,60.03332,61.91123,61.77378,59.5399,56.85948,61.46544,52.55473,59.20304,57.00877,61.39218,56.75385,53.75872,59.21149,57.00877,65.06919,61.52235,62.514,62.8172,68.24954,62.8172,69.857,68.35203,76.24303,71.86793,75.69016,83.81527,79.30952
13.60147,13.60147,13.60147,13.60147,12.80625,12.04159,12.04159,12.04159,11.31371,11.31371,11.31371,10.63015,10.63015,10.0,10.0,10.0,9.43398,9.43398,9.43398,9.43398,9.43398,9.43398,9.43398,8.94427,8.94427,8.94427,8.94427,8.94427,8.94427,8.06226,8.60233,8.60233,8.60233,8.60233,8.60233,8.60233,7.81025,7.81025,7.07107,7.2111,6.40312,7.2111,7.2111,6.7082,6.32456,5.38516,6.32456,5.09902,5.09902,5.09902,5.0,5.0,78.23043,81.49233,82.92768,73.57309,72.56032,71.86793,69.63476,72.40166,62.96825,68.50547,62.482,62.80127,60.44005,58.41233,57.31492,55.86591,58.69412,59.5483,54.45181,50.9902,51.08816,48.16638,49.20366,52.20153,47.63402,46.04346,46.04346,52.35456,49.0408,43.41659,44.72136,47.50789,45.27693,48.02083,43.56604,45.0,47.70744,49.0408,46.87217,39.62323,38.94868,41.10961,40.80441,41.03657,43.04649,34.98571,34.1321,34.88553,34.53983,32.69557,31.7805,28.86174,31.257,29.01724,26.07681,29.06888,24.35159,23.85372,25.07987,21.93171,23.76973,25.29822,27.29469,32.28002,33.24154,36.40055,35.90265,37.16181,42.72002,41.10961,45.54119,47.53946,46.61545,52.88667,47.53946,55.02727,56.0803,56.0803,58.30952,53.85165,57.38467,64.40497,65.19202,61.84658,61.46544,58.30952,63.24555,58.18935,62.96825,58.94065,58.94065,60.87693,52.17279,56.7186,60.40695,54.23099,58.21512,55.00909,56.32051,55.44367,57.55867,54.81788,63.90618,60.16644,61.46544,67.23095,61.03278,70.5762,71.19691,71.11962,67.42403,76.02631,79.17702,79.07591
13.0384,13.0384,12.04159,12.04159,12.0,11.0,11.0,11.0,10.04988,9.05539,10.04988,10.04988,9.05539,9.21954,9.21954,9.21954,8.544,8.544,8.544,8.544,8.544,8.544,7.61577,8.94427,7.61577,8.06226,8.544,7.61577,7.61577,7.61577,7.28011,7.28011,7.28011,6.32456,7.28011,7.28011,7.07107,7.0,6.0,6.0,6.0,6.08276,5.09902,5.09902,5.09902,4.47214,4.47214,4.47214,4.24264,4.24264,3.60555,3.60555,75.43209,78.58753,79.71198,76.65507,74.94665,75.9276,66.94027,68.68042,64.7611,61.84658,66.09841,60.41523,63.56099,55.9017,61.66036,59.84146,59.4138,52.03845,51.0392,48.01042,53.15073,49.0102,46.38965,47.26521,45.27693,45.39824,46.38965,47.38143,47.09565,51.62364,46.27094,52.03845,45.27693,47.04253,45.09989,40.04997,42.0,40.0125,47.26521,43.01163,42.75512,40.02499,38.8973,37.36308,38.07887,35.8469,37.12142,31.38471,33.01515,30.4795,27.65863,29.69848,25.0,30.61046,24.59675,25.63201,25.31798,22.80351,22.84732,22.82542,27.80288,28.6531,26.62705,28.84441,30.4795,36.23534,36.05551,41.18252,39.82462,44.94441,46.64762,48.54894,51.31277,54.6443,53.25411,56.0357,58.18075,59.16925,61.05735,64.00781,59.5063,60.82763,66.18912,61.26989,63.52952,60.90156,62.68174,60.74537,64.07027,62.96825,61.29437,59.36329,60.0,56.0803,55.31727,55.22681,59.4138,55.9017,57.2014,59.20304,56.30275,59.05929,61.29437,65.29931,64.4748,66.7308,65.9242,68.62215,72.12489,74.2159,75.0,70.61161,77.87811,75.0
13.41641,12.52996,11.6619,12.08305,11.18034,11.6619,11.6619,10.81665,10.81665,10.0,10.63015,10.0,9.21954,9.21954,9.21954,9.21954,9.89949,9.21954,8.48528,8.48528,7.81025,7.81025,9.21954,8.60233,7.81025,8.60233,7.81025,8.48528,7.81025,7.81025,7.07107,7.07107,7.07107,7.07107,7.81025,7.81025,7.2111,6.40312,6.7082,6.7082,6.32456,5.38516,5.38516,5.09902,5.09902,5.09902,5.0,5.09902,4.12311,4.12311,4.47214,3.60555,77.00649,75.10659,77.23341,77.02597,78.16009,72.11103,70.06426,71.11259,64.19502,69.35416,62.39391,58.54912,62.1289,54.91812,58.24946,56.32051,51.92302,54.08327,53.75872,50.32892,54.08327,50.15974,48.33218,47.16991,43.86342,49.39636,43.909,44.72136,43.56604,47.43416,48.37355,51.0,40.70626,42.05948,47.88528,39.21734,42.04759,40.49691,43.68066,45.54119,43.01163,42.72002,39.81206,39.05125,35.0571,36.05551,36.0,36.05551,34.52535,34.78505,32.69557,30.88689,26.83282,27.78489,26.07681,25.80698,25.4951,23.32381,25.80698,25.23886,27.20294,24.83948,30.4795,29.41088,31.82766,37.20215,35.35534,40.36087,39.69887,44.04543,43.18565,50.20956,48.9183,51.40039,52.49762,52.63079,55.80323,59.03389,60.60528,62.00806,57.80138,60.21628,63.60031,65.29931,67.20119,59.20304,63.78087,57.31492,56.58622,55.22681,55.86591,53.03772,60.87693,55.60576,56.61272,54.08327,59.16925,58.30952,53.7122,59.9333,56.921,59.20304,55.7315,57.27128,62.514,63.95311,63.50591,66.06815,74.00676,76.05919,70.02857,76.0,78.00641,71.02816
13.60147,13.60147,13.92839,12.64911,12.64911,12.64911,11.7047,10.77033,11.18034,11.18034,11.18034,10.29563,10.29563,10.81665,9.43398,9.43398,10.0,9.43398,9.21954,10.0,8.60233,9.21954,9.21954,9.21954,9.21954,9.21954,9.21954,8.60233,8.60233,8.60233,8.60233,8.60233,8.60233,8.06226,8.06226,8.06226,7.61577,7.61577,7.28011,7.28011,7.07107,6.08276,7.07107,6.08276,6.0,6.0,5.09902,5.09902,5.09902,5.38516,4.47214,4.47214,84.17244,80.80842,79.55501,71.30919,76.40026,72.12489,73.97973,71.16881,67.44627,66.48308,61.68468,63.90618,60.08328,60.53924,56.35601,54.12024,59.05929,55.75841,48.02083,51.88449,49.39636,51.62364,50.80354,50.21952,51.10773,48.25971,45.0,47.01064,52.80152,48.16638,46.2277,46.61545,49.20366,46.09772,46.40043,45.48626,46.64762,48.01042,46.95743,40.31129,45.31004,41.23106,40.49691,38.32754,39.45884,37.33631,35.01428,34.0147,34.23449,32.01562,31.257,29.83287,28.63564,27.85678,28.6531,28.6531,25.0,23.32381,20.24846,25.07987,26.62705,30.08322,28.79236,32.24903,37.58989,34.43835,36.24914,41.59327,44.28318,44.72136,48.37355,52.83938,51.97115,54.58938,51.10773,61.29437,54.91812,59.16925,60.0,59.36329,59.5399,60.74537,60.20797,61.58734,62.76942,60.90156,63.63175,60.03332,61.58734,61.7171,63.06346,59.5063,59.48109,56.921,56.64804,59.20304,52.7731,59.66574,55.57877,54.03702,59.07622,52.0,61.66036,57.14018,59.68249,69.72087,68.88396,66.76077,74.2159,70.5195,69.26038,78.84795,79.30952,76.92204
14.14214,13.45362,12.80625,12.72792,12.04159,12.04159,12.04159,11.40175,10.63015,10.81665,10.81665,10.81665,9.43398,9.43398,9.43398,9.43398,9.43398,8.94427,8.94427,8.94427,8.94427,8.94427,8.544,8.544,8.544,8.544,8.94427,8.94427,8.06226,8.94427,7.61577,8.06226,8.06226,7.2111,7.81025,7.81025,7.81025,7.07107,7.07107,5.65685,5.83095,5.83095,5.83095,5.38516,5.38516,5.09902,5.09902,4.12311,5.0,4.0,4.0,4.12311,78.49204,72.67049,77.69813,78.40918,71.28113,78.81624,72.56032,68.41053,61.05735,66.28725,64.66065,58.66856,66.24198,55.00909,54.56189,54.58938,54.626,54.23099,48.33218,49.98,55.71355,44.38468,43.93177,47.29693,46.48656,50.80354,46.84015,47.07441,45.70558,49.47727,48.76474,47.80167,42.2019,47.51842,45.88028,43.65776,44.92215,46.48656,39.21734,40.70626,45.65085,40.31129,34.88553,35.22783,37.44329,36.06938,36.06938,33.24154,31.06445,31.38471,29.54657,28.17801,26.40076,23.76973,22.80351,26.1725,26.01922,21.09502,23.5372,24.33105,25.07987,25.4951,27.07397,26.4764,34.20526,37.85499,33.95585,35.90265,41.59327,40.79216,44.91102,47.51842,48.37355,51.97115,54.74486,56.08921,55.14526,59.03389,58.30952,55.00909,56.56854,58.21512,57.31492,58.13777,63.28507,57.21888,61.52235,57.42822,63.3877,59.4138,56.88585,54.12947,57.72348,53.16014,56.32051,53.75872,54.12947,55.9464,50.24938,53.25411,52.20153,54.20332,53.15073,52.34501,58.25805,62.36986,63.51378,65.21503,70.21396,72.42237,68.41053,69.89278,72.11103,74.33034
14.21267,13.45362,14.21267,13.45362,13.45362,12.80625,12.80625,12.20656,12.20656,12.20656,12.20656,10.81665,11.6619,10.29563,10.29563,9.84886,9.84886,9.84886,9.48683,9.48683,9.84886,9.48683,8.544,9.48683,9.21954,8.544,9.21954,9.48683,9.48683,8.544,8.544,9.48683,8.94427,8.544,7.61577,8.06226,8.06226,8.06226,7.2111,7.81025,7.07107,6.40312,7.07107,6.40312,6.40312,5.83095,5.83095,6.7082,6.32456,5.38516,5.09902,5.09902,82.66196,81.84131,83.81527,77.02597,69.97142,74.43118,69.33974,69.11584,65.19202,70.83078,64.41273,62.6099,62.96825,59.09315,58.30952,58.5235,57.00877,51.92302,49.98,55.57877,53.33854,48.50773,50.63596,50.15974,50.9902,49.36598,48.16638,50.63596,48.16638,46.27094,46.04346,49.0,48.01042,46.17359,41.04875,45.04442,48.05206,43.41659,47.07441,42.29657,41.59327,41.23106,40.80441,38.01316,38.91015,36.76955,37.58989,38.83298,33.61547,35.60899,32.55764,29.69848,28.3196,32.01562,31.38471,21.18962,25.07987,21.37756,21.58703,25.01999,27.45906,28.28427,28.16026,29.27456,32.14032,36.05551,37.05401,40.0,45.09989,48.0,46.01087,56.00893,52.03845,58.00862,52.23983,59.07622,53.15073,60.20797,60.07495,59.4138,63.50591,61.81424,61.03278,59.07622,64.00781,62.00806,66.0303,58.00862,61.13101,61.13101,58.03447,57.31492,60.82763,57.87055,57.72348,55.08176,57.00877,56.30275,56.0803,54.08327,60.74537,61.7171,59.81639,60.959,60.10824,64.38167,70.76722,70.29225,70.60453,75.60423,71.61006,75.45197,73.81734,75.71658
15.0333,14.03567,14.0,14.0,14.0,13.0,12.04159,12.04159,12.0,11.04536,11.04536,11.04536,11.18034,10.19804,10.19804,10.19804,10.44031,10.44031,10.44031,10.44031,9.48683,9.48683,9.48683,9.84886,9.48683,9.48683,8.94427,9.84886,8.544,8.544,8.544,8.544,8.544,8.544,8.06226,8.06226,8.06226,8.06226,8.06226,7.0,7.07107,7.0,7.07107,6.08276,6.08276,6.32456,5.83095,5.38516,5.83095,5.0,5.0,4.24264,37.21559,37.21559,39.20459,36.34556,37.21559,35.22783,34.05877,35.22783,33.13608,33.13608,31.06445,30.01666,31.0,27.01851,27.01851,27.16616,28.16026,27.45906,28.28427,22.36068,26.68333,22.56103,25.29822,23.08679,23.76973,23.76973,22.56103,25.0,23.76973,23.76973,23.08679,21.84033,20.24846,23.76973,21.18962,21.58703,21.18962,22.80351,21.37756,21.09502,20.0,20.09975,21.0,19.10497,20.09975,16.27882,16.27882,18.24829,15.52417,14.86607,15.65248,13.89244,13.0384,13.45362,14.14214,12.52996,12.80625,10.77033,10.77033,12.20656,11.40175,13.0384,11.6619,15.26434,15.81139,18.02776,17.20465,20.80865,19.23538,22.02272,23.02173,23.85372,20.12461,26.41969,25.80698,25.80698,27.29469,29.15476,26.92582,29.68164,31.30495,29.96665,27.73085,30.01666,29.15476,28.30194,28.30194,27.29469,28.30194,28.42534,27.65863,27.65863,28.42534,25.80698,28.28427,27.58623,28.3196,27.80288,25.0,26.07681,26.40076,26.40076,25.07987,26.92582,27.89265,32.75668,33.24154,28.28427,35.1141,33.73426,32.38827,34.71311,37.48333,38.11824
13.92839,13.92839,12.64911,12.64911,12.64911,12.64911,11.7047,11.40175,11.40175,11.18034,11.40175,10.44031,10.19804,10.04988,10.04988,10.04988,10.04988,9.05539,9.0,9.0,9.0,9.0,9.0,9.05539,9.0,9.0,9.0,8.0,9.0,9.0,8.0,8.0,8.0,8.0,8.06226,8.06226,7.28011,7.28011,7.28011,6.32456,6.7082,6.7082,5.83095,5.83095,5.0,5.65685,5.65685,5.0,5.0,4.47214,4.47214,4.12311,79.75588,78.72103,78.79086,74.70609,75.591,73.82412,67.41662,73.82412,68.54196,61.7171,67.53518,63.32456,64.40497,57.93962,57.24509,52.17279,56.51548,52.61179,54.74486,51.1957,51.66237,50.48762,51.08816,49.25444,45.0,49.25444,45.04442,45.04442,45.0,46.01087,46.0,52.08647,45.04442,45.04442,45.39824,45.04442,44.10215,44.40721,42.0119,41.23106,41.23106,43.17407,41.76123,39.56008,41.67733,35.34119,36.71512,37.21559,30.23243,31.14482,27.58623,29.20616,30.4795,29.96665,26.40076,27.51363,26.4764,22.02272,25.0,21.37756,29.01724,25.31798,28.16026,29.06888,32.98485,35.22783,34.9285,39.84972,41.30375,45.12206,49.49747,48.6621,49.81967,52.15362,50.48762,54.12947,52.61179,58.54912,58.0517,62.0967,57.70615,57.55867,60.40695,58.54912,64.38167,59.5399,60.82763,59.68249,64.03124,52.39275,60.72891,61.03278,60.40695,56.0803,57.00877,56.35601,57.14018,56.60389,55.75841,56.72742,50.9902,61.55485,59.66574,60.30755,61.61169,69.89278,66.0303,68.09552,67.1193,72.42237,68.7968,74.24284,76.05919,81.41253
14.56022,13.34166,13.60147,13.34166,12.36932,12.64911,12.64911,11.7047,11.7047,10.77033,10.77033,11.18034,9.84886,9.84886,9.84886,10.29563,9.43398,9.43398,9.43398,9.43398,8.60233,9.43398,8.60233,8.60233,8.60233,9.21954,8.60233,8.60233,8.60233,8.60233,8.06226,8.06226,8.06226,8.06226,8.06226,7.61577,7.61577,7.28011,7.28011,7.07107,7.07107,7.07107,6.08276,7.0,6.08276,6.08276,6.08276,6.32456,6.32456,5.83095,5.83095,5.0,80.95678,78.33901,80.52329,79.40403,76.65507,78.33901,72.8011,76.40026,70.5195,69.12308,68.30813,66.12866,63.32456,53.75872,61.84658,60.53924,55.00909,52.83938,50.77401,53.85165,52.43091,53.85165,49.51767,42.63801,51.22499,46.40043,51.0392,46.61545,45.80393,48.16638,48.10405,44.04543,43.13931,45.0,41.86884,45.0,42.43819,39.96248,43.04649,46.14109,44.77723,43.46263,43.01163,40.31129,39.56008,38.83298,37.48333,35.0571,33.01515,34.0,34.23449,27.45906,27.65863,29.73214,32.69557,27.29469,27.73085,21.26029,22.2036,25.6125,22.80351,27.29469,27.78489,31.38471,29.52965,36.35932,35.51056,43.41659,40.70626,44.94441,46.87217,51.61395,47.43416,53.25411,53.00943,57.68882,58.82176,57.2014,57.14018,57.42822,62.42596,60.60528,57.62812,61.61169,64.66065,63.00794,63.41136,57.98276,62.62587,59.90826,61.91123,54.56189,60.82763,55.15433,59.46427,61.03278,57.56735,53.85165,58.0517,56.0803,51.0098,57.0,67.47592,61.03278,61.40033,64.38167,66.91039,64.13267,72.27724,74.95332,75.18643,78.58753,78.16009,74.33034
14.86607,14.21267,14.21267,14.14214,14.21267,12.80625,12.80625,12.20656,12.20656,12.20656,11.40175,11.6619,11.6619,10.81665,10.29563,10.29563,10.29563,9.43398,9.84886,9.84886,9.84886,9.84886,9.48683,9.84886,8.94427,8.94427,9.84886,8.94427,8.94427,8.94427,8.94427,8.94427,8.94427,8.06226,8.06226,8.60233,7.81025,8.48528,7.81025,7.81025,7.07107,6.40312,7.2111,7.2111,6.7082,6.32456,6.32456,6.08276,5.09902,6.0,5.0,5.0,80.80842,75.16648,78.00641,75.43209,75.0,70.0,72.18033,66.61081,64.2028,66.28725,62.1289,63.51378,56.60389,53.85165,53.7122,56.35601,54.12947,51.89412,52.92447,49.33559,48.38388,51.92302,47.80167,50.28916,46.48656,47.75982,48.50773,46.69047,45.12206,43.93177,44.14748,47.80167,41.48494,43.93177,42.75512,44.64303,41.78516,43.32436,43.9659,41.23106,42.95346,39.56008,40.81666,34.98571,39.20459,37.20215,35.4683,34.65545,34.65545,28.6007,30.80584,27.73085,32.69557,29.12044,26.92582,24.73863,24.02082,20.02498,24.18677,21.0238,26.01922,23.02173,27.01851,30.01666,33.01515,34.36568,37.0,37.05401,42.10701,44.40721,46.01087,48.01042,47.0,50.08992,49.09175,52.0,54.03702,51.0098,58.0,54.08327,61.07373,57.31492,61.0082,61.07373,61.13101,59.03389,59.03389,54.14795,60.00833,58.07753,54.08327,56.7186,52.7731,56.04463,54.81788,58.24088,55.65968,52.39275,49.24429,53.53504,53.53504,53.60037,50.0,58.0,60.87693,66.46804,65.06919,64.44377,69.63476,73.60027,67.20119,77.00649,74.33034,75.9276
14.86607,14.21267,14.21267,13.45362,13.45362,12.80625,12.20656,11.6619,12.20656,11.40175,10.81665,10.81665,10.29563,10.29563,10.29563,10.29563,9.84886,9.84886,9.84886,9.48683,9.48683,9.48683,9.48683,9.48683,8.94427,9.48683,8.544,8.544,8.544,8.94427,8.94427,8.94427,8.06226,8.06226,8.06226,8.06226,8.60233,7.81025,7.07107,7.07107,7.81025,6.40312,6.40312,6.7082,6.7082,5.83095,5.38516,6.32456,5.09902,5.09902,5.0,5.0,74.51845,79.30952,75.60423,80.80223,75.60423,74.02702,73.66139,69.02898,68.76772,69.06519,65.21503,66.03787,60.53924,61.40033,63.81222,57.14018,56.35601,57.69749,52.80152,54.56189,50.32892,50.69517,49.39636,52.55473,48.38388,50.92151,52.17279,45.22168,47.01064,45.35416,45.12206,47.43416,42.54409,43.01163,47.12749,44.01136,49.76947,42.48529,45.61798,43.38202,41.62932,39.66106,40.0,40.36087,36.23534,38.20995,34.65545,37.20215,29.73214,29.54657,29.15476,29.06888,30.36445,25.01999,31.257,28.16026,23.02173,22.02272,25.01999,26.07681,23.0,25.17936,28.63564,29.83287,30.26549,34.23449,39.81206,41.4367,44.40721,46.09772,50.24938,44.72136,51.15662,49.64877,54.23099,55.14526,57.03508,60.07495,61.0082,63.00794,63.0,60.07495,59.0,58.07753,60.03332,65.06919,60.40695,57.14018,61.13101,62.20129,58.69412,53.93515,59.66574,58.94065,53.16014,55.97321,57.56735,55.03635,59.5063,55.75841,55.56978,56.22277,59.5483,62.93648,62.93648,62.2254,65.19202,66.6033,70.60453,72.62231,72.67049,77.80103,74.51845,78.24321
13.15295,12.16553,12.04159,12.04159,12.16553,11.18034,11.04536,10.04988,10.04988,10.0,10.0,10.0,9.05539,9.05539,9.0,9.05539,9.05539,8.06226,8.24621,8.24621,8.24621,8.24621,8.24621,7.28011,7.28011,7.28011,8.24621,7.28011,7.07107,7.07107,7.07107,7.07107,7.07107,7.07107,7.0,7.0,7.0,6.08276,6.08276,6.08276,6.32456,6.32456,5.38516,5.83095,5.0,5.0,5.65685,5.0,5.0,5.0,4.47214,4.47214,78.64477,80.04998,80.89499,77.46612,73.00685,70.34202,77.46612,68.15424,64.93843,68.44706,61.66036,59.68249,59.13544,57.55867,58.30952,51.0,55.08176,54.00926,50.0,52.00961,54.08327,50.15974,49.24429,46.69047,47.67599,46.87217,46.38965,47.53946,47.53946,49.24429,47.67599,46.09772,45.27693,45.89118,40.11234,44.18144,41.30375,44.04543,39.31921,39.05125,39.45884,43.93177,41.4367,36.40055,36.87818,39.92493,35.34119,37.16181,30.4795,28.42534,31.241,30.41381,24.75884,26.40076,25.55386,25.07987,25.63201,22.47221,26.83282,25.80698,27.78489,25.80698,27.45906,30.80584,32.55764,37.01351,39.05125,41.6173,43.01163,44.10215,44.65423,51.0392,54.3783,55.22681,54.20332,55.80323,57.3062,58.30952,60.90156,59.03389,63.28507,63.81222,61.03278,63.13478,66.37017,62.43397,63.51378,59.68249,62.43397,63.24555,60.21628,61.03278,55.75841,60.20797,61.52235,56.63921,58.41233,56.22277,61.03278,59.64059,59.48109,56.82429,59.5063,59.23681,64.19502,61.68468,67.44627,70.61161,68.41053,70.40597,76.40026,81.58431,81.3941,80.80842
14.14214,14.14214,12.72792,12.72792,12.04159,12.04159,12.04159,12.04159,11.40175,10.0,10.81665,10.81665,9.43398,9.43398,9.43398,9.43398,8.94427,8.94427,8.544,8.544,8.544,8.544,8.544,8.24621,8.24621,8.544,8.544,8.24621,8.544,7.61577,7.61577,7.61577,7.61577,7.61577,8.06226,7.2111,7.2111,6.40312,7.07107,7.07107,6.40312,6.40312,5.83095,5.83095,5.83095,5.38516,5.38516,5.09902,5.09902,5.09902,5.0,5.0,71.8401,75.9276,77.46612,74.88658,76.57676,75.43209,72.62231,67.26812,68.24954,65.43699,65.11528,58.69412,58.0517,57.98276,55.86591,59.66574,53.2635,51.22499,45.60702,50.21952,48.25971,50.47772,46.14109,47.01064,43.56604,47.16991,46.06517,49.64877,47.01064,49.24429,46.14109,45.48626,42.48529,39.0,45.22168,42.05948,40.81666,41.59327,39.66106,38.01316,40.60788,39.62323,37.48333,36.79674,30.4795,36.79674,35.8469,36.23534,35.4683,32.01562,29.12044,27.65863,27.16616,25.17936,29.15476,25.01999,26.30589,19.92486,22.80351,23.76973,26.30589,29.41088,27.29469,31.14482,34.1321,34.36568,38.01316,40.60788,45.27693,40.11234,45.27693,43.56604,48.83646,50.63596,49.81967,52.46904,53.15073,56.75385,55.9017,59.90826,57.31492,57.07013,59.43904,58.85576,59.22837,61.98387,63.78871,60.82763,58.54912,56.0803,55.03635,57.21888,56.00893,54.03702,60.07495,55.08176,54.91812,49.16299,55.22681,55.36244,56.32051,59.80803,54.12947,59.5063,63.51378,62.68174,63.24555,64.53681,70.83078,73.40981,75.21303,73.75636,78.74643,76.6094
13.92839,13.92839,13.0,13.92839,13.0,12.08305,12.08305,12.08305,12.52996,10.29563,11.18034,10.81665,10.81665,9.43398,9.43398,10.0,10.0,9.21954,9.21954,9.21954,8.48528,8.48528,8.48528,8.48528,8.48528,8.48528,8.48528,7.81025,7.81025,8.48528,7.81025,7.81025,7.81025,7.81025,8.60233,8.60233,8.06226,6.7082,6.7082,6.7082,7.28011,7.28011,6.08276,6.08276,6.08276,6.08276,6.0,6.08276,5.09902,5.09902,5.38516,5.38516,77.66595,75.43209,74.33034,81.25269,77.27872,76.90254,71.80529,68.44706,67.91171,65.30697,63.78871,66.48308,59.77458,55.54278,63.06346,56.64804,53.48832,55.9017,51.47815,54.12024,50.24938,51.0,55.21775,40.81666,38.48376,43.82921,46.61545,46.09772,44.68781,44.82187,45.22168,44.20407,44.20407,46.8615,43.82921,45.22168,39.96248,42.19005,43.82921,42.05948,47.41308,41.10961,36.87818,39.29377,38.32754,36.87818,35.51056,35.0571,34.23449,30.26549,36.22154,32.28002,31.62278,30.08322,24.69818,28.6531,27.45906,23.34524,22.67157,22.62742,28.6007,26.90725,29.73214,31.40064,29.83287,34.20526,40.36087,40.45986,42.63801,47.43416,44.20407,47.01064,47.50789,54.40588,51.73973,55.44367,56.0803,55.97321,57.48913,64.53681,58.25805,61.7171,62.68174,58.89822,62.24147,61.40033,61.61169,58.82176,61.84658,56.61272,57.00877,60.46487,58.83026,59.03389,56.85948,55.71355,57.48913,52.49762,58.85576,58.24946,58.42089,59.4138,61.20457,64.07027,62.00806,63.07139,68.06614,67.26812,71.19691,74.33034,73.5459,73.08215,73.00685,77.88453
13.15295,14.14214,12.04159,13.0384,12.04159,12.04159,11.0,11.0,11.0,10.0,11.0,11.04536,10.04988,10.04988,10.04988,9.21954,9.21954,8.24621,9.21954,8.24621,8.24621,8.24621,8.544,8.544,8.24621,8.544,8.544,8.24621,8.24621,7.28011,8.06226,7.28011,7.07107,7.07107,7.07107,7.0,7.0,7.0,7.07107,6.08276,6.08276,6.08276,6.32456,5.38516,5.38516,4.47214,5.0,4.24264,4.24264,4.47214,3.60555,3.60555,77.62087,81.939,72.8011,75.27284,80.65358,70.5762,71.16881,68.00735,69.64194,63.89053,61.13101,61.13101,63.78871,59.03389,56.7186,57.31492,56.32051,50.01,50.01,49.16299,54.23099,50.0,45.27693,50.0,49.16299,47.09565,46.27094,49.36598,46.0,46.27094,48.09366,48.50773,46.27094,40.1995,43.04649,41.01219,43.01163,45.0,43.10452,44.0,41.0,43.18565,36.34556,38.83298,28.4605,38.48376,31.38471,34.88553,31.38471,30.0,28.01785,32.64966,30.4795,29.06888,27.78489,26.40076,23.70654,27.65863,24.73863,25.96151,25.4951,28.44293,31.62278,30.08322,31.04835,36.40055,39.56008,39.56008,42.44997,44.64303,48.38388,47.53946,52.20153,51.07837,55.31727,51.26402,56.51548,61.13101,60.63827,61.61169,60.41523,58.46366,60.40695,59.22837,58.69412,65.14599,60.08328,62.03225,57.28001,58.30952,60.92618,59.61543,61.7171,59.05929,59.07622,58.30952,51.0392,52.00961,61.55485,58.0517,57.48913,52.43091,61.61169,58.5235,60.82763,60.41523,65.74192,67.54258,70.2282,70.66116,74.32362,77.38863,71.51224,79.30952
13.34166,13.15295,13.34166,13.15295,12.36932,11.40175,11.40175,11.40175,11.40175,10.44031,10.44031,10.77033,10.77033,9.84886,9.84886,9.84886,9.84886,8.94427,9.43398,8.94427,8.94427,9.43398,8.94427,8.60233,9.43398,8.60233,8.94427,8.94427,8.94427,8.06226,8.06226,8.06226,8.06226,8.544,7.28011,7.28011,7.28011,7.28011,7.28011,7.07107,6.0,7.0,6.0,6.08276,6.08276,5.09902,5.38516,5.38516,5.38516,4.47214,5.0,5.0,77.10383,80.399,76.05919,72.1734,74.06079,66.00758,73.02739,68.02941,68.06614,63.07139,60.0,61.20457,61.13101,56.00893,55.44367,54.91812,55.44367,53.15073,48.05206,47.53946,49.72927,48.05206,51.92302,50.28916,49.33559,45.35416,44.38468,44.38468,47.01064,41.78516,42.54409,42.37924,47.16991,46.51881,39.0,40.79216,46.09772,42.42641,44.91102,43.28972,39.05125,39.20459,39.20459,40.0,38.20995,33.54102,36.40055,33.24154,30.08322,31.01612,27.20294,28.84441,26.40076,27.20294,26.24881,26.1725,26.07681,13.60147,22.80351,37.57659,21.93171,28.16026,1.41421,45.22168,14.86607,42.05948,62.64184,42.72002,55.36244,23.60085,78.39005,25.05993,55.22681,67.80118,38.18377,71.42129,32.01562,63.28507,56.85948,62.36986,54.20332,37.80212,62.68174,58.25805,75.47185,63.78087,48.46648,45.0,56.85068,52.3259,59.03389,71.70077,53.25411,63.12686,53.41348,53.25411,58.5235,55.47071,53.85165,51.97115,57.58472,54.12024,56.32051,56.75385,57.00877,59.68249,66.91039,63.50591,64.38167,71.34424,70.11419,71.0,77.02597,79.15807
13.45362,12.80625,13.45362,12.04159,12.04159,11.31371,11.31371,11.31371,11.31371,10.63015,10.63015,10.0,10.0,9.43398,9.43398,9.43398,9.43398,9.43398,8.94427,8.94427,8.06226,8.94427,8.94427,8.544,8.94427,8.544,8.94427,7.61577,8.06226,8.06226,8.06226,7.61577,8.06226,7.2111,7.81025,7.81025,7.07107,6.40312,5.65685,5.65685,6.40312,6.40312,6.40312,5.83095,5.38516,5.38516,5.09902,5.09902,5.09902,4.0,4.0,4.12311,76.83749,79.81228,76.05919,79.64923,77.33693,71.70077,75.0733,68.88396,65.21503,64.53681,67.20863,62.24147,62.36986,61.52235,60.81118,55.97321,57.62812,56.22277,51.40039,53.25411,48.76474,49.92995,47.85394,50.9902,49.76947,48.75449,50.9902,44.38468,46.51881,47.41308,50.9902,46.95743,44.94441,41.78516,45.27693,42.48529,44.72136,42.04759,40.24922,42.2019,42.0119,42.52058,38.8973,39.62323,36.23534,39.11521,31.06445,33.61547,31.7805,30.41381,29.41088,30.36445,28.28427,29.61419,27.16616,26.1725,23.5372,23.25941,23.76973,21.9545,23.08679,27.20294,30.08322,32.28002,32.28002,37.65634,37.64306,38.8973,44.59821,42.37924,47.53946,47.43416,49.64877,52.63079,51.5461,53.75872,56.32051,56.30275,58.24088,61.98387,60.16644,59.13544,60.40695,60.08328,58.5235,58.18935,57.56735,59.20304,56.29387,55.7315,53.75872,60.67125,57.14018,58.00862,59.03389,54.00926,59.00847,50.15974,53.93515,54.34151,56.04463,54.81788,59.80803,60.00833,57.98276,62.17717,71.69379,66.03787,70.49113,74.63243,72.94518,76.2168,76.6942,76.2168
13.60147,12.36932,12.64911,12.64911,11.40175,11.40175,11.18034,11.18034,10.19804,10.04988,10.04988,9.0,10.0,10.0,9.0,9.0,9.05539,8.06226,9.21954,9.05539,8.06226,8.06226,8.24621,8.24621,8.24621,8.24621,8.24621,7.28011,8.06226,8.24621,7.07107,7.07107,7.07107,7.0,7.07107,7.0,7.0,6.08276,6.08276,6.08276,5.09902,5.09902,5.38516,5.38516,5.0,5.0,5.0,4.24264,5.0,4.24264,3.60555,3.60555,69.64194,76.00658,74.62573,75.29276,74.79305,74.79305,67.74216,74.30343,64.88451,67.1193,63.95311,59.03389,62.24147,56.0803,56.64804,54.34151,58.24088,54.81788,53.93515,48.50773,54.74486,50.15974,48.37355,46.69047,48.25971,48.6621,45.01111,49.0102,46.09772,47.04253,43.01163,47.01064,44.01136,46.09772,41.01219,44.10215,46.38965,42.29657,42.42641,44.40721,40.79216,36.40055,37.0,37.16181,39.0,40.24922,36.23534,32.44996,33.83785,32.52691,31.82766,29.06888,31.06445,25.4951,26.92582,26.24881,24.73863,21.37756,23.34524,25.96151,24.5153,27.01851,31.01612,25.0,32.01562,36.01389,40.11234,42.0119,44.01136,49.0408,46.01087,49.0408,54.08327,51.24451,51.0098,54.14795,60.13319,58.07753,61.0,59.0,61.03278,61.0,63.03174,62.00806,62.1289,60.0,63.07139,59.3043,60.13319,59.3043,57.21888,60.53098,61.66036,56.75385,55.97321,57.87055,55.54278,54.56189,59.05929,58.5235,53.85165,56.72742,62.93648,59.4138,59.46427,61.6198,63.12686,61.40033,72.62231,78.49204,70.45566,76.00658,78.23682,77.42093
14.03567,14.03567,13.0384,13.0384,13.0384,12.04159,12.0,12.0,11.0,11.04536,11.0,11.04536,11.04536,10.04988,10.04988,10.04988,10.19804,9.21954,9.21954,9.21954,9.21954,8.24621,8.24621,8.24621,8.544,8.544,9.48683,8.24621,8.24621,8.24621,8.24621,8.06226,8.06226,8.06226,8.06226,8.06226,8.0,7.0,8.06226,7.07107,7.07107,7.07107,6.32456,6.32456,6.7082,5.83095,5.83095,5.83095,5.0,5.65685,5.65685,5.0,75.18643,79.07591,78.26238,75.95393,77.52419,78.1025,70.03571,68.06614,65.11528,64.28063,64.38167,62.07254,62.03225,56.0803,58.03447,60.0,52.00961,47.38143,55.14526,54.58938,50.01,46.69047,46.32494,48.50773,50.21952,49.47727,48.70318,48.08326,50.44799,49.76947,49.47727,46.8188,47.80167,42.72002,48.70318,42.95346,44.64303,44.94441,41.7732,44.38468,44.55334,40.1995,44.01136,38.0526,39.05125,37.33631,37.05401,32.28002,32.01562,34.71311,34.20526,27.51363,28.6531,28.84441,27.80288,24.04163,28.28427,24.5153,24.35159,23.5372,24.18677,25.29822,27.313,29.73214,30.8707,33.52611,39.82462,39.39543,46.09772,45.18849,46.48656,48.33218,51.26402,52.92447,52.20153,51.89412,54.78138,56.32051,61.09828,61.68468,60.44005,59.48109,60.16644,61.84658,66.21178,57.77543,64.07808,61.29437,58.60034,55.22681,59.5399,55.22681,57.3062,57.62812,54.40588,57.80138,58.0517,55.17246,58.00862,56.61272,55.47071,55.47071,55.65968,56.0803,66.09841,65.19202,63.69458,66.09841,74.2159,77.88453,69.63476,76.90254,81.02469,72.56721
14.86607,13.45362,12.72792,12.72792,12.04159,12.04159,11.31371,11.31371,11.31371,10.63015,10.63015,10.63015,10.0,10.0,9.43398,9.43398,9.43398,9.43398,8.94427,8.06226,8.06226,8.06226,8.60233,8.544,8.06226,8.94427,8.06226,8.06226,8.06226,8.06226,7.2111,8.06226,7.2111,7.2111,7.81025,7.81025,7.81025,6.40312,7.07107,6.40312,7.2111,5.83095,5.83095,6.7082,6.32456,6.32456,6.08276,5.0,5.0,6.0,5.09902,5.09902,78.1025,80.80223,80.28076,76.27582,76.6942,69.6563,75.16648,68.41053,65.8559,61.40033,60.44005,61.55485,63.25346,55.17246,59.39697,59.5483,57.62812,51.31277,49.20366,55.22681,49.39636,49.92995,49.64877,44.65423,48.02083,48.30114,45.65085,46.61545,47.16991,48.75449,50.15974,49.64877,43.46263,45.18849,47.16991,42.94182,38.07887,45.65085,42.2019,44.82187,41.23106,42.42641,36.79674,36.06938,35.80503,37.44329,35.35534,33.28663,34.17601,30.08322,32.01562,29.15476,29.06888,30.06659,28.01785,30.01666,26.1725,25.4951,23.19483,27.45906,27.51363,28.4605,28.44293,28.07134,31.01612,37.48333,35.01428,39.11521,44.18144,43.41659,49.81967,49.0306,52.63079,53.46027,54.74486,54.74486,55.31727,58.24088,57.97413,65.30697,56.75385,60.87693,64.13267,63.15061,64.32729,57.70615,61.18823,62.96825,61.52235,57.42822,58.54912,61.13101,59.3043,55.00909,56.00893,56.56854,55.7315,54.91812,55.7853,51.41984,58.87274,54.42426,63.06346,61.7171,58.83026,60.03332,68.24222,62.80127,73.00685,74.20243,74.51845,79.51101,79.64923,81.05554
13.0384,13.0384,13.0384,12.04159,12.04159,12.04159,11.04536,11.0,11.0,11.0,10.04988,10.04988,10.04988,9.05539,9.21954,9.21954,8.544,9.21954,8.544,8.544,8.544,8.544,8.544,8.544,8.544,8.94427,8.06226,8.544,7.61577,8.544,7.61577,7.61577,7.61577,7.28011,7.28011,7.28011,7.07107,7.0,6.0,6.0,6.0,6.0,6.08276,5.09902,5.09902,5.38516,5.38516,4.47214,5.0,4.24264,4.24264,3.60555,76.1643,77.31753,76.53104,77.31753,75.0,75.02666,68.18358,71.17584,62.28965,63.00794,62.514,56.32051,59.13544,55.44367,56.56854,53.93515,52.7731,55.10898,50.44799,53.60037,53.75872,48.70318,49.47727,50.28916,43.32436,44.01136,47.85394,43.86342,49.64877,47.16991,48.37355,46.51881,48.8467,46.8188,44.29447,41.78516,43.86342,45.31004,42.75512,38.8973,39.29377,39.05125,39.31921,38.11824,35.01428,36.0,38.01316,31.57531,30.26549,30.59412,28.63564,30.88689,27.78489,24.69818,27.01851,23.34524,24.83948,22.80351,21.54066,23.76973,24.73863,30.01666,29.54657,24.59675,32.75668,36.23534,37.21559,36.71512,45.65085,43.38202,49.24429,50.08992,51.89412,56.35601,53.0,56.79789,57.80138,56.79789,59.9333,59.48109,59.48109,57.77543,60.82763,59.94164,60.41523,57.69749,63.50591,59.94164,53.85165,59.07622,55.22681,57.2014,56.40035,54.67175,55.9017,56.56854,55.22681,53.41348,56.60389,59.05929,57.70615,55.47071,58.24088,61.98387,62.03225,63.89053,69.63476,67.26812,68.35934,73.1642,71.70077,75.32596,76.23647,75.42546
13.41641,13.0,13.0,13.0,11.7047,12.08305,11.7047,11.7047,10.44031,10.44031,10.77033,10.77033,10.44031,9.21954,9.21954,10.19804,10.04988,9.21954,9.05539,9.0,9.0,9.0,9.05539,9.0,9.0,9.05539,9.0,8.0,8.0,9.05539,8.0,8.0,8.06226,8.06226,8.06226,8.24621,8.24621,6.32456,6.32456,6.32456,6.7082,6.7082,5.83095,6.40312,5.83095,5.0,4.24264,5.0,5.0,4.47214,4.47214,4.12311,78.29432,76.00658,81.3941,72.06941,71.19691,73.92564,69.31811,72.91776,65.74192,63.95311,65.29931,59.9333,61.84658,55.71355,57.00877,57.93962,57.87055,57.72348,55.9017,50.69517,53.75872,48.05206,48.01042,49.36598,48.25971,43.18565,49.81967,47.04253,48.01042,46.01087,48.16638,52.08647,42.10701,49.09175,44.28318,44.28318,43.18565,39.11521,44.38468,44.38468,42.2019,43.08132,43.01163,39.39543,36.23534,34.1321,38.83298,35.80503,35.38361,31.241,34.05877,29.69848,28.84441,25.55386,25.4951,25.63201,25.4951,23.34524,21.0238,22.02272,26.0,26.1725,28.07134,30.59412,32.24903,34.52535,31.57531,38.32754,41.59327,42.57934,45.27693,49.16299,50.08992,55.9017,51.24451,59.4138,56.22277,56.7186,60.13319,58.30952,61.52235,59.07622,60.20797,62.03225,66.1211,58.21512,63.50591,56.7186,58.0517,60.41523,53.93515,60.08328,57.28001,52.49762,57.58472,54.56189,55.00909,56.4358,51.0392,58.82176,51.22499,57.38467,50.9902,53.8145,60.30755,60.80296,60.74537,66.85058,68.24222,69.89278,66.61081,76.15773,76.05919,79.25907
13.92839,13.92839,13.0,13.0,13.0,12.08305,12.08305,11.18034,12.08305,11.6619,10.29563,11.6619,10.81665,10.81665,10.0,10.0,10.0,10.0,9.21954,9.89949,9.21954,9.21954,9.21954,9.21954,8.48528,9.21954,9.21954,9.21954,8.48528,8.48528,8.48528,8.48528,9.21954,7.81025,8.60233,8.06226,8.06226,8.06226,7.2111,7.61577,7.61577,6.32456,7.28011,6.32456,6.08276,6.08276,6.0,6.0,5.09902,5.09902,5.09902,4.47214,84.8646,77.83315,80.77747,71.16881,75.15318,75.23962,73.53911,68.15424,66.21178,66.64083,63.95311,60.74537,61.40033,56.93856,59.16925,58.00862,59.36329,54.6443,57.2014,49.51767,50.93133,45.60702,50.91169,48.9183,50.24938,48.83646,46.66905,48.27007,50.44799,47.80167,44.59821,46.69047,46.69047,48.01042,41.03657,45.27693,45.27693,50.20956,45.27693,40.36087,41.86884,42.72002,37.44329,38.91015,39.82462,37.57659,33.61547,34.20526,37.36308,32.28002,31.14482,29.06888,28.01785,29.15476,30.59412,26.4764,24.16609,23.60085,23.43075,20.80865,25.23886,25.4951,28.84441,25.94224,32.64966,33.54102,36.89173,40.80441,39.11521,45.17743,46.32494,46.52956,50.60632,51.97115,49.64877,58.83026,58.59181,56.85948,55.22681,58.30952,57.62812,59.90826,58.82176,62.80127,59.07622,56.4358,63.63175,53.25411,56.93856,55.54278,56.35601,56.85948,57.00877,52.20153,55.65968,56.61272,54.81788,52.7731,51.0392,54.14795,56.00893,55.3263,54.57105,58.0517,60.01666,62.0967,69.05071,64.56005,62.93648,68.35203,68.35203,77.62087,76.2168,78.0
12.36932,11.40175,11.40175,11.40175,11.40175,10.44031,10.44031,10.44031,9.48683,9.48683,9.48683,8.544,8.94427,8.94427,8.94427,8.94427,8.06226,8.06226,8.60233,7.2111,7.81025,7.81025,7.2111,7.81025,7.81025,7.2111,7.07107,7.2111,7.2111,6.40312,7.2111,7.2111,7.2111,7.2111,6.7082,6.7082,6.32456,6.32456,6.32456,5.09902,6.08276,5.09902,5.0,5.0,5.09902,5.09902,4.12311,4.12311,4.47214,4.47214,5.0,4.24264,78.16009,78.23043,74.54529,73.1642,76.94154,69.87131,72.56032,73.68175,69.2315,63.78871,61.40033,63.90618,56.30275,63.56099,57.28001,55.71355,57.93962,53.48832,55.4617,49.65884,50.77401,49.73932,47.70744,46.52956,49.09175,50.80354,42.63801,46.2277,45.60702,45.22168,44.20407,44.68781,44.04543,40.80441,46.2277,42.54409,44.20407,42.80187,45.79301,42.95346,42.72002,41.62932,39.84972,37.64306,36.40055,38.27532,32.38827,38.0526,31.01612,32.06244,32.24903,29.61419,28.86174,28.63564,28.63564,23.85372,26.40076,20.59126,25.4951,24.20744,29.52965,26.92582,26.90725,30.41381,33.24154,34.65545,41.40048,40.36087,43.41659,44.59821,50.32892,49.81967,48.9183,51.66237,52.49762,54.81788,56.58622,58.89822,61.7171,60.30755,62.80127,63.82006,58.41233,63.25346,58.79626,63.03174,55.97321,58.0517,59.5483,60.959,58.89822,63.03174,57.00877,56.61272,56.40035,54.08327,56.60389,57.70615,59.61543,54.42426,59.48109,52.95281,55.44367,54.58938,59.07622,67.06713,71.0,70.06426,68.11755,67.02984,68.26419,73.33485,70.17834,73.68175
13.92839,13.92839,13.92839,13.0,13.0,13.0,11.7047,11.7047,11.7047,11.40175,11.40175,11.18034,10.19804,10.19804,10.19804,10.04988,10.04988,10.04988,10.04988,9.05539,9.05539,9.0,10.0,9.0,9.0,9.0,9.0,9.0,9.0,8.0,9.0,8.06226,8.06226,8.06226,8.06226,8.06226,8.24621,7.28011,7.61577,7.61577,6.7082,6.7082,6.7082,7.2111,6.40312,6.40312,5.65685,6.40312,6.40312,6.40312,5.83095,5.38516,79.07591,77.42093,79.40403,77.38863,72.89719,72.47068,72.71864,67.42403,63.81222,64.88451,64.14047,62.16912,56.46238,57.98276,55.36244,61.68468,58.5235,54.12024,56.04463,49.81967,53.15073,52.7731,51.35173,46.27094,44.40721,47.38143,47.26521,45.04442,44.40721,45.01111,48.01042,49.16299,47.01064,45.39824,46.01087,43.18565,41.59327,45.39824,41.7732,41.30375,41.76123,38.27532,41.4367,38.27532,39.66106,36.24914,37.21559,34.48188,32.64966,32.80244,31.14482,26.62705,26.83282,30.23243,30.52868,22.47221,25.63201,17.46425,22.36068,21.2132,26.01922,26.07681,27.45906,26.0,28.0,36.01389,37.0,40.1995,41.19466,43.18565,44.04543,47.0,50.01,51.08816,53.03772,56.0,60.07495,56.0803,58.21512,56.7186,62.1289,58.21512,59.0,59.00847,58.07753,61.07373,58.13777,58.03447,59.07622,61.07373,57.21888,58.0517,56.56854,57.56735,55.65968,57.58472,55.97321,50.15974,54.91812,54.20332,54.6443,56.0803,58.60034,61.84658,59.39697,61.52235,66.48308,63.89053,68.00735,76.27582,69.89278,74.09453,72.42237,73.57309
13.15295,12.04159,12.04159,12.04159,12.04159,11.04536,11.0,11.0,10.0,10.0,10.0,10.0,9.05539,9.05539,9.21954,9.21954,8.24621,8.24621,8.24621,8.24621,7.28011,8.544,8.24621,7.61577,7.28011,7.28011,7.28011,7.28011,7.28011,7.28011,7.28011,7.28011,7.28011,6.32456,7.07107,7.0,7.0,6.0,6.08276,6.08276,6.08276,6.32456,6.32456,5.38516,5.38516,5.0,5.0,5.0,5.0,5.0,5.0,4.47214,80.025,78.00641,77.02597,69.11584,74.00676,64.00781,72.06247,75.05998,62.03225,66.00758,65.12296,58.21512,64.38167,53.46027,54.14795,54.34151,59.43904,58.5235,54.12024,44.92215,54.08327,48.50773,46.57252,51.1957,48.38388,48.10405,40.80441,43.32436,43.38202,41.62932,44.29447,45.35416,48.8467,43.38202,42.05948,48.46648,42.72002,44.64303,40.5216,40.11234,36.67424,40.11234,45.01111,32.38827,38.11824,30.26549,32.98485,34.20526,29.83287,30.8707,31.30495,27.29469,32.01562,28.3196,28.42534,29.41088,28.30194,23.60085,20.80865,26.1725,26.24881,27.20294,31.14482,29.06888,31.241,33.24154,35.60899,41.86884,44.82187,48.10405,48.27007,52.34501,45.27693,50.9902,51.66237,57.98276,60.1415,60.10824,61.55485,55.17246,58.72819,62.28965,62.36986,63.03174,61.6198,64.38167,63.03174,60.1415,62.93648,62.93648,60.1415,58.13777,60.0,57.80138,53.00943,58.59181,59.5399,58.66856,50.15974,56.64804,59.48109,56.32051,62.16912,60.20797,61.0,67.60178,64.03124,64.0,70.0,71.11259,73.00685,76.32169,78.02564,79.02531
13.0,13.92839,12.36932,12.64911,13.60147,11.7047,11.7047,11.40175,11.40175,11.18034,11.40175,11.40175,11.18034,10.19804,10.19804,10.04988,9.05539,10.04988,9.0,9.0,9.05539,10.04988,9.0,9.0,9.0,9.0,9.0,9.0,9.0,9.0,8.0,8.0,8.0,8.06226,8.24621,8.24621,8.544,7.28011,6.32456,6.32456,6.7082,5.83095,5.83095,6.40312,6.40312,5.65685,5.65685,5.0,5.0,4.47214,4.47214,4.12311,79.83107,80.36168,80.28076,73.4983,65.80274,71.16881,70.83078,74.73286,70.21396,58.5235,61.39218,62.514,56.51548,54.58938,62.514,50.01,60.0,55.0,57.00877,51.0392,53.08484,51.0098,49.25444,49.16299,48.09366,49.25444,49.25444,48.6621,45.70558,44.91102,46.38965,45.0,45.09989,45.39824,42.04759,45.17743,46.01087,39.01282,47.01064,40.0125,41.4367,44.14748,44.14748,34.9285,38.07887,33.61547,41.14608,33.24154,30.23243,32.64966,26.90725,29.73214,26.1725,26.24881,26.62705,28.63564,25.0,23.70654,19.69772,23.76973,23.02173,21.63331,27.45906,28.3196,31.38471,31.38471,35.22783,39.96248,36.61967,42.43819,44.94441,45.0,44.77723,49.73932,51.88449,51.31277,54.3783,56.60389,56.4358,56.35601,55.75841,55.47071,55.9464,60.37384,59.5063,60.37384,61.40033,54.12024,57.70615,58.00862,61.91123,63.41136,56.60389,53.15073,58.13777,55.22681,55.17246,56.63921,52.00961,56.0357,58.18075,55.47071,61.32699,58.60034,58.18935,55.02727,67.35726,67.72001,67.68309,65.78754,73.00685,70.0928,76.94154,80.23092
15.23155,13.92839,13.0,13.92839,13.0,12.64911,12.64911,12.64911,11.40175,11.40175,11.40175,11.40175,11.40175,10.19804,10.19804,11.04536,10.04988,10.04988,10.04988,10.0,9.05539,9.05539,9.0,9.0,9.0,9.0,9.0,9.0,9.0,9.0,9.05539,9.05539,9.05539,9.05539,8.06226,8.06226,8.24621,7.61577,7.61577,7.61577,7.61577,6.7082,6.7082,6.40312,6.40312,6.40312,5.65685,6.40312,6.40312,5.83095,5.83095,5.38516,76.79193,76.11833,77.64664,79.1012,76.05919,71.11259,69.26038,75.66373,63.50591,66.00758,65.06919,60.00833,53.00943,53.00943,57.07889,55.3263,54.14795,53.15073,50.24938,52.63079,52.20153,39.35734,49.72927,43.9659,43.17407,48.8467,48.8467,50.9902,48.46648,47.85394,44.27189,42.04759,48.75449,45.69464,43.82921,41.23106,37.0,43.32436,42.37924,41.23106,46.87217,41.30375,40.31129,38.0,36.0,37.21559,34.0147,34.0,33.54102,30.67572,29.41088,33.24154,29.52965,28.84441,27.80288,29.73214,28.3196,22.36068,20.24846,21.58703,25.07987,25.4951,28.23119,26.83282,32.75668,34.48188,35.4683,40.71855,39.0,45.18849,46.51881,46.23851,47.85394,48.76474,50.32892,50.53712,52.35456,55.54278,56.46238,59.23681,63.69458,59.61543,55.9464,58.18075,55.9017,54.58938,64.88451,57.68882,57.70615,55.9464,53.0,60.21628,56.58622,53.8145,55.17246,50.24938,55.15433,56.72742,57.00877,56.93856,55.00909,54.626,56.46238,56.64804,62.58594,62.0967,67.68309,66.94027,69.42622,67.60178,75.53807,77.64664,79.07591,79.42921
13.0384,13.0384,13.0384,12.20656,11.6619,11.18034,10.29563,11.18034,9.84886,9.84886,9.84886,9.48683,9.48683,9.48683,9.48683,9.21954,9.21954,8.06226,8.06226,8.06226,8.06226,8.06226,8.06226,8.0,9.05539,8.0,8.0,8.06226,8.06226,7.0,7.07107,8.06226,7.07107,7.28011,7.28011,7.28011,6.32456,6.32456,6.7082,5.83095,5.83095,5.83095,6.40312,5.0,5.65685,5.0,5.0,4.47214,4.47214,4.47214,4.12311,4.0,76.36753,70.76722,78.64477,75.66373,73.60027,69.81404,63.70243,68.76772,61.84658,61.22091,63.60031,59.36329,59.16925,55.47071,55.07268,52.39275,55.4617,54.12947,53.22593,50.32892,50.56679,50.92151,49.33559,44.38468,43.08132,47.12749,45.12206,44.72136,43.93177,46.38965,43.18565,44.91102,43.17407,42.95346,41.7732,43.32436,47.16991,42.72002,44.94441,39.56008,39.21734,37.69615,38.94868,36.71512,37.64306,34.48188,31.89044,32.20248,34.65545,29.0,36.12478,33.01515,30.46309,27.85678,25.0,24.69818,26.30589,21.09502,23.4094,22.84732,24.69818,27.65863,27.20294,28.44293,30.80584,35.51056,37.21559,39.62323,39.45884,44.55334,44.55334,49.81967,48.50773,49.49747,49.81967,57.55867,52.39275,55.7853,55.54278,58.46366,61.61169,65.52099,60.41523,60.67125,56.88585,59.68249,61.0,54.74486,59.21149,60.40695,59.21149,56.0803,59.03389,52.34501,56.22277,57.42822,56.51548,57.48913,53.16014,52.49762,55.54278,53.53504,50.11986,62.64982,63.41136,68.11755,65.29931,67.47592,68.68042,72.24957,66.70832,72.86288,81.32035,78.51751
12.72792,12.04159,12.72792,13.45362,11.31371,11.31371,10.63015,10.63015,10.0,9.21954,10.0,9.21954,10.0,9.43398,9.43398,8.94427,8.94427,7.61577,8.544,8.544,8.544,8.544,7.61577,8.24621,8.544,7.61577,7.28011,7.61577,8.544,7.61577,8.544,7.61577,7.61577,7.61577,6.7082,6.7082,7.2111,6.40312,6.40312,6.40312,5.65685,5.65685,5.65685,5.83095,4.47214,4.47214,5.38516,5.38516,4.12311,5.09902,4.0,4.0,76.41989,75.82216,73.59348,74.24958,75.74299,70.03571,70.29225,69.42622,63.03174,65.29931,62.20129,60.80296,60.74537,58.00862,55.75841,54.12947,52.15362,52.35456,51.97115,53.31041,46.8188,47.16991,50.59644,46.8188,46.23851,49.64877,45.54119,46.17359,46.48656,48.08326,41.97618,42.2019,46.69047,44.72136,39.81206,42.37924,43.41659,42.95346,43.9659,37.94733,39.35734,39.39543,41.6173,37.73592,38.41875,35.80503,35.38361,36.12478,30.41381,31.40064,32.01562,26.41969,29.54657,29.15476,24.33105,23.08679,25.01999,24.04163,21.58703,23.70654,27.85678,25.96151,28.16026,30.08322,31.57531,34.20526,36.87818,40.5216,41.97618,45.35416,47.29693,47.80167,48.05206,54.57105,50.44799,55.36244,54.08327,57.56735,58.94065,52.88667,60.63827,58.24088,60.44005,61.39218,60.87693,57.97413,61.98387,53.60037,59.68249,59.4138,58.30952,59.13544,55.00909,56.0803,55.14526,59.21149,60.29925,55.57877,51.24451,55.36244,55.36244,56.36488,63.63175,58.30952,63.82006,64.2028,64.07027,62.62587,60.10824,58.13777,63.60031,77.7946,78.40918,77.7946
12.52996,11.6619,12.20656,11.6619,11.6619,10.0,10.0,10.0,9.21954,10.0,9.21954,9.21954,8.48528,8.48528,8.48528,7.81025,7.81025,7.81025,7.81025,8.60233,7.2111,7.2111,7.2111,7.2111,7.2111,7.2111,7.2111,8.06226,7.2111,7.2111,6.40312,7.2111,7.2111,7.07107,6.40312,6.40312,6.40312,6.40312,6.40312,5.83095,5.83095,5.38516,5.38516,5.38516,5.09902,5.09902,5.0,4.0,5.09902,4.12311,4.12311,4.47214,80.62258,80.62258,82.1523,74.79305,77.69813,72.56032,73.57309,70.71068,65.45991,67.1193,66.06815,64.07027,59.81639,59.03389,54.56189,58.72819,58.0,59.4138,50.93133,48.16638,50.60632,47.80167,51.62364,50.0,49.20366,49.81967,52.47857,49.39636,49.09175,46.32494,41.88078,48.54894,45.27693,49.92995,40.49691,41.86884,44.20407,47.63402,42.0119,41.6173,41.86884,39.62323,41.03657,41.23106,38.83298,32.24903,32.64966,37.12142,33.83785,30.67572,31.32092,27.89265,30.06659,32.38827,30.01666,23.08679,26.57066,25.80698,26.62705,23.32381,27.45906,26.92582,29.15476,30.01666,31.38471,40.71855,35.73514,37.0,39.0,47.43416,50.9902,47.53946,48.75449,52.20153,52.7731,57.38467,57.80138,55.9017,65.8635,58.13777,65.8635,60.00833,59.23681,59.48109,61.46544,61.26989,61.32699,60.53924,60.83584,62.62587,61.98387,63.78871,61.84658,59.03389,55.10898,55.57877,66.37017,61.03278,59.00847,59.21149,56.14268,59.03389,54.08327,60.08328,62.0967,68.15424,67.6757,66.48308,72.00694,70.23532,70.71068,78.39005,75.58439,83.18654
14.03567,13.0384,13.15295,13.15295,12.16553,12.16553,12.16553,11.18034,11.18034,11.40175,10.44031,10.44031,10.44031,10.77033,9.84886,9.48683,9.48683,9.84886,8.94427,8.94427,8.94427,8.94427,8.544,8.60233,9.43398,8.94427,8.94427,8.94427,8.06226,8.94427,8.544,8.544,8.544,7.61577,7.28011,8.24621,7.28011,7.28011,7.07107,7.07107,7.0,6.0,6.0,6.08276,6.08276,5.38516,5.38516,5.38516,5.38516,4.47214,5.0,4.24264,74.24284,84.29116,78.63841,79.9062,79.62412,66.75328,80.06248,70.03571,79.24645,66.27217,69.63476,67.46851,61.13101,67.05222,57.24509,58.5235,59.80803,57.58472,46.48656,58.30952,51.89412,53.31041,49.73932,52.15362,50.21952,49.39636,52.15362,51.61395,49.09175,52.69725,43.56604,41.18252,50.47772,44.10215,52.47857,44.10215,47.80167,46.32494,49.24429,40.8534,43.65776,44.94441,41.97618,41.97618,32.01562,37.21559,35.12834,42.04759,34.0,28.86174,34.36568,31.7805,30.67572,28.79236,29.54657,28.23119,24.41311,21.09502,18.78829,25.0,22.2036,28.6007,23.34524,28.28427,29.06888,31.89044,37.64306,41.10961,41.03657,42.44997,45.27693,44.55334,50.20956,49.67897,55.22681,46.75468,57.31492,57.28001,60.87693,61.07373,60.10824,61.6198,58.69412,61.7171,56.85068,66.06815,59.46427,63.70243,58.72819,60.87693,61.6198,62.20129,56.85068,65.19202,57.98276,56.4358,57.27128,52.39275,62.76942,53.85165,63.78871,57.97413,55.3263,55.22681,68.02941,62.03225,74.00676,72.1734,66.00758,68.00735,76.23647,75.16648,73.1642,86.14523
14.42221,13.60147,13.0384,13.0384,12.20656,12.20656,12.04159,11.40175,10.63015,10.63015,10.63015,10.63015,9.89949,9.89949,9.89949,9.21954,9.21954,9.21954,8.60233,8.60233,8.60233,7.81025,8.60233,8.60233,7.81025,8.60233,8.60233,7.81025,8.60233,8.60233,7.81025,7.81025,7.81025,7.07107,8.48528,7.81025,7.81025,7.2111,7.2111,6.7082,6.7082,6.7082,6.32456,6.32456,6.32456,6.08276,6.08276,5.0,6.08276,5.09902,5.09902,5.09902,77.80103,81.84131,83.40863,82.0061,74.51845,72.47068,64.53681,70.29225,62.28965,70.29225,63.25346,60.81118,61.22091,58.72819,59.20304,62.36986,57.38467,52.80152,53.00943,55.21775,57.62812,49.40648,52.83938,46.32494,41.88078,48.82622,48.76474,46.61545,45.61798,52.39275,47.85394,51.88449,40.81666,44.72136,43.86342,42.94182,42.72002,45.48626,45.65085,46.04346,45.0,42.52058,43.13931,36.76955,40.31129,38.60052,39.40812,34.1321,35.35534,35.34119,33.24154,31.04835,32.28002,31.14482,28.07134,30.0,32.06244,24.04163,24.04163,23.08679,22.13594,24.73863,27.65863,28.86174,31.57531,37.10795,37.36308,39.29377,42.57934,44.72136,45.89118,48.76474,49.24429,51.24451,58.46366,54.12947,57.72348,57.56735,61.35145,59.20304,59.43904,62.58594,62.58594,61.39218,65.96969,53.36666,65.96969,61.98387,61.81424,56.29387,59.03389,63.63961,62.39391,57.55867,59.03389,54.14795,59.21149,58.85576,55.31727,60.82763,57.58472,59.46427,52.80152,63.06346,63.50591,65.0,64.66065,67.6757,74.33034,76.02631,66.4003,75.16648,79.39773,80.1561
15.0333,14.03567,14.0,14.0,14.0,13.0,12.0,12.04159,12.04159,11.18034,11.04536,11.18034,11.18034,11.18034,10.19804,10.19804,10.19804,10.19804,9.48683,9.48683,9.48683,9.84886,9.48683,9.84886,9.84886,9.48683,9.48683,9.48683,9.48683,8.544,9.48683,8.544,8.24621,8.24621,9.21954,8.06226,9.05539,8.06226,8.06226,7.0,7.07107,7.07107,7.07107,6.32456,6.32456,6.32456,5.38516,5.83095,5.83095,5.0,5.0,5.0,81.32035,84.20214,81.0432,73.68175,78.1089,75.69016,74.04053,70.40597,70.0928,63.34824,62.36185,63.15061,62.16912,59.4138,57.31492,55.3263,57.42822,54.00926,54.00926,49.36598,53.00943,47.04253,52.46904,47.26521,45.27693,51.35173,48.37355,45.27693,48.50773,48.25971,46.09772,47.09565,50.35871,48.6621,45.17743,47.01064,41.30375,46.01087,44.28318,44.01136,40.60788,40.60788,43.93177,40.60788,39.56008,36.40055,38.47077,37.57659,35.35534,32.75668,34.71311,28.01785,31.1127,31.241,27.80288,30.52868,31.01612,24.73863,20.88061,20.61553,25.07987,26.40076,27.73085,26.83282,32.64966,34.88553,34.1321,38.94868,40.16217,46.14109,49.64877,48.75449,48.76474,56.79789,51.0,49.1935,54.78138,59.09315,58.5235,60.08328,60.00833,60.40695,61.09828,61.46544,63.07139,61.46544,58.30952,58.69412,55.9017,59.07622,59.36329,58.30952,55.47071,54.08327,57.62812,53.07542,59.5483,55.22681,56.56854,54.67175,58.00862,57.42822,55.47071,61.7171,59.5063,65.78754,67.23095,66.30988,73.1642,71.7844,69.57011,74.72617,78.74643,76.15773
14.14214,13.15295,14.14214,13.15295,13.15295,12.04159,12.16553,12.04159,12.04159,12.04159,11.0,11.04536,11.0,10.0,10.0,10.04988,10.19804,10.04988,9.05539,9.05539,9.05539,9.21954,9.21954,9.21954,9.21954,9.21954,8.24621,9.05539,8.24621,9.21954,8.06226,9.05539,8.06226,8.0,8.0,8.0,8.0,7.07107,8.06226,7.07107,7.28011,7.28011,7.61577,6.32456,6.7082,5.83095,5.83095,6.40312,6.40312,5.65685,5.65685,5.0,78.51751,74.33034,77.31753,72.69113,75.00667,74.06079,72.1734,70.11419,65.06919,65.06919,66.00758,62.0,63.28507,56.00893,58.54912,58.54912,57.87055,51.24451,51.97115,50.63596,51.92302,51.41984,51.24451,48.76474,49.0408,49.98,47.42362,46.48656,47.43416,46.51881,47.85394,47.16991,44.01136,45.31004,45.31004,44.59821,44.91102,43.68066,43.68066,41.78516,44.91102,41.48494,38.32754,41.59327,37.05401,35.01428,39.20459,35.01428,33.54102,35.1141,35.73514,37.69615,30.01666,27.78489,31.89044,27.58623,29.20616,26.62705,23.4094,25.96151,27.29469,27.29469,26.0,29.54657,29.52965,37.20215,32.69557,37.58989,39.11521,47.70744,45.69464,48.75449,46.64762,59.64059,52.35456,58.30952,56.35601,59.09315,55.03635,58.59181,62.6099,59.94164,61.05735,58.66856,61.7171,58.59181,62.17717,54.08327,62.96825,57.98276,55.21775,59.81639,57.80138,56.63921,58.89822,56.72742,55.22681,57.48913,53.85165,61.05735,55.07268,61.32699,60.74537,57.93962,61.35145,67.18631,62.8172,65.76473,68.35934,77.66595,72.56032,72.69113,79.40403,80.399
13.41641,12.08305,12.52996,12.52996,11.18034,11.18034,11.7047,10.44031,10.77033,10.44031,10.44031,9.21954,10.19804,9.21954,9.05539,9.21954,9.05539,8.06226,9.05539,9.05539,8.0,9.0,8.0,8.0,8.0,8.0,8.0,8.0,8.0,8.0,8.06226,7.07107,8.06226,7.07107,7.07107,7.28011,7.28011,6.32456,6.32456,5.83095,5.38516,5.83095,5.83095,5.65685,5.0,5.0,5.0,5.0,4.47214,4.12311,4.12311,4.12311,78.00641,75.28612,80.70936,73.57309,69.40461,72.20111,68.8186,73.4983,64.07027,65.45991,64.41273,60.90156,59.05929,56.60389,59.03389,55.9464,57.93962,52.83938,51.86521,53.75872,53.75872,50.59644,46.57252,49.24429,47.80167,46.69047,50.80354,48.37355,50.21952,46.04346,45.70558,48.16638,47.67599,42.72002,46.38965,43.93177,44.91102,43.08132,39.21734,44.59821,43.08132,40.16217,38.91015,41.04875,37.80212,35.4683,37.80212,34.65545,32.55764,33.42155,31.82766,32.44996,29.54657,29.73214,26.57066,28.44293,27.07397,20.61553,25.01999,26.1725,24.0,29.0,28.01785,29.27456,33.24154,36.05551,36.01389,40.04997,44.0,48.16638,47.04253,51.0392,50.03998,55.08176,53.0,59.0,58.00862,57.03508,59.0,57.03508,60.00833,62.0,62.0,62.0,62.07254,62.07254,64.12488,62.07254,62.1289,63.50591,61.98387,61.0,58.46366,59.46427,55.97321,56.32051,58.69412,57.93962,54.20332,56.85948,57.45433,58.25805,55.31727,55.31727,63.78087,66.48308,63.25346,67.35726,71.70077,70.76722,71.40028,73.66139,78.60025,75.0
14.21267,13.60147,12.80625,13.60147,12.80625,12.20656,12.04159,11.40175,12.04159,11.31371,11.31371,10.63015,11.31371,10.63015,10.0,10.63015,9.21954,10.0,10.0,10.0,10.0,9.43398,9.43398,9.43398,9.43398,9.43398,8.60233,9.43398,8.60233,8.60233,8.60233,9.21954,7.81025,8.48528,8.48528,7.81025,7.81025,7.81025,7.81025,7.81025,6.7082,6.7082,6.7082,6.32456,6.32456,6.32456,6.08276,6.08276,6.08276,6.0,6.0,5.09902,79.32213,86.31338,82.29824,73.92564,76.02631,73.57309,74.30343,69.77822,68.88396,61.58734,64.3506,65.19202,61.61169,59.07622,62.62587,55.44367,60.60528,58.72819,55.9017,50.20956,53.07542,49.67897,57.00877,50.9902,53.07542,48.27007,47.42362,51.85557,43.60046,46.2277,49.81967,51.62364,50.60632,51.62364,44.04543,48.10405,43.86342,46.01087,47.38143,44.68781,39.20459,41.04875,41.67733,39.66106,42.05948,37.33631,35.34119,39.39543,30.08322,34.71311,33.37664,33.01515,31.0,32.38827,25.96151,29.54657,26.0,23.25941,21.47091,24.69818,25.0,28.16026,27.51363,27.313,32.28002,31.95309,33.52611,40.5216,41.0,46.57252,47.53946,54.42426,48.10405,50.96077,54.12024,54.12024,59.80803,56.0803,61.09828,61.7414,56.0803,61.84658,59.77458,59.09315,60.16644,57.58472,58.82176,59.48109,63.90618,60.16644,59.43904,58.69412,54.12947,50.80354,54.74486,56.22277,59.03389,60.0,49.09175,53.60037,57.87055,56.08921,57.48913,57.58472,58.18935,63.69458,69.46222,66.21178,69.77105,69.857,66.24198,76.94154,76.53757,76.47876
14.76482,14.31782,14.76482,13.41641,13.41641,12.52996,12.08305,11.7047,11.7047,11.7047,11.7047,11.40175,10.77033,11.40175,10.44031,10.19804,9.05539,10.19804,10.19804,10.19804,10.19804,10.04988,9.05539,9.0,9.05539,9.05539,9.05539,10.04988,9.05539,9.05539,9.05539,9.05539,9.21954,9.21954,8.24621,8.24621,8.24621,7.61577,7.61577,7.61577,8.06226,7.2111,7.2111,6.40312,6.40312,6.40312,6.40312,6.40312,5.83095,5.83095,5.83095,5.38516,85.70298,84.20214,75.45197,80.77747,78.39005,75.45197,79.40403,68.0,65.0,70.71068,64.88451,66.85058,61.09828,60.16644,60.16644,58.82176,61.68468,62.62587,49.72927,55.10898,51.78803,51.97115,51.62364,55.14526,52.95281,53.03772,48.04165,49.0102,51.0098,50.08992,46.01087,49.0408,51.0098,42.10701,47.01064,45.27693,46.17359,46.09772,43.04649,42.57934,44.72136,41.76123,40.16217,41.76123,38.01316,40.5216,36.40055,39.66106,35.60899,36.61967,33.30165,31.241,31.241,30.41381,29.15476,30.41381,25.96151,22.13594,26.92582,22.56103,22.36068,27.89265,32.14032,35.22783,31.257,34.0147,39.05125,44.10215,42.29657,47.01064,45.27693,45.09989,51.15662,57.14018,55.22681,57.42822,53.03772,63.1981,62.03225,59.3043,59.3043,63.63961,64.19502,59.03389,61.0082,63.12686,60.00833,62.20129,57.03508,61.29437,62.514,58.85576,65.25335,56.32051,56.75385,58.24088,59.77458,58.30952,60.83584,60.53924,58.60034,60.21628,54.67175,60.20797,65.79514,65.76473,68.24954,63.70243,75.43209,73.23933,71.28113,75.80237,73.4983,83.52844
14.31782,14.56022,13.34166,13.34166,12.36932,13.34166,12.36932,12.36932,12.36932,10.44031,11.7047,10.77033,10.44031,9.84886,9.84886,9.84886,9.84886,9.84886,9.43398,8.94427,8.94427,8.94427,9.43398,8.60233,9.43398,9.43398,8.94427,8.94427,8.94427,8.06226,8.94427,8.544,8.94427,7.61577,8.544,8.24621,8.24621,7.07107,8.06226,7.0,7.07107,7.0,7.07107,7.07107,6.08276,6.32456,6.32456,6.7082,5.83095,5.83095,5.0,5.65685,79.62412,83.29466,75.95393,76.29548,78.33901,72.00694,74.95332,70.83078,68.06614,64.32729,65.0,62.29767,59.77458,57.56735,59.77458,55.36244,57.38467,53.85165,48.76474,54.58938,50.11986,53.23533,46.87217,46.40043,46.04346,50.77401,53.15073,46.8615,44.65423,46.8615,53.25411,49.0408,42.63801,41.86884,49.67897,44.20407,41.88078,41.88078,44.10215,42.54409,42.95346,42.05948,42.05948,33.52611,36.40055,37.21559,39.20459,36.22154,35.12834,34.0147,32.06244,35.0571,32.98485,34.0147,28.16026,24.59675,28.30194,22.47221,25.80698,25.23886,26.40076,26.40076,29.0,28.28427,33.97058,35.38361,38.28838,41.10961,42.42641,43.93177,47.38143,48.27007,48.16638,53.90733,55.17246,55.17246,53.90733,56.72742,58.89822,62.2254,58.69412,59.5483,62.24147,63.65532,62.28965,60.82763,58.0517,60.959,58.72819,56.85948,60.44005,57.98276,63.13478,59.36329,56.79789,57.69749,56.79789,55.03635,57.87055,55.31727,55.10898,58.69412,58.21512,63.1981,66.18912,66.27217,70.45566,67.26812,72.1734,70.17834,73.33485,78.26238,76.15773,77.10383
13.92839,13.0,13.60147,13.60147,12.64911,11.7047,11.7047,11.40175,10.44031,10.19804,11.18034,11.18034,10.04988,9.05539,10.04988,9.05539,9.05539,9.0,9.0,8.0,9.0,8.0,8.0,8.06226,8.06226,9.0,8.0,8.0,8.0,7.07107,8.0,8.06226,8.06226,7.07107,8.24621,7.28011,7.28011,7.28011,6.32456,6.7082,6.7082,6.40312,6.40312,6.40312,5.65685,5.83095,5.83095,5.0,4.47214,5.38516,5.09902,5.09902,83.21658,79.40403,79.55501,76.40026,70.5195,70.0928,75.18643,69.92138,66.09841,67.05222,60.87693,60.67125,58.85576,59.43904,54.91812,58.0517,58.21512,56.00893,51.24451,50.03998,53.08484,47.0,47.04253,48.83646,49.36598,47.38143,43.18565,48.83646,46.69047,45.70558,44.0,43.28972,49.64877,44.40721,46.27094,46.17359,42.42641,47.38143,45.17743,45.01111,46.87217,42.95346,40.80441,42.75512,42.44997,38.62642,41.14608,35.8469,35.22783,33.28663,29.83287,32.55764,31.14482,29.69848,25.80698,29.73214,25.63201,24.08319,25.4951,25.0,26.57066,25.29822,29.41088,30.88689,32.89377,35.34119,34.17601,41.10961,42.37924,42.72002,46.23851,52.92447,50.15974,55.36244,53.48832,57.58472,55.71355,59.09315,61.68468,59.46427,62.64184,62.64184,62.0967,62.03225,64.51356,61.32699,63.56099,61.46544,64.07808,62.6099,58.30952,59.68249,56.60389,56.93856,54.91812,57.42822,56.0803,59.5483,55.17246,57.48913,60.21628,58.00862,65.19202,59.05929,64.41273,69.46222,64.40497,71.30919,70.77429,70.00714,71.47027,80.08121,82.2253,79.40403
13.92839,13.0,12.08305,13.0,11.7047,11.7047,11.40175,10.44031,10.44031,10.44031,10.44031,10.19804,10.19804,9.21954,9.21954,9.05539,9.0,8.0,9.0,9.0,9.0,9.0,8.06226,8.0,8.06226,9.05539,8.06226,8.06226,8.0,8.06226,8.0,8.0,8.0,8.0,7.0,7.07107,7.07107,7.28011,7.28011,6.32456,6.32456,5.83095,5.83095,5.83095,5.0,5.0,5.0,5.0,5.0,4.47214,4.47214,4.12311,78.40918,80.80223,81.02469,73.81734,78.81624,70.21396,68.50547,69.2026,68.60029,62.43397,62.1289,62.76942,62.26556,60.53924,57.24509,58.30952,57.77543,55.36244,56.46238,55.97321,50.96077,50.44799,50.21952,46.84015,46.57252,50.28916,47.67599,45.70558,46.52956,49.16299,44.40721,48.50773,44.72136,46.09772,42.29657,44.64303,43.17407,42.37924,44.64303,44.92215,45.31004,42.72002,40.81666,36.67424,42.2019,38.83298,35.0,40.45986,33.24154,33.94113,31.40064,32.01562,30.8707,29.73214,29.41088,27.65863,29.06888,23.5372,25.31798,26.30589,28.28427,27.45906,26.07681,32.06244,35.01428,39.01282,37.01351,40.0125,43.10452,50.0,53.0,50.01,48.04165,55.03635,56.00893,56.00893,59.3043,63.00794,64.07027,63.07139,61.0082,64.28063,66.1211,59.4138,68.35934,65.03076,61.13101,63.03174,62.07254,61.0082,60.40695,61.20457,59.68249,58.69412,54.57105,57.28001,59.46427,59.13544,59.48109,58.59181,60.90156,61.29437,56.85068,63.00794,63.65532,67.89698,67.20863,69.52697,67.26812,94.11164,74.62573,79.24645,75.80237,77.33693
13.89244,13.89244,13.89244,12.52996,12.52996,12.52996,11.6619,11.6619,11.18034,10.77033,10.77033,10.77033,10.44031,10.44031,10.44031,10.44031,10.19804,9.21954,9.05539,9.21954,9.21954,9.05539,9.21954,9.05539,9.05539,9.21954,9.21954,9.05539,9.05539,9.21954,8.24621,8.24621,8.24621,8.24621,8.544,8.544,7.61577,7.61577,6.7082,7.2111,7.2111,7.2111,6.40312,5.65685,5.65685,5.0,5.83095,5.0,4.47214,4.47214,5.09902,4.12311,80.99383,81.12336,77.02597,75.45197,79.40403,75.16648,75.13322,66.37017,66.7308,63.51378,61.26989,67.54258,65.0,60.00833,57.27128,60.41523,58.5235,56.921,49.0306,53.48832,55.10898,51.97115,49.49747,49.49747,46.32494,50.35871,51.1957,51.62364,46.52956,49.09175,45.12206,46.27094,49.36598,49.36598,44.18144,41.19466,41.30375,45.54119,44.91102,45.54119,44.38468,41.23106,38.48376,38.91015,39.82462,40.49691,36.87818,37.58989,34.65545,32.20248,32.20248,30.80584,28.6531,27.78489,25.17936,28.63564,27.65863,25.01999,24.08319,24.02082,28.16026,24.33105,24.08319,29.27456,31.01612,34.9285,36.12478,40.1995,43.10452,46.69047,45.39824,50.9902,48.01042,52.7731,50.08992,53.46027,50.01,58.42089,57.31492,61.13101,57.42822,58.00862,58.42089,62.20129,61.07373,61.0,60.40695,59.21149,57.07013,59.90826,54.12024,55.36244,61.13101,58.87274,55.36244,54.12024,55.00909,55.07268,58.24946,61.91123,57.62812,56.22277,62.96825,60.82763,65.29931,67.20119,67.20119,66.61081,69.06519,67.74216,68.50547,76.32169,75.45197,77.89737
14.31782,13.41641,12.52996,12.52996,12.08305,11.18034,11.6619,11.6619,11.6619,10.0,10.0,10.81665,10.63015,9.21954,9.21954,9.89949,9.21954,9.21954,9.21954,9.21954,9.21954,9.21954,9.21954,8.60233,8.60233,8.60233,8.60233,9.21954,8.60233,8.60233,7.81025,8.48528,7.81025,8.48528,8.48528,7.81025,7.81025,7.2111,6.40312,6.7082,6.7082,6.7082,5.38516,5.38516,6.08276,5.09902,5.09902,5.0,5.0,4.12311,4.12311,4.12311,75.76939,80.32434,76.15773,73.68175,74.63243,70.2282,71.51224,68.62215,62.64982,69.46222,64.07808,59.9333,63.07139,56.79789,59.48109,56.85948,56.0803,55.75841,53.85165,51.73973,56.0803,52.80152,48.9183,46.01087,46.2277,46.01087,47.38143,48.41487,48.9183,48.10405,48.10405,46.01087,45.25483,45.34314,47.42362,43.13931,47.42362,46.40043,42.63801,44.82187,41.04875,42.19005,40.81666,38.01316,38.07887,38.48376,40.5216,33.83785,36.87818,35.22783,33.13608,31.06445,29.27456,32.01562,27.85678,26.92582,26.40076,21.93171,25.4951,21.26029,26.90725,26.62705,28.01785,31.89044,32.64966,31.76476,35.77709,40.81666,47.63402,45.79301,46.64762,48.25971,51.61395,53.00943,51.10773,52.15362,56.72742,55.60576,59.40539,60.30755,62.00806,57.42822,62.42596,62.20129,65.0,57.14018,59.90826,58.5235,60.82763,57.80138,55.47071,55.47071,58.59181,58.18935,55.71355,54.70832,54.12947,56.29387,51.47815,55.14526,51.08816,58.00862,52.0,55.0,60.20797,63.15061,61.13101,63.32456,67.72001,73.37575,74.33034,70.77429,79.69944,78.18568
14.14214,13.15295,12.16553,12.16553,12.16553,11.40175,12.36932,11.40175,10.44031,10.44031,10.44031,9.48683,9.48683,9.48683,8.544,10.29563,8.94427,8.94427,8.06226,8.94427,8.60233,8.60233,8.60233,8.60233,8.06226,8.60233,8.60233,8.06226,8.06226,8.60233,8.06226,8.06226,7.2111,7.61577,7.61577,7.61577,7.28011,7.28011,7.07107,6.08276,6.08276,6.08276,6.0,6.0,5.0,5.09902,5.38516,5.38516,4.47214,5.0,4.24264,4.24264,76.94154,74.1485,78.64477,77.52419,75.13322,74.52516,69.2315,67.68309,65.9242,67.46851,63.78871,60.44005,58.5235,58.5235,58.5235,55.65968,58.30952,53.31041,48.46648,51.97115,53.23533,53.7122,48.25971,47.88528,43.26662,46.09772,48.25971,50.44799,47.80167,46.2277,48.27007,50.0,42.2019,44.20407,47.20169,44.94441,48.37355,42.54409,42.95346,45.17743,44.28318,46.09772,43.08132,31.95309,38.8973,33.54102,40.1995,31.06445,37.12142,32.01562,30.14963,34.53983,31.32092,32.20248,28.17801,29.15476,27.58623,23.60085,23.34524,19.20937,27.20294,25.45584,23.34524,27.45906,31.89044,29.69848,33.97058,41.72529,43.18565,45.27693,44.68781,48.83646,48.79549,51.08816,55.15433,53.74012,57.31492,57.98276,60.10824,58.79626,60.1415,59.39697,61.55485,60.10824,60.20797,58.69412,60.87693,55.9017,59.46427,60.44005,55.80323,58.60034,55.22681,57.42822,57.3062,55.00909,55.54278,55.36244,62.36185,56.64804,58.94065,58.24946,57.07013,60.07495,64.00781,61.29437,66.0,62.39391,69.46222,72.69113,71.56815,72.33948,79.51101,78.44743
12.80625,12.80625,12.80625,12.80625,12.04159,11.40175,10.81665,10.81665,10.81665,10.81665,10.29563,9.84886,10.29563,9.84886,8.94427,9.48683,8.24621,8.544,8.24621,8.24621,8.24621,8.24621,8.24621,8.24621,9.21954,8.06226,8.06226,8.24621,8.24621,8.06226,8.24621,8.24621,7.28011,7.28011,7.28011,7.61577,7.61577,6.7082,7.2111,6.7082,5.83095,5.65685,5.65685,5.65685,5.0,5.0,4.47214,5.38516,4.47214,5.09902,4.0,4.0,82.03658,79.24645,86.31338,70.83784,75.9276,72.12489,72.13876,73.59348,68.68042,65.60488,67.95587,61.29437,61.40033,61.85467,56.35601,57.70615,56.82429,58.18075,54.626,53.31041,53.31041,50.28916,49.47727,51.92302,42.37924,47.80167,45.60702,49.81967,42.72002,49.16299,43.73786,48.50773,47.85394,45.60702,48.6621,45.54119,45.88028,47.75982,46.23851,44.28318,39.92493,39.0,40.24922,41.34005,35.0,35.80503,39.05125,38.8973,31.82766,31.82766,34.20526,33.12099,28.84441,33.73426,28.86174,28.07134,25.0,23.32381,24.16609,27.313,26.40076,29.15476,28.44293,27.89265,31.7805,37.85499,37.64306,43.93177,44.10215,46.32494,47.85394,49.47727,46.87217,54.74486,54.34151,55.9017,61.0,58.24946,62.58594,62.8172,62.58594,67.46851,61.18823,63.15061,61.84658,58.42089,63.15061,64.28063,60.67125,60.53098,58.07753,62.20129,56.0803,60.03332,54.74486,62.20129,57.70615,60.53098,57.24509,54.08327,60.16644,59.5063,54.12024,61.58734,67.20119,66.03787,66.61081,68.11755,74.27651,68.11755,72.18033,76.6942,85.56284,75.66373
13.89244,14.31782,12.52996,13.41641,12.52996,12.52996,11.6619,11.6619,11.6619,10.81665,10.81665,11.40175,10.63015,10.0,10.0,9.89949,9.89949,9.89949,8.48528,9.21954,9.21954,8.48528,9.21954,9.21954,8.60233,8.60233,9.21954,8.48528,8.48528,9.21954,8.48528,8.48528,7.81025,7.81025,8.60233,8.60233,7.2111,6.7082,6.7082,6.7082,7.28011,7.28011,6.32456,6.08276,7.07107,6.0,7.0,6.08276,6.08276,6.08276,6.32456,5.38516,81.88406,79.30952,82.20097,76.23647,75.66373,75.66373,67.26812,68.88396,67.46851,64.38167,66.48308,62.0967,65.96969,58.24088,54.70832,62.39391,52.39275,53.66563,53.22593,53.85165,50.9902,51.97115,46.61545,46.52956,45.27693,50.53712,47.01064,45.48626,48.25971,48.25971,47.70744,52.47857,43.56604,47.70744,49.73932,43.909,45.27693,42.54409,42.95346,47.75982,46.8188,41.76123,44.38468,35.73514,40.4475,40.11234,38.11824,38.01316,35.12834,39.31921,32.57299,32.01562,29.15476,29.15476,30.23243,31.90611,33.6006,23.43075,22.80351,23.43075,30.4795,24.20744,32.20248,31.82766,30.23243,37.80212,33.61547,38.27532,40.22437,46.04346,43.86342,44.68781,50.24938,53.90733,52.40229,50.93133,62.76942,61.68468,68.62215,56.22277,51.85557,53.2635,61.07373,59.5483,62.36986,57.62812,60.80296,58.0517,57.62812,56.40035,53.25411,59.07622,57.14018,57.69749,54.56189,57.38467,54.70832,56.32051,52.39275,61.03278,59.21149,63.12686,65.27634,60.00833,63.00794,62.514,63.28507,64.38167,72.24957,79.07591,71.84706,71.38627,76.11833,75.95393
13.0,13.0,13.0,13.0,12.0,13.0,12.04159,12.04159,11.04536,11.04536,11.18034,10.19804,10.04988,10.04988,10.19804,10.19804,9.48683,9.48683,9.48683,9.48683,9.48683,9.48683,8.544,8.544,8.544,8.94427,8.94427,8.544,8.544,8.544,8.24621,8.544,8.24621,8.24621,8.24621,8.24621,8.06226,7.07107,7.0,7.0,7.0,7.0,7.07107,6.32456,6.32456,6.32456,6.32456,5.83095,5.83095,5.83095,5.0,5.65685,79.22752,78.16009,71.17584,78.16009,79.1012,70.0,74.00676,68.11755,67.00746,63.00794,66.18912,64.12488,63.1981,59.68249,60.67125,61.0,56.08921,55.10898,53.60037,54.42426,53.85165,49.0408,46.09772,49.98,49.64877,46.51881,50.08992,47.01064,45.22168,55.9464,50.56679,49.24429,47.41308,46.09772,49.1935,44.38468,46.61545,47.43416,47.12749,47.43416,43.01163,42.42641,43.10452,34.1321,35.0,37.01351,35.01428,36.0,32.01562,35.90265,34.20526,33.12099,28.42534,33.28663,27.78489,29.68164,31.14482,16.55295,23.08679,26.40076,25.4951,26.41969,27.78489,29.15476,32.20248,36.35932,36.61967,41.04875,39.40812,43.82921,44.65423,46.64762,48.54894,51.0392,58.24946,52.43091,52.83938,56.60389,56.30275,62.1289,59.36329,61.40033,61.40033,63.81222,59.64059,59.90826,59.68249,59.66574,60.80296,60.20797,58.89822,55.15433,60.10824,57.31492,59.03389,55.60576,57.2014,58.24946,61.26989,56.82429,59.9333,55.7853,67.35726,58.0517,67.26812,67.46851,66.91039,65.11528,72.24957,74.33034,78.40918,78.31347,70.06426,76.32169
13.0,12.0,12.0,12.0,12.0,11.0,11.04536,10.04988,10.04988,10.04988,10.04988,9.05539,9.21954,9.21954,8.24621,8.24621,8.24621,8.24621,8.544,8.544,7.61577,7.61577,7.61577,7.61577,7.61577,7.61577,7.61577,7.61577,7.61577,7.61577,7.61577,7.61577,7.28011,7.28011,7.28011,7.07107,7.07107,6.0,6.0,6.0,6.08276,6.08276,6.08276,5.38516,6.32456,5.0,5.83095,5.0,5.0,5.0,5.0,5.0,81.30191,77.02597,81.30191,71.70077,70.25667,73.43705,68.26419,73.24616,64.28063,68.11755,62.80127,60.20797,59.84146,56.08921,57.48913,54.40588,56.61272,49.47727,52.55473,52.88667,52.55473,51.47815,50.15974,53.23533,44.77723,51.47815,48.37355,45.79301,44.65423,43.82921,44.77723,44.72136,45.61798,47.01064,44.28318,45.61798,43.909,43.32436,41.78516,40.5216,41.23106,41.23106,40.79216,40.4475,40.31129,34.05877,35.0571,34.36568,35.22783,31.32092,34.78505,33.12099,29.15476,26.40076,26.07681,26.24881,24.20744,26.24881,26.40076,23.34524,26.1725,27.01851,28.3196,32.64966,33.30165,38.28838,39.62323,38.94868,41.7732,43.86342,50.32892,50.32892,50.93133,53.41348,54.56189,57.31492,57.62812,56.63921,56.58622,54.67175,62.24147,60.959,65.94695,59.4138,60.10824,58.72819,64.66065,55.31727,60.82763,60.30755,62.00806,62.80127,58.00862,57.98276,56.60389,59.03389,58.5235,56.36488,59.13544,60.74537,56.32051,59.43904,58.54912,62.514,61.29437,66.0303,64.38167,68.00735,68.0,75.0,69.02898,77.16217,78.16009,78.63841
13.41641,13.41641,12.52996,11.6619,11.6619,11.6619,11.6619,11.6619,11.6619,10.0,10.0,10.0,9.21954,9.21954,9.21954,9.89949,9.21954,9.21954,9.21954,8.60233,7.81025,7.81025,8.60233,8.60233,7.81025,8.60233,8.60233,8.48528,7.81025,9.21954,7.81025,7.81025,7.07107,7.07107,7.81025,7.81025,7.81025,7.2111,7.2111,5.83095,6.7082,6.32456,6.32456,5.09902,5.09902,5.09902,5.0,5.0,4.12311,4.12311,4.12311,4.47214,79.30952,79.83107,78.84795,78.16009,80.77747,73.97973,70.34202,68.65858,64.84597,67.72001,68.00735,66.48308,64.07808,55.54278,59.5063,53.7122,55.03635,55.47071,51.10773,48.8774,54.70832,52.69725,47.20169,50.9902,48.27007,48.83646,47.42362,49.81967,44.82187,50.60632,47.42362,45.96738,45.25483,48.16638,45.96738,41.40048,47.80167,43.27817,43.26662,42.54409,43.04649,41.14608,40.31129,36.24914,37.69615,34.71311,37.85499,38.07887,32.01562,36.12478,35.0571,31.01612,33.13608,28.16026,26.40076,26.0,29.06888,24.69818,24.20744,26.41969,24.20744,25.6125,25.4951,27.01851,35.4683,34.65545,38.94868,41.01219,42.44997,46.01087,47.63402,44.59821,53.8145,52.40229,49.51767,53.74012,57.31492,55.86591,57.31492,62.93648,57.62812,58.25805,63.70243,58.69412,62.2254,58.72819,62.93648,59.81639,59.20304,56.40035,55.0,57.00877,59.07622,61.03278,57.14018,56.79789,58.60034,53.31041,54.12024,56.04463,54.74486,61.52235,57.07889,60.0,64.03124,64.49806,65.00769,70.02857,70.45566,72.18033,70.71068,75.80237,71.70077,79.62412
14.14214,14.14214,13.45362,14.14214,13.45362,12.72792,12.04159,12.04159,11.40175,11.40175,11.40175,10.81665,10.81665,10.81665,10.29563,10.29563,10.29563,9.84886,9.84886,9.84886,9.84886,9.48683,8.544,9.48683,9.48683,8.544,9.48683,9.48683,9.48683,8.544,8.544,8.94427,8.544,8.94427,8.06226,8.06226,8.60233,8.60233,7.81025,7.81025,7.07107,7.07107,7.07107,7.07107,6.40312,5.83095,6.7082,5.83095,5.38516,6.32456,5.38516,5.09902,84.90583,72.11103,85.14693,76.00658,72.94518,73.40981,68.00735,74.20243,68.41053,68.88396,61.61169,63.12686,63.70243,55.86591,55.9017,57.38467,56.85068,58.13777,60.1415,49.67897,59.36329,47.50789,50.24938,51.31277,51.10773,49.40648,45.18849,50.24938,47.01064,46.95743,48.8467,45.17743,45.17743,49.64877,42.04759,44.94441,47.50789,46.32494,47.70744,44.40721,38.27532,39.20459,42.80187,41.7732,40.80441,36.05551,40.49691,36.89173,38.01316,31.30495,30.36445,27.65863,35.35534,28.44293,31.257,27.01851,27.51363,19.72308,22.47221,24.18677,29.41088,25.07987,26.68333,26.0,32.69557,31.95309,36.40055,37.94733,37.33631,47.29693,45.88028,46.06517,47.53946,48.33218,48.8467,53.85165,51.97115,54.56189,60.92618,53.48832,57.27128,57.69749,59.23681,60.37384,62.16912,56.64804,61.46544,54.40588,60.72891,54.40588,58.18935,54.74486,57.70615,42.10701,51.41984,64.13267,47.01064,61.20457,55.14526,53.46027,58.30952,57.38467,49.0408,54.70832,59.48109,64.88451,60.83584,68.47627,75.71658,75.80237,61.61169,73.78347,81.12336,78.23043
14.21267,12.80625,13.0384,12.80625,12.20656,11.40175,11.40175,10.81665,10.81665,10.29563,10.81665,10.29563,9.84886,8.94427,9.48683,9.84886,8.544,8.544,8.544,8.24621,8.24621,8.24621,8.24621,8.24621,8.24621,8.24621,8.24621,8.24621,8.24621,8.24621,7.28011,7.28011,7.28011,7.28011,7.61577,8.06226,7.2111,7.2111,7.2111,6.40312,7.07107,6.40312,6.40312,6.40312,6.40312,5.83095,5.83095,5.38516,5.38516,5.09902,5.09902,5.0,82.8734,80.11242,71.11962,72.06941,77.87811,73.40981,72.23573,68.44706,70.5762,64.84597,63.15853,63.07139,66.40783,61.68468,59.20304,56.75385,56.29387,57.48913,55.57877,51.24451,48.50773,50.01,49.0408,51.0098,50.01,45.0,51.0392,48.09366,46.38965,47.16991,46.09772,46.01087,50.63596,46.01087,44.04543,41.30375,45.04442,47.0,43.28972,43.73786,41.0,44.14748,43.17407,41.97618,41.4367,38.07887,34.0,38.07887,34.71311,32.55764,33.94113,31.82766,29.06888,24.69818,27.80288,29.06888,28.63564,26.07681,25.07987,25.07987,24.18677,26.07681,31.01612,27.65863,31.7805,37.65634,35.22783,37.65634,45.70558,47.07441,47.85394,46.87217,51.15662,50.69517,50.9902,54.34151,54.74486,59.5399,56.56854,58.0517,58.0517,60.82763,63.50591,60.40695,62.96825,62.58594,60.01666,61.84658,58.69412,59.20304,55.36244,57.00877,59.46427,56.0803,58.60034,60.03332,56.93856,58.5235,56.0803,55.31727,59.4138,57.48913,60.1415,60.1415,62.96825,67.6757,65.76473,68.47627,75.58439,65.74192,77.47258,80.05623,79.17702,80.5295
12.80625,12.80625,12.04159,12.80625,12.04159,12.04159,10.63015,10.63015,11.31371,10.63015,9.89949,10.0,10.0,10.0,9.43398,8.94427,9.43398,8.06226,8.94427,8.94427,7.61577,8.94427,7.61577,8.544,8.544,8.544,8.544,8.544,8.544,7.61577,7.61577,7.61577,8.06226,7.61577,7.2111,7.2111,6.40312,7.2111,7.07107,7.07107,5.65685,6.40312,6.40312,5.83095,5.38516,5.38516,5.09902,5.09902,5.09902,5.0,5.0,5.09902,85.14693,81.84131,83.86298,74.43118,80.0,71.02816,77.00649,66.57327,74.8131,62.62587,65.60488,58.69412,64.38167,62.2254,59.46427,56.63921,55.31727,54.67175,54.81788,53.2635,49.64877,47.01064,49.64877,53.0,50.77401,51.88449,49.24429,52.39275,51.07837,51.26402,46.51881,45.18849,45.61798,46.32494,46.23851,47.01064,47.01064,51.10773,43.93177,41.34005,39.82462,39.05125,46.01087,37.48333,40.60788,36.61967,40.22437,39.66106,33.83785,32.89377,32.57299,31.57531,31.32092,31.14482,33.01515,27.01851,27.65863,24.69818,25.23886,25.23886,29.15476,28.17801,27.73085,33.12099,32.69557,34.0147,40.31129,43.38202,44.38468,43.65776,45.18849,45.18849,52.39275,54.78138,54.56189,58.87274,59.48109,57.27128,60.53924,63.07139,65.0,62.24147,61.68468,63.32456,65.39113,62.96825,58.5235,58.82176,66.40783,64.28841,63.89053,63.15061,55.31727,55.7315,56.14268,56.14268,59.00847,61.03278,58.54912,59.03389,60.63827,55.02727,67.06713,63.56099,64.84597,70.00714,68.35203,55.00909,66.21933,73.40981,68.47627,80.99383,77.10383,85.08819
14.14214,14.31782,14.31782,14.31782,13.34166,12.36932,12.36932,12.36932,12.36932,11.7047,11.40175,11.7047,11.7047,10.77033,10.29563,11.18034,10.29563,10.29563,9.43398,9.43398,9.43398,10.0,9.43398,9.21954,9.43398,9.43398,9.43398,9.43398,8.60233,9.43398,8.60233,9.43398,9.43398,8.06226,8.94427,8.544,8.544,8.24621,7.28011,7.28011,7.28011,7.07107,7.07107,7.07107,6.0,7.07107,6.08276,6.08276,6.08276,5.38516,5.38516,5.0,85.90693,82.46211,82.56513,77.36924,72.03471,73.37575,78.33901,68.65858,70.61161,64.28841,63.56886,61.68468,62.62587,64.4748,55.47071,60.37384,55.54278,53.7122,55.00909,54.12024,51.62364,50.77401,50.0,48.01042,47.63402,48.16638,49.64877,49.51767,49.81967,48.16638,43.41659,48.60041,51.08816,48.41487,46.75468,44.40721,48.01042,43.26662,44.94441,39.66106,41.14608,42.04759,43.86342,42.54409,38.62642,36.68787,37.12142,34.23449,33.01515,36.05551,34.23449,33.13608,35.22783,30.80584,30.67572,27.78489,28.30194,23.02173,23.34524,23.60085,26.90725,27.58623,28.28427,31.241,33.94113,31.14482,37.53665,41.72529,42.44997,41.23106,48.08326,44.59821,46.8615,51.62364,53.15073,55.86591,52.40229,54.45181,58.72819,57.31492,60.10824,61.52235,57.98276,56.63921,62.2254,58.41233,56.72742,56.85068,59.66574,64.63745,57.68882,62.20129,60.74537,53.0,55.47071,57.00877,56.921,55.7853,57.97413,51.26402,58.30952,57.42822,51.08816,58.07753,61.03278,68.02941,67.36468,71.11259,64.13267,69.05071,73.1642,73.1642,81.21576,78.64477
12.36932,12.36932,12.36932,12.36932,12.16553,11.18034,11.18034,11.04536,10.04988,10.19804,10.04988,10.04988,10.04988,9.0,9.0,9.05539,8.06226,8.06226,8.06226,8.06226,8.06226,8.24621,8.24621,8.24621,8.24621,8.24621,7.28011,8.24621,7.28011,8.24621,7.28011,7.07107,7.07107,7.07107,8.06226,7.07107,7.0,7.07107,6.08276,6.08276,6.08276,6.08276,5.38516,5.38516,5.38516,5.38516,4.47214,5.0,4.24264,4.24264,3.60555,4.47214,78.91768,76.40026,76.90254,73.75636,75.9276,70.03571,76.11833,68.15424,66.75328,62.64982,63.12686,63.1981,61.29437,56.0357,58.00862,59.03389,60.00833,50.15974,51.78803,54.33231,51.62364,49.36598,48.16638,47.29693,42.57934,47.29693,44.91102,43.68066,49.72927,44.64303,49.64877,48.08326,43.17407,42.95346,46.8188,45.35416,40.5216,47.29693,42.2019,45.60702,44.38468,44.01136,41.01219,41.30375,36.05551,37.33631,33.73426,39.56008,37.33631,32.01562,34.0,32.75668,27.20294,30.61046,26.1725,29.83287,26.62705,25.07987,24.0,26.01922,28.44293,28.44293,25.31798,30.36445,31.95309,36.40055,38.32754,37.94733,41.76123,43.68066,44.27189,45.88028,43.17407,54.78138,56.30275,54.42426,57.48913,57.56735,61.35145,58.18935,59.48109,58.69412,62.03225,62.39391,60.16644,64.84597,65.14599,55.9464,59.5063,58.30952,58.60034,60.82763,57.45433,56.85948,59.40539,55.60576,59.5483,58.0,58.79626,55.31727,53.53504,53.25411,61.09828,56.85948,59.9333,66.12866,66.21178,66.30988,67.44627,71.06335,67.72001,74.33034,79.07591,81.25269
12.36932,11.40175,11.40175,11.40175,11.40175,10.44031,10.44031,9.48683,9.48683,9.84886,9.48683,8.94427,8.94427,8.94427,8.94427,8.06226,8.06226,7.2111,7.81025,7.81025,7.81025,7.81025,6.40312,7.07107,7.81025,7.07107,7.07107,7.07107,7.07107,7.07107,7.81025,7.07107,7.07107,7.2111,5.83095,6.7082,6.7082,5.38516,5.38516,6.32456,5.09902,5.09902,6.08276,5.0,5.0,5.09902,5.09902,4.12311,4.47214,4.47214,4.47214,5.0,83.09633,83.0542,74.24284,78.16009,76.65507,73.68175,72.83543,72.83543,69.63476,66.37017,62.8172,61.40033,57.97413,61.03278,57.87055,55.54278,56.64804,53.66563,53.22593,48.75449,50.53712,48.54894,49.20366,52.35456,47.41308,47.43416,44.40721,52.63079,48.27007,47.01064,43.27817,43.41659,46.01087,43.60046,45.60702,44.20407,44.65423,46.04346,42.05948,41.14608,43.38202,40.71855,43.41659,38.27532,35.8469,39.84972,33.95585,39.05125,36.01389,34.0,32.01562,27.45906,31.7805,32.89377,31.01612,27.78489,27.01851,24.04163,24.04163,28.23119,24.69818,30.41381,29.06888,31.76476,34.1321,37.12142,38.27532,41.04875,44.10215,44.72136,45.27693,49.65884,49.24429,56.0803,53.7122,53.33854,56.93856,62.64982,59.64059,55.22681,62.96825,62.68174,59.90826,62.42596,60.46487,61.58734,65.43699,58.00862,59.46427,60.30755,62.36986,54.56189,57.48913,61.7171,62.00806,59.90826,53.85165,52.3259,56.79789,57.93962,54.40588,55.65968,58.69412,61.18823,66.27217,64.07027,68.26419,67.18631,68.06614,71.06335,78.05767,74.02702,76.1643,86.37129
12.04159,12.72792,12.04159,12.04159,11.31371,11.40175,10.63015,10.63015,10.0,10.0,10.81665,9.43398,9.43398,8.94427,8.94427,8.94427,8.94427,8.544,8.544,8.544,7.61577,8.544,8.24621,8.24621,7.28011,7.28011,7.28011,7.61577,7.61577,7.28011,7.61577,7.61577,6.7082,6.7082,6.7082,6.7082,7.2111,5.83095,6.40312,5.65685,5.65685,5.65685,5.65685,5.0,5.83095,4.47214,5.38516,5.09902,5.09902,5.0,4.0,4.12311,76.40026,79.40403,73.40981,72.24957,79.81228,70.83784,69.35416,65.94695,65.11528,62.2254,62.24147,63.65532,62.93648,60.20797,58.79626,55.31727,57.62812,52.80152,48.01042,53.85165,48.8774,51.97115,48.76474,50.77401,48.54894,47.85394,43.82921,46.06517,44.72136,48.33218,44.29447,44.94441,45.61798,43.46263,46.52956,40.31129,44.77723,42.54409,40.0,41.04875,42.80187,41.10961,41.72529,36.06938,36.23534,33.30165,34.05877,33.28663,35.51056,37.58989,29.41088,32.98485,31.32092,28.28427,28.0,26.07681,27.01851,30.23243,29.15476,24.41311,26.62705,28.6531,27.73085,31.62278,31.62278,38.60052,38.27532,41.10961,48.46648,47.01064,47.16991,52.20153,51.5461,55.71355,57.87055,52.49762,58.69412,53.48832,60.72891,63.69458,62.76942,63.56886,66.12866,64.62198,61.40033,66.09841,60.74537,63.32456,54.34151,60.87693,58.46366,59.03389,62.20129,58.30952,58.07753,61.03278,56.00893,57.14018,55.7315,56.75385,59.43904,52.55473,58.30952,62.16912,61.77378,69.35416,65.51336,65.36819,71.02816,72.11103,73.81734,75.45197,73.4983,80.28076
14.14214,13.0384,14.03567,13.0384,13.0,12.04159,12.04159,11.0,11.0,12.04159,11.0,11.04536,10.04988,9.05539,9.05539,10.19804,9.05539,10.19804,8.24621,9.48683,9.21954,9.48683,9.21954,8.544,9.48683,8.544,8.24621,9.48683,8.24621,9.21954,8.24621,9.21954,8.06226,8.24621,8.06226,8.06226,8.0,7.0,7.0,7.07107,7.07107,6.32456,7.07107,6.32456,6.32456,5.38516,5.38516,5.83095,5.83095,5.0,4.24264,3.60555,77.23341,77.16217,76.23647,70.17834,74.00676,67.47592,71.06335,70.02857,72.0,65.00769,63.1981,64.28063,61.52235,57.42822,58.54912,53.33854,60.82763,49.81967,50.80354,51.92302,51.5461,53.85165,44.94441,49.76947,47.85394,49.39636,45.31004,47.41308,52.81098,44.94441,46.61545,48.8467,49.24429,47.88528,42.54409,47.75982,44.28318,42.15448,43.46263,42.05948,39.62323,46.52956,38.63936,37.01351,37.05401,39.05125,37.05401,38.0,34.52535,36.40055,34.48188,31.62278,31.95309,29.54657,29.52965,31.14482,23.43075,24.33105,28.44293,27.89265,25.4951,27.85678,29.15476,31.30495,34.0147,36.05551,38.62642,41.14608,42.95346,45.65085,44.38468,50.92151,51.07837,55.4617,56.30275,56.4358,60.53924,60.82763,59.9333,60.92618,57.70615,61.7414,61.32699,58.69412,59.9333,56.82429,66.18912,61.77378,64.14047,58.60034,59.20304,58.60034,54.67175,57.48913,57.48913,55.15433,55.31727,58.60034,55.21775,57.14018,62.17717,52.83938,60.74537,55.36244,64.19502,61.52235,66.94027,70.21396,63.34824,67.89698,67.47592,75.95393,76.10519,79.30952
13.0,13.41641,13.0,12.08305,11.7047,12.08305,10.77033,11.7047,10.77033,10.44031,10.44031,10.19804,10.19804,9.21954,9.21954,9.21954,9.05539,8.06226,9.05539,8.06226,8.0,8.06226,8.0,8.0,8.0,8.0,8.0,8.0,8.0,8.06226,7.07107,7.07107,7.07107,7.07107,7.28011,7.28011,7.28011,6.32456,6.32456,6.7082,6.40312,6.40312,6.40312,6.40312,6.40312,6.40312,5.83095,5.0,5.38516,5.38516,5.38516,5.09902,73.78347,80.1561,77.69813,69.64194,71.56116,75.47185,71.34424,68.09552,70.23532,63.63175,60.03332,61.26989,62.64982,55.9017,53.31041,55.15433,53.75872,52.81098,55.65968,51.41984,53.15073,48.08326,52.61179,42.42641,45.70558,49.64877,49.24429,47.85394,43.93177,47.85394,42.2019,46.09772,43.41659,41.59327,42.72002,41.10961,44.14748,42.2019,42.44997,41.14608,39.44617,39.92493,36.76955,38.07887,41.88078,40.60788,39.05125,36.23534,34.65545,34.71311,32.75668,31.90611,32.24903,33.61547,31.04835,30.41381,31.7805,25.01999,25.17936,24.02082,29.15476,31.06445,33.24154,35.35534,35.51056,37.85499,39.05125,42.29657,46.69047,48.37355,50.35871,51.47815,53.93515,59.4138,56.4358,59.68249,58.54912,57.55867,61.29437,59.68249,61.98387,64.12488,62.28965,66.1211,68.35934,61.81424,64.77654,56.7186,62.36986,61.81424,63.06346,65.14599,57.07013,54.40588,57.00877,58.30952,57.69749,58.30952,59.5399,55.21775,62.42596,59.03389,60.82763,62.96825,65.06919,66.4003,64.66065,69.40461,63.41136,71.8401,72.67049,78.03204,79.05694,76.05919
13.34166,13.34166,13.15295,13.15295,12.36932,12.16553,11.18034,11.18034,11.04536,11.04536,11.04536,11.0,10.04988,10.0,10.0,10.04988,9.05539,9.05539,9.05539,9.05539,9.05539,8.06226,9.21954,9.21954,8.06226,8.06226,8.24621,8.06226,8.24621,8.24621,8.06226,8.06226,8.06226,8.0,8.0,8.0,8.0,7.07107,7.07107,7.07107,7.07107,6.08276,7.28011,6.32456,6.32456,6.7082,5.83095,5.83095,6.40312,6.40312,5.65685,5.65685,76.29548,74.33034,81.88406,74.67262,71.38627,69.05071,71.44928,67.47592,67.47592,67.26812,67.02984,61.0,59.07622,58.00862,60.00833,63.07139,56.14268,52.61179,55.44367,54.91812,54.57105,50.80354,52.39275,45.89118,47.80167,45.35416,43.01163,50.96077,49.24429,44.27189,46.61545,46.48656,40.5216,43.32436,47.43416,42.75512,43.17407,46.32494,41.19466,44.14748,44.10215,43.01163,35.12834,43.01163,37.12142,38.01316,39.31921,36.13862,36.68787,33.52611,31.76476,33.61547,28.01785,30.80584,30.80584,29.73214,31.14482,29.61419,28.23119,27.89265,29.54657,29.15476,29.06888,29.52965,32.24903,39.44617,41.04875,38.27532,46.64762,51.47815,47.42362,47.01064,50.53712,52.7731,55.4617,59.48109,58.30952,59.48109,63.07139,61.7171,65.0,62.16912,63.95311,68.42514,65.29931,65.73431,63.07139,63.81222,65.0,58.83026,62.1289,62.68174,59.81639,59.66574,63.70243,57.28001,57.38467,59.5483,58.82176,61.58734,61.05735,61.40033,63.24555,59.46427,64.84597,63.32456,65.80274,69.12308,68.88396,74.8131,72.99315,73.68175,74.8131,78.23043
14.03567,13.0384,13.0384,13.0384,13.0384,12.16553,12.16553,12.04159,11.18034,11.18034,11.40175,10.44031,10.44031,10.44031,9.48683,9.48683,9.48683,9.48683,8.544,8.544,8.544,8.94427,8.94427,8.06226,8.06226,8.06226,8.94427,8.94427,7.61577,8.06226,7.61577,8.544,7.61577,7.61577,7.28011,8.24621,8.24621,7.07107,7.07107,7.07107,7.0,7.0,7.07107,6.08276,6.08276,7.07107,6.32456,6.32456,6.7082,5.83095,5.83095,5.83095,72.02777,79.02531,75.10659,73.02739,74.02702,66.18912,69.35416,67.00746,61.13101,68.11755,63.63961,63.95311,62.36986,55.31727,56.7186,53.33854,52.7731,51.66237,48.27007,50.69517,51.5461,48.46648,46.09772,45.69464,43.38202,47.41308,44.29447,47.88528,41.4367,42.05948,43.41659,43.909,41.14608,47.42362,44.77723,40.8534,42.15448,40.24922,40.31129,36.68787,43.17407,41.23106,36.01389,36.0,40.31129,34.0,35.12834,37.12142,36.22154,37.12142,33.52611,29.83287,29.15476,31.7805,31.62278,33.42155,27.80288,22.84732,24.16609,28.17801,26.62705,30.01666,26.40076,36.06938,35.60899,36.40055,44.40721,44.82187,45.48626,46.40043,47.20169,49.57822,47.70744,53.2635,53.41348,58.25805,58.60034,58.41233,58.41233,61.29437,63.51378,63.00794,62.96825,60.21628,63.60031,61.84658,62.20129,60.20797,59.66574,61.52235,57.48913,61.52235,56.85068,61.22091,61.40033,56.22277,54.91812,56.60389,57.27128,57.38467,60.16644,61.40033,58.69412,55.7315,62.39391,65.37584,64.28063,66.37017,67.00746,68.11755,76.00658,74.00676,71.11259,76.05919
13.60147,12.36932,12.64911,12.64911,12.36932,11.40175,12.36932,11.18034,11.18034,11.18034,11.18034,10.04988,10.04988,10.04988,10.04988,10.0,9.0,9.0,9.0,9.05539,9.05539,8.06226,9.05539,9.05539,9.05539,8.06226,8.06226,8.06226,8.06226,8.0,8.0,8.0,8.0,7.0,7.07107,8.06226,7.28011,7.07107,6.08276,7.28011,6.32456,6.32456,6.32456,5.83095,5.83095,5.83095,5.0,5.65685,5.65685,5.0,5.0,4.47214,76.05919,79.15807,77.36924,77.82031,72.47068,68.42514,72.91776,62.64982,68.70953,60.41523,59.9333,61.46544,56.921,63.24555,54.12024,56.04463,56.7186,55.9017,53.46027,52.95281,52.61179,50.80354,46.0,50.08992,46.52956,48.25971,47.16991,47.04253,49.0408,51.15662,45.17743,46.01087,41.10961,46.0,47.07441,43.28972,42.29657,42.75512,40.60788,40.80441,43.01163,38.60052,41.0,38.62642,40.31129,34.88553,36.23534,42.05948,31.82766,31.14482,35.0,34.05877,30.4795,28.01785,32.20248,26.92582,28.63564,25.17936,26.07681,26.07681,31.01612,31.257,30.14963,33.24154,32.24903,39.31921,38.83298,43.17407,44.91102,45.22168,49.47727,50.69517,51.47815,54.58938,53.15073,51.66237,59.22837,58.54912,63.1981,61.66036,60.20797,60.87693,64.32729,59.68249,61.98387,61.98387,58.69412,63.60031,61.39218,56.75385,60.44005,61.03278,57.58472,61.46544,55.47071,56.30275,55.47071,57.80138,57.38467,54.81788,60.20797,55.86591,60.44005,58.13777,61.22091,62.00806,68.24222,64.84597,70.23532,66.88797,68.88396,77.82031,79.25907,76.53757
12.72792,11.31371,12.04159,11.31371,11.31371,10.63015,10.63015,10.0,10.0,10.0,9.21954,8.60233,9.43398,8.60233,8.60233,8.94427,8.06226,8.94427,8.06226,7.61577,7.61577,7.61577,7.61577,7.61577,7.61577,7.61577,7.61577,7.61577,6.7082,6.7082,6.7082,7.61577,6.7082,6.7082,6.7082,6.40312,6.40312,6.40312,5.65685,5.65685,5.65685,5.0,6.40312,5.0,4.47214,4.47214,5.38516,5.38516,5.09902,5.0,5.0,4.12311,77.07788,74.96666,75.16648,76.48529,70.60453,68.68042,67.89698,70.03571,65.19202,59.36329,56.22277,59.03389,57.98276,56.61272,55.07268,55.9017,52.83938,47.88528,51.47815,51.62364,47.75982,46.61545,51.86521,49.24429,46.52956,45.69464,43.01163,48.70318,49.47727,42.75512,40.11234,42.57934,43.9659,44.38468,39.29377,44.94441,39.21734,43.01163,39.11521,37.57659,36.40055,37.12142,39.82462,39.82462,36.61967,35.51056,33.01515,34.71311,34.05877,31.82766,32.64966,28.01785,31.30495,32.69557,29.15476,29.41088,27.45906,39.40812,38.60052,29.73214,32.31099,29.73214,31.32092,32.28002,33.52611,37.10795,37.0,40.5216,41.97618,43.73786,44.91102,51.24451,47.29693,50.9902,55.7853,55.10898,57.48913,58.69412,60.41523,59.90826,60.01666,58.85576,62.28965,60.20797,61.39218,61.98387,64.13267,58.21512,60.82763,62.514,59.21149,62.1289,57.00877,59.13544,57.87055,58.54912,57.72348,56.88585,55.65968,55.71355,57.38467,58.18075,61.77378,60.53924,59.03389,68.00735,62.00806,65.19202,65.05382,66.52819,70.00714,74.24958,77.10383,72.86288
13.41641,14.31782,12.52996,13.41641,12.52996,12.52996,12.52996,12.52996,11.6619,10.29563,10.81665,10.81665,10.0,10.0,10.0,10.0,10.63015,9.21954,9.89949,9.21954,9.21954,8.48528,8.48528,8.48528,8.48528,8.48528,8.48528,7.81025,7.81025,7.81025,7.81025,7.81025,7.81025,7.81025,7.81025,7.2111,8.06226,7.61577,6.7082,7.61577,6.32456,7.28011,6.32456,7.28011,7.07107,6.0,6.0,6.0,6.08276,6.08276,6.08276,5.38516,73.00685,72.00694,76.40026,71.19691,78.33901,70.21396,71.02112,68.41053,67.44627,61.84658,66.76077,64.56005,62.62587,54.70832,57.87055,57.24509,55.97321,52.39275,52.39275,55.03635,48.76474,44.29447,46.87217,46.87217,50.24938,47.80167,47.16991,47.01064,41.04875,49.40648,47.20169,44.10215,41.34005,41.88078,42.72002,44.10215,43.909,44.77723,43.04649,43.82921,42.95346,40.5216,40.16217,41.48494,35.17101,37.65634,37.33631,33.24154,34.05877,34.0147,34.0147,34.23449,32.75668,32.55764,30.36445,29.52965,30.08322,24.20744,26.62705,26.92582,27.20294,28.42534,31.40064,35.38361,35.35534,34.65545,39.62323,42.44997,43.18565,44.55334,47.50789,49.67897,48.16638,50.20956,54.45181,52.49762,56.85068,55.9017,60.10824,60.81118,58.0517,58.89822,65.11528,58.0517,61.55485,59.03389,60.10824,62.62587,57.62812,60.80296,58.00862,57.68882,59.64059,58.30952,61.68468,57.27128,54.42426,54.57105,61.40033,61.39218,58.42089,58.42089,65.12296,62.0,62.07254,65.03076,63.3877,70.34913,72.83543,73.5527,73.34848,71.02112,81.21576,80.04998
14.42221,13.60147,14.42221,13.60147,14.42221,12.20656,12.52996,12.52996,11.6619,12.52996,11.18034,11.18034,10.77033,10.77033,10.77033,10.77033,9.48683,9.48683,10.44031,10.44031,9.48683,9.21954,9.21954,9.21954,9.21954,9.21954,8.24621,9.21954,8.24621,9.21954,8.24621,8.24621,8.24621,8.544,8.24621,8.24621,7.61577,7.61577,7.61577,7.2111,8.06226,7.2111,7.2111,7.2111,6.40312,7.07107,6.40312,6.40312,6.40312,5.83095,5.83095,5.38516,79.40403,75.80237,78.49204,82.1523,73.92564,72.20111,73.43024,71.58911,65.36819,65.76473,65.30697,65.0,60.92618,59.48109,59.80803,59.77458,58.24088,54.70832,55.36244,54.45181,57.55867,50.44799,53.15073,50.21952,50.9902,45.54119,50.03998,51.62364,48.50773,47.16991,48.37355,46.09772,49.64877,48.50773,45.01111,49.49747,40.4475,46.09772,47.12749,42.2019,42.95346,41.76123,41.23106,37.94733,39.11521,39.39543,37.12142,37.73592,33.83785,32.80244,34.71311,34.71311,35.4683,32.20248,31.62278,30.41381,30.67572,27.20294,26.57066,24.35159,30.36445,31.32092,27.29469,30.59412,35.44009,39.81206,34.9285,41.59327,40.11234,43.41659,45.27693,51.24451,46.09772,48.04165,51.08816,57.21888,54.33231,57.42822,59.07622,60.40695,58.54912,60.29925,60.0,57.07889,60.13319,61.0082,62.0,56.00893,57.14018,58.54912,58.13777,56.88585,55.31727,57.48913,57.28001,57.87055,63.50591,59.61543,57.80138,56.82429,59.36329,57.80138,66.52819,63.89053,65.19202,65.11528,66.6033,66.70832,72.20111,73.81734,69.89278,80.44874,76.02631,77.38863
12.04159,13.0384,11.04536,12.16553,11.04536,11.04536,10.0,10.0,10.04988,9.0,10.0,10.0,9.0,9.05539,9.05539,9.05539,9.05539,8.06226,8.24621,8.24621,8.06226,8.06226,7.07107,7.28011,7.28011,7.28011,8.06226,7.07107,7.28011,7.07107,7.07107,7.07107,7.07107,7.07107,7.0,6.0,6.0,6.0,6.08276,6.08276,6.32456,6.08276,5.38516,5.38516,5.83095,5.83095,5.0,5.0,4.24264,5.65685,5.0,4.47214,80.23092,73.37575,85.3815,70.2282,72.8011,74.33034,69.57011,71.7844,66.09841,70.5195,65.25335,58.46366,57.97413,58.5235,60.87693,57.55867,57.03508,55.08176,54.45181,48.09366,52.34501,50.03998,52.15362,51.0098,48.04165,48.01042,49.0102,49.09175,46.01087,46.04346,43.01163,46.17359,43.04649,47.01064,40.0,43.01163,44.0,43.10452,44.10215,38.11824,40.1995,38.63936,39.84972,34.48188,38.60052,36.24914,37.57659,35.35534,38.58756,31.40064,34.20526,32.55764,27.58623,27.80288,30.0,29.06888,29.06888,27.20294,29.41088,27.20294,32.57299,30.36445,36.40055,31.7805,37.0,38.27532,39.56008,44.59821,43.86342,46.61545,50.15974,52.39275,47.53946,57.93962,53.75872,54.78138,58.82176,55.4617,61.13101,56.0803,59.77458,57.58472,57.24509,62.62587,62.62587,58.69412,69.31811,57.93962,65.9242,59.16925,60.90156,64.14047,55.22681,55.47071,56.61272,60.959,58.72819,60.82763,55.97321,61.55485,59.20304,59.40539,62.43397,61.05735,62.6099,67.62396,65.30697,70.5762,67.77905,75.02666,70.00714,80.41144,83.81527,79.40403
14.31782,13.34166,14.56022,14.31782,13.34166,12.36932,12.36932,12.64911,12.64911,11.7047,11.7047,11.18034,10.77033,10.77033,10.29563,11.18034,10.29563,10.29563,9.43398,9.43398,9.43398,9.43398,9.43398,9.43398,9.43398,9.43398,9.43398,9.43398,9.43398,8.06226,8.06226,8.94427,8.94427,8.06226,8.544,8.544,7.28011,8.24621,7.28011,7.28011,7.07107,7.07107,7.07107,6.08276,6.0,6.0,6.08276,6.08276,6.08276,5.09902,5.38516,4.47214,79.40403,80.30567,78.23043,75.53807,79.30952,69.18092,70.25667,72.02777,68.26419,63.12686,61.03278,58.0,61.03278,64.07027,57.07889,56.88585,56.56854,56.08921,53.85165,53.46027,51.92302,50.44799,52.20153,52.20153,46.84015,50.96077,48.70318,45.88028,47.92703,47.12749,47.43416,49.0408,47.75982,43.9659,43.32436,43.9659,47.12749,48.38388,40.79216,41.48494,41.23106,41.59327,42.10701,40.31129,39.05125,38.01316,31.06445,36.12478,32.75668,31.32092,35.34119,32.57299,29.96665,30.52868,28.6531,29.0,30.41381,28.4605,29.12044,30.67572,31.01612,29.96665,29.12044,32.31099,35.4683,41.78516,37.12142,42.54409,43.38202,44.41846,47.88528,45.65085,50.08992,52.0,52.83938,52.47857,54.12947,60.41523,57.3062,59.03389,58.30952,55.47071,60.53924,64.00781,59.16925,64.3506,58.82176,61.03278,57.80138,59.81639,59.03389,56.72742,54.67175,56.58622,59.4138,58.25805,60.44005,54.20332,60.41523,55.56978,58.60034,54.626,60.16644,60.74537,63.06346,69.92138,69.12308,69.857,71.70077,65.76473,75.66373,74.54529,80.75271,81.61495
14.03567,13.0384,14.14214,13.0384,13.15295,12.16553,12.16553,11.18034,11.18034,11.18034,11.18034,10.19804,11.40175,10.44031,10.44031,9.48683,9.84886,9.48683,8.94427,8.94427,8.94427,8.94427,8.544,8.94427,8.94427,8.94427,8.544,8.544,8.94427,8.94427,8.544,8.544,8.544,7.28011,8.24621,7.07107,8.06226,7.07107,7.07107,7.07107,7.0,6.0,7.0,6.08276,6.08276,5.09902,5.38516,5.09902,5.38516,4.47214,5.0,4.24264,80.30567,78.00641,79.51101,73.5527,77.16217,74.16873,74.24284,76.1643,71.70077,62.514,60.82763,62.36986,58.46366,61.39218,53.75872,56.04463,51.66237,52.20153,54.42426,52.0,50.69517,49.64877,46.52956,50.08992,46.14109,46.14109,46.14109,48.30114,47.85394,44.77723,47.01064,45.27693,43.82921,41.34005,45.17743,43.32436,42.48529,41.14608,41.62932,40.16217,41.48494,37.33631,36.49658,38.11824,35.35534,35.12834,35.0,35.12834,33.52611,33.01515,30.26549,28.86174,29.41088,29.15476,30.41381,24.83948,23.85372,26.40076,26.83282,31.241,29.73214,30.41381,29.0,32.55764,32.55764,38.18377,38.28838,39.05125,45.96738,46.01087,50.9902,49.49747,46.69047,53.07542,53.15073,51.62364,52.40229,57.28001,55.60576,55.9017,60.10824,57.28001,58.0,60.1415,59.4138,58.72819,57.48913,61.52235,57.38467,59.81639,58.00862,58.5235,59.64059,55.22681,56.4358,58.30952,60.92618,56.921,61.09828,60.08328,58.24946,60.67125,61.20457,58.00862,66.0303,66.0303,67.00746,70.00714,72.0,70.06426,72.06247,77.02597,76.1643,78.63841
13.15295,12.16553,12.36932,12.16553,12.36932,11.18034,11.40175,10.44031,10.44031,9.48683,9.48683,9.48683,9.48683,8.94427,8.94427,8.94427,8.06226,8.06226,8.06226,8.06226,8.06226,8.06226,7.2111,7.2111,7.2111,7.2111,7.2111,7.2111,7.2111,7.2111,6.7082,7.2111,6.7082,6.7082,6.32456,6.32456,6.08276,5.09902,6.08276,6.0,5.0,5.0,5.0,5.09902,5.09902,5.38516,4.47214,4.47214,5.0,4.24264,4.24264,4.24264,75.42546,71.11259,80.0,67.36468,71.11259,70.0,71.00704,71.06335,62.0,61.03278,60.0,57.21888,59.03389,54.23099,52.15362,51.62364,55.44367,53.60037,56.29387,45.60702,49.64877,41.23106,49.33559,44.38468,46.48656,48.38388,41.62932,43.65776,42.04759,43.08132,41.23106,43.82921,39.56008,41.4367,41.10961,40.26164,39.56008,42.37924,39.84972,40.31129,36.34556,35.22783,34.0147,36.0,33.06055,27.45906,34.52535,33.37664,27.89265,26.57066,27.313,25.55386,28.30194,25.55386,27.20294,24.20744,25.4951,28.6531,30.41381,25.55386,30.80584,30.4795,30.52868,31.40064,38.60052,37.20215,37.01351,39.20459,44.40721,44.40721,51.85557,49.20366,51.31277,54.40588,52.80152,56.22277,57.80138,57.2014,63.60031,55.56978,61.29437,59.36329,63.00794,60.21628,65.19202,60.0,65.29931,55.97321,62.28965,61.6198,62.24147,62.28965,60.10824,54.56189,57.48913,59.64059,61.29437,63.13478,53.85165,59.03389,59.48109,60.74537,62.93648,65.80274,59.43904,72.36712,65.9242,72.56032,73.68175,72.69113,62.20129,75.10659,82.1523,78.23043
13.60147,12.64911,12.64911,12.64911,12.36932,11.40175,11.40175,11.18034,11.18034,10.19804,10.19804,10.04988,10.04988,10.04988,9.05539,10.0,9.0,9.0,9.05539,9.0,8.0,8.06226,8.06226,8.06226,8.06226,8.06226,8.06226,8.06226,8.06226,8.0,8.0,8.0,8.0,7.0,7.07107,7.07107,7.07107,7.28011,6.08276,6.32456,5.38516,5.38516,5.38516,5.83095,4.47214,5.0,5.0,4.24264,4.24264,4.24264,3.60555,4.47214,80.52329,79.71198,80.65358,73.76313,63.90618,74.04053,70.34202,69.37579,63.06346,67.44627,61.39218,56.51548,59.22837,55.7315,54.58938,52.34501,54.14795,53.23533,53.00943,44.18144,53.00943,45.0,52.08647,43.28972,43.28972,47.26521,42.04759,46.69047,43.41659,44.18144,41.01219,44.04543,41.59327,43.18565,44.04543,42.0119,39.05125,39.0,42.29657,39.20459,35.17101,36.40055,40.16217,35.44009,37.33631,32.31099,32.69557,30.41381,32.20248,32.01562,29.0,27.01851,25.4951,25.4951,23.60085,24.35159,25.96151,29.54657,28.63564,26.30589,30.67572,30.36445,31.32092,34.20526,36.76955,40.49691,39.56008,42.15448,48.38388,47.16991,45.31004,51.62364,47.16991,54.42426,54.78138,56.36488,61.35145,58.18075,58.87274,60.74537,61.68468,61.46544,60.53924,61.03278,60.74537,59.5063,61.7414,59.03389,64.40497,62.26556,59.5399,58.66856,60.74537,57.14018,57.38467,60.87693,56.72742,60.1415,55.97321,61.7171,61.40033,62.1289,60.53924,62.6099,62.16912,67.62396,66.48308,69.64194,70.38466,71.86793,73.73602,78.44743,79.12016,78.84795
12.80625,12.80625,12.04159,12.04159,11.31371,11.31371,11.31371,10.63015,9.89949,9.21954,9.89949,9.21954,9.21954,8.60233,8.60233,8.60233,8.06226,8.60233,8.06226,7.2111,7.2111,8.06226,7.2111,6.7082,6.7082,8.06226,7.2111,7.2111,7.2111,7.2111,6.40312,6.40312,6.40312,6.40312,7.07107,7.07107,6.40312,6.40312,6.40312,5.83095,5.83095,5.83095,5.38516,6.32456,6.32456,6.08276,6.0,5.0,5.0,5.0,6.08276,5.09902,80.43009,78.24321,71.21798,73.87828,77.42093,69.2026,70.93659,67.00746,63.78087,59.03389,65.29931,62.96825,57.98276,57.31492,51.66237,55.86591,51.40039,50.0,48.16638,48.60041,45.79301,47.20169,43.04649,43.56604,41.34005,48.37355,49.40648,41.76123,44.77723,43.86342,46.95743,41.14608,43.04649,38.01316,44.20407,39.96248,40.22437,41.40048,38.83298,40.45986,41.72529,38.28838,32.20248,36.12478,36.05551,40.81666,34.43835,31.30495,34.0147,29.83287,35.51056,33.54102,34.1321,27.16616,28.07134,29.42788,26.68333,28.79236,27.51363,33.24154,31.32092,32.57299,33.24154,38.32754,36.40055,37.94733,41.23106,43.41659,46.57252,46.84015,48.08326,49.24429,51.92302,52.39275,61.40033,55.36244,60.87693,59.43904,64.7611,62.93648,62.0967,62.64184,61.61169,64.7611,60.87693,66.48308,62.16912,62.96825,56.29387,58.85576,61.29437,55.08176,65.19202,58.03447,62.03225,58.21512,60.53098,56.7186,63.15061,58.24088,62.76942,60.16644,66.70832,63.50591,64.41273,64.66065,68.96376,67.95587,72.11103,77.00649,76.02631,79.02531,76.40026,77.33693
13.60147,12.80625,12.80625,12.80625,11.40175,11.40175,11.31371,11.31371,11.31371,10.63015,9.89949,9.89949,10.63015,9.89949,9.21954,10.0,9.43398,8.60233,9.43398,9.43398,8.94427,9.43398,8.06226,9.43398,8.94427,8.94427,8.94427,8.94427,8.94427,8.06226,8.60233,8.60233,8.60233,7.81025,7.81025,7.81025,8.48528,7.81025,7.81025,7.81025,7.2111,7.2111,7.2111,6.7082,6.7082,6.32456,6.7082,6.32456,6.32456,6.08276,6.08276,6.0,73.60027,70.83784,73.75636,72.34639,72.12489,64.66065,71.50524,69.31089,61.55485,65.06919,60.959,57.48913,55.0,56.0803,53.41348,55.21775,56.0357,52.83938,45.80393,51.88449,49.24429,46.14109,48.8467,47.92703,48.46648,44.94441,47.01064,45.54119,47.01064,41.10961,43.9659,41.23106,49.39636,45.69464,42.37924,44.28318,47.42362,47.01064,43.04649,41.18252,46.06517,44.77723,44.04543,42.80187,42.44997,36.06938,36.79674,39.69887,34.71311,34.20526,32.64966,30.01666,36.23534,37.0,32.89377,30.80584,29.15476,26.0,21.54066,28.23119,27.45906,29.12044,34.48188,31.32092,34.48188,34.71311,39.81206,39.29377,39.56008,47.67599,50.21952,45.88028,49.64877,51.24451,48.08326,57.70615,60.16644,60.41523,55.08176,60.72891,61.13101,63.24555,57.56735,58.24088,61.13101,60.63827,63.15061,58.46366,64.77654,61.66036,61.20457,61.20457,56.0,60.00833,57.00877,53.23533,55.3263,60.82763,59.66574,58.69412,61.68468,57.58472,60.08328,60.83584,59.40539,64.49806,67.42403,68.50547,67.62396,71.8401,74.02702,76.83749,73.60027,78.24321
13.92839,13.60147,12.64911,13.60147,12.64911,12.36932,11.40175,11.18034,11.18034,11.18034,11.18034,10.19804,11.18034,10.04988,10.04988,10.0,10.0,9.0,10.04988,9.0,9.05539,9.0,9.05539,9.05539,9.05539,9.05539,9.05539,9.0,9.05539,9.05539,9.0,9.0,9.0,9.0,9.0,8.06226,9.21954,8.24621,8.24621,8.24621,7.61577,7.61577,7.61577,8.06226,8.06226,7.2111,7.2111,6.40312,6.40312,6.40312,6.40312,6.40312,75.13322,77.82031,73.82412,72.91776,73.73602,69.31811,67.23095,64.07808,68.30813,58.5235,59.48109,56.0803,57.28001,55.08176,53.60037,57.07013,50.21952,50.9902,49.25444,52.03845,48.01042,49.0102,47.01064,48.25971,43.18565,47.0,44.18144,44.28318,45.04442,44.72136,49.25444,48.50773,50.15974,44.04543,47.67599,47.04253,44.0,45.01111,42.04759,45.27693,46.27094,43.18565,43.73786,43.41659,39.45884,40.16217,38.83298,41.4367,37.16181,34.48188,34.98571,36.05551,32.01562,36.06938,31.1127,31.1127,31.40064,24.18677,22.36068,26.4764,25.31798,31.257,30.08322,36.22154,32.55764,38.07887,37.85499,38.60052,43.17407,44.14748,43.56604,43.73786,51.78803,50.9902,55.7315,49.0306,57.42822,58.30952,61.81424,59.4138,58.42089,59.68249,60.01666,61.66036,65.30697,57.27128,62.36185,60.87693,60.72891,57.28001,56.64804,60.16644,57.77543,58.60034,56.35601,54.56189,62.96825,53.82379,59.5483,60.30755,64.38167,55.97321,60.0,59.66574,60.60528,62.68174,66.57327,65.45991,71.11962,68.60029,69.31811,73.34848,72.06941,79.60528
12.64911,12.64911,11.7047,11.7047,11.40175,10.44031,10.44031,10.19804,10.19804,9.21954,10.19804,9.05539,9.05539,9.05539,9.05539,9.05539,8.0,8.0,8.06226,8.0,8.06226,8.06226,8.06226,8.24621,8.06226,8.06226,8.06226,8.06226,8.06226,7.07107,8.06226,8.06226,7.07107,8.0,7.0,7.07107,7.07107,7.07107,7.07107,7.28011,7.28011,6.32456,6.32456,5.83095,5.83095,5.83095,5.83095,5.65685,5.65685,5.65685,5.0,5.0,76.66159,79.07591,72.56032,72.11103,69.35416,64.49806,71.58911,64.84597,65.30697,59.5063,60.37384,59.94164,55.71355,56.46238,54.70832,50.28916,53.85165,49.0408,47.07441,50.44799,50.9902,49.0306,46.38965,44.01136,49.0102,51.0392,50.15974,49.0102,44.0,46.01087,47.0,44.10215,48.01042,44.01136,45.04442,44.10215,48.01042,45.04442,46.17359,45.17743,42.42641,41.7732,41.0,41.23106,40.49691,39.56008,39.0,43.01163,34.1321,35.51056,35.60899,32.01562,33.94113,36.79674,27.58623,27.80288,29.68164,23.02173,21.09502,25.07987,28.28427,28.0,24.18677,31.257,32.55764,36.34556,36.49658,38.0526,38.32754,40.1995,45.70558,45.54119,50.80354,48.05206,51.15662,50.48762,53.93515,56.56854,58.54912,60.13319,59.4138,58.54912,60.82763,56.56854,54.33231,59.68249,61.84658,60.01666,56.51548,59.66574,54.81788,61.40033,58.82176,56.64804,58.69412,56.82429,60.74537,56.4358,60.46487,55.80323,60.20797,56.58622,65.11528,60.82763,62.36986,68.41053,67.80118,67.80118,67.6757,64.63745,69.89278,78.89233,71.56116,79.75588
13.0384,12.04159,12.16553,12.16553,11.18034,11.04536,12.16553,10.19804,10.19804,9.21954,10.19804,9.21954,9.48683,9.48683,8.544,8.544,8.544,8.94427,8.06226,8.06226,8.06226,8.06226,8.06226,8.06226,8.06226,8.06226,8.06226,8.06226,8.06226,8.06226,8.06226,8.06226,7.61577,7.61577,7.61577,7.28011,7.28011,7.28011,7.07107,6.08276,6.08276,6.0,6.0,6.0,5.09902,5.09902,5.09902,5.09902,5.38516,4.47214,4.47214,5.0,78.23043,78.05767,73.33485,74.33034,76.23647,74.06079,72.24957,67.74216,66.61081,62.80127,64.7611,62.514,59.68249,64.32729,55.7853,56.921,57.72348,52.49762,55.02727,50.9902,53.7122,50.56679,50.56679,49.65884,45.65085,51.10773,47.70744,49.73932,46.06517,47.50789,46.06517,47.01064,48.54894,44.94441,44.94441,46.52956,46.95743,48.76474,45.18849,41.4367,42.44997,42.05948,43.93177,41.23106,40.1995,36.05551,37.05401,40.0,34.05877,32.01562,34.36568,32.01562,32.01562,29.96665,30.41381,28.63564,25.0,22.62742,26.87006,21.93171,26.40076,27.45906,29.20616,26.40076,31.40064,34.20526,36.40055,35.60899,38.20995,42.43819,46.2277,45.45327,46.8615,47.63402,49.0408,48.41487,50.9902,54.56189,56.0803,51.85557,55.97321,57.28001,54.56189,56.58622,55.97321,61.07373,55.44367,55.21775,58.00862,60.46487,59.90826,56.0803,56.4358,55.9017,56.85948,55.54278,58.5235,57.87055,57.48913,58.46366,60.01666,56.22277,63.0,61.03278,66.0303,67.06713,68.0,70.11419,75.02666,72.00694,77.31753,78.23043,78.23043,78.77182
15.13275,14.14214,14.14214,14.14214,14.14214,13.0384,13.0384,13.0384,12.04159,12.04159,12.0,12.0,11.0,11.0,10.0,11.04536,10.04988,10.04988,10.04988,10.04988,9.21954,10.04988,9.21954,9.21954,9.21954,9.21954,9.21954,9.21954,9.05539,9.21954,9.05539,9.05539,9.05539,9.05539,9.0,8.0,8.0,8.06226,7.07107,8.06226,7.28011,7.28011,7.28011,6.32456,6.32456,6.7082,6.7082,5.83095,5.83095,5.65685,5.65685,5.0,86.31338,75.23962,78.0,80.5295,78.79086,75.15318,72.61543,73.53911,66.30988,70.00714,69.46222,64.19502,65.45991,58.82176,59.90826,57.97413,60.41523,54.33231,58.85576,52.17279,53.33854,52.15362,53.03772,50.24938,47.38143,50.03998,51.0,48.0,46.04346,51.0392,51.0098,48.0,45.09989,46.01087,49.0408,46.17359,43.18565,44.10215,43.28972,45.70558,41.48494,42.44997,45.12206,42.72002,40.16217,41.23106,36.67424,35.8469,36.35932,32.75668,32.01562,31.14482,29.0,27.65863,26.62705,25.80698,26.83282,25.0,25.0,24.73863,24.73863,23.76973,28.23119,25.0,30.46309,35.1141,31.30495,39.56008,43.46263,40.31129,46.61545,48.46648,43.9659,49.39636,48.10405,49.0408,53.14132,53.48832,57.56735,47.80167,55.36244,54.40588,57.24509,58.18935,59.46427,55.36244,56.32051,54.78138,58.69412,54.12947,57.69749,55.00909,57.80138,54.91812,54.20332,56.72742,57.48913,58.72819,55.31727,59.4138,58.89822,57.62812,58.5235,63.28507,65.8635,70.21396,64.40497,68.47627,74.73286,80.5295,72.01389,76.48529,78.72103,80.05623
14.76482,13.41641,13.41641,13.41641,12.52996,12.52996,12.08305,12.08305,12.08305,11.18034,10.77033,10.77033,10.77033,10.77033,10.44031,10.44031,9.21954,9.21954,9.21954,9.21954,9.21954,9.21954,9.21954,9.21954,9.21954,8.06226,9.21954,9.21954,8.24621,8.24621,8.24621,8.24621,8.544,7.61577,7.61577,7.61577,6.7082,7.2111,7.2111,7.2111,6.40312,6.40312,6.40312,5.65685,5.0,5.0,5.0,5.0,4.47214,4.47214,4.12311,4.12311,84.5281,85.42248,76.92204,78.39005,85.47514,74.32362,73.82412,74.70609,72.01389,68.02941,63.06346,61.7171,65.9242,65.19202,57.93962,61.98387,56.32051,57.72348,51.86521,53.60037,53.36666,53.36666,48.6621,50.44799,49.72927,52.39275,48.6621,47.09565,48.37355,49.0408,45.27693,47.38143,46.69047,43.93177,46.69047,43.73786,40.5216,44.59821,44.38468,40.8534,41.76123,42.95346,37.73592,35.8469,34.05877,34.66987,32.01562,35.38361,29.0,30.4795,30.80584,25.05993,25.05993,26.40076,24.04163,22.80351,21.37756,24.69818,27.20294,27.20294,27.20294,30.08322,27.85678,30.36445,29.73214,33.52611,37.94733,38.48376,41.78516,43.82921,45.69464,48.8467,48.46648,50.69517,53.14132,50.59644,53.14132,55.36244,59.43904,56.32051,59.80803,59.80803,59.80803,61.03278,58.18935,61.09828,60.40695,58.69412,56.30275,57.58472,58.18075,57.00877,57.70615,55.22681,56.85948,59.64059,56.85068,54.20332,58.72819,58.69412,63.78087,60.44005,59.20304,62.62587,65.21503,67.42403,68.96376,68.42514,76.96753,72.56032,73.34848,78.29432,80.5295,84.59905
13.89244,13.89244,13.0384,13.0384,12.52996,11.6619,11.6619,11.6619,10.81665,11.40175,10.0,10.0,10.0,10.0,9.21954,9.21954,9.89949,8.48528,9.21954,8.48528,8.48528,8.48528,7.81025,8.48528,7.81025,8.48528,7.81025,8.48528,8.48528,7.07107,7.81025,7.81025,7.81025,7.81025,7.2111,7.2111,7.2111,6.7082,6.7082,6.32456,5.38516,5.38516,6.08276,5.09902,5.09902,5.0,5.0,5.0,4.0,4.12311,4.12311,4.12311,78.8543,78.44743,84.40379,80.65358,70.83078,74.04053,72.42237,71.56815,64.7611,68.15424,65.52099,59.46427,61.03278,54.56189,57.93962,55.15433,53.22593,49.64877,49.65884,48.30114,52.47857,45.61798,50.77401,47.50789,47.50789,47.50789,46.40043,47.43416,47.20169,46.04346,40.80441,41.88078,43.26662,41.34005,39.44617,40.31129,39.82462,39.39543,37.57659,38.94868,32.89377,35.44009,34.71311,34.52535,31.06445,29.15476,32.01562,30.0,28.07134,28.16026,24.35159,25.0,23.70654,25.23886,22.2036,22.02272,22.67157,28.6531,29.68164,28.84441,31.90611,30.23243,32.44996,30.88689,36.24914,37.58989,40.24922,38.48376,43.41659,45.61798,50.24938,50.53712,49.39636,51.97115,54.20332,61.58734,62.1289,61.7171,61.61169,62.76942,65.0,65.51336,63.52952,61.03278,63.81222,61.58734,67.23095,58.5235,63.52952,61.29437,59.09315,59.80803,57.38467,59.48109,60.63827,59.43904,61.0,54.91812,60.29925,62.514,59.00847,64.00781,66.61081,61.40033,63.63961,70.03571,68.06614,72.18033,69.37579,73.24616,70.83078,82.0,86.34813,79.30952
13.0384,13.0384,13.15295,13.0384,12.16553,12.16553,12.16553,11.18034,11.18034,10.19804,10.19804,10.44031,10.44031,9.48683,9.48683,9.48683,8.94427,8.544,8.94427,8.544,8.94427,8.94427,8.544,8.06226,8.06226,8.06226,8.06226,8.06226,7.61577,7.61577,7.61577,7.61577,7.28011,7.28011,7.07107,7.07107,7.07107,7.07107,6.0,6.0,6.0,6.08276,6.08276,5.09902,5.09902,4.47214,4.47214,4.47214,4.47214,4.47214,4.24264,4.24264,76.65507,77.7946,80.04998,75.96052,74.52516,72.03471,70.21396,66.94027,62.96825,57.70615,59.20304,56.56854,57.55867,58.21512,54.03702,57.00877,58.0,51.15662,49.09175,49.0102,52.03845,46.38965,48.25971,47.51842,44.28318,47.09565,41.97618,45.22168,41.23106,39.84972,41.97618,39.62323,42.42641,40.31129,38.47077,38.01316,36.34556,42.04759,38.0526,38.0,39.11521,33.06055,36.22154,34.36568,34.20526,31.01612,31.30495,30.41381,25.80698,24.41311,24.83948,28.28427,22.67157,22.80351,27.58623,25.0,29.41088,26.40076,27.313,29.83287,31.01612,29.41088,31.95309,32.31099,34.48188,38.48376,39.81206,39.92493,43.82921,49.24429,51.47815,54.12947,52.20153,56.46238,58.60034,52.39275,62.64184,61.68468,65.19202,61.09828,60.83584,60.83584,64.84597,61.7414,62.24147,62.16912,62.16912,62.17717,57.69749,55.9017,59.94164,59.05929,58.5235,56.85068,58.0517,59.4138,62.28965,61.40033,56.0357,58.60034,62.76942,58.66856,59.90826,62.64982,62.6099,69.857,63.90618,71.16881,75.28612,75.96052,72.12489,71.80529,78.16009,80.52329
14.42221,13.0384,13.89244,13.0384,13.41641,12.52996,11.6619,11.6619,11.18034,11.18034,11.18034,11.18034,10.77033,10.77033,9.48683,10.44031,9.21954,10.44031,9.21954,9.21954,9.21954,9.05539,10.19804,10.04988,9.05539,9.21954,9.05539,9.05539,9.05539,10.19804,9.05539,9.05539,9.21954,8.24621,8.24621,8.544,8.544,8.544,7.61577,7.61577,8.06226,7.2111,7.61577,7.2111,7.2111,6.40312,6.40312,6.40312,6.40312,6.40312,5.83095,5.83095,83.4386,78.74643,76.38063,77.15569,80.72174,77.23341,74.24958,76.41989,71.42129,66.52819,70.00714,65.05382,69.31089,63.78087,57.62812,57.00877,57.62812,53.25411,56.30275,55.47071,52.15362,55.75841,48.30114,47.42362,50.15974,50.53712,54.626,50.15974,48.33218,49.76947,50.9902,50.9902,53.48832,46.61545,51.10773,49.64877,47.16991,49.76947,48.37355,48.02083,45.60702,43.82921,47.16991,42.80187,45.45327,42.52058,40.31129,43.93177,35.60899,38.60052,39.11521,35.80503,35.35534,35.34119,33.24154,30.67572,36.40055,18.97367,17.88854,19.31321,17.08801,19.23538,22.56103,23.19483,27.16616,32.01562,32.98485,33.13608,36.34556,39.11521,42.19005,40.1995,41.4367,44.14748,52.61179,44.55334,51.78803,50.9902,54.57105,56.51548,53.75872,55.10898,55.7315,54.57105,57.70615,58.42089,53.46027,53.08484,56.0357,49.0408,54.08327,52.00961,54.00926,49.25444,53.75872,53.85165,52.63079,57.00877,52.81098,54.78138,58.60034,53.7122,59.05929,59.36329,62.42596,64.03124,68.68042,67.00746,71.8401,72.34639,74.41102,74.51845,81.32035,81.46779
14.21267,13.45362,14.21267,14.21267,13.60147,12.80625,12.80625,12.80625,12.80625,12.20656,12.20656,13.0384,12.20656,11.6619,11.6619,11.6619,11.18034,11.18034,10.77033,10.77033,10.77033,10.77033,10.77033,10.44031,10.77033,10.77033,10.77033,10.77033,10.44031,10.77033,9.84886,9.84886,9.84886,9.84886,10.29563,9.43398,9.43398,8.60233,8.60233,7.81025,8.48528,7.81025,7.81025,7.07107,7.2111,6.40312,6.40312,5.83095,5.83095,5.38516,5.38516,5.09902,75.43209,82.32861,79.51101,77.98718,74.8131,72.91776,76.40026,72.00694,74.65253,72.00694,68.24954,67.20119,66.21933,66.03787,65.73431,64.3506,65.8635,56.35601,59.94164,59.03389,58.18075,60.53924,57.93962,59.61543,53.75872,55.36244,55.36244,55.36244,58.24088,59.43904,60.08328,54.70832,54.12024,51.5461,54.12024,52.49762,56.30275,51.24451,55.71355,53.22593,51.62364,50.77401,48.76474,47.01064,44.10215,45.22168,44.10215,41.23106,39.69887,36.87818,39.20459,34.20526,38.83298,33.12099,34.43835,32.64966,29.12044,18.78829,17.49286,19.23538,21.54066,20.61553,21.18962,20.61553,23.4094,26.57066,24.69818,30.08322,30.41381,33.24154,33.37664,37.36308,38.07887,38.83298,40.02499,41.19466,42.44997,41.59327,43.41659,46.87217,46.87217,42.44997,47.07441,48.50773,46.17359,48.25971,47.16991,49.16299,49.36598,50.35871,51.0098,49.16299,48.09366,49.25444,46.87217,45.88028,50.28916,52.20153,50.92151,49.98,51.88449,46.95743,56.30275,53.00943,55.21775,58.72819,57.38467,64.38167,62.93648,67.89698,67.17887,69.42622,73.5527,73.59348
14.14214,13.15295,14.14214,14.03567,13.15295,13.15295,13.15295,12.16553,12.16553,12.36932,12.36932,12.36932,11.40175,11.7047,11.7047,11.40175,10.77033,10.77033,10.77033,11.18034,10.77033,11.18034,10.77033,10.29563,10.29563,10.29563,10.29563,10.29563,10.29563,9.84886,9.84886,9.84886,9.84886,9.84886,9.48683,9.48683,9.21954,8.24621,8.24621,8.24621,8.06226,7.07107,7.07107,7.0,6.0,6.0,6.08276,6.08276,5.09902,5.09902,4.47214,4.47214,82.0,78.1025,73.97973,73.82412,75.31268,74.52516,77.27872,75.70997,68.593,69.58448,71.44928,67.1193,69.18092,66.18912,62.39391,65.00769,63.12686,61.03278,59.07622,59.00847,59.3043,57.21888,60.20797,58.21512,54.57105,57.55867,56.32051,54.12947,53.60037,53.93515,50.80354,52.17279,55.7315,53.75872,51.97115,50.63596,54.91812,51.78803,51.78803,46.09772,47.01064,43.18565,47.01064,46.27094,46.38965,43.41659,41.0,39.81206,35.17101,34.78505,32.57299,32.20248,29.06888,29.52965,25.6125,24.04163,24.75884,21.18962,23.08679,21.2132,24.73863,24.69818,25.05993,26.24881,28.23119,29.15476,33.10589,35.77709,35.8469,40.8534,39.39543,40.81666,40.71855,43.38202,47.42362,43.41659,46.95743,47.92703,50.08992,52.35456,47.85394,51.86521,52.92447,50.92151,53.23533,54.12024,53.33854,52.47857,54.58938,53.0,53.25411,52.43091,51.22499,50.44799,50.44799,49.81967,53.03772,53.03772,50.60632,53.15073,54.6443,50.77401,53.31041,56.36488,58.69412,58.5235,61.68468,62.96825,65.80274,67.72001,64.32729,72.8011,70.83078,74.43118
13.92839,13.92839,13.0,14.31782,13.0,13.0,13.0,13.0,12.64911,11.7047,11.7047,11.7047,11.7047,11.40175,11.40175,11.40175,11.18034,10.19804,10.04988,10.19804,10.19804,10.19804,10.04988,10.04988,10.04988,10.04988,10.04988,10.04988,10.04988,9.05539,9.21954,9.21954,9.21954,9.21954,8.24621,8.24621,8.544,7.61577,7.61577,7.61577,7.61577,7.2111,6.7082,6.40312,6.40312,6.40312,5.65685,5.65685,5.0,5.0,5.0,4.47214,77.42093,77.66595,78.54935,75.71658,77.93587,75.80237,73.23933,75.16648,68.24222,71.28113,68.60029,70.71068,68.96376,64.00781,68.0,62.17717,63.50591,59.09315,62.24147,60.41523,59.46427,54.70832,56.32051,52.55473,55.71355,55.36244,53.85165,51.92302,52.63079,56.29387,54.34151,57.97413,48.08326,51.97115,50.0,50.92151,48.38388,47.16991,48.10405,47.53946,46.09772,46.06517,43.82921,39.96248,41.6173,37.20215,36.23534,35.4683,34.71311,33.24154,30.4795,30.80584,28.01785,25.07987,24.59675,24.35159,24.69818,27.16616,25.01999,23.0,24.02082,27.0,29.01724,24.02082,30.14963,32.06244,32.14032,35.22783,36.49658,39.62323,41.7732,43.56604,44.10215,47.51842,44.28318,49.64877,47.09565,48.09366,52.46904,52.23983,49.09175,54.58938,50.80354,52.61179,58.54912,52.7731,54.91812,49.81967,55.9017,52.95281,56.88585,53.16014,54.12024,55.65968,54.23099,52.55473,55.9017,57.69749,56.60389,55.75841,55.21775,56.0803,61.07373,60.20797,58.72819,62.93648,62.24147,62.36986,65.0,68.24954,62.00806,73.60027,74.4043,73.00685
12.64911,12.36932,13.34166,12.64911,12.36932,11.40175,11.40175,11.40175,11.18034,11.40175,10.19804,10.19804,10.19804,10.19804,9.21954,10.04988,9.05539,9.0,9.0,9.0,9.05539,8.0,9.0,9.0,8.0,8.0,8.0,8.0,8.0,8.0,7.07107,8.0,8.06226,7.07107,7.07107,7.07107,7.07107,6.32456,5.38516,5.38516,5.38516,5.38516,4.47214,4.47214,3.60555,4.24264,3.60555,3.60555,3.60555,3.60555,3.16228,3.16228,72.94518,75.80237,75.47185,73.4983,73.4983,71.56116,69.06519,70.17834,71.84706,68.24222,69.64194,66.61081,59.20304,60.90156,63.00794,62.00806,64.3506,61.7171,64.66065,59.39697,53.03772,55.17246,57.28001,53.03772,52.34501,52.3259,46.69047,50.32892,53.74012,55.22681,53.75872,49.67897,53.07542,47.50789,48.27007,48.83646,43.93177,43.18565,41.72529,45.45327,45.22168,41.7732,40.24922,42.94182,38.91015,38.07887,33.52611,30.36445,32.89377,27.65863,29.83287,26.1725,25.0,20.09975,20.22375,25.31798,18.02776,28.86174,28.86174,26.4764,27.51363,26.92582,32.55764,32.14032,32.14032,33.37664,39.45884,42.57934,43.56604,43.73786,40.79216,53.16014,43.56604,50.69517,52.17279,52.17279,51.1957,53.15073,60.20797,52.20153,54.70832,58.46366,52.39275,51.41984,59.03389,60.08328,60.87693,50.44799,57.07013,57.87055,49.36598,54.45181,56.0803,51.0392,61.07373,57.31492,57.14018,59.3043,55.7315,55.31727,64.28841,50.69517,53.85165,57.72348,65.19202,66.85058,67.1193,65.9242,66.70832,65.76473,63.28507,72.94518,74.62573,69.63476
13.0,13.0,13.0,13.0,12.04159,12.0,12.0,11.0,11.0,10.0,11.0,10.04988,10.04988,9.05539,10.04988,9.05539,9.05539,8.06226,9.21954,9.21954,8.24621,8.24621,8.24621,8.544,8.24621,8.24621,8.24621,7.28011,7.28011,7.07107,7.28011,7.07107,7.07107,7.07107,6.0,6.0,6.0,6.0,6.0,5.09902,5.09902,5.09902,4.12311,4.47214,4.47214,3.60555,3.60555,3.60555,2.82843,3.60555,3.60555,3.16228,73.59348,75.16648,79.93122,70.93659,78.87332,76.38063,70.71068,75.66373,67.17887,69.31089,64.53681,65.76473,65.8559,59.46427,61.55485,53.90733,56.85068,56.0803,55.44367,61.61169,53.0,54.81788,54.3783,49.92995,51.0392,48.27007,49.09175,44.41846,44.77723,48.37355,48.82622,46.32494,42.2019,46.64762,43.60046,40.80441,42.2019,44.04543,41.03657,35.35534,38.8973,33.97058,36.61967,32.20248,27.20294,32.24903,26.83282,22.84732,31.04835,25.96151,24.18677,24.35159,16.03122,18.24829,20.24846,23.19483,16.49242,30.59412,27.20294,32.01562,32.06244,33.95585,30.59412,32.75668,36.49658,37.33631,43.68066,44.55334,43.18565,44.14748,50.48762,48.83646,49.81967,52.95281,50.03998,56.08921,53.08484,57.03508,60.13319,57.42822,56.22277,61.0,60.82763,62.39391,61.52235,62.39391,55.7315,60.40695,54.91812,58.42089,59.3043,54.45181,56.4358,61.98387,60.72891,55.71355,51.07837,55.9017,60.82763,55.03635,67.41662,59.16925,65.30697,56.85948,63.41136,65.79514,65.60488,65.19202,68.62215,64.44377,78.24321,72.91776,71.42129,74.96666
12.80625,12.80625,12.80625,12.80625,12.04159,11.40175,11.40175,11.40175,10.81665,10.81665,10.81665,9.43398,9.43398,9.43398,9.43398,8.94427,8.94427,8.94427,8.544,8.94427,8.06226,8.544,7.61577,8.544,7.61577,7.61577,7.61577,7.61577,7.61577,7.61577,6.7082,6.7082,6.7082,6.7082,5.83095,5.83095,5.83095,5.65685,5.65685,5.0,4.24264,4.24264,3.60555,3.60555,3.16228,3.16228,3.16228,3.0,2.0,3.0,2.23607,2.23607,79.22752,84.05355,81.15417,73.10951,75.0,70.06426,77.02597,69.11584,69.00725,61.0,63.1981,66.61081,62.1289,66.48308,60.82763,52.61179,60.53098,60.44005,52.17279,57.48913,53.46027,54.34151,49.0408,50.96077,50.01,48.27007,50.59644,49.0408,46.17359,41.76123,45.54119,48.08326,42.57934,43.93177,41.4367,41.97618,40.79216,44.28318,42.29657,37.21559,36.87818,34.36568,32.01562,34.36568,28.63564,28.44293,29.61419,29.12044,20.24846,23.76973,24.69818,17.80449,19.92486,21.63331,14.42221,17.80449,10.44031,30.52868,30.41381,31.30495,35.51056,38.48376,34.88553,36.40055,37.20215,39.35734,42.54409,41.88078,48.75449,48.30114,48.8774,50.08992,53.25411,52.80152,54.40588,52.43091,60.90156,60.80296,62.76942,53.85165,61.22091,64.3506,57.45433,57.2014,60.30755,63.24555,60.20797,55.21775,58.24946,55.07268,57.80138,58.83026,63.52952,58.60034,55.9464,58.60034,58.18935,62.62587,59.43904,49.49747,62.36986,61.61169,62.0,60.53098,61.0082,67.00746,72.0,63.00794,71.06335,64.00781,70.11419,69.00725,68.0,72.1734
14.03567,13.0,14.0,13.0384,13.0,12.04159,12.0,12.0,11.0,12.0,11.0,11.0,11.04536,10.04988,10.04988,10.04988,9.05539,10.04988,9.21954,9.21954,9.21954,9.21954,9.05539,8.24621,8.24621,8.24621,8.06226,8.24621,8.24621,8.24621,7.07107,7.07107,7.07107,7.0,7.0,7.0,6.0,6.0,6.08276,5.09902,5.09902,4.12311,5.09902,4.12311,3.16228,3.16228,3.60555,2.82843,2.82843,2.23607,2.23607,1.41421,78.56844,78.64477,82.75869,75.82216,74.33034,76.36753,67.80118,70.43437,65.94695,73.59348,55.97321,60.1415,59.81639,57.2014,62.62587,59.40539,57.14018,54.40588,50.24938,54.91812,60.53924,48.60041,45.61798,45.65085,47.88528,53.31041,46.14109,47.85394,44.38468,45.61798,46.04346,44.72136,41.18252,43.909,42.54409,41.14608,39.44617,33.42155,31.38471,38.28838,36.23534,36.79674,29.20616,28.42534,24.75884,29.15476,30.88689,23.85372,22.13594,23.76973,23.5372,17.46425,18.02776,19.0,14.14214,15.29706,17.72005,33.28663,32.64966,30.67572,36.40055,41.4367,41.23106,45.22168,37.94733,45.35416,43.65776,46.09772,48.38388,49.98,50.59644,50.96077,51.66237,61.84658,54.34151,60.16644,61.61169,60.20797,65.11528,67.74216,59.84146,65.9242,67.36468,67.26812,59.66574,62.36986,66.12866,54.70832,65.25335,58.94065,60.44005,61.40033,60.08328,59.09315,59.13544,58.83026,60.83584,59.68249,60.53924,73.81734,61.22091,63.51378,65.94695,67.62396,65.8559,67.94115,70.72482,72.18033,72.83543,77.10383,76.83749,66.6033,78.56844,74.41102
12.64911,12.08305,12.08305,11.7047,11.7047,10.77033,10.77033,9.84886,9.84886,9.84886,9.48683,9.84886,8.94427,8.544,8.94427,8.06226,8.06226,8.06226,8.06226,7.2111,7.2111,7.2111,7.2111,7.2111,7.2111,6.7082,6.7082,6.7082,6.7082,6.7082,6.32456,6.32456,5.38516,5.38516,5.09902,5.09902,5.0,4.0,5.0,4.0,4.12311,3.16228,3.16228,3.16228,2.23607,2.82843,2.82843,2.82843,2.23607,2.23607,2.0,2.0,76.32169,72.8011,76.96753,71.86793,70.26379,74.73286,67.23095,71.30919,63.15853,67.77905,62.39391,60.41523,58.69412,56.79789,52.35456,54.58938,55.9464,51.88449,53.23533,48.8774,51.10773,43.04649,47.43416,45.27693,43.909,44.65423,41.34005,43.01163,41.40048,41.40048,39.20459,40.49691,39.40812,40.49691,36.05551,39.82462,35.34119,35.34119,34.53983,31.38471,28.23119,31.32092,26.4764,25.4951,26.07681,20.0,25.0,22.09072,17.26268,19.64688,17.46425,16.15549,15.81139,11.40175,11.40175,10.0,8.94427,31.40064,34.05877,30.06659,35.0571,34.0,38.0526,39.01282,37.12142,39.01282,43.18565,46.09772,48.09366,50.15974,54.03702,55.00909,53.03772,58.21512,55.00909,60.0,59.5399,59.68249,61.0,58.42089,62.1289,62.64982,61.20457,63.12686,66.61081,60.67125,65.27634,61.40033,65.19202,61.52235,63.1981,63.28507,59.00847,56.00893,61.13101,58.30952,62.39391,63.78871,61.81424,66.09841,62.58594,63.06346,64.56005,64.56005,63.60031,68.00735,68.70953,71.69379,72.91776,74.46476,70.26379,75.6439,78.54935,78.79086
12.80625,12.20656,12.20656,12.20656,12.20656,10.81665,11.40175,10.63015,10.0,10.0,9.21954,9.21954,9.21954,8.48528,8.48528,8.48528,7.81025,7.81025,7.81025,7.81025,7.81025,7.81025,6.40312,7.2111,7.2111,6.40312,6.40312,6.40312,6.40312,5.65685,5.65685,5.65685,5.65685,5.0,5.0,5.0,4.47214,4.47214,4.47214,3.16228,3.16228,3.0,3.0,2.0,2.23607,2.23607,2.23607,2.23607,2.23607,2.23607,2.23607,2.0,78.00641,75.71658,72.67049,69.81404,69.6563,68.60029,70.80254,66.0303,64.40497,59.81639,56.22277,59.66574,59.03389,54.03702,50.9902,54.45181,50.32892,49.49747,50.9902,47.38143,46.01087,46.69047,45.45327,43.27817,42.42641,42.63801,39.69887,41.6173,40.60788,41.40048,39.40812,35.60899,39.69887,39.82462,33.6006,33.94113,34.65545,34.65545,33.30165,28.3196,27.80288,25.4951,26.83282,23.70654,22.82542,21.93171,19.23538,18.43909,16.03122,14.0,12.16553,13.0,14.56022,13.89244,10.29563,7.81025,8.60233,31.57531,32.57299,34.71311,33.73426,36.49658,35.51056,36.49658,40.5216,42.57934,42.95346,45.12206,48.05206,53.15073,51.78803,52.61179,54.14795,55.44367,57.31492,60.20797,60.13319,63.07139,64.07027,63.07139,62.1289,65.12296,64.19502,63.0,62.00806,63.03174,62.03225,60.29925,64.12488,63.1981,62.514,61.18823,58.69412,57.48913,60.63827,61.40033,59.66574,60.72891,60.40695,61.32699,64.88451,59.09315,64.89992,64.66065,63.28507,68.26419,70.17834,68.50547,69.81404,70.21396,73.00685,75.60423,75.80237,74.8131
13.45362,12.80625,13.45362,12.04159,12.80625,12.04159,12.04159,11.40175,10.63015,10.63015,10.63015,9.89949,9.89949,8.48528,8.48528,9.21954,8.48528,8.48528,7.81025,7.81025,7.81025,7.81025,7.81025,7.2111,7.2111,7.2111,6.40312,6.40312,6.40312,7.07107,5.65685,5.65685,5.65685,5.65685,5.83095,5.0,5.83095,4.47214,4.47214,4.12311,4.12311,4.12311,3.0,3.0,3.0,3.16228,3.16228,2.23607,2.23607,2.23607,2.82843,2.23607,79.20859,75.00667,78.1025,75.28612,72.86288,73.53911,68.62215,71.42129,65.06919,65.79514,67.26812,58.89822,60.1415,56.0803,56.63921,55.80323,53.00943,53.82379,48.82622,50.60632,48.82622,46.87217,44.29447,41.67733,42.48529,39.82462,41.88078,41.62932,38.01316,41.67733,37.21559,38.27532,33.61547,38.01316,33.6006,36.40055,34.4093,35.51056,29.83287,30.41381,26.24881,24.08319,26.62705,20.80865,21.09502,19.92486,19.31321,19.41649,17.72005,16.12452,15.0,16.03122,10.77033,11.7047,12.80625,11.40175,8.48528,33.54102,34.98571,34.48188,37.58989,35.8469,40.70626,40.71855,43.04649,44.72136,47.01064,49.64877,51.89412,51.88449,56.85948,61.84658,56.64804,61.84658,61.68468,64.2573,64.19502,63.56886,66.40783,64.28841,65.52099,66.76077,67.18631,64.03124,65.52099,63.60031,65.80274,60.16644,65.45991,65.9242,62.76942,65.30697,61.32699,60.83584,59.94164,60.82763,62.26556,63.51378,63.00794,67.20119,65.29931,65.94695,60.82763,66.48308,70.03571,68.76772,70.83784,71.50524,75.82216,78.64477,75.00667,80.05623,82.46211,82.61961
12.36932,12.36932,11.40175,11.40175,11.40175,10.44031,10.44031,10.44031,9.48683,9.21954,9.21954,9.21954,8.24621,8.06226,8.06226,8.06226,8.06226,7.07107,7.0,7.07107,7.0,7.0,6.08276,6.0,6.0,6.08276,6.08276,5.0,6.0,5.09902,5.09902,5.09902,4.12311,4.12311,4.47214,4.47214,3.60555,3.60555,3.60555,2.82843,3.60555,2.82843,2.23607,2.23607,2.0,2.0,2.0,2.0,2.23607,2.23607,2.23607,1.41421,77.7946,74.0,76.53757,69.64194,73.37575,68.68042,69.64194,65.45991,67.44627,64.84597,56.32051,56.75385,57.56735,54.40588,51.66237,54.12024,49.33559,45.89118,45.12206,44.40721,44.55334,44.72136,43.28972,41.10961,39.11521,41.30375,35.22783,42.04759,39.11521,37.12142,34.23449,35.22783,32.01562,34.0147,31.257,32.01562,31.7805,26.68333,29.41088,27.313,25.07987,20.24846,21.0238,21.9545,18.43909,16.27882,14.86607,20.61553,13.92839,13.41641,9.48683,11.04536,11.18034,11.40175,13.34166,9.84886,10.0,32.44996,33.6006,34.82815,36.40055,38.01316,37.20215,39.82462,42.2019,43.01163,46.2277,48.27007,53.90733,53.2635,58.0,61.55485,58.13777,65.19202,60.1415,65.11528,63.65532,65.06919,67.94115,63.70243,66.06815,68.24954,67.26812,65.60488,67.35726,63.65532,65.19202,63.12686,66.48308,62.93648,62.28965,62.93648,63.03174,62.36986,63.25346,60.80296,62.42596,64.66065,60.90156,61.7414,63.97656,63.50591,65.19202,63.15853,66.40783,70.60453,69.57011,75.28612,75.96052,74.72617,73.05477,78.1025,82.56513,77.20104
12.80625,12.80625,12.04159,11.40175,11.40175,11.40175,11.40175,10.0,10.0,9.21954,9.21954,9.21954,9.21954,8.48528,8.48528,8.48528,7.81025,7.07107,7.07107,7.07107,7.07107,7.07107,7.07107,6.40312,6.40312,6.40312,5.65685,5.65685,5.65685,5.0,5.0,5.0,5.0,4.47214,4.47214,4.47214,4.12311,3.16228,3.16228,3.0,3.0,3.0,3.0,3.16228,2.23607,2.23607,2.82843,2.82843,2.23607,2.23607,2.23607,2.0,78.51751,77.78175,75.74299,72.83543,75.69016,70.76722,70.03571,70.71068,63.65532,63.12686,59.46427,60.82763,61.55485,54.45181,52.3259,51.62364,50.9902,47.63402,46.01087,46.69047,46.04346,42.63801,43.41659,36.89173,40.22437,39.44617,39.40812,36.35932,34.4093,39.11521,32.55764,35.60899,32.44996,33.01515,31.14482,30.4795,28.6007,28.01785,25.45584,22.67157,26.40076,22.36068,21.09502,16.64332,16.55295,14.56022,16.76305,15.29706,14.03567,13.41641,12.16553,11.18034,6.40312,7.2111,10.63015,11.04536,11.0,33.61547,34.66987,35.35534,40.70626,38.94868,40.49691,42.95346,46.06517,50.11986,49.39636,52.0,54.78138,57.00877,60.16644,58.18935,59.46427,66.12866,64.19502,65.14599,65.80274,63.32456,67.05222,69.63476,65.51336,69.87131,70.61161,69.63476,68.15424,66.21933,64.03124,63.06346,67.05222,64.51356,61.68468,66.48308,63.32456,64.4748,61.7414,62.16912,64.88451,64.88451,63.24555,65.21503,65.60488,64.81512,67.94115,67.26812,68.68042,69.35416,74.27651,74.96666,74.96666,79.93122,77.7946,79.30952,79.39773,82.807
12.64911,11.7047,11.7047,11.40175,11.40175,10.44031,10.44031,9.48683,9.48683,8.544,8.544,8.544,8.06226,7.61577,7.61577,7.61577,7.2111,6.7082,6.7082,5.83095,5.83095,5.83095,5.83095,5.83095,5.83095,5.83095,5.83095,5.0,4.47214,4.47214,4.47214,4.47214,4.12311,4.12311,3.16228,3.16228,3.0,2.0,2.0,2.0,2.0,2.23607,1.41421,1.41421,1.41421,1.0,1.0,1.0,1.41421,1.41421,1.41421,1.41421,81.3941,75.95393,74.33034,76.79193,75.31268,67.08204,64.77654,66.09841,65.51336,58.94065,60.53098,58.54912,58.24946,51.41984,56.04463,51.5461,50.0,45.31004,48.10405,47.12749,42.72002,41.4367,38.07887,37.69615,37.64306,36.76955,36.24914,31.90611,28.63564,33.12099,36.71512,33.10589,27.73085,28.17801,29.96665,26.92582,23.5372,24.33105,23.19483,23.19483,24.08319,22.0,20.22375,12.16553,13.34166,15.23155,15.65248,12.20656,11.40175,8.48528,14.31782,9.21954,10.0,10.04988,8.24621,9.84886,11.7047,35.0571,37.48333,38.63936,35.51056,37.85499,39.31921,42.2019,44.91102,50.0,50.80354,49.36598,52.95281,56.08921,56.29387,61.68468,60.44005,66.76077,62.29767,64.19502,65.30697,68.02941,70.68239,68.02941,68.00735,66.30988,68.94926,72.61543,67.62396,64.40497,65.0,63.56886,65.39113,61.7414,62.96825,62.96825,62.62587,63.34824,58.69412,63.3877,63.1981,65.37584,64.03124,64.0,66.0303,63.1981,67.36468,68.18358,67.47592,70.5762,71.19691,72.27724,77.88453,75.31268,75.18643,79.30952,78.64477,79.30952
13.0384,12.04159,12.04159,11.04536,12.04159,11.04536,11.04536,10.04988,10.04988,10.04988,10.04988,9.21954,8.06226,8.06226,8.06226,8.24621,7.28011,7.28011,7.28011,6.08276,7.07107,6.32456,6.32456,6.32456,6.08276,6.32456,5.09902,5.09902,5.0,5.09902,4.0,4.0,4.0,4.12311,4.0,4.12311,4.12311,3.16228,3.60555,3.60555,3.60555,2.82843,2.82843,2.82843,2.23607,2.23607,2.0,3.0,2.0,2.23607,2.23607,2.23607,80.41144,76.79193,77.27872,74.8131,74.52516,66.91039,68.44706,63.78871,65.62012,60.82763,63.34824,56.51548,56.51548,54.57105,52.7731,49.24429,46.84015,44.64303,43.01163,43.32436,41.62932,38.62642,36.23534,35.1141,36.76955,37.12142,34.0147,31.7805,31.01612,33.61547,32.31099,29.15476,26.83282,25.63201,28.4605,21.84033,24.5153,20.61553,22.80351,23.0,20.02498,20.0,19.10497,18.02776,13.89244,15.65248,15.6205,14.14214,12.80625,13.0,14.86607,14.31782,13.15295,10.44031,10.77033,11.7047,16.40122,34.78505,34.53983,37.33631,38.8973,41.4367,39.56008,45.31004,47.53946,48.38388,52.0,55.4617,56.85948,56.46238,61.29437,63.06346,64.41273,68.88396,68.60029,65.74192,64.49806,67.53518,70.83078,72.71864,69.33974,68.7968,69.46222,65.8635,67.1193,67.74216,65.36819,65.76473,64.88451,66.30988,62.03225,64.19502,62.62587,66.40783,65.14599,67.18631,63.34824,60.82763,65.27634,61.29437,68.00735,61.03278,68.18358,70.25667,68.593,71.70077,74.67262,70.5762,74.8131,74.67262,76.94154,79.6304,78.33901,81.78631
12.36932,12.36932,12.36932,11.7047,11.40175,10.44031,10.19804,10.19804,9.21954,9.21954,9.21954,9.05539,8.06226,8.06226,7.07107,8.06226,7.0,7.0,7.07107,7.07107,6.08276,6.0,6.0,6.08276,6.0,5.0,5.0,5.09902,5.09902,5.09902,4.12311,4.12311,4.47214,4.47214,4.47214,3.60555,3.60555,4.24264,3.60555,2.82843,2.82843,3.16228,3.16228,3.16228,3.0,3.0,3.0,3.16228,3.16228,3.16228,3.16228,2.82843,77.36924,74.96666,75.13322,74.33034,73.5459,68.88396,70.03571,66.4906,62.96825,59.03389,60.40695,62.39391,58.13777,55.44367,52.61179,49.09175,47.04253,44.10215,40.0125,42.10701,41.04875,40.0,39.01282,34.05877,35.12834,32.14032,34.36568,31.06445,28.07134,30.26549,30.41381,29.06888,27.07397,26.07681,24.02082,22.02272,21.37756,22.56103,18.43909,19.41649,17.49286,17.49286,18.43909,16.64332,13.60147,17.20465,16.12452,13.60147,13.60147,17.26268,16.12452,15.29706,17.08801,17.08801,15.26434,15.6205,19.10497,35.60899,37.80212,39.96248,40.70626,44.40721,43.56604,46.04346,50.0,52.00961,56.85948,57.14018,60.74537,63.51378,65.51336,65.19202,66.24198,68.47627,70.83078,69.46222,70.71068,69.77105,68.47627,71.19691,71.19691,72.94518,70.71068,71.11259,69.97142,72.00694,70.83078,69.64194,63.24555,64.40497,64.2028,65.60488,60.30755,59.4138,61.6198,62.36986,64.40497,58.5235,62.76942,65.51336,63.50591,63.50591,68.62215,65.78754,70.5195,72.73239,73.08215,72.53275,74.2159,79.30952,73.75636,74.96666,77.36924,75.95393
12.52996,13.0,12.08305,12.08305,10.77033,11.18034,10.77033,10.77033,9.84886,9.48683,9.48683,9.48683,8.24621,8.24621,8.24621,8.24621,8.24621,7.28011,7.07107,7.07107,6.08276,6.08276,6.08276,6.08276,6.08276,6.08276,5.09902,5.09902,4.12311,4.47214,4.47214,4.47214,4.12311,3.60555,4.24264,3.60555,2.82843,2.82843,2.23607,2.23607,3.16228,3.16228,2.0,3.16228,3.16228,3.16228,2.82843,2.82843,2.82843,2.23607,2.82843,3.16228,79.02531,74.33034,78.1025,68.24954,71.06335,70.29225,67.00746,64.2028,62.80127,54.08327,52.69725,54.08327,51.86521,50.80354,50.60632,46.64762,43.909,41.62932,43.82921,38.58756,37.57659,34.43835,33.10589,32.57299,34.53983,34.53983,30.88689,32.01562,28.4605,30.8707,25.94224,28.63564,27.313,23.85372,25.80698,21.40093,22.80351,21.26029,18.38478,17.69181,19.20937,16.64332,19.31321,18.02776,16.27882,20.09975,16.49242,15.0333,17.72005,17.08801,17.69181,19.10497,20.61553,18.43909,18.35756,24.41311,19.72308,34.36568,41.01219,40.04997,42.19005,42.0,46.01087,48.01042,47.0,53.03772,52.08647,53.03772,57.21888,62.00806,66.48308,68.18358,64.49806,65.49046,67.60178,73.06162,69.72087,70.45566,73.17103,67.47592,69.72087,70.5762,71.84706,72.56032,72.1734,67.02984,66.27217,63.12686,66.0,62.00806,63.28507,60.40695,60.20797,58.94065,59.66574,62.0967,62.76942,61.84658,58.18075,59.48109,63.28507,61.29437,64.07027,65.60488,68.11755,69.31089,64.44377,69.29646,73.5527,79.19596,70.71068,74.27651,76.83749,73.87828
12.04159,10.63015,11.40175,10.63015,10.0,9.21954,8.60233,8.60233,8.60233,8.60233,8.06226,8.06226,8.06226,7.61577,6.7082,6.7082,6.32456,6.32456,6.32456,6.08276,5.38516,5.38516,5.09902,5.09902,5.38516,4.12311,4.12311,4.47214,4.12311,3.60555,4.47214,3.60555,3.60555,3.60555,2.82843,3.60555,3.16228,3.60555,3.16228,3.16228,3.0,3.0,4.0,3.16228,3.16228,3.16228,3.60555,3.60555,3.60555,3.60555,4.24264,4.24264,70.93659,65.60488,70.83784,64.3506,66.52819,63.63961,62.24147,59.5483,55.44367,54.03702,52.80152,54.6443,50.0,46.04346,44.65423,46.14109,43.41659,42.05948,38.94868,37.69615,38.60052,34.78505,38.8973,31.95309,34.53983,31.95309,34.20526,32.89377,28.63564,31.04835,26.68333,28.86174,27.313,28.63564,22.47221,30.80584,25.80698,25.80698,25.80698,21.63331,18.43909,19.41649,25.05993,22.36068,24.16609,20.22375,20.39608,19.23538,17.02939,23.02173,24.33105,24.04163,23.4094,24.16609,20.61553,22.2036,26.1725,39.62323,39.82462,37.53665,43.86342,43.86342,48.79549,49.49747,52.49762,55.22681,55.22681,56.72742,62.24147,63.89053,62.93648,67.35726,62.482,70.76722,67.47592,70.29225,72.24957,70.17834,75.60423,70.43437,73.87828,72.8011,70.80254,68.00735,71.84706,66.88797,70.83078,64.00781,65.39113,61.09828,60.53924,64.19502,60.16644,54.12947,60.53098,59.21149,61.0,66.00758,57.42822,63.15061,62.0967,59.20304,61.09828,61.46544,60.83584,71.11259,64.41273,70.83078,71.02112,71.84706,64.40497,76.83749,78.24321,76.6094
13.0,11.7047,12.08305,13.0,11.18034,11.18034,10.29563,10.29563,10.29563,10.0,9.43398,8.60233,9.21954,8.48528,8.48528,7.81025,7.81025,7.07107,7.81025,7.07107,7.07107,7.2111,6.40312,6.40312,6.40312,5.65685,6.40312,5.65685,6.40312,5.0,5.65685,5.65685,6.40312,5.0,5.38516,5.38516,5.38516,5.38516,5.09902,5.09902,5.09902,5.0,5.0,5.09902,5.09902,5.09902,5.09902,5.09902,5.38516,5.38516,4.47214,5.0,74.67262,73.17103,67.89698,69.63476,69.857,57.55867,71.38627,59.90826,64.84597,51.5461,57.56735,56.30275,53.31041,52.3259,46.61545,45.61798,43.38202,41.34005,39.40812,44.65423,38.60052,41.7732,38.60052,35.4683,34.71311,33.42155,33.97058,37.01351,31.241,30.61046,29.83287,29.20616,31.14482,29.0,29.68164,26.92582,28.01785,30.41381,26.41969,24.69818,27.20294,24.0,26.1725,26.1725,25.0,26.1725,25.17936,26.01922,25.63201,27.85678,29.41088,29.06888,26.41969,24.18677,25.0,29.73214,24.08319,41.23106,37.64306,44.27189,40.02499,46.57252,41.4367,46.32494,49.81967,54.91812,55.7315,59.84146,63.34824,67.08204,64.77654,64.62971,65.49046,69.87131,76.1643,68.11755,73.10951,71.17584,76.00658,74.06079,72.06247,68.06614,74.00676,67.18631,68.593,69.46222,67.60178,66.4906,59.48109,62.96825,62.16912,60.83584,59.5063,58.66856,55.47071,60.44005,62.28965,59.4138,59.5483,56.72742,66.37017,53.7122,62.26556,62.39391,62.8172,67.46851,69.63476,65.96969,69.05071,64.62971,73.68175,70.25667,71.06335,75.10659
10.63015,9.89949,9.89949,9.89949,9.89949,9.21954,9.21954,8.60233,8.60233,8.06226,7.2111,7.2111,7.2111,6.7082,6.7082,6.32456,6.32456,5.38516,6.32456,6.32456,6.32456,5.38516,5.09902,5.09902,5.38516,5.38516,4.47214,5.38516,4.47214,4.47214,4.47214,4.47214,5.0,4.24264,4.24264,3.60555,3.60555,3.60555,3.60555,4.47214,4.12311,4.12311,4.12311,4.0,4.0,4.0,4.0,4.12311,4.12311,4.12311,4.47214,4.47214,68.88396,72.34639,67.26812,64.44377,65.76473,64.44377,65.76473,61.55485,56.58622,58.41233,53.2635,52.47857,49.39636,50.21952,49.64877,47.01064,47.88528,39.35734,39.44617,39.81206,39.35734,35.1141,37.33631,38.27532,32.31099,32.57299,33.52611,30.41381,32.69557,32.89377,29.61419,29.06888,35.51056,30.01666,32.69557,28.30194,31.30495,30.52868,32.01562,27.58623,27.01851,27.20294,29.52965,25.80698,29.68164,24.16609,30.08322,27.51363,26.68333,27.07397,32.0,28.07134,31.06445,28.07134,33.24154,31.7805,28.79236,39.44617,39.66106,39.96248,45.79301,43.909,45.22168,47.80167,51.61395,56.22277,59.03389,62.42596,62.96825,66.8431,63.25346,66.06815,66.4003,68.88396,69.6563,74.02702,73.66139,73.59348,75.74299,75.0733,70.76722,71.42129,70.0928,65.76473,72.18033,71.06335,67.47592,62.68174,67.23095,62.43397,62.17717,64.00781,57.24509,58.94065,58.69412,58.69412,61.52235,56.22277,61.13101,61.13101,66.37017,60.67125,61.61169,59.77458,64.4748,68.62215,65.79514,68.8767,64.88451,68.60029,72.06941,71.02112,73.00685,72.62231
12.20656,11.6619,11.6619,11.18034,11.18034,10.29563,10.29563,9.84886,9.84886,9.48683,9.84886,9.48683,8.24621,8.24621,7.28011,8.24621,7.07107,8.06226,7.07107,7.07107,7.07107,6.08276,7.07107,6.08276,6.08276,7.07107,7.28011,6.08276,6.32456,6.32456,5.38516,5.38516,5.38516,5.0,5.83095,5.83095,5.0,5.0,5.0,4.24264,5.0,5.0,4.47214,4.47214,5.38516,4.12311,5.09902,5.09902,5.09902,5.0,5.0,4.0,70.29225,68.593,70.03571,64.44377,69.52697,62.96825,60.44005,62.00806,56.22277,59.03389,51.61395,50.24938,50.24938,48.01042,46.87217,44.94441,46.51881,42.15448,43.68066,41.78516,38.62642,38.83298,34.48188,35.90265,35.17101,39.29377,37.10795,32.01562,34.20526,37.10795,32.57299,29.83287,29.15476,32.98485,31.95309,29.54657,29.83287,30.8707,25.55386,30.61046,30.61046,34.82815,24.20744,29.20616,26.90725,31.89044,30.41381,28.84441,32.69557,28.63564,29.41088,30.67572,31.57531,27.16616,29.15476,26.01922,29.15476,38.27532,41.62932,37.58989,46.06517,45.27693,47.01064,47.01064,48.82622,53.00943,54.3783,55.75841,61.58734,59.90826,63.81222,64.40497,64.81512,70.43437,69.63476,64.40497,73.24616,70.43437,74.02702,72.20111,66.8431,70.17834,71.50524,68.68042,70.0928,68.62215,67.47592,64.2028,66.57327,63.63175,62.17717,61.7171,62.96825,62.39391,56.30275,57.07013,56.29387,60.13319,56.0,58.07753,62.28965,57.27128,57.07013,61.40033,62.29767,68.8767,65.36819,63.52952,71.55418,71.19691,66.61081,70.0,67.20119,71.42129
11.40175,11.18034,10.04988,11.04536,10.04988,10.04988,9.05539,9.05539,9.05539,8.0,8.0,8.0,7.07107,7.07107,7.07107,7.07107,7.07107,6.08276,6.32456,6.08276,6.08276,5.09902,6.08276,6.08276,5.09902,6.08276,6.08276,5.09902,5.09902,5.0,5.0,5.0,5.09902,5.09902,5.09902,5.38516,5.38516,4.47214,5.38516,5.38516,5.0,5.65685,5.0,5.65685,5.65685,5.65685,6.40312,5.83095,5.0,5.38516,5.38516,5.38516,68.7968,67.54258,62.64982,63.50591,62.17717,60.00833,62.03225,58.30952,54.70832,52.0,54.08327,49.33559,53.45091,49.72927,47.29693,46.09772,45.09989,43.17407,35.51056,43.10452,36.22154,41.10961,36.0,38.01316,35.22783,38.01316,32.01562,33.73426,34.0147,33.0,32.01562,33.37664,33.06055,36.0,32.01562,29.61419,31.04835,34.71311,33.52611,31.32092,33.24154,33.12099,28.6531,29.06888,29.41088,31.241,27.65863,32.64966,30.4795,28.01785,31.76476,30.8707,29.06888,30.8707,27.73085,31.7805,32.24903,36.40055,38.41875,36.87818,41.6173,42.43819,44.77723,42.72002,46.14109,49.73932,53.7122,54.56189,57.69749,60.83584,68.47627,65.36819,65.0,66.24198,70.66116,70.66116,67.08204,68.02941,71.11962,70.21396,70.00714,67.23095,68.35203,69.28925,67.44627,64.03124,62.36986,64.32729,60.67125,62.64982,59.68249,58.03447,60.0,59.13544,59.3043,56.04463,60.08328,58.5235,58.18935,53.85165,60.53924,57.42822,61.91123,62.482,63.70243,67.94115,65.19202,64.2028,63.25346,64.81512,65.80274,71.34424,67.1193,73.24616
12.04159,11.31371,11.31371,10.63015,10.63015,10.63015,10.63015,10.0,9.21954,8.60233,8.60233,8.06226,8.06226,7.61577,7.61577,8.06226,7.61577,6.7082,6.32456,6.7082,6.7082,6.7082,6.7082,6.32456,6.7082,6.32456,6.7082,5.83095,5.83095,6.7082,5.0,5.83095,5.65685,5.65685,6.40312,6.40312,5.65685,6.40312,5.83095,5.83095,7.2111,5.83095,6.7082,6.7082,6.32456,6.32456,6.08276,6.08276,6.08276,6.08276,6.08276,6.0,69.35416,59.40539,67.74216,63.28507,65.45991,64.3506,58.13777,58.82176,55.60576,59.20304,50.80354,48.83646,52.40229,46.75468,45.96738,47.20169,43.18565,43.60046,41.34005,37.01351,42.0119,38.83298,35.35534,37.21559,36.23534,35.51056,36.89173,33.83785,32.31099,41.14608,35.8469,35.0,29.15476,35.8469,32.20248,29.0,33.94113,34.05877,31.82766,33.97058,32.52691,34.0,37.80212,30.80584,35.34119,34.43835,29.41088,30.67572,32.98485,30.41381,35.51056,33.06055,33.13608,29.01724,31.06445,31.7805,34.52535,36.67424,36.68787,37.0,41.78516,36.67424,41.62932,49.1935,45.27693,52.7731,48.82622,56.4358,55.22681,57.45433,62.76942,63.06346,60.03332,70.17834,63.51378,67.74216,67.74216,64.07027,70.71068,66.4003,70.93659,68.24222,69.2026,70.29225,70.17834,62.482,64.3506,59.39697,64.53681,59.66574,59.64059,53.25411,56.4358,55.9017,55.03635,58.94065,52.63079,61.18823,54.33231,60.40695,57.00877,60.0,64.38167,60.67125,59.5399,64.28841,61.03278,62.03225,66.7308,73.37575,65.79514,71.69379,71.11962,68.09552
10.77033,9.84886,10.44031,9.48683,10.44031,9.48683,9.21954,8.24621,9.21954,8.06226,8.24621,8.06226,7.07107,7.0,7.0,7.0,7.07107,7.07107,6.08276,7.0,7.07107,7.07107,7.07107,7.07107,7.07107,6.08276,6.08276,7.07107,6.08276,7.0,6.0,6.0,6.0,7.0,6.0,6.08276,6.08276,6.08276,6.08276,6.32456,5.38516,5.38516,6.32456,5.38516,5.83095,5.83095,5.0,5.83095,5.0,5.65685,5.0,5.0,63.25346,65.8559,69.40461,60.90156,63.63175,64.07027,57.14018,56.0803,54.70832,57.70615,54.12947,51.24451,46.17359,49.76947,48.8467,49.33559,47.12749,43.65776,43.93177,42.19005,44.55334,41.7732,38.63936,39.05125,43.41659,38.63936,35.0571,40.0125,38.32754,36.34556,39.01282,42.10701,39.11521,38.83298,36.49658,38.63936,41.0,39.31921,38.83298,35.90265,36.13862,34.48188,41.14608,37.69615,40.71855,34.0,36.40055,39.66106,35.80503,38.01316,31.241,33.94113,35.38361,37.53665,32.75668,35.77709,30.88689,32.01562,37.80212,38.20995,39.62323,36.79674,41.10961,41.23106,46.75468,53.2635,54.03702,53.8145,56.61272,59.4138,59.46427,59.81639,61.07373,65.0,68.00735,68.50547,68.24222,67.6757,70.21396,69.97142,70.72482,73.00685,65.0,65.73431,66.37017,65.0,68.8767,63.07139,62.76942,62.62587,59.66574,63.78871,57.70615,55.22681,59.07622,58.07753,58.21512,56.4358,56.7186,56.75385,63.32456,53.66563,54.20332,56.0357,64.07027,61.40033,59.40539,57.80138,69.6563,64.3506,65.05382,72.13876,68.62215,70.93659
11.18034,10.29563,10.77033,10.77033,9.84886,9.84886,9.48683,8.544,8.544,8.544,8.24621,8.24621,8.24621,7.28011,7.07107,7.07107,7.07107,7.07107,7.0,7.0,7.0,7.0,7.0,6.0,6.0,7.0,7.0,6.0,6.0,7.07107,6.0,7.07107,6.08276,6.08276,6.08276,7.28011,6.32456,6.32456,6.32456,6.7082,6.7082,6.7082,6.7082,6.40312,6.40312,6.40312,5.65685,5.65685,6.40312,6.40312,5.83095,5.83095,63.34824,68.30813,65.0,65.25335,64.84597,61.61169,62.36986,55.7315,57.27128,59.22837,48.6621,55.57877,50.24938,55.03635,47.38143,45.27693,44.10215,45.01111,38.32754,43.28972,46.52956,39.62323,36.87818,37.10795,34.9285,36.49658,43.41659,40.49691,38.83298,43.41659,35.90265,40.60788,39.56008,34.78505,43.56604,39.11521,36.34556,39.62323,42.19005,41.0,38.11824,40.1995,40.31129,40.4475,38.63936,39.29377,36.13862,42.75512,33.10589,37.0,42.15448,40.31129,34.88553,39.96248,32.01562,38.41875,34.65545,35.35534,31.38471,37.69615,36.40055,38.91015,40.8534,41.10961,48.70318,53.16014,54.12024,56.64804,57.00877,57.56735,57.87055,57.87055,64.53681,63.89053,67.35726,67.05222,68.41053,72.56721,69.857,70.60453,71.80529,69.26038,71.06335,63.78871,63.34824,70.71068,65.12296,65.00769,61.03278,60.20797,58.30952,59.68249,57.27128,58.69412,58.5235,56.64804,57.27128,54.70832,63.51378,53.41348,57.38467,56.72742,58.89822,58.69412,65.29931,63.51378,64.40497,64.63745,69.64194,64.49806,62.17717,71.11259,67.53518,71.30919
10.77033,11.18034,11.18034,10.77033,10.29563,9.84886,10.29563,10.29563,9.43398,8.60233,8.60233,9.21954,9.21954,8.48528,8.60233,7.81025,8.48528,7.81025,7.81025,7.81025,7.07107,7.81025,7.81025,7.2111,7.2111,7.81025,7.81025,7.81025,7.81025,7.07107,7.81025,7.81025,7.81025,7.07107,7.81025,7.07107,7.81025,7.81025,7.81025,7.2111,6.7082,8.06226,8.06226,7.61577,7.61577,6.7082,7.28011,7.28011,6.32456,7.28011,6.08276,6.0,69.0,58.07753,64.00781,63.07139,64.28063,62.80127,56.56854,58.42089,57.70615,51.41984,51.97115,53.16014,52.55473,48.10405,44.59821,45.18849,47.16991,47.01064,44.29447,39.11521,41.34005,42.19005,45.0,44.04543,41.6173,41.04875,34.05877,38.94868,41.23106,41.10961,38.83298,41.10961,40.36087,43.18565,38.27532,38.60052,46.87217,40.31129,39.66106,39.44617,42.94182,42.15448,44.28318,40.71855,41.10961,40.49691,40.5216,42.72002,38.47077,34.05877,35.12834,40.11234,34.05877,38.01316,39.20459,35.01428,34.52535,31.95309,34.36568,33.37664,35.51056,37.21559,41.30375,42.29657,44.55334,43.41659,50.01,50.24938,54.45181,58.13777,59.07622,59.07622,57.03508,66.18912,62.0,66.00758,66.0303,65.00769,67.02984,64.07027,68.11755,65.19202,65.27634,66.27217,67.26812,62.36986,66.09841,54.91812,61.40033,59.48109,57.58472,58.30952,55.9464,51.97115,55.0,53.90733,53.74012,57.31492,49.64877,54.08327,57.68882,55.9017,54.58938,55.02727,59.48109,60.72891,60.63827,57.72348,61.20457,63.50591,66.48308,64.12488,68.06614,66.06815
10.44031,10.44031,10.19804,10.44031,9.48683,8.544,8.94427,8.94427,8.94427,8.06226,8.06226,8.60233,8.60233,7.2111,7.2111,7.81025,7.07107,7.07107,7.07107,7.07107,7.07107,6.40312,6.40312,7.2111,6.40312,7.2111,7.2111,7.07107,7.07107,7.2111,7.07107,7.07107,7.07107,7.07107,7.07107,7.07107,7.07107,6.40312,7.2111,6.7082,5.83095,7.2111,6.7082,6.7082,6.7082,6.32456,6.32456,6.08276,6.08276,5.09902,5.09902,6.0,66.06815,68.18358,63.00794,65.00769,66.27217,56.32051,58.54912,55.44367,57.87055,51.97115,52.95281,51.41984,54.08327,47.75982,51.89412,50.32892,46.09772,44.29447,41.59327,44.77723,48.25971,46.87217,38.83298,38.60052,36.89173,39.40812,38.41875,35.22783,38.28838,39.62323,40.31129,40.45986,42.0119,39.05125,42.0119,37.12142,42.72002,41.18252,39.82462,39.66106,43.82921,40.70626,40.71855,38.27532,42.72002,39.84972,41.4367,38.83298,41.23106,38.63936,37.48333,41.04875,35.0,36.01389,35.12834,36.49658,33.73426,33.95585,33.52611,35.44009,36.49658,41.0,44.14748,41.7732,44.91102,50.63596,52.08647,55.44367,61.40033,59.3043,61.40033,61.40033,64.38167,69.06519,68.26419,68.02941,65.12296,70.25667,71.17584,72.06247,68.11755,67.02984,68.26419,70.0,66.27217,66.18912,63.3877,67.08204,59.43904,59.43904,62.0967,60.08328,58.30952,59.09315,56.93856,54.6443,59.81639,54.67175,59.46427,55.44367,55.0,53.7122,53.85165,57.70615,59.23681,59.77458,62.62587,60.08328,65.73431,66.75328,62.36986,67.47592,65.27634,61.0082
10.04988,10.04988,10.04988,9.05539,9.21954,9.21954,8.06226,8.24621,7.28011,8.24621,8.544,7.28011,7.61577,6.7082,6.7082,6.7082,6.7082,6.7082,6.40312,6.40312,6.40312,6.40312,5.83095,6.40312,6.40312,6.40312,6.40312,6.40312,6.40312,6.40312,6.40312,5.83095,5.83095,6.7082,6.32456,6.32456,6.32456,6.32456,6.32456,6.32456,6.32456,6.08276,6.08276,6.0,6.0,6.0,6.08276,6.0,6.08276,5.09902,5.38516,5.38516,69.02898,65.06919,66.06815,64.00781,65.76473,61.40033,60.29925,61.81424,54.45181,53.85165,48.50773,48.27007,52.20153,48.76474,48.70318,46.23851,44.01136,45.69464,46.06517,39.82462,43.60046,38.58756,40.60788,40.80441,38.27532,44.20407,41.40048,40.36087,39.62323,41.10961,40.36087,43.41659,39.05125,44.68781,36.61967,42.0119,39.82462,40.80441,39.66106,40.81666,37.94733,41.62932,42.15448,40.8534,43.08132,38.32754,38.47077,40.5216,37.65634,38.47077,37.48333,39.01282,34.1321,35.0571,35.12834,35.51056,34.20526,32.28002,35.44009,34.20526,39.62323,36.49658,37.21559,43.56604,44.18144,49.36598,50.63596,57.87055,59.3043,64.28063,65.27634,67.02984,63.50591,69.02898,61.03278,70.0,71.11259,69.00725,71.02816,70.06426,69.0,68.00735,66.06815,62.03225,70.17834,63.50591,68.06614,63.63961,67.44627,58.24088,60.08328,61.46544,56.79789,53.33854,55.56978,59.20304,63.03174,57.28001,55.60576,56.22277,60.20797,56.60389,57.80138,57.27128,62.29767,67.05222,61.03278,65.30697,66.70832,64.32729,63.78871,69.18092,73.68175,70.45566
12.16553,11.18034,11.40175,11.40175,11.40175,10.44031,10.44031,9.48683,9.48683,9.48683,9.84886,8.94427,8.94427,8.94427,8.06226,8.06226,8.06226,8.06226,8.60233,8.60233,7.2111,8.06226,8.06226,7.81025,7.81025,7.81025,8.06226,8.60233,7.81025,8.06226,8.06226,8.06226,8.06226,7.61577,8.544,7.61577,7.61577,7.28011,7.28011,8.24621,7.07107,8.06226,8.06226,8.0,7.0,7.0,7.0,7.07107,7.07107,7.07107,7.28011,6.32456,72.78049,60.63827,66.75328,63.50591,61.84658,60.41523,57.24509,59.80803,58.69412,51.24451,50.44799,50.28916,48.38388,46.09772,48.10405,42.04759,46.52956,46.87217,44.65423,39.96248,39.96248,40.60788,39.20459,40.80441,39.05125,42.0119,42.0119,39.62323,40.31129,39.62323,37.20215,39.69887,37.01351,42.2019,39.66106,40.0,44.40721,41.86884,41.88078,39.81206,37.58989,41.23106,44.28318,43.909,42.05948,40.16217,41.97618,37.64306,40.11234,37.12142,37.05401,36.0,40.0,35.0571,37.01351,38.47077,35.17101,32.14032,33.06055,36.12478,36.22154,42.57934,39.20459,39.45884,42.57934,47.67599,46.8188,50.21952,53.93515,56.32051,59.43904,60.01666,61.0,67.68309,62.58594,67.35726,67.74216,63.63961,66.28725,65.73431,69.64194,65.0,64.84597,65.80274,66.76077,65.0,62.6099,58.60034,57.70615,57.24509,58.83026,56.61272,53.60037,55.97321,54.45181,52.80152,56.85948,54.91812,49.09175,52.7731,57.38467,55.65968,58.82176,56.51548,58.0517,65.19202,59.4138,64.03124,65.19202,63.00794,63.03174,64.07027,69.35416,68.11755
12.04159,11.0,11.0,11.04536,10.0,10.0,11.0,10.04988,9.05539,9.05539,9.05539,9.21954,8.06226,8.06226,8.06226,8.24621,8.24621,8.544,7.28011,7.61577,7.28011,7.61577,6.7082,7.61577,7.28011,6.7082,7.61577,7.28011,7.61577,7.61577,7.28011,8.24621,8.24621,7.07107,7.07107,8.06226,7.07107,7.0,8.0,7.0,7.0,7.0,8.06226,7.07107,7.07107,7.07107,6.32456,7.28011,6.7082,7.61577,6.7082,6.7082,66.18912,58.21512,61.0082,66.48308,57.0,60.40695,57.42822,56.56854,55.3263,52.95281,52.7731,52.7731,55.08176,45.88028,49.33559,47.75982,42.72002,45.88028,42.15448,43.46263,42.04759,38.94868,38.94868,36.89173,36.71512,36.61967,37.12142,35.60899,37.58989,39.40812,43.18565,40.60788,37.44329,42.19005,39.66106,34.98571,36.71512,39.81206,41.4367,38.48376,43.41659,40.71855,42.72002,40.16217,38.83298,36.68787,40.60788,38.32754,41.10961,39.11521,37.05401,35.0,36.0,37.21559,36.87818,34.9285,36.76955,30.14963,32.06244,36.34556,36.05551,34.1321,36.05551,43.04649,44.0,47.09565,47.01064,50.01,53.03772,56.0357,61.0,61.07373,60.03332,67.18631,65.27634,66.18912,69.11584,66.48308,65.27634,64.07027,61.13101,66.27217,67.89698,63.63961,63.78871,59.84146,62.36185,56.30275,60.72891,61.68468,56.46238,59.09315,53.85165,56.60389,57.31492,43.26662,46.66905,57.48913,52.43091,60.03332,54.20332,54.626,60.44005,59.46427,61.35145,58.24088,59.13544,61.18823,67.08204,70.5762,64.49806,65.37584,71.44928,70.00714
12.16553,11.04536,11.04536,11.04536,11.04536,11.0,10.0,10.0,10.0,9.05539,10.04988,9.05539,9.21954,8.24621,8.24621,8.24621,8.24621,8.24621,7.61577,8.544,7.61577,7.61577,7.61577,7.61577,7.61577,7.61577,7.61577,7.61577,7.61577,7.61577,7.61577,8.544,7.61577,8.24621,8.24621,8.06226,8.24621,8.06226,8.06226,7.07107,8.0,8.0,7.0,7.07107,8.0,7.07107,7.07107,7.07107,7.28011,6.32456,6.32456,6.7082,70.00714,68.35203,65.45991,63.89053,66.21933,59.43904,65.51336,60.20797,59.68249,53.60037,55.44367,48.6621,52.34501,51.0098,47.16991,47.16991,48.04165,46.38965,41.30375,46.17359,44.72136,44.55334,42.44997,41.97618,42.72002,43.17407,40.5216,40.26164,43.32436,36.40055,41.48494,39.21734,41.23106,40.80441,39.81206,42.05948,41.19466,40.5216,39.05125,43.01163,44.28318,44.0,46.04346,42.19005,37.01351,46.04346,43.41659,40.4475,42.2019,43.68066,40.49691,38.07887,37.33631,38.07887,37.21559,37.44329,39.44617,35.80503,34.4093,37.12142,38.48376,38.47077,39.44617,42.94182,44.72136,52.39275,53.48832,57.38467,59.94164,62.39391,62.6099,59.61543,67.54258,67.62396,69.28925,63.90618,69.46222,67.62396,69.07966,72.11103,69.57011,69.28925,69.37579,70.5195,65.80274,64.53681,61.18823,63.50591,59.4138,58.03447,58.00862,57.03508,54.00926,56.88585,57.87055,52.20153,55.00909,54.56189,56.0803,54.3783,57.62812,54.67175,54.6443,57.28001,59.81639,59.46427,64.40497,66.03787,67.23095,66.03787,66.37017,72.47068,67.97794,69.46222
11.40175,11.40175,10.81665,10.29563,9.43398,10.29563,9.43398,9.43398,8.94427,8.06226,8.94427,8.94427,8.544,7.61577,7.61577,7.28011,7.28011,7.28011,7.07107,7.28011,6.32456,6.08276,7.07107,6.08276,6.08276,7.07107,7.07107,6.08276,6.08276,7.28011,6.32456,6.32456,6.32456,6.32456,7.61577,7.61577,6.7082,6.7082,7.2111,7.2111,7.2111,7.2111,6.40312,7.07107,6.40312,6.40312,7.2111,6.40312,7.2111,6.7082,6.7082,6.32456,61.61169,67.00746,65.60488,63.60031,61.61169,64.03124,60.30755,58.0517,50.93133,50.20956,51.22499,49.51767,49.49747,46.75468,42.0119,43.41659,43.26662,41.34005,38.58756,44.72136,41.18252,38.94868,39.0,35.34119,36.23534,39.35734,43.08132,33.83785,34.78505,38.62642,38.91015,36.71512,36.24914,39.56008,44.77723,34.98571,41.67733,40.49691,42.72002,39.82462,39.05125,37.80212,38.8973,43.18565,38.20995,43.41659,36.23534,33.42155,40.80441,42.48529,40.49691,39.81206,39.56008,29.15476,34.48188,36.68787,33.24154,34.4093,29.68164,37.44329,40.60788,37.20215,39.62323,45.27693,43.18565,48.9183,52.49762,53.75872,58.0,58.79626,58.69412,61.6198,63.78087,67.26812,67.17887,70.71068,65.94695,67.20863,72.83543,66.48308,63.65532,65.76473,67.20863,68.62215,66.52819,67.47592,65.21503,59.20304,59.90826,60.46487,56.35601,56.36488,57.69749,54.70832,56.75385,55.9017,56.4358,58.07753,57.14018,53.00943,59.21149,55.7315,63.15061,60.41523,57.28001,58.87274,63.24555,63.50591,61.26989,67.23095,69.77822,66.37017,68.96376,63.24555
11.40175,11.40175,10.63015,10.63015,10.63015,9.89949,9.89949,9.21954,9.89949,8.48528,9.21954,8.60233,8.60233,7.81025,7.2111,8.06226,7.2111,7.2111,6.7082,6.7082,6.7082,6.7082,7.61577,6.7082,5.83095,6.7082,6.7082,6.7082,6.7082,7.61577,6.7082,6.7082,6.7082,7.2111,7.2111,7.81025,7.2111,7.07107,7.07107,7.07107,7.07107,7.81025,7.2111,7.2111,7.2111,7.2111,6.7082,6.32456,6.32456,7.28011,6.32456,6.08276,64.07808,63.07139,59.5063,62.64982,67.95587,60.41523,60.21628,56.85948,55.0,53.82379,52.00961,50.80354,50.21952,48.27007,44.55334,47.38143,43.93177,44.55334,38.60052,42.0119,43.26662,43.04649,36.05551,36.71512,36.61967,42.05948,40.31129,34.88553,35.8469,43.909,39.35734,38.47077,38.91015,34.88553,42.54409,35.8469,36.71512,38.94868,37.64306,41.40048,42.0119,40.60788,37.01351,39.59798,37.64306,40.60788,36.23534,34.05877,36.40055,39.81206,38.47077,39.82462,36.68787,35.73514,35.90265,35.44009,34.9285,36.40055,32.55764,38.07887,31.7805,37.64306,37.94733,41.97618,44.92215,52.55473,48.70318,52.92447,58.87274,60.53924,61.09828,59.46427,65.0,67.77905,70.38466,63.15853,69.26038,70.00714,70.5762,73.1642,65.0,66.64833,69.97142,68.0,61.58734,65.36819,62.96825,64.03124,56.85068,61.55485,57.31492,56.56854,58.69412,58.41233,55.56978,54.12947,57.77543,51.07837,64.84597,51.1957,60.29925,58.07753,52.0,54.0,64.00781,61.29437,68.26419,59.20304,67.26812,63.15061,68.15424,71.51224,63.56886,71.16881
10.44031,9.48683,10.77033,9.48683,9.84886,8.544,8.544,8.544,7.61577,8.06226,7.2111,7.61577,7.2111,7.2111,7.2111,6.40312,6.40312,6.40312,5.65685,5.65685,5.65685,5.65685,5.65685,5.65685,5.65685,5.65685,5.65685,6.40312,6.40312,5.65685,5.65685,6.40312,6.40312,5.65685,5.83095,6.7082,6.7082,5.83095,5.83095,5.38516,6.32456,6.32456,6.32456,6.08276,6.08276,6.0,6.0,5.0,6.0,6.08276,5.09902,5.38516,64.56005,63.32456,63.56099,58.30952,58.60034,51.97115,57.70615,55.4617,50.60632,45.17743,51.47815,46.14109,47.50789,45.79301,44.04543,43.13931,45.34314,41.7732,37.53665,38.8973,38.8973,36.87818,37.53665,41.04875,32.20248,39.20459,35.35534,35.51056,38.07887,32.44996,36.71512,34.82815,39.66106,40.81666,36.05551,36.23534,39.11521,36.23534,38.18377,36.79674,37.48333,40.0,39.05125,42.44997,36.87818,32.24903,39.44617,35.8469,36.23534,35.4683,35.73514,36.13862,35.1141,35.12834,35.12834,33.06055,34.0,30.14963,36.61967,28.63564,18.78829,41.97618,55.22681,70.00714,32.98485,55.47071,55.71355,50.32892,82.56513,81.15417,52.61179,89.9611,60.07495,42.80187,80.0,66.28725,69.06519,79.60528,59.3043,79.30952,77.47258,60.16644,50.11986,81.12336,76.92204,67.54258,60.53924,47.42362,65.19202,74.8131,67.89698,59.07622,54.20332,65.8635,53.53504,55.9464,56.46238,56.64804,51.07837,58.0517,50.80354,56.29387,60.63827,54.00926,53.03772,57.0,59.03389,61.52235,59.68249,63.34824,57.55867,65.73431,65.0,66.21933
10.29563,9.43398,9.43398,8.94427,8.94427,7.61577,8.544,8.544,8.544,8.544,7.61577,7.28011,7.28011,7.07107,6.08276,7.07107,6.0,6.0,6.0,6.0,6.0,7.0,6.0,6.08276,6.0,6.08276,6.08276,6.0,6.08276,6.08276,6.0,6.0,6.0,6.08276,6.08276,6.08276,5.09902,6.08276,6.08276,5.38516,5.38516,5.38516,6.32456,5.38516,5.38516,5.0,5.0,5.83095,5.0,5.0,5.0,5.0,65.8635,66.7308,66.64833,60.00833,62.6099,52.92447,59.5063,57.38467,54.42426,49.0408,49.33559,53.15073,47.85394,47.85394,46.69047,46.0,41.4367,43.10452,43.01163,41.04875,39.05125,38.20995,42.19005,39.0,38.0526,34.05877,41.0,39.45884,38.20995,37.33631,36.68787,41.59327,40.60788,38.47077,39.11521,40.04997,41.01219,41.10961,36.05551,39.05125,41.01219,35.51056,40.60788,39.20459,36.67424,35.17101,32.57299,35.17101,31.04835,34.43835,33.54102,34.48188,34.98571,36.05551,36.06938,29.69848,30.41381,33.6006,33.61547,36.71512,40.81666,42.19005,45.79301,46.52956,47.88528,49.24429,55.22681,55.00909,57.80138,62.16912,64.40497,64.41273,63.95311,69.83552,66.30988,68.8767,71.11259,71.58911,72.47068,68.47627,72.09022,69.77822,69.46222,68.54196,63.69458,62.64184,63.34824,61.39218,62.58594,63.15061,61.52235,62.20129,61.0082,57.31492,59.5399,58.24946,57.72348,59.77458,60.00833,54.56189,58.18075,56.60389,65.21503,61.03278,58.0517,61.55485,60.959,63.78087,65.0,64.66065,66.4003,67.62396,70.72482,66.24198
11.7047,10.77033,10.77033,10.77033,9.84886,8.94427,9.84886,8.94427,8.94427,9.43398,8.60233,8.06226,7.81025,8.60233,7.81025,7.81025,7.81025,7.81025,7.07107,7.81025,7.07107,7.07107,7.07107,7.07107,7.81025,7.07107,7.07107,7.81025,7.81025,7.07107,7.07107,7.07107,7.07107,7.07107,7.2111,7.2111,7.2111,7.2111,7.2111,6.7082,7.61577,6.7082,7.61577,6.32456,7.28011,6.08276,6.08276,6.08276,6.08276,6.08276,6.0,6.0,69.28925,61.40033,61.32699,57.69749,59.61543,59.5063,57.24509,57.70615,52.35456,51.97115,53.82379,49.40648,51.22499,52.69725,46.04346,44.20407,47.20169,44.55334,38.20995,41.7732,41.72529,40.45986,40.0,36.05551,39.82462,40.60788,36.12478,39.20459,44.59821,38.60052,37.01351,37.80212,38.60052,38.27532,37.20215,39.20459,39.20459,38.41875,40.36087,37.48333,38.18377,37.48333,39.11521,38.83298,40.60788,36.71512,39.39543,38.07887,34.78505,36.40055,36.05551,32.98485,31.57531,36.13862,35.22783,33.0,34.36568,33.24154,34.78505,38.32754,38.60052,39.21734,43.01163,46.09772,46.23851,50.32892,51.5461,58.69412,55.71355,60.00833,62.03225,61.84658,60.40695,69.35416,62.64982,67.62396,66.12866,68.42514,69.35416,65.0,71.58911,68.942,67.54258,63.50591,66.24198,64.49806,62.96825,59.40539,60.60528,59.4138,59.4138,60.20797,58.0517,53.00943,51.61395,57.45433,57.69749,55.71355,54.08327,55.36244,59.03389,55.57877,55.3263,59.07622,59.21149,62.03225,64.12488,63.1981,64.38167,64.93843,62.58594,66.91039,67.91171,64.32729
9.89949,9.89949,9.89949,9.89949,9.89949,8.48528,8.60233,7.81025,7.81025,7.2111,7.2111,8.06226,8.06226,6.7082,6.7082,6.7082,6.32456,6.32456,6.08276,6.32456,6.32456,6.08276,6.08276,6.08276,6.08276,6.08276,6.08276,6.32456,6.32456,5.38516,6.32456,6.32456,6.32456,6.32456,5.83095,6.32456,5.83095,5.83095,5.83095,6.40312,5.0,5.65685,5.65685,5.0,5.0,5.0,5.83095,5.83095,5.38516,5.38516,5.38516,5.09902,63.95311,63.52952,63.81222,61.85467,58.60034,55.80323,55.60576,56.85068,54.81788,51.73973,48.83646,51.62364,43.93177,45.27693,43.60046,47.63402,44.68781,40.60788,40.0,34.0,39.44617,36.24914,38.47077,38.48376,38.01316,39.39543,35.34119,35.4683,35.73514,36.05551,36.40055,37.0,35.4683,37.69615,34.53983,37.16181,38.07887,38.58756,36.89173,36.67424,35.80503,34.98571,40.45986,37.64306,36.12478,37.64306,31.82766,36.87818,35.0,34.82815,35.22783,31.38471,34.98571,34.0147,32.31099,31.04835,31.62278,38.07887,37.16181,38.91015,40.81666,41.67733,44.29447,50.08992,51.62364,51.88449,51.42956,55.4617,53.7122,60.90156,65.36819,64.88451,62.64982,64.84597,66.37017,69.64194,68.09552,66.88797,68.96376,65.76473,69.11584,70.72482,73.00685,70.80254,67.00746,65.11528,65.29931,60.10824,66.52819,63.78087,60.44005,61.40033,54.91812,54.20332,59.23681,56.79789,57.56735,54.40588,55.57877,56.4358,59.0,56.00893,56.32051,56.32051,55.9017,58.46366,61.18823,64.28841,66.12866,65.14599,59.5063,64.4748,67.62396,71.69379
11.0,10.0,10.0,10.0,9.0,9.0,9.05539,9.05539,8.06226,8.06226,8.24621,8.24621,7.28011,7.28011,7.28011,7.61577,6.7082,6.7082,6.7082,6.7082,6.7082,6.7082,7.2111,6.7082,6.7082,6.40312,7.2111,6.7082,7.2111,7.2111,6.7082,6.7082,6.7082,6.32456,6.32456,6.32456,6.32456,6.08276,6.08276,6.08276,6.08276,6.08276,6.0,6.0,6.0,5.0,6.0,6.08276,6.08276,5.38516,5.38516,4.47214,65.74192,57.24509,63.07139,64.62198,59.46427,62.03225,53.14132,56.30275,50.32892,51.5461,54.34151,51.62364,48.83646,45.27693,49.16299,47.26521,46.09772,40.04997,37.0,40.11234,45.09989,40.0125,39.31921,35.22783,34.52535,38.32754,38.83298,34.71311,34.52535,41.0,35.69314,38.07887,36.67424,36.13862,36.67424,38.20995,38.47077,41.04875,37.12142,39.45884,38.01316,39.11521,39.05125,35.12834,36.40055,38.20995,35.51056,37.0,32.57299,35.77709,35.73514,32.31099,33.12099,33.28663,33.6006,31.89044,33.42155,32.64966,37.64306,36.40055,41.34005,43.60046,45.22168,46.87217,47.16991,49.73932,50.24938,57.98276,53.7122,61.29437,60.20797,65.19202,60.03332,71.58911,65.8635,70.83078,70.17834,68.47627,69.35416,68.42514,63.50591,67.53518,69.31811,74.63243,69.64194,58.18075,64.2573,60.87693,64.28841,59.22837,56.7186,58.30952,60.00833,55.22681,54.58938,56.56854,55.7315,57.97413,54.78138,55.9464,55.07268,58.59181,57.62812,56.85068,60.81118,63.70243,62.24147,63.03174,66.8431,65.94695,63.00794,65.80274,69.33974,68.50547
12.16553,11.18034,11.18034,11.04536,11.04536,10.04988,10.04988,10.0,10.0,9.05539,9.0,9.05539,9.05539,9.05539,8.06226,8.06226,8.24621,8.24621,8.24621,7.28011,7.28011,7.28011,7.28011,7.61577,7.61577,8.544,8.24621,7.61577,7.61577,7.28011,7.28011,7.28011,8.24621,7.28011,8.06226,8.06226,8.06226,7.07107,7.0,7.0,7.0,7.07107,7.0,7.07107,7.07107,7.28011,6.32456,6.32456,6.32456,6.7082,5.83095,5.83095,68.96376,63.52952,62.6099,64.00781,63.28507,54.12947,56.0803,55.71355,54.08327,55.54278,52.20153,51.5461,54.40588,49.72927,46.17359,47.29693,45.12206,45.27693,44.10215,42.04759,44.10215,41.59327,36.49658,40.4475,38.0526,40.11234,42.19005,36.01389,36.12478,40.11234,41.10961,41.04875,40.31129,37.33631,38.0526,38.0,41.04875,42.10701,39.31921,44.40721,43.01163,41.23106,41.48494,38.32754,35.1141,38.48376,40.71855,42.15448,37.44329,39.96248,34.05877,36.12478,37.01351,34.65545,34.05877,35.0,33.01515,36.23534,31.38471,34.0,37.16181,44.77723,44.29447,42.94182,47.42362,55.03635,52.55473,56.46238,58.69412,61.7171,61.09828,62.76942,68.8767,66.85058,64.62198,65.0,70.77429,67.62396,68.15424,70.68239,67.23095,66.85058,66.30988,68.00735,61.35145,63.56099,59.90826,62.16912,63.50591,56.08921,58.13777,57.00877,55.03635,57.03508,52.08647,56.56854,55.10898,53.16014,52.92447,51.07837,55.47071,59.68249,47.43416,57.68882,55.97321,61.52235,65.79514,63.03174,61.84658,66.6033,66.8431,61.85467,67.6757,70.17834
11.04536,11.04536,10.19804,10.04988,10.19804,9.21954,9.21954,9.21954,8.24621,8.24621,8.544,7.61577,7.61577,8.06226,7.2111,6.7082,7.2111,7.2111,7.2111,6.40312,7.2111,6.40312,6.40312,6.40312,6.40312,6.40312,6.40312,6.40312,6.40312,6.40312,6.40312,7.2111,6.40312,6.7082,6.7082,6.7082,6.32456,6.32456,6.32456,6.32456,6.08276,6.08276,6.32456,6.0,6.0,6.0,6.08276,6.08276,6.08276,6.08276,6.32456,5.38516,70.5762,66.1211,70.03571,59.68249,62.16912,60.01666,55.54278,64.03124,55.36244,54.57105,57.24509,53.85165,53.14132,47.01064,46.61545,48.33218,49.1935,49.73932,43.26662,40.81666,44.41846,40.0,41.7732,43.01163,42.44997,44.59821,38.41875,42.52058,38.8973,41.7732,37.20215,36.12478,38.94868,46.2277,41.40048,40.0,39.69887,46.8615,41.04875,39.40812,38.62642,37.16181,38.91015,44.59821,39.56008,35.0571,42.57934,37.10795,38.20995,36.67424,36.01389,36.01389,34.05877,33.13608,37.12142,33.61547,39.56008,33.95585,38.63936,35.22783,41.7732,39.84972,46.09772,44.92215,47.80167,52.17279,49.0408,54.12024,59.48109,63.32456,63.78871,66.28725,65.11528,69.12308,63.89053,66.09841,66.21933,68.94926,66.76077,65.78754,70.21396,65.52099,67.6757,70.34202,71.30919,63.32456,65.9242,59.9333,64.89992,62.1289,59.90826,58.00862,58.41233,51.66237,57.38467,58.79626,56.85948,57.14018,53.7122,57.27128,55.54278,57.93962,57.87055,61.18823,60.67125,67.47592,61.66036,67.00746,63.07139,68.02941,61.20457,71.02816,75.53807,66.27217
12.0,12.04159,12.04159,12.04159,11.04536,11.04536,11.18034,10.19804,10.19804,9.48683,9.48683,10.44031,9.48683,9.48683,8.544,8.544,8.544,8.06226,8.06226,8.94427,8.06226,8.06226,8.06226,8.60233,8.06226,8.06226,8.94427,8.06226,8.94427,8.94427,8.06226,8.06226,7.61577,8.94427,8.544,8.544,8.24621,8.24621,8.24621,8.24621,8.06226,8.06226,8.06226,7.0,7.0,7.07107,7.07107,7.07107,7.28011,6.32456,6.32456,6.32456,65.30697,69.857,66.48308,61.66036,55.14526,56.00893,58.0,60.03332,54.00926,53.03772,50.08992,55.22681,51.47815,50.24938,46.32494,48.6621,49.24429,43.01163,43.9659,37.94733,42.72002,34.78505,44.72136,39.39543,43.08132,40.24922,40.24922,44.40721,40.22437,43.04649,43.82921,46.14109,43.56604,43.909,38.07887,38.48376,41.23106,42.04759,40.31129,39.84972,40.26164,40.26164,44.92215,42.44997,39.81206,41.30375,40.0,42.10701,43.04649,37.33631,35.51056,34.52535,35.17101,35.90265,36.05551,34.0147,34.48188,34.48188,34.17601,34.48188,39.29377,38.8973,41.23106,42.2019,45.35416,50.69517,49.49747,54.57105,52.88667,57.55867,56.88585,62.36986,61.39218,63.95311,59.22837,63.63961,67.91171,64.53681,67.08204,64.53681,67.47592,64.62971,63.12686,62.20129,65.06919,58.13777,62.0,55.08176,60.29925,54.23099,53.15073,58.46366,55.36244,53.75872,51.47815,51.97115,52.69725,52.7731,46.40043,49.51767,55.9017,48.60041,54.6443,55.0,57.98276,59.9333,59.09315,59.61543,60.16644,65.19202,60.44005,62.0967,62.0967,67.91171
10.44031,10.44031,10.77033,10.77033,9.48683,9.84886,9.48683,8.94427,8.94427,8.06226,8.06226,8.60233,8.60233,7.81025,7.81025,7.81025,7.07107,7.81025,7.81025,7.07107,7.07107,7.2111,7.07107,7.2111,7.2111,7.2111,7.2111,7.2111,7.2111,7.07107,7.2111,7.81025,7.81025,7.07107,7.07107,7.07107,7.2111,7.2111,7.2111,6.40312,6.7082,6.7082,6.7082,6.32456,6.32456,6.32456,6.08276,6.08276,6.08276,6.0,6.0,6.08276,67.89698,66.70832,67.44627,63.63961,65.52099,58.24088,61.03278,62.62587,58.18935,52.39275,51.07837,54.56189,48.8467,47.53946,49.39636,46.04346,50.21952,43.93177,43.41659,44.20407,42.80187,43.60046,44.59821,42.44997,41.01219,44.59821,42.42641,43.01163,42.0119,41.7732,41.03657,41.10961,40.45986,42.80187,45.96738,45.96738,43.93177,42.63801,46.69047,40.60788,40.60788,40.45986,41.40048,43.01163,43.04649,38.01316,35.77709,40.71855,37.57659,40.8534,36.40055,37.85499,38.47077,37.33631,34.9285,36.01389,36.01389,36.01389,35.0571,39.01282,40.04997,44.01136,40.0125,44.04543,45.17743,49.0102,51.24451,53.15073,59.13544,62.28965,64.07027,58.42089,64.00781,64.49806,64.49806,69.72087,64.62971,69.72087,68.35934,70.85901,67.89698,66.48308,66.70832,65.96969,65.73431,67.05222,65.14599,59.46427,62.03225,62.24147,59.9333,57.45433,57.68882,55.80323,55.17246,59.4138,56.40035,55.0,56.30275,51.62364,56.46238,57.77543,58.87274,57.28001,57.87055,57.27128,60.01666,63.00794,58.07753,57.21888,59.07622,71.17584,70.11419,67.60178
11.31371,11.31371,9.89949,11.31371,10.63015,10.0,9.21954,10.0,10.0,8.60233,9.21954,8.60233,8.60233,8.06226,8.06226,7.61577,7.61577,7.61577,7.61577,7.61577,7.61577,7.61577,7.28011,7.28011,7.61577,7.28011,7.28011,7.28011,7.28011,7.28011,7.61577,7.61577,7.61577,7.61577,8.06226,8.06226,7.2111,7.2111,7.81025,6.40312,7.81025,7.81025,7.07107,7.07107,6.40312,7.2111,7.2111,7.2111,6.7082,6.32456,6.32456,6.32456,64.44377,69.31089,63.03174,61.07373,65.11528,56.58622,60.959,56.63921,56.22277,54.03702,51.08816,52.00961,54.40588,52.83938,49.09175,49.64877,49.65884,44.01136,40.31129,44.72136,49.64877,43.86342,41.23106,37.65634,36.67424,41.10961,42.2019,45.35416,39.62323,46.87217,42.75512,42.42641,42.95346,41.19466,45.35416,40.02499,43.17407,42.44997,45.54119,46.8188,48.30114,45.17743,46.51881,43.04649,40.22437,41.04875,40.60788,40.45986,38.28838,41.72529,37.53665,38.60052,36.87818,39.66106,37.44329,37.12142,37.58989,34.1321,37.20215,40.60788,42.63801,37.64306,43.41659,43.93177,50.91169,53.8145,53.07542,52.34501,55.86591,55.9017,64.3506,58.72819,61.6198,61.55485,65.05382,67.17887,68.68042,67.17887,67.20863,67.89698,70.00714,66.52819,63.63961,63.70243,62.80127,65.60488,59.64059,61.03278,55.56978,61.7171,54.12947,54.42426,54.23099,56.921,52.17279,53.60037,52.15362,56.22277,47.04253,51.0098,54.34151,53.36666,54.45181,55.36244,56.0803,56.46238,63.97656,57.68882,65.21503,62.1289,63.82006,63.78087,64.66065,69.52697
11.18034,11.40175,10.44031,11.40175,10.44031,10.44031,10.77033,9.84886,9.84886,8.94427,9.43398,9.43398,8.06226,8.60233,8.60233,8.60233,8.60233,7.81025,7.81025,7.81025,7.81025,7.81025,8.48528,8.48528,7.81025,8.48528,8.48528,8.48528,7.81025,8.48528,7.81025,7.81025,7.81025,7.81025,7.2111,8.60233,8.06226,8.06226,7.61577,7.61577,7.61577,7.61577,7.28011,7.28011,7.28011,7.07107,7.07107,6.0,6.0,6.0,6.08276,5.09902,63.06346,70.83784,63.78871,63.56099,63.78871,60.63827,59.84146,55.10898,56.7186,50.08992,50.35871,51.0392,56.0357,48.04165,48.01042,49.16299,44.04543,48.50773,43.18565,41.30375,44.72136,44.91102,41.48494,39.05125,43.01163,42.2019,43.32436,40.79216,40.5216,41.62932,43.68066,39.21734,45.22168,43.17407,45.60702,41.0,43.17407,40.79216,42.95346,47.29693,42.57934,46.01087,40.04997,39.05125,40.0,41.10961,38.63936,42.75512,39.81206,34.78505,37.0,39.21734,36.40055,36.23534,37.21559,34.20526,37.44329,34.0147,37.10795,36.67424,40.31129,43.17407,40.79216,44.91102,47.07441,52.63079,50.44799,51.41984,53.60037,56.32051,59.77458,65.96969,60.87693,61.13101,64.03124,64.53681,65.51336,61.61169,67.18631,64.53681,61.68468,62.64184,64.32729,62.8172,63.78871,60.82763,58.54912,61.20457,59.00847,52.15362,56.22277,55.44367,56.32051,56.32051,51.92302,47.75982,53.7122,49.73932,54.91812,53.0,51.73973,53.15073,48.83646,54.03702,56.40035,60.46487,55.60576,57.62812,61.05735,68.47627,58.66856,61.09828,59.03389,66.09841
11.04536,10.04988,9.05539,10.04988,9.05539,10.19804,9.21954,9.21954,8.24621,8.24621,8.24621,8.544,8.544,8.544,7.61577,8.06226,8.06226,7.2111,8.06226,7.2111,7.2111,7.2111,7.2111,7.2111,7.2111,7.81025,7.81025,8.06226,8.60233,8.60233,8.06226,8.06226,8.06226,7.61577,6.7082,7.61577,7.61577,7.28011,7.28011,7.28011,6.32456,7.07107,7.07107,6.08276,6.08276,6.0,6.0,6.0,6.08276,6.08276,5.09902,5.38516,63.15061,61.61169,63.78871,61.52235,56.4358,58.0517,53.33854,58.42089,54.14795,53.03772,53.0,50.35871,54.00926,47.16991,49.36598,47.26521,47.29693,45.60702,41.0,43.68066,45.88028,46.8188,44.38468,42.05948,44.01136,41.0,42.95346,44.01136,41.67733,49.24429,48.30114,45.79301,39.81206,40.5216,43.909,41.4367,40.31129,43.41659,47.16991,47.12749,44.92215,43.9659,41.97618,43.93177,43.41659,41.7732,38.32754,38.01316,39.05125,41.19466,39.20459,35.22783,37.85499,33.24154,36.40055,36.05551,34.88553,37.58989,35.4683,37.58989,40.70626,39.56008,43.46263,42.15448,47.16991,49.24429,49.33559,54.70832,55.08176,57.24509,59.20304,60.44005,63.89053,64.51356,60.08328,62.8172,64.84597,68.30813,68.35203,64.53681,65.96969,62.96825,63.34824,65.37584,62.58594,56.88585,61.13101,54.58938,56.0803,55.0,52.15362,56.22277,55.14526,50.96077,54.78138,51.47815,50.08992,49.92995,52.83938,54.40588,49.81967,48.79549,60.20797,57.00877,55.75841,59.40539,51.61395,57.77543,60.92618,62.64982,60.40695,63.32456,65.78754,62.24147
12.20656,11.6619,11.18034,11.18034,10.29563,10.29563,10.77033,9.84886,9.84886,9.48683,9.84886,8.544,8.544,8.544,8.24621,8.24621,9.05539,8.24621,8.06226,7.07107,8.06226,8.06226,8.06226,8.0,8.0,8.06226,8.06226,8.0,8.06226,8.06226,8.06226,8.06226,8.06226,8.24621,8.544,8.544,8.544,7.61577,7.61577,7.61577,6.7082,8.06226,7.2111,7.81025,7.81025,6.40312,7.07107,7.07107,6.40312,6.40312,7.2111,6.7082,64.38167,69.42622,64.2028,61.7171,66.21933,61.6198,58.00862,58.41233,56.85948,55.80323,53.33854,53.82379,51.47815,56.79789,43.38202,45.69464,47.01064,43.65776,49.33559,43.65776,44.38468,46.32494,40.60788,43.73786,43.41659,45.70558,42.19005,41.0,42.42641,43.28972,46.52956,50.01,43.73786,44.40721,42.75512,41.7732,42.57934,45.88028,43.41659,44.92215,45.69464,47.92703,42.37924,43.46263,36.68787,42.43819,41.88078,43.56604,38.28838,40.45986,38.8973,38.8973,38.20995,38.83298,37.64306,38.01316,37.12142,34.71311,35.35534,37.53665,38.20995,40.31129,45.25483,45.25483,49.51767,48.79549,47.80167,55.9017,53.15073,58.13777,60.44005,59.66574,58.89822,63.12686,63.12686,65.19202,67.47592,64.44377,68.11755,65.79514,65.0,66.8431,63.00794,60.74537,63.82006,58.30952,62.26556,56.93856,59.48109,55.47071,56.0803,53.45091,56.0803,53.60037,50.21952,50.08992,47.01064,47.01064,50.03998,50.01,51.1957,48.50773,50.96077,50.32892,54.56189,62.17717,53.82379,57.80138,64.81512,63.60031,59.81639,70.00714,65.06919,62.2254
10.29563,10.29563,10.81665,9.43398,10.0,10.0,10.0,9.21954,9.21954,9.21954,8.48528,8.48528,8.48528,8.48528,8.48528,8.60233,8.60233,7.2111,7.2111,7.81025,8.60233,7.2111,8.06226,7.2111,8.06226,8.06226,8.06226,7.2111,8.06226,7.2111,7.2111,7.81025,7.81025,7.2111,7.81025,7.81025,7.81025,7.81025,7.07107,7.81025,7.2111,7.81025,7.2111,7.2111,6.7082,6.7082,6.7082,6.32456,5.38516,6.08276,5.09902,6.08276,63.56099,64.7611,64.53681,64.7611,58.46366,64.51356,57.87055,60.00833,60.53924,54.42426,56.0803,55.9017,57.00877,50.08992,49.64877,49.64877,50.77401,45.48626,46.40043,45.0,48.60041,49.57822,42.44997,44.04543,41.10961,46.01087,43.13931,41.01219,43.13931,46.2277,45.96738,45.25483,44.04543,45.60702,48.79549,44.68781,48.82622,44.59821,45.60702,48.01042,46.04346,47.50789,47.92703,42.54409,44.29447,40.70626,45.31004,42.05948,40.80441,40.26164,40.5216,37.21559,39.31921,40.04997,37.05401,39.20459,40.4475,35.01428,40.1995,37.33631,43.18565,39.11521,43.41659,48.27007,47.53946,50.01,52.81098,55.31727,58.46366,61.81424,62.16912,64.53681,62.16912,66.4906,67.74216,67.68309,68.44706,68.06614,66.09841,69.12308,66.09841,65.96969,65.80274,62.64184,64.56005,61.68468,60.53924,60.16644,59.09315,54.56189,56.4358,54.70832,54.67175,54.03702,50.24938,50.60632,49.57822,49.40648,53.53504,53.66563,50.56679,53.16014,57.00877,55.65968,56.32051,55.03635,54.08327,54.45181,65.00769,63.1981,61.07373,59.07622,68.11755,66.75328
11.6619,11.18034,11.6619,11.18034,11.18034,10.29563,9.84886,9.84886,9.84886,9.48683,9.48683,9.48683,9.48683,8.24621,9.21954,8.24621,8.06226,8.06226,8.06226,8.06226,8.06226,8.06226,8.06226,8.0,8.0,8.0,9.05539,9.0,8.06226,8.06226,8.06226,9.05539,8.06226,8.06226,8.06226,8.24621,8.24621,8.544,8.544,8.24621,7.61577,7.61577,8.06226,7.61577,8.06226,7.2111,7.2111,7.07107,7.81025,7.07107,6.40312,6.40312,68.50547,73.24616,64.63745,61.26989,68.88396,60.82763,59.9333,58.59181,56.46238,57.77543,52.20153,56.64804,54.40588,55.65968,52.63079,54.40588,47.29693,51.41984,43.68066,45.54119,45.04442,44.28318,42.04759,43.01163,45.0,45.0,46.09772,45.01111,48.04165,42.42641,46.27094,42.29657,44.0,44.18144,46.09772,48.25971,48.0,44.01136,48.37355,44.04543,44.40721,44.91102,47.29693,42.72002,41.76123,42.95346,43.9659,45.35416,43.08132,41.62932,40.24922,41.18252,39.82462,38.58756,38.41875,38.18377,36.12478,33.97058,31.89044,39.69887,38.28838,41.72529,41.86884,46.09772,45.27693,45.96738,57.31492,51.08816,56.56854,58.25805,56.0803,60.82763,65.60488,59.20304,61.52235,60.20797,67.62396,68.24954,65.60488,63.25346,64.2028,66.8431,65.45991,62.26556,60.74537,57.3062,60.82763,60.37384,56.85948,56.32051,55.36244,56.75385,51.47815,52.03845,53.15073,51.0,47.09565,49.09175,53.85165,52.55473,49.39636,49.73932,52.3259,49.09175,54.40588,56.0803,58.25805,62.482,58.0517,57.31492,63.12686,66.21933,64.53681,67.20119
11.7047,11.7047,12.08305,11.18034,11.18034,10.29563,9.84886,10.29563,10.29563,10.29563,9.43398,10.0,10.0,9.21954,9.21954,9.21954,9.21954,8.48528,8.48528,8.48528,8.48528,8.48528,8.48528,8.60233,8.60233,7.81025,8.48528,9.21954,9.21954,8.48528,7.81025,8.48528,8.48528,9.21954,8.60233,8.60233,7.81025,8.60233,8.60233,8.06226,8.06226,7.61577,8.06226,7.61577,7.61577,7.28011,7.28011,7.07107,7.07107,7.07107,7.07107,7.0,71.84706,67.74216,66.75328,62.8172,67.91171,60.08328,59.20304,63.89053,56.61272,55.97321,54.23099,52.81098,53.66563,53.7122,51.62364,48.37355,55.07268,51.31277,47.16991,46.2277,49.81967,46.2277,46.01087,45.45327,45.27693,48.27007,45.96738,47.50789,45.27693,44.55334,45.96738,44.55334,48.83646,48.79549,46.01087,43.13931,43.84062,48.10405,50.24938,51.85557,45.0,43.56604,44.65423,46.87217,47.50789,42.95346,42.37924,43.82921,39.29377,43.9659,37.85499,39.45884,40.26164,40.4475,38.0526,37.21559,36.12478,37.05401,39.05125,38.01316,40.31129,42.0,43.04649,44.04543,51.08816,49.0408,50.24938,52.08647,55.00909,59.21149,62.28965,61.20457,62.03225,64.07027,63.12686,66.48308,66.48308,64.38167,63.28507,69.11584,65.49046,59.5399,64.38167,57.87055,59.22837,61.39218,59.13544,54.12024,56.921,56.85948,55.00909,55.47071,51.61395,51.40039,50.44799,49.51767,51.22499,50.0,49.24429,51.31277,51.0,45.54119,47.12749,50.21952,53.36666,56.7186,58.00862,54.74486,69.46222,65.9242,63.0,63.1981,67.26812,72.33948
10.63015,10.63015,10.63015,10.0,10.63015,10.0,10.0,9.43398,8.60233,8.94427,8.06226,8.94427,8.94427,8.94427,8.06226,8.544,7.61577,7.61577,8.24621,7.61577,7.61577,7.28011,7.28011,7.07107,8.24621,7.28011,7.28011,7.28011,8.24621,7.28011,7.61577,8.24621,7.61577,7.61577,7.61577,7.61577,7.61577,7.2111,7.2111,7.2111,6.40312,6.40312,6.40312,6.40312,7.07107,7.07107,7.07107,6.40312,6.40312,6.40312,5.83095,5.83095,62.28965,61.22091,68.88396,57.38467,60.30755,62.28965,54.45181,61.52235,54.45181,57.28001,50.93133,53.00943,48.9183,48.01042,44.40721,45.79301,52.20153,45.65085,46.32494,42.95346,48.30114,38.48376,45.18849,41.62932,41.62932,41.78516,38.62642,44.01136,43.46263,41.76123,42.15448,46.23851,42.72002,47.92703,40.16217,47.92703,43.86342,45.31004,48.37355,41.14608,38.58756,41.88078,41.6173,43.60046,42.63801,42.63801,44.55334,39.62323,40.80441,38.41875,37.44329,36.05551,35.51056,38.01316,41.4367,30.36445,32.89377,32.80244,29.68164,37.33631,61.55485,29.73214,35.0,41.23106,60.83584,49.20366,46.87217,51.31277,37.12142,35.77709,91.58603,45.17743,78.23043,57.24509,48.79549,79.39773,61.40033,75.16648,70.83784,71.8401,67.6757,47.41308,53.60037,51.22499,44.29447,68.24954,67.08204,52.3259,63.51378,60.92618,49.64877,47.53946,39.0,53.15073,48.27007,52.17279,50.08992,49.0102,45.04442,47.01064,46.52956,49.47727,54.12947,49.76947,56.921,53.7122,55.4617,58.13777,56.0803,64.66065,54.91812,60.20797,67.6757,65.60488
12.0,11.0,11.0,11.0,11.0,10.04988,10.04988,9.05539,9.21954,9.05539,9.21954,9.21954,9.21954,8.24621,8.544,8.544,7.61577,8.544,7.61577,7.61577,7.61577,7.61577,8.06226,8.06226,7.61577,8.06226,8.06226,7.61577,8.06226,8.06226,7.61577,7.61577,7.61577,7.61577,7.61577,7.61577,8.24621,7.28011,8.06226,7.07107,7.07107,7.07107,7.0,7.0,6.0,6.08276,6.08276,6.08276,6.32456,5.38516,5.38516,5.38516,64.7611,61.35145,72.00694,65.37584,63.63961,60.40695,57.55867,59.84146,57.21888,55.14526,55.0,52.08647,46.09772,48.01042,52.03845,52.08647,48.16638,49.25444,44.55334,46.17359,46.84015,43.41659,45.22168,45.88028,43.32436,43.46263,45.31004,42.05948,43.01163,43.38202,43.08132,41.62932,41.10961,42.37924,43.46263,46.32494,42.05948,45.54119,44.14748,42.72002,42.72002,48.05206,44.04543,42.0119,44.04543,43.04649,41.01219,39.20459,37.33631,41.4367,36.49658,36.34556,34.20526,33.61547,36.24914,33.61547,29.68164,33.24154,37.57659,36.76955,38.60052,39.81206,40.8534,44.14748,45.88028,50.28916,50.96077,54.12024,58.82176,59.77458,58.5235,63.89053,59.48109,64.7611,64.56005,68.41053,62.58594,66.09841,68.15424,65.25335,65.78754,59.48109,62.16912,60.01666,61.81424,57.42822,56.22277,55.00909,55.14526,53.08484,57.07013,52.15362,51.97115,53.48832,53.75872,46.8188,49.76947,53.33854,52.43091,53.41348,48.79549,49.57822,49.67897,49.64877,55.75841,54.12024,54.70832,61.7171,60.37384,60.00833,61.32699,68.02941,67.35726,65.96969
12.04159,11.04536,12.16553,11.18034,11.18034,10.04988,10.19804,10.19804,10.44031,10.44031,10.44031,9.48683,9.48683,9.84886,8.94427,8.94427,8.06226,8.94427,8.06226,8.06226,8.06226,8.60233,8.06226,8.60233,8.60233,8.06226,8.06226,8.60233,8.60233,8.60233,8.06226,8.06226,8.06226,8.06226,8.94427,8.544,8.544,7.61577,8.544,7.28011,7.28011,7.28011,8.24621,7.07107,7.07107,7.0,7.0,7.0,7.0,6.08276,6.08276,6.32456,69.11584,68.06614,67.26812,62.16912,59.68249,60.53098,62.80127,66.28725,61.84658,54.12947,56.75385,51.5461,53.45091,53.14132,49.47727,49.76947,48.10405,51.07837,47.85394,48.37355,51.0,45.61798,45.80393,44.20407,45.65085,46.09772,45.0,49.0408,48.82622,44.59821,45.80393,47.20169,45.45327,44.65423,45.60702,48.01042,46.2277,43.41659,45.27693,46.06517,42.48529,45.88028,43.46263,44.01136,41.4367,39.84972,42.75512,43.17407,40.1995,39.31921,35.12834,37.01351,40.0125,38.0526,33.13608,36.13862,33.95585,35.01428,38.11824,35.0571,37.48333,41.01219,44.04543,43.41659,45.27693,50.15974,48.16638,54.14795,54.08327,56.32051,57.42822,58.30952,59.13544,64.28063,63.1981,66.48308,64.62971,61.29437,67.36468,62.28965,66.61081,64.49806,60.53098,59.4138,58.54912,59.20304,60.44005,57.24509,54.42426,52.39275,52.39275,51.0,52.15362,49.20366,49.81967,50.91169,50.9902,50.80354,49.64877,49.73932,53.66563,49.1935,45.88028,48.50773,55.31727,57.55867,59.03389,58.42089,61.13101,66.00758,59.03389,64.00781,63.03174,69.11584
11.04536,11.04536,10.04988,11.18034,10.04988,9.05539,9.21954,9.21954,9.21954,8.24621,8.24621,8.544,7.28011,7.61577,7.61577,7.61577,8.06226,7.61577,7.2111,7.2111,7.2111,7.2111,6.7082,6.40312,7.2111,7.2111,7.2111,7.2111,7.2111,7.2111,7.2111,7.2111,7.2111,7.2111,6.7082,6.7082,6.32456,6.7082,6.32456,6.32456,6.08276,6.08276,6.08276,6.08276,6.08276,6.0,6.0,6.08276,6.08276,5.09902,5.09902,5.38516,71.02112,68.44706,66.37017,62.96825,62.39391,59.3043,58.30952,60.40695,56.14268,52.03845,54.00926,55.0,54.00926,52.15362,48.50773,46.09772,54.12947,45.22168,46.84015,45.35416,43.9659,42.37924,45.31004,41.23106,42.72002,41.10961,42.72002,46.51881,42.48529,42.04759,42.15448,43.86342,43.04649,45.31004,41.4367,41.0,42.05948,44.94441,45.12206,43.17407,41.7732,41.23106,42.2019,43.17407,41.30375,43.04649,40.04997,41.4367,40.1995,37.33631,40.02499,39.56008,32.98485,37.10795,36.24914,34.53983,33.10589,37.64306,40.80441,37.85499,38.07887,41.0,42.2019,45.22168,49.72927,52.49762,53.36666,53.85165,57.07013,57.55867,57.42822,54.81788,63.34824,66.28725,66.28725,65.76473,66.21933,67.08204,65.51336,64.77654,58.42089,61.40033,65.27634,58.21512,62.03225,61.03278,59.07622,55.08176,54.14795,55.14526,54.74486,53.93515,52.63079,52.92447,53.31041,52.7731,52.15362,49.64877,48.01042,53.2635,53.75872,51.22499,49.64877,53.00943,53.22593,55.56978,56.85948,60.92618,61.46544,58.87274,64.51356,64.84597,62.64184,68.88396
10.77033,10.77033,11.18034,11.18034,11.18034,9.84886,10.29563,9.43398,9.43398,8.60233,8.60233,8.60233,7.81025,7.81025,8.48528,7.81025,7.81025,7.81025,7.81025,7.81025,7.81025,7.81025,7.2111,8.06226,8.60233,7.81025,7.2111,7.2111,8.06226,7.81025,7.07107,7.81025,7.81025,7.81025,7.07107,7.07107,7.07107,7.2111,7.2111,7.81025,7.2111,6.7082,7.2111,6.32456,6.32456,6.32456,6.32456,6.08276,6.08276,6.08276,5.0,5.0,68.35934,64.49806,68.24954,64.49806,64.32729,62.58594,61.03278,60.63827,57.87055,54.70832,51.24451,53.45091,55.97321,53.7122,49.65884,49.65884,50.11986,47.50789,50.77401,42.54409,47.80167,42.2019,47.50789,45.96738,40.80441,45.34314,40.31129,47.38143,43.13931,42.44997,41.10961,46.75468,43.86342,41.72529,43.27817,47.38143,45.34314,44.82187,47.50789,43.93177,43.82921,39.66106,45.79301,37.20215,45.17743,38.01316,42.54409,37.33631,39.56008,36.13862,36.87818,37.85499,38.20995,37.01351,36.22154,32.06244,33.24154,36.12478,37.01351,41.01219,42.0,40.04997,44.04543,42.0119,45.01111,50.03998,50.15974,55.00909,59.3043,59.5399,59.5399,62.28965,57.14018,66.48308,59.13544,62.514,67.06713,67.18631,66.27217,63.78871,67.60178,67.26812,63.63961,65.73431,62.16912,58.69412,59.90826,57.24509,54.42426,53.7122,53.7122,56.79789,53.33854,51.40039,51.66237,48.79549,51.22499,54.03702,50.60632,49.92995,52.80152,47.85394,59.20304,54.34151,53.93515,58.0517,59.68249,61.29437,60.00833,62.00806,62.03225,69.11584,66.27217,67.47592
12.08305,12.08305,12.08305,12.08305,11.18034,11.18034,10.81665,10.81665,10.0,10.0,9.43398,10.0,10.0,9.21954,9.21954,9.21954,8.48528,8.48528,9.21954,8.60233,8.48528,8.60233,8.60233,8.60233,8.60233,8.60233,8.60233,8.60233,9.21954,9.21954,9.21954,8.60233,8.60233,8.48528,8.48528,7.81025,8.60233,7.81025,7.81025,8.60233,8.06226,8.06226,7.2111,6.7082,7.61577,6.7082,7.28011,7.61577,7.28011,7.07107,7.07107,6.0,67.91171,71.8401,68.88396,68.96376,64.19502,59.20304,64.51356,61.46544,61.46544,55.02727,58.66856,51.88449,50.60632,56.82429,52.47857,48.02083,48.54894,44.65423,46.40043,46.66905,44.59821,41.03657,46.01087,46.69047,45.96738,44.04543,44.20407,50.60632,47.01064,44.20407,43.18565,42.2019,49.0408,46.40043,44.04543,45.96738,46.8615,48.10405,45.34314,41.7732,43.18565,39.69887,45.22168,45.0,42.0119,41.04875,37.12142,42.48529,40.8534,39.21734,38.8973,36.68787,36.40055,39.05125,39.81206,34.0147,33.01515,34.23449,34.0,36.49658,39.31921,41.19466,42.42641,41.19466,43.28972,50.01,54.12947,54.91812,52.61179,58.24946,56.29387,58.85576,63.95311,60.63827,64.13267,62.16912,66.4906,65.11528,63.32456,67.46851,68.44706,64.84597,63.78871,60.01666,57.87055,61.09828,49.1935,57.80138,50.53712,57.3062,55.60576,57.80138,45.96738,50.9902,49.51767,52.63079,49.39636,48.37355,50.53712,49.76947,53.85165,49.72927,54.08327,48.37355,53.00943,56.14268,58.03447,62.0,57.42822,62.39391,61.39218,66.75328,64.62971,72.8011
12.36932,12.36932,12.16553,12.36932,11.18034,11.18034,11.18034,11.18034,10.04988,10.0,10.0,10.0,10.0,9.0,10.0,10.04988,9.05539,9.05539,9.05539,9.05539,9.21954,8.24621,9.21954,8.24621,8.24621,9.21954,9.21954,9.21954,9.21954,9.05539,9.05539,9.05539,9.05539,8.06226,9.0,9.0,9.0,8.0,8.06226,8.06226,8.06226,8.06226,8.06226,8.24621,7.28011,7.28011,7.61577,6.7082,6.7082,6.7082,7.2111,6.40312,62.64982,64.49806,63.97656,66.24198,67.1193,60.00833,60.53924,60.53924,57.00877,60.40695,52.55473,49.0408,57.87055,52.49762,45.89118,52.61179,48.09366,49.25444,48.09366,47.67599,42.19005,43.10452,48.04165,46.01087,43.01163,47.04253,46.01087,41.4367,48.04165,46.09772,44.10215,44.0,42.42641,39.01282,39.01282,41.04875,46.0,46.04346,45.09989,40.11234,42.29657,42.19005,43.73786,40.60788,40.02499,42.37924,38.8973,39.56008,41.59327,39.44617,42.48529,38.58756,38.58756,36.61967,33.24154,34.65545,35.38361,38.01316,36.35932,40.60788,36.05551,39.96248,43.04649,42.43819,46.95743,48.54894,47.85394,55.47071,55.07268,59.05929,58.30952,57.80138,61.40033,64.40497,62.68174,59.48109,62.26556,64.84597,63.63175,63.13478,59.05929,64.49806,63.06346,59.48109,62.24147,54.42426,56.29387,54.40588,57.72348,50.63596,55.44367,55.14526,52.08647,54.00926,53.00943,48.05206,50.69517,52.20153,46.23851,46.48656,51.47815,47.88528,54.67175,54.03702,56.58622,59.4138,56.63921,63.82006,62.20129,63.78087,61.7171,66.03787,66.28725,72.89719
12.64911,12.64911,12.08305,11.7047,11.7047,11.18034,11.18034,10.29563,11.18034,10.29563,10.29563,10.29563,10.81665,9.43398,9.43398,10.0,9.21954,9.21954,9.21954,8.48528,8.48528,9.21954,8.48528,9.21954,9.21954,8.48528,8.48528,9.21954,8.48528,9.21954,8.48528,8.48528,9.21954,9.21954,8.60233,8.60233,8.94427,8.60233,8.06226,8.06226,8.544,8.544,8.544,7.28011,8.544,7.28011,7.28011,7.28011,7.07107,7.0,7.0,7.0,71.58911,64.51356,69.64194,66.7308,65.0,62.29767,62.62587,60.92618,60.74537,59.09315,57.3062,58.13777,56.30275,54.6443,47.43416,49.0408,54.48853,53.8145,52.49762,43.13931,47.50789,43.84062,46.09772,48.10405,45.34314,46.8615,43.41659,46.2277,44.82187,44.20407,46.40043,44.82187,46.01087,48.41487,43.93177,42.63801,48.9183,45.96738,45.25483,47.50789,41.23106,44.20407,46.2277,46.2277,47.01064,41.6173,43.56604,41.18252,39.56008,41.76123,38.27532,39.45884,42.95346,37.48333,37.65634,36.34556,36.05551,37.21559,35.35534,37.33631,38.32754,39.45884,42.44997,41.59327,45.70558,50.48762,48.83646,55.7315,54.91812,55.36244,61.13101,61.68468,61.18823,62.96825,64.53681,68.62215,62.36185,66.21933,68.00735,61.61169,62.36185,58.94065,64.2573,61.68468,60.16644,57.69749,62.6099,54.58938,59.68249,56.0357,54.03702,54.67175,50.20956,47.50789,52.00961,50.47772,54.70832,49.73932,46.84015,52.88667,53.45091,48.05206,52.08647,54.58938,55.03635,57.0,60.07495,58.03447,59.03389,62.514,59.3043,68.88396,69.2315,66.94027
11.6619,10.81665,11.18034,11.18034,11.18034,10.29563,10.29563,10.29563,9.84886,9.84886,9.48683,9.48683,8.544,8.544,7.28011,8.24621,8.24621,8.06226,8.06226,7.07107,7.07107,8.24621,8.06226,7.0,8.0,8.06226,8.06226,8.06226,7.07107,8.06226,7.07107,7.07107,7.28011,7.28011,7.28011,8.544,7.61577,7.61577,6.7082,6.7082,7.2111,7.2111,7.2111,7.2111,7.07107,7.07107,7.07107,6.40312,7.2111,6.40312,6.7082,6.32456,66.46804,68.593,72.24957,60.82763,66.52819,60.82763,63.78087,63.25346,57.62812,61.61169,57.42822,58.82176,52.47857,54.3783,51.47815,50.11986,50.60632,44.29447,46.17359,46.57252,50.92151,47.92703,45.89118,44.27189,44.28318,44.14748,43.65776,42.2019,43.56604,48.6621,41.48494,40.80441,44.64303,44.28318,41.48494,43.01163,42.72002,46.32494,44.01136,46.52956,45.17743,47.41308,40.70626,39.44617,37.58989,42.0119,43.60046,39.20459,41.72529,42.63801,40.31129,40.45986,35.51056,33.61547,37.44329,36.67424,34.48188,36.06938,36.06938,33.97058,41.10961,39.59798,45.96738,44.59821,50.91169,48.08326,50.20956,57.48913,57.38467,57.2014,61.07373,60.44005,65.06919,65.11528,64.66065,64.53681,61.7171,65.8559,65.11528,64.03124,63.12686,63.82006,64.66065,57.2014,61.03278,61.91123,60.03332,55.56978,59.5063,54.42426,55.7853,57.72348,53.16014,52.17279,54.45181,51.0,54.00926,45.17743,46.38965,50.35871,51.1957,54.70832,51.47815,52.3259,59.48109,56.30275,58.24946,60.46487,58.41233,63.24555,65.19202,68.76772,73.87828,67.94115
11.6619,10.29563,10.81665,10.81665,10.81665,10.0,9.43398,10.0,8.60233,9.21954,8.48528,8.48528,8.48528,8.48528,7.81025,7.81025,7.81025,7.81025,8.06226,8.06226,8.06226,7.2111,7.2111,7.61577,7.61577,7.61577,7.2111,7.61577,8.06226,7.2111,8.06226,8.06226,7.2111,7.2111,7.81025,7.81025,7.07107,7.07107,7.07107,7.07107,6.40312,6.40312,7.2111,6.7082,6.7082,6.7082,6.32456,6.32456,6.08276,5.09902,6.08276,6.0,64.53681,66.40783,64.84597,63.60031,68.70953,60.44005,64.2573,58.69412,59.9333,51.88449,54.56189,51.88449,52.83938,52.35456,54.3783,46.09772,54.20332,45.96738,47.50789,47.38143,43.27817,42.52058,39.05125,45.96738,43.27817,45.60702,42.52058,44.40721,44.65423,41.10961,44.04543,42.43819,45.80393,46.40043,44.20407,44.04543,45.34314,46.66905,47.42362,39.59798,47.38143,37.64306,43.86342,46.8615,44.94441,39.96248,40.31129,43.26662,36.76955,38.27532,38.32754,36.40055,39.05125,36.13862,34.20526,34.05877,30.0,38.01316,38.0526,38.20995,41.19466,46.69047,42.04759,41.4367,47.16991,55.22681,51.78803,56.04463,57.07013,61.13101,62.16912,58.24088,59.90826,63.63961,63.34824,65.96969,66.91039,68.24954,70.83078,63.78871,65.14599,64.03124,62.93648,67.23095,65.9242,57.24509,60.83584,53.23533,56.4358,54.08327,57.42822,54.40588,53.15073,50.9902,49.81967,51.08816,54.08327,50.24938,50.56679,45.54119,56.64804,51.1957,48.83646,52.61179,52.00961,57.31492,57.07889,59.3043,58.30952,60.82763,62.64982,68.65858,70.40597,69.87131
12.36932,12.64911,11.7047,11.7047,11.7047,11.7047,10.77033,10.77033,9.84886,10.29563,10.29563,9.43398,9.43398,9.43398,9.43398,8.60233,9.43398,8.60233,9.21954,9.21954,8.48528,7.81025,8.48528,8.48528,8.48528,8.48528,9.21954,9.21954,8.48528,8.60233,9.21954,9.21954,8.60233,9.21954,8.06226,8.60233,8.06226,8.06226,8.06226,8.06226,7.61577,7.61577,7.61577,7.28011,7.07107,7.07107,7.07107,7.07107,7.0,7.0,7.0,6.08276,70.06426,69.11584,65.12296,68.26419,64.28063,60.67125,66.28725,59.5399,61.98387,51.62364,54.34151,52.49762,49.72927,54.40588,50.69517,45.69464,52.92447,54.626,44.94441,46.32494,48.37355,44.94441,42.72002,45.80393,44.40721,44.20407,39.69887,46.75468,47.63402,42.72002,43.93177,44.55334,47.01064,46.8615,42.2019,47.80167,41.23106,43.41659,46.32494,44.65423,42.43819,41.59327,45.17743,44.10215,44.38468,44.01136,38.8973,44.92215,38.83298,36.67424,39.29377,37.65634,38.20995,39.0,39.01282,37.12142,34.23449,38.62642,39.81206,36.05551,39.56008,38.32754,43.93177,44.38468,48.50773,45.88028,50.44799,52.61179,58.24946,59.03389,58.69412,59.84146,65.30697,62.16912,62.96825,62.64982,62.64982,68.06614,66.75328,68.46897,62.20129,62.20129,65.06919,60.07495,58.03447,56.0,56.14268,56.32051,54.74486,56.08921,55.97321,52.92447,52.0,51.88449,50.53712,48.41487,51.61395,50.24938,48.79549,47.80167,49.92995,50.21952,51.62364,54.12024,54.70832,60.44005,57.27128,59.03389,58.24946,60.01666,62.514,68.06614,65.49046,66.06815
10.44031,10.44031,10.44031,10.44031,9.48683,9.84886,9.48683,9.84886,8.94427,8.94427,8.94427,8.06226,8.06226,8.06226,8.06226,8.60233,7.81025,7.81025,7.81025,7.81025,7.81025,7.81025,7.81025,7.81025,7.07107,7.81025,8.48528,7.81025,7.81025,7.81025,7.81025,7.81025,7.2111,7.81025,7.81025,7.2111,6.7082,7.61577,6.7082,6.32456,6.32456,6.32456,7.28011,6.08276,6.08276,6.08276,6.08276,6.0,5.0,6.08276,5.09902,5.09902,66.48308,64.28063,65.19202,66.91039,63.78871,61.66036,62.8172,62.16912,58.24946,54.34151,54.70832,52.80152,54.23099,50.92151,52.80152,52.92447,51.88449,51.88449,49.24429,47.16991,50.77401,44.65423,43.26662,42.52058,41.23106,43.27817,44.82187,39.69887,40.36087,46.66905,45.96738,45.96738,45.34314,43.82921,39.69887,43.60046,43.01163,40.60788,41.34005,43.82921,43.01163,42.54409,45.61798,41.76123,41.78516,39.0,41.4367,40.80441,36.87818,37.85499,42.72002,39.45884,37.05401,37.01351,37.21559,34.52535,32.24903,39.20459,39.0,38.20995,39.20459,45.17743,40.04997,44.18144,48.09366,50.24938,52.00961,54.03702,55.22681,59.13544,62.03225,63.12686,60.03332,64.19502,62.1289,61.52235,66.27217,63.28507,66.37017,61.52235,64.38167,64.19502,62.16912,61.40033,61.84658,55.7853,58.18935,58.5235,55.36244,54.42426,55.9017,54.58938,52.43091,55.0,49.81967,50.93133,52.34501,49.67897,51.10773,47.41308,51.88449,50.56679,54.23099,57.70615,57.07013,58.69412,57.07013,57.21888,58.21512,67.26812,61.20457,65.06919,67.06713,68.26419
12.04159,11.31371,11.31371,11.31371,10.63015,10.63015,10.63015,10.63015,9.21954,9.21954,8.60233,9.43398,8.60233,8.06226,8.06226,8.94427,8.06226,7.61577,7.61577,7.61577,7.61577,7.61577,8.24621,7.61577,7.28011,7.61577,7.61577,7.61577,7.61577,7.61577,7.61577,7.61577,7.61577,6.7082,8.06226,8.06226,7.2111,7.2111,7.2111,6.40312,7.07107,7.07107,7.07107,7.07107,6.40312,7.2111,7.2111,6.7082,6.7082,6.32456,6.32456,6.32456,72.13876,64.44377,64.3506,68.68042,67.20863,62.2254,60.959,55.9017,59.46427,55.9017,60.44005,53.2635,54.45181,50.47772,48.82622,51.88449,50.77401,51.42956,51.47815,47.42362,46.09772,44.38468,40.16217,41.10961,43.08132,41.62932,43.9659,41.0,42.05948,43.41659,43.32436,48.08326,37.64306,39.56008,44.38468,39.21734,42.15448,44.27189,42.15448,47.01064,41.18252,47.41308,38.58756,42.19005,41.40048,42.42641,43.27817,42.63801,40.45986,42.44997,38.83298,41.18252,40.24922,35.4683,33.61547,37.0,37.0,35.60899,37.80212,38.83298,37.44329,38.94868,39.69887,46.8615,47.50789,50.24938,46.69047,49.67897,56.63921,55.86591,60.82763,64.44377,58.89822,63.70243,65.11528,60.1415,58.72819,63.70243,67.20863,60.87693,60.82763,65.8559,60.959,63.70243,60.1415,57.62812,55.0,55.80323,53.0,55.9464,51.88449,51.47815,55.15433,50.44799,51.66237,51.35173,53.15073,52.08647,53.00943,51.0098,50.80354,54.34151,57.07013,57.28001,55.4617,57.27128,59.05929,60.20797,65.73431,64.66065,57.68882,69.02898,67.00746,65.80274
12.04159,11.04536,11.04536,11.04536,10.04988,10.04988,10.04988,10.19804,10.19804,9.21954,9.48683,8.544,8.544,8.544,8.544,8.544,8.06226,8.06226,8.06226,8.06226,8.06226,8.06226,7.2111,7.81025,7.81025,7.81025,8.60233,8.06226,7.81025,8.06226,7.2111,8.06226,8.06226,7.61577,7.61577,8.06226,7.61577,7.61577,7.61577,7.28011,7.28011,7.07107,7.07107,7.07107,7.0,6.0,6.08276,6.08276,6.08276,6.08276,6.32456,5.38516,68.24954,61.0,61.52235,64.93843,62.39391,59.84146,59.4138,61.66036,56.14268,55.14526,56.0357,52.00961,55.22681,52.23983,49.09175,52.61179,45.39824,47.07441,46.32494,47.07441,48.10405,42.54409,42.15448,44.28318,41.14608,39.39543,43.38202,40.24922,43.08132,44.29447,44.72136,47.01064,45.69464,40.71855,45.17743,40.71855,40.71855,44.38468,47.53946,46.61545,45.22168,43.01163,47.07441,37.65634,39.20459,43.56604,43.04649,40.0,42.04759,36.01389,35.0,40.1995,38.83298,40.16217,34.78505,37.0,36.23534,37.21559,39.11521,40.70626,38.58756,40.31129,41.14608,44.72136,47.92703,49.0408,49.65884,51.47815,56.64804,53.85165,60.16644,58.69412,60.53924,62.96825,61.46544,63.32456,63.69458,65.55151,65.45991,63.24555,63.24555,63.89053,61.13101,58.94065,59.5399,59.68249,57.27128,57.07889,56.0803,53.23533,53.23533,52.23983,55.31727,48.76474,46.17359,47.01064,53.22593,49.1935,53.82379,49.67897,50.24938,49.49747,52.00961,53.60037,55.47071,58.59181,57.70615,55.71355,62.6099,62.76942,60.92618,64.62198,64.51356,67.35726
12.20656,12.20656,12.20656,11.40175,10.81665,10.81665,10.29563,10.29563,10.29563,9.84886,9.84886,9.84886,9.48683,9.48683,8.544,9.48683,8.24621,9.21954,8.06226,8.06226,8.06226,8.06226,9.05539,8.06226,9.05539,9.05539,9.05539,8.06226,9.05539,9.05539,8.06226,8.06226,8.06226,8.24621,9.21954,9.48683,8.544,7.61577,7.61577,7.61577,7.61577,7.61577,8.06226,7.2111,7.2111,7.2111,6.40312,6.40312,7.07107,6.40312,5.65685,5.83095,64.81512,65.29931,68.41053,67.6757,66.4003,63.24555,60.03332,60.90156,58.83026,55.07268,59.68249,57.24509,54.56189,53.22593,53.22593,50.32892,49.98,42.95346,46.57252,46.87217,48.27007,46.87217,41.59327,44.01136,43.56604,42.04759,46.27094,45.01111,43.01163,47.16991,46.01087,45.39824,43.18565,43.0,45.01111,42.75512,42.75512,43.93177,44.72136,48.50773,50.69517,49.0408,41.76123,38.60052,40.31129,42.37924,43.46263,42.54409,39.96248,40.22437,37.20215,40.60788,36.06938,36.06938,34.65545,33.01515,33.01515,35.80503,37.80212,35.35534,37.53665,38.20995,40.45986,42.52058,44.59821,48.16638,51.73973,55.9017,55.86591,54.48853,57.98276,53.07542,63.89053,60.959,63.63961,60.1415,61.22091,65.11528,60.44005,68.593,64.53681,60.30755,63.41136,57.42822,60.46487,59.68249,52.3259,58.30952,54.58938,54.12947,50.92151,53.16014,49.24429,50.01,51.08816,49.16299,46.0,45.54119,53.15073,48.76474,46.17359,48.8467,56.79789,52.39275,55.75841,57.00877,57.2014,56.58622,57.38467,62.482,68.76772,64.38167,68.62215,65.8559
12.36932,11.7047,12.36932,11.40175,11.18034,10.19804,10.19804,10.04988,10.19804,10.04988,10.04988,9.05539,9.0,9.05539,9.05539,10.04988,9.05539,9.21954,8.24621,8.24621,8.24621,8.24621,8.24621,8.24621,8.24621,9.48683,8.544,8.544,8.24621,8.24621,8.24621,8.24621,9.21954,8.24621,9.05539,9.05539,9.05539,8.06226,8.06226,8.0,8.06226,8.0,8.06226,7.07107,7.07107,7.07107,7.28011,7.28011,6.32456,6.32456,6.7082,5.83095,67.00746,65.43699,65.80274,64.07027,64.89992,55.56978,59.05929,59.90826,56.82429,57.3062,56.4358,53.66563,52.55473,56.32051,52.92447,48.27007,48.76474,45.89118,46.27094,48.37355,45.12206,43.18565,44.0,45.01111,44.01136,41.0,47.0,46.04346,43.10452,47.01064,45.01111,43.18565,44.55334,43.41659,48.01042,40.0125,44.10215,45.0,43.01163,46.09772,47.04253,45.54119,44.01136,42.29657,41.7732,47.29693,43.32436,45.54119,40.8534,43.08132,37.57659,37.21559,34.1321,37.80212,35.60899,32.01562,34.65545,36.24914,34.88553,34.1321,35.51056,42.72002,39.66106,47.70744,44.59821,48.82622,46.75468,54.20332,55.22681,54.03702,58.79626,57.62812,61.84658,60.87693,62.36986,62.24147,60.1415,62.93648,60.1415,65.29931,57.38467,58.79626,63.03174,58.0517,61.61169,58.25805,57.45433,55.56978,55.47071,54.56189,55.03635,54.12024,55.02727,52.39275,49.36598,50.01,48.0,49.09175,52.34501,54.34151,50.59644,49.72927,48.30114,53.23533,55.56978,56.0357,58.82176,57.80138,60.20797,61.84658,62.36986,63.70243,69.6563,65.29931
10.81665,10.29563,10.29563,10.29563,10.29563,9.84886,9.84886,8.544,8.544,9.48683,8.544,8.544,8.24621,8.24621,8.24621,8.06226,8.06226,8.0,8.06226,8.0,8.0,8.0,8.0,8.0,8.0,8.0,8.0,8.0,8.0,8.0,7.0,8.0,8.0,8.06226,8.0,7.07107,7.28011,7.28011,7.28011,7.28011,7.61577,6.7082,7.61577,6.7082,6.7082,6.7082,6.40312,6.40312,5.65685,5.65685,5.83095,5.83095,66.21933,67.80118,67.80118,64.89992,67.20119,64.66065,67.42403,61.05735,60.74537,56.30275,55.4617,51.89412,53.85165,54.12947,51.26402,53.75872,51.92302,49.64877,46.87217,47.53946,50.15974,43.41659,50.08992,43.93177,49.64877,47.07441,49.09175,47.09565,44.18144,44.01136,40.1995,46.01087,49.09175,46.27094,49.36598,48.04165,51.47815,48.05206,49.47727,41.0,48.27007,45.60702,48.38388,46.23851,42.04759,42.95346,42.95346,46.64762,41.04875,39.11521,36.40055,37.01351,37.53665,38.41875,34.20526,35.22783,34.98571,36.87818,34.82815,38.18377,41.7732,42.44997,38.20995,46.8615,42.42641,48.27007,50.60632,54.40588,56.22277,60.0,58.60034,57.80138,66.21933,62.20129,67.00746,65.21503,65.60488,65.60488,66.0303,67.1193,63.82006,67.6757,66.28725,61.05735,58.83026,63.52952,64.88451,61.7414,60.16644,59.23681,56.921,54.57105,52.17279,56.22277,55.0,52.03845,53.33854,51.35173,51.5461,54.40588,49.64877,55.54278,60.37384,53.33854,56.30275,57.98276,60.0,64.66065,61.7171,62.93648,66.6033,69.35416,65.8559,67.47592
11.40175,10.81665,11.40175,10.0,10.63015,10.0,10.63015,9.21954,9.89949,9.89949,9.89949,9.21954,9.21954,8.60233,8.60233,8.60233,8.60233,8.06226,8.06226,8.06226,8.06226,8.06226,8.06226,8.544,8.06226,8.06226,8.06226,8.06226,8.06226,8.94427,8.06226,8.06226,8.06226,8.06226,8.06226,8.60233,8.60233,7.81025,7.07107,7.07107,7.07107,7.07107,7.2111,6.40312,7.2111,6.7082,6.7082,6.7082,6.32456,6.32456,6.32456,6.08276,61.7171,59.66574,66.06815,67.35726,66.6033,57.48913,56.40035,59.66574,55.9017,58.89822,57.80138,54.70832,53.23533,51.47815,54.20332,51.0392,47.88528,48.75449,48.8467,47.43416,52.88667,43.32436,44.64303,46.09772,41.48494,44.14748,43.41659,42.44997,41.0,46.69047,44.40721,48.05206,43.73786,46.09772,47.51842,42.75512,43.17407,43.32436,43.32436,44.92215,44.94441,48.75449,42.05948,42.54409,42.54409,41.18252,44.40721,40.80441,43.01163,42.63801,39.82462,43.18565,36.12478,39.11521,31.06445,33.61547,35.8469,35.0,35.22783,32.20248,36.87818,37.01351,39.05125,42.44997,47.38143,48.83646,43.27817,51.66237,53.90733,50.24938,55.97321,55.86591,59.4138,62.24147,59.39697,62.24147,62.93648,60.81118,64.3506,65.06919,60.82763,61.55485,61.6198,63.25346,59.40539,55.80323,55.80323,53.33854,54.91812,50.56679,51.89412,53.14132,51.5461,47.53946,47.85394,48.50773,50.15974,47.01064,53.23533,51.35173,52.17279,52.63079,55.47071,52.7731,56.35601,55.47071,53.23533,53.85165,62.1289,61.91123,58.24946,61.07373,62.62587,64.3506
13.0384,12.04159,12.0,12.0,12.0,12.0,11.0,11.04536,10.04988,10.04988,10.04988,10.19804,10.19804,9.21954,9.21954,9.21954,9.48683,9.48683,9.48683,8.544,8.24621,9.48683,8.544,8.94427,8.544,8.94427,8.544,8.544,9.84886,8.544,8.544,9.48683,9.48683,9.21954,9.21954,8.24621,9.21954,8.06226,9.05539,9.0,8.0,8.0,9.0,8.06226,8.24621,8.24621,8.24621,8.24621,7.61577,7.28011,7.61577,6.7082,66.09841,65.80274,69.37579,64.56005,66.28725,65.51336,61.39218,61.0,56.7186,54.45181,55.31727,54.00926,56.0803,47.04253,51.0392,50.08992,52.08647,47.16991,47.0,47.16991,50.80354,43.73786,45.12206,46.09772,43.73786,44.91102,44.38468,45.88028,47.12749,47.53946,48.38388,47.80167,47.53946,45.35416,41.76123,46.38965,48.27007,49.0306,47.85394,44.40721,47.38143,49.09175,44.0,45.01111,45.09989,45.27693,42.42641,42.42641,44.91102,39.62323,42.05948,40.8534,37.57659,38.01316,35.34119,35.35534,33.83785,31.32092,37.36308,35.1141,33.52611,37.10795,38.32754,39.81206,43.41659,45.39824,45.70558,51.47815,51.41984,54.58938,55.10898,59.03389,52.61179,56.7186,55.57877,56.56854,63.78871,61.81424,67.26812,59.4138,59.21149,57.70615,59.3043,56.14268,61.13101,59.13544,58.07753,54.14795,55.14526,51.47815,53.60037,51.41984,50.96077,49.64877,51.47815,49.65884,53.85165,50.0,51.61395,52.00961,54.45181,57.31492,48.9183,57.48913,60.46487,59.68249,54.3783,55.9464,62.64982,65.9242,58.87274,63.90618,65.14599,65.19202
12.36932,12.36932,12.64911,12.36932,12.64911,11.7047,10.77033,10.77033,10.77033,11.18034,10.77033,10.29563,10.29563,9.43398,9.43398,10.0,8.60233,8.60233,8.48528,9.21954,9.21954,9.89949,9.21954,9.21954,9.89949,9.21954,9.21954,9.89949,9.21954,9.21954,9.21954,9.21954,9.21954,9.21954,10.0,10.0,9.43398,9.43398,9.43398,8.94427,8.94427,8.544,8.94427,8.544,8.544,8.24621,8.24621,8.24621,8.06226,7.07107,7.0,7.0,71.02816,69.0,68.06614,64.0,66.0303,59.07622,62.39391,61.13101,62.20129,58.54912,53.93515,53.60037,54.12947,54.57105,49.72927,50.0,55.71355,50.32892,45.31004,46.06517,46.23851,42.04759,43.909,48.02083,50.47772,46.52956,44.41846,45.22168,44.94441,46.04346,49.81967,45.60702,45.80393,45.22168,45.79301,50.77401,44.94441,52.20153,47.70744,49.09175,47.01064,46.23851,46.61545,54.42426,48.70318,44.38468,41.76123,46.57252,40.60788,44.28318,39.20459,41.10961,39.0,38.0,39.01282,39.11521,35.90265,32.55764,33.54102,34.23449,36.67424,39.11521,33.13608,36.34556,40.0125,46.27094,45.09989,49.0,52.00961,54.0,58.07753,58.00862,58.13777,60.03332,59.07622,59.3043,58.03447,63.07139,64.19502,60.00833,59.03389,61.13101,63.78871,60.03332,55.7315,62.20129,62.16912,54.57105,56.64804,54.40588,51.62364,55.00909,54.70832,46.64762,49.64877,49.40648,53.03772,50.24938,53.2635,46.69047,52.43091,48.02083,46.51881,53.22593,57.24509,55.36244,57.58472,59.03389,58.69412,64.62971,61.20457,60.20797,68.46897,68.00735
11.40175,12.04159,11.40175,12.04159,10.63015,10.63015,10.63015,9.89949,9.89949,9.21954,10.63015,10.0,8.60233,9.43398,9.43398,8.60233,8.94427,8.94427,8.94427,8.94427,8.544,8.544,8.544,8.544,8.544,9.48683,9.48683,8.544,8.544,8.544,8.94427,8.94427,8.06226,8.94427,8.94427,8.94427,8.60233,7.81025,7.81025,7.81025,7.81025,7.81025,7.07107,7.07107,7.81025,7.2111,7.2111,6.7082,5.83095,6.32456,6.32456,6.32456,68.02941,68.942,67.1193,64.40497,62.24147,72.44998,62.17717,62.17717,59.16925,59.68249,60.74537,56.85948,59.16925,52.20153,52.80152,55.44367,48.9183,45.96738,48.9183,48.16638,51.08816,49.57822,50.0,43.93177,40.36087,42.80187,46.09772,45.65085,42.72002,50.77401,52.47857,46.04346,40.80441,45.0,47.43416,42.0119,43.82921,44.10215,46.09772,48.79549,49.51767,48.83646,47.63402,46.2277,43.60046,48.41487,47.16991,41.04875,46.95743,41.4367,40.8534,39.84972,40.5216,35.17101,37.65634,37.33631,33.01515,33.28663,32.64966,32.64966,35.8469,36.71512,38.58756,40.22437,43.04649,48.30114,46.04346,53.00943,50.0,55.75841,57.14018,59.90826,59.90826,66.03787,60.46487,61.40033,64.49806,63.28507,64.14047,60.21628,61.22091,58.41233,64.66065,64.2028,62.00806,62.00806,60.82763,57.28001,60.1415,56.56854,51.61395,53.2635,51.86521,51.86521,53.23533,52.0,52.55473,51.97115,50.01,54.34151,50.35871,51.0392,53.46027,56.0,61.29437,60.13319,61.40033,62.514,63.32456,66.48308,63.06346,64.19502,69.26038,65.74192
11.6619,11.18034,11.18034,11.18034,11.18034,10.29563,9.84886,9.84886,9.84886,9.48683,9.48683,9.48683,8.544,8.24621,8.24621,8.06226,8.06226,8.06226,8.0,8.0,8.0,8.0,8.06226,7.0,8.0,8.0,8.0,8.0,8.0,8.0,8.0,8.0,8.0,8.0,8.06226,8.06226,8.06226,8.24621,7.28011,7.28011,7.28011,7.61577,7.61577,6.7082,6.7082,6.7082,7.2111,6.40312,6.40312,6.40312,6.40312,6.40312,64.03124,74.4043,69.06519,66.4003,65.21503,58.82176,62.42596,58.00862,59.68249,52.83938,56.82429,53.66563,51.97115,52.39275,47.01064,51.26402,53.48832,50.0,48.27007,47.07441,46.27094,47.29693,44.01136,44.55334,42.04759,47.09565,45.01111,43.04649,41.19466,43.18565,47.04253,42.0119,45.01111,44.01136,49.25444,45.04442,42.10701,44.04543,46.17359,47.38143,46.87217,46.48656,45.89118,41.0,42.05948,43.9659,42.15448,45.31004,41.18252,47.01064,41.67733,40.49691,35.80503,38.60052,40.36087,36.79674,32.64966,31.14482,29.73214,34.05877,32.52691,36.87818,35.80503,41.6173,38.58756,43.41659,45.22168,49.20366,52.80152,50.21952,57.2014,56.0357,63.24555,59.64059,58.82176,60.53924,59.90826,63.81222,61.58734,63.00794,61.40033,63.28507,60.90156,61.40033,58.13777,61.32699,54.56189,55.54278,56.921,53.16014,55.31727,52.39275,52.7731,54.33231,50.15974,54.0,51.62364,49.49747,52.95281,52.20153,57.93962,50.32892,52.15362,57.80138,55.07268,56.93856,66.06815,60.20797,63.41136,62.482,62.2254,67.20863,67.88225,72.13876
12.04159,11.18034,12.16553,12.16553,11.18034,12.16553,11.18034,11.18034,10.19804,10.44031,10.44031,10.44031,9.84886,8.94427,9.48683,9.84886,8.94427,8.94427,8.60233,8.94427,8.94427,9.43398,8.60233,9.21954,8.60233,9.43398,9.43398,8.60233,9.43398,9.43398,8.60233,9.43398,8.94427,8.94427,8.94427,8.544,8.94427,8.544,7.61577,8.544,8.24621,8.24621,8.24621,8.06226,8.06226,8.06226,8.0,7.0,7.0,7.0,7.07107,6.08276,72.44308,66.48308,66.91039,67.74216,64.28063,59.68249,64.93843,63.06346,58.85576,59.43904,53.60037,56.88585,61.13101,51.92302,48.08326,49.76947,52.20153,46.51881,46.51881,45.18849,52.35456,40.71855,45.22168,45.48626,42.63801,45.0,41.04875,47.63402,43.01163,47.50789,45.80393,44.65423,44.68781,46.04346,48.60041,44.65423,48.82622,45.79301,46.04346,46.06517,46.52956,46.51881,45.61798,47.53946,42.05948,42.44997,43.17407,44.27189,40.4475,44.40721,41.01219,39.45884,40.1995,35.0571,37.33631,35.69314,37.64306,29.27456,35.51056,30.41381,32.55764,35.90265,36.68787,38.32754,40.49691,47.80167,43.08132,49.33559,51.26402,53.14132,50.59644,55.65968,56.30275,58.82176,60.08328,60.08328,62.36185,61.35145,59.90826,59.43904,61.68468,61.68468,59.46427,58.60034,61.09828,55.71355,59.09315,51.89412,56.93856,52.47857,55.47071,51.85557,48.82622,50.20956,50.20956,50.60632,50.47772,52.69725,53.7122,53.33854,53.48832,52.55473,54.45181,53.93515,56.08921,58.42089,59.13544,59.21149,62.07254,61.66036,58.00862,62.07254,69.18092,69.26038
11.40175,11.40175,11.18034,11.18034,10.19804,10.19804,10.19804,10.04988,10.04988,9.05539,9.05539,9.0,9.0,8.0,9.05539,8.06226,8.06226,8.06226,8.24621,8.24621,7.07107,8.24621,7.07107,7.28011,7.28011,8.24621,7.28011,7.28011,7.28011,8.24621,8.06226,8.24621,8.06226,7.07107,8.06226,8.0,8.0,7.0,7.0,7.0,7.07107,8.06226,7.07107,7.28011,6.32456,6.7082,6.7082,6.7082,6.7082,6.7082,6.40312,5.65685,64.03124,69.05071,71.84706,65.9242,63.78871,64.53681,65.49046,60.82763,58.54912,53.08484,56.22277,53.03772,51.0392,52.0,45.0,49.16299,48.25971,45.70558,46.38965,46.69047,45.89118,46.52956,42.72002,44.64303,46.17359,44.27189,44.27189,44.38468,40.71855,43.08132,42.15448,49.76947,44.38468,45.31004,44.59821,46.23851,41.78516,45.31004,43.65776,44.72136,41.0,44.28318,42.29657,48.25971,42.29657,41.01219,43.04649,43.04649,46.27094,41.19466,37.10795,41.48494,36.67424,37.65634,37.33631,34.0147,34.1321,30.80584,32.75668,32.24903,36.34556,39.20459,36.12478,37.33631,44.18144,49.0102,46.04346,47.16991,51.24451,53.15073,58.21512,57.03508,55.3263,61.29437,62.39391,61.0082,58.21512,60.03332,69.02898,60.53098,63.03174,58.30952,62.03225,63.1981,66.0303,58.0,58.30952,59.3043,57.70615,59.90826,54.57105,56.32051,49.64877,49.24429,51.47815,48.54894,58.5235,53.00943,53.07542,54.56189,54.56189,52.00961,56.35601,58.30952,54.70832,60.82763,58.13777,62.16912,62.29767,64.88451,62.93648,63.56886,69.28925,70.88018
12.04159,11.04536,11.0,11.0,11.0,10.0,10.0,10.0,10.04988,9.05539,9.21954,9.21954,8.24621,8.24621,8.24621,8.544,8.544,8.544,7.61577,7.61577,7.61577,7.61577,7.61577,8.06226,8.06226,8.06226,8.06226,8.06226,8.94427,8.94427,8.06226,7.61577,8.544,8.544,8.544,7.61577,8.24621,8.24621,7.07107,7.07107,8.06226,7.07107,7.0,7.0,7.0,7.0,6.08276,6.08276,6.08276,6.08276,6.32456,5.38516,68.46897,66.09841,71.25307,70.06426,68.46897,64.03124,70.06426,61.07373,59.00847,63.03174,59.13544,60.07495,56.22277,55.03635,51.15662,52.46904,49.36598,45.89118,44.28318,46.09772,52.20153,46.23851,44.38468,42.15448,41.62932,45.69464,45.18849,46.8188,48.33218,48.75449,44.28318,45.69464,47.88528,45.88028,47.85394,46.09772,47.53946,50.92151,46.8188,49.33559,46.84015,46.84015,44.55334,47.51842,44.18144,44.72136,41.59327,45.04442,45.04442,43.04649,43.18565,36.34556,41.48494,40.26164,38.8973,39.39543,36.67424,33.06055,33.37664,36.0,35.01428,39.05125,36.01389,41.01219,47.04253,46.04346,50.0,56.0357,54.00926,57.00877,56.0357,60.07495,60.03332,67.06713,64.07027,66.00758,65.00769,66.06815,65.03076,66.0303,68.00735,65.03076,61.07373,65.37584,65.37584,57.87055,59.84146,58.69412,58.46366,61.40033,52.81098,55.97321,51.47815,55.56978,54.3783,54.6443,51.40039,54.81788,52.49762,56.58622,54.20332,54.91812,49.24429,55.4617,62.64982,60.41523,61.09828,64.84597,63.56886,64.51356,66.09841,72.8011,67.18631,68.65858
12.52996,11.18034,11.6619,10.81665,10.81665,10.29563,10.81665,10.0,10.0,9.21954,10.0,9.21954,8.48528,8.48528,8.48528,8.48528,7.81025,7.81025,7.81025,7.81025,7.81025,7.81025,8.60233,7.2111,7.2111,8.06226,8.06226,7.2111,7.2111,7.81025,7.81025,7.81025,7.81025,7.81025,7.81025,8.48528,8.48528,7.07107,7.81025,7.81025,7.81025,7.2111,7.2111,7.2111,7.61577,7.61577,7.61577,6.32456,7.28011,6.08276,6.08276,7.07107,71.58911,66.18912,66.64833,69.11584,64.84597,67.1193,62.6099,63.97656,59.90826,57.98276,57.80138,55.80323,53.41348,50.60632,53.00943,51.73973,48.83646,48.27007,45.96738,47.38143,48.9183,45.27693,49.64877,42.2019,43.26662,43.56604,41.6173,43.56604,44.40721,47.43416,43.26662,50.0,45.27693,47.16991,47.16991,43.26662,44.29447,43.56604,48.01042,44.59821,49.51767,44.59821,44.68781,43.18565,44.68781,46.2277,40.0,40.22437,45.17743,45.27693,39.35734,41.18252,38.07887,36.68787,38.47077,35.69314,35.0571,32.24903,33.01515,33.01515,34.66987,35.51056,39.40812,36.87818,42.0119,47.50789,45.80393,50.44799,52.63079,52.63079,54.6443,57.62812,55.60576,63.41136,60.30755,60.0,65.80274,66.70832,64.66065,60.60528,63.70243,60.0,64.3506,65.29931,63.78087,59.46427,62.28965,57.38467,57.80138,58.41233,51.88449,52.35456,50.53712,51.88449,51.0,51.24451,51.1957,52.63079,56.88585,57.21888,52.08647,53.00943,60.20797,58.54912,54.12024,61.40033,58.94065,58.94065,63.06346,68.41053,62.96825,69.57011,67.23095,65.79514
12.20656,12.20656,10.81665,12.20656,10.81665,10.81665,10.81665,10.29563,10.29563,9.84886,9.84886,9.84886,9.48683,9.48683,8.544,9.21954,9.21954,9.21954,8.06226,9.05539,9.05539,8.06226,8.06226,8.06226,9.05539,9.0,9.05539,9.05539,9.05539,9.05539,8.06226,9.05539,9.05539,9.05539,9.21954,8.24621,9.21954,8.24621,8.544,8.544,7.61577,8.06226,8.06226,8.06226,8.06226,7.2111,7.81025,7.2111,6.40312,6.40312,6.40312,6.40312,68.50547,69.2026,68.0147,67.89698,69.42622,60.30755,56.63921,62.96825,61.52235,56.58622,53.07542,55.44367,55.31727,52.20153,51.85557,51.31277,48.37355,46.64762,47.70744,50.15974,45.17743,46.09772,38.62642,41.10961,44.72136,41.48494,44.59821,42.37924,43.17407,43.41659,44.38468,47.80167,47.12749,43.41659,50.28916,44.94441,46.48656,45.88028,48.46648,48.46648,48.76474,40.49691,44.65423,45.48626,43.82921,45.0,41.7732,43.60046,42.44997,41.72529,40.31129,39.05125,39.05125,37.20215,35.51056,38.48376,35.34119,29.68164,32.64966,31.241,33.97058,37.64306,39.62323,35.38361,43.93177,46.8615,48.83646,51.62364,52.34501,55.86591,57.31492,56.58622,55.9017,65.76473,60.81118,65.06919,64.38167,61.22091,60.10824,65.11528,59.4138,57.38467,64.53681,64.38167,64.44377,56.40035,57.42822,57.68882,55.07268,54.58938,54.23099,52.55473,54.08327,50.28916,54.81788,53.75872,51.0,53.46027,53.03772,54.23099,49.81967,51.1957,58.0517,57.56735,57.93962,58.60034,59.48109,58.59181,65.0,62.16912,64.3506,62.43397,71.40028,67.20119
12.04159,10.63015,11.31371,10.63015,10.63015,9.89949,9.89949,9.21954,9.21954,9.21954,9.21954,9.21954,8.60233,7.81025,8.06226,8.06226,8.06226,8.06226,6.7082,8.06226,8.06226,7.61577,8.06226,7.61577,7.61577,7.61577,7.61577,7.61577,7.61577,7.61577,7.2111,8.06226,7.61577,8.06226,7.2111,8.60233,7.81025,7.81025,7.81025,7.07107,7.81025,7.81025,7.81025,7.2111,7.2111,7.2111,6.7082,6.7082,6.7082,6.32456,6.32456,6.08276,63.24555,68.00735,67.26812,64.44377,66.4003,64.81512,60.959,60.30755,58.0,56.72742,53.8145,54.45181,54.56189,53.75872,50.44799,50.9902,47.50789,48.8774,46.32494,45.79301,46.64762,44.77723,44.29447,45.18849,44.01136,42.95346,42.94182,42.15448,44.92215,46.61545,43.56604,46.09772,44.77723,46.8188,45.65085,44.29447,41.23106,45.18849,47.01064,48.01042,50.0,47.80167,46.01087,43.41659,45.34314,44.59821,40.31129,38.41875,39.20459,44.40721,45.17743,40.22437,39.96248,36.71512,36.76955,40.16217,39.05125,34.65545,31.82766,38.41875,34.65545,35.35534,38.28838,42.44997,42.63801,49.57822,48.27007,49.51767,51.66237,54.56189,57.48913,57.48913,60.82763,60.82763,61.84658,58.25805,62.93648,66.52819,64.44377,63.65532,58.72819,64.44377,65.94695,61.07373,63.60031,58.00862,60.03332,57.80138,55.56978,54.12947,55.15433,55.65968,54.42426,54.12024,53.75872,54.12947,51.08816,57.14018,49.0102,54.14795,56.4358,58.69412,50.63596,58.5235,59.61543,59.03389,60.82763,59.9333,67.1193,65.30697,59.03389,68.50547,73.00685,67.6757
11.40175,11.40175,10.81665,10.81665,10.81665,10.81665,10.29563,10.29563,9.43398,9.43398,8.94427,9.84886,8.544,8.544,8.24621,9.48683,8.24621,8.24621,8.06226,8.06226,8.06226,8.06226,9.05539,8.0,8.06226,8.06226,8.06226,8.06226,8.06226,9.05539,8.06226,8.06226,8.06226,8.06226,9.21954,8.24621,8.24621,8.24621,7.61577,7.61577,8.544,7.61577,7.61577,8.06226,7.2111,8.06226,7.2111,6.40312,6.40312,6.40312,6.40312,5.65685,63.81222,69.63476,64.14047,67.74216,65.76473,63.13478,64.88451,59.9333,55.9464,57.77543,56.82429,54.23099,55.36244,52.55473,53.14132,50.69517,46.32494,46.52956,44.72136,49.81967,43.10452,46.17359,41.04875,42.0119,42.10701,41.04875,43.18565,48.16638,42.0119,47.04253,46.01087,50.08992,43.10452,48.01042,44.01136,44.01136,46.01087,47.01064,45.09989,44.40721,48.25971,46.09772,44.18144,42.57934,45.35416,49.81967,44.27189,42.37924,42.54409,41.4367,40.70626,40.31129,40.70626,39.66106,36.40055,37.01351,37.80212,31.89044,30.41381,36.40055,34.4093,33.6006,38.01316,45.45327,45.79301,50.47772,48.37355,53.0,55.56978,56.4358,56.82429,56.0357,61.29437,64.00781,66.88797,59.5399,66.88797,64.49806,66.7308,70.3278,65.36819,63.63175,61.32699,62.24147,59.09315,59.80803,55.71355,55.36244,51.24451,58.85576,50.80354,51.0392,55.3263,51.08816,56.14268,53.60037,50.59644,49.24429,51.26402,49.98,55.4617,52.47857,54.3783,56.60389,61.40033,55.31727,61.52235,59.4138,65.19202,61.55485,67.00746,66.4003,64.2028,70.60453
13.0384,12.04159,12.16553,12.16553,11.18034,11.18034,11.18034,11.18034,10.19804,10.19804,10.44031,10.44031,9.48683,9.48683,8.544,8.94427,8.94427,8.06226,8.06226,8.06226,8.06226,8.06226,8.06226,8.60233,8.06226,8.60233,8.06226,8.06226,8.60233,8.60233,8.06226,7.61577,8.94427,8.06226,8.06226,8.544,8.544,7.61577,8.24621,8.24621,8.24621,8.24621,8.24621,8.06226,8.06226,8.0,8.0,7.0,8.06226,7.07107,7.07107,7.28011,67.00746,68.02941,70.0,68.00735,67.18631,65.06919,62.07254,60.20797,55.57877,57.70615,55.31727,53.93515,53.85165,50.01,50.80354,51.41984,48.50773,44.59821,46.23851,46.23851,47.01064,46.52956,45.17743,38.91015,45.31004,42.43819,41.18252,37.20215,42.2019,43.41659,43.26662,46.32494,41.18252,45.48626,46.87217,39.44617,43.56604,43.41659,46.61545,49.24429,45.61798,43.46263,43.32436,44.94441,42.2019,41.23106,41.97618,42.29657,42.57934,44.10215,45.0,40.04997,40.04997,37.01351,39.31921,38.32754,41.97618,32.06244,35.22783,33.01515,36.01389,39.05125,37.05401,39.11521,43.04649,47.01064,46.01087,50.15974,54.14795,57.00877,59.13544,58.03447,56.0,65.12296,61.0,65.03076,63.07139,65.12296,63.03174,62.64982,59.5399,63.3877,58.42089,61.81424,60.53098,55.7315,58.24088,56.30275,56.32051,51.07837,53.14132,53.66563,54.58938,57.80138,50.93133,40.0,55.80323,50.24938,52.20153,53.23533,54.20332,57.70615,52.80152,58.5235,59.13544,55.7853,57.72348,61.18823,68.35934,67.60178,70.03571,69.18092,66.18912,70.45566
12.0,12.0,12.0,12.0,11.04536,11.04536,11.04536,10.04988,10.19804,10.04988,10.19804,10.19804,9.21954,9.21954,8.544,8.544,8.94427,8.544,7.61577,8.94427,8.06226,8.06226,7.61577,8.06226,8.06226,8.06226,8.60233,8.06226,8.06226,8.94427,8.06226,8.06226,8.94427,8.544,8.544,8.544,8.544,8.24621,8.24621,8.24621,8.24621,8.24621,8.06226,8.06226,8.06226,8.0,7.0,8.06226,8.06226,7.07107,7.28011,7.28011,71.84706,67.47592,66.00758,66.27217,67.00746,66.00758,62.03225,58.00862,52.03845,59.07622,60.20797,53.33854,54.74486,53.23533,47.38143,47.12749,48.50773,45.88028,44.59821,50.15974,48.46648,45.18849,41.62932,41.18252,41.59327,44.77723,48.54894,44.10215,44.10215,46.04346,43.27817,46.40043,43.01163,49.20366,48.41487,46.32494,45.27693,42.94182,44.72136,48.76474,45.80393,46.52956,47.42362,45.18849,46.23851,44.92215,44.59821,46.32494,41.59327,40.60788,41.30375,42.0119,39.05125,43.18565,36.01389,36.22154,34.71311,36.24914,36.40055,35.8469,35.4683,38.60052,40.16217,39.21734,44.27189,48.08326,51.1957,51.97115,51.41984,55.9017,57.97413,58.69412,60.63827,61.18823,60.63827,63.15061,64.13267,67.91171,66.28725,62.80127,62.58594,62.64982,63.1981,63.07139,57.00877,57.14018,60.07495,54.08327,55.3263,52.46904,50.01,53.85165,53.75872,51.88449,51.0,52.43091,52.40229,52.49762,54.48853,54.67175,58.25805,52.69725,54.12947,57.70615,62.03225,58.30952,58.69412,61.46544,66.70832,65.96969,65.96969,64.32729,65.96969,65.49046
11.7047,12.36932,11.40175,11.40175,11.18034,10.19804,10.19804,10.04988,10.04988,10.04988,10.19804,9.05539,9.0,9.0,9.0,9.05539,8.06226,8.06226,9.05539,8.24621,8.24621,8.24621,8.06226,8.24621,8.24621,8.24621,8.24621,8.24621,9.21954,9.21954,8.06226,8.24621,9.21954,8.06226,8.06226,9.05539,9.0,8.0,8.0,8.0,8.06226,8.06226,8.06226,7.28011,8.24621,7.28011,7.28011,7.28011,6.7082,6.7082,6.7082,7.2111,33.52611,35.73514,34.48188,32.31099,32.89377,30.36445,32.01562,32.98485,29.42788,26.92582,27.65863,26.30589,26.4764,26.01922,26.07681,23.19483,24.0,24.0,23.0,23.08679,23.08679,24.0,23.76973,22.09072,20.22375,23.34524,22.2036,22.36068,21.58703,24.73863,21.58703,22.2036,23.08679,22.56103,23.19483,23.19483,20.22375,22.09072,23.02173,24.02082,23.08679,22.0,22.02272,22.2036,21.2132,22.56103,21.37756,22.56103,20.88061,20.88061,22.13594,18.78829,19.31321,20.12461,17.0,20.24846,17.80449,15.65248,17.69181,13.0384,8.94427,21.09502,23.76973,24.75884,23.76973,17.72005,38.01316,24.73863,47.16991,42.15448,14.76482,32.75668,16.49242,32.06244,39.44617,36.40055,33.24154,35.0571,25.63201,31.62278,36.13862,34.0147,33.24154,33.24154,22.13594,30.06659,26.68333,31.257,20.02498,24.08319,22.56103,31.95309,31.7805,26.07681,25.29822,26.41969,24.69818,25.23886,28.01785,26.62705,26.1725,26.1725,27.20294,29.06888,28.42534,30.23243,31.90611,31.90611,31.30495,31.38471,32.20248,31.38471,33.83785,34.17601
12.16553,11.40175,11.18034,11.40175,10.44031,10.44031,10.44031,9.84886,9.48683,9.84886,9.84886,8.544,8.544,8.544,8.06226,8.94427,8.60233,8.60233,7.81025,7.81025,7.2111,7.81025,7.81025,7.81025,7.81025,7.81025,7.81025,7.81025,7.81025,7.81025,7.81025,7.81025,8.60233,7.2111,8.60233,8.60233,8.06226,7.61577,7.61577,7.61577,7.61577,7.61577,8.24621,7.28011,7.28011,7.28011,7.07107,7.07107,7.0,7.0,7.07107,6.08276,67.60178,63.78871,63.56099,69.2315,70.40597,63.56099,63.60031,59.46427,55.97321,55.65968,59.13544,52.55473,55.9017,51.26402,52.92447,49.24429,49.39636,44.72136,43.26662,47.16991,42.52058,47.01064,42.80187,40.45986,41.23106,43.13931,44.20407,42.42641,42.42641,42.42641,41.86884,46.75468,41.03657,38.8973,44.55334,42.44997,44.55334,41.10961,42.44997,42.80187,47.80167,46.06517,49.24429,42.54409,41.62932,45.18849,46.09772,40.8534,41.78516,43.9659,36.40055,41.7732,43.41659,39.11521,37.01351,37.21559,36.22154,37.33631,34.23449,35.51056,38.20995,43.93177,39.81206,43.93177,45.89118,47.85394,48.83646,50.80354,57.97413,58.0517,58.54912,57.87055,59.20304,59.03389,63.32456,62.36185,62.58594,63.60031,67.68309,62.93648,61.61169,63.34824,63.90618,55.65968,62.62587,54.78138,57.27128,58.59181,53.23533,53.00943,53.41348,52.63079,53.75872,56.56854,55.22681,49.20366,50.80354,48.37355,55.03635,54.626,53.85165,54.70832,54.58938,58.69412,57.31492,63.03174,65.00769,65.12296,65.03076,67.00746,67.1193,67.1193,66.48308,70.45566
13.0384,12.20656,13.0384,12.20656,11.6619,11.18034,11.18034,11.18034,10.29563,10.29563,9.84886,9.84886,9.48683,8.544,9.48683,9.21954,9.21954,9.05539,9.21954,9.05539,8.24621,9.05539,9.05539,9.05539,9.05539,8.06226,9.05539,9.05539,9.05539,9.05539,9.05539,9.05539,9.05539,9.21954,9.21954,9.21954,9.48683,8.544,8.544,8.544,8.544,7.61577,8.06226,8.06226,8.06226,8.06226,7.81025,7.81025,7.81025,7.07107,7.07107,6.40312,64.66065,70.0928,69.02898,66.4003,59.68249,62.1289,64.66065,62.26556,56.36488,58.69412,58.13777,55.36244,49.65884,53.85165,51.0,54.08327,48.46648,49.64877,49.24429,44.40721,48.25971,48.16638,45.17743,42.29657,45.89118,42.10701,45.01111,46.01087,48.16638,45.01111,45.04442,48.04165,44.72136,44.0,46.01087,47.67599,47.0,44.01136,46.17359,42.42641,47.51842,49.81967,49.72927,45.12206,43.32436,47.07441,45.69464,44.92215,45.31004,41.18252,37.73592,40.49691,40.22437,39.40812,39.62323,34.71311,33.94113,36.40055,34.71311,31.89044,38.18377,37.53665,43.93177,41.7732,46.69047,42.44997,49.51767,51.73973,53.8145,55.97321,54.03702,58.13777,59.66574,57.62812,57.38467,65.29931,64.53681,64.53681,60.959,64.40497,62.36986,62.00806,61.40033,56.0357,60.74537,59.94164,57.24509,60.16644,57.69749,56.0803,55.08176,52.88667,51.24451,51.35173,54.00926,55.0,53.46027,53.23533,55.65968,50.69517,56.46238,53.7122,53.0,54.70832,58.00862,56.85948,58.24946,62.80127,65.8559,65.06919,66.48308,67.89698,71.44928,70.43437
11.31371,11.31371,11.31371,11.31371,9.89949,10.63015,9.89949,9.21954,9.21954,9.21954,9.21954,8.60233,8.60233,8.60233,8.06226,8.06226,8.06226,7.61577,7.61577,7.61577,7.61577,7.61577,7.61577,7.28011,7.28011,7.28011,7.61577,7.28011,7.61577,7.28011,7.61577,7.61577,7.61577,7.61577,8.06226,7.2111,7.81025,7.2111,7.2111,7.81025,7.81025,7.07107,7.07107,7.81025,7.81025,7.2111,6.7082,6.7082,6.7082,6.7082,6.32456,6.32456,67.80118,71.61006,63.78087,65.29931,64.03124,66.52819,61.52235,63.65532,58.72819,59.39697,55.86591,58.72819,56.58622,46.8615,48.9183,48.54894,50.0,45.17743,50.21952,45.22168,46.09772,45.18849,44.59821,41.78516,44.01136,43.01163,42.54409,41.76123,39.21734,43.9659,45.22168,46.57252,40.80441,45.22168,41.76123,46.61545,40.71855,40.5216,43.82921,46.52956,43.41659,50.47772,45.80393,40.31129,41.6173,49.40648,44.68781,42.0119,42.42641,40.60788,48.41487,39.20459,37.80212,34.88553,39.35734,40.71855,37.69615,31.241,36.23534,36.61967,37.20215,39.62323,41.23106,44.40721,44.82187,49.67897,46.09772,51.22499,55.31727,55.86591,58.79626,58.72819,64.53681,65.79514,61.7171,60.87693,61.55485,67.17887,66.46804,65.29931,62.93648,60.87693,67.47592,61.52235,61.6198,57.80138,60.21628,54.3783,55.9464,56.35601,50.9902,58.18935,54.23099,50.69517,54.34151,53.60037,52.23983,55.22681,52.08647,54.23099,56.51548,54.34151,56.921,59.48109,61.03278,63.07139,59.03389,63.50591,64.88451,71.55418,64.00781,70.72482,69.83552,65.0
11.40175,11.40175,10.81665,10.0,10.81665,9.43398,10.0,9.43398,9.43398,8.94427,8.94427,8.94427,8.94427,7.61577,7.61577,7.61577,7.28011,7.28011,7.07107,7.28011,7.28011,7.28011,7.28011,7.07107,7.07107,7.28011,8.24621,7.28011,7.28011,7.28011,7.28011,7.28011,7.28011,7.61577,7.61577,7.61577,8.06226,8.06226,7.2111,7.2111,7.2111,7.81025,7.07107,7.07107,7.07107,6.40312,6.40312,7.2111,6.7082,6.7082,6.7082,6.32456,63.13478,62.1289,64.89992,63.81222,61.40033,61.05735,58.60034,61.26989,57.24509,55.4617,53.7122,52.7731,53.14132,48.75449,51.5461,49.98,47.29693,41.97618,40.79216,45.54119,45.70558,47.26521,45.09989,47.04253,40.0125,46.04346,43.10452,42.04759,44.0,44.18144,45.17743,44.18144,41.04875,41.4367,43.41659,43.18565,42.04759,39.11521,45.17743,42.2019,41.23106,45.22168,41.97618,42.37924,41.10961,43.08132,42.48529,38.07887,45.27693,41.18252,39.82462,39.69887,36.87818,35.38361,38.18377,37.01351,33.01515,34.88553,34.0,34.0,36.23534,39.81206,42.05948,42.54409,44.01136,47.41308,47.16991,55.15433,57.58472,54.42426,60.00833,56.79789,56.46238,60.00833,61.84658,64.51356,63.52952,60.53924,60.82763,62.29767,58.82176,62.29767,65.9242,63.56886,62.36185,59.66574,57.27128,56.7186,58.54912,53.46027,54.33231,55.00909,51.08816,52.15362,49.25444,53.14132,49.64877,52.39275,52.55473,50.9902,55.75841,55.22681,50.21952,55.60576,57.31492,57.38467,60.82763,65.94695,68.60029,65.21503,68.60029,62.1289,65.0,69.89278
11.04536,11.04536,11.04536,10.04988,10.04988,10.19804,10.19804,9.21954,9.21954,9.21954,9.48683,8.544,8.544,8.94427,7.61577,8.94427,8.06226,8.06226,8.06226,8.06226,8.06226,8.06226,8.60233,7.2111,7.81025,7.81025,7.81025,8.60233,8.60233,8.60233,7.2111,8.60233,8.06226,8.06226,8.06226,8.06226,7.61577,7.61577,7.61577,7.28011,7.28011,7.28011,7.07107,7.07107,7.07107,6.08276,6.0,6.0,6.0,6.0,6.08276,6.08276,69.857,66.75328,67.08204,65.06919,65.19202,65.37584,61.52235,57.14018,58.07753,51.0392,55.03635,55.03635,58.21512,48.04165,49.0102,50.15974,53.46027,45.89118,45.12206,46.84015,47.75982,39.92493,41.23106,40.16217,39.92493,43.46263,44.29447,42.04759,46.23851,44.77723,45.17743,45.17743,42.95346,39.92493,45.79301,42.72002,44.59821,47.01064,44.94441,43.32436,48.70318,46.57252,48.05206,45.54119,45.35416,41.0,44.91102,45.27693,43.10452,39.05125,43.0,35.0571,40.1995,37.64306,36.13862,33.24154,33.83785,37.16181,34.88553,35.8469,36.76955,37.94733,35.90265,41.78516,46.87217,49.0408,49.64877,52.20153,55.36244,58.69412,55.36244,59.43904,60.87693,61.61169,63.95311,61.61169,64.03124,63.06346,66.4906,59.84146,60.16644,62.0967,63.95311,64.93843,61.07373,55.3263,56.00893,55.03635,56.32051,54.33231,52.61179,54.74486,52.49762,54.08327,56.36488,52.7731,56.4358,51.97115,55.9017,51.62364,55.9017,57.2014,51.85557,56.40035,60.74537,59.05929,62.17717,57.3062,65.39113,65.9242,65.55151,62.29767,67.41662,61.03278
12.04159,11.04536,11.04536,11.04536,10.04988,11.18034,10.19804,10.19804,10.19804,9.21954,9.21954,9.48683,9.48683,8.544,8.544,8.544,7.61577,8.06226,8.06226,8.06226,8.06226,8.06226,8.06226,8.06226,8.06226,8.06226,8.60233,8.06226,8.06226,8.06226,8.06226,8.06226,7.61577,7.61577,8.544,7.61577,8.24621,8.24621,8.24621,8.24621,8.24621,7.07107,8.06226,8.0,8.0,7.0,7.0,7.07107,7.07107,7.07107,6.32456,6.32456,37.0,35.1141,35.17101,33.61547,35.90265,35.17101,31.62278,31.7805,27.65863,31.257,30.14963,30.06659,31.14482,25.07987,28.01785,27.01851,25.0,27.07397,26.1725,24.08319,23.5372,23.34524,21.58703,23.5372,22.56103,23.5372,21.18962,23.08679,23.08679,23.76973,23.4094,26.0,23.76973,24.04163,24.35159,22.80351,24.04163,22.80351,24.33105,26.4764,24.33105,24.33105,24.08319,23.19483,23.0,21.0238,23.02173,22.09072,24.0,22.2036,21.37756,22.36068,22.80351,19.92486,20.12461,18.38478,19.72308,16.76305,18.68154,24.16609,26.24881,15.81139,13.60147,18.43909,39.0,39.56008,5.83095,22.84732,45.89118,36.12478,45.39824,18.38478,30.23243,43.04649,43.18565,23.25941,41.59327,22.82542,37.12142,20.24846,33.24154,22.13594,26.01922,38.07887,39.05125,36.12478,30.46309,28.86174,23.34524,27.51363,32.75668,20.39608,32.01562,19.64688,25.0,25.94224,28.63564,28.6531,26.40076,29.20616,27.65863,29.73214,27.20294,31.241,30.52868,33.01515,31.62278,31.62278,34.88553,36.71512,29.96665,36.67424,35.4683,34.9285
12.16553,11.18034,11.18034,11.18034,10.44031,10.44031,10.44031,9.48683,10.44031,8.544,9.48683,9.84886,8.94427,8.94427,8.94427,8.60233,8.60233,8.06226,8.60233,8.60233,7.81025,8.60233,8.60233,7.81025,8.60233,7.81025,9.21954,7.81025,8.60233,9.21954,8.06226,8.60233,8.06226,8.06226,8.06226,7.61577,8.544,7.61577,7.61577,7.28011,7.28011,7.28011,7.07107,7.07107,7.07107,7.0,7.0,6.0,6.0,6.08276,6.08276,5.09902,66.1211,67.02984,66.00758,66.0,66.00758,62.20129,57.07889,61.07373,62.03225,54.03702,57.07013,55.44367,50.35871,49.16299,51.41984,53.16014,47.53946,42.05948,42.37924,48.30114,50.56679,41.14608,46.52956,42.54409,44.28318,40.49691,46.64762,41.34005,44.41846,46.04346,47.16991,47.43416,43.909,44.41846,43.56604,44.72136,47.50789,47.41308,46.51881,47.42362,45.69464,46.48656,41.97618,42.44997,41.76123,44.64303,43.93177,43.41659,40.11234,38.0526,37.05401,40.1995,34.1321,36.12478,33.73426,35.51056,33.52611,33.54102,35.12834,36.05551,38.20995,35.12834,41.10961,42.19005,42.04759,47.0,49.0408,54.0,54.03702,59.0,58.00862,57.55867,56.0,62.03225,65.0,62.0,64.03124,66.06815,59.0,65.0,62.00806,62.00806,66.06815,60.29925,60.53098,62.28965,58.54912,57.07013,55.36244,54.12947,52.0,54.626,53.7122,51.47815,56.61272,50.80354,53.2635,53.03772,53.8145,55.80323,55.47071,53.53504,51.07837,55.9017,61.03278,61.35145,59.46427,61.03278,64.03124,65.52099,64.77654,70.21396,64.13267,70.11419
12.04159,11.31371,11.31371,11.31371,10.63015,10.63015,10.63015,9.89949,10.0,8.60233,10.0,9.43398,9.43398,8.94427,8.06226,8.94427,8.94427,8.94427,8.544,8.544,8.544,8.544,7.61577,8.544,8.544,8.544,8.544,8.544,8.544,8.544,8.544,8.544,8.06226,8.06226,8.94427,8.06226,8.06226,7.81025,7.2111,7.81025,7.81025,7.81025,7.07107,7.81025,7.2111,7.2111,7.2111,5.83095,6.7082,5.83095,6.32456,6.32456,68.41053,68.62215,65.19202,61.7171,66.52819,60.10824,55.97321,60.87693,57.48913,59.4138,59.46427,53.15073,55.80323,54.20332,53.90733,50.21952,51.62364,44.41846,46.52956,48.76474,49.39636,46.61545,45.54119,43.32436,44.01136,42.72002,45.54119,41.0,43.17407,46.09772,47.43416,50.96077,44.38468,44.01136,51.5461,43.65776,43.65776,45.18849,46.8188,46.06517,47.88528,49.24429,46.52956,43.41659,42.2019,44.20407,40.31129,40.45986,38.94868,40.36087,39.20459,38.07887,36.89173,37.12142,36.76955,38.48376,36.40055,33.01515,33.42155,34.71311,33.30165,38.18377,36.79674,41.03657,43.13931,46.01087,45.96738,47.42362,54.56189,54.03702,53.8145,49.57822,56.85068,58.0517,62.00806,58.0517,62.28965,62.2254,61.84658,59.46427,61.22091,56.85068,59.40539,62.1289,59.03389,56.85948,57.24509,56.85948,56.4358,54.12024,55.71355,50.32892,52.49762,53.85165,51.47815,51.78803,49.0102,56.0357,56.0357,53.60037,54.34151,50.0,57.87055,58.5235,54.78138,61.7171,61.7171,60.90156,61.29437,63.95311,64.07027,66.57327,63.24555,68.11755
11.7047,11.7047,11.7047,11.7047,11.7047,11.7047,10.77033,11.18034,9.84886,10.29563,10.29563,9.43398,9.43398,8.60233,9.43398,8.60233,9.21954,8.60233,8.48528,8.48528,7.81025,8.48528,8.48528,7.81025,8.48528,8.48528,9.21954,8.48528,8.48528,8.48528,8.48528,9.21954,7.81025,8.60233,8.60233,8.60233,8.60233,8.06226,8.06226,8.06226,7.61577,8.06226,7.61577,7.28011,7.28011,7.28011,7.28011,7.07107,7.0,7.0,7.0,7.07107,71.25307,63.3877,65.76473,65.11528,73.75636,62.36986,67.26812,58.69412,60.40695,58.18935,59.20304,62.0967,56.32051,51.86521,51.07837,57.24509,50.08992,48.8774,48.76474,46.64762,47.70744,50.24938,41.6173,44.68781,45.60702,44.82187,46.75468,46.09772,44.68781,50.20956,50.24938,53.2635,48.27007,46.69047,47.63402,44.04543,47.70744,48.27007,47.43416,46.87217,50.11986,46.32494,42.94182,46.06517,43.82921,47.16991,44.38468,44.92215,40.60788,43.93177,44.91102,40.31129,42.10701,39.0,36.01389,33.24154,34.36568,34.36568,27.65863,38.47077,34.36568,37.33631,36.67424,41.23106,42.95346,47.07441,46.84015,50.44799,50.0,54.34151,55.7853,57.97413,55.7315,66.09841,62.64184,59.20304,64.84597,65.45991,62.58594,66.76077,58.69412,62.62587,66.48308,65.0,60.00833,59.5063,56.85948,60.37384,55.56978,54.70832,55.80323,57.14018,55.31727,56.56854,55.9017,58.41233,53.00943,52.43091,54.12947,54.56189,55.54278,57.58472,58.5235,57.00877,61.81424,63.50591,67.06713,67.00746,70.02857,73.0,69.00725,67.47592,68.00735,70.5762
10.0,10.0,10.81665,10.81665,10.81665,9.43398,9.43398,9.43398,8.94427,8.94427,8.544,8.544,8.544,8.544,8.544,8.24621,8.24621,7.28011,8.24621,7.28011,7.07107,7.07107,7.07107,8.06226,8.0,8.0,8.0,8.06226,9.05539,7.07107,8.06226,8.06226,8.24621,8.24621,7.28011,7.28011,7.61577,7.61577,7.61577,7.61577,6.7082,6.7082,7.2111,6.40312,6.40312,5.65685,5.65685,6.40312,5.65685,5.0,5.83095,5.38516,74.20243,71.42129,72.83543,63.65532,66.46804,65.8559,62.24147,63.03174,58.13777,55.44367,61.07373,57.42822,53.25411,52.00961,49.81967,50.77401,52.3259,48.76474,48.02083,47.16991,48.8467,44.94441,50.32892,46.57252,45.54119,48.08326,43.65776,46.57252,45.12206,45.39824,46.57252,46.57252,48.70318,46.84015,47.53946,44.94441,46.48656,46.8188,46.61545,44.59821,49.0408,45.61798,41.6173,46.52956,46.40043,43.26662,40.22437,45.22168,38.8973,41.72529,42.52058,39.59798,40.22437,36.35932,40.31129,37.69615,32.31099,33.24154,34.65545,33.24154,38.20995,36.79674,41.03657,37.48333,42.44997,49.57822,50.24938,48.27007,48.16638,51.62364,53.90733,53.75872,55.80323,60.0,56.0803,64.2028,63.41136,59.03389,63.25346,64.2028,63.41136,61.22091,61.40033,57.2014,62.43397,58.66856,55.75841,55.9017,56.36488,55.4617,54.40588,54.42426,53.85165,49.0306,52.95281,51.35173,51.62364,50.35871,51.08816,53.36666,54.12024,55.54278,55.36244,52.0,63.97656,61.09828,65.30697,60.82763,64.89992,66.88797,67.20119,71.02816,71.40028,68.11755
13.34166,13.34166,12.36932,12.36932,11.18034,11.18034,11.18034,11.04536,11.18034,11.04536,10.04988,10.0,10.0,10.0,10.0,10.04988,10.04988,9.05539,9.05539,10.19804,9.05539,9.05539,9.21954,9.21954,9.21954,9.21954,9.21954,9.21954,10.19804,9.21954,9.05539,10.04988,9.05539,9.05539,10.04988,9.05539,9.0,9.0,9.05539,9.05539,8.24621,9.21954,8.24621,8.24621,8.24621,8.544,7.61577,7.61577,7.2111,7.2111,7.2111,6.40312,71.69379,69.64194,70.77429,62.62587,63.24555,67.18631,60.87693,65.25335,62.58594,60.87693,61.40033,59.68249,60.29925,48.16638,51.35173,52.34501,55.00909,52.0,52.00961,50.01,52.23983,50.01,46.87217,49.16299,41.7732,44.28318,48.05206,45.70558,50.35871,46.69047,50.96077,53.75872,45.70558,51.41984,47.29693,54.23099,43.28972,47.26521,53.15073,49.49747,49.49747,48.01042,47.26521,48.37355,49.0408,44.40721,45.39824,47.38143,45.60702,41.0,42.15448,40.49691,41.14608,38.47077,37.73592,37.01351,33.97058,29.73214,33.83785,29.54657,35.1141,32.98485,36.40055,37.36308,34.9285,43.9659,42.95346,44.38468,50.69517,51.41984,50.69517,59.5399,46.69047,56.7186,53.60037,58.42089,59.66574,57.87055,60.01666,56.88585,56.29387,58.69412,59.4138,58.54912,57.21888,52.0,61.07373,51.08816,55.22681,52.46904,48.83646,54.12947,56.08921,52.88667,54.70832,52.92447,53.22593,55.07268,50.21952,51.22499,55.17246,55.31727,56.63921,57.62812,59.40539,61.58734,57.14018,63.24555,66.28725,69.77822,61.7171,65.76473,66.70832,69.46222
12.36932,13.15295,12.16553,12.16553,11.18034,11.18034,11.04536,11.0,11.04536,11.0,11.0,11.0,10.04988,10.04988,10.04988,10.04988,10.19804,10.19804,9.48683,9.48683,9.48683,9.48683,9.48683,9.48683,9.48683,10.44031,9.48683,9.48683,9.48683,10.44031,9.48683,9.48683,9.48683,9.21954,10.04988,10.19804,10.04988,9.05539,9.05539,9.05539,9.0,9.0,9.0,8.06226,8.06226,8.24621,8.24621,7.28011,7.28011,6.7082,6.7082,6.7082,71.34424,72.20111,68.96376,67.1193,65.8635,63.95311,67.41662,62.64982,61.32699,62.6099,55.65968,59.20304,56.32051,55.54278,55.36244,52.88667,55.54278,49.64877,48.25971,53.60037,55.57877,50.24938,49.0102,49.09175,47.01064,47.09565,52.23983,49.16299,44.40721,53.08484,52.23983,51.35173,52.23983,47.16991,50.08992,51.15662,51.24451,51.62364,54.14795,50.01,50.01,50.80354,46.38965,47.16991,42.75512,46.09772,45.60702,42.37924,43.08132,44.38468,41.14608,40.31129,40.49691,36.87818,38.58756,35.35534,37.48333,29.0,31.1127,34.66987,37.44329,31.89044,38.01316,38.83298,39.11521,44.77723,44.10215,50.77401,47.70744,52.47857,51.47815,50.24938,54.20332,50.77401,55.56978,58.18075,59.09315,55.00909,61.26989,58.66856,57.24509,57.3062,57.27128,57.38467,56.0803,57.87055,53.75872,50.0,56.29387,48.25971,49.0,55.14526,50.15974,49.09175,52.15362,49.49747,49.0306,50.0,50.92151,50.9902,53.85165,53.00943,49.81967,50.32892,57.2014,56.58622,60.959,61.55485,58.0,59.5483,58.41233,58.89822,66.0303,66.88797
12.64911,12.64911,12.36932,12.36932,11.40175,11.40175,11.18034,11.18034,11.18034,11.18034,10.19804,10.04988,10.04988,10.04988,10.0,10.0,10.04988,9.05539,9.05539,9.05539,9.05539,9.21954,9.05539,9.21954,10.19804,9.21954,9.21954,10.19804,9.21954,9.21954,9.05539,9.21954,10.04988,10.04988,9.05539,9.05539,10.0,10.0,9.05539,9.05539,9.05539,8.06226,9.05539,8.24621,8.24621,7.28011,7.61577,7.61577,7.61577,8.06226,7.2111,6.40312,74.24958,66.18912,73.1642,70.26379,66.7308,61.98387,65.9242,66.12866,61.68468,64.51356,62.36185,58.69412,55.10898,56.08921,52.39275,59.3043,56.0357,52.03845,54.08327,46.04346,56.14268,45.09989,51.35173,50.15974,50.0,50.24938,45.35416,52.17279,47.67599,51.66237,50.69517,51.78803,54.58938,52.7731,47.29693,54.14795,59.4138,52.15362,53.03772,52.23983,52.34501,54.0,53.00943,50.24938,48.25971,50.48762,47.38143,48.76474,49.0408,47.12749,43.17407,42.04759,41.23106,38.91015,38.07887,38.27532,38.41875,30.46309,32.20248,29.06888,34.0147,33.61547,36.24914,34.53983,41.4367,37.69615,44.27189,45.60702,49.47727,51.26402,53.75872,50.96077,52.49762,57.97413,52.81098,53.85165,57.00877,60.74537,63.60031,59.20304,56.51548,54.81788,58.24946,57.27128,58.0517,54.58938,57.14018,49.0102,54.00926,52.00961,55.08176,51.47815,47.85394,50.96077,50.32892,46.23851,46.48656,50.11986,49.09175,53.25411,50.80354,54.67175,57.48913,56.0803,57.38467,60.30755,60.60528,62.42596,64.84597,60.90156,64.84597,62.64982,66.18912,66.24198
12.52996,12.52996,11.6619,11.18034,11.6619,10.81665,11.6619,10.81665,10.0,10.63015,10.63015,10.63015,9.89949,9.89949,9.21954,9.89949,10.0,9.21954,8.60233,8.60233,9.21954,9.21954,9.43398,9.43398,9.43398,9.43398,9.43398,9.43398,9.43398,9.43398,8.60233,9.43398,9.43398,9.21954,9.21954,9.21954,9.21954,9.21954,8.48528,7.81025,8.60233,7.81025,8.60233,7.2111,8.06226,6.7082,6.7082,7.28011,7.28011,6.32456,6.32456,6.08276,67.72001,74.84651,64.51356,69.92138,71.16881,65.9242,66.48308,61.09828,65.45991,63.69458,59.5399,61.77378,59.90826,57.70615,55.56978,57.45433,52.20153,50.21952,52.49762,55.31727,58.0,55.9017,48.83646,50.93133,50.20956,48.79549,58.25805,53.75872,48.16638,56.0357,51.40039,48.27007,51.85557,50.47772,53.82379,50.24938,53.75872,53.75872,53.8145,54.45181,58.13777,51.66237,48.83646,51.10773,49.24429,49.92995,43.82921,47.41308,46.09772,42.95346,44.94441,43.65776,41.76123,39.20459,38.47077,37.12142,37.0,30.67572,31.38471,33.24154,34.0147,37.69615,34.43835,37.69615,38.01316,43.41659,42.94182,46.95743,50.56679,52.7731,52.92447,48.8467,55.07268,55.07268,61.26989,55.9464,57.3062,59.94164,60.82763,58.59181,56.35601,56.79789,58.13777,55.21775,55.80323,55.47071,51.08816,53.60037,50.93133,53.8145,55.17246,50.93133,49.0408,52.20153,52.69725,49.64877,52.3259,44.94441,49.72927,53.45091,55.54278,50.80354,57.0,58.00862,56.22277,57.14018,63.1981,59.3043,64.13267,60.53098,67.60178,65.51336,65.11528,68.30813
12.08305,11.7047,11.7047,11.7047,11.7047,11.7047,11.40175,11.40175,11.40175,10.44031,10.19804,10.19804,10.04988,10.04988,10.04988,9.0,10.0,9.0,9.0,10.0,9.0,9.0,9.05539,9.05539,9.05539,9.05539,10.04988,10.04988,10.04988,9.05539,10.04988,10.0,10.0,10.0,10.0,9.0,9.0,9.05539,9.05539,9.21954,8.24621,8.24621,8.24621,8.24621,8.544,7.61577,7.61577,8.06226,7.2111,7.2111,7.2111,6.40312,69.35416,74.33034,66.24198,68.44706,71.17584,68.0,63.97656,64.88451,65.0,62.96825,61.46544,60.40695,60.16644,58.5235,57.72348,58.94065,58.54912,50.80354,52.46904,50.15974,51.0,52.00961,51.0098,51.0,51.0098,53.03772,49.49747,51.15662,51.15662,49.49747,50.35871,48.6621,50.01,51.24451,51.78803,50.48762,51.62364,54.00926,53.03772,51.15662,50.0,48.01042,50.03998,45.54119,47.26521,49.49747,46.38965,50.9902,41.23106,41.4367,39.92493,41.78516,41.14608,40.22437,41.88078,35.60899,34.82815,31.40064,30.01666,30.61046,31.38471,32.75668,32.24903,34.9285,38.48376,40.71855,41.14608,44.28318,46.06517,48.76474,50.53712,50.9902,52.0,50.08992,55.15433,55.15433,55.9464,54.23099,56.82429,55.03635,57.00877,58.18075,51.86521,52.0,53.45091,54.40588,51.41984,48.83646,54.74486,46.17359,51.24451,54.08327,47.26521,46.38965,49.0306,44.38468,43.9659,47.12749,50.9902,50.15974,53.23533,53.82379,56.63921,51.66237,56.72742,55.17246,58.0,63.03174,58.5235,63.60031,67.42403,67.80118,69.63476,71.02112
13.15295,12.36932,13.34166,12.16553,11.40175,11.40175,11.40175,10.77033,10.77033,10.77033,10.77033,10.77033,9.84886,9.84886,9.43398,10.81665,9.43398,10.0,10.0,10.0,10.0,9.21954,10.0,9.21954,9.21954,9.21954,9.89949,9.89949,9.21954,10.63015,9.21954,9.21954,10.0,10.0,10.0,9.43398,9.43398,8.94427,8.94427,8.06226,8.544,8.544,8.544,7.28011,8.24621,7.28011,7.07107,7.07107,7.07107,6.0,6.0,6.08276,70.5762,67.02984,71.84706,69.72087,69.2315,72.00694,66.28725,67.89698,62.96825,61.39218,59.90826,59.46427,62.96825,54.81788,58.18935,58.60034,56.64804,50.53712,48.02083,52.35456,55.47071,51.47815,46.87217,48.25971,47.43416,49.40648,53.41348,50.32892,50.0,52.40229,53.90733,57.2014,49.20366,51.73973,52.40229,51.40039,49.40648,49.81967,52.47857,48.25971,49.09175,53.0,49.09175,48.75449,50.59644,43.86342,45.54119,44.38468,46.32494,43.08132,41.10961,41.59327,40.0125,38.01316,41.19466,35.51056,34.71311,31.57531,28.44293,28.63564,36.87818,33.24154,34.48188,38.32754,40.80441,43.01163,42.72002,48.08326,47.80167,48.05206,51.92302,51.97115,57.27128,55.7853,55.7853,56.61272,56.51548,55.54278,56.75385,52.63079,56.61272,52.39275,51.07837,54.626,56.61272,50.69517,54.23099,52.35456,51.97115,46.87217,48.02083,52.20153,51.08816,48.10405,50.9902,46.66905,44.65423,44.29447,48.76474,51.47815,48.30114,51.24451,57.70615,53.60037,56.22277,55.08176,57.14018,57.07889,60.07495,66.0303,59.03389,69.00725,66.0303,68.26419
13.15295,13.0384,13.0384,12.04159,12.04159,12.04159,12.0,11.0,12.0,11.0,11.0,11.04536,10.04988,10.04988,10.04988,10.04988,10.19804,10.19804,10.44031,10.19804,9.21954,9.21954,9.48683,9.48683,9.48683,9.48683,9.48683,9.48683,9.48683,10.44031,9.21954,10.44031,10.19804,9.21954,10.19804,10.19804,9.05539,9.0,9.0,9.0,9.0,8.06226,8.06226,8.06226,8.24621,8.24621,7.28011,7.61577,7.61577,7.61577,6.7082,6.7082,75.0,73.05477,70.0928,72.27724,71.80529,68.00735,67.91171,68.15424,63.34824,66.21933,64.28063,64.38167,57.70615,58.21512,55.22681,56.22277,58.21512,51.0098,51.15662,58.21512,55.3263,53.23533,45.27693,50.48762,50.35871,50.63596,54.12947,51.78803,52.61179,54.57105,50.96077,53.85165,56.04463,49.81967,53.16014,49.64877,49.47727,51.66237,52.7731,51.78803,51.35173,51.08816,51.0098,53.08484,49.0408,49.0408,48.01042,48.83646,44.72136,41.59327,39.81206,42.37924,40.16217,40.31129,36.23534,38.07887,39.82462,27.20294,26.68333,30.80584,33.73426,32.98485,36.05551,32.14032,38.83298,45.27693,44.55334,43.93177,46.32494,45.12206,50.80354,53.46027,53.75872,49.16299,56.32051,54.34151,54.91812,51.62364,60.53098,54.58938,55.44367,53.60037,54.74486,52.15362,50.01,54.00926,54.00926,48.25971,50.48762,49.64877,48.6621,50.96077,47.43416,48.10405,44.29447,48.37355,49.64877,48.37355,49.20366,50.24938,53.03772,48.10405,58.60034,58.82176,57.98276,54.56189,56.60389,59.05929,68.02941,63.07139,63.69458,65.79514,64.07808,68.94926
13.60147,12.64911,13.0,12.64911,13.0,11.7047,12.08305,11.18034,11.18034,11.18034,11.18034,11.18034,10.81665,10.81665,9.43398,10.81665,9.43398,10.0,10.63015,9.89949,9.89949,9.89949,9.89949,9.89949,10.63015,9.89949,9.89949,9.89949,9.89949,9.89949,9.89949,9.89949,9.89949,9.89949,10.0,10.0,9.43398,9.43398,9.43398,9.43398,8.94427,8.94427,8.94427,8.544,8.544,8.24621,8.24621,7.28011,8.06226,7.07107,7.0,7.0,75.89466,72.27724,71.7844,70.5195,68.30813,68.94926,64.28841,68.00735,68.00735,62.64982,60.00833,60.37384,58.13777,61.26989,56.82429,59.68249,62.96825,54.6443,53.33854,52.00961,51.85557,50.44799,50.24938,52.34501,52.3259,50.24938,53.03772,55.17246,52.3259,49.49747,53.2635,53.07542,51.08816,55.22681,50.24938,54.45181,56.58622,55.15433,54.45181,49.67897,49.57822,52.20153,52.80152,49.09175,51.86521,47.41308,46.52956,48.30114,48.10405,44.38468,43.65776,41.48494,43.68066,37.36308,41.10961,36.0,36.01389,31.62278,26.24881,33.83785,33.83785,31.95309,37.64306,35.34119,37.12142,41.23106,42.95346,46.17359,47.12749,46.48656,50.56679,48.46648,55.15433,53.85165,53.14132,56.46238,59.80803,59.09315,56.79789,55.4617,54.626,56.46238,56.4358,49.98,50.11986,48.60041,56.0357,49.64877,53.07542,47.42362,50.20956,51.62364,48.10405,50.60632,50.0,46.40043,46.06517,48.8467,45.31004,47.80167,48.27007,48.09366,46.0,52.08647,57.0,60.0,61.52235,58.0517,57.42822,64.62971,61.66036,69.72087,69.63476,68.15424
11.04536,12.16553,11.18034,11.04536,11.04536,11.04536,10.19804,10.19804,10.19804,9.48683,9.21954,8.544,9.48683,8.544,8.94427,8.544,8.94427,8.94427,8.94427,8.06226,8.06226,8.06226,8.06226,7.81025,8.60233,8.06226,8.60233,8.60233,9.21954,8.60233,8.60233,8.60233,8.06226,8.06226,8.94427,8.94427,8.544,7.61577,7.61577,7.28011,7.28011,7.28011,7.07107,7.07107,7.0,7.0,7.07107,7.0,6.08276,6.08276,6.08276,5.38516,74.06079,73.10951,71.00704,68.18358,72.11103,70.11419,66.0303,65.00769,62.0,59.3043,60.67125,61.29437,60.53098,56.7186,55.7315,50.9902,55.10898,50.96077,50.28916,52.81098,50.69517,51.07837,50.69517,48.8467,47.53946,49.24429,48.30114,48.8774,47.88528,51.40039,50.11986,51.88449,52.35456,51.0392,49.24429,51.10773,50.56679,53.85165,52.0,51.62364,48.10405,54.12024,52.88667,45.88028,49.33559,45.35416,42.42641,45.60702,44.40721,41.01219,40.0125,38.0526,37.12142,38.32754,37.94733,37.33631,35.1141,32.01562,31.257,29.83287,34.36568,31.7805,34.52535,37.33631,38.63936,39.81206,41.0,42.57934,46.69047,48.50773,51.41984,48.27007,52.95281,51.41984,48.83646,52.17279,57.72348,49.49747,51.92302,56.29387,54.34151,54.57105,52.88667,48.76474,56.04463,52.92447,47.53946,48.8467,51.47815,48.76474,48.8774,50.77401,49.40648,49.81967,42.63801,45.96738,51.73973,53.25411,46.04346,47.01064,51.97115,47.85394,56.46238,54.78138,54.81788,58.69412,57.28001,60.67125,58.21512,58.85576,60.41523,66.37017,67.26812,69.46222
11.6619,11.6619,12.20656,11.6619,11.6619,11.40175,11.40175,10.63015,10.63015,10.63015,9.21954,9.89949,9.89949,9.89949,9.21954,8.60233,8.60233,8.60233,8.94427,8.60233,9.43398,8.94427,8.94427,8.94427,8.94427,8.94427,8.94427,9.84886,8.94427,8.94427,8.94427,8.94427,8.94427,8.94427,8.06226,8.60233,8.60233,8.60233,8.48528,7.81025,7.81025,7.81025,8.48528,7.81025,7.2111,7.2111,6.7082,6.7082,6.7082,6.32456,6.32456,6.08276,72.23573,70.26379,68.42514,68.42514,69.83552,68.8767,69.31811,64.88451,63.13478,62.76942,58.82176,62.76942,58.00862,53.60037,54.40588,54.81788,55.97321,55.22681,51.73973,52.49762,55.60576,47.80167,56.0357,51.0392,49.92995,51.0392,49.39636,50.60632,50.77401,45.65085,46.87217,51.47815,51.31277,51.88449,48.25971,50.24938,51.31277,53.7122,54.91812,48.82622,47.43416,45.60702,49.57822,48.9183,49.49747,46.66905,46.01087,50.32892,42.43819,43.01163,42.2019,39.11521,41.34005,38.01316,40.16217,35.17101,34.9285,30.08322,29.96665,33.83785,32.01562,34.43835,31.7805,39.35734,39.81206,43.909,42.05948,45.17743,47.85394,46.09772,50.53712,52.3259,50.53712,54.12024,52.7731,55.56978,58.18075,54.12947,60.41523,51.62364,54.70832,54.12024,52.69725,52.20153,54.20332,52.00961,53.07542,47.42362,50.93133,50.24938,48.41487,51.08816,46.61545,42.05948,48.37355,47.42362,48.76474,51.5461,45.70558,50.63596,51.78803,48.04165,46.09772,54.14795,56.04463,62.39391,57.87055,59.5399,63.56099,66.21933,60.44005,69.2315,69.26038,70.5195
13.41641,12.52996,13.41641,13.41641,12.52996,12.08305,12.08305,11.7047,12.08305,11.7047,10.77033,10.77033,10.44031,10.77033,10.44031,10.19804,10.19804,10.44031,10.19804,10.19804,9.21954,10.04988,10.04988,10.04988,10.04988,10.04988,10.04988,10.19804,10.19804,10.04988,10.19804,10.19804,10.19804,9.21954,10.44031,10.19804,10.44031,9.48683,9.48683,8.94427,8.94427,8.94427,9.43398,8.06226,8.60233,8.60233,7.81025,7.81025,7.07107,7.07107,6.40312,7.2111,69.77105,74.70609,68.942,71.17584,71.58911,67.08204,71.86793,61.26989,67.54258,60.92618,61.84658,64.07808,62.93648,58.87274,56.61272,59.66574,55.08176,51.92302,54.34151,54.58938,50.08992,56.0803,49.36598,50.01,49.0102,49.09175,55.0,52.00961,51.08816,52.15362,52.00961,54.00926,53.00943,51.0392,56.00893,53.15073,48.16638,55.3263,55.44367,48.16638,48.6621,52.61179,45.60702,46.32494,49.98,46.17359,46.84015,47.92703,43.86342,41.59327,39.66106,41.23106,44.04543,39.20459,38.18377,36.06938,35.60899,28.28427,28.44293,30.41381,35.69314,33.95585,35.90265,35.12834,38.47077,37.01351,41.4367,42.29657,43.41659,46.87217,48.25971,47.29693,49.16299,52.46904,53.93515,54.45181,49.36598,51.78803,57.70615,53.60037,51.47815,53.15073,48.50773,49.49747,50.08992,50.48762,50.08992,51.08816,50.01,49.0,46.27094,48.25971,45.89118,47.53946,47.75982,45.69464,48.37355,49.64877,48.25971,51.22499,54.3783,51.62364,46.75468,51.85557,59.66574,57.62812,60.80296,57.98276,62.76942,64.88451,62.64982,67.23095,67.1193,66.18912
13.34166,13.34166,12.16553,13.34166,11.18034,12.16553,11.18034,11.04536,11.18034,11.04536,11.0,11.0,10.0,10.0,10.0,10.04988,10.04988,10.04988,10.04988,10.04988,9.05539,10.04988,9.21954,9.21954,9.21954,9.48683,10.19804,10.19804,10.19804,9.21954,10.19804,9.21954,9.05539,9.05539,10.04988,9.05539,9.0,9.0,9.0,9.0,8.06226,9.05539,8.06226,8.06226,8.24621,7.28011,8.24621,7.61577,7.61577,6.7082,6.7082,7.2111,74.46476,71.69379,67.41662,70.93659,70.83784,68.15424,69.28925,65.19202,58.5235,62.64184,62.64184,55.44367,64.49806,55.9017,56.08921,57.14018,51.24451,58.21512,54.00926,52.00961,53.03772,54.03702,49.16299,51.0392,50.15974,52.15362,50.80354,46.17359,47.53946,49.24429,50.44799,54.81788,51.78803,52.7731,54.74486,51.62364,48.05206,52.61179,54.74486,53.15073,49.0408,50.01,54.08327,55.08176,51.35173,46.17359,47.26521,46.69047,41.97618,43.56604,44.64303,41.4367,39.56008,37.16181,36.05551,36.05551,37.20215,25.4951,25.70992,29.12044,31.57531,34.9285,33.13608,37.65634,38.32754,39.62323,39.45884,43.41659,44.55334,46.69047,49.64877,50.63596,48.27007,52.39275,51.97115,50.48762,51.1957,57.48913,53.60037,52.23983,49.25444,50.48762,52.08647,52.61179,53.0,51.35173,51.0098,46.0,49.0408,46.04346,48.16638,46.87217,47.80167,46.48656,44.38468,46.23851,50.9902,48.76474,47.01064,49.51767,51.73973,48.9183,53.00943,54.03702,58.18075,60.46487,56.60389,59.5399,67.1193,64.88451,59.05929,65.29931,65.39113,68.942
13.60147,13.60147,12.64911,12.64911,12.64911,12.64911,11.7047,11.7047,12.08305,11.18034,11.18034,11.18034,11.18034,10.29563,10.81665,10.81665,10.81665,10.81665,10.0,10.63015,10.0,10.63015,10.0,9.89949,10.63015,10.63015,10.63015,10.63015,9.89949,10.63015,10.0,10.63015,10.63015,10.0,10.0,10.0,9.43398,9.43398,9.43398,8.94427,8.94427,8.94427,8.544,8.544,8.544,8.24621,8.24621,8.24621,7.07107,7.07107,7.0,7.0,68.593,72.83543,64.77654,66.75328,65.30697,65.76473,71.06335,68.68042,65.73431,62.29767,59.77458,61.03278,63.32456,59.13544,57.87055,58.87274,55.36244,57.27128,51.89412,55.47071,51.97115,52.15362,47.70744,50.21952,57.14018,48.01042,50.80354,52.80152,51.22499,46.40043,52.00961,50.80354,52.20153,50.24938,49.67897,50.44799,56.0803,51.66237,54.08327,50.60632,47.88528,50.11986,51.97115,51.0,48.75449,46.14109,45.61798,45.88028,44.14748,41.76123,42.42641,40.4475,41.4367,38.0,40.0125,35.22783,32.38827,25.31798,29.42788,29.41088,31.04835,31.04835,32.01562,32.28002,36.40055,41.4367,41.10961,43.41659,44.64303,46.48656,45.54119,49.64877,51.24451,48.76474,52.81098,52.81098,53.45091,50.15974,54.70832,52.49762,56.921,54.70832,51.26402,51.47815,53.31041,54.20332,51.42956,51.97115,46.87217,50.47772,47.50789,48.83646,43.27817,46.69047,48.83646,46.40043,46.40043,47.43416,47.41308,47.92703,53.85165,48.76474,46.17359,49.64877,53.23533,59.21149,64.49806,62.07254,60.13319,60.00833,64.07027,63.12686,64.38167,69.26038
13.45362,12.72792,12.72792,12.04159,12.72792,11.31371,12.04159,10.63015,11.31371,11.40175,10.63015,10.63015,11.40175,10.0,9.43398,10.81665,10.29563,10.29563,9.84886,9.84886,9.84886,9.84886,9.84886,9.84886,10.77033,9.48683,9.48683,10.77033,9.48683,10.77033,9.84886,9.84886,9.84886,9.84886,9.84886,10.29563,10.29563,9.43398,9.43398,8.60233,9.43398,7.81025,9.21954,7.81025,7.81025,7.81025,7.81025,7.2111,7.2111,7.2111,6.7082,6.7082,78.24321,73.53911,68.76772,67.17887,72.91776,65.79514,67.17887,68.0147,66.6033,60.80296,63.70243,60.959,63.89053,59.66574,57.48913,58.82176,58.24946,61.29437,54.20332,55.47071,50.53712,57.00877,52.35456,50.9902,53.31041,53.31041,54.70832,51.86521,55.9464,52.63079,55.08176,51.86521,54.12024,53.85165,53.14132,51.5461,53.31041,50.08992,53.7122,53.31041,49.09175,49.73932,53.41348,53.0,54.20332,48.82622,44.20407,49.57822,41.23106,43.84062,42.2019,42.2019,42.2019,39.39543,39.44617,34.0,34.78505,29.41088,31.241,27.80288,31.38471,33.6006,32.64966,34.20526,36.05551,36.05551,40.49691,45.48626,43.909,48.30114,50.60632,49.73932,48.8774,46.64762,54.08327,54.6443,52.15362,55.47071,57.98276,57.2014,55.9464,53.33854,54.56189,49.64877,50.08992,50.32892,49.39636,50.15974,48.8467,49.76947,50.59644,51.66237,46.87217,48.16638,46.04346,45.01111,47.09565,48.50773,47.07441,48.38388,51.86521,51.62364,50.77401,51.88449,54.20332,56.4358,63.52952,61.29437,60.959,64.2028,65.19202,69.81404,68.60029,72.18033
13.45362,13.45362,14.14214,13.45362,12.72792,12.04159,12.04159,12.04159,12.04159,11.40175,12.04159,11.40175,11.40175,11.40175,10.81665,10.29563,10.29563,10.29563,10.29563,9.84886,10.29563,9.84886,9.84886,9.84886,10.77033,10.77033,9.84886,10.77033,10.77033,10.77033,9.84886,11.18034,9.84886,9.84886,10.29563,10.29563,10.29563,10.0,10.0,10.0,8.60233,9.21954,9.21954,8.48528,8.48528,7.81025,7.81025,8.60233,8.06226,8.06226,7.61577,6.7082,67.60178,73.43024,72.56032,66.57327,73.57309,68.96376,69.89278,68.24222,60.21628,66.21933,60.87693,61.07373,64.53681,59.66574,58.69412,60.1415,56.63921,58.69412,55.17246,53.41348,56.85948,51.85557,53.53504,60.41523,53.25411,52.15362,52.15362,51.10773,51.86521,54.58938,51.62364,52.83938,56.93856,54.20332,53.33854,56.4358,53.33854,56.0803,56.22277,51.10773,56.30275,51.22499,54.03702,50.24938,50.93133,48.79549,45.25483,46.09772,41.6173,46.40043,42.43819,41.6173,40.31129,42.04759,37.64306,37.64306,36.87818,26.90725,28.42534,28.3196,34.71311,33.30165,34.82815,33.24154,40.31129,40.31129,38.8973,40.31129,44.55334,46.69047,46.69047,48.83646,45.27693,48.79549,51.66237,48.79549,54.48853,48.83646,54.56189,50.20956,55.22681,47.38143,52.3259,52.49762,50.44799,48.01042,52.00961,50.77401,50.21952,53.33854,54.23099,48.76474,48.46648,41.76123,47.53946,48.27007,50.35871,50.48762,49.25444,51.0392,50.08992,47.26521,47.01064,53.45091,55.36244,55.71355,57.93962,59.80803,63.52952,60.00833,59.94164,66.24198,70.71068,70.71068
12.20656,12.20656,11.40175,11.40175,11.40175,10.63015,10.63015,10.63015,9.89949,9.89949,9.89949,9.89949,9.21954,9.21954,9.21954,9.43398,8.60233,8.06226,8.94427,8.94427,8.06226,8.94427,8.94427,8.544,8.544,8.544,8.94427,8.94427,8.544,9.84886,8.94427,8.94427,8.94427,8.94427,8.94427,8.60233,8.60233,8.60233,7.81025,7.81025,7.81025,7.07107,7.81025,7.81025,6.40312,5.83095,6.7082,6.7082,6.7082,6.32456,6.32456,6.08276,72.47068,73.78347,75.82216,66.52819,72.13876,66.6033,69.52697,71.44928,64.3506,62.24147,60.1415,60.20797,58.89822,63.63961,59.4138,58.82176,59.5483,55.44367,60.20797,54.70832,53.23533,54.58938,54.626,52.0,51.62364,51.5461,52.92447,51.62364,50.92151,49.64877,51.07837,48.38388,54.08327,56.75385,52.49762,54.08327,52.81098,52.81098,55.97321,50.32892,49.1935,52.20153,55.47071,47.01064,48.82622,49.81967,46.01087,50.21952,42.52058,42.52058,41.10961,39.69887,36.23534,43.26662,38.94868,41.62932,38.27532,28.42534,27.58623,33.24154,31.82766,33.97058,34.05877,33.94113,37.53665,40.31129,45.34314,43.41659,46.01087,52.34501,50.24938,51.62364,53.07542,55.86591,51.66237,53.75872,54.56189,53.90733,61.6198,54.48853,55.9017,56.56854,57.62812,54.48853,54.20332,52.69725,55.22681,55.22681,55.07268,56.36488,49.76947,51.24451,49.72927,44.38468,48.27007,48.05206,48.50773,47.04253,51.35173,54.45181,49.36598,50.01,55.71355,56.46238,57.69749,64.4748,63.97656,62.24147,63.06346,68.26419,62.42596,69.83552,71.84706,69.40461
13.41641,13.41641,13.41641,12.52996,12.52996,12.52996,12.52996,11.6619,11.6619,11.6619,11.6619,11.40175,11.40175,10.63015,10.0,11.31371,10.63015,10.0,10.0,9.89949,9.21954,9.21954,10.0,9.43398,10.0,10.0,10.0,10.0,9.43398,10.81665,10.0,10.0,10.0,9.21954,9.21954,9.89949,9.89949,9.21954,9.21954,9.21954,8.60233,8.60233,8.60233,8.06226,8.06226,7.61577,7.61577,7.28011,7.28011,7.28011,7.07107,7.07107,67.1193,71.8401,72.44998,69.28925,66.30988,63.56099,66.18912,60.92618,65.79514,64.41273,61.77378,60.20797,60.90156,56.35601,61.40033,59.64059,59.5483,54.40588,52.00961,58.69412,53.75872,55.9017,53.15073,51.08816,49.57822,46.8615,50.93133,55.0,51.61395,55.80323,49.0408,53.2635,52.63079,49.81967,54.81788,48.9183,55.0,51.40039,50.32892,48.10405,52.3259,53.74012,48.60041,48.08326,47.01064,49.39636,48.02083,43.26662,43.08132,43.38202,39.92493,43.86342,37.36308,41.48494,36.34556,33.37664,36.01389,30.23243,26.41969,28.63564,35.35534,30.88689,29.68164,37.58989,38.94868,41.34005,39.40812,44.10215,43.60046,47.80167,47.01064,43.56604,44.65423,47.01064,51.86521,53.82379,52.80152,48.01042,51.61395,52.43091,53.00943,52.20153,51.40039,50.60632,49.57822,52.63079,48.9183,46.01087,50.9902,47.50789,50.0,48.82622,50.53712,48.30114,51.07837,47.75982,47.85394,43.01163,51.41984,46.27094,49.0408,52.03845,57.03508,54.08327,56.08921,52.63079,61.39218,62.36986,59.43904,62.58594,68.30813,65.78754,70.60453,70.38466
10.81665,11.18034,11.6619,11.18034,10.29563,9.84886,10.77033,9.84886,9.48683,9.84886,9.48683,8.544,9.48683,8.24621,8.24621,9.05539,9.05539,9.05539,9.05539,9.0,9.05539,9.0,9.0,9.0,9.0,8.0,9.05539,9.0,8.0,9.05539,9.0,9.0,9.0,9.05539,8.0,9.05539,9.21954,8.24621,7.28011,8.24621,7.28011,7.28011,7.61577,6.7082,6.7082,6.7082,5.83095,5.83095,5.65685,5.65685,5.0,5.0,65.96969,72.8011,70.88018,66.21933,74.46476,66.40783,71.56815,59.66574,66.28725,60.82763,61.40033,64.19502,62.00806,63.50591,61.29437,61.20457,57.03508,54.23099,54.08327,54.23099,56.88585,57.27128,52.46904,51.1957,51.41984,52.20153,57.07013,54.12947,55.57877,53.85165,52.81098,53.48832,52.55473,52.81098,59.13544,49.81967,51.86521,53.45091,56.29387,57.28001,49.72927,53.15073,53.00943,46.04346,46.09772,51.15662,47.0,45.0,39.20459,43.04649,40.1995,40.4475,39.62323,37.94733,34.9285,38.83298,33.12099,28.79236,27.85678,33.61547,30.08322,34.53983,33.24154,37.36308,40.60788,36.87818,45.12206,43.17407,46.32494,49.0306,51.66237,45.35416,51.47815,48.83646,53.93515,51.15662,56.22277,55.7315,58.13777,52.46904,56.51548,58.69412,56.88585,55.14526,52.0,56.00893,52.15362,54.0,51.0392,51.47815,51.62364,52.17279,48.27007,49.98,51.86521,47.53946,49.1935,47.88528,50.60632,52.49762,54.03702,50.20956,55.97321,60.0,55.47071,63.24555,62.68174,58.24946,60.03332,67.1193,63.07139,67.08204,70.77429,68.70953
12.72792,12.72792,12.04159,12.72792,12.04159,12.04159,12.04159,12.04159,11.40175,10.63015,11.40175,10.81665,10.81665,10.81665,10.81665,10.29563,10.29563,9.84886,10.77033,9.84886,9.84886,9.84886,9.84886,10.44031,9.48683,10.44031,9.48683,9.48683,10.77033,10.44031,10.77033,10.77033,10.77033,10.29563,9.84886,10.29563,9.43398,9.43398,9.43398,9.21954,8.60233,9.21954,9.21954,8.48528,7.81025,7.81025,7.81025,7.2111,7.2111,7.2111,6.7082,6.7082,73.4983,69.52697,66.4003,66.6033,70.72482,61.07373,67.17887,65.94695,65.19202,55.17246,60.959,59.03389,57.00877,57.00877,54.91812,56.60389,60.74537,57.98276,55.22681,52.35456,53.31041,54.12947,48.46648,55.54278,50.69517,53.48832,48.38388,52.88667,55.36244,55.08176,53.60037,54.81788,54.57105,53.60037,53.45091,50.15974,56.51548,53.85165,54.42426,52.20153,50.32892,51.47815,53.66563,51.86521,53.23533,48.54894,48.01042,48.01042,42.52058,40.60788,43.86342,40.31129,41.72529,38.41875,40.22437,39.44617,35.73514,27.80288,26.1725,30.61046,30.61046,29.06888,26.90725,34.71311,37.64306,38.28838,39.05125,38.94868,40.0,41.6173,45.45327,43.93177,45.34314,48.27007,49.64877,53.60037,51.85557,54.81788,57.2014,51.40039,53.25411,57.00877,53.25411,51.61395,55.60576,50.77401,55.22681,49.24429,51.88449,50.56679,52.0,44.01136,48.27007,47.29693,44.72136,46.87217,49.09175,53.03772,47.0,41.19466,52.34501,48.05206,51.97115,54.70832,50.69517,55.54278,54.23099,55.9464,55.75841,59.07622,64.63745,64.63745,69.64194,63.81222
11.0,11.04536,11.04536,12.04159,10.04988,11.04536,10.04988,10.19804,10.04988,10.19804,9.21954,9.21954,9.21954,9.48683,9.48683,8.544,8.544,8.94427,8.94427,8.94427,8.94427,8.94427,8.06226,8.06226,8.94427,8.94427,8.94427,8.06226,9.43398,8.94427,8.94427,8.94427,9.84886,8.94427,8.544,8.544,8.24621,8.544,8.24621,8.24621,7.07107,8.06226,8.06226,7.0,7.0,7.07107,7.07107,7.07107,6.32456,5.38516,6.7082,5.83095,77.31753,67.74216,69.26038,69.11584,64.19502,63.12686,68.11755,65.00769,63.0,62.03225,64.00781,60.00833,58.03447,57.31492,56.32051,56.4358,61.61169,57.48913,59.22837,51.78803,50.28916,53.45091,51.62364,52.92447,53.14132,54.626,51.89412,56.35601,53.66563,53.7122,53.7122,53.31041,55.07268,55.9017,54.56189,60.41523,54.12947,58.18075,55.02727,53.14132,51.41984,50.69517,50.69517,50.96077,51.97115,44.40721,51.0392,48.25971,44.10215,45.09989,46.17359,42.29657,39.45884,41.59327,39.56008,38.27532,36.67424,30.01666,34.0,29.15476,34.1321,31.06445,38.0526,34.1321,35.0,40.1995,38.47077,45.09989,46.09772,48.6621,48.50773,55.7315,47.38143,54.33231,54.45181,53.75872,55.9017,54.74486,56.32051,53.46027,58.24946,54.12947,59.84146,51.47815,52.7731,59.66574,56.61272,51.66237,53.16014,56.30275,53.75872,55.4617,46.09772,49.24429,49.92995,50.0,50.9902,49.51767,50.93133,53.03772,54.08327,51.10773,54.3783,52.83938,57.38467,58.18075,59.23681,62.0967,59.90826,63.56099,60.63827,67.08204,71.56815,71.19691
13.34166,13.15295,12.16553,13.34166,13.15295,12.04159,12.04159,12.04159,11.04536,11.04536,11.0,11.0,11.0,11.04536,11.04536,11.04536,11.18034,10.19804,10.19804,10.19804,10.19804,11.18034,9.48683,10.19804,10.44031,10.44031,10.44031,10.19804,11.40175,11.40175,10.19804,11.18034,10.04988,10.04988,11.04536,10.04988,10.04988,10.0,10.0,10.04988,10.04988,10.04988,9.21954,9.05539,8.24621,8.24621,8.24621,8.544,7.61577,7.61577,6.7082,7.2111,64.41273,63.50591,72.8011,69.89278,65.74192,66.40783,65.9242,62.96825,59.43904,62.0967,61.68468,59.20304,58.94065,56.08921,56.7186,57.55867,57.55867,50.01,53.23533,52.00961,55.00909,53.00943,54.23099,51.08816,52.00961,55.00909,52.23983,54.33231,56.32051,50.9902,53.36666,52.46904,50.15974,53.15073,53.46027,52.08647,53.08484,56.0357,56.0803,52.08647,51.15662,52.15362,53.75872,51.15662,46.87217,49.36598,47.80167,49.47727,45.88028,43.32436,41.23106,41.78516,40.81666,41.88078,37.73592,38.60052,36.79674,25.70992,29.0,28.28427,27.45906,31.01612,32.01562,33.01515,37.05401,38.01316,40.0125,37.12142,40.04997,46.17359,46.04346,47.0,44.04543,51.0392,49.09175,51.0,56.0,54.14795,54.0,51.0098,56.00893,56.0,54.45181,47.51842,53.46027,51.24451,54.08327,48.83646,53.75872,50.63596,48.38388,50.0,46.84015,48.8467,48.75449,46.51881,45.27693,44.94441,47.20169,53.41348,49.0408,48.16638,48.79549,47.63402,49.81967,58.5235,55.47071,58.59181,59.9333,59.48109,62.6099,62.24147,63.07139,70.21396
11.18034,12.08305,11.18034,12.08305,10.29563,11.18034,10.29563,9.43398,9.43398,9.43398,9.43398,10.0,10.0,10.0,9.21954,9.21954,9.21954,7.81025,10.0,9.21954,9.21954,9.21954,8.60233,9.43398,8.60233,8.60233,10.0,8.60233,10.0,8.60233,9.21954,8.60233,9.21954,9.21954,8.48528,8.48528,9.21954,9.21954,8.60233,8.60233,7.2111,8.06226,7.2111,7.61577,6.7082,6.32456,7.28011,6.32456,6.32456,6.08276,6.0,6.0,68.06614,67.36468,70.45566,67.36468,64.62971,69.42622,63.95311,65.0,58.94065,58.46366,58.69412,56.75385,59.46427,55.02727,54.70832,56.0803,52.80152,53.22593,58.18075,54.12947,50.60632,54.20332,50.60632,53.85165,50.60632,53.25411,48.01042,52.00961,49.39636,52.40229,52.80152,54.67175,53.25411,54.03702,51.0392,53.60037,55.21775,55.0,55.75841,56.60389,51.47815,49.24429,52.7731,52.7731,49.0408,43.86342,45.88028,47.80167,37.36308,39.05125,42.75512,38.0526,38.0526,42.04759,35.12834,37.33631,33.24154,31.01612,31.01612,29.15476,28.79236,30.41381,31.95309,32.64966,34.53983,41.18252,38.83298,39.39543,42.95346,50.60632,47.88528,51.10773,46.95743,48.30114,49.24429,51.97115,52.7731,56.93856,58.13777,52.3259,53.22593,55.47071,51.97115,51.88449,56.82429,57.14018,53.33854,49.73932,54.08327,52.63079,52.49762,51.85557,49.51767,49.0408,47.38143,48.60041,50.0,54.20332,45.17743,46.06517,52.3259,49.33559,46.48656,52.88667,50.15974,58.30952,60.53098,59.21149,60.00833,62.0,58.30952,64.07027,68.0,69.72087
11.7047,11.7047,12.08305,11.7047,10.77033,11.18034,11.18034,10.29563,10.29563,10.81665,10.29563,10.0,10.0,10.0,9.21954,9.89949,9.89949,9.89949,9.21954,9.21954,9.89949,9.21954,9.21954,9.21954,10.0,9.21954,10.0,8.60233,10.0,10.0,9.21954,9.21954,9.89949,9.21954,9.89949,9.21954,9.89949,9.21954,9.21954,8.60233,8.60233,7.81025,8.06226,7.2111,8.06226,7.61577,7.61577,6.32456,7.28011,6.32456,6.32456,6.08276,70.0928,68.00735,70.5762,69.57011,67.35726,64.84597,65.19202,66.70832,60.74537,64.07808,60.37384,61.26989,65.29931,53.53504,57.98276,55.22681,56.0803,52.80152,52.63079,55.97321,53.2635,52.49762,52.40229,50.93133,55.17246,51.62364,56.22277,50.20956,50.93133,46.2277,54.67175,56.63921,49.57822,53.82379,54.03702,54.56189,51.73973,55.97321,57.31492,53.15073,57.38467,51.66237,54.20332,47.63402,46.87217,45.80393,52.43091,48.30114,46.06517,44.72136,44.94441,43.46263,39.29377,41.0,35.90265,38.20995,38.0526,28.17801,30.8707,30.08322,31.01612,31.76476,36.23534,34.66987,40.49691,37.80212,37.58989,44.41846,46.32494,44.41846,48.8774,51.62364,52.83938,56.85948,55.47071,55.22681,53.7122,54.20332,60.03332,54.3783,61.40033,52.7731,60.74537,58.83026,59.20304,54.40588,58.41233,51.66237,55.97321,52.34501,48.79549,46.69047,51.08816,51.40039,48.37355,48.82622,49.65884,47.16991,48.10405,52.81098,45.70558,51.97115,56.56854,57.14018,55.03635,53.08484,54.0,57.00877,56.7186,64.28063,66.75328,64.84597,68.06614,67.18631
11.6619,12.52996,12.20656,13.0384,11.6619,12.20656,11.40175,11.40175,10.0,10.63015,10.63015,9.89949,9.89949,9.89949,10.63015,10.0,10.0,10.0,10.0,10.81665,9.43398,9.43398,10.29563,9.84886,10.29563,10.29563,10.29563,10.29563,10.29563,10.29563,10.29563,10.29563,10.29563,10.81665,9.43398,10.29563,10.0,9.21954,9.21954,9.21954,9.21954,9.21954,8.48528,9.21954,7.81025,7.2111,8.06226,8.06226,6.7082,7.2111,5.83095,6.32456,66.27217,68.06614,73.97973,70.85901,67.89698,68.46897,63.95311,65.11528,60.41523,65.30697,63.06346,62.8172,57.00877,51.86521,58.46366,56.64804,58.60034,53.7122,55.47071,55.07268,58.30952,52.47857,55.21775,52.47857,52.47857,54.03702,53.82379,55.44367,56.63921,56.63921,53.15073,55.31727,50.9902,54.48853,51.62364,48.27007,54.67175,50.0,54.6443,57.98276,54.40588,53.23533,50.11986,52.3259,49.64877,47.16991,52.55473,47.16991,48.70318,46.32494,47.80167,43.28972,41.04875,33.06055,41.01219,34.0147,36.34556,27.65863,28.63564,29.83287,31.40064,31.7805,33.83785,35.73514,38.27532,38.60052,40.26164,45.35416,48.08326,45.60702,48.76474,47.43416,50.96077,60.72891,56.921,58.94065,57.72348,55.02727,57.97413,54.40588,57.87055,57.28001,59.80803,54.42426,60.74537,55.54278,55.47071,53.23533,52.35456,53.23533,51.31277,49.64877,48.83646,46.09772,53.75872,48.79549,50.80354,50.60632,50.11986,54.70832,50.08992,53.7122,51.07837,55.02727,60.20797,56.88585,57.31492,61.20457,60.13319,64.28063,60.07495,67.06713,69.00725,64.0
13.60147,12.80625,12.80625,12.80625,12.80625,12.04159,12.04159,12.04159,11.31371,11.31371,11.31371,11.31371,11.40175,10.63015,10.63015,10.63015,10.0,10.81665,10.81665,10.81665,10.0,10.81665,10.0,10.29563,10.29563,10.29563,10.81665,10.81665,10.81665,10.81665,10.81665,10.81665,10.81665,10.81665,10.63015,10.0,10.63015,10.63015,9.89949,9.89949,9.21954,9.21954,9.21954,8.60233,8.60233,8.06226,8.06226,8.06226,7.61577,7.61577,7.28011,7.28011,70.72482,73.24616,68.24954,68.00735,65.43699,64.03124,67.20119,64.2028,61.40033,58.89822,61.7171,61.52235,59.4138,57.98276,57.28001,53.2635,62.28965,59.03389,51.86521,51.0392,52.35456,50.77401,53.66563,53.85165,53.25411,53.7122,52.3259,56.35601,54.20332,55.15433,54.23099,52.83938,52.0,54.626,51.42956,55.47071,53.85165,52.69725,58.66856,55.47071,54.70832,52.69725,52.20153,53.2635,48.10405,50.91169,45.27693,52.49762,45.0,47.88528,43.38202,39.11521,44.41846,44.28318,37.57659,38.8973,36.68787,27.65863,27.80288,31.40064,31.90611,34.88553,31.62278,36.89173,37.80212,38.27532,40.81666,40.31129,42.54409,51.97115,52.47857,49.39636,49.40648,56.85948,51.10773,53.7122,59.07622,56.30275,57.14018,58.83026,59.16925,60.37384,55.00909,55.07268,53.85165,59.05929,55.03635,51.47815,50.08992,54.56189,50.69517,51.86521,46.17359,50.63596,48.09366,46.38965,49.0102,49.16299,53.08484,48.6621,48.05206,49.24429,51.26402,50.32892,55.02727,58.60034,61.7171,61.29437,57.80138,59.68249,65.51336,63.28507,64.66065,72.11103
11.31371,10.63015,11.31371,11.31371,11.31371,9.89949,10.63015,10.0,10.0,10.0,10.0,9.43398,9.43398,9.43398,8.94427,8.94427,8.94427,8.94427,8.544,8.544,9.48683,9.48683,8.544,9.21954,9.48683,9.21954,9.21954,9.21954,9.21954,9.21954,9.21954,9.21954,9.21954,9.48683,8.544,8.544,8.94427,8.94427,8.94427,8.06226,8.06226,8.06226,8.60233,7.81025,7.81025,7.07107,7.07107,7.07107,6.40312,6.40312,5.83095,5.83095,70.43437,64.66065,67.17887,68.0147,64.38167,60.1415,62.36986,68.593,66.52819,59.5483,60.30755,57.48913,55.21775,56.22277,55.21775,55.56978,53.66563,51.0,51.88449,49.24429,54.626,50.60632,53.48832,51.5461,52.55473,52.55473,51.92302,54.40588,53.14132,54.57105,49.47727,56.04463,54.57105,55.7853,55.31727,55.08176,51.5461,50.92151,56.46238,51.07837,48.8467,50.92151,51.42956,50.53712,56.0357,49.39636,47.01064,50.47772,47.20169,44.68781,42.44997,41.72529,42.52058,39.62323,37.44329,35.35534,35.8469,30.41381,28.42534,33.97058,34.71311,35.4683,34.4093,38.01316,40.0,38.41875,42.63801,43.909,45.0,50.77401,51.40039,53.60037,52.20153,53.25411,52.43091,55.60576,61.22091,58.41233,57.2014,59.03389,56.22277,57.68882,53.85165,60.44005,55.47071,54.3783,56.35601,51.47815,53.31041,51.42956,52.20153,54.70832,50.32892,52.17279,50.80354,48.09366,48.37355,53.00943,46.04346,46.87217,49.81967,51.1957,50.15974,50.96077,55.02727,54.78138,60.82763,61.77378,61.58734,65.19202,56.0803,66.85058,68.00735,65.73431
11.40175,10.63015,11.31371,10.63015,11.31371,9.89949,9.89949,9.89949,9.89949,10.63015,9.21954,10.0,10.0,9.21954,8.60233,9.43398,9.43398,8.94427,8.94427,8.94427,8.94427,8.94427,8.94427,8.544,9.84886,8.94427,8.94427,9.84886,8.94427,8.94427,8.94427,10.29563,9.43398,9.43398,9.43398,9.43398,8.60233,8.60233,8.60233,8.48528,8.48528,8.48528,8.48528,7.81025,7.81025,7.2111,7.2111,7.2111,8.06226,6.7082,6.7082,6.32456,70.72482,63.24555,71.61006,65.0,59.5483,65.60488,63.12686,61.84658,58.0,62.24147,60.87693,59.4138,60.20797,58.13777,54.67175,53.25411,58.60034,53.82379,53.82379,52.15362,53.22593,50.60632,51.88449,48.8467,51.0,49.65884,47.12749,53.14132,53.7122,48.70318,51.24451,52.39275,51.86521,55.02727,50.32892,57.24509,54.78138,54.78138,56.36488,55.9017,50.60632,51.0,51.62364,48.8774,52.63079,44.40721,50.20956,47.63402,43.13931,46.66905,41.10961,43.13931,43.41659,40.22437,41.34005,35.8469,38.27532,26.1725,29.06888,31.14482,33.24154,31.14482,32.64966,32.55764,36.06938,38.60052,39.62323,48.27007,44.68781,46.2277,50.21952,52.00961,48.9183,51.85557,48.27007,55.60576,57.62812,56.0803,56.72742,50.32892,53.90733,54.67175,54.3783,51.40039,52.20153,50.21952,53.85165,43.82921,49.92995,52.39275,48.46648,46.61545,46.48656,46.09772,48.76474,45.54119,49.25444,54.23099,46.01087,48.16638,46.09772,48.83646,54.57105,48.76474,52.39275,59.23681,53.14132,62.16912,54.70832,59.68249,54.20332,65.51336,69.97142,68.41053
12.52996,12.08305,13.41641,12.52996,12.52996,11.18034,11.18034,11.18034,10.77033,10.77033,10.77033,10.44031,10.44031,10.44031,10.44031,10.19804,10.04988,10.19804,9.21954,10.19804,10.04988,10.04988,10.04988,10.0,10.04988,10.0,10.0,11.0,10.0,10.04988,10.04988,10.04988,11.04536,10.04988,10.04988,11.18034,10.19804,10.19804,10.19804,9.48683,9.48683,8.544,9.84886,8.544,8.94427,8.94427,8.06226,8.60233,8.60233,7.81025,7.07107,7.07107,66.7308,63.52952,65.74192,72.91776,67.1193,65.39113,63.97656,60.16644,61.68468,63.60031,59.23681,61.68468,54.40588,53.45091,59.22837,54.91812,53.15073,53.23533,55.57877,57.21888,53.03772,48.01042,52.08647,52.15362,49.0102,51.08816,51.0098,55.00909,56.14268,55.44367,50.48762,53.33854,56.00893,52.08647,54.33231,54.00926,56.14268,56.0357,58.21512,52.15362,55.00909,54.0,54.14795,53.46027,56.56854,50.9902,48.27007,51.92302,46.17359,44.59821,43.08132,48.30114,44.29447,42.72002,41.34005,37.44329,38.20995,29.83287,32.57299,33.61547,33.61547,34.48188,34.9285,34.9285,40.26164,37.85499,41.4367,44.72136,44.72136,47.07441,48.05206,49.24429,51.41984,51.92302,55.54278,54.57105,56.04463,58.18935,56.32051,56.51548,56.88585,57.48913,55.10898,52.15362,56.4358,53.46027,53.23533,48.01042,49.0408,53.00943,48.04165,53.33854,40.11234,49.81967,46.51881,44.92215,44.72136,46.06517,51.10773,51.47815,51.86521,43.86342,53.07542,49.67897,56.85068,55.15433,53.82379,60.60528,59.07622,63.52952,62.1289,64.3506,69.64194,67.20119
11.7047,11.7047,11.18034,12.08305,11.18034,11.18034,10.29563,9.84886,10.29563,9.43398,9.43398,9.43398,10.0,9.21954,9.21954,8.48528,8.48528,8.48528,9.21954,8.48528,9.21954,9.21954,7.81025,8.60233,9.43398,9.21954,9.43398,8.60233,9.43398,8.60233,8.60233,9.21954,9.21954,9.21954,9.21954,8.48528,8.48528,9.21954,8.48528,9.21954,8.60233,8.06226,7.2111,8.06226,8.06226,7.61577,7.61577,7.61577,6.7082,6.32456,7.07107,6.08276,69.02898,67.47592,69.06519,61.40033,61.0,63.78871,63.78871,59.68249,60.40695,55.7853,58.24946,56.75385,54.12024,52.92447,48.46648,50.69517,53.85165,53.22593,50.53712,47.50789,52.69725,50.60632,48.60041,52.43091,46.75468,53.2635,47.50789,50.9902,47.63402,50.9902,52.40229,51.73973,59.4138,51.66237,53.03772,56.63921,51.73973,58.0517,54.6443,52.20153,51.61395,49.92995,52.35456,50.24938,53.23533,50.08992,49.24429,45.31004,43.86342,48.50773,42.05948,43.68066,45.12206,41.7732,40.1995,39.05125,38.0,31.06445,34.0147,32.01562,36.12478,31.01612,38.0526,39.05125,38.11824,44.04543,46.04346,47.26521,48.50773,55.08176,54.12947,50.35871,54.14795,49.16299,53.33854,57.07013,57.42822,57.07013,56.7186,60.53098,60.01666,60.63827,54.34151,48.05206,53.85165,56.61272,54.40588,50.59644,55.15433,42.54409,49.65884,53.23533,47.16991,46.87217,46.09772,47.38143,47.20169,52.63079,46.64762,46.14109,51.0,45.31004,56.64804,48.38388,54.12947,58.46366,56.88585,59.03389,60.29925,62.07254,61.29437,68.11755,68.00735,71.06335
12.0,12.0,12.0,13.0384,12.0,12.04159,12.04159,11.18034,11.04536,10.19804,11.18034,10.19804,10.19804,10.44031,10.44031,10.44031,10.77033,9.84886,9.84886,9.84886,9.84886,10.29563,9.84886,10.29563,10.29563,10.29563,10.29563,10.29563,10.81665,10.29563,10.29563,10.29563,11.18034,10.29563,10.77033,9.84886,10.44031,9.84886,10.44031,9.48683,10.19804,9.21954,9.21954,9.05539,9.05539,9.05539,9.05539,8.0,8.0,8.0,8.06226,8.06226,67.06713,67.44627,67.18631,60.40695,67.68309,60.63827,65.11528,66.21933,60.82763,53.36666,60.53098,54.74486,58.30952,57.21888,49.0408,52.03845,58.00862,55.44367,49.25444,50.35871,51.35173,53.46027,50.59644,51.66237,46.57252,49.24429,52.49762,46.51881,52.92447,53.14132,51.92302,49.0408,55.65968,50.92151,56.32051,48.70318,51.66237,50.59644,55.54278,54.91812,56.75385,50.80354,58.0517,55.9017,47.09565,49.16299,45.17743,53.33854,43.01163,47.16991,46.17359,41.19466,43.56604,39.62323,40.79216,40.16217,41.59327,33.61547,34.0,34.53983,34.1321,35.77709,34.0147,36.68787,39.39543,42.72002,44.92215,46.8188,48.10405,51.92302,51.62364,54.42426,52.81098,51.86521,59.77458,53.16014,53.45091,53.48832,56.64804,56.75385,55.54278,55.57877,59.43904,55.57877,51.1957,50.80354,49.0408,48.25971,45.04442,44.10215,44.10215,47.26521,50.21952,44.91102,42.37924,46.61545,45.27693,48.76474,47.16991,42.63801,54.45181,45.45327,40.36087,47.20169,51.08816,51.0392,61.85467,58.60034,58.69412,58.59181,56.30275,59.5063,63.15853,67.23095
13.0384,13.0384,12.20656,11.6619,12.20656,11.40175,11.40175,10.63015,10.63015,10.63015,9.89949,11.31371,9.89949,9.89949,9.21954,10.0,9.21954,10.0,9.43398,9.43398,9.43398,9.43398,9.43398,8.94427,8.94427,9.84886,9.84886,9.84886,9.43398,9.84886,9.43398,10.29563,9.43398,9.43398,10.29563,10.29563,10.0,10.0,9.21954,9.21954,9.21954,9.89949,9.21954,8.48528,9.21954,8.60233,8.60233,8.60233,8.06226,8.06226,8.06226,7.61577,67.26812,64.03124,70.0928,63.25346,62.36986,63.70243,60.87693,61.52235,60.81118,59.39697,60.20797,60.959,58.13777,51.0392,55.60576,54.91812,50.47772,47.50789,53.25411,51.42956,57.27128,49.1935,48.33218,47.85394,48.30114,47.43416,54.08327,51.24451,51.5461,50.0,49.72927,51.92302,50.28916,51.41984,50.28916,47.12749,51.26402,49.98,49.64877,51.89412,55.9464,56.85948,49.64877,48.30114,44.10215,47.88528,46.61545,43.27817,45.60702,46.8615,44.82187,44.59821,38.8973,41.72529,40.36087,37.01351,40.31129,27.313,17.20465,45.27693,19.20937,48.60041,44.77723,34.9285,34.43835,49.24429,52.80152,45.45327,77.07788,73.34848,55.7315,85.63294,80.49845,69.64194,79.20227,77.17513,60.82763,44.20407,65.94695,65.0,66.70832,65.19202,39.82462,40.49691,70.03571,31.1127,68.88396,54.08327,38.32754,62.39391,40.02499,47.63402,36.76955,48.05206,49.49747,47.16991,42.04759,45.01111,47.38143,49.36598,47.85394,48.70318,53.85165,50.69517,55.03635,57.38467,58.18075,59.16925,60.53924,60.20797,63.00794,65.73431,67.47592,67.6757
11.18034,11.18034,10.29563,10.29563,10.29563,10.81665,10.81665,10.0,10.0,10.0,10.0,9.21954,9.89949,9.89949,8.48528,9.21954,9.21954,9.21954,8.60233,8.60233,8.60233,9.43398,9.43398,8.60233,9.43398,8.94427,10.29563,9.43398,9.43398,9.43398,9.43398,9.43398,9.21954,10.0,10.0,10.0,9.21954,9.21954,9.21954,9.89949,8.48528,8.48528,8.60233,7.81025,8.60233,7.81025,8.06226,7.61577,6.7082,7.61577,6.7082,6.32456,69.12308,64.7611,64.56005,69.64194,65.14599,64.03124,58.5235,67.6757,61.09828,62.93648,59.09315,57.24509,55.4617,51.97115,56.36488,54.58938,56.35601,55.9464,55.21775,52.69725,53.60037,51.86521,48.27007,46.75468,46.09772,47.38143,48.16638,53.07542,51.62364,53.07542,54.48853,56.56854,50.20956,53.90733,54.56189,58.69412,50.93133,52.34501,55.31727,58.0,53.41348,53.07542,52.80152,52.43091,53.25411,48.8774,50.60632,46.06517,48.8774,45.31004,49.24429,46.48656,41.4367,41.76123,44.14748,41.0,36.87818,32.14032,33.37664,33.95585,35.0,32.55764,41.59327,41.97618,42.95346,46.09772,43.56604,46.87217,49.0306,50.44799,51.97115,56.61272,53.33854,54.12024,53.85165,59.13544,54.70832,54.34151,56.04463,54.57105,56.75385,56.32051,56.64804,54.78138,55.54278,53.22593,53.7122,49.64877,50.11986,49.39636,47.50789,43.18565,50.24938,43.13931,45.34314,48.01042,46.06517,48.75449,47.01064,51.07837,46.17359,48.76474,56.0357,52.46904,55.3263,54.00926,55.0,54.00926,62.03225,66.00758,62.20129,64.28063,70.85901,73.34848
12.16553,13.15295,11.18034,12.04159,11.18034,11.18034,11.18034,11.40175,10.44031,10.19804,10.44031,10.44031,10.77033,10.44031,9.48683,9.84886,9.84886,9.43398,8.94427,9.43398,8.94427,9.43398,8.60233,9.21954,9.21954,9.21954,10.0,10.0,10.0,10.0,9.43398,10.0,9.43398,9.43398,9.43398,9.43398,10.29563,9.84886,9.84886,8.94427,9.84886,9.48683,9.48683,9.48683,9.21954,8.24621,8.24621,8.06226,8.06226,8.06226,8.0,7.0,66.06815,59.68249,68.26419,62.16912,67.89698,63.78871,64.32729,61.18823,57.97413,58.46366,60.63827,57.28001,61.98387,50.92151,54.42426,55.36244,57.38467,51.88449,47.16991,49.64877,56.61272,53.25411,47.20169,49.64877,48.25971,45.80393,51.40039,49.40648,50.9902,57.48913,50.91169,54.56189,49.67897,50.47772,57.48913,54.81788,51.73973,53.8145,52.43091,56.22277,57.00877,52.43091,51.62364,54.08327,51.0,48.02083,52.35456,49.64877,48.8467,46.8188,47.75982,44.92215,42.44997,43.73786,41.7732,41.19466,41.04875,34.0147,35.0571,36.01389,34.0147,35.01428,36.12478,35.22783,42.10701,43.28972,45.17743,46.52956,47.38143,49.64877,54.58938,51.62364,50.24938,56.14268,56.4358,56.4358,51.08816,51.24451,55.44367,51.78803,53.75872,54.58938,55.54278,50.59644,52.63079,49.33559,45.69464,45.69464,51.47815,47.41308,48.02083,47.01064,51.40039,44.55334,48.16638,46.75468,46.2277,44.40721,45.65085,48.8467,49.39636,50.92151,56.56854,57.70615,51.62364,57.31492,52.23983,57.21888,61.0,63.03174,62.07254,68.0,66.06815,67.0
12.04159,12.04159,12.0,12.0,12.0,12.0,12.0,11.0,11.0,11.04536,11.04536,11.04536,10.19804,10.19804,10.19804,10.19804,10.44031,10.44031,9.84886,9.48683,9.84886,9.84886,9.84886,9.84886,9.84886,9.84886,10.77033,10.29563,9.84886,10.77033,9.84886,9.84886,10.77033,9.84886,10.44031,10.77033,10.44031,10.44031,10.44031,9.21954,10.04988,10.04988,9.05539,9.0,9.05539,9.05539,9.0,8.0,8.06226,8.06226,8.24621,7.28011,71.30919,69.64194,69.63476,65.80274,66.4906,60.41523,69.42622,66.0303,64.77654,62.514,61.81424,61.07373,57.03508,60.00833,55.08176,56.14268,55.08176,55.44367,58.30952,52.15362,51.66237,52.46904,49.0306,49.49747,51.66237,52.20153,48.08326,51.24451,47.92703,55.15433,53.14132,55.36244,53.85165,53.7122,52.20153,51.26402,52.81098,57.56735,54.81788,52.95281,56.51548,53.46027,50.80354,54.57105,51.62364,54.03702,51.08816,54.00926,49.25444,45.04442,44.18144,44.91102,44.18144,43.17407,44.64303,40.16217,44.01136,35.4683,37.0,34.9285,37.0,37.64306,37.10795,35.1141,41.76123,45.22168,46.09772,48.27007,51.24451,53.60037,55.54278,54.12024,55.08176,52.39275,59.20304,55.31727,56.04463,55.36244,59.68249,57.87055,58.42089,54.58938,55.22681,52.95281,53.46027,54.03702,54.03702,50.01,53.15073,47.01064,48.37355,50.9902,48.05206,50.15974,44.38468,52.15362,45.22168,47.70744,46.40043,46.09772,52.63079,50.24938,53.41348,54.40588,54.3783,51.88449,55.03635,58.30952,62.64982,60.00833,62.24147,68.94926,68.41053,71.16881
12.52996,12.20656,12.20656,13.0384,12.20656,12.20656,11.40175,11.40175,11.40175,10.63015,10.63015,11.31371,10.63015,10.63015,10.63015,10.63015,10.0,10.0,10.0,10.81665,9.43398,10.29563,9.43398,10.29563,10.29563,10.29563,10.29563,10.29563,10.29563,10.29563,10.29563,10.29563,10.81665,10.81665,10.81665,10.0,10.0,10.0,10.0,10.63015,9.21954,9.89949,9.89949,9.21954,9.21954,8.60233,8.60233,8.60233,8.06226,8.06226,7.61577,7.61577,74.24958,66.40783,72.89719,67.53518,66.24198,64.49806,69.11584,62.26556,63.51378,60.20797,60.80296,60.80296,55.31727,57.80138,53.2635,50.20956,57.28001,57.28001,49.51767,55.97321,48.41487,47.80167,53.0,51.22499,49.20366,49.92995,46.04346,50.77401,54.08327,51.0,51.97115,55.07268,55.22681,53.0,51.62364,51.86521,53.82379,54.6443,54.6443,52.47857,49.0408,52.00961,53.2635,51.73973,51.85557,51.66237,48.83646,48.79549,46.2277,47.80167,44.65423,43.82921,43.04649,43.41659,40.70626,41.23106,38.27532,30.36445,32.57299,29.41088,35.1141,32.64966,33.52611,35.34119,39.82462,41.78516,42.05948,50.08992,47.41308,49.92995,52.83938,54.56189,52.80152,49.1935,51.47815,60.53924,59.48109,51.97115,57.80138,53.85165,53.7122,51.88449,56.0357,52.69725,52.69725,51.0392,50.9902,45.96738,53.15073,48.79549,48.60041,49.40648,43.41659,43.56604,46.95743,45.88028,48.70318,47.53946,51.47815,47.51842,52.00961,44.01136,52.23983,56.29387,54.12947,59.03389,55.7853,56.61272,62.93648,63.32456,61.68468,68.00735,64.84597,68.15424
11.6619,11.18034,11.18034,10.77033,10.77033,9.84886,9.84886,9.84886,9.48683,9.48683,9.48683,9.48683,9.21954,9.21954,9.21954,9.21954,9.05539,9.05539,9.05539,8.0,8.0,9.0,8.0,8.06226,8.0,9.0,9.05539,9.0,9.05539,9.0,8.0,9.0,9.0,9.0,9.05539,9.05539,9.05539,8.06226,8.24621,8.24621,8.544,8.544,8.544,7.61577,7.61577,7.61577,8.06226,7.2111,7.2111,6.40312,7.81025,7.07107,62.36986,71.40028,67.47592,65.80274,68.60029,62.482,67.80118,61.29437,64.3506,57.00877,56.61272,57.80138,60.20797,55.00909,53.66563,51.26402,55.71355,49.98,47.53946,52.49762,50.44799,50.96077,48.83646,49.0306,47.07441,48.37355,49.47727,51.35173,50.03998,51.47815,49.0102,51.97115,50.03998,56.22277,52.61179,49.47727,53.60037,48.83646,51.97115,55.7853,53.85165,52.20153,50.59644,50.0,45.88028,48.10405,47.53946,42.95346,47.16991,45.22168,47.01064,46.8615,46.40043,40.36087,39.69887,40.60788,43.27817,35.60899,36.23534,36.79674,35.22783,32.75668,38.60052,41.23106,42.0119,45.79301,46.87217,50.80354,49.73932,57.3062,53.7122,51.62364,60.53924,51.10773,54.20332,54.3783,60.20797,56.85948,54.91812,62.17717,57.24509,58.18075,53.22593,55.03635,51.89412,55.54278,51.92302,49.64877,51.24451,52.39275,46.84015,50.35871,53.60037,49.0102,44.10215,45.70558,49.81967,45.89118,47.92703,47.16991,50.9902,48.8467,51.47815,51.62364,56.85948,55.80323,58.13777,59.46427,64.38167,63.70243,65.11528,66.4003,66.6033,61.55485
11.0,11.04536,11.04536,11.04536,11.04536,10.04988,10.04988,10.04988,9.21954,10.19804,9.21954,9.21954,8.24621,9.48683,8.544,8.544,7.61577,8.544,8.06226,8.06226,8.06226,8.06226,8.06226,8.06226,8.60233,8.60233,8.60233,9.21954,8.60233,9.43398,8.60233,8.60233,8.60233,8.94427,8.06226,8.544,8.94427,7.61577,8.544,7.28011,8.24621,7.28011,7.28011,7.07107,7.07107,7.0,7.0,7.0,7.0,7.07107,7.07107,6.32456,70.85901,67.60178,70.40597,65.30697,67.89698,70.21396,64.19502,63.63961,59.00847,58.07753,61.07373,54.03702,55.00909,53.23533,53.00943,53.33854,52.46904,54.45181,49.72927,45.12206,50.0,47.80167,52.55473,49.0408,52.63079,50.69517,46.48656,50.32892,52.3259,48.8467,55.00909,55.03635,52.7731,53.53504,47.01064,52.0,53.23533,54.23099,52.39275,54.23099,49.33559,52.81098,50.32892,53.85165,50.21952,46.52956,48.05206,50.01,44.18144,46.01087,44.01136,41.01219,44.01136,41.19466,43.28972,37.65634,39.21734,35.44009,32.89377,37.64306,35.1141,36.40055,35.90265,42.05948,41.48494,47.12749,44.91102,47.07441,47.07441,53.60037,56.56854,54.91812,53.36666,56.88585,58.0517,59.68249,57.27128,60.01666,60.20797,52.61179,58.07753,59.68249,58.13777,54.14795,58.13777,54.00926,54.08327,53.08484,52.46904,52.61179,54.12947,50.69517,48.38388,51.62364,48.30114,50.60632,50.80354,49.40648,46.8615,53.75872,50.93133,52.49762,44.41846,50.60632,56.93856,56.82429,61.32699,65.19202,60.83584,64.62198,60.72891,66.21933,68.15424,70.60453
12.80625,12.04159,12.04159,12.04159,11.40175,11.40175,11.40175,10.81665,10.81665,10.81665,10.29563,10.29563,10.29563,9.84886,9.84886,9.84886,9.84886,9.84886,9.48683,9.48683,9.48683,9.21954,9.48683,9.21954,9.21954,9.21954,9.21954,9.48683,9.48683,9.48683,10.44031,10.44031,10.44031,9.48683,9.48683,9.48683,9.84886,9.84886,9.43398,9.43398,9.43398,8.60233,8.60233,8.60233,7.81025,7.81025,8.48528,7.81025,7.81025,7.81025,7.2111,7.2111,70.80254,68.41053,70.29225,71.70077,65.06919,65.79514,66.52819,68.62215,60.1415,62.62587,60.1415,58.13777,56.22277,59.64059,53.60037,51.97115,56.0803,53.23533,57.70615,47.85394,51.07837,50.56679,54.78138,49.65884,49.39636,56.921,49.98,52.88667,52.20153,52.61179,49.81967,54.74486,53.45091,47.53946,50.44799,55.36244,52.81098,54.57105,52.49762,51.86521,51.47815,49.39636,57.58472,53.23533,54.91812,48.76474,48.37355,53.33854,45.80393,43.93177,48.9183,45.34314,45.96738,43.27817,40.0,39.69887,42.05948,32.44996,28.17801,32.55764,37.80212,38.60052,41.10961,37.64306,41.10961,45.60702,46.66905,46.66905,44.55334,53.2635,53.8145,55.15433,54.48853,56.58622,55.86591,61.55485,60.10824,56.56854,57.98276,54.45181,57.28001,58.79626,54.67175,54.81788,57.00877,56.61272,58.24946,47.70744,53.66563,48.75449,50.32892,51.86521,48.70318,44.14748,43.56604,45.12206,54.23099,53.00943,51.47815,48.16638,53.15073,50.44799,51.78803,55.08176,54.626,65.39113,55.47071,58.59181,55.47071,70.72482,60.46487,66.88797,70.17834,68.88396
10.81665,10.81665,10.29563,10.81665,10.81665,10.29563,10.29563,9.84886,8.94427,9.84886,9.84886,8.544,9.48683,8.544,8.24621,8.24621,8.06226,8.24621,8.06226,8.06226,8.06226,8.06226,8.06226,8.0,9.0,9.0,9.0,9.05539,9.05539,8.0,8.06226,9.05539,9.05539,9.05539,8.06226,8.24621,8.24621,8.544,8.544,8.544,7.61577,7.61577,7.61577,6.7082,6.7082,7.2111,6.40312,6.40312,5.65685,5.65685,6.40312,5.83095,65.11528,67.35726,71.58911,65.79514,65.8559,63.65532,65.06919,60.10824,59.4138,60.20797,50.91169,56.0803,55.44367,55.17246,49.40648,57.14018,54.20332,54.12024,53.23533,50.11986,52.92447,49.24429,49.24429,47.16991,46.23851,50.15974,46.84015,50.59644,52.55473,52.17279,48.50773,51.5461,49.0408,56.921,49.64877,52.55473,51.26402,49.76947,51.0,51.47815,52.35456,50.08992,50.24938,49.39636,50.47772,45.79301,49.20366,46.04346,44.04543,45.96738,40.45986,37.48333,40.45986,39.40812,36.89173,33.28663,36.24914,26.90725,30.4795,34.82815,36.23534,34.82815,35.0,38.83298,37.80212,40.80441,39.66106,42.2019,50.21952,51.40039,53.0,51.22499,49.64877,56.0803,52.20153,58.82176,59.40539,57.00877,60.0,56.40035,54.6443,56.40035,54.91812,56.30275,52.15362,55.56978,55.9464,53.7122,52.0,49.76947,52.49762,52.81098,45.60702,46.27094,45.01111,49.0,46.09772,50.15974,50.80354,52.17279,49.24429,49.72927,57.77543,53.85165,59.5063,58.5235,56.85948,61.58734,57.42822,63.63175,62.42596,66.06815,71.84706,66.61081
11.6619,11.6619,11.18034,11.18034,11.18034,11.18034,9.84886,9.84886,9.84886,9.48683,9.48683,9.48683,9.48683,9.21954,9.21954,9.21954,9.21954,8.06226,8.06226,9.05539,8.06226,8.06226,8.06226,9.0,9.0,9.05539,9.05539,9.05539,9.0,9.05539,9.05539,9.05539,9.05539,8.24621,9.21954,8.24621,9.21954,8.544,8.24621,8.544,7.61577,8.94427,7.61577,8.06226,7.2111,7.81025,7.81025,6.40312,7.07107,7.07107,6.40312,6.40312,74.33034,62.42596,72.8011,70.49113,67.6757,66.85058,66.61081,66.0303,57.00877,60.0,58.13777,57.38467,59.39697,50.93133,53.90733,54.48853,51.73973,57.48913,53.2635,49.81967,52.43091,50.47772,51.0,54.20332,44.41846,51.47815,48.54894,46.09772,49.73932,52.83938,51.97115,57.98276,45.17743,55.4617,51.88449,51.88449,51.0,50.24938,54.12947,55.9017,51.31277,47.50789,47.01064,49.0408,49.49747,46.01087,44.68781,48.79549,46.61545,42.2019,45.48626,43.01163,41.18252,36.67424,40.16217,41.48494,35.73514,26.90725,32.55764,28.3196,32.64966,33.24154,36.12478,38.8973,39.69887,45.80393,45.0,45.45327,48.83646,50.0,48.9183,53.60037,52.40229,52.34501,55.15433,55.44367,61.22091,54.81788,56.40035,51.73973,52.80152,54.20332,59.40539,57.62812,57.45433,46.40043,55.22681,51.61395,52.69725,52.3259,50.56679,48.08326,50.92151,46.32494,53.85165,48.50773,51.47815,54.08327,50.0,53.03772,48.16638,49.24429,53.60037,54.34151,62.29767,56.79789,60.82763,62.26556,66.0303,68.68042,57.24509,64.84597,74.62573,70.72482
13.0384,12.52996,11.6619,11.6619,10.81665,10.81665,11.40175,10.81665,11.40175,10.63015,10.63015,10.63015,9.89949,9.89949,9.89949,10.63015,9.21954,9.21954,8.60233,8.60233,8.60233,9.43398,8.60233,9.43398,9.43398,9.43398,9.43398,9.43398,9.43398,9.43398,9.21954,9.43398,10.0,9.21954,10.0,9.21954,9.89949,8.48528,9.21954,8.48528,8.60233,8.60233,8.06226,8.06226,8.06226,7.61577,7.61577,7.61577,7.28011,7.28011,7.07107,7.07107,65.62012,61.61169,63.60031,66.09841,64.53681,59.43904,60.41523,62.36185,60.08328,62.64184,56.30275,56.32051,56.04463,53.48832,54.78138,53.66563,49.24429,49.64877,48.76474,48.54894,49.92995,45.80393,44.82187,49.92995,45.80393,46.61545,48.01042,48.27007,43.18565,47.38143,48.10405,50.21952,45.45327,49.67897,49.40648,47.80167,49.81967,45.80393,47.50789,48.54894,45.27693,49.64877,47.88528,43.909,44.72136,44.64303,48.08326,46.17359,44.38468,43.28972,40.0,40.1995,41.0,37.33631,35.35534,36.34556,36.22154,31.38471,32.75668,26.90725,44.04543,35.69314,20.24846,31.01612,53.60037,64.38167,35.51056,43.01163,31.14482,83.63014,60.60528,63.41136,50.0,43.909,30.80584,55.03635,44.59821,31.90611,47.01064,43.26662,39.81206,58.5235,60.74537,56.85068,56.0803,34.20526,50.24938,45.27693,40.24922,59.94164,32.64966,41.6173,53.2635,48.76474,46.09772,48.10405,47.16991,45.22168,49.24429,50.01,46.87217,53.60037,47.16991,52.23983,56.0,56.0803,56.32051,56.56854,58.85576,62.39391,60.67125,63.15061,63.56099,60.16644
13.0384,13.0384,13.0384,13.0384,12.0,12.0,12.0,11.0,11.0,11.04536,11.04536,11.04536,11.18034,11.18034,10.19804,10.19804,10.19804,10.44031,10.44031,10.44031,9.48683,9.48683,9.48683,9.84886,10.77033,9.84886,10.77033,9.84886,10.77033,10.77033,10.44031,10.77033,10.44031,10.44031,10.19804,10.19804,10.19804,10.19804,10.19804,10.04988,9.05539,9.0,9.0,8.0,8.06226,8.06226,8.06226,7.07107,7.28011,6.32456,7.28011,6.32456,72.00694,69.72087,71.06335,63.78871,63.03174,65.19202,61.20457,63.03174,61.07373,59.00847,58.0,58.00862,60.29925,52.08647,56.56854,48.83646,56.29387,52.63079,52.88667,51.92302,52.20153,46.8188,49.76947,52.0,48.10405,49.76947,50.53712,55.00909,50.56679,51.89412,47.85394,51.47815,51.0,52.83938,54.42426,52.80152,52.3259,53.33854,54.12947,53.14132,48.08326,49.72927,48.38388,45.35416,46.09772,48.50773,48.37355,46.69047,46.04346,44.0,42.0119,39.01282,43.0,40.31129,38.07887,34.78505,38.27532,27.0,28.07134,32.14032,31.06445,30.41381,35.22783,32.24903,37.12142,40.4475,38.63936,43.41659,48.25971,49.64877,49.81967,47.38143,51.24451,54.74486,49.25444,55.44367,57.70615,54.58938,57.70615,57.31492,57.55867,54.12947,57.87055,56.7186,53.75872,50.59644,52.49762,49.72927,51.24451,49.33559,51.0,53.66563,46.06517,49.67897,46.40043,49.0408,47.42362,52.40229,45.34314,49.40648,50.24938,51.10773,44.94441,48.75449,56.36488,62.03225,56.36488,56.64804,56.0803,70.45566,57.87055,67.26812,63.15061,68.35934
13.0384,12.20656,13.0384,12.20656,11.6619,12.52996,11.6619,11.6619,11.18034,11.18034,11.18034,10.77033,10.77033,10.77033,10.77033,10.44031,10.44031,10.19804,9.21954,10.19804,9.48683,10.19804,10.19804,10.04988,10.19804,10.19804,10.04988,10.19804,10.19804,10.19804,10.19804,10.19804,10.19804,10.44031,9.48683,9.48683,9.48683,9.48683,9.84886,8.94427,8.94427,8.94427,9.43398,8.06226,8.60233,7.81025,7.81025,7.81025,7.81025,7.07107,7.81025,6.40312,74.65253,67.89698,65.29931,67.80118,64.2028,65.19202,66.06815,60.21628,64.66065,58.30952,58.30952,59.48109,56.82429,56.36488,55.9017,51.86521,58.82176,52.81098,54.42426,53.45091,48.38388,50.9902,49.72927,52.63079,48.50773,51.66237,49.64877,48.37355,52.46904,53.33854,48.01042,51.0392,50.15974,52.46904,52.15362,50.9902,52.17279,54.12947,56.75385,48.27007,51.92302,49.0408,46.23851,45.54119,50.69517,48.75449,46.64762,48.8774,42.43819,41.18252,44.82187,39.82462,38.94868,40.36087,38.20995,36.23534,33.61547,31.76476,28.23119,29.52965,34.17601,32.20248,34.53983,32.20248,34.17601,37.16181,40.16217,44.94441,43.46263,46.48656,49.33559,49.39636,49.98,50.59644,52.92447,54.42426,51.07837,53.14132,58.60034,54.12024,54.78138,56.0803,53.14132,54.70832,53.45091,50.59644,56.921,49.0306,50.21952,49.36598,52.23983,51.24451,47.01064,49.0408,48.25971,49.25444,50.21952,48.76474,50.69517,50.69517,53.23533,48.30114,59.36329,52.47857,56.0357,57.2014,60.80296,59.81639,64.38167,62.28965,60.82763,63.78087,70.29225,70.17834
13.0,12.08305,11.7047,11.7047,11.7047,11.7047,11.7047,11.40175,10.44031,10.19804,11.18034,10.19804,10.04988,10.04988,10.04988,10.04988,10.0,9.0,10.0,10.0,9.0,9.0,9.0,10.19804,9.05539,10.04988,10.04988,10.04988,9.05539,10.04988,10.04988,10.04988,10.0,9.0,10.0,10.0,10.04988,9.0,9.05539,9.05539,9.05539,8.24621,8.24621,8.24621,8.544,7.61577,7.61577,6.7082,6.7082,6.7082,6.7082,6.40312,70.0,74.65253,74.02702,71.21798,65.43699,67.00746,63.41136,67.20119,64.66065,61.61169,59.68249,58.66856,58.30952,57.70615,52.3259,57.69749,57.58472,54.78138,58.5235,56.0803,56.04463,50.44799,54.58938,51.97115,50.01,47.67599,51.66237,48.50773,53.08484,52.34501,53.23533,55.57877,51.47815,53.46027,51.92302,54.74486,51.66237,51.78803,55.31727,50.96077,50.32892,51.86521,49.76947,50.69517,51.86521,49.92995,46.52956,46.52956,46.09772,44.20407,46.8615,41.10961,38.20995,35.60899,40.31129,35.22783,36.40055,27.73085,32.69557,28.79236,34.48188,31.38471,34.78505,36.05551,36.13862,41.4367,43.01163,46.84015,43.32436,49.24429,49.47727,49.64877,52.55473,54.40588,56.30275,60.40695,56.921,56.30275,59.48109,57.00877,53.75872,55.02727,59.90826,50.0,58.24088,51.92302,53.15073,53.36666,52.46904,50.80354,55.22681,49.0408,53.0,47.09565,49.0408,48.05206,48.27007,53.14132,49.76947,48.10405,48.8774,52.3259,51.42956,51.47815,54.40588,60.60528,60.44005,62.36986,62.36986,63.70243,63.03174,67.94115,69.35416,68.24954
13.0384,12.04159,12.04159,12.04159,13.0384,11.04536,11.18034,11.18034,11.18034,10.19804,10.19804,10.19804,10.19804,10.44031,9.48683,10.77033,9.84886,9.48683,8.94427,9.84886,8.94427,8.94427,8.94427,8.94427,8.94427,9.43398,8.94427,8.94427,8.94427,9.84886,8.94427,8.94427,8.94427,9.84886,9.84886,9.84886,9.48683,9.21954,8.24621,9.21954,9.05539,8.06226,8.06226,8.0,8.0,7.0,8.06226,7.07107,7.07107,7.28011,7.28011,6.7082,69.63476,70.40597,67.91171,73.37575,69.92138,64.28841,64.19502,67.35726,65.73431,65.78754,64.62198,64.88451,60.41523,57.93962,59.48109,55.9464,56.36488,52.83938,49.64877,53.25411,57.62812,53.41348,48.10405,54.45181,49.0408,48.83646,55.9017,51.62364,48.79549,52.34501,50.20956,51.62364,52.34501,51.73973,52.49762,51.08816,51.62364,51.62364,53.41348,54.03702,54.03702,55.21775,51.62364,47.85394,42.94182,48.76474,44.77723,44.38468,45.22168,45.88028,46.17359,42.72002,42.2019,39.20459,37.01351,35.01428,35.0571,26.41969,32.75668,29.68164,32.55764,36.12478,36.71512,35.0,41.86884,43.27817,41.88078,48.8774,46.61545,49.39636,48.54894,45.0,53.25411,52.00961,55.47071,57.3062,54.40588,59.90826,54.91812,53.7122,58.66856,57.70615,58.82176,53.0,56.22277,53.82379,53.07542,55.97321,54.45181,56.0803,52.34501,55.31727,53.41348,55.75841,54.70832,50.24938,50.53712,49.64877,54.57105,52.39275,57.27128,57.42822,57.21888,55.03635,62.1289,59.03389,64.03124,63.03174,64.53681,65.9242,67.89698,64.7611,71.80529,70.34202
12.52996,13.0384,12.52996,12.52996,12.52996,12.52996,11.6619,12.20656,10.81665,10.81665,11.40175,10.63015,10.63015,9.89949,10.63015,9.21954,9.89949,9.89949,9.89949,9.89949,10.0,10.0,9.21954,10.0,10.0,10.0,10.0,10.0,10.0,9.21954,10.0,10.0,9.89949,9.89949,9.21954,9.21954,9.21954,9.21954,9.21954,9.43398,8.06226,8.60233,8.06226,8.06226,7.61577,7.61577,7.61577,7.28011,7.28011,7.07107,7.07107,6.0,77.27872,70.45566,70.40597,69.42622,71.58911,65.51336,66.94027,69.63476,68.15424,63.89053,64.28841,61.68468,58.5235,61.84658,58.18935,54.626,59.61543,57.70615,54.12947,53.23533,55.07268,49.73932,52.80152,54.08327,52.69725,53.53504,46.2277,49.81967,51.61395,53.07542,54.56189,50.44799,54.56189,55.31727,53.41348,53.82379,54.6443,51.22499,55.56978,49.09175,52.15362,44.77723,51.47815,48.33218,48.75449,44.59821,46.17359,45.22168,42.44997,43.73786,42.75512,39.20459,39.05125,37.0,38.01316,36.49658,36.13862,26.24881,28.23119,32.24903,29.15476,26.92582,29.15476,32.64966,37.21559,37.73592,38.01316,42.19005,42.04759,45.0,49.24429,50.21952,53.66563,47.88528,55.56978,53.53504,54.58938,57.3062,60.41523,56.4358,57.14018,56.30275,51.0392,55.75841,55.75841,55.0,56.85068,51.40039,54.48853,56.56854,52.3259,50.93133,45.34314,49.20366,50.21952,51.62364,53.33854,51.89412,52.88667,50.0,53.45091,53.15073,50.03998,56.14268,57.00877,57.03508,59.07622,62.03225,64.03124,60.20797,66.1211,68.11755,67.26812,69.05071
12.04159,12.04159,11.40175,12.04159,11.40175,11.40175,11.40175,11.40175,10.81665,10.81665,10.81665,10.29563,10.29563,9.84886,9.84886,9.84886,9.84886,9.84886,9.48683,8.544,8.544,9.48683,8.544,8.24621,9.21954,9.21954,9.21954,9.21954,9.21954,9.21954,9.21954,9.21954,8.544,8.544,8.544,9.84886,8.94427,8.06226,8.06226,8.60233,7.81025,7.81025,7.81025,7.07107,7.07107,7.81025,7.2111,6.40312,5.83095,6.7082,6.7082,6.32456,70.93659,71.42129,76.05919,67.94115,69.6563,69.6563,66.61081,70.60453,67.20119,65.45991,61.61169,62.6099,65.60488,57.80138,56.79789,57.58472,59.09315,53.16014,56.46238,52.49762,59.23681,49.0408,52.39275,49.24429,46.32494,52.39275,49.0306,49.25444,49.0306,50.80354,55.3263,58.21512,48.37355,52.46904,50.80354,55.44367,47.51842,52.7731,55.7853,52.63079,49.0408,48.38388,47.43416,51.86521,50.56679,44.72136,46.52956,42.05948,41.40048,41.6173,41.03657,38.8973,38.20995,36.06938,36.12478,37.80212,41.34005,28.63564,31.7805,25.63201,29.15476,32.69557,31.32092,35.4683,38.8973,39.56008,35.1141,44.92215,48.08326,51.86521,50.44799,57.56735,49.39636,57.28001,57.24509,60.16644,58.87274,57.38467,62.62587,56.0803,57.87055,58.69412,59.13544,59.77458,63.60031,57.48913,58.94065,52.17279,57.87055,52.34501,49.25444,51.08816,58.0,51.0098,53.00943,51.78803,53.75872,56.51548,51.24451,52.20153,53.23533,58.60034,56.40035,59.36329,62.76942,69.02898,56.22277,57.80138,69.02898,72.18033,59.66574,69.52697,77.83315,70.93659
12.64911,11.7047,12.64911,11.7047,11.7047,10.77033,11.18034,11.18034,11.18034,11.18034,10.29563,10.29563,9.43398,9.43398,10.0,10.0,9.21954,9.21954,9.21954,9.21954,9.21954,9.21954,9.89949,9.21954,9.21954,9.89949,9.89949,9.89949,9.21954,9.89949,8.48528,9.21954,9.21954,9.21954,9.21954,9.21954,8.06226,8.94427,8.06226,8.06226,7.61577,7.61577,7.28011,7.28011,7.28011,6.08276,7.07107,6.08276,6.0,5.0,5.09902,5.09902,69.2315,68.593,72.8011,68.88396,69.87131,66.4906,64.28841,63.06346,63.15061,63.78871,57.00877,62.0967,63.90618,55.15433,58.5235,57.58472,56.30275,53.22593,55.07268,50.53712,53.53504,51.0,50.24938,49.39636,47.16991,52.15362,51.62364,47.80167,48.60041,51.08816,53.25411,50.44799,47.20169,46.04346,52.49762,48.8774,48.8774,51.10773,46.51881,51.47815,51.07837,47.92703,47.53946,42.72002,43.93177,43.17407,43.73786,42.29657,41.4367,36.05551,39.0,38.11824,35.0,33.37664,34.71311,36.05551,34.48188,26.92582,25.23886,26.62705,26.92582,28.01785,33.01515,34.20526,34.20526,38.60052,42.80187,43.27817,45.80393,46.09772,45.22168,49.20366,48.10405,54.03702,52.43091,51.86521,54.6443,55.80323,57.80138,55.21775,51.40039,57.68882,57.00877,53.00943,55.80323,49.67897,56.0803,50.9902,50.24938,52.3259,52.34501,53.03772,50.9902,47.70744,53.23533,48.76474,47.92703,51.62364,50.92151,52.20153,49.39636,55.36244,52.08647,57.55867,56.14268,57.31492,58.03447,60.20797,62.07254,62.0,62.1289,69.72087,71.70077,71.19691
13.60147,13.34166,13.34166,12.36932,12.36932,12.36932,12.16553,12.16553,12.16553,11.18034,11.18034,11.04536,10.04988,11.04536,10.0,11.0,10.0,10.0,10.0,10.04988,10.0,10.04988,10.04988,10.04988,10.04988,10.19804,10.04988,10.04988,9.05539,10.04988,9.05539,9.05539,10.04988,10.0,10.0,10.0,9.05539,9.05539,9.21954,9.21954,8.24621,8.24621,8.24621,7.61577,7.61577,7.61577,6.7082,7.2111,7.2111,6.40312,6.40312,6.40312,74.84651,73.40981,72.73239,72.23573,72.56721,73.76313,67.44627,73.24616,61.61169,65.96969,66.94027,63.78871,63.78871,59.5399,61.40033,58.42089,57.00877,55.3263,52.03845,58.00862,57.14018,55.3263,54.45181,53.60037,52.46904,53.36666,54.12947,50.69517,53.46027,54.91812,54.12947,51.1957,48.83646,57.27128,51.66237,49.49747,50.9902,53.15073,51.47815,50.80354,52.34501,51.0,50.0,46.27094,46.38965,46.38965,47.26521,42.75512,47.29693,43.41659,44.64303,40.49691,37.12142,40.24922,34.1321,35.60899,36.40055,23.76973,27.29469,29.42788,27.01851,27.01851,32.01562,37.21559,37.05401,37.05401,37.01351,43.10452,44.10215,47.09565,48.09366,48.01042,50.08992,50.03998,54.0,57.07889,58.0,54.03702,58.03447,56.0803,56.00893,55.08176,62.20129,53.03772,60.03332,55.22681,55.03635,52.17279,55.57877,54.81788,48.50773,54.70832,48.8467,53.22593,57.27128,51.07837,51.0,53.53504,50.91169,53.90733,53.8145,57.00877,56.63921,54.08327,59.16925,56.82429,60.53924,58.30952,57.24509,69.64194,70.38466,66.70832,69.46222,75.39231
12.52996,12.52996,12.08305,12.08305,12.08305,12.08305,11.7047,10.77033,10.77033,10.44031,10.77033,10.44031,10.44031,10.19804,10.19804,10.19804,10.04988,10.19804,10.04988,10.04988,10.0,10.0,10.04988,10.0,10.0,10.0,10.0,10.0,10.0,10.04988,9.0,10.0,10.0,9.05539,10.19804,9.05539,9.21954,9.21954,8.24621,8.24621,8.544,8.544,7.61577,6.7082,7.2111,6.7082,7.2111,6.40312,6.40312,5.65685,5.65685,5.83095,75.43209,73.40981,75.0733,70.43437,71.06335,70.17834,69.64194,72.62231,64.3506,64.2028,63.60031,61.40033,62.00806,59.64059,57.45433,55.07268,56.79789,60.92618,55.4617,53.48832,59.46427,52.0,55.65968,55.65968,46.09772,50.44799,48.38388,51.97115,49.64877,54.74486,53.75872,55.08176,50.9902,51.35173,52.39275,53.60037,50.69517,49.72927,51.92302,54.08327,48.70318,52.80152,51.07837,46.23851,46.64762,47.43416,44.65423,44.40721,42.63801,38.8973,38.94868,41.10961,32.64966,34.82815,32.75668,34.0,32.24903,25.94224,27.73085,23.32381,29.96665,27.313,32.31099,28.4605,33.24154,36.68787,35.1141,38.32754,47.53946,40.26164,46.48656,46.17359,43.65776,55.36244,52.81098,52.49762,55.02727,51.66237,54.626,56.46238,56.32051,51.24451,51.5461,56.32051,55.02727,50.96077,51.41984,47.53946,51.62364,51.47815,50.15974,49.25444,53.08484,49.0408,47.16991,46.69047,45.12206,49.0408,52.39275,52.39275,55.03635,48.30114,56.93856,55.22681,56.85948,55.0,57.48913,61.52235,58.72819,68.11755,63.70243,67.89698,72.24957,68.593
12.20656,12.20656,12.20656,12.20656,11.40175,11.40175,10.63015,10.63015,10.63015,10.63015,9.89949,10.63015,9.21954,10.0,9.21954,10.0,9.43398,8.60233,9.43398,9.43398,8.94427,8.94427,8.94427,8.544,8.94427,8.94427,8.94427,8.94427,8.94427,8.94427,8.94427,9.43398,8.60233,9.43398,8.60233,8.60233,7.81025,7.81025,8.48528,8.48528,7.81025,7.2111,7.2111,7.2111,6.7082,6.32456,6.32456,6.32456,6.32456,5.09902,5.09902,5.0,72.94518,75.17978,73.82412,68.09552,66.03787,65.8635,69.11584,65.73431,63.51378,64.07027,61.85467,61.07373,62.482,58.60034,58.00862,58.79626,58.0517,54.45181,53.03772,52.49762,48.16638,50.80354,52.69725,55.21775,48.60041,55.75841,51.62364,51.62364,49.73932,50.53712,51.31277,47.50789,52.15362,54.91812,51.10773,51.40039,53.33854,51.31277,56.85948,50.47772,46.2277,53.03772,48.83646,48.16638,45.34314,45.45327,43.41659,44.40721,38.27532,43.82921,40.71855,37.0,38.27532,37.64306,34.9285,35.12834,31.01612,25.4951,24.20744,26.90725,29.69848,30.41381,31.1127,31.1127,34.65545,34.20526,40.31129,42.52058,44.68781,44.40721,49.49747,50.9902,48.10405,46.8615,53.75872,53.2635,57.38467,53.07542,55.86591,55.17246,58.0,53.75872,56.40035,54.48853,50.44799,57.00877,54.3783,48.25971,54.91812,54.70832,52.35456,50.9902,49.76947,47.53946,49.64877,51.66237,51.92302,51.41984,50.03998,54.00926,56.00893,49.25444,53.60037,54.58938,53.75872,59.20304,63.06346,64.28841,61.68468,62.16912,67.41662,72.73239,68.942,65.30697
13.60147,12.20656,12.52996,12.20656,11.6619,12.20656,11.6619,10.29563,11.18034,11.18034,11.18034,9.84886,9.84886,9.48683,9.48683,10.44031,9.48683,9.21954,9.21954,9.21954,9.21954,9.21954,9.21954,9.05539,9.05539,9.05539,9.05539,9.05539,9.05539,9.05539,8.24621,9.05539,9.21954,9.21954,9.48683,9.21954,8.544,8.544,7.61577,8.544,8.06226,8.06226,7.2111,7.81025,7.81025,7.07107,7.07107,6.40312,6.40312,6.40312,5.83095,5.83095,74.24958,73.10951,67.35726,70.76722,66.06815,72.24957,66.8431,68.41053,64.03124,61.40033,60.60528,59.81639,64.63745,59.16925,56.4358,59.94164,60.37384,54.78138,55.54278,54.23099,55.15433,55.71355,51.92302,51.5461,49.72927,54.08327,51.41984,52.7731,49.72927,53.36666,52.7731,55.57877,48.83646,50.80354,47.67599,48.50773,48.27007,49.33559,49.0306,50.32892,52.80152,50.56679,49.39636,47.01064,49.24429,47.70744,48.25971,42.04759,41.86884,40.0,41.03657,37.64306,37.48333,34.20526,34.20526,37.73592,36.23534,27.80288,24.41311,26.83282,25.55386,29.06888,30.52868,32.64966,34.88553,35.34119,33.61547,40.31129,44.28318,43.9659,45.18849,46.61545,46.61545,51.47815,50.9902,52.80152,52.3259,53.66563,51.89412,55.9464,55.54278,50.15974,55.71355,53.48832,51.26402,48.08326,51.41984,50.0,50.9902,51.41984,49.64877,48.25971,48.50773,48.09366,47.01064,50.15974,50.24938,46.87217,47.80167,50.0,50.69517,51.07837,48.82622,54.56189,58.59181,57.2014,58.60034,59.81639,62.36986,65.8559,61.6198,72.18033,70.00714,75.74299
13.0384,13.0,13.0,13.0,12.0,11.0,11.0,11.0,11.04536,10.04988,11.04536,10.04988,10.19804,10.19804,9.21954,9.21954,9.21954,9.48683,9.48683,9.48683,9.48683,8.94427,8.544,8.94427,8.94427,8.94427,8.94427,8.94427,8.94427,9.84886,8.94427,8.94427,8.94427,9.48683,9.48683,9.21954,8.24621,8.24621,8.24621,8.06226,8.06226,8.0,8.0,7.0,7.07107,7.07107,7.07107,7.28011,6.32456,6.32456,5.83095,5.83095,77.00649,76.00658,68.06614,69.02898,71.02816,64.00781,72.02777,70.0,69.06519,62.03225,64.28063,55.3263,64.49806,60.67125,55.44367,55.10898,59.5399,58.94065,55.36244,52.20153,55.54278,54.08327,52.39275,50.15974,54.12947,53.31041,54.12947,53.7122,47.92703,54.12947,49.98,53.22593,52.7731,49.39636,54.20332,49.64877,52.3259,52.3259,56.79789,49.98,51.26402,50.48762,50.28916,50.96077,47.67599,45.39824,42.42641,46.04346,47.0,41.04875,38.0526,40.79216,38.63936,39.84972,34.78505,35.1141,30.8707,26.68333,26.24881,28.4605,27.85678,29.41088,32.89377,35.1141,32.89377,37.36308,37.0,39.21734,42.15448,43.68066,50.0,49.98,48.27007,51.24451,52.20153,49.24429,52.55473,51.24451,56.0803,54.57105,50.92151,53.75872,52.49762,52.49762,55.65968,55.03635,55.4617,48.30114,55.07268,51.10773,45.27693,51.22499,51.22499,46.75468,43.27817,49.49747,45.80393,50.0,46.87217,51.62364,51.47815,46.17359,51.86521,52.49762,52.63079,61.81424,61.0,60.82763,61.61169,61.98387,67.60178,67.18631,70.17834,73.00685
12.52996,12.52996,12.52996,12.52996,11.6619,11.18034,11.18034,11.7047,10.77033,10.77033,10.77033,10.44031,10.44031,9.48683,9.21954,10.19804,9.05539,9.05539,9.05539,9.05539,9.0,9.05539,9.0,9.0,9.0,9.0,10.0,9.0,9.0,9.0,9.05539,9.05539,9.0,9.05539,9.05539,9.05539,8.24621,8.24621,8.24621,8.544,8.24621,7.61577,7.61577,7.61577,6.7082,6.7082,7.2111,6.40312,6.40312,5.65685,5.0,5.0,70.72482,73.59348,72.83543,70.72482,72.34639,67.26812,66.6033,64.53681,68.11755,63.89053,63.25346,60.60528,61.61169,55.80323,59.68249,58.30952,57.45433,57.80138,54.70832,51.89412,55.03635,57.93962,49.39636,51.86521,52.55473,54.40588,55.10898,51.66237,50.69517,50.01,53.60037,53.60037,56.04463,53.45091,51.1957,49.98,50.0,53.14132,52.49762,52.81098,54.12947,49.76947,48.75449,48.37355,49.20366,52.35456,43.82921,48.60041,40.60788,42.63801,41.72529,38.20995,41.40048,35.22783,34.0,37.44329,34.9285,27.73085,26.40076,31.40064,32.24903,28.17801,29.73214,30.41381,34.48188,34.9285,41.18252,41.18252,48.30114,46.52956,47.50789,49.64877,49.73932,49.65884,52.7731,52.35456,50.11986,53.0,58.18075,54.58938,54.20332,53.33854,52.83938,50.08992,55.4617,54.78138,53.85165,50.59644,55.36244,48.08326,46.09772,47.53946,43.28972,49.0102,47.0,50.0,48.0,49.25444,51.92302,48.50773,56.64804,50.15974,57.3062,54.58938,53.85165,59.90826,59.68249,59.48109,63.89053,63.25346,66.70832,72.8011,70.29225,67.20863
13.41641,13.41641,13.0,13.41641,13.0,12.08305,13.0,11.7047,11.7047,10.44031,11.7047,11.7047,11.40175,10.19804,10.19804,10.19804,10.04988,10.04988,10.0,10.04988,10.04988,10.0,10.0,10.0,10.0,11.0,10.0,10.0,10.0,10.0,10.0,10.0,10.0,10.0,10.04988,10.04988,10.19804,9.21954,9.21954,9.21954,9.48683,8.544,8.24621,7.61577,8.544,8.06226,7.2111,7.2111,7.2111,6.40312,7.07107,5.65685,67.42403,68.7968,73.57309,68.26419,73.23933,67.23095,74.24284,65.36819,63.63175,64.00781,62.6099,62.17717,62.64982,58.69412,58.13777,60.08328,56.0803,55.97321,50.96077,55.7853,52.95281,53.16014,55.44367,53.15073,51.24451,50.03998,52.61179,53.23533,52.00961,53.15073,50.24938,56.14268,55.22681,53.00943,53.60037,53.08484,53.08484,55.08176,52.34501,52.7731,55.08176,50.0,48.76474,46.57252,49.65884,47.85394,47.41308,44.72136,41.88078,44.41846,40.0,40.60788,36.87818,38.8973,39.62323,37.80212,37.20215,27.313,26.92582,25.96151,27.51363,30.08322,31.32092,30.08322,34.48188,36.68787,37.94733,40.80441,39.84972,43.9659,45.88028,44.38468,43.9659,50.0,49.98,51.41984,49.72927,51.86521,51.66237,55.36244,52.17279,51.92302,50.21952,52.81098,48.50773,49.64877,49.25444,47.38143,53.03772,57.72348,81.58431,46.0,43.10452,48.09366,47.51842,47.43416,45.88028,47.53946,46.51881,47.16991,47.43416,48.54894,53.74012,51.73973,50.91169,58.0517,55.97321,62.62587,62.28965,61.84658,66.21933,63.28507,69.06519,76.66159
12.16553,12.16553,12.16553,12.16553,11.18034,11.04536,11.04536,11.04536,10.0,10.0,10.0,10.0,10.04988,9.05539,9.05539,9.21954,9.21954,9.21954,9.21954,9.21954,8.24621,9.48683,9.48683,8.544,9.48683,9.48683,8.94427,9.48683,9.48683,9.48683,9.48683,8.544,9.48683,9.48683,9.21954,9.21954,8.24621,8.06226,8.06226,8.06226,8.06226,8.0,7.0,7.0,7.07107,7.07107,6.08276,6.08276,6.32456,5.38516,5.38516,5.0,69.857,68.70953,68.94926,66.12866,74.72617,66.48308,68.00735,63.60031,64.51356,63.56099,59.90826,61.40033,61.98387,54.58938,57.42822,55.14526,60.13319,53.00943,51.0392,55.00909,54.08327,55.14526,44.40721,52.03845,52.03845,47.38143,54.74486,49.0306,51.41984,52.63079,52.63079,50.69517,50.96077,51.66237,53.85165,50.9902,52.46904,48.50773,50.48762,53.60037,52.46904,49.49747,49.09175,50.01,47.09565,49.0,43.10452,48.37355,45.89118,41.7732,42.72002,43.01163,40.80441,38.62642,36.24914,34.88553,35.0,26.24881,25.29822,28.63564,28.28427,30.67572,33.52611,32.55764,40.4475,39.31921,35.90265,40.60788,41.4367,41.59327,49.0306,47.85394,47.85394,49.49747,51.78803,51.78803,49.47727,50.01,50.21952,56.56854,50.48762,54.74486,51.35173,50.35871,52.23983,52.46904,51.0098,48.04165,51.0098,48.16638,46.17359,46.52956,46.32494,44.94441,47.92703,47.53946,42.54409,48.37355,47.01064,51.61395,49.51767,47.42362,51.66237,50.44799,55.60576,55.80323,58.82176,54.08327,62.17717,65.8635,68.47627,65.74192,63.97656,68.942
12.64911,12.64911,12.64911,12.64911,11.40175,11.7047,11.7047,10.77033,10.77033,10.77033,9.84886,10.29563,10.29563,10.29563,10.29563,9.43398,10.0,8.60233,9.21954,9.21954,9.21954,9.21954,8.48528,9.21954,9.89949,9.21954,9.21954,9.89949,9.21954,9.21954,9.89949,9.21954,9.21954,9.21954,9.21954,8.60233,8.60233,8.60233,9.43398,8.06226,7.61577,7.61577,7.61577,7.28011,7.28011,7.28011,7.07107,7.07107,6.0,7.0,6.0,6.08276,76.23647,72.02777,73.17103,70.06426,67.06713,68.00735,69.18092,67.00746,65.12296,60.29925,61.29437,60.67125,58.42089,56.88585,53.75872,55.65968,58.5235,55.31727,53.48832,49.98,52.20153,55.36244,54.12947,50.9902,48.33218,51.88449,52.7731,52.83938,52.3259,54.58938,50.53712,50.53712,50.60632,49.92995,49.73932,54.58938,55.9464,52.7731,54.20332,48.30114,49.24429,47.53946,48.38388,45.88028,46.09772,46.69047,46.52956,48.6621,43.04649,42.10701,37.01351,39.05125,37.01351,39.62323,38.47077,37.0,32.89377,28.86174,24.73863,28.16026,28.4605,33.24154,32.89377,32.57299,36.05551,36.76955,38.62642,41.10961,41.76123,46.48656,47.12749,49.39636,48.08326,52.55473,51.92302,51.5461,54.40588,46.48656,57.24509,55.65968,57.87055,52.81098,49.39636,49.76947,52.20153,53.7122,50.9902,44.29447,52.69725,50.21952,47.70744,47.01064,44.59821,45.96738,44.59821,46.69047,48.9183,49.92995,45.27693,50.15974,50.9902,48.8467,48.10405,56.51548,52.61179,58.0517,61.52235,58.0517,65.00769,62.1289,65.76473,67.18631,69.0,66.27217
12.80625,12.80625,12.80625,12.80625,12.80625,12.20656,12.20656,12.20656,10.81665,10.81665,10.81665,11.6619,11.18034,9.84886,9.84886,10.77033,10.77033,9.84886,9.48683,9.48683,9.48683,10.19804,10.44031,10.19804,9.21954,10.19804,11.18034,10.19804,10.19804,10.19804,9.21954,10.44031,10.44031,9.48683,10.44031,9.84886,9.84886,8.94427,8.94427,8.94427,9.43398,9.43398,8.60233,7.81025,7.81025,7.81025,7.07107,7.07107,6.40312,6.40312,5.83095,5.83095,74.51845,71.40028,73.24616,74.51845,77.89737,68.88396,67.20863,70.83784,65.79514,67.20863,61.55485,60.81118,63.12686,54.45181,60.87693,56.61272,58.5235,56.30275,58.24946,55.22681,57.3062,55.75841,55.54278,56.35601,52.80152,54.626,57.93962,50.92151,55.08176,53.85165,55.36244,60.16644,50.92151,52.20153,55.36244,52.49762,53.22593,52.80152,53.7122,57.45433,53.22593,53.7122,54.12024,52.47857,50.47772,50.0,48.16638,49.40648,45.27693,43.41659,45.25483,42.2019,39.40812,36.05551,37.21559,37.58989,39.81206,28.84441,28.42534,26.62705,27.80288,27.01851,30.4795,33.83785,36.05551,41.6173,39.96248,43.82921,48.8774,44.10215,52.43091,45.80393,50.60632,51.40039,48.82622,52.43091,54.20332,51.0392,59.03389,55.60576,54.3783,50.0,54.08327,52.15362,52.69725,51.10773,47.85394,45.61798,49.76947,48.8467,48.70318,46.48656,43.41659,46.32494,47.26521,47.09565,46.17359,43.18565,46.87217,49.64877,45.60702,49.24429,52.20153,58.87274,56.35601,58.13777,58.30952,59.40539,63.82006,67.95587,67.1193,65.60488,70.21396,73.60027
14.03567,13.0384,13.15295,13.0384,13.15295,13.15295,12.16553,12.16553,12.16553,11.40175,11.40175,11.7047,11.40175,10.77033,10.77033,10.77033,10.77033,10.77033,10.29563,10.29563,10.29563,10.29563,10.29563,10.81665,10.81665,10.29563,10.81665,10.81665,10.81665,10.81665,10.29563,10.81665,10.29563,10.29563,11.18034,11.18034,10.77033,9.84886,9.48683,9.48683,9.48683,9.21954,9.21954,9.21954,8.06226,8.06226,8.06226,8.0,8.0,7.0,7.07107,7.07107,75.80237,77.36924,74.52516,70.45566,67.60178,72.44308,67.18631,70.06426,66.00758,64.49806,64.03124,60.00833,60.00833,64.07027,57.21888,59.03389,56.88585,56.32051,56.7186,57.55867,59.03389,51.1957,55.36244,54.70832,52.55473,53.45091,52.81098,57.77543,57.00877,54.23099,53.45091,60.74537,54.23099,60.41523,55.15433,55.71355,57.77543,57.00877,53.75872,57.00877,51.41984,50.44799,51.66237,51.1957,53.75872,49.0408,51.0392,44.01136,46.04346,44.55334,41.59327,45.39824,41.48494,43.41659,39.56008,38.62642,36.71512,25.07987,27.29469,29.0,29.61419,30.41381,32.98485,35.0571,33.73426,35.51056,36.87818,44.18144,46.17359,46.09772,47.85394,45.70558,49.09175,52.34501,49.25444,58.42089,48.16638,51.47815,55.22681,50.35871,55.57877,47.67599,51.15662,51.97115,53.15073,51.1957,52.63079,46.84015,49.98,48.8467,47.92703,47.01064,47.85394,42.80187,46.87217,47.63402,45.34314,46.69047,47.50789,51.61395,49.39636,49.92995,50.56679,49.98,58.87274,56.30275,60.08328,60.63827,64.19502,67.68309,60.87693,70.61161,73.5459,72.56721
11.6619,11.18034,11.6619,11.18034,11.6619,10.29563,10.81665,10.29563,10.0,9.43398,10.0,9.21954,9.21954,9.21954,9.21954,9.21954,8.48528,9.89949,8.60233,8.60233,8.60233,8.60233,8.60233,8.60233,8.60233,8.60233,8.60233,9.43398,8.60233,8.60233,8.60233,8.60233,8.60233,9.21954,9.21954,8.48528,8.48528,8.48528,7.81025,7.81025,7.81025,7.2111,8.06226,6.7082,6.7082,7.28011,6.32456,6.32456,6.08276,6.08276,6.0,6.0,73.60027,73.00685,75.47185,68.76772,68.88396,73.87828,65.29931,68.41053,61.84658,67.26812,62.36986,61.52235,65.06919,55.86591,54.56189,57.31492,59.03389,57.00877,57.42822,53.60037,58.00862,50.11986,55.00909,54.70832,53.22593,52.7731,46.14109,51.62364,51.0,52.92447,51.07837,56.79789,53.48832,50.15974,50.9902,56.36488,55.03635,55.03635,53.66563,51.47815,47.50789,50.21952,50.21952,50.60632,54.03702,45.27693,47.38143,43.18565,43.86342,41.23106,40.22437,37.44329,39.66106,35.77709,39.81206,35.4683,36.13862,23.43075,25.4951,31.89044,29.83287,30.41381,32.80244,35.38361,39.82462,37.64306,35.0,39.59798,45.45327,48.25971,49.20366,47.80167,44.59821,51.22499,51.66237,52.80152,53.15073,57.31492,56.72742,51.08816,50.9902,56.40035,53.53504,50.80354,54.91812,52.69725,50.0,48.8774,52.35456,48.30114,49.24429,46.51881,44.38468,44.64303,48.50773,48.6621,51.0098,52.08647,44.18144,48.50773,51.47815,46.52956,45.88028,51.66237,53.31041,59.09315,55.00909,59.03389,65.36819,67.74216,58.18075,72.20111,73.78347,70.72482
13.41641,13.41641,13.41641,13.41641,13.0,12.08305,12.08305,12.08305,11.7047,11.7047,10.77033,11.40175,10.44031,11.40175,10.19804,11.40175,10.19804,10.19804,10.19804,10.19804,10.04988,10.04988,9.05539,10.0,10.04988,10.0,10.0,11.04536,10.0,10.0,10.04988,10.04988,10.04988,10.04988,10.19804,10.19804,9.21954,9.48683,9.48683,9.21954,9.48683,8.544,8.544,8.94427,8.06226,8.06226,8.06226,7.2111,7.81025,7.07107,7.07107,7.07107,75.69016,65.11528,72.91776,69.52697,71.21798,72.47068,63.78087,69.02898,67.42403,64.66065,64.2028,63.24555,63.51378,58.00862,59.03389,61.46544,58.59181,55.9464,57.00877,50.44799,58.5235,54.40588,51.66237,53.75872,56.46238,52.92447,52.88667,56.08921,53.75872,55.7315,57.42822,56.22277,52.39275,56.7186,53.23533,54.91812,53.36666,54.40588,55.7853,49.72927,51.66237,48.10405,55.36244,47.12749,47.85394,47.41308,43.82921,44.77723,46.32494,45.0,44.82187,42.52058,41.7732,40.31129,38.8973,38.41875,36.89173,26.07681,25.6125,26.62705,29.68164,30.8707,29.96665,31.62278,33.61547,37.12142,38.47077,39.0,44.28318,45.65085,47.01064,47.01064,46.64762,52.7731,46.52956,55.47071,55.0,50.77401,56.4358,49.64877,51.88449,51.97115,51.26402,49.65884,49.76947,48.46648,50.32892,45.54119,48.46648,46.48656,49.72927,47.85394,46.04346,44.10215,42.10701,43.18565,49.81967,46.69047,46.8188,48.10405,49.39636,49.24429,53.66563,52.69725,54.08327,59.90826,61.22091,56.63921,64.3506,65.05382,65.76473,65.76473,68.88396,69.29646
13.0,14.0,13.0384,13.0,12.04159,12.04159,12.04159,12.04159,12.04159,12.16553,11.18034,11.18034,11.18034,11.18034,11.40175,11.40175,10.44031,10.77033,9.84886,9.84886,10.77033,10.29563,9.84886,10.29563,11.18034,11.18034,11.18034,11.18034,9.84886,10.29563,9.84886,10.29563,10.77033,9.84886,9.84886,10.44031,10.19804,9.21954,9.21954,9.21954,9.05539,9.05539,9.05539,8.0,8.06226,8.0,8.0,7.07107,7.07107,6.32456,6.32456,6.32456,73.37575,80.41144,72.56721,68.30813,75.43209,69.26038,75.0,69.12308,69.12308,59.84146,60.82763,66.09841,61.18823,63.50591,59.3043,59.03389,64.07027,59.03389,58.13777,60.13319,58.30952,54.03702,50.35871,53.60037,53.93515,52.95281,54.33231,51.97115,52.39275,50.44799,51.92302,57.70615,57.87055,51.5461,53.60037,52.46904,51.62364,54.45181,58.69412,50.15974,52.03845,49.0408,52.00961,53.08484,49.16299,48.37355,46.09772,51.78803,40.60788,40.5216,40.80441,39.56008,35.8469,40.70626,36.71512,34.4093,35.4683,28.07134,30.08322,33.37664,25.63201,28.44293,27.07397,34.20526,33.24154,32.14032,35.35534,40.4475,42.04759,46.04346,45.70558,45.01111,46.17359,52.03845,58.21512,61.0082,44.0,52.00961,50.01,53.0,54.33231,58.42089,54.03702,46.01087,50.15974,54.0,52.34501,44.04543,48.50773,56.7186,45.39824,46.17359,44.64303,46.61545,47.53946,44.65423,47.50789,43.60046,47.38143,44.59821,50.93133,44.20407,45.65085,49.81967,55.22681,58.18075,62.26556,59.5399,60.00833,60.37384,62.76942,69.857,68.35203,73.68175
13.45362,12.04159,12.20656,12.80625,11.40175,11.40175,11.40175,10.81665,11.40175,10.81665,10.81665,10.29563,10.29563,10.29563,9.84886,9.84886,9.84886,9.84886,9.48683,9.48683,8.94427,9.48683,9.48683,9.21954,9.21954,9.48683,9.48683,9.48683,9.48683,9.21954,9.48683,9.48683,8.544,8.544,9.84886,8.94427,8.94427,8.06226,8.60233,7.81025,8.60233,7.81025,7.81025,7.81025,7.81025,7.07107,7.2111,7.2111,6.7082,6.7082,6.32456,6.32456,69.6563,73.10951,75.28612,75.60423,71.70077,69.6563,71.61006,66.85058,65.21503,67.1193,63.82006,64.3506,60.53924,61.58734,61.58734,59.05929,56.82429,56.36488,54.78138,57.77543,54.70832,55.71355,53.36666,53.16014,51.41984,52.7731,54.81788,52.88667,54.74486,53.60037,55.08176,52.7731,52.46904,51.97115,55.10898,50.21952,57.48913,55.31727,48.76474,53.45091,55.15433,55.03635,47.92703,46.52956,47.01064,50.08992,46.32494,44.41846,44.68781,43.41659,42.52058,39.69887,37.64306,39.20459,34.20526,39.35734,35.8469,25.94224,29.15476,26.83282,30.46309,33.54102,31.7805,34.48188,36.40055,37.0,40.16217,43.46263,46.61545,49.0408,49.1935,48.38388,51.89412,56.46238,53.22593,53.31041,51.47815,52.88667,53.48832,58.18075,57.69749,52.7731,49.65884,51.89412,55.36244,50.01,52.20153,48.08326,51.78803,51.47815,49.16299,44.18144,51.15662,48.0,49.09175,46.17359,49.24429,47.29693,52.92447,52.81098,52.3259,53.7122,51.85557,52.00961,58.00862,59.4138,60.60528,62.28965,70.83784,67.17887,63.63961,70.83784,73.40981,74.8131
13.41641,13.89244,13.0384,13.0384,13.0384,13.0384,12.20656,12.80625,11.40175,11.40175,11.40175,11.40175,10.63015,10.63015,9.89949,11.31371,10.63015,9.89949,10.0,10.0,10.0,10.0,10.0,9.43398,10.0,10.0,10.81665,10.0,10.0,9.43398,10.0,10.0,10.0,10.0,10.0,9.21954,9.89949,9.21954,8.60233,9.21954,8.60233,8.60233,8.06226,8.06226,8.06226,7.61577,7.61577,7.28011,7.28011,7.07107,7.07107,7.0,73.43024,72.06941,73.43024,71.34424,77.38863,70.3278,71.84706,70.17834,69.2026,65.43699,64.2028,66.0303,66.21933,58.72819,60.20797,61.52235,60.10824,61.6198,57.28001,59.46427,58.79626,54.67175,48.54894,48.01042,52.43091,54.3783,47.70744,54.20332,54.08327,56.82429,55.75841,58.30952,50.9902,54.70832,54.91812,51.31277,53.85165,54.20332,55.21775,51.85557,53.60037,53.07542,50.93133,48.10405,50.9902,48.41487,45.48626,47.20169,42.72002,42.94182,45.17743,38.91015,37.69615,37.10795,37.0,33.95585,37.21559,29.73214,26.1725,23.43075,26.1725,31.14482,31.82766,34.65545,36.12478,40.60788,41.03657,43.27817,43.60046,48.08326,44.59821,50.91169,48.60041,54.48853,50.93133,55.17246,53.75872,53.03772,57.28001,55.15433,52.34501,55.17246,53.8145,54.67175,58.69412,56.58622,54.20332,50.80354,53.60037,51.61395,49.24429,46.95743,52.3259,49.39636,49.33559,46.84015,47.67599,47.51842,49.0408,54.23099,54.45181,52.61179,48.50773,55.02727,57.07013,59.46427,56.85948,64.2573,67.77905,68.942,64.41273,66.30988,71.19691,71.19691
13.0,13.0,13.41641,13.0,13.0,12.08305,11.18034,11.18034,11.6619,10.81665,11.6619,10.81665,10.81665,10.0,10.63015,10.63015,9.89949,9.89949,9.89949,9.89949,9.89949,9.89949,10.63015,10.0,10.63015,10.0,10.63015,10.0,10.0,10.63015,9.89949,9.89949,9.89949,9.89949,9.89949,9.21954,9.21954,9.21954,8.60233,8.60233,8.60233,8.94427,7.61577,7.61577,7.28011,6.7082,7.28011,7.07107,6.08276,6.08276,6.0,5.0,64.07027,68.593,70.5762,71.44928,72.36712,67.89698,64.32729,66.75328,65.62012,65.11528,63.32456,61.68468,58.24946,58.82176,55.02727,55.15433,57.24509,50.53712,53.23533,56.82429,51.10773,52.7731,51.86521,48.25971,48.37355,49.64877,53.2635,50.21952,48.9183,56.85068,50.80354,56.40035,48.9183,49.09175,52.80152,48.01042,47.43416,48.82622,52.15362,50.11986,52.15362,49.64877,49.98,44.59821,46.61545,48.38388,47.12749,43.17407,40.02499,42.57934,38.32754,39.11521,38.01316,35.35534,36.34556,33.37664,31.57531,28.86174,27.29469,27.89265,30.41381,31.7805,33.83785,31.01612,33.24154,36.40055,35.44009,42.72002,43.9659,46.17359,46.57252,51.24451,44.64303,50.0,54.70832,53.16014,48.76474,55.97321,52.88667,52.88667,53.45091,51.92302,59.13544,53.48832,54.42426,51.47815,55.03635,49.1935,48.30114,44.28318,53.41348,49.73932,48.41487,45.96738,47.50789,48.16638,47.63402,47.70744,47.16991,51.0,42.94182,47.16991,57.07013,52.17279,54.58938,57.70615,56.56854,54.74486,67.47592,63.03174,67.0,65.12296,67.47592,68.11755
11.18034,11.6619,11.6619,11.6619,10.81665,10.81665,10.0,10.63015,9.21954,10.63015,9.21954,9.21954,9.89949,9.89949,9.89949,9.21954,8.60233,8.60233,9.43398,8.60233,9.43398,9.43398,8.06226,8.94427,8.94427,8.06226,8.94427,8.94427,8.94427,9.43398,8.94427,8.94427,8.94427,8.60233,8.60233,8.60233,7.81025,7.81025,7.81025,7.07107,7.07107,7.81025,7.2111,6.40312,7.2111,5.83095,5.38516,5.83095,5.38516,6.08276,5.09902,5.0,70.68239,70.23532,77.36924,68.0,70.83078,62.64982,70.23532,65.36819,57.45433,69.89278,62.42596,61.84658,59.66574,60.0,56.40035,58.69412,58.0517,57.31492,58.0,53.15073,58.89822,52.49762,52.83938,50.32892,48.27007,49.24429,52.83938,49.92995,57.98276,50.60632,50.77401,50.80354,51.40039,56.0357,54.70832,55.80323,55.21775,51.40039,52.20153,48.41487,54.03702,49.51767,50.32892,48.10405,42.80187,46.2277,42.2019,45.79301,41.18252,41.14608,38.58756,38.8973,37.69615,36.05551,32.01562,31.06445,32.14032,25.94224,26.41969,29.41088,32.44996,33.6006,31.14482,35.60899,37.64306,36.61967,42.0119,38.01316,41.86884,47.50789,49.81967,47.42362,46.8615,51.40039,52.20153,52.40229,55.80323,53.60037,54.81788,54.6443,56.85068,56.0803,58.0,51.73973,49.51767,58.0,56.63921,47.50789,53.90733,52.43091,51.86521,52.69725,48.37355,47.42362,48.8467,51.62364,48.70318,51.41984,50.9902,48.25971,53.15073,51.08816,47.38143,56.29387,56.88585,61.0,62.36986,57.00877,56.32051,64.03124,66.70832,70.2282,72.23573,70.21396
12.64911,11.7047,11.7047,11.7047,11.7047,11.7047,11.7047,10.77033,11.18034,10.29563,10.29563,10.81665,10.29563,9.43398,10.0,10.0,10.0,9.21954,9.89949,9.89949,9.89949,9.21954,9.21954,9.21954,9.21954,10.0,10.63015,10.0,10.63015,9.21954,9.89949,9.89949,9.89949,9.89949,9.21954,9.21954,9.21954,8.60233,8.60233,8.60233,8.06226,8.06226,8.06226,7.61577,7.61577,6.32456,7.28011,6.32456,6.08276,6.08276,6.0,6.0,72.11103,66.0303,68.00735,72.02777,71.00704,69.00725,63.03174,65.00769,63.12686,63.50591,64.38167,60.20797,61.0,57.27128,57.07013,59.66574,60.63827,56.0803,55.36244,56.85948,54.626,55.15433,53.66563,54.3783,49.65884,49.64877,53.33854,52.83938,49.92995,51.97115,55.75841,57.42822,49.39636,47.70744,54.91812,52.0,55.9017,56.60389,50.9902,54.12947,58.18075,51.5461,48.46648,47.43416,44.64303,42.72002,47.29693,43.17407,45.70558,41.01219,39.0,39.01282,37.05401,36.05551,33.73426,36.68787,32.31099,28.28427,26.1725,28.07134,31.01612,31.06445,34.52535,40.11234,37.48333,42.29657,42.0119,41.30375,45.39824,47.51842,50.24938,48.25971,50.80354,52.61179,53.15073,48.37355,59.03389,56.7186,53.46027,56.22277,56.08921,56.7186,56.56854,52.7731,55.7853,52.39275,53.14132,51.24451,50.92151,48.8467,50.32892,48.30114,50.21952,47.50789,49.81967,48.41487,48.79549,46.66905,49.57822,51.22499,48.8774,52.39275,55.07268,55.4617,57.00877,59.66574,55.9017,62.8172,63.56099,69.87131,64.32729,66.91039,72.06247,71.11259
13.0384,13.0384,13.0384,13.0384,12.0,12.04159,11.0,11.0,11.0,11.04536,11.04536,11.18034,11.18034,10.19804,10.19804,11.18034,10.44031,10.44031,9.48683,9.48683,9.48683,10.44031,9.84886,9.84886,9.84886,9.84886,9.84886,10.77033,10.77033,10.77033,9.84886,10.44031,10.44031,10.44031,10.19804,10.44031,9.21954,9.21954,9.21954,9.05539,9.05539,9.05539,8.0,8.06226,8.06226,8.06226,8.06226,7.28011,7.07107,6.32456,6.32456,6.32456,70.5762,76.02631,70.2282,67.54258,68.35203,67.23095,69.28925,66.76077,63.32456,62.36185,62.36185,59.77458,61.61169,59.22837,60.82763,58.85576,58.03447,55.08176,52.23983,52.0,53.00943,56.00893,53.23533,51.15662,51.24451,52.23983,57.31492,53.75872,52.17279,47.85394,54.45181,52.61179,54.57105,52.95281,53.33854,52.46904,51.47815,55.10898,52.0,49.0408,56.00893,50.24938,51.08816,49.25444,48.04165,50.21952,40.5216,43.41659,41.78516,42.48529,44.01136,42.54409,37.58989,40.81666,36.71512,34.98571,33.97058,26.24881,24.04163,28.63564,29.42788,33.73426,30.36445,31.95309,40.5216,39.29377,38.32754,41.23106,39.62323,46.69047,47.53946,51.97115,51.66237,52.95281,54.81788,57.27128,54.81788,55.9017,53.60037,53.36666,49.81967,59.22837,53.36666,54.57105,51.78803,56.14268,58.13777,50.35871,51.24451,53.0,49.25444,56.32051,50.24938,44.40721,47.29693,47.53946,47.01064,50.69517,49.64877,46.32494,53.74012,55.0,50.20956,51.08816,57.28001,56.22277,57.00877,58.18075,61.05735,62.76942,63.63175,66.18912,65.19202,73.34848
12.04159,12.04159,12.16553,11.18034,12.16553,10.04988,11.18034,10.19804,10.19804,10.44031,10.44031,9.48683,9.48683,9.84886,9.48683,9.84886,8.94427,8.94427,9.43398,9.43398,9.43398,9.43398,8.60233,8.60233,9.43398,8.60233,8.60233,9.21954,8.60233,9.43398,8.60233,8.60233,8.60233,8.94427,8.94427,8.544,8.544,8.544,8.24621,8.24621,7.28011,7.28011,8.24621,7.07107,7.07107,7.0,7.0,7.07107,6.08276,6.08276,6.32456,6.32456,76.29548,72.00694,69.05071,66.48308,68.15424,68.68042,68.96376,64.19502,57.72348,64.03124,60.40695,54.78138,52.49762,54.78138,55.02727,55.9464,56.82429,56.82429,56.93856,51.31277,55.21775,47.50789,52.63079,54.20332,50.47772,46.8615,50.32892,53.07542,53.8145,48.83646,52.34501,54.20332,50.93133,54.67175,51.0392,52.43091,50.32892,50.60632,56.40035,51.86521,45.27693,52.3259,52.80152,51.07837,51.89412,42.37924,45.22168,41.23106,42.75512,39.62323,37.85499,40.11234,41.01219,40.0125,35.0,36.34556,36.49658,26.24881,28.23119,30.46309,32.31099,30.08322,31.76476,33.10589,36.76955,39.35734,42.54409,42.48529,46.52956,50.11986,51.0,48.54894,51.89412,57.27128,51.89412,57.80138,58.59181,56.4358,56.35601,51.89412,57.27128,58.18075,58.13777,60.90156,56.60389,55.75841,57.42822,55.47071,54.40588,52.80152,48.9183,50.20956,48.08326,48.01042,50.80354,49.92995,48.37355,51.10773,51.07837,50.32892,52.88667,51.66237,51.62364,50.63596,54.14795,57.21888,56.14268,61.40033,61.40033,66.06815,60.20797,67.26812,71.44928,70.34913
12.04159,12.04159,12.16553,12.04159,12.16553,11.18034,11.18034,10.19804,10.44031,10.44031,10.19804,9.48683,10.44031,9.48683,9.84886,9.84886,8.94427,8.94427,9.43398,9.43398,9.43398,9.43398,9.43398,9.21954,10.0,9.21954,9.21954,9.43398,10.0,9.43398,8.60233,9.43398,9.43398,9.43398,8.94427,8.94427,8.544,8.544,8.544,8.544,8.24621,8.24621,7.07107,8.06226,7.0,7.0,7.0,7.0,6.08276,6.08276,6.32456,6.32456,65.62012,67.26812,72.24957,69.46222,61.40033,64.28063,67.60178,64.00781,63.00794,58.00862,61.07373,57.0,56.0,57.31492,52.61179,56.4358,59.84146,51.62364,54.81788,46.87217,53.60037,48.83646,54.23099,53.45091,50.92151,52.20153,50.44799,52.7731,51.62364,49.1935,47.42362,53.14132,48.46648,50.56679,52.20153,53.7122,54.70832,52.55473,54.12024,50.21952,48.50773,47.85394,52.23983,46.87217,45.27693,46.01087,47.16991,45.09989,43.18565,38.63936,40.5216,40.02499,38.07887,36.05551,38.48376,38.91015,34.0,26.0,29.61419,28.07134,30.14963,30.41381,35.12834,36.22154,36.49658,39.45884,40.4475,47.26521,45.39824,48.27007,46.52956,48.6621,50.48762,52.23983,52.7731,58.69412,56.7186,55.57877,59.3043,55.3263,55.7315,57.70615,58.69412,51.1957,55.7315,51.97115,58.24088,54.40588,56.0803,54.626,49.76947,49.76947,48.76474,46.14109,47.01064,47.43416,47.38143,52.63079,43.86342,47.63402,51.0392,49.92995,56.0803,50.69517,57.58472,60.08328,60.40695,60.74537,62.0967,63.89053,60.63827,68.24954,66.09841,70.40597
12.08305,11.6619,12.08305,11.6619,11.6619,10.81665,10.81665,10.81665,10.81665,10.0,10.0,10.0,9.21954,9.21954,9.89949,9.89949,9.21954,9.21954,9.21954,9.21954,8.60233,9.21954,9.21954,9.43398,9.21954,9.43398,10.0,9.21954,10.0,9.43398,8.60233,9.43398,9.21954,9.21954,9.21954,8.48528,9.21954,7.81025,8.60233,8.60233,8.60233,8.06226,8.06226,6.7082,7.61577,6.7082,6.32456,6.32456,6.08276,6.08276,6.08276,6.0,66.12866,68.00735,68.15424,65.19202,63.97656,62.03225,60.41523,61.84658,64.40497,58.30952,60.37384,59.9333,56.93856,56.0803,53.7122,55.75841,56.0803,49.20366,45.0,53.15073,54.45181,50.24938,49.49747,48.9183,45.96738,50.32892,54.81788,54.81788,53.15073,51.85557,55.21775,52.49762,49.40648,48.82622,55.97321,50.24938,55.97321,53.07542,48.10405,53.41348,53.60037,51.22499,46.40043,45.80393,45.61798,47.16991,46.06517,44.28318,41.78516,42.15448,43.32436,41.10961,37.10795,34.9285,34.05877,35.01428,33.01515,27.78489,25.55386,31.62278,30.52868,31.76476,31.90611,35.8469,37.20215,37.21559,40.81666,45.22168,46.04346,48.01042,50.21952,49.40648,55.0,55.21775,58.00862,55.47071,58.00862,53.53504,59.68249,57.80138,54.20332,55.47071,57.48913,56.85068,59.40539,57.00877,54.56189,54.56189,51.85557,48.10405,48.79549,53.8145,46.09772,45.22168,46.52956,46.52956,50.56679,48.8467,45.88028,50.9902,49.49747,49.49747,50.24938,52.0,54.08327,57.07889,55.22681,55.31727,61.39218,59.43904,60.01666,61.98387,61.61169,66.48308
12.36932,11.18034,11.40175,11.18034,11.18034,11.18034,11.04536,11.04536,10.04988,10.0,10.0,10.04988,10.0,10.04988,10.04988,10.04988,10.19804,9.21954,9.21954,9.21954,9.21954,9.21954,9.21954,9.48683,9.48683,9.48683,9.48683,9.21954,9.48683,9.48683,9.21954,9.21954,10.19804,10.19804,9.05539,9.05539,9.05539,9.0,9.0,9.0,8.06226,8.06226,8.06226,7.07107,7.28011,7.28011,7.28011,6.7082,6.7082,5.83095,5.83095,6.40312,69.06519,65.45991,69.33974,66.88797,69.83552,66.64083,64.00781,64.40497,59.9333,59.03389,55.15433,58.87274,62.76942,53.75872,53.75872,57.72348,55.97321,55.31727,50.80354,50.63596,52.23983,52.34501,49.16299,52.03845,49.25444,53.08484,53.03772,55.08176,54.00926,48.0,55.22681,55.00909,53.00943,52.00961,51.35173,50.03998,51.0098,53.23533,53.23533,52.23983,52.34501,50.63596,48.50773,50.44799,50.59644,47.29693,47.80167,47.92703,43.08132,44.28318,44.28318,45.65085,41.34005,40.80441,36.79674,34.65545,34.05877,32.20248,31.90611,29.96665,36.40055,39.66106,31.38471,40.8534,40.8534,43.86342,43.68066,44.94441,52.55473,51.42956,58.18075,56.85948,52.0,61.46544,58.69412,64.88451,58.30952,56.82429,63.50591,62.24147,59.5399,57.3062,55.97321,63.69458,57.38467,56.921,57.87055,57.27128,57.72348,52.95281,53.75872,50.35871,54.03702,52.03845,50.15974,50.24938,48.05206,48.50773,45.88028,51.47815,49.73932,45.65085,54.3783,55.22681,58.25805,57.62812,62.482,58.0,60.81118,62.28965,63.03174,66.8431,68.24954,72.24957
11.40175,12.04159,10.63015,11.31371,10.63015,11.31371,10.63015,9.89949,9.89949,9.21954,9.21954,10.0,10.0,9.43398,9.43398,8.60233,9.43398,9.43398,8.94427,8.06226,8.94427,8.94427,8.94427,8.544,8.94427,9.48683,9.84886,8.94427,8.94427,8.544,8.94427,8.94427,8.94427,9.43398,9.43398,9.43398,9.43398,8.60233,8.60233,8.60233,8.48528,8.48528,7.07107,7.81025,7.81025,7.2111,7.2111,7.2111,6.7082,6.7082,6.7082,6.32456,66.37017,61.58734,60.03332,61.77378,63.81222,61.91123,61.29437,60.60528,55.0,56.40035,59.81639,58.79626,57.48913,53.03772,53.15073,53.74012,53.15073,51.22499,48.27007,51.08816,52.69725,49.40648,48.02083,48.25971,48.37355,45.0,50.11986,47.85394,50.56679,46.52956,47.50789,54.3783,49.39636,49.1935,51.47815,48.82622,47.16991,49.64877,50.60632,54.20332,54.20332,50.93133,45.0,48.16638,44.59821,44.55334,47.70744,44.68781,44.65423,41.59327,45.79301,42.15448,36.71512,37.94733,35.4683,40.02499,37.65634,28.84441,29.73214,28.6007,32.80244,30.41381,31.14482,36.23534,39.62323,40.31129,41.03657,44.59821,46.8615,52.34501,51.62364,53.03772,51.66237,55.17246,51.62364,54.45181,56.58622,57.31492,57.28001,55.22681,55.9017,58.69412,58.72819,60.1415,60.10824,52.80152,56.22277,50.32892,52.80152,48.82622,51.86521,48.76474,50.15974,51.07837,48.70318,48.46648,49.81967,48.37355,52.08647,46.09772,52.0,49.16299,50.15974,53.08484,53.46027,58.69412,60.08328,57.58472,60.74537,64.19502,60.16644,58.83026,60.83584,68.09552
12.16553,11.04536,11.04536,11.04536,11.04536,10.04988,10.0,10.04988,10.0,10.0,10.0,10.04988,9.05539,9.05539,9.05539,9.21954,9.48683,9.21954,8.544,8.544,8.544,8.544,8.544,8.94427,8.94427,8.544,8.544,8.94427,8.544,8.544,8.544,8.544,8.544,8.544,9.48683,9.21954,9.21954,9.05539,8.06226,8.06226,8.06226,8.0,8.0,8.0,8.0,7.07107,7.07107,7.07107,7.28011,6.32456,6.32456,6.7082,65.0,69.12308,62.16912,63.78871,60.82763,60.67125,61.20457,58.21512,60.20797,57.07889,56.0,54.0,55.3263,54.08327,53.15073,46.27094,53.23533,50.03998,46.84015,49.0306,47.43416,48.27007,53.31041,43.82921,44.28318,50.08992,46.8188,49.24429,50.56679,46.61545,47.75982,49.73932,49.98,51.88449,52.0,47.85394,46.95743,50.15974,49.64877,48.46648,44.27189,44.38468,50.96077,41.0,45.89118,43.93177,45.17743,46.52956,39.20459,39.05125,42.0119,39.05125,40.04997,37.33631,34.52535,37.64306,36.05551,28.63564,29.12044,33.37664,34.9285,36.67424,35.35534,34.52535,39.11521,41.10961,42.29657,45.89118,48.6621,48.50773,49.36598,48.09366,54.91812,52.46904,55.44367,58.21512,59.07622,62.1289,57.07889,61.18823,54.45181,58.54912,55.22681,55.57877,55.08176,57.07889,54.23099,56.00893,57.14018,54.74486,49.47727,51.92302,48.50773,44.77723,47.75982,49.65884,46.06517,46.61545,44.04543,48.60041,50.32892,48.83646,50.77401,49.09175,53.85165,56.60389,59.16925,56.4358,58.13777,59.61543,53.85165,59.80803,62.93648,63.56886
12.20656,11.6619,11.6619,10.81665,10.29563,10.81665,10.29563,10.29563,10.29563,9.84886,9.84886,9.84886,9.48683,9.48683,9.21954,9.48683,9.48683,8.24621,8.24621,8.24621,8.24621,9.21954,9.05539,9.0,9.05539,9.05539,9.05539,9.05539,9.05539,9.21954,9.21954,9.21954,9.21954,9.21954,9.48683,9.48683,9.48683,8.544,8.544,8.544,8.94427,9.43398,8.06226,8.60233,8.60233,7.81025,7.81025,7.07107,7.07107,7.07107,7.07107,7.2111,65.76473,68.62215,63.12686,60.959,66.48308,62.2254,65.76473,66.52819,56.72742,56.0803,55.86591,58.41233,57.00877,50.47772,53.82379,51.0392,53.7122,47.85394,47.41308,54.12024,52.83938,56.0803,47.53946,46.84015,50.28916,47.01064,51.92302,50.28916,47.12749,53.16014,50.92151,49.76947,52.88667,51.24451,53.75872,50.59644,51.5461,52.0,54.23099,54.626,55.22681,51.88449,49.1935,49.64877,47.50789,51.61395,46.2277,48.60041,47.50789,43.13931,47.50789,46.09772,39.62323,40.60788,34.1321,39.0,40.70626,31.14482,31.89044,30.0,31.14482,36.05551,37.20215,38.60052,41.6173,43.41659,45.45327,49.81967,50.9902,51.40039,55.47071,49.64877,59.03389,56.85948,58.24946,57.00877,59.40539,58.00862,60.80296,57.48913,59.20304,59.03389,59.64059,63.60031,56.60389,51.40039,59.36329,57.98276,54.23099,48.33218,49.64877,48.08326,52.49762,49.24429,47.67599,49.49747,49.0,52.00961,47.16991,49.25444,49.47727,54.12024,45.12206,53.31041,56.82429,58.66856,55.56978,57.42822,60.46487,60.41523,60.20797,60.0,71.06335,66.6033
11.40175,10.77033,10.77033,10.77033,10.77033,9.84886,9.84886,10.29563,9.43398,10.29563,10.29563,9.43398,9.21954,10.0,8.60233,9.21954,8.48528,8.48528,8.48528,8.48528,8.48528,9.21954,9.21954,8.60233,9.21954,9.21954,9.21954,9.21954,9.21954,9.21954,9.21954,9.21954,9.89949,9.89949,9.21954,9.21954,8.60233,8.60233,8.60233,8.60233,8.06226,8.06226,8.06226,7.61577,7.61577,7.61577,7.28011,7.28011,7.07107,7.07107,7.0,7.0,63.28507,65.43699,58.41233,60.1415,65.8559,59.46427,60.82763,57.31492,59.46427,55.31727,51.62364,56.63921,58.13777,56.0357,50.32892,52.43091,56.30275,47.43416,48.37355,55.9464,50.15974,48.8467,48.8467,46.57252,50.32892,48.50773,49.1935,47.43416,50.92151,47.80167,48.08326,46.52956,49.47727,50.01,53.75872,50.92151,48.50773,50.32892,51.92302,52.55473,49.64877,50.11986,47.88528,49.65884,47.92703,51.10773,45.48626,48.82622,39.69887,40.60788,42.42641,43.93177,46.01087,37.48333,36.23534,41.88078,37.73592,30.41381,29.52965,35.80503,33.61547,37.73592,37.20215,37.20215,44.41846,40.80441,48.9183,48.25971,51.0392,54.20332,55.21775,53.00943,59.20304,60.0,60.20797,59.81639,61.40033,61.84658,61.22091,59.81639,58.41233,58.79626,59.5483,58.13777,54.45181,61.55485,55.31727,54.03702,50.24938,49.92995,52.80152,53.53504,49.64877,50.08992,45.54119,51.86521,52.39275,48.50773,48.01042,49.0408,47.16991,47.51842,52.34501,52.34501,53.93515,54.08327,58.18935,57.00877,62.03225,51.89412,60.82763,60.41523,61.77378,67.74216
12.04159,12.04159,11.31371,11.31371,11.31371,12.04159,10.63015,10.63015,10.63015,9.43398,10.0,10.0,9.43398,9.43398,8.94427,10.29563,9.84886,8.94427,8.94427,8.94427,8.94427,8.544,8.544,9.48683,8.544,9.48683,9.84886,8.544,9.48683,8.544,8.94427,9.84886,8.94427,8.94427,10.29563,9.43398,9.43398,8.60233,8.60233,9.21954,9.21954,9.21954,8.48528,8.48528,8.48528,7.81025,8.60233,8.06226,8.06226,8.06226,7.61577,7.61577,67.62396,67.20863,68.11755,61.22091,65.79514,63.78087,63.41136,68.24222,58.24946,60.21628,62.76942,60.21628,60.03332,51.62364,54.3783,53.33854,55.47071,50.77401,51.86521,48.10405,54.78138,48.50773,49.24429,52.17279,48.76474,50.96077,48.76474,48.76474,53.14132,52.49762,48.50773,57.72348,49.64877,50.44799,53.16014,51.92302,52.63079,52.95281,51.66237,57.28001,53.85165,52.47857,50.08992,46.14109,49.92995,49.73932,53.00943,47.88528,49.20366,48.82622,45.60702,42.44997,43.18565,41.03657,45.27693,39.82462,42.04759,32.55764,33.94113,34.71311,37.64306,34.1321,42.72002,41.34005,46.14109,47.16991,47.70744,53.41348,53.82379,58.00862,59.03389,58.30952,60.0,61.61169,60.44005,64.07027,61.05735,68.7968,60.74537,63.51378,61.61169,59.07622,63.51378,59.90826,62.26556,57.27128,57.70615,54.58938,55.9464,51.92302,53.60037,50.9902,49.64877,54.45181,51.1957,49.16299,48.16638,50.24938,50.9902,52.95281,48.10405,51.86521,56.35601,55.07268,54.08327,55.56978,54.08327,62.1289,62.76942,63.60031,60.60528,68.68042,63.70243,65.94695
10.77033,10.77033,10.44031,10.77033,9.48683,9.48683,9.21954,9.21954,9.21954,9.21954,8.06226,9.05539,9.05539,9.0,8.0,9.0,8.06226,8.06226,8.06226,8.06226,8.06226,8.24621,8.06226,8.24621,8.24621,8.24621,8.24621,8.24621,9.21954,8.24621,8.24621,9.21954,9.05539,9.05539,8.0,8.06226,8.0,9.0,8.06226,8.06226,8.06226,7.07107,8.06226,7.07107,7.07107,7.28011,6.32456,6.32456,6.32456,6.7082,5.83095,5.83095,64.07027,60.20797,60.46487,65.19202,65.19202,55.75841,54.08327,53.85165,56.36488,54.12024,56.79789,50.60632,50.15974,50.69517,49.0408,45.88028,52.20153,52.20153,51.92302,46.52956,47.67599,43.41659,50.24938,47.38143,47.26521,45.01111,41.19466,46.01087,46.27094,45.04442,46.01087,47.09565,49.0408,49.09175,47.0,48.6621,53.03772,47.51842,48.83646,46.52956,45.54119,46.69047,49.0408,44.92215,49.98,44.38468,38.07887,45.69464,42.95346,39.82462,41.67733,40.49691,42.72002,40.0,36.23534,36.23534,37.53665,33.30165,37.01351,37.48333,34.65545,36.76955,38.8973,39.69887,43.86342,48.27007,50.20956,50.32892,50.9902,54.45181,56.58622,60.81118,58.13777,57.48913,62.62587,60.959,59.20304,57.31492,63.41136,60.30755,61.7171,55.9017,61.03278,60.60528,61.29437,60.53924,56.82429,53.7122,54.56189,53.85165,55.15433,49.0306,49.64877,49.49747,48.04165,51.0392,49.09175,47.09565,49.81967,41.76123,49.33559,44.77723,45.61798,47.41308,51.31277,53.82379,61.29437,52.80152,56.63921,60.20797,60.81118,63.78087,61.6198,60.20797
11.18034,11.18034,10.29563,11.18034,10.29563,10.29563,10.29563,9.43398,9.43398,8.60233,10.0,9.21954,9.21954,8.60233,9.21954,8.48528,8.48528,8.48528,7.81025,7.81025,7.81025,7.81025,7.81025,8.60233,8.60233,8.06226,8.94427,7.81025,8.60233,8.60233,8.60233,8.60233,7.81025,8.48528,8.48528,8.48528,8.48528,8.60233,7.81025,7.81025,7.81025,7.81025,7.2111,8.06226,7.2111,7.61577,7.61577,7.61577,7.28011,7.28011,7.28011,7.07107,62.1289,64.12488,68.46897,64.12488,63.78871,65.9242,61.40033,63.78871,52.95281,55.31727,62.8172,57.28001,56.32051,54.08327,53.31041,54.12947,48.33218,49.09175,47.85394,47.01064,50.53712,50.21952,46.87217,46.04346,45.27693,44.40721,51.31277,48.27007,45.80393,49.57822,45.34314,50.0,45.45327,49.64877,53.41348,49.81967,52.83938,50.60632,51.0,44.77723,49.64877,51.0,49.24429,45.61798,46.61545,52.20153,48.76474,49.24429,42.2019,43.93177,42.42641,45.39824,44.18144,40.0125,40.04997,40.0,45.04442,32.06244,33.37664,36.49658,38.01316,37.01351,40.04997,43.0,43.41659,48.09366,52.08647,56.32051,53.46027,55.00909,56.32051,53.75872,60.29925,61.13101,62.07254,64.28063,67.00746,65.03076,65.49046,65.27634,65.49046,62.514,62.16912,59.22837,62.58594,55.7315,56.29387,57.87055,56.61272,54.78138,51.47815,52.3259,46.95743,50.47772,55.80323,48.27007,50.93133,48.79549,53.60037,52.15362,48.75449,52.47857,55.08176,54.12024,58.5235,54.34151,55.10898,55.57877,66.27217,66.48308,66.18912,63.12686,63.00794,67.06713
11.7047,11.7047,11.7047,10.77033,11.18034,11.18034,10.29563,10.29563,10.29563,10.29563,9.43398,10.0,8.60233,9.21954,8.60233,9.21954,8.48528,9.89949,8.48528,7.81025,8.48528,8.48528,9.21954,7.81025,8.48528,7.81025,9.21954,8.48528,7.81025,9.21954,8.48528,9.21954,9.21954,9.21954,9.21954,9.21954,9.21954,8.60233,8.06226,8.06226,8.60233,8.06226,8.06226,8.06226,7.61577,7.61577,7.28011,7.28011,7.07107,7.07107,7.07107,7.07107,63.06346,66.85058,63.56099,64.07808,64.49806,62.64982,56.46238,59.16925,57.24509,55.00909,53.23533,57.68882,55.0,51.62364,56.22277,53.2635,46.75468,48.79549,52.40229,45.34314,50.24938,45.45327,42.63801,40.80441,39.69887,42.63801,49.39636,45.79301,45.48626,46.64762,48.02083,48.41487,44.82187,44.20407,51.86521,42.63801,43.01163,44.20407,48.9183,47.50789,43.93177,48.79549,46.2277,45.27693,44.40721,42.52058,49.92995,41.67733,42.54409,41.18252,46.52956,42.94182,42.72002,38.62642,38.83298,40.31129,39.81206,31.62278,34.71311,34.36568,35.4683,39.05125,38.32754,39.84972,45.69464,48.10405,50.32892,49.24429,53.7122,54.08327,62.29767,59.61543,54.42426,59.23681,61.09828,61.7414,60.74537,58.5235,60.41523,60.92618,61.46544,61.32699,63.07139,63.07139,58.13777,55.22681,56.0803,54.91812,49.64877,47.80167,50.32892,50.93133,53.74012,49.39636,46.06517,43.82921,47.75982,60.20797,57.38467,48.76474,51.62364,50.24938,58.85576,55.03635,55.00909,58.30952,52.23983,56.22277,63.78871,59.48109,58.94065,60.16644,65.80274,61.68468
10.0,10.0,10.0,10.0,9.21954,9.21954,8.48528,8.48528,8.48528,8.48528,9.21954,7.81025,8.60233,8.06226,7.81025,8.06226,7.2111,6.7082,7.61577,8.06226,8.06226,8.06226,7.61577,7.61577,7.61577,7.61577,7.61577,8.06226,8.06226,7.61577,7.61577,8.06226,8.06226,8.06226,7.2111,7.81025,7.2111,7.81025,7.81025,7.81025,7.07107,6.40312,6.40312,6.40312,7.2111,5.83095,5.83095,6.7082,5.83095,6.32456,6.32456,5.09902,67.68309,62.96825,67.18631,62.93648,61.13101,63.32456,61.68468,65.30697,53.31041,53.23533,52.39275,55.03635,55.9017,52.7731,51.0,50.47772,51.31277,39.40812,48.60041,48.82622,51.08816,43.86342,55.97321,43.93177,46.75468,50.24938,43.18565,51.08816,45.27693,46.75468,45.0,46.69047,47.63402,51.73973,42.42641,48.16638,48.83646,49.49747,46.04346,49.40648,45.80393,47.63402,46.87217,48.60041,47.01064,44.29447,46.09772,42.94182,39.56008,42.44997,39.81206,39.29377,40.02499,38.32754,41.01219,37.01351,37.01351,30.26549,35.22783,36.0,44.55334,38.63936,41.76123,44.55334,45.12206,53.15073,51.66237,55.31727,58.0517,61.40033,59.03389,60.87693,58.54912,66.94027,63.56099,67.18631,67.72001,61.84658,67.05222,59.48109,67.44627,63.78871,64.51356,62.62587,63.69458,60.08328,62.03225,51.42956,57.27128,56.82429,58.24946,54.81788,56.22277,50.24938,55.86591,51.22499,51.62364,50.77401,50.53712,55.9464,53.45091,52.17279,52.46904,55.3263,53.33854,56.22277,57.21888,61.40033,55.03635,74.1485,65.06919,62.1289,65.49046,67.91171
11.31371,11.31371,11.40175,11.31371,10.63015,10.0,10.0,10.0,10.0,9.43398,9.43398,9.43398,9.84886,9.84886,9.84886,8.94427,8.544,8.544,8.544,9.48683,8.24621,9.48683,8.544,9.21954,8.24621,8.24621,9.21954,9.21954,9.48683,8.24621,9.21954,9.48683,9.48683,9.48683,9.84886,8.544,8.94427,8.94427,8.94427,8.94427,8.06226,8.60233,8.06226,8.60233,7.81025,7.07107,7.81025,7.81025,7.07107,7.81025,7.2111,7.2111,68.96376,69.11584,72.42237,67.80118,69.31089,58.41233,66.8431,64.2028,58.89822,55.9017,63.03174,56.72742,58.41233,56.63921,50.24938,54.6443,54.91812,49.39636,51.61395,50.53712,51.26402,48.37355,50.28916,50.69517,44.94441,51.5461,47.53946,50.28916,47.43416,50.59644,47.29693,46.57252,50.28916,50.92151,44.91102,47.12749,49.64877,50.0,49.64877,46.95743,48.30114,51.62364,52.83938,50.53712,48.54894,45.79301,48.01042,50.21952,42.80187,42.63801,45.45327,38.20995,44.68781,39.69887,38.28838,37.01351,39.96248,32.14032,34.71311,37.48333,37.0,37.36308,40.5216,40.26164,44.27189,51.5461,51.62364,54.40588,52.81098,58.5235,62.03225,61.68468,57.58472,61.68468,59.77458,63.15853,63.90618,62.62587,67.62396,63.56099,62.24147,66.70832,63.52952,59.5063,60.41523,61.05735,58.60034,54.81788,55.0,53.03772,53.8145,54.81788,52.00961,50.0,48.37355,55.47071,53.22593,50.44799,45.88028,52.39275,53.23533,51.0392,57.00877,52.46904,56.75385,55.7315,51.66237,61.68468,66.21933,70.21396,55.36244,64.49806,61.29437,63.81222
11.40175,11.40175,10.44031,10.77033,9.48683,10.77033,9.84886,8.94427,9.43398,8.94427,9.43398,9.43398,9.43398,9.43398,8.60233,9.21954,9.21954,8.48528,9.21954,8.48528,8.48528,8.48528,7.81025,8.48528,8.48528,9.21954,9.21954,8.48528,8.48528,7.81025,9.21954,8.48528,8.48528,8.48528,8.48528,9.21954,8.60233,8.60233,8.06226,8.06226,7.2111,8.06226,7.61577,7.61577,7.61577,7.28011,7.28011,7.28011,6.08276,6.08276,6.0,6.0,65.73431,65.11528,59.20304,62.8172,62.8172,58.46366,57.87055,60.16644,57.56735,51.24451,56.35601,53.22593,58.18075,52.3259,50.9902,48.37355,49.65884,46.06517,48.41487,51.47815,49.39636,44.82187,43.18565,43.18565,43.27817,45.45327,48.79549,49.57822,47.38143,51.73973,48.16638,50.20956,46.01087,45.25483,48.16638,48.82622,49.0408,45.0,46.87217,46.40043,50.21952,46.04346,45.65085,42.94182,40.31129,46.8188,37.69615,44.64303,37.0,37.69615,38.8973,42.57934,39.62323,38.47077,37.01351,39.11521,34.05877,30.26549,38.0,32.24903,39.01282,41.04875,35.12834,41.59327,40.26164,51.24451,52.95281,54.23099,49.49747,56.32051,57.03508,60.13319,60.41523,60.41523,59.5399,61.61169,56.4358,60.01666,65.11528,66.09841,61.81424,58.85576,66.70832,63.60031,59.43904,63.06346,58.82176,58.5235,51.47815,48.75449,50.11986,53.00943,52.63079,53.2635,48.41487,49.51767,50.80354,44.41846,51.86521,48.8774,50.08992,47.12749,44.92215,49.72927,62.16912,58.85576,56.7186,53.46027,65.0,63.00794,58.13777,66.06815,61.40033,67.26812
12.80625,11.40175,11.40175,11.40175,10.81665,10.81665,10.81665,10.29563,10.81665,10.29563,9.84886,9.84886,9.84886,9.84886,9.48683,9.48683,9.48683,9.48683,8.24621,9.21954,8.24621,9.21954,9.21954,9.05539,9.21954,9.21954,10.19804,9.21954,9.21954,10.44031,9.48683,9.21954,9.48683,9.48683,9.48683,9.84886,9.84886,8.94427,8.06226,8.60233,8.60233,8.60233,7.81025,7.81025,7.81025,7.81025,7.81025,7.07107,7.2111,6.40312,7.2111,5.83095,59.4138,60.82763,61.52235,63.03174,65.06919,57.98276,58.89822,55.0,61.03278,59.5483,57.42822,55.21775,53.53504,51.31277,53.0,49.09175,51.0,50.53712,44.72136,47.01064,48.75449,46.23851,44.91102,45.12206,45.12206,43.68066,50.44799,44.38468,44.92215,51.24451,46.57252,51.66237,47.53946,43.73786,50.9902,49.64877,46.32494,48.70318,45.88028,49.0408,49.65884,49.65884,43.04649,46.51881,42.05948,46.87217,43.27817,44.20407,41.7732,41.23106,42.44997,38.8973,41.03657,33.6006,35.22783,33.83785,36.71512,32.24903,33.12099,32.44996,39.20459,39.20459,36.87818,43.27817,43.60046,47.01064,49.0408,51.0392,56.22277,52.43091,55.80323,59.03389,63.12686,57.38467,63.89053,60.81118,61.6198,62.36986,60.1415,63.89053,63.41136,61.6198,63.12686,62.24147,58.0517,64.53681,55.0,54.6443,54.6443,53.33854,48.75449,51.47815,50.32892,52.81098,53.75872,48.50773,52.7731,47.16991,53.00943,49.0408,51.47815,49.47727,50.28916,52.88667,55.15433,52.3259,57.27128,54.56189,52.7731,57.68882,60.20797,64.89992,61.22091,66.4003
11.6619,11.6619,10.81665,10.81665,10.81665,10.81665,11.40175,9.89949,10.63015,9.21954,10.63015,9.21954,8.48528,8.48528,9.21954,8.60233,8.60233,8.60233,8.60233,8.60233,8.60233,8.06226,8.60233,8.06226,8.06226,8.94427,8.94427,8.06226,8.60233,8.60233,8.60233,8.60233,8.60233,8.60233,9.21954,8.60233,9.21954,8.48528,7.81025,7.81025,8.60233,7.81025,8.60233,8.06226,8.06226,7.61577,8.06226,7.61577,7.28011,7.28011,7.28011,7.07107,65.36819,66.85058,68.47627,67.54258,66.64833,62.64982,57.69749,56.35601,56.0357,61.58734,58.24946,58.24946,58.41233,50.47772,50.32892,51.62364,47.42362,50.93133,48.16638,49.67897,51.08816,47.80167,42.72002,47.80167,44.20407,43.01163,49.09175,46.09772,42.72002,50.77401,47.50789,48.02083,48.8774,47.50789,47.01064,47.01064,46.06517,50.0,46.04346,51.40039,48.9183,50.20956,43.18565,43.13931,45.25483,46.40043,45.34314,43.93177,40.45986,40.0,39.82462,41.62932,40.71855,37.16181,39.84972,37.36308,33.54102,30.59412,32.98485,36.13862,39.84972,37.36308,41.4367,40.16217,43.01163,49.33559,45.54119,49.39636,52.92447,55.71355,55.15433,58.87274,56.921,63.69458,58.18935,60.16644,61.46544,62.24147,63.32456,64.62198,59.5063,64.2573,63.50591,59.03389,61.58734,56.4358,56.30275,54.6443,58.41233,51.40039,52.40229,51.62364,54.56189,49.67897,53.33854,49.24429,48.8467,45.88028,51.41984,50.44799,51.97115,55.3263,51.08816,53.15073,54.00926,56.0803,55.9017,55.57877,66.28725,59.66574,69.12308,62.39391,59.80803,67.05222
12.20656,11.6619,11.6619,11.18034,11.18034,10.29563,11.18034,10.77033,10.77033,9.48683,10.44031,10.44031,10.19804,9.21954,9.21954,10.19804,9.05539,9.05539,9.05539,9.0,9.05539,9.0,9.0,9.0,9.0,9.0,9.0,9.0,9.0,10.0,9.05539,9.05539,9.05539,9.05539,9.21954,9.21954,9.21954,8.24621,8.24621,8.24621,9.48683,8.544,8.544,7.61577,8.06226,7.2111,8.06226,7.2111,7.2111,6.40312,7.07107,7.07107,67.88225,71.42129,70.29225,63.03174,62.482,62.93648,65.21503,56.0803,61.22091,53.25411,59.64059,56.30275,54.40588,54.12947,52.15362,52.20153,54.42426,54.40588,50.28916,50.69517,49.0408,49.47727,49.49747,48.50773,52.63079,42.57934,47.85394,50.48762,50.15974,49.25444,47.16991,48.25971,45.70558,47.26521,52.39275,47.29693,45.60702,48.27007,49.24429,51.07837,47.92703,53.48832,43.9659,47.53946,44.77723,48.8774,45.69464,43.41659,43.04649,46.04346,45.22168,38.28838,40.31129,39.62323,37.48333,38.41875,34.66987,37.44329,31.90611,36.61967,36.61967,41.40048,39.82462,40.60788,47.01064,49.20366,49.67897,52.49762,55.9017,61.52235,54.45181,56.58622,57.48913,59.4138,60.44005,59.39697,63.70243,65.43699,68.24954,63.65532,63.65532,60.82763,60.959,61.07373,60.30755,62.20129,60.44005,57.00877,59.16925,56.0803,55.54278,52.39275,50.53712,49.0408,52.63079,51.15662,48.01042,48.04165,51.0098,49.0408,52.7731,53.60037,48.76474,51.26402,52.0,58.18075,60.53924,59.07622,62.42596,56.30275,67.80118,66.70832,67.20863,69.35416
10.77033,10.77033,9.84886,10.77033,9.48683,10.44031,9.48683,9.48683,9.48683,9.21954,9.05539,9.05539,9.05539,8.06226,8.06226,9.0,8.0,8.06226,8.06226,8.0,8.0,8.06226,7.07107,8.06226,9.05539,8.24621,9.05539,9.05539,8.06226,8.06226,8.06226,9.0,9.0,8.0,8.0,8.0,8.06226,8.06226,8.06226,8.24621,7.28011,7.28011,7.28011,6.32456,6.7082,6.7082,5.83095,5.83095,6.40312,6.40312,5.65685,5.65685,68.60029,67.74216,69.97142,69.857,61.32699,63.07139,61.29437,65.0,57.27128,61.84658,54.42426,56.75385,57.56735,50.96077,53.36666,59.43904,50.63596,50.48762,47.26521,46.09772,52.00961,44.18144,51.0098,45.01111,45.09989,49.16299,47.09565,50.03998,48.0,47.26521,52.15362,50.01,49.49747,46.09772,45.39824,48.16638,49.0408,52.08647,51.08816,44.04543,47.01064,46.38965,45.54119,46.38965,50.80354,43.41659,44.14748,43.93177,45.88028,40.8534,42.72002,40.24922,42.04759,40.71855,36.61967,35.4683,39.05125,33.97058,39.69887,32.52691,37.48333,37.80212,39.20459,41.88078,43.26662,49.92995,46.87217,51.61395,54.3783,55.22681,59.36329,64.63745,58.82176,66.88797,58.82176,64.49806,65.51336,64.14047,68.47627,62.43397,63.28507,61.29437,62.64982,61.26989,59.48109,60.41523,71.58911,78.05767,56.0803,55.54278,56.32051,59.4138,55.14526,56.0357,54.03702,51.0098,55.22681,51.97115,50.28916,51.5461,54.78138,52.47857,58.41233,58.00862,55.31727,55.9017,57.00877,62.96825,62.96825,64.38167,58.89822,65.79514,65.45991,66.28725
11.6619,10.81665,10.81665,10.81665,10.81665,9.43398,10.29563,9.84886,9.84886,9.84886,8.544,8.544,9.48683,8.24621,8.24621,9.21954,8.24621,8.24621,8.06226,8.06226,8.06226,9.05539,8.06226,9.0,8.0,8.06226,8.06226,9.05539,8.06226,8.06226,8.06226,9.05539,9.05539,8.24621,8.24621,8.24621,8.544,8.544,8.544,7.61577,7.2111,7.2111,7.2111,6.40312,6.40312,7.07107,6.40312,7.07107,6.40312,6.40312,5.83095,5.83095,68.88396,69.31089,67.35726,60.1415,63.25346,60.20797,58.0,60.10824,58.89822,53.53504,58.13777,50.44799,48.8774,53.7122,46.06517,52.80152,55.47071,46.51881,47.43416,44.92215,46.84015,44.27189,46.32494,51.24451,43.9659,49.24429,45.17743,47.51842,50.63596,47.51842,45.27693,51.35173,47.07441,49.81967,48.6621,49.81967,47.67599,51.5461,47.80167,46.17359,46.09772,45.22168,51.26402,44.77723,46.51881,44.10215,45.48626,44.29447,40.22437,39.40812,41.86884,42.42641,38.20995,36.79674,36.12478,36.87818,30.52868,31.30495,30.52868,32.20248,32.44996,37.44329,35.51056,39.44617,43.60046,46.61545,54.03702,48.60041,50.9902,56.72742,59.20304,57.2014,56.30275,56.40035,57.48913,58.89822,59.81639,62.42596,65.60488,61.6198,62.28965,61.84658,57.31492,62.93648,60.82763,58.0517,58.41233,56.85068,56.22277,52.43091,52.20153,52.35456,50.53712,48.8467,49.0408,52.20153,51.35173,54.45181,50.01,49.16299,51.24451,48.05206,56.08921,56.921,55.97321,57.38467,56.0803,55.71355,60.37384,66.64833,59.36329,62.43397,64.66065,70.21396
11.18034,10.77033,11.18034,11.18034,10.29563,8.94427,10.29563,9.43398,9.43398,9.43398,8.60233,9.21954,8.60233,9.21954,8.48528,8.48528,8.48528,7.81025,8.60233,7.81025,7.81025,8.60233,7.81025,8.06226,8.60233,8.60233,8.60233,8.60233,8.60233,8.06226,8.60233,8.60233,7.81025,7.81025,8.48528,7.81025,7.81025,7.81025,7.81025,7.81025,7.2111,7.2111,7.2111,6.7082,6.7082,6.32456,6.32456,6.32456,6.32456,6.08276,6.0,5.0,71.30919,66.21933,65.96969,62.0967,66.70832,61.98387,65.19202,60.08328,56.0803,53.7122,53.66563,56.36488,55.9464,58.66856,51.0,52.47857,54.03702,47.70744,50.44799,46.40043,48.10405,47.42362,49.51767,49.51767,48.83646,43.84062,42.80187,49.57822,47.38143,44.55334,48.10405,45.60702,50.93133,45.60702,47.38143,49.51767,51.08816,49.81967,50.20956,47.01064,47.43416,48.02083,48.25971,49.09175,45.48626,40.71855,43.38202,40.71855,36.40055,43.32436,40.5216,36.87818,41.0,35.35534,36.05551,37.01351,36.0,29.61419,33.54102,32.89377,36.40055,35.8469,39.21734,39.81206,43.65776,43.68066,44.59821,49.72927,48.50773,50.69517,57.24509,57.58472,56.51548,56.30275,62.93648,57.24509,62.93648,59.80803,62.39391,62.76942,60.40695,57.87055,60.53924,60.16644,57.70615,56.64804,57.70615,56.30275,57.3062,54.70832,53.2635,54.81788,51.08816,49.67897,52.43091,52.40229,56.82429,49.64877,49.65884,50.56679,52.92447,45.88028,58.46366,55.9017,53.15073,63.00794,63.12686,58.00862,65.06919,67.1193,58.42089,66.37017,69.58448,63.95311
11.0,10.0,11.04536,10.0,10.04988,9.05539,10.19804,10.19804,9.48683,10.19804,9.21954,9.21954,9.21954,8.24621,8.24621,8.94427,8.94427,8.94427,8.06226,8.06226,8.06226,8.06226,8.60233,8.06226,8.06226,8.60233,8.60233,8.60233,8.60233,9.43398,8.06226,8.06226,8.94427,8.94427,8.94427,8.94427,8.544,7.28011,7.28011,7.28011,8.24621,7.28011,8.06226,7.07107,6.08276,6.08276,6.0,6.0,6.08276,6.08276,5.09902,5.09902,70.00714,63.07139,67.00746,65.27634,64.49806,64.12488,59.5399,64.62971,57.87055,60.01666,56.75385,56.32051,56.04463,53.45091,53.75872,55.71355,53.85165,51.47815,47.88528,47.50789,49.40648,49.39636,49.40648,50.21952,45.61798,46.2277,46.61545,52.80152,50.60632,48.10405,51.73973,47.42362,51.40039,49.81967,53.8145,50.21952,49.81967,48.37355,49.09175,50.47772,51.89412,50.60632,46.61545,41.78516,47.75982,46.23851,43.9659,42.37924,42.72002,39.62323,40.11234,37.05401,38.0,34.1321,37.01351,35.0571,31.14482,31.40064,31.06445,28.07134,33.13608,36.22154,36.49658,34.23449,38.63936,44.72136,48.37355,47.51842,48.37355,50.80354,51.35173,54.23099,53.46027,61.18823,56.56854,64.38167,56.14268,58.0517,61.98387,61.81424,60.53098,60.67125,58.85576,56.32051,59.90826,57.00877,55.97321,50.92151,60.40695,53.23533,50.60632,50.24938,49.09175,50.91169,52.80152,48.79549,51.62364,46.09772,47.50789,48.82622,49.39636,55.54278,47.75982,50.32892,54.40588,55.08176,56.51548,58.85576,60.82763,60.29925,62.64982,67.00746,65.00769,62.0
12.04159,12.04159,12.04159,12.04159,11.40175,10.63015,10.63015,10.81665,10.81665,10.29563,10.29563,10.29563,10.29563,9.84886,9.84886,9.84886,9.84886,9.48683,9.48683,9.48683,9.48683,9.48683,8.544,9.21954,9.21954,9.21954,9.21954,9.48683,9.48683,9.48683,9.48683,9.48683,9.48683,9.48683,9.84886,8.94427,8.94427,8.94427,8.94427,8.94427,8.60233,8.60233,8.60233,7.81025,7.81025,7.07107,7.07107,7.81025,7.81025,6.40312,6.7082,6.7082,72.49828,68.09552,64.49806,70.83078,67.80118,67.20119,69.46222,65.51336,59.81639,63.89053,55.97321,60.20797,63.70243,59.46427,57.62812,56.85068,54.81788,54.03702,55.0,46.64762,52.69725,51.89412,53.23533,49.92995,48.37355,54.3783,49.64877,53.33854,53.22593,51.47815,53.66563,53.48832,51.42956,54.12947,50.08992,50.53712,50.11986,53.23533,49.73932,49.92995,49.73932,46.40043,53.00943,47.42362,52.34501,48.16638,41.72529,49.51767,41.86884,40.80441,42.43819,37.44329,39.11521,38.01316,37.69615,38.27532,34.78505,28.30194,29.52965,32.20248,30.88689,35.22783,35.0,37.44329,36.89173,43.909,43.82921,43.01163,50.0,52.00961,57.80138,56.22277,53.0,55.75841,57.68882,57.48913,60.53924,59.68249,63.24555,56.61272,56.85068,58.24946,57.38467,59.81639,58.89822,54.67175,57.80138,52.34501,52.49762,56.0803,55.44367,52.49762,49.24429,49.24429,48.46648,50.69517,50.59644,53.75872,52.61179,50.15974,51.0098,50.15974,45.0,50.35871,50.63596,58.69412,57.07013,59.13544,63.32456,62.39391,57.58472,64.41273,70.68239,66.18912
12.20656,12.20656,11.40175,11.40175,10.63015,10.63015,10.63015,11.31371,9.89949,9.89949,9.89949,9.89949,9.21954,9.21954,9.21954,10.0,9.43398,9.43398,9.43398,9.43398,8.94427,8.94427,8.94427,8.94427,8.94427,9.84886,8.94427,8.94427,9.43398,8.94427,8.94427,8.94427,9.43398,8.60233,10.0,8.60233,9.21954,8.48528,8.48528,8.48528,7.81025,7.81025,7.81025,7.2111,7.2111,7.2111,6.7082,6.7082,6.32456,6.32456,6.08276,6.08276,66.7308,69.77105,71.02816,63.52952,67.60178,65.8635,62.96825,62.68174,61.03278,59.90826,59.20304,57.42822,57.48913,55.9017,55.44367,54.48853,50.93133,49.0408,49.57822,55.0,54.40588,55.0,48.01042,45.22168,52.15362,46.64762,48.76474,48.76474,51.10773,51.97115,51.47815,54.20332,47.16991,47.16991,53.25411,51.85557,48.25971,50.0,57.38467,47.63402,51.73973,50.20956,45.34314,43.84062,45.27693,44.94441,46.04346,43.56604,41.14608,40.70626,38.48376,39.21734,37.94733,34.17601,38.07887,32.01562,31.40064,27.58623,27.65863,28.28427,27.80288,34.05877,31.82766,33.97058,40.36087,38.94868,43.86342,43.13931,46.69047,50.24938,50.24938,48.16638,53.75872,57.31492,55.9017,55.17246,57.48913,58.79626,58.72819,60.20797,58.13777,58.0517,61.55485,55.86591,55.17246,54.56189,55.86591,57.48913,51.08816,54.91812,50.44799,55.56978,55.07268,50.15974,53.85165,50.44799,51.24451,47.07441,48.83646,52.34501,49.0408,54.00926,50.69517,49.49747,55.54278,58.24088,53.16014,57.27128,56.32051,63.50591,60.74537,62.64982,65.0,61.32699
12.72792,12.72792,12.72792,12.04159,11.31371,12.04159,12.04159,11.31371,11.40175,10.81665,10.81665,10.81665,10.29563,9.43398,9.43398,10.29563,9.84886,9.84886,8.94427,8.94427,9.84886,9.48683,9.84886,9.48683,9.48683,9.48683,9.84886,9.84886,9.84886,9.84886,8.94427,8.94427,8.94427,8.94427,10.29563,9.43398,10.0,8.60233,8.48528,8.48528,8.48528,8.48528,7.81025,7.81025,8.06226,7.2111,8.06226,6.7082,6.32456,7.28011,7.28011,6.08276,69.29646,65.19202,67.62396,67.89698,68.88396,66.70832,58.00862,59.40539,60.44005,58.00862,62.20129,58.24946,59.20304,50.77401,52.47857,53.7122,54.56189,49.39636,55.4617,50.08992,53.14132,51.26402,45.89118,49.39636,47.80167,50.32892,49.0408,50.01,50.0,50.69517,52.17279,52.49762,47.07441,51.1957,52.95281,45.22168,48.76474,48.46648,51.42956,52.39275,51.0,53.7122,47.01064,44.77723,43.60046,43.01163,48.27007,45.0,44.59821,43.18565,39.69887,39.66106,37.64306,35.8469,33.61547,37.44329,35.34119,25.94224,27.65863,25.4951,28.6531,28.17801,34.43835,33.61547,36.05551,40.31129,40.70626,44.28318,45.65085,50.69517,54.12024,48.8774,53.7122,50.9902,52.80152,55.9464,54.20332,55.4617,56.79789,57.70615,55.15433,53.22593,56.82429,59.61543,56.35601,52.92447,58.69412,57.87055,52.81098,53.85165,51.5461,52.88667,48.6621,49.0408,51.0392,50.03998,52.23983,52.23983,47.29693,54.34151,51.24451,52.0,55.75841,54.12947,54.12947,52.80152,56.60389,57.00877,64.66065,61.40033,58.89822,62.28965,71.44928,65.94695
11.6619,11.6619,10.81665,11.6619,10.81665,10.81665,10.0,10.0,10.0,10.63015,9.89949,9.89949,9.21954,9.21954,9.21954,9.21954,8.60233,8.60233,9.43398,9.43398,8.06226,8.94427,8.94427,8.544,8.94427,8.94427,8.94427,8.94427,8.94427,8.06226,8.94427,8.60233,8.60233,8.60233,7.81025,7.81025,7.81025,7.81025,7.81025,7.07107,7.07107,6.40312,7.2111,6.7082,6.7082,6.7082,6.32456,6.32456,6.32456,6.08276,6.08276,5.09902,71.84706,73.73602,69.89278,69.64194,68.8767,61.84658,65.39113,65.39113,64.84597,58.59181,65.0,56.79789,59.90826,60.46487,55.44367,52.20153,57.38467,55.17246,56.22277,54.45181,50.24938,54.56189,48.60041,53.00943,54.67175,53.2635,50.47772,51.10773,55.80323,49.39636,51.0392,53.0,51.62364,55.80323,51.61395,51.40039,55.47071,50.44799,52.63079,48.83646,51.08816,48.27007,48.10405,50.91169,44.82187,44.65423,43.01163,43.01163,40.81666,43.82921,39.35734,41.23106,38.27532,35.17101,39.29377,33.73426,33.13608,24.35159,26.92582,29.73214,32.69557,33.61547,32.89377,38.47077,37.16181,41.62932,43.56604,47.01064,48.75449,51.42956,49.64877,55.00909,58.60034,51.10773,54.12024,57.3062,56.36488,57.70615,62.16912,60.82763,63.95311,58.18075,60.20797,60.74537,56.0803,61.85467,61.29437,54.40588,58.79626,55.22681,55.9017,52.34501,54.03702,50.21952,51.0,49.39636,56.0803,47.41308,53.31041,53.85165,56.88585,50.80354,47.67599,53.08484,56.0803,64.00781,64.38167,68.593,63.95311,64.93843,65.73431,69.26038,71.06335,70.0928
11.04536,12.16553,11.40175,11.18034,11.18034,10.19804,10.19804,9.48683,9.48683,9.48683,9.48683,9.48683,9.84886,8.544,8.544,8.94427,8.94427,8.94427,9.43398,8.60233,8.60233,8.60233,8.60233,8.60233,8.60233,8.06226,8.60233,8.60233,8.60233,8.06226,8.60233,8.60233,8.06226,8.06226,8.544,8.544,8.24621,7.61577,7.28011,7.28011,7.07107,7.07107,7.07107,7.0,6.0,7.07107,6.08276,6.08276,6.08276,6.32456,5.83095,5.83095,72.56032,70.45566,73.43705,63.78871,66.48308,63.95311,66.94027,68.88396,63.15061,57.56735,59.43904,61.03278,58.5235,62.03225,55.71355,54.42426,55.36244,54.12947,51.88449,52.35456,51.0,52.47857,49.40648,53.53504,55.75841,47.70744,48.01042,52.63079,49.67897,52.49762,50.80354,52.80152,49.57822,54.67175,52.69725,52.69725,52.15362,51.0392,53.23533,53.22593,49.24429,51.62364,47.75982,46.61545,45.88028,43.41659,43.73786,41.97618,40.1995,40.4475,39.01282,40.0,39.05125,33.13608,38.32754,35.73514,34.53983,27.45906,28.4605,28.63564,26.40076,28.6531,33.10589,33.10589,35.51056,39.39543,38.94868,40.31129,46.06517,47.88528,50.56679,52.81098,52.92447,56.0803,50.15974,59.48109,57.77543,52.92447,56.46238,60.41523,57.77543,57.38467,61.7414,53.66563,57.24509,51.42956,56.35601,52.47857,56.0803,52.80152,55.44367,54.81788,51.73973,48.08326,51.66237,49.40648,48.01042,49.92995,51.97115,49.24429,53.66563,52.55473,54.70832,58.69412,50.63596,58.42089,57.21888,62.03225,60.0,58.0,65.00769,68.00735,66.0,71.25307
12.16553,11.18034,12.04159,12.16553,11.04536,11.18034,11.04536,10.04988,10.04988,10.0,10.04988,10.0,10.0,9.0,9.05539,9.05539,9.05539,8.24621,9.21954,8.544,8.24621,8.24621,8.24621,8.544,8.544,8.24621,9.48683,8.544,8.544,9.21954,9.21954,8.544,9.21954,8.24621,9.05539,8.06226,9.0,8.0,8.0,8.0,8.06226,7.28011,7.07107,7.28011,7.28011,7.61577,6.32456,6.32456,5.83095,5.83095,6.40312,5.65685,72.49828,71.17584,70.2282,67.06713,72.8011,64.51356,67.6757,70.5195,61.68468,59.77458,57.97413,59.84146,57.27128,58.13777,58.69412,55.44367,56.14268,55.22681,57.07889,50.08992,57.00877,50.48762,54.45181,53.60037,51.47815,54.91812,54.33231,50.48762,51.97115,52.17279,52.46904,50.44799,49.25444,57.87055,52.61179,51.97115,60.20797,59.4138,52.23983,51.08816,46.17359,46.04346,50.0,47.51842,45.17743,46.69047,44.91102,42.95346,40.31129,42.44997,40.8534,38.07887,38.48376,36.35932,36.61967,39.82462,33.97058,26.24881,26.92582,25.70992,31.57531,30.59412,28.44293,38.11824,38.0526,38.47077,40.1995,40.79216,45.70558,45.27693,49.25444,48.37355,46.32494,54.34151,49.72927,53.15073,50.63596,48.37355,56.88585,56.56854,63.50591,58.85576,56.32051,59.5399,60.67125,56.14268,56.00893,49.09175,57.00877,57.21888,55.44367,51.24451,50.63596,54.34151,50.69517,50.92151,56.46238,53.22593,51.40039,52.69725,54.67175,52.80152,50.32892,55.22681,57.31492,55.47071,59.20304,63.00794,63.51378,68.50547,60.41523,70.68239,67.1193,71.30919
12.36932,13.34166,11.40175,12.36932,11.40175,12.64911,11.7047,11.7047,10.77033,10.29563,10.77033,10.29563,10.29563,10.29563,10.29563,10.0,10.81665,9.43398,10.0,9.21954,10.0,10.0,9.21954,9.89949,10.63015,10.63015,10.63015,10.0,10.63015,10.63015,10.0,10.0,10.0,9.43398,9.43398,9.43398,9.43398,8.94427,8.94427,8.544,8.544,8.24621,8.24621,7.28011,7.28011,7.07107,7.07107,7.0,6.08276,6.08276,6.08276,5.09902,70.34913,66.00758,72.06247,69.02898,71.0,72.02777,68.06614,70.02857,62.03225,68.00735,66.18912,62.28965,64.19502,58.0517,61.98387,58.69412,56.51548,57.97413,53.16014,54.40588,63.15853,54.42426,54.58938,50.69517,54.12024,48.30114,54.56189,53.23533,51.42956,55.56978,53.7122,56.0803,49.24429,55.9017,57.70615,52.39275,54.42426,54.23099,53.85165,56.46238,50.92151,54.81788,50.9902,46.57252,43.56604,43.56604,48.50773,43.01163,45.01111,43.01163,41.19466,41.7732,39.81206,38.32754,37.10795,37.94733,32.64966,24.08319,26.1725,24.18677,30.80584,27.45906,32.01562,32.75668,36.05551,38.83298,41.76123,43.41659,45.35416,46.57252,43.68066,48.05206,50.48762,54.34151,50.01,51.78803,51.97115,54.91812,56.56854,56.56854,58.0517,53.60037,56.29387,56.08921,56.04463,49.47727,55.08176,45.31004,54.42426,51.07837,48.30114,49.1935,47.16991,43.26662,51.22499,52.49762,48.9183,46.66905,48.16638,48.25971,48.01042,51.0,44.28318,50.69517,57.24509,63.24555,52.20153,56.56854,61.98387,67.26812,62.64982,65.62012,66.37017,67.74216
13.0,13.41641,12.08305,13.41641,12.08305,12.08305,12.52996,11.6619,11.6619,11.6619,10.81665,10.81665,10.81665,10.0,10.0,10.63015,11.31371,9.89949,9.89949,9.89949,9.89949,9.89949,9.89949,9.21954,9.21954,10.0,10.63015,10.63015,10.0,10.63015,9.89949,9.89949,9.89949,9.89949,10.63015,9.21954,10.0,9.43398,9.43398,9.43398,9.43398,8.94427,8.94427,8.544,8.544,8.544,8.24621,7.28011,7.07107,7.07107,7.0,7.0,73.79024,67.97794,75.47185,73.06162,74.70609,72.47068,66.85058,66.37017,67.95587,70.17834,68.41053,61.22091,64.66065,56.72742,61.22091,63.89053,61.84658,57.38467,59.66574,55.97321,55.47071,53.15073,55.47071,56.60389,50.60632,54.91812,59.16925,52.80152,56.82429,57.45433,61.05735,59.9333,49.64877,57.45433,51.97115,58.82176,58.60034,53.00943,52.47857,55.80323,55.44367,58.69412,56.63921,49.51767,50.44799,50.93133,50.21952,44.82187,50.44799,46.61545,40.31129,39.82462,42.05948,39.29377,39.84972,42.37924,39.62323,22.62742,28.3196,23.60085,27.65863,30.41381,31.14482,35.38361,33.94113,37.64306,36.79674,40.36087,46.01087,44.59821,50.24938,51.08816,48.27007,50.93133,53.07542,52.49762,51.66237,49.57822,55.31727,51.62364,57.48913,51.62364,55.22681,53.75872,55.97321,53.90733,54.56189,51.08816,50.93133,50.44799,46.32494,49.39636,49.1935,52.55473,48.10405,48.46648,50.28916,49.64877,52.34501,52.00961,50.03998,48.04165,58.54912,51.41984,54.57105,58.24088,54.42426,62.96825,60.08328,68.00735,66.12866,69.35416,71.30919,69.97142
12.80625,12.80625,12.80625,12.20656,11.40175,11.40175,12.04159,12.04159,12.04159,11.31371,11.31371,10.63015,10.63015,10.63015,10.63015,10.81665,10.29563,10.0,10.29563,8.94427,9.43398,8.94427,10.29563,9.43398,8.94427,10.29563,10.77033,9.84886,9.84886,10.29563,8.94427,9.84886,10.29563,9.43398,10.81665,10.0,10.0,9.21954,9.21954,8.48528,8.48528,9.21954,8.60233,7.81025,8.60233,8.06226,8.06226,7.61577,7.61577,7.28011,7.28011,6.32456,76.47876,69.83552,68.60029,71.19691,69.89278,68.47627,69.46222,69.40461,62.00806,66.28725,64.07027,65.19202,64.40497,59.46427,59.03389,58.72819,61.55485,59.39697,56.0803,54.48853,57.62812,52.20153,54.6443,47.70744,53.60037,56.0803,56.93856,57.3062,54.70832,54.70832,57.68882,61.29437,49.92995,57.98276,56.93856,57.70615,56.82429,51.97115,51.61395,57.00877,56.85948,57.38467,53.07542,53.90733,53.03772,50.24938,52.80152,46.8615,45.45327,46.87217,47.70744,45.48626,41.67733,42.15448,37.94733,37.64306,37.05401,25.0,27.65863,26.24881,29.73214,31.1127,30.0,31.14482,36.12478,41.03657,37.48333,40.31129,47.38143,45.96738,46.09772,44.59821,49.57822,56.63921,51.62364,48.83646,52.34501,51.73973,56.72742,55.15433,53.03772,50.20956,55.22681,50.93133,50.9902,50.93133,53.03772,50.24938,51.61395,46.14109,46.87217,50.15974,52.35456,43.65776,47.12749,45.60702,46.69047,48.6621,47.09565,49.0408,51.0392,47.09565,46.09772,46.69047,58.24088,59.48109,59.46427,58.87274,67.1193,65.80274,63.15853,65.79514,70.66116,67.23095
12.16553,12.16553,12.04159,11.04536,11.04536,11.04536,11.04536,11.0,10.04988,10.0,10.0,10.0,10.0,10.04988,10.04988,10.04988,9.05539,9.21954,9.21954,9.21954,9.21954,9.48683,9.21954,8.544,9.48683,9.48683,9.48683,9.48683,9.48683,9.48683,9.48683,9.21954,9.21954,9.21954,9.05539,10.04988,9.0,9.0,9.0,9.0,8.06226,9.05539,8.06226,8.06226,7.28011,7.61577,7.61577,6.7082,6.7082,6.7082,5.83095,6.40312,74.10803,76.11833,72.83543,70.85901,69.87131,70.85901,69.58448,72.83543,64.28063,65.49046,63.3877,58.13777,60.07495,63.0,58.07753,54.00926,59.13544,60.53098,56.4358,50.9902,52.95281,56.08921,54.70832,52.17279,51.41984,53.75872,54.40588,52.63079,53.16014,55.36244,55.54278,57.07013,60.40695,54.42426,54.57105,55.08176,57.72348,54.57105,57.27128,52.63079,54.45181,52.0,56.0357,51.0392,53.0,50.08992,49.16299,51.35173,44.72136,46.57252,43.32436,44.64303,37.69615,41.14608,40.71855,34.66987,37.80212,24.04163,25.0,27.20294,26.92582,27.51363,32.55764,31.38471,37.36308,37.33631,42.48529,42.2019,41.4367,47.43416,48.08326,49.33559,51.1957,50.21952,52.39275,52.20153,54.81788,53.60037,55.54278,55.7315,54.57105,55.31727,52.88667,50.44799,51.5461,56.08921,51.62364,49.72927,43.38202,50.9902,48.30114,47.85394,48.76474,46.87217,50.47772,48.10405,45.96738,50.20956,44.82187,46.40043,52.47857,46.14109,47.50789,51.42956,49.98,58.82176,59.20304,59.43904,62.36986,61.61169,63.78871,64.93843,71.02112,69.72087
12.04159,12.04159,12.04159,12.04159,11.04536,11.18034,11.18034,10.19804,10.19804,10.19804,10.44031,10.77033,10.77033,9.48683,9.48683,9.84886,9.84886,8.94427,8.94427,9.84886,8.94427,9.43398,9.43398,8.60233,10.0,10.0,10.0,9.43398,10.81665,9.43398,10.0,10.29563,10.29563,9.84886,9.84886,8.94427,8.94427,9.84886,9.48683,9.48683,8.24621,8.544,8.24621,8.06226,7.07107,7.0,7.0,7.0,6.08276,6.08276,6.08276,5.09902,70.3278,73.82412,70.68239,67.53518,74.24958,67.62396,66.21178,66.70832,64.62198,61.09828,61.46544,58.87274,61.35145,62.64184,55.10898,55.54278,58.24946,54.33231,52.61179,56.4358,57.42822,57.03508,52.0,53.00943,57.14018,54.03702,54.00926,53.03772,55.44367,54.58938,60.53098,58.07753,61.13101,53.03772,56.14268,53.00943,54.00926,59.03389,53.23533,54.14795,55.22681,54.45181,53.15073,52.46904,50.59644,49.0306,50.0,52.20153,44.28318,50.08992,44.29447,40.31129,43.01163,38.28838,37.80212,36.76955,36.06938,23.5372,24.04163,28.07134,25.17936,30.01666,29.42788,29.01724,32.24903,39.05125,38.0526,42.10701,48.16638,49.25444,46.69047,51.1957,45.39824,51.78803,52.17279,51.35173,52.39275,47.80167,57.28001,56.88585,54.45181,52.7731,55.22681,50.24938,50.24938,51.24451,53.0,54.00926,49.0408,49.16299,48.25971,51.24451,45.39824,47.80167,49.0408,47.75982,45.61798,46.51881,46.52956,45.22168,48.60041,45.60702,49.20366,48.9183,51.22499,55.31727,56.0803,61.05735,60.03332,62.42596,59.07622,53.22593,76.05919,68.41053
12.04159,11.31371,12.04159,11.31371,10.63015,9.89949,10.63015,10.63015,10.0,9.21954,10.0,10.0,10.0,9.43398,9.43398,9.84886,8.94427,8.94427,8.544,9.84886,8.94427,9.48683,8.544,9.48683,9.48683,9.48683,9.48683,9.48683,9.48683,9.48683,9.48683,9.48683,9.84886,9.84886,8.94427,9.43398,9.43398,9.43398,8.60233,8.60233,8.60233,7.81025,7.81025,7.07107,7.07107,6.40312,7.2111,6.40312,6.7082,6.7082,6.32456,5.38516,70.00714,71.42129,74.24958,67.88225,67.89698,66.46804,63.03174,69.42622,63.25346,59.20304,58.0517,60.21628,63.00794,58.41233,57.2014,57.45433,58.83026,58.66856,57.70615,51.88449,57.77543,47.75982,57.87055,52.81098,53.85165,54.42426,50.28916,52.49762,56.32051,51.97115,51.66237,57.00877,54.08327,59.66574,55.9017,62.03225,57.28001,55.36244,57.00877,57.93962,51.89412,54.42426,55.47071,53.23533,53.33854,46.87217,48.01042,47.43416,46.8615,43.13931,46.69047,41.7732,43.93177,41.40048,40.49691,38.91015,40.31129,26.62705,26.62705,28.63564,31.30495,29.06888,30.8707,34.43835,35.34119,41.67733,42.05948,45.17743,42.95346,45.17743,49.64877,51.0,47.88528,52.83938,49.24429,57.3062,49.64877,56.4358,51.97115,54.12024,53.22593,57.3062,51.42956,53.7122,51.0,54.12947,50.08992,53.31041,55.03635,53.75872,51.66237,48.27007,49.81967,42.19005,46.0,48.01042,45.04442,44.0,46.32494,45.60702,47.53946,51.26402,48.76474,49.92995,53.0,56.4358,57.98276,56.30275,59.07622,61.7171,58.82176,64.66065,72.47068,69.42622
12.04159,12.04159,12.72792,12.72792,11.31371,11.31371,11.31371,11.31371,11.31371,10.0,10.0,10.0,10.0,9.43398,10.29563,9.43398,10.29563,9.43398,8.94427,8.94427,8.94427,8.94427,9.84886,9.48683,9.48683,9.84886,9.84886,9.84886,9.84886,9.84886,9.84886,9.84886,9.84886,9.84886,10.29563,9.43398,9.43398,8.60233,9.21954,8.60233,9.21954,8.48528,8.48528,7.81025,8.60233,7.2111,8.60233,8.06226,6.7082,7.61577,7.28011,7.28011,70.72482,69.6563,68.0147,69.33974,71.28113,69.40461,70.03571,68.24222,61.84658,65.11528,60.30755,61.6198,66.6033,57.31492,57.98276,58.0517,60.44005,55.80323,56.0803,60.21628,57.68882,54.6443,54.20332,53.33854,52.15362,54.70832,54.70832,56.46238,51.42956,55.4617,58.59181,58.60034,58.69412,60.00833,61.84658,55.47071,58.60034,58.66856,57.3062,59.68249,61.29437,56.61272,53.2635,54.6443,53.60037,56.63921,52.34501,48.10405,45.80393,48.25971,43.41659,42.43819,43.04649,44.28318,41.59327,40.26164,36.68787,27.20294,26.40076,24.20744,29.06888,30.88689,30.52868,37.80212,36.05551,40.81666,40.22437,40.80441,45.80393,46.87217,47.80167,46.75468,50.60632,52.80152,55.17246,52.80152,51.73973,56.0803,52.63079,57.00877,53.8145,55.0,53.90733,57.00877,50.47772,54.08327,53.0,51.97115,42.54409,47.88528,50.56679,42.95346,48.75449,46.84015,46.48656,43.28972,45.12206,51.15662,45.01111,46.01087,45.17743,52.34501,51.5461,55.08176,52.55473,53.85165,54.23099,55.07268,59.05929,58.5235,63.13478,65.73431,66.03787,72.40166
12.04159,12.04159,12.04159,11.04536,11.04536,11.0,11.0,11.0,11.04536,10.04988,10.04988,10.04988,10.04988,9.05539,9.21954,10.19804,9.48683,9.48683,9.48683,9.48683,9.48683,9.48683,9.48683,9.84886,8.94427,9.84886,9.84886,9.84886,9.48683,9.84886,9.48683,9.48683,9.48683,9.48683,9.48683,9.48683,9.21954,9.05539,9.05539,9.05539,9.0,8.0,9.0,7.0,7.0,7.07107,7.07107,7.28011,7.28011,6.32456,5.38516,5.83095,68.96376,64.28841,71.56815,71.38627,68.65858,73.00685,62.96825,66.09841,62.16912,64.13267,61.29437,62.39391,63.3877,57.70615,56.0357,57.03508,58.0,53.23533,58.42089,54.34151,58.0517,54.58938,51.66237,49.25444,54.58938,51.78803,58.69412,54.57105,56.04463,54.08327,55.97321,59.48109,57.87055,56.921,56.32051,56.75385,52.88667,58.0517,57.70615,57.87055,56.88585,56.4358,47.09565,53.03772,54.00926,48.01042,51.0392,51.0392,49.36598,45.54119,43.73786,42.37924,42.05948,39.21734,39.39543,36.23534,36.89173,25.01999,29.0,23.0,27.45906,28.07134,33.13608,32.0,36.22154,44.0,40.0125,45.04442,43.01163,49.0408,49.0,48.09366,50.01,52.08647,52.00961,53.03772,54.03702,53.08484,51.0098,53.0,56.22277,56.14268,55.08176,53.03772,55.0,51.15662,54.00926,47.26521,48.6621,47.85394,46.57252,51.66237,48.38388,50.92151,46.06517,47.01064,48.02083,50.77401,50.24938,48.9183,43.18565,47.01064,57.00877,50.60632,50.47772,53.25411,49.1935,58.18075,64.51356,59.46427,60.40695,64.84597,65.14599,66.21933
12.20656,11.6619,12.52996,12.52996,11.6619,11.6619,11.6619,11.18034,11.18034,10.77033,11.18034,10.77033,10.44031,9.48683,10.44031,10.44031,10.19804,10.19804,10.19804,9.05539,9.05539,9.05539,10.04988,10.04988,10.04988,10.04988,10.04988,10.04988,10.04988,11.04536,10.04988,10.04988,10.04988,10.04988,10.19804,9.48683,9.48683,9.48683,8.544,9.48683,9.84886,8.94427,8.94427,8.06226,8.60233,8.60233,7.81025,7.81025,7.81025,7.81025,7.2111,7.2111,73.23933,69.46222,73.82412,71.86793,64.49806,72.47068,65.39113,72.01389,64.40497,64.84597,63.52952,64.07808,60.92618,52.20153,60.08328,55.97321,59.48109,60.16644,58.69412,54.14795,59.03389,56.08921,58.54912,56.00893,56.0357,51.08816,53.15073,54.03702,55.08176,61.0,57.03508,59.00847,57.07889,60.0,56.0357,62.28965,58.07753,57.03508,60.03332,55.22681,55.14526,55.9017,54.45181,55.7853,56.75385,52.81098,50.32892,47.53946,51.26402,55.54278,49.76947,42.95346,44.41846,42.05948,43.01163,42.63801,36.12478,28.63564,31.38471,28.23119,34.17601,30.08322,33.52611,34.48188,40.49691,39.05125,38.8973,47.16991,47.53946,51.24451,52.80152,51.86521,49.76947,55.65968,50.59644,56.04463,56.921,52.55473,55.71355,52.81098,54.08327,54.81788,60.16644,55.97321,58.5235,50.96077,53.85165,46.87217,54.23099,52.46904,53.08484,52.00961,52.03845,45.09989,48.04165,53.15073,51.5461,46.84015,46.23851,53.31041,44.41846,49.64877,53.7122,53.41348,53.03772,57.31492,54.03702,57.62812,67.47592,60.87693,58.00862,71.28113,68.00735,73.92564
13.0,12.04159,13.0384,12.04159,12.04159,12.04159,12.16553,11.18034,11.18034,11.18034,10.19804,11.40175,10.19804,10.44031,10.44031,10.44031,9.84886,9.84886,9.84886,9.84886,9.84886,10.29563,10.29563,10.29563,10.29563,10.29563,10.81665,10.29563,10.29563,10.81665,10.29563,10.29563,9.84886,10.77033,9.84886,10.77033,9.48683,9.48683,9.21954,9.21954,9.21954,9.21954,9.21954,9.05539,8.06226,8.0,8.0,8.06226,8.06226,7.07107,7.28011,6.32456,71.25307,66.00758,70.0,69.0,65.0,71.02816,66.00758,67.06713,64.07027,64.03124,65.27634,65.9242,64.62971,58.30952,60.29925,56.04463,57.07013,53.60037,55.7853,55.15433,60.74537,52.92447,53.85165,53.66563,50.32892,54.12024,55.9464,54.20332,59.03389,57.14018,56.79789,56.60389,56.35601,57.80138,52.3259,59.61543,54.56189,51.0,53.48832,56.79789,59.5063,58.5235,55.65968,53.75872,52.95281,49.47727,51.66237,49.49747,51.24451,47.04253,45.09989,45.04442,43.18565,41.97618,42.57934,39.62323,36.05551,23.19483,30.80584,27.65863,28.16026,31.32092,31.01612,34.78505,37.0,38.8973,36.87818,38.07887,46.27094,48.27007,50.80354,44.64303,48.27007,51.92302,50.69517,52.88667,54.57105,55.54278,52.39275,57.70615,52.95281,49.24429,52.88667,49.0408,54.57105,53.45091,52.20153,47.53946,48.46648,49.73932,47.41308,50.53712,45.80393,50.0,48.9183,43.93177,45.96738,44.59821,45.60702,55.22681,48.30114,49.24429,51.89412,52.20153,55.54278,50.0,54.12947,54.12947,60.82763,59.68249,60.13319,62.64982,67.06713,65.19202
12.08305,12.08305,12.64911,11.7047,11.7047,11.7047,10.77033,11.7047,10.44031,10.44031,10.44031,10.19804,10.19804,10.04988,10.04988,10.04988,10.04988,10.04988,10.0,10.04988,9.0,9.0,10.04988,9.05539,10.04988,10.04988,10.04988,10.04988,10.04988,10.0,10.04988,10.04988,10.0,10.0,10.04988,10.04988,10.04988,9.05539,9.05539,9.21954,9.48683,9.48683,8.24621,8.544,8.544,7.61577,8.06226,7.2111,7.81025,7.2111,6.40312,7.07107,63.95311,67.97794,69.26038,69.07966,71.7844,65.55151,70.34202,65.45991,66.09841,62.93648,58.69412,60.63827,56.51548,58.69412,57.07013,55.9017,54.23099,53.15073,53.23533,56.0803,57.00877,55.03635,54.23099,53.93515,52.23983,55.3263,55.08176,58.24946,54.23099,56.22277,50.48762,56.32051,53.15073,55.31727,55.9017,52.46904,56.88585,53.46027,62.514,54.33231,56.00893,56.0803,52.03845,55.14526,53.08484,51.24451,49.49747,45.70558,48.50773,46.57252,44.38468,47.75982,42.95346,37.69615,38.91015,38.07887,39.05125,24.73863,27.20294,31.32092,30.36445,32.01562,32.55764,36.01389,39.45884,39.05125,40.60788,41.7732,47.38143,49.24429,51.97115,51.92302,51.5461,52.39275,50.21952,51.97115,52.61179,54.57105,52.61179,55.7853,52.39275,54.12947,52.63079,54.34151,51.78803,51.47815,50.08992,48.16638,49.0408,50.08992,48.50773,47.51842,48.25971,46.09772,45.60702,45.60702,46.23851,47.01064,47.42362,43.41659,48.60041,46.01087,47.38143,54.45181,53.2635,57.38467,55.31727,57.80138,56.30275,59.40539,62.26556,66.37017,62.17717,65.9242
12.36932,12.36932,11.7047,11.40175,11.40175,11.7047,11.7047,10.77033,11.18034,10.77033,10.77033,9.84886,9.84886,9.43398,9.43398,10.81665,9.43398,10.0,9.21954,9.21954,9.21954,9.21954,9.89949,9.21954,9.21954,9.89949,9.89949,9.89949,9.89949,9.89949,9.21954,9.89949,10.0,9.21954,10.63015,10.0,10.0,9.43398,9.43398,8.94427,8.94427,8.94427,8.94427,8.544,8.544,8.544,8.24621,8.06226,8.06226,7.07107,7.0,7.0,72.18033,68.44706,68.65858,74.33034,67.72001,68.96376,61.61169,69.28925,64.56005,64.84597,60.72891,60.74537,58.30952,55.22681,61.26989,58.66856,57.3062,55.47071,57.98276,59.20304,57.62812,56.61272,52.20153,57.2014,53.07542,50.32892,53.8145,55.97321,53.8145,58.0517,54.67175,56.56854,52.34501,54.45181,57.38467,55.86591,58.0517,56.72742,56.0803,58.25805,53.8145,53.60037,53.41348,50.80354,53.53504,49.09175,56.30275,48.02083,47.42362,44.38468,46.17359,44.64303,42.95346,42.44997,38.32754,41.4367,39.01282,25.96151,27.313,27.313,29.83287,31.01612,33.54102,35.17101,33.24154,41.4367,38.07887,48.30114,46.09772,45.22168,47.01064,50.28916,45.88028,54.08327,50.59644,53.22593,53.48832,51.47815,54.12024,57.27128,52.3259,50.32892,51.0,52.0,53.22593,48.30114,52.43091,50.47772,53.82379,46.64762,47.43416,45.0,45.96738,46.09772,46.87217,43.56604,40.31129,44.65423,47.53946,45.18849,47.75982,49.72927,49.72927,53.33854,52.23983,54.03702,54.08327,51.0392,59.21149,62.64982,59.5399,61.61169,63.34824,66.70832
11.18034,11.18034,12.08305,11.18034,11.18034,10.77033,10.77033,9.84886,9.48683,10.19804,10.19804,10.19804,10.19804,10.19804,9.05539,9.0,9.0,9.0,10.0,9.0,9.0,10.04988,9.05539,9.05539,10.04988,9.05539,9.05539,10.04988,10.04988,10.04988,10.04988,10.04988,10.0,10.0,10.0,9.0,9.0,9.05539,9.05539,9.21954,8.06226,8.06226,8.24621,7.28011,7.28011,7.61577,6.7082,6.7082,6.7082,6.40312,6.40312,5.65685,68.54196,65.30697,72.01389,61.35145,64.62198,65.55151,68.70953,67.35726,58.82176,62.8172,58.94065,63.06346,66.4906,54.91812,55.57877,58.30952,60.29925,53.46027,56.0803,53.08484,59.07622,54.23099,55.3263,56.4358,50.03998,51.78803,54.33231,53.75872,53.60037,58.85576,53.16014,53.60037,56.7186,55.7315,53.75872,56.32051,57.42822,61.81424,56.0357,55.03635,54.23099,56.0357,53.0,51.24451,54.45181,49.25444,47.07441,52.61179,46.84015,44.59821,40.16217,47.75982,39.81206,41.14608,36.89173,36.35932,38.83298,30.52868,28.63564,29.06888,32.69557,34.53983,34.53983,34.48188,39.56008,40.49691,41.4367,47.01064,45.31004,49.24429,53.22593,52.55473,48.8467,51.62364,48.38388,53.75872,58.69412,54.12947,59.09315,51.86521,56.0803,56.30275,57.56735,55.9464,54.12024,56.61272,49.0306,48.25971,53.93515,46.17359,51.15662,47.04253,47.04253,49.64877,46.09772,42.95346,46.17359,50.0,43.86342,51.07837,45.79301,47.63402,46.64762,50.44799,44.59821,54.48853,54.48853,57.62812,61.40033,61.40033,56.60389,59.07622,71.69379,68.88396
13.0384,12.0,12.0,12.04159,12.04159,12.04159,12.04159,11.18034,11.18034,11.18034,11.18034,10.44031,10.44031,10.44031,10.44031,10.77033,9.84886,9.84886,9.84886,9.84886,9.84886,10.29563,10.29563,9.43398,10.29563,10.29563,10.81665,11.18034,10.29563,10.29563,10.29563,10.29563,9.84886,9.84886,9.84886,9.84886,10.44031,9.48683,9.48683,9.21954,9.21954,9.21954,9.05539,8.06226,9.05539,8.0,8.0,8.06226,7.07107,7.07107,7.07107,7.28011,69.72087,71.17584,64.28063,67.26812,64.53681,68.73136,64.19502,61.81424,66.09841,60.20797,59.03389,65.96969,57.38467,59.46427,60.87693,58.18075,55.54278,52.92447,53.66563,54.58938,56.30275,57.45433,53.85165,51.40039,59.68249,52.00961,55.0,57.00877,53.41348,55.44367,56.22277,58.89822,56.72742,53.8145,58.13777,56.0357,56.0803,54.40588,50.80354,56.60389,58.00862,54.3783,52.35456,52.35456,48.8467,50.56679,50.08992,47.53946,43.08132,46.84015,46.69047,45.54119,40.4475,42.19005,36.05551,40.0,37.48333,25.07987,28.01785,29.0,34.0147,33.37664,31.14482,31.14482,38.47077,41.19466,33.01515,39.20459,49.25444,49.16299,49.16299,52.23983,56.22277,51.78803,58.54912,55.3263,53.46027,55.7315,51.0392,58.24946,56.4358,57.14018,51.47815,52.61179,53.45091,51.92302,51.86521,52.0,48.46648,46.09772,44.72136,50.11986,48.82622,49.40648,48.01042,43.13931,48.08326,46.69047,49.73932,43.909,48.30114,48.10405,43.01163,48.27007,55.10898,50.48762,50.80354,55.57877,62.514,63.1981,66.00758,65.03076,67.02984,67.0
10.81665,10.81665,10.0,10.81665,10.0,10.29563,8.94427,9.43398,9.84886,8.94427,9.48683,9.48683,9.48683,9.48683,9.48683,8.24621,8.24621,8.06226,9.21954,9.05539,9.05539,9.05539,8.0,9.0,9.0,9.0,9.0,9.05539,10.04988,9.0,10.04988,9.05539,9.05539,9.21954,8.24621,8.24621,8.24621,8.24621,8.24621,8.24621,7.61577,7.61577,7.61577,7.2111,7.2111,6.40312,6.40312,6.40312,5.65685,5.65685,5.65685,5.0,68.96376,61.7171,71.28113,66.21933,70.60453,64.81512,59.64059,63.60031,63.89053,56.22277,60.10824,60.1415,56.63921,55.9017,53.07542,53.25411,55.31727,51.61395,54.40588,51.88449,51.07837,50.56679,51.89412,52.55473,54.12947,49.1935,49.98,57.24509,52.80152,49.98,58.5235,55.65968,52.55473,56.61272,55.15433,52.81098,53.22593,55.97321,54.42426,52.7731,51.42956,52.47857,51.31277,53.85165,49.40648,47.16991,43.84062,44.40721,43.86342,41.03657,42.44997,40.0,38.20995,39.20459,38.83298,39.0,34.88553,36.71512,31.14482,16.76305,19.31321,58.5235,47.80167,41.01219,65.43699,31.76476,47.63402,49.47727,49.20366,85.86617,74.0,54.91812,67.02984,75.69016,40.22437,41.97618,47.75982,53.60037,42.80187,54.45181,54.626,57.70615,69.35416,48.75449,63.65532,51.62364,40.16217,59.90826,43.86342,41.14608,54.20332,51.08816,54.12024,55.36244,44.29447,46.52956,52.49762,48.8467,41.7732,46.04346,44.40721,47.04253,43.93177,52.23983,50.21952,51.97115,45.89118,51.66237,56.46238,53.45091,60.00833,67.08204,66.24198,59.48109
10.63015,10.63015,12.04159,11.31371,11.31371,10.63015,9.89949,10.63015,9.21954,10.0,9.21954,9.43398,9.43398,9.43398,9.43398,9.84886,8.544,8.94427,8.544,9.48683,8.544,9.48683,8.544,9.48683,9.48683,9.48683,9.48683,10.44031,9.48683,9.48683,8.544,9.84886,9.84886,9.84886,9.43398,9.43398,9.43398,8.60233,8.06226,8.60233,8.48528,7.81025,8.48528,7.07107,7.07107,7.2111,7.2111,6.7082,6.7082,6.7082,6.32456,6.08276,68.8186,70.80254,65.79514,66.6033,63.63961,66.52819,61.52235,66.48308,62.96825,61.7171,57.00877,58.60034,58.41233,59.64059,55.80323,59.40539,57.45433,52.83938,55.4617,50.9902,54.78138,54.70832,53.75872,54.40588,51.62364,54.12024,49.72927,54.57105,55.7853,55.7853,52.39275,55.31727,52.88667,52.88667,55.08176,56.921,57.56735,56.30275,52.49762,53.14132,49.65884,50.53712,53.85165,49.73932,50.47772,49.40648,48.8774,47.80167,43.18565,43.13931,43.84062,41.86884,43.86342,41.6173,40.70626,35.51056,29.96665,28.6007,32.64966,32.20248,33.42155,35.80503,34.65545,37.20215,38.60052,42.63801,44.68781,44.20407,51.08816,50.32892,51.85557,54.56189,50.60632,55.22681,54.20332,58.89822,55.97321,58.89822,57.31492,55.22681,55.97321,56.0803,58.0517,56.58622,55.31727,53.8145,54.81788,50.44799,55.0,51.31277,50.77401,47.50789,48.75449,49.39636,44.59821,44.92215,47.67599,44.72136,46.27094,46.17359,48.37355,49.36598,55.57877,50.44799,55.36244,53.48832,53.75872,51.07837,56.93856,62.76942,58.66856,61.91123,66.61081,69.40461
12.36932,13.34166,12.36932,12.36932,12.16553,12.16553,12.04159,12.04159,11.04536,11.04536,11.04536,11.0,11.0,10.0,10.04988,10.19804,10.19804,10.19804,10.19804,10.19804,10.19804,10.44031,10.44031,10.44031,10.44031,9.48683,10.77033,10.44031,10.44031,10.77033,10.44031,10.44031,10.44031,10.19804,10.19804,10.19804,10.19804,10.04988,10.0,10.0,9.0,9.0,9.0,8.06226,9.05539,8.24621,8.24621,8.24621,8.544,7.61577,7.61577,6.7082,69.57011,70.34202,65.14599,71.30919,65.96969,60.20797,63.78871,61.39218,61.98387,60.53098,61.07373,54.14795,58.07753,55.3263,55.0,58.00862,56.14268,55.44367,50.63596,53.15073,54.81788,57.27128,54.12024,50.69517,52.63079,51.24451,52.49762,55.65968,53.16014,51.07837,54.12947,56.30275,55.02727,52.81098,53.85165,56.08921,58.24088,52.17279,51.92302,58.24088,52.46904,55.7315,49.09175,52.15362,49.09175,47.04253,43.01163,47.16991,46.52956,42.75512,46.57252,41.59327,43.68066,41.10961,39.84972,35.34119,38.91015,28.16026,26.92582,38.58756,30.67572,35.4683,46.61545,38.07887,36.40055,50.44799,47.80167,40.16217,48.46648,47.09565,50.9902,47.29693,45.89118,48.50773,53.36666,46.87217,55.02727,54.81788,67.91171,56.51548,61.03278,49.0408,58.69412,58.69412,50.63596,52.39275,55.44367,52.03845,53.15073,51.0098,53.03772,45.39824,45.60702,50.21952,49.0408,43.17407,46.23851,46.51881,45.79301,44.04543,53.41348,46.69047,46.8615,45.45327,49.09175,53.82379,55.00909,50.24938,60.00833,59.23681,61.98387,62.24147,62.03225,61.35145
11.6619,11.6619,11.6619,11.6619,10.81665,11.40175,11.40175,10.63015,10.63015,9.89949,10.63015,9.89949,10.63015,9.21954,10.0,10.81665,10.0,10.29563,9.43398,9.43398,9.43398,9.84886,10.29563,9.84886,10.29563,9.84886,10.77033,9.84886,10.29563,10.29563,10.29563,10.29563,10.29563,9.43398,10.81665,10.0,10.63015,9.21954,9.21954,8.48528,8.48528,8.48528,8.60233,8.60233,7.81025,7.81025,7.2111,6.7082,6.7082,6.32456,6.32456,6.08276,67.91171,68.41053,66.4906,66.48308,60.44005,58.94065,64.84597,60.72891,60.83584,60.00833,59.5399,56.35601,59.40539,57.3062,51.89412,56.4358,52.69725,50.77401,50.0,54.56189,53.07542,55.17246,46.2277,51.73973,45.96738,52.80152,53.07542,50.32892,49.51767,56.72742,51.73973,54.6443,54.67175,51.86521,56.22277,51.62364,51.73973,54.56189,54.81788,56.0803,55.17246,53.60037,54.91812,48.01042,55.47071,47.50789,49.64877,48.37355,45.61798,47.41308,41.18252,44.77723,42.37924,36.87818,33.13608,38.0,33.13608,30.14963,26.01922,32.14032,31.0,34.36568,33.06055,35.0571,39.31921,43.73786,47.26521,46.04346,50.24938,48.37355,51.0098,50.48762,57.55867,52.03845,58.69412,57.70615,56.75385,58.69412,56.51548,58.46366,50.80354,54.58938,58.0517,56.22277,56.04463,54.40588,53.48832,51.62364,48.46648,47.53946,46.64762,50.24938,49.0408,52.69725,47.63402,48.16638,48.10405,47.01064,46.61545,46.64762,47.85394,44.94441,52.63079,46.09772,50.48762,51.24451,52.23983,51.35173,60.00833,57.07889,59.03389,62.00806,59.22837,63.63961
11.18034,10.19804,10.44031,10.19804,10.44031,9.21954,10.44031,9.48683,9.48683,9.84886,8.94427,8.94427,9.43398,8.94427,8.60233,8.60233,8.60233,8.60233,9.21954,9.21954,8.48528,8.48528,9.21954,8.48528,8.48528,8.48528,9.21954,9.89949,9.21954,9.21954,9.21954,9.21954,9.21954,9.21954,8.94427,9.43398,8.94427,8.06226,7.61577,7.61577,7.28011,8.24621,8.544,7.07107,7.07107,7.0,7.0,7.0,6.0,6.0,6.08276,6.32456,71.06335,68.11755,68.18358,67.1193,66.37017,64.62971,67.36468,65.62012,61.81424,56.88585,57.48913,55.08176,56.61272,53.75872,58.18935,56.46238,55.71355,53.23533,50.08992,54.70832,53.7122,44.28318,50.21952,57.62812,54.56189,48.60041,50.24938,56.85068,49.81967,55.21775,56.0357,56.40035,54.81788,58.00862,54.08327,52.43091,58.60034,53.60037,59.16925,57.24509,56.82429,52.20153,53.75872,50.15974,51.47815,50.96077,46.87217,48.76474,49.81967,41.10961,47.26521,39.0,42.19005,39.05125,40.1995,39.81206,37.65634,32.14032,31.01612,34.05877,32.06244,36.12478,33.06055,38.20995,40.0125,42.10701,41.4367,44.40721,53.0,49.16299,54.14795,53.15073,50.0,60.00833,58.30952,60.20797,58.69412,57.55867,58.42089,64.38167,62.96825,56.56854,61.29437,60.29925,55.10898,58.46366,55.31727,54.70832,55.71355,53.31041,56.46238,50.56679,47.88528,43.82921,49.92995,50.0,46.69047,48.9183,49.57822,49.81967,51.86521,45.65085,54.56189,48.75449,50.59644,53.60037,54.57105,56.29387,58.42089,55.7315,63.95311,67.47592,65.12296,67.0
10.29563,10.29563,10.29563,10.29563,9.84886,9.84886,9.48683,9.48683,9.48683,9.21954,9.21954,9.05539,8.06226,9.05539,9.05539,9.0,8.0,8.0,8.0,8.0,9.0,9.05539,8.06226,9.05539,9.05539,8.06226,8.24621,9.05539,9.05539,9.05539,9.05539,9.05539,9.05539,9.0,8.0,8.0,8.06226,8.06226,8.06226,8.06226,7.28011,7.28011,7.28011,7.61577,6.7082,6.7082,6.7082,6.7082,5.83095,5.65685,6.40312,5.65685,62.62587,64.03124,64.40497,62.00806,63.25346,61.85467,60.21628,58.5235,55.56978,59.90826,56.0803,50.53712,55.47071,53.7122,51.62364,48.46648,55.02727,55.02727,52.39275,52.63079,53.93515,46.32494,47.51842,47.85394,46.09772,49.0306,48.09366,51.08816,52.0,50.01,48.09366,55.08176,49.09175,56.14268,53.33854,54.58938,52.23983,55.10898,52.7731,54.12024,52.61179,48.27007,52.20153,52.55473,50.15974,43.86342,46.61545,42.48529,45.65085,42.19005,42.80187,38.94868,36.79674,37.53665,36.06938,35.22783,39.20459,32.64966,32.64966,30.4795,35.38361,31.241,36.87818,36.40055,40.60788,44.20407,42.0119,43.82921,48.82622,50.60632,54.6443,56.61272,49.67897,55.60576,50.21952,55.22681,59.66574,59.36329,59.81639,56.0357,54.91812,55.22681,58.83026,55.07268,59.16925,54.3783,56.4358,52.80152,54.56189,52.39275,54.78138,49.0408,49.64877,47.26521,48.25971,49.36598,48.04165,51.0392,43.28972,48.05206,49.24429,47.12749,44.92215,51.07837,51.89412,53.85165,53.0,50.80354,57.62812,62.68174,51.66237,60.30755,68.68042,60.10824
12.72792,12.04159,13.45362,12.04159,12.04159,11.40175,11.6619,10.81665,10.29563,11.6619,10.29563,10.29563,11.18034,10.77033,9.84886,10.44031,9.48683,10.44031,10.19804,10.19804,10.44031,10.19804,10.19804,10.19804,10.19804,10.19804,11.18034,11.18034,11.18034,11.18034,10.19804,11.18034,10.44031,11.40175,10.44031,10.77033,10.77033,11.18034,9.84886,9.84886,10.29563,9.43398,10.29563,8.60233,9.43398,8.60233,8.48528,8.60233,8.48528,7.81025,7.81025,7.2111,67.47592,65.94695,69.6563,65.60488,64.3506,60.53924,67.95587,64.63745,64.07027,59.5399,57.38467,51.86521,52.0,55.97321,50.56679,48.76474,55.65968,50.69517,52.88667,53.23533,52.15362,53.60037,49.0102,51.0098,52.03845,47.0,51.0098,53.15073,54.03702,51.0392,54.08327,54.33231,59.00847,56.14268,54.23099,51.0,53.03772,55.0,59.03389,53.0,51.0,51.47815,56.4358,51.78803,49.64877,52.95281,47.07441,50.28916,44.94441,43.65776,41.4367,47.42362,45.61798,40.70626,42.05948,38.8973,35.4683,29.96665,30.61046,31.40064,32.20248,33.6006,38.28838,38.20995,39.62323,42.42641,45.96738,48.41487,49.51767,48.27007,53.75872,48.83646,53.15073,50.91169,57.31492,57.28001,61.55485,63.70243,57.80138,62.482,55.97321,58.0517,54.48853,56.40035,56.61272,59.36329,60.80296,56.61272,53.7122,53.66563,51.62364,50.28916,45.54119,47.67599,50.9902,42.95346,49.16299,45.17743,50.08992,41.10961,47.85394,42.72002,50.08992,42.95346,49.39636,53.33854,54.6443,57.48913,55.0,61.22091,56.0357,65.79514,62.93648,65.05382
11.40175,11.40175,11.40175,12.36932,10.44031,10.44031,10.44031,10.44031,10.77033,9.84886,10.29563,10.29563,9.43398,9.43398,9.43398,9.43398,9.21954,9.21954,9.21954,8.60233,9.21954,9.21954,9.21954,9.21954,9.89949,9.89949,9.89949,9.21954,9.89949,9.89949,9.89949,10.63015,10.0,10.0,10.0,10.0,9.21954,9.43398,9.43398,8.94427,8.94427,8.94427,8.544,8.544,8.544,8.24621,8.06226,8.06226,8.06226,7.07107,7.0,7.0,69.26038,65.12296,61.29437,64.38167,66.75328,65.76473,60.67125,63.50591,57.00877,56.08921,58.24946,55.97321,55.9464,53.14132,51.47815,55.54278,52.0,49.24429,51.47815,48.25971,51.0392,53.53504,51.85557,53.00943,52.80152,48.41487,48.16638,50.9902,47.50789,51.62364,52.49762,53.8145,50.24938,53.00943,50.44799,49.81967,54.3783,54.20332,53.41348,58.82176,55.47071,54.12024,51.97115,49.1935,52.55473,52.49762,51.26402,50.59644,50.59644,48.50773,48.50773,44.55334,43.28972,39.11521,38.0526,37.21559,37.12142,29.15476,29.06888,31.14482,33.06055,35.0571,39.01282,38.0,37.12142,42.0119,45.09989,47.04253,53.15073,51.08816,55.00909,55.08176,55.0,56.0357,56.0803,59.5399,58.07753,62.20129,59.3043,57.70615,58.13777,60.29925,61.40033,58.69412,60.01666,52.46904,54.81788,55.65968,53.16014,50.59644,51.0,50.60632,51.88449,52.15362,50.21952,46.69047,47.63402,48.10405,47.42362,47.70744,49.40648,55.22681,49.0408,51.1957,53.45091,51.1957,52.7731,49.1935,68.15424,59.90826,64.13267,60.01666,60.00833,63.03174
11.18034,10.77033,11.18034,10.29563,10.29563,10.29563,9.43398,9.43398,9.43398,10.0,8.60233,8.60233,9.21954,9.21954,9.21954,9.21954,8.48528,8.48528,8.60233,8.60233,8.60233,8.60233,8.60233,9.43398,8.06226,9.43398,8.60233,9.43398,9.43398,9.21954,8.60233,10.0,10.0,9.21954,9.89949,8.48528,9.21954,9.21954,8.60233,8.60233,8.60233,8.06226,8.06226,7.61577,7.61577,7.61577,7.28011,7.28011,7.28011,7.07107,6.0,6.0,62.80127,64.77654,63.78871,64.32729,66.09841,63.34824,57.93962,61.35145,56.35601,55.02727,54.23099,58.13777,54.20332,51.10773,51.97115,51.62364,53.60037,50.47772,54.48853,52.34501,52.40229,43.86342,53.74012,49.49747,48.10405,49.81967,48.10405,46.87217,51.85557,52.20153,54.56189,53.8145,51.40039,55.31727,51.08816,56.56854,53.74012,52.34501,53.75872,50.9902,48.27007,50.21952,54.08327,51.86521,53.0,46.32494,46.52956,46.32494,42.54409,43.46263,44.27189,43.32436,41.48494,37.85499,40.11234,36.12478,38.01316,29.06888,30.26549,34.23449,36.67424,33.37664,39.62323,37.10795,40.4475,47.12749,42.95346,46.57252,47.80167,51.24451,58.94065,56.29387,51.97115,57.07013,57.28001,60.08328,60.63827,59.90826,64.28841,60.63827,59.80803,62.0967,60.74537,57.24509,59.80803,57.93962,58.13777,55.03635,55.07268,53.23533,56.30275,51.0392,53.41348,49.20366,50.93133,46.75468,54.91812,52.00961,51.0392,47.01064,50.15974,47.53946,50.9902,55.31727,49.81967,57.42822,56.32051,55.14526,55.00909,56.0357,58.30952,59.68249,65.62012,66.48308
12.04159,12.0,12.0,11.0,12.0,11.04536,11.04536,11.04536,10.04988,10.19804,10.19804,10.19804,10.19804,10.19804,9.48683,10.77033,9.84886,10.77033,9.84886,9.84886,9.84886,10.29563,9.84886,10.29563,10.29563,10.29563,11.18034,11.6619,10.29563,10.77033,9.84886,10.77033,10.77033,10.44031,10.44031,11.40175,10.19804,10.19804,10.19804,9.21954,10.04988,9.05539,10.04988,9.0,9.0,8.06226,9.05539,8.06226,8.06226,7.07107,7.28011,7.28011,64.00781,65.03076,64.00781,59.21149,62.03225,68.02941,60.03332,63.28507,56.0803,57.21888,56.56854,53.16014,56.88585,51.1957,51.1957,55.08176,53.7122,51.07837,48.46648,49.98,54.56189,53.22593,49.39636,53.0,51.97115,49.92995,49.20366,50.60632,49.0408,48.27007,51.0392,54.03702,54.40588,52.69725,51.86521,56.30275,58.24946,57.14018,52.15362,55.56978,50.15974,49.1935,52.55473,51.5461,51.26402,49.24429,47.85394,50.48762,48.37355,51.35173,48.04165,46.27094,44.0,44.0,38.0,41.4367,40.80441,31.257,31.57531,31.257,37.48333,36.12478,39.62323,40.4475,40.4475,41.19466,46.09772,50.03998,53.15073,56.00893,51.0392,46.09772,55.3263,61.20457,59.3043,57.0,58.07753,59.03389,59.07622,59.0,61.03278,57.0,60.29925,57.21888,56.14268,57.42822,60.41523,52.15362,55.08176,43.41659,52.81098,52.81098,52.0,51.07837,46.61545,52.43091,50.21952,47.38143,49.81967,48.79549,46.2277,43.82921,54.58938,49.73932,48.46648,50.63596,51.86521,57.48913,61.18823,56.04463,61.52235,64.49806,61.07373,60.20797
9.43398,9.84886,9.84886,9.84886,9.84886,8.94427,8.544,8.544,8.24621,8.24621,8.24621,8.06226,8.06226,8.06226,8.06226,8.0,8.0,8.0,8.0,8.0,8.06226,8.06226,7.07107,8.06226,8.06226,8.06226,8.06226,9.05539,9.05539,8.06226,8.0,8.0,9.0,9.0,8.0,8.06226,8.06226,8.06226,8.06226,8.06226,7.28011,7.28011,7.61577,7.61577,6.7082,6.7082,6.7082,6.7082,6.7082,5.83095,5.65685,5.65685,57.3062,60.90156,63.52952,55.9464,62.6099,60.41523,57.69749,59.09315,54.78138,53.16014,52.17279,53.16014,48.08326,51.66237,46.09772,50.80354,52.46904,47.09565,44.10215,49.0408,49.25444,48.01042,48.50773,44.55334,47.09565,48.37355,44.18144,46.87217,47.67599,48.09366,47.51842,45.89118,48.83646,52.61179,50.63596,51.08816,51.78803,49.64877,54.14795,50.24938,51.15662,48.01042,48.50773,43.41659,48.50773,47.16991,45.89118,45.70558,41.97618,44.38468,40.26164,42.54409,42.54409,42.94182,37.73592,38.07887,35.51056,35.0,31.82766,34.05877,33.24154,36.76955,40.31129,42.44997,43.60046,46.2277,46.75468,47.38143,54.81788,52.3259,53.07542,58.60034,56.22277,58.60034,58.41233,61.85467,62.80127,60.46487,64.07027,60.46487,61.85467,60.21628,61.61169,60.20797,54.20332,56.82429,56.36488,56.36488,54.42426,54.08327,54.57105,54.81788,50.48762,49.25444,51.24451,48.04165,47.0,46.09772,49.81967,49.33559,47.16991,49.65884,52.20153,53.41348,49.64877,50.44799,54.03702,51.85557,53.07542,58.0,57.38467,58.41233,63.60031,64.07027
11.40175,10.63015,11.40175,10.63015,9.89949,9.89949,9.89949,9.21954,9.21954,9.21954,9.43398,9.43398,9.43398,9.43398,8.06226,9.43398,8.94427,8.94427,7.61577,8.544,8.544,8.544,8.544,8.24621,9.48683,9.21954,9.48683,9.48683,8.544,9.48683,8.544,9.84886,8.94427,8.94427,10.29563,9.84886,8.94427,8.06226,8.60233,8.60233,8.60233,8.60233,8.48528,7.07107,7.81025,7.07107,7.81025,7.81025,7.2111,7.2111,6.7082,6.7082,66.37017,66.64083,61.26989,59.07622,63.52952,64.49806,61.61169,60.74537,58.5235,60.74537,56.22277,56.0803,53.75872,48.16638,50.32892,51.66237,49.0408,49.20366,48.01042,48.54894,53.0,48.76474,42.72002,47.41308,45.65085,50.53712,47.01064,46.14109,48.30114,48.75449,52.7731,58.60034,51.07837,52.3259,55.00909,50.21952,48.76474,55.22681,52.83938,53.33854,53.00943,56.61272,49.67897,49.57822,50.20956,48.41487,46.2277,44.68781,40.0,44.20407,39.66106,42.19005,43.41659,40.81666,37.16181,38.07887,40.16217,33.37664,35.35534,34.36568,35.69314,37.85499,41.10961,41.23106,44.38468,48.27007,53.16014,49.33559,51.24451,55.97321,54.40588,59.46427,61.68468,61.7414,67.44627,58.87274,63.32456,61.09828,62.26556,62.24147,61.68468,57.58472,61.7414,65.79514,61.77378,58.30952,57.80138,58.25805,56.40035,54.08327,55.15433,52.40229,56.40035,59.03389,53.2635,49.64877,50.9902,50.56679,51.42956,51.66237,52.7731,51.15662,50.15974,50.24938,53.60037,52.61179,59.03389,55.9017,56.7186,56.75385,63.24555,58.5235,64.51356,63.24555
12.04159,11.04536,11.18034,11.04536,10.19804,10.19804,10.19804,10.44031,9.48683,9.48683,9.48683,9.48683,8.94427,9.84886,9.84886,9.43398,8.94427,9.43398,8.60233,8.60233,8.60233,8.60233,8.60233,8.60233,9.21954,8.60233,8.60233,9.21954,9.21954,9.43398,9.43398,9.43398,9.43398,9.43398,9.84886,9.84886,9.48683,8.544,8.544,8.544,9.21954,9.48683,8.24621,8.06226,8.06226,8.06226,8.06226,8.06226,8.0,7.0,7.07107,7.07107,63.78871,66.28725,60.44005,60.40695,62.64184,58.69412,61.03278,59.46427,56.30275,57.93962,50.11986,53.31041,48.30114,51.31277,50.24938,49.39636,49.64877,46.61545,47.80167,50.91169,48.10405,44.59821,43.86342,46.75468,48.83646,46.8615,44.55334,46.8615,47.63402,45.60702,48.16638,46.09772,44.68781,50.80354,47.42362,48.10405,48.79549,50.20956,50.20956,48.16638,51.22499,44.40721,49.40648,45.79301,44.10215,45.22168,45.69464,45.27693,42.15448,44.01136,42.54409,43.01163,42.37924,40.80441,43.68066,39.45884,32.14032,34.71311,33.95585,37.85499,38.63936,38.83298,42.29657,42.0119,46.17359,50.24938,48.6621,52.46904,52.34501,58.00862,56.56854,58.21512,59.07622,61.03278,61.0082,63.1981,61.29437,61.07373,62.28965,70.17834,66.1211,66.06815,60.67125,62.28965,60.40695,59.22837,62.36185,54.57105,51.24451,54.78138,54.58938,50.47772,53.0,52.00961,54.03702,50.9902,50.20956,47.42362,53.00943,51.10773,50.69517,48.38388,53.93515,56.29387,56.08921,52.61179,54.45181,58.03447,57.03508,60.00833,61.0082,62.07254,63.28507,57.70615
12.08305,11.6619,10.81665,10.29563,10.81665,10.29563,10.0,10.0,10.0,9.21954,9.21954,9.21954,8.48528,8.48528,7.81025,9.21954,8.60233,8.60233,7.81025,7.81025,8.06226,8.60233,8.06226,7.2111,8.06226,8.06226,8.94427,8.06226,7.81025,8.60233,8.60233,8.60233,8.60233,7.81025,9.21954,8.48528,8.48528,8.60233,8.60233,7.81025,8.60233,8.06226,8.06226,8.06226,8.06226,8.06226,7.61577,7.28011,7.28011,7.28011,7.07107,7.07107,68.88396,58.94065,72.03471,62.64184,59.77458,63.24555,58.24088,64.28841,51.07837,57.93962,55.36244,49.65884,52.47857,45.17743,50.15974,53.00943,46.32494,49.20366,48.16638,42.63801,51.62364,41.7732,41.03657,43.84062,39.20459,43.18565,42.44997,44.04543,43.27817,49.81967,44.40721,50.60632,41.01219,46.69047,45.25483,50.93133,49.49747,44.68781,46.01087,52.49762,48.9183,47.43416,43.26662,43.56604,45.61798,41.88078,47.53946,41.59327,50.0,43.01163,40.80441,41.0,41.97618,35.51056,41.59327,34.0147,38.01316,33.95585,40.26164,35.73514,43.41659,37.48333,49.49747,43.18565,47.51842,50.35871,44.55334,51.15662,60.13319,58.03447,60.20797,63.00794,55.03635,65.00769,60.00833,64.00781,63.28507,65.12296,67.00746,62.00806,64.03124,59.07622,63.50591,58.69412,68.06614,51.47815,62.0967,53.14132,60.08328,49.39636,54.20332,51.97115,54.91812,50.0,53.07542,50.93133,52.40229,54.20332,47.50789,54.91812,49.64877,59.23681,47.80167,57.56735,58.0517,57.31492,53.23533,59.3043,63.0,65.00769,60.13319,67.00746,67.18631,62.39391
11.6619,11.6619,11.18034,11.6619,10.81665,11.18034,9.84886,9.84886,9.84886,9.84886,10.44031,9.48683,9.21954,8.24621,9.21954,8.06226,9.05539,8.06226,9.05539,8.06226,8.06226,8.0,8.06226,8.0,9.0,9.0,8.0,9.0,9.0,8.0,9.0,9.05539,9.05539,9.05539,8.24621,8.24621,8.24621,8.24621,8.24621,8.544,7.28011,8.544,8.544,8.06226,7.61577,8.06226,7.2111,8.06226,7.2111,7.81025,7.81025,7.07107,67.42403,65.43699,68.88396,63.12686,61.7171,62.62587,57.48913,59.81639,54.03702,56.61272,58.25805,54.20332,52.15362,50.60632,49.65884,51.07837,47.01064,44.94441,50.28916,40.5216,45.88028,38.83298,43.73786,48.05206,42.42641,43.41659,41.0,43.10452,45.12206,41.04875,45.0,46.09772,39.62323,44.55334,41.30375,47.85394,47.80167,50.44799,45.88028,46.8188,44.92215,48.76474,47.75982,47.16991,46.95743,40.70626,44.41846,45.27693,44.40721,42.44997,40.60788,39.82462,41.03657,36.87818,35.35534,38.20995,37.80212,35.0571,38.20995,37.01351,43.41659,42.2019,42.75512,42.19005,47.07441,48.37355,49.0306,51.92302,53.85165,58.18935,62.96825,66.76077,57.87055,61.46544,59.77458,64.88451,69.26038,61.46544,65.55151,58.59181,64.41273,63.06346,66.7308,62.42596,65.0,61.40033,57.62812,53.75872,60.959,53.75872,58.25805,55.80323,49.92995,50.56679,54.42426,50.59644,52.95281,54.12024,50.24938,52.23983,53.00943,55.3263,53.23533,52.39275,55.02727,61.40033,56.46238,54.12024,67.1193,67.08204,65.74192,64.63745,67.95587,63.60031
11.7047,9.84886,10.29563,10.29563,10.29563,8.94427,8.06226,8.60233,8.60233,8.60233,8.60233,7.81025,7.81025,7.81025,7.07107,7.07107,6.40312,7.07107,6.40312,6.40312,7.2111,7.2111,6.40312,6.40312,7.2111,6.40312,6.40312,7.2111,6.40312,7.07107,7.07107,7.07107,7.07107,7.07107,6.40312,7.2111,6.7082,5.83095,6.7082,6.7082,6.32456,6.32456,6.32456,6.08276,6.08276,6.08276,6.08276,6.0,6.0,6.0,6.08276,5.09902,62.96825,70.0928,61.68468,61.35145,63.90618,58.5235,62.39391,57.00877,60.41523,48.75449,48.8774,49.73932,49.39636,49.73932,42.19005,45.27693,45.45327,46.75468,43.27817,43.93177,40.0,40.45986,37.80212,38.83298,42.80187,41.40048,39.40812,42.72002,46.40043,36.79674,40.0,38.28838,43.41659,40.80441,43.27817,40.36087,37.80212,42.63801,44.59821,41.01219,39.20459,34.4093,42.0119,40.31129,41.6173,39.11521,38.47077,39.82462,32.89377,34.48188,39.84972,37.64306,37.10795,38.47077,35.69314,34.0147,33.06055,38.48376,38.48376,40.16217,39.21734,42.37924,40.26164,46.57252,47.29693,49.49747,56.08921,54.91812,57.87055,60.20797,59.43904,60.53098,62.64982,62.39391,67.26812,63.0,65.19202,62.03225,69.0,65.00769,65.03076,64.0,66.1211,64.12488,56.56854,62.96825,63.56099,57.97413,56.61272,58.69412,57.70615,58.18075,58.30952,58.41233,56.0803,55.22681,51.73973,57.80138,57.42822,52.47857,58.59181,52.55473,59.20304,53.75872,59.03389,61.66036,66.61081,67.60178,67.0,62.00806,65.03076,66.06815,71.06335,69.72087
11.18034,11.18034,10.77033,11.18034,9.84886,9.84886,9.84886,9.48683,9.48683,9.21954,9.21954,9.05539,8.06226,8.06226,8.06226,8.06226,8.0,8.06226,7.0,7.0,7.07107,7.0,7.0,7.0,6.0,7.0,7.0,7.0,6.08276,7.07107,6.08276,6.08276,6.32456,6.32456,6.32456,7.61577,6.32456,5.83095,5.83095,5.83095,5.83095,5.83095,5.65685,5.65685,5.65685,5.0,5.65685,5.83095,5.38516,5.0,4.47214,5.38516,75.82216,65.94695,76.40026,64.2028,61.61169,67.1193,58.30952,62.96825,52.83938,60.53924,51.88449,51.42956,53.22593,45.69464,49.39636,50.44799,50.0,46.17359,45.35416,42.2019,47.67599,43.17407,39.45884,38.83298,36.34556,38.20995,35.22783,41.04875,35.01428,40.11234,40.4475,41.59327,35.17101,42.75512,36.67424,35.69314,32.98485,35.1141,34.9285,38.47077,35.8469,36.35932,36.05551,35.0,34.65545,33.42155,33.42155,28.28427,35.22783,31.90611,34.88553,35.51056,32.75668,26.40076,30.08322,33.52611,31.04835,38.83298,41.34005,42.05948,45.48626,40.0,50.0,47.20169,50.80354,54.81788,49.40648,58.79626,58.79626,61.52235,59.4138,67.94115,60.20797,69.31089,58.69412,67.17887,65.06919,66.48308,70.76722,61.6198,63.12686,66.52819,67.62396,66.4003,72.67049,57.98276,66.24198,64.49806,62.16912,58.69412,60.53924,54.12024,62.36185,53.15073,60.20797,53.08484,57.07889,62.64982,50.63596,58.46366,56.921,62.29767,65.0,62.64982,60.03332,62.43397,58.00862,66.21933,68.24954,71.8401,60.0,68.76772,77.07788,67.88225
12.04159,12.04159,11.31371,11.31371,10.63015,10.63015,10.63015,9.21954,10.0,8.60233,8.60233,8.60233,8.60233,7.2111,7.2111,8.06226,7.61577,7.61577,6.7082,6.7082,6.7082,6.32456,6.7082,6.32456,6.7082,6.7082,5.83095,6.7082,5.83095,6.7082,5.0,5.0,5.65685,5.65685,5.65685,5.65685,5.83095,5.83095,5.38516,5.38516,5.83095,5.38516,6.08276,5.09902,6.08276,6.08276,6.0,5.0,6.08276,6.08276,5.09902,5.38516,69.06519,65.0,64.63745,70.0,66.0303,61.22091,60.90156,58.18075,57.98276,53.0,52.7731,50.9902,49.64877,49.39636,47.85394,42.54409,48.38388,41.48494,40.5216,40.79216,39.45884,36.87818,36.22154,35.22783,35.90265,38.0526,38.07887,32.38827,33.52611,37.48333,32.75668,33.73426,31.06445,29.42788,32.75668,30.41381,31.7805,29.73214,29.15476,33.54102,32.64966,33.97058,29.0,27.65863,24.83948,36.12478,30.0,29.15476,30.88689,29.54657,30.08322,28.63564,27.29469,26.68333,28.16026,28.0,28.16026,37.48333,36.23534,42.44997,43.93177,44.55334,43.86342,45.45327,44.82187,49.81967,53.90733,59.39697,56.58622,59.66574,61.6198,56.72742,64.81512,64.03124,70.0,65.21503,65.60488,65.45991,66.88797,70.21396,66.61081,64.63745,67.23095,65.19202,60.90156,63.50591,61.32699,63.32456,57.97413,56.04463,61.0,60.01666,61.20457,59.21149,58.00862,60.29925,57.21888,58.85576,59.90826,59.20304,61.7414,57.77543,64.3506,60.53924,65.19202,66.06815,65.21503,62.36986,69.42622,65.94695,66.46804,72.18033,72.86288,76.83749
12.72792,12.04159,12.04159,12.04159,12.04159,11.40175,10.63015,10.0,10.0,10.0,9.43398,9.43398,9.43398,8.94427,8.94427,8.06226,7.61577,7.61577,8.544,7.61577,7.61577,7.61577,6.7082,7.28011,7.28011,6.32456,6.7082,6.7082,7.61577,5.83095,6.7082,7.2111,6.40312,6.40312,5.65685,5.83095,5.83095,5.83095,5.83095,5.83095,5.38516,5.38516,5.38516,5.09902,5.09902,5.0,5.0,5.0,5.0,5.0,5.09902,4.12311,73.92564,65.30697,67.41662,67.41662,65.45991,66.57327,62.42596,64.40497,58.60034,59.81639,53.41348,54.03702,53.15073,48.83646,50.91169,50.32892,49.67897,45.27693,46.2277,38.27532,43.26662,36.05551,43.41659,40.49691,39.44617,37.58989,30.8707,34.48188,34.98571,33.61547,33.61547,36.71512,31.241,34.20526,27.20294,34.20526,32.55764,29.73214,33.97058,27.80288,24.69818,31.38471,30.08322,28.16026,31.257,29.61419,26.30589,31.7805,24.18677,24.02082,27.45906,25.31798,28.86174,26.92582,26.92582,25.96151,22.47221,36.67424,41.18252,38.01316,42.37924,37.21559,47.01064,42.95346,49.64877,50.53712,47.85394,53.85165,55.47071,57.14018,61.40033,66.28725,61.58734,64.3506,62.96825,67.80118,64.07027,67.95587,69.40461,64.2028,64.81512,64.53681,66.70832,67.94115,69.42622,62.96825,64.3506,61.7171,60.44005,61.61169,59.40539,56.82429,58.66856,56.36488,57.00877,61.98387,62.36185,60.20797,56.7186,61.0082,64.03124,63.1981,63.0,65.37584,61.13101,70.34202,64.7611,68.68042,70.21396,73.05477,65.0,71.69379,79.62412,72.56032
12.52996,12.52996,11.6619,11.6619,10.29563,10.81665,10.81665,10.0,10.0,9.21954,9.21954,9.21954,8.48528,8.48528,7.81025,7.81025,7.81025,7.81025,7.07107,6.40312,6.40312,6.40312,7.2111,6.40312,5.65685,6.40312,6.40312,5.65685,5.65685,5.65685,4.24264,5.0,4.47214,3.60555,4.47214,4.47214,4.12311,3.16228,3.0,3.0,3.0,3.0,3.16228,2.23607,2.23607,2.82843,2.82843,2.82843,3.16228,3.16228,3.16228,3.0,73.37575,70.60453,75.27284,69.26038,64.2573,68.94926,63.32456,61.68468,55.02727,58.18075,53.7122,54.12024,50.9902,50.24938,48.8774,46.64762,47.16991,43.60046,43.60046,43.60046,42.52058,37.80212,41.72529,38.20995,37.01351,36.79674,33.30165,34.65545,31.89044,32.64966,30.0,33.42155,30.41381,31.89044,26.83282,29.06888,27.29469,26.41969,21.18962,26.30589,20.61553,21.09502,23.08679,20.02498,20.61553,20.39608,22.36068,17.49286,19.41649,15.55635,16.97056,15.81139,17.20465,20.12461,19.23538,17.26268,22.36068,36.79674,37.48333,38.94868,40.31129,41.72529,48.79549,44.68781,49.51767,51.73973,48.79549,55.86591,59.46427,60.81118,61.52235,63.63961,61.55485,69.42622,62.93648,67.89698,67.89698,66.48308,69.29646,67.20863,71.42129,67.89698,69.31089,65.76473,68.76772,60.30755,69.81404,62.68174,64.07027,62.26556,66.7308,63.95311,62.16912,61.84658,63.90618,59.77458,62.93648,65.25335,60.82763,68.593,63.1981,67.0,68.06614,66.0303,69.72087,64.62971,67.47592,67.26812,70.0928,75.18643,73.24616,77.88453,76.92204,72.44998
12.20656,12.20656,11.40175,11.40175,10.0,11.40175,10.63015,9.89949,9.89949,8.48528,9.89949,9.21954,8.48528,7.81025,7.81025,7.81025,7.81025,7.81025,7.2111,7.2111,6.40312,7.2111,6.40312,6.40312,6.40312,6.40312,6.40312,5.0,5.65685,5.0,4.24264,4.24264,4.24264,3.60555,3.60555,3.60555,3.16228,3.16228,3.16228,3.0,3.0,3.0,2.23607,2.23607,2.23607,2.23607,2.23607,2.23607,2.0,2.0,2.0,2.0,77.49194,72.11103,74.67262,68.94926,66.85058,65.55151,65.9242,63.56099,57.27128,64.40497,54.23099,57.24509,50.11986,45.27693,50.47772,47.50789,52.69725,42.80187,44.10215,43.01163,43.41659,39.20459,43.86342,38.28838,33.42155,36.23534,35.38361,33.97058,35.60899,35.4683,33.24154,36.23534,26.62705,30.0,26.92582,25.23886,27.85678,24.59675,21.18962,22.09072,24.33105,19.0,17.0,18.02776,18.11077,15.52417,21.47091,14.42221,14.42221,16.27882,15.23155,16.49242,15.23155,13.60147,13.92839,13.60147,14.03567,36.76955,39.11521,35.22783,44.65423,41.6173,47.16991,47.70744,49.39636,52.15362,48.54894,57.45433,58.30952,59.16925,61.40033,62.43397,59.64059,67.80118,65.21503,68.8186,72.67049,66.0303,71.8401,66.28725,68.24222,68.26419,67.41662,72.20111,67.23095,63.81222,68.60029,63.63175,68.8767,65.74192,65.9242,62.39391,63.32456,61.13101,60.87693,63.95311,64.77654,60.53098,62.07254,61.03278,65.03076,67.1193,65.11528,67.36468,67.89698,71.02112,72.03471,72.03471,74.46476,76.24303,69.64194,79.69944,77.20104,73.53911
13.60147,12.64911,12.64911,12.64911,11.40175,11.40175,11.40175,10.19804,10.19804,10.19804,10.19804,10.19804,9.05539,9.05539,9.05539,9.05539,8.06226,8.06226,8.06226,8.06226,8.06226,7.07107,7.0,7.07107,7.07107,7.07107,6.08276,6.08276,6.08276,6.08276,5.38516,5.38516,5.38516,5.38516,4.47214,4.47214,3.60555,4.24264,4.24264,3.60555,3.60555,3.60555,3.16228,3.16228,3.16228,3.0,3.0,3.0,3.16228,2.23607,2.23607,2.23607,74.73286,76.92204,71.58911,69.77822,71.69379,67.54258,65.29931,66.64083,60.41523,60.16644,60.16644,56.61272,55.15433,54.08327,53.14132,53.75872,48.08326,48.50773,44.92215,46.57252,46.09772,43.56604,38.63936,42.57934,37.48333,39.56008,36.87818,38.32754,33.95585,36.49658,32.98485,37.10795,30.41381,31.04835,26.4764,26.0,26.57066,25.05993,26.40076,19.69772,22.67157,21.2132,21.26029,18.02776,20.12461,16.15549,13.92839,17.08801,12.16553,11.04536,15.13275,15.29706,17.0,13.89244,13.45362,13.45362,11.40175,37.73592,37.16181,40.70626,40.24922,43.38202,43.41659,45.61798,46.06517,51.47815,51.88449,51.07837,57.38467,59.48109,59.09315,60.41523,61.98387,65.78754,64.62198,62.39391,68.00735,65.55151,70.83784,66.12866,65.45991,67.6757,68.94926,71.86793,68.70953,65.78754,64.88451,64.88451,65.74192,64.4748,62.64982,64.49806,65.73431,61.85467,63.24555,61.84658,64.53681,65.29931,65.76473,63.65532,66.70832,64.66065,66.06815,70.0,66.57327,73.92564,68.96376,72.67049,77.02597,72.56032,69.31811,72.94518,76.47876,79.17702
11.7047,11.7047,11.7047,11.40175,10.44031,10.44031,9.48683,9.48683,9.48683,8.544,8.544,8.94427,8.94427,8.06226,7.61577,6.7082,6.7082,6.7082,7.2111,7.2111,5.83095,5.83095,5.83095,6.40312,5.83095,5.83095,5.83095,5.38516,5.38516,4.47214,4.47214,4.47214,4.12311,4.12311,4.0,3.0,3.0,3.0,3.16228,3.16228,2.23607,2.23607,2.82843,2.23607,2.23607,2.0,2.0,2.0,2.0,2.0,2.23607,2.23607,74.72617,74.2159,74.04053,65.25335,68.68042,65.73431,66.21933,65.0,60.87693,57.00877,57.24509,55.36244,55.36244,53.45091,49.64877,51.86521,48.70318,46.61545,43.65776,47.88528,42.48529,42.04759,38.58756,42.19005,41.18252,38.94868,36.71512,37.69615,36.67424,37.58989,36.23534,36.35932,35.35534,27.78489,30.08322,32.31099,29.15476,28.63564,26.68333,21.2132,23.0,20.0,20.09975,19.0263,15.0,15.81139,14.56022,13.89244,10.63015,13.0384,12.20656,11.18034,12.52996,11.18034,11.04536,8.544,9.43398,34.71311,35.90265,38.07887,38.63936,40.80441,39.84972,43.41659,45.35416,48.27007,51.86521,51.86521,55.36244,56.921,58.69412,56.46238,60.16644,62.76942,63.56099,65.0,67.41662,68.15424,67.06713,67.54258,70.21396,69.77105,68.02941,67.54258,62.64982,70.77429,65.78754,62.39391,64.19502,68.00735,64.56005,67.18631,63.78871,62.58594,65.11528,62.64982,62.39391,63.3877,65.03076,64.07027,67.02984,64.03124,65.49046,64.62971,66.09841,67.08204,73.1642,69.72087,75.13322,73.5459,77.36924,74.73286,76.24303,78.64477
13.0,13.0,13.0,13.0,11.7047,12.08305,11.7047,10.77033,10.77033,10.44031,10.44031,10.44031,10.19804,9.21954,9.21954,9.21954,9.21954,8.24621,8.06226,8.06226,8.06226,8.06226,8.06226,8.06226,7.07107,8.06226,7.07107,6.08276,7.07107,6.08276,6.32456,6.08276,6.32456,5.38516,5.38516,4.47214,4.47214,4.47214,3.60555,3.60555,2.82843,2.82843,2.82843,2.23607,2.23607,2.0,1.0,1.0,1.0,1.0,1.0,1.0,72.86288,76.36753,75.74299,70.71068,72.13876,68.62215,65.19202,68.68042,60.87693,62.62587,59.5483,57.31492,52.63079,54.81788,52.80152,51.0392,51.31277,50.47772,49.09175,47.43416,46.14109,44.65423,45.17743,40.81666,40.81666,39.81206,42.05948,37.16181,39.35734,36.71512,36.23534,38.94868,35.34119,36.35932,30.80584,30.52868,31.40064,32.01562,28.28427,25.4951,23.43075,20.61553,22.80351,22.02272,18.02776,17.08801,14.56022,17.46425,13.0,11.04536,8.24621,13.0,9.48683,6.40312,8.94427,6.32456,9.05539,34.1321,34.0,34.43835,36.67424,40.31129,38.91015,39.92493,44.38468,44.94441,50.32892,50.56679,54.42426,57.00877,57.00877,55.02727,60.44005,62.36185,61.13101,59.77458,62.0967,61.61169,67.68309,65.51336,63.56099,64.03124,65.30697,65.51336,63.32456,65.73431,69.42622,62.64184,61.03278,65.80274,63.06346,63.90618,61.35145,61.46544,62.16912,64.41273,64.88451,63.52952,64.3506,63.24555,63.82006,62.20129,66.21933,65.29931,65.19202,68.593,66.70832,67.94115,70.72482,68.593,71.44928,75.74299,74.33034,79.51101
12.52996,12.52996,12.52996,12.52996,12.52996,11.18034,11.18034,11.18034,10.77033,9.84886,10.29563,9.84886,9.84886,9.84886,9.48683,9.48683,9.48683,8.544,8.24621,8.24621,8.24621,8.24621,8.24621,8.24621,8.24621,8.24621,8.24621,7.28011,7.28011,7.28011,6.32456,6.7082,6.32456,6.7082,6.7082,5.83095,5.83095,5.0,5.0,5.0,4.24264,4.24264,4.24264,3.60555,3.60555,2.82843,3.16228,2.23607,2.23607,2.23607,2.0,2.0,73.66139,72.83543,72.91776,72.91776,71.58911,67.35726,71.44928,61.55485,65.29931,60.30755,61.7171,58.79626,61.07373,58.89822,54.20332,56.61272,56.61272,52.43091,47.20169,51.47815,49.73932,49.24429,45.61798,44.29447,45.27693,44.77723,42.95346,42.95346,42.95346,43.86342,42.54409,42.54409,38.94868,35.35534,38.58756,35.80503,34.1321,32.75668,34.20526,32.80244,34.71311,28.3196,28.3196,26.87006,23.43075,25.80698,21.09502,17.49286,21.54066,15.23155,17.08801,15.29706,15.0333,12.04159,10.04988,10.19804,8.0,34.1321,30.41381,34.66987,37.21559,38.91015,36.40055,40.31129,42.95346,41.62932,46.06517,47.01064,50.69517,50.69517,52.20153,52.81098,55.08176,55.65968,59.48109,58.82176,60.16644,60.87693,63.56099,63.78871,60.44005,61.61169,59.43904,60.16644,61.84658,61.13101,60.16644,61.98387,60.16644,59.48109,61.98387,61.03278,61.09828,62.64982,60.37384,57.70615,61.40033,58.66856,59.90826,58.00862,63.00794,62.62587,56.22277,61.6198,64.44377,64.53681,67.17887,66.46804,69.35416,70.03571,70.83784,73.10951,69.35416,75.0733
13.41641,13.41641,13.0,13.41641,12.08305,13.0,12.08305,12.08305,12.08305,10.77033,11.7047,11.40175,10.44031,10.44031,10.44031,10.44031,10.19804,9.21954,9.21954,9.21954,9.21954,9.21954,9.21954,9.05539,9.21954,9.05539,8.24621,8.24621,8.24621,8.24621,7.61577,7.61577,7.61577,7.61577,6.7082,6.7082,6.7082,5.83095,5.83095,5.0,5.0,5.0,5.0,4.24264,4.24264,3.60555,3.60555,3.16228,3.16228,3.16228,2.23607,2.0,69.63476,73.75636,74.33034,71.84706,70.03571,71.19691,68.88396,64.13267,60.01666,62.58594,56.88585,51.41984,58.24088,50.28916,54.23099,52.63079,54.23099,50.15974,50.44799,43.86342,46.51881,44.77723,48.33218,49.24429,38.48376,45.88028,43.38202,43.38202,43.38202,43.909,40.70626,38.58756,37.33631,39.92493,33.61547,38.60052,38.27532,35.35534,36.40055,32.06244,26.24881,30.59412,29.01724,25.0,31.06445,20.0,26.1725,25.70992,20.24846,17.72005,17.46425,15.6205,18.02776,14.86607,15.55635,9.21954,11.6619,33.0,35.0571,36.12478,33.13608,40.1995,37.48333,45.35416,44.72136,44.55334,48.83646,50.24938,56.32051,57.42822,56.04463,60.63827,57.28001,57.87055,56.32051,59.90826,63.89053,63.32456,67.1193,63.69458,61.09828,65.39113,69.26038,63.89053,62.96825,60.16644,64.84597,58.82176,64.2573,58.24088,62.64184,65.0,63.24555,55.10898,58.69412,61.20457,58.03447,60.00833,60.03332,63.03174,61.0,66.06815,66.18912,61.0,56.08921,69.18092,62.1289,74.1485,71.06335,63.78871,71.80529,75.18643,72.78049,75.13322
12.08305,12.08305,12.08305,12.08305,11.7047,10.77033,11.18034,9.84886,9.84886,9.84886,9.84886,8.94427,9.43398,8.94427,9.43398,8.60233,8.60233,8.60233,8.60233,8.60233,8.60233,8.60233,7.2111,7.81025,7.81025,7.81025,7.2111,7.2111,7.2111,7.2111,6.7082,7.2111,6.7082,6.7082,5.38516,5.38516,5.38516,5.09902,5.09902,5.09902,4.0,4.0,4.0,3.0,3.16228,3.16228,3.16228,2.23607,2.82843,2.82843,2.23607,2.23607,70.34202,77.83315,74.46476,71.51224,75.23962,65.9242,77.7946,62.64184,72.12489,61.39218,55.15433,59.5063,59.48109,61.68468,54.81788,55.54278,53.46027,58.24946,48.83646,49.47727,45.54119,42.95346,49.36598,52.61179,49.36598,46.38965,47.85394,42.0,46.17359,48.50773,42.75512,44.91102,43.56604,41.4367,38.27532,38.07887,44.40721,38.07887,39.21734,39.56008,39.39543,30.01666,30.08322,30.41381,27.45906,27.58623,26.1725,24.75884,22.62742,20.59126,20.24846,15.23155,15.0,19.23538,13.0384,14.0,13.0,32.20248,36.40055,36.23534,33.6006,35.8469,38.94868,37.44329,46.04346,45.22168,45.0,46.75468,48.9183,52.15362,53.75872,51.85557,58.69412,55.86591,61.52235,57.31492,60.10824,59.4138,60.82763,60.44005,62.36986,59.4138,60.10824,59.03389,61.07373,58.13777,59.46427,67.00746,58.89822,58.25805,58.0517,55.17246,61.55485,61.07373,59.03389,57.80138,59.64059,51.61395,59.64059,63.28507,61.7171,53.66563,63.07139,56.64804,63.56099,71.69379,64.51356,69.89278,63.89053,63.97656,66.21933,68.15424,65.52099,72.53275
14.76482,13.89244,14.76482,13.89244,13.89244,12.52996,13.0384,12.52996,12.20656,12.20656,11.6619,11.6619,12.20656,11.40175,10.81665,10.63015,10.63015,10.63015,10.63015,10.63015,10.63015,9.89949,9.89949,9.89949,9.89949,9.89949,9.21954,9.89949,9.21954,9.21954,9.21954,8.60233,9.21954,8.60233,8.06226,8.06226,8.06226,7.61577,6.7082,6.7082,6.32456,6.32456,6.32456,5.09902,5.09902,5.09902,4.0,4.0,4.0,4.0,3.0,3.0,75.27284,69.89278,78.43469,70.2282,73.05477,68.41053,63.78871,66.48308,64.28841,62.39391,58.18935,65.25335,68.15424,55.08176,59.22837,54.91812,57.70615,62.39391,55.9017,51.35173,56.56854,51.78803,43.04649,47.0,50.08992,47.51842,49.25444,52.15362,49.0102,48.01042,41.01219,48.01042,42.19005,43.56604,39.31921,40.31129,47.67599,42.29657,43.56604,36.87818,38.32754,36.13862,34.53983,33.54102,31.76476,30.80584,26.92582,26.40076,24.04163,27.65863,23.43075,22.80351,17.49286,17.20465,17.46425,18.68154,13.0,33.24154,35.4683,36.06938,40.31129,36.87818,36.06938,37.53665,41.01219,43.93177,44.20407,45.96738,50.93133,50.93133,48.16638,54.20332,58.82176,64.40497,57.42822,62.20129,58.82176,61.03278,61.61169,59.94164,56.61272,60.46487,61.58734,57.68882,60.74537,59.90826,63.00794,57.2014,59.90826,64.03124,55.44367,58.79626,57.42822,59.4138,62.28965,60.959,55.97321,61.55485,58.60034,61.61169,59.16925,56.93856,53.00943,58.30952,60.37384,62.16912,64.40497,65.79514,68.8767,64.4748,66.7308,67.05222,73.73602,77.20104
11.6619,11.6619,11.6619,11.6619,11.6619,10.81665,10.81665,10.81665,10.81665,10.0,10.0,10.0,10.0,9.21954,9.21954,9.21954,8.48528,8.48528,8.48528,8.48528,8.48528,8.48528,8.48528,7.81025,8.48528,8.48528,7.81025,8.48528,8.48528,7.07107,7.81025,7.07107,7.2111,6.40312,6.40312,6.40312,5.83095,5.83095,5.38516,5.38516,5.09902,5.09902,5.09902,4.12311,4.0,4.0,4.0,4.0,3.16228,3.16228,3.16228,2.23607,71.16881,72.61543,72.11103,70.77429,72.09022,71.30919,70.60453,64.4748,66.09841,64.2573,65.19202,55.36244,67.23095,64.84597,58.69412,60.44005,55.02727,56.75385,54.74486,58.24946,50.9902,49.0306,52.34501,55.57877,50.63596,49.36598,53.23533,51.24451,49.25444,53.23533,46.69047,47.85394,48.04165,44.40721,52.7731,47.07441,40.5216,43.93177,43.65776,37.69615,42.95346,37.58989,38.58756,37.33631,31.38471,34.1321,33.83785,30.88689,24.75884,32.52691,25.23886,21.9545,20.51828,23.25941,17.49286,16.15549,18.43909,31.40064,34.05877,33.24154,31.14482,38.28838,36.76955,34.20526,37.48333,41.10961,39.69887,40.80441,50.0,51.85557,49.40648,52.63079,52.69725,49.81967,51.61395,51.40039,48.54894,56.0357,56.93856,60.03332,61.7171,55.9464,61.58734,57.3062,59.5399,62.96825,51.61395,59.94164,52.80152,54.6443,59.4138,57.80138,53.90733,56.58622,56.63921,58.72819,55.17246,54.20332,62.482,51.61395,57.00877,50.47772,49.64877,60.74537,63.13478,60.53924,68.42514,61.46544,67.1193,66.30988,71.58911,74.09453,71.16881,74.33034
13.0,13.0,13.41641,13.0,12.08305,12.08305,12.52996,12.08305,11.18034,11.18034,11.18034,11.6619,10.29563,10.81665,10.81665,10.81665,10.0,10.0,10.0,9.21954,9.21954,9.89949,9.21954,9.21954,9.21954,9.89949,9.89949,9.21954,9.21954,9.21954,9.21954,9.21954,9.21954,7.81025,8.60233,8.60233,8.06226,6.7082,6.7082,6.7082,7.61577,6.32456,6.32456,6.08276,6.08276,5.09902,6.08276,5.0,5.0,4.12311,4.12311,4.12311,73.1642,71.16881,70.38466,69.64194,71.47027,71.8401,72.8011,69.28925,71.16881,67.18631,67.44627,66.21933,69.2315,59.66574,60.20797,58.69412,60.87693,59.03389,57.87055,54.08327,58.85576,51.15662,58.07753,51.0,51.0,51.24451,56.22277,54.03702,53.08484,59.0,55.00909,56.0,41.04875,49.09175,47.16991,49.0408,48.09366,54.00926,41.04875,45.01111,44.55334,39.29377,43.93177,43.41659,32.01562,36.76955,37.16181,37.12142,32.44996,28.17801,25.94224,28.42534,28.01785,23.43075,26.40076,19.23538,17.49286,30.46309,27.20294,31.30495,32.20248,37.69615,39.21734,39.0,39.39543,37.69615,40.8534,46.23851,45.31004,50.53712,45.88028,58.46366,49.0408,52.20153,57.24509,53.45091,56.32051,62.29767,61.68468,56.30275,62.8172,60.67125,58.24088,57.28001,60.41523,56.61272,57.24509,56.64804,51.26402,57.69749,56.64804,55.9464,58.60034,55.47071,59.66574,55.56978,58.79626,54.40588,57.31492,53.8145,57.62812,51.08816,65.0,62.62587,54.20332,61.85467,60.80296,66.24198,67.41662,69.35416,67.54258,72.44998,68.54196,72.49828
13.0,13.0,12.08305,13.0,12.08305,12.08305,12.08305,12.52996,11.18034,11.18034,11.6619,10.81665,10.81665,10.81665,10.0,10.63015,10.63015,10.0,9.89949,9.89949,9.89949,9.89949,9.89949,9.89949,9.89949,9.89949,9.89949,9.21954,9.89949,9.89949,9.21954,9.21954,9.21954,9.21954,9.21954,8.60233,8.60233,7.2111,7.2111,8.06226,6.7082,6.7082,6.7082,6.32456,5.38516,5.09902,5.09902,5.09902,4.0,4.0,4.0,3.16228,70.60453,78.33901,71.16881,73.75636,75.43209,67.46851,70.83784,72.8011,66.76077,66.76077,66.70832,60.53924,67.06713,62.64982,60.74537,64.4748,59.61543,60.00833,57.24509,61.77378,54.91812,56.93856,54.6443,53.82379,51.31277,54.20332,56.0357,55.60576,54.08327,54.20332,54.81788,52.20153,53.60037,51.22499,55.0,46.87217,49.20366,49.24429,48.37355,54.20332,50.11986,47.75982,43.08132,42.54409,41.78516,45.31004,37.36308,36.13862,36.34556,34.52535,32.06244,29.0,28.0,26.01922,26.30589,27.20294,25.0,27.01851,23.43075,31.241,28.28427,30.4795,28.42534,32.80244,27.80288,32.20248,35.0,37.80212,40.45986,41.23106,42.0119,44.82187,48.83646,43.27817,50.24938,50.0,52.80152,52.49762,53.15073,54.20332,53.41348,53.41348,52.00961,56.85068,52.20153,54.40588,53.25411,54.40588,53.82379,53.0,49.24429,53.7122,54.12947,55.47071,52.35456,53.85165,52.55473,55.36244,57.48913,55.9017,56.7186,54.33231,53.00943,54.00926,58.21512,57.0,60.03332,60.29925,60.13319,63.3877,68.06614,65.76473,70.71068,68.88396
13.15295,12.04159,12.16553,12.16553,12.16553,11.04536,11.18034,11.18034,11.18034,11.40175,11.40175,10.44031,10.44031,9.48683,9.48683,10.44031,9.48683,9.48683,8.94427,9.84886,8.544,8.94427,9.84886,9.43398,8.94427,8.94427,8.94427,9.84886,8.94427,9.84886,8.544,8.544,8.544,8.544,8.24621,8.24621,8.24621,8.24621,8.06226,7.07107,7.0,7.0,7.0,6.08276,6.08276,6.08276,6.32456,5.38516,5.38516,4.47214,5.0,5.0,73.06162,75.32596,72.24957,67.36468,73.43705,71.56815,70.5762,66.75328,64.38167,64.77654,62.514,63.15061,61.18823,61.18823,58.69412,59.66574,59.90826,58.18935,56.32051,57.24509,57.58472,52.39275,55.47071,55.15433,53.85165,56.46238,50.08992,55.4617,54.23099,53.7122,57.24509,57.69749,51.88449,52.3259,49.64877,51.62364,51.89412,55.00909,53.31041,48.70318,48.38388,46.57252,48.76474,45.54119,45.89118,42.57934,40.31129,40.1995,36.01389,32.06244,33.13608,34.36568,30.08322,30.08322,29.83287,25.94224,26.92582,24.83948,24.83948,27.58623,29.69848,26.90725,27.58623,29.06888,33.24154,34.20526,29.69848,34.65545,40.36087,41.10961,41.03657,40.45986,42.44997,46.66905,45.27693,48.10405,46.09772,48.10405,51.73973,49.57822,52.34501,52.49762,51.62364,52.34501,50.93133,53.90733,53.07542,50.91169,53.41348,50.0,51.40039,53.00943,53.53504,53.0,53.33854,53.23533,53.7122,58.18075,54.78138,53.7122,54.42426,51.5461,55.57877,53.75872,54.74486,57.42822,58.21512,60.07495,64.38167,66.0303,61.0,68.11755,67.1193,70.11419
13.0,13.0,13.0,13.0,13.0,13.0,12.08305,12.08305,12.08305,12.52996,12.52996,11.6619,11.6619,11.6619,10.81665,10.81665,11.40175,10.81665,10.63015,10.63015,10.63015,10.63015,10.63015,11.31371,10.63015,10.63015,10.63015,11.31371,10.63015,10.63015,10.63015,10.63015,10.0,10.0,10.0,9.43398,9.43398,9.43398,8.94427,8.94427,8.544,8.544,8.544,7.61577,8.24621,7.07107,7.07107,7.07107,6.08276,6.0,6.0,6.0,71.58911,71.19691,70.0928,70.83078,72.03471,69.42622,70.61161,66.21933,65.11528,66.21933,69.07966,64.51356,60.40695,63.56886,61.68468,60.00833,61.32699,57.69749,56.85948,55.54278,55.47071,57.80138,55.56978,53.82379,57.98276,56.85948,53.82379,57.42822,54.20332,53.60037,54.03702,52.49762,54.08327,56.40035,54.81788,53.82379,53.82379,50.80354,54.91812,51.10773,51.62364,52.3259,51.62364,49.76947,48.33218,44.01136,44.27189,44.27189,38.63936,40.5216,38.20995,35.35534,34.1321,33.01515,35.12834,30.80584,27.89265,22.02272,19.79899,22.62742,24.83948,24.04163,25.4951,24.08319,27.58623,26.1725,28.6007,32.55764,34.05877,35.80503,39.20459,40.31129,41.23106,43.13931,41.72529,44.68781,46.01087,47.38143,48.10405,44.55334,54.45181,48.08326,49.57822,49.57822,50.32892,51.40039,49.67897,49.20366,49.20366,50.21952,50.77401,51.31277,51.10773,50.53712,50.11986,51.47815,50.15974,49.64877,52.81098,53.16014,49.47727,50.80354,56.7186,51.62364,56.00893,56.0,57.00877,57.0,59.00847,57.07889,62.514,62.514,66.91039,68.593
12.36932,12.36932,12.36932,11.40175,11.40175,11.40175,11.18034,11.18034,11.18034,11.18034,10.04988,10.04988,10.04988,10.0,10.0,10.0,9.0,9.0,9.05539,9.05539,9.05539,9.05539,9.05539,9.21954,9.21954,9.21954,9.21954,9.21954,9.21954,9.05539,9.21954,9.21954,9.21954,9.05539,9.05539,9.05539,8.0,8.0,8.0,8.0,7.07107,7.07107,7.07107,6.08276,7.28011,6.32456,6.32456,6.32456,5.83095,5.83095,5.83095,5.0,71.47027,68.00735,71.86793,67.05222,69.28925,67.06713,72.11103,64.84597,67.44627,64.84597,61.03278,61.40033,64.03124,61.84658,58.24946,59.84146,64.77654,56.32051,55.22681,55.08176,58.03447,52.00961,55.3263,54.0,53.03772,56.14268,55.03635,56.08921,56.14268,51.35173,51.35173,55.3263,52.46904,56.4358,50.48762,51.97115,53.33854,52.23983,53.00943,51.08816,51.0098,49.25444,47.01064,50.15974,49.16299,46.09772,41.30375,40.4475,39.84972,38.27532,41.62932,36.40055,35.8469,38.07887,35.77709,33.6006,27.80288,28.16026,24.5153,22.56103,25.31798,25.17936,28.44293,28.86174,30.59412,32.98485,32.28002,37.36308,39.29377,39.56008,40.16217,39.29377,46.09772,47.29693,45.12206,42.44997,48.83646,44.14748,51.92302,50.69517,50.01,50.80354,50.96077,54.81788,55.9017,49.72927,57.24509,52.20153,59.46427,54.42426,52.3259,53.85165,53.31041,53.23533,55.00909,54.3783,54.6443,53.0,54.40588,54.67175,56.85068,49.67897,55.17246,56.72742,53.2635,60.0,62.20129,60.20797,60.90156,66.37017,62.26556,64.07808,68.8767,68.15424
12.16553,12.16553,12.16553,11.18034,12.16553,11.18034,11.40175,11.40175,11.40175,10.44031,10.44031,10.44031,10.44031,9.48683,9.48683,9.84886,9.84886,9.84886,8.94427,9.43398,9.43398,9.43398,9.43398,9.43398,9.43398,9.43398,10.0,9.43398,8.60233,10.0,9.43398,8.60233,9.43398,8.60233,9.43398,9.43398,8.94427,8.544,8.544,7.61577,8.544,7.61577,8.24621,7.28011,7.28011,7.07107,7.07107,6.08276,6.0,5.09902,5.09902,5.09902,71.44928,70.21396,72.78049,64.13267,72.36712,71.58911,64.77654,70.21396,60.87693,65.0,62.36986,62.29767,61.40033,56.61272,55.02727,59.09315,58.69412,59.61543,59.09315,53.66563,57.24509,51.0,50.47772,47.88528,48.54894,53.53504,51.40039,48.41487,53.82379,53.90733,53.60037,52.63079,51.86521,52.80152,48.8774,53.33854,49.64877,52.20153,53.0,53.85165,51.31277,47.41308,47.01064,46.95743,49.76947,45.22168,51.24451,44.14748,43.68066,39.81206,41.23106,42.10701,39.11521,37.05401,34.0,35.35534,35.35534,22.67157,26.24881,26.90725,26.90725,27.58623,24.83948,29.20616,30.0,38.41875,32.64966,32.20248,40.45986,40.0,43.27817,48.27007,43.13931,48.79549,46.01087,50.44799,50.20956,48.79549,52.3259,50.32892,50.9902,53.07542,53.2635,53.07542,56.63921,53.2635,54.20332,53.41348,55.0,51.73973,56.61272,55.21775,56.61272,51.0,53.0,54.20332,53.7122,57.70615,54.78138,55.97321,53.16014,52.39275,46.52956,54.74486,59.68249,58.21512,59.07622,57.0,63.03174,61.0082,59.00847,60.13319,66.27217,60.53098
12.0,12.0,12.0,12.0,12.0,11.0,11.04536,11.04536,10.19804,10.04988,10.04988,10.19804,10.19804,9.21954,8.24621,9.48683,8.544,8.544,8.544,8.94427,8.94427,8.06226,9.43398,8.94427,8.94427,8.60233,8.60233,9.43398,8.60233,9.43398,8.60233,8.60233,9.43398,9.43398,9.43398,8.94427,9.84886,8.544,8.544,7.61577,8.544,8.24621,8.24621,7.28011,7.28011,7.07107,7.07107,7.07107,7.0,6.0,6.08276,6.08276,68.02941,72.02777,65.19202,70.17834,68.73136,65.27634,64.07027,59.07622,64.19502,57.55867,62.64982,59.90826,60.41523,58.69412,52.88667,55.97321,54.81788,50.96077,48.38388,51.42956,53.23533,45.65085,46.64762,46.95743,48.8774,46.14109,49.92995,45.22168,48.82622,49.57822,49.40648,49.0408,46.61545,45.60702,51.08816,49.20366,51.0392,47.70744,47.70744,53.0,51.62364,51.31277,53.85165,47.85394,44.77723,46.06517,43.08132,46.8188,43.86342,41.4367,40.26164,38.07887,41.97618,38.11824,39.0,37.05401,35.01428,29.96665,31.30495,32.20248,34.43835,32.31099,32.64966,35.35534,37.12142,39.44617,38.94868,43.38202,45.79301,44.10215,48.02083,52.3259,52.0,55.47071,56.82429,53.23533,54.12024,51.47815,56.35601,59.16925,56.4358,60.41523,57.68882,56.93856,56.61272,60.20797,56.30275,55.80323,59.07622,57.42822,56.58622,57.38467,60.87693,53.74012,56.63921,54.81788,53.41348,54.03702,52.15362,53.0,59.5399,54.78138,57.28001,58.5235,56.51548,59.22837,56.08921,55.3263,61.29437,63.1981,67.02984,61.13101,60.03332,66.0
11.6619,11.6619,10.81665,10.29563,10.29563,10.29563,9.43398,10.0,9.21954,9.21954,9.21954,8.48528,8.48528,7.81025,7.81025,7.81025,7.2111,7.2111,7.2111,7.2111,7.2111,8.06226,8.06226,8.06226,7.61577,7.61577,8.06226,7.61577,8.06226,8.06226,8.06226,8.06226,8.06226,8.06226,8.06226,7.81025,7.81025,7.81025,7.81025,7.07107,7.07107,7.07107,6.40312,6.40312,6.40312,6.7082,6.7082,6.7082,6.32456,6.32456,6.32456,5.09902,73.60027,61.61169,73.24616,68.60029,66.06815,67.26812,62.482,63.60031,56.30275,59.20304,55.15433,58.0,50.20956,48.79549,46.69047,49.81967,50.21952,48.60041,52.69725,45.27693,50.53712,42.04759,48.46648,41.23106,44.59821,43.65776,42.04759,49.0408,47.01064,49.0408,46.09772,45.60702,45.54119,51.1957,43.32436,46.23851,46.8188,49.33559,49.64877,47.75982,48.75449,48.76474,47.01064,46.06517,49.39636,41.88078,42.72002,43.82921,44.04543,43.86342,43.18565,38.18377,38.8973,36.05551,37.21559,37.21559,37.12142,35.0,33.94113,33.30165,33.83785,33.6006,39.82462,37.01351,37.44329,40.22437,41.04875,44.20407,49.92995,49.24429,49.09175,54.91812,50.60632,55.75841,52.80152,59.36329,55.75841,60.53924,54.20332,56.60389,62.43397,62.26556,59.94164,58.13777,63.13478,62.76942,66.64083,54.626,63.97656,63.32456,55.97321,60.44005,54.40588,56.75385,55.10898,55.9017,52.34501,55.14526,54.03702,53.23533,56.08921,56.14268,54.91812,52.63079,55.97321,57.00877,60.16644,61.32699,61.77378,58.66856,63.28507,68.42514,69.97142,64.89992
13.60147,13.60147,13.0384,13.0384,12.20656,11.6619,11.6619,10.81665,11.18034,10.29563,10.29563,9.84886,9.84886,9.84886,9.84886,10.77033,9.21954,9.21954,9.21954,9.21954,9.21954,9.21954,8.24621,9.21954,9.21954,9.21954,8.24621,9.21954,9.21954,8.24621,8.544,8.544,8.544,8.544,8.06226,8.06226,8.06226,7.2111,7.81025,7.81025,7.07107,6.40312,6.40312,6.40312,6.40312,5.83095,6.7082,6.32456,5.38516,6.08276,5.09902,5.09902,74.41102,77.78175,71.42129,73.59348,74.41102,67.17887,70.00714,63.12686,67.89698,57.62812,61.22091,58.60034,58.00862,53.25411,53.85165,53.23533,52.15362,51.97115,44.77723,48.38388,48.10405,45.31004,47.75982,43.65776,40.49691,44.27189,49.0408,44.14748,44.01136,46.32494,45.12206,42.2019,46.57252,45.35416,46.17359,41.4367,39.0,44.28318,42.54409,40.71855,42.48529,38.47077,36.89173,39.66106,39.20459,38.28838,33.24154,35.35534,31.82766,31.62278,32.24903,30.46309,27.89265,29.41088,25.29822,28.16026,28.16026,32.28002,29.54657,31.32092,33.83785,34.9285,33.52611,33.95585,38.32754,39.81206,42.2019,45.88028,46.32494,49.72927,51.41984,48.83646,54.57105,53.60037,55.54278,54.74486,55.57877,55.65968,63.34824,63.56099,61.39218,61.03278,59.84146,60.20797,57.27128,63.50591,60.29925,63.3877,59.03389,55.22681,62.20129,61.0,60.29925,59.4138,61.66036,57.87055,55.57877,52.88667,61.68468,57.38467,63.69458,55.9017,53.53504,60.53924,62.42596,64.40497,66.4003,66.70832,65.19202,69.81404,67.94115,73.5527,70.00714,78.56844
13.34166,12.36932,13.34166,12.36932,12.36932,11.40175,11.40175,11.7047,10.77033,10.77033,10.77033,10.29563,10.29563,10.29563,10.29563,9.43398,9.43398,9.43398,9.21954,9.21954,9.21954,9.21954,8.60233,9.21954,9.21954,9.21954,8.60233,10.0,8.60233,8.60233,8.60233,8.60233,9.43398,8.06226,8.06226,8.544,8.544,7.28011,7.28011,7.28011,7.28011,6.08276,7.07107,6.08276,6.0,6.0,5.09902,5.09902,5.09902,5.38516,4.47214,4.47214,80.41144,78.33901,76.40026,72.36712,68.06614,71.56815,71.30919,70.0928,66.09841,66.70832,63.56886,63.56886,62.93648,57.93962,55.9464,55.9464,53.66563,57.70615,53.0,52.43091,54.6443,51.86521,49.81967,49.0408,48.60041,50.80354,48.82622,53.8145,51.08816,50.44799,49.0408,51.22499,49.40648,46.8615,51.22499,47.01064,48.82622,47.50789,49.65884,44.38468,42.54409,41.62932,43.08132,41.48494,39.05125,41.30375,37.48333,37.12142,34.0,32.01562,33.37664,31.04835,30.67572,25.96151,26.92582,28.6007,26.92582,33.24154,28.6007,31.14482,38.18377,36.06938,31.14482,36.87818,36.12478,41.01219,41.10961,47.63402,45.34314,48.83646,49.20366,55.44367,52.34501,55.17246,56.56854,53.41348,55.60576,55.97321,58.69412,60.87693,60.30755,58.0517,60.44005,63.25346,61.84658,59.81639,63.82006,57.00877,62.43397,57.98276,59.36329,58.83026,58.30952,53.7122,56.36488,55.00909,57.97413,57.27128,57.48913,56.08921,57.42822,58.42089,64.19502,58.13777,61.13101,68.35934,69.58448,65.49046,72.99315,72.18033,72.18033,74.72617,79.42921,80.60397
14.42221,13.60147,13.0384,13.0384,13.0384,12.52996,13.0384,11.6619,11.18034,11.18034,11.18034,11.18034,10.77033,10.77033,10.44031,10.44031,10.19804,9.21954,10.19804,10.19804,9.21954,10.19804,9.21954,10.19804,9.21954,9.21954,9.05539,10.19804,10.19804,9.21954,9.48683,9.48683,9.48683,8.544,8.544,8.94427,8.94427,8.06226,8.06226,7.2111,7.2111,7.81025,7.81025,7.07107,6.40312,6.40312,5.83095,5.83095,5.83095,5.38516,5.38516,5.09902,73.66139,80.65978,74.27651,75.74299,77.89737,71.58911,71.50524,68.62215,63.03174,65.29931,65.94695,62.00806,59.40539,59.16925,55.9464,60.03332,57.69749,55.00909,55.00909,52.35456,52.55473,50.0,53.16014,52.55473,48.38388,51.24451,50.44799,51.41984,49.33559,48.50773,51.1957,49.0306,52.17279,46.57252,49.72927,49.98,47.53946,48.46648,48.8467,44.94441,47.41308,46.14109,40.49691,41.40048,39.40812,39.40812,37.48333,34.71311,33.97058,32.64966,30.0,28.63564,33.54102,28.23119,27.20294,26.68333,27.16616,32.28002,29.12044,30.08322,33.24154,31.57531,33.73426,38.60052,38.32754,40.02499,43.41659,41.4367,45.88028,47.53946,49.81967,53.60037,49.64877,52.17279,53.36666,57.07013,57.97413,56.08921,58.5235,61.0,58.85576,59.22837,60.63827,58.0517,60.67125,59.3043,59.68249,59.84146,58.03447,57.00877,60.07495,57.00877,59.4138,55.10898,54.58938,57.48913,55.54278,57.56735,53.85165,55.03635,60.37384,54.20332,59.36329,66.85058,62.482,61.7171,64.66065,68.88396,70.00714,74.33034,72.86288,73.5527,77.83315,75.69016
12.64911,12.64911,12.36932,12.36932,11.40175,11.40175,11.40175,10.19804,11.18034,10.19804,10.19804,10.04988,10.04988,9.05539,9.0,9.0,9.0,8.06226,9.05539,9.05539,9.05539,8.06226,8.06226,8.24621,9.21954,8.06226,8.06226,8.06226,9.05539,8.06226,9.0,8.0,8.0,7.0,8.0,7.07107,7.28011,7.07107,7.28011,7.28011,6.7082,6.7082,6.7082,5.83095,5.83095,5.65685,5.65685,5.65685,5.0,5.0,4.47214,5.38516,74.09453,74.0,74.67262,73.38937,74.94665,70.5195,74.33034,69.57011,64.28841,64.03124,61.84658,62.96825,59.84146,56.08921,54.91812,52.15362,57.07889,56.00893,53.03772,55.03635,54.0,56.14268,50.35871,48.37355,48.09366,49.16299,45.54119,48.05206,46.87217,49.36598,48.6621,49.81967,48.50773,46.52956,45.54119,45.09989,47.38143,51.35173,44.01136,46.04346,43.0,43.28972,43.18565,42.19005,40.60788,34.48188,34.53983,36.76955,37.12142,35.35534,32.75668,33.6006,29.06888,29.06888,26.90725,26.40076,27.78489,29.12044,31.04835,31.257,36.13862,33.52611,33.95585,36.87818,37.36308,38.07887,39.29377,42.44997,44.92215,47.12749,49.33559,50.28916,51.5461,56.61272,55.31727,53.45091,54.57105,55.7853,58.0517,56.32051,57.87055,60.87693,58.82176,57.28001,60.87693,58.87274,60.40695,58.87274,58.69412,57.93962,58.13777,59.48109,56.35601,59.07622,57.98276,57.48913,56.0803,55.97321,53.74012,57.31492,58.25805,61.61169,58.83026,58.30952,63.63175,63.95311,72.61543,69.35416,71.86793,75.15318,70.00714,76.6942,78.74643,83.48653
12.16553,11.40175,11.18034,11.18034,11.04536,10.04988,10.04988,10.04988,10.04988,9.0,9.0,9.0,8.0,8.06226,8.06226,8.06226,8.24621,8.06226,7.28011,7.28011,7.28011,7.28011,7.61577,7.61577,7.61577,7.61577,7.61577,7.61577,7.61577,8.544,7.28011,8.24621,7.28011,7.28011,8.06226,8.06226,8.06226,7.07107,7.0,7.0,7.07107,7.07107,7.07107,6.32456,6.32456,6.32456,5.83095,5.83095,5.83095,5.65685,5.65685,5.0,69.64194,67.54258,66.85058,69.46222,68.54196,62.24147,68.62215,65.55151,60.00833,57.87055,54.57105,52.20153,54.12947,54.12947,49.64877,48.05206,50.9902,44.01136,46.09772,43.10452,48.04165,42.0,43.73786,42.75512,44.55334,42.95346,40.79216,42.72002,42.95346,43.9659,41.4367,45.12206,51.47815,45.88028,46.69047,42.75512,46.52956,50.24938,49.49747,42.0,39.05125,40.4475,42.19005,42.75512,42.42641,40.79216,38.62642,38.27532,34.53983,35.77709,33.28663,35.0,37.44329,36.40055,33.30165,31.62278,30.80584,30.26549,27.65863,30.80584,31.57531,30.08322,34.17601,36.68787,38.27532,39.84972,40.5216,45.88028,51.66237,47.43416,51.24451,53.45091,52.17279,56.29387,54.40588,54.70832,59.03389,57.72348,64.19502,58.46366,59.20304,62.36185,60.87693,62.58594,63.56099,59.13544,61.03278,62.96825,61.09828,62.76942,58.60034,62.64982,63.97656,59.5063,57.98276,57.14018,60.80296,59.03389,56.85068,58.13777,58.79626,56.63921,66.0303,61.85467,63.60031,63.50591,66.57327,69.83552,64.84597,68.0,72.94518,74.24284,71.30919,72.73239
13.0,11.7047,12.64911,11.7047,11.40175,11.40175,11.40175,10.19804,10.19804,10.19804,10.19804,10.04988,9.05539,9.05539,8.0,9.05539,9.05539,9.05539,8.24621,9.21954,8.06226,9.48683,9.21954,9.21954,8.24621,9.21954,9.21954,9.21954,9.21954,10.19804,8.24621,9.21954,9.21954,9.21954,9.05539,9.05539,9.0,8.0,8.0,8.0,8.06226,8.06226,7.28011,7.28011,7.28011,6.32456,6.7082,6.7082,6.7082,6.40312,6.40312,5.65685,65.39113,73.34848,69.35416,67.72001,66.48308,64.40497,67.44627,63.32456,58.82176,60.16644,57.72348,59.20304,51.97115,55.7315,49.49747,50.15974,49.0408,46.38965,45.04442,51.0098,46.17359,48.01042,44.40721,47.67599,45.22168,43.41659,45.35416,46.17359,44.27189,47.53946,44.38468,46.69047,45.60702,48.50773,45.70558,47.53946,46.48656,46.09772,45.27693,50.24938,47.38143,46.04346,43.04649,42.10701,44.40721,43.41659,43.17407,38.63936,40.71855,42.54409,38.48376,37.58989,32.64966,33.28663,31.62278,33.94113,30.4795,29.01724,29.01724,32.24903,34.0147,36.05551,36.01389,39.05125,42.04759,40.04997,42.10701,47.38143,51.0098,51.0392,49.0408,52.15362,53.03772,58.13777,58.03447,60.13319,61.0082,58.0,59.3043,60.40695,64.19502,61.20457,64.03124,60.03332,62.80127,63.50591,59.03389,60.53098,65.73431,66.70832,61.03278,61.39218,59.77458,61.46544,54.08327,56.79789,57.80138,58.66856,57.14018,57.80138,57.38467,58.79626,63.65532,62.28965,61.84658,62.00806,62.96825,61.03278,65.0,66.7308,67.60178,69.77105,76.94154,71.11259
12.80625,12.80625,12.20656,12.04159,11.40175,10.81665,10.81665,10.81665,10.81665,8.94427,10.29563,9.84886,9.48683,8.544,8.544,9.48683,9.21954,9.21954,9.05539,9.21954,8.06226,8.24621,9.05539,8.06226,9.05539,9.05539,9.21954,9.05539,9.05539,9.05539,8.24621,9.21954,8.24621,8.24621,8.544,8.544,8.544,7.61577,7.61577,7.2111,7.2111,7.2111,7.81025,7.2111,7.07107,7.07107,6.40312,5.83095,5.83095,5.38516,5.38516,5.09902,73.87828,74.24958,70.43437,69.6563,73.4983,66.0303,60.80296,65.51336,58.00862,60.46487,59.36329,52.83938,57.80138,50.69517,52.39275,50.92151,54.08327,50.0,48.83646,41.23106,50.48762,47.53946,43.10452,43.04649,43.56604,45.04442,48.04165,46.17359,41.04875,48.01042,51.15662,46.17359,45.0,48.37355,44.04543,46.0,44.18144,48.16638,45.27693,43.93177,46.84015,42.72002,42.72002,43.86342,38.62642,41.67733,41.18252,40.81666,34.05877,33.24154,35.38361,33.97058,34.20526,33.01515,36.35932,33.83785,31.7805,32.24903,32.64966,34.17601,33.54102,36.40055,35.8469,40.31129,41.23106,42.15448,41.76123,50.28916,49.64877,52.20153,56.64804,49.76947,54.42426,58.60034,56.30275,52.20153,56.0803,55.36244,61.68468,60.40695,61.46544,60.08328,61.40033,56.921,65.73431,65.0,57.87055,59.5399,60.82763,58.42089,59.3043,58.00862,59.13544,58.03447,55.14526,55.08176,60.01666,60.01666,59.46427,60.40695,55.54278,57.00877,59.09315,57.14018,58.30952,59.40539,59.5483,61.7171,63.12686,69.31089,67.26812,70.03571,72.13876,72.91776
11.6619,11.6619,11.18034,11.6619,10.29563,10.29563,10.29563,9.84886,9.84886,8.544,8.544,8.24621,8.24621,8.24621,7.07107,8.24621,8.06226,7.0,8.0,7.0,7.0,7.0,8.0,7.07107,8.06226,7.0,7.0,7.0,7.0,7.0,7.0,7.0,7.07107,7.07107,7.28011,7.28011,7.28011,7.28011,6.7082,6.7082,6.40312,5.83095,6.40312,5.65685,6.40312,6.40312,5.83095,5.83095,5.83095,5.38516,6.32456,5.09902,75.0733,73.0,71.61006,67.80118,75.21303,69.6563,63.78087,69.02898,70.80254,57.2014,56.60389,57.69749,57.3062,57.27128,51.47815,49.64877,49.0408,47.43416,50.44799,47.07441,47.67599,43.17407,44.28318,48.09366,45.01111,44.18144,47.09565,45.01111,44.0,45.01111,46.01087,47.0,46.01087,42.10701,45.39824,41.10961,43.04649,46.04346,48.16638,46.84015,42.95346,39.84972,45.31004,41.10961,42.95346,38.47077,38.60052,40.81666,34.20526,32.64966,33.97058,33.01515,31.06445,32.44996,33.12099,33.83785,29.73214,33.28663,32.75668,34.1321,36.05551,34.48188,35.35534,36.67424,41.62932,40.71855,45.18849,46.95743,49.24429,55.03635,53.7122,56.79789,60.03332,55.9464,57.24509,59.80803,61.7414,66.85058,65.9242,59.5063,60.16644,60.00833,64.51356,64.62198,63.90618,61.03278,59.48109,64.32729,60.01666,55.7315,60.53098,60.00833,62.07254,58.00862,57.07889,55.08176,57.27128,56.08921,57.00877,58.30952,62.24147,56.36488,62.26556,62.43397,59.03389,65.29931,65.43699,66.6033,69.52697,70.03571,73.59348,74.96666,78.87332,74.24958
12.36932,12.36932,12.36932,12.16553,11.18034,11.18034,11.04536,10.04988,10.04988,9.0,10.04988,9.0,9.05539,9.05539,8.06226,8.06226,8.06226,8.24621,8.544,8.24621,7.28011,7.61577,7.28011,7.61577,7.61577,7.28011,8.24621,7.28011,7.61577,7.28011,7.28011,7.28011,7.07107,7.07107,7.07107,8.0,7.0,7.07107,6.08276,6.08276,6.32456,6.32456,6.32456,6.7082,6.7082,6.40312,6.40312,5.65685,5.65685,5.65685,5.83095,5.83095,75.43209,77.12976,75.31268,70.34202,71.58911,65.96969,66.28725,65.76473,61.66036,59.5399,58.13777,58.07753,56.0803,54.03702,50.0,49.0408,51.0392,48.37355,44.28318,50.9902,50.96077,45.89118,45.60702,47.75982,43.68066,45.35416,43.65776,46.48656,47.92703,42.15448,45.69464,44.59821,43.65776,42.72002,43.68066,42.44997,42.72002,40.80441,41.4367,40.31129,44.10215,40.11234,44.01136,39.01282,39.45884,37.33631,30.80584,38.07887,33.83785,35.4683,31.90611,31.90611,30.0,29.73214,28.28427,29.41088,30.4795,34.0,33.06055,33.06055,34.05877,35.0571,36.01389,37.48333,42.29657,44.55334,47.26521,47.51842,50.15974,53.23533,57.87055,57.14018,56.22277,56.22277,58.07753,60.40695,57.0,60.40695,64.38167,63.50591,62.39391,62.28965,61.81424,61.39218,60.41523,59.90826,65.0,59.77458,61.68468,59.46427,58.5235,58.87274,59.94164,57.3062,53.00943,56.40035,60.30755,56.0803,60.10824,55.9017,60.44005,59.40539,57.42822,58.24946,66.21178,66.18912,68.54196,66.12866,70.88018,71.16881,72.73239,74.46476,72.8011,75.43209
13.15295,13.15295,13.0384,12.04159,12.0,12.04159,12.04159,11.0,11.0,11.04536,11.04536,10.04988,10.19804,10.19804,9.21954,9.21954,9.48683,9.21954,8.544,9.48683,8.544,9.48683,8.544,8.94427,8.94427,8.544,8.544,8.544,8.544,8.544,8.544,8.544,8.24621,8.24621,8.24621,8.06226,8.0,7.07107,7.0,7.0,7.07107,7.07107,6.08276,6.32456,6.32456,5.38516,5.83095,5.83095,5.0,5.0,4.24264,5.0,74.04053,72.8011,74.2159,73.00685,72.56721,72.27724,72.99315,70.34202,64.77654,65.49046,58.42089,60.13319,58.13777,57.03508,56.0803,54.08327,51.24451,52.7731,53.36666,52.61179,54.34151,48.27007,50.0,50.21952,50.9902,49.47727,47.12749,47.12749,46.23851,45.31004,49.0408,46.23851,44.38468,45.88028,42.72002,45.22168,48.50773,42.05948,44.72136,42.95346,39.45884,44.40721,41.0,39.45884,40.31129,39.45884,37.48333,35.17101,33.54102,32.20248,34.48188,30.80584,27.20294,28.84441,31.89044,29.0,28.42534,29.06888,27.01851,32.14032,33.01515,32.01562,30.06659,34.0,37.01351,41.0,42.0119,47.0,46.09772,50.0,53.15073,55.22681,53.15073,60.03332,53.15073,56.0357,59.03389,55.08176,59.13544,57.07889,59.4138,58.69412,59.68249,60.01666,60.01666,56.29387,61.13101,57.28001,63.60031,58.18935,58.87274,57.77543,58.13777,54.12024,51.97115,52.00961,61.22091,57.2014,56.63921,59.4138,56.22277,57.42822,56.0357,59.5399,63.95311,69.31811,65.0,68.94926,73.53911,73.73602,71.16881,79.69944,79.40403,78.1025
12.04159,12.04159,12.04159,11.04536,11.0,11.0,11.0,10.0,10.04988,10.0,9.05539,9.21954,9.05539,9.05539,8.24621,9.21954,8.544,8.544,8.544,8.544,7.61577,7.61577,7.61577,7.61577,7.61577,7.61577,7.61577,7.61577,7.28011,7.28011,7.28011,7.28011,7.07107,7.07107,7.07107,7.07107,7.0,6.0,6.08276,6.08276,5.09902,5.09902,5.38516,5.38516,4.47214,5.0,4.24264,4.24264,4.24264,3.60555,3.60555,3.16228,77.0,75.16648,83.0542,75.02666,73.24616,72.0,68.06614,70.00714,59.21149,70.34913,63.95311,58.24946,60.20797,49.24429,56.4358,52.63079,55.08176,50.59644,51.5461,46.95743,54.12024,48.30114,49.64877,46.64762,49.1935,47.88528,43.82921,43.38202,40.49691,48.82622,45.22168,47.20169,38.01316,47.01064,45.69464,41.59327,42.04759,44.72136,43.38202,42.05948,38.8973,41.48494,40.4475,36.49658,38.32754,37.05401,36.05551,33.24154,34.36568,32.28002,28.86174,31.01612,26.92582,28.6007,28.30194,26.90725,27.58623,25.0,30.08322,29.12044,38.07887,31.95309,35.1141,34.0147,35.8469,39.35734,40.70626,40.71855,43.65776,46.23851,50.32892,48.33218,49.24429,58.18935,49.65884,57.38467,56.0803,55.03635,54.626,55.54278,57.27128,57.77543,56.4358,56.79789,60.74537,54.20332,65.51336,54.70832,61.91123,59.66574,58.60034,58.0,54.45181,53.75872,58.13777,60.20797,50.0,54.91812,55.9464,61.77378,57.24509,63.90618,60.41523,64.56005,62.96825,66.75328,64.13267,67.26812,68.88396,74.24284,65.19202,75.10659,82.05486,78.00641
13.60147,12.36932,12.64911,12.36932,11.7047,11.7047,11.7047,10.44031,10.77033,9.84886,10.29563,10.29563,9.43398,9.43398,9.43398,10.0,9.21954,8.60233,9.21954,8.60233,8.60233,9.21954,9.21954,8.48528,8.48528,8.48528,8.48528,8.48528,8.48528,7.81025,7.81025,8.60233,8.06226,7.2111,8.06226,8.06226,8.06226,6.7082,7.61577,6.32456,6.32456,6.08276,6.08276,6.0,5.0,5.09902,5.09902,5.09902,4.12311,4.47214,4.47214,3.60555,74.52516,72.99315,76.15773,71.38627,72.42237,72.27724,65.52099,67.44627,56.75385,62.8172,59.13544,57.58472,56.46238,53.31041,57.58472,55.03635,50.08992,52.35456,54.3783,46.14109,52.20153,44.41846,47.80167,43.41659,46.69047,50.44799,44.59821,45.96738,45.22168,49.49747,50.93133,53.03772,43.86342,47.63402,45.96738,43.26662,44.40721,45.80393,43.82921,44.20407,43.26662,42.94182,39.0,38.62642,40.80441,36.68787,42.2019,34.71311,35.22783,34.05877,31.01612,31.257,29.27456,23.76973,24.69818,28.23119,26.07681,28.6007,29.52965,28.17801,37.21559,28.6531,36.35932,36.89173,35.8469,36.61967,38.41875,41.88078,47.80167,49.09175,49.09175,55.47071,48.8774,56.22277,48.60041,56.40035,56.61272,53.85165,59.81639,58.5235,56.40035,59.90826,61.40033,58.00862,61.84658,55.9017,61.6198,56.56854,60.959,58.89822,51.22499,57.62812,59.03389,54.6443,60.20797,53.23533,60.83584,57.58472,51.86521,58.5235,54.12947,60.41523,59.0,59.07622,65.06919,59.00847,63.00794,66.0303,70.06426,77.31753,68.73136,71.19691,78.40918,72.33948
13.60147,13.60147,12.20656,12.20656,12.20656,11.40175,10.63015,10.63015,10.63015,10.63015,9.89949,10.63015,10.63015,10.63015,9.21954,9.21954,10.0,9.43398,9.43398,9.43398,8.94427,9.43398,8.94427,8.94427,8.94427,8.94427,8.94427,9.43398,9.43398,8.94427,8.60233,8.60233,8.60233,8.60233,8.48528,7.81025,7.81025,8.48528,7.81025,7.81025,7.2111,7.2111,7.2111,6.7082,6.32456,6.32456,6.32456,6.32456,6.08276,6.08276,5.0,5.0,75.58439,73.79024,79.62412,70.49113,70.3278,69.35416,67.08204,68.09552,63.51378,61.40033,61.03278,59.03389,59.03389,58.41233,54.20332,54.03702,56.63921,54.45181,52.34501,51.08816,49.67897,44.04543,50.47772,51.31277,48.82622,50.24938,46.32494,52.15362,51.31277,48.02083,47.20169,50.08992,43.909,47.16991,44.77723,46.8615,47.80167,48.82622,47.63402,44.59821,42.42641,43.18565,46.40043,43.60046,38.58756,38.01316,32.01562,38.48376,36.40055,36.40055,32.28002,30.08322,32.38827,31.14482,29.01724,31.01612,30.14963,26.87006,28.3196,27.80288,30.4795,35.60899,33.30165,33.6006,36.61967,39.40812,40.22437,45.45327,47.42362,46.61545,53.41348,51.85557,49.0408,52.80152,51.40039,58.24946,58.60034,60.46487,57.68882,55.44367,57.2014,60.46487,59.68249,54.08327,62.1289,56.30275,63.28507,53.22593,61.58734,60.37384,59.13544,58.82176,57.97413,53.16014,56.08921,55.7853,55.7315,58.69412,56.00893,54.03702,58.07753,56.22277,64.13267,61.84658,61.68468,61.98387,66.09841,62.8172,66.70832,69.857,67.23095,78.18568,80.06248,72.01389
13.15295,12.16553,12.04159,11.18034,11.04536,11.04536,11.04536,10.0,10.0,10.0,10.0,9.05539,9.05539,9.05539,9.05539,9.21954,9.21954,8.24621,8.544,8.24621,8.24621,8.544,8.544,8.544,8.544,8.544,8.544,8.24621,8.24621,8.544,7.28011,8.24621,8.24621,7.28011,7.07107,8.06226,8.06226,7.0,7.07107,7.07107,6.08276,6.08276,6.08276,6.32456,5.38516,5.38516,4.47214,5.0,4.24264,4.24264,4.24264,3.60555,75.6439,78.26238,70.66116,75.23962,76.6942,67.6757,67.1193,62.03225,63.24555,60.16644,60.16644,62.8172,61.03278,59.90826,55.54278,53.46027,57.48913,58.69412,49.25444,53.33854,52.0,49.0408,45.01111,47.01064,45.04442,50.03998,54.45181,47.26521,43.10452,47.67599,50.35871,48.25971,50.24938,43.0,49.0408,44.04543,48.04165,44.01136,43.41659,47.09565,42.29657,43.41659,39.56008,41.4367,39.39543,38.60052,38.27532,38.07887,34.1321,37.64306,33.28663,31.1127,31.1127,33.01515,26.41969,28.79236,28.4605,33.13608,31.14482,34.0,30.26549,35.0,37.33631,33.13608,39.45884,43.41659,40.1995,45.09989,44.18144,47.26521,52.03845,51.47815,55.22681,54.58938,59.5399,58.21512,60.20797,56.56854,64.49806,58.42089,58.30952,58.07753,61.52235,61.0,60.82763,64.38167,59.22837,56.29387,62.16912,61.84658,57.56735,58.82176,60.00833,59.46427,57.69749,59.05929,61.77378,57.14018,59.66574,53.2635,63.78087,55.31727,68.62215,61.61169,62.96825,68.00735,67.6757,69.89278,72.71864,75.80237,73.82412,72.94518,71.19691,72.89719
13.41641,11.6619,13.0384,11.6619,11.6619,10.81665,11.40175,11.40175,10.63015,10.63015,10.63015,9.89949,9.89949,9.21954,9.21954,10.0,8.60233,9.43398,8.06226,8.94427,8.94427,8.94427,9.43398,8.94427,8.94427,8.94427,8.94427,8.94427,8.94427,8.94427,8.06226,8.06226,8.06226,8.60233,8.60233,7.81025,8.48528,7.07107,7.07107,6.40312,7.07107,6.40312,7.2111,5.83095,6.7082,5.38516,5.38516,5.09902,5.09902,5.0,5.0,4.12311,74.24958,65.0,73.82412,73.92564,71.58911,70.21396,64.3506,63.60031,61.40033,61.58734,59.68249,57.00877,61.6198,53.2635,56.0803,54.20332,53.07542,52.63079,51.0392,50.21952,51.31277,48.37355,48.8774,42.05948,47.50789,44.72136,50.56679,47.88528,43.56604,52.35456,47.85394,47.41308,45.61798,46.52956,48.8774,45.79301,42.2019,45.48626,43.909,46.8615,46.40043,47.80167,40.31129,38.8973,38.8973,39.82462,41.34005,36.89173,35.77709,37.94733,33.61547,30.08322,30.36445,30.26549,27.45906,27.07397,26.0,29.06888,30.41381,28.28427,30.4795,32.55764,33.30165,34.71311,36.23534,38.01316,41.6173,43.41659,43.26662,47.20169,51.22499,50.21952,49.39636,56.40035,55.60576,56.61272,58.00862,58.41233,59.5483,57.98276,56.40035,56.85948,58.82176,59.64059,61.03278,58.30952,58.83026,59.9333,61.26989,54.626,55.15433,55.97321,53.48832,56.51548,55.31727,53.15073,52.61179,53.33854,56.22277,58.21512,53.15073,57.14018,56.29387,57.27128,66.09841,57.56735,61.68468,64.51356,65.79514,73.1642,66.64083,67.97794,75.6439,68.942
