10.44031,9.48683,10.44031,10.44031,9.48683,9.48683,8.544,8.544,8.94427,8.94427,8.94427,8.94427,8.94427,8.06226,8.06226,8.60233,7.81025,7.81025,8.60233,8.60233,8.60233,8.60233,7.81025,8.48528,8.60233,7.81025,7.81025,9.21954,7.81025,8.60233,8.60233,8.60233,8.60233,8.06226,7.2111,8.06226,8.06226,7.61577,6.32456,6.32456,6.32456,6.32456,6.32456,5.09902,5.09902,5.09902,4.12311,4.0,4.0,4.0,4.0,4.0,69.2315,63.95311,64.7611,60.67125,61.98387,57.00877,58.54912,58.54912,53.33854,56.51548,55.14526,54.23099,51.0392,50.35871,52.08647,48.04165,54.14795,53.03772,50.01,47.16991,52.34501,48.16638,50.24938,49.49747,50.48762,50.80354,49.09175,52.46904,49.64877,50.01,47.38143,53.60037,48.50773,50.9902,47.38143,54.08327,51.35173,50.48762,50.08992,46.09772,44.01136,45.17743,46.69047,43.41659,43.28972,37.48333,35.51056,35.90265,31.62278,30.59412,30.36445,26.24881,29.54657,29.12044,23.85372,22.36068,22.2036,37.33631,42.72002,42.15448,41.7732,43.56604,44.55334,43.28972,49.09175,48.50773,48.0,54.08327,49.16299,52.15362,56.7186,53.93515,55.7315,59.68249,53.16014,53.85165,59.48109,56.04463,60.08328,57.00877,57.93962,59.48109,56.64804,53.7122,55.71355,53.14132,55.54278,52.20153,59.23681,55.02727,56.61272,55.71355,53.75872,54.81788,56.921,56.30275,56.29387,59.90826,59.03389,60.01666,60.01666,59.43904,62.514,59.84146,65.49046,62.64982,66.91039,65.11528,64.93843,68.24954,62.58594,69.42622,65.51336,72.36712
11.6619,11.18034,11.18034,11.18034,10.77033,9.84886,9.84886,9.84886,9.84886,9.48683,9.84886,9.48683,9.48683,9.21954,9.21954,10.19804,9.21954,9.21954,9.05539,9.05539,9.05539,9.05539,9.21954,10.04988,10.04988,10.04988,10.04988,10.04988,10.04988,10.19804,9.21954,9.05539,9.21954,9.21954,9.48683,8.544,8.544,8.544,7.61577,7.61577,6.7082,6.7082,6.7082,5.83095,5.83095,5.83095,5.0,5.0,5.0,5.0,4.24264,4.24264,61.81424,56.0357,66.4906,58.30952,60.53098,59.68249,53.46027,59.4138,52.17279,53.93515,55.10898,53.15073,53.36666,48.38388,53.45091,51.07837,50.92151,48.33218,50.15974,46.8188,52.55473,47.43416,49.64877,48.33218,45.18849,47.92703,49.64877,46.64762,45.79301,50.47772,47.01064,52.92447,46.51881,51.89412,47.01064,46.09772,44.01136,50.32892,49.0408,48.83646,43.68066,44.18144,39.81206,41.7732,43.18565,39.05125,41.0,34.1321,34.05877,31.14482,31.40064,30.06659,26.07681,25.31798,27.29469,24.73863,22.13594,41.23106,42.42641,37.64306,42.42641,42.52058,44.65423,41.34005,46.32494,49.92995,47.16991,48.75449,49.65884,57.70615,56.36488,57.93962,55.08176,60.87693,52.39275,55.7853,61.29437,56.56854,59.4138,57.55867,57.14018,61.03278,55.57877,55.03635,58.07753,55.03635,60.03332,55.0,58.42089,55.0,52.15362,53.23533,60.07495,57.55867,56.7186,53.75872,58.24946,61.66036,59.22837,60.82763,59.22837,59.22837,63.78871,60.82763,61.84658,61.84658,60.87693,62.8172,69.37579,68.593,61.84658,68.44706,71.30919,67.26812
10.19804,10.19804,10.19804,10.19804,9.21954,9.21954,9.21954,9.48683,9.48683,8.544,8.544,8.544,8.544,8.94427,8.94427,8.94427,8.06226,8.06226,8.06226,8.06226,8.06226,8.06226,8.06226,8.60233,8.60233,8.60233,8.60233,8.60233,8.60233,8.06226,8.06226,8.06226,8.06226,7.61577,7.61577,7.61577,7.61577,7.28011,7.28011,7.28011,6.08276,6.08276,6.08276,5.09902,5.0,5.0,5.0,5.0,5.0,4.0,4.12311,4.12311,65.76473,61.52235,66.48308,54.48853,58.13777,58.89822,56.63921,59.5483,50.80354,53.41348,51.22499,49.40648,50.77401,51.0392,51.31277,50.11986,51.31277,47.88528,48.02083,45.18849,53.48832,46.95743,51.86521,46.8188,51.0,49.64877,47.53946,47.43416,50.32892,45.88028,45.35416,51.26402,47.43416,47.75982,44.27189,48.10405,45.60702,51.26402,48.37355,40.31129,43.82921,47.70744,42.19005,37.44329,39.69887,38.01316,37.53665,35.0,31.14482,32.55764,30.41381,26.90725,27.80288,27.58623,22.80351,23.85372,21.47091,36.13862,38.27532,37.33631,43.38202,41.18252,42.05948,46.04346,44.10215,45.80393,45.60702,50.0,46.8615,53.90733,51.62364,53.03772,52.00961,58.0,53.60037,57.48913,54.03702,58.41233,59.36329,52.47857,60.20797,58.83026,56.93856,54.12024,55.56978,52.83938,56.61272,53.53504,59.16925,55.80323,56.40035,54.08327,54.03702,52.20153,57.00877,54.67175,57.31492,57.98276,59.39697,62.36986,60.1415,61.55485,55.97321,60.10824,65.8559,59.46427,66.46804,60.82763,64.38167,66.52819,62.24147,68.593,63.70243,67.20863
11.31371,10.63015,11.40175,10.63015,10.63015,9.21954,10.0,10.0,10.0,9.43398,10.0,9.43398,9.43398,8.94427,8.94427,9.84886,8.544,9.84886,8.544,9.48683,8.544,9.48683,9.84886,9.48683,9.84886,8.544,9.48683,9.48683,9.48683,9.84886,8.544,9.48683,9.48683,8.544,8.94427,9.43398,8.60233,8.06226,7.2111,7.2111,7.2111,6.40312,6.40312,6.40312,5.65685,5.65685,5.65685,5.0,5.65685,5.0,4.24264,3.60555,61.52235,60.40695,63.78871,62.16912,63.06346,59.43904,57.48913,59.90826,51.92302,53.85165,53.48832,54.81788,53.48832,49.24429,54.70832,50.92151,50.69517,49.65884,48.8467,47.88528,51.62364,47.41308,45.80393,49.40648,43.909,45.80393,48.8774,46.64762,47.43416,49.92995,49.73932,50.60632,45.22168,47.43416,47.70744,47.01064,46.04346,44.65423,45.17743,46.09772,41.23106,45.88028,40.8534,40.16217,40.16217,37.94733,36.49658,33.37664,32.98485,28.28427,32.06244,27.29469,27.07397,26.0,24.02082,25.01999,23.08679,40.80441,37.80212,39.05125,43.04649,41.67733,41.14608,44.94441,45.18849,50.56679,46.61545,49.72927,51.92302,53.85165,55.9017,56.7186,56.7186,61.81424,55.03635,60.67125,56.32051,55.08176,61.03278,59.00847,58.00862,58.21512,58.00862,57.00877,57.07889,55.00909,56.0,53.00943,55.03635,55.08176,54.03702,57.21888,57.14018,54.23099,55.08176,56.4358,55.22681,58.42089,59.22837,61.18823,60.41523,59.03389,56.04463,59.66574,65.0,69.12308,62.36185,65.51336,68.15424,69.2315,64.13267,68.88396,72.27724,60.44005
10.44031,10.44031,10.44031,10.44031,9.48683,9.48683,9.21954,9.21954,9.21954,9.05539,9.05539,9.05539,9.05539,9.05539,8.06226,9.0,9.0,9.0,9.0,9.0,8.0,8.0,9.0,9.05539,9.05539,9.05539,9.05539,9.0,9.0,9.05539,8.0,9.0,9.0,8.06226,8.06226,8.06226,8.06226,7.28011,7.28011,6.32456,6.32456,6.32456,5.38516,5.38516,5.38516,4.47214,4.47214,3.60555,4.47214,3.60555,3.60555,3.60555,69.28925,62.93648,70.93659,63.07139,57.27128,63.56099,55.03635,63.56099,51.26402,59.94164,57.3062,52.83938,54.20332,50.60632,55.56978,54.20332,53.25411,54.91812,51.40039,48.01042,51.85557,48.9183,51.66237,49.51767,48.27007,49.67897,48.9183,50.93133,45.25483,52.40229,47.42362,55.9017,48.41487,50.20956,46.69047,49.67897,48.83646,47.80167,48.82622,44.94441,42.80187,47.50789,43.41659,45.65085,42.15448,37.12142,40.70626,32.64966,32.28002,32.28002,31.62278,28.4605,26.68333,28.28427,25.4951,24.18677,29.27456,42.43819,39.69887,41.10961,45.96738,42.80187,43.60046,45.34314,46.04346,48.02083,46.04346,52.35456,54.58938,55.03635,55.4617,55.36244,54.42426,61.46544,53.16014,60.63827,57.72348,56.75385,59.4138,52.39275,60.41523,57.55867,60.01666,56.7186,59.68249,51.15662,60.01666,52.95281,63.56099,55.9017,57.48913,57.48913,55.31727,51.92302,57.56735,53.85165,56.32051,59.61543,56.0803,64.62198,60.40695,61.35145,64.88451,62.96825,64.07808,64.07808,62.76942,68.70953,67.97794,68.35203,61.68468,70.38466,72.01389,66.64083
10.04988,11.04536,10.04988,10.04988,9.0,10.0,9.0,9.0,9.0,9.05539,9.05539,9.05539,9.05539,9.05539,9.05539,9.21954,9.21954,8.24621,8.24621,8.24621,8.24621,8.24621,8.24621,8.544,8.544,8.544,9.48683,8.24621,9.21954,9.21954,8.24621,8.24621,8.24621,8.24621,9.05539,8.06226,8.06226,7.0,7.0,7.0,6.08276,7.07107,6.08276,6.08276,5.09902,5.09902,5.09902,4.12311,4.12311,4.12311,4.47214,3.16228,66.48308,64.07808,66.85058,63.56099,59.9333,59.9333,60.83584,60.00833,55.9017,52.35456,55.47071,53.53504,54.6443,48.02083,50.47772,53.00943,52.20153,51.0392,50.44799,51.85557,48.83646,50.24938,48.08326,48.9183,48.16638,51.85557,46.66905,48.79549,50.93133,53.2635,48.83646,49.51767,45.27693,48.16638,46.69047,48.01042,50.32892,47.20169,47.63402,44.20407,45.45327,45.48626,39.81206,40.31129,40.24922,39.35734,34.43835,33.61547,34.9285,32.31099,33.24154,28.4605,26.92582,23.5372,29.15476,25.07987,28.16026,39.40812,40.80441,38.60052,43.84062,44.55334,44.55334,42.0119,48.83646,46.8615,49.81967,52.20153,49.39636,51.86521,55.9464,54.12947,53.7122,57.93962,53.7122,54.626,56.32051,54.40588,63.32456,59.20304,54.81788,57.48913,55.36244,57.87055,57.07013,56.29387,56.88585,53.85165,55.7853,56.75385,55.7853,55.02727,52.49762,53.14132,54.78138,58.18935,59.77458,58.30952,60.41523,57.77543,63.95311,58.60034,59.48109,61.7171,62.43397,62.17717,63.06346,67.1193,64.49806,66.85058,63.50591,70.23532,70.66116,68.88396
11.0,10.0,10.0,10.0,10.0,10.0,10.04988,9.05539,9.05539,9.05539,9.05539,9.21954,9.21954,9.21954,8.24621,9.21954,9.48683,8.24621,8.544,8.544,8.24621,8.544,8.544,8.544,8.544,9.48683,9.48683,8.544,8.544,9.48683,8.24621,8.24621,8.24621,8.24621,8.06226,8.06226,8.06226,7.07107,7.0,7.0,7.0,6.08276,6.08276,6.08276,5.09902,5.09902,5.09902,4.12311,4.12311,4.12311,4.47214,3.16228,65.11528,59.5483,59.4138,61.52235,60.959,55.17246,58.13777,60.87693,55.44367,54.03702,51.22499,48.27007,54.6443,51.85557,52.20153,51.31277,53.25411,45.17743,48.37355,49.64877,50.15974,49.64877,49.98,49.1935,48.37355,46.06517,51.62364,50.15974,47.01064,52.55473,50.59644,49.0408,48.8467,47.42362,47.53946,43.86342,46.52956,42.94182,50.0,44.77723,49.73932,43.82921,40.80441,41.7732,38.94868,40.36087,33.94113,36.79674,34.71311,29.73214,31.90611,26.62705,28.17801,25.80698,23.32381,28.17801,21.9545,39.45884,41.59327,41.97618,41.76123,45.31004,45.31004,42.54409,46.52956,50.24938,48.8774,50.80354,53.25411,54.3783,55.0,54.45181,55.9017,55.9017,58.0,51.62364,56.72742,54.81788,59.20304,58.41233,59.40539,58.5235,57.42822,56.0357,56.60389,55.47071,57.80138,53.60037,56.0357,54.40588,52.20153,55.21775,56.22277,57.62812,55.9017,55.97321,58.0,58.0,56.72742,57.28001,62.36986,55.9017,63.03174,62.96825,64.53681,63.89053,67.20863,68.24954,69.40461,67.20863,65.94695,63.78087,65.06919,66.6033
11.18034,10.77033,10.77033,10.77033,10.77033,9.84886,9.48683,9.48683,9.48683,9.21954,9.48683,9.21954,9.21954,9.21954,8.24621,9.05539,8.06226,8.06226,8.06226,9.05539,8.06226,9.05539,8.06226,9.0,9.05539,9.05539,9.05539,9.05539,9.05539,9.05539,9.05539,9.05539,9.21954,8.24621,8.24621,8.544,8.544,7.61577,7.61577,7.61577,6.7082,6.7082,6.7082,5.83095,5.83095,5.0,5.0,5.0,5.0,4.24264,4.24264,3.60555,62.80127,63.78871,65.11528,58.54912,58.94065,60.82763,57.72348,57.72348,50.44799,50.0,51.66237,51.24451,53.45091,50.32892,47.92703,49.76947,51.88449,52.35456,48.37355,49.64877,50.47772,47.88528,44.65423,47.70744,48.02083,50.47772,44.10215,49.57822,48.27007,51.0392,50.44799,46.75468,48.60041,48.9183,48.25971,44.94441,47.01064,45.22168,50.77401,45.69464,42.04759,44.94441,43.82921,42.95346,39.39543,41.10961,33.73426,32.75668,32.55764,27.65863,27.07397,27.45906,28.16026,22.36068,25.31798,23.0,24.02082,38.20995,36.71512,39.44617,39.35734,39.39543,41.23106,42.37924,47.43416,46.84015,46.61545,50.0,48.76474,53.60037,52.88667,54.91812,57.31492,52.46904,55.08176,52.34501,55.0,53.23533,60.0,56.0803,57.03508,57.07889,58.03447,54.14795,55.08176,54.33231,54.08327,54.45181,55.14526,55.14526,57.03508,55.03635,54.03702,55.0,55.22681,56.4358,55.9017,57.55867,56.7186,59.3043,59.84146,59.5399,57.70615,59.4138,59.5399,61.61169,70.21396,65.52099,64.03124,64.77654,67.89698,69.857,66.4906,65.30697
11.40175,10.81665,11.18034,10.29563,10.29563,9.43398,10.29563,9.84886,9.84886,9.84886,10.29563,9.84886,9.84886,9.48683,9.48683,9.48683,9.48683,9.48683,9.21954,9.21954,9.21954,9.21954,9.21954,9.21954,9.21954,9.21954,9.21954,10.19804,9.21954,10.44031,9.21954,9.21954,9.21954,9.48683,8.544,8.94427,8.94427,8.06226,8.06226,7.61577,7.2111,6.7082,7.2111,5.83095,5.83095,5.0,5.0,5.0,5.0,4.24264,4.24264,4.24264,65.49046,66.1211,67.47592,58.42089,61.20457,61.20457,53.33854,53.60037,51.47815,56.88585,55.31727,51.92302,54.34151,53.45091,51.35173,49.0408,52.20153,51.5461,48.46648,48.8467,55.03635,48.10405,47.01064,46.61545,48.37355,46.51881,49.24429,48.75449,46.61545,51.47815,47.92703,51.88449,46.51881,49.64877,51.89412,45.54119,49.65884,45.88028,44.27189,46.84015,41.23106,44.14748,43.17407,39.56008,39.31921,36.05551,38.0,39.05125,34.0147,35.01428,29.06888,27.0,28.07134,23.34524,25.31798,25.63201,19.92486,37.64306,39.44617,40.80441,43.26662,42.48529,43.38202,44.72136,46.09772,47.85394,49.0408,50.9902,51.66237,54.81788,54.58938,52.95281,56.22277,58.30952,59.21149,58.03447,57.07889,57.00877,55.08176,58.00862,55.3263,56.56854,55.44367,52.46904,60.29925,52.61179,57.31492,54.03702,56.0,59.0,53.03772,53.03772,55.00909,55.00909,60.0,55.00909,58.30952,61.03278,58.69412,61.13101,60.67125,58.30952,57.48913,61.18823,65.51336,62.96825,64.49806,64.38167,69.58448,71.44928,63.95311,69.35416,72.99315,65.9242
11.6619,11.18034,11.18034,11.18034,11.18034,9.84886,9.84886,9.84886,9.84886,9.48683,9.84886,9.48683,9.48683,9.48683,9.21954,10.19804,9.21954,9.21954,9.05539,10.04988,9.05539,9.05539,9.21954,10.04988,10.04988,9.05539,10.04988,10.04988,10.04988,9.21954,9.21954,10.04988,9.21954,9.21954,9.48683,8.544,8.544,8.544,7.61577,7.61577,7.61577,6.7082,6.7082,5.83095,5.83095,5.83095,5.83095,5.0,5.0,5.0,4.24264,4.24264,67.46851,69.2315,63.15061,61.61169,62.36185,57.07013,60.16644,60.41523,54.81788,53.45091,52.49762,50.32892,53.48832,52.0,50.92151,52.92447,51.47815,50.11986,50.53712,50.53712,53.0,54.12024,45.80393,47.70744,48.02083,49.20366,51.62364,50.47772,49.40648,50.44799,47.20169,52.43091,47.80167,44.65423,47.70744,46.52956,45.79301,46.64762,47.85394,47.42362,45.69464,45.54119,42.72002,43.46263,38.48376,38.07887,35.22783,33.73426,33.13608,29.27456,29.27456,28.16026,27.16616,28.07134,24.0,25.0,22.2036,41.72529,40.31129,45.34314,42.43819,40.81666,43.41659,43.82921,43.41659,51.47815,52.39275,53.14132,51.86521,50.92151,55.36244,57.07013,57.72348,55.10898,57.42822,55.10898,57.55867,56.22277,60.07495,59.0,59.03389,57.0,58.0,56.00893,52.0,56.00893,58.03447,56.00893,54.08327,58.30952,56.14268,58.42089,54.23099,57.70615,59.5399,57.55867,52.17279,58.69412,61.68468,59.84146,63.78871,61.03278,60.44005,63.60031,66.21933,65.14599,68.41053,65.0,71.56815,66.94027,65.0,68.62215,68.41053,72.27724
12.0,11.0,11.0,11.0,10.0,10.04988,10.04988,10.04988,10.04988,9.05539,10.04988,10.19804,9.05539,9.21954,9.21954,9.21954,9.21954,9.21954,8.24621,9.21954,9.21954,9.21954,9.48683,9.48683,9.48683,9.48683,9.48683,9.48683,9.21954,9.48683,9.21954,9.21954,9.21954,9.21954,9.05539,9.05539,9.05539,8.0,8.0,8.0,8.0,7.0,7.07107,7.07107,6.08276,6.08276,6.08276,5.38516,5.38516,5.38516,5.38516,5.38516,61.22091,67.17887,65.76473,62.482,66.48308,57.28001,60.20797,58.0,56.0803,53.90733,54.20332,50.80354,54.03702,53.2635,53.60037,49.64877,52.69725,51.86521,49.39636,50.9902,51.42956,52.35456,47.92703,45.65085,43.909,46.52956,49.24429,50.92151,53.31041,48.10405,51.66237,53.7122,48.33218,50.9902,49.76947,51.47815,51.62364,48.02083,47.43416,45.27693,46.64762,50.21952,42.52058,42.0119,44.55334,40.45986,33.97058,33.30165,31.14482,30.80584,32.80244,27.65863,27.20294,25.94224,24.59675,25.05993,20.12461,42.95346,38.83298,40.16217,41.23106,42.54409,39.82462,43.909,48.25971,49.92995,47.70744,49.81967,51.40039,55.21775,52.49762,56.72742,58.72819,56.72742,55.22681,59.46427,57.48913,57.2014,63.60031,59.64059,58.5235,57.98276,58.41233,57.45433,56.30275,58.66856,58.30952,54.91812,58.24946,55.75841,57.68882,56.85948,55.21775,57.38467,58.89822,56.0803,60.20797,63.78087,61.6198,55.15433,62.96825,61.52235,61.07373,57.28001,65.06919,62.93648,65.76473,70.0928,70.17834,68.62215,72.86288,69.35416,67.89698,71.58911
11.40175,10.44031,10.77033,10.44031,10.44031,10.44031,10.77033,9.84886,9.84886,8.94427,9.84886,10.29563,8.94427,9.43398,8.94427,9.43398,8.60233,9.43398,8.60233,8.60233,8.60233,9.21954,10.0,9.21954,9.21954,10.0,9.21954,9.21954,9.21954,10.0,8.60233,9.43398,9.43398,8.06226,8.94427,8.94427,8.94427,7.61577,7.61577,6.32456,7.28011,6.32456,6.32456,6.08276,6.08276,5.09902,5.09902,5.09902,4.0,4.0,4.0,4.0,63.90618,64.51356,63.24555,60.72891,64.84597,54.12024,59.90826,57.56735,51.66237,53.85165,54.12947,51.66237,57.55867,49.49747,54.58938,49.0408,56.0357,48.25971,45.09989,48.09366,52.03845,52.00961,47.04253,49.09175,49.09175,46.04346,49.16299,49.36598,49.49747,49.25444,49.0102,50.24938,49.16299,48.04165,48.37355,47.01064,47.0,47.01064,46.27094,47.09565,49.16299,46.27094,41.23106,37.21559,38.32754,39.05125,39.56008,35.44009,33.24154,30.46309,31.95309,30.52868,28.17801,25.23886,25.0,22.2036,25.0,43.68066,39.62323,41.48494,41.30375,43.0,41.10961,42.0,44.01136,48.09366,50.0,51.62364,52.46904,50.80354,52.88667,52.17279,55.97321,58.5235,57.00877,55.65968,57.24509,57.00877,59.61543,63.07139,55.9017,57.24509,58.18075,53.0,56.79789,54.70832,52.35456,55.00909,53.66563,55.4617,56.85948,57.77543,53.31041,58.30952,57.77543,55.15433,61.98387,57.58472,59.90826,60.87693,61.40033,59.80803,58.24946,59.66574,62.58594,60.87693,67.91171,66.94027,68.88396,66.09841,66.48308,69.63476,71.16881,71.56815
12.08305,12.08305,11.7047,12.08305,10.77033,10.77033,10.77033,10.44031,10.44031,10.44031,10.44031,10.19804,10.44031,10.19804,9.21954,10.04988,10.04988,10.04988,9.05539,10.04988,9.21954,10.04988,10.04988,10.04988,10.04988,10.04988,10.04988,10.04988,10.04988,10.04988,9.21954,10.19804,10.19804,9.21954,9.21954,9.21954,9.48683,8.544,8.544,7.61577,7.61577,7.61577,6.7082,6.7082,6.7082,5.83095,5.83095,5.83095,5.83095,5.0,5.0,5.0,68.02941,65.79514,63.50591,65.74192,60.03332,61.40033,62.17717,59.5399,54.12024,55.47071,54.91812,49.09175,53.25411,52.63079,49.40648,51.85557,53.90733,50.60632,46.09772,45.34314,52.34501,48.79549,51.66237,48.16638,49.51767,49.51767,48.27007,54.40588,50.44799,48.82622,49.81967,49.81967,47.42362,53.15073,45.34314,50.93133,47.38143,50.9902,48.10405,45.45327,46.01087,46.40043,42.19005,44.20407,42.54409,35.35534,37.12142,35.77709,32.24903,31.7805,28.16026,29.15476,26.57066,24.18677,26.4764,20.24846,19.92486,38.41875,39.69887,38.94868,45.25483,40.45986,43.18565,47.20169,42.43819,50.21952,46.87217,50.77401,53.85165,55.56978,54.20332,54.12024,56.36488,59.23681,55.71355,60.40695,55.36244,60.72891,57.97413,58.69412,59.03389,57.87055,62.8172,55.31727,56.29387,57.27128,57.72348,53.36666,59.43904,58.94065,56.08921,60.16644,58.24088,55.36244,58.18935,58.87274,58.30952,63.56099,58.60034,63.07139,62.6099,63.56099,63.52952,59.9333,61.40033,66.18912,68.60029,69.77105,69.46222,70.71068,67.54258,75.17978,71.11259,74.24284
10.29563,10.29563,10.29563,10.29563,10.29563,8.94427,9.43398,9.43398,9.43398,9.43398,8.60233,8.60233,8.60233,9.21954,8.60233,8.48528,8.48528,8.48528,8.48528,8.48528,8.48528,8.48528,8.48528,8.60233,9.21954,8.60233,8.60233,9.21954,9.21954,9.21954,8.48528,8.48528,8.48528,7.81025,7.81025,7.81025,7.81025,7.2111,7.2111,6.7082,6.7082,5.83095,6.7082,5.38516,5.38516,4.47214,4.12311,4.12311,4.12311,4.12311,4.12311,4.0,66.70832,68.8767,65.9242,60.83584,59.46427,54.626,61.46544,61.09828,60.40695,55.36244,51.24451,51.66237,52.63079,52.63079,49.47727,49.81967,54.91812,51.35173,44.72136,46.52956,50.15974,49.16299,51.0392,48.01042,50.35871,51.08816,50.15974,51.0392,52.00961,47.09565,50.03998,49.0408,50.01,51.0098,49.09175,48.50773,53.23533,46.27094,51.97115,46.52956,44.91102,45.35416,47.12749,41.0,42.72002,42.05948,36.05551,38.62642,29.54657,30.41381,30.23243,28.30194,28.01785,29.68164,22.80351,24.20744,19.84943,39.62323,39.20459,37.05401,42.0119,41.04875,42.10701,40.4475,41.7732,49.0306,45.22168,50.28916,48.38388,52.0,53.45091,51.07837,55.07268,55.03635,55.07268,56.4358,59.16925,56.60389,58.00862,58.5235,58.60034,55.44367,55.75841,54.03702,55.31727,57.31492,57.00877,47.70744,55.22681,55.80323,50.24938,58.5235,53.53504,53.7122,54.3783,53.85165,55.9464,55.9464,57.38467,57.77543,62.24147,59.48109,55.54278,57.69749,61.68468,62.64982,68.35203,68.54196,66.30988,64.40497,66.12866,70.83784,67.77905,72.49828
12.0,12.04159,11.04536,11.04536,11.04536,11.04536,11.04536,11.04536,11.18034,10.19804,10.04988,10.19804,10.19804,10.19804,9.21954,10.44031,9.48683,9.48683,9.48683,9.48683,9.48683,9.84886,9.48683,9.48683,9.48683,9.48683,9.84886,9.48683,9.48683,10.77033,9.48683,9.48683,9.48683,9.21954,9.21954,9.05539,9.05539,9.05539,8.06226,8.0,8.0,8.0,7.0,7.07107,7.07107,6.08276,6.08276,6.08276,6.08276,5.09902,5.38516,5.38516,61.07373,63.41136,65.43699,59.64059,62.68174,58.82176,53.82379,56.0357,52.43091,55.22681,53.23533,54.56189,51.42956,50.08992,49.64877,50.11986,52.80152,45.61798,48.33218,44.77723,50.92151,47.16991,51.26402,49.0408,46.17359,51.66237,47.29693,48.08326,50.28916,49.0306,49.72927,52.20153,46.17359,48.70318,45.60702,49.24429,44.92215,45.22168,47.16991,46.09772,46.61545,39.82462,39.66106,41.6173,45.22168,38.41875,38.20995,31.14482,31.82766,29.41088,31.14482,25.4951,22.62742,24.75884,25.23886,22.02272,25.55386,36.01389,41.01219,36.22154,40.60788,39.29377,39.56008,39.05125,45.12206,49.39636,43.01163,49.1935,49.65884,50.9902,58.5235,58.24946,49.64877,62.20129,54.6443,59.40539,52.80152,58.25805,60.20797,57.28001,55.9017,56.63921,58.0,56.63921,60.82763,51.66237,55.97321,48.79549,58.13777,51.66237,53.8145,58.89822,56.40035,55.60576,56.85068,58.89822,57.62812,58.82176,57.98276,62.20129,57.68882,57.98276,57.70615,64.14047,62.6099,62.43397,63.51378,65.21503,66.57327,74.06079,62.43397,66.85058,71.56116,70.72482
11.04536,11.04536,11.18034,11.04536,11.04536,10.04988,10.04988,10.19804,10.19804,10.19804,10.19804,10.19804,10.44031,9.21954,9.48683,9.48683,9.48683,9.48683,9.84886,9.48683,9.48683,9.84886,9.48683,9.84886,9.84886,9.84886,9.84886,10.77033,9.48683,9.48683,9.48683,9.48683,9.48683,9.21954,9.21954,9.05539,9.05539,9.05539,8.06226,8.0,7.0,7.0,7.0,6.0,6.0,6.0,6.08276,6.08276,5.09902,5.09902,5.09902,4.12311,66.0303,68.7968,66.24198,64.89992,60.20797,55.22681,58.24946,57.80138,56.4358,55.07268,48.37355,50.56679,55.9464,53.22593,50.15974,49.76947,54.08327,48.76474,49.39636,51.26402,53.45091,49.33559,51.66237,49.47727,48.08326,48.05206,47.07441,43.56604,47.51842,50.80354,49.49747,47.29693,51.1957,49.47727,43.41659,48.08326,47.75982,48.05206,50.28916,46.09772,43.38202,42.95346,44.72136,41.59327,39.11521,39.40812,34.82815,36.40055,30.4795,29.69848,32.52691,28.28427,27.58623,26.40076,25.4951,22.82542,22.2036,39.05125,42.04759,42.0119,42.10701,39.11521,40.79216,42.57934,43.17407,49.47727,45.35416,48.10405,49.0408,57.24509,54.23099,54.58938,53.33854,59.16925,55.47071,56.60389,56.60389,55.0,59.81639,60.30755,57.80138,55.60576,59.03389,57.31492,55.9017,53.41348,53.00943,53.74012,58.0517,56.0803,54.20332,59.81639,55.80323,54.40588,60.80296,57.42822,57.68882,54.3783,57.80138,59.5399,63.52952,60.20797,66.37017,63.28507,60.53924,65.30697,64.14047,66.18912,66.70832,69.35416,66.18912,72.44998,74.70609,69.46222
10.19804,10.19804,10.04988,10.19804,10.04988,9.21954,9.05539,9.05539,9.05539,9.05539,9.0,9.0,9.0,9.0,9.0,8.0,8.06226,8.0,8.06226,8.06226,8.06226,8.06226,8.06226,8.06226,9.05539,8.06226,8.06226,8.06226,9.05539,8.06226,9.05539,9.05539,9.0,8.0,8.0,8.06226,8.06226,7.07107,7.07107,7.28011,6.32456,6.32456,6.32456,5.38516,5.38516,5.38516,4.47214,4.47214,5.0,4.47214,4.24264,4.24264,67.95587,65.73431,63.60031,58.82176,62.80127,54.6443,61.22091,57.62812,55.21775,53.25411,52.49762,48.83646,53.03772,53.15073,49.51767,47.38143,55.9017,53.41348,48.10405,47.63402,47.01064,50.32892,46.87217,48.82622,48.60041,51.0392,50.21952,48.54894,48.82622,49.92995,48.41487,48.41487,48.01042,47.43416,51.22499,48.16638,47.80167,48.27007,45.96738,45.25483,44.59821,44.82187,42.80187,42.80187,40.60788,37.20215,34.88553,36.35932,32.20248,30.88689,31.95309,26.41969,24.16609,25.07987,27.313,22.13594,22.2036,38.07887,37.33631,39.0,40.70626,43.86342,38.58756,39.35734,44.65423,45.80393,49.0408,49.51767,46.09772,53.07542,55.86591,49.49747,52.63079,54.81788,56.0357,52.20153,57.80138,53.53504,56.93856,52.83938,55.47071,55.4617,55.56978,57.24509,55.00909,54.58938,51.0,51.62364,54.70832,54.58938,51.88449,54.70832,56.93856,53.60037,54.91812,51.22499,56.40035,56.0357,61.22091,58.82176,65.60488,60.0,61.84658,63.00794,60.1415,65.06919,65.29931,70.60453,64.53681,66.21933,65.45991,65.29931,68.8186,71.70077
12.20656,11.6619,11.6619,11.40175,10.81665,10.81665,10.81665,10.29563,10.29563,10.29563,10.29563,9.84886,9.84886,9.84886,9.84886,10.44031,9.48683,9.48683,9.48683,9.48683,9.48683,9.48683,9.48683,9.48683,9.48683,10.19804,10.44031,10.44031,10.44031,10.44031,9.84886,9.84886,9.84886,8.94427,8.94427,9.84886,8.94427,8.06226,8.60233,8.60233,8.60233,7.81025,7.81025,7.2111,7.07107,6.40312,5.65685,5.65685,5.65685,5.0,5.0,5.0,65.37584,64.28063,66.61081,58.85576,61.0,59.68249,56.29387,55.7315,51.97115,55.10898,55.36244,52.49762,54.08327,50.28916,47.75982,52.49762,48.38388,50.59644,51.0,46.61545,51.88449,46.95743,47.88528,45.18849,47.88528,46.52956,46.64762,49.24429,46.52956,50.60632,49.73932,52.3259,47.01064,48.75449,47.01064,49.39636,50.69517,48.75449,46.09772,44.94441,42.15448,43.68066,45.89118,42.44997,39.45884,39.05125,34.52535,35.0,32.14032,32.01562,30.01666,27.16616,25.31798,25.07987,27.89265,23.76973,21.58703,39.05125,39.59798,38.41875,44.41846,41.67733,40.49691,46.04346,43.56604,45.65085,42.54409,49.98,47.92703,52.92447,53.48832,56.04463,49.72927,55.31727,54.74486,60.01666,51.0,53.33854,58.07753,54.08327,54.03702,56.0,57.03508,56.00893,57.0,53.03772,59.0,50.01,58.00862,55.03635,57.21888,55.08176,57.14018,51.15662,54.33231,57.42822,60.67125,62.96825,58.46366,58.69412,60.63827,62.36185,60.87693,61.61169,64.28841,62.36986,63.34824,64.77654,66.4906,71.58911,60.82763,72.44308,75.18643,70.83078
12.36932,11.40175,11.40175,11.40175,10.44031,11.40175,10.44031,10.44031,10.44031,9.48683,9.84886,9.84886,9.84886,9.84886,8.94427,9.84886,8.94427,8.94427,9.43398,9.43398,9.43398,9.43398,9.43398,9.43398,9.43398,10.0,10.0,9.43398,9.43398,9.43398,8.94427,9.43398,8.94427,8.94427,8.94427,8.544,8.544,8.544,8.24621,7.28011,7.28011,7.07107,7.07107,7.07107,7.07107,6.08276,6.0,6.0,5.0,5.0,5.09902,5.09902,61.05735,66.64833,60.90156,63.15853,64.62198,56.36488,58.30952,53.7122,54.626,53.85165,51.47815,53.45091,53.45091,50.59644,52.81098,51.41984,52.88667,50.9902,49.81967,49.64877,53.15073,52.7731,46.01087,47.04253,46.38965,48.01042,52.00961,48.25971,49.09175,50.15974,50.01,52.00961,48.04165,48.09366,48.0,48.50773,45.70558,48.16638,47.67599,48.6621,46.09772,43.41659,40.71855,42.05948,37.94733,34.78505,34.78505,35.8469,32.28002,31.7805,29.96665,24.69818,22.84732,28.01785,26.40076,21.63331,24.04163,35.01428,37.0,42.10701,40.4475,42.95346,42.95346,42.44997,45.22168,44.27189,45.22168,47.42362,50.56679,53.22593,52.3259,50.47772,54.91812,55.47071,56.40035,55.47071,58.00862,57.2014,55.9017,54.56189,53.07542,59.39697,55.86591,55.15433,55.86591,55.86591,51.62364,52.40229,52.49762,53.75872,52.49762,51.85557,57.00877,57.2014,57.48913,53.23533,59.64059,55.07268,60.03332,60.82763,59.5399,54.20332,66.18912,60.37384,63.56099,62.6099,67.1193,64.40497,67.08204,67.54258,68.0,68.47627,69.31811,63.97656
11.18034,11.04536,11.04536,10.04988,10.04988,10.04988,10.0,10.0,10.0,9.0,10.0,9.0,9.0,9.05539,9.0,10.19804,9.21954,9.21954,8.24621,8.24621,9.21954,9.21954,9.21954,9.21954,9.21954,9.21954,9.21954,9.21954,9.21954,9.21954,8.24621,9.05539,9.05539,8.06226,9.05539,9.0,8.0,8.0,7.07107,7.07107,7.07107,6.08276,6.08276,6.08276,6.08276,5.09902,5.09902,4.12311,4.12311,4.47214,4.47214,3.60555,71.42129,62.24147,68.62215,62.93648,61.52235,65.05382,58.69412,62.28965,55.17246,58.69412,58.00862,52.80152,56.72742,53.41348,57.80138,55.9017,55.21775,48.54894,53.53504,51.61395,55.4617,52.7731,50.9902,49.73932,50.11986,51.88449,51.62364,52.39275,50.53712,54.08327,48.75449,51.89412,50.11986,52.35456,52.83938,53.0,50.11986,49.24429,48.25971,46.04346,46.32494,46.2277,44.59821,41.7732,39.62323,38.18377,40.31129,39.05125,36.12478,35.0,29.83287,30.80584,26.41969,26.92582,26.92582,21.0238,24.59675,39.62323,41.59327,41.59327,41.4367,41.10961,44.59821,43.38202,46.09772,49.65884,46.52956,50.77401,50.77401,54.40588,56.22277,50.32892,55.17246,59.5483,55.86591,56.58622,54.67175,54.48853,60.20797,55.44367,56.22277,59.07622,56.40035,55.44367,57.80138,51.31277,55.80323,52.00961,57.80138,55.0,51.73973,56.72742,57.38467,53.2635,57.28001,56.58622,57.28001,59.39697,55.86591,59.39697,63.89053,60.81118,61.40033,60.959,61.7171,66.70832,69.29646,66.48308,68.11755,70.83784,65.8559,72.18033,73.75636,72.83543
11.18034,11.18034,10.19804,10.19804,10.19804,10.19804,10.44031,9.48683,9.48683,8.544,9.48683,9.84886,8.544,8.544,8.94427,8.94427,9.43398,8.94427,8.06226,8.94427,8.06226,9.43398,9.43398,8.60233,9.43398,9.43398,9.43398,9.43398,9.43398,9.43398,8.06226,8.94427,8.94427,8.94427,8.94427,8.544,8.544,7.28011,7.28011,7.28011,7.07107,7.07107,6.08276,6.08276,6.08276,5.09902,5.0,5.0,4.0,4.0,4.0,4.12311,65.43699,65.94695,57.80138,61.03278,64.07027,58.5235,61.05735,59.90826,62.43397,54.58938,52.83938,54.70832,54.56189,52.83938,50.9902,56.36488,51.42956,53.66563,53.31041,50.15974,49.64877,51.5461,46.32494,47.12749,49.64877,50.0,48.76474,52.20153,48.70318,49.24429,48.38388,47.29693,51.5461,50.21952,51.1957,47.01064,48.08326,49.0408,48.70318,46.23851,47.01064,47.88528,46.52956,41.88078,37.44329,36.61967,39.11521,35.0,32.64966,32.44996,32.20248,29.73214,27.20294,26.1725,25.4951,25.0,25.80698,40.04997,37.05401,41.01219,39.20459,44.14748,43.9659,43.41659,43.01163,48.70318,46.8188,50.9902,52.7731,54.626,53.23533,50.60632,54.08327,55.60576,57.00877,52.43091,56.0803,54.48853,59.46427,59.39697,53.75872,53.8145,53.8145,55.9017,58.69412,55.15433,52.40229,53.15073,50.93133,50.20956,56.63921,53.75872,54.20332,56.0803,56.72742,55.97321,58.41233,58.82176,61.05735,61.40033,62.96825,58.30952,54.70832,64.49806,66.18912,63.28507,66.61081,65.21503,69.97142,69.89278,69.63476,71.02816,72.94518,69.40461
12.08305,12.08305,10.29563,11.18034,11.18034,9.84886,10.29563,10.29563,10.29563,9.43398,10.29563,9.43398,9.43398,8.60233,9.43398,9.21954,9.21954,8.60233,9.21954,9.21954,9.21954,9.21954,9.21954,8.48528,9.21954,9.89949,9.21954,9.21954,9.21954,9.21954,9.21954,9.21954,9.21954,8.60233,9.43398,9.43398,8.94427,8.06226,8.06226,7.61577,7.28011,7.28011,6.32456,6.32456,6.32456,6.08276,6.08276,6.08276,5.09902,5.0,5.0,5.0,64.41273,63.95311,61.7414,62.16912,67.77905,59.5063,57.00877,56.36488,57.24509,55.54278,56.64804,55.08176,53.85165,54.12024,53.45091,50.63596,53.60037,52.46904,48.08326,50.01,49.16299,50.24938,50.24938,49.0102,48.6621,50.24938,49.0102,49.0408,49.16299,52.08647,53.15073,53.08484,49.25444,50.03998,51.24451,45.89118,52.08647,50.08992,46.52956,48.27007,47.53946,45.22168,41.10961,40.80441,38.27532,40.24922,37.69615,34.9285,35.8469,30.8707,32.75668,28.6531,29.68164,24.08319,22.80351,26.90725,21.40093,36.05551,39.11521,41.19466,41.30375,43.04649,39.45884,42.57934,42.57934,48.76474,47.07441,50.69517,52.81098,54.12024,53.48832,52.0,56.36488,56.79789,52.35456,55.00909,54.08327,56.40035,56.85948,59.16925,57.00877,57.2014,57.2014,56.0803,59.20304,56.72742,56.40035,53.60037,53.82379,48.25971,52.69725,57.45433,56.60389,55.9464,56.82429,58.30952,59.94164,59.03389,60.83584,60.82763,63.95311,59.03389,60.16644,60.40695,66.85058,64.4748,64.88451,67.62396,73.00685,73.40981,64.88451,71.58911,69.07966,71.11259
12.0,12.0,11.0,12.0,11.0,11.0,11.04536,11.04536,11.04536,10.04988,10.04988,10.04988,10.04988,10.04988,10.19804,10.19804,10.19804,9.21954,9.21954,9.21954,9.48683,9.48683,9.48683,9.48683,10.44031,9.48683,10.44031,9.21954,10.44031,10.44031,9.21954,9.21954,9.21954,9.21954,10.04988,9.05539,9.05539,9.0,8.0,8.0,8.06226,8.06226,7.07107,7.07107,7.07107,6.08276,6.32456,6.32456,5.38516,5.38516,5.38516,5.38516,66.4003,60.0,67.95587,64.63745,63.81222,59.90826,59.64059,58.82176,52.83938,51.0,51.0,51.42956,52.3259,51.88449,46.51881,52.92447,51.86521,48.33218,49.76947,49.0408,53.16014,47.75982,46.84015,47.85394,49.0306,47.12749,47.51842,50.21952,47.53946,50.01,48.83646,54.91812,47.29693,48.6621,46.87217,50.0,48.76474,49.24429,51.5461,47.43416,41.10961,44.94441,41.62932,42.48529,39.35734,41.34005,37.58989,34.98571,32.80244,30.4795,31.89044,28.84441,25.4951,24.75884,24.08319,25.6125,21.47091,39.01282,40.4475,34.9285,38.8973,39.84972,40.16217,38.8973,39.56008,45.61798,43.86342,49.92995,48.54894,48.25971,50.80354,53.82379,50.44799,55.22681,53.74012,53.07542,57.31492,53.15073,58.13777,55.9017,57.38467,55.44367,55.22681,51.40039,54.03702,49.0408,55.22681,49.81967,55.22681,52.34501,52.3259,53.8145,53.07542,52.00961,57.31492,56.58622,54.56189,58.25805,58.83026,65.43699,57.68882,61.61169,60.46487,59.40539,61.91123,64.14047,65.21503,64.3506,64.63745,68.41053,67.6757,68.76772,70.0,70.21396
11.40175,10.0,10.81665,10.63015,10.0,9.43398,9.43398,9.43398,9.43398,9.43398,9.43398,8.94427,8.94427,8.94427,8.94427,9.48683,8.544,8.544,8.544,8.544,8.544,9.21954,8.544,8.24621,9.48683,9.21954,9.21954,9.48683,9.48683,9.21954,8.544,8.544,8.544,8.544,8.544,8.94427,8.06226,7.81025,7.2111,6.40312,6.40312,6.40312,6.40312,5.65685,5.65685,5.65685,5.0,5.0,5.0,4.47214,4.47214,3.60555,63.32456,68.88396,64.51356,64.56005,62.93648,60.08328,62.62587,61.35145,60.53924,54.78138,55.9017,51.0,52.35456,56.79789,52.3259,52.83938,55.00909,51.97115,53.53504,51.61395,48.82622,51.40039,47.20169,51.22499,47.01064,46.75468,50.32892,51.66237,53.2635,50.24938,50.24938,55.86591,53.60037,49.57822,51.40039,50.21952,53.60037,51.22499,53.41348,47.16991,44.10215,44.28318,48.33218,45.31004,36.40055,40.24922,39.21734,43.41659,35.17101,32.01562,33.95585,30.80584,28.0,24.02082,25.01999,27.16616,22.09072,38.94868,37.48333,38.20995,43.13931,45.27693,39.20459,36.87818,45.79301,42.72002,47.50789,49.24429,48.33218,53.66563,48.70318,49.39636,55.08176,55.36244,51.1957,51.26402,53.85165,57.48913,56.29387,57.42822,57.42822,57.55867,53.75872,57.07889,54.91812,55.44367,56.88585,54.91812,54.74486,54.23099,53.15073,56.08921,51.1957,55.08176,55.7853,56.29387,56.921,58.5235,59.09315,57.93962,64.51356,57.24509,57.38467,64.62198,64.2573,65.79514,67.06713,67.35726,67.77905,67.06713,66.12866,73.68175,71.86793,70.60453
12.20656,11.40175,10.63015,10.63015,10.63015,10.63015,10.63015,10.63015,9.89949,9.89949,10.63015,9.89949,9.21954,9.21954,9.21954,10.0,9.21954,10.0,9.43398,9.43398,9.43398,9.43398,9.43398,9.43398,9.43398,9.43398,9.43398,9.43398,9.43398,10.0,9.43398,9.43398,9.43398,8.60233,9.21954,9.21954,9.21954,8.48528,7.81025,7.81025,7.81025,7.2111,7.2111,7.2111,6.7082,5.83095,5.83095,5.83095,5.38516,5.38516,5.09902,5.09902,67.02984,70.00714,67.18631,64.00781,64.00781,62.0,60.03332,62.00806,59.07622,57.03508,52.61179,55.10898,58.24946,50.80354,52.23983,53.60037,53.93515,52.17279,51.66237,55.7853,52.81098,52.20153,48.33218,51.5461,51.42956,50.69517,50.9902,51.26402,49.98,52.3259,52.55473,55.71355,51.47815,51.47815,50.53712,52.49762,49.98,51.86521,53.48832,50.44799,47.85394,47.09565,45.54119,42.75512,42.19005,40.0125,37.21559,37.05401,38.20995,33.06055,32.38827,34.36568,29.42788,28.44293,24.73863,24.35159,23.76973,37.44329,39.39543,37.57659,42.04759,42.37924,39.81206,40.80441,40.49691,46.87217,43.73786,49.0,50.08992,47.38143,49.0,52.0,54.08327,53.03772,52.23983,51.08816,56.14268,55.3263,56.88585,54.91812,50.9902,52.88667,55.10898,49.72927,54.81788,50.96077,52.95281,53.36666,54.34151,54.74486,53.33854,53.23533,53.33854,56.14268,54.33231,58.21512,54.08327,57.21888,57.0,56.00893,62.03225,58.03447,59.4138,59.07622,64.07027,64.19502,64.00781,61.07373,67.06713,71.0,68.00735,71.00704,69.11584,69.06519
12.08305,11.18034,10.81665,11.18034,10.29563,10.81665,10.81665,10.81665,10.0,10.0,10.0,10.63015,9.89949,9.21954,9.21954,9.89949,9.89949,9.89949,9.21954,9.21954,9.21954,9.21954,9.21954,10.0,10.0,10.0,10.0,10.0,10.0,10.63015,9.21954,9.21954,9.89949,9.21954,9.89949,9.21954,9.21954,8.60233,7.81025,7.81025,8.06226,8.06226,7.2111,6.7082,6.7082,5.83095,5.38516,5.38516,5.38516,4.47214,5.09902,4.12311,68.60029,61.32699,63.97656,64.40497,62.03225,63.97656,56.85948,60.53924,53.75872,50.96077,58.24088,57.72348,54.12024,51.41984,50.44799,50.9902,56.29387,51.62364,54.74486,49.09175,54.08327,51.35173,49.0408,48.01042,49.0102,53.0,51.0392,52.08647,49.0102,55.03635,53.03772,55.0,48.0,49.0,47.01064,51.0098,49.0408,48.0,52.03845,52.15362,51.47815,47.85394,44.14748,42.44997,41.23106,43.01163,43.08132,38.60052,36.05551,27.313,33.61547,33.54102,31.30495,28.23119,27.78489,25.23886,26.90725,39.01282,35.35534,36.67424,40.60788,37.10795,39.56008,41.4367,43.32436,43.32436,40.8534,48.30114,49.1935,51.42956,49.1935,53.0,49.24429,54.6443,50.0,53.82379,50.0,52.20153,54.67175,52.00961,53.15073,54.45181,51.66237,53.07542,51.66237,50.93133,51.85557,48.60041,52.00961,52.63079,50.80354,48.82622,50.21952,48.54894,53.33854,52.47857,54.58938,58.13777,55.9464,61.7171,59.09315,58.18075,54.12947,61.68468,66.85058,64.4748,58.18075,66.48308,66.70832,69.77822,58.60034,67.23095,67.23095,66.70832
12.08305,12.08305,11.18034,12.08305,11.18034,11.18034,11.18034,10.29563,10.29563,10.29563,10.81665,10.81665,9.43398,10.0,10.0,10.63015,10.0,9.21954,9.89949,9.21954,9.89949,9.89949,9.89949,9.21954,9.89949,9.89949,9.89949,9.89949,9.89949,9.89949,9.21954,9.89949,10.0,9.21954,10.0,9.43398,9.43398,8.94427,8.06226,8.06226,8.544,7.61577,7.61577,7.28011,7.28011,6.32456,6.08276,6.08276,6.08276,5.09902,6.0,5.0,66.24198,67.08204,63.97656,62.6099,60.83584,59.94164,59.9333,62.96825,60.37384,56.921,59.09315,51.5461,55.65968,53.75872,50.92151,53.60037,55.08176,48.76474,48.50773,52.7731,52.17279,50.44799,53.0,48.04165,52.08647,49.64877,52.23983,50.08992,53.08484,54.0,51.0392,54.08327,46.52956,49.16299,53.08484,51.47815,51.47815,49.24429,51.97115,49.47727,48.83646,49.0408,45.18849,43.65776,42.54409,41.62932,41.67733,39.35734,34.66987,34.1321,30.88689,30.52868,27.20294,29.41088,26.87006,26.1725,24.08319,36.05551,34.0147,37.12142,38.0526,43.41659,38.83298,42.42641,42.44997,42.72002,42.05948,47.53946,47.16991,48.70318,48.75449,49.64877,50.11986,56.4358,54.3783,49.73932,56.22277,51.85557,48.27007,55.44367,53.90733,53.8145,53.60037,53.07542,53.41348,50.20956,51.62364,51.08816,52.80152,50.80354,48.41487,53.00943,51.86521,53.00943,55.22681,55.56978,52.35456,54.12024,56.35601,61.29437,61.26989,61.7414,58.13777,64.41273,60.00833,61.46544,63.97656,67.53518,66.64083,64.84597,67.54258,73.82412,69.35416,71.55418
10.44031,10.44031,10.44031,10.44031,10.44031,9.21954,9.48683,9.48683,9.48683,9.84886,8.544,8.94427,8.94427,8.94427,8.94427,8.94427,8.06226,8.06226,8.60233,8.60233,8.60233,8.60233,8.60233,9.21954,10.0,7.81025,8.60233,10.0,8.60233,8.60233,8.60233,9.43398,9.43398,8.94427,8.94427,8.94427,7.61577,8.544,7.61577,7.28011,7.28011,6.32456,7.07107,6.08276,6.08276,5.0,5.0,5.0,5.0,5.0,4.0,4.12311,66.03787,65.36819,63.50591,63.97656,62.24147,59.48109,57.00877,59.09315,57.00877,57.24509,52.20153,55.71355,55.02727,49.98,53.16014,50.01,56.29387,54.45181,49.47727,50.63596,53.46027,48.25971,51.15662,51.0392,49.16299,53.03772,52.61179,56.0803,52.08647,52.0,51.0392,52.23983,55.03635,52.03845,51.24451,52.61179,55.44367,54.45181,49.64877,49.81967,50.0,46.48656,44.92215,43.32436,45.54119,39.81206,38.47077,39.92493,35.77709,32.24903,34.48188,33.28663,30.52868,29.73214,24.20744,26.07681,26.40076,36.34556,39.01282,37.01351,38.47077,38.32754,41.4367,40.02499,42.44997,42.75512,45.22168,45.88028,44.59821,49.39636,51.07837,45.18849,50.60632,51.88449,51.62364,52.80152,51.0392,52.43091,57.80138,53.2635,53.00943,51.66237,49.20366,50.9902,52.49762,47.50789,47.43416,50.9902,47.20169,51.31277,54.81788,57.00877,49.20366,48.54894,54.6443,52.47857,56.79789,56.0803,56.82429,58.13777,59.5063,59.16925,55.00909,60.82763,59.61543,63.06346,60.82763,63.97656,68.35203,70.23532,68.0,70.93659,72.44998,72.49828
12.64911,11.7047,12.36932,11.40175,11.40175,10.44031,11.40175,10.19804,11.18034,11.18034,10.19804,11.18034,10.04988,11.04536,10.04988,11.04536,10.04988,10.04988,10.0,10.0,10.0,11.04536,10.0,10.04988,11.0,11.0,11.0,11.0,11.0,11.0,10.0,11.0,11.04536,10.04988,10.04988,10.19804,10.19804,9.21954,9.21954,9.21954,8.544,7.61577,8.544,6.7082,6.7082,6.7082,5.83095,6.7082,5.83095,5.83095,5.0,5.0,68.42514,65.39113,60.53924,62.24147,63.13478,57.70615,60.90156,62.43397,52.83938,54.58938,59.90826,52.43091,55.80323,50.60632,54.08327,53.41348,53.07542,50.93133,48.27007,52.3259,53.07542,50.20956,48.83646,49.81967,46.09772,48.60041,53.15073,52.49762,54.03702,54.81788,51.85557,50.32892,52.3259,52.00961,55.31727,48.79549,53.2635,50.93133,48.10405,51.08816,47.50789,46.04346,41.34005,45.80393,42.05948,43.909,40.70626,40.71855,37.33631,31.62278,35.8469,29.15476,31.01612,29.12044,27.89265,26.1725,25.17936,36.05551,33.83785,37.73592,42.0119,41.01219,42.52058,40.31129,41.03657,44.55334,42.63801,47.43416,47.20169,52.80152,49.39636,48.02083,51.47815,53.66563,56.0803,54.42426,55.54278,49.98,55.71355,57.72348,51.97115,56.51548,56.921,53.60037,53.85165,48.83646,51.5461,49.0408,50.96077,52.20153,49.76947,53.66563,53.14132,52.55473,55.54278,55.54278,54.12947,60.00833,58.66856,58.13777,62.64982,59.16925,56.85948,63.28507,64.40497,65.19202,65.8635,66.03787,71.56116,68.47627,65.45991,67.53518,67.1193,66.24198
10.04988,10.0,10.0,10.0,9.0,9.0,9.0,9.05539,9.05539,9.05539,9.0,9.05539,9.05539,8.06226,8.06226,8.24621,8.24621,8.24621,8.544,8.544,8.544,8.544,8.24621,8.544,9.48683,8.544,8.544,9.48683,9.48683,8.24621,9.21954,9.21954,8.24621,8.24621,8.06226,8.06226,8.0,8.0,8.0,8.0,7.07107,7.07107,7.07107,6.08276,5.09902,5.09902,5.38516,5.38516,5.38516,4.47214,4.47214,4.47214,76.6094,68.88396,71.86793,67.1193,65.21503,60.0,64.3506,66.21933,57.3062,57.68882,58.13777,53.22593,53.7122,57.80138,56.0803,55.4617,55.47071,52.7731,49.76947,55.71355,53.60037,51.26402,53.85165,47.67599,53.15073,51.1957,55.65968,54.12024,48.76474,53.36666,51.86521,53.45091,53.85165,54.34151,51.92302,53.45091,50.28916,52.63079,55.71355,48.10405,51.97115,49.09175,45.48626,48.25971,42.94182,44.65423,42.0119,42.2019,37.64306,32.64966,31.90611,30.41381,31.89044,31.1127,27.01851,27.80288,23.70654,38.20995,35.22783,37.65634,38.83298,38.27532,41.4367,40.80441,38.62642,42.37924,41.59327,45.22168,51.10773,50.11986,49.20366,47.20169,51.31277,52.69725,54.48853,50.60632,56.58622,55.17246,53.74012,56.58622,58.41233,53.41348,54.03702,51.86521,48.41487,52.49762,53.03772,52.40229,53.15073,49.51767,51.73973,53.75872,52.40229,58.0517,55.17246,59.5483,55.97321,58.13777,59.07622,56.85068,60.44005,58.0517,56.85948,60.0,63.81222,63.51378,70.0,64.81512,66.0303,66.61081,65.21503,71.21798,70.45566,77.42093
12.08305,11.18034,10.29563,11.18034,10.29563,10.29563,10.29563,10.81665,10.0,9.43398,9.43398,10.0,9.21954,9.21954,9.21954,9.89949,9.89949,9.89949,9.21954,9.21954,9.21954,9.21954,9.89949,9.21954,9.21954,9.21954,10.0,9.21954,9.21954,10.0,9.21954,9.21954,9.21954,8.48528,9.89949,9.21954,9.43398,8.60233,8.06226,8.06226,8.06226,8.06226,7.61577,6.7082,6.7082,6.32456,6.32456,6.32456,6.32456,5.09902,5.09902,5.0,69.12308,65.73431,64.93843,61.39218,59.4138,60.82763,60.01666,61.66036,54.33231,53.46027,56.14268,52.00961,58.00862,50.03998,55.00909,49.09175,53.00943,49.49747,50.24938,45.39824,51.92302,51.97115,50.44799,49.24429,49.49747,47.29693,48.05206,47.43416,48.76474,55.36244,50.96077,53.85165,51.92302,53.85165,50.69517,49.49747,50.21952,49.47727,52.61179,49.09175,47.09565,46.17359,45.09989,43.01163,43.01163,40.04997,40.11234,37.01351,35.12834,33.73426,33.37664,31.32092,25.0,24.59675,25.63201,25.63201,25.4951,33.73426,36.49658,37.01351,42.04759,39.05125,38.0526,40.11234,41.59327,43.73786,46.27094,45.89118,46.38965,50.21952,51.66237,47.12749,47.16991,55.71355,54.78138,54.12024,51.47815,51.42956,53.7122,52.47857,53.22593,52.69725,55.9464,49.64877,56.30275,51.61395,51.31277,48.75449,56.0803,53.53504,52.7731,52.80152,52.80152,54.12947,53.7122,53.48832,55.97321,57.28001,56.32051,58.24088,61.03278,54.34151,65.30697,58.69412,59.43904,60.41523,62.58594,61.18823,68.44706,69.63476,64.13267,67.68309,68.593,70.0928
12.04159,12.04159,12.04159,12.04159,11.31371,11.31371,11.31371,10.63015,11.31371,10.63015,10.63015,10.0,10.0,10.0,10.0,10.81665,9.43398,9.43398,10.29563,10.0,10.81665,10.81665,10.29563,10.29563,10.29563,10.29563,10.29563,10.81665,10.81665,10.29563,10.81665,10.81665,10.0,10.0,10.0,10.0,9.21954,9.89949,9.21954,9.21954,8.48528,7.81025,8.60233,7.81025,7.2111,7.2111,6.7082,6.7082,5.83095,5.83095,5.38516,5.38516,68.41053,65.25335,62.8172,60.41523,65.30697,56.75385,61.84658,61.39218,53.60037,53.60037,56.4358,52.46904,54.03702,53.00943,51.47815,50.01,51.08816,53.23533,52.00961,49.16299,53.46027,51.35173,49.24429,47.85394,50.9902,49.0306,48.05206,51.1957,53.36666,50.96077,49.36598,50.21952,50.9902,52.61179,51.97115,51.08816,52.15362,50.08992,55.00909,49.09175,48.0,46.17359,46.09772,47.09565,42.95346,40.31129,39.05125,39.29377,32.57299,31.62278,30.67572,29.83287,29.73214,30.08322,28.63564,26.0,27.80288,33.83785,39.56008,36.40055,39.81206,43.56604,39.20459,39.01282,42.29657,47.09565,46.01087,44.10215,46.04346,54.23099,52.46904,51.62364,52.7731,53.60037,50.28916,52.49762,55.36244,53.85165,60.08328,55.15433,54.23099,57.27128,57.58472,52.92447,52.39275,51.89412,54.12947,50.9902,56.64804,55.15433,54.08327,55.36244,55.02727,52.55473,55.08176,55.36244,62.58594,61.68468,55.7315,54.12947,60.01666,60.20797,57.87055,59.5399,65.62012,64.32729,67.60178,63.3877,70.03571,69.2315,65.76473,69.26038,74.8131,74.46476
11.6619,11.6619,10.77033,11.18034,11.18034,10.29563,9.84886,9.84886,9.84886,9.48683,9.84886,9.48683,9.48683,9.48683,9.21954,9.21954,9.21954,9.21954,9.05539,9.05539,9.05539,9.05539,9.05539,9.05539,10.04988,9.05539,9.05539,10.04988,10.04988,10.04988,9.05539,10.04988,10.04988,9.05539,9.21954,9.48683,9.48683,8.544,8.544,8.544,8.06226,8.06226,8.06226,7.2111,7.2111,5.83095,6.40312,5.83095,5.65685,5.65685,5.0,5.0,72.01389,66.85058,64.66065,62.16912,64.49806,64.00781,64.40497,59.16925,55.47071,56.82429,51.31277,55.21775,59.40539,52.20153,52.43091,53.41348,53.2635,48.83646,50.91169,53.07542,53.03772,50.93133,49.67897,48.16638,51.73973,51.85557,52.63079,55.0,48.82622,56.0357,52.00961,50.44799,50.80354,54.40588,49.20366,53.15073,53.2635,50.93133,55.17246,53.2635,47.63402,49.57822,47.50789,46.69047,40.80441,39.66106,41.59327,40.81666,35.4683,34.43835,36.40055,31.95309,30.8707,29.41088,28.16026,29.01724,26.1725,39.82462,36.05551,38.27532,39.40812,38.41875,38.8973,39.62323,42.42641,45.27693,44.04543,49.81967,52.00961,53.25411,47.70744,51.10773,51.07837,56.35601,53.85165,52.83938,53.14132,51.24451,57.24509,53.75872,53.85165,53.45091,58.69412,53.15073,57.07013,52.17279,55.08176,47.12749,56.32051,51.41984,52.49762,53.85165,55.7853,54.42426,55.54278,54.626,56.82429,55.9464,59.03389,59.61543,55.9017,57.69749,66.24198,62.17717,61.91123,66.64083,65.0,62.96825,69.89278,74.43118,67.1193,72.00694,75.13322,69.77822
11.6619,11.6619,11.18034,11.18034,10.77033,10.29563,10.29563,9.84886,9.84886,9.48683,10.77033,10.44031,10.44031,9.21954,9.21954,10.19804,10.19804,9.21954,10.04988,10.04988,10.04988,10.04988,10.19804,10.04988,10.04988,10.04988,10.04988,10.04988,11.04536,10.19804,10.19804,10.19804,10.19804,10.19804,9.48683,9.48683,9.48683,9.48683,8.544,8.544,8.06226,8.06226,7.61577,7.2111,6.40312,6.40312,6.40312,5.83095,5.83095,5.0,5.65685,4.24264,65.52099,67.05222,66.12866,63.56886,60.72891,62.93648,58.87274,62.76942,56.64804,57.93962,51.62364,53.7122,57.27128,47.42362,53.48832,53.66563,54.3783,51.47815,50.47772,52.15362,53.53504,48.30114,48.60041,50.60632,50.80354,49.40648,49.64877,51.73973,49.20366,52.40229,51.40039,54.91812,47.63402,49.20366,50.60632,50.47772,52.43091,53.25411,50.60632,52.3259,49.39636,48.70318,46.17359,46.8188,47.01064,40.02499,40.02499,39.45884,35.51056,36.87818,32.55764,33.06055,32.01562,29.15476,26.01922,27.20294,29.01724,35.77709,40.80441,38.91015,41.88078,40.80441,43.27817,39.62323,42.42641,46.69047,45.27693,52.49762,51.40039,50.0,52.69725,53.53504,51.42956,54.12024,53.31041,58.13777,56.0803,54.70832,57.93962,52.49762,56.61272,52.88667,57.48913,53.85165,58.0517,54.81788,56.08921,51.92302,54.40588,53.75872,55.36244,53.45091,56.75385,52.39275,53.85165,54.70832,59.5063,54.78138,58.30952,58.87274,60.53924,58.69412,59.5399,61.09828,60.41523,60.41523,64.4748,61.26989,72.8011,71.47027,66.40783,72.01389,72.09022,67.23095
10.29563,10.29563,10.29563,10.81665,9.43398,8.94427,8.94427,8.94427,8.94427,8.94427,8.94427,8.544,8.544,8.544,8.544,8.24621,9.21954,8.24621,8.24621,8.24621,8.24621,9.21954,8.24621,9.05539,9.21954,9.05539,9.05539,9.05539,9.21954,9.05539,9.21954,8.24621,8.24621,8.544,8.544,8.544,8.544,7.61577,8.06226,7.2111,6.7082,6.7082,5.83095,5.83095,5.83095,5.0,5.0,4.24264,4.24264,4.24264,4.24264,4.24264,70.34202,64.32729,61.68468,66.09841,63.24555,57.24509,59.77458,55.71355,54.12024,53.48832,52.20153,53.31041,54.56189,51.47815,53.31041,48.37355,54.58938,49.24429,50.11986,49.39636,48.60041,45.79301,48.41487,46.87217,49.73932,50.21952,48.60041,50.9902,51.40039,49.57822,50.24938,50.0,47.63402,53.60037,49.67897,47.50789,48.01042,52.47857,50.60632,46.61545,45.17743,45.61798,45.60702,46.8188,40.16217,43.9659,38.27532,39.81206,34.78505,35.22783,33.73426,31.14482,31.257,26.01922,26.07681,26.07681,22.09072,36.40055,37.73592,39.44617,40.0,39.05125,41.40048,39.05125,39.62323,41.72529,41.72529,46.01087,50.24938,50.9902,53.60037,51.61395,50.77401,52.83938,48.46648,51.42956,53.48832,55.36244,55.71355,54.70832,55.36244,50.96077,54.12024,52.88667,50.96077,51.24451,54.57105,51.92302,57.00877,53.16014,52.17279,56.32051,47.12749,52.49762,57.00877,55.65968,56.64804,59.13544,58.13777,59.09315,61.46544,60.53924,57.77543,60.00833,63.56099,65.9242,64.62198,65.0,64.88451,67.77905,61.84658,71.30919,65.19202,72.8011
12.52996,11.6619,11.6619,11.6619,11.6619,11.6619,10.81665,10.81665,10.81665,10.0,10.81665,10.0,9.21954,9.21954,9.21954,9.89949,9.89949,9.89949,9.21954,9.21954,9.89949,9.21954,9.89949,9.21954,9.21954,9.89949,9.21954,9.21954,9.21954,9.89949,9.21954,9.89949,9.21954,9.21954,10.0,9.43398,9.43398,8.60233,8.06226,8.06226,7.61577,7.61577,7.61577,6.32456,6.32456,6.32456,6.08276,6.08276,5.09902,5.09902,5.09902,5.0,64.12488,67.47592,64.12488,66.18912,65.27634,63.50591,58.07753,60.40695,59.0,58.13777,55.00909,54.08327,55.00909,50.01,54.00926,52.23983,50.80354,49.64877,49.25444,48.50773,47.53946,50.9902,47.85394,46.09772,47.29693,50.44799,48.6621,50.21952,49.47727,51.92302,46.09772,49.81967,51.78803,47.53946,48.83646,49.25444,46.32494,46.38965,45.54119,46.04346,43.04649,44.10215,42.0119,39.0,35.51056,42.95346,37.33631,35.12834,30.59412,34.20526,31.04835,29.73214,27.313,24.04163,26.57066,20.59126,21.09502,33.24154,31.89044,37.20215,39.11521,41.04875,39.96248,36.24914,38.48376,44.59821,45.22168,40.16217,44.27189,47.12749,47.07441,51.78803,48.50773,48.6621,52.03845,53.00943,53.08484,53.0,53.15073,56.0803,53.08484,50.48762,54.03702,53.46027,51.24451,55.3263,52.08647,50.35871,54.23099,54.08327,52.23983,53.23533,55.14526,59.03389,58.00862,56.0803,57.00877,61.03278,62.03225,61.03278,63.03174,62.03225,63.1981,65.00769,62.00806,66.06815,73.06162,68.0,73.00685,67.26812,74.00676,69.00725,67.06713,75.00667
11.7047,11.40175,10.44031,10.77033,10.44031,10.44031,10.19804,9.21954,9.21954,9.21954,9.21954,9.05539,9.05539,9.05539,9.05539,9.05539,9.0,9.0,9.0,9.0,9.0,9.0,9.0,9.0,9.0,9.0,9.0,9.0,9.0,9.0,8.06226,9.05539,9.05539,8.06226,8.24621,8.24621,8.24621,7.28011,7.28011,7.28011,6.7082,6.7082,5.38516,5.38516,5.83095,4.47214,5.0,5.0,4.24264,4.24264,4.24264,4.24264,68.96376,67.44627,67.35726,65.52099,65.45991,61.68468,60.72891,60.40695,61.35145,57.00877,54.626,55.9464,55.9017,56.35601,49.24429,53.33854,55.4617,54.20332,48.02083,47.50789,52.80152,49.64877,47.01064,50.21952,46.32494,50.47772,46.69047,50.9902,51.40039,50.44799,51.73973,51.22499,50.44799,49.40648,48.41487,47.43416,47.43416,49.20366,49.73932,47.70744,46.14109,44.29447,45.18849,42.15448,40.16217,41.48494,37.36308,34.9285,35.44009,34.48188,29.41088,29.83287,28.44293,28.0,26.0,27.0,26.68333,38.58756,36.61967,35.0,36.87818,39.05125,39.05125,38.20995,40.45986,46.75468,41.40048,47.01064,46.2277,51.62364,50.60632,51.0,48.30114,49.73932,52.55473,52.55473,45.54119,45.31004,55.54278,50.0,48.76474,53.93515,54.12024,54.57105,56.04463,50.9902,54.70832,52.63079,53.16014,53.15073,54.40588,58.5235,54.70832,56.30275,55.54278,54.78138,63.97656,61.46544,63.97656,57.38467,66.30988,59.9333,61.29437,63.50591,67.1193,65.74192,68.15424,64.4748,76.15773,73.1642,68.54196,71.51224,74.33034,72.11103
12.04159,12.04159,12.04159,12.04159,12.04159,11.31371,11.31371,10.63015,10.63015,10.63015,10.63015,10.0,10.63015,10.0,10.0,10.0,9.43398,9.43398,9.43398,9.43398,9.43398,9.43398,9.43398,10.29563,10.29563,9.84886,9.84886,9.43398,10.29563,10.29563,9.43398,9.43398,10.0,10.0,9.43398,9.43398,9.21954,8.48528,8.48528,8.48528,8.48528,7.07107,7.81025,7.07107,6.40312,6.40312,6.40312,5.83095,5.83095,5.83095,5.83095,5.38516,72.03471,71.38627,71.70077,64.62971,67.18631,63.15061,67.74216,63.15061,61.20457,52.23983,56.0803,57.00877,56.0803,54.00926,52.0,52.08647,54.0,52.15362,50.08992,48.37355,50.9902,50.80354,48.50773,47.85394,50.63596,49.24429,48.50773,51.66237,51.41984,54.12024,49.24429,50.9902,48.83646,49.64877,48.83646,47.26521,52.61179,48.83646,52.34501,48.37355,43.04649,42.0119,45.04442,46.27094,40.31129,38.20995,37.12142,40.26164,32.75668,28.86174,29.61419,30.36445,31.32092,27.73085,28.23119,24.69818,25.23886,38.01316,40.71855,36.67424,39.0,38.48376,38.60052,39.29377,43.9659,44.72136,47.67599,47.26521,48.09366,49.36598,52.15362,52.0,50.0,54.08327,53.15073,51.35173,55.9017,52.34501,55.31727,57.27128,53.15073,55.08176,49.72927,53.60037,55.08176,50.59644,58.24946,55.31727,55.10898,54.81788,56.88585,56.7186,57.55867,58.0517,54.14795,60.67125,61.81424,62.1289,60.53098,63.1981,63.03174,62.39391,65.06919,68.00735,65.00769,68.00735,73.17103,70.85901,72.02777,71.56815,66.06815,70.45566,76.53104,79.22752
12.04159,12.04159,11.31371,11.31371,11.31371,10.63015,9.89949,9.89949,9.89949,9.89949,9.89949,9.89949,9.21954,9.21954,9.21954,10.0,9.43398,8.60233,8.94427,9.43398,9.43398,8.94427,9.43398,9.43398,9.43398,9.43398,9.43398,9.43398,9.43398,9.43398,9.43398,9.43398,8.60233,8.60233,9.21954,9.21954,8.48528,8.48528,7.81025,7.81025,7.81025,7.2111,7.2111,6.7082,5.83095,5.83095,5.83095,5.83095,5.38516,5.38516,5.09902,5.09902,68.06614,68.46897,72.00694,67.36468,63.95311,59.84146,61.52235,62.16912,54.34151,60.20797,54.57105,55.36244,56.04463,50.44799,50.28916,52.0,51.24451,49.24429,51.26402,51.47815,53.66563,49.65884,50.77401,51.31277,45.79301,50.11986,51.88449,53.85165,53.0,52.15362,51.62364,50.21952,50.24938,54.91812,48.76474,51.97115,50.11986,50.9902,49.39636,50.32892,45.18849,46.48656,42.37924,44.59821,42.95346,41.7732,39.81206,38.63936,35.12834,33.37664,33.37664,29.01724,27.07397,23.02173,25.07987,24.18677,24.35159,32.80244,38.18377,35.4683,36.87818,36.12478,35.80503,36.40055,40.49691,39.82462,41.18252,41.18252,45.88028,46.23851,46.8188,47.29693,51.66237,50.9902,50.63596,53.75872,48.16638,49.09175,53.23533,55.00909,50.0,52.0,55.3263,49.09175,51.0392,51.0098,53.03772,47.04253,54.08327,51.08816,54.33231,55.08176,54.58938,51.62364,54.58938,54.74486,53.93515,55.9017,61.84658,59.68249,61.0,63.06346,61.03278,62.8172,64.03124,64.53681,68.30813,65.14599,69.857,71.80529,72.36712,73.00685,70.34202,71.19691
13.15295,13.15295,13.0384,12.04159,12.04159,11.04536,11.04536,11.04536,11.04536,11.0,11.04536,11.0,11.0,11.0,10.04988,11.04536,10.04988,10.04988,10.19804,10.19804,10.19804,11.18034,10.04988,10.19804,11.18034,10.19804,10.19804,11.18034,10.19804,10.19804,10.04988,11.18034,11.04536,10.04988,10.0,10.0,9.0,9.0,9.05539,9.05539,8.06226,8.06226,8.06226,7.07107,7.07107,6.08276,6.32456,6.32456,6.32456,5.38516,5.38516,4.47214,72.11103,72.40166,70.80254,68.26419,71.84706,65.19202,66.61081,63.82006,60.80296,63.00794,60.80296,57.68882,58.89822,54.67175,56.61272,58.79626,58.69412,55.17246,53.03772,51.08816,55.97321,54.56189,56.40035,49.20366,50.60632,52.00961,52.80152,51.10773,52.00961,51.40039,52.00961,55.80323,53.25411,55.0,49.81967,53.2635,53.41348,49.20366,55.44367,48.16638,48.10405,46.69047,51.08816,43.86342,43.82921,42.2019,38.94868,43.01163,34.98571,35.77709,34.0147,33.10589,31.76476,29.06888,25.07987,26.92582,27.45906,36.13862,34.20526,35.8469,41.62932,40.70626,36.35932,39.11521,40.80441,43.60046,40.80441,42.52058,45.96738,53.15073,51.62364,48.9183,48.41487,50.60632,49.73932,50.47772,53.82379,53.53504,54.58938,54.58938,52.35456,56.82429,54.56189,50.53712,52.80152,51.88449,54.58938,51.88449,55.07268,52.83938,54.58938,53.23533,51.31277,58.30952,54.6443,59.90826,59.40539,59.81639,61.85467,62.62587,64.40497,63.00794,65.21503,67.00746,68.00735,68.0147,69.2026,72.34639,69.02898,70.60453,72.67049,76.40026,79.40403,74.8131
12.36932,12.36932,11.40175,11.40175,11.40175,11.40175,11.40175,10.44031,10.44031,10.77033,10.44031,10.77033,9.84886,9.84886,9.84886,10.29563,9.84886,10.29563,9.43398,9.43398,9.43398,9.43398,9.43398,10.0,9.43398,9.43398,10.81665,9.43398,9.43398,10.29563,9.43398,10.29563,10.29563,8.94427,9.84886,9.84886,9.48683,8.544,8.544,8.24621,8.24621,7.07107,7.07107,7.07107,7.07107,6.08276,7.0,6.0,6.0,6.0,6.08276,5.09902,73.57309,69.46222,67.53518,68.60029,69.11584,60.83584,64.49806,65.30697,59.9333,57.3062,58.18075,59.5063,59.09315,56.85948,55.15433,54.70832,58.82176,54.57105,51.86521,56.04463,57.00877,54.12024,50.01,51.1957,47.29693,54.34151,50.21952,52.17279,50.35871,55.44367,54.58938,55.9017,51.41984,53.15073,50.9902,49.0408,50.21952,51.1957,50.28916,48.8467,49.64877,47.92703,44.77723,46.61545,42.05948,40.70626,41.34005,37.44329,33.01515,33.42155,31.14482,32.52691,29.0,27.01851,25.4951,26.62705,25.0,33.12099,32.55764,33.95585,32.75668,35.12834,37.01351,36.01389,36.01389,44.10215,44.01136,44.40721,45.70558,48.25971,49.64877,45.60702,48.8467,49.39636,52.0,46.61545,46.51881,49.64877,54.6443,55.07268,51.42956,53.00943,52.83938,51.31277,52.20153,52.69725,51.86521,51.10773,52.15362,50.80354,51.62364,54.20332,54.3783,53.23533,55.4617,57.69749,57.69749,57.69749,61.09828,57.24509,66.64083,58.87274,62.03225,62.6099,62.64982,65.79514,68.42514,66.40783,70.83784,75.58439,69.77822,74.73286,73.3553,73.82412
11.6619,11.18034,11.18034,10.81665,10.29563,10.29563,9.84886,9.84886,9.84886,9.84886,9.84886,9.48683,9.84886,9.48683,8.544,9.21954,9.21954,9.21954,9.21954,9.21954,9.21954,9.05539,9.21954,9.21954,9.21954,9.21954,9.05539,9.05539,9.21954,9.21954,9.21954,9.21954,9.21954,8.544,8.544,8.544,8.544,7.61577,7.2111,6.7082,6.7082,6.7082,6.40312,5.83095,5.83095,5.0,5.0,5.0,5.0,4.24264,5.0,3.60555,73.24616,68.02941,73.92564,68.50547,63.81222,66.03787,62.26556,68.7968,61.40033,61.40033,60.60528,59.5483,63.03174,54.67175,57.42822,57.38467,58.79626,55.9017,54.56189,54.45181,53.60037,54.48853,53.90733,53.2635,54.81788,55.0,54.40588,56.61272,54.03702,55.21775,53.90733,56.30275,53.41348,55.9017,53.60037,56.56854,53.15073,52.40229,53.75872,53.03772,50.20956,49.51767,51.31277,46.2277,46.61545,42.0119,39.11521,41.67733,38.41875,36.35932,32.75668,32.69557,32.57299,28.63564,27.85678,27.89265,26.68333,33.54102,33.83785,37.33631,39.21734,34.88553,38.94868,36.71512,37.44329,40.80441,39.20459,42.63801,46.09772,48.83646,42.80187,47.20169,47.63402,50.32892,51.62364,51.86521,47.16991,50.60632,55.00909,55.00909,50.15974,50.32892,52.39275,47.53946,52.0,49.0408,52.7731,47.85394,53.7122,52.3259,51.42956,54.58938,55.22681,51.62364,55.47071,54.3783,58.30952,57.98276,61.61169,63.51378,66.85058,64.2028,60.959,60.0,65.29931,67.26812,64.2028,69.81404,69.02898,75.0,67.95587,75.16648,76.27582,68.7968
13.0384,12.52996,12.52996,13.0384,12.52996,12.52996,12.08305,11.18034,12.08305,11.18034,12.08305,11.18034,11.18034,10.77033,10.77033,11.40175,10.44031,10.44031,10.44031,10.44031,10.44031,10.19804,10.44031,11.40175,11.40175,11.18034,11.18034,11.40175,11.40175,11.40175,10.44031,10.44031,10.44031,10.44031,10.44031,10.77033,9.84886,8.94427,9.43398,8.94427,8.94427,8.60233,8.06226,7.81025,7.2111,7.2111,7.2111,6.40312,6.40312,5.65685,5.65685,5.65685,72.78049,70.88018,67.91171,66.70832,68.15424,61.13101,59.77458,60.44005,60.87693,58.5235,52.20153,54.78138,60.74537,55.97321,52.20153,51.47815,54.626,52.80152,54.58938,52.35456,55.75841,51.62364,50.77401,51.10773,46.95743,52.43091,52.43091,53.00943,55.47071,54.03702,52.15362,52.69725,53.85165,54.70832,51.61395,50.11986,48.33218,49.1935,52.3259,51.47815,49.39636,49.76947,47.80167,45.22168,41.10961,43.9659,38.63936,36.22154,34.71311,33.37664,30.14963,30.41381,31.0,28.07134,29.06888,26.4764,22.36068,34.17601,35.22783,34.4093,32.80244,33.94113,33.24154,35.35534,35.35534,42.0119,41.34005,42.2019,43.56604,44.94441,47.41308,45.18849,50.56679,46.8188,46.8188,48.38388,48.27007,46.87217,53.60037,48.6621,52.17279,49.49747,52.63079,51.08816,49.36598,50.35871,51.62364,45.54119,50.48762,49.64877,53.33854,52.63079,50.9902,52.49762,51.92302,55.08176,57.24509,56.32051,60.53924,58.87274,60.72891,58.24088,64.62198,60.16644,63.56886,67.41662,66.76077,65.14599,70.38466,68.96376,66.7308,72.8011,74.04053,71.80529
11.40175,10.81665,10.81665,10.81665,10.81665,10.0,10.81665,10.29563,10.29563,9.43398,9.84886,9.84886,9.84886,9.84886,8.94427,9.48683,9.48683,9.48683,9.48683,9.48683,9.48683,9.48683,9.21954,9.21954,9.21954,9.21954,9.21954,9.48683,9.21954,9.21954,9.48683,9.48683,9.48683,8.544,8.544,8.544,8.544,8.06226,8.06226,7.2111,7.2111,7.2111,6.40312,5.83095,6.40312,5.0,5.65685,5.65685,4.24264,4.24264,4.24264,3.60555,74.24284,71.25307,70.21396,66.27217,70.71068,63.78871,65.27634,67.08204,59.5399,62.36986,56.29387,58.69412,59.48109,58.24088,54.34151,56.46238,59.46427,58.5235,56.64804,55.54278,58.13777,52.55473,59.9333,55.47071,55.03635,56.93856,52.7731,55.56978,55.07268,56.0803,54.20332,55.47071,51.0,53.66563,52.47857,55.9464,54.626,50.15974,53.31041,52.0,47.43416,48.10405,45.88028,46.09772,41.97618,43.93177,44.04543,39.45884,34.36568,33.13608,34.05877,33.24154,31.14482,30.0,29.15476,26.1725,24.5153,33.61547,32.20248,36.12478,34.65545,32.64966,32.01562,35.22783,33.83785,41.88078,38.94868,43.08132,44.28318,46.09772,44.27189,45.54119,45.88028,49.72927,49.64877,48.27007,43.41659,50.35871,51.08816,47.04253,51.0392,48.01042,53.08484,50.08992,50.0,50.08992,52.08647,48.09366,50.01,50.15974,51.0392,52.23983,50.24938,53.75872,53.75872,56.32051,53.36666,59.84146,56.29387,56.29387,64.56005,62.36986,65.0,65.25335,66.94027,66.70832,70.03571,68.65858,70.34202,69.2315,68.24954,75.13322,74.1485,76.15773
12.36932,12.36932,12.36932,12.36932,12.36932,11.40175,11.40175,10.44031,10.44031,10.77033,10.77033,10.77033,10.77033,10.77033,10.77033,10.29563,10.29563,10.29563,10.29563,10.29563,10.29563,10.29563,10.29563,10.81665,10.81665,10.81665,10.81665,10.81665,10.81665,10.81665,10.29563,10.29563,10.29563,9.84886,9.84886,9.84886,9.48683,9.48683,9.48683,8.24621,8.24621,8.24621,8.24621,7.07107,7.07107,6.08276,6.08276,6.08276,6.0,6.0,5.0,5.0,73.00685,72.00694,72.61543,65.74192,68.8767,64.88451,62.03225,67.54258,61.46544,58.87274,55.54278,53.85165,55.97321,59.46427,57.28001,57.97413,57.72348,56.08921,57.48913,50.0,54.12947,52.95281,57.14018,56.14268,54.74486,53.23533,53.46027,59.07622,57.21888,56.0357,52.08647,55.3263,52.61179,53.23533,50.48762,54.34151,51.66237,55.57877,55.36244,50.96077,47.12749,47.53946,48.70318,45.31004,46.61545,39.35734,41.18252,42.19005,36.89173,34.82815,32.20248,30.61046,31.90611,28.42534,29.0,25.4951,24.75884,35.35534,32.69557,33.10589,37.10795,35.1141,34.9285,33.54102,38.11824,40.04997,40.0,41.0,44.01136,46.09772,48.16638,48.50773,48.05206,47.85394,52.20153,50.69517,49.98,50.08992,50.56679,49.64877,50.69517,53.7122,51.97115,53.7122,48.37355,50.69517,52.35456,47.88528,56.35601,52.7731,51.89412,56.82429,49.65884,52.81098,54.23099,55.97321,56.64804,60.40695,59.48109,62.62587,61.35145,64.28841,66.09841,64.51356,66.40783,66.76077,72.11103,69.64194,72.8011,76.55064,70.83784,78.43469,76.53757,77.49194
12.0,11.0,11.04536,11.0,11.0,10.0,11.04536,10.04988,10.04988,10.04988,10.04988,10.19804,9.21954,9.21954,9.21954,10.44031,9.48683,9.48683,9.48683,9.48683,9.48683,9.48683,9.48683,9.84886,9.48683,9.84886,9.48683,9.48683,9.48683,9.48683,9.48683,9.21954,9.21954,9.21954,9.05539,9.05539,9.05539,8.06226,8.0,7.0,7.0,7.0,7.0,6.0,6.0,5.09902,5.09902,5.09902,5.09902,4.12311,4.12311,4.12311,71.42129,73.5527,73.59348,70.17834,68.593,68.68042,68.68042,67.88225,63.63961,60.959,62.62587,62.80127,61.22091,59.81639,57.80138,62.42596,61.03278,57.68882,52.15362,59.09315,58.69412,61.05735,51.47815,52.3259,56.82429,55.9464,59.09315,61.7414,57.69749,59.23681,58.30952,55.15433,55.54278,55.9464,57.38467,53.33854,52.0,52.3259,52.15362,51.47815,51.62364,50.60632,46.09772,46.69047,43.93177,46.75468,43.18565,41.03657,36.06938,37.48333,37.53665,34.05877,31.14482,31.62278,31.62278,28.6531,26.92582,33.01515,30.14963,34.05877,32.14032,34.36568,39.84972,37.64306,38.8973,36.40055,38.47077,41.62932,42.54409,44.72136,48.01042,44.04543,49.0408,48.16638,47.42362,50.20956,52.49762,53.8145,49.51767,53.8145,49.67897,52.80152,49.81967,49.20366,52.40229,50.60632,54.03702,50.9902,53.90733,53.2635,51.85557,53.15073,50.91169,55.22681,58.0517,58.0517,58.0,55.97321,59.20304,60.80296,67.20119,59.5483,65.45991,65.80274,65.80274,69.6563,70.43437,68.24954,68.41053,73.66139,73.75636,79.30952,75.82216,76.41989
12.08305,11.7047,11.7047,10.77033,10.77033,10.44031,10.44031,10.44031,10.44031,10.44031,10.19804,10.19804,10.19804,9.21954,9.21954,10.04988,9.05539,10.04988,9.05539,9.0,9.05539,9.0,10.0,9.0,9.0,10.0,10.0,10.04988,9.0,10.0,9.05539,9.05539,9.05539,9.05539,9.05539,9.21954,9.21954,8.24621,7.28011,7.28011,7.61577,6.7082,6.7082,6.7082,5.83095,5.38516,5.83095,5.0,5.0,4.24264,4.24264,4.24264,74.67262,72.44998,71.47027,69.92138,68.70953,64.62198,63.56886,66.09841,57.77543,60.16644,59.09315,56.36488,60.37384,59.09315,53.66563,56.4358,57.70615,55.9464,58.18075,52.15362,56.85068,55.21775,53.41348,54.56189,54.40588,52.80152,53.41348,53.15073,55.0,54.67175,52.69725,55.0,53.82379,54.03702,53.2635,53.53504,55.22681,54.3783,51.62364,49.09175,46.52956,47.85394,47.01064,44.77723,47.16991,41.62932,40.5216,38.07887,32.57299,35.44009,36.40055,27.45906,31.14482,30.06659,29.27456,28.07134,27.07397,31.01612,31.38471,31.62278,33.6006,32.64966,31.89044,33.97058,37.48333,38.8973,40.31129,40.45986,40.45986,42.2019,48.25971,42.94182,47.41308,47.85394,43.86342,46.8188,44.94441,43.32436,52.63079,47.53946,49.72927,45.39824,53.85165,47.53946,50.01,47.29693,50.44799,45.88028,50.01,50.63596,50.01,50.0,53.45091,49.64877,53.45091,54.12024,58.5235,58.69412,55.03635,59.80803,61.84658,56.85948,56.36488,60.82763,64.88451,66.30988,63.95311,67.1193,71.58911,71.51224,68.942,71.86793,72.23573,74.84651
12.36932,12.36932,11.40175,12.36932,11.40175,11.40175,11.18034,11.18034,11.18034,10.19804,11.04536,11.04536,11.04536,10.04988,10.04988,11.0,11.0,10.0,10.0,10.0,10.0,10.0,10.0,10.04988,10.0,10.04988,10.04988,10.0,10.0,10.0,10.0,10.0,10.0,10.0,10.0,10.04988,9.05539,9.05539,8.24621,8.24621,8.24621,8.24621,7.28011,7.28011,7.28011,6.32456,6.32456,5.38516,5.38516,5.83095,5.83095,5.83095,69.06519,70.3278,69.97142,64.89992,65.45991,66.03787,62.42596,61.85467,61.03278,59.64059,58.60034,58.25805,59.4138,52.00961,50.60632,53.8145,54.03702,53.75872,51.62364,51.73973,56.22277,48.16638,51.22499,48.01042,50.44799,53.8145,51.22499,53.60037,53.15073,54.20332,48.41487,53.90733,47.63402,51.86521,49.0408,48.83646,51.08816,49.51767,47.42362,47.38143,48.10405,46.01087,43.27817,39.40812,40.81666,39.40812,40.81666,35.77709,34.66987,33.28663,31.30495,30.23243,27.29469,26.92582,25.29822,25.70992,25.29822,32.57299,30.8707,33.83785,35.60899,33.6006,36.23534,33.30165,36.12478,43.18565,38.20995,40.60788,45.45327,47.80167,46.04346,47.01064,48.8774,51.0392,45.65085,50.15974,50.32892,51.47815,49.76947,49.0408,52.49762,49.47727,51.62364,52.49762,52.49762,47.16991,51.62364,47.75982,52.55473,52.81098,50.92151,53.85165,52.92447,54.12947,53.22593,55.54278,54.58938,57.80138,57.98276,60.74537,60.20797,61.85467,63.51378,63.51378,62.20129,65.21503,66.88797,66.03787,66.61081,69.89278,71.02112,73.06162,71.86793,70.49113
11.7047,10.77033,11.7047,11.7047,10.77033,10.44031,9.84886,9.84886,9.84886,9.84886,9.84886,9.84886,9.84886,9.43398,9.43398,9.43398,8.60233,8.60233,8.60233,9.21954,8.60233,9.21954,8.60233,9.21954,9.21954,9.21954,9.21954,10.0,9.21954,9.21954,8.60233,9.43398,9.43398,8.06226,8.06226,8.06226,8.06226,7.61577,7.28011,7.28011,7.28011,6.32456,6.08276,6.08276,5.09902,5.09902,5.09902,5.0,5.0,4.0,4.0,4.12311,70.93659,75.39231,69.89278,66.21933,68.00735,66.12866,65.80274,63.24555,60.08328,60.08328,59.77458,53.15073,55.54278,58.85576,55.10898,54.45181,57.87055,54.23099,53.33854,53.33854,53.23533,53.15073,51.0,50.01,54.0,51.08816,55.00909,55.03635,54.03702,55.03635,52.00961,52.08647,55.08176,52.03845,49.0102,52.0,52.08647,52.08647,47.26521,48.50773,49.81967,43.73786,45.60702,45.60702,43.65776,43.32436,37.64306,38.62642,34.43835,29.54657,34.88553,30.41381,33.28663,30.52868,29.20616,22.2036,22.47221,30.36445,32.01562,31.7805,34.36568,36.12478,33.06055,36.01389,34.0147,39.31921,40.04997,41.30375,42.19005,44.91102,46.87217,47.12749,47.75982,51.62364,49.24429,49.76947,46.06517,50.92151,51.42956,51.47815,47.16991,51.47815,49.39636,50.24938,47.50789,52.47857,50.24938,53.33854,55.9464,54.58938,50.08992,54.58938,53.7122,52.92447,54.626,54.626,57.00877,57.24509,57.87055,57.87055,63.90618,56.32051,61.13101,62.0967,61.13101,66.21933,68.96376,68.88396,66.48308,70.5762,68.62215,72.73239,72.42237,76.92204
11.40175,11.40175,11.40175,11.40175,11.40175,10.44031,10.44031,10.44031,9.48683,10.19804,10.19804,10.19804,10.04988,10.04988,9.05539,10.04988,9.05539,9.05539,9.0,9.0,9.05539,9.0,9.05539,9.0,10.0,9.0,9.05539,9.0,9.0,9.05539,9.05539,9.05539,9.21954,9.21954,8.24621,8.24621,8.544,8.544,7.61577,7.61577,6.7082,6.7082,6.7082,5.83095,6.40312,5.0,5.65685,5.65685,5.65685,5.0,5.0,5.0,66.85058,70.5762,67.97794,66.7308,67.1193,65.39113,63.69458,62.6099,61.7171,53.22593,56.79789,57.27128,58.13777,54.70832,53.85165,51.31277,57.42822,54.40588,51.97115,52.47857,53.25411,53.41348,48.9183,50.0,49.81967,52.80152,53.60037,50.9902,50.0,50.9902,52.49762,51.61395,50.44799,51.08816,50.60632,48.54894,52.20153,53.0,49.39636,48.75449,48.30114,41.14608,46.06517,42.04759,38.62642,41.10961,35.69314,40.26164,28.63564,30.41381,29.83287,27.16616,28.16026,30.14963,24.33105,25.01999,20.02498,34.53983,36.71512,36.35932,34.82815,38.28838,33.94113,36.06938,38.18377,39.62323,41.86884,41.23106,45.60702,47.50789,48.82622,44.94441,49.1935,47.85394,52.35456,46.09772,51.86521,48.10405,54.40588,53.45091,49.33559,53.85165,50.28916,51.66237,48.50773,56.75385,50.92151,51.92302,50.69517,50.0,52.81098,53.45091,52.49762,55.36244,54.78138,57.27128,59.48109,55.54278,58.13777,56.79789,64.40497,55.4617,60.83584,60.82763,64.84597,68.09552,69.77105,65.36819,68.96376,69.77822,69.07966,72.56032,69.35416,70.26379
12.08305,11.18034,10.77033,11.18034,10.77033,10.29563,9.84886,9.84886,9.84886,9.48683,9.48683,9.48683,9.48683,9.48683,9.48683,9.21954,9.21954,9.21954,9.05539,9.21954,9.21954,9.05539,9.21954,9.05539,9.05539,9.05539,9.21954,9.21954,9.05539,9.21954,9.21954,9.21954,9.21954,8.24621,8.544,8.544,7.61577,7.61577,7.61577,6.7082,7.2111,7.2111,6.40312,6.40312,5.65685,5.65685,5.65685,5.65685,5.65685,5.0,5.0,4.47214,70.83784,67.44627,67.23095,68.30813,64.51356,64.62198,63.32456,63.69458,60.53924,63.07139,58.69412,56.79789,59.03389,53.23533,52.0,55.75841,54.91812,53.53504,54.3783,52.47857,57.98276,54.3783,50.32892,52.49762,50.0,51.31277,50.80354,51.66237,52.49762,52.80152,52.00961,49.20366,48.41487,52.40229,50.80354,48.54894,48.37355,48.01042,49.64877,46.06517,43.38202,45.31004,42.95346,41.14608,39.39543,40.16217,36.40055,36.87818,32.57299,32.55764,30.41381,31.57531,28.28427,29.01724,25.07987,24.02082,24.18677,34.66987,36.87818,31.89044,38.8973,38.41875,38.20995,38.41875,40.80441,45.48626,40.80441,46.52956,45.79301,49.73932,48.30114,50.59644,47.75982,52.20153,51.5461,53.75872,51.41984,51.66237,51.1957,50.80354,52.63079,53.75872,53.36666,52.61179,56.08921,51.78803,54.58938,50.24938,53.75872,52.95281,55.10898,56.51548,52.17279,54.81788,55.02727,54.08327,59.48109,61.35145,60.08328,59.46427,63.15853,62.64982,59.77458,64.4748,65.30697,65.19202,71.17584,65.9242,70.26379,76.2168,68.00735,74.09453,76.2168,70.93659
11.6619,11.6619,11.40175,10.81665,10.81665,10.81665,10.81665,10.0,10.0,10.0,10.63015,10.63015,9.89949,9.89949,9.21954,10.63015,9.21954,9.21954,8.60233,9.21954,9.21954,9.21954,9.21954,9.43398,10.0,10.0,10.0,10.0,9.43398,10.0,8.60233,9.21954,9.21954,8.48528,8.48528,8.48528,8.48528,7.81025,7.81025,6.40312,7.2111,6.40312,6.40312,5.83095,5.83095,5.83095,5.38516,5.38516,4.47214,4.47214,4.47214,4.12311,67.1193,67.06713,65.19202,67.06713,66.27217,63.28507,59.07622,61.13101,56.32051,56.14268,59.03389,53.15073,56.88585,54.12947,54.34151,53.36666,51.66237,50.69517,50.21952,54.08327,54.78138,52.92447,47.42362,47.53946,50.92151,50.08992,48.46648,48.33218,50.32892,53.23533,49.24429,54.626,46.61545,49.65884,52.7731,46.17359,48.38388,45.88028,47.12749,50.92151,49.72927,41.97618,42.29657,42.42641,40.1995,39.11521,38.01316,35.0571,31.01612,32.01562,30.14963,33.01515,28.16026,25.4951,27.07397,28.86174,24.35159,37.44329,38.58756,37.58989,35.77709,39.56008,40.16217,37.0,40.16217,40.5216,43.17407,44.55334,44.55334,50.63596,51.0392,51.0,50.0,55.03635,52.0,50.08992,52.23983,53.23533,50.48762,52.46904,53.46027,52.95281,54.45181,54.57105,56.88585,50.44799,54.33231,49.36598,54.58938,49.64877,51.35173,57.0,55.03635,56.0803,56.00893,55.08176,56.0803,57.14018,61.03278,61.07373,62.1289,60.29925,57.42822,59.5399,61.98387,64.62971,63.12686,64.28063,69.72087,71.11259,67.74216,71.34424,67.18631,68.593
12.64911,11.7047,12.64911,11.7047,11.7047,10.77033,10.77033,10.77033,10.77033,10.77033,10.77033,11.18034,10.29563,10.29563,10.29563,10.29563,9.43398,10.29563,9.43398,10.81665,10.29563,10.0,9.43398,10.0,10.81665,10.0,10.0,10.81665,10.29563,10.29563,10.29563,10.29563,10.29563,9.84886,9.84886,9.84886,8.544,8.544,8.24621,8.24621,8.24621,7.28011,8.06226,6.08276,6.08276,6.08276,6.08276,6.0,6.0,5.0,5.0,5.0,69.33974,67.1193,68.50547,65.19202,68.47627,59.64059,65.76473,63.28507,59.94164,54.91812,56.93856,53.33854,57.70615,55.07268,54.12947,53.31041,57.00877,52.55473,50.32892,49.76947,50.96077,47.75982,49.0306,47.80167,50.0,47.12749,49.24429,52.61179,50.01,50.21952,49.47727,50.9902,51.1957,52.7731,46.32494,48.08326,49.24429,47.12749,50.28916,47.42362,46.09772,43.86342,42.54409,40.70626,40.31129,42.72002,34.4093,37.20215,32.44996,33.28663,31.241,26.90725,27.58623,29.0,22.80351,26.40076,23.02173,35.01428,35.0571,38.32754,39.45884,38.83298,39.29377,37.64306,41.78516,44.92215,47.53946,44.28318,50.08992,50.08992,50.11986,49.73932,51.0392,50.80354,51.85557,47.20169,51.73973,54.81788,56.63921,54.45181,53.90733,52.49762,54.45181,52.34501,56.63921,53.07542,56.22277,56.58622,54.56189,56.58622,55.22681,54.56189,53.90733,54.81788,53.85165,58.00862,56.93856,56.61272,60.90156,59.16925,67.60178,61.29437,60.53924,61.91123,66.24198,69.11584,69.46222,65.30697,70.71068,69.83552,66.88797,71.58911,72.06941,68.88396
13.0384,12.20656,12.80625,12.20656,12.20656,11.40175,12.04159,11.31371,11.31371,11.40175,10.63015,11.31371,11.31371,11.31371,9.89949,10.63015,10.0,10.63015,10.0,10.63015,10.0,10.0,10.0,10.81665,11.40175,10.81665,10.81665,10.81665,10.0,10.81665,10.0,10.63015,10.0,10.0,9.21954,9.89949,9.89949,9.21954,8.60233,8.60233,7.81025,7.81025,8.60233,7.2111,7.2111,6.40312,5.83095,5.83095,6.7082,5.38516,5.38516,5.38516,70.11419,64.28063,76.00658,63.78871,66.1211,67.06713,62.03225,66.06815,56.0803,59.0,55.03635,57.14018,55.00909,53.15073,51.0098,53.23533,58.13777,50.63596,53.23533,53.75872,56.7186,52.7731,53.15073,52.63079,51.97115,53.85165,48.08326,53.45091,53.45091,53.75872,46.57252,49.98,52.17279,51.86521,48.08326,51.97115,47.07441,48.50773,49.81967,44.14748,45.70558,44.18144,46.09772,42.0119,42.04759,38.0,39.31921,36.0,31.57531,33.24154,30.14963,31.257,27.65863,25.96151,28.16026,25.4951,22.82542,35.77709,33.61547,36.13862,37.94733,37.65634,40.60788,39.45884,43.73786,42.19005,43.18565,48.01042,45.09989,47.04253,51.08816,50.48762,50.80354,52.61179,50.9902,51.78803,52.39275,55.08176,55.08176,51.41984,54.08327,51.62364,55.36244,52.20153,53.16014,49.72927,54.70832,53.45091,56.04463,54.34151,53.85165,54.34151,55.54278,51.78803,54.12947,56.7186,58.85576,61.40033,60.13319,60.03332,58.30952,63.28507,64.19502,61.0082,66.0,70.02857,66.0,68.02941,69.0,74.16873,66.1211,71.02816,78.1025,66.1211
13.0,13.0,12.64911,12.08305,11.7047,11.7047,11.7047,11.40175,11.7047,10.44031,11.40175,11.40175,10.44031,10.19804,10.19804,11.18034,10.04988,10.19804,10.04988,10.04988,10.19804,10.04988,10.04988,10.04988,10.04988,10.04988,11.04536,11.04536,10.04988,10.04988,10.19804,10.19804,10.19804,10.19804,10.19804,10.19804,9.48683,8.544,8.544,8.544,8.544,7.61577,8.06226,6.7082,6.7082,6.7082,7.2111,6.40312,6.40312,5.83095,5.65685,5.65685,68.00735,71.06335,70.21396,67.35726,70.83784,63.56886,60.08328,64.03124,61.46544,60.00833,57.38467,57.27128,58.30952,52.80152,55.9464,53.0,56.30275,52.47857,49.24429,49.39636,53.00943,49.40648,46.2277,50.80354,50.0,52.80152,49.0408,53.2635,54.40588,51.66237,50.9902,53.8145,50.47772,54.67175,50.44799,49.09175,48.01042,50.47772,49.09175,46.14109,42.05948,44.72136,45.61798,46.06517,42.37924,38.01316,35.73514,37.94733,33.24154,31.04835,34.48188,31.7805,27.16616,30.26549,26.0,29.06888,23.02173,35.38361,36.06938,32.80244,37.64306,35.51056,40.49691,38.47077,40.49691,42.95346,42.95346,46.52956,45.31004,44.28318,50.69517,49.64877,47.51842,48.50773,47.53946,54.12947,53.46027,49.64877,53.23533,51.35173,50.24938,48.09366,50.15974,50.08992,52.03845,51.15662,55.3263,49.36598,56.22277,50.24938,53.33854,52.34501,51.78803,51.41984,53.60037,56.29387,57.72348,56.75385,56.30275,59.48109,62.96825,59.5063,62.29767,63.15853,69.46222,68.15424,69.46222,68.00735,72.61543,75.02666,67.6757,72.73239,76.6942,69.26038
13.60147,12.64911,12.36932,12.64911,12.36932,11.40175,11.40175,11.40175,11.40175,11.40175,11.18034,11.18034,11.18034,11.18034,10.19804,11.04536,10.04988,10.04988,10.0,10.0,10.04988,10.0,10.0,10.0,10.0,10.0,11.0,10.0,10.0,10.0,10.0,10.04988,10.04988,10.04988,10.04988,10.04988,9.21954,9.21954,8.24621,8.24621,8.24621,8.24621,7.61577,7.61577,7.61577,6.7082,6.7082,6.7082,5.83095,5.83095,5.83095,5.0,68.42514,68.42514,65.8635,67.23095,70.72482,63.28507,65.36819,61.91123,59.36329,58.24946,59.40539,59.64059,57.42822,56.22277,50.44799,50.24938,55.97321,57.62812,51.22499,51.62364,53.90733,51.66237,47.63402,49.20366,48.08326,55.22681,52.00961,45.80393,51.73973,51.61395,54.40588,53.41348,50.9902,50.60632,52.63079,48.10405,48.9183,49.51767,48.83646,48.10405,45.27693,43.27817,47.01064,42.63801,42.72002,41.40048,38.83298,35.51056,34.4093,31.76476,31.7805,32.64966,31.01612,24.35159,24.69818,23.4094,25.31798,35.22783,34.1321,35.0,37.48333,39.69887,35.80503,36.79674,38.20995,44.40721,42.43819,44.77723,43.04649,49.73932,47.41308,47.01064,50.32892,51.07837,51.26402,49.64877,52.88667,50.28916,55.65968,51.92302,50.0,53.75872,52.20153,50.9902,52.39275,51.97115,51.41984,48.76474,55.08176,52.39275,52.49762,56.61272,52.92447,53.22593,52.92447,54.78138,56.82429,55.9464,57.45433,59.5399,64.14047,57.45433,58.18075,65.51336,65.73431,70.17834,68.26419,66.37017,74.09453,74.43118,70.23532,72.71864,73.57309,71.69379
13.15295,12.16553,13.0384,12.16553,12.04159,11.04536,11.04536,11.04536,11.04536,11.04536,11.0,11.0,11.0,11.0,10.0,11.04536,10.04988,10.04988,10.19804,10.04988,10.04988,11.04536,10.04988,10.19804,10.19804,10.04988,10.04988,11.04536,10.04988,10.04988,9.05539,10.04988,10.0,10.0,10.0,10.0,9.0,9.05539,9.05539,8.06226,8.24621,7.07107,8.06226,6.08276,6.32456,6.32456,6.32456,6.32456,6.32456,5.38516,5.38516,4.47214,74.06079,71.02816,71.21798,71.28113,68.50547,64.89992,65.73431,64.89992,57.80138,57.80138,59.40539,57.14018,59.20304,51.66237,53.41348,55.15433,55.17246,55.31727,53.03772,50.91169,56.72742,48.10405,49.40648,51.85557,46.2277,52.00961,49.67897,51.86521,50.80354,53.00943,52.00961,54.67175,48.60041,55.44367,50.60632,51.66237,47.01064,49.49747,50.20956,46.01087,46.8615,47.63402,44.82187,45.22168,44.68781,38.58756,40.24922,37.58989,35.8469,33.61547,34.53983,30.36445,27.85678,28.23119,29.61419,30.80584,27.01851,36.13862,37.0,38.8973,39.56008,39.82462,37.58989,39.66106,41.40048,44.20407,43.18565,45.96738,44.82187,48.9183,51.66237,49.51767,52.00961,53.8145,51.40039,52.43091,50.60632,50.60632,53.85165,53.0,51.10773,54.20332,51.42956,54.3783,55.56978,52.83938,57.3062,51.62364,51.62364,52.83938,51.97115,55.22681,54.20332,53.25411,57.80138,54.40588,60.20797,62.80127,58.89822,62.00806,62.28965,61.6198,69.02898,66.4003,64.53681,70.03571,69.02898,70.76722,70.72482,74.8131,69.6563,74.02702,80.43009,73.75636
12.64911,12.08305,11.18034,11.7047,10.77033,10.77033,11.18034,11.18034,11.18034,10.29563,10.29563,10.29563,10.29563,9.43398,9.43398,10.0,10.0,10.0,9.21954,9.21954,9.21954,9.21954,9.21954,9.21954,10.0,10.0,10.0,9.21954,10.0,9.21954,9.21954,9.21954,8.60233,8.60233,9.43398,8.94427,8.94427,7.61577,7.61577,7.61577,7.61577,7.28011,6.32456,6.32456,6.32456,5.09902,5.09902,5.09902,5.09902,4.12311,5.0,4.0,73.82412,65.76473,68.0,68.09552,66.24198,60.90156,57.70615,64.49806,59.03389,55.54278,55.03635,57.77543,59.46427,58.30952,55.36244,55.36244,55.02727,54.81788,52.49762,50.0,51.97115,49.47727,53.46027,50.9902,50.01,51.97115,48.83646,51.78803,49.64877,49.49747,50.35871,52.7731,46.87217,51.62364,48.6621,49.47727,50.44799,50.0,45.88028,51.5461,47.43416,46.23851,42.04759,40.24922,40.70626,38.47077,39.82462,38.01316,34.98571,33.28663,29.15476,29.73214,25.23886,27.58623,25.4951,24.08319,23.85372,34.23449,35.01428,36.01389,35.22783,36.01389,40.79216,40.79216,42.2019,41.76123,37.36308,42.15448,43.32436,50.59644,48.75449,54.56189,47.88528,54.20332,49.39636,51.42956,52.69725,53.41348,52.63079,48.9183,50.0,53.07542,50.21952,51.22499,54.48853,48.9183,52.43091,53.60037,55.80323,52.63079,52.00961,53.0,54.6443,52.69725,54.20332,55.56978,58.66856,57.24509,57.69749,59.9333,64.07808,63.06346,59.61543,63.06346,63.56099,65.39113,69.83552,69.35416,72.09022,68.8767,69.77105,69.857,70.21396,74.24958
13.0384,12.04159,12.0,12.04159,12.04159,12.04159,12.0,11.0,11.0,11.0,11.0,11.04536,10.04988,10.04988,10.04988,11.18034,10.19804,10.19804,10.19804,10.19804,10.19804,10.19804,10.19804,9.21954,10.19804,10.44031,10.19804,10.19804,9.21954,10.19804,9.21954,10.19804,10.19804,9.05539,9.05539,9.05539,9.05539,8.0,8.0,8.06226,8.06226,8.06226,7.07107,7.07107,7.07107,6.08276,6.32456,6.32456,6.32456,5.38516,5.38516,5.38516,69.31089,68.88396,69.2026,68.11755,63.60031,66.8431,63.00794,63.25346,57.62812,59.40539,56.85948,58.24946,60.74537,53.00943,56.30275,54.12024,54.12024,51.89412,53.85165,48.76474,53.7122,46.51881,48.8467,50.69517,47.01064,49.24429,49.64877,48.10405,47.75982,51.24451,50.96077,50.92151,48.33218,50.32892,46.84015,48.75449,45.61798,45.18849,47.01064,48.54894,46.14109,46.32494,38.60052,41.88078,41.01219,40.22437,38.83298,33.97058,33.97058,29.73214,33.01515,28.42534,26.40076,25.4951,25.23886,22.2036,25.80698,35.12834,33.01515,33.73426,39.62323,37.94733,39.56008,36.76955,39.39543,42.54409,41.59327,44.77723,45.22168,46.64762,50.24938,44.20407,46.8615,53.8145,48.83646,51.62364,53.03772,51.73973,52.40229,53.03772,56.72742,51.73973,53.75872,49.20366,55.9017,51.22499,53.90733,47.63402,55.17246,52.40229,52.3259,53.03772,55.15433,53.07542,59.5483,55.22681,58.25805,59.20304,64.2028,62.80127,62.20129,64.40497,62.26556,62.00806,67.41662,63.51378,69.81404,71.02112,68.24222,75.0,65.21503,71.40028,74.4043,74.65253
12.20656,12.20656,12.20656,12.20656,11.6619,10.81665,10.81665,10.81665,10.81665,10.29563,10.29563,10.29563,10.29563,9.84886,9.84886,10.77033,9.84886,9.84886,9.48683,9.48683,9.48683,10.44031,9.84886,10.44031,10.44031,10.44031,10.44031,10.44031,9.48683,9.84886,9.48683,9.84886,9.84886,8.94427,9.43398,9.43398,8.60233,8.06226,8.06226,7.2111,7.81025,7.07107,7.81025,6.40312,5.65685,5.65685,5.65685,5.65685,5.65685,5.0,5.0,4.47214,73.00685,67.26812,73.24616,67.18631,67.36468,66.06815,62.1289,65.19202,58.30952,59.13544,59.4138,60.53098,64.32729,55.54278,54.58938,52.7731,55.08176,56.04463,50.21952,51.86521,60.08328,51.26402,48.8467,52.55473,48.08326,52.55473,54.23099,54.12947,52.0,55.71355,49.76947,54.70832,52.0,54.78138,48.70318,52.81098,49.98,49.0408,49.47727,50.48762,49.64877,46.87217,44.18144,40.60788,43.04649,39.31921,42.0,40.11234,37.01351,32.38827,33.37664,32.38827,31.7805,28.44293,23.34524,23.4094,22.13594,36.12478,37.80212,33.6006,42.43819,37.21559,39.81206,40.31129,41.62932,43.08132,43.32436,44.14748,46.87217,50.44799,51.78803,54.23099,47.16991,52.34501,48.01042,52.08647,54.0,54.14795,55.03635,51.08816,54.08327,55.22681,51.15662,53.03772,55.22681,49.0408,52.00961,50.24938,58.07753,54.00926,54.00926,56.14268,58.00862,52.08647,56.00893,58.13777,58.30952,60.07495,61.52235,64.38167,63.1981,61.81424,65.9242,68.65858,68.24954,71.58911,68.593,70.40597,75.70997,74.54529,67.08204,72.99315,77.52419,73.68175
12.36932,13.34166,12.36932,12.36932,11.40175,12.36932,11.40175,11.18034,11.18034,10.19804,11.18034,11.04536,10.19804,10.04988,10.04988,11.0,11.0,10.0,10.0,10.0,10.04988,10.0,10.0,10.0,10.0,10.0,11.0,10.0,10.0,10.0,10.04988,10.04988,10.04988,9.05539,10.04988,9.21954,9.21954,8.24621,8.544,8.544,8.544,8.544,7.61577,7.61577,6.7082,6.7082,6.7082,5.83095,5.83095,5.83095,5.83095,5.0,71.58911,65.51336,67.23095,66.88797,67.42403,61.58734,60.90156,62.64982,57.14018,55.21775,57.68882,54.40588,56.85068,52.20153,48.27007,55.86591,54.45181,58.13777,51.66237,48.08326,50.24938,49.57822,45.45327,50.93133,47.42362,50.91169,46.87217,49.40648,50.32892,50.21952,49.81967,52.49762,48.10405,46.75468,51.22499,46.69047,45.45327,45.25483,48.27007,48.10405,45.25483,42.52058,40.49691,41.04875,39.11521,36.67424,38.91015,33.61547,33.54102,31.30495,29.73214,25.63201,29.12044,24.5153,23.76973,26.92582,24.5153,34.0,34.48188,35.22783,35.22783,36.40055,36.87818,36.76955,37.53665,42.63801,40.45986,42.80187,43.60046,47.20169,52.69725,47.88528,47.85394,46.09772,50.9902,47.88528,49.98,51.24451,56.64804,50.56679,50.32892,50.92151,52.55473,53.85165,54.70832,49.0408,50.32892,50.32892,51.5461,48.70318,54.78138,53.85165,55.36244,50.08992,55.47071,54.12947,58.18075,62.43397,59.36329,55.9464,64.66065,58.5235,64.89992,64.40497,61.85467,66.28725,66.88797,64.3506,72.8011,69.97142,66.37017,74.63243,70.72482,75.16648
12.36932,12.16553,11.18034,12.16553,11.18034,10.19804,10.04988,10.04988,10.04988,10.04988,10.04988,10.04988,10.04988,10.04988,10.0,9.0,9.0,9.0,9.05539,9.05539,9.05539,9.05539,9.0,9.05539,9.05539,9.05539,9.05539,9.05539,9.05539,9.05539,9.05539,9.05539,9.05539,9.0,8.0,8.06226,8.06226,8.24621,8.24621,7.28011,6.32456,7.28011,6.32456,6.32456,5.38516,5.38516,5.38516,5.38516,5.0,5.0,4.24264,4.24264,74.41102,72.12489,69.6563,63.65532,68.68042,64.3506,63.78087,63.12686,60.30755,60.1415,58.13777,57.62812,59.03389,58.41233,56.40035,55.47071,56.4358,56.60389,50.24938,53.33854,55.07268,52.35456,51.42956,48.33218,48.76474,54.56189,51.47815,54.23099,48.8467,53.7122,47.85394,51.88449,51.89412,53.85165,50.11986,49.24429,49.24429,51.62364,52.15362,46.61545,46.40043,45.45327,42.0119,43.26662,43.27817,38.8973,40.31129,36.06938,34.4093,33.97058,31.241,31.62278,30.01666,27.20294,27.29469,24.59675,22.84732,30.06659,32.06244,35.69314,36.49658,38.07887,35.73514,35.1141,38.62642,40.70626,40.24922,43.82921,46.32494,48.02083,45.80393,45.80393,48.9183,50.32892,46.66905,50.20956,53.8145,50.9902,50.32892,53.41348,52.49762,52.00961,53.15073,50.80354,49.40648,50.0,53.90733,48.41487,52.63079,51.08816,52.20153,54.48853,50.24938,55.17246,58.69412,56.63921,58.89822,53.75872,61.22091,60.1415,62.62587,62.482,65.94695,65.43699,64.66065,66.4003,68.76772,68.8186,66.21933,68.0147,72.34639,72.8011,71.06335,67.20863
12.04159,12.04159,11.31371,12.04159,11.31371,10.63015,11.31371,10.63015,10.63015,10.63015,10.63015,10.63015,10.0,10.0,10.0,10.0,9.43398,9.43398,9.43398,9.43398,9.43398,9.84886,9.43398,8.94427,10.29563,10.29563,10.29563,9.84886,9.84886,10.29563,8.94427,9.43398,9.43398,9.43398,9.21954,8.60233,8.60233,7.81025,7.81025,7.81025,7.07107,7.07107,7.07107,6.40312,6.40312,6.40312,5.83095,5.0,5.0,5.0,4.47214,4.47214,68.46897,70.25667,70.34913,66.37017,65.19202,65.27634,62.514,65.9242,60.67125,58.07753,57.07013,58.85576,56.51548,55.57877,56.08921,53.60037,56.921,54.08327,48.27007,54.626,53.7122,51.24451,50.08992,47.41308,48.38388,48.46648,52.80152,47.85394,48.33218,53.66563,51.89412,49.65884,48.76474,52.47857,51.88449,47.16991,47.01064,47.53946,46.48656,48.76474,46.57252,46.87217,41.97618,40.26164,40.79216,43.41659,38.32754,35.51056,34.0,33.01515,33.01515,30.0,30.06659,29.27456,27.29469,26.68333,26.68333,33.42155,34.48188,31.06445,33.61547,40.71855,33.10589,39.0,35.73514,40.80441,42.72002,44.38468,44.91102,43.56604,47.51842,48.37355,51.47815,53.15073,52.00961,48.01042,52.0,51.0,50.01,55.3263,56.0357,53.15073,54.14795,50.15974,53.33854,50.35871,55.08176,50.08992,53.03772,54.23099,52.00961,56.0,54.03702,56.22277,59.13544,53.03772,55.22681,59.21149,61.81424,59.5399,59.5399,61.81424,60.41523,65.11528,65.30697,67.18631,65.9242,68.73136,71.06335,72.69113,72.00694,75.95393,75.95393,69.58448
12.80625,12.04159,12.04159,11.40175,11.40175,10.63015,10.63015,10.63015,10.63015,9.89949,9.89949,10.63015,10.0,10.0,9.21954,10.0,10.0,10.0,9.43398,9.43398,9.43398,9.43398,10.0,9.43398,9.43398,9.43398,9.43398,9.43398,9.43398,10.0,9.43398,9.43398,9.21954,8.60233,9.21954,9.21954,8.48528,7.81025,8.48528,7.07107,7.2111,6.40312,6.40312,5.83095,5.83095,5.83095,5.83095,5.0,4.47214,4.47214,4.12311,4.47214,67.91171,68.65858,67.89698,64.62971,65.11528,65.30697,62.58594,63.95311,56.56854,61.66036,59.84146,56.4358,59.03389,56.32051,53.08484,55.03635,59.00847,53.00943,51.0098,54.03702,56.14268,51.35173,48.37355,52.34501,50.08992,48.37355,51.15662,50.48762,53.46027,53.46027,52.15362,54.33231,47.09565,54.33231,49.09175,49.16299,46.04346,48.04165,52.00961,46.52956,44.18144,44.55334,45.89118,43.56604,40.02499,37.65634,36.40055,37.64306,33.52611,30.8707,32.57299,31.30495,28.63564,28.6531,25.23886,25.23886,24.41311,32.24903,35.1141,35.1141,34.52535,34.20526,35.51056,37.21559,39.20459,40.60788,40.1995,44.04543,44.01136,45.0,49.0102,46.17359,51.1957,50.63596,47.53946,50.44799,50.9902,50.21952,51.62364,49.98,52.81098,49.39636,52.20153,52.20153,50.96077,50.28916,54.08327,46.8188,50.92151,53.85165,49.64877,54.57105,54.34151,54.74486,58.46366,53.60037,54.74486,57.42822,58.42089,61.84658,59.3043,58.42089,66.37017,65.19202,69.35416,67.18631,65.37584,68.18358,71.44928,74.54529,66.91039,72.24957,68.35934,73.5527
12.64911,11.7047,12.36932,11.40175,11.40175,10.44031,11.40175,11.40175,10.44031,11.18034,10.44031,10.19804,10.19804,10.19804,10.19804,10.04988,10.04988,10.04988,10.04988,10.04988,10.04988,10.04988,10.04988,10.0,10.0,10.04988,10.04988,10.04988,10.0,10.04988,10.04988,10.04988,10.04988,9.21954,9.21954,9.21954,8.24621,8.24621,8.544,7.61577,7.61577,6.7082,7.61577,6.7082,5.83095,5.83095,5.83095,5.83095,5.83095,5.0,4.24264,4.24264,69.46222,69.57011,66.18912,70.5762,66.48308,61.46544,63.50591,63.32456,59.09315,55.71355,58.13777,58.13777,59.5399,53.7122,58.30952,56.82429,55.56978,54.20332,49.73932,51.31277,53.85165,54.08327,50.44799,51.31277,51.10773,48.60041,51.61395,51.85557,49.40648,50.0,52.43091,54.08327,50.0,50.24938,51.40039,46.61545,45.0,48.02083,48.82622,49.24429,47.41308,43.08132,43.86342,41.59327,42.15448,39.84972,40.26164,37.36308,33.54102,30.59412,31.257,29.42788,26.1725,28.0,27.16616,24.08319,23.02173,31.62278,31.62278,35.60899,36.06938,36.79674,37.53665,36.12478,40.80441,42.63801,39.40812,46.64762,48.37355,45.65085,48.33218,47.75982,46.23851,54.12947,53.45091,53.48832,51.5461,50.21952,56.30275,53.36666,53.15073,55.9017,52.61179,55.10898,56.29387,51.1957,53.85165,51.66237,56.04463,51.66237,52.88667,58.5235,55.65968,54.40588,56.64804,53.45091,54.23099,58.69412,59.03389,63.50591,65.29931,60.00833,61.77378,64.00781,66.24198,69.31811,69.35416,66.21178,73.82412,71.69379,72.91776,71.17584,77.41447,71.11962
13.0,13.0,13.0384,13.0,12.0,12.0,12.04159,11.04536,11.04536,11.04536,11.0,11.04536,11.04536,11.18034,10.19804,11.18034,10.44031,10.19804,10.44031,10.44031,10.44031,10.44031,10.44031,10.44031,10.44031,10.44031,10.44031,10.44031,10.44031,10.44031,10.44031,10.44031,10.44031,10.44031,9.21954,9.05539,9.05539,9.05539,9.05539,8.0,8.0,8.0,8.0,7.0,7.0,6.0,6.08276,6.08276,6.08276,5.09902,5.09902,4.47214,69.6563,68.0147,70.17834,67.80118,66.6033,62.28965,61.07373,64.81512,62.96825,54.56189,60.80296,54.70832,55.75841,56.0803,55.80323,54.91812,55.75841,56.4358,47.88528,51.47815,50.11986,51.88449,49.64877,47.53946,49.24429,52.39275,49.39636,50.0,49.39636,50.15974,46.23851,50.56679,48.46648,51.26402,50.9902,47.01064,47.85394,47.92703,48.30114,43.56604,45.27693,42.2019,44.82187,40.60788,42.52058,40.31129,38.20995,36.79674,33.97058,31.62278,31.89044,31.241,28.3196,28.01785,30.0,23.70654,23.76973,32.98485,34.52535,39.56008,35.73514,34.43835,41.14608,37.16181,38.47077,41.67733,42.95346,44.40721,47.50789,49.20366,47.63402,50.60632,53.07542,51.62364,50.91169,50.9902,55.17246,50.9902,55.22681,51.22499,52.80152,52.43091,54.03702,55.21775,53.60037,53.60037,50.60632,48.01042,53.15073,55.17246,53.03772,57.38467,55.22681,52.3259,56.63921,54.48853,59.5483,57.38467,61.84658,60.87693,62.00806,60.21628,65.73431,64.07027,67.00746,70.72482,68.88396,72.8011,70.80254,72.34639,67.00746,75.9276,75.45197,76.02631
11.6619,11.6619,11.6619,12.52996,11.18034,11.6619,10.29563,10.81665,10.29563,9.43398,10.0,10.0,10.0,9.21954,10.0,9.21954,9.89949,8.48528,9.21954,8.48528,9.21954,9.21954,7.81025,9.21954,9.21954,9.21954,9.21954,9.21954,9.89949,8.48528,8.48528,8.48528,9.21954,8.48528,7.81025,7.81025,7.81025,8.06226,7.2111,8.06226,6.7082,6.7082,5.83095,5.38516,5.38516,5.38516,5.38516,5.09902,4.12311,4.12311,4.0,4.0,72.91776,68.26419,68.8767,64.4748,64.88451,64.40497,63.32456,64.4748,60.92618,60.16644,56.61272,54.42426,60.40695,55.36244,51.62364,54.12024,56.32051,52.17279,54.57105,47.80167,54.74486,47.67599,51.24451,50.48762,48.50773,52.7731,49.25444,51.15662,52.46904,55.03635,50.24938,50.48762,51.62364,52.46904,47.01064,52.17279,51.78803,48.6621,48.50773,48.08326,44.38468,43.9659,48.33218,46.61545,41.62932,38.01316,36.71512,36.23534,33.12099,29.20616,30.61046,27.65863,27.20294,24.83948,24.83948,24.04163,24.83948,31.14482,33.01515,33.24154,39.31921,35.35534,34.9285,36.13862,39.84972,40.16217,40.49691,46.61545,42.54409,47.75982,47.75982,52.7731,43.41659,49.39636,46.14109,51.10773,50.21952,53.25411,53.90733,50.80354,52.20153,52.00961,50.80354,47.50789,49.67897,48.41487,54.81788,48.60041,52.80152,48.82622,52.80152,54.3783,53.0,48.02083,51.97115,57.3062,60.41523,63.95311,55.15433,62.03225,60.53924,59.48109,57.77543,64.40497,68.15424,68.02941,66.85058,70.00714,68.35203,75.15318,64.40497,72.49828,76.48529,68.15424
13.60147,13.0,13.0,13.92839,13.0,11.7047,12.08305,11.18034,11.18034,11.18034,11.18034,11.6619,11.18034,11.6619,10.81665,10.81665,10.81665,10.0,10.63015,10.63015,10.0,10.63015,10.0,10.63015,10.63015,10.63015,10.63015,10.63015,10.63015,10.0,10.0,10.63015,10.0,10.0,9.43398,9.43398,9.43398,8.94427,8.94427,8.94427,7.61577,7.61577,7.61577,6.32456,6.32456,6.32456,6.32456,6.32456,6.08276,5.09902,5.09902,5.0,71.58911,68.8186,72.20111,63.60031,67.95587,60.20797,63.63175,64.3506,59.5399,58.18075,59.94164,53.7122,52.7731,55.4617,53.7122,52.39275,59.23681,55.71355,49.0408,49.98,55.7853,51.86521,50.96077,50.69517,51.97115,51.1957,49.72927,51.97115,51.47815,51.97115,50.01,50.44799,49.24429,50.96077,48.27007,49.0408,51.5461,49.33559,47.16991,44.29447,44.38468,43.909,42.94182,41.18252,41.18252,39.40812,36.23534,38.01316,33.97058,31.241,28.42534,29.73214,28.42534,24.20744,22.62742,25.55386,19.84943,34.05877,34.23449,33.54102,36.87818,39.29377,35.1141,37.16181,37.57659,41.78516,45.17743,44.72136,44.28318,48.75449,48.8774,50.80354,49.81967,52.43091,50.0,49.64877,54.03702,53.07542,56.56854,54.67175,51.66237,53.75872,53.03772,55.22681,53.03772,53.03772,55.17246,48.16638,56.63921,51.62364,52.49762,56.61272,54.56189,52.80152,52.69725,56.0803,60.90156,60.41523,59.5399,58.60034,64.88451,60.37384,62.17717,65.51336,66.18912,68.88396,73.3553,69.31811,71.55418,71.69379,70.3278,72.94518,77.89737,77.17513
12.52996,12.52996,11.6619,11.6619,11.6619,11.6619,11.6619,10.81665,10.81665,10.0,10.81665,10.81665,10.0,10.0,10.0,10.63015,9.89949,9.21954,9.89949,9.89949,9.21954,9.89949,9.21954,9.21954,9.89949,9.89949,9.89949,9.89949,9.89949,9.89949,9.21954,9.21954,9.21954,9.21954,9.43398,9.43398,9.43398,8.06226,8.06226,8.06226,7.61577,7.61577,7.61577,6.32456,6.32456,6.32456,6.08276,6.08276,6.08276,5.09902,5.0,5.0,68.35203,66.30988,72.12489,67.44627,67.35726,61.68468,63.56099,64.7611,60.16644,59.20304,59.48109,53.93515,56.75385,50.96077,56.75385,54.58938,58.85576,54.33231,52.61179,48.16638,54.00926,54.14795,51.0,49.0408,49.09175,51.0,50.03998,50.0,48.25971,52.03845,51.0392,54.0,52.0,50.01,48.04165,46.27094,49.09175,49.16299,48.37355,49.09175,43.93177,43.41659,42.72002,41.48494,39.21734,36.13862,36.05551,31.95309,33.24154,29.54657,31.7805,30.8707,26.40076,25.55386,25.55386,27.01851,24.04163,30.59412,30.14963,33.06055,32.01562,34.1321,36.34556,34.9285,35.69314,38.47077,42.2019,43.32436,44.38468,45.31004,47.53946,46.09772,46.61545,49.76947,48.75449,50.56679,51.88449,50.47772,50.24938,50.47772,49.73932,52.63079,53.25411,48.60041,51.31277,51.31277,54.20332,48.8774,51.10773,48.76474,52.47857,53.23533,54.56189,53.22593,57.69749,53.31041,56.46238,57.00877,60.72891,61.84658,60.40695,60.44005,61.61169,61.03278,65.52099,61.68468,66.40783,68.00735,69.64194,75.27284,66.48308,70.88018,70.83784,70.5195
12.0,12.04159,12.04159,12.04159,11.04536,11.0,10.04988,10.19804,10.04988,10.19804,10.04988,10.19804,10.19804,10.19804,9.21954,9.48683,9.48683,9.48683,9.48683,9.48683,9.48683,9.84886,8.544,8.544,9.48683,9.48683,9.48683,9.48683,9.84886,8.544,9.48683,9.48683,9.48683,8.544,8.24621,8.24621,8.06226,8.06226,8.0,8.0,7.0,7.0,7.0,6.08276,6.0,5.09902,5.09902,5.09902,5.09902,5.38516,4.47214,4.47214,76.05919,74.20243,68.60029,69.02898,66.8431,65.0,63.82006,66.85058,61.29437,60.80296,60.80296,56.61272,59.07622,59.07622,58.24946,56.35601,58.18075,57.24509,54.12024,53.31041,55.54278,53.31041,52.55473,52.55473,52.39275,53.85165,57.24509,54.40588,52.92447,49.64877,53.75872,54.08327,54.08327,54.12024,48.33218,50.15974,51.89412,50.9902,50.53712,46.64762,48.02083,46.14109,45.48626,46.04346,43.41659,40.80441,37.64306,43.93177,37.48333,31.82766,29.06888,29.20616,29.83287,29.41088,26.40076,25.55386,25.07987,31.01612,30.80584,30.80584,34.48188,35.73514,32.89377,36.24914,38.47077,43.56604,42.54409,38.83298,40.81666,46.40043,48.41487,44.68781,48.83646,50.9902,49.51767,48.79549,50.32892,48.08326,52.63079,53.90733,53.41348,50.32892,55.31727,51.08816,52.80152,53.2635,50.24938,50.44799,55.31727,55.31727,50.20956,53.15073,56.63921,55.86591,55.9017,55.22681,58.41233,60.60528,58.00862,59.81639,63.81222,61.61169,61.03278,66.28725,66.85058,65.45991,71.28113,67.6757,72.42237,75.45197,68.41053,70.21396,73.00685,74.88658
10.81665,10.81665,11.40175,11.6619,10.81665,10.0,10.0,10.0,10.0,9.21954,9.21954,9.21954,9.89949,9.89949,9.21954,9.21954,9.21954,9.21954,9.21954,9.21954,8.48528,9.21954,7.81025,8.60233,9.21954,8.60233,8.60233,9.21954,9.21954,8.60233,8.48528,8.48528,8.48528,8.48528,7.81025,7.81025,7.81025,7.2111,7.2111,7.2111,6.7082,6.7082,6.7082,5.38516,5.38516,5.38516,5.38516,5.09902,4.12311,4.12311,4.12311,4.0,73.75636,75.9276,70.40597,69.63476,73.24616,61.98387,69.2315,63.34824,65.51336,55.7315,60.01666,59.5399,61.52235,62.96825,54.14795,57.07889,57.31492,53.00943,52.0,56.0357,53.00943,53.00943,47.09565,52.03845,55.0,52.15362,52.23983,53.33854,54.08327,51.15662,50.15974,52.08647,56.0357,52.15362,55.14526,50.0,51.0098,49.0,51.0098,46.09772,48.09366,44.28318,46.69047,46.52956,40.02499,43.17407,36.87818,39.84972,35.4683,33.52611,31.7805,30.52868,30.08322,30.23243,27.78489,24.83948,23.34524,33.61547,28.16026,30.80584,33.54102,36.49658,34.36568,36.49658,36.12478,39.01282,43.0,45.09989,45.01111,48.09366,47.38143,47.85394,49.0408,46.57252,52.20153,50.21952,50.59644,50.0,53.14132,51.47815,49.76947,53.7122,49.76947,51.89412,49.24429,53.7122,52.81098,51.07837,54.78138,52.0,52.20153,57.00877,52.20153,53.85165,54.12024,54.81788,61.61169,58.69412,60.01666,54.91812,63.34824,57.48913,63.3877,67.60178,62.28965,69.46222,73.5527,72.36712,69.72087,67.08204,71.19691,78.8543,73.97973,73.5459
12.08305,12.08305,11.18034,12.08305,11.18034,11.18034,11.18034,11.18034,11.18034,10.29563,10.81665,10.81665,10.0,10.0,10.0,10.0,10.0,10.0,9.21954,9.21954,10.0,10.0,9.21954,9.89949,9.89949,9.89949,10.0,9.21954,9.21954,10.0,9.21954,9.43398,9.43398,8.60233,9.43398,9.43398,8.06226,8.06226,8.06226,7.61577,7.61577,7.28011,6.32456,6.32456,6.32456,5.09902,5.09902,5.09902,5.09902,5.09902,4.0,4.0,74.88658,70.45566,75.29276,67.6757,66.03787,67.41662,59.68249,64.07027,62.26556,59.16925,61.26989,56.79789,64.84597,56.36488,57.38467,58.18935,57.77543,55.97321,55.36244,55.36244,56.32051,52.88667,51.97115,50.28916,50.69517,52.88667,52.61179,49.24429,49.0306,51.97115,54.58938,52.95281,49.98,53.16014,50.28916,49.39636,49.0408,49.0408,49.98,46.61545,51.47815,48.75449,46.61545,42.94182,45.17743,38.58756,41.34005,37.44329,33.6006,33.30165,33.24154,29.06888,28.3196,29.73214,27.01851,26.1725,25.23886,30.01666,36.12478,33.13608,37.12142,35.90265,38.07887,39.21734,37.94733,43.46263,38.07887,39.39543,43.08132,46.61545,47.41308,47.70744,48.27007,52.00961,51.08816,52.00961,51.08816,49.81967,51.73973,50.9902,50.44799,53.8145,55.44367,51.66237,53.75872,48.79549,53.15073,50.44799,56.72742,51.73973,54.67175,51.85557,57.00877,54.03702,56.60389,53.60037,55.56978,57.98276,60.53924,60.03332,63.13478,60.90156,66.21178,63.97656,67.97794,65.76473,66.64083,66.64833,67.08204,76.94154,68.09552,75.66373,72.00694,73.3553
13.34166,13.34166,12.36932,12.36932,12.36932,12.16553,11.40175,11.40175,11.40175,10.44031,11.40175,10.77033,10.77033,10.77033,10.77033,10.77033,9.84886,9.84886,10.29563,9.84886,9.84886,10.29563,10.29563,9.43398,10.29563,10.29563,10.29563,10.29563,10.29563,10.29563,9.84886,9.84886,9.84886,9.48683,9.48683,9.48683,9.48683,8.24621,8.24621,8.24621,8.06226,8.06226,7.07107,7.0,7.07107,6.0,7.0,6.0,6.0,6.08276,6.08276,5.09902,66.70832,62.76942,67.6757,65.9242,65.78754,64.88451,61.03278,65.78754,57.87055,60.40695,57.87055,56.32051,56.04463,53.16014,57.28001,55.10898,55.7853,53.75872,50.01,48.25971,56.0803,50.35871,50.24938,47.09565,50.35871,49.09175,50.15974,51.0392,50.03998,52.03845,50.03998,55.03635,49.0408,47.04253,51.08816,48.16638,48.37355,49.36598,47.67599,45.70558,47.07441,45.12206,40.26164,39.84972,38.27532,41.23106,39.56008,33.52611,33.12099,32.24903,32.24903,29.15476,25.55386,25.0,26.07681,25.23886,22.62742,33.0,31.0,31.0,32.38827,32.14032,36.22154,34.9285,37.64306,38.07887,39.56008,42.95346,43.86342,44.94441,44.01136,47.01064,45.79301,52.35456,48.25971,49.92995,50.77401,51.40039,53.82379,49.40648,52.20153,52.49762,50.80354,50.44799,52.80152,51.40039,50.77401,51.22499,55.80323,53.60037,50.47772,55.56978,50.60632,53.66563,55.9017,51.97115,56.46238,54.626,63.15853,60.74537,59.23681,57.38467,66.7308,64.51356,63.24555,62.96825,65.19202,67.23095,70.00714,72.23573,69.07966,71.30919,72.8011,75.61085
12.08305,12.08305,12.08305,12.08305,10.77033,11.18034,10.77033,10.77033,10.77033,10.44031,10.77033,10.44031,10.44031,10.44031,10.19804,10.19804,10.19804,10.19804,10.04988,10.04988,10.04988,10.04988,9.21954,10.04988,10.04988,10.04988,10.04988,10.04988,10.04988,10.04988,10.19804,9.05539,9.21954,9.21954,9.21954,9.48683,8.544,8.544,7.61577,7.61577,7.61577,7.61577,6.7082,6.7082,6.7082,5.83095,5.83095,5.83095,5.83095,5.0,5.0,4.24264,69.46222,67.6757,72.8011,63.15853,70.2282,64.84597,59.61543,64.2573,61.09828,59.09315,57.00877,54.23099,59.94164,56.79789,52.0,53.0,54.70832,50.77401,51.31277,52.69725,53.60037,49.92995,48.9183,49.0408,45.0,53.90733,50.60632,48.83646,48.27007,52.20153,49.20366,52.49762,49.57822,50.9902,50.24938,50.60632,45.60702,46.04346,44.40721,49.64877,46.14109,39.92493,42.94182,41.18252,40.71855,38.07887,38.32754,36.24914,28.79236,33.52611,28.16026,30.36445,27.89265,29.42788,27.29469,25.31798,26.0,34.65545,34.20526,39.05125,36.35932,36.71512,38.01316,33.54102,38.01316,39.92493,45.88028,40.16217,45.12206,44.01136,47.53946,47.53946,49.64877,50.44799,48.6621,53.15073,48.50773,52.61179,53.23533,55.14526,54.08327,54.0,54.23099,54.08327,53.08484,50.15974,54.45181,50.08992,52.46904,54.34151,51.78803,53.15073,56.88585,54.34151,56.08921,58.0517,56.75385,62.29767,59.80803,60.74537,65.9242,59.77458,67.77905,67.06713,62.24147,68.8767,69.46222,63.95311,69.46222,70.83784,68.70953,74.84651,72.23573,71.17584
12.80625,12.80625,12.80625,12.20656,12.20656,11.40175,11.40175,10.63015,10.63015,10.63015,11.31371,10.63015,10.63015,10.63015,9.89949,10.63015,10.63015,10.0,10.0,10.63015,10.63015,10.63015,10.0,10.0,10.0,10.0,10.0,10.63015,10.0,10.0,9.89949,9.89949,9.89949,9.89949,9.89949,9.21954,9.21954,8.60233,8.60233,8.60233,8.06226,7.2111,7.2111,6.7082,6.7082,5.83095,6.7082,6.32456,5.38516,5.38516,5.38516,5.09902,66.76077,69.26038,70.0928,65.51336,67.72001,61.03278,61.61169,61.40033,58.69412,55.7853,52.95281,55.57877,55.7315,56.56854,52.61179,50.15974,55.44367,52.08647,51.24451,50.03998,50.01,52.15362,49.0,51.0098,50.15974,53.00943,46.04346,48.16638,49.0,48.09366,51.08816,50.08992,51.0098,51.08816,47.09565,45.54119,50.03998,47.51842,47.51842,43.41659,45.39824,42.95346,42.15448,44.14748,39.56008,39.56008,33.52611,35.77709,32.69557,31.38471,27.313,27.45906,29.52965,26.40076,25.0,22.02272,22.02272,32.69557,31.04835,37.36308,33.37664,34.23449,37.21559,36.12478,41.10961,44.04543,42.0119,44.04543,44.28318,48.01042,48.50773,52.39275,46.87217,53.15073,50.9902,49.72927,53.14132,53.85165,53.85165,52.55473,53.31041,55.15433,52.55473,53.31041,52.92447,56.79789,53.85165,47.42362,53.85165,52.92447,51.26402,56.64804,54.70832,52.17279,55.08176,59.90826,57.97413,60.87693,57.07013,59.90826,61.61169,57.87055,55.10898,62.16912,64.19502,72.83543,70.85901,64.13267,73.5527,68.44706,69.63476,73.5459,73.97973,75.9276
13.34166,12.36932,11.40175,12.36932,11.40175,11.40175,11.40175,10.77033,11.40175,9.84886,10.77033,10.77033,9.84886,9.84886,9.84886,10.29563,10.29563,8.94427,9.43398,9.43398,9.43398,9.43398,9.43398,9.43398,9.43398,10.0,10.0,9.43398,9.43398,9.43398,9.43398,9.43398,9.43398,8.94427,9.84886,8.94427,8.544,8.544,8.544,8.24621,8.24621,8.24621,7.07107,7.07107,7.07107,6.08276,6.08276,6.0,6.0,5.0,5.0,5.09902,72.34639,65.94695,70.00714,67.94115,67.35726,67.94115,61.52235,65.76473,58.72819,58.0,59.39697,58.0,58.0517,53.8145,54.03702,54.03702,54.20332,53.00943,52.00961,49.40648,55.21775,51.08816,47.41308,47.43416,49.64877,49.73932,47.01064,47.41308,49.73932,51.0,51.31277,53.85165,50.60632,49.64877,49.24429,46.61545,46.04346,47.20169,45.45327,47.50789,46.40043,45.34314,39.59798,39.59798,41.10961,40.31129,36.61967,35.80503,29.68164,33.01515,32.75668,28.84441,26.92582,26.40076,24.69818,26.24881,22.47221,31.04835,33.24154,33.83785,32.31099,36.76955,33.61547,39.35734,34.48188,41.34005,43.26662,44.82187,46.09772,46.40043,51.66237,50.32892,48.9183,52.49762,51.73973,51.08816,50.80354,55.0,55.47071,54.08327,51.62364,54.20332,50.77401,54.70832,54.70832,51.88449,52.69725,49.09175,56.30275,54.3783,53.82379,54.3783,60.0,56.22277,53.90733,59.20304,58.89822,56.63921,58.69412,61.55485,63.63961,62.24147,59.46427,67.88225,65.8559,67.89698,70.76722,67.20863,72.91776,78.56844,65.79514,71.42129,70.17834,72.13876
12.80625,12.80625,12.80625,13.45362,12.04159,12.04159,11.40175,11.40175,11.40175,11.40175,11.40175,10.81665,10.81665,10.81665,10.81665,10.29563,10.29563,10.29563,10.29563,10.29563,10.29563,10.29563,10.29563,10.77033,9.84886,10.77033,10.77033,10.29563,10.29563,9.84886,10.29563,10.29563,10.29563,9.43398,9.43398,9.43398,9.43398,9.21954,9.21954,8.48528,8.48528,7.81025,7.07107,7.07107,7.07107,6.40312,6.40312,6.40312,5.83095,5.83095,5.83095,5.83095,70.06426,68.0,69.11584,63.00794,62.20129,62.03225,61.07373,63.12686,57.03508,59.3043,55.3263,52.61179,58.42089,56.56854,52.46904,54.12947,57.07013,55.08176,53.85165,49.33559,51.26402,48.38388,52.39275,49.64877,48.70318,51.26402,48.33218,51.62364,49.0408,51.89412,46.51881,48.8467,46.8188,46.95743,46.09772,50.59644,46.48656,47.43416,50.0,45.35416,43.93177,45.70558,44.28318,41.30375,42.29657,38.47077,36.0,34.05877,32.01562,32.0,30.0,30.0,30.26549,27.45906,23.5372,21.58703,22.84732,34.1321,33.28663,31.30495,35.8469,37.64306,36.13862,38.07887,37.10795,41.97618,42.75512,41.7732,43.10452,44.18144,50.01,51.0392,47.09565,50.08992,50.01,54.08327,51.47815,55.44367,54.74486,50.80354,54.34151,54.12947,54.74486,51.97115,53.15073,51.78803,55.10898,49.47727,55.3263,52.34501,53.23533,55.22681,54.14795,56.0357,55.08176,56.0803,56.00893,61.03278,60.00833,57.00877,63.00794,60.00833,61.52235,63.63961,62.20129,68.26419,68.26419,68.06614,70.17834,68.11755,66.18912,74.02702,74.43118,74.33034
12.08305,11.7047,10.77033,12.08305,10.77033,10.77033,10.44031,10.44031,9.48683,9.48683,10.44031,10.19804,9.21954,9.21954,9.21954,10.19804,9.05539,9.05539,9.05539,9.05539,9.05539,9.05539,9.05539,9.0,9.05539,9.0,9.0,9.05539,9.05539,9.05539,9.05539,9.05539,8.24621,8.24621,8.24621,8.24621,8.24621,7.61577,7.61577,6.7082,6.7082,6.7082,5.83095,5.83095,5.83095,5.0,5.0,5.0,5.0,4.24264,4.24264,4.24264,73.24616,67.18631,67.6757,68.62215,71.86793,70.00714,65.45991,66.40783,59.46427,59.13544,62.76942,60.00833,57.77543,57.27128,56.85948,55.07268,57.24509,54.56189,57.3062,51.86521,55.47071,48.54894,54.40588,54.3783,51.0392,51.31277,49.81967,51.86521,53.85165,52.40229,50.80354,51.08816,51.31277,54.3783,47.80167,52.15362,52.15362,54.3783,49.64877,48.37355,46.06517,45.69464,44.94441,44.94441,40.16217,40.8534,38.07887,36.40055,34.71311,30.36445,27.89265,31.95309,29.27456,25.17936,24.0,27.01851,21.09502,32.01562,34.20526,33.24154,38.28838,37.01351,36.61967,35.22783,38.83298,42.54409,41.18252,42.04759,47.92703,48.10405,49.39636,50.92151,48.50773,53.16014,50.9902,52.39275,52.63079,51.35173,57.31492,53.46027,54.14795,53.08484,52.7731,51.24451,55.3263,56.14268,57.14018,51.15662,54.45181,55.44367,52.7731,55.9017,55.10898,52.17279,56.51548,57.72348,63.06346,61.40033,56.61272,61.68468,65.14599,62.64184,62.93648,62.76942,64.07808,69.28925,70.00714,65.19202,72.44998,77.16217,65.45991,73.37575,78.43469,71.51224
12.20656,12.20656,11.6619,12.20656,10.81665,10.81665,10.81665,10.81665,10.81665,10.29563,10.29563,10.29563,9.84886,9.84886,9.84886,9.84886,9.84886,9.84886,9.48683,9.48683,9.48683,9.48683,9.48683,9.48683,9.48683,9.48683,9.48683,9.48683,9.48683,9.48683,9.48683,9.48683,9.84886,8.94427,8.94427,8.06226,8.60233,8.06226,7.2111,7.2111,7.07107,7.07107,6.40312,6.40312,5.65685,5.65685,5.65685,5.65685,5.0,4.24264,4.47214,4.47214,72.1734,69.06519,70.17834,65.0,65.19202,66.0303,61.13101,63.00794,62.96825,56.14268,57.31492,57.42822,61.40033,51.66237,54.45181,54.57105,55.08176,50.69517,52.39275,50.28916,53.75872,50.28916,47.42362,49.72927,48.38388,50.92151,50.92151,51.07837,50.32892,48.46648,47.01064,53.48832,47.16991,49.33559,48.46648,46.17359,47.43416,47.43416,47.80167,46.52956,45.70558,41.7732,43.41659,43.41659,40.11234,41.04875,36.01389,36.01389,30.01666,32.06244,31.40064,27.89265,29.61419,28.63564,27.45906,24.73863,20.24846,33.6006,33.83785,36.40055,31.76476,37.12142,38.47077,36.68787,39.21734,43.01163,41.78516,41.59327,45.12206,46.09772,49.49747,52.15362,52.03845,53.08484,51.08816,52.03845,51.24451,53.33854,53.03772,53.08484,49.09175,53.15073,53.15073,51.62364,54.45181,53.33854,50.08992,50.63596,51.15662,51.0392,52.23983,54.45181,55.14526,54.0,59.03389,54.00926,57.21888,59.00847,59.68249,62.39391,61.13101,58.30952,60.20797,64.19502,65.62012,68.593,65.37584,64.13267,71.02112,72.33948,67.60178,72.83543,73.43705,71.25307
13.0384,12.04159,13.0,12.04159,12.04159,11.04536,12.0,11.0,11.0,11.0,11.0,11.0,10.0,10.04988,10.0,11.18034,10.04988,10.19804,9.21954,10.19804,9.21954,10.19804,10.19804,9.21954,10.19804,9.21954,9.21954,10.19804,9.21954,10.19804,9.05539,9.05539,9.05539,9.05539,9.05539,10.04988,9.0,8.06226,8.06226,8.06226,8.06226,7.07107,7.07107,7.07107,6.08276,6.32456,6.32456,5.38516,6.32456,5.38516,5.38516,4.47214,67.80118,72.00694,68.00735,68.00735,69.06519,60.959,65.73431,61.85467,60.46487,55.56978,54.6443,55.56978,58.66856,54.70832,47.70744,56.79789,55.00909,50.9902,48.75449,51.62364,49.0408,51.86521,49.33559,47.29693,45.22168,48.76474,50.21952,49.47727,49.64877,50.44799,47.07441,49.64877,48.50773,45.35416,50.01,47.53946,45.60702,46.57252,46.48656,44.27189,44.38468,46.51881,42.05948,40.70626,38.94868,39.96248,31.90611,35.22783,30.80584,30.80584,31.38471,28.6007,26.1725,25.45584,24.08319,20.51828,19.72308,33.95585,29.12044,35.73514,36.76955,39.35734,35.34119,37.21559,39.96248,43.82921,45.48626,45.27693,49.0408,49.09175,52.40229,48.79549,51.73973,49.51767,50.91169,51.66237,49.40648,50.60632,58.60034,56.0803,53.60037,54.3783,54.03702,53.0,52.69725,55.21775,55.80323,53.90733,53.82379,53.90733,54.03702,55.22681,55.17246,55.31727,58.0517,53.03772,62.28965,55.44367,60.20797,58.79626,64.81512,56.85068,65.45991,64.89992,66.0303,67.95587,68.60029,66.4003,73.23933,71.40028,69.40461,71.61006,71.28113,74.65253
12.20656,12.20656,11.40175,11.6619,10.81665,11.6619,10.81665,10.0,10.0,10.0,10.0,10.0,9.21954,9.21954,9.21954,9.89949,9.89949,8.48528,9.21954,9.21954,8.48528,9.21954,8.48528,8.60233,9.21954,9.21954,9.21954,9.21954,9.21954,8.48528,8.48528,8.48528,8.48528,8.48528,8.60233,8.60233,8.60233,8.06226,7.2111,7.2111,6.7082,6.7082,6.7082,6.32456,6.32456,5.38516,5.38516,5.38516,5.09902,5.09902,5.0,5.0,71.86793,68.70953,74.63243,67.44627,68.00735,67.06713,61.40033,67.6757,58.5235,62.36185,59.03389,58.69412,61.61169,52.17279,55.36244,53.60037,52.61179,50.48762,51.78803,48.25971,59.3043,46.52956,52.00961,49.0,52.15362,50.01,50.03998,52.00961,51.0,52.15362,51.0392,52.08647,47.09565,50.01,47.16991,51.15662,48.01042,45.04442,49.49747,47.07441,45.70558,46.17359,41.0,42.44997,38.8973,36.40055,37.16181,31.30495,31.76476,31.76476,28.6531,28.84441,26.41969,25.80698,24.41311,22.80351,22.02272,30.80584,35.17101,35.22783,36.49658,36.05551,44.04543,38.0,39.01282,44.04543,41.19466,44.91102,48.83646,49.47727,50.0,50.0,46.61545,57.28001,48.75449,55.02727,58.18075,56.85948,57.27128,50.56679,56.35601,56.93856,55.07268,54.70832,57.80138,54.20332,59.48109,52.47857,55.9464,51.42956,54.23099,55.00909,58.60034,57.58472,57.38467,57.93962,57.93962,60.08328,57.72348,65.14599,61.40033,65.80274,62.80127,65.9242,70.61161,65.0,66.21933,70.34202,75.69016,76.24303,67.35726,74.04053,74.04053,71.7844
12.16553,12.36932,12.36932,12.16553,12.16553,11.18034,11.40175,10.44031,11.18034,10.44031,10.44031,10.44031,10.44031,10.44031,10.77033,9.84886,9.84886,9.84886,9.84886,9.84886,9.84886,9.84886,8.94427,10.29563,10.29563,9.84886,9.84886,9.84886,9.84886,9.84886,9.84886,9.84886,9.48683,9.48683,8.24621,8.24621,8.24621,8.24621,8.24621,8.06226,7.07107,7.07107,7.07107,6.0,6.0,6.0,6.0,6.0,5.0,5.0,5.09902,4.12311,73.23933,71.70077,68.41053,65.29931,63.89053,62.62587,62.80127,65.43699,58.82176,55.80323,56.0357,55.47071,56.0357,50.80354,53.0,55.07268,57.3062,53.22593,50.53712,49.65884,49.76947,47.85394,48.70318,49.24429,46.23851,49.39636,46.51881,49.76947,49.76947,48.8467,46.8188,49.98,51.62364,49.64877,46.23851,50.15974,50.53712,47.92703,47.01064,44.94441,41.6173,41.34005,41.6173,41.86884,42.63801,37.53665,36.12478,37.48333,30.0,29.73214,29.20616,28.42534,29.83287,23.02173,24.59675,26.0,25.07987,33.0,32.01562,35.12834,35.90265,37.64306,38.07887,38.62642,35.8469,43.86342,42.48529,45.61798,46.95743,49.1935,51.97115,50.77401,49.40648,53.00943,54.56189,55.21775,54.56189,54.48853,53.74012,53.74012,53.07542,58.0,52.3259,58.0517,57.38467,56.63921,55.17246,54.56189,57.98276,54.48853,51.22499,57.38467,55.22681,49.67897,56.0803,55.31727,60.80296,58.00862,58.82176,61.03278,66.57327,60.80296,66.57327,67.1193,63.28507,71.34424,69.40461,70.72482,74.62573,71.40028,67.1193,70.49113,76.27582,77.20104
10.77033,10.77033,10.77033,10.77033,10.77033,9.84886,9.84886,8.94427,8.94427,8.94427,8.94427,8.94427,9.43398,9.43398,8.60233,8.60233,7.81025,7.81025,7.81025,7.81025,7.81025,8.48528,7.81025,8.48528,8.48528,8.48528,8.48528,8.48528,8.48528,7.81025,7.81025,7.81025,7.81025,7.81025,7.2111,7.2111,7.2111,6.7082,6.7082,6.7082,5.38516,5.38516,5.38516,5.38516,5.09902,4.12311,4.12311,4.12311,4.0,4.0,4.0,3.0,72.11103,70.2282,68.62215,68.62215,68.00735,65.45991,62.64184,65.78754,60.16644,62.29767,55.36244,54.81788,53.16014,57.97413,56.51548,51.62364,56.29387,51.78803,54.74486,51.08816,53.03772,48.50773,51.0098,49.0408,52.15362,51.0098,49.09175,52.0,52.00961,50.0,51.0098,49.0408,48.04165,51.0098,47.0,52.34501,50.08992,49.25444,48.50773,44.91102,43.28972,42.2019,42.44997,38.47077,39.84972,37.10795,34.9285,36.05551,32.64966,26.83282,29.06888,28.17801,27.313,30.23243,23.02173,24.08319,21.40093,34.52535,35.12834,35.0,36.12478,38.20995,35.73514,35.69314,41.97618,40.79216,40.80441,45.88028,44.59821,50.32892,50.53712,49.76947,48.76474,51.47815,53.85165,53.33854,50.24938,53.25411,54.40588,54.40588,53.2635,55.0,54.20332,55.0,55.44367,53.41348,55.47071,49.92995,57.80138,54.40588,56.85948,58.5235,55.56978,56.4358,53.23533,57.70615,58.18075,58.60034,60.92618,62.64982,64.62198,57.93962,58.18935,61.35145,69.64194,70.60453,69.89278,68.94926,69.57011,73.05477,63.56886,77.20104,76.24303,75.28612
12.64911,12.08305,11.7047,11.7047,10.77033,10.77033,11.18034,11.18034,10.29563,10.29563,10.29563,10.29563,9.43398,9.43398,9.43398,10.0,10.0,9.43398,9.21954,9.21954,9.21954,9.21954,9.21954,9.21954,9.21954,9.21954,9.21954,9.21954,9.21954,9.21954,8.60233,8.60233,8.60233,8.60233,8.94427,8.06226,8.94427,7.61577,7.61577,7.61577,6.32456,6.32456,6.32456,6.32456,5.09902,5.09902,5.09902,5.09902,4.12311,4.12311,4.0,4.0,72.42237,72.00694,70.45566,69.33974,72.71864,70.45566,60.46487,64.89992,59.64059,62.76942,59.90826,57.3062,59.68249,55.75841,53.22593,56.79789,55.9464,56.36488,55.4617,53.7122,55.08176,50.28916,52.81098,49.76947,46.48656,48.46648,49.33559,50.69517,51.5461,50.9902,52.63079,50.28916,46.48656,49.47727,47.43416,48.10405,46.23851,47.92703,47.42362,44.77723,47.41308,43.38202,42.19005,40.81666,39.44617,35.22783,37.44329,35.38361,32.20248,33.97058,30.41381,26.24881,26.24881,29.41088,26.24881,24.41311,28.42534,32.06244,32.24903,37.48333,36.87818,38.07887,38.60052,39.56008,40.8534,45.88028,45.61798,46.14109,46.06517,50.08992,51.31277,51.61395,51.86521,53.41348,48.27007,54.81788,52.34501,52.3259,55.9017,55.22681,54.48853,54.56189,59.4138,56.72742,55.31727,51.73973,55.86591,51.62364,54.48853,53.74012,55.17246,54.48853,57.31492,57.31492,56.85068,56.22277,61.61169,57.00877,59.5399,61.05735,63.51378,64.63745,59.94164,62.76942,69.11584,68.24222,71.86793,67.41662,71.58911,76.02631,69.33974,76.32169,76.55064,76.27582
12.08305,12.08305,12.08305,11.7047,11.7047,10.77033,11.18034,10.29563,9.84886,10.29563,9.84886,10.29563,10.29563,9.43398,9.43398,10.0,8.60233,8.60233,9.21954,9.21954,8.60233,9.21954,8.60233,9.21954,10.0,9.21954,9.21954,10.0,9.21954,8.60233,8.60233,9.43398,9.43398,8.60233,8.06226,8.06226,7.61577,7.61577,7.61577,7.28011,7.28011,6.08276,6.08276,6.08276,5.09902,5.0,5.0,5.0,5.0,5.0,4.12311,4.12311,75.27284,68.54196,70.21396,66.7308,68.30813,62.93648,67.72001,63.89053,65.0,52.49762,58.5235,54.40588,58.46366,57.00877,57.28001,52.23983,56.88585,57.42822,52.23983,53.08484,52.03845,52.34501,53.03772,50.08992,51.24451,52.08647,51.24451,52.03845,52.0,53.00943,52.0,53.00943,55.00909,52.03845,50.08992,49.09175,52.08647,52.08647,47.38143,46.69047,45.12206,44.91102,45.35416,38.32754,39.56008,35.8469,36.40055,39.92493,32.75668,29.52965,29.96665,29.15476,27.29469,30.61046,25.55386,21.26029,24.75884,31.38471,32.57299,33.54102,31.57531,36.22154,36.01389,37.12142,40.0125,42.10701,40.60788,43.93177,41.23106,48.83646,50.44799,47.43416,48.70318,49.39636,52.55473,48.75449,49.39636,51.47815,53.22593,49.64877,51.97115,54.08327,54.20332,52.47857,55.00909,53.66563,51.97115,49.24429,49.65884,51.0,54.626,56.36488,55.03635,56.85948,56.0803,54.12947,58.5235,59.80803,61.98387,57.56735,63.78871,59.20304,60.87693,60.08328,66.48308,67.68309,68.68042,68.41053,75.18643,70.60453,64.28841,76.15773,71.30919,72.27724
12.52996,12.52996,12.08305,12.52996,11.18034,11.18034,11.18034,11.18034,10.77033,10.77033,10.77033,10.77033,10.44031,10.44031,10.44031,10.44031,10.19804,9.21954,9.21954,10.19804,9.21954,10.04988,10.19804,10.04988,10.19804,10.19804,10.19804,10.19804,10.04988,10.19804,9.21954,9.21954,9.21954,9.21954,9.48683,9.48683,8.544,8.544,7.61577,7.61577,7.61577,6.7082,6.7082,6.7082,5.83095,5.83095,5.83095,5.83095,5.0,5.0,4.24264,4.24264,72.42237,69.12308,72.73239,69.28925,69.28925,62.64184,61.68468,66.40783,59.09315,62.62587,62.29767,58.18075,57.27128,55.00909,57.38467,57.38467,53.23533,53.7122,56.82429,51.88449,52.69725,51.10773,52.00961,50.47772,51.0392,50.80354,53.82379,50.80354,49.09175,56.22277,52.20153,54.6443,48.25971,51.73973,52.49762,49.09175,51.0392,48.8774,51.10773,45.17743,45.61798,46.23851,45.18849,42.95346,39.21734,39.05125,37.65634,39.56008,33.54102,32.28002,30.41381,29.15476,26.1725,27.07397,28.16026,28.01785,26.30589,36.79674,36.79674,35.60899,40.80441,37.64306,36.35932,39.44617,38.01316,44.77723,42.04759,43.46263,46.61545,51.47815,50.28916,49.64877,48.05206,53.60037,51.62364,51.97115,55.44367,55.10898,53.23533,54.08327,57.21888,57.14018,52.61179,55.0,56.00893,51.15662,55.44367,51.47815,59.5399,52.46904,51.1957,55.7315,54.12947,55.7853,57.07013,58.69412,59.13544,60.87693,63.69458,62.62587,61.09828,63.24555,70.38466,68.15424,66.12866,69.07966,71.69379,68.94926,71.47027,74.0,70.83784,74.09453,73.53911,76.32169
12.52996,12.52996,12.52996,12.52996,12.52996,12.08305,12.08305,11.18034,11.18034,11.18034,11.18034,10.77033,10.77033,10.77033,9.84886,10.44031,10.44031,10.44031,10.44031,10.44031,10.44031,10.19804,10.44031,10.19804,10.19804,10.19804,10.19804,10.19804,10.19804,10.19804,9.48683,10.44031,9.48683,9.48683,9.48683,9.48683,9.84886,8.94427,8.06226,8.06226,8.06226,8.06226,7.2111,7.2111,7.2111,6.40312,6.40312,5.65685,5.65685,5.65685,5.65685,5.0,70.38466,71.47027,70.38466,66.12866,65.9242,62.6099,63.15853,57.24509,60.83584,58.69412,55.07268,55.9464,59.03389,55.9464,55.9017,52.83938,53.7122,50.24938,51.0,52.00961,51.22499,49.81967,47.38143,50.32892,51.08816,50.9902,48.9183,49.51767,48.83646,48.08326,49.67897,48.10405,49.0408,48.9183,48.10405,50.80354,48.60041,49.20366,48.01042,45.60702,43.41659,44.77723,40.8534,42.95346,40.8534,38.48376,36.40055,35.4683,30.67572,30.8707,30.08322,27.51363,25.4951,28.44293,25.07987,22.2036,21.37756,35.38361,31.82766,32.64966,38.28838,35.60899,37.20215,39.44617,39.66106,42.05948,43.82921,44.28318,46.09772,46.8188,48.50773,49.33559,50.44799,52.49762,49.81967,48.05206,50.01,49.64877,57.55867,49.16299,52.00961,56.00893,53.93515,51.47815,57.03508,55.22681,51.78803,49.16299,52.46904,53.23533,55.54278,55.9017,57.48913,52.20153,53.60037,57.48913,55.97321,57.28001,59.23681,56.921,63.15853,62.03225,59.9333,59.9333,62.64982,65.74192,68.44706,68.54196,69.77822,69.35416,72.09022,75.61085,73.82412,72.44998
12.52996,12.52996,11.6619,11.6619,11.6619,10.29563,10.81665,10.81665,10.81665,10.0,10.81665,10.63015,10.0,10.0,9.21954,10.63015,9.89949,9.21954,9.21954,9.21954,9.21954,9.21954,9.21954,9.21954,9.21954,9.21954,10.63015,9.21954,9.21954,9.89949,8.48528,9.21954,9.21954,8.48528,9.21954,9.21954,8.60233,7.81025,7.2111,7.2111,7.2111,6.7082,6.7082,5.83095,5.83095,5.38516,5.38516,5.38516,5.38516,4.12311,4.12311,4.12311,72.01389,69.64194,64.2573,70.5762,74.0,62.96825,66.30988,65.55151,62.29767,57.28001,60.40695,58.94065,61.68468,57.28001,55.7853,56.08921,58.46366,54.58938,50.63596,55.7315,54.45181,54.33231,50.03998,50.80354,48.16638,53.33854,55.03635,51.08816,52.00961,55.00909,51.0392,52.03845,50.08992,50.35871,51.24451,47.67599,48.50773,46.38965,50.69517,50.01,47.07441,46.84015,42.44997,40.5216,40.16217,41.4367,39.39543,35.8469,31.7805,31.30495,31.38471,31.30495,31.241,24.83948,27.20294,25.6125,25.4951,32.01562,35.35534,37.48333,36.05551,35.0,38.11824,37.12142,41.10961,43.56604,43.17407,43.17407,48.50773,46.17359,48.38388,48.10405,49.64877,52.39275,52.0,48.75449,51.47815,51.10773,54.70832,53.0,53.33854,54.3783,54.58938,51.0392,50.77401,52.43091,55.22681,51.62364,52.15362,54.91812,54.20332,55.07268,55.4617,56.35601,56.0803,57.93962,60.40695,57.56735,62.93648,61.09828,63.24555,57.56735,58.24088,63.60031,65.73431,65.78754,71.8401,65.25335,70.34202,68.35203,67.72001,72.8011,73.08215,78.1089
12.04159,12.04159,12.0,12.04159,12.04159,11.04536,11.04536,11.04536,11.04536,11.0,11.0,10.04988,11.04536,10.04988,10.0,10.04988,10.04988,10.04988,10.19804,10.04988,10.04988,10.04988,10.04988,10.19804,10.19804,9.21954,10.04988,10.19804,10.19804,10.04988,10.04988,10.04988,10.04988,9.0,9.0,9.0,9.0,8.0,8.06226,8.06226,7.07107,7.07107,7.07107,6.08276,6.32456,5.38516,5.38516,5.38516,5.38516,5.38516,4.47214,4.47214,69.89278,69.46222,66.61081,66.64833,68.26419,64.49806,65.19202,65.21503,62.43397,56.30275,59.16925,55.47071,58.00862,54.40588,52.00961,56.22277,59.5483,53.2635,54.56189,48.27007,53.03772,53.03772,49.67897,52.34501,50.93133,50.9902,45.96738,53.2635,50.20956,54.56189,48.79549,50.9902,49.49747,48.79549,46.01087,47.63402,50.9902,47.50789,49.67897,44.10215,46.32494,43.04649,46.14109,43.909,41.23106,41.78516,36.40055,36.67424,31.04835,31.57531,30.59412,29.15476,30.41381,28.63564,24.18677,27.01851,23.08679,32.89377,34.78505,34.9285,37.21559,34.98571,39.11521,37.20215,38.28838,41.23106,43.18565,45.27693,43.86342,50.20956,47.42362,49.20366,49.20366,50.60632,51.62364,52.15362,52.7731,55.4617,54.20332,51.42956,53.23533,55.4617,55.07268,52.39275,55.15433,55.00909,50.08992,54.58938,52.7731,55.07268,51.89412,52.35456,54.20332,53.33854,53.85165,54.3783,61.7171,61.58734,62.20129,61.40033,64.81512,59.81639,59.81639,64.66065,63.00794,66.21933,70.60453,66.6033,69.6563,72.67049,66.85058,73.60027,74.4043,74.20243
12.08305,11.7047,11.7047,11.7047,11.7047,10.77033,10.77033,10.77033,9.84886,10.44031,9.48683,9.48683,9.21954,9.21954,9.21954,9.21954,9.21954,9.21954,9.05539,9.05539,9.05539,9.05539,9.05539,9.0,9.05539,9.05539,9.05539,9.05539,9.05539,9.05539,9.21954,9.21954,9.21954,8.24621,8.544,8.544,8.544,7.61577,7.61577,7.61577,7.2111,6.7082,6.7082,5.83095,6.40312,5.65685,5.65685,5.65685,5.65685,5.0,5.0,5.0,67.97794,72.94518,68.09552,63.95311,65.8635,61.26989,64.00781,63.06346,64.41273,57.45433,56.82429,55.9464,58.5235,56.30275,55.0,53.41348,54.40588,55.97321,54.67175,48.41487,50.32892,53.8145,46.75468,48.83646,48.27007,51.66237,50.91169,53.8145,47.38143,51.73973,48.16638,50.93133,52.34501,50.93133,48.79549,46.09772,51.73973,49.67897,45.0,45.0,42.43819,42.54409,44.77723,41.67733,38.91015,39.82462,34.53983,33.54102,33.83785,32.31099,32.01562,29.12044,26.4764,27.45906,24.73863,24.02082,20.0,31.90611,31.90611,29.41088,35.0,38.41875,36.06938,38.41875,36.40055,39.40812,44.82187,41.40048,44.10215,45.79301,48.02083,47.50789,51.07837,49.39636,52.92447,50.56679,50.92151,50.92151,56.08921,51.66237,48.08326,50.21952,50.28916,50.0,52.88667,48.27007,49.72927,46.84015,51.24451,52.49762,49.64877,55.02727,53.31041,54.42426,55.03635,52.3259,59.03389,58.59181,59.94164,58.18075,63.28507,59.9333,58.24946,60.82763,64.66065,65.45991,69.46222,69.40461,71.69379,70.3278,67.08204,67.97794,72.71864,75.71658
13.0,13.0384,12.04159,12.0,12.0,12.0,11.04536,11.04536,11.04536,10.04988,11.04536,11.18034,10.19804,10.19804,10.19804,10.19804,10.19804,10.19804,9.48683,9.21954,9.21954,9.48683,9.21954,9.48683,9.48683,10.44031,10.44031,9.48683,10.44031,9.48683,9.21954,9.21954,9.21954,9.05539,9.05539,9.05539,9.05539,8.0,8.0,8.0,8.06226,8.06226,7.07107,7.07107,7.07107,6.08276,6.32456,6.32456,5.38516,5.38516,5.38516,5.38516,67.17887,68.62215,68.0147,66.06815,63.65532,63.12686,66.70832,65.76473,58.0517,59.4138,57.62812,56.61272,58.60034,52.80152,57.2014,53.25411,57.42822,48.76474,51.61395,49.73932,52.92447,50.60632,48.75449,46.09772,46.51881,48.30114,48.70318,49.65884,52.3259,54.42426,49.65884,50.69517,47.41308,49.64877,50.9902,48.76474,46.95743,46.64762,47.50789,44.94441,46.87217,44.40721,43.13931,39.05125,40.31129,41.01219,35.38361,36.06938,33.30165,29.06888,30.80584,29.83287,27.20294,27.45906,26.0,26.41969,24.69818,31.40064,34.9285,35.73514,37.0,38.91015,41.14608,35.34119,37.12142,41.14608,41.18252,44.40721,45.22168,47.80167,46.01087,48.9183,47.38143,53.74012,47.63402,51.62364,51.08816,50.32892,52.49762,52.20153,54.40588,49.92995,52.43091,52.15362,53.00943,51.0392,54.81788,51.0392,54.6443,51.40039,54.56189,56.63921,54.45181,54.45181,58.0,54.56189,59.39697,58.69412,57.38467,60.82763,59.03389,59.20304,63.25346,62.62587,64.3506,64.2028,66.06815,66.70832,69.52697,73.66139,68.76772,74.33034,75.28612,73.66139
11.7047,11.7047,11.7047,11.7047,10.77033,10.44031,10.44031,10.19804,10.44031,9.21954,10.19804,10.19804,9.21954,9.21954,9.21954,10.04988,9.05539,9.05539,9.05539,9.05539,9.05539,9.0,9.0,9.0,9.0,9.0,9.0,9.05539,9.05539,9.0,9.05539,9.05539,9.05539,8.06226,9.05539,8.24621,8.24621,7.61577,7.61577,7.61577,6.7082,6.7082,6.7082,5.38516,5.83095,5.83095,5.0,5.0,5.0,4.24264,4.24264,4.24264,73.68175,72.8011,67.35726,69.26038,68.68042,62.64184,69.92138,64.56005,61.13101,57.28001,60.16644,58.82176,58.60034,56.64804,56.64804,57.27128,56.85948,50.9902,50.9902,58.30952,55.22681,51.97115,50.21952,50.21952,52.35456,50.11986,53.53504,52.69725,53.53504,53.60037,54.08327,50.24938,51.62364,51.97115,53.82379,48.8774,53.23533,49.64877,50.9902,49.39636,50.28916,47.16991,46.84015,43.41659,41.97618,41.76123,40.02499,38.63936,33.54102,34.23449,35.22783,29.27456,30.01666,25.07987,25.17936,26.1725,25.01999,32.64966,33.01515,33.83785,38.20995,35.38361,37.53665,36.79674,36.05551,40.22437,40.31129,44.72136,43.86342,45.61798,51.62364,45.88028,50.69517,49.0408,50.92151,49.0306,53.93515,54.91812,57.55867,57.27128,53.60037,55.22681,55.22681,50.24938,51.24451,51.78803,53.46027,52.46904,53.33854,53.60037,54.74486,58.24946,52.39275,54.34151,56.04463,56.75385,59.13544,61.68468,60.40695,62.03225,65.0,58.87274,60.92618,62.96825,66.85058,68.02941,74.67262,67.06713,68.15424,70.5762,70.5762,76.55064,77.83315,73.1642
12.04159,11.04536,12.0,11.04536,11.04536,10.04988,10.0,10.0,10.0,10.0,10.0,9.0,10.0,9.05539,9.05539,9.05539,8.06226,9.05539,8.24621,9.21954,8.24621,8.24621,8.24621,8.24621,9.21954,8.24621,8.24621,9.21954,8.24621,8.24621,8.24621,9.21954,9.05539,8.06226,8.06226,8.0,8.0,8.0,7.07107,7.07107,7.07107,6.08276,6.08276,6.08276,5.38516,5.38516,5.38516,5.38516,4.47214,4.47214,4.47214,3.60555,66.6033,71.50524,72.8011,65.19202,67.35726,63.70243,65.29931,67.47592,59.64059,60.44005,59.20304,55.0,54.81788,55.60576,53.60037,53.33854,55.07268,52.35456,48.76474,50.60632,54.12024,51.62364,52.92447,48.46648,49.64877,51.47815,53.48832,53.14132,52.88667,53.48832,51.07837,53.22593,49.1935,55.71355,47.85394,51.0,51.89412,48.30114,51.42956,43.56604,46.32494,44.40721,45.80393,43.60046,41.03657,41.40048,40.45986,34.65545,33.30165,31.40064,26.90725,26.90725,25.4951,25.4951,27.20294,22.36068,22.47221,30.06659,30.59412,35.17101,37.64306,33.24154,37.57659,38.48376,37.57659,40.70626,41.67733,46.04346,45.27693,44.77723,46.61545,46.8615,50.93133,51.62364,48.27007,52.34501,50.20956,50.44799,55.44367,51.85557,54.67175,52.80152,52.40229,52.80152,52.63079,52.43091,54.03702,50.0,54.03702,50.60632,50.9902,53.07542,53.07542,53.03772,54.03702,55.9017,58.13777,60.44005,57.48913,64.03124,64.2028,61.07373,57.80138,64.2028,65.21503,66.4003,66.4003,70.21396,67.6757,71.06335,68.76772,75.21303,73.40981,72.00694
14.21267,15.26434,12.04159,14.76482,13.60147,14.42221,13.89244,11.6619,12.20656,10.29563,11.18034,10.29563,10.29563,9.43398,9.43398,10.0,10.0,8.48528,9.43398,10.63015,10.0,11.31371,11.40175,11.6619,11.6619,12.52996,12.52996,11.6619,10.77033,11.40175,10.29563,10.29563,10.29563,8.60233,9.21954,8.48528,8.48528,9.21954,8.60233,8.60233,7.2111,8.06226,8.06226,6.7082,6.7082,6.32456,6.32456,6.32456,6.32456,4.12311,5.09902,4.0,68.00735,64.84597,61.84658,62.29767,68.60029,76.65507,70.25667,43.27817,59.20304,62.96825,67.08204,60.60528,62.64982,52.81098,51.24451,51.07837,49.0408,52.7731,52.47857,57.28001,59.03389,46.01087,45.60702,44.04543,26.83282,52.17279,40.22437,33.83785,48.01042,59.66574,54.3783,39.84972,60.10824,48.8467,45.61798,49.92995,47.85394,37.69615,49.64877,45.12206,48.08326,43.08132,44.38468,39.29377,40.26164,38.07887,33.37664,33.73426,35.01428,32.38827,28.86174,31.14482,28.28427,18.43909,13.34166,21.0238,23.08679,34.9285,33.61547,33.83785,35.4683,38.28838,35.60899,33.30165,36.79674,39.69887,40.36087,41.34005,41.6173,46.87217,48.02083,46.64762,50.08992,44.28318,50.15974,46.09772,49.39636,48.8467,52.49762,54.12024,48.70318,49.81967,54.57105,52.17279,50.9902,51.1957,50.96077,52.63079,48.76474,49.33559,51.66237,53.45091,55.65968,55.02727,53.31041,52.39275,56.85948,57.77543,58.59181,57.58472,61.32699,55.03635,63.52952,60.41523,62.17717,66.64833,68.44706,65.30697,71.30919,73.53911,65.30697,69.46222,70.68239,67.54258
12.64911,13.0,12.08305,11.7047,10.77033,11.7047,11.18034,11.18034,10.77033,10.29563,10.29563,10.29563,10.29563,9.43398,9.43398,10.0,10.0,10.0,9.21954,9.21954,9.21954,9.21954,9.21954,9.21954,9.21954,9.21954,9.21954,9.21954,9.21954,9.21954,8.60233,9.21954,8.60233,8.60233,9.43398,8.94427,8.94427,8.06226,7.61577,7.61577,7.28011,7.28011,7.28011,6.32456,6.08276,6.08276,6.08276,6.08276,5.09902,5.0,5.0,5.0,68.96376,69.89278,71.56815,67.91171,68.41053,64.84597,60.41523,64.03124,52.88667,61.18823,58.85576,55.7315,57.21888,50.24938,53.75872,55.44367,52.23983,52.03845,49.16299,50.03998,53.23533,51.0,50.01,48.04165,47.01064,50.08992,49.25444,53.08484,48.04165,50.15974,48.01042,51.24451,48.04165,49.25444,49.09175,48.04165,47.04253,46.01087,48.09366,45.0,45.89118,44.72136,40.26164,39.31921,38.07887,37.94733,36.40055,33.83785,31.7805,30.08322,26.92582,28.63564,26.0,23.70654,23.85372,23.02173,22.62742,33.83785,30.59412,31.7805,34.05877,36.01389,38.0526,37.01351,38.11824,44.10215,40.31129,44.72136,44.14748,47.80167,45.88028,50.0,49.98,52.20153,51.07837,55.71355,52.0,51.89412,54.12947,51.0,52.15362,53.85165,51.89412,52.15362,53.7122,51.97115,52.7731,50.08992,53.22593,49.65884,53.7122,53.7122,50.69517,54.42426,55.71355,56.64804,58.5235,60.08328,57.72348,64.53681,63.32456,65.0,61.39218,65.96969,64.62971,67.26812,66.28725,66.76077,69.64194,70.88018,64.32729,72.03471,73.24616,71.58911
13.0384,13.0384,12.04159,12.04159,12.04159,12.04159,12.04159,11.04536,11.04536,11.0,11.0,11.0,10.0,10.0,10.0,11.04536,10.04988,10.04988,10.04988,10.19804,10.04988,10.19804,10.19804,9.21954,10.19804,10.19804,10.19804,10.19804,10.19804,10.19804,9.05539,10.04988,10.04988,9.05539,10.0,9.0,9.0,9.05539,8.06226,8.06226,8.06226,8.06226,7.28011,7.28011,7.28011,6.32456,6.32456,5.38516,5.38516,5.38516,5.83095,5.0,72.24957,69.42622,67.17887,67.17887,66.6033,60.959,63.03174,61.52235,59.4138,58.69412,56.72742,56.85068,59.5483,52.80152,51.62364,56.30275,56.85948,51.61395,48.25971,52.47857,52.35456,49.73932,46.51881,46.51881,48.76474,49.73932,47.16991,49.98,47.16991,51.07837,50.15974,49.39636,46.06517,49.24429,49.76947,46.64762,47.01064,47.88528,47.50789,47.01064,44.94441,43.56604,40.60788,37.20215,41.86884,39.62323,34.20526,36.06938,31.241,29.69848,29.69848,25.4951,24.41311,26.92582,24.08319,21.9545,23.76973,35.34119,36.05551,33.61547,32.44996,35.80503,36.40055,37.01351,38.94868,44.55334,43.13931,42.63801,46.2277,53.07542,51.22499,48.01042,49.39636,51.86521,49.64877,53.0,52.83938,50.53712,57.24509,53.23533,54.56189,52.80152,54.58938,52.3259,58.60034,52.3259,55.9017,50.08992,50.08992,55.47071,55.9464,56.0803,57.42822,57.68882,56.85068,54.40588,59.66574,59.20304,63.70243,62.93648,62.28965,65.76473,60.1415,65.06919,65.11528,65.19202,70.71068,68.593,71.44928,74.27651,70.03571,72.83543,72.18033,72.91776
13.0,13.0,12.52996,12.08305,12.08305,11.7047,11.18034,11.18034,11.18034,10.29563,10.77033,10.29563,10.29563,10.29563,9.43398,10.81665,10.0,10.0,9.21954,10.0,10.0,10.0,10.0,9.21954,10.0,10.0,10.0,10.0,9.21954,10.0,9.43398,9.43398,9.43398,9.43398,8.94427,8.94427,8.544,8.544,8.544,7.28011,8.24621,7.28011,7.28011,7.07107,6.08276,6.08276,6.0,6.0,6.0,5.0,5.09902,5.09902,72.8011,66.40783,68.96376,65.52099,67.91171,66.76077,63.06346,63.32456,58.5235,57.00877,56.51548,56.08921,58.0517,52.7731,51.1957,52.08647,52.95281,55.08176,47.16991,50.08992,54.00926,49.09175,50.08992,50.01,48.09366,47.04253,49.0408,50.15974,48.01042,53.46027,51.0098,53.15073,47.26521,48.01042,51.0098,47.04253,48.01042,47.04253,44.40721,45.70558,44.28318,46.52956,41.0,40.79216,39.05125,36.87818,37.33631,37.64306,32.20248,27.313,30.8707,31.01612,24.16609,25.05993,23.85372,23.02173,26.90725,33.73426,33.01515,32.24903,37.0,37.01351,34.52535,37.33631,38.47077,40.26164,44.64303,42.44997,45.12206,48.27007,48.38388,50.69517,47.75982,54.56189,52.80152,48.75449,55.56978,53.33854,54.70832,53.25411,51.97115,52.15362,52.15362,55.56978,54.70832,51.31277,51.97115,50.24938,53.82379,50.53712,54.12024,52.7731,55.03635,54.23099,56.46238,57.38467,61.13101,58.5235,59.43904,61.98387,62.36185,63.78871,65.96969,65.80274,65.25335,69.857,68.96376,68.88396,72.78049,73.37575,69.64194,75.0,72.12489,71.56815
13.15295,13.15295,12.16553,12.16553,12.16553,11.18034,11.04536,11.04536,11.04536,11.04536,11.04536,11.0,10.0,10.0,10.0,11.04536,10.04988,10.04988,10.04988,10.04988,10.04988,10.04988,10.04988,9.21954,10.04988,10.19804,10.19804,10.04988,10.04988,10.04988,9.05539,9.05539,9.0,9.0,9.0,9.0,9.0,8.06226,8.06226,8.06226,8.06226,7.07107,7.28011,6.08276,6.32456,6.32456,6.32456,5.38516,5.38516,5.38516,5.38516,4.47214,70.80254,67.42403,69.63476,64.40497,68.50547,64.63745,63.41136,64.40497,60.20797,61.03278,57.48913,57.80138,55.31727,51.73973,55.17246,55.31727,55.22681,51.66237,49.49747,50.0,51.22499,50.32892,48.54894,47.01064,44.68781,48.9183,47.43416,46.87217,51.0392,48.8774,51.0392,52.47857,45.60702,47.50789,47.43416,46.8615,50.44799,49.20366,46.69047,43.86342,45.96738,41.03657,38.28838,37.64306,38.18377,37.64306,35.35534,34.0,33.28663,29.15476,27.45906,29.20616,27.45906,23.08679,26.0,22.36068,19.41649,34.66987,35.22783,31.62278,38.28838,37.48333,37.01351,40.36087,39.59798,40.60788,40.0,47.80167,43.82921,51.62364,50.47772,50.11986,50.08992,54.58938,51.88449,53.66563,53.14132,52.0,54.78138,52.0,54.42426,55.36244,52.55473,53.16014,52.20153,53.45091,56.64804,51.26402,52.39275,53.85165,55.9464,56.46238,54.56189,55.00909,57.3062,58.66856,57.80138,61.29437,59.40539,62.42596,66.0303,62.42596,60.30755,63.41136,67.80118,65.21503,70.0,69.02898,74.51845,73.23933,67.42403,72.40166,71.28113,73.81734
11.40175,11.18034,10.19804,11.40175,10.19804,10.19804,10.04988,10.04988,10.04988,9.05539,9.05539,10.0,9.0,9.0,9.0,9.0,9.05539,8.0,9.05539,9.05539,9.05539,9.05539,9.05539,8.06226,9.05539,9.05539,9.21954,9.05539,9.05539,8.06226,8.0,8.0,8.0,8.0,8.0,8.0,8.06226,7.07107,7.07107,7.07107,6.32456,6.32456,5.38516,5.38516,5.38516,5.38516,5.38516,4.47214,4.47214,3.60555,3.60555,3.60555,72.23573,72.61543,68.02941,68.942,67.97794,60.83584,64.41273,64.4748,62.17717,56.4358,59.03389,56.35601,60.03332,57.14018,51.97115,52.49762,53.0,55.80323,54.6443,51.73973,54.45181,50.60632,46.69047,47.42362,50.32892,53.15073,48.16638,51.73973,53.07542,53.07542,50.24938,52.3259,52.34501,51.62364,49.51767,51.22499,48.41487,51.31277,46.04346,46.87217,44.94441,43.82921,42.94182,42.19005,40.71855,38.48376,34.0147,39.81206,29.52965,29.73214,29.15476,28.44293,27.65863,26.01922,25.31798,22.09072,24.02082,36.23534,31.241,33.94113,36.23534,35.60899,34.82815,37.20215,40.22437,43.26662,42.43819,41.67733,45.17743,46.95743,49.1935,47.12749,48.76474,52.20153,50.92151,47.12749,47.85394,50.80354,54.58938,52.46904,48.6621,55.7315,55.36244,53.93515,53.36666,50.21952,50.69517,52.63079,53.15073,51.97115,52.95281,55.02727,55.36244,53.75872,57.77543,56.46238,60.83584,60.41523,57.70615,59.09315,64.49806,59.9333,61.58734,63.52952,64.89992,67.1193,68.02941,69.83552,71.19691,77.38863,68.26419,73.3553,70.23532,76.05919
13.15295,13.15295,12.16553,12.36932,12.16553,12.16553,11.18034,11.18034,11.18034,11.04536,11.04536,11.0,10.04988,10.04988,10.04988,11.0,10.0,10.0,10.0,10.0,10.0,10.0,10.0,10.04988,10.04988,10.04988,10.04988,10.0,10.0,10.0,10.0,10.0,10.04988,9.05539,10.04988,9.05539,9.05539,8.24621,8.24621,8.24621,7.28011,7.28011,7.61577,7.61577,6.7082,6.7082,6.7082,5.83095,5.83095,5.83095,5.83095,5.0,70.72482,68.50547,71.56116,65.80274,66.8431,64.63745,59.40539,60.80296,58.5235,60.959,58.60034,56.58622,57.48913,51.85557,49.51767,53.15073,58.0,51.66237,50.91169,50.44799,55.21775,48.9183,52.00961,47.01064,48.41487,49.81967,51.31277,48.25971,52.63079,50.77401,49.92995,50.77401,46.64762,52.20153,49.40648,49.67897,51.22499,49.40648,47.38143,43.93177,48.08326,46.69047,43.01163,43.41659,37.80212,39.40812,38.27532,37.58989,30.0,29.52965,29.52965,26.83282,25.07987,22.13594,24.35159,25.63201,23.34524,33.54102,33.12099,34.98571,34.82815,32.01562,40.31129,37.48333,36.87818,41.7732,39.62323,42.80187,45.45327,46.61545,48.54894,46.32494,49.39636,53.33854,51.42956,48.76474,49.65884,51.26402,56.64804,49.39636,55.36244,53.14132,53.22593,50.28916,51.26402,49.98,51.89412,50.69517,58.18075,53.31041,52.55473,55.4617,54.70832,56.0803,56.30275,54.20332,57.42822,59.36329,57.80138,61.40033,57.42822,61.40033,66.70832,64.81512,66.06815,66.21933,63.25346,69.2026,73.24616,70.80254,65.80274,75.0,76.844,72.8011
11.6619,11.6619,11.6619,10.81665,10.81665,10.81665,10.81665,10.81665,10.0,10.0,10.0,10.0,9.21954,9.21954,9.21954,9.89949,9.21954,9.21954,9.21954,9.21954,9.21954,9.21954,9.21954,8.60233,9.21954,10.0,9.21954,9.21954,9.21954,9.21954,9.21954,9.21954,8.48528,8.48528,9.21954,9.21954,8.60233,7.81025,7.81025,7.2111,7.2111,7.2111,6.7082,5.83095,5.83095,5.38516,5.38516,5.38516,4.47214,4.47214,4.12311,4.12311,76.92204,65.9242,70.2282,66.21178,68.94926,65.55151,61.09828,62.03225,57.00877,62.96825,61.03278,56.921,61.35145,49.47727,51.92302,54.74486,57.07013,56.32051,57.87055,52.17279,57.70615,52.46904,51.15662,49.25444,49.36598,54.33231,50.15974,48.09366,50.0,54.08327,56.0,58.03447,48.09366,51.15662,46.04346,52.34501,47.85394,51.35173,53.93515,49.24429,45.12206,45.35416,44.64303,45.12206,42.37924,40.16217,40.31129,34.53983,34.0147,34.53983,31.38471,27.29469,29.15476,28.6007,25.94224,29.83287,27.58623,34.1321,35.01428,33.06055,37.12142,32.14032,33.13608,36.87818,40.26164,43.9659,40.26164,46.48656,43.68066,48.08326,52.55473,47.92703,46.52956,51.88449,50.60632,50.11986,49.20366,48.25971,53.60037,49.64877,49.92995,52.43091,53.85165,53.2635,54.91812,49.64877,53.82379,47.20169,56.30275,50.77401,51.62364,52.47857,58.83026,51.47815,55.03635,56.85948,56.46238,62.76942,57.93962,60.41523,60.53924,62.29767,63.90618,69.89278,66.48308,71.16881,66.09841,66.76077,73.76313,77.16217,64.07808,71.06335,72.8011,69.64194
12.04159,11.04536,11.18034,11.04536,11.04536,10.04988,10.19804,10.19804,10.19804,10.19804,9.21954,9.21954,9.21954,9.21954,9.21954,9.48683,8.544,8.544,8.544,8.94427,8.544,8.94427,8.544,8.94427,9.84886,8.94427,8.94427,8.94427,8.94427,8.544,8.544,9.48683,9.48683,8.544,8.24621,8.24621,8.06226,8.06226,7.0,7.07107,7.0,6.0,7.0,6.0,5.0,5.09902,5.09902,5.09902,5.09902,4.47214,4.47214,4.47214,71.69379,74.20243,66.57327,62.76942,66.88797,60.74537,67.23095,66.37017,59.68249,56.60389,54.58938,55.56978,55.47071,58.60034,54.12947,53.22593,57.38467,54.23099,52.92447,55.71355,52.49762,52.20153,48.05206,52.63079,51.5461,51.66237,50.0,54.12947,51.41984,51.97115,50.69517,50.44799,56.75385,48.6621,50.0,49.98,51.66237,50.28916,51.07837,44.28318,46.61545,47.50789,43.41659,42.54409,39.44617,40.22437,39.66106,37.44329,33.01515,30.61046,29.06888,24.83948,26.40076,26.90725,25.4951,22.80351,21.9545,31.01612,31.14482,34.71311,35.69314,38.60052,32.89377,37.0,37.33631,39.0,42.94182,40.81666,43.41659,47.01064,47.88528,44.40721,49.40648,49.40648,49.57822,49.57822,49.57822,49.51767,52.34501,53.07542,52.34501,51.73973,53.03772,48.41487,50.9902,50.20956,52.34501,53.07542,55.9017,50.93133,50.9902,50.93133,51.73973,54.03702,54.67175,52.49762,56.61272,56.0357,58.83026,60.21628,64.89992,57.98276,55.9464,61.91123,63.28507,63.13478,66.03787,65.36819,70.3278,65.73431,70.17834,73.57309,72.20111,71.34424
12.20656,11.40175,11.40175,12.20656,11.40175,10.0,10.63015,10.63015,10.0,9.21954,9.21954,9.89949,9.89949,9.89949,9.89949,9.21954,9.21954,8.60233,8.60233,9.21954,8.60233,8.60233,8.60233,8.60233,9.21954,8.60233,8.60233,9.43398,9.43398,8.60233,9.21954,9.21954,9.21954,8.48528,7.81025,8.48528,7.81025,7.81025,7.2111,7.2111,7.2111,6.40312,5.83095,5.83095,5.83095,4.47214,5.38516,4.47214,4.12311,4.12311,4.12311,4.0,75.16648,66.61081,71.02816,69.35416,62.80127,68.11755,61.03278,69.58448,59.13544,62.20129,58.00862,55.00909,59.00847,54.00926,58.03447,55.14526,59.13544,55.3263,56.14268,48.25971,53.93515,51.15662,52.46904,53.15073,53.15073,53.75872,49.81967,53.75872,51.47815,52.39275,50.63596,59.4138,49.25444,53.93515,48.50773,56.56854,52.34501,51.47815,51.0392,50.03998,44.04543,42.04759,46.27094,46.69047,43.56604,40.02499,36.40055,39.45884,34.20526,30.67572,30.80584,28.4605,30.08322,24.16609,29.15476,26.40076,25.23886,31.38471,35.35534,33.54102,38.07887,34.20526,39.29377,39.84972,41.23106,40.31129,39.05125,44.0,45.01111,48.04165,48.01042,53.08484,45.01111,54.33231,48.37355,52.34501,50.9902,53.60037,55.54278,49.24429,53.36666,54.34151,54.34151,49.24429,55.36244,52.88667,57.28001,47.80167,55.08176,54.34151,54.12947,53.75872,53.60037,50.9902,54.33231,58.42089,59.07622,65.19202,59.00847,61.40033,62.07254,62.03225,66.00758,65.03076,63.03174,71.0,66.0303,72.06247,73.02739,75.10659,69.02898,77.0,79.02531,75.00667
12.80625,12.80625,12.80625,12.80625,12.04159,12.04159,12.04159,11.31371,11.31371,11.31371,11.31371,10.63015,10.63015,10.63015,10.63015,11.40175,10.0,10.0,10.0,10.0,10.0,10.81665,10.0,10.81665,10.81665,10.29563,10.81665,10.81665,10.81665,10.81665,10.0,10.0,10.63015,9.21954,9.21954,9.21954,9.21954,9.21954,8.48528,7.81025,7.81025,7.81025,7.2111,7.2111,7.2111,5.83095,5.83095,5.83095,5.83095,5.38516,5.38516,5.38516,73.82412,69.05071,70.34913,63.3877,69.02898,64.19502,64.62971,69.26038,59.3043,59.13544,60.20797,58.00862,60.07495,57.0,53.00943,55.03635,58.07753,55.22681,57.00877,48.25971,53.60037,48.09366,50.9902,50.48762,49.36598,53.15073,47.07441,51.62364,53.93515,52.88667,52.95281,52.7731,50.48762,52.95281,50.80354,51.0392,49.64877,49.49747,50.03998,46.17359,45.04442,44.01136,43.01163,42.0119,40.11234,37.21559,38.32754,36.87818,33.95585,31.32092,28.4605,31.95309,28.17801,25.63201,27.78489,24.18677,24.41311,33.24154,36.87818,35.17101,39.29377,40.4475,37.12142,37.21559,43.10452,43.01163,41.19466,44.04543,46.09772,51.24451,50.35871,52.95281,46.87217,55.31727,53.16014,56.04463,51.66237,53.75872,55.97321,53.14132,52.20153,57.93962,54.40588,54.78138,57.38467,51.5461,54.08327,52.20153,55.36244,53.45091,54.40588,56.04463,58.46366,53.93515,58.54912,56.29387,63.50591,65.76473,60.40695,63.3877,65.27634,61.40033,61.29437,64.07027,64.19502,68.35934,67.18631,68.35934,72.06247,74.67262,67.06713,77.05842,78.40918,73.10951
11.40175,11.40175,11.40175,11.40175,10.63015,10.0,10.0,9.43398,10.0,9.43398,9.43398,9.43398,9.43398,9.43398,9.43398,8.94427,8.94427,8.94427,8.544,8.544,8.544,8.544,8.544,8.544,8.544,8.544,8.544,8.544,8.94427,8.544,8.94427,8.94427,8.06226,8.06226,8.06226,8.06226,7.81025,7.81025,6.40312,6.40312,6.40312,6.40312,5.65685,5.65685,5.0,5.0,5.0,5.0,4.47214,4.47214,4.47214,3.16228,69.11584,72.44308,65.76473,68.35934,69.63476,62.39391,65.62012,60.40695,61.52235,55.3263,57.70615,60.67125,60.41523,57.97413,51.97115,53.75872,60.16644,55.65968,49.64877,54.23099,52.92447,49.98,46.51881,51.47815,51.62364,50.32892,49.76947,48.33218,47.92703,52.35456,51.42956,51.47815,52.80152,49.1935,47.92703,46.8188,47.53946,49.0408,46.84015,46.84015,46.32494,43.17407,41.59327,40.60788,38.47077,40.31129,32.14032,37.01351,35.01428,32.01562,30.0,29.01724,32.06244,29.42788,23.5372,24.35159,23.76973,30.80584,33.61547,37.21559,33.54102,38.27532,34.53983,35.73514,41.48494,44.38468,39.45884,43.73786,45.12206,47.51842,48.50773,47.16991,49.09175,48.01042,54.00926,49.0102,48.01042,47.01064,54.08327,57.21888,51.47815,54.58938,55.3263,54.23099,49.64877,53.33854,50.15974,50.24938,51.24451,52.15362,54.08327,52.08647,56.00893,53.08484,57.00877,56.00893,59.21149,59.13544,61.81424,55.44367,65.76473,57.31492,57.27128,62.514,64.77654,66.91039,69.46222,68.26419,74.52516,69.2315,63.95311,75.31268,68.593,72.44308
12.04159,10.63015,12.04159,11.40175,11.40175,10.0,9.89949,9.89949,9.89949,9.89949,9.89949,9.21954,9.21954,9.21954,9.21954,9.43398,8.60233,8.60233,8.60233,8.60233,8.60233,9.43398,8.60233,8.60233,9.43398,8.60233,8.60233,9.43398,8.60233,9.43398,7.81025,8.60233,8.60233,7.81025,7.81025,8.48528,7.07107,7.2111,7.2111,6.40312,6.40312,6.40312,5.83095,5.0,5.0,4.47214,5.38516,4.47214,4.12311,4.12311,4.12311,4.12311,73.5527,74.54529,72.44308,65.76473,67.47592,63.3877,63.50591,61.20457,60.29925,57.31492,56.08921,57.48913,56.51548,54.81788,54.57105,56.04463,57.72348,53.16014,51.5461,49.64877,52.49762,50.32892,54.23099,53.31041,50.69517,51.07837,49.64877,53.85165,49.39636,53.22593,49.76947,51.07837,50.32892,52.39275,49.64877,51.92302,49.64877,48.70318,50.96077,44.72136,48.05206,43.18565,45.54119,40.1995,42.42641,40.60788,40.04997,39.20459,30.01666,29.01724,28.07134,28.01785,28.01785,26.68333,28.86174,23.08679,24.35159,34.71311,35.0,35.8469,37.44329,35.77709,33.12099,35.8469,40.49691,41.23106,42.05948,44.91102,43.41659,44.38468,49.81967,48.37355,49.81967,49.49747,52.03845,53.03772,50.24938,52.15362,52.0,51.0,51.0098,55.22681,54.03702,51.15662,49.49747,53.15073,54.00926,50.03998,56.0,55.03635,52.00961,54.08327,51.08816,54.33231,56.32051,52.61179,57.70615,60.29925,60.20797,61.0,62.96825,56.56854,60.01666,56.51548,65.96969,66.70832,68.44706,68.88396,69.857,68.593,68.88396,72.69113,71.80529,70.21396
12.80625,12.20656,12.80625,12.80625,12.80625,11.40175,10.81665,10.81665,10.81665,10.81665,10.81665,10.29563,10.81665,10.81665,10.29563,10.77033,9.84886,9.84886,9.84886,9.84886,9.84886,9.84886,9.84886,9.84886,10.77033,9.84886,10.44031,9.84886,9.84886,9.84886,10.29563,9.84886,10.29563,9.43398,9.43398,9.43398,9.43398,9.21954,9.21954,7.81025,7.81025,7.81025,8.48528,7.07107,7.07107,5.65685,6.40312,6.40312,6.40312,5.83095,5.83095,4.47214,69.2315,74.95332,65.25335,65.9242,69.42622,62.58594,69.2315,65.11528,65.96969,55.54278,57.72348,53.45091,56.32051,61.98387,53.16014,52.0,55.15433,52.55473,50.56679,53.31041,51.0,51.42956,44.29447,52.35456,52.35456,56.82429,52.15362,50.24938,49.24429,50.77401,48.30114,51.88449,53.23533,49.1935,53.33854,48.8467,52.35456,52.0,48.46648,44.28318,46.17359,43.68066,43.93177,42.2019,42.57934,39.31921,36.87818,40.11234,31.257,29.01724,30.01666,29.01724,26.30589,25.07987,27.01851,27.45906,24.04163,37.80212,31.82766,36.76955,38.28838,35.8469,33.28663,37.73592,39.82462,42.15448,45.18849,48.8467,48.38388,50.69517,50.28916,46.57252,50.21952,48.6621,52.23983,50.80354,52.34501,54.08327,56.14268,57.07889,54.08327,53.08484,56.14268,52.03845,55.00909,55.00909,56.0803,55.03635,52.03845,55.03635,57.14018,55.9017,55.22681,56.7186,55.57877,56.7186,60.63827,54.34151,58.94065,61.39218,64.7611,55.08176,63.90618,63.60031,64.84597,68.30813,74.33034,66.4906,68.30813,65.80274,68.68042,75.58439,67.91171,71.56815
12.52996,11.18034,11.6619,11.18034,11.18034,11.18034,11.18034,10.29563,10.29563,10.81665,10.81665,10.81665,10.0,10.0,10.0,9.89949,9.21954,9.21954,8.48528,9.89949,9.21954,9.21954,9.21954,9.21954,9.21954,9.89949,9.89949,9.89949,9.21954,9.89949,8.48528,9.89949,9.21954,9.21954,9.21954,8.60233,8.60233,8.06226,8.06226,7.2111,7.61577,6.7082,6.7082,6.32456,6.32456,6.32456,6.32456,5.09902,5.09902,5.09902,5.0,5.0,68.06614,71.16881,70.85901,65.30697,65.30697,65.96969,63.78871,66.91039,56.88585,57.21888,58.21512,60.29925,59.21149,52.0,51.08816,54.0,52.00961,52.08647,50.01,52.23983,53.33854,53.15073,49.49747,49.0408,50.24938,50.48762,46.27094,49.81967,49.25444,52.7731,51.62364,50.80354,51.78803,52.61179,52.61179,49.16299,48.16638,49.09175,50.03998,50.01,44.04543,46.09772,41.10961,41.04875,41.30375,37.85499,37.85499,37.65634,34.78505,30.36445,33.24154,29.15476,24.59675,25.07987,25.05993,26.83282,22.02272,31.32092,35.35534,35.51056,37.65634,33.13608,40.0125,38.01316,43.04649,42.29657,43.04649,44.72136,44.91102,49.81967,45.88028,49.72927,48.70318,50.0,50.69517,54.42426,50.15974,54.12947,53.66563,55.47071,53.22593,56.46238,52.7731,51.47815,57.3062,51.97115,52.35456,48.75449,56.36488,53.31041,54.56189,52.92447,57.93962,53.45091,55.36244,55.36244,56.75385,58.5235,57.27128,60.20797,56.88585,59.84146,62.80127,62.16912,64.62971,63.95311,64.32729,63.34824,69.35416,71.84706,68.24954,71.19691,72.83543,72.18033
11.6619,11.6619,10.81665,11.6619,10.81665,10.81665,10.81665,10.0,10.0,10.0,10.0,9.21954,10.0,9.21954,9.21954,9.89949,9.21954,8.48528,9.21954,9.21954,8.48528,9.21954,8.48528,9.21954,9.21954,9.21954,9.21954,9.89949,9.21954,9.21954,9.21954,9.21954,9.21954,9.21954,8.60233,7.81025,8.60233,8.06226,7.2111,7.2111,6.7082,6.7082,6.7082,5.38516,5.38516,5.38516,5.09902,5.09902,5.09902,5.0,4.0,4.0,74.52516,64.32729,70.21396,68.88396,63.63961,65.11528,65.9242,63.78871,64.28063,61.66036,56.7186,56.0803,57.03508,57.14018,54.03702,56.0,60.00833,56.0803,56.0,53.00943,50.15974,54.45181,54.33231,54.34151,53.33854,51.24451,49.36598,56.08921,53.75872,51.66237,53.60037,53.93515,51.47815,51.78803,49.36598,53.15073,55.03635,52.15362,54.08327,47.0,46.01087,49.0408,47.16991,46.27094,43.73786,39.62323,35.69314,37.10795,36.49658,32.57299,34.0147,28.4605,32.57299,24.69818,30.08322,26.92582,22.82542,29.41088,34.48188,34.36568,34.36568,36.22154,35.12834,39.0,40.0125,40.04997,44.28318,45.17743,45.54119,52.23983,49.36598,44.91102,47.29693,50.0,48.08326,52.20153,51.07837,51.86521,52.39275,54.626,56.46238,51.89412,53.85165,50.53712,51.42956,50.32892,51.62364,48.46648,54.626,57.77543,52.49762,53.75872,53.45091,53.85165,57.48913,57.72348,56.29387,58.46366,57.70615,61.18823,63.63961,57.48913,62.20129,60.20797,62.514,66.48308,69.72087,71.25307,69.11584,70.40597,65.9242,73.82412,72.69113,76.53104
11.40175,10.81665,10.81665,10.81665,10.81665,10.0,10.29563,9.43398,10.29563,9.43398,10.29563,9.84886,8.94427,8.94427,8.94427,9.48683,8.544,8.544,8.544,9.48683,8.544,9.21954,8.24621,9.21954,9.21954,9.21954,9.21954,9.21954,9.21954,9.21954,8.544,8.544,8.544,8.544,8.544,8.544,7.61577,8.06226,7.2111,7.2111,6.7082,5.83095,6.40312,5.83095,5.0,5.0,5.0,4.24264,4.24264,4.24264,3.60555,3.60555,77.87811,68.35203,73.1642,70.93659,64.07808,61.09828,67.53518,65.79514,65.30697,57.69749,61.7171,57.69749,57.45433,55.00909,58.59181,56.85948,59.36329,53.0,54.91812,53.15073,54.56189,52.80152,55.31727,51.22499,52.63079,50.20956,53.74012,55.9017,51.66237,49.51767,51.66237,52.34501,53.07542,53.74012,54.56189,53.15073,52.49762,49.67897,51.61395,47.01064,44.10215,49.64877,44.77723,47.50789,41.23106,39.11521,37.58989,38.48376,34.17601,29.96665,31.04835,29.41088,31.04835,29.61419,29.83287,24.73863,25.01999,31.40064,32.52691,33.97058,37.53665,35.80503,35.35534,35.22783,38.27532,41.18252,42.94182,45.31004,47.53946,46.61545,46.23851,48.38388,50.69517,50.96077,49.0306,49.24429,54.74486,52.23983,56.56854,53.46027,55.57877,52.23983,53.08484,51.08816,52.23983,51.15662,53.46027,47.38143,51.47815,50.63596,52.39275,52.17279,51.1957,51.66237,51.24451,53.75872,53.75872,59.48109,56.85948,56.0803,59.23681,57.27128,59.94164,62.76942,66.21178,66.30988,67.54258,67.1193,68.96376,66.48308,67.23095,75.58439,72.00694,76.02631
12.80625,12.80625,12.04159,12.04159,12.04159,12.04159,11.31371,11.31371,11.31371,10.63015,11.31371,10.63015,10.63015,10.63015,10.0,10.0,10.0,10.0,9.43398,9.43398,9.43398,9.43398,9.43398,9.43398,9.43398,9.43398,10.29563,10.29563,9.43398,10.29563,9.43398,9.43398,10.0,8.60233,9.21954,9.21954,9.21954,8.48528,7.81025,7.81025,7.81025,7.81025,7.2111,7.2111,6.7082,5.83095,6.7082,5.83095,5.38516,5.38516,5.38516,5.09902,74.10803,61.03278,71.06335,69.02898,63.0,70.06426,59.03389,68.06614,55.14526,63.07139,60.07495,57.42822,58.30952,53.33854,54.14795,55.57877,56.7186,54.12947,52.63079,50.0,57.28001,50.44799,54.08327,52.20153,48.08326,49.0408,49.0408,47.75982,51.92302,52.0,52.49762,56.64804,48.38388,52.92447,48.10405,51.92302,49.0408,49.98,47.07441,45.89118,42.57934,44.40721,44.10215,42.19005,44.01136,38.0526,41.10961,30.0,34.23449,34.1321,32.01562,28.63564,27.29469,24.5153,25.29822,26.92582,25.05993,36.35932,33.83785,32.31099,37.33631,36.13862,37.85499,35.51056,39.05125,44.14748,38.32754,41.10961,44.10215,49.09175,50.03998,51.0098,46.38965,56.4358,45.54119,52.46904,51.47815,48.50773,54.91812,50.69517,50.44799,50.92151,55.08176,51.92302,55.08176,50.9902,56.75385,47.53946,59.48109,49.47727,46.87217,56.29387,52.17279,50.48762,55.22681,54.45181,55.14526,62.03225,52.00961,61.0082,53.03772,65.00769,62.03225,65.00769,62.514,66.27217,62.39391,63.00794,70.02857,75.0,65.0,65.0,75.02666,67.02984
13.0384,13.0384,12.0,13.0384,12.04159,11.04536,11.04536,11.0,11.04536,11.0,11.0,11.0,11.04536,10.04988,10.04988,10.04988,10.04988,10.04988,10.19804,10.19804,10.19804,10.19804,10.04988,10.19804,10.19804,10.19804,10.19804,10.19804,10.19804,10.04988,10.04988,10.04988,10.04988,10.04988,9.0,9.0,9.0,9.05539,8.06226,8.06226,7.28011,7.07107,7.28011,6.08276,6.32456,6.32456,6.32456,5.38516,5.38516,5.38516,4.47214,4.47214,74.32362,66.64083,70.71068,66.7308,59.5399,68.47627,58.59181,65.74192,59.16925,61.29437,59.5399,54.58938,56.60389,53.00943,51.47815,56.0357,58.41233,55.44367,51.08816,46.2277,54.56189,48.27007,53.03772,52.34501,52.40229,53.07542,50.91169,50.32892,51.08816,49.49747,48.79549,55.86591,45.27693,55.15433,49.57822,54.67175,45.45327,48.27007,54.3783,49.64877,42.72002,43.56604,44.41846,44.29447,43.909,35.73514,38.8973,34.53983,35.8469,35.44009,31.04835,29.83287,28.86174,24.33105,27.29469,27.16616,25.01999,33.54102,37.44329,35.0,36.05551,33.97058,41.01219,39.59798,38.60052,42.0119,40.45986,43.41659,47.20169,49.09175,49.39636,51.10773,49.64877,51.88449,48.8467,52.80152,52.49762,52.63079,54.81788,52.20153,53.16014,54.57105,54.08327,51.1957,54.12024,50.28916,54.12024,47.43416,55.36244,53.45091,53.45091,52.49762,54.42426,52.80152,54.626,55.03635,61.29437,58.13777,51.97115,63.28507,60.03332,59.5399,59.90826,64.00781,62.43397,61.03278,63.63175,70.83078,72.40166,77.02597,62.96825,76.8505,75.47185,72.94518
12.36932,12.36932,12.64911,12.36932,12.36932,11.40175,11.40175,11.40175,11.40175,10.77033,10.44031,10.77033,10.77033,10.77033,10.77033,11.18034,9.84886,10.29563,10.29563,10.29563,10.29563,10.29563,10.29563,10.29563,10.29563,10.29563,10.29563,10.29563,10.29563,10.29563,9.84886,9.84886,9.84886,9.84886,9.48683,9.48683,9.48683,9.21954,8.24621,8.24621,7.07107,7.07107,7.07107,7.07107,6.08276,6.0,6.0,6.0,6.0,5.0,5.0,5.0,70.45566,69.33974,73.3553,66.57327,67.60178,64.3506,64.66065,68.7968,58.13777,61.05735,58.18075,58.66856,60.03332,56.36488,54.56189,50.92151,60.74537,53.75872,54.70832,51.47815,53.75872,49.98,50.69517,50.32892,50.28916,53.45091,47.53946,51.62364,52.17279,50.80354,48.05206,52.39275,49.64877,53.36666,46.09772,56.30275,49.0408,47.12749,49.24429,46.95743,45.18849,42.95346,44.77723,46.64762,41.34005,36.35932,37.80212,34.98571,33.30165,32.55764,28.3196,25.6125,28.28427,25.4951,24.83948,25.6125,25.55386,37.05401,34.05877,34.05877,39.84972,34.20526,38.27532,38.8973,41.62932,44.77723,42.48529,48.10405,45.18849,52.80152,50.53712,51.62364,54.08327,57.62812,49.20366,55.31727,58.79626,51.85557,58.0,49.49747,56.72742,55.17246,54.81788,53.75872,55.9017,50.20956,50.91169,51.62364,60.81118,53.74012,57.38467,58.72819,55.44367,53.82379,55.21775,55.22681,57.68882,65.19202,57.3062,61.85467,63.13478,63.28507,58.18075,62.76942,64.00781,66.18912,66.7308,70.21396,69.31811,73.43024,65.8635,74.70609,76.53757,72.94518
11.18034,11.18034,11.04536,12.16553,11.18034,10.19804,10.04988,10.04988,10.04988,10.04988,10.04988,10.04988,10.0,9.0,9.0,9.0,9.0,9.0,9.05539,9.0,9.05539,9.05539,9.0,9.05539,9.05539,9.05539,9.05539,9.0,9.0,9.0,9.0,9.0,9.0,8.0,8.06226,8.06226,8.24621,8.24621,7.28011,7.28011,6.7082,6.7082,6.7082,5.83095,5.83095,5.83095,5.0,5.0,5.0,4.24264,4.24264,4.24264,69.89278,69.06519,70.60453,65.19202,65.60488,64.63745,63.24555,63.51378,60.60528,58.60034,57.00877,55.22681,55.22681,54.45181,54.56189,53.74012,55.31727,53.8145,50.93133,50.91169,52.40229,53.60037,48.82622,49.20366,47.80167,55.21775,51.08816,49.64877,50.0,47.43416,52.80152,55.80323,48.27007,47.20169,49.81967,50.9902,50.0,48.27007,47.50789,45.34314,42.44997,44.04543,45.22168,40.80441,38.27532,40.49691,37.21559,37.44329,31.38471,32.24903,28.63564,30.46309,26.92582,26.92582,23.4094,22.2036,21.2132,33.54102,31.76476,34.0,36.40055,37.64306,36.79674,35.38361,39.62323,41.72529,41.7732,42.44997,45.45327,47.42362,48.41487,47.16991,47.88528,54.70832,50.53712,52.35456,51.89412,50.24938,57.93962,53.14132,51.47815,50.9902,51.07837,51.26402,55.71355,50.69517,52.55473,49.39636,52.80152,49.65884,50.08992,50.24938,53.23533,52.35456,51.97115,55.9464,55.21775,55.80323,55.21775,57.14018,61.22091,60.21628,54.03702,58.79626,63.12686,62.36986,64.2028,64.38167,71.70077,71.06335,68.8186,69.35416,77.46612,74.8131
12.64911,12.64911,13.0,12.64911,12.64911,11.7047,11.7047,10.77033,10.77033,11.18034,10.77033,11.18034,11.18034,10.29563,10.29563,10.81665,10.29563,10.29563,10.81665,10.81665,10.29563,10.81665,9.43398,10.0,10.81665,10.0,10.81665,10.81665,10.81665,10.81665,10.29563,10.29563,10.29563,9.84886,9.84886,8.94427,9.84886,9.48683,8.544,8.24621,8.24621,7.28011,7.07107,7.07107,6.08276,6.08276,6.08276,6.0,6.0,5.0,5.0,5.0,69.35416,66.18912,71.30919,65.9242,70.26379,60.92618,63.97656,63.56099,60.00833,54.626,56.46238,54.626,59.46427,56.0803,54.23099,54.12024,57.56735,50.21952,49.33559,50.44799,51.78803,48.27007,50.21952,50.80354,49.81967,49.81967,49.81967,51.15662,50.24938,50.35871,49.25444,47.85394,52.23983,50.63596,49.64877,50.21952,50.69517,44.64303,44.92215,44.38468,42.37924,40.8534,43.38202,40.70626,38.94868,38.27532,34.4093,37.44329,32.80244,32.80244,28.3196,28.01785,26.40076,26.90725,23.60085,23.43075,22.2036,35.51056,34.0,37.01351,39.05125,38.11824,38.63936,40.5216,39.29377,42.05948,43.01163,47.43416,47.75982,49.64877,48.70318,50.9902,53.22593,50.53712,55.56978,53.33854,52.43091,53.25411,58.25805,52.49762,54.6443,52.00961,53.41348,52.49762,55.31727,55.21775,52.69725,50.0,51.86521,54.40588,54.08327,57.42822,56.0803,50.11986,52.83938,57.27128,55.03635,58.59181,60.92618,60.00833,64.4748,60.16644,62.29767,60.74537,69.07966,65.19202,70.00714,71.16881,72.73239,70.5762,67.77905,75.02666,71.69379,75.96052
12.04159,11.04536,11.04536,12.04159,11.04536,11.04536,10.04988,10.04988,10.04988,10.19804,10.04988,9.21954,9.21954,9.21954,9.21954,9.21954,9.21954,8.24621,9.48683,9.48683,9.21954,8.544,8.544,8.544,9.48683,8.544,8.544,9.48683,9.48683,8.544,8.24621,9.21954,9.21954,8.24621,8.06226,8.06226,8.06226,8.0,7.0,7.0,6.08276,6.08276,6.08276,6.08276,5.09902,5.09902,5.09902,5.38516,4.47214,4.47214,4.47214,4.47214,69.06519,72.67049,72.42237,66.57327,67.6757,62.1289,66.28725,64.07027,62.80127,57.42822,58.41233,59.07622,59.20304,57.48913,55.44367,53.8145,55.86591,55.9017,50.93133,49.51767,51.66237,52.34501,52.00961,54.67175,46.75468,55.31727,51.08816,55.60576,51.73973,51.22499,51.85557,48.27007,50.91169,50.9902,48.83646,48.79549,49.51767,51.62364,46.75468,49.57822,46.09772,43.60046,45.48626,44.20407,39.11521,34.98571,34.98571,39.82462,33.61547,33.54102,30.67572,27.51363,26.57066,29.12044,28.63564,23.76973,25.4951,34.0,37.12142,37.21559,33.83785,38.41875,38.94868,34.65545,38.8973,43.84062,42.52058,43.27817,42.63801,48.9183,51.86521,47.43416,48.76474,51.89412,53.23533,49.92995,52.80152,55.47071,53.48832,53.48832,51.07837,52.55473,53.48832,52.63079,53.75872,54.08327,51.62364,52.0,53.85165,53.31041,51.47815,55.00909,56.36488,54.12947,53.23533,53.53504,56.0357,60.46487,53.53504,56.0357,64.2028,58.60034,64.66065,65.21503,65.43699,65.11528,69.02898,69.89278,72.8011,69.89278,71.21798,71.40028,74.63243,79.6304
12.36932,12.64911,12.64911,12.64911,12.64911,11.40175,11.7047,10.77033,10.77033,10.77033,10.77033,10.77033,10.77033,10.77033,9.84886,10.29563,10.29563,10.29563,9.43398,10.29563,10.29563,10.0,10.29563,10.0,10.29563,10.0,10.0,10.81665,9.43398,9.43398,9.43398,10.29563,10.29563,9.84886,8.94427,8.94427,8.544,8.544,8.544,8.544,7.28011,7.28011,7.28011,6.32456,6.08276,6.08276,6.08276,6.08276,6.0,5.0,5.0,5.0,73.43024,68.0,73.92564,68.96376,69.46222,65.29931,71.11962,65.36819,62.16912,60.41523,57.70615,55.9464,58.13777,58.30952,54.626,56.921,57.93962,54.40588,55.97321,52.20153,51.92302,52.88667,50.80354,52.63079,48.27007,53.16014,49.81967,50.80354,53.15073,55.44367,52.39275,53.15073,54.40588,49.64877,48.50773,54.34151,47.75982,46.84015,50.28916,46.61545,46.23851,45.18849,45.18849,41.62932,41.67733,39.96248,37.20215,38.01316,31.38471,32.64966,31.89044,29.0,28.28427,30.4795,26.40076,24.20744,21.40093,34.0,36.05551,37.12142,37.12142,38.47077,39.62323,38.32754,42.72002,39.84972,45.60702,45.88028,46.48656,51.26402,50.15974,47.01064,49.09175,50.77401,49.92995,49.24429,54.20332,56.0803,53.60037,52.63079,55.44367,53.2635,54.81788,51.08816,55.22681,56.0803,56.61272,49.40648,52.63079,54.03702,52.80152,55.0,53.00943,53.25411,55.22681,59.68249,58.59181,58.66856,59.5063,64.00781,66.21178,58.13777,67.54258,67.62396,63.56099,70.00714,70.26379,68.942,78.0,69.77822,71.69379,73.53911,75.76939,76.6942
13.34166,12.36932,12.64911,12.36932,12.36932,11.40175,11.40175,11.40175,11.40175,11.7047,10.44031,10.77033,10.77033,10.77033,10.77033,9.84886,9.84886,10.29563,10.29563,10.29563,10.29563,10.29563,10.29563,10.29563,10.29563,10.29563,10.29563,10.29563,10.29563,10.29563,9.84886,10.29563,9.84886,9.84886,9.48683,9.48683,8.544,8.24621,8.24621,8.24621,8.24621,7.28011,8.06226,7.07107,6.08276,6.08276,6.0,6.0,6.0,6.0,5.0,5.09902,72.01389,74.68601,70.68239,67.54258,71.11259,60.83584,66.21178,63.95311,62.6099,57.69749,56.79789,56.46238,57.77543,58.18935,51.26402,58.24088,57.56735,56.51548,53.85165,47.53946,53.15073,50.96077,50.48762,51.62364,48.05206,54.58938,51.62364,50.24938,51.78803,52.34501,48.25971,52.23983,50.15974,53.46027,47.85394,48.05206,47.26521,47.53946,49.0408,46.32494,44.59821,44.27189,42.54409,44.77723,39.39543,39.39543,36.89173,38.58756,34.20526,29.41088,32.01562,28.84441,27.80288,28.3196,26.87006,26.40076,22.47221,32.38827,32.06244,36.05551,37.21559,37.85499,37.21559,35.69314,38.60052,41.76123,39.84972,42.37924,46.61545,47.53946,46.52956,48.02083,49.64877,52.83938,52.20153,51.10773,52.20153,54.6443,55.0,53.41348,55.97321,53.41348,55.31727,51.40039,52.40229,51.85557,50.32892,50.60632,53.60037,54.40588,52.80152,55.80323,54.81788,55.56978,55.47071,55.9464,57.77543,56.82429,60.00833,60.37384,65.55151,58.87274,60.92618,63.95311,63.90618,67.77905,70.5762,67.62396,71.51224,72.49828,71.30919,73.1642,76.96753,70.2282
13.41641,13.41641,12.08305,13.41641,12.08305,12.08305,11.7047,11.7047,11.7047,10.77033,10.77033,11.7047,10.77033,10.44031,10.44031,10.19804,10.19804,10.19804,10.19804,10.19804,10.19804,10.19804,10.19804,10.19804,10.19804,10.04988,10.04988,10.19804,10.19804,10.19804,10.19804,10.19804,10.19804,9.48683,9.21954,9.48683,9.48683,8.94427,8.94427,8.94427,8.06226,8.06226,7.2111,7.2111,7.2111,6.7082,6.40312,6.40312,6.40312,5.65685,5.65685,5.65685,72.8011,64.84597,72.49828,67.23095,65.29931,67.1193,63.69458,67.77905,57.69749,59.5399,59.94164,54.91812,59.05929,51.62364,54.12024,54.40588,53.85165,52.00961,53.0,48.25971,55.22681,49.20366,52.34501,49.81967,47.63402,51.73973,45.96738,51.62364,51.62364,51.73973,49.51767,55.17246,44.55334,50.24938,47.38143,51.85557,49.57822,46.69047,47.50789,43.41659,43.01163,45.48626,40.31129,42.72002,42.05948,40.24922,36.76955,34.9285,32.57299,29.15476,30.36445,25.63201,27.20294,24.33105,27.29469,27.45906,23.34524,31.82766,35.38361,34.05877,37.01351,35.80503,41.6173,36.71512,39.11521,42.54409,36.67424,45.18849,47.16991,47.42362,46.23851,48.08326,51.24451,51.86521,50.63596,50.96077,49.64877,50.80354,56.4358,47.38143,52.34501,53.93515,52.7731,50.15974,55.3263,49.09175,57.70615,48.37355,56.7186,56.7186,55.31727,54.91812,54.34151,51.66237,54.70832,54.81788,55.65968,60.74537,55.4617,62.39391,61.09828,63.15853,61.7171,65.30697,62.64982,70.23532,63.50591,68.8767,71.11259,75.23962,65.39113,74.32362,78.29432,69.857
12.04159,11.04536,11.0,12.04159,11.04536,11.04536,10.0,10.0,10.0,10.0,10.0,10.04988,10.04988,9.05539,9.05539,9.05539,9.05539,9.05539,9.21954,9.21954,9.21954,9.21954,8.06226,8.24621,9.21954,8.24621,9.21954,9.21954,9.21954,8.24621,9.05539,9.05539,9.05539,9.05539,8.0,8.0,8.0,8.0,8.06226,7.07107,7.07107,6.08276,6.08276,5.09902,5.38516,5.38516,5.38516,5.38516,5.38516,4.47214,4.47214,4.24264,72.00694,69.2026,67.26812,65.11528,67.35726,65.29931,60.30755,68.0147,59.4138,59.5483,56.56854,55.9017,60.10824,55.22681,51.62364,50.93133,54.56189,55.22681,55.17246,49.0408,54.6443,50.60632,50.60632,49.73932,52.47857,51.0392,49.09175,50.24938,48.60041,51.31277,50.47772,50.80354,51.31277,52.69725,46.87217,48.60041,45.80393,48.54894,46.09772,50.93133,43.93177,43.93177,43.86342,43.41659,40.60788,36.61967,36.61967,37.53665,28.84441,33.61547,30.01666,29.06888,30.01666,28.17801,28.63564,24.04163,25.17936,32.98485,32.69557,32.69557,35.8469,35.8469,35.51056,35.51056,38.01316,41.04875,40.0,43.86342,45.25483,46.01087,48.83646,47.63402,46.09772,50.93133,49.20366,47.80167,50.21952,47.80167,55.22681,47.70744,48.02083,55.00909,53.33854,54.56189,52.83938,50.60632,53.33854,51.0392,49.73932,49.64877,51.0392,53.53504,53.00943,50.9902,52.43091,53.2635,60.30755,59.66574,55.15433,58.72819,62.24147,58.0517,60.30755,61.52235,60.82763,64.38167,69.31089,68.62215,69.35416,70.72482,67.17887,68.593,75.66373,74.24958
13.0384,12.52996,12.52996,11.6619,11.6619,11.6619,10.81665,10.29563,10.29563,10.77033,11.18034,10.77033,10.77033,9.84886,9.84886,10.44031,9.48683,9.48683,9.21954,9.48683,9.48683,9.21954,9.48683,10.19804,10.19804,10.19804,9.21954,10.19804,10.19804,9.48683,9.48683,9.48683,9.48683,9.48683,8.94427,8.94427,8.94427,8.94427,7.61577,7.61577,7.2111,7.2111,7.2111,5.83095,6.40312,5.83095,5.65685,5.0,5.65685,5.0,5.0,4.24264,69.72087,69.05071,71.19691,68.593,67.46851,67.08204,62.8172,63.95311,58.0517,60.53098,59.5399,57.07013,58.24946,54.40588,55.7853,50.92151,58.5235,54.70832,51.62364,52.80152,50.9902,50.08992,45.61798,51.47815,49.64877,52.55473,54.58938,50.60632,51.10773,50.60632,50.11986,51.10773,50.11986,48.8774,47.88528,47.01064,50.11986,47.42362,46.8188,49.64877,44.94441,45.54119,43.01163,44.38468,41.23106,39.81206,35.69314,37.33631,33.06055,29.0,30.26549,28.01785,30.06659,28.0,25.01999,25.31798,24.18677,34.4093,32.01562,34.0,38.48376,40.8534,39.92493,37.64306,40.5216,42.37924,42.72002,44.91102,46.09772,46.57252,49.36598,49.25444,51.24451,53.15073,55.03635,52.03845,54.08327,52.15362,54.23099,52.15362,54.14795,54.33231,53.00943,50.24938,52.15362,49.36598,54.08327,51.08816,54.03702,54.14795,50.08992,51.0392,53.08484,54.14795,57.42822,56.32051,59.03389,55.57877,63.78871,57.70615,61.18823,59.84146,64.56005,63.34824,65.73431,66.94027,69.42622,67.72001,69.63476,69.05071,71.80529,75.69016,72.36712,72.78049
12.52996,12.52996,12.08305,12.52996,11.18034,11.18034,11.18034,10.29563,10.29563,9.84886,9.84886,9.84886,9.48683,9.48683,9.48683,9.48683,9.48683,8.544,9.21954,9.21954,9.21954,9.21954,8.544,9.21954,9.21954,9.21954,9.21954,9.21954,9.21954,8.544,8.544,9.48683,8.544,8.544,8.94427,8.06226,8.06226,8.06226,7.2111,7.2111,6.40312,6.40312,6.40312,5.65685,5.65685,5.65685,5.0,5.0,5.0,5.0,4.47214,4.47214,73.3553,72.01389,68.88396,70.26379,69.46222,65.0,60.37384,66.64083,61.7414,58.13777,56.82429,57.3062,58.18075,52.35456,52.80152,54.20332,53.82379,55.80323,50.47772,48.82622,53.60037,51.86521,52.00961,48.27007,47.01064,50.24938,49.0408,50.32892,46.2277,50.24938,52.43091,52.63079,46.09772,50.24938,46.40043,50.21952,47.43416,49.81967,43.82921,43.82921,41.67733,47.75982,40.31129,40.8534,39.81206,39.21734,32.75668,33.73426,31.7805,29.83287,27.29469,27.20294,28.16026,25.07987,27.07397,24.02082,23.76973,33.61547,35.22783,32.01562,39.05125,38.18377,38.8973,34.71311,38.18377,41.7732,42.43819,44.41846,47.43416,43.04649,47.01064,44.72136,45.31004,50.69517,50.92151,51.62364,51.26402,48.8467,52.55473,50.96077,47.85394,54.81788,52.49762,55.7315,53.85165,51.78803,51.5461,45.35416,50.44799,52.55473,49.39636,52.92447,52.81098,49.64877,51.07837,54.56189,55.15433,56.82429,53.7122,63.07139,60.41523,60.90156,66.03787,61.77378,62.76942,63.51378,66.7308,68.47627,73.57309,73.3553,66.37017,72.94518,75.17978,72.94518
11.40175,11.40175,11.40175,11.40175,10.0,10.0,10.0,9.21954,9.21954,9.21954,9.21954,9.21954,8.48528,8.48528,8.48528,9.21954,8.60233,8.60233,8.60233,8.60233,8.60233,8.60233,8.60233,8.60233,8.60233,8.06226,8.06226,8.60233,8.60233,8.60233,7.81025,7.81025,7.81025,7.81025,7.81025,7.07107,7.07107,6.40312,6.40312,6.40312,5.83095,5.83095,5.83095,5.0,4.47214,4.47214,4.47214,4.47214,4.12311,4.12311,4.12311,4.12311,74.33034,73.34848,72.00694,65.76473,63.78871,61.98387,64.93843,68.73136,60.82763,58.21512,60.29925,55.44367,55.00909,55.03635,55.00909,53.08484,52.00961,52.08647,49.0,52.46904,53.33854,50.08992,51.97115,51.15662,51.97115,49.25444,50.35871,49.64877,51.62364,52.39275,48.83646,50.44799,51.35173,47.85394,46.17359,48.04165,48.25971,48.25971,50.03998,44.18144,45.04442,42.04759,45.27693,41.10961,41.7732,37.85499,34.52535,34.71311,32.01562,30.36445,30.36445,29.41088,28.86174,25.07987,25.4951,23.4094,23.76973,34.9285,33.95585,33.95585,38.47077,39.45884,35.0,37.12142,40.0125,43.01163,42.0119,43.18565,42.57934,48.09366,50.01,46.87217,49.47727,53.85165,51.92302,51.66237,48.38388,49.39636,56.0803,53.31041,52.0,52.3259,53.85165,50.56679,52.0,52.55473,52.20153,49.76947,54.626,51.5461,49.39636,55.08176,52.20153,53.36666,56.08921,53.75872,59.84146,61.18823,60.07495,55.9017,62.20129,59.5399,63.00794,65.00769,68.0,67.00746,70.17834,67.47592,68.06614,69.72087,68.35934,74.54529,74.54529,76.10519
13.41641,12.52996,12.52996,12.52996,12.52996,11.6619,11.6619,11.6619,11.6619,11.6619,10.81665,10.81665,10.81665,10.81665,10.81665,10.63015,10.63015,10.63015,10.63015,10.63015,10.63015,10.63015,9.89949,9.89949,10.63015,9.89949,9.89949,10.63015,10.63015,10.63015,10.0,10.63015,10.0,10.0,10.0,9.43398,9.43398,8.94427,8.94427,8.94427,7.61577,7.61577,7.61577,6.7082,6.32456,6.32456,6.32456,6.32456,6.08276,5.09902,5.09902,5.09902,66.4906,71.19691,68.88396,64.56005,66.4906,62.36986,66.70832,65.30697,61.66036,57.27128,55.54278,55.3263,57.87055,55.7315,50.35871,55.22681,55.03635,52.03845,52.00961,50.01,53.00943,50.08992,49.25444,52.03845,51.0392,50.0,49.0102,50.15974,51.15662,49.0408,48.09366,50.0,49.16299,50.35871,45.17743,49.0408,49.0102,47.04253,50.08992,47.38143,45.27693,39.62323,42.29657,44.14748,40.16217,35.44009,37.0,37.33631,32.20248,30.46309,30.67572,28.6531,26.83282,29.15476,26.92582,22.67157,20.61553,35.73514,36.67424,36.87818,41.30375,36.22154,38.0526,39.11521,40.1995,45.01111,43.18565,46.27094,45.04442,51.35173,52.46904,49.24429,48.08326,55.36244,52.20153,52.81098,54.08327,56.30275,55.00909,54.58938,53.85165,55.9017,56.30275,53.23533,50.08992,51.62364,52.39275,53.85165,56.46238,55.4617,56.85948,56.64804,56.921,54.70832,54.78138,57.56735,58.0517,59.43904,58.54912,61.39218,65.11528,58.0517,60.40695,63.50591,63.50591,65.62012,73.82412,67.89698,69.87131,70.40597,68.44706,74.8131,71.38627,73.75636
13.45362,12.72792,12.72792,12.04159,12.04159,11.31371,11.31371,11.31371,11.31371,11.31371,10.63015,10.63015,10.63015,10.63015,10.63015,10.81665,10.0,10.0,10.0,10.0,10.0,10.81665,10.29563,10.29563,10.29563,10.29563,10.29563,10.81665,10.29563,10.29563,10.0,10.0,10.0,10.0,10.0,10.0,9.21954,8.48528,8.48528,8.48528,7.81025,7.81025,7.81025,6.40312,6.40312,6.40312,5.83095,5.83095,5.83095,5.83095,5.38516,5.38516,76.10519,70.00714,69.00725,66.18912,65.0,65.00769,64.00781,64.03124,58.13777,58.07753,57.21888,56.32051,56.14268,54.45181,53.23533,52.61179,56.08921,50.48762,51.78803,48.05206,52.63079,48.6621,51.86521,45.88028,44.64303,48.50773,48.38388,49.0408,51.86521,48.46648,49.64877,48.38388,48.70318,53.75872,49.24429,51.66237,50.69517,50.0,48.6621,47.67599,45.39824,43.18565,45.09989,43.10452,38.0,39.0,38.47077,34.36568,33.13608,29.15476,30.06659,25.17936,28.44293,25.0,25.63201,21.2132,21.47091,33.28663,33.83785,37.33631,36.76955,41.0,37.36308,40.02499,39.45884,42.75512,48.16638,44.10215,47.09565,54.33231,53.08484,52.15362,49.25444,53.15073,53.33854,54.08327,53.93515,54.74486,55.31727,53.93515,54.57105,56.75385,52.63079,52.88667,53.14132,49.0408,54.74486,51.66237,53.60037,53.60037,54.74486,54.74486,56.56854,53.33854,53.23533,57.21888,59.07622,59.21149,59.00847,61.0,64.0,59.0,60.00833,61.07373,64.19502,67.00746,64.03124,66.27217,72.24957,73.0,69.18092,78.00641,74.43118,74.06079
13.60147,12.64911,13.60147,11.7047,12.64911,11.40175,11.40175,11.40175,11.40175,11.40175,11.18034,11.18034,11.18034,10.19804,10.19804,11.04536,10.04988,11.04536,10.04988,10.04988,10.04988,10.0,10.0,10.0,10.0,10.0,10.0,11.0,10.0,11.0,10.04988,10.04988,10.04988,10.19804,10.19804,10.19804,10.19804,9.21954,8.24621,8.24621,8.544,7.61577,7.61577,7.61577,6.7082,6.7082,6.7082,5.83095,5.83095,5.83095,5.83095,5.0,69.6563,68.24222,71.40028,61.84658,63.25346,68.24954,61.84658,65.60488,60.20797,59.20304,57.38467,57.00877,55.15433,55.22681,51.66237,54.45181,54.48853,53.07542,55.22681,48.41487,54.91812,50.32892,49.64877,47.80167,50.80354,49.39636,48.82622,48.54894,52.20153,53.0,49.39636,52.69725,45.0,52.15362,49.64877,46.09772,49.40648,47.01064,49.20366,47.63402,44.68781,42.44997,43.93177,44.20407,43.86342,39.62323,37.44329,33.01515,31.76476,34.20526,30.52868,26.40076,27.78489,27.85678,26.24881,23.76973,25.4951,31.01612,36.23534,32.24903,39.66106,36.61967,37.80212,34.82815,38.20995,44.55334,41.72529,47.42362,46.75468,48.9183,50.44799,50.21952,47.80167,51.86521,52.83938,53.33854,51.0,55.9017,58.59181,53.31041,54.626,58.30952,53.22593,51.26402,55.36244,52.92447,56.79789,50.56679,54.626,54.12947,51.42956,54.58938,52.47857,53.53504,54.3783,54.3783,55.75841,58.60034,55.9017,60.44005,59.03389,60.0,62.96825,60.60528,64.38167,67.35726,67.00746,65.94695,70.17834,76.57676,64.2028,73.00685,76.57676,69.2026
12.16553,11.18034,11.18034,11.18034,11.18034,10.19804,10.19804,10.19804,10.44031,10.44031,10.44031,10.44031,9.48683,9.48683,8.544,9.84886,8.94427,8.94427,8.94427,8.94427,8.94427,8.94427,8.94427,9.43398,9.43398,9.43398,9.43398,9.43398,9.43398,9.43398,8.94427,8.94427,8.94427,8.544,8.544,8.544,8.544,7.28011,7.28011,7.28011,7.07107,7.07107,7.07107,6.08276,6.08276,6.08276,5.0,5.0,5.0,4.0,4.12311,4.0,74.33034,71.56116,72.06941,70.3278,69.06519,65.0,64.14047,67.23095,60.74537,62.43397,56.85948,57.3062,56.35601,54.78138,51.89412,56.46238,57.77543,52.0,53.85165,51.86521,57.97413,51.92302,53.45091,48.50773,48.08326,47.80167,49.33559,51.97115,52.49762,52.17279,53.15073,52.39275,51.5461,53.85165,48.76474,51.86521,49.98,48.38388,51.47815,49.98,48.33218,45.18849,41.34005,39.96248,42.54409,39.11521,42.63801,37.64306,37.80212,34.71311,32.55764,29.06888,29.69848,23.60085,26.92582,28.42534,24.18677,33.13608,39.01282,37.12142,36.22154,36.49658,40.26164,36.68787,43.01163,40.8534,44.01136,44.77723,49.76947,49.65884,49.64877,49.24429,46.64762,56.0803,51.86521,50.80354,50.32892,54.03702,54.03702,53.07542,52.34501,53.74012,53.15073,50.9902,55.31727,52.34501,55.86591,49.67897,57.31492,53.15073,52.49762,53.25411,53.41348,54.91812,55.60576,57.68882,56.30275,58.18075,57.3062,58.83026,63.63175,63.13478,63.07139,62.17717,63.97656,66.18912,69.35416,68.88396,68.0,68.88396,69.31811,73.3553,73.92564,73.24616
10.81665,11.6619,10.29563,10.81665,9.43398,10.81665,10.29563,9.84886,8.94427,8.94427,8.94427,8.94427,8.94427,8.94427,8.94427,9.48683,9.21954,8.24621,9.21954,8.24621,8.24621,8.24621,8.24621,8.24621,8.24621,9.21954,9.21954,8.24621,9.21954,8.24621,8.24621,8.24621,8.544,8.544,8.544,7.61577,7.61577,8.06226,6.7082,7.2111,5.83095,5.83095,5.83095,5.83095,5.83095,5.0,5.0,4.24264,4.24264,4.24264,3.60555,3.60555,68.88396,70.71068,67.08204,65.52099,73.00685,62.8172,62.64184,59.03389,59.20304,56.32051,59.20304,58.24088,59.46427,53.16014,54.08327,53.7122,57.27128,53.23533,52.80152,53.23533,50.11986,50.60632,48.02083,46.14109,54.20332,53.7122,53.53504,48.25971,54.08327,52.43091,52.20153,53.00943,54.08327,51.97115,48.54894,47.16991,50.24938,49.73932,47.85394,47.85394,46.51881,46.23851,44.94441,44.59821,41.97618,39.29377,34.9285,40.02499,33.54102,31.57531,32.06244,27.29469,29.06888,27.01851,26.0,26.01922,21.0,33.94113,33.30165,33.83785,36.89173,35.35534,37.12142,40.31129,40.31129,42.95346,45.69464,46.48656,45.22168,48.38388,53.15073,50.01,51.24451,51.78803,54.08327,51.15662,49.0,54.33231,55.00909,51.0,57.0,55.00909,57.00877,57.07889,50.01,54.00926,52.03845,49.0102,53.03772,51.0098,53.08484,52.08647,54.03702,56.32051,52.46904,52.46904,58.69412,60.41523,58.94065,58.46366,64.7611,56.32051,57.77543,62.93648,63.89053,68.41053,70.21396,68.00735,68.94926,73.68175,68.41053,72.8011,72.8011,75.0
13.15295,12.16553,12.16553,12.36932,12.16553,11.18034,11.18034,11.18034,11.04536,10.04988,11.04536,10.04988,10.04988,10.04988,10.04988,10.0,10.0,10.0,9.05539,9.0,9.0,10.0,10.0,9.05539,10.04988,10.04988,10.04988,10.04988,10.04988,10.04988,9.0,9.0,10.0,9.0,9.05539,9.05539,9.05539,8.24621,8.24621,8.24621,8.24621,7.28011,7.28011,7.28011,6.32456,6.32456,6.7082,5.83095,5.83095,5.83095,5.83095,5.0,71.34424,68.24222,69.89278,66.85058,70.72482,65.29931,63.82006,64.2028,60.21628,60.44005,59.46427,53.75872,58.0,53.75872,57.98276,53.8145,57.00877,49.20366,51.62364,49.81967,52.80152,47.63402,49.64877,48.54894,51.61395,53.82379,51.47815,50.11986,49.92995,51.97115,47.50789,51.10773,46.64762,52.69725,49.92995,48.41487,51.40039,46.40043,47.01064,46.09772,43.60046,42.63801,46.69047,43.13931,41.03657,40.31129,37.20215,36.40055,34.4093,30.52868,27.78489,25.94224,25.4951,26.92582,26.0,24.69818,21.54066,34.98571,33.61547,37.20215,38.28838,40.36087,41.03657,38.94868,38.20995,43.27817,43.86342,46.32494,48.83646,52.15362,52.15362,50.60632,51.42956,50.11986,51.07837,51.47815,54.70832,54.78138,57.24509,53.14132,55.00909,55.65968,52.81098,51.26402,51.5461,50.96077,52.92447,49.98,54.78138,53.31041,52.39275,52.3259,51.42956,53.7122,57.98276,53.33854,54.91812,58.30952,60.0,65.19202,61.03278,61.40033,63.78087,61.7171,62.00806,63.78087,61.40033,66.8431,68.68042,69.81404,65.60488,73.10951,77.20104,79.51101
12.52996,12.08305,12.08305,12.08305,11.18034,11.18034,11.18034,9.84886,9.84886,9.48683,9.84886,10.44031,10.44031,9.48683,9.48683,10.44031,10.19804,9.21954,9.21954,9.21954,9.21954,9.21954,9.21954,10.04988,10.04988,10.19804,10.19804,9.21954,10.19804,9.21954,9.21954,9.21954,9.21954,9.21954,9.48683,8.544,8.544,7.61577,7.61577,7.61577,7.2111,7.2111,6.7082,5.83095,5.83095,5.0,5.0,5.0,5.0,5.0,4.24264,4.24264,71.56815,68.44706,70.21396,66.40783,63.89053,67.05222,61.68468,63.60031,57.87055,60.16644,58.87274,55.15433,57.00877,51.07837,55.02727,56.36488,54.626,53.66563,51.88449,49.65884,52.35456,48.8774,51.08816,49.20366,49.40648,49.64877,45.48626,50.0,46.87217,48.01042,50.47772,56.40035,45.80393,49.20366,52.69725,53.7122,46.87217,46.64762,49.39636,51.47815,45.61798,46.61545,45.18849,41.78516,43.65776,39.56008,38.32754,35.1141,34.71311,32.55764,32.38827,29.83287,28.16026,24.33105,26.0,24.18677,22.80351,34.82815,37.64306,33.83785,40.24922,40.31129,43.08132,37.33631,40.49691,45.31004,44.94441,48.27007,45.35416,50.21952,51.41984,50.48762,50.08992,54.23099,51.15662,55.44367,52.23983,56.0803,57.00877,57.03508,51.0098,57.21888,53.03772,52.61179,58.00862,46.0,56.0,52.00961,53.08484,54.14795,54.23099,54.33231,56.22277,54.91812,59.4138,57.07013,58.0517,61.13101,57.00877,62.36185,64.19502,61.13101,63.89053,64.84597,63.90618,68.62215,65.14599,66.7308,71.8401,78.1089,65.25335,75.18643,76.2168,71.47027
12.04159,11.04536,11.04536,11.04536,11.04536,10.04988,10.0,10.0,10.0,9.0,10.0,10.04988,9.05539,9.05539,9.05539,9.05539,9.21954,9.21954,8.24621,9.21954,8.06226,9.21954,9.21954,8.24621,9.21954,9.21954,9.21954,9.21954,9.21954,9.21954,8.06226,8.06226,8.06226,8.06226,8.0,8.0,8.0,7.0,7.0,7.07107,7.07107,6.08276,6.08276,5.09902,5.09902,5.38516,5.38516,4.47214,4.12311,4.12311,4.47214,3.60555,69.77822,67.60178,73.06162,66.0303,66.85058,66.57327,67.1193,66.7308,61.7171,66.0303,59.40539,58.60034,58.41233,58.41233,57.2014,55.86591,60.20797,53.41348,54.03702,51.73973,56.0803,51.08816,53.15073,53.07542,48.83646,54.48853,51.08816,51.61395,52.49762,54.20332,49.20366,53.60037,46.8615,49.67897,49.0408,54.45181,52.00961,51.73973,47.38143,44.59821,46.01087,46.40043,46.61545,43.26662,39.11521,42.0119,38.47077,38.83298,34.1321,30.88689,32.64966,30.46309,28.6531,25.96151,25.96151,24.5153,23.34524,35.0,36.87818,34.65545,39.59798,34.82815,41.10961,37.53665,38.58756,43.01163,41.34005,46.64762,48.37355,50.77401,47.41308,50.56679,51.26402,56.46238,49.39636,55.15433,53.93515,54.12024,57.97413,50.96077,53.36666,56.51548,52.49762,51.66237,55.36244,52.95281,59.20304,50.69517,54.81788,51.92302,53.31041,55.71355,56.64804,54.12947,59.05929,54.56189,59.05929,58.60034,57.80138,62.26556,63.28507,63.28507,62.68174,62.43397,63.00794,65.80274,67.6757,69.06519,68.24954,74.94665,68.24222,69.11584,77.93587,75.16648
11.18034,11.18034,11.04536,11.18034,10.04988,10.04988,10.04988,10.04988,10.04988,9.05539,10.0,10.0,9.0,9.0,9.0,9.05539,9.05539,9.05539,9.05539,9.05539,9.05539,9.05539,9.05539,9.21954,9.21954,9.21954,9.21954,9.21954,9.21954,9.21954,9.05539,9.05539,9.0,8.0,8.0,8.0,8.0,8.0,7.07107,7.07107,7.07107,7.07107,6.08276,6.08276,5.09902,5.38516,5.38516,4.47214,4.47214,4.47214,4.47214,3.60555,75.21303,74.06079,74.4043,70.21396,71.58911,65.80274,66.8431,68.60029,59.5483,62.482,60.82763,60.82763,57.98276,58.72819,53.8145,56.72742,59.46427,53.15073,51.62364,51.61395,57.68882,55.31727,55.47071,52.69725,53.25411,54.08327,53.0,54.40588,52.47857,55.07268,51.97115,54.70832,51.0392,56.60389,52.83938,55.80323,52.20153,54.6443,51.08816,47.80167,47.63402,43.86342,45.27693,42.63801,45.34314,42.52058,41.86884,38.94868,40.22437,32.20248,34.4093,31.38471,31.90611,30.01666,30.08322,25.94224,25.29822,31.30495,37.20215,37.44329,35.0,35.4683,36.06938,38.20995,39.62323,42.44997,44.55334,44.10215,46.8615,46.8615,48.82622,49.09175,47.01064,49.73932,48.33218,51.89412,50.56679,47.16991,52.80152,48.8467,53.31041,55.02727,52.20153,49.39636,55.02727,50.92151,52.92447,52.0,55.54278,54.23099,52.83938,55.56978,51.97115,51.40039,51.61395,56.0803,54.91812,59.07622,60.60528,59.20304,60.0,61.40033,66.70832,63.41136,67.20863,66.06815,66.70832,70.29225,68.76772,71.06335,74.51845,75.43209,76.83749,72.62231
12.36932,12.36932,10.44031,11.40175,10.44031,11.40175,10.44031,10.77033,10.77033,9.84886,9.84886,9.84886,9.84886,9.84886,8.94427,9.43398,9.43398,9.43398,9.43398,8.60233,8.60233,9.43398,9.43398,9.21954,10.0,10.0,10.0,9.43398,9.43398,9.43398,9.43398,9.43398,9.43398,8.94427,8.94427,8.94427,8.94427,7.61577,7.61577,7.61577,7.28011,7.28011,6.32456,6.32456,6.08276,5.09902,6.08276,5.09902,5.0,4.0,5.0,4.0,70.29225,75.00667,74.20243,65.0,66.61081,64.81512,63.41136,60.959,59.90826,57.42822,55.80323,57.80138,56.60389,56.0803,54.91812,56.93856,57.69749,50.9902,51.47815,52.39275,54.23099,53.31041,48.50773,49.64877,48.70318,49.98,47.92703,53.14132,50.28916,53.16014,49.33559,52.88667,51.66237,49.72927,50.92151,51.89412,54.08327,44.01136,46.09772,49.0408,50.11986,44.77723,46.61545,42.72002,40.49691,41.34005,40.60788,40.36087,33.24154,32.20248,32.80244,29.83287,26.24881,30.61046,24.41311,25.0,26.07681,33.54102,34.78505,34.0147,33.24154,38.01316,38.27532,37.69615,37.58989,40.81666,41.04875,44.59821,43.41659,47.43416,47.50789,48.79549,47.50789,51.66237,48.9183,50.20956,52.63079,49.40648,54.40588,51.85557,49.92995,53.00943,51.86521,52.15362,51.86521,52.43091,49.20366,51.22499,51.0392,49.40648,49.57822,51.62364,51.08816,53.75872,53.03772,53.75872,55.22681,54.48853,56.22277,59.66574,63.25346,58.79626,60.20797,61.05735,65.51336,64.40497,65.21503,67.00746,71.28113,68.24222,66.8431,73.24616,71.28113,71.61006
11.18034,11.18034,10.19804,11.18034,10.19804,10.19804,10.44031,10.44031,10.44031,8.544,9.48683,9.84886,8.94427,8.94427,9.84886,8.94427,9.84886,8.94427,8.94427,8.94427,8.94427,8.94427,8.94427,8.60233,9.43398,9.43398,9.43398,8.94427,9.43398,8.94427,8.94427,8.94427,8.94427,8.544,8.544,8.544,8.544,7.28011,7.28011,7.28011,7.07107,7.07107,6.08276,6.08276,6.0,5.0,5.0,5.0,4.0,4.0,4.12311,4.12311,78.39005,69.33974,68.8186,67.41662,65.43699,67.80118,66.61081,63.60031,61.40033,62.20129,58.25805,56.72742,60.20797,55.97321,55.17246,54.48853,59.46427,53.03772,50.93133,50.32892,57.62812,51.85557,50.0,51.40039,49.0408,50.80354,50.77401,52.15362,50.60632,51.47815,55.75841,56.30275,52.63079,52.43091,51.0392,49.57822,50.44799,50.44799,48.83646,49.81967,46.66905,48.10405,42.80187,41.72529,42.63801,40.80441,39.40812,38.27532,36.23534,34.48188,32.64966,31.7805,30.41381,29.15476,28.23119,23.4094,27.20294,32.20248,36.71512,33.28663,39.62323,36.23534,37.01351,41.10961,38.94868,42.42641,43.84062,44.04543,46.75468,46.01087,50.77401,47.80167,50.11986,52.83938,50.56679,53.7122,49.24429,48.8467,56.64804,49.24429,51.62364,54.42426,53.7122,50.69517,55.97321,51.62364,54.23099,52.0,56.30275,52.92447,49.65884,52.7731,54.12947,52.35456,55.56978,53.7122,58.5235,61.29437,58.82176,59.40539,61.84658,59.66574,61.40033,67.62396,62.36986,69.6563,67.20119,67.20119,75.9276,74.20243,66.61081,70.60453,71.40028,70.0928
13.0384,12.04159,12.16553,12.04159,12.04159,11.04536,11.18034,11.18034,11.04536,11.18034,11.18034,10.19804,10.19804,10.19804,9.21954,10.44031,9.48683,10.44031,8.544,9.48683,9.48683,9.48683,9.48683,9.84886,9.48683,9.84886,9.84886,9.84886,9.48683,10.77033,9.48683,9.48683,9.48683,9.21954,9.21954,10.19804,9.21954,9.05539,8.06226,8.06226,8.0,8.0,8.0,7.0,7.07107,7.07107,6.08276,6.08276,6.08276,5.09902,5.38516,5.38516,71.34424,71.11962,68.09552,62.26556,65.29931,65.51336,62.76942,60.74537,55.22681,56.93856,56.35601,55.22681,55.07268,53.7122,51.62364,53.45091,54.08327,51.5461,51.62364,47.12749,51.66237,52.63079,48.76474,47.53946,48.08326,50.96077,48.05206,49.64877,49.81967,51.35173,50.63596,53.36666,47.53946,50.01,47.07441,49.72927,46.17359,47.43416,48.8467,48.75449,47.92703,43.46263,38.01316,39.44617,43.56604,40.49691,37.21559,38.47077,34.05877,31.06445,30.0,27.01851,31.89044,27.58623,29.0,24.75884,26.07681,37.01351,35.0571,34.0147,40.26164,37.48333,40.02499,37.0,37.94733,44.59821,42.72002,42.15448,46.09772,45.69464,49.24429,50.21952,49.92995,53.25411,48.01042,50.60632,54.03702,51.40039,55.86591,53.2635,55.97321,53.75872,52.40229,53.75872,55.17246,53.07542,53.90733,51.73973,52.40229,52.63079,51.08816,53.90733,52.00961,53.82379,55.22681,54.40588,54.20332,59.68249,56.82429,60.90156,61.29437,61.29437,59.5399,60.41523,66.64833,64.84597,67.1193,65.76473,70.21396,72.94518,70.3278,70.21396,75.17978,74.09453
12.20656,12.20656,11.6619,11.6619,10.81665,10.81665,10.29563,10.29563,10.29563,9.84886,10.29563,10.29563,9.84886,9.84886,9.84886,9.84886,9.48683,9.48683,9.21954,9.21954,9.48683,9.21954,9.48683,9.21954,9.48683,9.21954,9.21954,9.21954,9.21954,9.48683,9.48683,9.48683,9.48683,8.544,8.94427,8.06226,8.06226,8.06226,8.06226,7.2111,7.2111,7.2111,6.40312,6.40312,6.40312,5.65685,5.65685,5.65685,5.0,5.0,5.0,4.47214,72.69113,71.84706,73.34848,68.88396,70.40597,61.40033,59.90826,61.61169,59.66574,57.27128,55.57877,54.12024,60.87693,53.75872,53.45091,51.62364,54.78138,53.22593,49.76947,51.62364,53.66563,49.65884,48.37355,50.11986,47.88528,50.11986,51.88449,53.41348,49.39636,51.86521,51.62364,52.47857,48.8774,50.60632,49.24429,48.75449,48.8467,47.53946,46.95743,48.10405,47.43416,42.72002,41.10961,41.10961,37.85499,40.79216,38.20995,37.65634,37.12142,30.01666,33.06055,29.01724,28.0,26.01922,24.0,24.33105,24.35159,33.6006,34.98571,34.66987,36.71512,38.07887,35.73514,38.27532,37.64306,43.17407,40.80441,40.5216,45.35416,48.50773,48.50773,47.38143,46.27094,50.24938,51.35173,53.08484,49.0408,49.0,54.03702,54.14795,52.0,54.00926,51.0392,52.0,54.03702,53.08484,53.0,52.08647,57.00877,52.03845,50.03998,51.0,52.00961,52.15362,56.7186,57.55867,55.54278,58.21512,55.54278,58.0517,61.81424,58.69412,62.16912,59.22837,62.58594,65.0,66.94027,63.24555,71.16881,73.24616,71.38627,72.53275,72.53275,73.4983
12.04159,12.04159,11.31371,12.04159,11.31371,10.63015,10.63015,9.89949,9.89949,9.21954,10.0,10.0,10.0,9.43398,8.60233,9.43398,9.43398,8.60233,9.43398,9.43398,8.60233,9.43398,8.60233,8.94427,8.94427,8.94427,9.43398,8.94427,9.43398,9.43398,8.60233,8.60233,8.60233,8.60233,8.48528,7.81025,8.48528,7.81025,7.07107,7.07107,7.2111,7.2111,6.40312,5.83095,5.83095,5.83095,5.38516,5.38516,5.38516,5.38516,5.09902,4.12311,70.17834,74.06079,66.75328,64.0,70.11419,62.1289,62.28965,66.27217,58.42089,52.61179,56.22277,54.23099,58.54912,51.97115,52.61179,56.04463,55.08176,50.59644,49.33559,51.92302,50.92151,49.64877,52.92447,51.5461,47.43416,50.96077,54.40588,48.33218,47.92703,50.08992,50.69517,53.48832,49.98,50.69517,50.32892,45.54119,44.27189,48.05206,45.89118,47.38143,45.70558,42.42641,42.75512,41.97618,39.01282,37.01351,36.01389,34.0147,35.12834,30.26549,29.83287,26.1725,26.1725,24.73863,25.29822,27.29469,25.05993,34.4093,31.62278,35.51056,29.54657,34.53983,34.0,34.78505,37.36308,41.0,41.4367,39.81206,43.17407,44.92215,46.87217,49.09175,50.01,47.51842,54.00926,49.0,52.03845,52.03845,52.46904,52.23983,52.03845,51.78803,51.0392,53.33854,52.34501,51.47815,51.08816,54.08327,53.15073,52.15362,51.35173,54.08327,56.0357,55.0,52.34501,55.14526,55.9017,56.0,62.96825,57.31492,62.80127,59.84146,61.98387,62.20129,64.77654,66.09841,72.99315,66.4906,73.75636,67.89698,66.48308,71.80529,71.19691,77.41447
13.0384,12.04159,13.0,12.04159,12.0,11.0,11.0,11.0,11.0,11.0,11.0,10.04988,11.04536,10.04988,10.04988,10.19804,10.19804,10.19804,10.19804,10.44031,10.19804,10.44031,10.19804,10.44031,10.44031,10.19804,10.19804,10.19804,10.44031,10.19804,10.19804,10.19804,10.19804,10.04988,9.05539,9.05539,9.0,9.0,8.0,8.0,8.06226,7.0,7.07107,6.08276,6.08276,6.08276,6.08276,6.08276,5.38516,5.38516,5.38516,4.47214,74.02702,68.24954,67.26812,67.62396,67.47592,63.25346,65.19202,59.66574,59.66574,56.72742,55.15433,57.38467,57.98276,55.17246,48.10405,55.15433,56.72742,50.21952,48.41487,53.00943,49.64877,53.82379,47.20169,48.25971,50.77401,48.02083,51.0392,54.12947,48.02083,52.47857,48.25971,50.80354,51.62364,50.11986,49.81967,45.80393,46.40043,51.0392,48.9183,46.75468,44.04543,44.55334,43.18565,43.13931,38.20995,38.83298,36.35932,37.20215,31.38471,35.22783,31.95309,27.313,27.20294,28.4605,28.63564,27.29469,21.58703,34.9285,35.1141,35.77709,38.07887,36.89173,37.44329,37.73592,41.23106,44.82187,45.34314,43.84062,43.13931,48.79549,46.69047,44.20407,51.22499,50.60632,54.6443,52.47857,52.15362,49.73932,54.12024,54.3783,54.70832,52.47857,50.77401,53.7122,51.89412,56.35601,51.62364,50.24938,54.70832,51.97115,52.15362,56.0357,55.75841,56.85068,56.85068,55.21775,57.48913,58.41233,61.52235,58.79626,60.1415,57.31492,59.4138,63.63961,62.93648,65.79514,70.72482,66.06815,69.29646,69.42622,71.58911,76.38063,70.03571,74.24958
11.6619,11.6619,11.18034,11.6619,11.18034,10.29563,10.29563,10.29563,9.84886,9.84886,9.84886,9.84886,9.48683,9.48683,8.544,9.48683,9.21954,8.24621,9.21954,9.21954,9.21954,9.21954,8.24621,9.05539,9.21954,9.21954,9.21954,9.21954,9.21954,9.21954,9.21954,8.24621,8.24621,8.544,8.544,7.61577,8.06226,7.61577,7.61577,6.7082,7.2111,6.40312,6.40312,6.40312,5.65685,5.65685,5.65685,5.65685,5.0,5.0,5.0,4.47214,67.06713,68.00735,65.55151,65.55151,67.06713,60.72891,62.16912,61.32699,58.59181,55.54278,54.626,56.85948,56.85948,55.00909,51.47815,49.39636,53.66563,52.69725,53.0,52.43091,47.80167,48.25971,46.8615,45.27693,46.61545,46.09772,52.00961,44.68781,47.63402,49.67897,51.85557,49.57822,51.08816,49.0408,49.0408,43.56604,49.57822,47.20169,44.94441,45.61798,43.82921,43.86342,39.0,43.46263,35.8469,37.69615,37.33631,36.76955,31.57531,31.32092,29.61419,28.86174,27.16616,25.17936,23.19483,24.0,21.37756,36.06938,33.97058,36.23534,35.0,34.66987,36.61967,35.77709,42.94182,42.48529,41.78516,42.05948,44.59821,45.31004,47.12749,43.41659,50.21952,52.20153,46.87217,50.9902,54.74486,51.47815,51.62364,52.23983,53.23533,50.08992,50.35871,51.0392,51.15662,52.23983,50.48762,52.61179,52.46904,51.47815,51.35173,53.75872,52.46904,52.17279,51.24451,56.04463,55.36244,55.71355,59.09315,57.87055,62.96825,57.00877,61.7171,62.64982,64.07808,65.39113,66.21178,62.76942,66.70832,68.35203,66.85058,71.11259,70.38466,71.11259
12.08305,11.18034,11.18034,12.08305,11.18034,10.29563,10.29563,10.29563,10.29563,9.43398,9.43398,10.0,10.0,9.43398,10.0,9.21954,9.21954,9.21954,8.48528,9.21954,9.21954,9.21954,8.48528,9.21954,9.89949,9.21954,9.21954,9.89949,9.89949,9.89949,9.21954,9.21954,9.21954,9.21954,8.60233,8.60233,8.60233,8.06226,8.06226,8.06226,6.7082,6.7082,6.7082,5.38516,5.38516,5.38516,5.09902,5.09902,5.09902,5.09902,5.09902,4.0,66.85058,71.11962,67.77905,68.35203,67.62396,62.64982,65.9242,60.41523,61.09828,57.58472,60.74537,57.56735,59.48109,56.32051,53.75872,54.12947,55.31727,54.74486,53.75872,48.76474,55.22681,49.81967,50.24938,54.14795,52.00961,59.03389,49.0102,51.08816,53.15073,54.0,52.03845,53.00943,51.0392,52.00961,51.0098,56.32051,47.26521,49.25444,54.14795,48.83646,47.29693,45.60702,48.70318,49.47727,44.38468,40.16217,36.71512,38.94868,31.76476,33.12099,30.41381,30.01666,32.24903,32.44996,24.83948,23.70654,25.6125,35.12834,35.01428,33.37664,39.62323,37.33631,35.73514,37.10795,38.07887,41.48494,40.5216,42.54409,46.52956,49.24429,47.88528,50.11986,49.73932,53.0,52.47857,49.39636,51.31277,50.21952,55.44367,52.63079,53.2635,53.15073,50.80354,53.03772,50.24938,50.32892,53.2635,50.44799,54.81788,50.0,48.60041,52.47857,56.60389,52.69725,55.75841,55.9464,60.03332,56.82429,59.9333,57.24509,60.90156,58.18075,61.98387,62.62587,66.7308,64.84597,67.06713,70.93659,69.64194,70.26379,63.15853,72.23573,71.11259,71.7844
11.7047,11.7047,10.77033,11.7047,10.77033,10.77033,10.77033,10.77033,9.84886,8.94427,10.29563,10.29563,9.43398,9.43398,9.43398,9.43398,10.0,9.43398,9.21954,9.21954,8.60233,9.21954,10.0,9.21954,10.0,10.0,10.0,10.0,10.0,10.0,9.43398,9.43398,9.43398,9.43398,8.94427,8.94427,8.94427,7.61577,7.61577,7.28011,7.28011,7.28011,6.32456,6.32456,6.08276,6.08276,6.08276,5.09902,5.0,5.0,4.0,4.0,69.35416,69.35416,68.54196,62.64982,68.02941,65.79514,59.5063,60.00833,58.69412,56.35601,55.9017,51.89412,56.30275,52.20153,54.12024,54.12024,52.63079,53.16014,51.24451,47.51842,51.78803,49.81967,48.37355,49.36598,49.0306,48.83646,50.48762,46.52956,50.63596,53.08484,49.49747,54.33231,47.07441,51.35173,50.35871,51.1957,51.41984,50.59644,50.0,50.59644,42.15448,46.8188,42.54409,42.37924,41.34005,37.57659,38.47077,37.12142,35.51056,32.80244,32.01562,28.42534,29.73214,27.65863,26.90725,28.3196,26.87006,34.23449,36.12478,38.47077,35.01428,36.49658,38.63936,39.56008,41.48494,40.5216,40.16217,45.22168,43.08132,48.10405,48.46648,48.8774,50.24938,52.83938,49.92995,49.64877,50.77401,52.00961,54.67175,52.00961,53.60037,53.60037,53.82379,54.08327,54.20332,52.00961,50.21952,46.40043,49.81967,48.27007,50.60632,53.41348,54.3783,52.47857,53.66563,52.80152,56.36488,59.48109,55.03635,57.77543,61.84658,60.00833,60.83584,60.41523,60.74537,67.06713,61.84658,64.62198,69.64194,72.09022,63.90618,70.5762,70.68239,64.84597
12.36932,11.7047,12.64911,11.40175,11.7047,10.44031,10.77033,10.77033,10.77033,10.77033,10.77033,9.84886,9.84886,9.84886,9.84886,10.29563,9.43398,9.43398,9.43398,10.0,9.43398,10.0,9.43398,10.0,10.0,9.43398,10.0,10.0,10.0,10.0,9.43398,9.43398,9.43398,9.43398,8.94427,8.94427,8.544,8.544,8.544,8.544,7.28011,7.28011,7.28011,6.32456,6.32456,6.08276,6.08276,6.08276,6.0,5.0,5.0,5.0,68.96376,67.44627,73.4983,61.46544,64.32729,62.36185,58.69412,65.52099,57.48913,57.72348,54.40588,55.57877,54.74486,52.23983,54.14795,50.08992,55.14526,52.00961,51.24451,49.0,53.15073,54.00926,51.47815,48.09366,48.50773,49.16299,48.04165,47.51842,47.51842,50.48762,48.50773,52.15362,48.37355,50.63596,46.38965,49.25444,49.16299,48.04165,48.01042,43.10452,43.10452,45.17743,42.42641,42.04759,44.91102,37.65634,35.44009,33.95585,36.68787,31.38471,27.313,26.92582,25.94224,29.15476,25.55386,23.32381,20.0,34.36568,36.12478,34.05877,39.01282,37.12142,40.31129,40.1995,41.23106,39.62323,41.0,46.17359,48.08326,44.59821,49.0408,48.70318,49.76947,52.92447,51.0,47.92703,53.0,53.7122,51.97115,48.54894,55.56978,51.31277,52.83938,50.47772,53.85165,50.47772,53.7122,46.52956,59.5399,52.7731,53.7122,55.00909,51.47815,49.65884,56.921,56.921,57.87055,58.5235,53.85165,60.87693,62.8172,58.69412,57.72348,61.98387,63.78871,64.7611,65.30697,63.78871,67.46851,67.91171,69.57011,72.00694,74.2159,74.04053
11.40175,10.63015,11.31371,10.63015,10.63015,9.89949,9.89949,9.89949,9.89949,9.21954,9.21954,9.21954,9.21954,9.21954,8.60233,9.43398,8.06226,8.06226,8.06226,8.06226,8.60233,8.94427,8.06226,8.94427,9.43398,8.94427,8.94427,8.94427,8.94427,8.94427,8.06226,8.60233,8.60233,7.81025,7.81025,7.81025,7.81025,7.07107,7.07107,6.40312,6.40312,5.65685,6.40312,5.0,5.0,5.0,4.47214,4.47214,4.47214,4.47214,4.12311,3.16228,75.16648,69.0,71.00704,69.00725,60.00833,62.07254,62.07254,65.03076,61.0082,62.03225,56.0357,52.46904,57.55867,55.10898,54.14795,55.10898,56.7186,53.93515,51.1957,54.57105,54.12947,48.70318,50.59644,53.16014,55.54278,53.36666,47.43416,51.5461,52.49762,50.69517,47.53946,53.14132,45.54119,52.88667,45.54119,52.63079,47.07441,50.0,49.0306,45.39824,45.70558,45.09989,47.26521,44.28318,40.0125,39.01282,38.0,33.0,32.14032,33.13608,33.06055,29.27456,29.42788,25.07987,24.35159,24.04163,25.07987,34.43835,32.75668,33.83785,36.68787,37.10795,32.75668,37.21559,38.11824,43.10452,39.20459,41.0,43.04649,50.0,49.0102,50.35871,48.50773,51.47815,52.46904,51.24451,48.70318,51.1957,55.08176,49.47727,51.86521,53.16014,51.66237,50.69517,55.36244,51.24451,55.54278,47.85394,55.31727,51.1957,49.49747,54.45181,51.62364,50.08992,56.22277,54.03702,57.0,63.28507,58.00862,59.03389,61.03278,58.00862,63.1981,61.29437,61.07373,70.25667,71.00704,68.00735,73.00685,71.06335,68.11755,75.02666,77.00649,75.00667
12.04159,11.40175,11.40175,11.40175,11.40175,11.40175,10.63015,10.0,10.0,9.43398,10.0,10.29563,9.43398,10.29563,9.43398,9.84886,9.84886,8.94427,9.48683,9.84886,8.94427,9.48683,8.94427,9.48683,9.48683,9.48683,9.48683,9.48683,9.48683,9.84886,8.94427,8.94427,8.94427,8.94427,8.60233,8.60233,8.60233,8.06226,7.81025,7.81025,7.07107,7.07107,7.07107,6.40312,6.40312,6.40312,5.83095,5.0,5.0,5.0,5.38516,4.47214,72.33948,65.12296,71.70077,66.61081,65.49046,62.20129,58.21512,61.81424,55.7315,61.40033,56.56854,58.24946,56.7186,53.36666,54.12024,56.32051,56.30275,53.14132,54.42426,48.38388,50.69517,46.09772,51.88449,50.69517,50.08992,52.39275,48.75449,49.24429,49.24429,55.4617,52.80152,55.36244,47.53946,49.65884,47.92703,49.0408,46.61545,48.08326,45.54119,46.57252,47.07441,47.29693,39.45884,42.95346,45.12206,35.12834,40.1995,34.1321,32.0,32.01562,31.06445,31.06445,27.07397,25.17936,25.31798,23.08679,22.84732,35.22783,36.35932,30.88689,34.0147,34.0147,35.4683,36.40055,37.0,39.05125,39.05125,42.75512,42.95346,47.51842,46.69047,49.0102,44.01136,49.0,48.01042,53.00943,50.35871,48.09366,56.22277,48.16638,48.01042,54.14795,54.0,50.35871,54.23099,52.23983,54.23099,50.08992,55.22681,53.15073,53.03772,52.03845,56.0803,52.08647,57.14018,55.22681,57.21888,58.21512,53.60037,63.12686,57.07013,61.0,65.30697,64.77654,62.80127,65.51336,66.75328,64.53681,73.34848,74.8131,66.91039,72.56721,75.13322,72.56032
12.64911,11.7047,11.7047,11.7047,10.77033,10.77033,10.77033,10.77033,10.77033,9.84886,9.84886,10.29563,9.43398,9.43398,9.43398,10.0,10.0,9.43398,9.21954,9.21954,9.21954,9.21954,10.0,9.21954,10.0,10.0,10.0,10.0,10.0,10.0,8.60233,8.60233,9.43398,8.60233,9.43398,8.94427,8.94427,7.61577,7.61577,7.61577,7.28011,7.28011,6.32456,6.32456,6.32456,5.09902,6.08276,5.09902,5.09902,5.0,5.0,4.0,70.66116,66.64833,67.53518,68.88396,64.88451,63.95311,56.85948,63.97656,59.5063,59.5063,54.78138,54.08327,60.08328,54.40588,50.92151,55.97321,53.45091,56.04463,51.92302,54.74486,54.74486,49.0306,50.24938,51.24451,49.64877,52.61179,47.09565,51.35173,52.34501,52.23983,54.23099,56.22277,51.35173,50.48762,50.08992,48.50773,49.64877,49.0306,46.87217,48.50773,45.12206,45.54119,44.27189,40.31129,41.4367,40.31129,38.48376,36.24914,35.8469,32.69557,33.01515,29.52965,30.0,28.6007,28.3196,28.28427,25.4951,29.42788,33.0,30.26549,34.9285,36.13862,39.05125,35.73514,38.60052,41.76123,41.4367,42.48529,46.51881,44.77723,48.8774,48.25971,47.01064,51.31277,48.82622,51.31277,48.41487,47.01064,53.90733,47.50789,53.75872,50.32892,52.49762,50.32892,53.07542,47.38143,48.9183,48.01042,55.15433,50.0,49.64877,53.82379,56.0357,52.43091,53.53504,55.75841,56.60389,57.27128,58.13777,62.64982,60.00833,59.09315,60.00833,62.03225,66.40783,68.42514,64.4748,68.942,70.38466,75.15318,67.06713,75.13322,76.92204,71.11259
12.80625,12.20656,10.81665,12.20656,10.81665,11.40175,10.81665,10.81665,10.81665,10.29563,10.29563,10.29563,9.84886,9.84886,9.84886,9.84886,9.84886,9.84886,9.48683,9.48683,9.48683,9.48683,9.48683,10.44031,10.44031,10.44031,10.44031,9.48683,10.44031,9.48683,9.48683,9.48683,9.84886,9.84886,8.94427,8.94427,9.43398,8.06226,8.06226,8.06226,7.81025,7.81025,7.2111,6.40312,6.40312,5.65685,5.65685,5.65685,5.65685,5.0,5.0,5.0,71.17584,70.5762,74.00676,70.17834,74.02702,64.03124,64.03124,59.13544,59.0,60.03332,60.0,58.00862,61.03278,56.4358,57.31492,53.46027,57.27128,53.36666,53.93515,51.97115,57.48913,51.1957,53.85165,55.08176,49.33559,52.63079,51.66237,51.86521,54.70832,58.18935,53.45091,59.46427,51.24451,53.75872,54.12024,50.01,51.66237,52.7731,50.80354,52.95281,47.26521,45.17743,47.04253,45.09989,45.0,42.0119,46.38965,39.11521,36.13862,31.7805,36.34556,33.54102,29.61419,28.4605,29.12044,28.79236,25.07987,32.20248,34.78505,33.24154,39.05125,34.52535,36.87818,35.69314,43.28972,44.10215,43.41659,42.04759,42.0119,46.17359,49.0102,50.35871,49.36598,52.15362,51.62364,53.23533,55.02727,48.83646,55.97321,50.28916,50.9902,53.16014,53.45091,52.20153,56.32051,48.50773,53.85165,49.72927,56.30275,51.1957,55.31727,54.34151,59.22837,56.4358,59.5399,55.14526,58.03447,61.52235,61.13101,64.12488,64.00781,63.03174,62.03225,61.03278,67.06713,69.00725,67.06713,66.06815,76.0,77.00649,68.06614,74.0,77.02597,74.00676
13.15295,13.15295,13.15295,12.16553,12.16553,12.16553,12.04159,12.04159,12.04159,11.04536,11.04536,11.0,11.0,10.0,10.0,11.04536,10.04988,11.04536,10.19804,10.04988,10.04988,10.19804,10.19804,10.19804,10.19804,10.19804,10.19804,10.19804,10.19804,11.18034,10.04988,10.04988,10.04988,10.04988,10.04988,10.04988,10.0,9.0,9.05539,8.06226,9.05539,8.06226,8.06226,7.07107,7.07107,7.28011,7.28011,6.32456,6.32456,5.38516,5.83095,5.83095,71.42129,64.38167,70.71068,63.89053,62.00806,60.60528,57.31492,64.53681,55.31727,62.20129,55.21775,57.80138,58.5235,50.47772,49.24429,51.0,58.13777,54.56189,53.7122,51.42956,51.86521,49.98,51.5461,49.76947,49.0408,49.98,47.43416,52.63079,51.5461,49.72927,52.20153,52.63079,46.48656,52.49762,48.50773,55.15433,53.48832,50.56679,48.8467,49.1935,45.17743,46.14109,43.56604,44.77723,43.82921,41.67733,37.44329,34.66987,32.55764,35.0,30.4795,28.42534,28.3196,27.01851,25.6125,25.80698,24.83948,31.01612,33.54102,30.88689,36.23534,34.4093,35.60899,35.38361,35.60899,40.45986,37.64306,45.34314,41.72529,47.42362,46.75468,46.8615,46.2277,51.22499,50.21952,48.25971,49.64877,49.39636,55.07268,48.37355,48.76474,51.10773,48.02083,53.33854,53.85165,49.64877,51.62364,50.60632,52.35456,50.60632,50.11986,54.20332,52.43091,51.08816,55.97321,56.72742,55.97321,60.1415,54.45181,59.5483,58.25805,63.65532,58.89822,59.46427,64.44377,67.62396,61.7171,64.53681,72.62231,76.2168,62.482,72.34639,74.27651,72.34639
11.6619,11.6619,10.81665,11.6619,10.81665,10.81665,10.81665,10.81665,10.81665,9.21954,10.63015,9.89949,9.89949,9.89949,9.89949,9.89949,9.89949,9.21954,9.21954,9.21954,9.21954,10.0,9.21954,9.43398,10.0,10.0,10.0,10.0,10.0,10.0,9.21954,9.21954,9.21954,9.21954,9.21954,8.48528,9.21954,8.48528,7.81025,7.81025,7.2111,7.2111,7.2111,6.7082,5.83095,5.83095,5.83095,5.83095,4.47214,4.47214,5.38516,4.12311,73.79024,64.4748,65.78754,63.60031,66.48308,65.55151,60.40695,64.19502,59.77458,57.77543,56.921,55.9017,57.72348,51.86521,55.36244,54.34151,56.08921,54.58938,52.17279,49.64877,54.14795,48.16638,50.01,49.0408,51.0,53.33854,51.0098,48.01042,49.0102,51.0098,52.03845,56.0,50.0,51.0392,46.0,48.25971,50.15974,47.38143,49.16299,48.37355,46.27094,49.0306,45.35416,45.35416,43.41659,37.85499,42.15448,40.16217,36.76955,36.67424,33.54102,32.64966,32.24903,24.69818,27.45906,28.01785,27.58623,34.05877,34.36568,33.0,33.95585,34.9285,36.34556,37.36308,35.17101,43.32436,40.16217,42.94182,42.54409,46.09772,49.1935,49.24429,47.50789,50.47772,52.15362,51.86521,50.80354,50.47772,51.08816,50.60632,51.85557,55.9017,53.15073,49.67897,52.49762,50.80354,51.85557,49.20366,52.20153,53.82379,53.60037,51.97115,51.88449,52.69725,54.70832,56.30275,57.45433,57.24509,55.03635,59.09315,60.92618,61.46544,57.93962,63.56099,64.84597,71.51224,65.19202,65.9242,72.8011,73.92564,63.15853,70.38466,73.38937,73.73602
12.04159,12.04159,11.04536,11.04536,11.04536,11.04536,11.04536,11.18034,10.04988,9.21954,10.19804,10.19804,10.19804,9.21954,9.21954,10.44031,9.48683,9.48683,9.84886,9.48683,9.48683,9.84886,9.48683,9.84886,9.84886,9.84886,9.84886,9.48683,9.48683,9.48683,9.48683,9.48683,9.48683,9.21954,9.21954,9.21954,9.05539,8.06226,8.06226,8.06226,7.0,7.0,7.0,7.0,6.0,6.08276,6.08276,5.09902,5.09902,4.12311,4.12311,4.47214,69.2026,66.4003,65.80274,63.89053,67.47592,64.03124,62.00806,63.41136,60.80296,59.03389,57.38467,58.0,59.46427,51.62364,53.03772,53.74012,55.86591,52.80152,51.73973,50.44799,52.40229,51.40039,49.64877,50.47772,48.27007,50.0,48.01042,53.33854,51.0392,52.15362,52.47857,54.08327,48.60041,53.25411,51.62364,48.16638,50.80354,48.01042,50.0,48.16638,47.38143,46.01087,45.0,44.20407,46.40043,42.80187,38.58756,39.11521,34.66987,33.54102,34.88553,32.64966,32.64966,26.24881,25.07987,26.92582,25.70992,34.9285,33.10589,34.0,33.83785,35.22783,31.62278,35.80503,38.60052,41.7732,42.52058,41.7732,44.04543,46.01087,45.60702,47.01064,47.70744,51.10773,51.61395,51.62364,50.11986,49.73932,55.4617,49.64877,48.10405,52.3259,52.35456,48.70318,51.47815,49.39636,51.88449,49.1935,52.80152,49.24429,52.15362,51.97115,52.47857,49.39636,56.30275,51.86521,61.03278,57.68882,56.63921,55.60576,62.20129,61.61169,55.15433,62.24147,64.38167,65.11528,67.47592,64.38167,69.31089,71.8401,63.78087,72.62231,71.21798,70.17834
13.0384,13.0384,12.0,12.04159,12.04159,12.04159,12.0,11.0,11.0,11.0,11.0,11.04536,11.04536,10.04988,10.04988,10.19804,11.18034,10.19804,10.19804,10.19804,10.19804,10.19804,10.19804,10.44031,10.19804,10.44031,10.44031,10.19804,10.19804,10.19804,10.19804,10.19804,10.04988,10.04988,10.04988,10.04988,10.0,9.0,9.05539,9.05539,8.06226,8.06226,8.06226,7.07107,7.28011,6.32456,6.32456,6.32456,6.32456,5.38516,5.83095,5.83095,68.88396,63.25346,65.8559,64.38167,63.78087,65.79514,58.0517,64.53681,56.56854,60.81118,57.28001,54.56189,54.56189,53.15073,51.08816,56.85068,55.0,50.80354,49.40648,50.11986,54.20332,45.48626,48.02083,46.61545,46.87217,46.52956,48.76474,51.0,49.73932,50.53712,50.08992,54.12947,47.85394,56.4358,51.10773,53.82379,46.04346,48.25971,47.70744,48.25971,44.10215,47.80167,44.82187,40.60788,40.31129,36.79674,41.03657,38.20995,31.89044,34.20526,29.41088,31.38471,26.92582,24.18677,26.57066,23.08679,27.85678,29.96665,35.34119,28.01785,34.1321,35.22783,40.0,36.05551,35.60899,39.62323,41.7732,41.7732,44.59821,45.34314,48.16638,48.82622,44.65423,51.40039,48.25971,49.73932,51.10773,45.65085,51.42956,45.65085,50.08992,50.69517,52.7731,53.23533,54.3783,51.47815,56.4358,49.64877,55.9017,51.97115,53.22593,53.33854,54.3783,49.92995,54.81788,52.43091,55.21775,59.81639,55.31727,59.5483,62.36986,65.94695,60.959,63.70243,65.11528,63.65532,63.89053,68.62215,70.00714,73.87828,62.93648,67.20863,75.69016,72.13876
13.15295,13.15295,12.04159,12.16553,12.16553,12.04159,11.04536,11.04536,12.04159,11.0,11.0,11.0,11.0,10.04988,10.0,11.04536,10.04988,10.04988,10.19804,10.04988,10.04988,10.04988,10.04988,10.19804,10.19804,10.19804,10.19804,10.19804,10.19804,10.19804,9.05539,10.04988,10.04988,10.04988,10.0,10.0,10.0,9.0,9.05539,8.06226,8.06226,8.06226,7.28011,7.28011,7.28011,6.32456,6.32456,6.32456,6.32456,5.38516,5.38516,5.83095,74.68601,67.54258,71.58911,66.64083,69.97142,64.66065,57.69749,62.64982,58.59181,59.36329,53.53504,55.22681,58.5235,51.61395,54.45181,55.31727,56.72742,53.03772,53.07542,48.83646,53.90733,47.42362,52.00961,48.79549,48.79549,53.8145,53.41348,54.03702,49.20366,53.60037,54.6443,57.2014,46.69047,53.00943,47.20169,52.3259,49.57822,50.93133,52.40229,48.83646,50.24938,43.27817,46.61545,46.8615,44.20407,39.66106,38.83298,34.48188,34.43835,31.7805,33.10589,28.23119,28.23119,25.29822,25.07987,26.24881,25.31798,33.30165,35.4683,33.24154,38.41875,36.12478,38.27532,39.35734,38.58756,43.82921,37.21559,44.72136,45.17743,47.88528,50.15974,52.81098,47.12749,53.75872,51.41984,56.04463,53.60037,51.97115,55.3263,52.17279,53.36666,57.55867,53.36666,54.12947,55.9017,52.61179,56.88585,48.05206,56.04463,53.15073,57.72348,55.7853,55.08176,53.48832,57.38467,57.27128,60.37384,59.46427,58.18075,61.7171,65.76473,64.41273,62.24147,66.18912,68.60029,65.36819,66.18912,66.24198,69.64194,72.89719,67.74216,73.92564,75.591,76.92204
12.08305,12.08305,11.18034,11.18034,11.18034,10.29563,11.18034,10.29563,10.29563,10.29563,10.29563,10.0,10.0,10.0,8.60233,10.0,9.21954,10.0,9.21954,9.21954,9.21954,9.21954,9.21954,9.89949,9.89949,9.89949,9.89949,9.89949,9.21954,9.89949,9.21954,9.21954,9.21954,8.60233,9.43398,9.43398,8.94427,8.06226,6.7082,6.7082,7.61577,6.7082,6.32456,6.32456,6.32456,5.38516,5.09902,5.09902,5.09902,4.12311,4.0,4.0,72.11103,67.77905,70.60453,67.18631,65.80274,65.45991,62.62587,62.62587,59.46427,57.97413,53.60037,58.0517,61.39218,52.39275,53.46027,56.32051,51.62364,55.44367,49.36598,49.81967,54.08327,52.00961,53.08484,50.03998,47.01064,53.0,51.08816,52.03845,51.0098,52.00961,50.0,50.03998,48.0,51.0,46.27094,50.03998,46.0,51.0392,45.04442,45.54119,47.07441,44.91102,42.44997,42.37924,39.84972,40.26164,37.85499,36.40055,32.20248,32.69557,32.69557,32.69557,26.83282,27.80288,25.80698,24.41311,24.83948,33.37664,34.52535,34.1321,37.05401,38.20995,39.11521,37.21559,40.31129,39.45884,40.1995,44.38468,46.8188,47.07441,45.18849,49.76947,50.69517,55.9464,49.64877,50.69517,55.4617,49.1935,54.3783,52.83938,51.86521,55.75841,54.20332,51.61395,49.92995,47.16991,54.58938,50.77401,50.0,50.77401,53.7122,55.9464,57.24509,54.12024,56.85948,57.77543,60.74537,58.18935,60.08328,61.98387,60.44005,64.28841,66.21933,65.30697,65.62012,70.34202,67.91171,66.76077,69.857,71.30919,70.34202,71.16881,74.46476,68.15424
13.45362,12.72792,12.72792,12.80625,12.04159,12.04159,11.31371,11.31371,11.31371,10.63015,11.31371,10.63015,10.63015,10.63015,10.63015,10.81665,10.81665,10.0,10.81665,10.29563,10.29563,10.29563,10.29563,10.29563,10.29563,10.29563,10.29563,10.81665,10.81665,10.29563,10.0,10.81665,10.0,10.0,10.0,9.21954,9.21954,8.48528,8.48528,8.48528,7.81025,7.81025,7.81025,7.07107,6.40312,6.40312,6.40312,5.83095,5.83095,5.83095,5.38516,5.38516,72.1734,63.50591,68.593,64.62971,63.28507,61.81424,62.39391,67.74216,60.01666,57.55867,54.12947,52.17279,58.94065,48.83646,51.41984,52.88667,57.00877,52.49762,51.5461,50.56679,52.3259,47.75982,51.62364,50.53712,50.11986,51.89412,48.76474,49.76947,49.64877,51.88449,48.76474,50.53712,47.92703,54.626,47.42362,50.32892,51.07837,43.08132,50.59644,44.27189,44.72136,39.05125,45.17743,43.56604,38.0526,32.24903,38.11824,35.0571,32.0,30.01666,33.13608,27.0,26.1725,25.96151,26.01922,22.80351,21.84033,34.20526,37.73592,34.88553,38.91015,38.07887,37.0,37.36308,41.10961,38.62642,42.2019,43.73786,46.69047,47.51842,50.63596,56.14268,48.25971,55.22681,46.0,52.15362,52.08647,54.14795,54.33231,51.15662,53.75872,54.12947,54.45181,53.33854,58.54912,52.46904,56.00893,48.25971,56.32051,51.0098,53.0,54.03702,56.0803,53.03772,59.00847,59.00847,55.3263,61.13101,53.93515,63.50591,61.40033,62.80127,60.40695,62.36986,63.95311,66.28725,67.47592,69.87131,69.87131,71.70077,69.05071,73.82412,76.11833,69.87131
12.08305,12.08305,11.18034,11.18034,11.18034,10.77033,11.18034,10.29563,10.29563,9.43398,10.29563,10.81665,10.0,10.0,9.21954,10.63015,9.21954,9.21954,9.21954,9.21954,9.21954,9.89949,9.89949,9.21954,9.89949,9.89949,9.89949,9.89949,9.89949,9.89949,9.21954,9.21954,9.21954,9.21954,9.43398,8.60233,8.60233,8.06226,8.06226,7.2111,7.61577,6.7082,6.7082,6.7082,6.32456,5.38516,5.38516,5.09902,5.09902,4.12311,5.09902,4.12311,73.57309,68.26419,72.00694,69.31811,64.00781,65.73431,62.76942,64.41273,60.82763,63.50591,61.7414,55.03635,57.93962,51.89412,52.80152,51.89412,58.30952,51.5461,54.42426,52.81098,56.04463,51.92302,50.01,51.41984,48.83646,51.66237,49.47727,50.01,48.76474,57.55867,53.36666,56.75385,48.76474,52.95281,49.24429,55.08176,52.17279,50.44799,50.44799,49.76947,47.75982,44.38468,46.64762,43.41659,40.31129,38.58756,39.96248,36.71512,34.82815,33.42155,32.55764,32.20248,29.0,25.4951,29.0,25.80698,24.41311,33.24154,36.05551,35.01428,40.31129,39.05125,36.87818,38.83298,43.41659,44.64303,41.4367,45.31004,47.42362,49.98,51.89412,50.11986,51.10773,53.33854,48.82622,54.08327,55.47071,51.0392,54.81788,52.49762,53.2635,56.58622,57.62812,54.67175,55.17246,47.50789,53.90733,50.44799,57.62812,56.85948,56.0357,56.0357,54.40588,52.69725,58.60034,56.85948,59.05929,59.68249,59.48109,62.76942,63.07139,63.95311,64.88451,62.64982,65.74192,66.18912,63.50591,68.96376,76.47876,73.92564,68.96376,71.58911,74.68601,73.82412
12.64911,12.36932,12.36932,11.7047,12.36932,11.40175,11.18034,11.18034,11.18034,10.19804,10.19804,11.04536,10.04988,10.04988,10.04988,10.0,10.0,10.0,9.0,10.0,10.0,10.04988,10.04988,10.04988,10.04988,10.04988,10.04988,10.04988,10.04988,10.04988,9.0,10.0,10.0,9.0,10.0,10.04988,9.05539,9.05539,8.24621,8.06226,8.24621,7.28011,7.28011,7.28011,6.32456,6.32456,6.32456,6.32456,5.83095,5.83095,5.83095,5.0,67.44627,66.76077,70.00714,61.84658,66.40783,60.53924,63.69458,63.24555,59.61543,59.09315,59.5063,56.0803,57.24509,54.23099,50.56679,52.69725,52.47857,53.53504,48.02083,47.80167,53.8145,47.20169,49.51767,52.40229,48.9183,50.9902,51.66237,48.79549,50.32892,48.10405,48.08326,50.93133,54.48853,49.49747,49.51767,50.80354,51.73973,49.0408,46.61545,45.80393,48.01042,47.70744,48.8774,40.70626,41.59327,39.44617,40.31129,38.8973,34.17601,35.4683,31.38471,28.44293,28.16026,28.28427,25.70992,25.0,25.07987,34.65545,33.6006,34.98571,37.57659,36.24914,40.70626,40.31129,40.71855,44.01136,44.64303,45.22168,46.84015,48.50773,50.9902,45.89118,50.80354,54.74486,51.35173,51.24451,52.15362,56.0803,55.22681,55.00909,53.0,56.0357,58.0,55.08176,53.08484,53.0,55.22681,53.15073,54.23099,55.08176,55.08176,56.4358,53.33854,55.54278,57.31492,53.75872,57.72348,58.46366,59.48109,60.16644,60.72891,57.56735,59.13544,61.7414,67.23095,66.48308,70.2282,68.30813,68.942,72.11103,72.09022,75.39231,69.28925,75.61085
12.20656,12.20656,11.40175,11.40175,10.0,10.81665,10.63015,10.63015,10.0,9.89949,10.63015,9.89949,9.89949,9.21954,9.89949,9.21954,9.21954,9.21954,10.0,10.0,10.0,9.43398,10.0,9.43398,10.0,10.0,10.0,10.0,10.0,10.0,10.0,10.0,9.21954,9.21954,9.21954,8.48528,9.21954,7.81025,7.81025,7.81025,7.2111,7.2111,7.2111,5.83095,5.83095,5.83095,5.83095,5.38516,4.47214,4.47214,4.12311,4.12311,71.86793,73.1642,74.46476,70.83784,71.16881,65.78754,61.98387,65.19202,60.08328,55.7853,60.72891,58.46366,59.66574,53.16014,52.20153,54.74486,53.33854,56.4358,50.01,55.08176,57.00877,53.46027,49.0102,54.08327,54.00926,53.00943,52.03845,53.08484,55.00909,55.22681,55.0,58.07753,50.03998,51.15662,55.14526,54.08327,51.35173,51.24451,53.33854,49.81967,53.46027,50.01,45.60702,46.87217,42.05948,41.48494,38.07887,37.94733,37.57659,34.53983,34.48188,33.12099,32.64966,27.80288,28.84441,28.6007,24.75884,37.85499,35.69314,37.05401,37.12142,41.04875,39.05125,39.11521,40.1995,46.38965,42.42641,45.35416,48.05206,48.83646,56.04463,48.08326,52.81098,58.87274,57.00877,51.47815,54.58938,55.9464,56.79789,55.00909,54.58938,55.07268,55.07268,59.68249,56.60389,54.20332,56.4358,53.66563,56.35601,51.42956,56.36488,58.18075,59.03389,53.22593,56.64804,57.00877,59.13544,59.13544,60.41523,61.40033,64.56005,57.97413,58.69412,64.84597,70.34202,68.68042,72.53275,70.0928,74.73286,74.33034,68.96376,76.24303,74.04053,71.7844
13.0,12.0,12.04159,12.0,12.0,11.0,11.04536,11.04536,11.04536,11.04536,11.04536,11.18034,10.19804,10.19804,10.19804,10.44031,10.44031,10.44031,9.48683,10.44031,9.48683,10.44031,10.44031,9.84886,10.44031,10.77033,10.44031,10.44031,10.44031,10.44031,9.21954,10.19804,10.19804,10.19804,10.19804,10.04988,10.04988,9.0,8.0,8.0,8.0,8.0,8.06226,7.07107,7.07107,7.07107,6.08276,6.32456,6.32456,5.38516,5.38516,5.38516,71.21798,64.38167,72.24957,65.19202,68.60029,62.36986,60.20797,63.89053,58.89822,63.25346,57.2014,57.14018,54.6443,52.80152,55.07268,53.23533,56.0803,53.22593,53.23533,47.92703,56.46238,50.32892,50.15974,48.10405,47.42362,49.0408,46.48656,48.70318,48.46648,52.63079,50.0,56.04463,50.92151,52.20153,50.28916,53.22593,52.80152,51.89412,50.9902,47.01064,48.75449,46.52956,47.43416,39.96248,42.80187,37.80212,41.10961,35.35534,36.87818,36.87818,32.55764,30.4795,30.0,27.65863,27.29469,25.0,25.05993,33.95585,33.24154,32.69557,41.59327,38.07887,34.88553,36.89173,39.96248,41.88078,41.88078,46.8615,45.45327,49.64877,50.91169,54.45181,47.38143,53.8145,53.15073,56.85068,50.60632,48.60041,54.6443,52.80152,54.6443,53.25411,54.03702,54.70832,56.30275,51.42956,55.21775,50.80354,56.61272,55.21775,51.85557,58.60034,53.8145,53.90733,55.17246,58.0,58.69412,61.55485,59.39697,62.28965,60.10824,64.53681,66.70832,67.35726,67.35726,69.52697,64.53681,66.8431,71.40028,73.10951,66.4003,74.27651,75.28612,73.59348
12.04159,11.31371,10.63015,11.31371,11.31371,10.63015,10.63015,10.63015,10.63015,10.0,10.0,9.43398,9.43398,9.43398,9.43398,9.43398,9.43398,8.94427,8.94427,8.94427,8.94427,8.94427,8.94427,8.544,8.94427,9.84886,9.84886,8.94427,9.84886,8.94427,8.94427,8.94427,8.94427,8.94427,8.60233,8.60233,8.60233,7.81025,7.81025,7.81025,7.81025,7.81025,7.07107,6.40312,6.40312,5.83095,5.83095,5.83095,5.83095,5.83095,5.38516,5.09902,72.33948,65.30697,66.37017,64.77654,64.38167,62.64982,59.3043,64.77654,51.62364,58.21512,55.14526,55.14526,58.00862,49.0102,54.03702,54.0,57.00877,49.16299,53.46027,49.0408,53.15073,50.35871,50.9902,48.6621,46.32494,51.78803,48.27007,51.41984,51.78803,51.66237,51.41984,54.58938,50.69517,53.36666,53.15073,50.48762,48.83646,49.64877,50.24938,48.04165,46.0,46.04346,47.09565,43.04649,41.10961,37.48333,40.4475,36.13862,36.40055,34.9285,31.57531,31.95309,29.42788,25.05993,25.07987,27.73085,27.65863,33.83785,33.54102,32.55764,41.10961,37.05401,37.33631,42.0119,39.0,43.01163,39.05125,45.27693,45.01111,50.9902,50.80354,49.72927,48.08326,53.60037,49.47727,55.10898,52.0,51.62364,55.02727,51.62364,55.03635,55.03635,54.626,53.7122,55.9464,52.0,55.15433,53.31041,57.00877,53.48832,50.59644,51.26402,56.30275,55.54278,60.72891,55.7853,59.03389,60.41523,59.03389,61.0,61.40033,62.514,63.3877,60.40695,65.06919,67.1193,62.96825,69.72087,70.34913,75.80237,66.61081,73.68175,74.8131,67.18631
12.36932,11.40175,12.36932,12.36932,12.36932,11.40175,10.44031,10.44031,10.44031,10.77033,10.44031,10.77033,10.77033,9.84886,9.84886,10.29563,9.43398,10.29563,10.29563,10.29563,10.29563,10.29563,10.29563,10.29563,10.29563,9.43398,9.43398,10.29563,10.29563,10.29563,9.84886,10.29563,9.84886,9.84886,9.84886,9.84886,8.544,8.24621,8.24621,8.24621,8.06226,7.07107,7.07107,7.07107,6.08276,6.08276,6.08276,6.0,6.0,5.0,5.0,5.09902,72.44998,71.34424,72.09022,66.24198,68.42514,62.64982,63.95311,63.95311,62.64982,57.24509,56.36488,54.56189,53.48832,55.65968,57.24509,51.24451,52.88667,55.08176,50.96077,49.0306,50.63596,49.0306,51.78803,53.15073,51.1957,47.85394,49.64877,52.23983,52.34501,50.48762,49.25444,51.47815,52.7731,53.46027,49.36598,46.84015,55.9017,50.48762,52.88667,46.57252,45.12206,43.46263,43.46263,42.04759,39.35734,38.47077,35.35534,41.14608,32.24903,31.76476,31.40064,29.41088,27.20294,28.3196,30.4795,24.04163,21.9545,33.06055,33.0,40.1995,39.45884,39.29377,38.07887,40.5216,40.8534,43.65776,43.82921,44.38468,48.30114,47.50789,52.35456,52.47857,51.31277,54.70832,53.60037,52.15362,54.03702,52.49762,58.60034,55.97321,55.31727,55.15433,52.34501,53.75872,54.67175,55.22681,55.97321,52.49762,58.0517,54.67175,57.62812,56.61272,59.46427,55.75841,56.61272,57.80138,58.30952,61.05735,58.18075,62.26556,68.0,59.16925,66.70832,65.30697,66.21178,70.00714,72.09022,70.26379,71.69379,69.35416,69.35416,76.05919,76.15773,75.39231
12.80625,11.40175,12.20656,11.40175,12.20656,10.0,10.81665,10.81665,10.81665,10.81665,10.81665,10.29563,10.29563,10.29563,9.84886,10.77033,9.84886,9.84886,9.48683,9.48683,9.48683,9.48683,9.84886,9.48683,9.48683,9.48683,9.48683,10.44031,9.48683,10.77033,9.48683,9.48683,9.48683,9.84886,8.94427,9.43398,8.60233,8.06226,7.2111,7.2111,7.81025,6.40312,7.2111,6.40312,6.40312,5.65685,5.65685,5.65685,5.65685,4.24264,5.0,4.47214,69.46222,71.25307,67.44627,65.11528,66.70832,61.0,59.20304,62.0967,57.72348,53.15073,56.61272,53.45091,57.00877,52.81098,51.5461,52.55473,53.22593,53.85165,51.89412,49.65884,48.8774,50.56679,49.40648,47.01064,50.24938,47.16991,49.64877,47.43416,48.02083,53.85165,46.64762,48.82622,45.22168,47.70744,48.8774,48.76474,46.14109,47.41308,47.88528,48.33218,45.61798,45.54119,41.4367,40.16217,38.8973,38.07887,36.49658,32.75668,31.14482,29.15476,30.14963,29.27456,27.45906,24.02082,23.02173,27.07397,22.80351,34.88553,34.48188,35.34119,36.05551,38.27532,37.33631,41.0,37.85499,40.60788,42.75512,45.70558,46.27094,47.38143,49.09175,47.01064,51.0392,51.0392,52.0,50.08992,51.08816,49.0,55.08176,52.7731,54.58938,51.35173,54.45181,52.34501,53.75872,49.25444,52.03845,49.16299,53.0,49.09175,49.16299,56.0,55.00909,51.0392,55.14526,56.0803,56.4358,59.68249,57.07013,58.0517,60.20797,56.7186,57.27128,65.11528,65.25335,67.68309,67.46851,64.03124,73.00685,71.38627,65.96969,71.02112,71.06335,66.70832
12.52996,12.52996,12.52996,12.52996,11.18034,11.18034,11.18034,11.18034,10.77033,10.77033,10.77033,10.77033,10.44031,10.44031,9.48683,10.44031,10.19804,10.44031,9.21954,10.19804,9.21954,10.19804,9.21954,10.19804,10.19804,10.19804,10.19804,10.19804,10.19804,10.19804,9.21954,9.21954,9.48683,9.48683,9.48683,8.544,8.94427,8.544,7.61577,7.61577,7.2111,7.2111,6.7082,5.83095,5.83095,5.83095,5.65685,5.0,5.0,5.0,4.24264,4.24264,69.12308,65.73431,68.00735,70.5195,68.68042,60.72891,61.40033,64.51356,60.40695,57.28001,59.13544,57.00877,57.93962,56.79789,54.78138,54.12024,56.46238,55.00909,53.22593,52.7731,51.31277,51.97115,49.20366,53.00943,50.21952,47.43416,50.21952,49.81967,51.40039,51.0392,49.0408,52.80152,51.62364,49.64877,49.73932,48.8774,48.02083,47.70744,44.72136,49.0408,45.31004,44.77723,42.05948,44.59821,40.16217,35.44009,38.07887,34.9285,32.38827,30.59412,30.59412,30.41381,25.01999,27.01851,27.07397,24.35159,25.07987,33.30165,36.06938,32.80244,38.01316,38.27532,39.96248,38.94868,38.91015,43.56604,42.48529,44.01136,45.31004,49.98,46.48656,48.50773,51.41984,53.60037,53.15073,52.17279,50.80354,52.61179,56.22277,55.14526,53.33854,58.07753,57.31492,51.08816,54.03702,55.3263,55.3263,50.15974,53.46027,55.44367,54.91812,55.57877,58.54912,57.07013,57.72348,57.00877,58.18935,59.77458,61.03278,63.32456,63.69458,60.08328,62.76942,67.62396,65.0,63.90618,70.2282,66.48308,75.76939,69.28925,70.2282,70.83784,70.93659,73.40981
12.36932,12.16553,12.16553,12.36932,12.16553,11.18034,11.18034,11.04536,11.18034,11.04536,11.04536,11.04536,11.0,11.0,10.0,11.0,10.0,10.0,10.04988,10.04988,10.04988,10.04988,10.04988,10.04988,11.04536,10.04988,11.04536,11.04536,11.04536,10.04988,10.04988,10.04988,10.0,10.0,10.04988,10.04988,9.05539,9.05539,9.05539,8.06226,8.24621,8.24621,8.24621,7.28011,6.32456,6.32456,6.32456,6.32456,5.38516,5.38516,5.83095,5.0,79.20859,67.17887,73.59348,67.20863,69.31089,67.20863,61.52235,64.66065,58.0,59.4138,58.72819,56.85068,58.60034,56.22277,58.13777,55.80323,57.2014,53.00943,57.00877,51.97115,56.93856,53.53504,52.3259,52.3259,52.39275,51.42956,48.37355,53.7122,52.3259,52.39275,52.7731,57.45433,46.95743,55.00909,49.39636,54.3783,53.23533,49.24429,50.77401,47.70744,45.60702,46.69047,45.34314,43.13931,44.82187,39.69887,41.40048,36.79674,36.40055,38.41875,36.35932,28.30194,31.06445,29.52965,25.55386,27.51363,28.86174,35.17101,37.0,32.89377,39.39543,37.12142,42.04759,38.58756,39.82462,41.18252,40.31129,46.2277,46.2277,50.0,51.73973,53.15073,50.9902,57.28001,54.56189,60.20797,53.90733,51.85557,59.20304,54.08327,53.25411,57.14018,54.91812,53.7122,53.85165,54.91812,55.75841,50.24938,60.21628,53.41348,55.31727,58.13777,55.15433,58.13777,59.46427,57.31492,60.82763,60.1415,60.82763,65.94695,61.07373,63.63961,67.00746,62.482,64.53681,66.21933,63.03174,68.41053,73.24616,72.91776,67.20863,75.74299,76.57676,75.43209
12.52996,12.52996,12.08305,12.52996,12.08305,11.6619,11.18034,11.18034,11.18034,10.77033,10.77033,10.77033,10.44031,10.44031,10.44031,10.44031,10.44031,10.44031,10.19804,10.19804,10.19804,10.19804,10.19804,10.19804,10.19804,10.19804,10.19804,10.19804,10.19804,10.44031,10.44031,10.44031,10.44031,9.48683,9.84886,9.84886,8.94427,8.94427,8.94427,8.06226,7.2111,7.2111,7.2111,7.2111,6.40312,6.40312,5.65685,5.65685,5.65685,5.65685,5.0,5.0,69.92138,68.00735,69.28925,64.51356,65.78754,64.51356,59.80803,65.19202,53.31041,58.82176,55.36244,59.23681,58.13777,51.0,53.31041,54.56189,52.3259,53.7122,54.20332,48.8774,56.0357,47.70744,50.47772,46.04346,48.01042,48.60041,50.60632,50.60632,47.50789,50.0,51.10773,55.21775,47.20169,53.2635,49.64877,48.54894,48.82622,48.76474,52.83938,46.52956,46.09772,46.06517,46.61545,42.15448,40.16217,41.4367,40.26164,38.60052,32.38827,32.38827,31.40064,29.27456,27.45906,28.07134,26.1725,26.4764,23.08679,30.80584,33.42155,33.97058,38.20995,30.0,35.0,40.80441,35.22783,41.6173,42.72002,42.94182,46.64762,49.64877,47.75982,49.64877,49.33559,49.64877,49.47727,53.45091,51.41984,53.36666,52.17279,53.75872,52.61179,50.63596,53.60037,51.35173,54.74486,51.62364,52.7731,50.21952,50.63596,54.45181,50.80354,55.10898,52.39275,55.36244,54.78138,54.81788,56.921,58.5235,56.64804,63.32456,58.30952,61.35145,58.69412,59.46427,63.07139,65.55151,67.62396,63.95311,68.54196,75.76939,66.21178,72.09022,73.73602,77.07788
11.18034,11.18034,10.44031,11.18034,10.19804,10.19804,9.48683,9.21954,9.21954,9.48683,9.48683,9.48683,9.48683,8.544,8.544,8.94427,8.94427,7.61577,8.94427,8.94427,8.94427,8.94427,8.06226,8.60233,8.94427,8.60233,8.06226,9.43398,8.94427,8.06226,8.94427,8.94427,8.94427,8.544,8.544,7.61577,7.28011,7.28011,7.07107,7.07107,7.07107,6.08276,6.0,6.0,6.0,5.0,5.0,5.09902,5.09902,5.09902,4.12311,4.12311,67.95587,69.64194,73.57309,65.0,63.52952,65.36819,59.48109,65.0,59.5399,58.13777,57.77543,52.80152,56.85948,53.31041,54.12947,51.5461,56.30275,51.5461,51.26402,50.69517,52.17279,51.1957,50.80354,50.9902,49.24429,52.95281,50.9902,54.74486,50.01,52.61179,45.54119,53.46027,50.35871,52.7731,46.87217,51.92302,48.25971,50.21952,48.27007,47.16991,43.9659,47.88528,45.18849,44.29447,41.18252,37.57659,40.24922,37.12142,37.44329,31.90611,32.44996,31.40064,24.41311,27.58623,31.1127,25.6125,27.01851,32.24903,34.71311,33.24154,35.69314,32.57299,35.73514,37.64306,37.57659,38.01316,40.70626,42.48529,42.43819,46.32494,48.02083,43.60046,47.20169,51.40039,51.66237,52.49762,52.63079,49.0408,50.20956,46.01087,50.32892,52.34501,52.34501,50.60632,52.34501,48.79549,55.17246,48.16638,56.56854,53.2635,51.73973,56.40035,52.80152,50.21952,53.82379,55.60576,53.25411,55.21775,59.05929,61.40033,59.5399,60.46487,59.68249,61.77378,59.94164,62.16912,63.13478,67.41662,64.14047,72.47068,65.0,71.56116,70.21396,70.66116
12.80625,12.04159,11.31371,12.04159,11.31371,10.63015,9.89949,10.63015,10.63015,9.89949,9.89949,10.63015,9.21954,9.21954,9.21954,10.0,9.43398,9.43398,9.43398,9.43398,9.43398,9.43398,9.43398,8.94427,9.43398,9.43398,9.43398,9.43398,8.94427,9.43398,9.43398,9.43398,9.43398,8.60233,9.21954,9.21954,8.48528,8.48528,8.48528,7.07107,7.81025,7.2111,6.40312,6.40312,6.7082,5.83095,5.83095,5.83095,5.38516,5.38516,5.38516,5.09902,70.03571,73.68175,61.29437,61.81424,70.85901,57.27128,62.96825,57.48913,60.41523,54.91812,57.97413,56.04463,57.97413,53.16014,56.04463,56.30275,52.92447,52.55473,51.26402,55.03635,50.9902,52.39275,48.30114,50.53712,49.24429,49.24429,51.42956,48.8774,47.88528,53.7122,49.73932,53.7122,50.24938,46.14109,52.83938,42.95346,44.29447,50.53712,50.32892,48.46648,43.65776,50.21952,44.64303,43.93177,39.05125,44.14748,39.20459,38.47077,29.01724,35.0,32.38827,29.15476,30.14963,27.07397,26.07681,25.4951,22.2036,30.61046,32.64966,32.69557,35.8469,37.57659,34.17601,35.4683,38.60052,40.80441,44.14748,43.41659,45.70558,45.89118,48.25971,45.09989,50.01,49.0408,53.0,45.01111,50.08992,52.23983,53.08484,56.4358,53.33854,53.93515,55.08176,55.7315,51.47815,54.45181,49.09175,51.47815,51.08816,53.03772,51.0392,53.15073,57.00877,58.00862,57.07889,58.30952,59.13544,54.08327,60.01666,58.54912,61.66036,57.55867,58.46366,60.01666,61.0,61.61169,67.26812,64.62971,70.03571,66.48308,69.72087,68.44706,70.61161,70.85901
11.18034,10.29563,10.29563,10.29563,10.29563,9.43398,9.43398,9.43398,9.43398,9.43398,9.43398,9.21954,8.60233,8.60233,8.60233,8.48528,8.48528,8.48528,8.48528,8.48528,8.48528,8.48528,8.48528,8.48528,8.48528,8.48528,8.48528,8.48528,8.48528,8.48528,8.48528,8.48528,7.81025,7.81025,7.81025,7.2111,7.2111,7.61577,6.7082,6.7082,6.32456,6.32456,6.32456,5.38516,5.09902,5.09902,5.09902,5.09902,5.0,4.0,4.0,4.0,68.42514,75.58439,64.2573,60.00833,67.62396,61.84658,66.30988,63.56099,61.46544,53.75872,56.46238,56.64804,59.48109,62.36185,54.57105,52.95281,55.9017,54.58938,49.0306,49.81967,49.09175,54.33231,49.16299,50.24938,53.08484,50.35871,52.23983,53.00943,53.03772,52.03845,52.00961,49.09175,54.14795,49.16299,50.15974,50.01,45.54119,47.67599,51.66237,45.89118,44.92215,41.76123,42.72002,39.21734,38.91015,41.23106,37.21559,34.88553,28.30194,30.01666,30.52868,30.23243,29.20616,29.41088,27.58623,26.24881,25.6125,33.24154,34.0,33.01515,34.05877,35.0571,32.24903,39.62323,36.40055,41.10961,41.76123,43.41659,45.54119,46.84015,49.76947,48.75449,50.56679,49.64877,51.10773,46.95743,51.86521,53.25411,53.60037,53.90733,49.40648,54.81788,54.08327,49.81967,51.85557,52.20153,51.0392,53.41348,53.41348,51.40039,50.0,56.0357,54.20332,56.4358,53.23533,58.59181,61.32699,57.69749,59.09315,55.15433,64.40497,55.9464,56.30275,64.2573,60.00833,70.83784,68.35203,65.55151,67.35726,65.55151,67.77905,66.40783,69.46222,75.02666
12.36932,11.40175,11.40175,11.40175,11.40175,10.44031,10.44031,10.44031,10.44031,9.84886,9.84886,9.84886,9.84886,9.84886,8.94427,10.29563,8.94427,9.84886,8.60233,8.94427,8.94427,8.94427,9.43398,8.60233,9.43398,9.43398,8.94427,9.43398,8.94427,8.94427,8.94427,8.544,8.544,8.544,8.544,8.544,8.544,7.28011,7.28011,7.07107,7.07107,6.08276,6.08276,6.08276,5.0,5.0,5.0,5.0,4.0,4.0,4.12311,4.12311,71.55418,66.03787,68.42514,65.76473,65.79514,64.84597,64.41273,63.69458,58.60034,58.18075,57.00877,56.921,57.58472,50.59644,53.75872,58.69412,57.00877,54.57105,50.0,53.45091,52.17279,53.15073,43.28972,51.97115,50.63596,49.64877,53.75872,52.61179,46.17359,53.08484,50.35871,53.46027,50.48762,50.63596,50.63596,48.08326,47.07441,46.87217,49.24429,46.57252,48.27007,44.94441,39.56008,43.46263,38.07887,35.4683,38.91015,36.23534,33.28663,31.62278,32.20248,30.0,29.41088,26.1725,29.83287,25.4951,28.01785,37.01351,35.0571,35.01428,38.32754,40.31129,37.85499,36.13862,41.4367,43.32436,38.07887,43.08132,46.61545,50.69517,50.53712,50.11986,49.09175,52.20153,52.47857,48.76474,53.60037,51.08816,57.2014,51.73973,52.80152,51.66237,57.00877,54.81788,53.8145,51.73973,55.97321,53.2635,57.00877,52.80152,53.82379,54.40588,57.42822,55.22681,56.0803,58.18075,63.07139,58.66856,62.17717,60.37384,61.26989,59.03389,63.32456,64.4748,68.35203,65.79514,67.54258,67.54258,71.17584,71.69379,68.15424,72.00694,71.58911,72.23573
12.08305,12.08305,11.7047,12.08305,12.08305,11.18034,10.77033,10.77033,10.77033,10.44031,10.77033,10.44031,10.44031,10.44031,10.19804,10.19804,10.19804,9.21954,10.04988,10.04988,10.04988,10.04988,10.19804,9.05539,10.04988,10.04988,10.04988,10.04988,10.04988,9.21954,9.21954,9.21954,9.21954,9.21954,9.48683,8.544,8.544,8.544,7.61577,7.61577,6.7082,7.2111,6.7082,5.83095,5.83095,5.83095,5.83095,5.0,5.0,5.0,4.24264,4.24264,73.68175,73.24616,68.96376,67.91171,71.56815,63.06346,57.97413,63.06346,55.02727,57.56735,57.28001,57.00877,57.87055,52.0,56.921,53.7122,50.9902,54.56189,51.07837,50.56679,52.7731,47.88528,49.64877,48.76474,48.54894,53.0,49.73932,49.09175,50.11986,51.31277,49.39636,51.47815,47.88528,49.73932,46.64762,43.38202,46.52956,48.33218,46.61545,48.46648,45.31004,42.44997,41.76123,44.01136,41.0,35.35534,36.22154,36.01389,35.12834,33.06055,31.01612,29.01724,26.01922,28.01785,24.08319,23.76973,23.76973,35.4683,36.12478,35.4683,36.40055,38.01316,39.96248,37.58989,40.24922,43.41659,39.44617,45.69464,46.23851,53.22593,49.98,49.0408,52.95281,53.85165,54.34151,53.36666,57.07013,55.10898,57.70615,51.24451,51.15662,55.22681,56.7186,59.4138,58.07753,50.35871,59.68249,52.46904,56.7186,52.23983,55.7315,54.12947,56.7186,57.07013,59.43904,55.7853,61.03278,64.28841,58.24088,63.32456,61.98387,62.96825,61.68468,65.78754,65.45991,68.15424,67.06713,65.78754,75.28612,74.72617,66.76077,73.68175,71.7844,75.02666
12.20656,12.20656,11.40175,11.40175,11.40175,10.81665,10.63015,10.0,10.63015,10.63015,10.0,10.63015,9.89949,9.89949,9.21954,9.89949,9.21954,9.21954,8.60233,9.21954,9.21954,8.60233,9.21954,8.60233,9.21954,9.21954,9.21954,9.21954,8.60233,9.21954,8.48528,9.21954,9.21954,8.48528,8.48528,9.21954,8.60233,7.81025,7.2111,7.2111,7.2111,6.7082,6.7082,5.83095,6.32456,5.38516,5.38516,5.38516,5.09902,5.09902,5.09902,5.0,69.42622,66.91039,69.857,68.15424,66.70832,62.16912,64.03124,62.0967,60.63827,55.7853,55.97321,55.36244,56.32051,51.5461,53.45091,51.26402,51.5461,53.31041,51.07837,53.7122,49.1935,50.9902,49.39636,44.65423,47.50789,47.16991,50.53712,46.64762,48.76474,51.97115,51.10773,53.7122,47.88528,48.37355,48.37355,42.94182,46.09772,45.48626,46.95743,46.09772,47.92703,47.53946,41.48494,41.48494,39.05125,38.83298,35.35534,34.71311,30.59412,31.40064,28.28427,24.08319,25.01999,25.0,25.01999,24.18677,22.13594,34.20526,33.12099,32.69557,39.35734,34.0147,38.27532,41.48494,41.4367,44.92215,43.9659,46.87217,43.28972,52.63079,44.28318,52.15362,47.0,49.09175,54.08327,50.03998,53.00943,54.0,54.08327,53.23533,54.45181,55.3263,53.75872,53.15073,52.46904,54.74486,53.0,52.08647,56.00893,53.00943,50.08992,59.03389,53.00943,55.08176,55.14526,58.03447,55.22681,60.29925,58.85576,57.27128,59.43904,60.20797,62.29767,61.18823,65.80274,66.21933,70.83078,63.56099,71.38627,70.83078,65.51336,69.12308,68.65858,68.41053
12.64911,11.7047,12.36932,11.40175,11.40175,10.44031,10.44031,10.44031,10.19804,10.19804,10.19804,10.04988,10.04988,10.04988,10.04988,10.04988,10.04988,10.04988,10.0,10.0,10.0,10.0,10.0,10.04988,10.04988,10.0,10.0,10.0,10.0,10.0,9.0,10.04988,10.04988,9.05539,9.05539,9.05539,9.21954,8.06226,8.24621,8.24621,7.28011,7.28011,7.28011,6.32456,5.38516,5.38516,5.38516,5.38516,5.38516,4.47214,4.47214,5.0,65.74192,75.27284,67.23095,68.35203,68.15424,62.76942,63.07139,60.00833,59.5399,55.54278,55.54278,55.00909,56.82429,57.3062,54.56189,53.53504,51.0392,51.86521,48.01042,54.20332,48.41487,50.80354,45.27693,48.16638,49.81967,47.50789,50.9902,50.20956,49.49747,52.40229,48.08326,48.27007,50.93133,45.27693,49.40648,45.60702,47.63402,44.04543,46.61545,49.24429,46.14109,44.29447,41.67733,40.70626,36.40055,38.62642,33.24154,36.05551,31.7805,30.01666,30.80584,27.29469,28.28427,30.06659,27.29469,26.01922,23.0,39.66106,35.4683,35.4683,36.23534,40.60788,40.22437,35.8469,38.07887,44.77723,45.65085,46.06517,47.85394,47.85394,50.53712,48.46648,52.49762,51.92302,51.41984,50.28916,53.93515,56.51548,53.15073,57.87055,51.78803,52.95281,54.34151,51.35173,50.35871,54.91812,54.81788,52.7731,50.69517,50.96077,50.21952,55.54278,55.08176,55.7853,56.04463,57.24509,55.03635,57.00877,58.69412,61.32699,64.40497,59.5063,61.77378,60.41523,64.88451,67.08204,65.39113,68.0,69.77822,67.97794,69.31811,73.3553,72.00694,69.46222
12.08305,11.18034,11.18034,11.18034,11.18034,11.18034,11.18034,10.29563,10.29563,9.43398,10.29563,10.0,9.43398,10.0,8.60233,10.0,9.21954,9.21954,9.21954,9.21954,9.21954,9.89949,9.21954,9.21954,9.89949,9.89949,9.89949,9.89949,9.89949,9.89949,9.21954,9.21954,9.21954,8.60233,8.60233,8.60233,8.60233,8.06226,7.2111,6.7082,7.61577,6.7082,6.7082,5.38516,5.38516,5.38516,5.38516,5.09902,5.09902,4.12311,4.12311,4.0,68.60029,70.17834,68.42514,68.0,68.8767,67.74216,65.76473,61.91123,56.79789,58.30952,62.96825,59.09315,58.87274,54.08327,54.42426,56.61272,55.36244,54.42426,52.49762,54.57105,55.9017,54.81788,49.49747,49.47727,50.80354,51.62364,54.23099,53.00943,51.35173,50.08992,56.22277,55.08176,50.63596,49.64877,49.49747,50.01,49.64877,51.1957,52.49762,49.47727,50.0,46.8188,43.65776,44.77723,41.78516,40.8534,40.31129,38.01316,35.34119,31.38471,33.83785,27.80288,27.80288,28.42534,28.42534,22.2036,22.62742,35.12834,35.35534,37.64306,37.94733,40.16217,38.27532,38.07887,42.54409,46.06517,46.06517,47.88528,44.94441,51.47815,52.83938,49.81967,53.07542,52.63079,54.48853,52.80152,51.62364,55.15433,55.17246,53.75872,55.17246,53.74012,57.28001,55.22681,58.0,55.44367,51.66237,53.07542,55.9017,55.15433,55.17246,55.97321,55.31727,56.0357,56.40035,59.40539,59.07622,57.68882,61.91123,57.80138,63.81222,59.36329,61.40033,63.07139,68.44706,66.64833,64.88451,68.8767,70.66116,74.43118,70.21396,70.21396,71.69379,74.79305
11.6619,12.20656,11.40175,11.6619,10.81665,10.81665,10.81665,10.0,10.0,10.63015,10.0,10.63015,9.89949,9.89949,9.21954,9.89949,9.21954,9.21954,9.21954,9.21954,9.21954,9.21954,9.21954,9.43398,10.0,10.0,10.0,9.21954,10.0,10.0,9.21954,9.21954,9.21954,8.48528,8.48528,9.21954,8.60233,7.81025,7.2111,7.81025,7.2111,7.2111,5.83095,5.83095,5.83095,5.38516,5.38516,5.38516,4.47214,4.47214,4.12311,4.12311,67.54258,69.31811,61.46544,68.942,70.93659,62.16912,62.6099,61.09828,59.61543,54.12947,54.70832,54.42426,57.24509,53.16014,54.08327,52.17279,54.12024,52.95281,47.53946,51.1957,53.46027,54.58938,48.50773,48.50773,51.62364,49.49747,50.35871,51.15662,50.35871,53.08484,49.09175,51.0392,52.15362,48.50773,50.15974,46.52956,48.6621,47.51842,45.35416,49.72927,49.0408,44.91102,44.27189,44.72136,39.21734,40.16217,37.57659,43.46263,33.12099,33.12099,33.12099,31.76476,28.30194,25.80698,27.01851,25.4951,29.0,35.01428,33.24154,36.22154,36.67424,37.85499,36.13862,37.94733,43.08132,45.54119,41.62932,43.46263,46.09772,47.85394,51.89412,47.70744,50.47772,49.92995,57.42822,46.87217,51.61395,50.21952,53.90733,50.9902,51.66237,50.9902,53.90733,53.75872,53.07542,55.31727,49.67897,50.93133,53.90733,52.00961,54.67175,54.20332,55.21775,55.47071,54.58938,53.0,58.30952,55.9464,60.82763,57.24509,66.64833,57.38467,59.23681,60.92618,63.32456,69.46222,67.62396,67.41662,68.96376,70.00714,67.62396,68.70953,64.62198,73.00685
12.08305,11.7047,12.08305,11.7047,10.77033,10.77033,9.84886,9.84886,9.84886,10.29563,10.29563,9.43398,9.43398,9.43398,9.43398,9.43398,9.21954,8.60233,9.21954,9.21954,8.60233,9.21954,8.60233,9.21954,9.21954,8.48528,9.21954,9.21954,9.21954,8.48528,8.60233,8.60233,8.60233,8.60233,8.06226,8.06226,8.06226,7.61577,7.61577,7.61577,6.32456,6.32456,6.32456,5.09902,5.09902,5.09902,5.09902,5.0,5.0,4.0,4.0,4.0,72.11103,74.84651,72.8011,66.7308,67.06713,61.35145,68.30813,63.60031,63.78871,56.61272,55.02727,56.32051,53.85165,53.36666,57.27128,55.7315,56.56854,56.4358,51.24451,50.03998,53.33854,51.0,50.03998,50.03998,50.08992,50.0,50.03998,54.00926,50.0,50.03998,48.04165,49.0102,48.01042,52.0,48.04165,50.03998,51.08816,48.6621,48.09366,45.70558,45.89118,44.40721,43.93177,45.35416,38.8973,38.8973,38.07887,40.49691,31.30495,29.06888,27.73085,27.78489,29.15476,24.69818,26.07681,23.60085,22.67157,33.37664,35.01428,36.05551,36.01389,38.11824,35.22783,38.63936,40.26164,41.97618,42.05948,44.92215,46.48656,50.32892,48.10405,46.51881,51.42956,50.56679,51.0,48.76474,53.85165,55.22681,57.98276,56.40035,54.3783,54.67175,51.31277,50.32892,54.03702,54.91812,52.43091,52.20153,55.47071,56.4358,55.56978,56.60389,52.35456,52.35456,55.54278,55.71355,60.08328,56.64804,58.18935,59.46427,65.14599,57.58472,61.98387,62.03225,63.32456,65.14599,69.57011,69.92138,65.51336,66.7308,70.00714,73.4983,73.68175,74.94665
12.16553,11.18034,11.18034,11.18034,11.18034,10.19804,10.04988,10.04988,10.04988,10.04988,10.04988,10.0,9.0,9.0,9.0,10.04988,9.05539,9.05539,9.05539,9.05539,9.05539,9.05539,9.05539,9.21954,9.05539,9.05539,9.05539,9.05539,9.05539,9.05539,8.06226,9.0,9.0,8.0,8.0,8.06226,8.06226,7.07107,7.07107,6.08276,6.08276,6.08276,6.32456,5.09902,5.38516,5.38516,4.47214,4.47214,4.47214,3.60555,3.60555,3.60555,73.00685,72.94518,68.50547,68.8186,63.41136,63.41136,63.00794,63.24555,58.00862,60.0,56.85068,58.25805,58.89822,54.48853,55.44367,56.56854,53.75872,55.17246,53.03772,50.24938,53.41348,49.67897,50.0,49.81967,54.20332,50.9902,49.0408,53.82379,51.22499,55.80323,52.43091,49.51767,50.32892,52.40229,48.27007,49.51767,50.20956,50.91169,48.10405,46.69047,45.25483,46.01087,44.94441,40.80441,40.81666,38.01316,38.07887,35.8469,31.30495,29.54657,28.79236,32.31099,29.41088,25.07987,23.76973,25.4951,24.5153,34.53983,34.88553,34.48188,37.01351,38.28838,36.79674,38.18377,41.03657,43.86342,45.34314,44.04543,45.45327,46.75468,50.80354,48.82622,49.64877,53.53504,52.7731,53.7122,53.7122,52.3259,59.5063,55.9464,54.78138,54.42426,52.92447,53.48832,58.30952,53.14132,54.12947,52.80152,54.626,54.56189,54.23099,56.82429,56.4358,54.58938,59.36329,56.4358,60.74537,61.77378,60.60528,61.61169,62.80127,58.41233,63.89053,68.11755,65.11528,69.52697,66.06815,65.8559,71.06335,69.02898,68.24954,78.00641,73.10951,78.40918
11.18034,11.18034,11.18034,11.18034,11.18034,10.29563,10.29563,9.43398,9.43398,9.43398,9.43398,9.43398,9.43398,9.43398,8.60233,9.21954,8.48528,8.48528,8.48528,9.21954,9.21954,8.48528,8.48528,8.48528,9.21954,8.48528,8.48528,9.21954,8.48528,8.48528,9.21954,9.21954,9.21954,8.60233,8.60233,8.60233,8.06226,7.61577,7.61577,6.7082,6.7082,6.32456,6.32456,5.38516,5.09902,5.09902,5.09902,5.09902,5.0,4.0,4.0,4.0,76.00658,71.02816,67.00746,65.0,65.00769,62.07254,66.27217,67.00746,60.20797,63.07139,58.21512,56.14268,55.7315,57.07889,52.34501,51.78803,56.56854,57.07013,54.81788,48.38388,55.02727,49.24429,55.54278,47.92703,48.70318,52.20153,49.0408,52.80152,50.92151,52.20153,51.47815,54.626,51.5461,53.85165,45.54119,52.49762,47.75982,51.66237,52.39275,47.85394,46.87217,46.09772,47.09565,43.41659,44.04543,41.19466,36.01389,36.12478,33.73426,34.05877,32.06244,30.80584,29.06888,30.08322,27.29469,28.4605,24.16609,31.7805,32.64966,33.83785,36.13862,38.47077,38.20995,34.71311,39.20459,40.1995,40.31129,45.01111,41.01219,50.01,47.16991,51.62364,50.01,53.23533,49.24429,55.7315,53.36666,57.72348,50.0,50.96077,59.13544,59.46427,55.02727,52.20153,54.57105,52.88667,56.61272,50.69517,55.36244,51.1957,54.58938,56.08921,51.78803,52.23983,56.29387,55.3263,59.13544,58.07753,55.03635,59.0,62.0,60.07495,59.21149,62.07254,67.26812,66.06815,65.00769,71.00704,70.00714,70.00714,66.0303,73.17103,74.10803,73.00685
12.52996,12.52996,11.6619,11.6619,11.6619,11.6619,10.81665,10.81665,10.81665,10.0,10.81665,10.0,10.0,10.0,9.21954,9.89949,9.89949,9.89949,9.21954,9.21954,9.89949,9.21954,9.89949,10.0,9.21954,10.0,9.21954,9.21954,9.21954,9.89949,9.21954,9.89949,9.89949,9.21954,9.21954,9.21954,8.60233,8.60233,8.06226,8.06226,8.06226,8.06226,7.61577,6.7082,6.7082,6.32456,6.32456,6.32456,5.38516,5.09902,5.09902,5.0,73.5527,66.4906,70.34913,63.95311,58.69412,66.48308,60.13319,64.62971,55.22681,61.29437,58.00862,59.00847,57.03508,53.00943,56.0,52.00961,52.00961,49.09175,50.15974,50.24938,56.88585,51.24451,50.01,48.50773,46.52956,49.64877,46.09772,53.15073,48.83646,51.41984,49.0306,57.48913,47.85394,51.78803,45.88028,51.62364,49.64877,47.29693,44.28318,47.51842,45.09989,48.0,45.04442,41.30375,42.04759,40.0125,42.57934,33.24154,36.87818,35.69314,31.04835,29.83287,25.07987,27.85678,25.63201,26.0,25.4951,32.24903,33.01515,31.06445,34.1321,33.01515,40.4475,36.22154,38.32754,41.4367,39.62323,45.12206,44.92215,46.57252,49.0408,50.92151,47.42362,54.70832,47.01064,53.85165,53.7122,51.47815,52.47857,51.10773,53.23533,51.97115,53.7122,52.15362,53.33854,51.10773,55.00909,45.17743,56.79789,54.626,55.4617,52.20153,54.42426,50.15974,58.5235,56.32051,56.921,59.20304,55.7853,58.46366,56.75385,63.06346,61.0,60.01666,64.53681,59.84146,64.93843,66.09841,67.74216,69.2315,64.32729,67.60178,75.32596,65.62012
10.77033,10.29563,11.18034,11.18034,10.29563,9.84886,9.43398,9.43398,9.43398,9.43398,9.43398,9.43398,9.43398,8.60233,8.60233,9.21954,8.48528,8.48528,8.48528,8.48528,8.48528,9.21954,8.48528,8.48528,8.48528,8.48528,9.21954,9.21954,9.21954,8.48528,8.48528,8.48528,8.48528,8.48528,7.81025,7.81025,8.06226,8.06226,8.06226,6.7082,6.7082,6.7082,6.32456,5.38516,5.38516,5.38516,5.38516,5.09902,5.09902,4.12311,4.0,4.0,68.00735,66.21933,73.5459,65.96969,64.32729,63.56099,64.32729,66.48308,57.87055,57.70615,53.60037,57.70615,57.07013,52.61179,53.08484,53.08484,57.00877,53.00943,52.00961,50.01,55.03635,49.0408,51.47815,52.23983,50.24938,50.03998,48.16638,55.9017,54.45181,53.75872,49.49747,52.34501,50.08992,50.63596,49.64877,53.0,52.08647,49.09175,50.01,46.09772,46.0,50.15974,46.27094,47.26521,42.57934,38.47077,38.32754,36.87818,37.36308,31.7805,32.57299,29.73214,31.38471,25.4951,27.73085,29.06888,23.70654,34.36568,35.22783,33.0,37.21559,38.20995,35.12834,36.22154,35.90265,42.72002,41.23106,43.17407,47.29693,46.57252,48.33218,50.15974,48.8467,53.7122,47.53946,49.65884,53.85165,54.70832,53.33854,50.80354,54.3783,51.40039,54.20332,49.39636,55.56978,51.86521,55.47071,48.02083,53.25411,52.35456,52.35456,52.35456,52.3259,48.75449,52.39275,55.15433,59.13544,61.68468,53.85165,63.89053,59.90826,53.75872,63.34824,59.48109,65.96969,62.58594,65.73431,63.78871,68.88396,67.35726,63.06346,68.65858,73.97973,71.06335
13.0,12.08305,12.08305,12.08305,11.7047,11.7047,11.40175,10.44031,11.40175,10.44031,10.44031,10.44031,10.44031,10.44031,10.19804,10.04988,10.04988,10.04988,10.04988,10.04988,10.04988,10.0,10.04988,10.04988,10.04988,10.0,10.0,10.0,10.0,10.0,10.04988,10.04988,10.04988,10.04988,10.04988,9.05539,9.21954,8.544,8.544,8.544,8.24621,8.24621,7.61577,7.61577,6.7082,6.7082,6.7082,6.7082,5.83095,5.83095,6.40312,5.0,67.23095,68.0,67.08204,63.95311,63.13478,59.03389,65.51336,58.18075,57.80138,59.36329,52.43091,53.82379,52.80152,59.64059,48.60041,55.22681,54.67175,48.41487,48.9183,53.03772,50.91169,47.38143,48.41487,47.42362,50.93133,49.0408,51.22499,49.81967,46.69047,50.80354,49.0408,48.41487,50.24938,55.22681,51.66237,50.24938,50.20956,49.49747,48.41487,44.59821,45.34314,44.40721,41.04875,45.48626,38.47077,38.83298,35.35534,37.57659,33.61547,33.54102,29.52965,28.17801,30.67572,22.84732,29.27456,26.1725,22.09072,30.61046,33.24154,32.20248,39.66106,34.20526,37.21559,39.96248,41.34005,41.88078,44.94441,42.19005,44.72136,45.65085,47.42362,49.39636,50.28916,53.75872,50.44799,50.44799,51.41984,52.17279,53.36666,56.08921,53.93515,52.17279,53.75872,51.78803,54.58938,52.61179,52.95281,49.81967,56.75385,52.39275,52.63079,56.30275,53.45091,55.15433,53.31041,50.92151,58.69412,55.15433,58.18075,59.03389,59.5063,54.12024,63.81222,64.00781,61.91123,64.00781,65.36819,65.8635,70.45566,69.77822,69.31811,75.13322,68.60029,73.43024
13.0,12.08305,12.52996,13.0,12.08305,11.18034,11.18034,11.18034,11.18034,11.6619,10.81665,10.81665,10.81665,10.81665,10.81665,10.63015,10.63015,10.63015,10.63015,10.63015,10.63015,10.63015,9.89949,10.63015,11.31371,9.89949,10.63015,11.31371,10.63015,10.63015,10.63015,10.63015,10.63015,10.0,10.0,10.0,9.43398,9.43398,9.43398,8.94427,8.06226,7.61577,7.61577,6.7082,6.7082,6.32456,6.32456,6.32456,6.32456,6.32456,5.09902,5.09902,70.76722,70.83784,66.0303,65.43699,65.60488,63.25346,62.62587,62.62587,56.93856,55.47071,56.0803,51.97115,55.75841,54.6443,48.02083,50.53712,56.36488,55.71355,52.92447,49.39636,53.48832,49.76947,45.88028,49.33559,46.17359,54.08327,44.64303,48.50773,48.27007,51.97115,50.28916,53.45091,49.33559,52.20153,49.98,52.55473,44.59821,49.33559,52.39275,44.72136,43.38202,42.05948,44.77723,44.77723,44.94441,40.49691,39.62323,37.44329,32.80244,31.14482,32.64966,30.61046,31.1127,28.3196,27.01851,26.41969,22.82542,34.78505,35.1141,35.8469,36.05551,38.07887,35.51056,36.89173,39.66106,45.80393,40.0,44.04543,44.68781,47.63402,46.69047,49.57822,46.2277,51.62364,50.0,49.57822,52.63079,53.07542,54.3783,50.60632,51.86521,56.30275,54.81788,53.0,54.08327,51.86521,52.80152,48.82622,51.61395,52.00961,55.44367,55.31727,55.9017,53.03772,55.17246,55.86591,58.0,58.0517,62.482,65.11528,60.87693,59.20304,58.13777,62.42596,62.80127,66.0303,67.00746,67.80118,68.50547,70.60453,63.25346,71.21798,72.67049,69.63476
12.04159,11.04536,11.04536,11.04536,10.04988,11.04536,10.19804,10.19804,10.19804,9.21954,10.19804,10.44031,9.21954,9.48683,9.48683,9.48683,9.84886,8.544,8.94427,8.544,8.544,9.84886,9.84886,8.94427,9.84886,9.84886,9.84886,9.84886,9.84886,9.84886,8.544,8.544,8.544,8.24621,9.21954,8.24621,8.24621,7.07107,7.07107,7.07107,7.0,7.0,6.0,6.0,6.0,5.09902,5.09902,5.09902,4.12311,4.12311,4.12311,4.12311,67.26812,66.70832,67.94115,66.48308,62.24147,65.79514,62.24147,65.06919,60.10824,63.03174,56.63921,57.80138,55.60576,50.32892,53.03772,54.40588,57.42822,49.40648,52.47857,51.97115,57.3062,52.83938,53.66563,50.53712,48.8774,47.70744,47.41308,51.0,50.08992,52.3259,50.11986,51.07837,47.01064,53.66563,50.53712,54.20332,48.02083,49.24429,47.43416,52.69725,47.20169,45.0,42.42641,41.10961,40.31129,37.48333,38.28838,33.97058,35.38361,33.97058,31.82766,30.61046,28.84441,26.07681,27.45906,24.69818,23.4094,32.31099,34.43835,31.76476,38.83298,34.4093,36.61967,39.66106,39.05125,43.93177,39.69887,45.27693,46.8615,48.79549,47.50789,50.60632,47.43416,53.00943,49.92995,56.61272,52.47857,50.53712,53.7122,52.3259,52.3259,53.31041,55.03635,52.0,59.9333,48.30114,55.56978,48.8774,54.12024,51.0,52.69725,54.3783,52.80152,52.00961,56.85068,56.40035,55.0,57.48913,56.0803,58.72819,59.46427,62.96825,59.4138,60.81118,63.03174,64.53681,59.39697,65.79514,67.88225,69.31089,66.48308,73.53911,75.69016,70.00714
11.40175,11.40175,11.40175,11.40175,11.40175,10.44031,10.19804,10.19804,10.19804,10.19804,10.19804,10.04988,10.04988,9.05539,9.05539,10.0,9.0,9.0,9.05539,9.05539,9.0,9.05539,9.0,9.05539,9.05539,9.05539,9.05539,9.05539,9.05539,9.0,9.0,9.0,9.0,9.05539,8.06226,8.06226,8.24621,8.24621,7.28011,7.28011,7.28011,6.32456,6.32456,6.32456,5.83095,5.83095,5.83095,5.83095,5.0,5.0,4.24264,4.24264,70.60453,71.56116,63.41136,65.21503,69.02898,62.00806,62.96825,61.84658,58.0517,52.80152,55.31727,54.56189,53.90733,51.62364,53.07542,51.62364,54.56189,50.0,49.67897,50.24938,49.09175,49.92995,47.01064,48.8774,47.50789,51.62364,49.92995,48.30114,49.73932,50.53712,49.92995,51.47815,51.10773,48.37355,49.73932,48.41487,47.16991,49.64877,48.25971,50.21952,45.27693,43.18565,43.13931,42.44997,43.18565,37.64306,36.40055,36.06938,33.83785,30.61046,30.0,29.15476,30.52868,25.4951,24.18677,23.4094,23.76973,33.83785,29.41088,33.30165,36.87818,38.20995,35.38361,37.53665,36.40055,41.10961,40.49691,43.82921,46.14109,49.09175,49.73932,47.85394,52.0,50.9902,49.65884,50.15974,51.07837,51.47815,55.02727,52.88667,52.55473,50.0,54.40588,52.39275,51.24451,53.48832,50.28916,50.15974,49.39636,51.07837,52.80152,52.92447,54.56189,53.22593,55.07268,52.83938,58.83026,57.45433,59.20304,59.40539,59.64059,59.64059,59.66574,62.62587,65.0,64.66065,68.50547,65.19202,67.1193,69.40461,68.24222,74.65253,70.21396,66.8431
13.0,13.0,12.08305,12.08305,12.08305,11.7047,11.7047,11.7047,11.7047,10.77033,10.44031,11.40175,10.44031,10.44031,10.44031,11.18034,10.19804,10.19804,10.19804,10.19804,10.19804,10.19804,10.19804,10.04988,10.19804,10.04988,10.04988,10.19804,10.19804,10.19804,10.19804,10.19804,10.44031,9.48683,9.48683,9.48683,9.48683,8.94427,8.94427,8.06226,8.06226,8.06226,7.2111,7.2111,7.2111,6.40312,6.40312,5.65685,5.65685,5.65685,5.65685,5.0,70.34202,67.26812,74.33034,64.7611,65.14599,64.56005,64.56005,63.06346,56.75385,59.46427,56.85948,56.36488,51.47815,52.0,51.47815,53.31041,55.4617,52.7731,48.76474,51.0,51.62364,48.30114,53.00943,47.43416,50.11986,52.15362,49.81967,54.40588,52.20153,48.41487,45.80393,54.91812,47.70744,50.47772,47.70744,46.14109,48.8774,50.24938,51.10773,45.65085,48.37355,46.61545,41.76123,39.56008,40.8534,37.85499,39.56008,35.69314,32.38827,32.24903,30.01666,27.16616,30.01666,25.17936,26.01922,24.33105,24.33105,38.83298,33.6006,38.58756,38.07887,37.12142,40.31129,39.21734,43.08132,45.31004,41.78516,45.22168,50.0,50.0,49.24429,51.97115,51.62364,53.75872,53.33854,55.14526,58.07753,54.33231,59.03389,55.00909,59.03389,54.14795,55.08176,54.14795,56.0357,52.03845,56.0357,52.0,57.00877,54.14795,52.08647,57.31492,54.45181,53.75872,56.56854,55.57877,59.03389,54.91812,61.13101,63.06346,63.56099,59.66574,64.4748,63.60031,65.14599,68.68042,67.18631,67.91171,72.42237,69.26038,69.26038,72.8011,72.03471,72.73239
12.04159,12.04159,11.31371,11.31371,11.31371,10.63015,10.63015,10.63015,9.89949,10.63015,9.89949,9.89949,9.21954,9.21954,9.21954,10.0,9.43398,10.0,9.43398,9.43398,9.43398,9.43398,9.43398,9.43398,9.43398,9.43398,9.43398,9.43398,9.43398,10.0,8.60233,9.21954,9.21954,9.21954,8.48528,8.48528,9.21954,7.81025,7.81025,7.81025,7.2111,7.2111,7.2111,6.7082,6.7082,6.32456,6.32456,5.38516,5.38516,5.09902,5.09902,5.09902,72.83543,70.45566,61.18823,66.37017,69.05071,55.44367,63.50591,58.85576,59.5399,55.57877,56.08921,56.75385,56.32051,55.36244,57.00877,53.75872,51.86521,52.81098,48.70318,54.56189,51.89412,48.46648,49.24429,50.11986,51.0,50.9902,56.36488,53.22593,52.35456,53.85165,50.56679,48.75449,54.23099,47.50789,50.15974,46.61545,47.42362,45.61798,48.10405,47.75982,44.92215,48.76474,41.59327,39.62323,37.65634,45.39824,35.35534,36.34556,33.0,34.05877,30.0,28.16026,26.01922,25.31798,27.65863,23.08679,26.24881,33.28663,33.28663,37.57659,36.24914,41.10961,39.56008,36.68787,40.80441,42.72002,43.41659,43.56604,47.67599,45.70558,50.24938,49.0408,54.03702,51.0098,55.08176,48.09366,54.0,51.15662,53.23533,54.45181,53.60037,54.91812,57.31492,55.10898,49.64877,50.80354,52.15362,51.97115,53.15073,50.15974,54.03702,57.21888,57.07889,55.03635,55.0,57.07889,60.29925,59.07622,60.01666,61.29437,62.514,59.84146,62.96825,59.3043,63.34824,66.75328,70.85901,66.70832,68.88396,66.48308,67.26812,75.50497,69.05071,70.45566
11.6619,10.81665,11.40175,10.81665,10.0,10.0,10.0,10.0,10.0,9.21954,10.0,9.89949,9.89949,9.89949,9.89949,9.21954,9.21954,9.21954,9.21954,8.60233,9.21954,8.60233,9.21954,9.43398,10.0,10.0,10.0,9.21954,10.0,10.0,9.21954,9.21954,9.21954,8.48528,9.21954,8.48528,8.60233,7.81025,7.81025,7.81025,7.2111,7.2111,5.83095,5.83095,5.83095,5.38516,5.38516,4.47214,4.47214,4.47214,4.12311,4.12311,70.5195,66.40783,64.03124,69.64194,66.7308,64.19502,64.19502,65.78754,58.5235,53.45091,55.08176,56.29387,62.8172,57.27128,53.15073,53.33854,53.46027,50.24938,51.35173,53.33854,52.46904,55.03635,49.0102,51.15662,51.08816,51.0098,52.15362,52.03845,52.03845,51.08816,54.0,53.23533,51.0,51.08816,54.23099,48.16638,49.64877,51.62364,51.41984,49.49747,49.81967,46.48656,45.89118,43.01163,42.05948,40.49691,39.44617,39.35734,37.21559,35.34119,35.8469,32.64966,27.78489,29.20616,29.83287,29.0,26.1725,37.65634,35.12834,37.01351,40.04997,39.01282,37.05401,42.29657,42.19005,44.40721,45.39824,46.84015,46.69047,49.81967,49.0408,50.32892,50.69517,53.31041,52.3259,55.03635,58.13777,52.3259,57.3062,51.88449,54.12024,57.45433,55.47071,56.60389,54.20332,50.21952,51.62364,50.60632,52.83938,59.05929,51.97115,53.7122,57.27128,55.9464,56.64804,54.78138,56.64804,55.9464,59.20304,63.32456,61.68468,61.03278,66.40783,63.06346,64.7611,65.0,67.05222,70.61161,70.0928,72.53275,67.18631,70.0928,68.62215,73.4983
11.18034,11.18034,10.77033,11.18034,11.18034,9.84886,9.84886,9.84886,9.84886,9.48683,9.48683,9.48683,9.48683,9.21954,8.24621,9.21954,8.24621,9.21954,9.05539,9.05539,9.05539,9.05539,8.06226,9.05539,9.05539,9.05539,9.05539,9.05539,9.05539,9.05539,9.05539,9.05539,9.21954,8.24621,8.24621,8.544,8.544,7.61577,7.61577,7.61577,7.2111,6.7082,7.2111,5.83095,6.40312,5.65685,5.65685,5.0,5.65685,5.65685,5.0,5.0,68.8767,62.26556,67.53518,60.00833,63.81222,63.52952,60.03332,64.41273,54.3783,60.74537,55.80323,54.70832,59.90826,52.49762,50.80354,54.56189,55.15433,53.75872,53.8145,49.51767,54.56189,48.27007,50.47772,47.50789,48.27007,52.40229,47.80167,50.77401,50.77401,50.0,51.22499,56.85948,47.70744,54.08327,52.69725,53.41348,50.0,52.63079,48.9183,49.51767,41.72529,47.63402,43.93177,45.27693,46.09772,38.60052,40.31129,40.0,33.10589,30.41381,35.1141,27.78489,30.52868,24.73863,28.63564,31.7805,27.65863,32.55764,36.06938,35.0,39.11521,34.48188,39.66106,39.92493,42.19005,45.61798,42.48529,45.18849,47.42362,50.32892,48.70318,52.81098,48.50773,51.41984,48.50773,54.34151,49.36598,52.46904,56.4358,51.24451,51.47815,54.33231,56.32051,57.07889,54.58938,51.24451,57.21888,51.35173,52.34501,51.78803,51.47815,53.75872,54.74486,48.27007,54.12024,55.65968,59.13544,60.40695,57.69749,61.68468,58.18075,61.09828,60.90156,59.94164,62.64982,67.1193,62.24147,64.88451,68.47627,72.09022,62.6099,68.47627,74.30343,71.02112
12.16553,12.16553,12.16553,12.16553,12.16553,11.18034,11.04536,10.04988,11.04536,11.04536,11.04536,11.0,10.0,10.0,10.0,10.04988,10.04988,10.04988,10.19804,10.19804,10.04988,10.19804,10.04988,10.19804,10.19804,10.19804,10.19804,11.18034,10.19804,10.19804,10.19804,10.19804,10.04988,10.04988,10.04988,10.0,9.0,9.0,9.0,8.0,8.06226,8.06226,8.06226,7.07107,6.08276,6.08276,6.32456,6.08276,6.32456,5.38516,5.38516,4.47214,69.06519,71.28113,65.60488,66.28725,66.61081,63.24555,64.2028,62.1289,59.40539,59.64059,53.07542,54.03702,53.90733,54.45181,52.80152,52.3259,53.03772,55.17246,51.08816,51.85557,52.20153,50.44799,50.47772,48.02083,51.61395,47.01064,51.86521,49.1935,50.60632,53.7122,47.80167,50.11986,50.77401,49.73932,53.0,52.43091,54.40588,52.69725,52.43091,49.57822,50.24938,43.93177,46.2277,43.84062,42.52058,45.0,34.98571,37.80212,32.75668,36.05551,33.61547,27.78489,31.76476,28.63564,24.16609,26.92582,24.73863,32.44996,30.0,38.41875,38.8973,40.45986,39.59798,40.45986,39.69887,43.01163,45.0,47.43416,51.0392,52.15362,46.95743,48.76474,51.88449,52.3259,52.55473,52.39275,54.08327,55.54278,54.12024,56.04463,52.88667,54.70832,56.30275,56.51548,52.88667,52.39275,54.70832,51.5461,52.81098,54.42426,53.48832,56.36488,51.47815,51.89412,56.35601,56.35601,56.82429,59.94164,59.5399,55.75841,63.24555,59.5399,60.53924,64.63745,61.03278,65.0,66.8431,64.40497,68.50547,67.95587,67.95587,69.89278,71.06335,69.02898
11.7047,11.7047,11.40175,11.40175,11.40175,10.44031,10.44031,10.19804,10.19804,10.19804,10.19804,10.19804,10.19804,9.21954,9.05539,9.05539,9.0,9.05539,9.0,9.0,9.0,9.0,9.0,9.0,9.0,9.0,9.05539,10.0,9.0,9.0,9.0,9.0,9.0,9.05539,9.05539,9.21954,8.24621,8.24621,8.24621,7.28011,7.61577,6.7082,7.61577,6.7082,6.7082,5.83095,5.83095,5.83095,5.83095,5.0,5.65685,4.24264,66.85058,71.02816,67.26812,62.80127,65.29931,63.41136,62.36986,61.07373,59.4138,58.0,57.38467,52.3259,58.0,51.66237,55.86591,53.60037,55.44367,50.47772,52.47857,50.24938,52.47857,48.02083,50.56679,45.27693,49.64877,51.0392,50.60632,52.39275,51.47815,51.89412,47.85394,52.7731,51.88449,48.30114,51.0,49.73932,48.76474,50.47772,51.62364,50.60632,46.2277,46.01087,48.60041,42.0119,41.86884,41.7732,37.48333,40.31129,35.22783,34.48188,33.12099,29.68164,27.73085,28.01785,30.08322,29.54657,22.80351,32.69557,34.98571,36.05551,36.89173,39.05125,38.20995,34.65545,40.31129,42.44997,43.13931,45.80393,44.82187,47.63402,49.81967,51.62364,50.60632,52.35456,50.08992,52.43091,51.47815,55.71355,53.75872,55.97321,54.56189,54.42426,52.0,52.55473,54.08327,54.12947,51.47815,49.24429,54.58938,51.62364,50.56679,54.12947,51.42956,54.20332,53.53504,56.0357,58.30952,54.3783,56.0357,58.00862,58.41233,57.00877,55.21775,56.61272,58.41233,61.07373,64.53681,65.79514,71.06335,71.21798,64.44377,70.0928,75.9276,68.0147
12.16553,12.16553,11.18034,11.18034,11.18034,11.18034,10.44031,10.44031,10.19804,9.21954,10.44031,10.44031,9.48683,9.48683,9.48683,9.84886,9.84886,9.84886,8.94427,8.94427,8.94427,8.94427,8.94427,9.43398,8.94427,10.29563,10.29563,8.94427,10.29563,10.29563,9.84886,9.84886,8.94427,8.544,9.48683,9.48683,9.21954,8.24621,7.07107,7.07107,7.07107,7.07107,7.07107,7.0,6.08276,6.0,6.0,5.0,5.0,5.0,4.12311,4.12311,70.49113,67.42403,69.11584,67.42403,64.00781,62.43397,58.24946,66.03787,64.00781,59.16925,56.79789,59.5063,56.79789,55.9017,52.7731,55.36244,57.00877,52.0,50.32892,49.72927,56.29387,49.64877,49.72927,48.50773,48.50773,51.86521,47.53946,50.63596,49.0306,51.78803,52.95281,56.08921,51.41984,52.63079,51.97115,55.65968,46.84015,46.8188,48.38388,45.54119,49.0408,48.70318,44.28318,42.04759,39.96248,39.82462,39.44617,41.40048,35.80503,36.23534,36.40055,30.41381,30.4795,30.4795,28.28427,24.08319,25.6125,37.21559,34.71311,37.10795,38.27532,35.4683,41.14608,43.86342,42.48529,45.17743,44.94441,45.80393,47.70744,48.25971,52.20153,46.09772,49.51767,55.97321,53.8145,52.49762,56.58622,54.45181,52.63079,53.41348,53.74012,53.2635,53.15073,53.15073,55.44367,51.85557,53.75872,49.49747,55.31727,53.15073,54.45181,54.48853,53.75872,53.2635,58.60034,54.03702,60.0,60.60528,58.82176,60.21628,63.24555,61.29437,58.00862,59.36329,63.63175,64.66065,66.37017,68.00735,68.88396,67.95587,65.45991,73.78347,72.20111,66.03787
12.64911,12.64911,12.64911,12.64911,11.7047,11.40175,11.40175,11.40175,11.40175,10.19804,11.18034,11.18034,10.19804,10.19804,10.19804,11.04536,10.04988,10.04988,10.0,10.04988,10.04988,10.0,10.0,10.0,10.0,10.0,10.0,10.0,10.0,10.0,10.04988,10.04988,10.04988,10.19804,10.19804,9.21954,9.21954,9.48683,8.544,8.544,8.544,7.61577,7.61577,7.61577,6.7082,6.7082,6.7082,5.83095,5.83095,6.40312,5.65685,5.0,68.0147,68.88396,66.70832,64.66065,60.87693,62.36986,58.79626,63.78087,55.97321,58.13777,58.0517,56.63921,58.89822,50.93133,50.93133,54.67175,55.0,54.56189,51.85557,49.64877,52.35456,51.31277,48.8774,49.64877,47.43416,50.24938,50.24938,53.23533,51.10773,50.11986,47.16991,51.0392,52.15362,53.33854,46.64762,49.81967,53.0,49.20366,49.40648,46.2277,44.20407,44.55334,42.52058,42.42641,40.60788,39.82462,42.2019,40.0,33.28663,32.44996,32.20248,27.29469,27.78489,27.313,25.96151,19.69772,28.16026,34.17601,36.23534,35.34119,38.27532,38.83298,37.80212,36.87818,38.94868,46.8615,46.01087,48.16638,53.15073,50.24938,48.27007,50.21952,52.69725,55.21775,51.97115,54.20332,52.35456,57.38467,57.77543,52.7731,57.27128,57.00877,55.00909,53.7122,58.69412,54.626,55.9464,51.88449,56.93856,53.23533,54.12024,54.12024,52.83938,53.53504,56.40035,53.82379,54.20332,56.30275,59.20304,59.81639,61.6198,60.959,60.81118,59.5483,61.7171,60.82763,65.06919,67.35726,70.72482,68.62215,66.52819,72.24957,72.91776,72.24957
13.0,13.0,12.08305,11.7047,11.7047,11.7047,11.7047,11.18034,10.77033,11.18034,11.18034,10.29563,10.29563,10.29563,10.29563,10.81665,10.0,10.0,9.21954,10.0,10.0,10.0,10.0,9.89949,10.0,10.0,10.0,10.0,10.0,10.0,9.43398,9.43398,9.43398,9.43398,9.84886,9.84886,8.94427,8.544,8.544,7.61577,8.24621,7.28011,7.28011,7.07107,7.07107,6.08276,6.0,6.0,6.0,6.0,5.0,5.09902,66.37017,63.34824,66.37017,66.75328,68.46897,59.5399,63.3877,61.66036,60.20797,58.42089,56.0357,57.00877,56.0,52.03845,57.14018,53.03772,55.03635,51.15662,48.09366,52.46904,54.58938,48.6621,49.0306,51.97115,49.24429,46.87217,48.76474,52.88667,48.05206,49.0408,49.47727,52.49762,50.44799,48.76474,49.72927,49.64877,49.24429,46.52956,47.26521,45.39824,46.09772,47.04253,43.04649,40.0,39.0,37.21559,38.01316,33.06055,36.34556,31.257,29.41088,32.38827,25.70992,27.45906,27.20294,26.0,24.41311,36.05551,35.0571,33.06055,37.01351,37.65634,36.12478,37.48333,39.45884,39.81206,40.79216,44.38468,44.27189,48.10405,47.16991,46.61545,50.53712,51.62364,50.53712,51.89412,53.7122,51.89412,52.83938,50.24938,51.0392,52.43091,53.0,53.53504,54.12024,51.62364,56.0803,50.9902,51.0,52.55473,52.80152,51.62364,54.08327,49.98,54.08327,55.97321,52.20153,57.97413,58.24946,59.66574,59.90826,57.70615,61.52235,63.28507,66.61081,68.06614,69.42622,65.30697,70.45566,69.857,69.87131,70.45566,74.8131,72.99315
12.04159,12.04159,12.04159,12.04159,11.04536,11.04536,11.04536,11.18034,11.18034,10.19804,11.18034,10.44031,10.19804,9.48683,10.44031,10.44031,9.48683,9.48683,9.84886,9.48683,9.48683,9.84886,9.84886,9.84886,9.84886,9.84886,9.84886,9.84886,9.84886,9.84886,9.48683,9.48683,9.48683,9.48683,9.48683,9.48683,9.21954,9.21954,8.06226,8.06226,8.0,8.06226,8.0,7.0,7.0,7.0,7.07107,6.08276,6.08276,6.08276,6.08276,5.38516,66.06815,67.80118,65.60488,63.70243,65.19202,64.44377,58.79626,60.0,56.0803,59.39697,55.86591,55.15433,56.58622,52.34501,48.08326,54.40588,54.81788,55.0,51.22499,47.63402,51.31277,48.8774,49.24429,50.21952,44.72136,51.31277,49.64877,49.64877,44.29447,48.8774,50.15974,51.89412,47.50789,54.12024,51.88449,49.64877,50.24938,46.87217,46.8615,46.87217,44.04543,46.8615,43.84062,41.7732,45.96738,42.42641,42.44997,38.28838,34.82815,29.15476,30.23243,29.41088,27.45906,25.55386,24.59675,25.4951,20.61553,30.88689,33.01515,33.30165,36.79674,36.87818,34.71311,37.80212,39.05125,40.49691,40.45986,40.0,46.04346,46.87217,48.25971,51.47815,48.46648,53.7122,49.1935,49.64877,54.70832,50.0,53.16014,50.59644,51.86521,51.92302,54.42426,53.16014,56.04463,50.92151,49.76947,49.98,54.42426,50.59644,52.92447,52.55473,57.00877,50.60632,53.33854,54.56189,58.59181,57.3062,58.24946,57.68882,57.68882,60.74537,64.40497,64.63745,58.60034,67.95587,63.63175,65.29931,68.24954,75.0,63.60031,69.52697,68.60029,71.02816
12.72792,12.04159,12.04159,12.72792,12.04159,12.04159,11.40175,11.40175,11.40175,10.81665,10.81665,10.81665,10.81665,10.81665,10.81665,10.29563,10.29563,9.84886,9.84886,9.84886,10.29563,9.84886,9.84886,9.84886,10.77033,10.77033,10.77033,10.77033,10.77033,10.77033,10.29563,10.29563,10.29563,10.29563,10.29563,9.43398,9.43398,8.60233,8.60233,9.21954,7.81025,7.81025,7.81025,7.07107,7.07107,7.07107,6.40312,6.40312,6.40312,5.83095,5.83095,5.83095,72.11103,66.00758,71.56815,62.20129,63.12686,62.1289,58.07753,61.29437,58.30952,60.82763,58.0517,52.7731,56.08921,50.96077,54.12947,52.81098,56.04463,52.55473,52.55473,47.75982,56.46238,49.0408,52.3259,50.69517,47.53946,48.76474,46.51881,51.10773,53.7122,51.62364,51.0,53.0,49.1935,51.47815,46.51881,54.42426,50.53712,51.26402,51.26402,46.84015,42.37924,45.88028,47.85394,46.69047,41.7732,37.65634,39.20459,38.32754,35.12834,34.05877,30.01666,34.0147,30.26549,27.29469,31.04835,25.31798,26.57066,30.88689,33.24154,31.7805,37.94733,33.95585,38.32754,35.69314,34.52535,40.1995,39.81206,43.41659,45.04442,48.04165,48.01042,48.37355,46.27094,54.08327,49.49747,53.23533,48.6621,52.7731,54.34151,50.21952,52.95281,53.60037,51.97115,52.88667,54.81788,50.69517,56.29387,49.47727,54.34151,51.97115,52.39275,53.60037,53.46027,52.15362,55.08176,55.14526,57.03508,60.0,55.14526,59.03389,59.4138,63.28507,59.68249,61.0,59.3043,65.62012,62.00806,69.26038,68.11755,69.18092,61.20457,74.43118,73.43705,71.25307
11.31371,11.31371,10.63015,11.31371,9.89949,9.89949,10.63015,9.21954,10.0,9.21954,9.21954,10.0,8.60233,8.60233,8.60233,9.43398,8.94427,8.94427,8.94427,8.94427,8.94427,8.94427,8.94427,8.94427,8.94427,9.84886,8.94427,8.94427,8.94427,8.94427,8.94427,8.94427,9.43398,8.60233,8.60233,8.60233,7.81025,7.81025,7.07107,7.07107,7.07107,7.07107,6.40312,6.40312,5.65685,5.0,5.0,4.47214,4.47214,4.47214,4.12311,4.12311,67.00746,67.02984,70.17834,62.39391,65.19202,62.39391,61.29437,66.18912,55.3263,58.30952,56.88585,53.15073,55.7853,56.88585,54.91812,54.70832,55.08176,53.16014,49.64877,49.64877,53.85165,51.89412,52.0,50.15974,47.01064,52.80152,48.75449,51.88449,53.31041,53.66563,53.22593,53.22593,50.08992,54.20332,53.22593,52.39275,50.53712,50.92151,54.70832,50.0,48.50773,46.57252,47.38143,45.70558,44.40721,40.79216,38.11824,39.20459,35.01428,34.1321,29.0,31.06445,29.15476,29.15476,26.4764,27.16616,25.29822,32.20248,32.64966,30.8707,35.1141,35.17101,32.75668,33.95585,35.69314,42.95346,41.19466,44.0,44.04543,43.10452,49.0102,47.09565,46.17359,52.0,49.36598,47.04253,50.48762,50.63596,54.74486,50.01,51.1957,49.47727,51.41984,49.0306,52.63079,52.95281,49.0306,48.6621,52.7731,50.48762,50.80354,50.35871,54.08327,54.14795,51.15662,58.30952,54.03702,56.0357,56.0803,60.20797,57.0,56.32051,60.20797,63.50591,60.40695,62.39391,65.12296,65.19202,65.37584,67.47592,64.62971,69.11584,67.18631,74.67262
11.6619,10.29563,11.6619,11.18034,10.29563,9.43398,9.43398,9.43398,9.43398,10.0,9.21954,9.21954,9.21954,9.21954,9.21954,9.21954,9.21954,8.48528,9.21954,9.21954,9.21954,9.21954,8.60233,8.60233,9.21954,8.60233,8.60233,9.21954,9.21954,9.21954,8.48528,9.21954,9.21954,8.48528,8.48528,8.48528,7.81025,7.81025,7.2111,7.2111,6.7082,6.7082,6.7082,5.83095,5.38516,5.38516,5.38516,5.09902,5.09902,4.12311,4.12311,4.0,69.77822,68.88396,67.97794,64.41273,67.08204,61.7414,63.97656,62.16912,57.38467,55.54278,54.08327,55.65968,57.00877,53.14132,53.16014,55.31727,52.39275,55.54278,54.12947,50.44799,53.93515,52.95281,51.24451,52.61179,52.23983,50.80354,47.16991,49.0408,54.08327,51.0,50.35871,55.3263,52.23983,54.74486,49.64877,52.95281,49.24429,50.63596,50.69517,49.64877,47.12749,45.22168,46.8188,45.31004,43.86342,41.18252,37.21559,38.07887,29.68164,30.61046,32.20248,30.61046,32.01562,32.55764,26.87006,24.75884,21.2132,31.257,33.01515,32.01562,37.21559,36.49658,35.51056,33.95585,39.29377,41.10961,40.80441,42.72002,43.9659,48.10405,49.39636,48.46648,46.04346,47.43416,47.16991,49.39636,49.09175,52.43091,51.08816,51.0392,51.73973,51.22499,53.25411,47.50789,53.15073,50.93133,53.60037,46.40043,50.21952,48.25971,52.49762,53.25411,54.40588,52.69725,50.77401,52.83938,54.58938,57.24509,59.09315,60.37384,65.39113,60.41523,61.7171,60.83584,61.68468,64.88451,64.4748,67.41662,65.0,68.02941,60.83584,69.77822,68.94926,71.17584
13.0384,13.0384,12.04159,12.04159,12.04159,11.04536,11.18034,11.18034,11.18034,10.19804,11.18034,10.19804,10.19804,10.44031,10.44031,10.44031,9.48683,9.48683,9.84886,9.84886,9.84886,9.84886,9.84886,9.84886,9.84886,10.29563,9.84886,9.84886,9.84886,9.84886,9.48683,9.84886,9.48683,9.48683,9.48683,9.21954,9.21954,9.05539,8.06226,8.06226,8.06226,8.0,7.0,7.0,7.0,7.0,6.08276,6.08276,6.08276,6.08276,6.32456,5.38516,66.06815,64.53681,62.62587,60.87693,62.36986,63.41136,60.10824,58.0,58.41233,52.49762,53.90733,55.21775,56.85948,52.69725,51.62364,49.73932,53.0,50.60632,48.37355,51.47815,53.85165,50.15974,46.48656,51.42956,46.51881,48.75449,51.26402,48.38388,47.53946,50.69517,52.20153,52.92447,48.10405,51.26402,48.8467,47.92703,47.42362,45.65085,46.95743,46.51881,46.64762,45.27693,45.60702,41.04875,40.36087,42.2019,38.28838,38.20995,31.1127,31.14482,30.23243,28.84441,30.0,24.20744,26.24881,26.57066,24.16609,32.01562,36.40055,31.38471,34.98571,39.82462,38.27532,36.40055,42.0119,42.63801,40.36087,43.86342,41.7732,47.50789,52.3259,51.66237,49.0408,55.44367,49.81967,49.81967,49.09175,52.69725,49.92995,50.47772,50.21952,51.0,52.69725,51.0,56.85948,49.24429,51.31277,48.8774,55.47071,53.53504,48.25971,54.08327,51.61395,52.63079,54.20332,56.85068,60.87693,58.69412,57.28001,57.98276,60.87693,55.9017,61.6198,61.55485,60.30755,66.8431,61.6198,60.30755,71.21798,73.24616,65.19202,69.52697,73.24616,74.02702
12.16553,12.16553,12.16553,12.16553,12.16553,11.04536,11.04536,11.04536,10.04988,11.04536,11.04536,11.0,10.0,10.0,9.0,10.04988,10.04988,10.04988,9.05539,10.04988,9.05539,10.19804,10.19804,9.21954,10.19804,9.21954,9.21954,10.19804,9.21954,10.19804,9.05539,9.21954,9.05539,9.05539,9.05539,9.05539,9.0,9.0,8.06226,8.0,8.06226,8.06226,7.07107,7.07107,7.07107,6.08276,6.32456,6.32456,6.32456,5.38516,5.38516,5.38516,67.20119,65.19202,67.26812,68.00735,58.72819,64.2028,58.72819,62.00806,56.72742,55.15433,56.56854,51.62364,54.56189,49.51767,49.57822,50.0,51.73973,51.22499,51.22499,43.82921,49.39636,47.16991,49.65884,48.54894,49.64877,47.16991,51.42956,50.08992,50.56679,49.24429,49.0408,53.7122,49.1935,51.89412,48.75449,51.47815,46.64762,49.92995,49.09175,43.26662,40.22437,47.20169,42.63801,40.45986,42.44997,33.24154,34.71311,33.97058,33.42155,28.01785,31.89044,28.01785,26.07681,25.07987,29.54657,22.82542,25.07987,33.28663,35.0,31.89044,37.53665,35.38361,37.48333,40.0,36.12478,43.27817,42.63801,42.05948,43.26662,47.70744,50.77401,53.7122,49.64877,54.12024,48.75449,52.0,52.49762,54.40588,58.18935,51.92302,52.81098,56.04463,53.48832,51.86521,56.30275,49.64877,54.42426,48.70318,57.38467,54.626,53.85165,57.00877,52.39275,53.23533,54.58938,56.4358,57.42822,59.5399,55.56978,61.85467,58.60034,61.7171,62.42596,65.80274,63.12686,67.20119,65.43699,65.8559,65.06919,73.87828,61.84658,71.06335,77.00649,70.29225
12.52996,12.52996,11.6619,12.52996,11.6619,11.6619,11.6619,10.81665,10.81665,10.0,10.81665,10.0,10.0,10.0,10.0,10.63015,9.89949,9.21954,9.89949,9.89949,9.89949,9.89949,9.89949,9.21954,9.21954,9.89949,9.89949,9.89949,9.89949,9.89949,9.21954,9.21954,9.21954,9.21954,9.43398,9.43398,9.43398,8.06226,8.06226,8.06226,7.61577,7.61577,7.61577,6.32456,6.32456,6.08276,6.08276,6.08276,5.09902,5.09902,5.0,5.0,67.06713,66.30988,68.35203,66.09841,65.80274,64.84597,58.69412,61.98387,58.30952,57.72348,58.24088,53.85165,56.29387,50.21952,54.34151,54.45181,52.34501,52.61179,51.47815,47.26521,52.03845,49.49747,51.0392,48.04165,54.03702,50.0,48.01042,52.08647,48.01042,57.03508,53.0,52.00961,47.01064,51.0098,49.0,48.01042,46.04346,47.04253,47.38143,45.17743,43.93177,45.35416,43.68066,39.05125,41.4367,36.87818,36.40055,33.52611,34.0147,32.31099,29.06888,25.55386,28.84441,28.17801,23.32381,23.34524,22.67157,33.01515,35.0571,35.01428,37.48333,34.23449,37.12142,36.87818,40.26164,40.8534,42.05948,42.37924,43.08132,47.16991,48.46648,50.9902,46.51881,51.88449,53.7122,50.08992,52.43091,50.21952,53.00943,52.00961,54.81788,52.20153,56.0357,53.60037,51.22499,51.40039,53.7122,51.61395,55.60576,50.77401,56.30275,54.08327,56.35601,49.24429,58.59181,55.9017,57.27128,56.85948,55.02727,62.39391,60.08328,61.46544,63.89053,61.09828,66.48308,66.7308,67.06713,66.48308,70.88018,73.05477,65.52099,74.33034,69.92138,67.05222
12.80625,11.40175,11.40175,11.40175,11.40175,10.63015,10.63015,10.63015,10.63015,9.89949,10.63015,9.89949,9.21954,9.21954,9.21954,10.0,9.21954,9.21954,8.60233,8.60233,9.21954,8.60233,8.60233,9.43398,9.43398,9.43398,9.43398,9.43398,9.43398,9.21954,8.60233,9.21954,9.21954,8.48528,9.21954,8.48528,9.21954,7.81025,7.81025,7.2111,7.2111,7.2111,6.7082,6.7082,6.7082,5.38516,6.32456,5.38516,5.38516,5.09902,5.09902,5.0,72.0,63.03174,73.02739,60.00833,67.02984,63.1981,61.0,62.03225,56.0803,57.03508,60.07495,52.34501,55.3263,49.36598,54.08327,53.75872,52.61179,48.05206,48.27007,49.72927,50.28916,49.0306,53.45091,50.32892,46.17359,50.32892,47.16991,47.01064,44.01136,52.81098,51.26402,54.08327,45.22168,50.59644,52.55473,49.81967,45.60702,45.54119,44.91102,47.67599,45.17743,46.09772,39.11521,40.0125,40.04997,37.0,38.11824,31.06445,35.12834,30.14963,29.27456,30.14963,27.65863,25.0,21.54066,21.18962,24.16609,32.69557,33.52611,33.83785,37.64306,34.71311,38.01316,38.47077,38.32754,41.30375,42.0,45.01111,47.04253,47.0,47.09565,49.64877,50.9902,52.23983,51.62364,53.75872,52.39275,50.9902,51.97115,52.88667,57.72348,51.5461,55.36244,52.55473,52.88667,54.12024,51.66237,54.57105,56.51548,51.41984,52.7731,54.12947,55.31727,56.0803,56.7186,55.3263,55.14526,60.03332,57.03508,59.21149,62.07254,60.13319,61.03278,63.03174,63.03174,62.03225,64.00781,66.1211,72.00694,70.0,70.00714,72.02777,71.11259,70.25667
12.04159,12.04159,11.31371,12.04159,10.63015,10.63015,10.63015,9.89949,10.63015,9.21954,9.89949,9.89949,9.21954,9.21954,9.43398,9.43398,9.43398,9.43398,9.43398,8.94427,8.94427,8.94427,9.43398,8.94427,9.43398,9.43398,10.29563,8.94427,9.84886,9.43398,9.43398,9.43398,9.43398,8.60233,8.60233,7.81025,8.48528,7.81025,7.07107,7.07107,7.07107,7.07107,6.40312,6.40312,6.40312,5.0,5.0,5.0,4.47214,4.47214,4.47214,4.12311,69.72087,71.56815,68.88396,68.06614,69.72087,61.13101,64.77654,61.40033,61.52235,58.07753,60.00833,59.00847,61.0082,55.00909,57.07889,52.15362,54.03702,54.33231,52.08647,51.62364,52.61179,56.08921,43.73786,53.15073,48.76474,50.69517,55.31727,49.72927,52.17279,57.48913,53.36666,49.47727,52.7731,47.67599,53.15073,50.03998,49.49747,46.69047,47.16991,48.09366,45.04442,48.04165,43.18565,45.27693,42.10701,42.42641,38.63936,39.05125,32.75668,33.52611,36.13862,29.83287,31.04835,25.63201,27.85678,28.30194,21.40093,35.1141,33.73426,38.63936,39.45884,42.29657,39.31921,40.0,43.10452,43.01163,43.28972,49.16299,51.0098,53.08484,52.46904,51.24451,52.95281,51.62364,55.08176,52.17279,56.04463,53.60037,54.40588,55.65968,53.75872,55.71355,58.5235,55.71355,52.81098,52.92447,53.14132,57.24509,53.85165,53.16014,52.49762,52.17279,58.46366,55.54278,57.87055,59.03389,59.3043,59.4138,65.37584,57.70615,62.20129,60.53098,60.13319,67.02984,65.03076,67.00746,70.0,69.26038,76.10519,70.11419,73.24616,74.10803,69.06519,72.02777
12.04159,12.04159,11.31371,11.31371,11.31371,10.63015,11.31371,10.63015,10.63015,10.0,9.89949,10.63015,10.0,10.0,10.0,10.0,9.43398,9.43398,9.43398,9.43398,9.43398,8.94427,9.43398,9.84886,9.43398,9.43398,9.43398,9.43398,10.29563,10.29563,9.43398,9.43398,9.43398,8.60233,9.21954,9.21954,9.21954,8.48528,7.81025,7.81025,7.2111,7.2111,7.2111,6.40312,5.83095,5.83095,5.83095,5.83095,4.47214,4.47214,4.12311,4.12311,68.44706,68.68042,66.48308,68.65858,65.52099,61.84658,66.94027,62.62587,62.29767,61.68468,59.46427,56.921,56.46238,54.42426,55.02727,53.31041,55.03635,51.10773,47.16991,53.0,53.00943,53.33854,49.39636,51.10773,49.09175,48.37355,49.40648,51.61395,48.60041,55.0,49.92995,51.31277,53.25411,52.43091,52.69725,52.3259,51.89412,47.41308,50.9902,45.18849,44.94441,46.61545,40.26164,41.76123,36.13862,41.48494,39.62323,35.90265,32.24903,35.01428,34.0147,31.01612,31.0,31.0,27.01851,27.45906,24.33105,35.35534,37.80212,36.23534,39.66106,38.27532,38.01316,39.11521,40.71855,44.77723,46.09772,48.46648,47.43416,49.39636,50.59644,50.80354,53.75872,55.54278,52.61179,55.31727,50.15974,50.08992,54.23099,58.03447,53.33854,58.03447,57.31492,51.08816,51.0392,51.08816,52.23983,54.45181,53.00943,53.23533,55.9017,60.20797,53.60037,53.93515,56.08921,56.88585,57.72348,57.48913,62.62587,61.68468,61.98387,56.51548,64.4748,62.0967,66.09841,67.41662,70.5195,67.23095,72.23573,68.41053,69.89278,71.30919,70.5762,69.57011
12.04159,12.04159,12.04159,12.04159,12.04159,11.04536,11.04536,11.04536,11.04536,11.0,10.0,10.0,10.04988,10.04988,10.0,10.04988,10.04988,10.04988,10.19804,10.04988,10.19804,10.19804,10.19804,10.19804,10.19804,10.19804,10.19804,11.18034,10.19804,10.04988,10.04988,10.04988,10.04988,10.0,9.0,9.0,9.05539,9.05539,9.05539,8.06226,8.24621,7.07107,7.28011,6.32456,6.32456,6.32456,5.38516,5.38516,5.38516,5.38516,4.47214,4.47214,67.26812,70.93659,71.02816,68.88396,68.11755,64.81512,65.8559,59.5483,60.87693,57.38467,58.69412,52.40229,58.0,58.69412,51.08816,54.45181,57.38467,53.60037,52.00961,51.73973,52.00961,54.08327,51.10773,51.0392,48.02083,50.47772,52.15362,49.39636,53.53504,50.47772,51.62364,52.47857,50.77401,53.53504,52.15362,46.8615,50.21952,50.47772,50.60632,50.20956,50.24938,50.32892,45.22168,44.55334,40.45986,40.49691,37.21559,41.04875,30.88689,34.0147,34.1321,29.15476,29.06888,31.38471,27.85678,30.36445,27.89265,32.69557,33.54102,37.12142,38.58756,42.19005,36.05551,40.22437,39.20459,42.80187,48.16638,41.03657,48.10405,46.01087,49.67897,48.27007,54.40588,53.41348,57.98276,48.54894,56.85948,51.62364,57.80138,54.56189,53.7122,54.12024,52.3259,55.4617,54.12024,52.3259,54.58938,52.7731,49.39636,54.70832,55.9464,53.25411,56.93856,56.61272,52.43091,58.00862,62.80127,59.03389,62.28965,58.41233,67.26812,58.0517,59.03389,63.78087,64.3506,67.94115,70.0928,67.20863,71.44928,71.50524,67.47592,72.91776,71.58911,72.12489
12.64911,12.64911,12.36932,12.64911,11.40175,11.40175,11.40175,11.40175,11.18034,10.19804,10.19804,10.19804,11.04536,10.04988,10.04988,10.04988,10.0,10.0,10.0,10.04988,10.0,10.04988,10.0,10.04988,10.04988,11.0,10.0,10.04988,11.04536,10.0,10.0,10.0,10.0,10.0,10.04988,9.05539,9.21954,9.05539,8.24621,8.24621,7.28011,7.28011,7.28011,7.28011,6.32456,6.32456,5.38516,5.38516,5.38516,5.38516,5.0,5.0,66.64833,62.64982,65.19202,67.23095,66.24198,59.5399,63.28507,59.90826,58.30952,54.3783,56.30275,57.80138,54.20332,51.85557,57.68882,53.15073,56.56854,49.57822,47.50789,52.63079,50.20956,50.91169,48.60041,46.01087,48.41487,46.8615,51.22499,50.21952,50.21952,52.00961,49.0408,51.22499,48.9183,52.43091,49.0408,49.51767,47.63402,50.9902,48.79549,43.93177,48.27007,44.04543,46.2277,42.80187,38.83298,37.73592,38.01316,37.21559,33.54102,34.98571,31.7805,31.38471,27.73085,30.36445,27.16616,24.18677,28.07134,36.40055,33.42155,37.80212,38.20995,38.18377,37.80212,38.60052,41.03657,41.88078,41.88078,44.10215,48.02083,46.64762,50.11986,50.08992,52.3259,51.62364,50.32892,53.7122,50.32892,48.70318,50.96077,51.92302,52.20153,50.96077,53.85165,52.95281,53.85165,54.91812,51.5461,50.69517,53.85165,51.86521,52.92447,55.54278,53.85165,54.12947,53.85165,56.82429,57.24509,55.47071,56.93856,58.13777,60.74537,59.16925,65.51336,63.82006,61.29437,66.61081,66.03787,64.40497,69.11584,74.62573,66.28725,69.63476,69.89278,68.24222
11.18034,11.04536,11.04536,12.04159,11.04536,10.04988,10.04988,10.04988,10.04988,9.0,9.05539,9.0,9.0,9.0,9.0,9.05539,9.05539,8.06226,9.05539,9.05539,9.05539,9.21954,8.06226,9.21954,9.21954,9.21954,9.21954,9.21954,9.21954,9.05539,9.05539,9.05539,9.05539,9.0,9.0,8.06226,8.06226,8.06226,8.06226,8.06226,6.32456,7.28011,6.32456,6.32456,5.38516,5.38516,5.38516,5.83095,4.47214,4.47214,5.0,4.24264,70.0,73.87828,70.21396,63.60031,67.80118,66.21933,61.05735,66.61081,60.46487,58.60034,56.85948,57.42822,55.22681,55.75841,53.23533,53.7122,55.54278,52.80152,51.42956,49.24429,55.71355,52.3259,52.49762,49.64877,50.92151,50.92151,50.92151,54.40588,52.49762,53.85165,50.0,52.20153,52.81098,52.20153,49.0408,54.56189,52.55473,50.59644,50.15974,46.14109,48.8774,44.94441,48.54894,41.34005,43.27817,38.41875,40.45986,40.60788,33.97058,32.55764,31.89044,29.83287,30.41381,26.90725,26.92582,25.55386,23.4094,38.32754,34.52535,36.67424,36.40055,38.07887,39.21734,39.56008,40.70626,41.18252,43.82921,49.09175,45.79301,49.39636,48.60041,48.82622,53.75872,51.22499,53.75872,53.75872,51.62364,53.03772,53.07542,52.63079,55.17246,56.85068,50.44799,53.2635,51.62364,49.57822,54.45181,50.60632,53.74012,52.49762,52.40229,55.86591,50.20956,55.17246,54.48853,56.22277,53.60037,56.0803,59.36329,60.80296,63.24555,61.03278,60.959,60.80296,64.07027,64.07027,69.06519,65.19202,68.7968,67.00746,70.80254,72.67049,72.42237,77.52419
12.80625,12.80625,12.80625,12.80625,12.80625,11.40175,11.40175,11.40175,11.40175,10.81665,10.81665,11.6619,10.81665,10.29563,10.29563,10.29563,9.84886,9.84886,9.84886,9.84886,9.84886,9.84886,9.84886,10.44031,10.77033,9.48683,10.77033,10.77033,10.77033,9.84886,9.84886,10.29563,10.29563,10.29563,9.43398,10.29563,9.43398,8.60233,8.60233,8.60233,7.81025,7.81025,7.81025,7.07107,7.07107,6.40312,6.40312,6.40312,6.40312,5.83095,5.83095,5.83095,67.06713,67.00746,63.00794,64.00781,68.0,56.0,63.00794,63.0,57.00877,55.22681,53.08484,54.23099,54.14795,51.35173,50.80354,50.63596,53.46027,52.81098,51.41984,49.33559,49.24429,48.27007,46.48656,45.88028,48.08326,48.76474,48.70318,49.0408,47.16991,53.31041,50.15974,48.10405,50.69517,46.17359,48.8467,44.92215,48.76474,45.89118,50.21952,42.75512,47.38143,42.10701,42.04759,41.19466,38.0526,36.05551,37.01351,37.0,33.24154,30.06659,28.28427,26.1725,27.20294,26.24881,27.45906,24.35159,23.76973,35.8469,35.8469,35.4683,34.20526,38.07887,37.94733,36.34556,39.45884,44.72136,46.17359,44.0,48.16638,49.09175,50.0,49.25444,53.23533,51.24451,53.46027,49.36598,52.17279,48.6621,57.48913,49.72927,55.31727,56.75385,54.57105,50.80354,51.92302,55.7853,52.63079,52.39275,53.85165,51.78803,53.75872,52.7731,53.33854,55.22681,54.23099,56.32051,57.03508,58.30952,58.00862,60.03332,64.00781,58.0,58.07753,61.07373,62.28965,66.06815,66.00758,66.06815,66.37017,66.06815,68.0,76.05919,73.10951,72.00694
12.04159,12.04159,12.72792,12.04159,12.04159,11.31371,11.31371,10.63015,10.63015,10.63015,10.63015,10.63015,10.63015,10.0,10.0,10.81665,9.43398,9.43398,9.43398,9.43398,9.43398,10.29563,9.43398,10.29563,10.29563,10.29563,9.43398,10.29563,10.29563,9.43398,9.43398,10.0,10.0,10.0,8.60233,9.21954,9.21954,8.48528,8.48528,8.48528,7.81025,7.07107,7.81025,6.40312,6.40312,6.40312,5.83095,5.83095,5.83095,5.83095,5.38516,4.47214,66.48308,69.26038,71.02816,65.37584,71.11259,60.07495,64.38167,61.20457,61.07373,56.00893,59.03389,53.08484,56.0357,53.08484,51.0098,52.23983,53.08484,51.35173,50.63596,49.36598,51.1957,48.6621,47.80167,49.0408,46.09772,50.96077,51.41984,50.28916,50.59644,49.33559,44.64303,50.0,48.27007,53.85165,46.57252,47.85394,47.29693,48.37355,49.64877,45.27693,39.20459,43.0,45.01111,43.01163,42.0119,39.11521,35.0571,35.12834,31.14482,31.57531,27.65863,29.73214,26.4764,25.29822,27.51363,24.69818,20.0,38.60052,35.69314,36.12478,37.21559,41.19466,37.01351,39.01282,43.0,44.04543,43.41659,47.51842,49.49747,52.15362,49.64877,50.44799,51.24451,52.17279,52.39275,52.39275,54.42426,56.0803,56.30275,54.42426,55.9464,57.24509,57.38467,58.69412,57.00877,56.64804,57.24509,53.85165,55.65968,55.65968,51.92302,57.48913,54.81788,53.60037,58.46366,59.68249,62.80127,60.82763,61.20457,57.70615,61.07373,64.28063,64.28063,63.3877,64.03124,68.02941,72.1734,69.35416,68.18358,69.06519,68.0,77.05842,74.33034,72.33948
11.40175,11.40175,11.40175,11.40175,11.40175,10.19804,10.19804,10.04988,10.19804,9.05539,10.19804,10.04988,9.05539,9.05539,9.05539,9.0,9.0,9.0,9.05539,9.05539,9.0,9.05539,9.05539,9.05539,9.05539,9.05539,9.05539,9.05539,9.05539,9.05539,8.0,9.0,9.0,8.0,8.0,8.0,8.06226,7.28011,7.07107,7.07107,6.32456,6.32456,6.32456,5.38516,5.38516,5.38516,4.47214,4.47214,4.47214,3.60555,3.60555,3.60555,73.05477,68.02941,71.30919,64.51356,67.1193,64.2573,66.70832,64.88451,59.61543,60.53924,59.03389,57.77543,55.07268,58.13777,53.85165,56.85948,57.80138,51.86521,55.9464,52.20153,49.81967,50.0,49.67897,47.20169,48.82622,48.41487,52.80152,51.62364,50.32892,53.03772,49.49747,53.75872,49.67897,51.85557,49.57822,48.60041,52.15362,45.65085,48.76474,42.54409,48.02083,44.41846,43.46263,42.05948,44.01136,39.81206,38.27532,37.36308,31.7805,28.44293,29.83287,28.63564,28.63564,24.18677,25.4951,23.34524,24.02082,33.97058,33.30165,34.71311,36.05551,39.05125,38.83298,38.58756,40.31129,42.95346,41.59327,45.17743,48.30114,47.01064,50.92151,51.24451,51.24451,56.61272,53.36666,54.81788,56.4358,53.23533,54.08327,53.60037,53.75872,54.33231,55.7315,50.35871,56.4358,54.45181,53.93515,52.95281,56.08921,54.45181,52.61179,59.4138,55.9017,54.12024,55.65968,55.97321,56.85948,59.13544,62.24147,62.96825,62.03225,62.16912,60.40695,64.2573,64.88451,65.55151,68.02941,68.44706,71.11962,71.86793,68.02941,73.3553,72.49828,72.09022
12.08305,11.18034,11.18034,11.18034,11.18034,10.29563,10.29563,10.29563,10.29563,9.43398,9.43398,10.0,10.0,9.21954,9.21954,9.89949,9.21954,9.21954,8.48528,9.21954,9.21954,9.21954,9.89949,9.21954,9.21954,9.21954,9.21954,9.21954,9.21954,9.89949,8.48528,9.89949,8.48528,9.21954,9.21954,8.60233,8.60233,8.60233,7.2111,7.2111,7.2111,6.7082,6.7082,6.7082,5.38516,5.38516,5.38516,5.38516,5.38516,4.12311,4.12311,4.12311,67.44627,66.76077,68.68042,61.61169,64.03124,62.29767,59.48109,66.40783,58.46366,57.27128,58.24946,54.91812,56.88585,52.34501,55.7315,52.46904,56.22277,47.09565,49.64877,51.0,55.08176,48.0,47.04253,53.03772,48.01042,48.0,49.0,52.46904,49.0102,53.60037,49.64877,54.45181,46.27094,51.15662,48.37355,50.01,50.0,47.01064,51.15662,47.16991,46.38965,45.39824,43.18565,42.75512,41.0,38.83298,40.80441,33.24154,35.73514,34.17601,32.69557,31.01612,27.73085,26.40076,26.40076,25.23886,25.55386,33.06055,36.12478,34.0147,37.65634,36.12478,42.57934,37.65634,36.49658,44.14748,38.60052,46.48656,43.32436,50.96077,50.15974,47.85394,48.30114,50.08992,47.41308,52.3259,51.0,51.86521,53.85165,51.86521,50.77401,52.15362,54.70832,48.25971,50.47772,48.8774,52.83938,50.24938,57.14018,55.07268,53.23533,51.0,54.12024,54.626,55.15433,55.15433,58.5235,56.85948,58.5235,60.08328,64.28841,64.19502,65.0,64.19502,63.78871,65.0,63.60031,69.42622,67.89698,66.48308,67.18631,73.34848,70.60453,72.53275
12.80625,12.04159,11.40175,11.40175,11.40175,10.63015,10.63015,11.31371,10.63015,9.89949,9.89949,10.63015,10.0,10.0,10.0,10.0,9.43398,9.43398,9.43398,9.43398,9.43398,9.43398,9.43398,9.84886,10.29563,10.29563,10.29563,10.29563,10.29563,10.29563,9.43398,10.29563,9.43398,9.43398,10.0,9.21954,9.21954,9.21954,7.81025,7.81025,7.81025,7.07107,7.07107,6.40312,6.40312,6.40312,5.83095,5.83095,5.0,5.0,4.47214,4.47214,75.18643,68.06614,74.43118,68.26419,64.28063,71.70077,60.82763,66.91039,56.4358,61.20457,60.20797,59.03389,58.03447,52.00961,56.32051,53.15073,58.00862,55.00909,56.22277,50.08992,57.42822,50.24938,57.00877,50.21952,51.97115,52.49762,44.92215,49.81967,52.17279,54.81788,54.91812,58.46366,50.96077,52.88667,48.05206,53.93515,50.44799,49.0306,50.15974,51.08816,45.04442,46.0,45.09989,47.04253,45.01111,40.11234,44.55334,34.05877,40.5216,36.34556,31.32092,31.7805,28.86174,27.51363,28.16026,25.94224,27.45906,34.23449,36.12478,38.0526,38.0526,34.05877,41.19466,41.19466,42.0119,43.56604,40.60788,48.27007,46.57252,50.44799,50.59644,54.42426,45.88028,58.18935,46.23851,54.78138,54.56189,53.66563,54.12947,51.97115,54.3783,52.69725,54.70832,58.30952,59.05929,46.51881,53.7122,47.42362,56.79789,53.7122,54.08327,55.15433,53.48832,52.20153,59.77458,54.40588,58.82176,62.36185,56.08921,65.52099,60.41523,64.13267,60.40695,66.09841,64.77654,66.61081,62.64982,65.11528,69.58448,73.97973,67.26812,72.69113,75.95393,69.18092
11.7047,11.7047,11.7047,11.7047,11.7047,10.77033,11.40175,10.44031,10.44031,10.19804,10.44031,10.19804,10.19804,10.19804,10.04988,10.04988,10.04988,10.04988,10.0,10.0,10.0,10.0,10.0,10.0,10.0,10.0,10.0,11.0,10.0,10.04988,10.0,10.04988,10.04988,10.04988,9.21954,9.21954,9.21954,9.21954,8.24621,8.24621,7.61577,7.61577,7.61577,6.7082,6.7082,5.83095,5.83095,5.83095,5.83095,5.0,5.0,4.24264,68.88396,65.79514,68.96376,67.60178,69.46222,61.26989,61.91123,64.88451,60.53924,55.22681,57.98276,59.68249,55.80323,52.69725,58.66856,54.67175,56.72742,52.20153,52.40229,50.9902,55.15433,53.03772,51.22499,51.40039,47.42362,51.73973,51.73973,50.44799,53.15073,55.97321,51.62364,53.07542,52.63079,51.85557,50.44799,50.93133,51.73973,51.22499,51.62364,50.91169,47.42362,48.01042,49.39636,43.56604,44.10215,42.19005,40.31129,40.31129,35.73514,33.54102,30.08322,34.78505,27.313,29.83287,30.80584,27.29469,24.33105,33.97058,33.97058,35.38361,37.64306,36.23534,38.83298,39.40812,43.26662,42.48529,44.41846,42.48529,48.33218,48.30114,51.07837,51.07837,48.50773,54.42426,52.88667,53.16014,52.39275,57.00877,56.88585,54.34151,53.60037,55.22681,52.61179,52.34501,55.9017,55.7315,55.54278,53.93515,57.07013,53.85165,51.5461,57.58472,51.26402,53.14132,57.93962,56.921,57.27128,59.61543,55.9017,59.5063,63.95311,60.83584,64.14047,61.91123,66.57327,66.7308,67.74216,65.39113,68.88396,69.77105,71.58911,71.58911,70.3278,68.09552
12.52996,11.6619,11.6619,11.6619,11.6619,10.81665,10.81665,10.81665,10.81665,10.0,10.81665,10.0,9.21954,9.89949,9.21954,10.63015,9.89949,9.21954,9.21954,9.21954,9.21954,9.21954,9.89949,10.0,9.21954,10.0,9.89949,9.89949,9.89949,9.89949,9.21954,9.89949,9.21954,9.21954,10.0,8.60233,8.60233,8.60233,8.06226,8.06226,7.61577,7.61577,6.7082,6.32456,6.32456,5.38516,6.32456,5.09902,5.09902,4.12311,4.0,4.0,67.77905,67.1193,70.2282,66.85058,67.72001,66.12866,58.5235,65.39113,58.82176,55.36244,57.28001,54.12024,56.88585,49.81967,55.31727,52.34501,52.15362,55.7315,51.47815,47.16991,56.0803,50.03998,51.0,52.0,48.0,52.00961,49.16299,50.01,52.03845,55.22681,51.08816,55.3263,53.08484,53.08484,50.15974,51.0,51.08816,53.00943,51.08816,54.23099,46.38965,46.69047,47.38143,43.93177,40.02499,38.47077,43.01163,37.33631,34.53983,34.9285,36.40055,32.64966,31.01612,25.05993,26.41969,26.40076,26.40076,32.24903,40.79216,32.38827,37.33631,37.33631,38.62642,36.40055,42.15448,41.48494,44.01136,48.02083,49.64877,49.24429,51.31277,51.61395,48.82622,52.43091,51.85557,49.0408,54.67175,56.40035,56.63921,51.73973,49.51767,51.66237,54.56189,54.56189,57.28001,51.66237,53.8145,51.40039,55.0,54.20332,52.15362,55.0,53.82379,53.53504,58.13777,55.56978,58.30952,58.18075,59.5063,60.37384,61.46544,60.53924,57.00877,65.19202,62.96825,64.51356,62.93648,69.46222,69.57011,78.29432,70.5762,72.44998,74.94665,72.73239
12.04159,12.04159,11.04536,12.04159,11.04536,11.04536,10.19804,10.19804,10.19804,9.21954,10.44031,10.44031,9.48683,9.48683,9.48683,9.84886,9.84886,9.84886,8.94427,8.94427,8.94427,9.84886,8.94427,9.43398,10.29563,9.43398,9.43398,8.94427,8.94427,10.29563,9.84886,8.94427,9.84886,8.544,8.544,8.544,8.544,8.24621,7.28011,7.28011,7.07107,7.07107,6.08276,6.08276,6.08276,5.0,5.0,5.0,5.0,4.0,4.12311,4.12311,67.47592,67.80118,71.58911,69.42622,71.44928,64.44377,62.96825,64.44377,58.0,57.98276,60.10824,55.9017,57.38467,53.8145,56.22277,57.00877,54.81788,54.67175,52.00961,50.77401,56.93856,49.73932,49.64877,50.53712,50.47772,52.47857,54.20332,51.88449,54.12947,51.47815,51.26402,53.66563,47.85394,51.47815,49.64877,46.32494,50.60632,52.15362,48.37355,49.73932,48.01042,47.80167,45.80393,43.27817,41.03657,41.01219,40.36087,40.31129,33.6006,31.14482,30.61046,31.62278,29.68164,28.30194,23.25941,28.17801,25.4951,34.66987,34.4093,34.71311,36.79674,36.87818,38.28838,38.8973,40.45986,42.44997,41.86884,44.65423,44.40721,46.2277,49.40648,48.02083,50.11986,51.62364,48.76474,53.66563,49.24429,54.626,55.36244,50.92151,52.39275,50.28916,50.69517,52.92447,52.92447,53.85165,54.56189,54.42426,56.46238,56.0803,55.00909,57.70615,56.82429,51.97115,56.85948,58.24946,58.24946,59.90826,61.84658,57.80138,63.03174,62.482,68.41053,68.76772,66.52819,70.03571,67.62396,65.8559,67.94115,71.70077,70.76722,72.86288,74.33034,70.83784
12.36932,12.36932,11.40175,12.36932,11.40175,11.40175,11.40175,10.44031,10.44031,9.48683,10.44031,10.77033,9.84886,9.84886,9.84886,9.84886,9.84886,8.94427,9.43398,9.43398,9.43398,9.43398,8.94427,9.43398,9.43398,9.43398,10.29563,8.94427,10.29563,9.84886,8.94427,8.94427,8.94427,8.94427,9.48683,8.544,9.21954,8.24621,8.24621,8.24621,8.06226,8.06226,7.07107,7.0,7.0,6.0,6.0,6.0,5.09902,5.09902,5.09902,5.09902,68.0147,73.59348,72.8011,63.12686,68.88396,64.66065,61.6198,65.79514,59.03389,56.85068,56.40035,52.69725,58.83026,51.86521,53.85165,54.20332,55.22681,53.85165,51.62364,50.53712,56.46238,51.47815,49.0408,50.56679,45.18849,49.24429,49.24429,47.53946,49.39636,54.70832,47.75982,55.54278,50.32892,50.32892,49.76947,47.41308,51.0,47.01064,48.76474,51.97115,49.73932,45.22168,43.27817,44.65423,41.40048,39.59798,36.12478,38.20995,32.01562,33.83785,28.42534,29.15476,27.78489,28.01785,27.313,23.60085,22.47221,35.35534,32.98485,35.73514,36.76955,41.14608,39.35734,40.31129,38.94868,45.17743,42.19005,41.6173,45.80393,48.25971,52.69725,51.85557,47.38143,51.62364,54.45181,52.34501,51.85557,52.40229,56.72742,53.41348,54.81788,54.20332,57.48913,54.40588,55.80323,54.03702,54.81788,52.40229,56.22277,52.00961,53.41348,53.90733,59.46427,57.38467,56.58622,53.75872,58.41233,60.959,60.44005,60.60528,64.53681,58.79626,65.80274,64.81512,70.72482,67.95587,64.40497,67.80118,74.09453,71.8401,71.40028,72.62231,70.80254,70.43437
12.52996,11.6619,12.08305,11.18034,11.18034,11.18034,11.18034,10.29563,10.29563,9.84886,9.84886,9.84886,9.48683,9.48683,9.48683,9.48683,9.48683,9.21954,9.21954,9.21954,9.21954,9.21954,9.21954,9.05539,9.21954,9.21954,9.21954,9.21954,9.21954,9.21954,9.21954,9.21954,9.48683,8.544,8.544,8.94427,8.94427,8.06226,8.06226,8.06226,7.2111,7.2111,6.40312,6.40312,6.40312,5.65685,5.65685,5.65685,5.65685,5.0,4.47214,4.47214,70.17834,67.60178,71.11962,69.46222,65.74192,64.4748,60.46487,64.88451,59.94164,59.94164,60.37384,54.70832,55.75841,51.97115,55.56978,53.60037,53.60037,48.41487,53.41348,52.63079,51.85557,49.20366,53.03772,47.42362,48.83646,49.51767,51.66237,50.20956,48.79549,55.22681,51.08816,51.62364,48.79549,50.20956,43.86342,50.60632,47.50789,49.67897,50.80354,45.22168,45.22168,42.54409,44.29447,37.73592,39.35734,41.4367,38.62642,35.4683,36.40055,31.32092,31.32092,34.20526,25.70992,27.20294,24.18677,22.09072,24.18677,34.66987,35.0,30.61046,36.87818,34.71311,36.79674,35.0,36.61967,39.69887,42.80187,42.72002,43.82921,47.70744,44.29447,47.42362,47.01064,51.62364,48.38388,54.42426,49.98,50.59644,53.75872,54.34151,50.69517,50.69517,51.92302,51.66237,52.63079,49.24429,51.86521,47.12749,54.81788,50.32892,51.62364,52.81098,53.14132,51.07837,55.4617,55.9464,57.77543,57.69749,59.48109,60.82763,56.82429,63.06346,60.74537,62.76942,65.0,65.8635,67.1193,67.42403,66.7308,70.23532,63.52952,68.60029,68.26419,69.35416
11.04536,11.04536,11.04536,11.04536,10.04988,10.04988,10.04988,9.05539,9.05539,9.0,10.0,9.0,9.0,9.0,9.0,8.06226,9.05539,8.06226,9.05539,9.21954,8.06226,9.21954,8.06226,8.24621,9.21954,8.24621,9.21954,8.24621,9.21954,8.06226,9.05539,9.05539,9.05539,8.0,8.0,8.0,8.06226,8.06226,7.07107,7.07107,6.32456,6.32456,6.32456,6.32456,5.38516,5.38516,5.38516,4.47214,4.47214,5.0,4.24264,4.24264,77.80103,63.25346,71.84706,69.02898,68.88396,64.2028,66.61081,67.20119,60.60528,62.00806,57.00877,60.21628,56.0357,56.0357,55.21775,52.47857,59.05929,51.97115,52.35456,50.08992,56.35601,53.31041,51.26402,50.32892,49.39636,52.81098,50.32892,54.42426,53.45091,53.45091,49.24429,54.78138,49.39636,53.48832,49.0408,51.62364,52.92447,50.15974,52.3259,46.06517,46.14109,46.61545,47.43416,44.82187,43.27817,39.82462,38.8973,38.18377,35.4683,33.30165,31.89044,29.73214,28.6007,26.41969,26.40076,24.59675,25.07987,30.59412,35.44009,36.13862,37.33631,39.56008,36.71512,38.01316,42.04759,41.18252,44.65423,44.20407,47.43416,47.63402,50.9902,51.08816,50.20956,53.03772,50.9902,50.9902,48.79549,52.34501,54.03702,54.56189,53.00943,51.61395,53.41348,54.91812,53.60037,49.0408,56.85068,50.0,53.2635,53.03772,51.85557,56.58622,53.03772,56.72742,54.45181,56.0803,55.17246,60.87693,57.48913,59.20304,62.482,59.66574,62.68174,62.96825,65.19202,65.19202,65.73431,69.40461,71.40028,72.62231,71.02816,73.00685,76.844,75.21303
13.15295,13.15295,12.04159,12.16553,12.16553,12.04159,11.04536,11.04536,11.04536,11.04536,11.0,11.0,10.0,10.0,10.0,11.04536,10.04988,10.04988,10.04988,10.04988,10.04988,10.04988,10.04988,10.19804,10.19804,10.19804,10.19804,10.04988,10.04988,10.04988,10.04988,10.04988,10.0,10.0,10.0,10.0,9.0,9.05539,8.06226,8.24621,8.24621,8.24621,7.28011,7.28011,7.28011,6.32456,6.32456,5.83095,5.38516,5.38516,5.83095,5.0,69.89278,70.80254,70.0,65.45991,70.0,64.63745,66.0303,63.82006,63.12686,59.66574,58.89822,55.97321,59.46427,55.17246,54.67175,50.93133,53.75872,54.45181,54.45181,50.32892,54.40588,52.40229,50.80354,46.61545,47.20169,51.61395,50.47772,52.69725,53.60037,52.47857,47.70744,52.83938,53.85165,50.44799,49.64877,50.0,51.40039,51.40039,46.75468,51.22499,47.50789,49.57822,47.38143,43.18565,39.20459,42.2019,37.73592,39.66106,35.8469,33.61547,29.15476,28.84441,29.73214,31.01612,25.70992,27.89265,25.31798,34.98571,30.52868,36.40055,35.38361,38.8973,38.8973,38.20995,39.20459,44.59821,43.41659,48.54894,46.87217,51.0392,50.24938,47.41308,53.7122,55.56978,55.15433,49.76947,52.80152,51.62364,60.16644,54.08327,54.12024,57.56735,57.00877,52.49762,53.45091,53.45091,54.08327,48.46648,51.5461,53.75872,57.58472,51.62364,57.80138,52.7731,55.9464,59.48109,58.18075,58.83026,62.42596,61.91123,64.63745,58.00862,64.89992,65.45991,67.35726,66.21933,72.20111,66.4003,68.76772,70.60453,72.62231,70.43437,70.93659,78.60025
12.64911,12.64911,11.7047,11.7047,11.7047,11.7047,10.77033,10.77033,10.77033,9.84886,10.77033,9.84886,9.84886,9.84886,8.94427,9.43398,9.43398,9.43398,9.43398,8.60233,9.43398,9.21954,9.43398,9.21954,9.21954,10.0,10.0,10.0,9.21954,10.0,8.60233,9.43398,9.43398,9.43398,8.94427,8.94427,8.94427,7.61577,7.61577,7.61577,7.28011,7.28011,6.32456,6.08276,6.08276,6.08276,6.08276,6.08276,5.0,5.0,5.0,5.09902,71.02112,74.63243,66.37017,66.28725,68.96376,64.49806,65.51336,57.68882,57.98276,57.45433,57.70615,54.12024,56.82429,54.56189,50.69517,50.28916,56.30275,51.5461,49.98,50.28916,55.7853,48.70318,47.07441,44.38468,49.0408,51.1957,46.87217,48.25971,45.70558,50.03998,49.64877,55.10898,50.21952,48.6621,50.48762,46.84015,48.76474,51.5461,46.48656,46.48656,45.31004,48.38388,42.37924,41.78516,39.96248,39.44617,37.21559,38.60052,32.44996,33.30165,31.14482,29.20616,23.60085,24.83948,21.2132,25.6125,25.0,37.21559,36.13862,33.95585,36.40055,36.40055,37.58989,38.58756,34.1321,43.909,41.88078,47.70744,44.40721,50.21952,51.86521,46.09772,49.51767,53.2635,52.40229,50.20956,50.24938,53.75872,54.81788,54.67175,53.41348,52.49762,53.75872,54.67175,52.63079,52.80152,53.07542,50.9902,50.93133,53.07542,53.15073,51.73973,58.79626,54.67175,55.0,55.44367,60.74537,59.20304,57.68882,59.03389,60.80296,60.74537,66.57327,62.76942,62.96825,62.43397,66.03787,66.7308,71.11259,73.24616,69.64194,67.97794,71.34424,68.96376
13.45362,12.04159,12.04159,12.04159,11.40175,12.04159,11.40175,10.63015,11.40175,10.81665,10.81665,10.81665,10.29563,10.29563,10.29563,10.29563,10.29563,9.43398,9.84886,9.84886,9.84886,9.84886,9.84886,9.48683,9.84886,9.84886,9.84886,9.84886,9.84886,9.84886,9.84886,9.84886,10.29563,8.94427,9.43398,8.60233,8.60233,8.60233,7.81025,7.81025,7.07107,7.07107,7.07107,7.07107,6.40312,5.65685,5.65685,5.0,5.0,5.0,4.47214,4.47214,70.11419,68.00735,72.02777,69.06519,66.00758,66.00758,61.07373,66.06815,54.03702,60.0,59.03389,58.13777,63.12686,50.08992,54.03702,52.7731,52.95281,57.70615,54.34151,51.62364,56.75385,50.01,48.70318,50.69517,47.53946,48.76474,47.43416,47.53946,51.24451,53.48832,50.59644,55.08176,44.59821,51.5461,50.44799,51.92302,46.84015,50.69517,50.9902,50.21952,44.55334,49.09175,45.39824,42.04759,43.01163,36.05551,41.10961,34.05877,34.1321,32.28002,32.55764,30.26549,28.86174,24.04163,26.68333,25.63201,25.55386,34.88553,38.27532,33.83785,41.59327,37.21559,38.20995,38.47077,44.04543,46.09772,43.01163,45.0,49.0,51.0098,52.00961,54.08327,49.49747,56.22277,48.27007,54.12947,51.97115,52.39275,56.61272,52.49762,52.88667,51.86521,54.70832,53.85165,59.48109,49.72927,57.00877,51.41984,58.69412,52.39275,53.93515,55.7315,57.42822,50.63596,57.55867,58.13777,59.07622,63.28507,60.03332,64.03124,59.03389,62.03225,66.1211,64.00781,65.00769,66.27217,68.00735,69.06519,71.02816,75.00667,69.06519,69.35416,77.10383,74.0
12.04159,11.04536,11.04536,11.04536,11.04536,11.04536,10.04988,10.04988,10.0,9.0,10.0,10.0,9.0,9.0,9.0,9.05539,9.05539,9.05539,9.21954,9.21954,9.05539,8.24621,9.21954,9.21954,9.21954,9.21954,9.21954,9.21954,9.21954,9.21954,8.06226,9.05539,9.05539,8.06226,8.06226,8.0,8.0,7.07107,7.07107,7.07107,7.07107,6.08276,6.08276,6.08276,5.09902,5.09902,5.38516,4.12311,4.47214,4.47214,4.47214,3.60555,72.94518,74.8131,70.21396,74.02702,74.51845,64.03124,69.81404,62.00806,62.00806,59.40539,58.13777,54.48853,60.1415,57.38467,56.63921,53.90733,54.56189,54.45181,50.24938,53.15073,51.86521,52.20153,48.02083,49.81967,50.60632,47.70744,56.0357,53.7122,49.20366,53.33854,50.24938,50.24938,51.86521,47.70744,51.47815,47.20169,50.47772,48.01042,49.57822,47.50789,46.2277,47.42362,44.82187,45.60702,41.40048,35.38361,38.41875,37.01351,36.89173,32.20248,33.01515,33.28663,30.08322,27.20294,29.15476,24.73863,22.47221,37.12142,33.83785,35.51056,36.06938,38.20995,36.06938,40.36087,41.10961,43.93177,44.20407,43.01163,43.82921,49.09175,50.60632,46.14109,53.33854,51.10773,54.23099,47.41308,48.46648,54.42426,52.0,57.24509,53.48832,55.71355,56.0803,51.24451,52.92447,57.58472,55.15433,52.39275,54.78138,55.54278,54.12024,51.88449,51.88449,55.56978,58.66856,59.05929,62.43397,57.98276,62.00806,58.13777,62.42596,62.00806,58.89822,63.78087,67.89698,64.44377,70.43437,69.2026,70.83784,68.24954,75.28612,75.82216,70.83784,75.43209
13.45362,12.72792,12.72792,13.45362,12.04159,12.04159,11.31371,11.31371,11.31371,10.63015,10.63015,10.63015,10.63015,10.63015,10.0,10.0,9.43398,9.43398,10.29563,9.43398,9.43398,10.29563,9.43398,10.29563,10.29563,10.29563,10.29563,10.29563,10.29563,10.29563,9.43398,9.43398,10.0,9.43398,10.0,9.21954,9.21954,8.48528,8.48528,8.48528,7.81025,7.07107,7.07107,6.40312,6.40312,6.40312,5.83095,5.83095,5.83095,5.83095,5.38516,5.38516,76.23647,72.69113,68.35934,66.18912,69.26038,65.27634,61.40033,62.514,62.39391,58.03447,53.08484,50.15974,55.03635,53.00943,54.08327,53.15073,52.03845,50.24938,50.15974,46.38965,50.21952,47.38143,47.67599,49.72927,47.85394,49.64877,45.12206,49.0306,52.17279,50.28916,48.27007,47.67599,49.0306,46.87217,46.69047,46.69047,43.73786,44.55334,44.18144,40.04997,45.01111,40.31129,43.18565,39.05125,39.62323,39.20459,32.75668,33.37664,30.08322,31.32092,26.4764,27.313,28.23119,23.25941,25.55386,23.02173,23.60085,33.83785,33.83785,34.52535,36.87818,38.83298,39.11521,38.32754,41.4367,44.10215,45.01111,46.17359,46.38965,50.01,50.08992,48.50773,49.64877,52.39275,51.78803,50.69517,51.24451,51.66237,55.97321,50.59644,52.20153,51.86521,54.08327,55.02727,54.78138,53.75872,52.49762,53.45091,54.70832,50.92151,56.29387,56.51548,52.95281,52.95281,52.95281,58.69412,60.53098,61.20457,60.13319,61.13101,62.28965,61.07373,58.00862,64.0,67.00746,64.07027,66.27217,69.0,72.0,70.06426,72.06247,74.0,73.00685,71.06335
11.7047,11.7047,11.7047,12.08305,10.77033,10.77033,10.44031,10.44031,10.44031,9.48683,10.44031,10.19804,9.21954,9.21954,9.21954,10.04988,9.05539,9.05539,9.05539,9.05539,9.05539,9.05539,9.0,9.0,9.0,9.0,9.0,9.05539,9.05539,9.05539,9.05539,9.05539,9.05539,8.06226,8.06226,8.24621,8.24621,7.61577,7.61577,6.7082,6.7082,6.7082,6.7082,5.38516,5.83095,5.0,5.0,5.0,4.24264,4.24264,4.24264,3.60555,69.46222,64.84597,76.05919,70.3278,58.66856,64.41273,60.82763,68.09552,58.59181,62.96825,55.60576,56.0357,56.0803,55.22681,56.30275,55.44367,51.86521,54.40588,48.01042,51.66237,53.74012,47.50789,51.66237,49.57822,50.24938,46.69047,48.79549,53.74012,53.07542,54.48853,45.96738,52.34501,50.44799,49.57822,47.42362,50.32892,53.74012,48.10405,45.22168,44.68781,44.40721,46.04346,43.04649,38.94868,41.62932,39.82462,40.24922,34.78505,35.1141,31.38471,31.04835,28.17801,28.16026,26.4764,24.08319,22.09072,17.0,31.90611,34.66987,34.4093,37.01351,34.65545,38.28838,37.48333,38.18377,40.45986,41.04875,43.04649,44.41846,48.02083,47.16991,51.0,47.41308,57.3062,47.75982,54.23099,55.15433,51.92302,52.55473,56.921,52.63079,53.93515,54.81788,47.07441,50.96077,51.86521,54.23099,46.48656,57.24509,55.36244,53.48832,57.00877,50.9902,52.80152,59.9333,57.77543,57.27128,59.5399,55.22681,61.85467,59.5399,64.3506,63.89053,59.90826,65.60488,65.80274,66.85058,68.7968,62.68174,68.00735,70.72482,74.43118,74.62573,71.02112
13.41641,13.0,13.0,12.52996,12.08305,12.08305,11.7047,11.7047,10.77033,10.77033,11.7047,11.7047,10.44031,10.44031,10.44031,10.19804,10.19804,10.19804,10.04988,10.19804,10.19804,10.19804,10.19804,10.04988,10.19804,10.04988,10.04988,10.19804,10.19804,10.19804,10.19804,10.19804,10.19804,9.48683,9.21954,9.48683,9.48683,8.544,8.06226,8.06226,8.06226,8.06226,7.2111,7.2111,7.2111,6.40312,6.40312,6.40312,5.65685,5.65685,5.65685,5.65685,66.85058,69.26038,64.84597,60.08328,64.4748,62.96825,61.35145,61.35145,60.74537,56.46238,54.08327,50.9902,56.82429,51.89412,53.22593,52.35456,55.56978,53.33854,49.73932,47.16991,48.01042,49.40648,45.25483,48.01042,46.2277,47.80167,46.09772,50.20956,45.45327,48.79549,47.38143,50.93133,49.57822,46.69047,48.9183,44.10215,46.2277,47.70744,45.48626,47.20169,42.54409,45.27693,41.59327,40.31129,37.16181,37.16181,33.61547,33.83785,30.36445,30.36445,27.51363,27.89265,27.29469,26.30589,25.0,25.01999,23.5372,34.82815,35.51056,39.44617,35.8469,36.23534,33.12099,37.16181,40.8534,41.76123,44.27189,43.68066,44.38468,46.09772,50.80354,47.29693,49.49747,51.08816,56.0357,49.81967,52.00961,55.03635,56.0357,53.0,54.00926,56.0357,55.14526,54.03702,57.0,55.03635,50.08992,50.08992,52.23983,54.14795,54.14795,55.44367,54.74486,52.7731,56.88585,54.12947,60.87693,58.24088,59.48109,59.20304,63.24555,56.30275,60.41523,61.46544,63.69458,65.78754,65.45991,66.70832,72.8011,70.38466,65.9242,76.89603,70.83784,76.55064
13.34166,12.16553,12.16553,12.36932,12.36932,11.18034,11.18034,11.04536,11.04536,11.04536,11.04536,11.04536,10.04988,10.04988,10.0,10.0,10.0,10.0,9.05539,9.05539,10.04988,10.04988,10.04988,10.04988,10.04988,10.04988,10.04988,10.04988,10.04988,10.04988,10.0,10.0,10.0,9.0,10.04988,10.04988,9.05539,9.21954,8.24621,8.24621,8.24621,8.24621,7.28011,7.28011,7.28011,6.32456,6.7082,5.83095,5.83095,5.83095,5.83095,5.0,68.7968,69.83552,69.33974,63.51378,64.3506,65.51336,59.90826,62.76942,58.30952,60.21628,53.00943,56.22277,55.0,53.00943,54.03702,52.40229,55.9017,48.9183,52.34501,49.49747,54.67175,51.62364,51.40039,45.60702,48.83646,50.9902,48.60041,49.81967,50.44799,51.40039,46.40043,54.81788,46.75468,54.81788,48.27007,48.83646,45.96738,47.38143,44.59821,45.96738,47.38143,45.45327,42.72002,42.43819,40.60788,39.66106,37.73592,37.21559,36.24914,31.30495,30.46309,27.78489,26.24881,26.68333,26.92582,25.0,25.01999,36.23534,34.82815,36.06938,35.80503,36.40055,42.63801,38.20995,39.40812,43.60046,40.22437,44.28318,45.18849,47.41308,48.8467,54.12024,50.32892,53.48832,48.70318,53.60037,52.20153,53.85165,53.85165,50.96077,53.75872,54.45181,55.31727,51.41984,52.39275,53.36666,58.46366,47.07441,55.7853,52.63079,51.5461,55.02727,55.36244,53.85165,52.39275,57.77543,56.79789,60.83584,55.9464,59.9333,61.05735,60.41523,67.23095,67.1193,61.58734,63.60031,65.36819,69.83552,63.51378,70.21396,69.89278,76.00658,73.24616,70.72482
10.81665,10.81665,10.81665,11.6619,10.29563,9.43398,9.43398,10.0,8.60233,9.21954,9.21954,9.21954,9.21954,9.21954,9.21954,8.48528,7.81025,7.81025,8.48528,9.21954,7.81025,8.60233,7.81025,8.60233,9.21954,8.60233,8.60233,8.60233,8.60233,8.60233,9.21954,8.48528,8.48528,8.48528,8.48528,7.81025,7.81025,7.2111,7.2111,7.2111,5.83095,6.7082,6.7082,5.83095,5.38516,5.38516,5.38516,5.09902,4.12311,4.12311,4.12311,4.0,72.1734,70.06426,74.02702,70.00714,67.18631,64.00781,66.0,67.02984,59.13544,59.00847,59.00847,57.03508,59.00847,54.14795,54.03702,52.7731,58.85576,56.56854,56.7186,48.6621,53.60037,49.47727,51.66237,51.1957,51.92302,54.81788,51.26402,55.36244,51.5461,55.71355,51.24451,58.24088,53.36666,54.08327,49.33559,53.36666,51.1957,51.1957,51.97115,51.35173,47.51842,46.04346,49.0102,46.09772,43.04649,40.11234,42.57934,42.42641,35.51056,35.69314,33.54102,30.08322,30.08322,27.51363,27.20294,25.4951,24.59675,35.35534,34.48188,31.32092,34.20526,37.48333,37.48333,39.20459,40.1995,44.04543,38.0526,42.04759,46.01087,48.0,47.01064,48.16638,49.72927,50.48762,49.81967,50.63596,51.24451,53.85165,55.97321,50.0,54.81788,54.40588,55.54278,52.55473,54.08327,50.28916,57.72348,48.27007,55.08176,50.96077,53.93515,55.7853,55.31727,47.09565,52.34501,57.31492,61.29437,62.07254,57.07889,63.28507,61.03278,62.03225,64.00781,62.0,64.07027,71.11259,68.00735,69.0,71.02816,73.0,61.0082,73.00685,75.10659,72.02777
12.80625,12.04159,11.31371,12.04159,11.31371,10.63015,10.63015,10.63015,10.63015,9.89949,9.89949,9.89949,9.21954,9.21954,9.21954,10.0,8.60233,8.60233,9.43398,9.43398,9.43398,9.43398,9.43398,8.94427,9.43398,9.43398,9.43398,9.43398,9.43398,9.43398,9.43398,9.43398,8.60233,9.21954,9.21954,9.21954,8.48528,8.48528,7.81025,7.81025,7.81025,7.2111,7.2111,6.7082,6.7082,5.83095,6.32456,5.38516,5.38516,5.38516,5.09902,5.09902,68.11755,65.00769,75.10659,65.19202,67.06713,67.06713,60.00833,65.00769,56.0803,59.03389,58.21512,57.07013,58.30952,54.74486,57.31492,54.33231,56.04463,48.27007,51.41984,48.08326,57.87055,48.38388,51.07837,49.39636,45.88028,48.75449,47.01064,52.55473,51.62364,52.92447,48.10405,56.30275,49.24429,55.71355,49.64877,48.70318,49.98,50.0,50.59644,49.72927,48.27007,43.18565,43.28972,43.18565,39.20459,37.33631,43.04649,33.13608,39.20459,34.36568,34.71311,32.98485,26.92582,27.45906,24.73863,23.76973,22.84732,32.69557,33.83785,32.57299,33.73426,33.24154,36.34556,40.4475,38.32754,38.47077,39.11521,45.04442,43.01163,45.0,46.17359,48.37355,48.16638,53.33854,49.49747,53.60037,45.54119,49.25444,52.17279,47.07441,52.88667,52.20153,51.92302,49.64877,50.69517,51.5461,51.62364,48.50773,54.57105,51.62364,51.62364,51.47815,53.46027,47.26521,51.08816,53.33854,59.3043,57.00877,56.00893,62.00806,55.0,62.03225,59.21149,60.07495,63.1981,63.1981,64.03124,65.12296,65.37584,73.10951,67.1193,70.17834,73.33485,70.11419
12.04159,12.04159,12.04159,11.31371,11.31371,10.63015,11.31371,9.89949,9.89949,10.63015,10.63015,10.63015,10.0,10.0,9.21954,10.81665,9.43398,9.43398,8.94427,9.43398,9.43398,8.94427,9.43398,9.84886,9.84886,10.29563,10.29563,10.29563,9.84886,10.29563,9.43398,9.43398,9.43398,9.43398,9.21954,9.21954,9.21954,7.81025,8.48528,7.07107,7.81025,7.07107,7.07107,6.40312,6.40312,5.83095,5.83095,5.0,5.83095,4.47214,4.47214,4.12311,74.10803,69.18092,72.00694,69.06519,64.00781,65.03076,62.03225,65.00769,61.0082,61.0082,63.03174,59.21149,60.00833,57.42822,57.14018,53.93515,54.12947,53.93515,54.34151,54.34151,57.72348,51.97115,53.75872,53.36666,49.0408,52.20153,51.66237,53.75872,50.92151,54.08327,51.24451,58.46366,48.70318,52.20153,50.0,50.69517,52.17279,51.97115,51.78803,49.64877,47.16991,51.0392,48.01042,46.38965,45.17743,45.17743,40.04997,38.32754,37.65634,35.17101,37.85499,28.86174,30.67572,27.20294,31.32092,29.54657,29.52965,34.0147,32.57299,32.89377,39.29377,34.48188,39.29377,36.87818,42.42641,45.39824,39.05125,45.0,46.09772,49.0102,50.0,49.09175,48.6621,53.15073,52.61179,51.47815,53.93515,50.21952,55.08176,50.59644,53.85165,53.16014,50.44799,52.88667,57.28001,50.21952,52.17279,49.47727,54.12947,56.08921,51.41984,55.44367,56.88585,53.93515,56.4358,55.57877,58.00862,61.40033,55.00909,58.03447,60.13319,62.07254,61.40033,62.00806,65.19202,68.06614,65.00769,67.0,72.11103,74.06079,67.06713,73.02739,79.15807,70.11419
13.0384,11.6619,12.08305,12.52996,11.18034,11.6619,11.18034,10.29563,9.84886,9.84886,11.18034,10.77033,9.84886,9.48683,9.48683,10.44031,9.48683,9.48683,9.21954,9.21954,9.21954,10.19804,9.21954,10.19804,10.19804,10.19804,10.19804,10.19804,10.19804,10.19804,9.21954,10.19804,9.48683,9.48683,9.48683,9.84886,8.94427,8.94427,8.06226,8.06226,8.06226,7.2111,7.2111,6.40312,6.40312,6.40312,5.65685,5.65685,5.65685,5.0,5.0,4.47214,69.64194,73.1642,67.1193,69.64194,72.23573,65.9242,68.02941,65.55151,61.32699,59.48109,59.80803,55.9464,64.41273,55.47071,56.4358,53.53504,54.70832,53.25411,55.80323,55.80323,57.80138,51.0392,52.3259,52.63079,50.60632,49.57822,50.32892,51.62364,52.40229,49.51767,50.20956,56.63921,52.63079,53.90733,52.40229,50.80354,47.80167,49.40648,50.21952,50.60632,49.73932,48.30114,47.01064,43.909,42.04759,43.86342,40.80441,36.76955,35.17101,34.71311,35.22783,31.40064,28.28427,31.40064,24.08319,28.01785,26.07681,35.38361,34.05877,34.20526,36.61967,37.01351,36.89173,36.67424,41.18252,42.72002,42.05948,42.05948,45.61798,47.01064,48.10405,50.59644,51.24451,52.20153,51.92302,50.21952,51.41984,51.66237,55.7315,53.60037,52.39275,52.95281,53.15073,49.49747,55.22681,52.61179,54.45181,52.7731,53.75872,53.93515,51.78803,56.29387,54.12024,56.75385,57.72348,57.87055,57.77543,61.46544,60.00833,61.09828,60.37384,61.32699,63.95311,64.88451,68.02941,66.30988,70.38466,63.97656,73.3553,74.32362,68.8767,73.82412,74.68601,74.24958
12.04159,11.31371,11.31371,12.04159,10.63015,9.89949,9.89949,9.89949,9.89949,9.89949,9.21954,9.21954,9.21954,9.21954,9.21954,9.43398,8.06226,8.06226,8.06226,8.60233,8.60233,8.60233,8.06226,8.94427,8.94427,8.94427,8.94427,9.43398,9.43398,8.94427,8.60233,8.60233,8.60233,7.81025,7.81025,7.81025,7.81025,7.07107,7.07107,6.40312,6.40312,6.40312,5.83095,5.83095,5.0,4.47214,4.47214,4.47214,4.12311,4.12311,4.12311,4.12311,78.1025,68.00735,73.43705,69.35416,65.12296,65.19202,63.1981,67.26812,59.03389,59.3043,54.58938,54.34151,56.08921,59.68249,55.9017,55.10898,57.27128,51.78803,50.80354,49.72927,50.59644,54.57105,50.32892,52.0,53.16014,51.26402,49.39636,54.42426,49.0408,51.07837,50.69517,54.70832,52.49762,50.59644,50.59644,51.41984,48.50773,46.32494,50.01,47.85394,48.05206,44.28318,45.09989,46.38965,40.0125,42.19005,40.04997,36.01389,34.1321,32.24903,28.28427,26.68333,28.44293,26.92582,27.45906,23.08679,22.47221,34.66987,34.43835,36.71512,39.81206,39.0,35.17101,39.92493,40.26164,38.60052,41.97618,46.38965,44.91102,48.50773,48.16638,50.0,49.0408,53.00943,50.01,54.00926,53.15073,54.23099,52.46904,54.58938,56.56854,58.0517,55.7315,51.62364,53.46027,52.7731,54.00926,47.51842,55.44367,58.07753,55.03635,54.23099,53.03772,56.0803,58.13777,60.0,57.21888,59.4138,59.21149,64.38167,63.63961,61.29437,64.38167,62.64982,63.3877,67.74216,68.73136,71.25307,68.06614,72.24957,70.17834,72.06247,76.41989,75.66373
12.64911,13.0,13.0,12.64911,12.64911,11.7047,11.7047,10.77033,11.18034,11.18034,10.77033,11.18034,11.18034,10.29563,10.29563,10.81665,10.0,10.0,10.0,10.0,10.0,10.0,10.0,10.0,10.0,10.0,10.0,10.0,10.0,10.0,10.0,10.0,10.29563,9.43398,9.43398,8.94427,8.94427,8.94427,8.544,8.544,7.61577,7.28011,7.28011,6.32456,6.32456,6.08276,6.08276,6.08276,6.08276,5.09902,5.0,5.0,71.69379,70.21396,72.71864,68.00735,67.60178,65.8635,59.68249,66.85058,62.64982,60.20797,56.93856,54.70832,57.3062,49.24429,54.70832,53.23533,58.18075,53.14132,56.0803,48.10405,53.36666,48.70318,51.92302,53.16014,50.0,55.65968,47.80167,51.78803,51.24451,47.85394,50.21952,51.86521,50.69517,50.9902,47.07441,50.28916,50.96077,47.80167,47.53946,47.41308,43.04649,42.48529,46.32494,41.34005,44.94441,39.40812,35.60899,36.61967,33.97058,28.3196,31.89044,26.87006,24.83948,30.61046,27.01851,24.59675,24.59675,34.9285,38.47077,32.01562,40.16217,36.40055,40.31129,34.9285,41.67733,42.48529,42.54409,45.61798,46.32494,45.27693,49.92995,54.40588,50.44799,55.0,49.81967,54.40588,54.45181,52.3259,55.9017,54.45181,50.93133,58.69412,55.97321,56.0803,57.31492,52.34501,58.72819,50.93133,60.20797,54.03702,55.17246,57.48913,56.72742,56.63921,58.82176,57.62812,64.89992,67.20119,56.4358,66.88797,63.97656,61.58734,61.40033,64.88451,64.00781,71.19691,67.53518,71.69379,69.77105,76.94154,67.23095,76.94154,79.25907,77.02597
12.04159,11.31371,11.31371,12.04159,10.63015,10.63015,9.89949,9.89949,9.89949,9.21954,9.21954,10.0,9.21954,8.60233,8.60233,9.43398,8.94427,8.94427,8.94427,8.94427,8.06226,8.94427,8.94427,8.94427,8.94427,8.544,8.94427,8.94427,8.94427,8.94427,8.94427,8.94427,8.94427,8.06226,8.06226,8.06226,8.60233,7.81025,7.07107,7.07107,7.07107,7.07107,6.40312,5.65685,5.0,5.0,5.0,5.0,4.47214,4.47214,4.47214,3.16228,71.70077,68.06614,74.1485,68.35934,67.26812,65.49046,63.63961,63.78871,60.53098,55.44367,57.97413,57.28001,59.20304,55.7853,55.7853,51.24451,58.5235,51.5461,54.42426,50.9902,51.89412,51.88449,49.64877,47.41308,46.95743,51.42956,52.7731,52.83938,53.0,50.47772,50.24938,53.0,50.60632,53.23533,49.92995,53.7122,51.0,47.42362,48.75449,47.42362,49.39636,49.0408,47.43416,41.97618,40.79216,39.56008,37.65634,40.1995,35.0,31.257,33.54102,27.07397,26.01922,27.0,27.0,23.34524,22.13594,33.10589,34.78505,31.01612,36.40055,35.44009,38.32754,34.20526,40.4475,41.10961,43.01163,46.17359,42.10701,45.09989,50.01,49.0102,47.04253,53.33854,47.51842,48.09366,49.36598,54.33231,54.12947,53.93515,54.34151,52.95281,51.97115,51.1957,50.9902,50.01,53.75872,48.50773,50.48762,52.61179,51.24451,55.14526,54.08327,53.0,55.03635,58.03447,58.13777,59.07622,59.3043,62.07254,61.81424,60.01666,62.514,60.29925,62.64982,67.08204,68.73136,68.06614,69.2315,72.00694,71.02112,73.5459,70.21396,76.68768
13.45362,12.04159,12.72792,12.04159,12.72792,11.31371,11.31371,10.63015,10.63015,10.63015,10.63015,11.40175,10.63015,10.0,10.0,10.81665,9.43398,10.29563,9.43398,10.29563,10.29563,10.29563,10.29563,9.84886,10.29563,9.84886,9.84886,10.29563,10.29563,10.29563,9.43398,10.29563,9.43398,9.43398,9.43398,9.43398,9.21954,9.21954,8.48528,8.48528,8.48528,7.07107,7.81025,7.07107,7.07107,6.40312,6.40312,5.83095,5.83095,5.83095,5.83095,4.47214,75.32596,69.18092,67.36468,67.06713,64.49806,67.1193,59.4138,66.06815,59.4138,63.3877,54.74486,54.12947,54.12947,54.12947,53.93515,51.92302,53.60037,51.66237,51.5461,49.39636,53.48832,48.10405,49.76947,49.39636,49.76947,50.53712,44.94441,49.64877,51.88449,53.23533,49.1935,52.39275,47.53946,55.9464,47.41308,55.15433,49.24429,45.88028,49.98,45.88028,45.54119,44.91102,46.38965,45.54119,43.04649,39.11521,38.11824,33.24154,31.14482,28.16026,30.01666,28.01785,30.41381,27.16616,26.4764,26.24881,23.34524,32.69557,36.05551,36.40055,37.65634,36.67424,38.32754,40.0125,40.11234,41.30375,42.0119,42.0119,43.18565,49.0408,53.0,50.15974,47.26521,52.34501,50.35871,53.15073,49.64877,51.35173,57.07013,50.96077,56.75385,58.24088,56.29387,53.16014,54.57105,51.1957,55.31727,48.83646,56.51548,55.10898,56.7186,57.70615,56.32051,52.08647,59.00847,61.13101,57.00877,63.0,57.07889,61.0082,62.20129,65.03076,62.96825,62.20129,63.56099,68.35934,65.27634,69.26038,67.36468,72.11103,66.27217,76.32169,78.51751,71.56815
12.72792,12.72792,12.04159,12.72792,12.04159,11.31371,11.31371,12.04159,10.63015,10.0,10.63015,11.40175,10.0,10.0,10.0,10.81665,10.29563,10.29563,9.84886,9.84886,9.84886,9.84886,10.29563,9.84886,9.84886,9.84886,10.77033,9.84886,10.77033,10.29563,9.84886,9.84886,10.29563,8.94427,9.43398,9.43398,10.0,8.60233,8.60233,8.60233,7.07107,7.07107,7.07107,7.07107,5.65685,6.40312,6.40312,5.0,5.0,5.0,4.47214,4.47214,70.00714,69.0,72.06247,73.06162,67.02984,68.06614,65.03076,64.00781,62.03225,58.00862,59.03389,58.13777,60.07495,55.7315,52.15362,56.32051,55.14526,52.7731,53.60037,52.23983,54.57105,52.17279,52.20153,50.28916,52.49762,48.70318,49.0408,54.40588,53.45091,53.14132,49.33559,55.36244,49.98,55.08176,47.80167,55.7315,49.81967,51.41984,50.01,52.34501,46.69047,49.0408,45.01111,43.0,43.10452,41.10961,43.04649,34.0147,34.48188,35.35534,34.20526,33.73426,27.65863,25.63201,23.5372,24.16609,26.40076,34.0147,33.61547,33.83785,42.72002,33.73426,36.12478,36.13862,40.11234,43.28972,41.01219,47.0,45.01111,47.01064,50.03998,52.08647,48.37355,51.78803,46.69047,50.35871,50.01,56.08921,53.85165,54.70832,51.92302,53.85165,53.15073,54.40588,55.97321,50.96077,53.93515,50.69517,56.08921,52.95281,51.97115,56.75385,54.91812,52.46904,55.9017,57.70615,58.13777,60.07495,57.0,62.03225,62.03225,61.13101,61.03278,63.00794,67.02984,71.02816,63.00794,71.02816,72.0,74.00676,67.06713,75.10659,75.05998,71.06335
12.20656,12.20656,11.40175,12.20656,11.40175,10.81665,10.0,10.0,10.63015,9.89949,10.63015,9.89949,9.89949,9.89949,9.21954,10.0,10.0,9.21954,9.43398,8.60233,9.21954,9.43398,9.43398,9.43398,9.43398,10.29563,9.43398,9.43398,9.43398,9.43398,9.43398,9.43398,9.21954,8.60233,9.21954,9.21954,8.48528,8.48528,8.48528,7.81025,7.81025,7.2111,6.40312,6.40312,5.83095,5.83095,5.83095,5.83095,4.47214,4.47214,4.47214,4.47214,74.94665,62.62587,68.00735,62.96825,65.0,68.00735,56.32051,64.84597,53.16014,62.0967,56.75385,57.27128,58.0517,55.10898,57.55867,55.22681,52.08647,54.08327,54.14795,50.0,55.0,46.04346,51.35173,49.0408,48.16638,48.04165,49.25444,52.7731,51.24451,50.9902,50.24938,56.88585,46.38965,53.60037,47.51842,52.00961,45.01111,51.0098,49.16299,51.0392,48.04165,48.16638,40.1995,43.41659,41.0,37.85499,39.56008,35.69314,36.40055,27.89265,32.69557,31.95309,28.23119,25.94224,27.29469,26.92582,25.6125,35.0,35.12834,30.06659,39.45884,33.37664,33.54102,36.68787,38.8973,42.44997,38.32754,41.10961,46.84015,46.48656,47.75982,47.88528,45.65085,53.23533,47.41308,49.24429,49.24429,49.39636,52.20153,50.21952,51.61395,51.0392,49.39636,52.43091,54.6443,48.01042,54.08327,49.67897,52.43091,49.09175,52.7731,55.9464,55.9464,51.42956,55.9464,54.23099,56.0803,60.41523,55.02727,60.53924,56.921,56.32051,58.18935,62.29767,65.52099,63.32456,63.78871,65.25335,72.69113,73.76313,66.76077,68.44706,75.9276,65.73431
12.16553,11.18034,11.18034,11.04536,11.04536,10.04988,10.19804,10.19804,10.19804,9.21954,10.19804,9.48683,9.48683,9.48683,9.48683,9.84886,9.48683,9.48683,8.544,8.544,8.544,8.94427,8.94427,8.94427,8.94427,9.84886,9.84886,8.94427,8.94427,9.84886,8.544,8.544,8.544,8.544,9.21954,8.24621,8.24621,8.24621,7.07107,7.07107,7.07107,7.0,6.0,6.0,6.0,5.0,5.0,5.09902,5.09902,4.12311,4.12311,4.12311,71.44928,75.69016,72.00694,69.35416,68.0147,68.0147,63.12686,66.70832,60.87693,62.62587,58.60034,58.82176,59.64059,57.00877,58.24946,57.45433,60.46487,54.3783,53.0,54.12024,58.18075,50.15974,49.76947,52.3259,52.3259,52.92447,51.26402,53.48832,49.0408,54.23099,52.55473,55.36244,52.39275,49.98,52.55473,51.47815,50.9902,49.65884,49.24429,45.65085,50.60632,47.70744,46.2277,44.20407,42.63801,46.09772,41.10961,39.59798,36.76955,32.64966,36.87818,30.41381,28.3196,28.84441,26.41969,26.57066,23.76973,31.95309,35.8469,37.16181,34.0,38.58756,36.35932,33.83785,40.0,43.01163,42.2019,47.38143,48.10405,46.66905,49.49747,49.51767,46.75468,53.03772,50.60632,49.20366,48.41487,52.20153,53.82379,53.53504,55.56978,53.85165,51.97115,49.39636,53.0,57.98276,52.43091,46.87217,56.0357,53.41348,54.08327,54.67175,55.22681,58.0517,58.89822,56.63921,56.58622,58.0,58.89822,63.03174,63.78087,59.66574,68.11755,65.43699,69.6563,65.94695,69.52697,69.35416,72.00694,73.24616,70.93659,77.23341,77.80103,80.28076
12.16553,11.18034,11.18034,11.18034,11.18034,10.04988,10.19804,10.19804,10.19804,9.21954,9.21954,9.48683,9.48683,9.48683,8.544,8.544,8.94427,8.544,8.94427,8.94427,8.94427,8.94427,8.06226,9.43398,8.94427,8.06226,8.94427,8.94427,8.94427,8.94427,8.94427,8.544,8.544,8.544,8.544,7.28011,7.28011,7.28011,7.07107,7.07107,6.08276,6.08276,6.0,6.0,5.0,5.0,5.09902,5.09902,5.09902,4.12311,4.12311,4.12311,72.00694,72.83543,68.24954,66.21933,65.80274,63.70243,62.482,66.85058,55.44367,56.0357,53.82379,54.81788,58.5235,54.70832,54.6443,55.56978,53.7122,52.80152,52.83938,51.88449,50.69517,50.08992,48.70318,50.15974,47.53946,52.0,44.72136,50.59644,50.69517,50.0,52.81098,52.49762,48.70318,49.98,47.75982,50.28916,50.56679,49.65884,49.65884,46.52956,46.14109,44.10215,44.41846,44.65423,44.94441,34.20526,37.53665,38.18377,33.42155,29.06888,30.41381,27.80288,27.20294,26.40076,24.83948,24.69818,23.32381,31.95309,31.30495,31.7805,34.0,36.35932,35.80503,37.01351,36.40055,39.69887,38.41875,41.72529,43.13931,45.25483,50.93133,48.27007,48.41487,50.0,50.44799,47.80167,51.40039,50.24938,56.60389,51.31277,51.62364,51.31277,50.21952,49.73932,55.22681,48.30114,50.21952,46.87217,53.53504,48.82622,51.61395,53.00943,53.15073,50.44799,54.56189,52.34501,54.67175,62.24147,58.25805,60.82763,63.89053,59.03389,58.79626,61.6198,65.94695,62.42596,63.25346,65.80274,65.21503,73.66139,65.79514,71.40028,71.70077,73.87828
12.80625,12.20656,12.20656,12.20656,11.6619,11.40175,11.6619,10.81665,11.6619,10.29563,10.29563,11.18034,9.84886,9.84886,9.84886,10.77033,10.44031,9.84886,10.44031,9.48683,9.48683,10.44031,9.48683,9.21954,10.44031,10.44031,10.44031,10.44031,10.44031,10.44031,9.48683,9.48683,9.48683,9.48683,9.84886,8.94427,8.94427,8.06226,8.06226,8.06226,7.2111,7.81025,7.2111,6.40312,6.40312,5.65685,5.65685,5.65685,5.0,4.24264,5.0,3.60555,71.25307,70.02857,70.34913,66.1211,69.26038,68.00735,63.12686,67.18631,58.42089,65.11528,56.4358,58.42089,55.57877,53.93515,52.95281,56.32051,54.34151,51.66237,53.16014,51.24451,50.56679,49.64877,50.08992,46.23851,49.64877,51.07837,46.95743,50.08992,49.24429,51.42956,50.08992,54.12947,49.24429,48.75449,51.07837,50.32892,47.85394,48.8467,51.5461,46.48656,46.57252,44.14748,44.28318,41.7732,42.42641,41.01219,39.01282,36.22154,32.01562,30.06659,33.06055,28.01785,28.28427,24.35159,24.5153,24.69818,24.16609,35.34119,36.40055,34.17601,38.07887,34.78505,39.62323,36.13862,38.83298,42.29657,37.12142,43.10452,43.10452,52.08647,46.0,48.01042,47.09565,55.00909,48.50773,50.35871,52.34501,53.23533,56.88585,55.10898,52.39275,55.54278,56.08921,53.93515,58.54912,50.01,54.45181,51.62364,56.14268,56.0803,53.08484,57.03508,58.21512,56.0803,56.00893,58.00862,60.07495,60.07495,57.07889,60.13319,62.28965,64.28063,62.96825,65.62012,64.28063,67.26812,68.593,66.91039,69.72087,75.53807,67.26812,73.1642,74.8131,71.19691
13.15295,13.15295,12.16553,12.16553,12.16553,12.16553,11.04536,11.04536,11.04536,10.04988,11.04536,11.0,10.0,10.0,10.0,10.04988,10.04988,10.04988,10.04988,10.04988,10.04988,10.04988,10.04988,10.19804,10.04988,10.19804,10.19804,10.04988,10.04988,10.04988,9.05539,10.04988,9.05539,9.05539,10.0,9.0,9.0,9.05539,8.06226,8.06226,8.06226,8.06226,7.28011,7.28011,6.32456,6.32456,6.32456,5.38516,5.38516,5.38516,5.83095,5.0,67.54258,67.97794,72.47068,69.97142,72.94518,64.88451,64.00781,63.63175,60.82763,56.85948,59.40539,55.60576,57.80138,57.14018,56.0357,50.9902,50.32892,50.9902,48.16638,50.93133,55.22681,53.03772,48.60041,48.9183,50.32892,51.22499,49.81967,49.57822,49.51767,50.60632,48.01042,50.77401,48.16638,49.67897,49.0408,47.50789,48.79549,49.57822,53.07542,47.38143,44.68781,43.86342,45.80393,40.22437,39.44617,39.44617,32.75668,34.1321,29.54657,31.62278,31.30495,28.6531,26.57066,26.92582,24.73863,20.39608,24.33105,32.64966,33.97058,35.22783,38.47077,37.44329,38.27532,36.67424,40.24922,43.82921,42.95346,44.01136,46.8188,46.23851,47.12749,49.98,49.47727,50.28916,55.7853,49.72927,52.95281,54.34151,56.08921,57.42822,58.42089,56.32051,52.46904,52.46904,55.57877,53.60037,53.93515,53.75872,53.15073,55.10898,52.88667,54.70832,54.70832,56.921,59.46427,60.40695,60.16644,57.00877,61.7171,64.07808,64.40497,60.03332,73.43024,63.06346,65.19202,65.76473,70.71068,68.09552,71.11962,74.43118,71.02112,69.35416,75.29276,72.06941
12.72792,12.72792,12.72792,12.72792,12.72792,11.31371,12.04159,11.40175,12.04159,10.63015,11.40175,11.40175,11.40175,10.0,10.0,10.29563,10.29563,10.29563,10.29563,10.29563,10.29563,10.29563,10.29563,10.29563,10.29563,10.29563,9.84886,10.29563,10.29563,10.29563,9.43398,10.29563,10.0,9.43398,10.0,8.60233,9.21954,8.48528,8.48528,8.48528,7.81025,7.81025,7.81025,6.40312,6.40312,6.40312,5.83095,5.83095,5.83095,5.38516,5.38516,5.38516,74.06079,73.06162,65.27634,66.18912,70.11419,60.13319,65.19202,62.03225,61.20457,55.44367,57.27128,56.29387,60.82763,56.08921,52.61179,54.70832,55.10898,56.64804,50.0,49.72927,53.48832,50.69517,49.24429,50.92151,48.08326,48.70318,49.1935,51.62364,51.07837,49.65884,48.75449,51.47815,50.69517,49.1935,48.75449,47.43416,48.38388,48.76474,48.05206,44.14748,44.91102,42.19005,43.28972,43.04649,43.0,39.20459,37.05401,33.0,30.14963,33.54102,29.01724,26.1725,29.27456,24.73863,27.85678,22.56103,23.76973,34.98571,34.43835,35.4683,37.0,39.84972,36.68787,36.67424,42.44997,39.81206,43.17407,43.56604,44.18144,47.26521,48.09366,47.04253,52.08647,52.0,50.35871,53.15073,51.35173,51.08816,59.22837,52.15362,51.47815,53.93515,54.45181,53.75872,55.31727,53.75872,53.75872,53.15073,54.45181,54.14795,56.56854,59.07622,57.0,55.0,56.00893,56.00893,62.07254,62.07254,61.52235,64.28063,64.38167,62.20129,59.90826,69.58448,65.49046,69.72087,70.71068,68.46897,77.41447,70.03571,70.85901,76.41989,76.23647,74.43118
11.40175,12.16553,11.18034,11.40175,10.19804,11.18034,10.19804,10.19804,10.19804,9.05539,10.04988,10.04988,9.05539,9.05539,9.0,9.0,10.0,9.0,9.05539,9.0,9.0,9.0,9.05539,9.05539,9.05539,9.05539,9.05539,9.0,9.05539,9.05539,9.0,9.0,8.0,8.06226,8.06226,8.06226,8.06226,7.28011,7.28011,7.28011,6.32456,6.32456,6.32456,6.32456,5.38516,5.38516,4.47214,4.47214,4.47214,3.60555,4.24264,4.24264,78.77182,70.00714,78.29432,68.0,66.88797,71.55418,64.4748,67.53518,62.64982,66.88797,59.16925,60.53924,64.63745,53.0,56.4358,55.80323,57.45433,57.2014,57.00877,51.08816,60.10824,50.93133,53.03772,53.03772,50.24938,55.9017,50.9902,54.45181,53.74012,54.48853,54.48853,57.31492,52.34501,55.15433,51.66237,51.62364,50.44799,48.16638,46.61545,54.03702,49.20366,44.77723,46.09772,44.41846,43.82921,39.35734,39.82462,34.9285,35.77709,30.8707,32.31099,31.62278,28.0,30.41381,28.44293,26.4764,23.02173,33.83785,35.4683,36.06938,36.79674,34.71311,39.05125,37.80212,39.40812,47.43416,36.61967,38.58756,45.27693,46.64762,48.76474,48.75449,47.53946,54.78138,51.07837,53.14132,52.17279,49.24429,56.04463,53.85165,50.28916,53.93515,53.16014,52.39275,54.12947,48.83646,57.00877,51.24451,58.24088,52.88667,58.82176,55.65968,55.02727,54.78138,59.61543,59.46427,59.05929,63.56099,56.82429,64.41273,64.00781,62.43397,61.29437,69.77105,65.73431,67.74216,68.0,68.942,72.56032,80.62258,66.7308,73.92564,79.25907,72.94518
13.0384,12.20656,11.40175,12.20656,11.40175,11.40175,11.40175,10.63015,11.40175,9.89949,10.63015,10.63015,9.89949,9.89949,9.89949,9.89949,9.21954,9.21954,9.21954,9.21954,9.21954,9.43398,9.21954,8.60233,10.0,10.0,10.0,9.43398,9.43398,10.0,9.21954,8.60233,9.21954,9.21954,8.48528,8.48528,9.21954,7.81025,7.81025,7.81025,7.2111,7.2111,7.2111,6.7082,5.83095,5.38516,5.38516,5.38516,5.38516,5.09902,5.09902,5.09902,71.06335,70.34202,65.73431,65.51336,74.73286,64.19502,62.58594,62.36185,58.46366,57.87055,54.12947,57.42822,56.7186,53.03772,55.3263,54.03702,52.15362,51.0098,48.04165,49.0,53.33854,54.08327,46.38965,47.16991,47.26521,49.64877,50.80354,48.50773,48.6621,50.9902,51.47815,53.75872,49.36598,50.80354,55.57877,46.04346,51.08816,48.09366,48.16638,47.04253,47.26521,45.04442,45.09989,42.29657,38.0526,42.19005,38.07887,34.52535,33.73426,32.55764,30.46309,26.92582,25.29822,26.24881,24.69818,24.18677,26.62705,35.01428,32.01562,31.57531,34.52535,35.69314,35.51056,35.17101,39.29377,40.80441,41.48494,41.10961,42.37924,42.54409,49.39636,47.01064,45.65085,46.06517,49.64877,48.76474,49.73932,49.73932,52.43091,47.70744,50.77401,51.86521,50.60632,51.0392,52.00961,50.0,49.64877,51.47815,51.10773,51.10773,49.92995,53.66563,56.36488,54.12947,56.0803,57.77543,57.58472,59.13544,58.24088,58.18935,61.40033,57.00877,64.03124,66.48308,66.09841,63.15061,67.68309,69.857,73.75636,76.92204,67.35726,69.37579,73.97973,69.857
12.04159,12.04159,12.0,12.04159,11.04536,11.04536,11.04536,11.0,11.0,10.0,10.0,10.04988,10.04988,10.04988,10.04988,10.04988,9.21954,9.05539,9.21954,9.21954,9.21954,9.21954,9.21954,9.48683,9.21954,9.48683,9.21954,9.21954,10.44031,9.21954,9.21954,9.21954,9.05539,9.05539,9.0,9.0,8.0,8.0,8.06226,8.06226,7.07107,7.07107,7.07107,6.32456,6.32456,5.38516,5.38516,5.38516,5.38516,4.47214,5.0,5.0,70.93659,68.00735,71.70077,65.21503,68.8186,66.61081,61.07373,66.4003,56.63921,60.60528,61.22091,58.25805,57.38467,56.72742,53.74012,53.8145,56.72742,54.20332,55.22681,48.08326,57.80138,50.60632,53.00943,50.60632,50.21952,53.60037,49.67897,52.69725,49.09175,50.47772,51.61395,56.40035,50.77401,53.85165,49.40648,53.41348,50.21952,50.32892,50.20956,46.8615,45.34314,46.75468,46.2277,45.34314,43.82921,37.20215,38.27532,40.0,37.16181,34.88553,33.54102,28.63564,31.95309,22.80351,24.5153,25.96151,26.92582,30.08322,34.53983,35.0,36.05551,33.6006,35.60899,35.35534,38.94868,39.69887,39.59798,41.86884,42.80187,42.42641,47.42362,46.2277,45.65085,55.22681,49.92995,49.92995,50.60632,47.92703,53.31041,48.46648,51.62364,50.69517,52.0,51.24451,54.626,47.01064,54.626,45.69464,54.12024,53.85165,53.48832,51.89412,55.9017,51.62364,54.6443,55.60576,57.2014,60.46487,55.44367,63.00794,61.7171,63.00794,64.53681,65.45991,61.7171,65.43699,66.70832,68.0147,68.0147,74.51845,66.06815,73.40981,78.24321,75.0
12.52996,12.08305,12.08305,12.08305,12.08305,11.18034,11.18034,10.77033,10.77033,10.77033,10.77033,10.44031,10.44031,10.44031,9.48683,10.19804,10.19804,10.19804,9.05539,10.19804,10.04988,10.04988,10.19804,10.04988,10.04988,10.04988,10.04988,10.04988,10.04988,10.19804,9.21954,10.19804,10.19804,9.21954,9.48683,9.48683,9.48683,8.544,8.544,7.61577,8.06226,6.7082,7.61577,6.7082,5.83095,5.83095,5.83095,5.83095,5.83095,5.0,5.0,4.24264,76.92204,73.40981,69.35416,64.88451,69.77105,64.84597,62.17717,65.36819,61.7171,57.98276,62.43397,57.98276,59.07622,57.42822,55.0,55.0,55.17246,53.2635,49.0408,53.74012,52.34501,53.75872,51.85557,48.10405,50.20956,47.42362,53.07542,51.40039,51.22499,55.31727,54.48853,51.73973,51.73973,52.49762,49.49747,49.51767,54.45181,52.40229,51.73973,48.27007,46.75468,48.82622,45.60702,45.48626,42.19005,41.18252,38.47077,38.47077,34.9285,34.9285,31.95309,34.0147,30.08322,33.24154,27.45906,27.45906,26.07681,31.1127,31.82766,33.94113,34.4093,38.01316,38.07887,35.80503,37.21559,37.58989,42.04759,41.23106,45.18849,48.30114,49.39636,47.43416,46.48656,49.0408,49.24429,50.92151,50.44799,48.83646,54.57105,54.91812,54.91812,54.58938,57.07013,52.7731,50.63596,50.48762,52.39275,55.10898,54.42426,55.54278,54.12024,53.75872,53.16014,54.42426,57.58472,60.16644,58.13777,59.09315,63.15853,60.83584,63.56099,59.5063,64.66065,63.95311,64.14047,64.66065,68.88396,64.49806,69.11584,74.79305,71.34424,73.92564,74.43118,77.41447
12.36932,12.36932,12.64911,12.36932,12.36932,11.40175,11.7047,10.77033,10.77033,10.77033,10.77033,10.77033,10.77033,10.77033,9.84886,10.29563,10.29563,9.43398,9.43398,10.81665,10.81665,10.81665,9.43398,10.0,10.81665,10.0,10.0,10.81665,10.81665,10.0,10.29563,10.81665,10.29563,9.43398,10.29563,8.94427,9.84886,9.48683,8.544,8.544,8.544,8.24621,8.24621,7.28011,7.28011,6.08276,6.08276,6.08276,6.08276,6.0,5.0,5.0,71.34424,72.20111,72.94518,68.24222,66.18912,65.29931,63.52952,67.1193,61.26989,58.18075,57.24509,58.69412,56.36488,56.36488,52.92447,52.20153,58.24088,57.72348,54.70832,52.20153,51.1957,49.72927,52.46904,53.75872,49.24429,53.93515,49.81967,52.34501,51.97115,48.09366,50.48762,56.56854,49.64877,52.23983,49.16299,50.80354,49.47727,50.96077,51.24451,52.81098,47.75982,47.16991,48.10405,45.18849,45.65085,40.70626,35.8469,38.94868,32.55764,30.80584,33.6006,31.241,30.0,29.0,26.1725,23.43075,26.92582,34.0147,33.06055,34.71311,35.44009,34.48188,34.53983,39.0,38.07887,39.39543,39.81206,44.77723,43.909,47.16991,51.10773,46.40043,46.40043,49.81967,51.22499,52.20153,51.66237,50.20956,57.28001,53.03772,50.93133,53.07542,51.66237,54.48853,53.03772,52.40229,54.45181,50.44799,56.58622,51.62364,53.75872,53.07542,53.2635,55.0,53.60037,59.36329,60.20797,60.03332,57.3062,60.03332,64.49806,59.68249,58.69412,59.03389,63.95311,68.02941,69.35416,67.08204,74.68601,74.30343,67.97794,72.01389,76.05919,76.53757
10.77033,10.77033,11.18034,10.77033,9.84886,9.84886,9.84886,10.29563,8.94427,9.43398,8.94427,9.43398,9.43398,8.60233,8.60233,8.60233,8.60233,7.81025,8.48528,8.48528,9.21954,9.21954,8.48528,8.48528,8.48528,8.48528,8.48528,9.21954,9.21954,8.48528,8.60233,9.21954,8.60233,8.60233,8.60233,8.06226,8.06226,7.61577,7.61577,7.61577,6.32456,6.32456,6.32456,5.09902,5.09902,5.09902,5.09902,5.0,5.0,4.0,4.0,4.0,78.18568,72.23573,74.72617,67.44627,69.12308,68.70953,68.41053,69.37579,65.0,59.90826,59.90826,56.75385,58.46366,56.7186,54.91812,54.14795,58.42089,54.03702,58.13777,51.08816,55.00909,51.0392,52.15362,52.0,53.23533,57.00877,51.15662,52.23983,55.00909,57.07889,56.0803,58.07753,53.03772,54.14795,49.0102,58.03447,50.0,56.00893,52.15362,47.16991,44.55334,44.55334,46.87217,47.85394,47.80167,37.10795,38.8973,37.64306,35.4683,30.8707,32.64966,26.83282,32.69557,29.52965,25.55386,27.20294,25.6125,33.37664,34.23449,34.0147,39.01282,32.24903,35.12834,37.48333,40.5216,38.47077,38.83298,44.27189,43.68066,46.8188,49.76947,49.65884,45.17743,51.10773,49.73932,48.75449,48.37355,50.47772,55.75841,48.02083,54.3783,49.67897,51.62364,52.20153,53.0,49.39636,52.69725,54.91812,57.98276,51.86521,54.70832,52.47857,55.00909,54.56189,52.20153,59.09315,61.03278,59.80803,56.30275,65.45991,65.73431,65.45991,66.21933,65.14599,65.80274,66.48308,68.96376,70.88018,71.30919,75.28612,63.60031,75.58439,81.32035,75.58439
12.80625,12.04159,12.80625,12.80625,12.04159,11.40175,12.04159,11.31371,11.31371,11.31371,11.31371,11.31371,10.63015,10.63015,10.63015,10.81665,10.0,10.0,10.0,10.0,10.0,10.81665,10.0,10.29563,10.81665,10.29563,10.29563,10.81665,10.29563,10.81665,10.0,10.0,10.0,10.0,10.0,9.89949,9.21954,9.21954,8.48528,7.81025,7.81025,7.81025,7.81025,7.2111,7.2111,6.40312,5.83095,5.83095,5.83095,5.38516,5.38516,5.38516,70.45566,67.1193,71.11259,69.18092,69.06519,61.29437,65.62012,65.27634,61.29437,59.00847,57.14018,60.20797,60.0,55.03635,53.0,53.23533,59.13544,55.22681,50.35871,50.9902,53.93515,51.47815,50.21952,50.96077,48.83646,53.85165,53.16014,51.24451,52.39275,49.98,48.38388,50.44799,50.96077,52.20153,50.59644,49.81967,48.08326,51.66237,48.6621,45.70558,48.37355,43.18565,46.0,45.04442,41.04875,37.33631,38.20995,39.31921,31.257,32.75668,28.07134,30.26549,27.20294,25.63201,23.76973,24.16609,22.82542,34.20526,32.98485,33.37664,36.13862,36.49658,34.52535,39.05125,38.01316,40.11234,41.04875,44.0,46.09772,46.09772,47.26521,47.38143,49.0306,51.62364,50.80354,48.83646,47.85394,51.24451,56.29387,55.97321,57.87055,52.20153,53.45091,53.48832,53.14132,56.921,53.45091,53.75872,53.60037,55.10898,54.58938,56.75385,56.88585,56.75385,57.87055,55.57877,59.13544,56.4358,60.07495,59.3043,66.18912,60.13319,64.00781,62.00806,65.00769,71.06335,71.0,70.00714,68.0,68.06614,71.02816,73.17103,75.00667,75.10659
11.40175,11.40175,11.40175,11.40175,10.81665,10.0,9.43398,9.43398,9.43398,9.43398,9.43398,8.94427,8.94427,8.94427,8.94427,9.48683,8.544,8.544,8.544,8.544,8.544,8.544,8.544,8.24621,9.48683,9.21954,9.21954,9.48683,9.21954,9.21954,8.544,8.544,8.544,8.544,8.544,7.61577,7.61577,7.2111,7.2111,7.2111,7.2111,5.83095,6.40312,5.0,5.0,5.0,5.0,4.24264,4.24264,3.60555,3.60555,3.60555,80.04998,70.34202,75.50497,68.00735,70.61161,62.36986,65.0,67.26812,65.0,58.69412,61.84658,61.32699,58.5235,57.87055,54.12024,52.39275,57.27128,54.78138,54.56189,49.64877,51.62364,54.58938,54.91812,51.31277,48.54894,55.47071,50.77401,50.47772,50.77401,53.25411,54.91812,53.25411,53.53504,53.25411,51.86521,51.10773,51.31277,52.15362,55.00909,49.65884,47.41308,47.53946,49.24429,47.75982,42.15448,37.94733,39.56008,37.33631,36.49658,33.24154,33.73426,30.26549,30.26549,29.0,30.06659,25.0,27.45906,33.42155,33.12099,34.48188,34.0,35.34119,34.43835,37.58989,38.62642,38.62642,43.08132,43.65776,41.30375,48.6621,52.46904,51.62364,46.09772,51.47815,52.15362,48.25971,52.15362,52.03845,55.03635,52.00961,51.0098,52.7731,51.15662,52.15362,52.03845,50.08992,53.08484,48.04165,55.08176,53.03772,57.03508,53.15073,54.33231,54.14795,55.44367,59.21149,62.96825,61.81424,60.82763,63.34824,63.78871,59.43904,64.7611,66.48308,63.90618,65.78754,72.36712,73.24616,71.06335,74.04053,69.64194,76.40026,80.08121,73.00685
12.16553,12.04159,12.16553,11.18034,11.18034,10.04988,11.04536,10.04988,10.04988,10.0,10.0,10.0,10.0,9.0,9.0,10.04988,9.05539,9.05539,9.21954,9.21954,9.21954,9.21954,9.21954,9.21954,9.21954,9.21954,9.21954,9.21954,9.21954,9.21954,9.05539,9.05539,9.05539,8.06226,9.05539,8.06226,8.0,8.0,7.0,7.0,7.07107,7.07107,6.08276,6.08276,5.09902,5.09902,5.09902,4.47214,4.47214,4.47214,4.47214,3.60555,72.94518,68.76772,75.43209,70.21396,66.06815,64.40497,62.80127,66.70832,58.41233,62.36986,56.56854,61.52235,57.98276,55.22681,54.48853,60.1415,53.8145,53.8145,53.07542,50.0,55.21775,53.25411,51.0392,49.64877,48.01042,53.25411,49.73932,52.47857,52.47857,55.9017,52.35456,55.75841,48.54894,53.53504,47.50789,54.67175,48.60041,50.47772,50.60632,47.63402,47.50789,48.83646,45.96738,41.86884,41.7732,38.94868,37.01351,35.60899,34.4093,30.88689,32.80244,27.313,27.313,25.05993,27.313,23.4094,24.35159,31.62278,33.61547,34.0,33.01515,35.22783,35.22783,37.80212,37.64306,41.72529,41.03657,41.01219,41.86884,46.66905,44.59821,46.40043,47.01064,47.43416,51.86521,48.02083,50.77401,51.62364,55.9464,51.88449,53.33854,54.56189,51.62364,54.56189,52.3259,52.92447,54.12024,50.53712,55.56978,55.07268,52.35456,56.0803,53.82379,57.42822,60.0,54.40588,59.5483,65.0,61.84658,62.36986,66.8431,66.21933,63.63961,65.76473,67.26812,67.17887,68.68042,68.11755,70.83784,72.18033,68.11755,69.02898,75.28612,77.15569
12.64911,12.64911,12.36932,12.64911,12.36932,11.40175,11.40175,11.18034,11.18034,10.19804,10.19804,11.18034,10.19804,10.19804,10.19804,11.04536,10.0,10.0,10.04988,10.0,10.0,10.0,10.0,10.0,10.04988,10.0,10.0,10.0,10.0,10.0,9.05539,10.04988,10.04988,9.05539,9.05539,9.21954,9.21954,8.544,8.544,8.544,7.61577,7.61577,7.61577,6.7082,6.7082,5.83095,5.83095,5.83095,5.83095,5.0,5.0,5.0,73.3553,68.8767,66.7308,65.19202,68.26419,63.95311,62.76942,62.17717,60.41523,58.66856,54.08327,54.6443,55.75841,54.3783,52.43091,52.63079,52.00961,51.85557,48.27007,51.62364,51.62364,53.07542,47.50789,48.79549,47.38143,50.20956,50.24938,48.27007,50.93133,49.67897,46.69047,53.03772,46.66905,48.08326,47.42362,46.66905,43.18565,47.50789,50.44799,44.04543,45.45327,40.60788,42.94182,41.67733,42.54409,37.58989,32.69557,36.76955,31.38471,29.12044,26.57066,25.96151,25.96151,26.1725,27.29469,22.36068,21.0,29.96665,31.30495,28.84441,34.05877,36.87818,32.01562,33.97058,36.12478,38.8973,41.86884,41.10961,42.0119,44.04543,46.32494,48.8774,46.95743,47.01064,49.1935,47.88528,54.58938,51.47815,53.7122,50.69517,51.47815,52.20153,50.56679,52.55473,53.48832,55.36244,53.85165,51.26402,53.31041,52.39275,53.48832,59.09315,55.4617,53.23533,57.70615,56.36488,59.5399,58.59181,64.63745,61.03278,62.1289,62.76942,59.90826,63.28507,67.41662,66.85058,69.33974,66.85058,70.0,69.64194,65.51336,75.80237,74.70609,71.86793
12.0,11.0,11.0,11.0,11.0,10.0,10.04988,10.04988,10.04988,9.05539,10.04988,10.19804,9.21954,9.21954,9.21954,9.48683,9.48683,8.544,8.544,8.544,8.544,8.544,8.544,8.544,8.544,8.94427,8.94427,9.48683,8.544,9.48683,8.544,8.544,8.544,8.24621,8.24621,8.24621,8.06226,7.07107,7.07107,7.07107,7.0,6.0,6.0,5.0,5.09902,5.0,5.0,4.12311,4.12311,4.12311,4.12311,3.16228,73.59348,71.44928,69.31089,70.43437,70.93659,62.28965,62.28965,67.94115,59.81639,62.62587,56.85948,58.5235,58.82176,58.24946,55.21775,54.58938,56.0803,54.91812,51.86521,52.3259,56.79789,52.3259,52.39275,53.31041,50.08992,49.65884,54.42426,47.53946,51.89412,50.28916,53.85165,54.626,47.85394,51.62364,51.07837,51.47815,49.76947,47.92703,48.37355,47.50789,48.8774,42.80187,43.41659,41.6173,39.05125,40.31129,38.28838,39.05125,32.55764,31.14482,32.55764,29.0,27.80288,27.20294,25.94224,23.02173,25.4951,32.24903,31.62278,35.44009,34.48188,31.62278,34.53983,34.0,39.56008,40.71855,39.44617,41.04875,42.2019,49.09175,45.60702,49.81967,48.83646,52.40229,47.50789,49.49747,50.93133,50.9902,51.73973,50.44799,52.49762,53.90733,53.2635,50.60632,54.67175,52.43091,54.20332,52.49762,52.40229,55.31727,55.9017,55.22681,55.86591,56.56854,59.4138,56.72742,60.10824,58.72819,60.44005,64.44377,62.28965,62.36986,62.96825,66.03787,67.23095,65.80274,68.88396,67.47592,71.8401,74.33034,69.81404,73.24616,71.8401,74.8131
13.41641,12.08305,12.08305,12.52996,12.08305,12.08305,11.7047,10.77033,10.77033,10.77033,11.7047,10.77033,10.77033,10.44031,9.48683,11.40175,10.19804,10.19804,10.19804,10.19804,10.19804,10.19804,10.19804,10.04988,10.19804,10.04988,10.04988,10.19804,10.19804,10.19804,10.19804,10.19804,10.19804,9.21954,9.21954,9.48683,9.48683,8.544,8.94427,8.06226,8.06226,8.06226,7.2111,7.2111,7.2111,6.40312,6.40312,6.40312,5.65685,5.65685,5.65685,5.0,70.21396,69.857,68.0,64.88451,66.37017,65.29931,63.50591,65.30697,59.94164,57.70615,57.98276,57.68882,54.81788,54.91812,51.61395,54.20332,54.81788,52.80152,53.41348,51.73973,53.15073,50.9902,48.08326,50.91169,48.79549,50.93133,50.9902,50.20956,50.20956,51.73973,48.79549,47.38143,47.50789,50.20956,48.83646,48.27007,45.25483,48.79549,47.63402,45.45327,47.63402,43.01163,40.70626,42.05948,42.54409,38.07887,36.23534,33.24154,34.9285,27.85678,29.73214,27.85678,26.4764,27.0,25.07987,27.07397,24.02082,31.90611,36.71512,33.01515,36.06938,36.12478,33.42155,36.06938,37.53665,41.86884,39.62323,42.43819,46.40043,46.04346,46.14109,48.02083,48.30114,48.8774,47.88528,49.65884,50.69517,52.39275,52.92447,52.20153,52.20153,56.04463,53.48832,52.88667,56.64804,54.40588,55.36244,52.55473,58.82176,55.97321,55.15433,59.61543,56.85948,56.35601,56.46238,58.30952,61.26989,62.6099,59.05929,61.7171,65.8635,63.81222,64.00781,65.36819,67.1193,73.3553,73.92564,70.71068,72.00694,73.43024,70.23532,77.41447,77.38863,73.82412
13.15295,12.36932,12.36932,12.36932,12.36932,11.40175,11.40175,11.40175,11.40175,11.40175,10.44031,10.77033,10.77033,10.77033,10.77033,10.77033,10.29563,9.84886,10.29563,10.29563,10.29563,10.29563,10.29563,10.29563,10.29563,10.29563,10.29563,10.29563,10.29563,10.29563,9.84886,10.29563,10.77033,9.84886,9.48683,9.48683,9.48683,9.21954,8.24621,8.24621,8.06226,7.07107,8.06226,7.07107,6.08276,6.0,6.0,6.0,6.0,5.0,5.09902,5.09902,71.34424,65.73431,74.43118,61.91123,64.14047,63.13478,57.24509,61.29437,56.35601,58.18075,51.88449,53.33854,55.00909,52.80152,52.80152,53.48832,55.03635,52.20153,51.26402,48.08326,53.36666,48.50773,53.75872,47.85394,50.80354,52.17279,47.67599,49.49747,50.9902,47.67599,46.09772,52.95281,46.57252,51.35173,45.12206,50.96077,50.44799,50.59644,49.0408,44.01136,44.38468,45.18849,41.14608,41.14608,39.44617,36.05551,36.61967,35.35534,32.75668,33.30165,29.73214,28.42534,28.42534,28.3196,26.24881,23.85372,24.59675,34.1321,33.0,35.0571,40.60788,34.52535,38.07887,36.87818,38.32754,41.76123,43.01163,43.46263,46.61545,50.9902,48.76474,49.1935,48.25971,53.7122,49.09175,52.15362,53.82379,54.56189,57.80138,50.93133,54.67175,58.72819,55.31727,53.03772,59.46427,49.81967,58.89822,50.44799,56.85068,55.60576,56.22277,57.80138,56.22277,57.00877,60.0,59.07622,62.1289,66.0303,59.03389,63.81222,63.63175,63.81222,62.16912,64.3506,64.49806,64.88451,68.26419,64.14047,75.29276,78.39005,62.43397,74.79305,77.17513,70.21396
11.31371,11.31371,10.63015,11.31371,10.63015,10.63015,10.63015,10.0,10.63015,9.43398,10.0,10.0,9.43398,9.43398,9.43398,9.43398,9.43398,8.94427,8.94427,8.94427,8.94427,9.84886,8.94427,9.84886,9.84886,9.84886,9.84886,9.84886,9.84886,9.84886,8.94427,9.84886,9.43398,8.94427,9.43398,8.60233,8.60233,7.81025,7.81025,7.81025,7.07107,7.07107,7.07107,6.40312,5.65685,5.65685,5.0,5.0,5.0,5.0,4.47214,4.47214,68.65858,67.60178,69.05071,64.77654,63.63961,62.514,59.22837,62.96825,57.70615,55.22681,60.67125,57.31492,58.13777,51.08816,54.14795,52.15362,54.0,53.03772,54.23099,46.38965,53.46027,50.35871,49.72927,48.83646,48.37355,51.62364,46.09772,48.50773,51.78803,55.31727,51.97115,53.93515,48.27007,51.24451,49.24429,50.01,50.63596,50.01,48.25971,49.09175,43.10452,43.01163,46.01087,44.01136,43.04649,39.20459,43.73786,37.48333,36.13862,32.57299,31.04835,29.12044,30.36445,28.16026,24.69818,25.94224,25.0,34.17601,32.98485,32.57299,37.12142,33.54102,38.20995,37.21559,40.04997,43.04649,40.0,44.04543,47.09565,47.16991,49.24429,48.25971,46.09772,54.34151,50.0,49.24429,51.62364,54.12024,56.64804,51.26402,53.48832,53.85165,55.36244,53.48832,55.03635,49.24429,53.31041,49.76947,52.55473,53.48832,53.14132,57.58472,57.58472,50.28916,52.63079,56.04463,62.36986,61.84658,57.72348,62.96825,61.66036,62.36986,67.08204,65.62012,64.77654,68.35934,63.78871,65.11528,73.82412,73.34848,65.76473,74.52516,80.06248,69.46222
11.04536,11.04536,10.04988,11.04536,10.04988,10.04988,10.0,10.0,9.0,9.0,10.0,9.05539,9.05539,9.05539,9.05539,9.21954,9.21954,8.24621,8.24621,9.21954,8.544,9.48683,9.48683,9.48683,9.48683,9.48683,9.48683,9.48683,9.48683,9.48683,9.21954,9.48683,9.21954,8.24621,9.21954,8.06226,8.06226,8.0,7.0,7.0,7.0,7.0,6.0,6.08276,6.0,5.09902,5.09902,5.09902,4.12311,4.12311,4.12311,3.60555,71.44928,71.8401,61.6198,70.93659,65.79514,63.78087,62.28965,61.84658,59.4138,56.58622,55.97321,56.58622,59.03389,53.8145,56.22277,57.68882,55.60576,52.69725,54.20332,54.70832,54.12024,48.76474,52.7731,49.24429,51.10773,51.10773,53.23533,52.80152,53.23533,56.30275,55.4617,55.9017,54.12024,52.35456,55.54278,51.40039,51.0392,54.6443,51.62364,46.75468,52.43091,47.50789,47.42362,42.44997,41.72529,41.7732,40.0,39.69887,33.6006,31.90611,28.30194,31.40064,27.85678,26.92582,26.07681,21.47091,24.69818,35.69314,31.04835,35.1141,38.07887,34.88553,36.67424,38.91015,42.19005,38.07887,40.80441,43.60046,47.80167,49.81967,47.42362,48.79549,50.44799,51.66237,51.85557,52.63079,48.01042,56.0357,55.21775,54.3783,53.00943,55.22681,57.68882,55.56978,55.07268,54.58938,57.14018,53.25411,52.83938,56.30275,57.98276,61.03278,56.30275,57.00877,57.48913,56.0803,61.55485,64.03124,60.82763,61.6198,67.35726,60.959,65.76473,64.38167,64.3506,68.0147,70.83784,66.48308,71.58911,72.13876,69.29646,70.93659,69.29646,77.7946
11.18034,11.40175,10.19804,11.18034,10.19804,10.19804,10.44031,9.48683,10.44031,9.84886,9.48683,9.84886,9.84886,8.94427,8.94427,10.29563,9.43398,9.43398,9.43398,9.43398,9.43398,9.43398,9.43398,9.43398,10.0,10.0,10.0,9.43398,10.29563,9.43398,9.43398,9.43398,9.43398,8.94427,9.84886,8.544,8.544,8.544,8.24621,8.24621,7.07107,7.07107,6.08276,6.08276,6.0,5.09902,6.0,5.0,5.0,4.0,4.12311,4.12311,71.70077,63.03174,72.18033,60.10824,62.28965,60.81118,51.66237,65.79514,53.03772,57.38467,58.13777,55.21775,58.60034,50.21952,52.69725,51.31277,55.9464,54.58938,52.47857,50.24938,55.03635,48.30114,50.56679,49.24429,46.95743,49.64877,50.11986,54.42426,54.23099,56.32051,53.31041,57.27128,48.75449,55.4617,50.56679,53.85165,53.53504,47.88528,51.22499,51.22499,51.62364,51.31277,45.60702,44.65423,45.96738,42.52058,40.60788,37.64306,36.05551,31.40064,36.89173,31.62278,26.07681,23.76973,29.96665,24.59675,25.63201,33.24154,37.10795,31.04835,35.44009,35.8469,37.57659,37.12142,39.96248,45.27693,40.49691,49.73932,44.94441,48.25971,46.32494,50.60632,49.57822,55.17246,49.49747,52.34501,50.47772,52.00961,54.6443,52.80152,51.73973,55.21775,54.67175,55.21775,57.68882,51.88449,59.20304,50.24938,57.45433,50.60632,53.82379,55.47071,52.43091,51.08816,57.48913,56.72742,59.4138,60.1415,55.97321,61.6198,57.48913,62.24147,60.87693,65.05382,63.03174,62.28965,63.65532,65.06919,63.25346,72.12489,59.46427,68.76772,73.5527,67.94115
10.81665,10.81665,10.63015,10.0,10.63015,10.0,10.0,9.89949,9.89949,9.89949,9.21954,9.89949,9.89949,9.21954,9.21954,10.0,9.21954,9.21954,8.60233,8.60233,8.60233,9.43398,9.21954,9.43398,9.43398,9.43398,9.43398,9.43398,9.43398,10.0,8.60233,9.43398,9.21954,9.21954,9.89949,9.21954,9.21954,7.81025,7.81025,7.81025,8.06226,7.2111,6.7082,6.7082,6.7082,5.38516,6.32456,5.38516,5.38516,5.09902,5.09902,5.09902,66.00758,63.0,65.06919,58.13777,61.0082,57.0,57.0,59.00847,54.23099,56.0357,53.03772,56.29387,57.55867,51.97115,51.35173,53.15073,56.51548,51.5461,50.0,50.96077,51.86521,47.43416,51.89412,48.70318,46.8188,49.39636,50.9902,55.03635,50.92151,53.31041,55.97321,54.78138,46.23851,52.92447,49.0408,47.43416,49.39636,50.28916,46.32494,49.24429,45.27693,49.16299,47.16991,44.28318,43.04649,40.0,39.05125,38.20995,34.1321,35.0,33.24154,27.45906,25.4951,24.04163,24.04163,22.36068,22.82542,34.0,34.48188,30.8707,35.4683,37.0,36.13862,34.71311,36.13862,44.14748,41.97618,41.10961,43.10452,48.09366,49.0,47.0,48.37355,53.15073,50.48762,52.46904,51.47815,55.9017,54.12947,49.72927,54.81788,51.5461,52.63079,53.14132,54.12024,50.59644,55.36244,51.26402,54.57105,52.88667,50.80354,50.21952,54.12947,50.01,55.10898,57.07013,56.7186,57.21888,55.57877,57.55867,62.20129,58.07753,57.00877,59.07622,59.13544,63.03174,64.03124,62.1289,68.0,67.02984,58.0,67.0,69.06519,68.11755
11.31371,10.63015,10.0,10.63015,10.0,10.0,10.0,10.0,10.0,9.43398,9.43398,10.29563,8.94427,8.94427,9.84886,9.84886,9.84886,9.84886,9.48683,9.48683,9.48683,9.48683,9.48683,9.21954,9.48683,10.44031,10.44031,9.48683,10.44031,9.84886,9.84886,9.48683,9.84886,8.94427,9.43398,9.43398,8.60233,8.60233,7.81025,7.2111,7.81025,7.07107,6.40312,6.40312,5.65685,5.65685,5.65685,5.65685,5.0,5.0,4.47214,3.60555,68.06614,61.13101,68.00735,63.00794,61.03278,64.03124,56.0803,58.07753,54.45181,58.42089,61.40033,54.34151,54.91812,52.61179,50.80354,53.85165,53.60037,53.45091,50.59644,50.69517,54.626,51.24451,50.56679,54.626,52.3259,52.7731,51.89412,51.88449,52.80152,54.56189,54.56189,55.9017,51.47815,53.7122,51.62364,56.30275,54.12947,50.92151,51.66237,53.85165,48.27007,46.69047,50.15974,48.6621,41.10961,38.0,39.20459,36.01389,41.30375,35.51056,33.01515,33.24154,29.15476,31.57531,28.28427,27.65863,26.68333,34.1321,36.71512,35.34119,39.92493,35.4683,40.5216,41.4367,40.02499,43.93177,40.79216,46.17359,49.49747,49.64877,51.0,54.00926,53.03772,55.14526,54.33231,54.0,57.21888,55.14526,60.41523,55.10898,58.24946,56.75385,58.46366,52.39275,56.04463,52.20153,52.95281,52.95281,55.31727,54.81788,50.48762,55.9017,57.07013,51.08816,57.14018,58.42089,58.13777,59.03389,55.0,62.07254,60.0,62.03225,58.07753,63.00794,61.0082,64.03124,64.00781,67.00746,70.00714,75.02666,64.07027,68.06614,69.35416,65.37584
12.20656,11.40175,11.40175,11.40175,10.63015,10.63015,10.63015,10.63015,10.63015,9.89949,10.63015,10.63015,10.0,10.0,9.21954,10.0,10.0,10.0,9.43398,10.29563,9.43398,10.29563,10.29563,10.29563,10.29563,10.29563,10.29563,10.29563,10.29563,10.81665,9.43398,9.43398,10.0,10.0,9.21954,9.21954,9.21954,8.48528,8.48528,8.48528,7.81025,7.81025,6.40312,6.40312,6.40312,5.83095,5.83095,5.0,5.0,4.47214,4.47214,4.47214,70.5195,69.46222,65.45991,63.56886,68.00735,61.98387,60.72891,59.77458,55.65968,53.16014,58.24946,55.10898,61.98387,56.29387,53.33854,56.00893,53.15073,56.14268,55.08176,54.03702,60.03332,54.00926,51.15662,52.0,52.08647,53.00943,54.33231,51.78803,53.00943,55.7315,56.0357,58.07753,51.08816,55.08176,51.0392,53.03772,54.0,52.08647,52.08647,51.35173,50.48762,47.67599,46.32494,44.38468,42.95346,39.29377,41.4367,36.68787,37.57659,30.46309,34.17601,30.52868,30.88689,27.29469,27.78489,27.20294,25.4951,34.9285,38.32754,34.05877,40.0,37.01351,41.04875,42.0119,43.41659,48.16638,46.52956,46.38965,50.01,52.17279,53.85165,53.48832,55.36244,56.0803,57.69749,51.89412,55.47071,56.4358,61.05735,54.20332,53.53504,56.30275,59.68249,55.47071,60.0,56.85068,59.64059,51.31277,56.93856,54.91812,55.00909,56.0803,56.82429,55.9017,56.35601,57.24509,62.24147,57.38467,61.46544,62.76942,61.46544,54.78138,64.84597,61.03278,65.14599,66.40783,68.00735,65.78754,67.05222,72.73239,66.7308,70.21396,67.05222,69.89278
11.04536,10.04988,10.19804,11.18034,10.19804,10.04988,9.21954,9.21954,9.21954,9.21954,9.21954,9.48683,9.48683,8.544,8.544,8.544,8.544,8.544,8.94427,8.94427,8.544,8.94427,7.61577,8.94427,8.94427,8.94427,8.94427,8.94427,8.94427,8.544,8.544,8.544,8.544,8.24621,8.24621,8.24621,8.06226,7.07107,7.07107,7.0,6.0,6.0,6.08276,5.0,5.09902,5.09902,5.09902,5.09902,5.09902,4.12311,4.47214,3.60555,69.33974,63.81222,68.8767,62.68174,62.26556,61.03278,60.03332,55.9464,56.79789,58.59181,54.78138,58.69412,51.89412,54.23099,54.78138,53.45091,55.65968,52.20153,55.65968,49.33559,51.66237,49.47727,52.46904,52.95281,47.29693,48.05206,47.07441,53.23533,52.61179,50.63596,49.24429,49.47727,53.60037,53.60037,49.24429,52.63079,51.92302,49.81967,51.66237,46.17359,45.31004,46.06517,46.14109,42.04759,39.96248,38.27532,38.60052,35.8469,32.80244,29.15476,26.62705,31.89044,27.80288,27.58623,27.20294,24.20744,20.24846,33.24154,37.0,38.32754,39.11521,40.79216,41.23106,39.05125,43.41659,43.9659,43.68066,47.01064,50.9902,52.0,52.3259,54.70832,54.91812,56.30275,55.21775,58.60034,55.31727,55.86591,58.79626,55.86591,58.0517,58.0517,53.8145,53.75872,59.4138,50.20956,53.74012,50.9902,58.69412,53.75872,54.48853,55.60576,54.67175,54.20332,58.00862,58.41233,58.24946,58.60034,58.24946,57.68882,61.29437,62.1289,65.74192,65.51336,64.49806,64.00781,64.49806,65.51336,66.28725,65.45991,66.7308,72.20111,69.35416,67.08204
12.64911,11.40175,12.64911,11.7047,12.64911,10.44031,10.77033,10.77033,10.77033,10.77033,10.77033,11.18034,11.18034,11.18034,10.29563,10.81665,9.43398,10.29563,10.0,10.81665,10.81665,10.81665,10.81665,10.0,10.81665,10.0,10.0,10.81665,10.0,10.81665,10.29563,10.29563,10.29563,10.29563,8.94427,9.84886,8.544,9.48683,8.544,8.24621,8.24621,7.28011,7.28011,6.08276,6.08276,6.08276,6.08276,6.08276,6.0,5.0,5.0,4.0,67.08204,65.30697,65.39113,62.6099,65.0,55.9464,64.4748,65.30697,61.68468,57.38467,54.08327,53.48832,56.32051,56.32051,52.81098,52.49762,52.17279,54.12947,53.15073,49.49747,51.35173,52.7731,52.15362,50.35871,51.15662,53.15073,52.08647,51.35173,51.24451,51.0392,49.16299,51.0098,50.15974,53.0,50.35871,51.0392,51.47815,52.34501,47.07441,46.87217,45.88028,48.10405,48.46648,40.49691,44.01136,38.07887,36.23534,38.07887,31.06445,31.30495,26.07681,25.80698,25.55386,27.80288,24.08319,24.08319,24.83948,37.05401,40.0,38.11824,41.19466,38.11824,41.0,42.2019,47.53946,44.72136,45.31004,46.23851,51.62364,52.80152,52.80152,55.47071,56.0357,56.82429,56.0357,57.68882,55.80323,54.81788,56.22277,55.97321,58.41233,60.1415,60.1415,53.75872,60.10824,55.9017,59.03389,50.32892,58.13777,52.63079,56.22277,56.40035,53.60037,55.0,55.22681,57.98276,58.66856,58.59181,60.82763,64.14047,64.84597,59.48109,66.18912,65.30697,60.53924,67.54258,67.53518,68.0,70.26379,71.11259,68.8767,69.64194,66.64083,73.73602
12.36932,12.16553,11.18034,12.16553,11.18034,11.18034,10.19804,11.04536,10.19804,10.04988,10.04988,10.0,10.0,10.0,10.0,10.0,10.0,9.05539,10.04988,10.04988,10.04988,10.04988,9.05539,10.19804,10.19804,10.19804,10.04988,10.04988,10.04988,9.05539,9.05539,10.04988,10.0,9.0,9.05539,8.06226,8.06226,8.06226,8.06226,8.06226,6.32456,7.28011,6.08276,6.08276,6.32456,5.38516,5.38516,5.38516,4.12311,4.47214,4.47214,4.47214,75.00667,69.00725,68.18358,67.02984,70.11419,66.0303,65.03076,64.28063,62.514,60.20797,58.42089,58.24946,61.66036,56.51548,54.57105,54.34151,57.97413,54.81788,53.45091,52.81098,54.08327,49.98,51.88449,49.24429,48.8467,52.80152,49.24429,54.12947,52.80152,53.22593,52.35456,53.7122,50.56679,53.22593,50.69517,48.8467,49.0408,49.98,49.64877,48.76474,46.84015,46.32494,44.18144,44.72136,42.42641,38.0526,35.01428,37.12142,31.257,32.14032,31.01612,27.01851,26.01922,22.09072,25.31798,24.04163,20.24846,37.44329,36.71512,37.57659,34.9285,36.67424,41.78516,40.26164,39.84972,44.14748,45.60702,48.6621,45.39824,49.64877,52.15362,54.33231,52.15362,56.0803,53.08484,54.23099,56.56854,55.03635,55.9017,52.61179,54.74486,54.91812,54.12947,53.60037,55.31727,52.95281,54.58938,50.35871,53.33854,53.15073,56.0803,59.13544,59.07622,53.0,61.07373,58.21512,59.07622,58.00862,59.21149,63.00794,67.60178,63.1981,69.05071,65.76473,67.74216,68.26419,68.73136,69.26038,76.10519,74.16873,69.02898,77.10383,75.32596,75.23962
12.52996,11.6619,11.6619,11.6619,11.6619,10.29563,10.81665,10.81665,10.81665,10.0,10.81665,10.0,10.0,9.21954,9.21954,9.21954,9.21954,9.21954,8.48528,8.48528,8.48528,8.48528,9.21954,9.21954,9.89949,9.89949,9.89949,9.89949,9.21954,9.89949,8.48528,9.21954,9.21954,8.60233,8.60233,8.60233,8.06226,8.06226,7.61577,6.7082,6.32456,6.32456,6.32456,6.32456,5.38516,5.09902,5.09902,5.09902,5.09902,4.12311,5.0,5.0,64.53681,71.56815,71.06335,69.64194,68.44706,65.14599,65.73431,62.16912,62.58594,56.29387,59.66574,57.70615,59.3043,54.58938,52.39275,53.08484,54.14795,48.16638,48.09366,51.08816,51.0098,51.0098,50.0,52.00961,48.04165,50.48762,47.09565,51.0392,47.01064,50.24938,50.0,53.03772,47.04253,48.04165,52.0,48.0,46.0,47.0,45.0,46.32494,42.29657,44.91102,39.84972,37.36308,35.8469,35.73514,35.4683,30.08322,28.23119,31.7805,31.30495,28.17801,24.69818,23.02173,20.24846,22.02272,19.84943,33.28663,32.69557,35.4683,35.1141,37.64306,37.36308,37.36308,40.80441,44.55334,44.55334,45.01111,48.09366,50.08992,45.09989,46.04346,52.46904,51.24451,50.9902,49.0306,52.39275,51.97115,54.81788,55.08176,56.30275,55.71355,55.36244,52.80152,53.75872,52.81098,58.24088,51.92302,55.02727,56.32051,54.81788,54.57105,58.24088,56.29387,60.63827,59.22837,59.03389,58.85576,60.40695,61.18823,63.78871,60.67125,67.36468,65.62012,65.19202,63.63961,70.21396,70.21396,66.48308,71.58911,72.36712,75.18643,72.56721,70.88018
12.72792,12.72792,12.04159,12.04159,12.04159,11.31371,10.63015,10.63015,10.63015,10.81665,11.40175,10.0,10.29563,10.29563,9.43398,10.29563,10.29563,9.43398,9.84886,9.84886,9.84886,9.84886,10.29563,9.84886,9.84886,9.84886,9.84886,9.84886,9.84886,10.29563,8.94427,9.43398,9.43398,8.94427,9.21954,8.60233,9.21954,7.81025,7.81025,7.81025,7.07107,7.07107,7.07107,5.65685,6.40312,5.0,5.0,5.0,5.0,4.24264,4.47214,3.60555,72.56032,71.70077,69.26038,67.18631,66.18912,65.27634,59.13544,59.13544,57.07889,58.07753,59.03389,53.03772,61.07373,53.00943,53.00943,54.23099,53.15073,50.48762,51.62364,49.36598,52.7731,51.62364,53.60037,47.53946,48.70318,47.67599,48.05206,45.60702,45.60702,50.21952,50.9902,51.66237,48.50773,48.76474,46.87217,46.52956,49.47727,50.9902,49.36598,49.16299,43.0,45.0,45.04442,39.05125,39.01282,36.34556,35.90265,33.24154,32.01562,32.98485,26.68333,26.92582,26.24881,24.35159,23.4094,26.07681,21.0238,36.89173,34.1321,32.64966,37.64306,37.16181,37.33631,39.56008,43.32436,43.56604,43.17407,47.38143,46.87217,48.05206,51.47815,51.0392,48.09366,52.03845,49.36598,52.00961,53.93515,51.35173,55.57877,51.41984,55.7315,53.15073,56.08921,52.63079,53.60037,52.63079,53.46027,49.24429,56.08921,58.69412,53.46027,58.21512,57.42822,56.0803,54.23099,58.03447,61.03278,66.0303,58.00862,63.12686,63.0,65.03076,64.00781,67.00746,68.0,66.00758,68.00735,72.1734,76.23647,77.02597,69.58448,76.00658,73.00685,77.16217
13.34166,12.36932,11.40175,12.36932,11.18034,11.40175,11.40175,10.44031,10.44031,10.44031,10.44031,10.44031,9.48683,9.48683,9.48683,9.84886,9.84886,9.84886,8.94427,8.94427,9.84886,8.94427,9.84886,9.43398,8.94427,10.29563,10.29563,8.94427,8.94427,9.84886,8.94427,8.94427,9.48683,8.544,9.48683,9.21954,9.21954,8.06226,8.06226,8.06226,7.07107,7.0,7.0,7.0,6.0,6.08276,6.08276,5.09902,5.09902,5.09902,5.09902,5.38516,72.94518,72.40166,68.96376,68.42514,71.17584,65.36819,64.41273,67.08204,59.05929,60.41523,55.71355,53.48832,57.56735,52.81098,51.26402,53.45091,55.02727,53.14132,50.28916,48.83646,52.95281,46.09772,48.6621,46.17359,46.69047,51.15662,52.46904,52.46904,50.80354,51.24451,50.24938,50.15974,43.56604,51.62364,48.6621,50.01,48.25971,47.38143,46.09772,49.81967,45.88028,44.77723,39.92493,40.31129,39.92493,40.24922,39.39543,33.12099,32.44996,29.52965,28.6007,29.15476,24.20744,21.2132,23.43075,21.40093,21.2132,32.28002,35.35534,32.06244,38.47077,37.05401,39.11521,36.05551,37.05401,40.31129,43.18565,43.65776,47.80167,48.50773,50.59644,49.24429,48.8467,53.7122,49.65884,52.7731,51.47815,52.15362,53.33854,53.00943,51.61395,51.85557,55.75841,54.81788,56.40035,52.15362,54.70832,48.82622,55.47071,51.10773,53.23533,60.20797,56.4358,55.9464,57.3062,56.4358,57.27128,60.83584,63.15853,66.30988,67.41662,63.90618,67.62396,68.70953,71.86793,70.38466,65.55151,67.53518,72.11103,73.92564,72.09022,79.15807,80.9506,74.24958
11.18034,11.40175,11.40175,11.18034,10.19804,10.19804,10.44031,9.48683,9.48683,9.48683,9.48683,9.84886,9.48683,8.94427,9.84886,8.94427,8.94427,8.06226,9.43398,8.94427,8.94427,9.43398,8.06226,8.60233,9.43398,8.60233,9.43398,9.43398,9.43398,8.06226,8.94427,8.94427,8.94427,8.544,8.544,7.61577,8.24621,7.28011,7.07107,7.07107,6.08276,6.08276,6.0,6.0,6.0,5.0,5.0,5.09902,4.12311,4.12311,4.12311,4.12311,70.72482,71.50524,70.71068,69.6563,66.52819,60.10824,65.79514,62.28965,55.9017,55.9017,57.28001,53.07542,55.15433,52.20153,50.9902,53.00943,53.60037,51.97115,49.92995,51.0392,51.47815,49.64877,52.3259,52.35456,51.42956,52.47857,48.76474,47.16991,49.39636,49.39636,50.08992,49.76947,51.42956,51.47815,49.24429,48.54894,52.47857,50.11986,50.77401,48.82622,41.88078,42.0119,46.40043,43.01163,39.62323,36.87818,34.71311,37.48333,29.20616,31.14482,29.06888,28.84441,28.30194,28.6531,22.47221,18.60108,23.76973,33.0,33.13608,31.257,32.55764,33.54102,34.48188,33.54102,43.32436,41.4367,39.21734,43.41659,41.18252,46.09772,47.85394,46.32494,49.09175,50.0,49.20366,48.27007,53.8145,52.34501,53.8145,53.07542,50.9902,53.07542,53.07542,53.2635,50.44799,49.81967,53.8145,52.34501,53.07542,52.3259,53.2635,54.67175,56.72742,55.15433,53.07542,54.56189,58.00862,60.44005,60.959,56.58622,68.11755,58.89822,60.82763,61.55485,61.22091,67.00746,69.52697,73.24616,69.52697,70.00714,68.593,72.18033,70.83784,79.24645
12.20656,12.20656,11.40175,11.40175,10.81665,10.81665,10.81665,10.81665,10.81665,10.0,10.81665,10.0,9.21954,9.21954,9.21954,9.89949,9.89949,9.89949,9.21954,9.21954,9.21954,9.21954,9.89949,10.0,9.21954,9.21954,9.89949,9.21954,9.21954,9.89949,9.21954,9.21954,9.21954,9.21954,8.60233,8.60233,8.60233,8.06226,8.06226,8.06226,7.61577,7.61577,7.61577,6.32456,6.32456,6.32456,6.08276,5.09902,5.09902,5.09902,5.0,5.0,74.1485,71.02112,69.58448,66.09841,65.49046,60.01666,58.54912,56.88585,62.16912,55.9017,55.22681,55.7315,52.23983,53.00943,51.35173,54.03702,54.00926,51.08816,47.38143,50.15974,49.64877,51.47815,47.67599,47.67599,48.05206,46.32494,46.69047,48.05206,47.85394,50.44799,48.83646,55.9017,50.80354,43.73786,50.9902,48.37355,47.38143,46.52956,46.0,48.04165,47.16991,49.25444,37.12142,39.01282,36.49658,36.22154,36.49658,36.67424,31.95309,30.26549,32.28002,27.20294,25.29822,25.07987,26.92582,24.69818,25.80698,32.20248,28.6007,32.75668,31.76476,34.0147,33.54102,39.0,32.31099,40.80441,41.10961,43.68066,40.26164,47.51842,46.87217,45.17743,46.0,47.09565,49.09175,49.0102,51.0098,51.08816,50.35871,48.50773,51.78803,51.97115,51.97115,52.88667,54.34151,46.87217,50.9902,50.80354,49.0306,49.0306,51.62364,52.46904,56.4358,50.15974,57.55867,54.23099,57.03508,59.00847,61.52235,59.5399,64.00781,58.00862,60.20797,63.1981,67.00746,71.06335,70.06426,67.02984,74.24284,74.24284,71.25307,74.8131,70.11419,75.32596
12.08305,12.08305,11.7047,11.7047,10.77033,10.77033,10.77033,10.77033,9.84886,9.48683,9.48683,9.48683,9.21954,10.19804,9.21954,9.21954,9.05539,9.05539,9.0,9.05539,9.05539,9.0,9.05539,9.0,10.04988,9.0,9.05539,10.0,10.04988,10.04988,10.04988,10.04988,9.05539,9.05539,9.21954,9.21954,8.544,8.544,8.544,7.61577,7.61577,7.2111,6.7082,7.2111,5.83095,6.40312,5.65685,5.65685,5.65685,5.65685,5.0,5.0,80.95678,68.44706,73.78347,69.83552,63.13478,63.06346,62.1289,60.90156,54.6443,56.93856,58.83026,56.0357,57.2014,54.6443,53.82379,55.22681,56.85068,51.73973,49.0408,48.08326,56.72742,49.51767,53.07542,49.20366,48.83646,50.44799,50.80354,55.44367,56.40035,54.67175,50.60632,56.0803,49.81967,58.82176,51.66237,52.34501,52.40229,54.48853,54.45181,49.67897,42.52058,49.57822,46.04346,50.0,44.65423,41.34005,38.47077,35.22783,36.67424,33.12099,33.54102,34.17601,28.79236,26.92582,27.85678,25.07987,23.0,33.83785,34.78505,34.53983,37.58989,35.4683,32.69557,34.0,40.49691,41.88078,38.83298,41.23106,43.27817,47.80167,44.55334,45.45327,41.86884,54.45181,50.0,55.0,50.77401,51.86521,52.69725,53.7122,56.93856,57.27128,50.53712,52.3259,55.54278,51.47815,55.00909,55.00909,55.47071,52.47857,53.33854,56.93856,55.00909,53.7122,57.70615,59.16925,57.45433,64.3506,58.60034,66.57327,63.41136,65.45991,63.41136,65.21503,69.2026,69.40461,68.00735,69.63476,75.29276,77.38863,70.21396,75.45197,74.33034,76.15773
11.40175,11.7047,10.44031,11.40175,9.48683,10.44031,10.77033,9.84886,9.84886,8.94427,9.84886,9.84886,8.94427,8.94427,9.43398,9.43398,9.43398,9.43398,8.60233,8.60233,8.60233,9.21954,8.60233,9.21954,9.21954,10.0,10.0,9.21954,9.21954,9.21954,8.60233,9.43398,9.43398,8.60233,8.94427,8.94427,8.94427,7.61577,7.61577,7.61577,7.28011,7.28011,6.32456,6.08276,6.08276,5.09902,5.09902,5.09902,5.0,4.0,4.0,4.0,68.60029,64.3506,64.49806,71.19691,61.40033,65.29931,59.68249,60.03332,58.66856,60.03332,57.24509,54.12024,57.27128,49.76947,52.0,49.76947,58.18935,49.76947,54.08327,46.57252,51.97115,48.38388,46.69047,48.50773,46.84015,53.75872,50.01,51.47815,48.05206,52.23983,52.17279,52.95281,47.53946,50.63596,49.64877,48.27007,44.38468,49.47727,48.76474,46.48656,46.8188,49.39636,46.51881,43.86342,41.6173,38.27532,43.26662,34.98571,38.28838,33.6006,27.58623,31.82766,28.3196,24.75884,24.75884,28.84441,26.07681,37.0,40.60788,34.52535,39.31921,37.33631,39.01282,40.0125,38.0526,45.17743,44.10215,47.07441,46.52956,49.0306,51.24451,52.20153,51.86521,53.31041,52.20153,53.31041,56.35601,53.85165,57.70615,55.07268,54.20332,54.3783,56.0357,56.61272,55.47071,52.43091,55.75841,50.24938,59.07622,54.08327,52.15362,55.56978,52.69725,54.12024,59.5063,56.0803,57.70615,59.9333,62.24147,61.46544,58.59181,64.84597,68.88396,62.39391,67.1193,65.30697,64.41273,68.02941,67.23095,72.56032,67.1193,72.09022,72.44998,71.11962
12.04159,11.0,12.0,12.0,11.0,10.0,11.0,10.0,10.0,10.04988,10.04988,10.04988,10.19804,10.19804,9.21954,9.21954,9.21954,9.21954,9.48683,9.48683,9.48683,9.48683,9.48683,9.84886,9.48683,9.48683,9.48683,9.84886,9.84886,9.48683,9.48683,10.44031,10.19804,9.21954,9.21954,9.21954,9.05539,9.05539,8.06226,8.06226,8.0,7.0,8.0,7.0,6.08276,6.08276,6.08276,6.08276,6.08276,5.09902,5.09902,4.12311,70.43437,65.60488,70.21396,64.03124,63.41136,62.28965,58.60034,60.44005,54.20332,58.25805,53.25411,53.7122,53.53504,48.37355,50.80354,48.75449,49.65884,53.85165,46.06517,46.09772,52.20153,47.16991,46.17359,47.12749,46.17359,46.32494,45.35416,49.0306,50.96077,50.44799,49.72927,49.47727,44.14748,52.39275,43.01163,51.24451,47.29693,48.76474,51.24451,45.88028,43.38202,45.18849,43.82921,43.41659,42.94182,38.27532,37.64306,38.01316,34.82815,29.83287,31.14482,25.6125,28.28427,29.0,25.4951,20.51828,24.41311,35.01428,38.63936,33.95585,40.79216,41.10961,40.80441,43.65776,43.46263,47.92703,42.48529,47.70744,45.61798,53.7122,55.56978,50.80354,54.20332,60.0,53.41348,54.81788,60.1415,57.31492,57.38467,51.73973,55.22681,56.0803,53.03772,53.90733,56.72742,54.20332,58.0517,49.67897,60.30755,58.0517,53.07542,58.69412,57.28001,51.66237,56.58622,53.07542,58.25805,60.0,62.62587,59.66574,63.24555,61.40033,62.43397,61.61169,59.90826,65.73431,66.0303,66.61081,68.8186,71.06335,69.33974,74.06079,71.40028,72.42237
10.63015,10.63015,10.63015,10.63015,9.21954,9.21954,9.21954,9.21954,8.48528,9.21954,9.21954,8.60233,8.60233,8.60233,7.81025,8.06226,8.06226,8.06226,8.06226,8.06226,8.06226,8.06226,7.61577,8.544,8.94427,8.544,8.544,8.94427,8.94427,8.544,8.06226,8.06226,8.06226,8.06226,8.06226,8.06226,7.81025,7.81025,7.07107,7.07107,6.40312,6.40312,6.40312,5.0,5.0,5.0,5.0,4.47214,4.47214,4.47214,3.60555,3.16228,72.56032,66.48308,74.24284,67.02984,68.35934,64.07027,66.1211,63.00794,61.07373,58.03447,58.03447,54.14795,55.08176,56.0357,53.23533,52.17279,53.33854,54.34151,50.9902,50.9902,51.1957,49.0306,54.70832,48.70318,51.24451,49.64877,49.76947,49.76947,50.28916,51.62364,52.0,52.0,50.32892,53.45091,48.70318,51.41984,51.24451,50.69517,53.15073,46.09772,47.07441,48.09366,49.0102,46.09772,41.10961,38.0526,38.01316,42.10701,35.0,35.69314,32.14032,27.45906,27.65863,30.80584,25.31798,23.76973,26.24881,41.23106,37.20215,35.51056,40.31129,38.94868,39.56008,39.21734,43.9659,47.80167,43.41659,51.24451,47.07441,51.62364,49.25444,53.08484,50.01,56.00893,54.03702,56.00893,56.22277,57.21888,57.07013,53.33854,57.70615,54.81788,53.15073,54.91812,53.60037,53.60037,57.07013,50.69517,54.91812,58.0517,54.74486,58.54912,55.3263,54.00926,56.00893,60.03332,61.07373,58.03447,62.00806,61.03278,64.00781,62.00806,62.1289,64.19502,65.19202,70.25667,68.02941,68.0,74.00676,70.02857,67.06713,73.06162,76.0,74.02702
11.18034,11.18034,10.19804,10.19804,9.21954,10.04988,9.05539,9.05539,9.05539,9.0,9.0,9.0,9.0,8.0,8.0,8.06226,9.05539,8.06226,8.24621,8.24621,8.24621,8.24621,8.24621,8.24621,8.24621,8.544,9.48683,8.24621,9.21954,8.24621,8.24621,8.24621,8.06226,8.06226,9.05539,8.06226,8.0,7.0,7.0,7.0,6.08276,7.07107,6.08276,6.08276,5.09902,5.09902,5.09902,4.12311,4.12311,4.12311,4.47214,3.60555,78.43469,70.93659,69.77822,67.1193,67.1193,68.54196,65.36819,67.53518,58.60034,58.5235,59.9333,55.75841,56.60389,55.75841,53.25411,54.03702,58.5235,56.0803,55.0,53.15073,49.51767,50.93133,56.63921,46.66905,51.62364,53.90733,50.24938,45.60702,46.69047,52.00961,49.81967,56.72742,49.51767,53.90733,47.63402,51.08816,50.24938,52.40229,49.57822,51.08816,49.57822,47.43416,39.40812,45.65085,42.94182,37.58989,41.18252,37.21559,36.24914,35.35534,34.17601,30.36445,28.63564,29.15476,26.24881,25.07987,23.08679,39.0,38.91015,38.07887,39.11521,38.01316,42.2019,40.80441,41.86884,48.10405,46.69047,49.51767,47.38143,51.66237,54.81788,53.41348,53.33854,58.30952,54.12947,55.00909,55.9017,53.7122,58.87274,52.92447,57.00877,59.13544,56.64804,56.921,62.29767,51.24451,58.82176,53.14132,56.32051,55.36244,57.24509,57.38467,57.69749,52.39275,58.13777,59.9333,65.76473,62.64982,62.76942,61.05735,64.66065,62.1289,57.45433,62.26556,60.80296,66.88797,71.02112,65.73431,74.88658,79.07591,64.07027,72.06941,76.02631,69.31811
12.04159,12.0,12.0,12.0,11.0,11.0,11.0,11.04536,10.04988,10.04988,10.04988,10.04988,10.19804,10.19804,10.19804,10.19804,9.48683,9.21954,9.48683,9.48683,9.48683,9.48683,9.48683,9.84886,9.48683,9.48683,9.84886,10.44031,10.77033,9.48683,10.44031,10.44031,10.44031,9.21954,9.21954,9.21954,9.05539,9.05539,9.05539,8.0,8.0,7.0,8.0,7.0,6.0,6.08276,6.08276,6.08276,6.08276,5.09902,5.09902,4.12311,68.50547,71.28113,71.06335,66.61081,67.20119,62.68174,61.29437,64.81512,62.80127,61.40033,52.80152,54.56189,53.75872,53.15073,54.67175,53.07542,57.31492,49.20366,50.32892,50.32892,49.0408,48.01042,47.01064,53.82379,51.31277,49.92995,46.61545,50.60632,47.50789,53.0,49.09175,56.30275,47.50789,52.47857,50.21952,50.9902,48.82622,51.0392,52.40229,48.16638,43.93177,46.2277,49.57822,43.86342,45.34314,38.07887,38.27532,41.67733,35.8469,30.88689,32.75668,28.30194,29.96665,26.83282,25.29822,28.44293,25.07987,41.48494,38.60052,40.02499,41.18252,46.09772,42.05948,41.18252,43.56604,48.54894,48.82622,48.60041,46.8615,55.9017,56.85068,55.31727,56.72742,60.20797,57.62812,58.00862,57.68882,53.53504,61.03278,57.42822,53.7122,60.41523,60.90156,55.56978,63.13478,54.58938,57.80138,55.9464,57.3062,56.4358,54.08327,53.85165,59.64059,54.81788,58.82176,60.46487,60.60528,64.2028,60.87693,61.40033,69.35416,64.44377,61.55485,64.66065,67.94115,68.62215,69.52697,68.0147,74.33034,74.4043,75.9276,75.9276,72.18033,81.40025
12.20656,12.20656,12.20656,12.20656,11.40175,11.40175,10.63015,10.63015,10.63015,10.63015,10.63015,9.89949,9.89949,9.89949,9.89949,10.0,10.0,9.21954,10.0,10.0,10.0,10.0,8.60233,10.0,10.0,9.43398,10.29563,10.0,10.0,9.43398,10.0,10.0,10.63015,10.0,9.21954,9.21954,9.89949,9.21954,9.21954,8.60233,7.81025,7.81025,7.2111,7.2111,7.2111,5.83095,6.7082,5.83095,6.32456,5.38516,5.38516,5.38516,67.18631,67.68309,66.28725,64.28841,63.34824,58.69412,59.66574,60.20797,52.7731,52.7731,53.60037,49.0306,52.34501,53.23533,49.0408,47.0,52.00961,48.09366,46.01087,49.0408,49.49747,42.04759,44.55334,45.27693,49.0,46.38965,41.4367,47.51842,48.50773,48.76474,44.40721,48.25971,45.54119,50.9902,43.73786,51.15662,45.27693,47.0,48.04165,43.04649,45.04442,44.18144,44.40721,40.11234,39.81206,37.64306,36.05551,38.60052,35.44009,26.83282,28.6531,30.88689,28.30194,28.17801,26.41969,21.40093,24.83948,35.22783,35.77709,34.0147,43.08132,37.94733,40.8534,38.32754,40.79216,42.44997,41.0,45.70558,49.25444,51.47815,52.23983,51.0098,51.0098,57.07889,53.23533,52.7731,55.10898,53.15073,54.12947,55.36244,55.9017,56.51548,55.31727,54.81788,57.58472,53.85165,52.88667,50.69517,55.7853,53.85165,52.20153,55.7853,52.17279,49.64877,54.74486,58.21512,58.13777,60.67125,53.23533,62.28965,60.29925,62.07254,65.62012,60.29925,61.52235,62.1289,63.1981,66.37017,66.06815,67.26812,65.19202,74.24284,73.43705,69.87131
11.6619,11.18034,10.77033,11.18034,10.77033,10.29563,9.84886,9.84886,9.84886,9.48683,9.84886,9.48683,9.21954,8.24621,8.24621,9.21954,8.24621,8.24621,8.06226,8.06226,8.06226,8.0,8.06226,9.0,9.0,9.05539,9.05539,9.0,9.0,9.05539,9.05539,9.05539,9.05539,8.06226,8.24621,8.24621,8.24621,7.61577,7.28011,7.28011,6.7082,6.7082,6.7082,5.83095,5.83095,5.0,5.0,5.0,5.0,5.0,4.24264,4.24264,66.85058,65.80274,70.5195,65.52099,62.93648,61.03278,59.61543,59.46427,54.81788,57.93962,52.92447,54.626,54.23099,50.08992,54.12024,53.22593,51.42956,51.0,47.70744,47.70744,52.20153,45.48626,48.01042,46.8615,46.04346,50.32892,45.45327,52.34501,48.27007,47.38143,46.09772,48.41487,48.9183,50.91169,50.44799,49.0408,49.20366,49.09175,50.24938,47.16991,48.8774,43.909,43.38202,43.38202,42.95346,39.56008,34.78505,32.75668,32.28002,34.71311,31.7805,28.86174,26.1725,25.17936,29.27456,23.08679,26.4764,38.27532,36.61967,41.23106,39.82462,42.42641,41.7732,40.31129,43.60046,45.22168,44.40721,49.09175,50.21952,54.91812,53.7122,54.626,51.47815,55.03635,53.45091,56.64804,54.12024,58.24088,55.7853,59.48109,58.69412,55.54278,57.00877,53.46027,54.34151,51.62364,58.69412,54.12947,59.03389,53.15073,54.12947,55.08176,54.57105,56.30275,56.61272,58.18935,61.84658,57.56735,60.41523,65.14599,65.39113,60.83584,65.78754,62.24147,64.62198,66.70832,70.68239,68.8767,69.31811,70.00714,71.17584,75.23962,72.01389,73.53911
12.36932,11.40175,12.64911,12.36932,11.40175,10.44031,10.77033,10.77033,10.77033,10.77033,9.84886,10.29563,10.29563,10.29563,10.29563,10.29563,9.43398,9.43398,10.0,10.0,10.0,10.0,10.0,10.63015,10.63015,10.0,10.0,10.0,10.63015,10.0,10.81665,10.81665,10.81665,10.29563,10.29563,9.43398,9.84886,9.84886,9.84886,9.48683,8.544,7.61577,8.24621,7.28011,7.28011,6.08276,6.08276,6.08276,6.08276,6.0,5.0,5.0,67.80118,70.03571,65.73431,61.55485,62.00806,57.48913,57.80138,62.00806,52.80152,51.86521,56.0803,53.85165,54.3783,54.70832,45.27693,50.9902,52.92447,50.15974,46.06517,45.88028,48.50773,48.33218,46.57252,48.50773,47.43416,46.69047,49.33559,50.44799,48.50773,47.53946,44.91102,47.29693,47.85394,48.6621,46.52956,45.89118,50.96077,50.0,49.0408,48.8467,51.26402,47.42362,48.37355,45.18849,43.909,43.56604,38.58756,39.66106,33.6006,31.14482,27.65863,29.73214,28.01785,28.42534,27.80288,23.60085,27.65863,35.01428,36.34556,37.33631,41.0,40.26164,36.68787,38.8973,43.46263,44.01136,44.77723,47.41308,46.52956,53.66563,50.24938,51.10773,56.61272,54.20332,54.81788,55.0,56.85068,57.31492,58.69412,58.69412,60.82763,57.98276,52.3259,55.22681,56.63921,56.0803,55.44367,53.75872,54.45181,54.45181,55.97321,61.55485,54.45181,60.44005,57.62812,57.38467,55.0,58.13777,61.85467,61.07373,63.00794,59.90826,58.24946,62.68174,61.03278,65.73431,69.63476,66.4003,69.89278,66.8431,70.0,71.02816,74.06079,75.80237
10.0,10.0,10.04988,10.04988,10.04988,9.0,9.05539,9.05539,8.06226,9.21954,9.05539,8.06226,8.24621,8.24621,8.24621,8.544,7.61577,7.61577,7.61577,7.61577,7.61577,8.06226,7.61577,8.06226,8.94427,8.06226,8.06226,8.94427,8.94427,8.94427,8.94427,8.94427,8.94427,8.544,7.61577,8.24621,8.24621,8.24621,7.07107,7.07107,7.07107,6.0,7.0,6.0,6.0,5.0,5.09902,5.09902,5.09902,5.09902,4.47214,4.47214,68.24222,62.28965,65.51336,62.00806,62.68174,54.91812,57.80138,63.24555,58.30952,53.33854,52.47857,51.62364,53.53504,49.1935,47.42362,52.55473,50.59644,46.17359,51.62364,47.75982,48.08326,45.88028,46.38965,46.17359,46.32494,47.53946,47.51842,50.48762,50.63596,47.26521,47.51842,49.64877,50.48762,51.47815,49.64877,53.60037,47.85394,50.21952,51.92302,43.46263,49.0408,40.8534,43.86342,42.04759,42.94182,39.92493,39.11521,37.58989,34.66987,31.241,32.20248,29.20616,27.45906,27.80288,25.4951,24.75884,22.67157,33.24154,38.0,38.11824,40.11234,36.34556,40.02499,37.0,38.62642,44.01136,43.32436,43.46263,46.8188,47.16991,51.89412,51.62364,47.43416,53.53504,53.60037,53.0,55.60576,53.90733,51.66237,53.15073,56.85068,52.49762,55.15433,51.73973,53.07542,51.62364,53.90733,48.83646,53.8145,51.62364,51.66237,50.32892,48.9183,49.67897,55.31727,51.61395,56.61272,60.21628,56.0357,57.2014,59.90826,62.1289,57.2014,63.60031,62.76942,60.20797,62.96825,64.66065,69.97142,67.41662,66.37017,70.71068,69.33974,68.8186
10.63015,9.89949,10.63015,10.63015,10.63015,9.21954,9.21954,9.21954,9.21954,9.21954,9.21954,8.60233,8.60233,8.60233,8.60233,8.94427,8.06226,8.94427,8.06226,8.94427,8.94427,8.94427,8.544,8.544,8.94427,8.544,8.544,9.84886,8.544,9.48683,8.94427,9.84886,8.94427,8.94427,8.94427,8.94427,8.06226,8.60233,7.81025,7.81025,7.81025,6.40312,7.07107,5.65685,5.65685,5.65685,5.0,5.0,5.0,4.47214,4.47214,4.47214,67.89698,68.88396,67.08204,57.07013,64.13267,55.31727,61.18823,58.54912,55.08176,48.38388,53.75872,51.86521,57.56735,53.14132,50.69517,53.22593,51.89412,51.42956,49.1935,50.47772,52.43091,51.97115,47.43416,49.0408,47.70744,51.61395,48.01042,52.63079,52.00961,49.0408,50.0,51.66237,57.00877,48.10405,51.08816,49.81967,49.81967,50.80354,50.47772,51.10773,50.47772,47.88528,46.61545,47.01064,44.27189,40.71855,39.92493,43.41659,32.28002,34.48188,34.20526,31.04835,33.73426,30.01666,29.06888,28.0,25.01999,36.05551,34.98571,39.44617,39.35734,40.31129,35.35534,41.78516,41.62932,46.23851,47.53946,44.91102,46.57252,51.97115,53.60037,53.60037,53.15073,55.44367,56.0,55.00909,54.08327,56.32051,56.0803,56.14268,56.0803,55.08176,51.0098,50.24938,53.33854,55.7315,56.00893,54.03702,52.15362,55.00909,55.00909,54.00926,55.00909,54.0,53.33854,55.14526,57.14018,57.31492,58.69412,57.42822,67.08204,56.08921,64.32729,61.61169,61.39218,67.18631,69.2315,63.78871,65.73431,68.24954,66.28725,75.31268,76.68768,73.1642
10.63015,10.63015,10.63015,10.63015,10.0,9.21954,9.89949,9.21954,9.21954,9.21954,9.21954,9.21954,9.21954,9.21954,8.60233,8.06226,8.06226,8.06226,8.94427,8.94427,8.94427,8.94427,8.544,8.94427,8.94427,8.544,8.544,9.84886,9.84886,8.544,8.94427,8.94427,8.94427,8.94427,8.94427,8.06226,8.60233,7.81025,7.81025,7.81025,7.07107,7.07107,6.40312,5.65685,5.65685,5.0,5.0,5.83095,4.47214,4.47214,4.47214,4.12311,67.1193,64.07027,70.00714,59.00847,62.00806,63.00794,60.20797,64.03124,58.00862,54.14795,51.24451,53.60037,51.62364,51.97115,53.85165,52.20153,56.75385,48.50773,51.24451,47.43416,51.26402,47.43416,52.39275,48.33218,49.76947,51.07837,46.32494,50.11986,55.00909,50.60632,45.61798,56.4358,50.15974,51.89412,48.54894,53.14132,55.15433,51.89412,50.69517,51.5461,47.75982,47.75982,47.51842,45.89118,45.89118,41.4367,43.04649,39.11521,33.01515,36.05551,35.0,28.07134,29.15476,29.06888,30.26549,27.65863,27.20294,36.61967,38.91015,36.67424,37.0,41.4367,40.5216,37.65634,44.38468,48.05206,45.12206,51.62364,48.6621,51.15662,53.15073,53.08484,54.23099,56.14268,56.56854,55.57877,55.3263,53.46027,57.97413,55.31727,58.69412,52.88667,57.07013,54.40588,54.57105,53.45091,57.48913,51.41984,55.08176,53.75872,52.46904,56.08921,55.9017,50.15974,56.32051,56.22277,54.03702,60.53098,54.03702,61.20457,57.00877,59.00847,64.19502,58.07753,62.20129,67.0,65.0,67.00746,69.02898,71.00704,66.00758,71.00704,71.00704,70.02857
12.36932,12.36932,11.40175,11.40175,11.40175,11.18034,11.18034,10.04988,10.19804,10.19804,10.04988,10.04988,10.04988,10.04988,10.04988,10.0,10.04988,10.04988,9.05539,10.04988,10.04988,10.04988,9.05539,10.19804,10.04988,10.19804,10.19804,10.04988,10.19804,10.19804,10.04988,10.04988,10.04988,10.0,10.0,10.0,10.0,9.05539,9.05539,9.05539,9.05539,8.06226,8.24621,7.28011,7.28011,7.28011,6.32456,6.32456,6.7082,5.83095,5.38516,5.83095,61.26989,63.69458,64.4748,59.48109,64.40497,59.09315,59.94164,54.70832,54.58938,55.47071,52.47857,52.43091,52.00961,48.41487,50.47772,46.66905,50.44799,49.51767,47.63402,46.69047,49.57822,48.9183,43.27817,50.60632,48.10405,50.24938,47.50789,50.60632,49.40648,46.61545,49.20366,46.87217,49.0408,50.80354,48.41487,47.38143,47.20169,49.57822,49.49747,48.79549,46.01087,46.09772,45.60702,44.20407,42.72002,42.72002,35.77709,34.0,35.77709,33.10589,29.96665,28.4605,32.28002,24.35159,30.08322,27.65863,25.0,38.27532,37.01351,38.94868,39.69887,39.59798,38.8973,37.64306,42.52058,49.81967,46.61545,46.52956,46.64762,53.33854,53.66563,49.65884,54.23099,56.46238,50.92151,52.55473,53.45091,51.92302,61.39218,54.34151,51.41984,54.57105,53.36666,54.57105,56.29387,54.34151,53.93515,50.21952,53.45091,48.50773,51.41984,57.58472,54.57105,54.626,55.36244,55.36244,58.60034,58.30952,57.38467,60.16644,62.26556,59.9333,65.76473,58.13777,60.90156,62.64982,63.97656,68.42514,63.95311,70.26379,68.47627,69.35416,66.64833,68.88396
12.16553,11.04536,11.18034,11.18034,11.04536,11.04536,11.0,10.0,10.0,10.0,10.0,10.04988,10.0,10.0,9.05539,10.19804,9.21954,9.21954,9.21954,9.21954,9.21954,9.21954,9.21954,9.21954,9.21954,9.48683,10.44031,10.44031,10.19804,10.44031,9.21954,10.19804,10.19804,9.21954,10.04988,10.04988,10.0,9.05539,9.05539,8.06226,9.05539,8.06226,8.06226,7.07107,7.07107,7.07107,7.28011,6.32456,5.38516,5.38516,5.38516,5.38516,66.52819,62.28965,64.38167,66.6033,58.89822,55.9017,56.56854,56.63921,55.44367,53.8145,52.43091,50.80354,55.00909,49.20366,48.60041,49.09175,49.1935,46.06517,51.10773,46.23851,50.92151,43.86342,47.75982,47.01064,43.08132,49.33559,46.17359,49.24429,48.70318,48.27007,48.38388,52.49762,48.08326,53.16014,47.53946,52.55473,50.92151,47.75982,49.64877,47.42362,45.65085,47.16991,43.82921,40.49691,41.7732,42.2019,35.22783,39.62323,32.55764,34.71311,33.24154,31.241,30.41381,27.20294,25.55386,25.0,21.63331,33.54102,37.0,38.60052,44.28318,38.47077,39.82462,40.70626,39.82462,45.48626,44.40721,50.0,50.44799,51.22499,50.24938,53.07542,52.34501,58.0,52.43091,56.85068,53.60037,56.22277,54.81788,56.30275,54.6443,56.4358,55.22681,53.53504,57.80138,51.10773,55.75841,52.69725,57.98276,56.0357,50.80354,55.97321,49.0408,54.56189,57.31492,58.79626,54.45181,56.58622,55.17246,57.28001,59.4138,61.55485,57.68882,60.959,59.66574,57.62812,64.44377,63.03174,64.53681,68.62215,62.482,68.68042,76.36753,66.06815
12.04159,12.04159,12.04159,11.04536,11.04536,10.04988,11.0,10.0,10.0,10.0,10.0,10.04988,10.04988,10.04988,9.05539,10.19804,9.21954,10.19804,9.21954,9.21954,9.21954,9.21954,10.19804,9.48683,9.21954,9.48683,10.44031,10.44031,9.21954,10.44031,9.21954,10.19804,10.04988,10.04988,10.04988,10.04988,10.04988,9.0,8.06226,8.06226,9.05539,8.06226,8.06226,7.07107,7.28011,6.32456,6.32456,6.32456,6.32456,5.38516,5.83095,5.83095,62.62587,64.44377,62.482,61.07373,61.7171,58.60034,55.80323,58.89822,50.47772,55.75841,55.75841,51.62364,52.35456,49.39636,52.47857,47.01064,46.51881,48.33218,43.82921,46.23851,46.8188,47.53946,47.12749,47.80167,45.31004,46.17359,48.76474,53.36666,49.33559,46.32494,46.32494,51.1957,49.72927,50.28916,52.88667,48.46648,50.69517,48.38388,50.11986,45.31004,46.06517,44.29447,43.82921,41.67733,38.8973,40.80441,37.64306,34.65545,33.24154,31.14482,30.41381,31.82766,27.20294,28.6007,24.41311,23.32381,25.4951,35.35534,37.85499,37.85499,44.38468,37.64306,39.39543,42.04759,42.94182,48.76474,44.94441,48.54894,47.70744,51.31277,53.41348,54.81788,50.9902,56.0803,53.75872,52.34501,60.20797,58.25805,54.56189,55.44367,55.0,59.40539,56.63921,51.61395,57.48913,55.60576,57.80138,50.44799,56.40035,57.00877,56.85068,55.44367,51.66237,53.8145,58.69412,53.2635,52.34501,58.0,54.03702,61.40033,63.78087,59.03389,58.60034,63.41136,64.63745,63.78087,62.62587,66.06815,63.41136,64.66065,62.36986,70.0928,70.17834,66.21933
12.08305,11.7047,10.77033,12.08305,10.77033,10.77033,10.44031,10.44031,10.44031,9.48683,10.44031,10.19804,10.19804,9.21954,10.19804,10.04988,10.04988,9.05539,9.05539,9.05539,9.05539,10.04988,9.0,9.0,10.0,10.0,10.0,10.04988,10.0,10.0,10.04988,10.04988,10.04988,9.21954,10.04988,9.21954,10.19804,9.48683,8.544,8.544,8.544,8.544,7.61577,7.61577,6.7082,6.7082,6.7082,5.83095,5.83095,5.83095,5.83095,5.0,68.30813,62.8172,62.96825,61.98387,57.93962,57.00877,56.46238,55.71355,51.5461,52.35456,52.39275,49.92995,54.58938,50.60632,51.10773,49.0408,53.53504,47.70744,51.31277,46.09772,49.51767,46.75468,48.16638,45.45327,51.66237,48.10405,45.96738,50.32892,48.08326,47.01064,48.16638,51.66237,50.24938,47.42362,48.10405,49.20366,51.66237,49.0408,48.82622,45.34314,45.0,45.48626,46.95743,42.94182,39.81206,37.21559,36.76955,36.05551,33.24154,32.01562,30.67572,28.86174,27.45906,28.28427,26.30589,25.17936,22.36068,39.62323,39.59798,40.31129,39.82462,42.43819,43.56604,40.49691,44.41846,49.24429,49.24429,48.33218,49.24429,52.39275,53.14132,53.48832,57.00877,58.24088,54.12947,53.33854,55.9017,56.7186,59.5399,58.21512,56.22277,58.13777,56.32051,57.31492,55.08176,55.08176,58.13777,51.35173,56.32051,54.45181,52.46904,55.7315,51.97115,52.95281,60.20797,58.94065,58.69412,59.43904,59.23681,61.13101,60.92618,59.13544,60.08328,63.56886,65.79514,62.76942,62.93648,68.00735,64.4748,68.942,61.03278,69.46222,71.47027,65.78754
11.18034,10.29563,10.77033,10.77033,9.84886,9.84886,9.84886,9.84886,9.84886,9.21954,9.48683,9.48683,9.21954,9.21954,9.21954,9.21954,8.24621,8.24621,9.05539,9.05539,9.05539,9.05539,9.05539,9.0,9.0,9.05539,9.05539,9.05539,9.0,9.05539,9.05539,9.05539,9.05539,9.05539,8.24621,8.544,8.544,8.544,7.61577,7.61577,7.2111,7.2111,7.2111,6.40312,6.40312,5.0,5.65685,5.65685,5.65685,5.0,5.0,5.0,62.1289,66.0,57.55867,63.03174,63.28507,54.33231,58.69412,58.13777,55.31727,52.08647,50.35871,54.45181,56.88585,51.24451,48.76474,50.69517,50.92151,45.31004,47.53946,50.28916,45.31004,45.69464,47.41308,47.01064,47.85394,47.42362,48.33218,51.10773,49.39636,49.64877,48.8774,49.65884,50.53712,49.24429,48.30114,50.92151,49.76947,51.5461,49.0306,48.76474,49.0306,43.93177,41.97618,45.35416,41.23106,40.1995,39.01282,38.83298,29.06888,31.06445,31.40064,25.01999,28.0,25.07987,24.18677,25.70992,24.04163,40.0,38.94868,43.26662,39.81206,42.15448,43.01163,39.92493,45.22168,49.72927,47.53946,53.36666,51.62364,53.36666,54.91812,52.15362,55.14526,55.08176,57.00877,55.14526,57.14018,57.87055,60.20797,59.84146,54.45181,57.27128,56.7186,56.7186,56.56854,56.7186,52.46904,56.88585,55.14526,54.23099,53.15073,54.23099,53.60037,53.23533,53.03772,59.00847,61.03278,55.03635,58.00862,55.00909,64.19502,58.30952,58.0,62.03225,59.13544,60.29925,63.12686,62.28965,64.38167,64.12488,64.12488,69.11584,71.44928,66.48308
11.7047,10.77033,11.7047,11.7047,11.7047,10.77033,11.18034,9.84886,10.29563,11.18034,9.84886,10.29563,10.29563,10.29563,10.29563,10.0,10.0,10.0,10.0,10.0,10.0,10.0,10.0,10.63015,10.63015,10.0,10.63015,10.63015,10.63015,10.63015,10.0,10.0,10.81665,10.0,9.43398,9.43398,8.94427,9.84886,8.544,8.544,7.61577,7.61577,8.544,6.32456,6.32456,6.32456,6.08276,6.08276,6.08276,6.08276,5.0,5.0,68.15424,63.60031,58.69412,58.82176,56.61272,59.20304,57.87055,58.82176,50.80354,51.66237,50.48762,50.35871,49.25444,51.24451,50.08992,47.09565,50.03998,45.04442,44.01136,48.01042,50.03998,48.09366,46.52956,44.28318,44.04543,49.16299,47.26521,48.50773,42.95346,48.05206,48.05206,48.25971,49.36598,51.97115,48.50773,51.08816,48.09366,51.24451,53.03772,46.01087,43.01163,43.28972,44.55334,40.1995,42.29657,38.32754,36.40055,33.24154,30.41381,29.83287,31.95309,28.23119,30.36445,26.83282,26.07681,21.47091,22.80351,38.07887,39.31921,42.19005,45.04442,40.0125,42.0119,42.0,43.28972,45.27693,46.52956,48.83646,49.36598,56.7186,53.60037,54.70832,53.85165,57.58472,56.46238,57.00877,59.03389,57.27128,59.5063,59.48109,56.79789,58.5235,56.79789,53.85165,58.13777,52.35456,55.47071,51.97115,54.56189,55.9464,54.56189,58.13777,54.12947,54.78138,56.61272,55.97321,55.54278,56.04463,57.00877,59.20304,62.0967,57.87055,63.60031,59.90826,60.63827,61.39218,65.96969,61.61169,64.77654,66.21933,66.21933,70.85901,67.44627,65.30697
12.08305,12.08305,12.08305,12.08305,12.08305,11.18034,11.18034,10.29563,10.29563,10.81665,10.29563,10.29563,10.81665,10.81665,10.0,10.0,9.21954,10.0,9.89949,10.63015,10.63015,10.63015,9.89949,9.89949,10.63015,9.89949,9.89949,10.63015,10.63015,10.63015,10.0,10.63015,10.0,10.0,10.0,9.43398,9.43398,8.94427,8.94427,8.94427,7.61577,7.61577,7.61577,6.32456,6.32456,6.32456,6.32456,6.08276,6.08276,6.08276,5.09902,5.09902,68.15424,62.0967,68.24954,59.66574,63.06346,57.27128,62.64982,62.16912,61.39218,55.7315,52.61179,52.23983,52.15362,54.33231,50.48762,49.09175,54.0,51.0,50.0,47.26521,48.09366,50.35871,46.27094,46.87217,48.37355,48.6621,47.26521,50.9902,51.47815,49.64877,50.35871,50.35871,50.63596,47.29693,48.05206,52.15362,49.16299,49.16299,48.01042,46.0,44.01136,45.39824,44.28318,41.4367,40.02499,37.85499,36.68787,37.36308,32.57299,30.08322,32.31099,32.69557,28.79236,27.29469,29.15476,25.94224,22.02272,40.49691,39.81206,40.26164,47.38143,41.19466,43.04649,43.10452,44.18144,49.0102,47.16991,51.24451,51.24451,56.22277,54.12947,54.91812,57.27128,59.66574,55.65968,56.04463,59.48109,58.18075,57.93962,54.626,54.42426,60.82763,56.30275,58.59181,55.9464,56.36488,53.48832,52.0,59.46427,54.78138,56.30275,55.97321,55.02727,52.20153,55.08176,55.36244,60.87693,58.46366,62.36986,61.13101,66.28725,61.98387,59.5399,60.67125,61.52235,68.35934,67.60178,67.60178,65.37584,72.18033,65.11528,75.43209,70.40597,71.84706
10.63015,10.0,10.63015,10.63015,9.89949,9.21954,8.60233,8.60233,8.60233,9.43398,8.94427,8.94427,8.94427,8.06226,8.06226,8.94427,8.544,8.544,8.544,8.544,8.544,8.544,8.544,8.24621,9.48683,8.24621,8.24621,8.544,8.544,8.544,8.544,8.544,8.94427,8.94427,8.06226,8.06226,8.06226,7.2111,7.2111,6.40312,6.40312,6.40312,6.40312,5.65685,5.65685,4.24264,5.0,5.0,4.47214,3.60555,3.60555,3.60555,68.02941,65.06919,65.37584,60.03332,61.0,61.03278,54.00926,59.0,54.14795,53.03772,53.08484,53.08484,55.14526,52.34501,44.72136,52.95281,55.7315,52.95281,52.95281,46.84015,46.8188,49.64877,48.46648,45.88028,48.10405,52.81098,44.27189,49.1935,49.98,49.76947,47.85394,51.47815,49.24429,51.42956,44.01136,50.69517,48.76474,49.0408,44.92215,44.92215,43.93177,44.72136,45.17743,43.56604,43.18565,35.01428,34.05877,36.01389,35.01428,30.0,29.01724,30.14963,26.0,28.86174,26.68333,24.73863,25.96151,39.05125,39.29377,40.26164,41.97618,41.4367,41.10961,40.04997,42.10701,48.25971,45.0,46.09772,47.16991,52.03845,53.46027,53.93515,51.1957,55.31727,56.29387,56.29387,49.0408,52.63079,61.35145,55.02727,54.70832,54.78138,53.45091,53.48832,53.48832,53.48832,57.56735,49.72927,52.81098,54.40588,55.31727,53.60037,54.12947,50.35871,53.60037,58.0517,61.0,57.42822,57.14018,60.29925,58.13777,56.22277,60.07495,62.03225,60.0,63.00794,62.07254,67.02984,66.06815,72.1734,61.07373,69.00725,71.00704,67.1193
13.0384,12.04159,12.04159,11.0,11.04536,11.04536,11.18034,11.18034,10.19804,10.19804,10.19804,10.44031,10.19804,10.19804,9.48683,10.44031,9.84886,9.84886,8.544,9.84886,9.84886,9.84886,9.84886,8.94427,9.84886,10.29563,10.29563,9.84886,9.84886,10.29563,9.84886,9.84886,9.48683,9.48683,9.48683,9.48683,9.21954,9.21954,8.06226,8.06226,8.06226,8.06226,7.07107,7.0,7.0,6.0,7.0,6.08276,6.08276,5.09902,6.08276,5.09902,71.40028,70.43437,67.35726,61.55485,68.68042,61.7171,59.46427,58.0517,55.9017,53.03772,55.17246,54.67175,53.07542,51.66237,48.60041,52.20153,53.53504,48.37355,46.87217,51.47815,49.64877,45.61798,42.95346,44.28318,42.54409,49.24429,51.07837,50.56679,47.92703,49.0408,47.53946,52.39275,51.07837,47.85394,51.47815,45.79301,48.76474,47.41308,45.65085,45.65085,46.87217,44.10215,45.96738,42.44997,40.36087,38.20995,36.12478,37.01351,31.82766,30.80584,28.3196,27.20294,27.80288,26.92582,26.40076,22.36068,22.84732,41.14608,38.47077,42.72002,43.26662,43.82921,40.31129,46.2277,43.01163,48.27007,49.49747,50.60632,48.79549,55.17246,55.0,54.40588,55.75841,56.85948,57.14018,55.22681,55.9464,55.00909,62.16912,56.36488,55.9464,60.00833,55.4617,55.9017,53.7122,56.79789,53.7122,55.9464,58.13777,56.79789,58.60034,54.70832,57.98276,55.21775,57.80138,54.40588,58.00862,58.00862,62.36986,56.85068,62.482,58.89822,63.63961,66.46804,65.79514,65.79514,67.47592,66.46804,70.72482,70.0928,67.47592,70.03571,69.02898,68.68042
12.08305,11.18034,11.18034,10.29563,10.29563,10.29563,10.29563,10.29563,10.29563,9.43398,9.43398,10.0,9.21954,9.21954,8.60233,10.63015,9.21954,9.21954,8.48528,9.21954,8.48528,9.21954,9.89949,9.21954,9.21954,9.21954,9.89949,9.21954,9.21954,9.89949,8.48528,9.89949,9.21954,9.21954,9.21954,8.60233,8.60233,8.06226,8.06226,7.2111,8.06226,6.7082,6.7082,6.7082,6.32456,5.38516,5.38516,5.38516,5.09902,4.12311,5.09902,4.12311,65.80274,65.73431,65.11528,61.0,66.09841,61.39218,57.70615,58.85576,54.58938,56.7186,54.33231,52.08647,55.03635,50.24938,52.03845,50.03998,53.0,47.04253,49.09175,45.01111,53.23533,47.26521,47.85394,46.38965,48.25971,48.50773,50.80354,49.0306,49.36598,51.1957,50.01,53.60037,47.38143,49.72927,48.83646,47.16991,46.04346,47.16991,51.08816,46.01087,44.04543,48.16638,44.18144,44.72136,42.10701,36.87818,40.02499,36.13862,33.73426,33.37664,31.62278,28.79236,27.313,26.92582,25.07987,25.23886,25.0,41.4367,41.48494,41.7732,43.17407,40.4475,45.01111,41.10961,45.04442,49.09175,47.09565,48.09366,52.23983,53.23533,50.48762,53.60037,55.10898,59.84146,52.88667,57.28001,57.58472,54.81788,58.18935,55.02727,57.58472,56.36488,55.36244,55.54278,59.23681,53.31041,55.15433,51.47815,53.7122,53.48832,50.69517,55.36244,55.36244,53.75872,53.60037,55.08176,57.27128,57.48913,59.03389,56.88585,59.03389,61.66036,63.63961,62.96825,62.80127,63.78871,63.50591,65.62012,65.19202,69.05071,65.73431,69.05071,69.05071,66.37017
12.0,12.04159,11.04536,11.0,11.0,11.0,11.04536,11.04536,10.04988,10.04988,10.04988,10.19804,10.04988,9.05539,9.05539,10.19804,9.21954,9.21954,9.21954,9.48683,9.48683,9.48683,9.48683,9.48683,9.48683,9.48683,9.48683,9.48683,9.48683,10.44031,9.21954,9.21954,9.21954,9.21954,10.19804,10.04988,9.05539,8.0,8.0,8.0,8.0,8.06226,7.07107,7.07107,7.07107,6.08276,6.08276,6.32456,6.32456,5.38516,5.38516,5.38516,64.81512,64.66065,65.45991,61.85467,63.00794,58.60034,58.24946,58.89822,53.82379,52.43091,52.43091,53.33854,51.97115,51.0,53.23533,49.64877,47.41308,48.33218,46.09772,46.06517,49.0408,50.32892,43.01163,50.0,46.61545,48.70318,47.43416,45.22168,50.0,50.21952,50.28916,51.62364,44.94441,44.01136,50.28916,47.85394,49.24429,47.92703,48.33218,43.909,46.52956,42.72002,40.0,39.66106,39.05125,39.20459,35.0,33.30165,31.1127,28.28427,29.73214,27.65863,27.01851,25.05993,23.85372,22.82542,26.92582,39.01282,39.11521,40.31129,40.60788,42.57934,40.5216,41.0,43.68066,49.0408,44.38468,49.76947,49.98,55.9017,53.7122,51.31277,53.82379,52.47857,53.2635,54.20332,55.44367,55.31727,53.07542,55.97321,56.58622,53.74012,57.48913,55.17246,54.48853,53.03772,50.20956,51.62364,50.91169,51.73973,52.63079,57.31492,53.07542,53.60037,57.80138,55.0,58.83026,55.31727,57.45433,57.2014,59.16925,60.0,61.03278,61.85467,62.68174,62.68174,61.03278,65.74192,60.90156,70.45566,65.73431,68.8186,68.26419,73.06162
12.04159,10.63015,11.31371,10.63015,10.63015,9.89949,10.63015,10.63015,10.0,10.0,10.63015,10.0,9.43398,9.43398,8.60233,10.29563,8.94427,8.94427,8.544,8.94427,8.94427,8.544,8.94427,9.48683,9.84886,9.84886,9.84886,9.48683,9.48683,9.84886,8.94427,9.84886,9.84886,8.94427,9.43398,9.43398,8.60233,8.60233,7.81025,7.2111,7.81025,7.07107,6.40312,6.40312,5.65685,5.65685,5.65685,5.65685,5.0,5.0,5.0,4.47214,66.28725,69.2315,62.96825,66.70832,65.30697,57.55867,59.22837,58.54912,55.57877,55.3263,53.23533,55.14526,57.14018,49.0102,52.15362,50.08992,54.14795,51.15662,49.0408,51.0,52.15362,48.83646,46.87217,47.67599,45.70558,51.47815,48.05206,47.43416,49.24429,52.17279,46.87217,46.69047,50.21952,47.85394,50.9902,46.38965,46.69047,49.09175,46.09772,49.0408,46.0,46.01087,44.0,41.04875,42.0119,41.59327,38.32754,35.17101,34.23449,34.78505,30.67572,29.73214,26.68333,26.0,26.57066,28.6531,21.09502,37.94733,38.27532,39.81206,40.31129,43.73786,43.10452,41.01219,48.09366,46.01087,46.01087,51.0392,53.33854,54.14795,55.9017,53.60037,56.51548,56.51548,58.5235,53.85165,55.65968,54.70832,58.18075,57.77543,57.93962,55.15433,57.38467,58.60034,52.20153,52.80152,55.9017,54.78138,54.42426,56.30275,53.14132,57.87055,55.97321,54.12024,57.28001,56.61272,58.69412,56.29387,59.03389,56.08921,63.50591,58.21512,62.514,60.82763,61.29437,63.50591,70.85901,62.39391,68.46897,66.37017,66.4906,67.60178,66.91039,69.58448
11.40175,10.0,10.0,10.63015,10.0,10.0,9.43398,9.43398,9.43398,9.43398,9.43398,8.94427,8.94427,8.94427,8.94427,8.544,8.544,8.544,8.544,8.544,8.544,8.544,8.544,8.24621,8.544,8.24621,8.24621,8.544,8.544,9.21954,8.544,8.544,8.94427,7.61577,8.544,7.61577,8.06226,7.2111,7.2111,6.40312,6.40312,6.40312,6.40312,5.65685,5.65685,5.0,5.0,5.0,5.0,3.60555,3.60555,3.60555,69.12308,66.94027,58.94065,63.89053,61.98387,57.87055,63.90618,59.77458,56.32051,55.7853,55.71355,55.97321,54.23099,54.23099,53.31041,50.08992,54.12947,54.56189,51.62364,49.92995,47.50789,47.70744,50.80354,47.70744,47.70744,53.41348,46.2277,51.40039,51.40039,52.49762,49.0408,51.61395,52.69725,49.40648,45.22168,49.64877,49.92995,47.16991,49.1935,46.64762,46.06517,44.77723,44.59821,47.16991,44.27189,39.39543,36.68787,37.64306,32.24903,33.73426,31.7805,30.41381,27.16616,29.01724,25.01999,29.0,22.09072,39.62323,38.28838,38.94868,39.82462,42.43819,43.04649,45.48626,44.77723,45.17743,46.51881,48.33218,48.10405,52.0,58.18075,54.81788,53.16014,54.12024,57.07013,55.9017,56.08921,58.21512,58.21512,54.33231,59.21149,54.14795,53.46027,54.03702,55.57877,57.07889,54.33231,51.24451,55.22681,53.15073,56.0357,57.55867,55.57877,52.61179,57.00877,57.00877,57.72348,58.24946,61.03278,59.90826,61.84658,56.61272,58.18075,61.98387,58.87274,63.90618,62.93648,64.19502,65.79514,66.7308,63.89053,67.72001,69.64194,69.92138
12.64911,11.40175,11.40175,11.7047,11.40175,10.44031,11.18034,10.19804,10.19804,10.19804,10.19804,10.19804,10.19804,10.19804,9.05539,10.0,10.0,10.0,9.0,10.0,9.0,9.0,10.0,10.0,10.0,10.0,10.04988,10.0,9.0,10.0,9.0,10.0,9.0,9.05539,9.05539,9.05539,9.21954,8.24621,8.24621,8.24621,8.24621,7.28011,7.61577,7.28011,6.32456,6.32456,6.7082,5.83095,5.83095,5.83095,5.83095,5.0,59.40539,67.80118,64.2028,60.21628,65.21503,57.42822,60.80296,60.30755,55.80323,51.0392,53.0,53.53504,54.3783,50.24938,50.77401,45.18849,49.64877,48.30114,47.53946,50.92151,50.0,45.54119,46.17359,48.08326,47.75982,43.68066,49.47727,47.29693,46.57252,49.0306,47.80167,49.0408,47.80167,44.91102,48.08326,44.27189,48.76474,52.20153,48.33218,47.16991,48.46648,47.42362,46.87217,41.18252,38.60052,40.22437,35.8469,37.64306,30.41381,29.73214,33.6006,22.02272,30.61046,28.42534,26.62705,24.69818,22.82542,41.4367,35.90265,39.56008,41.78516,42.15448,38.27532,44.77723,43.38202,45.61798,49.24429,48.54894,53.60037,53.53504,53.60037,50.60632,53.90733,55.31727,58.69412,53.15073,53.07542,54.45181,57.38467,58.79626,57.80138,54.40588,54.81788,53.60037,54.03702,56.22277,55.31727,55.31727,56.22277,53.07542,53.07542,56.58622,53.07542,57.31492,58.13777,58.72819,55.97321,59.03389,58.89822,60.0,64.40497,57.62812,65.80274,63.51378,61.58734,67.20119,68.00735,65.21503,65.73431,67.80118,68.00735,71.28113,75.0,70.0928
10.81665,10.0,10.0,10.81665,10.0,8.60233,9.21954,9.21954,9.21954,9.21954,8.48528,8.48528,8.48528,8.48528,8.48528,8.60233,8.60233,7.81025,8.60233,7.81025,7.81025,8.60233,7.81025,8.60233,8.60233,8.60233,8.60233,8.60233,8.60233,8.60233,7.81025,7.81025,8.48528,8.48528,8.48528,7.81025,7.81025,7.2111,7.2111,7.2111,5.83095,5.83095,5.83095,5.38516,5.38516,4.47214,4.47214,5.38516,4.12311,4.12311,4.0,4.0,69.26038,66.91039,66.18912,64.03124,64.38167,57.31492,60.40695,61.07373,54.03702,54.03702,53.00943,52.0,54.33231,53.03772,49.0102,50.24938,55.08176,49.25444,47.26521,49.81967,52.17279,49.81967,49.24429,52.88667,48.50773,48.76474,48.27007,48.38388,50.96077,50.01,49.0408,53.36666,49.72927,52.63079,49.72927,49.81967,48.76474,52.39275,54.58938,46.32494,45.09989,46.01087,47.09565,46.01087,41.04875,40.0,37.12142,38.47077,35.51056,31.40064,31.257,29.42788,27.45906,25.29822,24.35159,25.07987,25.07987,41.59327,42.54409,37.94733,40.80441,40.5216,43.17407,40.79216,44.40721,48.05206,49.16299,51.0098,47.0,51.0,54.33231,55.14526,49.25444,53.75872,54.12947,54.74486,53.16014,57.07013,57.07013,55.36244,56.921,56.61272,54.42426,53.75872,54.08327,51.92302,54.12024,49.0408,54.40588,54.12947,51.97115,55.10898,53.93515,52.46904,53.75872,55.7315,60.13319,60.20797,59.13544,57.07889,61.13101,57.31492,58.0,59.13544,64.00781,66.0,64.28063,67.18631,71.11259,68.26419,62.00806,72.11103,75.16648,66.0303
12.64911,12.36932,11.40175,11.7047,11.40175,11.40175,11.40175,10.19804,10.19804,10.19804,10.19804,10.19804,10.19804,10.19804,10.04988,10.04988,10.04988,10.0,10.0,9.0,9.0,9.0,10.0,9.0,10.0,10.04988,10.0,10.0,10.0,10.0,9.05539,10.04988,9.05539,9.05539,9.05539,9.05539,9.21954,8.24621,8.24621,8.24621,7.61577,8.544,7.61577,7.61577,6.7082,6.7082,6.7082,5.83095,5.83095,5.83095,5.0,5.0,68.02941,64.51356,67.08204,64.4748,68.8767,61.7414,57.77543,57.27128,53.66563,54.3783,52.15362,52.20153,58.00862,53.0,47.01064,52.20153,53.41348,51.86521,52.40229,48.27007,52.34501,49.51767,48.83646,46.66905,47.38143,50.93133,49.57822,45.25483,48.79549,52.49762,50.20956,49.0408,48.9183,50.32892,48.9183,51.73973,49.57822,46.69047,48.16638,48.16638,44.82187,45.80393,43.41659,41.34005,41.59327,39.44617,36.67424,35.77709,31.30495,29.54657,32.89377,27.51363,28.4605,22.80351,25.4951,24.0,26.01922,40.60788,36.79674,41.01219,40.31129,39.05125,42.0119,40.22437,43.60046,49.09175,47.01064,46.95743,49.64877,54.12947,57.77543,52.92447,54.12024,57.58472,55.36244,55.02727,55.54278,51.66237,59.43904,55.57877,51.97115,56.88585,57.07013,57.31492,59.4138,54.74486,55.10898,52.7731,54.34151,55.10898,55.31727,59.20304,58.5235,53.45091,56.04463,58.82176,57.93962,62.39391,60.92618,60.41523,62.16912,63.06346,62.6099,61.29437,62.26556,64.41273,64.88451,62.39391,67.97794,68.15424,69.35416,72.94518,68.8767,72.47068
12.20656,11.6619,11.6619,12.20656,11.6619,10.81665,10.81665,10.81665,10.29563,10.29563,11.18034,10.77033,10.29563,9.84886,9.84886,10.77033,9.48683,9.48683,9.48683,9.84886,9.84886,9.48683,9.48683,10.44031,10.44031,10.44031,10.44031,10.44031,10.44031,10.44031,9.84886,9.84886,9.84886,9.84886,9.84886,9.84886,8.94427,9.43398,8.60233,8.60233,8.60233,7.2111,7.81025,7.07107,7.07107,7.07107,6.40312,6.40312,6.40312,5.65685,5.0,5.0,67.68309,71.8401,63.60031,60.08328,65.0,60.87693,57.87055,58.69412,58.94065,52.55473,51.62364,53.14132,52.55473,55.36244,47.43416,50.11986,55.00909,51.42956,45.18849,50.77401,49.20366,51.31277,45.60702,50.0,51.0,52.15362,47.70744,47.01064,49.81967,47.20169,48.16638,48.60041,49.39636,47.43416,48.37355,46.32494,44.77723,46.64762,46.95743,45.17743,46.09772,44.01136,44.94441,43.65776,40.02499,36.05551,36.87818,35.90265,31.7805,30.80584,31.57531,27.45906,27.29469,27.07397,29.01724,26.07681,24.18677,39.62323,41.23106,38.58756,40.80441,44.94441,42.05948,42.48529,46.52956,48.33218,44.94441,48.33218,51.26402,51.86521,52.39275,53.75872,55.9017,56.75385,57.07013,52.39275,53.60037,57.07889,60.29925,59.4138,58.07753,56.0357,56.0357,58.13777,57.00877,57.00877,59.21149,51.0098,57.14018,55.00909,52.34501,54.58938,54.33231,55.3263,53.60037,58.69412,56.88585,57.27128,57.00877,60.87693,62.58594,58.46366,60.40695,60.74537,66.7308,66.40783,64.19502,65.52099,71.47027,69.92138,69.26038,70.21396,70.60453,69.64194
12.0,12.0,11.04536,11.0,11.04536,11.0,11.04536,11.04536,10.04988,10.04988,10.04988,10.19804,10.19804,9.21954,9.21954,10.44031,9.48683,9.21954,9.48683,9.48683,9.48683,9.48683,9.48683,9.48683,9.48683,9.84886,9.48683,9.48683,9.48683,9.48683,9.21954,9.48683,9.21954,9.21954,9.21954,9.05539,9.05539,8.06226,8.0,8.0,8.0,8.0,7.07107,7.07107,7.07107,6.08276,6.08276,5.09902,5.09902,5.09902,5.38516,5.38516,60.0,65.43699,62.482,58.13777,64.53681,58.60034,63.12686,59.03389,60.30755,55.31727,53.03772,53.8145,53.03772,52.40229,48.08326,53.00943,51.73973,44.68781,44.68781,54.03702,48.54894,49.40648,43.909,49.09175,46.87217,49.73932,53.23533,48.76474,48.25971,49.1935,48.76474,49.73932,49.39636,44.77723,50.60632,46.40043,48.8774,50.21952,47.50789,48.41487,50.24938,43.84062,45.45327,42.52058,37.80212,39.62323,37.20215,38.83298,32.20248,30.80584,29.41088,28.30194,28.63564,28.17801,25.55386,22.47221,22.80351,43.65776,37.16181,38.94868,41.04875,43.60046,39.82462,41.40048,45.80393,48.9183,49.51767,52.3259,50.9902,55.17246,49.20366,51.61395,58.00862,55.75841,58.5235,53.53504,56.0803,55.07268,57.70615,58.60034,57.27128,56.0803,53.66563,53.7122,54.626,55.9464,51.47815,56.79789,55.47071,55.9464,54.6443,57.98276,56.4358,55.22681,55.0,54.08327,61.40033,57.98276,60.60528,58.89822,63.12686,61.22091,58.69412,61.52235,65.06919,60.87693,67.62396,66.4003,68.68042,67.26812,71.21798,69.02898,66.85058,73.10951
12.0,11.0,11.04536,11.0,11.0,11.0,11.04536,10.04988,10.04988,10.04988,11.04536,10.04988,10.04988,9.05539,9.21954,10.44031,9.48683,9.48683,9.48683,9.48683,9.48683,9.48683,9.48683,9.48683,9.48683,9.84886,9.84886,9.84886,9.84886,9.84886,9.48683,9.48683,9.48683,9.48683,9.48683,9.21954,9.05539,8.06226,8.06226,8.0,8.0,7.0,7.0,7.0,7.0,6.0,6.08276,6.08276,6.08276,5.09902,5.38516,5.38516,68.96376,62.96825,64.88451,63.13478,59.94164,61.91123,56.60389,62.64982,52.7731,56.79789,57.38467,55.71355,53.14132,51.62364,52.92447,53.75872,51.86521,46.23851,50.0,46.09772,54.91812,47.80167,47.51842,49.25444,48.50773,48.16638,50.48762,46.87217,50.01,47.09565,46.52956,50.35871,46.38965,49.36598,47.38143,48.76474,49.0306,44.72136,48.50773,45.60702,44.64303,44.94441,42.15448,39.39543,36.76955,38.01316,36.23534,34.98571,35.51056,29.06888,29.15476,28.84441,25.80698,26.90725,23.34524,24.08319,24.08319,39.05125,36.87818,39.31921,43.93177,42.44997,42.37924,43.01163,45.60702,45.54119,47.42362,49.1935,51.10773,53.22593,51.42956,52.20153,52.15362,57.68882,55.9017,55.0,52.20153,53.41348,57.62812,50.9902,55.86591,56.58622,53.90733,54.48853,54.45181,55.86591,57.28001,49.49747,59.5483,55.31727,52.49762,54.56189,52.20153,53.82379,59.40539,55.80323,55.47071,56.0357,55.75841,61.58734,59.36329,62.43397,62.62587,63.95311,65.74192,62.16912,64.88451,67.74216,69.77105,66.37017,67.23095,67.95587,71.55418,67.54258
10.0,10.0,10.63015,10.0,10.0,9.21954,9.21954,8.48528,8.48528,8.48528,8.48528,8.48528,8.48528,8.48528,7.81025,8.60233,8.60233,7.2111,8.60233,8.60233,8.60233,8.06226,8.06226,8.06226,8.06226,8.06226,8.94427,8.06226,9.43398,8.06226,8.60233,8.60233,8.60233,7.81025,7.81025,7.81025,7.07107,7.81025,6.40312,6.40312,6.40312,6.40312,5.83095,5.0,5.0,4.47214,4.47214,4.47214,4.47214,4.12311,4.12311,4.12311,66.94027,61.84658,68.06614,65.51336,64.53681,60.20797,63.15061,64.13267,57.70615,55.44367,52.95281,55.44367,53.33854,54.45181,51.35173,47.09565,53.15073,51.0392,51.0098,49.09175,52.08647,52.15362,47.51842,50.15974,51.0392,49.49747,47.16991,52.61179,51.08816,49.81967,50.21952,52.17279,52.15362,52.46904,51.1957,49.0102,49.25444,52.08647,52.15362,46.04346,47.16991,42.57934,48.27007,46.87217,43.17407,38.47077,36.34556,38.63936,31.04835,33.52611,30.36445,26.92582,29.15476,28.6531,26.40076,23.76973,24.18677,36.05551,39.81206,40.79216,42.57934,39.20459,40.11234,44.10215,42.0119,48.25971,47.04253,51.47815,50.21952,53.46027,53.60037,57.00877,53.85165,55.97321,53.75872,55.36244,53.7122,53.31041,57.69749,54.626,54.626,57.24509,52.0,52.80152,55.00909,52.39275,52.92447,48.33218,55.47071,54.626,50.15974,54.626,55.02727,49.98,54.40588,63.24555,56.29387,57.87055,56.08921,57.72348,61.61169,58.94065,59.84146,61.61169,60.67125,60.67125,67.46851,69.63476,67.68309,65.25335,63.63961,67.46851,66.09841,73.5459
12.20656,11.40175,11.40175,11.40175,11.40175,10.0,10.63015,10.63015,10.0,9.89949,9.89949,9.89949,9.21954,9.21954,9.21954,9.21954,9.21954,9.21954,8.60233,8.60233,8.60233,8.60233,8.60233,8.60233,9.43398,9.43398,9.43398,9.43398,9.43398,9.21954,8.60233,8.60233,8.60233,9.21954,8.48528,8.48528,9.21954,8.48528,7.81025,7.81025,7.2111,7.2111,7.2111,6.7082,6.7082,5.38516,5.38516,5.38516,5.38516,5.38516,5.09902,5.09902,61.84658,67.44627,68.65858,65.73431,59.48109,62.58594,53.60037,61.98387,50.21952,57.27128,56.88585,54.58938,52.46904,52.03845,53.46027,52.00961,52.0,46.0,48.01042,48.01042,53.08484,49.0102,52.15362,44.28318,49.0102,45.17743,48.09366,50.48762,49.16299,51.35173,48.09366,52.23983,45.09989,48.25971,47.26521,48.0,48.25971,46.04346,47.04253,49.0408,46.38965,47.07441,43.56604,41.7732,38.83298,36.67424,41.76123,33.24154,35.73514,33.83785,31.38471,25.4951,24.16609,26.0,25.07987,22.80351,22.67157,38.01316,40.16217,36.24914,40.02499,40.31129,44.55334,41.4367,43.18565,44.18144,46.38965,48.01042,50.08992,53.08484,54.33231,54.45181,55.31727,59.5399,55.08176,56.29387,55.54278,54.57105,56.64804,56.46238,57.56735,57.00877,54.23099,56.36488,55.9464,54.12947,60.74537,50.15974,55.97321,54.23099,50.59644,53.16014,51.5461,53.16014,59.03389,55.97321,57.00877,61.61169,57.27128,62.58594,56.88585,59.84146,63.95311,59.68249,60.67125,62.80127,61.66036,63.34824,66.75328,71.02112,67.89698,71.19691,75.80237,67.08204
11.40175,11.40175,10.63015,11.40175,10.63015,10.63015,10.63015,9.89949,9.89949,9.89949,9.89949,9.21954,9.21954,9.21954,9.21954,10.0,9.43398,8.60233,9.43398,9.43398,9.43398,9.43398,9.43398,8.94427,9.43398,9.43398,9.43398,9.43398,9.43398,9.43398,9.43398,9.43398,9.43398,8.60233,9.21954,9.21954,8.48528,8.48528,7.81025,7.81025,7.2111,6.40312,6.40312,6.40312,5.83095,5.83095,5.83095,5.0,4.47214,4.47214,4.47214,4.12311,70.5195,65.80274,66.4906,64.7611,64.53681,60.44005,61.13101,60.63827,56.08921,56.51548,54.74486,54.81788,55.9017,48.25971,56.56854,51.08816,54.03702,50.0,54.14795,47.04253,50.01,50.01,46.09772,51.0392,47.26521,50.08992,50.24938,47.67599,53.15073,52.61179,54.45181,54.45181,51.47815,52.15362,51.47815,51.0392,48.09366,49.0408,51.0392,51.0,44.10215,46.09772,45.39824,42.42641,38.83298,40.1995,38.32754,34.78505,31.62278,33.83785,31.01612,25.63201,28.63564,28.23119,29.52965,27.78489,25.80698,40.16217,38.07887,40.02499,37.48333,42.19005,43.10452,43.01163,47.01064,49.0,48.09366,51.08816,50.80354,54.74486,51.62364,52.63079,55.7853,56.51548,57.24509,54.40588,55.54278,56.0803,59.5063,57.77543,54.12947,57.3062,60.00833,59.48109,56.35601,55.03635,57.27128,51.89412,53.66563,54.23099,53.22593,53.85165,54.78138,54.70832,53.85165,59.13544,57.56735,57.72348,54.91812,60.72891,62.16912,58.85576,66.09841,61.61169,64.13267,63.95311,63.15061,67.68309,70.21396,70.34202,64.53681,69.42622,69.857,66.75328
10.0,10.0,10.0,10.0,10.0,9.0,9.0,9.05539,9.0,9.05539,9.05539,9.05539,9.05539,9.21954,8.24621,8.24621,8.24621,8.24621,8.544,8.544,8.544,8.544,8.24621,8.544,8.544,8.544,8.544,8.544,8.544,8.544,8.544,8.544,8.544,8.24621,8.24621,8.06226,7.07107,7.07107,7.0,7.0,6.0,6.0,6.0,5.0,5.09902,5.09902,5.09902,5.09902,5.09902,4.12311,4.47214,3.60555,69.6563,65.76473,64.53681,64.03124,67.26812,57.38467,61.03278,58.89822,53.90733,50.0,53.60037,53.53504,51.86521,51.61395,49.09175,51.10773,51.47815,51.88449,49.64877,50.56679,52.55473,48.75449,48.70318,47.16991,46.23851,48.70318,50.15974,49.0408,47.43416,47.75982,49.98,49.98,51.5461,47.12749,50.15974,49.65884,47.92703,46.09772,45.79301,50.53712,42.19005,41.04875,42.63801,44.10215,42.0119,38.83298,34.20526,36.40055,31.14482,29.69848,26.1725,25.45584,28.28427,29.20616,30.0,21.40093,21.47091,38.63936,39.05125,40.80441,39.21734,43.08132,41.18252,42.48529,43.86342,47.01064,47.01064,46.32494,50.60632,50.47772,53.82379,54.20332,51.62364,57.31492,53.8145,55.15433,53.90733,57.62812,56.0803,55.44367,51.85557,53.2635,54.67175,55.21775,56.40035,51.22499,56.85068,52.00961,54.48853,52.80152,52.00961,53.8145,52.34501,54.45181,53.75872,53.8145,60.20797,57.38467,55.31727,56.85068,61.40033,57.31492,61.29437,59.81639,60.80296,66.4003,65.43699,62.80127,69.40461,68.24954,64.53681,68.0147,70.0,67.62396
12.64911,12.08305,12.08305,11.7047,11.18034,10.77033,11.18034,11.18034,11.18034,10.29563,10.29563,10.29563,9.43398,9.43398,9.43398,10.81665,10.0,10.0,9.21954,9.21954,9.21954,9.21954,10.0,9.21954,9.21954,9.89949,9.89949,9.21954,9.21954,10.63015,10.0,10.0,10.0,9.21954,9.43398,9.43398,8.94427,8.94427,8.94427,7.61577,7.61577,7.28011,7.28011,7.28011,7.28011,6.08276,6.08276,6.08276,6.08276,5.0,6.0,5.0,64.07808,65.19202,59.48109,62.96825,63.56886,57.93962,58.82176,53.75872,58.5235,49.33559,52.39275,55.08176,54.91812,50.48762,54.81788,47.67599,50.48762,48.6621,47.85394,50.24938,45.01111,48.16638,50.03998,45.09989,49.16299,46.09772,51.0098,49.0,47.09565,49.25444,47.0,48.01042,49.09175,46.04346,54.00926,44.01136,49.0102,45.39824,45.70558,44.28318,44.72136,44.38468,40.02499,42.2019,36.67424,39.84972,34.9285,39.56008,34.0147,33.54102,25.94224,29.52965,24.59675,26.62705,23.02173,23.85372,22.67157,38.07887,39.31921,39.11521,37.21559,47.04253,44.28318,44.10215,45.27693,45.27693,48.09366,52.17279,50.63596,51.41984,52.88667,53.14132,55.71355,54.70832,55.00909,54.626,55.00909,56.82429,56.82429,59.68249,57.3062,56.4358,57.3062,49.39636,56.82429,56.4358,51.47815,54.08327,55.22681,58.30952,53.66563,55.9464,55.00909,58.69412,59.09315,57.24509,58.18935,50.69517,60.72891,61.46544,64.51356,59.46427,64.62198,63.89053,64.28841,64.19502,66.21933,64.84597,67.72001,65.78754,68.62215,71.86793,67.6757,66.76077
10.63015,10.63015,10.63015,11.40175,10.63015,9.21954,9.89949,9.89949,9.21954,9.89949,8.48528,9.21954,9.21954,9.21954,9.21954,8.60233,8.06226,8.60233,8.60233,8.60233,8.60233,9.43398,8.06226,8.94427,9.43398,8.94427,8.94427,9.43398,9.43398,8.94427,8.60233,9.43398,8.60233,8.60233,8.60233,7.81025,7.81025,7.81025,7.81025,7.07107,6.40312,6.40312,6.40312,5.0,5.0,5.0,4.47214,4.47214,4.47214,4.47214,4.12311,4.12311,69.63476,64.19502,71.56815,66.48308,56.4358,63.50591,58.30952,64.28063,52.15362,56.0357,55.03635,49.16299,53.03772,52.15362,50.01,48.37355,53.60037,50.35871,50.48762,45.54119,51.1957,46.87217,49.24429,54.34151,49.24429,49.72927,46.32494,49.33559,48.08326,46.23851,49.33559,52.20153,47.80167,54.12024,47.12749,50.21952,49.33559,49.47727,48.83646,45.89118,42.42641,45.04442,43.0,44.01136,45.04442,41.0,38.11824,36.22154,31.257,28.28427,27.65863,29.61419,27.45906,22.80351,25.0,22.47221,22.84732,36.40055,39.92493,38.32754,42.75512,37.85499,41.30375,40.4475,43.41659,46.52956,44.04543,48.0,51.0098,51.0098,53.33854,59.3043,51.62364,59.5399,52.7731,57.00877,55.7853,58.24088,55.97321,55.36244,56.61272,56.0803,56.04463,55.36244,58.18935,53.75872,59.80803,49.0408,56.32051,53.75872,51.24451,58.46366,52.17279,52.46904,55.31727,56.08921,62.96825,59.03389,54.58938,63.78871,58.30952,59.03389,61.0082,61.20457,61.13101,67.1193,63.12686,65.12296,64.38167,70.71068,61.0082,69.26038,72.11103,73.17103
12.04159,12.04159,12.04159,11.04536,11.04536,11.04536,11.0,11.0,11.0,10.0,11.0,11.0,10.0,10.0,10.0,10.04988,9.05539,10.04988,9.05539,9.05539,10.04988,9.05539,10.04988,9.21954,9.21954,10.19804,10.19804,10.19804,10.04988,10.19804,9.05539,10.04988,10.04988,9.0,10.0,10.0,9.0,9.05539,8.06226,8.06226,8.06226,8.06226,7.28011,7.28011,7.28011,6.32456,6.32456,6.32456,5.38516,5.38516,5.83095,5.83095,62.62587,66.06815,62.62587,61.61169,60.21628,57.00877,57.42822,59.81639,57.2014,51.86521,50.47772,50.24938,55.9017,51.61395,50.24938,51.62364,48.37355,47.85394,48.76474,46.8188,49.33559,49.64877,47.01064,47.43416,43.08132,48.08326,47.43416,48.50773,47.12749,49.47727,44.27189,46.57252,44.38468,48.08326,51.41984,46.8188,47.43416,47.53946,44.77723,45.18849,46.09772,43.04649,43.909,39.66106,37.44329,37.80212,35.80503,35.60899,30.61046,30.4795,26.90725,30.41381,28.01785,24.83948,24.83948,23.43075,18.86796,40.60788,38.07887,39.56008,40.8534,43.08132,41.14608,43.08132,45.17743,47.92703,47.50789,48.54894,51.31277,50.77401,51.85557,50.21952,54.81788,57.48913,57.28001,51.62364,55.97321,54.56189,60.10824,55.0,56.22277,55.0,57.31492,55.0,53.90733,54.67175,55.60576,54.56189,53.07542,53.2635,53.15073,55.9017,55.17246,57.28001,55.17246,55.17246,57.38467,57.48913,61.7171,60.0,63.60031,55.0,62.28965,63.24555,62.1289,60.60528,63.60031,65.45991,68.41053,68.7968,67.95587,68.41053,65.43699,68.41053
11.40175,10.81665,10.0,10.63015,10.0,9.43398,9.43398,9.43398,9.43398,8.94427,8.94427,8.94427,8.94427,8.94427,8.94427,8.544,8.544,8.544,8.544,8.544,8.544,8.544,8.24621,8.24621,9.48683,9.21954,9.21954,9.48683,9.21954,9.21954,8.544,8.544,8.544,8.544,8.544,8.06226,8.06226,7.2111,7.2111,7.2111,7.2111,6.40312,6.40312,6.40312,5.65685,5.0,5.0,5.0,4.24264,3.60555,3.60555,3.60555,67.91171,63.50591,60.20797,62.58594,61.61169,60.63827,52.61179,62.36986,58.5235,56.32051,53.45091,52.92447,53.48832,50.32892,49.72927,50.69517,51.5461,52.92447,48.33218,46.51881,51.47815,52.39275,48.37355,50.77401,49.39636,47.70744,47.50789,46.87217,50.24938,45.48626,51.97115,50.24938,48.37355,48.76474,45.22168,50.53712,50.11986,48.8774,43.82921,45.18849,43.46263,41.78516,46.17359,47.29693,40.5216,36.40055,36.34556,35.51056,33.54102,27.29469,31.40064,25.31798,30.14963,27.07397,26.1725,26.1725,27.01851,39.59798,40.31129,36.87818,39.40812,42.43819,41.04875,41.59327,42.19005,46.95743,46.51881,44.59821,48.46648,55.97321,52.39275,56.51548,51.1957,61.66036,56.08921,56.88585,53.60037,52.61179,60.13319,52.23983,60.0,57.00877,58.00862,55.03635,57.00877,55.00909,56.0,55.03635,55.08176,54.00926,53.23533,54.58938,53.75872,48.6621,52.7731,55.9017,56.7186,58.24946,57.07013,58.46366,61.39218,54.81788,57.00877,60.87693,64.51356,64.19502,63.56099,61.40033,65.52099,67.26812,64.03124,69.05071,72.18033,71.8401
10.77033,9.84886,11.18034,11.18034,10.29563,8.94427,8.94427,8.94427,8.94427,9.43398,8.94427,8.60233,9.43398,8.60233,8.60233,8.60233,7.81025,7.81025,8.48528,8.48528,9.21954,9.21954,8.48528,8.48528,9.21954,8.48528,8.48528,9.21954,9.21954,8.48528,8.60233,9.21954,8.60233,8.60233,8.06226,8.06226,8.06226,7.61577,7.61577,7.61577,6.32456,6.32456,6.32456,5.38516,5.09902,5.09902,5.09902,5.09902,5.0,5.0,4.0,4.12311,68.94926,66.48308,68.35203,57.56735,57.87055,61.84658,59.48109,58.5235,56.32051,57.87055,53.60037,50.01,49.72927,52.17279,52.39275,52.17279,53.75872,48.25971,52.46904,46.38965,50.03998,48.04165,50.01,50.01,49.0408,49.0,48.04165,50.01,52.00961,49.16299,48.01042,50.01,48.25971,55.00909,45.01111,52.23983,52.15362,52.03845,50.15974,49.36598,44.55334,44.91102,43.41659,43.41659,40.8534,35.8469,36.76955,36.76955,32.69557,28.17801,27.85678,28.23119,29.15476,26.83282,26.92582,23.85372,20.51828,38.07887,38.47077,34.1321,43.18565,40.0125,43.0,41.0,43.04649,45.70558,46.38965,51.47815,50.44799,52.17279,56.32051,52.49762,56.0803,57.87055,52.39275,55.71355,57.38467,55.9464,56.82429,57.3062,55.9464,57.98276,53.53504,56.61272,55.56978,54.3783,58.59181,53.7122,56.4358,53.33854,55.4617,57.27128,52.3259,48.33218,59.5063,52.20153,57.56735,58.5235,53.48832,59.61543,59.48109,57.24509,63.15061,60.72891,57.56735,62.8172,62.0967,70.21396,61.35145,63.90618,61.68468,70.60453,72.44998,69.64194
11.40175,11.40175,10.63015,10.63015,10.63015,10.0,10.0,9.89949,10.63015,9.21954,9.89949,9.89949,9.21954,9.21954,9.21954,9.21954,9.21954,9.21954,8.60233,8.60233,8.60233,9.43398,9.21954,9.43398,9.43398,9.43398,9.43398,9.43398,9.43398,10.0,8.60233,8.60233,9.21954,8.60233,9.21954,8.48528,8.48528,7.81025,7.81025,7.07107,7.2111,7.2111,6.40312,5.83095,5.83095,5.38516,5.38516,4.47214,4.47214,4.47214,4.12311,4.12311,63.06346,68.41053,61.0,60.41523,67.46851,62.0967,60.20797,57.48913,58.0517,50.01,53.93515,54.33231,54.58938,48.25971,51.47815,50.0,52.03845,51.0,49.0,50.01,48.01042,49.0102,45.39824,47.38143,47.16991,49.0102,49.49747,48.6621,48.25971,50.63596,49.0102,45.17743,48.37355,46.27094,52.61179,45.01111,44.10215,49.09175,46.01087,48.09366,46.09772,44.72136,43.56604,42.19005,41.97618,41.23106,33.95585,39.05125,32.69557,31.04835,29.12044,26.92582,27.313,22.47221,22.82542,24.20744,23.85372,41.62932,40.16217,41.48494,40.79216,45.60702,42.2019,43.56604,45.70558,47.16991,49.16299,45.04442,53.03772,54.03702,58.07753,55.44367,56.7186,53.75872,54.91812,50.63596,54.12947,51.66237,59.13544,58.5235,56.30275,58.18935,57.28001,53.85165,55.54278,54.78138,54.70832,53.85165,50.59644,51.5461,52.81098,57.56735,58.24088,50.9902,56.04463,54.34151,56.29387,55.31727,55.7315,58.24946,62.80127,57.07013,60.29925,62.514,61.13101,67.36468,66.91039,64.32729,72.00694,71.70077,66.4906,67.26812,68.73136,68.73136
10.77033,10.77033,9.84886,9.84886,9.84886,9.84886,9.48683,9.48683,9.48683,8.544,9.21954,9.21954,8.24621,9.21954,8.24621,9.05539,9.05539,8.06226,8.06226,8.06226,8.06226,9.05539,8.06226,8.0,9.0,9.0,9.0,9.05539,9.05539,9.05539,8.06226,8.06226,8.24621,8.24621,8.24621,8.24621,8.24621,7.28011,7.28011,7.61577,6.32456,6.7082,5.83095,5.38516,5.38516,4.47214,5.0,5.0,3.60555,3.60555,4.24264,3.60555,67.18631,68.88396,62.80127,59.07622,62.36986,59.4138,60.20797,64.7611,57.21888,52.63079,54.34151,53.60037,56.75385,53.45091,50.96077,51.07837,56.46238,52.92447,50.59644,46.52956,51.42956,49.65884,47.88528,47.42362,52.7731,51.89412,49.92995,51.31277,51.10773,53.25411,51.62364,49.09175,50.11986,48.8774,47.01064,48.30114,45.69464,48.8467,47.16991,49.64877,47.92703,44.94441,42.95346,44.92215,42.72002,40.02499,33.73426,36.12478,34.1321,30.41381,31.257,30.0,29.01724,26.30589,27.29469,27.0,24.33105,39.69887,37.80212,42.43819,43.26662,41.62932,41.62932,43.65776,47.85394,49.39636,47.75982,48.38388,50.0,54.70832,53.85165,55.31727,53.93515,55.44367,55.14526,56.22277,56.00893,58.03447,57.21888,58.0,58.03447,61.07373,58.0,57.0,56.0803,52.15362,57.03508,52.00961,55.03635,55.14526,52.00961,54.00926,55.0,57.0,55.57877,57.31492,59.84146,60.67125,57.70615,58.85576,65.9242,58.0517,60.29925,62.16912,60.63827,61.81424,67.18631,61.13101,63.60031,69.2315,67.26812,68.65858,69.42622,69.58448
12.0,12.0,11.04536,11.0,11.0,11.04536,11.04536,10.04988,11.04536,10.04988,10.04988,10.19804,10.19804,9.21954,9.21954,10.44031,9.48683,9.48683,9.48683,9.48683,9.48683,9.48683,9.48683,9.48683,9.48683,9.84886,9.84886,9.48683,9.48683,9.48683,9.48683,9.21954,9.21954,9.21954,10.19804,9.21954,9.05539,8.0,8.0,8.0,8.0,8.0,7.0,7.0,7.07107,6.08276,6.08276,6.08276,6.32456,5.09902,5.38516,5.38516,64.2028,65.05382,63.78087,62.62587,61.84658,60.0,56.40035,58.0517,52.20153,56.58622,52.00961,54.3783,51.31277,47.50789,50.77401,50.53712,51.97115,48.76474,46.14109,44.29447,49.76947,49.0408,49.24429,45.31004,45.88028,46.06517,46.8188,46.84015,49.39636,52.20153,49.0408,51.24451,44.01136,51.24451,47.16991,49.24429,46.09772,44.77723,45.18849,43.82921,44.77723,43.56604,39.40812,42.52058,37.48333,39.82462,38.41875,34.82815,35.60899,33.24154,29.69848,31.14482,26.90725,24.41311,25.4951,25.0,22.47221,39.31921,38.07887,40.79216,39.56008,47.12749,43.9659,41.14608,45.69464,46.52956,47.50789,46.40043,50.47772,54.91812,55.47071,57.62812,54.48853,58.25805,55.17246,60.1415,56.56854,57.28001,60.30755,56.22277,56.22277,55.80323,53.2635,53.60037,58.00862,54.81788,55.9017,51.73973,55.0,54.81788,57.31492,57.48913,55.86591,53.74012,57.38467,57.31492,57.28001,55.86591,60.44005,60.1415,57.62812,60.1415,62.42596,63.41136,62.1289,64.2028,64.53681,64.2028,64.2028,71.06335,67.26812,69.42622,72.8011,67.26812
10.81665,10.81665,10.81665,10.81665,10.29563,9.43398,9.43398,9.43398,9.43398,9.21954,9.21954,9.21954,9.21954,9.21954,9.21954,8.48528,8.48528,7.81025,8.48528,8.48528,8.48528,9.21954,8.48528,8.60233,9.21954,8.60233,8.60233,9.21954,9.21954,8.60233,8.48528,8.48528,9.21954,7.81025,7.81025,7.81025,7.81025,8.06226,7.2111,7.2111,6.7082,6.7082,6.7082,5.38516,5.38516,5.38516,5.09902,5.09902,5.09902,4.12311,4.12311,4.0,65.25335,68.00735,66.21933,63.60031,58.94065,62.36185,60.20797,61.13101,51.97115,52.95281,48.50773,48.6621,55.9017,49.49747,48.25971,50.03998,52.0,54.14795,50.0,49.0408,50.08992,51.08816,48.16638,51.15662,49.0408,51.0098,46.09772,49.81967,52.46904,50.48762,49.09175,53.15073,47.09565,54.14795,47.09565,51.0,48.01042,53.03772,49.36598,48.09366,46.09772,41.10961,44.38468,43.56604,47.07441,38.62642,33.61547,40.49691,34.78505,28.17801,31.76476,26.40076,28.30194,26.40076,25.05993,25.07987,26.07681,39.0,41.4367,37.0,45.54119,41.23106,43.41659,42.29657,43.01163,50.08992,43.01163,50.03998,52.08647,53.03772,55.14526,57.31492,50.21952,59.22837,54.57105,57.72348,54.08327,57.58472,61.98387,52.55473,57.93962,57.38467,54.08327,57.38467,60.53924,50.9902,58.87274,54.626,54.78138,56.46238,50.92151,55.36244,58.5235,51.86521,52.88667,55.36244,58.94065,62.8172,53.85165,57.72348,61.98387,55.57877,58.30952,60.82763,62.39391,70.5762,68.88396,61.81424,65.62012,70.0928,58.69412,71.58911,75.18643,69.37579
12.08305,12.52996,11.18034,12.08305,11.18034,11.18034,10.29563,10.29563,10.29563,10.29563,10.81665,10.0,10.0,10.0,10.0,9.89949,10.63015,9.21954,9.89949,9.89949,10.0,9.89949,9.21954,9.89949,10.63015,9.89949,9.89949,9.89949,10.63015,9.89949,10.63015,10.0,10.0,10.0,9.43398,9.43398,9.43398,8.94427,8.06226,8.94427,7.61577,7.61577,7.61577,6.7082,6.32456,6.32456,6.32456,6.08276,5.09902,5.09902,5.09902,5.09902,67.41662,63.50591,69.857,59.03389,57.38467,58.30952,56.46238,57.38467,51.26402,49.98,50.92151,51.5461,50.96077,50.0,47.75982,48.27007,49.81967,47.67599,50.48762,46.52956,51.47815,45.17743,51.35173,47.01064,47.38143,48.16638,43.04649,50.01,50.0,45.09989,44.10215,49.09175,47.09565,50.01,45.04442,51.47815,45.17743,46.27094,51.47815,44.14748,40.02499,40.49691,41.48494,41.23106,41.4367,34.53983,37.58989,32.64966,33.54102,28.01785,31.38471,26.07681,30.23243,23.60085,24.08319,20.51828,22.67157,41.19466,36.05551,44.04543,45.39824,44.40721,41.59327,45.09989,47.38143,50.0,46.87217,48.08326,51.86521,56.61272,55.15433,55.54278,52.92447,57.27128,49.64877,59.05929,55.07268,56.0803,62.26556,57.98276,56.85068,57.80138,55.80323,53.60037,58.41233,55.0,59.90826,53.82379,57.2014,57.42822,54.70832,53.53504,64.00781,52.7731,54.70832,56.82429,60.53924,59.5063,57.00877,61.32699,61.26989,61.84658,59.48109,58.5235,59.46427,63.89053,67.6757,63.90618,66.48308,73.1642,64.4748,70.2282,72.11103,68.15424
10.04988,10.04988,11.0,10.0,10.0,9.05539,9.0,9.0,9.0,9.0,9.0,8.06226,9.05539,9.05539,8.06226,8.24621,8.06226,8.06226,8.24621,8.24621,8.24621,8.24621,8.24621,8.544,8.544,8.24621,8.24621,8.544,8.24621,8.24621,8.24621,9.21954,8.06226,8.06226,8.06226,8.0,8.0,8.0,7.07107,7.07107,6.08276,6.08276,6.08276,5.09902,5.09902,5.38516,4.47214,5.38516,4.47214,4.47214,4.47214,3.60555,65.8559,71.58911,61.84658,61.6198,63.41136,57.48913,62.482,63.89053,60.60528,55.0,53.60037,52.43091,48.76474,52.69725,50.77401,48.54894,55.22681,51.88449,51.0,47.16991,52.39275,47.01064,51.86521,50.0,49.39636,50.32892,50.15974,53.45091,50.92151,49.64877,49.98,49.39636,54.40588,53.36666,47.16991,49.39636,49.76947,49.76947,51.88449,42.43819,45.27693,46.04346,46.04346,45.48626,39.40812,37.20215,36.23534,38.94868,32.55764,32.52691,31.14482,30.4795,26.90725,28.84441,27.80288,25.55386,19.41649,39.45884,42.44997,41.10961,40.31129,43.46263,38.07887,40.49691,43.04649,47.50789,49.40648,53.82379,48.41487,55.47071,53.90733,54.67175,58.89822,58.69412,58.89822,54.56189,55.44367,56.0803,56.22277,55.60576,57.42822,56.0357,57.42822,56.0803,56.30275,58.00862,56.0803,52.43091,56.40035,53.82379,51.85557,58.79626,56.22277,53.07542,55.9017,54.45181,56.72742,57.31492,61.07373,57.38467,63.89053,56.22277,62.24147,62.24147,61.84658,64.81512,64.44377,67.47592,67.62396,66.70832,69.2026,71.8401,73.59348,66.48308
11.0,11.0,10.0,10.0,10.0,10.0,10.04988,10.04988,9.05539,9.05539,9.05539,9.21954,9.05539,9.21954,9.21954,9.21954,9.48683,8.544,8.544,8.544,8.24621,8.544,9.48683,8.544,8.544,9.48683,9.48683,8.544,9.48683,9.48683,8.24621,9.48683,8.24621,8.24621,8.24621,8.06226,8.06226,8.06226,7.0,7.0,7.0,7.0,6.0,6.0,5.0,5.09902,5.09902,4.12311,4.12311,4.12311,4.12311,3.16228,61.07373,65.29931,61.07373,60.87693,62.36986,56.0803,58.69412,60.20797,60.20797,53.07542,54.56189,55.17246,53.15073,51.62364,50.24938,56.72742,51.22499,45.22168,49.0408,48.8774,51.0,49.64877,48.30114,48.37355,44.40721,48.54894,49.73932,52.7731,51.97115,50.15974,51.47815,48.30114,51.88449,52.35456,48.33218,48.01042,50.77401,47.01064,48.41487,46.40043,49.51767,44.55334,45.27693,42.44997,36.12478,38.8973,37.53665,36.05551,32.80244,32.20248,31.76476,33.12099,26.41969,26.92582,26.83282,23.76973,25.0,39.29377,36.40055,42.05948,39.81206,39.82462,42.19005,44.94441,43.56604,45.48626,49.40648,49.81967,52.63079,50.44799,55.97321,52.40229,55.31727,56.0803,57.2014,56.0803,56.61272,55.47071,58.5235,59.07622,60.20797,55.9464,54.70832,55.00909,53.33854,55.47071,56.60389,54.08327,53.53504,53.0,54.58938,51.86521,51.61395,56.61272,51.85557,59.40539,56.63921,56.22277,60.87693,58.13777,62.96825,57.38467,58.79626,63.89053,61.52235,62.2254,65.11528,62.93648,65.79514,62.93648,64.44377,66.48308,63.70243,75.16648
12.36932,11.40175,11.40175,11.18034,10.44031,11.40175,10.44031,10.44031,10.44031,9.48683,10.44031,9.84886,9.84886,9.84886,9.84886,10.29563,10.29563,8.94427,9.43398,9.43398,9.43398,9.43398,9.43398,9.43398,9.43398,9.43398,10.0,9.43398,9.43398,9.43398,9.43398,9.43398,8.94427,8.94427,9.84886,9.48683,9.48683,8.544,8.24621,8.24621,8.24621,8.24621,7.07107,7.07107,7.07107,6.08276,6.0,6.0,5.0,5.0,5.0,5.09902,61.29437,64.88451,60.83584,59.5063,63.07139,57.27128,54.23099,59.23681,53.48832,52.49762,51.66237,51.86521,53.85165,49.72927,47.29693,50.01,52.39275,48.6621,43.93177,48.25971,47.16991,49.49747,45.0,49.0102,46.17359,45.04442,48.04165,43.01163,48.0,46.0,49.09175,49.0102,51.0,44.04543,51.0098,44.0,49.0408,49.0408,47.16991,43.28972,43.73786,44.55334,42.05948,40.5216,39.56008,38.32754,36.67424,32.89377,31.7805,32.69557,29.96665,29.06888,27.78489,26.07681,21.9545,25.80698,20.80865,41.30375,37.48333,39.45884,41.97618,46.57252,43.32436,44.94441,45.69464,49.0408,47.92703,52.15362,50.08992,54.12024,54.20332,53.0,57.68882,55.75841,56.72742,54.40588,56.22277,53.2635,56.0803,58.89822,57.31492,55.17246,55.9017,53.03772,56.58622,53.75872,55.31727,53.15073,56.85068,53.15073,53.2635,56.0803,52.15362,53.82379,56.30275,55.21775,57.14018,56.0357,57.80138,56.4358,63.63175,58.18075,57.3062,60.37384,60.92618,60.82763,66.64833,60.83584,67.97794,62.64982,64.40497,68.44706,68.15424,71.55418
11.40175,10.81665,10.29563,10.81665,10.29563,10.81665,10.29563,10.29563,10.29563,9.84886,10.29563,9.84886,9.84886,9.84886,9.48683,9.48683,9.48683,9.48683,9.21954,9.21954,9.48683,9.21954,9.48683,9.21954,9.21954,9.48683,9.21954,9.21954,10.19804,9.48683,9.48683,9.48683,9.48683,8.544,8.94427,8.94427,8.94427,8.06226,8.06226,8.06226,7.2111,6.40312,6.40312,6.40312,5.65685,5.65685,5.65685,5.65685,5.0,4.24264,5.0,4.24264,71.02816,64.28063,71.0,59.13544,63.1981,58.13777,60.03332,58.0,56.00893,54.03702,52.0,54.00926,54.03702,53.03772,55.03635,51.24451,56.0803,51.97115,48.6621,51.66237,52.63079,50.80354,47.01064,50.0,46.57252,50.0,51.86521,46.17359,49.64877,51.86521,46.84015,51.5461,48.76474,49.47727,53.75872,48.27007,47.53946,50.69517,46.69047,51.97115,47.16991,46.01087,41.10961,43.18565,41.01219,41.04875,37.21559,35.51056,34.36568,34.23449,32.01562,31.62278,30.26549,26.24881,29.73214,26.92582,22.47221,43.56604,42.19005,42.94182,44.94441,44.01136,39.84972,44.92215,46.23851,48.76474,48.83646,53.46027,55.44367,58.0517,53.08484,60.03332,58.00862,58.13777,58.0,55.03635,57.42822,56.32051,58.30952,60.20797,58.69412,58.24088,57.48913,57.72348,61.61169,55.57877,57.07013,52.39275,57.07013,54.58938,56.88585,54.14795,58.30952,54.33231,57.42822,57.21888,60.20797,59.0,60.03332,60.03332,64.0,58.00862,58.00862,64.00781,64.38167,63.07139,65.12296,66.00758,69.18092,70.02857,68.02941,74.10803,67.0,70.0
11.40175,10.63015,10.63015,10.63015,10.63015,9.21954,9.89949,9.89949,9.89949,9.21954,9.89949,9.21954,9.21954,9.21954,8.60233,10.0,8.60233,8.60233,8.06226,9.43398,9.43398,8.94427,8.60233,9.43398,9.43398,9.43398,9.43398,9.43398,9.43398,9.43398,8.60233,9.43398,9.43398,8.60233,9.21954,8.48528,8.48528,7.81025,7.81025,7.07107,7.2111,6.40312,6.40312,5.83095,5.83095,5.83095,5.38516,5.0,4.47214,4.47214,4.12311,4.12311,65.30697,58.46366,62.64982,59.03389,60.20797,59.84146,58.54912,58.54912,55.44367,56.7186,52.34501,50.24938,53.03772,50.01,51.0098,47.0,49.25444,48.25971,47.01064,49.25444,45.54119,42.19005,51.78803,48.09366,46.09772,49.36598,48.50773,47.07441,46.87217,49.0306,47.51842,50.24938,46.87217,49.49747,49.36598,48.09366,49.0102,46.01087,48.01042,48.09366,48.25971,47.16991,40.11234,43.01163,40.79216,37.10795,38.8973,33.24154,34.0147,32.31099,27.73085,32.20248,28.6531,27.78489,25.07987,26.24881,23.85372,40.31129,42.48529,42.95346,43.65776,43.01163,43.68066,43.17407,46.57252,48.05206,48.50773,49.0306,51.78803,53.15073,52.15362,55.00909,56.14268,58.07753,55.44367,56.22277,58.85576,58.0517,57.00877,55.31727,57.07013,58.46366,61.61169,57.00877,57.56735,55.36244,54.57105,52.20153,57.00877,55.54278,52.39275,58.94065,55.7853,56.29387,54.14795,57.14018,57.03508,55.3263,59.4138,56.7186,59.21149,62.03225,56.14268,60.20797,59.21149,62.28965,63.03174,61.03278,70.0,69.02898,60.13319,67.06713,68.26419,69.72087
11.40175,11.7047,11.7047,11.7047,11.40175,10.44031,10.77033,9.84886,10.77033,10.77033,9.84886,10.29563,10.29563,10.29563,10.29563,9.43398,9.43398,9.43398,10.0,10.0,9.43398,10.0,10.0,10.0,10.0,10.0,10.0,10.0,10.0,10.0,10.0,10.81665,10.29563,10.29563,9.43398,8.94427,8.94427,9.84886,8.544,8.544,7.61577,7.28011,8.24621,6.32456,6.32456,6.08276,6.08276,6.08276,6.08276,5.09902,5.0,5.0,68.70953,57.69749,65.9242,62.6099,58.87274,60.83584,59.09315,59.48109,57.58472,50.28916,51.86521,47.12749,50.28916,48.76474,50.44799,46.69047,51.24451,44.18144,48.25971,46.09772,49.0102,49.16299,49.0,51.0392,48.04165,49.25444,46.01087,49.0102,48.04165,47.16991,45.01111,47.09565,47.01064,52.08647,45.01111,50.03998,50.01,46.17359,50.35871,41.19466,47.51842,42.95346,43.17407,45.60702,39.84972,34.20526,36.40055,35.73514,34.0147,26.83282,25.94224,26.83282,23.32381,24.20744,25.55386,27.01851,21.2132,43.0,39.05125,42.29657,44.40721,45.70558,45.89118,42.44997,48.50773,49.98,48.70318,52.81098,51.62364,56.85948,54.12024,55.9017,55.07268,59.16925,58.24946,60.20797,57.2014,59.20304,59.5483,56.0803,58.89822,58.13777,59.20304,53.90733,58.41233,56.72742,58.13777,50.80354,58.41233,55.60576,56.85948,58.00862,54.91812,54.3783,55.9464,57.24509,59.09315,60.03332,55.9464,56.79789,62.24147,58.60034,61.84658,57.38467,61.46544,67.6757,65.30697,64.62198,68.62215,72.91776,65.39113,72.11103,71.58911,70.00714
10.77033,10.77033,10.77033,10.77033,10.77033,9.84886,9.84886,9.84886,9.84886,10.29563,9.84886,9.43398,9.43398,9.43398,9.43398,10.0,8.60233,8.60233,9.21954,9.21954,9.21954,9.21954,9.21954,9.89949,9.89949,9.89949,9.21954,10.63015,10.63015,9.21954,10.0,10.0,10.0,9.43398,9.43398,9.43398,8.60233,8.94427,8.94427,8.544,7.61577,7.61577,7.61577,6.32456,6.32456,6.32456,6.32456,6.08276,6.08276,5.09902,5.09902,4.12311,68.54196,65.30697,68.35203,60.00833,61.09828,61.09828,52.92447,57.93962,58.18935,53.16014,52.20153,49.47727,50.80354,50.48762,47.85394,49.0306,50.35871,52.08647,45.17743,47.38143,49.16299,45.09989,47.04253,46.01087,51.0098,49.09175,48.50773,51.08816,49.0408,49.0102,48.04165,51.15662,51.15662,51.24451,44.72136,52.00961,51.0392,48.01042,46.01087,46.27094,48.16638,42.57934,44.55334,42.42641,41.0,35.44009,35.17101,38.60052,30.46309,31.01612,29.96665,29.68164,28.6531,25.55386,25.05993,23.85372,24.08319,44.04543,43.18565,39.20459,44.91102,42.95346,47.43416,45.88028,45.88028,48.70318,49.64877,50.9902,54.42426,57.00877,55.00909,52.83938,54.08327,61.05735,56.61272,56.4358,60.20797,58.24946,62.62587,57.31492,57.2014,59.5483,59.03389,57.28001,57.00877,56.0803,59.66574,51.73973,58.60034,52.69725,50.60632,58.00862,54.08327,54.20332,57.45433,55.9464,55.9464,61.7171,58.18075,58.59181,60.92618,58.60034,61.09828,57.38467,61.46544,64.62198,64.07808,66.40783,65.55151,68.54196,65.79514,73.1642,73.1642,67.77905
10.29563,9.84886,9.84886,10.29563,8.94427,9.84886,8.544,9.48683,8.544,8.544,8.24621,8.24621,8.24621,8.24621,8.24621,8.06226,8.06226,8.06226,8.06226,8.06226,8.06226,8.06226,8.0,9.0,9.0,9.0,9.0,9.05539,9.05539,8.0,8.06226,9.05539,8.06226,8.24621,8.24621,8.24621,8.24621,7.28011,7.61577,6.7082,6.32456,6.7082,5.83095,5.38516,5.38516,5.0,4.47214,5.0,4.24264,3.60555,4.24264,3.60555,66.18912,61.03278,67.06713,64.03124,60.53098,58.42089,52.23983,59.07622,53.23533,51.35173,56.7186,48.6621,51.1957,50.63596,49.0306,48.08326,50.0,54.08327,49.33559,44.38468,48.33218,47.42362,49.76947,50.56679,47.53946,48.8467,45.17743,45.61798,47.41308,53.53504,48.30114,54.20332,44.77723,48.8774,47.85394,51.07837,49.24429,45.65085,48.33218,44.94441,40.8534,43.32436,45.12206,41.97618,44.91102,38.47077,35.22783,33.13608,34.1321,33.24154,30.14963,29.01724,25.17936,26.30589,25.17936,23.76973,23.34524,41.14608,42.54409,38.48376,46.61545,36.24914,43.68066,41.10961,44.38468,50.01,47.26521,47.16991,51.08816,55.3263,56.0,57.07889,48.25971,58.07753,51.08816,60.0,54.58938,53.75872,59.5399,50.9902,52.95281,55.08176,52.61179,56.75385,59.03389,50.01,56.29387,50.69517,56.29387,50.9902,51.78803,52.61179,50.15974,50.08992,54.14795,54.33231,59.03389,61.0,54.33231,59.00847,57.14018,59.13544,56.4358,61.29437,58.69412,64.19502,59.3043,61.52235,63.63961,68.18358,60.20797,70.11419,73.43705,70.5762
11.40175,10.63015,10.63015,10.0,9.89949,10.0,9.89949,9.89949,9.89949,9.21954,9.89949,9.21954,9.21954,9.21954,8.60233,10.0,9.43398,8.60233,8.06226,8.94427,8.94427,8.94427,9.43398,8.94427,9.43398,9.43398,9.43398,9.43398,8.94427,9.43398,9.43398,9.43398,9.43398,8.60233,9.21954,9.21954,8.48528,7.81025,7.07107,7.07107,7.2111,7.2111,6.40312,6.40312,5.83095,5.83095,5.83095,5.0,5.0,4.47214,4.47214,4.12311,68.06614,62.64982,65.27634,66.0,63.00794,62.514,54.14795,60.00833,53.15073,54.08327,55.03635,51.08816,54.08327,54.03702,51.0098,51.35173,47.26521,46.69047,51.47815,51.1957,51.5461,47.53946,49.24429,49.0408,45.12206,44.01136,46.57252,51.26402,48.76474,50.32892,48.76474,54.70832,46.61545,50.59644,46.17359,47.80167,49.0408,47.43416,46.87217,50.35871,47.16991,44.18144,43.18565,40.0,43.04649,40.0125,40.11234,36.01389,35.22783,34.0147,33.37664,31.7805,26.30589,28.86174,25.31798,26.57066,21.47091,38.27532,40.80441,40.26164,43.9659,42.57934,47.26521,39.20459,46.17359,49.36598,49.0102,50.24938,53.03772,55.08176,56.14268,55.7315,55.44367,59.3043,55.7853,58.85576,55.10898,57.07013,58.94065,61.40033,58.5235,61.09828,57.00877,58.5235,54.70832,53.75872,55.7853,54.70832,57.87055,54.34151,53.60037,57.27128,56.51548,56.88585,58.42089,56.56854,55.3263,60.82763,58.21512,61.20457,61.20457,59.3043,60.00833,60.13319,67.1193,62.00806,63.0,67.00746,67.1193,70.02857,64.28063,75.02666,70.06426,69.11584
11.18034,11.18034,10.29563,10.29563,9.43398,10.29563,10.29563,9.43398,9.43398,8.60233,9.43398,10.0,9.21954,9.21954,9.21954,9.89949,9.89949,8.48528,9.21954,9.21954,8.48528,9.21954,9.21954,8.60233,9.21954,10.0,9.21954,9.21954,9.21954,9.89949,9.21954,9.21954,9.21954,8.48528,9.21954,8.60233,8.60233,8.06226,7.2111,7.2111,6.7082,6.7082,6.7082,6.7082,5.38516,5.38516,5.38516,5.38516,4.47214,4.12311,4.12311,4.12311,67.77905,65.55151,65.55151,65.55151,61.09828,58.5235,62.03225,55.36244,54.70832,55.02727,55.36244,52.20153,51.92302,48.50773,47.80167,50.44799,52.17279,50.35871,44.72136,46.01087,54.08327,48.25971,47.0,45.04442,44.10215,47.01064,49.0102,50.03998,49.0102,46.01087,49.09175,53.03772,48.04165,49.0408,49.0102,48.50773,48.37355,50.01,51.47815,47.16991,54.12947,45.88028,43.01163,42.72002,39.21734,38.07887,38.47077,35.34119,34.66987,30.46309,33.6006,30.41381,30.23243,26.62705,27.65863,23.43075,22.80351,42.44997,43.18565,44.28318,46.38965,43.0,43.0,44.0,48.25971,50.24938,49.64877,51.78803,55.54278,56.7186,57.97413,57.28001,56.04463,58.87274,56.46238,58.5235,57.27128,59.5063,62.76942,58.30952,59.16925,59.94164,56.35601,57.80138,56.0357,55.56978,58.30952,55.47071,55.56978,53.0,53.66563,57.3062,51.88449,51.47815,55.54278,56.79789,57.00877,58.30952,57.28001,64.51356,60.40695,61.03278,68.00735,61.35145,62.8172,61.68468,65.52099,65.14599,70.0928,74.33034,65.14599,71.16881,67.44627,64.7611
10.63015,10.0,10.63015,10.63015,10.0,9.21954,9.21954,9.21954,8.48528,9.21954,8.48528,8.60233,9.21954,8.60233,7.81025,8.06226,8.06226,8.06226,8.06226,8.06226,8.06226,8.94427,8.06226,8.94427,8.94427,8.544,8.94427,8.94427,8.94427,8.94427,8.60233,8.60233,8.60233,8.60233,8.60233,8.60233,7.81025,7.07107,7.07107,7.07107,7.07107,6.40312,6.40312,5.65685,5.0,5.0,5.0,4.47214,4.47214,4.47214,4.12311,4.12311,66.48308,60.40695,66.06815,61.13101,57.42822,54.91812,57.07889,61.07373,52.00961,52.08647,54.00926,48.04165,53.08484,52.03845,49.0,50.35871,50.24938,51.35173,47.07441,48.50773,45.54119,46.52956,47.12749,46.57252,48.27007,50.44799,43.68066,47.80167,48.08326,45.88028,50.96077,51.1957,51.41984,48.50773,48.76474,50.80354,47.67599,45.70558,46.52956,48.6621,44.04543,45.04442,46.01087,43.01163,42.10701,38.01316,35.22783,37.85499,30.41381,28.86174,31.40064,30.41381,29.41088,25.70992,25.96151,21.0238,23.25941,36.67424,42.04759,40.8534,40.16217,40.16217,42.44997,40.5216,44.92215,46.09772,45.70558,45.04442,50.15974,55.22681,54.0,55.22681,53.46027,58.03447,56.88585,55.22681,58.0517,60.63827,57.28001,53.36666,53.85165,57.28001,58.69412,56.04463,57.00877,52.49762,56.32051,51.86521,56.61272,54.12024,52.63079,56.75385,49.81967,53.36666,50.63596,56.4358,53.60037,58.42089,56.22277,55.22681,60.07495,55.03635,58.13777,60.13319,59.13544,66.0303,65.19202,65.06919,68.02941,61.07373,61.13101,71.34424,66.27217,65.19202
11.31371,11.31371,10.63015,10.63015,10.63015,9.89949,10.0,9.21954,9.21954,9.43398,9.21954,9.21954,8.60233,8.60233,8.06226,8.94427,8.94427,8.06226,8.544,8.544,8.544,8.544,8.94427,8.544,8.544,8.94427,8.544,8.544,8.544,8.94427,8.544,8.544,8.544,8.544,8.94427,8.60233,8.60233,7.81025,7.81025,7.81025,7.07107,7.07107,7.07107,6.40312,6.40312,5.0,5.83095,5.0,5.0,5.0,4.47214,4.47214,65.96969,67.68309,63.78871,58.69412,68.24954,60.67125,58.94065,59.66574,54.70832,51.41984,52.49762,50.92151,57.24509,50.59644,47.43416,50.32892,52.39275,50.08992,45.69464,49.39636,48.02083,46.52956,46.32494,46.61545,51.10773,47.43416,48.54894,45.0,45.65085,51.61395,50.24938,50.24938,48.54894,50.21952,50.0,49.24429,48.02083,48.02083,50.11986,47.16991,45.88028,44.59821,44.59821,44.59821,42.05948,39.56008,36.49658,38.47077,34.36568,30.26549,33.06055,26.07681,28.16026,22.0,21.09502,20.09975,23.76973,40.31129,39.69887,40.60788,41.40048,45.48626,39.35734,42.54409,46.95743,51.88449,49.76947,50.59644,49.98,55.15433,54.57105,52.17279,55.31727,57.27128,56.22277,57.31492,60.67125,60.20797,59.03389,59.00847,59.00847,57.03508,58.07753,55.03635,55.14526,55.00909,59.00847,52.23983,53.0,54.03702,55.22681,59.0,55.14526,51.15662,58.13777,56.22277,56.56854,57.70615,59.43904,58.94065,62.8172,56.04463,59.84146,61.98387,63.24555,62.93648,62.36986,63.78871,69.857,68.44706,66.28725,68.68042,64.28841,69.26038
10.77033,9.84886,9.84886,10.77033,9.84886,9.84886,8.94427,8.94427,8.94427,8.94427,8.94427,8.60233,8.60233,8.60233,8.60233,8.60233,8.60233,7.81025,8.48528,9.21954,8.48528,8.48528,7.81025,8.48528,8.48528,8.48528,8.48528,9.21954,9.21954,8.48528,9.21954,9.21954,8.60233,8.60233,8.06226,8.06226,8.06226,8.06226,7.61577,7.61577,6.32456,6.32456,6.32456,5.38516,5.09902,5.09902,5.09902,5.0,5.0,5.0,4.0,4.0,62.62587,66.30988,64.07808,59.94164,62.24147,59.9333,59.23681,55.15433,53.31041,48.10405,52.55473,48.8467,51.86521,49.72927,48.83646,49.64877,55.7853,47.67599,46.87217,46.57252,45.39824,50.08992,45.09989,48.37355,46.09772,53.33854,50.01,50.24938,49.25444,48.01042,49.0102,48.25971,49.49747,49.0102,44.04543,50.24938,48.16638,47.85394,47.07441,44.91102,44.72136,39.56008,44.59821,43.32436,41.10961,37.69615,34.0,38.01316,27.73085,32.64966,30.80584,27.45906,28.6007,27.58623,27.80288,23.43075,23.43075,40.0125,39.0,40.1995,41.10961,43.41659,45.27693,39.81206,45.35416,49.0408,45.35416,49.33559,51.24451,54.12024,54.08327,56.46238,55.22681,55.56978,57.80138,53.22593,56.85948,61.29437,56.61272,57.68882,57.68882,57.80138,54.08327,58.25805,56.85068,52.49762,54.67175,47.42362,51.61395,53.82379,56.30275,51.0392,54.6443,54.20332,52.35456,54.20332,53.66563,58.69412,56.85948,55.75841,58.60034,56.36488,52.3259,58.60034,60.53924,65.78754,63.56886,62.16912,66.30988,71.30919,63.50591,68.942,65.39113,66.85058
11.40175,11.40175,11.40175,11.40175,11.40175,10.63015,10.63015,9.89949,10.63015,9.89949,9.89949,9.89949,10.63015,9.89949,9.21954,10.0,9.43398,9.43398,10.0,10.0,10.0,9.43398,9.43398,10.29563,10.81665,10.29563,10.29563,10.81665,10.81665,10.29563,10.0,10.0,10.0,10.0,10.0,9.21954,9.21954,9.21954,9.21954,8.48528,7.81025,7.81025,7.81025,6.40312,6.40312,6.40312,6.40312,5.83095,5.83095,5.83095,5.83095,5.38516,61.68468,58.5235,65.14599,60.20797,58.94065,59.43904,53.60037,57.97413,52.39275,50.9902,50.01,50.48762,51.24451,48.16638,50.63596,51.0392,47.16991,46.17359,48.04165,46.04346,43.0,46.0,47.38143,42.29657,48.37355,49.0102,44.10215,47.51842,52.15362,44.72136,46.17359,48.09366,47.16991,47.09565,46.27094,47.0,47.04253,50.24938,50.03998,46.09772,40.11234,41.10961,41.7732,41.97618,41.0,39.56008,37.10795,33.52611,33.52611,29.12044,24.35159,29.54657,23.70654,23.70654,24.69818,23.60085,24.41311,39.56008,37.85499,39.62323,45.04442,45.09989,45.04442,45.04442,45.01111,49.0102,46.01087,52.08647,51.35173,55.7315,52.7731,55.10898,53.60037,62.36185,59.20304,59.13544,61.35145,62.62587,58.69412,59.05929,57.24509,57.24509,59.94164,55.07268,55.54278,55.22681,55.9464,48.8467,57.3062,55.15433,53.85165,56.46238,52.0,51.26402,58.18935,56.921,59.48109,56.75385,58.94065,63.15061,61.13101,58.24088,61.40033,61.18823,64.49806,66.61081,64.32729,66.48308,66.09841,67.44627,58.94065,70.60453,72.00694,64.53681
12.08305,11.7047,10.77033,11.7047,10.77033,10.77033,10.44031,10.44031,10.44031,9.48683,10.44031,10.19804,10.19804,9.21954,9.21954,9.05539,10.04988,9.05539,9.05539,9.05539,9.05539,9.0,9.0,9.05539,10.04988,10.0,10.0,9.05539,10.0,10.0,9.05539,10.04988,10.04988,9.05539,9.05539,9.21954,9.21954,8.544,8.544,7.61577,7.61577,7.61577,7.61577,7.61577,7.61577,6.7082,6.7082,5.83095,5.83095,5.0,5.0,5.0,66.94027,59.66574,61.40033,55.08176,62.36185,62.8172,58.46366,57.56735,53.45091,54.42426,47.42362,50.32892,49.1935,47.53946,43.65776,50.56679,51.0,50.11986,49.39636,45.79301,50.44799,44.04543,46.8615,43.41659,43.60046,46.61545,42.0119,44.40721,49.40648,48.60041,47.80167,50.44799,47.63402,47.20169,45.80393,46.61545,50.21952,44.10215,48.76474,45.27693,46.06517,43.08132,39.39543,41.78516,42.05948,36.05551,37.36308,33.83785,31.57531,30.80584,29.61419,28.28427,24.02082,24.02082,26.0,24.0,20.22375,41.10961,38.41875,39.20459,44.40721,40.22437,44.77723,38.94868,45.65085,49.24429,47.92703,52.55473,50.69517,55.65968,56.61272,57.48913,55.7315,57.87055,56.7186,58.0517,57.03508,56.56854,60.29925,58.03447,56.00893,56.00893,61.03278,59.00847,57.00877,54.03702,57.00877,48.04165,56.0,52.15362,56.0803,53.46027,55.22681,53.60037,53.93515,57.55867,61.39218,61.81424,57.27128,61.68468,60.72891,58.94065,60.08328,62.93648,60.74537,68.94926,66.7308,64.56005,69.28925,71.8401,62.96825,68.88396,70.0928,66.40783
10.81665,10.81665,10.0,10.81665,10.0,10.0,10.0,10.0,10.0,8.48528,9.21954,9.89949,8.48528,8.48528,8.48528,9.21954,9.21954,7.81025,8.60233,7.81025,7.81025,8.60233,8.60233,8.06226,8.60233,9.43398,10.0,8.60233,9.43398,8.60233,8.60233,8.60233,8.48528,7.81025,9.21954,8.48528,8.60233,7.81025,7.81025,7.81025,6.7082,6.7082,6.7082,6.7082,6.7082,5.38516,6.32456,5.38516,5.38516,5.09902,5.09902,5.09902,64.28841,65.25335,59.84146,59.22837,64.62971,56.75385,54.34151,55.7315,54.45181,49.36598,50.35871,49.09175,50.03998,49.25444,49.25444,50.0,51.0,50.15974,47.09565,45.17743,49.81967,46.69047,43.93177,44.55334,45.89118,49.47727,47.85394,46.32494,47.29693,50.69517,50.21952,51.97115,46.09772,49.47727,48.05206,43.41659,44.91102,45.89118,45.27693,47.04253,43.04649,46.04346,42.0,38.01316,42.19005,35.51056,39.45884,31.57531,31.7805,29.12044,32.75668,28.63564,26.92582,25.96151,27.45906,29.52965,25.23886,40.79216,41.10961,39.31921,41.19466,44.18144,44.10215,41.04875,46.01087,53.00943,47.26521,49.81967,50.80354,54.74486,57.27128,55.7853,54.70832,55.7853,55.02727,56.32051,57.38467,55.4617,61.84658,58.13777,54.626,55.9464,59.48109,59.94164,60.90156,56.82429,55.4617,55.15433,56.36488,52.92447,52.7731,55.36244,57.00877,54.42426,54.70832,53.16014,59.66574,56.04463,59.90826,58.85576,57.42822,59.5399,60.20797,61.84658,61.66036,65.76473,67.46851,65.51336,68.73136,64.77654,63.50591,67.74216,70.40597,66.09841
12.72792,11.31371,12.04159,11.31371,11.31371,10.63015,10.63015,10.63015,10.0,10.63015,10.0,10.0,10.0,10.0,10.0,10.29563,9.84886,9.84886,9.84886,9.84886,10.29563,9.84886,9.84886,9.84886,9.84886,9.84886,9.84886,9.84886,10.77033,9.84886,10.29563,10.29563,10.29563,9.43398,9.43398,9.43398,9.43398,9.21954,9.21954,9.21954,7.81025,7.81025,8.48528,7.07107,7.07107,7.07107,6.40312,6.40312,5.83095,5.83095,5.83095,5.38516,65.06919,64.19502,68.593,61.20457,60.29925,53.08484,58.54912,56.4358,57.07013,55.54278,53.60037,48.08326,44.91102,51.66237,51.24451,47.12749,50.92151,43.68066,47.75982,44.38468,43.82921,44.38468,47.42362,51.0,44.29447,45.61798,45.61798,47.01064,47.01064,46.87217,47.01064,49.64877,47.01064,46.51881,46.09772,48.8467,50.56679,44.72136,44.94441,48.50773,39.56008,44.72136,41.23106,42.2019,39.31921,36.05551,35.35534,35.12834,34.0,33.37664,31.06445,30.26549,26.1725,25.17936,26.92582,23.34524,22.36068,40.80441,42.19005,39.66106,40.70626,43.38202,46.09772,45.69464,44.59821,46.09772,49.0408,55.36244,50.44799,56.51548,52.17279,54.91812,54.58938,58.85576,58.07753,61.03278,60.53098,57.03508,61.0,57.07889,63.03174,58.13777,59.13544,54.45181,58.03447,56.22277,59.07622,53.15073,61.40033,61.07373,54.08327,58.07753,55.00909,53.0,56.22277,58.21512,57.07889,59.13544,57.42822,62.20129,58.30952,62.514,55.31727,60.82763,65.37584,63.1981,67.46851,66.75328,68.44706,69.72087,64.28063,71.19691,69.26038,74.73286
10.04988,10.04988,10.0,10.04988,10.04988,9.05539,9.0,9.0,9.0,9.0,9.0,9.0,8.06226,8.06226,8.06226,8.06226,8.06226,8.06226,8.24621,8.24621,8.24621,8.24621,8.24621,8.544,8.24621,8.24621,8.24621,9.21954,8.24621,8.24621,8.24621,8.24621,8.24621,8.06226,8.0,8.0,8.0,8.0,8.0,7.07107,6.08276,6.08276,6.08276,5.09902,5.38516,5.38516,5.38516,5.38516,5.38516,4.47214,5.0,3.60555,67.62396,62.96825,60.44005,62.28965,60.44005,57.48913,57.00877,59.03389,52.00961,54.20332,50.0,56.60389,51.62364,51.86521,52.43091,51.97115,52.3259,51.62364,46.52956,49.65884,48.8467,47.01064,49.0408,46.48656,48.70318,46.32494,51.24451,50.21952,46.17359,50.28916,45.22168,51.86521,49.33559,50.96077,48.50773,50.69517,45.88028,49.64877,45.31004,48.02083,42.94182,43.41659,44.77723,37.44329,40.22437,38.01316,37.20215,33.30165,30.41381,29.0,28.3196,29.0,28.6007,27.65863,28.3196,21.26029,20.12461,36.12478,37.64306,41.76123,45.54119,42.37924,39.39543,39.82462,44.72136,49.24429,49.64877,51.62364,52.43091,56.61272,55.21775,53.07542,57.31492,55.97321,55.97321,57.98276,58.69412,55.9017,61.6198,59.20304,56.85948,59.64059,59.66574,52.69725,52.43091,54.08327,56.30275,49.40648,56.40035,55.31727,53.15073,54.03702,54.03702,55.15433,55.15433,56.58622,57.48913,57.38467,56.85068,59.66574,62.20129,56.0803,56.22277,57.00877,60.80296,60.80296,66.8431,63.00794,67.94115,63.78087,64.66065,70.43437,69.63476,70.60453
11.18034,10.19804,11.40175,11.18034,10.44031,10.19804,9.48683,9.48683,9.48683,9.48683,9.48683,9.48683,9.84886,8.94427,9.84886,8.94427,8.94427,8.94427,9.43398,9.43398,9.43398,9.43398,8.94427,9.43398,9.43398,9.43398,9.43398,9.43398,9.43398,9.43398,8.94427,9.43398,9.84886,8.94427,8.544,8.544,8.544,8.544,8.24621,8.24621,7.28011,7.07107,7.28011,6.08276,6.08276,6.08276,6.08276,6.0,5.0,5.0,5.0,5.0,61.22091,61.7171,65.60488,58.00862,59.64059,58.24946,55.60576,54.81788,55.47071,49.92995,53.0,49.92995,51.42956,52.47857,52.83938,48.30114,50.56679,48.8467,45.88028,48.75449,49.0408,44.59821,45.70558,47.12749,44.38468,51.5461,46.84015,47.07441,47.29693,49.24429,46.09772,47.07441,48.6621,48.50773,50.69517,48.76474,47.53946,51.24451,46.57252,43.82921,42.54409,45.61798,43.38202,43.41659,41.18252,38.01316,37.01351,36.89173,29.73214,30.41381,31.1127,24.04163,29.0,26.1725,24.83948,25.6125,24.08319,37.85499,40.02499,44.14748,44.94441,49.1935,42.54409,45.61798,44.77723,52.83938,50.11986,51.0392,54.08327,56.30275,55.60576,53.41348,55.9017,58.89822,58.0517,59.39697,57.28001,59.46427,60.60528,58.25805,60.60528,60.0,58.89822,59.20304,57.2014,57.2014,61.22091,56.22277,55.44367,54.81788,51.66237,56.58622,55.86591,53.75872,58.69412,58.0517,58.41233,60.20797,57.48913,60.0,65.45991,58.25805,58.5235,65.45991,62.20129,70.80254,66.21933,67.20119,70.21396,65.94695,65.60488,69.40461,66.61081,67.00746
11.6619,11.6619,11.18034,11.18034,11.18034,10.29563,9.84886,9.84886,9.84886,9.48683,9.84886,9.48683,9.21954,9.21954,9.21954,9.21954,9.21954,9.21954,9.05539,9.05539,9.05539,9.05539,9.05539,10.0,10.04988,10.04988,10.04988,10.04988,10.04988,10.04988,10.04988,10.04988,10.04988,9.05539,9.21954,9.21954,9.48683,8.24621,8.544,8.24621,7.61577,6.7082,6.7082,6.7082,6.7082,5.83095,5.83095,5.83095,5.83095,5.0,5.0,4.24264,66.75328,64.28063,62.39391,60.82763,66.61081,54.33231,57.07013,56.22277,57.48913,53.33854,52.17279,57.56735,53.16014,52.39275,48.27007,48.08326,50.92151,48.08326,43.65776,52.92447,48.46648,44.77723,45.79301,47.16991,44.10215,47.16991,49.64877,43.82921,45.18849,46.14109,45.65085,47.01064,48.76474,46.87217,50.08992,47.41308,49.64877,48.75449,48.33218,49.0408,48.38388,43.68066,43.68066,43.41659,38.60052,37.85499,36.12478,38.07887,31.57531,30.14963,27.65863,28.01785,28.0,26.0,26.0,25.70992,21.84033,38.94868,44.72136,42.05948,42.15448,44.77723,40.16217,46.17359,46.32494,50.28916,51.41984,51.78803,52.34501,58.85576,58.30952,57.42822,56.0357,61.20457,59.0,55.03635,59.07622,58.30952,61.07373,58.30952,59.84146,58.54912,58.30952,59.03389,58.42089,56.88585,55.3263,55.22681,57.70615,55.14526,54.00926,58.03447,58.03447,55.00909,56.0803,58.07753,58.13777,56.22277,59.4138,60.53098,64.62971,59.68249,57.87055,60.53098,63.56099,65.76473,66.37017,65.37584,67.08204,65.49046,65.11528,68.73136,69.2315,67.08204
12.04159,11.04536,11.04536,11.18034,10.04988,11.04536,10.0,10.0,10.0,9.0,10.0,10.04988,9.0,9.0,9.05539,9.05539,9.21954,9.05539,9.05539,9.21954,9.05539,9.21954,9.21954,9.21954,9.21954,9.21954,9.48683,9.21954,9.21954,9.21954,9.05539,9.05539,9.05539,9.05539,10.04988,9.0,9.0,8.06226,8.06226,8.06226,8.06226,8.06226,7.07107,7.07107,7.07107,6.08276,6.32456,5.38516,5.38516,5.38516,5.38516,5.83095,64.3506,62.28965,67.94115,60.959,56.22277,55.31727,52.40229,57.98276,51.66237,54.48853,52.69725,48.8774,52.15362,46.40043,50.21952,50.11986,49.24429,45.61798,43.82921,42.05948,47.16991,45.18849,46.23851,46.61545,44.38468,43.86342,46.48656,47.16991,45.54119,47.53946,47.43416,48.38388,44.94441,46.48656,47.43416,50.08992,46.23851,46.09772,42.95346,42.05948,44.29447,43.26662,39.66106,39.40812,37.64306,35.60899,36.12478,33.24154,31.14482,33.30165,28.28427,27.58623,26.40076,22.67157,26.41969,25.80698,22.36068,37.65634,39.84972,37.69615,46.52956,40.31129,43.26662,41.67733,44.77723,45.79301,49.73932,49.67897,51.22499,54.81788,53.8145,57.28001,52.34501,59.46427,54.81788,58.13777,56.85068,57.62812,55.44367,56.85948,62.00806,59.36329,56.61272,55.56978,56.85948,51.0,56.0803,48.8774,57.62812,51.86521,56.0803,58.13777,54.56189,53.07542,56.0803,58.13777,56.63921,59.46427,55.15433,59.39697,58.69412,60.1415,55.60576,55.97321,62.62587,64.66065,63.12686,64.44377,64.53681,67.26812,61.7171,64.53681,71.70077,65.79514
11.6619,10.81665,11.18034,10.29563,10.29563,9.43398,10.29563,8.94427,8.94427,8.94427,8.94427,8.94427,8.544,8.544,8.544,9.48683,8.24621,8.544,8.24621,9.21954,8.24621,9.05539,8.24621,9.05539,9.21954,9.21954,9.21954,9.05539,9.05539,9.21954,9.21954,9.21954,9.21954,8.24621,8.544,8.94427,8.94427,8.06226,8.06226,7.2111,7.2111,6.40312,7.2111,6.40312,6.40312,5.65685,5.65685,5.65685,5.0,5.0,4.47214,4.47214,63.51378,62.96825,60.46487,61.05735,60.41523,59.03389,59.16925,58.00862,53.0,51.62364,51.61395,49.67897,53.15073,47.01064,46.87217,47.80167,49.51767,43.13931,45.25483,49.49747,47.50789,45.96738,49.40648,43.41659,43.56604,44.20407,48.25971,48.41487,51.08816,48.27007,48.27007,50.44799,47.80167,48.41487,49.20366,46.09772,50.77401,49.81967,46.75468,43.13931,41.86884,44.40721,40.22437,40.0,39.11521,38.27532,33.12099,35.34119,31.76476,32.20248,29.15476,28.23119,27.85678,25.07987,26.92582,20.39608,22.2036,40.81666,39.66106,38.83298,41.03657,40.49691,42.42641,39.69887,41.72529,50.24938,48.10405,49.64877,51.40039,54.6443,53.0,57.3062,51.0,55.9464,56.85948,55.9464,57.70615,57.27128,55.4617,59.23681,56.921,58.69412,54.08327,56.61272,54.08327,53.16014,52.81098,55.65968,57.58472,53.23533,56.46238,57.00877,54.626,55.15433,55.47071,57.27128,55.07268,57.69749,60.82763,57.45433,57.42822,54.70832,56.60389,59.64059,60.80296,63.41136,65.73431,65.19202,66.88797,67.41662,61.40033,65.36819,62.68174,65.8635
10.77033,10.77033,9.84886,10.77033,8.94427,9.84886,9.84886,8.94427,8.94427,8.06226,9.43398,9.43398,8.60233,8.60233,8.60233,8.60233,9.21954,8.60233,8.48528,8.48528,8.48528,8.48528,8.48528,8.48528,8.48528,9.21954,9.21954,8.48528,8.48528,9.21954,9.21954,9.21954,9.21954,8.60233,8.60233,8.60233,8.94427,8.06226,7.61577,6.7082,6.7082,6.7082,6.32456,6.32456,6.32456,5.09902,5.09902,5.09902,4.12311,4.12311,4.0,4.0,68.47627,62.26556,68.88396,62.64982,64.89992,63.06346,56.35601,63.06346,51.42956,53.66563,51.0,50.69517,53.7122,46.84015,47.42362,48.70318,49.64877,45.12206,51.66237,48.05206,52.63079,46.32494,48.16638,46.38965,47.85394,45.12206,46.27094,49.16299,49.81967,44.28318,47.51842,52.46904,43.28972,50.80354,46.27094,48.27007,46.84015,47.29693,49.39636,48.70318,48.50773,47.01064,44.77723,43.38202,42.48529,42.05948,39.66106,35.22783,39.66106,28.6007,32.80244,31.89044,26.24881,26.87006,22.67157,27.20294,27.20294,40.1995,45.27693,37.12142,44.40721,43.41659,42.29657,42.29657,45.89118,48.27007,50.44799,52.49762,51.92302,53.14132,59.61543,56.85948,53.23533,60.90156,58.18075,56.93856,59.64059,56.85068,60.46487,56.0357,55.44367,60.30755,58.82176,56.63921,61.7171,49.20366,54.81788,52.20153,57.62812,52.63079,53.82379,56.85948,55.21775,53.53504,57.45433,57.98276,58.5235,65.19202,55.9017,64.88451,58.59181,62.64982,58.69412,63.95311,63.07139,68.44706,60.41523,60.82763,68.44706,70.83078,66.24198,67.54258,71.19691,69.31811
11.7047,11.40175,11.40175,11.40175,11.40175,10.44031,10.19804,10.19804,10.19804,10.04988,10.19804,10.19804,10.04988,10.04988,9.0,10.0,9.0,9.0,9.05539,10.04988,10.04988,10.04988,10.0,10.04988,10.04988,9.05539,10.04988,10.04988,10.04988,10.0,10.04988,10.04988,10.04988,10.0,9.05539,9.05539,9.05539,9.05539,8.06226,8.06226,7.28011,7.28011,7.28011,6.32456,6.32456,6.32456,5.38516,5.38516,5.38516,5.38516,5.0,5.0,59.5483,62.80127,60.30755,60.30755,65.94695,58.00862,56.58622,55.17246,55.31727,49.51767,49.51767,46.75468,53.07542,53.15073,46.66905,48.9183,53.25411,48.82622,42.0119,44.77723,47.01064,51.10773,40.71855,46.09772,47.01064,47.53946,50.08992,47.42362,46.52956,47.42362,47.88528,47.85394,49.76947,45.69464,51.47815,46.51881,49.64877,46.61545,46.95743,45.48626,46.61545,45.25483,45.96738,42.42641,36.12478,38.8973,35.38361,36.76955,28.6007,31.1127,30.61046,25.80698,29.69848,26.40076,26.41969,23.4094,18.68154,41.14608,36.71512,43.04649,44.41846,44.40721,42.44997,46.09772,45.27693,48.83646,51.73973,52.63079,51.73973,55.97321,54.81788,51.61395,58.00862,54.81788,59.16925,55.22681,54.20332,58.83026,59.90826,58.13777,57.77543,55.15433,55.03635,57.93962,57.27128,57.69749,55.9464,53.7122,53.7122,55.9464,55.47071,56.4358,55.75841,57.68882,55.56978,52.69725,56.61272,55.21775,63.70243,60.21628,63.78087,58.41233,62.28965,64.38167,60.1415,62.93648,66.52819,67.00746,67.62396,65.29931,66.8431,71.06335,67.94115,70.17834
10.77033,9.84886,9.84886,10.77033,9.84886,9.84886,8.94427,8.94427,8.94427,8.06226,8.60233,8.60233,8.60233,8.60233,8.60233,7.81025,8.48528,7.81025,8.48528,8.48528,8.48528,8.48528,8.48528,8.48528,8.48528,8.48528,8.48528,8.48528,8.48528,8.48528,8.48528,9.21954,9.21954,8.60233,7.81025,7.2111,8.06226,8.06226,6.7082,7.61577,6.7082,6.32456,6.32456,5.38516,5.09902,5.09902,5.09902,5.09902,4.12311,4.0,4.0,4.0,68.15424,64.62198,61.98387,60.74537,61.68468,57.58472,60.08328,57.24509,56.75385,49.24429,52.17279,51.92302,54.34151,50.63596,47.67599,45.89118,53.46027,51.15662,49.25444,46.04346,47.0,48.04165,43.01163,47.04253,50.03998,51.0098,46.0,51.35173,50.03998,48.09366,46.17359,50.01,48.01042,48.16638,49.0,50.01,48.01042,47.09565,48.16638,44.40721,45.39824,43.17407,43.17407,42.44997,38.27532,37.94733,38.27532,38.27532,29.52965,29.73214,31.06445,27.45906,29.54657,24.41311,23.02173,23.34524,22.47221,37.65634,35.51056,40.1995,42.04759,44.10215,40.0125,46.0,45.70558,46.17359,46.27094,52.7731,52.7731,55.57877,55.54278,50.69517,55.36244,55.36244,55.4617,57.93962,54.626,56.82429,61.7171,59.05929,57.24509,60.20797,58.66856,57.68882,57.68882,54.58938,52.7731,53.85165,58.18075,57.3062,52.83938,56.82429,52.3259,56.35601,55.03635,56.0803,58.30952,58.69412,58.5235,60.16644,64.56005,55.36244,61.35145,58.18935,58.18935,65.51336,65.25335,64.84597,64.56005,65.78754,65.80274,70.60453,70.5762,69.89278
10.77033,11.18034,10.29563,10.77033,10.29563,9.84886,9.43398,9.43398,9.43398,8.60233,9.43398,9.43398,8.60233,8.60233,8.60233,9.21954,9.21954,8.48528,8.48528,8.48528,8.48528,8.48528,8.48528,9.21954,9.21954,9.21954,9.21954,9.21954,9.21954,9.21954,8.48528,8.48528,8.48528,8.48528,8.60233,8.60233,8.60233,7.2111,7.2111,7.2111,6.7082,6.7082,6.7082,6.32456,5.38516,5.38516,5.38516,5.38516,4.12311,4.12311,4.12311,4.12311,65.74192,64.84597,65.0,64.07808,61.09828,61.7414,54.78138,60.92618,51.07837,55.36244,53.16014,54.12024,50.44799,46.84015,46.17359,48.25971,49.24429,45.39824,52.7731,46.38965,50.0,47.38143,48.04165,48.0,45.0,43.01163,48.01042,48.09366,51.0098,50.08992,50.01,53.08484,46.09772,50.01,46.17359,47.04253,48.04165,45.04442,47.16991,45.70558,45.27693,47.80167,43.68066,41.97618,39.56008,37.65634,37.94733,33.24154,35.4683,34.17601,29.96665,28.16026,30.08322,28.6531,26.83282,28.30194,23.43075,39.05125,45.09989,39.11521,44.10215,41.7732,45.70558,45.39824,46.32494,49.33559,46.57252,48.50773,54.08327,54.12024,55.15433,54.23099,53.22593,61.26989,57.3062,60.41523,56.0803,56.85948,59.64059,56.40035,57.42822,64.66065,56.0803,60.959,58.60034,53.2635,58.5235,50.21952,56.0357,53.82379,56.30275,57.45433,54.70832,56.0803,55.03635,56.82429,55.71355,59.9333,57.24509,59.09315,59.80803,61.46544,60.74537,64.84597,64.51356,65.0,64.07808,64.4748,65.78754,68.62215,67.06713,64.51356,69.89278,69.64194
12.20656,11.6619,10.81665,12.20656,10.81665,10.81665,11.18034,10.29563,10.29563,9.84886,9.84886,9.84886,9.84886,9.84886,9.84886,9.48683,10.44031,9.48683,9.48683,9.21954,9.48683,9.21954,9.21954,10.19804,10.19804,10.19804,10.19804,10.19804,10.19804,10.19804,10.44031,10.44031,9.48683,9.48683,9.48683,9.48683,9.84886,8.94427,8.94427,8.06226,8.06226,8.06226,7.2111,7.2111,6.40312,6.40312,6.40312,5.65685,5.65685,5.65685,5.65685,5.65685,70.5762,67.60178,60.53098,60.82763,61.66036,52.63079,58.0517,58.24946,50.48762,52.63079,50.44799,51.24451,50.28916,48.38388,49.39636,49.24429,51.62364,47.01064,47.42362,49.1935,51.0,47.50789,48.25971,44.77723,46.52956,46.64762,47.16991,46.40043,46.61545,48.01042,46.09772,45.27693,49.39636,50.60632,49.73932,46.09772,45.31004,46.61545,48.46648,47.92703,43.32436,43.01163,45.35416,38.8973,40.79216,37.36308,36.22154,34.71311,32.14032,30.26549,28.07134,28.07134,30.06659,25.31798,25.31798,23.5372,21.84033,40.36087,41.40048,39.82462,43.01163,44.77723,42.19005,45.65085,43.86342,49.65884,49.1935,50.69517,53.14132,57.58472,53.85165,56.32051,56.04463,59.03389,60.40695,59.84146,55.08176,58.03447,62.07254,61.20457,58.0,57.00877,59.03389,59.03389,53.08484,54.00926,58.0,50.01,55.08176,56.0357,57.0,57.00877,55.08176,55.22681,55.57877,58.54912,60.53098,58.69412,64.7611,57.07013,61.39218,61.61169,59.22837,57.87055,60.41523,63.95311,68.24954,65.73431,65.25335,66.94027,69.87131,66.70832,69.857,69.42622
11.18034,11.18034,10.77033,11.18034,10.77033,9.84886,9.84886,9.48683,9.48683,9.48683,9.48683,9.48683,9.21954,9.21954,9.21954,9.21954,9.05539,9.05539,9.05539,9.0,9.05539,9.0,9.05539,9.0,10.04988,9.05539,10.0,9.05539,10.0,10.04988,9.05539,10.04988,9.05539,9.05539,9.21954,9.21954,8.24621,8.24621,8.24621,7.28011,7.61577,6.7082,6.32456,6.7082,6.7082,5.83095,5.83095,5.38516,5.83095,5.0,5.0,4.24264,65.80274,63.32456,65.52099,61.81424,61.35145,56.29387,56.30275,59.20304,55.36244,50.15974,53.31041,48.70318,51.26402,50.9902,52.39275,46.52956,50.60632,50.21952,46.87217,44.10215,47.70744,45.27693,47.63402,45.0,46.32494,45.27693,48.41487,45.96738,46.75468,50.93133,49.57822,53.15073,47.63402,49.57822,47.50789,51.40039,50.60632,44.20407,45.80393,44.41846,44.72136,46.14109,45.65085,41.23106,38.27532,36.40055,39.29377,33.52611,34.20526,30.41381,31.257,28.86174,25.70992,28.01785,30.14963,24.08319,25.07987,39.40812,43.01163,40.0,41.34005,44.10215,44.72136,43.909,47.85394,50.9902,48.75449,49.24429,56.64804,52.92447,54.12024,56.51548,57.07013,60.01666,56.08921,58.24946,58.54912,62.64982,58.54912,56.14268,59.03389,60.20797,59.3043,59.07622,60.03332,56.0357,59.13544,54.00926,57.55867,55.22681,52.46904,55.44367,58.54912,50.80354,59.03389,58.94065,59.66574,57.48913,58.5235,59.90826,58.5235,60.63827,63.60031,63.90618,65.14599,63.32456,66.7308,62.96825,70.2282,71.8401,68.00735,68.62215,77.49194,68.96376
10.19804,10.19804,10.44031,10.44031,10.44031,9.21954,9.48683,9.48683,8.544,8.544,8.544,8.544,8.94427,8.94427,8.94427,8.06226,8.06226,8.06226,8.60233,8.60233,8.06226,8.60233,8.06226,8.60233,8.60233,8.60233,8.60233,8.60233,8.60233,8.60233,9.43398,9.43398,8.94427,8.06226,8.06226,7.61577,7.61577,8.24621,7.28011,7.28011,6.08276,6.08276,6.08276,6.08276,5.0,5.0,5.0,5.0,5.0,5.09902,4.12311,4.12311,64.84597,61.05735,64.4748,57.80138,56.36488,54.91812,57.69749,57.24509,53.66563,54.12024,51.07837,48.33218,51.07837,53.45091,49.72927,43.9659,52.39275,44.91102,46.52956,43.73786,48.05206,43.41659,45.04442,43.18565,43.10452,47.38143,48.09366,47.0,46.09772,47.09565,45.17743,49.16299,49.64877,51.35173,44.18144,48.83646,47.85394,49.49747,46.69047,43.01163,45.22168,45.22168,43.65776,41.10961,40.80441,39.39543,35.22783,33.12099,30.52868,28.30194,29.20616,27.29469,26.07681,27.58623,24.41311,22.62742,24.20744,40.11234,38.0526,39.0,41.4367,44.28318,41.59327,43.56604,41.0,48.05206,47.80167,47.43416,50.28916,53.16014,55.02727,54.23099,53.7122,58.59181,56.93856,57.3062,55.80323,55.47071,58.5235,55.47071,57.2014,56.40035,60.0,51.85557,56.85068,54.03702,54.40588,50.60632,55.0,50.47772,50.80354,54.08327,52.69725,50.60632,56.60389,56.82429,59.03389,56.35601,55.07268,59.5399,59.9333,57.24509,57.24509,59.23681,60.90156,61.84658,64.2573,65.30697,63.50591,65.29931,57.27128,66.64083,68.02941,66.18912
10.19804,10.19804,10.44031,10.19804,9.48683,9.21954,9.48683,8.544,8.544,8.544,8.544,8.544,8.94427,8.06226,8.06226,8.06226,8.06226,7.2111,8.60233,7.81025,7.81025,7.81025,7.2111,7.81025,8.60233,7.81025,7.81025,8.60233,9.21954,7.81025,8.60233,8.60233,8.60233,8.06226,8.06226,6.7082,7.61577,7.61577,6.32456,7.28011,6.32456,6.32456,6.32456,5.09902,5.09902,5.09902,5.09902,5.0,5.0,4.0,4.0,4.12311,65.8559,70.17834,61.40033,58.79626,61.22091,58.00862,61.07373,57.00877,56.85068,50.0,51.62364,48.60041,54.08327,53.0,47.16991,47.42362,54.23099,42.54409,47.85394,47.43416,46.48656,46.23851,45.88028,48.38388,49.0408,45.60702,47.12749,48.83646,47.29693,50.9902,46.23851,46.23851,47.43416,47.80167,49.33559,49.0408,53.48832,49.39636,48.8467,45.17743,44.77723,45.79301,41.59327,42.19005,39.11521,37.80212,34.82815,35.60899,30.41381,33.24154,27.80288,27.65863,28.28427,29.06888,25.6125,23.02173,23.02173,39.01282,36.22154,41.7732,40.5216,43.68066,37.64306,43.46263,40.31129,50.56679,49.64877,49.1935,54.3783,55.4617,55.22681,49.81967,58.00862,58.60034,58.72819,53.8145,55.17246,53.75872,59.4138,55.9017,57.31492,58.72819,56.58622,53.90733,55.60576,57.00877,53.8145,51.73973,54.67175,58.0,57.38467,57.31492,55.17246,54.56189,55.31727,58.13777,59.36329,56.72742,57.2014,61.40033,62.80127,53.41348,62.76942,60.60528,62.96825,62.42596,68.00735,63.51378,63.00794,67.1193,65.45991,68.24222,69.40461,69.6563
12.36932,11.18034,11.18034,11.40175,10.44031,10.19804,10.19804,10.19804,10.04988,10.04988,10.04988,10.04988,10.04988,9.05539,9.05539,10.0,9.0,9.0,9.05539,9.05539,9.0,9.05539,9.05539,9.05539,9.05539,10.04988,10.04988,9.05539,10.04988,10.04988,9.0,10.0,9.0,9.0,9.05539,9.05539,9.05539,8.24621,8.24621,8.24621,8.24621,7.28011,7.28011,6.32456,6.32456,6.32456,6.7082,5.83095,5.83095,5.83095,5.83095,5.0,71.40028,65.19202,60.30755,59.03389,57.31492,58.79626,58.79626,54.03702,51.62364,50.24938,50.32892,49.51767,53.15073,49.0408,44.55334,46.61545,50.47772,49.09175,40.80441,44.41846,48.8774,45.65085,46.51881,45.18849,44.28318,44.77723,48.10405,50.9902,50.15974,50.69517,48.75449,50.15974,48.76474,51.0,46.61545,46.14109,46.40043,46.87217,45.48626,47.01064,45.80393,46.04346,43.84062,43.41659,38.8973,36.79674,35.35534,31.82766,32.64966,31.62278,27.01851,25.0,23.70654,26.40076,26.83282,24.18677,21.58703,41.23106,41.59327,40.16217,45.79301,45.22168,46.8615,41.34005,40.0,49.09175,47.16991,50.93133,49.81967,56.56854,56.56854,57.2014,56.56854,60.46487,59.64059,59.66574,59.07622,60.46487,57.70615,59.05929,58.30952,60.00833,56.30275,55.47071,59.16925,50.9902,61.29437,57.70615,57.70615,55.9464,52.83938,60.46487,63.82006,59.81639,59.40539,53.00943,62.28965,61.03278,58.72819,61.84658,58.69412,60.20797,65.06919,63.78087,62.93648,65.06919,61.55485,67.89698,72.24957,68.24954,65.94695,67.88225,71.44928,66.6033
12.04159,11.40175,11.40175,11.40175,11.40175,10.63015,10.81665,10.81665,10.81665,9.43398,10.81665,10.29563,10.29563,9.43398,9.43398,9.84886,9.84886,9.84886,9.48683,9.48683,9.48683,9.48683,9.48683,9.48683,9.84886,9.48683,9.48683,10.77033,9.84886,9.48683,9.84886,9.84886,9.84886,9.84886,9.84886,9.43398,9.43398,8.60233,8.60233,7.81025,7.81025,7.81025,7.07107,7.07107,7.07107,6.40312,6.40312,6.40312,6.40312,5.0,5.0,5.0,68.24954,64.13267,68.88396,60.40695,52.7731,55.7315,56.32051,61.0,54.33231,54.08327,49.0102,51.15662,54.0,50.15974,49.0102,47.01064,52.08647,47.16991,49.09175,44.40721,50.9902,45.17743,47.07441,47.53946,45.70558,47.67599,44.64303,49.0306,47.07441,48.76474,47.07441,53.15073,44.55334,52.63079,49.24429,49.64877,47.51842,47.51842,48.01042,46.17359,43.01163,45.01111,42.10701,41.19466,42.29657,36.12478,37.33631,35.22783,31.7805,36.40055,28.86174,26.92582,27.73085,27.29469,27.45906,23.25941,24.16609,39.0,40.80441,37.85499,44.38468,43.17407,42.75512,46.27094,48.16638,48.50773,48.01042,51.0098,55.00909,56.0357,57.42822,54.74486,56.56854,62.39391,57.27128,59.84146,60.16644,55.65968,57.72348,61.68468,57.00877,57.77543,61.09828,56.61272,59.13544,56.0803,60.44005,52.81098,58.24088,56.0803,57.24509,57.97413,57.48913,54.57105,58.0517,60.87693,59.5399,60.41523,60.40695,60.40695,64.62971,59.5399,61.0,63.28507,64.07027,66.06815,65.62012,67.60178,69.72087,69.05071,62.80127,70.34913,73.82412,70.45566
12.64911,11.7047,11.7047,11.7047,11.7047,10.77033,10.77033,10.29563,10.29563,10.29563,9.84886,10.29563,10.29563,10.29563,9.43398,10.0,9.43398,10.0,10.0,10.0,10.0,10.0,10.0,10.0,10.0,10.0,10.0,10.81665,10.0,10.0,10.0,10.0,10.29563,9.43398,9.43398,9.43398,8.94427,8.544,8.544,8.544,8.24621,7.28011,7.28011,7.28011,6.32456,6.08276,6.08276,6.08276,6.08276,5.0,5.0,5.0,68.88396,66.03787,65.8635,61.40033,62.96825,57.80138,56.93856,58.83026,54.58938,51.97115,51.10773,50.53712,51.0,49.24429,47.01064,48.50773,50.92151,48.46648,49.33559,47.12749,51.5461,45.12206,46.87217,48.27007,47.85394,46.32494,44.28318,45.89118,50.01,46.69047,49.64877,50.44799,49.47727,51.1957,46.09772,47.01064,45.54119,48.38388,49.64877,45.18849,41.23106,41.14608,44.72136,46.52956,39.44617,32.01562,36.05551,37.64306,32.52691,31.40064,27.58623,29.69848,26.90725,22.47221,24.83948,23.60085,23.32381,41.59327,40.0125,41.01219,47.04253,42.04759,43.73786,44.14748,44.28318,49.24429,48.27007,53.45091,50.59644,59.80803,57.58472,59.09315,54.58938,57.27128,55.75841,61.40033,60.03332,61.05735,62.80127,57.00877,57.68882,61.40033,59.66574,57.80138,59.03389,56.40035,60.46487,48.9183,57.00877,59.03389,55.21775,60.21628,57.80138,55.47071,58.5235,59.36329,60.82763,64.14047,60.37384,62.26556,64.00781,60.82763,61.7171,62.6099,63.07139,67.77905,63.06346,62.6099,69.77105,69.35416,64.14047,69.31811,74.30343,67.62396
11.40175,10.44031,10.44031,10.44031,10.44031,9.48683,9.84886,9.48683,9.84886,8.94427,9.84886,8.94427,8.94427,8.94427,8.06226,9.43398,8.60233,8.60233,8.60233,8.60233,8.60233,9.21954,8.60233,9.21954,9.21954,9.21954,9.21954,9.21954,9.21954,10.0,8.60233,8.60233,8.60233,8.60233,8.94427,8.94427,8.544,7.61577,7.61577,7.61577,7.28011,6.32456,6.32456,6.32456,6.08276,5.09902,5.09902,5.09902,5.09902,4.0,4.0,4.0,65.19202,63.00794,63.24555,60.46487,65.73431,60.46487,56.4358,61.61169,51.62364,56.30275,53.33854,48.75449,54.12947,53.33854,52.83938,49.76947,51.89412,43.65776,49.98,49.0408,52.39275,52.20153,47.43416,44.72136,48.50773,50.01,47.67599,51.78803,50.69517,51.35173,44.91102,49.24429,48.05206,50.69517,50.44799,46.84015,47.80167,47.12749,49.39636,48.08326,46.84015,45.61798,45.79301,42.72002,39.82462,40.31129,38.60052,34.98571,33.24154,35.4683,34.05877,29.83287,25.6125,25.4951,26.1725,24.04163,25.23886,38.01316,42.29657,42.19005,46.52956,46.57252,41.7732,46.57252,49.76947,49.76947,51.26402,50.9902,54.20332,56.35601,56.93856,53.53504,54.6443,59.90826,58.25805,60.0,58.41233,56.22277,61.6198,60.10824,58.0517,58.72819,58.69412,55.22681,58.0,55.86591,58.0517,55.15433,55.86591,59.4138,53.8145,53.90733,55.31727,57.42822,60.21628,55.60576,59.64059,57.98276,60.53924,64.89992,61.03278,58.83026,61.58734,64.14047,65.36819,63.06346,64.00781,66.88797,66.57327,69.89278,65.76473,70.23532,63.63175,71.69379
11.18034,12.16553,11.18034,11.18034,10.19804,11.18034,10.44031,10.44031,10.44031,9.48683,10.44031,9.48683,9.48683,9.48683,9.48683,8.94427,8.94427,8.94427,8.94427,8.94427,8.94427,8.94427,8.94427,8.60233,9.43398,9.43398,9.43398,9.43398,9.43398,8.94427,8.94427,8.94427,8.94427,8.94427,9.48683,8.544,9.48683,8.24621,8.24621,8.24621,7.07107,8.06226,7.07107,7.07107,6.0,6.0,6.0,6.0,5.0,5.09902,5.09902,5.09902,68.42514,61.29437,62.16912,63.50591,64.07808,58.30952,54.08327,59.9333,52.39275,51.86521,53.45091,48.70318,54.42426,47.12749,50.96077,48.83646,51.1957,47.51842,51.1957,45.27693,50.15974,46.27094,51.15662,46.17359,48.50773,47.04253,49.0408,45.39824,44.01136,48.09366,50.0,52.00961,44.01136,48.0,48.01042,47.26521,48.50773,47.51842,49.81967,51.66237,45.12206,48.27007,39.56008,41.23106,43.01163,36.40055,36.35932,33.61547,33.61547,29.06888,28.23119,26.83282,28.84441,24.20744,25.23886,23.60085,23.43075,38.0,40.0125,40.11234,47.51842,45.12206,42.75512,46.84015,43.9659,49.33559,46.61545,48.10405,56.85948,54.42426,56.79789,55.9464,52.83938,56.4358,57.14018,57.00877,53.41348,54.81788,59.66574,54.67175,56.63921,56.63921,59.66574,56.63921,58.25805,56.63921,60.20797,53.07542,54.48853,51.22499,56.63921,54.40588,58.41233,52.69725,56.0803,54.20332,58.83026,61.40033,53.7122,57.98276,59.48109,60.90156,62.76942,64.84597,63.95311,65.30697,63.95311,61.7171,67.1193,69.35416,66.88797,69.31811,74.46476,68.47627
10.04988,10.04988,10.04988,10.04988,9.05539,9.05539,9.0,9.0,9.0,8.0,9.0,9.05539,8.06226,8.06226,8.06226,8.24621,8.24621,8.24621,8.24621,8.24621,8.24621,8.24621,8.24621,8.24621,8.24621,8.24621,8.24621,8.24621,8.24621,8.24621,8.24621,8.24621,8.24621,8.06226,8.06226,8.06226,8.0,7.0,7.0,7.0,6.08276,6.08276,6.08276,5.09902,5.09902,5.09902,5.09902,4.12311,4.12311,3.16228,3.60555,3.60555,70.93659,62.96825,64.3506,59.4138,63.63961,58.79626,58.79626,62.2254,50.9902,52.3259,54.56189,51.62364,54.03702,48.9183,46.8615,49.0408,48.60041,47.01064,49.92995,48.02083,50.15974,44.72136,48.33218,46.52956,49.64877,47.50789,51.42956,47.75982,47.01064,50.56679,48.30114,47.53946,45.79301,50.24938,47.53946,50.24938,48.76474,45.79301,49.39636,48.25971,47.70744,42.80187,44.55334,41.72529,35.38361,38.18377,38.20995,34.65545,33.97058,31.241,29.20616,31.76476,27.29469,27.29469,22.84732,26.92582,23.70654,40.4475,41.76123,41.23106,42.48529,41.78516,45.65085,45.69464,45.61798,49.39636,50.77401,51.61395,52.15362,55.21775,51.85557,56.58622,55.86591,59.5483,56.56854,55.22681,59.5483,61.07373,58.00862,57.80138,57.00877,57.14018,59.40539,59.16925,57.68882,53.0,57.42822,54.81788,56.0357,54.6443,55.0,53.82379,56.22277,53.8145,57.62812,55.97321,59.4138,60.10824,55.22681,62.24147,65.19202,60.10824,62.96825,58.13777,62.00806,64.3506,67.17887,64.3506,66.06815,66.46804,62.96825,70.76722,72.18033,70.72482
10.81665,10.81665,11.18034,10.29563,10.29563,9.43398,8.94427,8.94427,8.94427,9.84886,8.94427,8.544,8.544,8.544,8.544,9.48683,8.24621,8.544,8.06226,8.24621,8.24621,9.05539,8.24621,8.06226,9.21954,9.21954,9.21954,9.21954,9.21954,9.21954,8.24621,9.21954,9.21954,8.24621,8.544,8.544,8.06226,8.06226,8.06226,7.2111,7.2111,6.40312,7.2111,5.65685,5.65685,5.65685,5.65685,5.65685,5.0,5.0,4.47214,4.47214,68.65858,62.8172,62.93648,61.18823,64.84597,58.0517,62.36185,56.04463,56.04463,53.75872,54.57105,49.98,51.5461,52.0,49.0408,49.65884,49.64877,48.76474,45.17743,46.87217,48.8774,49.09175,45.80393,43.01163,46.61545,47.70744,48.41487,46.69047,45.22168,47.63402,48.01042,48.60041,50.60632,49.20366,47.16991,46.32494,50.77401,48.25971,48.02083,49.1935,45.31004,43.08132,44.94441,40.24922,38.8973,40.80441,32.75668,39.21734,30.59412,31.40064,31.40064,28.16026,28.07134,27.0,24.08319,25.01999,23.02173,40.60788,37.80212,41.40048,39.66106,42.54409,43.56604,44.77723,43.46263,49.39636,51.62364,49.98,49.33559,55.36244,53.45091,55.08176,53.85165,58.24946,54.14795,55.57877,60.00833,55.14526,59.0,58.00862,56.0,61.0082,58.0,56.0357,58.03447,57.0,55.0,55.08176,54.00926,58.07753,54.0,54.00926,55.14526,56.0357,58.54912,58.85576,58.46366,60.63827,58.0517,59.22837,61.40033,60.01666,58.0517,58.46366,64.84597,60.87693,64.03124,65.80274,70.21396,70.83078,61.84658,63.78871,71.30919,65.80274
10.81665,10.81665,10.63015,10.81665,10.0,10.0,10.0,9.21954,10.0,9.21954,9.21954,9.89949,9.21954,9.21954,9.21954,9.21954,8.60233,8.60233,8.60233,8.60233,8.60233,9.43398,8.60233,8.94427,9.43398,9.43398,9.43398,9.43398,9.43398,9.43398,8.60233,8.60233,8.60233,8.60233,9.21954,8.48528,8.48528,8.48528,7.07107,7.81025,7.2111,7.2111,6.40312,5.83095,5.83095,5.38516,5.83095,4.47214,4.47214,4.47214,4.12311,4.12311,61.13101,66.21933,62.36986,65.51336,63.78871,60.20797,60.82763,60.82763,53.93515,59.43904,56.0357,54.58938,51.24451,54.0,52.03845,50.01,52.00961,46.0,45.04442,50.80354,50.80354,50.15974,43.93177,44.64303,47.07441,46.32494,45.70558,46.57252,48.05206,50.80354,44.91102,50.69517,50.28916,49.24429,48.50773,50.80354,50.44799,47.85394,50.35871,45.09989,48.50773,49.0102,44.01136,43.01163,38.0,40.04997,37.33631,37.33631,32.55764,34.23449,30.14963,30.80584,25.96151,31.01612,25.96151,24.16609,24.69818,38.47077,41.10961,41.10961,43.10452,45.0,46.17359,47.01064,46.38965,51.24451,49.81967,51.66237,51.66237,53.36666,56.30275,54.40588,56.64804,56.921,58.18075,55.9464,55.9464,56.36488,61.7414,59.5399,60.03332,60.53924,57.3062,55.47071,59.16925,60.03332,57.70615,56.79789,54.12024,56.82429,54.58938,59.09315,54.78138,60.08328,56.921,56.0803,57.87055,55.7853,60.16644,61.03278,64.03124,61.18823,61.84658,64.13267,63.3877,65.76473,67.74216,64.77654,69.42622,62.36185,70.21396,72.56721,69.63476,67.26812
11.0,10.0,10.0,10.0,10.0,9.05539,9.05539,9.05539,9.05539,8.06226,9.05539,9.21954,8.24621,8.24621,8.24621,8.544,8.544,8.544,8.544,8.544,8.544,8.544,8.544,8.06226,8.544,8.94427,8.94427,8.94427,8.94427,8.94427,8.544,8.544,8.544,8.544,8.24621,8.24621,8.24621,7.07107,7.07107,7.07107,7.07107,6.08276,6.0,6.0,5.0,5.0,5.0,4.0,4.0,4.12311,4.12311,4.12311,65.43699,65.43699,62.482,65.0,58.89822,55.44367,58.89822,58.25805,53.8145,53.75872,56.56854,52.34501,51.73973,52.34501,51.66237,49.0408,50.60632,47.01064,45.60702,48.02083,51.97115,46.64762,52.35456,47.42362,48.02083,44.77723,48.75449,48.30114,50.11986,48.75449,47.42362,51.89412,49.39636,49.64877,50.9902,50.11986,48.02083,46.14109,46.64762,46.87217,48.01042,46.40043,43.18565,41.7732,38.8973,39.69887,41.01219,35.4683,30.61046,29.73214,31.62278,31.14482,26.07681,25.94224,23.70654,25.23886,23.76973,40.49691,39.35734,41.59327,42.72002,40.80441,44.65423,45.80393,45.60702,48.9183,46.75468,52.34501,53.03772,55.17246,55.17246,54.20332,55.47071,57.00877,54.6443,57.80138,59.16925,63.52952,55.47071,55.9017,56.85948,56.36488,56.79789,54.12947,55.47071,52.39275,57.69749,54.23099,54.56189,59.94164,50.24938,57.24509,53.0,49.73932,59.07622,54.6443,56.0357,58.00862,58.79626,56.85068,56.40035,55.44367,65.19202,65.11528,59.46427,65.94695,67.00746,66.8431,68.68042,66.52819,65.19202,74.8131,67.89698,69.42622
12.04159,12.04159,11.04536,11.0,10.0,11.04536,10.04988,10.04988,10.04988,9.05539,10.19804,10.19804,9.21954,9.21954,9.21954,9.48683,9.48683,9.48683,9.48683,8.544,8.544,8.544,9.48683,8.94427,9.84886,9.84886,9.84886,9.48683,9.48683,9.48683,9.48683,9.48683,9.21954,9.21954,9.21954,9.21954,9.21954,8.06226,8.06226,8.06226,8.0,8.0,7.0,7.0,7.07107,6.08276,6.08276,5.09902,5.09902,5.09902,5.38516,5.38516,66.21933,64.03124,62.80127,62.62587,62.20129,57.62812,57.68882,60.21628,54.08327,52.43091,49.24429,51.62364,51.0,51.10773,49.09175,49.65884,50.11986,47.53946,44.77723,48.46648,51.5461,51.24451,46.57252,43.68066,43.9659,44.64303,50.0,50.21952,48.50773,45.35416,50.01,52.17279,46.17359,47.29693,47.07441,47.07441,46.48656,48.70318,47.75982,43.65776,46.23851,41.67733,42.19005,38.94868,36.35932,39.82462,36.40055,31.90611,32.55764,30.23243,32.01562,28.28427,26.24881,24.08319,24.08319,28.30194,23.32381,38.32754,39.21734,37.94733,46.64762,42.04759,41.34005,42.94182,44.65423,48.25971,49.0408,50.0,51.08816,53.90733,50.91169,56.58622,55.17246,57.28001,58.25805,57.38467,56.0357,57.62812,59.81639,58.5235,59.40539,57.3062,56.85948,55.22681,56.30275,53.00943,56.60389,50.47772,58.82176,55.21775,52.49762,57.00877,54.03702,56.63921,55.97321,53.90733,59.4138,58.72819,59.4138,60.1415,59.03389,55.97321,66.0303,61.40033,60.60528,61.40033,65.8559,67.47592,68.24954,71.06335,66.4003,69.42622,71.61006,69.2026
10.29563,9.84886,10.29563,10.29563,9.84886,9.84886,8.544,8.94427,8.544,8.544,8.544,8.24621,8.544,8.24621,8.24621,9.05539,9.05539,8.06226,8.06226,8.06226,8.06226,8.06226,8.06226,8.06226,8.06226,9.0,9.0,9.05539,9.05539,9.05539,8.06226,8.06226,8.24621,8.24621,8.24621,8.24621,8.24621,7.61577,6.7082,6.7082,6.7082,6.7082,5.83095,5.83095,5.0,5.0,5.0,4.24264,4.24264,4.24264,4.24264,3.60555,67.08204,65.96969,62.93648,61.13101,61.03278,61.13101,61.03278,59.43904,57.87055,52.55473,51.62364,54.08327,55.36244,52.39275,48.75449,51.10773,53.00943,51.31277,47.88528,48.8774,52.80152,47.43416,47.63402,47.63402,48.01042,49.64877,49.0408,48.27007,47.01064,48.79549,51.08816,50.93133,48.01042,45.80393,48.27007,47.01064,53.85165,49.09175,46.64762,44.29447,46.52956,46.61545,45.88028,43.46263,40.31129,38.8973,32.57299,36.13862,29.42788,27.65863,28.86174,30.08322,27.65863,28.28427,25.0,26.01922,22.02272,40.36087,42.52058,38.94868,42.2019,41.23106,41.23106,44.10215,46.14109,48.8774,46.51881,50.56679,50.15974,53.22593,57.00877,55.08176,53.36666,58.69412,56.51548,57.07013,54.91812,53.75872,60.29925,56.56854,55.22681,56.0357,59.68249,54.03702,57.07889,57.14018,53.60037,52.15362,56.22277,53.03772,55.22681,57.14018,56.08921,50.01,53.85165,56.51548,58.5235,56.32051,55.7853,58.82176,60.74537,59.48109,62.93648,61.03278,60.83584,64.19502,66.12866,62.03225,68.02941,63.56886,64.2573,68.62215,68.00735,71.7844
10.63015,10.63015,10.0,10.63015,9.21954,8.60233,8.60233,9.43398,9.43398,8.60233,8.06226,8.94427,8.94427,8.94427,8.94427,8.544,8.544,8.24621,8.544,8.544,8.544,8.24621,8.24621,8.24621,8.24621,9.21954,9.21954,8.24621,9.21954,8.24621,8.544,8.544,8.544,8.544,7.61577,7.61577,7.61577,7.2111,7.2111,7.2111,6.40312,6.40312,6.40312,5.0,5.0,5.0,4.24264,4.24264,4.24264,3.60555,3.60555,3.60555,73.0,64.03124,66.06815,64.03124,59.00847,61.03278,56.00893,55.00909,55.0,54.0,53.46027,52.23983,51.78803,52.61179,51.47815,48.05206,53.93515,50.21952,49.24429,49.33559,49.98,46.48656,48.30114,48.46648,45.69464,51.26402,44.77723,50.15974,49.64877,46.95743,46.8188,50.08992,51.62364,52.0,45.69464,48.10405,50.32892,52.20153,47.80167,44.59821,41.97618,43.56604,46.52956,41.10961,39.05125,38.32754,37.01351,37.12142,31.01612,32.0,33.01515,30.14963,27.16616,26.68333,24.73863,26.68333,22.80351,38.01316,37.94733,39.84972,42.44997,41.97618,41.23106,46.52956,44.91102,47.67599,45.39824,48.16638,51.0098,54.00926,57.03508,54.14795,54.33231,54.33231,55.10898,55.57877,59.5399,58.85576,59.43904,57.72348,58.69412,59.20304,58.46366,51.66237,56.51548,54.12024,57.97413,50.28916,58.24088,57.00877,52.95281,56.7186,52.23983,50.80354,59.68249,55.57877,58.54912,60.20797,60.03332,60.13319,59.13544,60.0,63.00794,61.0082,61.29437,66.0303,65.06919,69.0,68.02941,69.00725,64.00781,65.00769,65.0,68.00735
11.18034,10.29563,10.81665,10.29563,10.29563,9.43398,9.43398,8.60233,9.43398,9.21954,8.60233,9.21954,9.21954,9.21954,9.21954,8.48528,8.48528,8.48528,9.21954,8.48528,8.48528,9.21954,8.48528,8.60233,9.21954,8.60233,9.21954,9.21954,9.21954,9.21954,8.48528,8.48528,9.21954,9.21954,7.81025,7.81025,8.06226,8.06226,7.61577,7.61577,6.7082,6.7082,6.32456,5.38516,5.38516,5.38516,5.09902,5.09902,5.09902,5.0,4.0,4.0,67.60178,70.5762,65.62012,62.16912,60.53098,58.24946,58.30952,61.29437,54.33231,53.46027,51.0098,50.08992,51.0098,51.0,51.15662,48.09366,50.15974,52.7731,52.23983,48.09366,50.48762,45.39824,47.67599,46.38965,48.50773,48.6621,47.29693,52.63079,54.57105,48.76474,51.1957,49.81967,48.83646,51.62364,47.07441,50.24938,50.63596,51.47815,51.15662,45.01111,45.04442,46.01087,49.0102,45.04442,41.10961,40.60788,36.13862,39.05125,32.98485,32.98485,27.20294,25.29822,25.29822,24.73863,24.16609,21.47091,18.43909,41.18252,39.0,41.10961,41.10961,41.0,41.97618,41.7732,44.55334,48.05206,44.10215,53.00943,49.25444,52.08647,53.15073,53.33854,54.23099,54.58938,58.69412,56.56854,57.00877,56.921,60.72891,55.71355,56.32051,56.64804,54.57105,56.61272,55.36244,53.75872,57.00877,53.48832,59.46427,54.08327,57.97413,59.90826,55.08176,53.15073,55.9017,56.14268,56.22277,58.69412,59.5399,58.85576,64.62971,56.88585,57.07889,57.21888,63.12686,65.27634,65.27634,66.27217,67.26812,63.28507,67.60178,74.16873,69.46222,67.1193
12.36932,11.40175,11.18034,12.16553,11.18034,10.19804,10.19804,10.19804,10.19804,10.04988,10.04988,10.04988,10.0,10.0,10.0,10.0,10.04988,9.0,10.04988,10.04988,10.04988,10.04988,9.05539,10.19804,10.04988,10.04988,10.04988,10.04988,10.04988,10.04988,10.04988,10.04988,10.0,10.0,10.04988,9.05539,9.05539,9.05539,8.06226,8.24621,7.28011,7.28011,7.28011,6.32456,6.32456,5.38516,5.38516,5.38516,5.38516,5.38516,4.47214,4.47214,66.30988,63.50591,64.88451,64.07808,63.13478,59.03389,56.93856,59.48109,52.69725,53.85165,50.60632,48.8774,51.97115,51.0392,51.31277,49.64877,53.41348,48.27007,52.63079,48.27007,53.75872,50.20956,49.57822,50.24938,45.27693,45.96738,48.79549,49.57822,48.16638,51.22499,51.08816,48.79549,48.41487,49.57822,48.83646,48.79549,48.79549,51.62364,48.27007,43.27817,40.80441,42.80187,42.0119,43.82921,36.89173,39.44617,35.35534,34.0147,34.17601,33.95585,30.46309,28.79236,29.73214,26.30589,28.63564,22.09072,23.0,39.11521,43.41659,41.10961,46.8615,42.44997,44.55334,47.42362,45.34314,47.01064,48.60041,51.61395,49.92995,52.43091,53.7122,57.80138,55.00909,55.9017,56.85948,57.27128,58.5235,54.40588,59.90826,57.97413,57.87055,57.48913,57.56735,57.72348,55.31727,57.28001,58.24088,54.12024,56.75385,54.42426,58.24088,55.36244,55.36244,53.48832,57.38467,55.9017,59.94164,58.18075,56.82429,60.90156,61.40033,61.26989,66.37017,64.14047,64.14047,65.19202,69.46222,66.88797,67.23095,67.60178,69.83552,67.1193,71.86793,70.45566
10.29563,10.29563,10.81665,11.18034,10.29563,9.43398,9.43398,9.43398,9.43398,9.21954,8.60233,9.21954,9.21954,9.21954,9.21954,8.48528,8.48528,8.48528,9.21954,8.48528,8.48528,9.21954,7.81025,8.60233,9.21954,8.60233,8.60233,9.21954,9.21954,7.81025,8.48528,9.21954,9.21954,8.48528,8.60233,7.81025,7.81025,8.06226,7.2111,7.2111,6.7082,6.7082,6.7082,5.38516,5.38516,5.09902,5.09902,5.09902,5.09902,4.12311,4.12311,4.0,68.942,65.0,69.26038,60.92618,61.35145,56.30275,57.58472,57.72348,55.36244,51.24451,51.92302,53.60037,56.75385,55.10898,50.01,52.23983,47.51842,50.08992,49.16299,47.01064,49.0408,48.0,50.24938,48.01042,49.09175,52.00961,46.09772,51.35173,51.24451,49.09175,49.64877,49.36598,51.0392,52.08647,46.27094,50.08992,48.09366,52.0,52.23983,47.04253,47.67599,45.70558,44.55334,39.81206,41.76123,36.13862,39.92493,38.32754,31.38471,29.54657,28.79236,28.4605,29.61419,28.01785,25.94224,23.32381,22.82542,38.11824,36.05551,42.10701,40.11234,43.28972,42.95346,44.72136,43.93177,46.69047,51.41984,51.86521,50.59644,54.42426,56.79789,53.7122,54.12947,56.4358,57.45433,60.03332,56.0803,56.0357,59.64059,59.07622,57.2014,59.03389,59.07622,54.67175,55.60576,55.44367,55.75841,54.40588,58.41233,53.00943,54.91812,55.07268,52.43091,53.33854,53.7122,58.66856,58.18075,58.60034,57.38467,58.60034,62.76942,56.0803,61.98387,62.03225,62.93648,62.93648,64.28841,67.06713,67.35726,64.84597,62.93648,70.38466,73.76313,68.15424
11.6619,11.6619,11.18034,11.18034,11.18034,10.29563,9.84886,9.84886,9.84886,9.84886,9.84886,9.84886,9.48683,9.48683,9.48683,9.21954,8.24621,8.24621,9.05539,9.21954,9.21954,9.05539,9.21954,9.05539,9.05539,9.21954,9.21954,9.05539,9.05539,9.21954,9.21954,9.21954,9.21954,8.24621,8.544,8.544,8.94427,8.06226,8.06226,8.06226,7.2111,6.40312,7.2111,6.40312,6.40312,5.65685,5.65685,5.65685,5.65685,5.0,5.0,4.47214,66.0303,64.63745,69.42622,60.0,60.46487,58.82176,58.13777,60.46487,53.00943,57.00877,51.62364,53.90733,50.24938,51.08816,54.48853,48.79549,50.93133,48.16638,43.86342,47.80167,50.21952,44.82187,46.61545,43.26662,47.43416,45.48626,49.20366,48.76474,46.04346,49.09175,47.16991,51.31277,48.02083,53.85165,45.60702,50.80354,46.87217,50.0,51.08816,42.44997,41.72529,47.63402,41.10961,41.03657,41.10961,39.82462,33.01515,31.40064,32.64966,31.76476,33.12099,30.08322,25.94224,21.54066,23.25941,25.70992,23.76973,36.05551,41.59327,40.31129,42.95346,43.26662,44.40721,44.10215,44.59821,47.63402,46.69047,50.20956,54.56189,56.0803,53.90733,55.0,50.0,57.2014,55.07268,55.22681,56.82429,57.69749,57.45433,53.7122,59.5063,60.40695,57.77543,52.0,55.4617,52.0,58.87274,53.31041,57.27128,55.9464,52.47857,55.9017,53.7122,55.4617,57.70615,57.24509,53.0,54.3783,58.82176,60.80296,59.20304,59.64059,58.89822,62.62587,68.76772,63.89053,64.2028,60.80296,65.60488,64.81512,63.12686,72.47068,67.80118,69.35416
11.40175,10.63015,11.31371,10.63015,9.89949,9.89949,9.89949,9.89949,9.89949,9.21954,9.89949,9.21954,10.0,8.60233,8.60233,9.43398,9.43398,9.43398,8.94427,8.94427,9.43398,9.43398,9.43398,8.94427,8.94427,9.43398,9.43398,9.43398,8.94427,9.43398,9.43398,9.43398,9.43398,8.60233,9.21954,8.48528,8.48528,7.81025,7.07107,7.07107,6.40312,6.40312,6.40312,6.40312,5.83095,5.83095,5.38516,5.0,4.47214,4.47214,4.47214,4.12311,64.38167,64.49806,63.28507,65.27634,63.50591,58.42089,55.57877,58.42089,58.85576,50.35871,56.08921,53.75872,54.91812,52.7731,48.6621,51.24451,51.92302,50.92151,43.68066,51.26402,51.07837,48.8467,46.09772,48.8467,48.8467,46.61545,54.23099,46.51881,50.15974,50.9902,43.46263,46.8188,48.8467,46.61545,47.16991,44.59821,45.22168,44.94441,45.35416,44.14748,45.12206,49.09175,42.57934,43.18565,39.01282,40.0,36.01389,39.0,31.14482,35.12834,29.15476,30.59412,30.41381,25.31798,26.92582,23.76973,20.24846,40.45986,41.86884,43.41659,43.56604,42.19005,46.06517,44.29447,46.51881,47.42362,49.98,52.20153,51.5461,57.87055,55.36244,55.31727,58.42089,59.03389,58.21512,55.3263,55.00909,58.0,61.03278,60.07495,57.07889,56.0803,59.0,58.03447,57.07889,56.22277,55.14526,53.33854,53.08484,55.00909,56.00893,54.00926,54.00926,58.21512,57.21888,53.15073,54.23099,53.33854,58.85576,61.29437,59.68249,59.21149,62.8172,63.34824,63.15061,67.08204,68.593,66.09841,69.05071,67.36468,67.74216,70.45566,71.44928,72.83543
11.6619,11.18034,11.18034,11.18034,11.18034,9.84886,9.84886,9.84886,9.84886,9.48683,9.48683,9.48683,9.21954,9.21954,9.21954,10.19804,9.21954,9.21954,9.05539,9.05539,9.05539,10.04988,9.05539,9.05539,10.04988,9.05539,10.04988,10.04988,10.04988,10.19804,9.05539,9.05539,9.21954,9.21954,9.48683,9.48683,8.544,8.544,7.61577,7.61577,6.7082,6.7082,6.7082,5.83095,5.83095,5.83095,5.83095,5.0,5.0,5.0,5.0,4.24264,65.74192,65.30697,62.1289,66.21178,59.94164,59.94164,61.05735,61.26989,52.47857,54.58938,54.91812,53.53504,55.75841,54.20332,50.47772,51.85557,52.34501,52.34501,47.63402,46.69047,48.79549,48.79549,49.0408,45.27693,47.50789,45.27693,47.42362,49.64877,46.75468,50.32892,49.67897,49.57822,49.0408,49.0408,47.38143,47.38143,47.38143,47.42362,46.8615,47.63402,45.80393,46.61545,42.2019,38.01316,39.96248,42.05948,33.10589,34.48188,31.7805,29.96665,30.08322,28.63564,29.12044,27.51363,27.20294,24.33105,19.0263,39.96248,35.22783,43.01163,41.6173,46.01087,42.44997,46.69047,46.01087,50.9902,50.60632,48.01042,55.80323,53.2635,58.82176,54.58938,55.4617,58.18075,60.00833,56.82429,56.30275,59.13544,58.5235,57.56735,59.77458,60.40695,59.20304,57.56735,56.51548,55.65968,56.32051,55.02727,53.85165,55.71355,53.31041,58.18935,56.46238,54.23099,57.77543,56.79789,60.03332,58.13777,61.40033,62.1289,60.90156,58.66856,61.58734,65.51336,62.1289,64.88451,65.51336,63.28507,66.57327,66.88797,65.36819,72.20111,67.1193,69.46222
12.04159,11.40175,11.40175,12.04159,11.40175,11.40175,10.81665,10.81665,10.81665,10.0,10.81665,10.29563,10.29563,10.29563,10.29563,9.84886,9.84886,9.84886,9.84886,9.84886,9.84886,9.84886,9.84886,9.48683,10.77033,10.44031,10.44031,9.84886,9.84886,9.84886,9.84886,9.84886,10.29563,9.43398,9.43398,9.43398,9.43398,8.60233,8.60233,7.81025,7.81025,7.81025,7.07107,7.07107,7.07107,6.40312,6.40312,6.40312,5.0,5.0,5.0,5.0,65.49046,63.34824,69.12308,58.46366,61.98387,59.22837,56.08921,59.68249,57.07013,54.81788,52.88667,51.5461,52.88667,50.28916,50.92151,50.15974,50.32892,49.65884,49.65884,44.77723,45.79301,47.01064,44.65423,48.8774,46.14109,47.16991,45.65085,47.70744,47.50789,50.60632,44.94441,50.77401,49.24429,51.10773,46.32494,45.65085,49.65884,49.76947,46.23851,44.94441,45.31004,45.22168,42.44997,43.41659,39.31921,34.20526,34.71311,34.23449,29.27456,30.26549,29.0,27.16616,26.1725,26.07681,26.30589,24.08319,22.56103,37.53665,39.40812,35.51056,43.01163,42.94182,46.95743,44.29447,46.51881,47.53946,44.77723,49.76947,52.81098,52.49762,53.45091,54.91812,56.56854,59.66574,52.61179,56.29387,57.14018,60.03332,61.07373,56.0357,59.03389,58.03447,57.00877,55.00909,56.00893,54.08327,54.03702,54.03702,56.0,55.03635,54.00926,59.00847,58.30952,52.46904,56.32051,57.31492,55.08176,60.20797,58.0517,62.64982,64.03124,60.20797,63.06346,63.32456,63.32456,65.25335,65.30697,65.73431,67.05222,66.94027,66.21933,69.92138,74.73286,66.91039
11.18034,11.18034,11.18034,11.18034,11.18034,10.19804,10.04988,10.04988,10.04988,10.0,10.04988,10.0,10.0,10.0,9.0,10.04988,9.05539,9.05539,9.05539,9.21954,9.21954,9.21954,9.05539,9.21954,10.19804,9.21954,9.21954,10.19804,10.19804,9.05539,10.04988,10.04988,9.05539,9.05539,9.0,9.0,9.0,9.0,8.06226,8.06226,7.07107,7.07107,7.07107,6.08276,6.08276,5.09902,5.09902,5.09902,5.38516,5.38516,4.47214,4.47214,68.88396,60.92618,68.47627,62.6099,59.5063,59.5063,62.26556,60.82763,53.85165,55.07268,54.81788,51.97115,52.15362,49.09175,52.35456,49.20366,49.40648,50.80354,50.44799,41.7732,50.24938,45.34314,50.44799,48.10405,47.42362,44.20407,47.63402,52.49762,48.79549,52.40229,45.0,53.90733,46.01087,49.40648,46.75468,49.51767,45.34314,49.0408,48.16638,43.18565,44.20407,42.43819,40.80441,41.6173,39.96248,38.58756,37.12142,36.24914,33.61547,31.7805,29.73214,31.62278,29.06888,29.61419,26.92582,20.39608,23.0,40.45986,39.82462,38.18377,45.45327,43.60046,47.50789,42.0119,45.45327,50.80354,51.10773,52.35456,54.56189,55.15433,54.12947,56.30275,53.85165,63.15853,59.20304,58.94065,60.00833,59.20304,63.60031,56.7186,58.24946,60.82763,54.91812,53.33854,57.70615,51.78803,59.03389,52.63079,58.85576,54.40588,53.85165,57.72348,55.36244,48.08326,61.13101,57.56735,55.36244,59.61543,55.9017,61.84658,58.66856,63.15853,62.43397,62.76942,63.06346,68.09552,63.06346,67.53518,70.68239,71.55418,61.32699,70.23532,74.24284,70.17834
12.08305,12.08305,11.7047,12.08305,10.77033,10.77033,10.77033,9.84886,10.77033,10.44031,10.44031,10.44031,10.19804,10.19804,10.19804,10.19804,10.19804,9.21954,10.04988,10.04988,9.05539,10.04988,9.05539,10.0,10.04988,10.04988,10.04988,10.04988,10.04988,10.04988,10.04988,10.04988,10.19804,9.21954,9.48683,9.48683,8.544,8.544,8.544,8.544,7.61577,7.61577,6.7082,6.7082,5.83095,5.83095,5.83095,5.83095,5.0,5.0,5.0,4.24264,68.06614,68.06614,62.514,63.12686,64.12488,60.07495,63.50591,61.81424,53.60037,57.42822,55.44367,56.56854,54.45181,48.50773,51.97115,50.96077,50.32892,51.24451,50.0,53.16014,49.98,52.20153,49.24429,47.53946,48.10405,47.16991,48.75449,48.37355,48.37355,51.89412,52.80152,51.62364,50.56679,52.3259,48.75449,53.14132,49.24429,45.88028,51.24451,51.97115,44.72136,44.28318,44.14748,42.42641,44.72136,39.01282,39.05125,39.01282,35.01428,31.257,32.38827,30.26549,29.42788,27.29469,27.45906,25.0,26.0,41.6173,41.34005,38.07887,42.72002,41.14608,42.54409,45.60702,44.27189,52.49762,51.07837,52.95281,51.66237,57.00877,54.91812,57.87055,54.33231,59.3043,57.00877,62.20129,58.07753,57.00877,58.30952,59.13544,61.13101,57.07889,60.07495,54.03702,55.3263,55.9017,58.13777,55.08176,57.00877,56.0357,52.23983,55.22681,58.03447,54.00926,61.03278,57.42822,55.9017,60.13319,58.30952,64.12488,62.39391,59.3043,64.13267,66.09841,65.62012,66.61081,70.03571,64.93843,70.85901,68.88396,66.61081,70.45566,75.31268,70.03571
12.16553,12.16553,12.16553,12.16553,11.18034,11.18034,11.40175,10.44031,10.44031,10.44031,10.44031,10.44031,10.44031,10.77033,9.84886,9.84886,9.84886,9.84886,10.29563,10.29563,10.29563,10.29563,9.84886,10.29563,10.29563,10.29563,10.29563,10.29563,10.29563,10.29563,9.84886,9.84886,9.84886,9.84886,9.48683,9.48683,9.48683,9.21954,9.21954,8.24621,8.06226,7.07107,7.07107,7.07107,6.08276,6.08276,6.0,6.0,6.0,5.0,5.0,5.09902,67.35726,67.47592,68.60029,64.03124,62.1289,60.60528,58.60034,58.89822,52.15362,53.82379,53.53504,53.0,52.35456,48.02083,52.47857,49.73932,53.22593,52.3259,48.46648,46.23851,48.70318,45.31004,49.72927,47.53946,48.50773,50.69517,48.50773,48.27007,47.07441,47.53946,47.80167,50.0,47.80167,48.6621,47.53946,49.33559,46.32494,48.27007,48.8467,46.09772,43.82921,41.59327,42.05948,39.82462,42.54409,36.89173,36.79674,36.89173,35.0,31.14482,28.42534,27.65863,28.3196,24.41311,25.6125,26.1725,22.82542,40.16217,39.92493,42.54409,44.01136,45.17743,40.31129,44.41846,47.70744,49.64877,49.39636,51.40039,54.20332,55.0,58.41233,54.45181,54.56189,57.31492,57.38467,56.85068,55.0,57.62812,58.25805,57.00877,58.60034,55.22681,58.5235,58.30952,57.14018,56.85948,55.0,56.0357,56.61272,52.63079,57.00877,55.97321,55.17246,53.8145,54.03702,58.89822,59.39697,59.39697,55.17246,58.69412,64.81512,58.13777,62.482,64.81512,59.64059,64.63745,65.0,65.43699,70.45566,69.6563,66.61081,68.24222,71.28113,70.43437
