type,id,mac,rssi,rate,sig_mode,mcs,bandwidth,smoothing,not_sounding,aggregation,stbc,fec_coding,sgi,noise_floor,ampdu_cnt,channel,secondary_channel,local_timestamp,ant,sig_len,rx_state,len,first_word,data
CSI_DATA,60,2a:00:00:00:00:00,-43,11,1,0,1,1,1,0,0,0,1,-96,0,11,2,1026410,0,44,0,384,0,"[0,0,0,0,0,0,0,0,0,0,0,0,10,-5,9,-5,9,-5,9,-4,8,-4,8,-4,8,-4,8,-4,7,-3,6,-3,7,-3,6,-3,6,-3,5,-3,5,-3,5,-3,5,-3,5,-3,4,-3,4,-3,4,-2,3,-2,4,-2,3,-3,3,-2,3,-2,0,0,2,-2,2,-2,2,-2,2,-2,1,-2,1,-3,1,-3,1,-3,1,-3,1,-3,1,-3,0,-3,1,-3,1,-3,1,-3,1,-3,1,-3,1,-3,1,-3,1,-3,1,-3,1,-3,1,-3,1,-3,1,-2,1,-2,0,0,0,0,0,0,0,0,0,0,0,0,0,0,-65,-17,-64,-21,-58,-17,-64,-15,-66,-13,-53,-15,-50,-19,-46,-17,-51,-20,-36,-17,-39,-15,-42,-19,-40,-14,-40,-12,-35,-12,-36,-6,-35,-12,-30,-8,-28,-9,-36,-3,-30,-5,-31,-3,-26,-5,-27,-6,-25,-7,-21,-5,-25,-2,-25,-2,-19,-5,-19,2,-19,0,-19,-2,-18,-2,-10,-1,-19,0,-11,0,-12,0,-11,4,-10,4,-14,2,-16,7,-11,3,-14,10,-8,8,-9,12,-12,11,-7,7,-12,10,-9,4,-13,9,-9,5,-12,6,-12,9,-14,8,-13,6,-10,5,-13,4,0,0,0,0,0,0,0,0,0,0,0,0,0,0,0,0,0,0,0,0,0,0,-28,-4,-23,-7,-29,-9,-28,-12,-31,-15,-27,-13,-25,-20,-30,-17,-33,-26,-38,-26,-37,-26,-37,-28,-38,-33,-39,-32,-34,-34,-39,-44,-36,-42,-34,-50,-38,-44,-32,-56,-29,-57,-34,-61,-33,-67,-29,-64,-29,-67,-29,-72,-23,-70,-20,-71,-18,-76,-19,-68,-19,-77,-12,-71,-9,-78,-7,-78,-5,-79,-7,-78,-10,-83,-15,-82,-11,-82,-10,-79,-2,-76,-7,-83,-6,-73,-5,-90,-1,-72,1,-85,6,-82,3,-80,6,-78,6,-80,6,-75,7,-81,10,-75,12,-78,6,-73,11,-66,15,-73,0,0]"
CSI_DATA,61,2a:00:00:00:00:00,-43,11,1,0,1,1,1,0,0,0,1,-96,0,11,2,1036845,0,44,0,384,0,"[0,0,0,0,0,0,0,0,0,0,0,0,7,7,6,7,6,7,5,7,5,7,5,6,5,6,5,5,5,5,4,5,4,5,4,4,4,4,3,4,3,4,4,4,3,3,3,3,3,3,3,3,3,3,2,3,3,3,2,2,2,2,2,2,0,0,2,1,2,1,2,1,2,1,2,0,2,0,2,0,2,0,2,0,2,0,2,0,2,0,2,0,2,-1,2,0,2,0,2,0,2,0,2,0,2,0,2,0,2,0,2,0,2,0,2,1,2,1,0,0,0,0,0,0,0,0,0,0,0,0,0,0,41,51,36,53,37,52,36,49,33,49,31,49,27,46,25,47,25,41,27,42,27,37,26,36,22,34,20,33,21,35,21,32,17,33,17,26,18,28,19,28,19,25,19,23,19,21,16,19,11,20,14,18,14,16,12,17,12,15,13,15,12,12,13,13,11,12,10,9,14,7,11,4,10,1,13,3,12,3,15,-1,15,3,14,5,13,2,14,2,16,0,15,1,16,4,16,2,14,6,16,2,16,5,15,4,14,5,13,5,14,6,13,7,10,9,0,0,0,0,0,0,0,0,0,0,0,0,0,0,0,0,0,0,0,0,0,0,20,13,18,18,18,19,17,22,16,21,19,28,17,29,17,30,17,34,18,33,14,39,14,40,15,44,13,46,13,49,10,49,6,55,8,55,5,61,1,62,-1,63,-4,65,-10,64,-11,69,-14,71,-17,71,-20,69,-23,75,-26,70,-31,72,-29,68,-31,74,-32,69,-34,69,-37,71,-37,70,-36,66,-39,67,-45,64,-44,67,-44,68,-42,64,-46,65,-46,64,-47,67,-48,65,-47,64,-49,63,-50,60,-52,56,-55,55,-54,58,-58,57,-56,50,-57,51,-57,49,-57,46,0,0]"
CSI_DATA,62,2a:00:00:00:00:00,-43,11,1,0,1,1,1,0,0,0,1,-96,0,11,2,1046959,0,44,0,384,0,"[0,0,0,0,0,0,0,0,0,0,0,0,5,-9,5,-9,5,-9,5,-8,5,-8,5,-7,4,-7,4,-7,4,-7,4,-7,4,-6,4,-6,3,-6,3,-6,3,-5,3,-5,2,-5,3,-5,2,-5,2,-5,2,-5,2,-4,2,-4,1,-4,1,-4,1,-3,0,0,1,-3,0,-3,0,-3,0,-3,0,-3,0,-3,-1,-3,-1,-3,-1,-3,-1,-3,-1,-3,-1,-3,-1,-3,-1,-3,-1,-3,-1,-3,-1,-3,-1,-3,-1,-3,-1,-3,-1,-3,0,-3,0,-3,0,-3,0,-3,0,-3,0,0,0,0,0,0,0,0,0,0,0,0,0,0,26,-64,25,-59,26,-58,24,-56,28,-51,25,-49,26,-48,25,-47,25,-45,24,-41,22,-41,21,-37,19,-38,19,-38,24,-34,18,-32,21,-36,17,-33,16,-29,15,-27,13,-28,12,-25,14,-25,12,-25,9,-27,9,-23,10,-22,9,-21,6,-22,8,-17,6,-17,7,-14,3,-17,3,-17,-1,-13,1,-15,-1,-14,-1,-15,-1,-16,-4,-13,-5,-14,-5,-15,-4,-18,-3,-18,-4,-15,-3,-15,-2,-15,-3,-17,-3,-13,-4,-18,-2,-14,-2,-17,-1,-15,1,-16,2,-14,2,-15,2,-15,0,0,0,0,0,0,0,0,0,0,0,0,0,0,0,0,0,0,0,0,0,0,-3,-24,-1,-27,2,-29,4,-29,5,-30,9,-31,11,-35,12,-34,14,-35,17,-35,21,-36,24,-39,25,-39,30,-39,29,-38,35,-40,38,-44,40,-39,43,-39,46,-41,52,-40,54,-38,61,-32,61,-33,65,-27,66,-29,70,-24,70,-25,71,-21,73,-20,73,-19,76,-13,75,-14,75,-13,78,-11,75,-10,77,-5,79,-4,77,-2,80,-1,78,-1,81,-2,77,1,79,2,79,8,80,3,78,6,78,10,78,10,76,13,77,16,74,20,71,18,72,20,71,21,72,23,72,22,0,0]"
CSI_DATA,63,2a:00:00:00:00:00,-43,11,1,0,1,1,1,0,0,0,1,-96,0,11,2,1106391,0,44,0,384,0,"[0,0,0,0,0,0,0,0,0,0,0,0,-4,-11,-4,-10,-3,-10,-3,-10,-3,-10,-3,-9,-3,-9,-2,-8,-3,-8,-2,-8,-2,-8,-2,-7,-2,-7,-2,-7,-2,-7,-2,-6,-2,-6,-2,-6,-2,-6,-2,-5,-2,-5,-2,-5,-2,-4,-2,-4,-2,-4,-2,-4,0,0,-2,-3,-2,-3,-2,-3,-2,-3,-2,-3,-2,-2,-2,-2,-2,-2,-3,-2,-3,-2,-3,-2,-3,-2,-3,-2,-3,-2,-3,-2,-3,-2,-3,-2,-3,-2,-3,-2,-3,-2,-3,-2,-2,-2,-2,-3,-2,-2,-2,-3,-2,-3,0,0,0,0,0,0,0,0,0,0,0,0,0,0,-13,-67,-9,-65,-11,-63,-10,-61,-9,-58,-11,-55,-7,-54,-6,-53,-4,-50,-4,-50,-7,-45,-5,-45,-8,-44,-1,-41,-2,-40,-3,-37,-1,-38,-6,-34,-2,-35,-6,-34,-7,-31,-5,-29,-5,-29,-5,-27,-2,-25,-2,-24,-6,-26,-2,-23,-3,-23,-7,-19,-7,-19,-6,-19,-5,-14,-6,-14,-6,-12,-7,-12,-6,-11,-10,-12,-9,-10,-10,-10,-11,-12,-12,-10,-11,-10,-11,-11,-10,-9,-11,-10,-12,-11,-12,-10,-13,-12,-11,-12,-10,-12,-12,-14,-9,-10,-9,-11,-9,-13,-7,-13,-7,-15,0,0,0,0,0,0,0,0,0,0,0,0,0,0,0,0,0,0,0,0,0,0,-14,-19,-15,-23,-14,-24,-11,-26,-13,-28,-9,-32,-10,-31,-9,-34,-8,-36,-6,-36,-5,-43,-4,-45,-1,-46,0,-46,3,-51,3,-53,5,-56,13,-56,14,-60,13,-59,22,-62,22,-62,28,-64,33,-67,37,-62,38,-64,40,-60,46,-60,46,-61,50,-59,49,-54,54,-55,55,-54,54,-54,60,-55,56,-51,59,-50,59,-49,62,-47,62,-48,65,-46,62,-50,66,-48,67,-45,67,-41,67,-46,66,-41,69,-40,71,-35,73,-35,70,-30,66,-32,70,-30,68,-26,71,-28,73,-26,68,-24,0,0]"
CSI_DATA,64,2a:00:00:00:00:00,-43,11,1,0,1,1,1,0,0,0,1,-96,0,11,2,1116418,0,44,0,384,0,"[0,0,0,0,0,0,0,0,0,0,0,0,-11,-5,-10,-5,-10,-5,-9,-5,-9,-5,-9,-4,-8,-4,-8,-4,-8,-4,-7,-4,-7,-4,-7,-3,-6,-4,-6,-3,-6,-3,-6,-3,-6,-2,-6,-2,-5,-2,-5,-2,-5,-2,-5,-2,-5,-2,-4,-2,-4,-2,-4,-1,0,0,-4,-1,-3,-1,-3,-1,-3,-1,-3,0,-2,0,-3,0,-3,0,-3,0,-3,0,-3,0,-3,0,-3,1,-3,1,-3,0,-3,1,-3,1,-3,0,-3,0,-3,0,-3,0,-3,0,-3,0,-3,0,-3,0,-3,-1,0,0,0,0,0,0,0,0,0,0,0,0,0,0,-63,-30,-61,-30,-56,-29,-58,-27,-54,-28,-50,-27,-50,-30,-46,-26,-46,-27,-44,-24,-42,-25,-41,-24,-41,-21,-36,-22,-37,-21,-37,-20,-32,-20,-32,-18,-30,-18,-31,-13,-32,-14,-31,-14,-27,-12,-25,-11,-22,-11,-22,-11,-23,-9,-20,-5,-18,-8,-20,-8,-20,-5,-19,-3,-17,-3,-14,0,-17,-1,-13,1,-14,2,-14,2,-12,4,-16,2,-17,3,-15,3,-14,7,-15,6,-15,6,-17,4,-15,3,-16,5,-16,2,-15,4,-17,2,-18,2,-16,5,-16,1,-16,2,-17,-2,-17,-1,0,0,0,0,0,0,0,0,0,0,0,0,0,0,0,0,0,0,0,0,0,0,-25,-4,-26,-8,-27,-9,-28,-11,-28,-14,-29,-14,-30,-20,-31,-22,-32,-23,-31,-25,-33,-26,-34,-31,-34,-31,-36,-36,-37,-39,-34,-44,-34,-46,-33,-48,-37,-53,-33,-54,-29,-58,-28,-66,-26,-65,-26,-68,-21,-71,-23,-75,-19,-73,-15,-77,-13,-76,-10,-77,-9,-80,-7,-78,-2,-81,-1,-80,0,-80,-1,-81,3,-83,-2,-82,4,-82,3,-83,6,-81,5,-81,7,-82,8,-85,11,-81,9,-80,14,-82,17,-80,18,-79,19,-79,21,-78,20,-79,23,-77,24,-73,26,-75,25,-73,27,-71,0,0]"
CSI_DATA,65,2a:00:00:00:00:00,-43,11,1,0,1,1,1,0,0,0,1,-96,0,11,2,1126552,0,44,0,384,0,"[0,0,0,0,0,0,0,0,0,0,0,0,-4,10,-4,9,-4,10,-4,9,-4,9,-4,8,-3,8,-3,7,-3,7,-3,7,-3,6,-3,6,-3,6,-3,5,-2,5,-2,5,-2,5,-2,5,-2,5,-2,5,-2,4,-2,4,-2,4,-2,3,-1,3,-1,3,0,0,-1,2,-1,3,-1,2,0,2,0,2,0,2,0,2,0,2,0,2,1,2,1,2,0,2,0,2,1,2,1,2,1,2,0,2,1,2,0,2,1,2,0,2,0,2,0,2,0,2,0,2,-1,2,0,0,0,0,0,0,0,0,0,0,0,0,0,0,-6,65,-8,59,-9,66,-10,58,-9,55,-11,58,-12,53,-12,54,-11,46,-10,49,-8,44,-9,44,-7,40,-9,38,-9,37,-8,35,-10,35,-9,35,-7,34,-5,29,-5,31,-8,29,-7,28,-3,27,-5,26,-3,27,-1,21,-3,21,-2,20,-3,20,-3,16,2,18,0,16,1,13,1,14,5,15,5,12,6,12,6,11,10,12,3,10,7,11,6,14,7,13,8,14,12,14,11,14,8,14,8,13,10,15,7,14,7,14,9,15,4,13,2,13,1,13,2,15,0,0,0,0,0,0,0,0,0,0,0,0,0,0,0,0,0,0,0,0,0,0,6,22,4,25,2,26,0,30,-2,28,-4,33,-6,34,-8,35,-5,35,-11,39,-15,39,-16,40,-17,42,-20,42,-25,45,-26,43,-30,49,-33,47,-38,48,-39,49,-42,47,-45,49,-50,44,-55,44,-56,44,-61,41,-62,38,-66,39,-66,36,-72,37,-68,30,-73,30,-70,33,-71,32,-72,29,-74,27,-71,24,-76,21,-76,20,-74,19,-79,22,-74,19,-82,18,-79,17,-79,16,-79,15,-77,12,-79,14,-81,12,-80,8,-76,5,-78,2,-79,0,-72,-1,-77,-3,-77,-2,-73,-2,0,0]"
CSI_DATA,66,2a:00:00:00:00:00,-43,11,1,0,1,1,1,0,0,0,1,-96,0,11,2,1137077,0,44,0,384,0,"[0,0,0,0,0,0,0,0,0,0,0,0,-1,11,-1,10,-1,10,-2,9,-2,9,-2,8,-1,8,-1,8,-2,7,-2,8,-2,7,-1,6,-1,7,-1,6,-1,6,-1,6,-1,5,-1,5,-1,5,-1,5,-1,5,-1,4,-1,4,-1,4,-1,4,-1,3,0,0,0,3,0,3,0,2,0,2,0,2,0,2,0,2,1,2,1,2,1,2,1,2,1,2,1,2,1,2,1,2,1,2,1,2,1,2,1,2,1,2,1,2,1,2,1,2,0,2,0,2,0,2,0,0,0,0,0,0,0,0,0,0,0,0,0,0,9,66,5,64,7,63,6,58,6,59,3,53,3,55,2,53,0,51,3,48,1,44,2,42,1,40,3,43,-2,37,4,37,0,38,2,36,4,33,3,31,3,31,3,29,4,27,4,27,1,26,3,24,5,22,5,22,2,21,5,19,5,17,4,16,2,15,5,13,7,13,7,12,10,9,7,9,10,7,11,7,13,8,11,7,13,8,11,9,12,6,13,10,13,9,12,10,12,9,12,9,10,10,10,13,10,12,9,10,8,11,11,13,7,13,0,0,0,0,0,0,0,0,0,0,0,0,0,0,0,0,0,0,0,0,0,0,8,22,6,24,3,27,3,29,3,29,1,31,-1,32,-3,35,-3,38,-6,39,-9,42,-10,41,-8,43,-14,46,-14,49,-19,52,-21,50,-27,51,-27,52,-32,54,-34,52,-40,53,-40,52,-47,54,-52,52,-53,51,-54,49,-58,48,-57,48,-59,46,-61,45,-63,44,-64,44,-66,39,-69,42,-67,39,-67,38,-71,35,-70,37,-73,36,-71,34,-72,38,-73,34,-76,33,-72,31,-76,33,-72,26,-74,27,-74,28,-79,24,-76,20,-74,20,-74,17,-69,18,-73,15,-73,14,-73,16,0,0]"
CSI_DATA,67,2a:00:00:00:00:00,-43,11,1,0,1,1,1,0,0,0,1,-96,0,11,2,1157150,0,44,0,384,0,"[0,0,0,0,0,0,0,0,0,0,0,0,10,1,9,1,9,1,8,1,8,1,8,1,8,1,7,1,7,1,6,1,6,1,6,1,6,1,5,1,5,1,6,0,5,0,5,0,4,0,4,0,4,0,4,0,4,0,3,0,3,0,3,0,0,0,3,0,2,-1,2,-1,2,-1,1,-1,1,-1,2,-2,1,-2,2,-2,2,-2,2,-2,1,-2,2,-2,2,-2,2,-2,2,-2,2,-2,2,-2,2,-2,2,-2,2,-1,2,-2,2,-1,2,-1,2,-1,2,-1,0,0,0,0,0,0,0,0,0,0,0,0,0,0,66,-4,60,-3,64,-1,61,-1,56,-2,58,-1,52,0,51,0,49,1,49,1,48,1,45,1,44,1,40,4,40,1,40,-1,37,1,35,-3,34,1,32,-2,32,-3,31,0,28,-3,26,-1,23,-2,22,-1,23,-3,21,-4,20,-4,22,-5,19,-3,17,-4,15,-5,10,-6,13,-7,11,-6,11,-8,10,-9,10,-8,12,-10,11,-8,9,-11,9,-14,9,-11,10,-13,10,-12,11,-11,9,-14,11,-10,13,-9,11,-11,13,-12,14,-7,10,-10,11,-10,12,-5,11,-4,0,0,0,0,0,0,0,0,0,0,0,0,0,0,0,0,0,0,0,0,0,0,23,-9,25,-10,27,-8,28,-7,30,-4,34,-1,33,-1,32,2,36,2,39,5,40,6,42,8,45,10,48,12,48,16,48,16,52,20,49,21,55,24,54,30,53,36,54,40,53,42,56,44,52,47,50,51,48,52,49,59,47,57,51,60,45,60,43,64,41,66,39,65,39,68,35,69,37,69,38,70,35,69,35,66,33,72,34,69,34,74,32,74,31,76,26,74,24,75,23,74,23,75,20,77,20,74,20,74,16,73,15,72,14,74,9,76,15,70,0,0]"
CSI_DATA,68,2a:00:00:00:00:00,-43,11,1,0,1,1,1,0,0,0,1,-96,0,11,2,1176428,0,44,0,384,0,"[0,0,0,0,0,0,0,0,0,0,0,0,-5,9,-5,9,-5,8,-5,8,-5,7,-5,7,-5,7,-5,7,-5,6,-4,6,-4,6,-4,5,-3,5,-3,5,-3,5,-3,4,-3,4,-3,4,-3,4,-2,4,-2,4,-2,3,-2,3,-2,3,-2,3,-2,3,0,0,-2,2,-1,2,-1,2,-1,2,-1,2,-1,2,0,2,0,2,0,2,0,2,0,2,0,2,0,2,0,2,0,2,0,2,0,2,0,2,0,2,0,2,0,2,0,2,-1,2,-1,2,-1,2,-1,2,0,0,0,0,0,0,0,0,0,0,0,0,0,0,-31,59,-31,55,-26,55,-30,48,-32,52,-31,45,-32,48,-31,43,-27,43,-28,37,-25,38,-26,36,-24,35,-24,36,-26,31,-20,30,-21,31,-18,31,-18,30,-16,27,-18,26,-17,24,-15,24,-12,24,-12,23,-13,23,-15,19,-10,23,-11,19,-9,15,-7,15,-9,16,-7,16,-5,15,-3,14,-4,14,0,13,0,13,-1,15,3,14,2,15,2,12,1,15,1,15,2,16,1,14,2,16,-1,17,3,13,1,16,0,15,0,17,-4,14,-3,14,-4,16,-5,16,-4,15,0,0,0,0,0,0,0,0,0,0,0,0,0,0,0,0,0,0,0,0,0,0,1,24,0,23,-4,26,-6,27,-12,28,-9,28,-13,31,-15,31,-15,32,-19,35,-21,36,-25,35,-25,39,-30,38,-34,36,-35,41,-40,37,-44,38,-43,36,-51,35,-52,37,-59,35,-61,30,-62,31,-67,27,-67,28,-69,21,-74,19,-73,16,-74,16,-74,12,-77,11,-77,10,-78,8,-78,5,-78,3,-80,3,-79,3,-78,2,-80,2,-79,-3,-83,-4,-78,-7,-82,-8,-78,-9,-80,-8,-78,-12,-78,-16,-80,-18,-79,-18,-76,-21,-75,-21,-74,-23,-71,-24,-74,-24,-70,-26,-68,-28,0,0]"
CSI_DATA,69,2a:00:00:00:00:00,-43,11,1,0,1,1,1,0,0,0,1,-96,0,11,2,1187109,0,44,0,384,0,"[0,0,0,0,0,0,0,0,0,0,0,0,10,1,10,1,9,2,9,2,8,2,8,1,8,1,8,1,7,1,6,1,7,1,7,1,6,1,6,1,6,1,5,0,6,0,5,0,5,0,4,0,4,0,4,0,4,0,3,0,3,0,3,0,0,0,3,-1,2,-1,2,-1,2,-1,2,-1,2,-2,1,-2,2,-2,2,-2,2,-2,2,-2,2,-2,1,-2,2,-2,2,-2,2,-2,2,-2,2,-2,2,-2,2,-2,2,-2,2,-2,2,-2,2,-2,2,-1,2,-1,0,0,0,0,0,0,0,0,0,0,0,0,0,0,66,8,62,12,61,10,61,8,57,10,56,12,50,10,50,10,47,12,48,13,46,7,44,10,42,9,39,7,39,12,37,8,36,7,33,6,33,6,31,6,32,5,28,5,29,4,25,0,23,1,24,2,22,3,20,2,19,3,21,1,18,0,17,-2,13,-3,13,-2,14,-3,12,-6,11,-7,10,-7,10,-7,13,-8,11,-9,12,-7,11,-10,12,-11,12,-12,13,-8,14,-9,11,-10,13,-9,12,-8,13,-9,13,-10,14,-7,16,-6,13,-6,15,-3,13,-5,0,0,0,0,0,0,0,0,0,0,0,0,0,0,0,0,0,0,0,0,0,0,23,-4,27,0,27,1,29,3,29,4,30,6,33,6,35,8,35,11,33,12,35,18,37,19,39,21,40,25,44,29,43,30,47,34,44,37,46,39,45,41,46,43,45,49,42,49,40,57,36,58,37,64,33,67,37,68,31,64,30,72,26,67,27,74,27,71,28,71,26,73,24,73,19,70,16,76,15,75,15,78,17,79,16,77,12,81,13,80,13,78,12,81,11,78,10,78,10,79,4,76,0,76,-2,79,-2,76,1,73,-5,73,-2,75,-4,70,0,0]"
CSI_DATA,70,2a:00:00:00:00:00,-43,11,1,0,1,1,1,0,0,0,1,-96,0,11,2,1206368,0,44,0,384,0,"[0,0,0,0,0,0,0,0,0,0,0,0,-7,7,-7,7,-6,7,-6,7,-7,6,-7,5,-6,5,-6,5,-6,5,-5,5,-5,4,-5,4,-5,4,-5,4,-5,4,-5,4,-4,3,-4,3,-4,3,-4,3,-3,3,-3,3,-3,2,-3,3,-3,2,-3,2,0,0,-3,2,-2,2,-2,2,-2,1,-1,2,-1,2,-1,2,-1,2,-1,2,-1,2,-1,2,-1,2,-1,2,-1,2,-1,2,-1,2,-1,2,-1,2,-1,2,-1,2,-1,2,-1,2,-2,2,-2,2,-2,2,-2,2,0,0,0,0,0,0,0,0,0,0,0,0,0,0,-44,50,-42,51,-42,47,-39,43,-42,43,-41,43,-38,40,-38,40,-37,36,-36,31,-34,29,-35,30,-33,27,-30,29,-31,25,-29,25,-28,26,-27,27,-24,24,-26,20,-22,23,-22,20,-19,20,-19,21,-20,18,-17,17,-18,15,-15,18,-16,16,-14,14,-12,15,-11,10,-9,14,-7,13,-4,11,-6,15,-5,13,-3,11,-2,13,-3,12,-3,15,0,15,-3,13,-2,16,-2,13,-3,16,-2,15,-4,16,-3,15,-3,13,-4,14,-4,15,-4,15,-5,13,-7,14,-6,14,-9,11,0,0,0,0,0,0,0,0,0,0,0,0,0,0,0,0,0,0,0,0,0,0,-4,23,-6,22,-10,25,-13,26,-15,27,-12,27,-16,27,-21,29,-23,30,-23,30,-28,30,-31,31,-34,34,-37,33,-41,29,-44,30,-46,30,-51,28,-50,29,-55,24,-59,21,-64,24,-67,20,-69,16,-70,10,-73,12,-74,4,-77,5,-78,1,-75,1,-79,-3,-76,-4,-77,-6,-78,-13,-80,-10,-80,-14,-77,-15,-79,-16,-78,-18,-80,-19,-76,-21,-77,-19,-76,-23,-78,-23,-74,-27,-76,-29,-74,-31,-74,-29,-72,-33,-73,-34,-69,-36,-69,-38,-65,-40,-64,-40,-67,-41,-61,-42,-61,-38,0,0]"
CSI_DATA,71,2a:00:00:00:00:00,-43,11,1,0,1,1,1,0,0,0,1,-96,0,11,2,1216418,0,44,0,384,0,"[0,0,0,0,0,0,0,0,0,0,0,0,-2,10,-2,9,-2,9,-2,9,-2,8,-2,8,-2,8,-2,7,-2,7,-2,7,-2,6,-2,6,-2,6,-2,6,-2,5,-1,5,-1,5,-1,5,-1,5,-1,4,-1,4,-1,4,-1,3,-1,4,-1,3,0,3,0,0,0,2,0,2,0,2,0,2,0,2,0,2,1,2,1,2,1,2,1,1,1,2,1,2,1,2,1,2,1,2,1,2,1,2,1,2,1,2,1,2,1,2,0,2,1,2,0,2,0,2,0,2,0,0,0,0,0,0,0,0,0,0,0,0,0,0,-16,64,-20,67,-19,61,-20,62,-19,59,-19,52,-21,55,-19,51,-20,49,-15,43,-16,45,-15,42,-16,43,-16,41,-13,36,-12,38,-16,35,-13,34,-12,31,-10,31,-10,30,-8,30,-9,28,-9,26,-8,24,-8,25,-5,23,-5,22,-6,21,-3,18,-4,19,-2,13,-3,16,-2,14,2,14,0,14,3,14,5,14,4,14,4,12,7,12,8,11,6,13,7,13,5,12,10,15,6,14,6,15,4,13,7,15,5,14,5,15,5,15,5,17,3,14,4,16,2,15,0,0,0,0,0,0,0,0,0,0,0,0,0,0,0,0,0,0,0,0,0,0,2,25,0,24,-3,28,-3,28,-6,32,-10,30,-12,31,-9,33,-14,36,-18,37,-20,38,-21,38,-24,40,-28,42,-28,43,-35,43,-34,44,-42,44,-43,45,-46,42,-51,42,-53,40,-62,42,-63,37,-64,37,-66,35,-69,29,-67,29,-76,28,-71,26,-77,22,-75,21,-78,20,-75,19,-79,17,-79,17,-82,16,-77,15,-82,12,-79,10,-77,8,-85,9,-79,6,-87,7,-75,2,-83,5,-81,4,-84,-1,-81,-1,-83,-6,-81,-6,-78,-6,-73,-8,-77,-11,-77,-8,-74,-12,-79,-13,0,0]"
CSI_DATA,72,2a:00:00:00:00:00,-43,11,1,0,1,1,1,0,0,0,1,-96,0,11,2,1226404,0,44,0,384,0,"[0,0,0,0,0,0,0,0,0,0,0,0,-3,10,-3,10,-3,10,-3,10,-3,9,-3,8,-3,8,-3,7,-3,7,-3,7,-2,7,-3,6,-3,6,-2,6,-2,6,-2,5,-2,5,-2,5,-2,5,-2,5,-2,4,-2,4,-1,3,-1,4,-1,4,-1,3,0,0,-1,2,-1,3,-1,2,0,2,0,2,0,2,0,2,0,2,0,2,1,2,1,2,1,2,0,2,1,2,1,2,1,2,1,2,1,2,1,2,0,2,0,2,0,2,0,2,0,2,0,2,0,2,0,0,0,0,0,0,0,0,0,0,0,0,0,0,-10,67,-8,64,-8,61,-11,58,-8,58,-11,54,-11,54,-13,52,-10,46,-9,45,-10,42,-10,43,-11,43,-9,39,-7,35,-6,36,-7,36,-6,36,-8,35,-6,32,-5,32,-6,26,-5,28,-6,25,-5,28,-5,25,-4,22,-5,23,-3,21,1,19,0,17,0,16,-1,14,-1,12,2,13,3,13,2,13,3,11,4,10,7,10,9,11,9,10,9,10,7,14,9,12,7,15,8,12,8,13,8,16,6,13,5,15,5,15,5,14,5,13,4,13,2,13,3,13,0,0,0,0,0,0,0,0,0,0,0,0,0,0,0,0,0,0,0,0,0,0,8,22,6,25,5,26,3,29,2,29,1,33,-3,31,-2,34,-7,39,-4,36,-8,40,-11,42,-10,45,-13,47,-21,49,-24,46,-28,51,-26,48,-30,51,-36,47,-40,47,-49,51,-45,47,-47,50,-52,47,-53,48,-58,48,-64,43,-62,39,-68,42,-65,38,-71,36,-69,30,-75,30,-73,28,-75,27,-70,28,-70,29,-74,29,-77,30,-79,27,-75,24,-78,20,-77,20,-79,19,-74,17,-76,14,-78,12,-79,10,-79,9,-79,8,-79,9,-81,6,-69,3,-75,2,-75,1,-72,0,0,0]"
CSI_DATA,73,2a:00:00:00:00:00,-43,11,1,0,1,1,1,0,0,0,1,-96,0,11,2,1236396,0,44,0,384,0,"[0,0,0,0,0,0,0,0,0,0,0,0,7,7,6,7,6,7,6,7,5,6,5,6,5,6,5,5,4,5,4,5,4,5,4,4,4,4,4,4,4,4,3,3,4,3,3,3,3,3,3,3,2,3,3,3,2,2,3,2,2,2,2,2,0,0,2,1,2,1,2,1,2,0,2,1,2,0,2,0,2,0,2,0,2,0,2,0,2,0,2,0,2,0,2,-1,2,-1,2,0,2,0,2,0,2,0,2,0,2,0,2,0,2,0,2,0,2,1,0,0,0,0,0,0,0,0,0,0,0,0,0,0,39,50,35,53,36,52,38,48,34,47,30,44,29,47,29,46,27,44,24,40,25,39,24,36,23,34,22,35,20,36,21,33,16,32,15,31,17,27,17,26,19,25,18,24,15,23,15,22,13,21,14,21,15,17,12,21,11,16,14,13,13,12,12,12,11,9,10,9,13,6,8,7,13,6,12,4,12,5,15,4,15,1,18,1,16,3,13,5,13,2,18,3,16,1,16,2,16,3,15,3,15,4,16,5,14,5,15,5,13,8,13,8,11,9,0,0,0,0,0,0,0,0,0,0,0,0,0,0,0,0,0,0,0,0,0,0,19,14,20,14,21,18,18,21,20,22,18,24,19,26,19,28,18,31,19,34,18,38,20,41,15,41,13,47,15,48,13,51,14,54,9,57,8,58,7,63,1,63,0,67,-6,70,-9,69,-14,68,-14,71,-17,69,-19,72,-23,72,-25,72,-26,71,-28,71,-30,70,-31,70,-35,72,-36,69,-38,68,-37,69,-41,66,-40,66,-41,66,-41,71,-43,66,-44,69,-45,64,-44,65,-47,63,-48,64,-52,62,-52,58,-54,60,-51,54,-54,52,-54,53,-54,52,-54,51,-57,51,0,0]"
CSI_DATA,74,2a:00:00:00:00:00,-43,11,1,0,1,1,1,0,0,0,1,-96,0,11,2,1246455,0,44,0,384,0,"[0,0,0,0,0,0,0,0,0,0,0,0,9,3,9,3,9,3,8,4,8,3,7,3,7,3,7,3,7,3,6,3,6,3,6,2,5,2,5,2,5,2,5,2,5,1,5,1,4,1,4,1,3,1,3,1,4,1,3,1,3,1,3,1,0,0,3,0,2,0,2,0,2,0,2,-1,2,-1,2,-1,2,-1,2,-1,2,-1,2,-2,2,-2,2,-2,2,-2,2,-1,2,-1,2,-2,2,-1,2,-1,2,-1,2,-1,2,-1,2,-1,2,-1,2,-1,2,0,0,0,0,0,0,0,0,0,0,0,0,0,0,0,61,22,58,23,60,21,58,22,53,21,51,22,49,22,48,22,42,22,44,19,42,17,43,18,40,16,33,17,37,18,38,14,32,18,31,14,29,13,30,12,33,10,27,12,26,12,25,8,21,6,21,6,22,9,21,6,17,6,17,5,18,4,18,2,16,2,13,0,15,-2,14,-1,10,-3,11,-3,11,-4,14,-6,15,-6,13,-5,12,-6,12,-7,15,-8,14,-5,15,-6,15,-7,13,-5,14,-4,14,-4,15,-3,15,-5,13,-4,16,-2,15,-2,12,0,0,0,0,0,0,0,0,0,0,0,0,0,0,0,0,0,0,0,0,0,0,0,22,1,26,-1,25,5,29,7,28,7,29,12,31,10,33,13,32,15,33,17,35,23,36,23,38,25,40,29,39,33,38,34,41,38,38,42,37,47,41,49,36,51,36,53,34,59,32,64,29,67,31,68,23,68,23,72,20,70,22,75,16,72,15,77,12,75,14,77,13,76,11,76,9,76,8,79,5,79,7,75,2,79,4,75,2,81,0,80,-4,78,-4,82,-4,79,-5,79,-9,78,-12,74,-11,75,-13,75,-16,76,-13,72,-18,71,-20,73,-19,72,0,0]"
CSI_DATA,75,2a:00:00:00:00:00,-43,11,1,0,1,1,1,0,0,0,1,-96,0,11,2,1256425,0,44,0,384,0,"[0,0,0,0,0,0,0,0,0,0,0,0,6,7,6,7,6,7,5,7,5,6,5,6,5,6,5,5,4,5,4,5,4,5,4,5,3,4,3,4,3,4,3,4,3,4,3,3,3,3,3,3,2,3,2,2,2,2,2,2,2,2,2,2,0,0,2,1,1,1,2,1,2,1,1,0,2,0,1,0,2,0,2,0,2,0,2,0,2,0,2,0,2,0,2,0,2,0,2,0,2,0,2,0,2,0,2,0,2,0,2,0,2,0,2,1,2,1,0,0,0,0,0,0,0,0,0,0,0,0,0,0,41,51,37,49,37,51,36,47,36,47,33,46,29,43,28,45,26,41,27,40,27,38,28,37,24,37,23,33,24,31,25,29,21,31,18,29,17,25,21,26,21,25,19,21,17,19,19,22,16,19,15,18,15,18,14,16,11,14,13,15,15,11,15,11,11,8,12,7,13,6,11,4,10,3,10,4,14,2,12,1,14,3,15,1,13,2,15,1,16,1,15,2,17,2,17,0,15,4,14,3,15,4,15,4,15,5,16,5,15,5,15,6,11,7,0,0,0,0,0,0,0,0,0,0,0,0,0,0,0,0,0,0,0,0,0,0,20,13,20,14,18,17,20,21,19,22,19,25,16,26,17,30,16,31,17,32,17,38,16,40,17,43,14,46,14,49,11,48,8,56,7,54,9,61,3,62,1,63,-3,66,-7,66,-9,69,-12,68,-16,73,-17,71,-20,71,-25,71,-25,74,-26,69,-29,72,-32,69,-33,70,-35,73,-35,67,-33,69,-36,70,-38,68,-38,68,-43,67,-37,69,-43,67,-45,67,-46,65,-44,65,-47,62,-49,63,-50,61,-53,60,-49,58,-54,57,-54,56,-52,51,-55,53,-54,50,-53,49,0,0]"
CSI_DATA,76,2a:00:00:00:00:00,-43,11,1,0,1,1,1,0,0,0,1,-96,0,11,2,1266369,0,44,0,384,0,"[0,0,0,0,0,0,0,0,0,0,0,0,4,9,4,8,4,9,3,8,3,8,3,7,3,7,3,7,2,6,2,6,2,6,2,6,2,6,2,5,2,5,2,5,2,4,2,4,2,4,2,4,1,4,1,4,1,3,1,3,1,3,1,2,0,0,1,2,1,2,1,2,1,1,1,1,1,1,1,1,1,1,2,0,2,1,2,1,2,0,2,1,2,1,2,0,2,1,2,1,2,1,2,1,2,1,2,1,2,1,2,1,2,1,1,1,1,1,0,0,0,0,0,0,0,0,0,0,0,0,0,0,21,61,22,64,22,61,20,57,22,57,16,51,15,53,13,52,13,49,12,45,13,44,13,43,12,41,12,42,10,35,12,35,10,36,10,35,7,32,11,30,12,31,12,27,11,25,10,24,8,26,8,22,9,20,8,19,7,19,10,15,9,16,10,13,9,11,8,9,11,8,7,8,8,8,11,7,11,6,13,6,13,7,14,7,12,4,14,4,14,4,14,6,16,7,15,8,14,7,13,7,12,8,13,10,11,8,14,6,11,10,10,10,10,11,0,0,0,0,0,0,0,0,0,0,0,0,0,0,0,0,0,0,0,0,0,0,11,22,10,21,11,25,8,27,9,28,5,30,4,31,4,33,3,38,2,37,1,40,2,43,-1,46,-3,49,-6,51,-10,51,-11,54,-15,56,-15,57,-22,60,-25,58,-27,60,-32,59,-34,61,-37,60,-37,61,-43,60,-46,59,-47,58,-51,59,-52,58,-53,55,-54,54,-57,52,-57,53,-58,49,-59,52,-57,51,-60,48,-61,51,-62,50,-62,53,-64,48,-67,50,-59,44,-66,47,-68,42,-68,44,-70,42,-71,39,-66,36,-67,37,-67,32,-66,32,-70,33,-68,31,-68,28,0,0]"
CSI_DATA,77,2a:00:00:00:00:00,-43,11,1,0,1,1,1,0,0,0,1,-96,0,11,2,1276400,0,44,0,384,0,"[0,0,0,0,0,0,0,0,0,0,0,0,9,5,8,5,8,5,7,5,7,5,6,4,7,4,6,4,6,4,5,4,6,3,5,3,5,3,4,3,4,3,5,3,4,2,4,2,4,2,3,2,3,2,3,2,3,2,3,2,3,1,3,1,0,0,2,1,2,0,2,0,2,0,2,0,2,0,2,-1,2,-1,2,-1,2,-1,2,-1,2,-1,2,-1,2,-1,2,-1,2,-1,2,-1,2,-1,2,-1,2,-1,2,-1,2,-1,2,0,2,0,2,0,2,0,0,0,0,0,0,0,0,0,0,0,0,0,0,0,60,25,59,26,56,25,56,23,54,24,51,24,47,24,46,23,42,23,44,21,43,21,39,19,39,20,35,18,35,18,35,14,32,17,32,16,28,14,30,12,28,11,28,12,24,11,24,10,22,8,20,7,22,7,19,6,17,6,18,8,20,4,16,5,14,0,14,-2,14,1,13,0,13,-1,13,-3,13,-5,14,-3,15,-4,14,-5,15,-5,13,-7,14,-7,14,-8,14,-8,14,-8,15,-6,15,-3,14,-6,15,-3,15,-5,16,-3,15,-4,14,-3,12,1,0,0,0,0,0,0,0,0,0,0,0,0,0,0,0,0,0,0,0,0,0,0,23,2,24,5,24,6,28,7,26,13,28,13,28,14,29,18,32,18,31,21,31,23,34,26,35,30,32,29,37,36,33,39,38,42,35,45,32,49,31,53,30,53,32,61,29,61,23,63,22,68,21,66,21,71,17,73,18,75,15,76,11,73,6,76,6,75,3,76,3,76,4,76,2,77,2,78,-3,77,1,76,-3,80,-1,77,-5,80,-6,82,-8,79,-6,80,-12,78,-12,78,-14,79,-19,76,-16,75,-16,76,-20,74,-20,71,-19,71,-23,71,-24,68,0,0]"
CSI_DATA,78,2a:00:00:00:00:00,-43,11,1,0,1,1,1,0,0,0,1,-96,0,11,2,1286372,0,44,0,384,0,"[0,0,0,0,0,0,0,0,0,0,0,0,8,6,7,6,7,6,6,6,6,6,5,5,5,5,5,5,5,5,5,4,5,4,5,4,4,4,4,4,4,3,4,3,4,3,4,3,3,2,3,3,3,2,3,2,3,2,2,2,2,2,2,1,0,0,2,1,2,1,2,0,2,0,1,0,2,0,2,0,2,0,2,0,2,0,2,-1,2,-1,2,-1,2,-1,2,-1,2,-1,2,-1,2,0,2,0,2,0,2,0,2,0,2,0,2,0,2,0,2,0,0,0,0,0,0,0,0,0,0,0,0,0,0,0,47,46,47,47,44,42,45,41,42,42,39,40,37,42,35,40,32,39,30,34,34,33,31,32,30,32,27,31,27,31,26,27,21,28,23,27,20,24,24,21,25,22,23,21,17,18,20,17,17,17,16,18,18,16,15,14,12,12,16,12,14,10,14,13,12,8,12,6,12,7,11,4,12,2,11,0,12,2,12,2,16,0,15,2,14,0,17,1,14,-1,17,1,17,2,16,1,13,4,14,0,15,0,14,3,15,2,15,4,16,4,15,6,14,6,0,0,0,0,0,0,0,0,0,0,0,0,0,0,0,0,0,0,0,0,0,0,22,9,22,10,22,13,23,14,25,18,23,20,24,21,22,23,25,29,24,31,23,32,24,37,25,39,25,40,23,43,22,46,20,52,21,54,18,55,18,59,14,62,14,66,9,68,6,69,1,71,-2,72,-5,73,-4,75,-6,75,-10,75,-12,74,-17,73,-17,75,-18,75,-21,76,-21,75,-24,77,-23,76,-29,73,-28,74,-27,72,-28,76,-29,74,-33,78,-31,72,-31,70,-35,68,-37,70,-39,69,-42,68,-42,63,-42,64,-46,60,-43,63,-46,63,-44,57,-46,58,0,0]"
CSI_DATA,79,2a:00:00:00:00:00,-43,11,1,0,1,1,1,0,0,0,1,-96,0,11,2,1296450,0,44,0,384,0,"[0,0,0,0,0,0,0,0,0,0,0,0,9,-5,9,-5,8,-5,9,-4,8,-4,8,-4,8,-3,7,-3,7,-3,6,-3,7,-3,6,-3,5,-3,5,-3,5,-3,5,-3,5,-3,5,-3,4,-3,4,-3,4,-2,3,-2,3,-2,3,-3,3,-2,3,-2,0,0,2,-2,2,-2,1,-3,1,-2,1,-3,1,-3,1,-3,1,-3,1,-3,1,-3,1,-3,0,-3,0,-3,1,-3,1,-3,1,-3,1,-3,1,-3,1,-3,1,-3,1,-3,1,-3,1,-3,1,-3,1,-3,1,-2,0,0,0,0,0,0,0,0,0,0,0,0,0,0,56,-33,55,-28,54,-31,54,-28,52,-27,53,-24,48,-26,49,-24,44,-21,46,-18,45,-19,42,-17,41,-19,38,-15,36,-15,34,-17,34,-18,28,-18,30,-17,30,-14,29,-14,26,-12,25,-16,23,-13,22,-12,20,-13,20,-13,20,-13,15,-11,17,-11,16,-10,13,-8,10,-11,12,-12,9,-11,7,-11,7,-14,4,-15,6,-17,6,-11,3,-14,3,-12,4,-15,4,-15,3,-17,4,-16,2,-17,4,-17,6,-15,5,-15,6,-15,6,-15,7,-14,7,-15,10,-13,8,-13,9,-13,0,0,0,0,0,0,0,0,0,0,0,0,0,0,0,0,0,0,0,0,0,0,17,-17,19,-17,21,-18,22,-16,25,-15,28,-15,27,-13,31,-13,35,-15,34,-13,39,-12,43,-11,47,-8,48,-6,49,-6,52,-4,57,-2,57,0,62,3,61,6,64,8,64,12,67,18,69,19,67,24,68,25,66,28,67,31,65,34,67,35,63,37,64,42,64,42,63,43,62,45,60,46,59,47,63,46,60,48,61,48,59,51,59,49,58,56,60,53,56,56,56,59,53,60,55,59,51,58,50,60,51,61,44,62,44,61,41,61,44,60,40,61,40,60,0,0]"
CSI_DATA,80,2a:00:00:00:00:00,-43,11,1,0,1,1,1,0,0,0,1,-96,0,11,2,1306998,0,44,0,384,0,"[0,0,0,0,0,0,0,0,0,0,0,0,8,-7,8,-7,7,-7,7,-6,7,-6,7,-6,7,-6,6,-5,6,-5,6,-5,6,-4,5,-4,5,-4,5,-4,4,-4,5,-4,4,-4,4,-3,4,-4,3,-4,3,-3,3,-4,3,-3,3,-3,2,-3,2,-3,0,0,2,-3,2,-3,1,-3,1,-2,1,-3,1,-3,0,-3,0,-3,0,-3,0,-3,0,-3,0,-3,0,-3,0,-3,0,-3,0,-3,0,-3,0,-3,0,-3,0,-3,0,-3,1,-3,1,-3,1,-3,1,-3,1,-2,0,0,0,0,0,0,0,0,0,0,0,0,0,0,49,-39,50,-37,51,-39,50,-32,47,-34,44,-31,45,-29,45,-28,42,-28,42,-27,41,-24,38,-22,35,-22,35,-21,34,-20,32,-19,31,-22,28,-22,28,-18,28,-17,26,-19,25,-18,25,-16,21,-17,21,-15,19,-16,18,-12,18,-14,15,-13,13,-13,11,-11,11,-10,15,-12,10,-12,7,-9,8,-14,6,-14,7,-13,4,-15,1,-13,1,-14,3,-13,2,-14,3,-17,5,-17,3,-17,3,-14,5,-17,3,-17,2,-15,6,-16,5,-16,4,-13,9,-12,8,-11,9,-12,7,-11,0,0,0,0,0,0,0,0,0,0,0,0,0,0,0,0,0,0,0,0,0,0,9,-23,14,-22,17,-23,18,-25,21,-20,23,-20,22,-22,27,-20,29,-21,32,-20,36,-22,38,-20,41,-22,44,-21,47,-19,48,-16,55,-16,54,-14,58,-14,64,-5,63,-8,66,-2,66,-1,68,1,71,7,71,7,71,15,74,15,72,18,72,20,70,21,75,25,74,28,69,27,72,31,72,32,69,32,71,36,68,34,71,38,68,39,66,37,67,42,70,42,65,44,68,40,63,47,62,47,63,47,59,51,57,52,57,51,54,55,51,53,50,54,52,52,48,50,0,0]"
CSI_DATA,81,2a:00:00:00:00:00,-43,11,1,0,1,1,1,0,0,0,1,-96,0,11,2,1316413,0,44,0,384,0,"[0,0,0,0,0,0,0,0,0,0,0,0,10,-1,10,-1,9,-1,9,-1,8,-1,9,0,8,0,8,-1,7,0,7,-1,7,-1,7,-1,6,-1,6,-1,5,-1,6,-1,5,-1,5,-1,5,-1,4,-1,4,-1,4,-1,4,-1,3,-1,3,-1,3,-1,0,0,3,-1,2,-1,2,-2,2,-1,2,-2,2,-2,1,-2,1,-2,2,-2,1,-2,1,-3,1,-3,1,-3,1,-3,2,-2,2,-3,2,-3,2,-2,2,-2,2,-2,2,-2,2,-2,2,-2,2,-2,2,-2,2,-2,0,0,0,0,0,0,0,0,0,0,0,0,0,0,68,-1,63,2,63,-2,56,4,60,2,57,5,52,3,54,4,48,3,47,5,45,6,44,3,45,4,39,2,38,3,40,1,36,-1,36,0,35,1,32,3,32,3,29,3,27,-1,27,0,22,0,24,1,23,-2,20,-4,20,-3,19,1,18,-1,18,-2,14,-4,14,-6,12,-4,10,-6,11,-7,12,-12,11,-7,10,-10,8,-10,10,-10,13,-13,12,-12,11,-13,11,-14,12,-10,12,-13,12,-11,11,-9,12,-10,10,-8,13,-11,13,-7,12,-7,15,-7,14,-7,0,0,0,0,0,0,0,0,0,0,0,0,0,0,0,0,0,0,0,0,0,0,22,-8,27,-7,24,-4,29,-2,27,-3,31,0,31,3,32,2,37,6,34,6,40,10,44,10,44,12,47,17,48,19,45,23,51,26,47,26,52,30,49,36,50,36,50,46,48,46,47,48,46,51,49,55,46,61,47,62,41,60,41,65,38,63,38,66,34,67,33,70,31,70,32,73,29,69,30,70,29,71,31,76,28,78,25,71,26,76,25,76,22,77,21,74,16,79,18,78,18,78,14,76,12,74,13,76,8,82,9,69,11,73,7,75,3,70,0,0]"
CSI_DATA,82,2a:00:00:00:00:00,-43,11,1,0,1,1,1,0,0,0,1,-96,0,11,2,1328088,0,44,0,384,0,"[0,0,0,0,0,0,0,0,0,0,0,0,0,-11,0,-10,0,-10,0,-10,0,-9,0,-9,0,-9,0,-8,0,-8,0,-8,0,-7,0,-7,0,-7,0,-7,0,-6,0,-6,0,-6,0,-5,0,-6,0,-5,0,-5,0,-5,0,-4,-1,-4,0,-4,-1,-4,0,0,-1,-3,-1,-3,-1,-3,-1,-3,-1,-3,-2,-3,-2,-3,-2,-2,-2,-2,-2,-2,-2,-2,-2,-3,-2,-3,-2,-3,-2,-2,-2,-3,-2,-3,-2,-3,-2,-3,-2,-3,-2,-3,-2,-3,-2,-3,-1,-3,-1,-3,-1,-3,0,0,0,0,0,0,0,0,0,0,0,0,0,0,13,-65,11,-62,10,-63,13,-56,13,-57,12,-54,15,-54,14,-51,12,-50,11,-44,12,-44,10,-42,13,-41,11,-40,9,-37,8,-37,10,-35,11,-34,10,-32,6,-30,7,-28,6,-28,6,-27,6,-28,7,-25,5,-25,5,-21,3,-23,4,-22,1,-18,2,-18,2,-17,2,-15,-1,-15,-4,-14,-4,-14,-4,-12,-4,-14,-7,-15,-7,-12,-8,-13,-8,-14,-5,-14,-7,-14,-5,-14,-10,-15,-8,-16,-8,-14,-7,-15,-6,-16,-8,-16,-6,-16,-5,-16,-4,-13,-1,-15,-2,-15,-1,-16,0,0,0,0,0,0,0,0,0,0,0,0,0,0,0,0,0,0,0,0,0,0,-6,-25,-4,-25,-3,-24,-2,-29,1,-30,0,-32,5,-32,3,-33,9,-38,9,-37,13,-40,13,-40,16,-44,21,-46,21,-47,25,-44,29,-44,31,-46,33,-48,42,-47,39,-48,45,-47,48,-46,54,-42,57,-41,57,-44,61,-39,62,-37,66,-34,68,-33,66,-30,69,-29,69,-27,69,-28,70,-28,71,-24,70,-24,71,-22,74,-19,74,-20,78,-16,73,-15,77,-15,78,-13,76,-15,73,-15,76,-9,76,-11,77,-7,78,-5,75,1,75,-1,75,1,69,3,74,6,75,6,72,4,0,0]"
CSI_DATA,83,2a:00:00:00:00:00,-43,11,1,0,1,1,1,0,0,0,1,-96,0,11,2,1336393,0,44,0,384,0,"[0,0,0,0,0,0,0,0,0,0,0,0,9,-4,9,-4,8,-4,8,-4,8,-3,8,-3,8,-3,7,-3,7,-3,6,-3,6,-3,6,-3,5,-3,5,-3,5,-2,5,-3,5,-2,5,-2,4,-3,4,-2,4,-2,3,-2,3,-2,3,-2,3,-2,3,-2,0,0,2,-2,2,-2,1,-2,2,-2,1,-2,1,-3,1,-3,1,-3,1,-3,1,-3,1,-3,1,-3,1,-3,1,-3,1,-3,1,-3,1,-3,1,-3,1,-3,1,-3,1,-3,1,-3,1,-3,1,-3,1,-2,1,-2,0,0,0,0,0,0,0,0,0,0,0,0,0,0,62,-24,57,-20,57,-22,59,-20,56,-20,55,-16,51,-16,50,-15,48,-13,47,-11,43,-9,44,-14,42,-13,35,-11,38,-9,38,-10,36,-12,31,-13,34,-11,31,-9,30,-11,28,-9,27,-12,24,-12,23,-10,24,-9,19,-9,18,-11,17,-9,18,-7,17,-8,16,-9,12,-9,13,-9,10,-9,10,-12,7,-12,8,-15,7,-13,5,-12,4,-13,6,-11,5,-13,7,-17,5,-14,6,-13,7,-15,7,-17,7,-13,9,-15,8,-14,8,-12,9,-13,9,-12,9,-14,11,-12,12,-12,0,0,0,0,0,0,0,0,0,0,0,0,0,0,0,0,0,0,0,0,0,0,17,-15,20,-14,22,-14,25,-14,28,-13,29,-11,31,-8,32,-11,38,-10,35,-8,40,-6,44,-7,47,-5,50,-1,52,0,52,5,57,6,57,7,58,8,59,15,61,15,62,22,65,24,63,25,63,33,63,32,64,39,64,40,61,40,61,45,57,45,59,47,58,48,58,49,58,50,55,55,57,53,53,55,54,58,53,58,55,59,50,58,51,62,53,59,47,60,49,59,47,61,46,65,43,65,44,66,38,68,38,70,37,70,32,62,33,65,33,67,30,65,0,0]"
CSI_DATA,84,2a:00:00:00:00:00,-43,11,1,0,1,1,1,0,0,0,1,-96,0,11,2,1356406,0,44,0,384,0,"[0,0,0,0,0,0,0,0,0,0,0,0,8,-7,8,-7,7,-7,7,-6,7,-6,7,-5,6,-5,6,-5,6,-5,5,-5,6,-4,5,-4,5,-4,5,-4,4,-4,4,-4,4,-3,4,-3,4,-4,3,-4,3,-3,3,-3,3,-3,3,-3,2,-3,2,-2,0,0,2,-2,2,-3,1,-3,1,-2,1,-3,1,-3,0,-3,0,-3,0,-3,0,-3,0,-3,0,-3,0,-3,0,-3,0,-3,0,-3,1,-3,0,-3,1,-3,1,-3,1,-3,1,-3,1,-3,1,-3,1,-2,1,-2,0,0,0,0,0,0,0,0,0,0,0,0,0,0,55,-41,52,-35,51,-38,52,-33,51,-29,49,-28,46,-29,45,-27,43,-27,42,-22,41,-20,40,-19,37,-18,35,-18,37,-17,33,-13,32,-17,29,-18,29,-17,28,-17,28,-17,26,-13,24,-16,23,-14,22,-11,21,-12,20,-10,20,-15,17,-11,15,-9,14,-9,13,-7,12,-11,12,-12,10,-10,10,-12,7,-12,5,-14,5,-14,4,-12,6,-14,5,-12,6,-15,8,-14,7,-14,7,-12,6,-13,6,-14,6,-15,6,-15,7,-13,9,-14,8,-14,11,-11,9,-12,9,-11,12,-9,0,0,0,0,0,0,0,0,0,0,0,0,0,0,0,0,0,0,0,0,0,0,4,-26,12,-24,10,-24,17,-24,16,-25,19,-27,22,-24,27,-24,27,-27,28,-26,33,-26,35,-26,40,-27,43,-25,46,-22,46,-21,51,-21,54,-16,58,-16,60,-13,64,-9,65,-9,69,-5,69,-2,73,2,71,2,73,8,74,12,70,13,74,16,71,18,74,20,72,24,70,24,73,28,71,30,70,28,72,29,70,32,70,35,70,37,70,33,71,41,68,41,67,42,66,44,62,47,60,47,62,49,58,50,60,49,58,51,54,55,48,53,53,53,54,56,49,52,0,0]"
CSI_DATA,85,2a:00:00:00:00:00,-43,11,1,0,1,1,1,0,0,0,1,-96,0,11,2,1366398,0,44,0,384,0,"[0,0,0,0,0,0,0,0,0,0,0,0,5,-9,5,-9,5,-9,5,-8,5,-8,5,-7,4,-7,4,-7,4,-6,4,-6,4,-6,4,-6,3,-6,3,-6,3,-5,3,-5,3,-5,3,-5,2,-5,2,-5,2,-4,2,-4,2,-4,1,-4,1,-4,1,-3,0,0,1,-3,0,-3,0,-3,0,-2,0,-3,0,-3,-1,-3,-1,-3,-1,-3,-1,-3,-1,-3,-1,-3,-1,-3,-1,-3,-1,-3,-1,-3,-1,-3,-1,-3,-1,-3,-1,-3,0,-3,0,-3,0,-3,0,-3,0,-3,0,-3,0,0,0,0,0,0,0,0,0,0,0,0,0,0,31,-58,28,-56,28,-57,28,-53,31,-51,29,-46,28,-48,30,-47,27,-42,27,-41,25,-38,23,-38,24,-36,22,-35,25,-30,20,-32,21,-33,20,-29,15,-28,15,-28,15,-25,18,-26,12,-26,14,-25,12,-24,10,-25,11,-18,11,-21,9,-20,9,-15,8,-15,7,-16,6,-17,4,-15,3,-14,2,-14,-1,-16,-4,-13,-2,-16,-6,-14,-3,-14,-5,-12,-4,-15,-4,-13,-5,-17,-4,-18,-4,-15,-4,-19,-4,-15,-2,-16,-3,-17,-3,-17,-1,-17,1,-15,2,-15,4,-16,4,-15,0,0,0,0,0,0,0,0,0,0,0,0,0,0,0,0,0,0,0,0,0,0,0,-24,3,-27,4,-26,7,-27,8,-28,12,-30,12,-31,13,-32,17,-34,20,-33,26,-34,26,-36,27,-38,32,-37,35,-37,37,-37,43,-37,45,-35,46,-35,50,-37,54,-35,60,-34,63,-30,64,-28,67,-22,70,-22,72,-18,72,-18,72,-16,76,-12,74,-8,73,-8,75,-9,74,-7,77,-6,78,-4,77,-2,77,2,80,6,80,5,80,7,80,5,78,7,82,9,78,13,78,7,79,13,78,12,80,16,74,21,72,23,72,24,70,26,67,24,71,30,69,26,68,25,0,0]"
CSI_DATA,86,2a:00:00:00:00:00,-43,11,1,0,1,1,1,0,0,0,1,-96,0,11,2,1376418,0,44,0,384,0,"[0,0,0,0,0,0,0,0,0,0,0,0,3,-10,2,-10,3,-10,3,-10,2,-9,3,-8,2,-8,2,-7,2,-7,2,-7,2,-7,1,-7,1,-7,1,-6,1,-6,1,-6,1,-6,1,-5,1,-5,1,-5,1,-5,1,-5,0,-4,1,-4,0,-4,0,-4,0,0,0,-3,0,-3,0,-3,-1,-3,-1,-3,-1,-3,-1,-3,-1,-3,-1,-2,-2,-3,-2,-3,-1,-3,-1,-3,-2,-3,-2,-3,-2,-3,-1,-3,-2,-3,-1,-3,-2,-3,-1,-3,-1,-3,-1,-3,-1,-3,-1,-3,-1,-3,0,0,0,0,0,0,0,0,0,0,0,0,0,0,33,-59,35,-53,37,-59,33,-49,30,-47,32,-49,30,-44,34,-44,26,-41,29,-41,26,-36,24,-36,26,-34,23,-31,22,-29,19,-31,21,-33,20,-32,23,-32,15,-23,17,-27,16,-24,16,-28,14,-25,12,-23,14,-21,11,-19,12,-19,12,-19,7,-17,8,-16,5,-17,5,-14,5,-15,2,-12,5,-14,0,-15,0,-14,-1,-14,-3,-14,-2,-12,-5,-14,-1,-16,-2,-14,0,-17,-6,-13,-4,-18,-2,-16,-3,-16,-1,-17,-3,-18,-3,-18,2,-16,1,-15,0,-16,3,-14,3,-14,0,0,0,0,0,0,0,0,0,0,0,0,0,0,0,0,0,0,0,0,0,0,3,-24,6,-27,8,-24,13,-27,12,-27,18,-28,18,-28,19,-29,23,-31,23,-28,25,-30,29,-33,32,-34,36,-33,41,-36,40,-29,50,-34,44,-30,52,-31,53,-27,56,-26,66,-25,60,-21,67,-19,70,-16,72,-18,72,-13,80,-11,70,-6,80,-3,70,-5,79,-1,77,2,77,2,74,4,77,7,72,6,77,7,79,12,78,12,83,13,71,14,80,14,75,14,77,18,74,20,76,21,77,22,78,25,71,23,72,27,73,29,74,32,59,27,66,31,72,36,65,29,0,0]"
CSI_DATA,87,2a:00:00:00:00:00,-43,11,1,0,1,1,1,0,0,0,1,-96,0,11,2,1388041,0,44,0,384,0,"[0,0,0,0,0,0,0,0,0,0,0,0,-7,-9,-7,-8,-7,-9,-6,-8,-6,-8,-6,-7,-5,-7,-5,-7,-5,-7,-5,-7,-5,-6,-5,-6,-4,-6,-4,-6,-4,-5,-4,-5,-4,-5,-4,-4,-3,-4,-3,-4,-3,-4,-3,-4,-3,-4,-3,-4,-3,-4,-3,-3,0,0,-3,-2,-3,-2,-2,-2,-3,-2,-2,-2,-2,-1,-3,-1,-3,-1,-3,-1,-3,-1,-3,-1,-3,-1,-3,-1,-3,-1,-3,-1,-3,-1,-3,-1,-3,-1,-3,-1,-3,-1,-3,-1,-3,-1,-3,-2,-3,-2,-3,-2,-3,-2,0,0,0,0,0,0,0,0,0,0,0,0,0,0,-41,-60,-35,-53,-39,-56,-34,-50,-33,-46,-32,-51,-28,-44,-27,-49,-23,-43,-26,-43,-24,-40,-24,-39,-21,-39,-17,-35,-21,-35,-24,-32,-18,-34,-19,-30,-18,-29,-18,-26,-21,-26,-16,-24,-16,-26,-16,-22,-15,-23,-14,-22,-15,-18,-14,-19,-12,-17,-14,-16,-15,-14,-13,-14,-12,-9,-14,-11,-12,-7,-12,-8,-12,-6,-12,-4,-13,-2,-14,-4,-17,-4,-16,-3,-15,-2,-16,-3,-15,-3,-15,-2,-19,-4,-16,-4,-17,-6,-18,-5,-18,-6,-13,-6,-15,-6,-16,-6,-16,-6,-13,-9,-14,-9,0,0,0,0,0,0,0,0,0,0,0,0,0,0,0,0,0,0,0,0,0,0,-20,-14,-21,-19,-19,-18,-20,-24,-17,-23,-16,-28,-16,-30,-17,-32,-17,-33,-17,-35,-13,-39,-16,-43,-16,-45,-14,-46,-12,-52,-9,-49,-11,-59,-4,-55,-5,-64,0,-60,2,-63,6,-67,9,-67,11,-70,16,-69,17,-72,20,-71,24,-75,24,-66,28,-75,27,-67,33,-73,35,-67,37,-68,38,-71,36,-66,36,-64,40,-69,41,-66,43,-68,47,-71,41,-64,46,-67,47,-65,48,-65,49,-65,49,-61,50,-60,53,-59,52,-55,53,-55,53,-57,57,-56,50,-52,56,-49,59,-50,57,-46,0,0]"
CSI_DATA,88,2a:00:00:00:00:00,-43,11,1,0,1,1,1,0,0,0,1,-96,0,11,2,1396416,0,44,0,384,0,"[0,0,0,0,0,0,0,0,0,0,0,0,-3,-11,-3,-10,-3,-10,-2,-10,-2,-9,-2,-8,-2,-8,-2,-8,-2,-8,-2,-8,-2,-7,-2,-7,-2,-7,-2,-7,-2,-6,-2,-6,-2,-5,-2,-5,-2,-5,-2,-5,-2,-5,-1,-5,-2,-4,-2,-4,-2,-4,-2,-4,0,0,-2,-3,-1,-3,-2,-3,-2,-2,-2,-2,-2,-2,-2,-2,-2,-2,-2,-2,-3,-2,-3,-2,-2,-2,-3,-2,-3,-2,-3,-2,-3,-2,-3,-2,-3,-2,-3,-2,-3,-2,-3,-2,-2,-2,-2,-2,-2,-2,-2,-2,-2,-3,0,0,0,0,0,0,0,0,0,0,0,0,0,0,-5,-67,0,-66,-1,-64,-2,-59,-2,-60,0,-58,2,-56,3,-52,0,-51,1,-48,2,-47,2,-44,-1,-43,1,-41,0,-41,-1,-38,1,-39,0,-36,2,-34,-3,-33,-4,-30,-4,-29,-1,-29,-1,-28,1,-28,-2,-23,-4,-23,0,-25,-1,-21,-3,-20,-4,-16,-5,-17,-2,-16,-3,-14,-8,-13,-5,-11,-8,-15,-9,-12,-8,-8,-10,-11,-11,-12,-12,-13,-14,-12,-12,-10,-11,-10,-13,-12,-11,-12,-14,-10,-12,-11,-13,-14,-9,-13,-11,-11,-8,-14,-12,-13,-9,-15,-7,-13,-7,-15,0,0,0,0,0,0,0,0,0,0,0,0,0,0,0,0,0,0,0,0,0,0,-8,-25,-6,-28,-6,-27,-5,-29,0,-32,1,-33,2,-35,3,-35,5,-37,7,-39,9,-41,11,-42,11,-48,14,-48,17,-48,21,-49,26,-52,27,-50,30,-53,33,-52,37,-54,41,-52,43,-52,47,-49,49,-48,54,-52,55,-48,60,-48,60,-46,61,-42,62,-42,67,-40,68,-38,67,-37,69,-36,68,-34,67,-35,71,-34,70,-33,72,-34,73,-29,73,-32,72,-30,76,-28,74,-29,73,-28,73,-23,74,-24,77,-22,77,-19,76,-17,76,-16,72,-15,74,-12,74,-12,74,-12,72,-8,0,0]"
CSI_DATA,89,2a:00:00:00:00:00,-43,11,1,0,1,1,1,0,0,0,1,-96,0,11,2,1406725,0,44,0,384,0,"[0,0,0,0,0,0,0,0,0,0,0,0,9,4,8,4,8,4,8,4,7,4,7,4,7,3,7,3,6,3,6,3,6,3,6,2,5,3,5,2,4,2,5,2,5,2,4,2,4,1,4,1,3,1,3,1,3,1,3,1,3,1,3,1,0,0,3,0,2,0,2,0,2,0,2,-1,2,-1,2,-1,2,-1,2,-1,2,-1,2,-1,2,-1,2,-2,2,-2,2,-2,2,-2,2,-1,2,-1,2,-1,2,-1,2,-1,2,-1,2,-1,2,-1,2,-1,2,0,0,0,0,0,0,0,0,0,0,0,0,0,0,0,62,27,56,28,55,29,53,28,56,27,50,25,49,27,47,27,41,25,43,26,41,21,40,21,38,19,34,19,38,20,33,16,30,17,30,17,28,16,28,12,29,10,29,13,25,9,24,10,21,10,20,9,22,7,21,7,18,6,19,7,18,3,18,5,13,3,12,0,15,1,13,-1,10,-4,11,-5,12,-5,15,-3,15,-5,13,-5,12,-8,14,-9,15,-8,13,-6,15,-9,13,-9,15,-5,15,-7,13,-6,13,-5,14,-6,15,-5,15,-5,14,-4,15,1,0,0,0,0,0,0,0,0,0,0,0,0,0,0,0,0,0,0,0,0,0,0,21,7,24,10,23,11,24,14,25,15,25,19,24,22,28,21,26,24,28,24,25,29,28,31,30,35,29,38,28,41,27,45,28,48,27,50,27,53,23,53,20,58,26,64,18,64,17,68,13,69,16,70,10,71,7,75,4,73,7,75,1,73,-1,76,-4,76,-4,75,-4,77,-7,79,-6,76,-7,78,-9,77,-12,81,-12,78,-11,77,-14,81,-15,79,-18,74,-14,75,-18,76,-19,74,-22,75,-22,73,-24,73,-21,77,-27,77,-23,68,-28,66,-29,69,-28,66,0,0]"
CSI_DATA,90,2a:00:00:00:00:00,-43,11,1,0,1,1,1,0,0,0,1,-96,0,11,2,1426381,0,44,0,384,0,"[0,0,0,0,0,0,0,0,0,0,0,0,-5,-10,-5,-10,-4,-10,-4,-9,-4,-9,-4,-8,-4,-8,-3,-8,-4,-8,-3,-8,-3,-7,-3,-7,-3,-7,-3,-6,-3,-6,-3,-6,-3,-5,-3,-5,-3,-5,-3,-5,-2,-5,-3,-5,-2,-4,-2,-4,-2,-4,-2,-3,0,0,-2,-3,-2,-3,-2,-2,-3,-2,-2,-2,-2,-2,-2,-2,-2,-1,-3,-1,-3,-1,-3,-1,-3,-2,-3,-1,-3,-1,-3,-1,-3,-2,-3,-1,-3,-1,-3,-2,-3,-2,-3,-2,-3,-2,-3,-2,-3,-2,-3,-2,-2,-2,0,0,0,0,0,0,0,0,0,0,0,0,0,0,-26,-63,-27,-60,-26,-58,-25,-57,-26,-55,-21,-53,-20,-53,-18,-51,-18,-50,-19,-45,-19,-44,-17,-43,-20,-42,-12,-42,-17,-37,-17,-35,-15,-36,-16,-33,-11,-31,-17,-31,-15,-27,-15,-27,-13,-27,-12,-24,-13,-22,-11,-21,-15,-21,-12,-18,-11,-17,-12,-16,-13,-14,-15,-15,-12,-14,-10,-13,-10,-10,-13,-7,-10,-7,-9,-6,-11,-6,-18,-6,-18,-7,-15,-5,-13,-3,-15,-6,-16,-4,-17,-4,-16,-4,-16,-5,-16,-5,-16,-4,-16,-9,-16,-7,-15,-5,-14,-8,-14,-8,-14,-10,-13,-11,0,0,0,0,0,0,0,0,0,0,0,0,0,0,0,0,0,0,0,0,0,0,-16,-22,-14,-23,-14,-24,-13,-28,-11,-27,-10,-30,-6,-31,-9,-36,-8,-36,-7,-41,-6,-43,-6,-45,-1,-46,-2,-49,1,-53,2,-54,6,-58,10,-57,9,-58,15,-61,17,-61,21,-66,24,-66,26,-63,32,-64,34,-66,37,-65,41,-66,42,-64,43,-64,43,-62,47,-60,48,-59,50,-59,52,-60,53,-59,52,-58,52,-58,56,-57,57,-57,57,-56,55,-55,61,-56,60,-56,58,-51,57,-51,62,-49,63,-52,63,-49,65,-45,63,-42,63,-47,62,-42,59,-40,66,-40,64,-35,63,-37,0,0]"
CSI_DATA,91,2a:00:00:00:00:00,-43,11,1,0,1,1,1,0,0,0,1,-96,0,11,2,1456791,0,44,0,384,0,"[0,0,0,0,0,0,0,0,0,0,0,0,-1,-11,-1,-11,-1,-10,0,-10,0,-10,0,-9,0,-9,0,-8,0,-8,0,-8,0,-8,0,-7,0,-7,0,-7,0,-7,-1,-6,-1,-6,-1,-6,-1,-6,0,-6,-1,-5,-1,-5,-1,-5,-1,-4,-1,-4,-1,-4,0,0,-1,-3,-1,-4,-1,-3,-1,-3,-1,-3,-2,-3,-2,-2,-2,-2,-2,-2,-2,-2,-2,-2,-2,-3,-2,-2,-2,-2,-2,-2,-2,-3,-2,-3,-2,-3,-2,-3,-2,-3,-2,-3,-2,-3,-2,-3,-2,-3,-2,-3,-1,-3,0,0,0,0,0,0,0,0,0,0,0,0,0,0,5,-69,6,-67,0,-63,5,-61,5,-61,5,-55,5,-57,7,-53,6,-51,7,-45,4,-45,4,-42,4,-43,5,-40,6,-39,4,-36,3,-38,5,-36,4,-35,2,-33,2,-31,5,-28,1,-30,4,-28,3,-24,1,-26,-1,-23,-1,-26,3,-23,-2,-21,-2,-20,-3,-16,-1,-16,-3,-14,-4,-12,-4,-14,-5,-10,-8,-13,-7,-12,-11,-11,-12,-11,-11,-11,-9,-13,-10,-14,-10,-12,-10,-14,-13,-14,-10,-14,-10,-12,-10,-14,-10,-14,-8,-13,-8,-17,-6,-14,-7,-13,-7,-13,-4,-13,0,0,0,0,0,0,0,0,0,0,0,0,0,0,0,0,0,0,0,0,0,0,-9,-25,-9,-27,-4,-26,-2,-28,-2,-31,-1,-32,3,-33,5,-34,5,-39,6,-37,7,-42,13,-43,13,-46,16,-49,19,-48,24,-50,26,-51,27,-51,28,-50,34,-50,37,-51,45,-51,46,-52,50,-52,53,-48,53,-47,58,-46,60,-47,63,-45,63,-42,61,-40,67,-39,66,-34,68,-33,71,-34,72,-33,71,-35,71,-32,74,-29,75,-32,77,-28,75,-29,77,-24,75,-26,74,-20,76,-21,75,-16,76,-19,81,-18,80,-15,78,-10,78,-9,76,-7,70,-7,74,-5,77,-5,76,-1,0,0]"
CSI_DATA,92,2a:00:00:00:00:00,-43,11,1,0,1,1,1,0,0,0,1,-96,0,11,2,1468075,0,44,0,384,0,"[0,0,0,0,0,0,0,0,0,0,0,0,-2,10,-2,10,-2,10,-2,9,-2,9,-2,8,-2,8,-2,8,-2,7,-2,7,-2,7,-2,6,-2,6,-2,6,-1,6,-1,5,-1,5,-1,5,-1,5,-1,5,-1,4,-1,4,-1,3,-1,4,-1,3,-1,3,0,0,0,2,0,3,0,2,0,2,0,2,1,2,0,2,1,2,1,2,1,1,1,2,1,2,1,2,1,2,1,2,1,2,1,2,1,2,1,2,1,2,1,2,1,2,1,2,1,2,1,2,0,2,0,0,0,0,0,0,0,0,0,0,0,0,0,0,-25,65,-25,61,-23,59,-23,54,-26,52,-24,49,-26,50,-25,49,-25,47,-20,41,-21,42,-20,36,-20,38,-21,37,-19,34,-15,34,-18,32,-17,31,-17,30,-14,29,-13,28,-14,26,-13,26,-12,24,-12,23,-13,25,-10,19,-8,19,-11,18,-7,18,-5,16,-4,15,-5,16,-5,16,-1,14,-3,11,-1,12,0,13,0,13,4,14,1,14,4,15,4,16,4,15,4,18,1,14,4,14,2,16,1,13,2,15,2,15,0,17,1,15,-1,15,-3,13,-5,16,-1,14,0,0,0,0,0,0,0,0,0,0,0,0,0,0,0,0,0,0,0,0,0,0,5,23,0,26,-1,28,-2,29,-6,32,-6,29,-7,31,-8,34,-12,33,-14,34,-15,38,-20,37,-21,42,-25,43,-27,42,-32,42,-36,44,-38,44,-41,43,-48,44,-50,41,-54,40,-56,39,-58,38,-62,34,-64,33,-66,31,-68,28,-72,25,-72,25,-72,23,-75,19,-75,18,-77,16,-76,14,-78,13,-76,14,-77,11,-77,8,-81,9,-81,5,-79,7,-78,3,-84,0,-78,-2,-77,2,-80,-4,-80,-3,-82,-5,-81,-9,-77,-11,-78,-13,-76,-14,-72,-16,-76,-18,-74,-17,-73,-18,0,0]"
CSI_DATA,93,2a:00:00:00:00:00,-43,11,1,0,1,1,1,0,0,0,1,-96,0,11,2,1479547,0,44,0,384,0,"[0,0,0,0,0,0,0,0,0,0,0,0,-11,4,-10,4,-10,4,-10,3,-9,3,-9,2,-9,2,-8,2,-8,2,-7,2,-8,2,-7,2,-7,2,-6,1,-6,2,-6,2,-6,2,-6,1,-5,2,-5,1,-5,1,-5,1,-5,1,-4,1,-4,1,-4,1,0,0,-3,1,-3,1,-3,1,-3,1,-2,1,-2,2,-2,2,-2,2,-2,2,-2,2,-2,2,-2,2,-2,2,-2,2,-2,2,-2,2,-2,2,-2,2,-2,1,-2,2,-2,2,-3,2,-2,2,-3,1,-3,1,-3,1,0,0,0,0,0,0,0,0,0,0,0,0,0,0,-61,20,-65,19,-58,18,-59,13,-60,14,-53,14,-54,14,-52,12,-51,10,-47,10,-47,9,-45,8,-45,7,-41,7,-38,5,-40,7,-35,7,-34,6,-31,8,-32,7,-32,8,-31,5,-27,7,-28,7,-27,5,-22,9,-24,5,-20,9,-18,7,-19,6,-17,3,-18,3,-14,7,-13,6,-11,6,-11,9,-11,7,-10,11,-9,12,-7,10,-9,10,-8,10,-9,14,-12,16,-11,11,-10,12,-11,11,-12,14,-10,10,-10,9,-8,13,-10,9,-11,11,-14,8,-13,10,-14,8,-13,6,0,0,0,0,0,0,0,0,0,0,0,0,0,0,0,0,0,0,0,0,0,0,-17,18,-20,17,-23,17,-24,16,-29,16,-30,13,-30,13,-32,12,-34,11,-37,9,-40,10,-43,7,-47,10,-49,7,-49,3,-54,-1,-56,-1,-59,-4,-57,-4,-62,-10,-60,-14,-66,-18,-68,-22,-63,-24,-66,-29,-70,-31,-66,-36,-64,-40,-67,-40,-63,-42,-65,-45,-60,-46,-58,-47,-61,-51,-61,-51,-60,-54,-56,-55,-57,-54,-55,-55,-58,-57,-52,-58,-57,-61,-50,-59,-54,-64,-46,-63,-49,-61,-47,-64,-45,-67,-43,-67,-41,-69,-40,-66,-39,-70,-36,-69,-31,-67,-33,-67,-32,-67,-30,-68,0,0]"
CSI_DATA,94,2a:00:00:00:00:00,-43,11,1,0,1,1,1,0,0,0,1,-96,0,11,2,1488738,0,44,0,384,0,"[0,0,0,0,0,0,0,0,0,0,0,0,10,-3,9,-3,9,-3,8,-2,8,-2,8,-2,8,-2,8,-2,7,-2,7,-2,7,-2,6,-2,6,-2,5,-2,5,-2,5,-2,5,-2,5,-2,4,-2,4,-2,4,-2,4,-2,4,-1,3,-2,3,-2,3,-2,0,0,2,-1,2,-2,2,-2,2,-2,1,-2,1,-2,1,-2,1,-2,1,-2,1,-2,1,-3,1,-3,1,-3,1,-3,1,-3,1,-3,1,-3,1,-3,1,-3,1,-2,1,-3,2,-2,2,-2,2,-2,2,-2,2,-2,0,0,0,0,0,0,0,0,0,0,0,0,0,0,64,-16,63,-12,63,-17,61,-12,56,-12,57,-7,54,-12,53,-11,50,-8,49,-7,46,-5,42,-6,43,-7,38,-8,40,-4,39,-4,35,-10,32,-8,30,-6,31,-6,29,-4,27,-3,25,-8,27,-4,25,-6,25,-8,24,-4,21,-8,18,-6,18,-6,17,-5,16,-5,14,-7,11,-8,12,-6,9,-11,8,-11,11,-11,8,-12,6,-9,5,-13,8,-13,10,-12,10,-15,10,-13,10,-14,8,-14,8,-13,8,-14,11,-11,10,-13,9,-13,9,-11,12,-14,11,-9,12,-11,12,-7,0,0,0,0,0,0,0,0,0,0,0,0,0,0,0,0,0,0,0,0,0,0,18,-15,22,-12,21,-12,25,-12,29,-11,30,-10,32,-7,34,-8,37,-6,37,-5,40,-3,45,-3,45,-3,46,1,50,6,51,10,56,8,55,13,57,15,59,18,59,23,60,26,61,31,61,34,62,36,63,40,56,42,59,48,55,45,58,50,52,52,56,52,52,53,51,57,49,57,48,57,48,60,47,60,47,62,48,65,47,66,45,64,44,66,46,66,42,67,41,70,36,68,38,69,37,68,33,71,31,69,31,70,27,70,27,70,27,68,25,70,25,67,0,0]"
CSI_DATA,95,2a:00:00:00:00:00,-43,11,1,0,1,1,1,0,0,0,1,-96,0,11,2,1496481,0,44,0,384,0,"[0,0,0,0,0,0,0,0,0,0,0,0,2,10,2,9,2,9,1,9,1,9,1,8,1,8,1,7,1,7,1,7,1,7,1,6,1,6,0,6,0,6,1,5,1,5,1,4,1,5,1,4,1,4,0,4,0,3,1,3,0,3,1,3,0,0,1,2,0,2,1,2,1,2,1,2,1,1,1,1,1,1,1,1,2,1,2,1,2,1,1,1,2,1,2,1,2,1,1,1,2,1,2,2,1,1,1,2,1,2,1,2,1,2,1,2,1,2,0,0,0,0,0,0,0,0,0,0,0,0,0,0,11,65,5,61,11,67,9,60,8,53,6,57,2,51,0,57,3,48,3,48,3,45,6,45,3,40,2,39,1,39,2,36,2,37,-1,35,3,36,4,29,4,30,3,29,1,30,3,27,0,27,4,24,2,21,0,23,3,23,4,19,3,17,4,16,4,13,4,13,8,11,3,10,7,10,9,11,9,10,8,11,8,10,11,11,11,10,10,9,10,8,12,11,12,12,11,10,11,10,10,10,8,11,10,12,10,10,8,9,10,11,7,11,7,13,0,0,0,0,0,0,0,0,0,0,0,0,0,0,0,0,0,0,0,0,0,0,14,20,12,22,6,21,11,30,6,27,8,31,7,33,7,33,5,36,2,38,0,41,0,46,-3,43,-6,48,-7,52,-13,50,-14,57,-16,53,-17,59,-21,56,-22,59,-29,59,-30,57,-38,60,-41,60,-45,58,-46,56,-50,59,-51,51,-56,59,-52,47,-59,53,-58,51,-56,50,-60,52,-58,46,-59,45,-67,47,-67,44,-67,41,-70,43,-65,40,-73,42,-67,39,-73,38,-70,38,-69,36,-72,36,-72,35,-71,30,-74,25,-72,25,-72,23,-68,21,-73,17,-78,23,-72,18,0,0]"
CSI_DATA,96,2a:00:00:00:00:00,-43,11,1,0,1,1,1,0,0,0,1,-96,0,11,2,1508167,0,44,0,384,0,"[0,0,0,0,0,0,0,0,0,0,0,0,10,-3,9,-2,9,-2,9,-2,8,-2,8,-1,8,-1,8,-1,7,-2,7,-1,7,-1,6,-2,6,-1,5,-2,5,-2,5,-2,5,-2,5,-2,4,-2,4,-1,4,-1,4,-2,4,-1,3,-2,3,-1,3,-1,0,0,2,-1,2,-2,2,-2,2,-2,1,-2,1,-2,1,-2,1,-2,1,-2,1,-2,1,-3,1,-3,1,-3,1,-3,1,-3,1,-3,1,-3,1,-3,1,-3,1,-2,1,-2,2,-2,2,-2,1,-2,2,-2,2,-2,0,0,0,0,0,0,0,0,0,0,0,0,0,0,63,-16,63,-13,59,-17,58,-11,59,-12,58,-12,51,-12,52,-11,46,-9,46,-5,44,-6,45,-4,43,-6,36,-6,38,-7,38,-6,33,-8,33,-5,33,-7,30,-7,34,-7,27,-5,26,-7,24,-4,24,-7,25,-6,22,-4,20,-4,20,-6,21,-6,18,-4,17,-5,12,-6,13,-9,13,-8,11,-10,10,-9,9,-11,10,-13,10,-11,7,-13,8,-12,9,-14,9,-14,7,-15,10,-13,10,-14,10,-16,9,-12,9,-13,11,-9,10,-12,12,-10,11,-9,11,-11,12,-9,10,-8,0,0,0,0,0,0,0,0,0,0,0,0,0,0,0,0,0,0,0,0,0,0,19,-17,22,-16,22,-14,26,-16,26,-14,30,-13,29,-9,31,-11,33,-7,38,-8,40,-5,43,-5,46,-5,48,-2,50,1,54,3,59,5,56,10,58,12,58,16,60,18,64,23,65,26,64,29,63,31,63,34,63,38,64,44,59,43,60,46,57,49,57,50,52,51,52,56,53,57,51,58,52,57,53,57,52,60,56,59,50,63,48,62,45,68,45,65,44,68,40,64,38,66,42,70,37,70,37,67,32,65,33,71,31,68,27,66,28,70,27,71,24,66,0,0]"
CSI_DATA,97,2a:00:00:00:00:00,-43,11,1,0,1,1,1,0,0,0,1,-96,0,11,2,1516836,0,44,0,384,0,"[0,0,0,0,0,0,0,0,0,0,0,0,-11,1,-11,1,-10,1,-10,0,-10,1,-10,1,-9,0,-9,0,-9,0,-8,1,-8,1,-8,1,-7,1,-7,1,-6,1,-7,1,-6,1,-6,0,-5,1,-5,1,-5,0,-5,0,-5,0,-4,1,-4,1,-4,1,0,0,-4,1,-3,1,-3,1,-3,1,-2,1,-2,1,-2,1,-2,1,-2,1,-2,2,-2,2,-2,2,-2,2,-2,2,-2,2,-2,2,-2,2,-2,2,-2,2,-2,1,-2,2,-3,2,-2,2,-2,1,-2,1,-3,1,0,0,0,0,0,0,0,0,0,0,0,0,0,0,-63,-1,-64,-3,-60,3,-60,-3,-57,-2,-56,-2,-54,-2,-53,-3,-50,-3,-46,-6,-47,-5,-41,-4,-45,-3,-38,-2,-39,-6,-39,-3,-36,-1,-34,-1,-32,-3,-34,-2,-34,-2,-31,-2,-27,1,-26,-2,-24,1,-25,0,-25,-2,-22,2,-19,2,-21,1,-20,1,-17,2,-17,4,-14,4,-13,4,-12,7,-10,6,-11,8,-14,10,-11,9,-10,8,-12,8,-12,12,-12,11,-13,12,-12,12,-10,10,-12,11,-12,7,-11,6,-11,9,-13,7,-14,9,-14,6,-14,7,-13,4,-14,4,0,0,0,0,0,0,0,0,0,0,0,0,0,0,0,0,0,0,0,0,0,0,-23,5,-26,3,-28,3,-29,4,-31,0,-30,-2,-31,-2,-36,-5,-37,-6,-37,-9,-39,-11,-44,-11,-43,-12,-46,-16,-47,-20,-48,-24,-50,-24,-48,-29,-51,-32,-51,-37,-50,-38,-51,-41,-50,-47,-50,-47,-48,-50,-49,-54,-45,-57,-45,-60,-42,-61,-44,-64,-39,-64,-39,-65,-36,-64,-35,-64,-36,-67,-32,-71,-34,-68,-29,-67,-34,-69,-29,-71,-29,-74,-30,-73,-25,-73,-25,-75,-24,-72,-23,-75,-21,-75,-22,-75,-17,-76,-16,-76,-16,-73,-13,-74,-11,-74,-9,-70,-8,-73,-10,-72,-8,-72,0,0]"
CSI_DATA,98,2a:00:00:00:00:00,-43,11,1,0,1,1,1,0,0,0,1,-96,0,11,2,1526454,0,44,0,384,0,"[0,0,0,0,0,0,0,0,0,0,0,0,2,10,1,10,1,10,1,10,1,9,1,8,1,8,1,7,0,7,0,7,1,7,1,6,0,6,0,6,0,6,1,5,1,5,1,5,0,5,0,5,0,4,0,4,0,4,0,3,0,3,1,3,0,0,1,2,1,2,1,2,1,1,1,1,1,1,1,1,1,1,2,1,2,1,2,1,2,1,2,1,2,1,2,1,2,1,2,1,2,2,2,1,2,1,2,2,1,1,1,2,1,1,1,2,1,2,0,0,0,0,0,0,0,0,0,0,0,0,0,0,6,63,4,61,4,65,7,59,4,58,2,54,2,53,1,54,0,51,3,48,1,47,1,46,2,43,-2,44,2,39,3,37,-2,35,2,36,2,33,4,31,6,31,2,29,2,28,3,26,1,24,3,25,5,24,2,22,-1,19,3,18,5,17,5,14,0,16,3,11,6,12,4,12,6,7,6,8,6,11,13,11,11,9,12,9,10,10,11,10,11,8,13,12,13,9,12,11,10,11,11,10,9,11,11,11,10,9,8,11,6,11,7,13,5,13,0,0,0,0,0,0,0,0,0,0,0,0,0,0,0,0,0,0,0,0,0,0,9,23,9,24,9,25,8,25,4,31,2,30,0,32,2,33,0,36,0,39,-4,41,-6,43,-7,46,-10,46,-12,49,-16,49,-18,55,-20,53,-22,54,-29,56,-30,56,-36,58,-40,56,-42,57,-47,53,-48,55,-50,50,-55,51,-53,52,-58,51,-62,48,-61,45,-62,43,-64,44,-66,42,-65,43,-64,42,-67,40,-71,37,-69,36,-73,36,-71,36,-73,34,-76,37,-71,31,-74,34,-70,30,-73,29,-75,29,-76,25,-73,18,-73,23,-76,21,-69,18,-75,16,-76,14,-72,14,0,0]"
CSI_DATA,99,2a:00:00:00:00:00,-43,11,1,0,1,1,1,0,0,0,1,-96,0,11,2,1546585,0,44,0,384,0,"[0,0,0,0,0,0,0,0,0,0,0,0,8,-7,8,-7,7,-7,7,-6,7,-6,7,-5,7,-6,6,-5,6,-5,6,-5,6,-4,5,-4,5,-5,5,-4,4,-4,5,-4,4,-4,4,-4,4,-4,3,-4,3,-4,3,-4,3,-3,3,-3,2,-3,2,-2,0,0,2,-2,1,-3,1,-3,1,-2,1,-3,1,-3,0,-3,0,-3,0,-3,0,-3,0,-3,0,-3,0,-3,0,-3,0,-3,0,-3,0,-4,0,-3,0,-3,0,-3,1,-3,1,-3,1,-3,1,-3,1,-3,1,-3,0,0,0,0,0,0,0,0,0,0,0,0,0,0,56,-39,51,-40,51,-37,50,-34,50,-32,48,-32,45,-28,48,-27,42,-27,43,-24,41,-22,39,-22,38,-21,35,-22,35,-18,32,-20,34,-21,28,-20,30,-21,28,-16,26,-16,24,-12,23,-17,24,-17,21,-16,21,-14,18,-11,18,-14,15,-14,14,-11,13,-9,13,-10,10,-12,10,-12,8,-12,10,-13,8,-14,6,-14,6,-14,3,-12,4,-15,5,-15,6,-15,4,-15,6,-16,4,-15,4,-16,6,-15,4,-14,4,-15,6,-14,8,-14,7,-13,9,-13,11,-13,7,-11,9,-13,0,0,0,0,0,0,0,0,0,0,0,0,0,0,0,0,0,0,0,0,0,0,9,-24,10,-23,15,-23,17,-26,18,-25,21,-24,24,-25,26,-23,28,-24,30,-25,35,-26,36,-24,39,-26,42,-26,47,-18,47,-18,55,-20,54,-17,59,-15,58,-10,62,-9,66,-4,66,-4,68,-2,71,2,71,4,71,8,73,12,74,15,74,15,69,16,74,22,73,26,70,26,73,27,71,31,70,28,70,31,71,32,73,33,70,37,71,37,69,43,69,40,66,42,65,43,63,45,66,47,62,48,60,50,57,51,57,51,55,53,51,47,55,51,53,54,51,53,0,0]"
CSI_DATA,100,2a:00:00:00:00:00,-43,11,1,0,1,1,1,0,0,0,1,-96,0,11,2,1556715,0,44,0,384,0,"[0,0,0,0,0,0,0,0,0,0,0,0,-9,-6,-9,-6,-9,-6,-8,-6,-8,-6,-7,-5,-7,-5,-7,-5,-7,-4,-6,-5,-6,-5,-6,-5,-6,-4,-5,-4,-5,-4,-5,-3,-5,-3,-5,-3,-5,-3,-5,-3,-4,-3,-4,-3,-4,-3,-4,-2,-3,-2,-4,-2,0,0,-3,-2,-3,-1,-3,-1,-3,-1,-2,-1,-3,-1,-3,0,-3,0,-3,0,-3,0,-3,0,-3,0,-3,0,-3,0,-3,0,-3,0,-3,0,-3,0,-3,0,-3,0,-3,0,-3,0,-3,-1,-3,-1,-3,-1,-3,-1,0,0,0,0,0,0,0,0,0,0,0,0,0,0,-52,-33,-54,-35,-50,-33,-51,-31,-52,-34,-44,-31,-45,-31,-39,-30,-42,-30,-39,-28,-37,-25,-37,-27,-35,-25,-32,-25,-31,-23,-32,-22,-29,-20,-27,-20,-25,-19,-29,-18,-27,-16,-26,-17,-22,-16,-22,-15,-20,-15,-20,-11,-20,-13,-19,-9,-16,-10,-19,-9,-19,-8,-16,-9,-14,-5,-13,-5,-16,-4,-12,-2,-12,-2,-13,0,-13,1,-18,0,-15,2,-15,0,-13,4,-17,4,-15,2,-18,2,-15,1,-17,2,-14,2,-17,0,-15,1,-16,0,-17,3,-15,-3,-17,-2,-16,-1,-13,-4,0,0,0,0,0,0,0,0,0,0,0,0,0,0,0,0,0,0,0,0,0,0,-24,-20,-19,-2,-16,-22,-31,-21,-26,-28,-8,-17,-31,-9,-46,-24,-28,-8,-34,-21,-24,-37,-25,-40,-37,-23,-24,-22,-39,-44,-46,-38,-35,-31,-40,-44,-43,-66,-14,-58,-19,-66,-36,-57,-29,-65,-6,-64,-6,-63,-19,-69,-3,-62,-12,-69,-7,-75,-9,-72,-1,-73,-3,-69,0,-75,0,-72,7,-76,4,-75,10,-78,8,-77,11,-75,12,-76,15,-77,12,-80,15,-74,18,-80,15,-72,18,-74,18,-76,19,-76,21,-76,25,-75,29,-70,29,-74,27,-71,28,-69,29,-64,30,-63,32,-66,0,0]"
CSI_DATA,101,2a:00:00:00:00:00,-43,11,1,0,1,1,1,0,0,0,1,-96,0,11,2,1567011,0,44,0,384,0,"[0,0,0,0,0,0,0,0,0,0,0,0,10,-1,10,0,9,0,9,0,8,0,9,0,8,0,8,0,7,0,6,0,7,0,6,0,6,0,5,0,5,0,5,0,5,-1,5,0,4,-1,4,-1,4,-1,3,-1,4,-1,3,-1,3,-1,3,-1,0,0,3,-1,2,-1,2,-1,2,-1,2,-2,1,-2,1,-2,1,-2,1,-2,1,-2,2,-2,1,-3,1,-3,2,-3,2,-2,2,-2,1,-3,2,-2,2,-2,2,-2,2,-2,2,-2,2,-2,2,-2,2,-2,2,-1,0,0,0,0,0,0,0,0,0,0,0,0,0,0,65,4,61,6,63,2,61,10,60,10,57,7,50,9,52,10,47,11,49,11,47,11,43,9,43,9,38,6,39,6,38,7,37,6,34,5,31,5,34,4,34,5,29,5,26,0,26,4,23,4,23,1,22,1,21,3,20,0,21,0,21,1,19,2,15,-4,13,-5,13,-5,11,-6,13,-6,11,-8,10,-7,12,-7,11,-6,12,-6,12,-12,12,-11,10,-9,14,-9,15,-8,13,-10,13,-7,14,-7,12,-8,13,-8,14,-9,15,-5,16,-7,13,-3,14,-3,0,0,0,0,0,0,0,0,0,0,0,0,0,0,0,0,0,0,0,0,0,0,23,-8,25,-5,25,-5,28,-3,29,-2,33,2,31,4,34,6,35,6,36,6,42,10,40,10,47,11,43,15,49,18,47,23,48,25,48,30,50,31,48,36,48,38,50,46,48,45,47,48,47,52,47,57,43,58,42,63,39,61,39,67,37,66,35,67,32,69,30,68,30,72,29,71,27,69,29,73,28,75,27,72,22,78,24,75,20,75,20,74,19,75,17,75,12,79,13,77,13,80,10,75,12,74,11,78,6,77,4,71,4,74,2,73,0,71,0,0]"
CSI_DATA,102,2a:00:00:00:00:00,-43,11,1,0,1,1,1,0,0,0,1,-96,0,11,2,1577750,0,44,0,384,0,"[0,0,0,0,0,0,0,0,0,0,0,0,-11,-5,-10,-5,-10,-5,-9,-6,-9,-5,-9,-5,-8,-5,-8,-4,-8,-4,-7,-4,-7,-4,-7,-4,-7,-4,-6,-4,-6,-4,-6,-3,-6,-3,-6,-3,-5,-3,-5,-3,-4,-3,-4,-2,-5,-2,-4,-2,-4,-2,-4,-2,0,0,-4,-1,-3,-1,-3,-1,-3,-1,-3,0,-3,0,-3,0,-3,0,-3,0,-3,0,-3,0,-3,0,-3,0,-3,1,-3,0,-4,0,-3,0,-3,0,-3,0,-3,0,-3,0,-3,0,-3,0,-3,0,-3,-1,-3,-1,0,0,0,0,0,0,0,0,0,0,0,0,0,0,7,65,8,61,13,64,7,52,9,51,4,54,7,52,-1,48,5,48,2,40,1,44,4,41,5,44,2,39,1,31,6,30,2,38,7,34,0,33,4,25,7,32,6,22,1,24,3,24,1,26,2,24,6,21,2,20,4,17,6,16,3,17,7,16,3,15,6,13,7,11,6,9,7,8,6,9,5,8,9,8,9,11,10,8,7,8,10,7,7,8,11,7,12,6,12,7,10,10,11,8,11,7,11,11,9,8,7,3,8,7,8,9,8,11,0,0,0,0,0,0,0,0,0,0,0,0,0,0,0,0,0,0,0,0,0,0,8,25,7,24,4,27,6,25,3,27,-1,33,2,33,0,33,-4,39,-5,38,-7,42,-7,42,-10,49,-11,47,-18,46,-21,47,-25,52,-23,52,-27,52,-28,51,-34,51,-39,58,-43,55,-42,52,-45,53,-48,54,-55,52,-58,53,-54,47,-61,50,-61,47,-64,45,-65,43,-64,43,-65,42,-66,41,-67,40,-65,38,-68,37,-67,38,-72,41,-67,34,-70,37,-75,36,-70,33,-63,35,-75,32,-71,29,-78,28,-79,25,-72,28,-73,24,-71,25,-60,21,-70,20,-71,24,-67,23,0,0]"
CSI_DATA,103,2a:00:00:00:00:00,-43,11,1,0,1,1,1,0,0,0,1,-96,0,11,2,1594304,0,44,0,384,0,"[0,0,0,0,0,0,0,0,0,0,0,0,9,6,9,5,9,5,8,5,8,5,7,5,7,5,7,4,7,4,6,4,6,4,6,3,5,3,5,3,5,3,5,3,5,3,5,3,4,2,4,2,4,2,3,2,4,2,3,1,3,1,3,1,0,0,3,1,2,0,2,0,3,0,2,0,2,-1,2,-1,2,-1,2,-1,3,-1,3,-1,2,-1,2,-1,2,-1,2,-1,2,-1,3,-1,2,-1,3,-1,2,-1,3,-1,2,-1,3,-1,2,0,2,0,2,0,0,0,0,0,0,0,0,0,0,0,0,0,0,0,58,31,56,31,57,29,54,29,53,29,49,29,44,26,45,28,38,27,41,27,39,25,38,24,38,24,33,22,33,21,33,17,30,17,30,16,26,15,27,16,28,16,26,14,22,11,23,12,19,12,20,12,20,12,21,8,18,9,18,7,16,6,15,6,12,4,14,2,13,1,10,-1,13,0,10,0,11,-4,16,-1,15,-2,15,-6,14,-4,13,-6,14,-6,14,-4,15,-3,15,-4,16,-2,17,-2,15,-3,16,-1,16,-1,16,-2,13,0,11,1,13,3,0,0,0,0,0,0,0,0,0,0,0,0,0,0,0,0,0,0,0,0,0,0,24,2,28,4,26,5,28,7,28,10,28,13,28,14,29,17,31,20,32,20,35,21,36,27,35,27,37,33,37,35,34,38,35,45,32,44,35,47,33,50,31,56,27,60,27,61,27,64,23,64,23,68,19,69,14,74,12,70,13,75,10,74,7,78,6,76,3,76,2,80,-1,78,-2,75,2,79,-2,77,-2,77,-6,81,-5,77,-8,80,-10,77,-10,78,-14,80,-15,77,-14,78,-21,77,-17,73,-18,76,-18,76,-26,72,-23,68,-24,70,-26,71,-26,64,0,0]"
CSI_DATA,104,2a:00:00:00:00:00,-43,11,1,0,1,1,1,0,0,0,1,-96,0,11,2,1596516,0,44,0,384,0,"[0,0,0,0,0,0,0,0,0,0,0,0,7,-9,6,-9,6,-9,6,-8,6,-8,6,-7,5,-7,5,-6,5,-6,5,-6,5,-6,4,-6,4,-6,4,-5,4,-5,4,-5,3,-5,3,-5,3,-5,3,-4,2,-4,3,-4,2,-3,2,-4,2,-4,2,-3,0,0,1,-3,1,-3,1,-3,0,-3,0,-3,0,-3,0,-3,0,-3,0,-3,0,-3,-1,-3,0,-3,0,-3,-1,-3,0,-3,-1,-3,0,-4,0,-3,0,-3,0,-3,0,-3,0,-3,0,-3,0,-3,1,-3,1,-3,0,0,0,0,0,0,0,0,0,0,0,0,0,0,43,-48,43,-51,38,-47,40,-43,44,-47,40,-39,38,-40,38,-38,37,-38,34,-32,33,-30,31,-33,33,-30,30,-32,30,-27,26,-28,28,-30,23,-25,24,-27,24,-23,21,-23,20,-20,16,-23,18,-21,16,-21,16,-18,14,-16,14,-18,13,-19,12,-11,10,-13,8,-13,8,-16,5,-15,3,-14,3,-13,3,-15,4,-13,1,-14,-2,-13,-2,-17,1,-15,0,-15,2,-16,2,-19,-1,-18,-2,-16,1,-18,0,-16,2,-16,-1,-17,1,-16,2,-17,3,-15,3,-14,4,-16,8,-15,0,0,0,0,0,0,0,0,0,0,0,0,0,0,0,0,0,0,0,0,0,0,8,-24,9,-24,13,-25,15,-24,19,-25,21,-24,23,-25,21,-26,27,-27,27,-28,35,-26,34,-27,39,-29,41,-27,44,-29,50,-22,51,-22,55,-24,54,-20,58,-16,61,-17,65,-14,68,-13,67,-10,72,-7,72,-4,73,0,73,3,77,4,73,7,75,9,75,11,77,12,76,15,78,17,75,18,76,18,75,21,74,20,76,26,76,23,77,26,74,28,78,30,70,29,71,27,71,32,72,33,70,37,69,39,67,38,67,40,64,41,61,39,62,44,58,42,61,41,0,0]"
CSI_DATA,105,2a:00:00:00:00:00,-43,11,1,0,1,1,1,0,0,0,1,-96,0,11,2,1607480,0,44,0,384,0,"[0,0,0,0,0,0,0,0,0,0,0,0,11,-1,10,-1,10,-1,9,0,9,0,8,0,8,0,8,0,8,0,7,-1,7,0,7,-1,6,-1,6,-1,5,0,6,-1,5,-1,5,-1,4,-1,4,-1,4,-1,4,-1,4,-1,3,-1,3,-1,3,-1,0,0,3,-1,2,-2,2,-1,2,-1,1,-2,1,-2,1,-2,1,-2,1,-2,1,-2,1,-2,1,-3,1,-3,1,-3,2,-3,1,-3,2,-3,1,-2,2,-2,2,-2,2,-2,2,-2,2,-2,2,-2,2,-2,2,-2,0,0,0,0,0,0,0,0,0,0,0,0,0,0,64,-13,65,-11,62,-13,61,-8,60,-8,57,-4,54,-7,50,-7,52,-5,46,-3,46,-6,44,-3,44,-4,39,-3,40,-2,39,-4,35,-5,32,-5,32,-4,34,-8,33,-5,31,-4,25,-5,24,-6,23,-6,23,-5,22,-5,21,-6,18,-4,19,-5,18,-4,15,-5,14,-8,12,-8,13,-5,8,-9,8,-8,11,-11,8,-11,9,-9,8,-11,8,-11,10,-13,9,-14,7,-13,9,-15,8,-12,9,-15,8,-13,11,-11,11,-12,9,-11,11,-13,13,-11,12,-10,12,-11,13,-7,0,0,0,0,0,0,0,0,0,0,0,0,0,0,0,0,0,0,0,0,0,0,22,-11,20,-10,26,-9,29,-9,31,-4,29,-5,32,-4,34,-1,37,-2,37,1,40,3,41,5,45,3,46,10,47,11,51,13,52,15,54,22,52,22,55,25,57,31,60,32,59,37,56,40,56,43,56,46,53,50,54,52,53,54,51,54,50,56,47,58,48,59,47,59,44,63,44,65,42,64,45,63,42,66,42,64,40,67,42,67,36,70,38,72,31,68,37,70,32,71,35,73,31,73,28,75,26,71,25,75,24,69,21,72,18,71,21,69,16,70,0,0]"
CSI_DATA,106,2a:00:00:00:00:00,-43,11,1,0,1,1,1,0,0,0,1,-96,0,11,2,1617053,0,44,0,384,0,"[0,0,0,0,0,0,0,0,0,0,0,0,3,-12,2,-10,2,-11,3,-10,3,-10,2,-9,2,-9,2,-9,2,-8,2,-8,2,-8,2,-8,2,-7,1,-7,1,-7,1,-7,1,-6,1,-6,1,-6,1,-6,1,-5,1,-5,0,-5,0,-5,0,-5,0,-4,0,0,0,-4,0,-4,0,-3,-1,-3,-1,-3,-1,-3,-1,-3,-2,-3,-2,-3,-2,-3,-2,-3,-2,-3,-2,-3,-2,-3,-2,-3,-2,-3,-2,-3,-2,-3,-2,-3,-2,-3,-2,-3,-1,-3,-1,-3,-1,-3,-1,-3,-1,-3,0,0,0,0,0,0,0,0,0,0,0,0,0,0,32,-57,33,-57,32,-55,30,-52,31,-53,30,-44,32,-48,29,-43,29,-43,27,-37,25,-40,24,-35,25,-38,24,-35,22,-32,21,-34,22,-32,21,-34,18,-28,16,-28,14,-28,13,-25,12,-24,13,-22,15,-23,15,-24,10,-21,10,-18,12,-19,6,-20,7,-16,6,-17,7,-15,4,-14,2,-14,3,-13,-1,-12,-1,-15,-3,-17,-3,-16,-8,-15,-2,-18,-2,-16,-3,-15,-6,-15,-4,-19,-5,-16,-2,-17,-4,-17,-2,-17,-3,-16,-2,-16,-1,-16,-1,-15,1,-14,1,-12,4,-14,0,0,0,0,0,0,0,0,0,0,0,0,0,0,0,0,0,0,0,0,0,0,3,-25,4,-27,10,-24,9,-28,14,-28,17,-26,17,-28,19,-30,22,-32,22,-31,25,-30,29,-33,34,-35,35,-35,41,-31,43,-33,44,-33,49,-32,48,-32,54,-29,58,-27,64,-28,64,-22,66,-22,70,-17,70,-15,73,-13,75,-10,75,-8,75,-8,74,-5,75,-1,78,-1,77,3,78,3,76,6,77,6,76,8,79,9,80,8,80,13,78,12,76,10,81,14,74,15,76,14,76,20,77,20,77,21,75,25,72,26,72,26,69,29,66,27,67,28,68,31,68,29,0,0]"
CSI_DATA,107,2a:00:00:00:00:00,-43,11,1,0,1,1,1,0,0,0,1,-96,0,11,2,1636420,0,44,0,384,0,"[0,0,0,0,0,0,0,0,0,0,0,0,7,-9,7,-8,6,-8,6,-8,6,-7,6,-6,6,-6,6,-6,6,-6,5,-6,5,-5,5,-5,4,-5,4,-5,4,-5,4,-5,3,-4,3,-4,3,-4,3,-4,3,-4,2,-4,3,-3,2,-4,2,-3,2,-3,0,0,1,-3,1,-3,1,-3,1,-3,0,-3,0,-3,0,-3,0,-3,0,-3,0,-3,0,-3,0,-3,0,-3,0,-3,0,-3,0,-3,0,-4,0,-3,0,-3,0,-3,0,-3,1,-3,1,-3,1,-3,1,-3,1,-3,0,0,0,0,0,0,0,0,0,0,0,0,0,0,38,-56,36,-52,38,-54,36,-50,36,-45,37,-41,33,-44,34,-41,32,-38,33,-39,31,-35,27,-33,29,-31,26,-31,30,-27,25,-27,27,-27,22,-28,20,-25,21,-24,21,-27,18,-23,17,-23,14,-22,16,-22,16,-22,15,-17,13,-21,11,-17,12,-15,12,-13,7,-14,5,-15,8,-17,5,-13,4,-14,3,-15,1,-15,0,-15,-3,-12,-1,-12,-1,-15,-1,-16,0,-15,-1,-17,0,-16,-4,-17,1,-17,-2,-16,0,-15,1,-16,-1,-17,0,-15,3,-15,4,-15,4,-14,5,-15,0,0,0,0,0,0,0,0,0,0,0,0,0,0,0,0,0,0,0,0,0,0,1,-26,5,-27,5,-26,9,-27,11,-29,14,-28,16,-28,19,-29,20,-31,21,-32,27,-33,29,-31,32,-34,35,-34,36,-36,41,-34,44,-35,48,-32,50,-34,52,-31,55,-27,60,-29,63,-25,67,-19,71,-17,72,-17,71,-13,75,-11,76,-9,75,-6,72,-2,77,-2,77,-1,76,1,76,3,76,3,76,8,79,11,74,11,80,12,80,15,76,14,79,17,77,18,76,19,79,20,75,22,77,24,71,23,74,27,71,31,71,31,68,34,63,33,65,35,65,35,63,33,0,0]"
CSI_DATA,108,2a:00:00:00:00:00,-43,11,1,0,1,1,1,0,0,0,1,-96,0,11,2,1657942,0,44,0,384,0,"[0,0,0,0,0,0,0,0,0,0,0,0,7,-8,7,-8,6,-7,6,-7,6,-7,6,-6,6,-6,6,-6,5,-5,5,-5,5,-5,5,-5,4,-5,4,-5,4,-4,4,-5,4,-4,3,-4,3,-4,3,-4,3,-4,2,-4,2,-3,2,-4,2,-3,2,-3,0,0,2,-3,1,-3,1,-3,1,-3,0,-3,0,-3,0,-3,0,-3,0,-3,0,-3,0,-3,0,-3,0,-3,0,-3,0,-3,0,-3,0,-3,0,-3,0,-3,0,-3,0,-3,0,-3,0,-3,0,-3,0,-3,1,-3,0,0,0,0,0,0,0,0,0,0,0,0,0,0,51,-44,49,-42,53,-40,51,-35,48,-34,47,-30,42,-30,45,-32,42,-27,40,-24,38,-24,37,-23,37,-23,35,-22,32,-20,34,-21,31,-21,27,-19,28,-18,26,-19,25,-18,24,-16,24,-19,22,-16,20,-15,18,-16,18,-13,17,-15,17,-14,14,-14,15,-11,11,-10,10,-12,11,-14,6,-10,8,-14,6,-14,5,-13,3,-15,1,-14,3,-15,3,-15,2,-15,3,-16,4,-16,1,-15,2,-17,4,-16,4,-17,5,-16,5,-15,3,-16,7,-14,7,-15,9,-13,9,-13,8,-10,0,0,0,0,0,0,0,0,0,0,0,0,0,0,0,0,0,0,0,0,0,0,10,-22,12,-25,13,-20,15,-24,19,-23,22,-24,24,-23,26,-23,29,-24,30,-22,35,-22,36,-23,41,-23,42,-22,47,-23,48,-18,55,-19,55,-17,58,-15,60,-9,63,-7,66,-6,70,-2,71,1,70,5,73,7,71,11,75,15,74,14,77,17,69,20,76,23,72,24,70,25,72,30,71,28,69,31,72,32,70,35,70,31,70,38,69,34,71,42,72,38,65,42,69,42,65,45,63,46,65,44,57,48,60,50,57,50,54,53,51,48,53,54,54,51,54,51,0,0]"
CSI_DATA,109,2a:00:00:00:00:00,-43,11,1,0,1,1,1,0,0,0,1,-96,0,11,2,1666421,0,44,0,384,0,"[0,0,0,0,0,0,0,0,0,0,0,0,-5,-10,-5,-10,-5,-10,-4,-9,-4,-9,-4,-8,-4,-8,-3,-8,-3,-7,-3,-7,-3,-7,-3,-7,-3,-7,-3,-6,-3,-6,-3,-6,-3,-5,-3,-5,-3,-5,-3,-5,-2,-5,-2,-4,-2,-4,-2,-4,-2,-4,-2,-3,0,0,-2,-3,-2,-3,-2,-3,-2,-2,-2,-2,-2,-2,-2,-2,-3,-2,-3,-2,-3,-1,-3,-1,-3,-2,-3,-2,-3,-2,-3,-2,-3,-2,-3,-2,-3,-2,-3,-2,-3,-2,-3,-2,-3,-2,-3,-2,-2,-2,-2,-2,-2,-3,0,0,0,0,0,0,0,0,0,0,0,0,0,0,-22,-64,-22,-60,-23,-63,-19,-57,-19,-56,-15,-54,-17,-55,-15,-52,-16,-51,-13,-45,-11,-46,-10,-43,-14,-42,-9,-41,-9,-38,-12,-37,-10,-35,-10,-34,-10,-34,-11,-32,-12,-29,-12,-29,-8,-28,-9,-26,-6,-27,-5,-25,-8,-23,-8,-23,-9,-20,-9,-19,-8,-17,-8,-16,-10,-14,-7,-15,-9,-10,-6,-11,-10,-12,-11,-10,-11,-10,-13,-8,-17,-10,-14,-8,-13,-10,-14,-7,-11,-9,-15,-8,-15,-8,-14,-11,-15,-8,-14,-9,-15,-10,-14,-13,-13,-11,-12,-9,-13,-12,-10,-12,-10,-13,0,0,0,0,0,0,0,0,0,0,0,0,0,0,0,0,0,0,0,0,0,0,-19,-18,-18,-20,-16,-21,-15,-25,-14,-26,-14,-29,-13,-31,-13,-33,-11,-36,-10,-37,-13,-41,-8,-44,-8,-47,-6,-49,-4,-51,-3,-53,0,-57,5,-56,4,-61,11,-62,13,-64,17,-66,19,-64,19,-66,27,-68,28,-67,30,-68,36,-67,38,-65,41,-67,42,-62,45,-65,48,-60,47,-58,54,-59,51,-58,53,-57,50,-59,52,-59,55,-59,59,-57,54,-58,58,-56,60,-56,59,-49,62,-50,63,-47,65,-46,65,-43,66,-42,62,-44,64,-43,66,-38,62,-36,61,-38,66,-34,66,-33,0,0]"
CSI_DATA,110,2a:00:00:00:00:00,-43,11,1,0,1,1,1,0,0,0,1,-96,0,11,2,1686394,0,44,0,384,0,"[0,0,0,0,0,0,0,0,0,0,0,0,-7,-9,-6,-9,-6,-9,-6,-9,-6,-8,-5,-8,-5,-8,-5,-7,-5,-7,-5,-7,-4,-7,-4,-6,-4,-6,-4,-6,-4,-5,-4,-5,-4,-5,-3,-5,-4,-5,-3,-5,-3,-5,-3,-4,-3,-4,-3,-4,-3,-4,-3,-3,0,0,-3,-3,-2,-3,-3,-2,-3,-2,-3,-2,-2,-2,-3,-2,-3,-1,-3,-1,-3,-1,-3,-1,-3,-1,-3,-1,-3,-1,-3,-1,-3,-1,-3,-1,-3,-1,-3,-1,-3,-1,-3,-2,-3,-1,-3,-2,-3,-2,-3,-2,-3,-2,0,0,0,0,0,0,0,0,0,0,0,0,0,0,-29,-62,-23,-58,-27,-58,-25,-56,-25,-53,-23,-54,-20,-54,-20,-54,-19,-50,-17,-44,-17,-42,-20,-43,-15,-42,-14,-37,-13,-35,-16,-36,-12,-35,-14,-35,-11,-36,-14,-29,-15,-31,-14,-27,-13,-27,-12,-23,-10,-22,-10,-22,-9,-21,-10,-21,-8,-19,-14,-14,-12,-15,-12,-16,-7,-12,-9,-13,-12,-11,-9,-9,-13,-8,-12,-8,-11,-3,-13,-7,-16,-5,-15,-8,-14,-6,-14,-7,-14,-6,-15,-6,-17,-8,-13,-5,-16,-10,-15,-6,-15,-9,-15,-10,-13,-9,-13,-11,-12,-10,-13,-11,-11,-12,0,0,0,0,0,0,0,0,0,0,0,0,0,0,0,0,0,0,0,0,0,0,-17,-18,-16,-21,-16,-21,-18,-27,-13,-27,-13,-27,-16,-29,-13,-32,-13,-38,-11,-36,-11,-41,-9,-44,-11,-47,-6,-49,-4,-52,-1,-52,0,-57,3,-57,5,-59,8,-60,10,-63,16,-68,17,-63,19,-68,24,-66,24,-68,31,-69,34,-68,38,-64,39,-68,38,-63,44,-67,44,-65,45,-65,47,-62,50,-61,45,-63,51,-59,54,-58,54,-60,56,-59,53,-59,55,-57,59,-58,58,-53,55,-54,58,-53,59,-50,63,-50,62,-47,64,-44,62,-47,65,-46,60,-40,65,-37,65,-40,62,-38,0,0]"
CSI_DATA,111,2a:00:00:00:00:00,-43,11,1,0,1,1,1,0,0,0,1,-96,0,11,2,1696391,0,44,0,384,0,"[0,0,0,0,0,0,0,0,0,0,0,0,-6,-10,-5,-10,-5,-10,-5,-9,-5,-9,-4,-8,-4,-8,-4,-8,-4,-7,-4,-7,-4,-7,-4,-7,-3,-7,-3,-7,-3,-6,-3,-6,-3,-5,-3,-5,-3,-5,-3,-5,-3,-5,-2,-5,-3,-4,-3,-4,-2,-4,-3,-3,0,0,-3,-3,-2,-3,-2,-3,-3,-2,-2,-2,-2,-2,-3,-2,-3,-2,-3,-2,-3,-2,-3,-2,-3,-1,-3,-1,-3,-2,-3,-2,-3,-2,-3,-2,-3,-2,-3,-2,-3,-2,-3,-2,-3,-2,-3,-2,-3,-2,-3,-2,-2,-2,0,0,0,0,0,0,0,0,0,0,0,0,0,0,-35,-58,-32,-58,-32,-57,-31,-52,-30,-53,-25,-50,-24,-50,-23,-49,-22,-44,-23,-43,-24,-43,-20,-41,-22,-38,-15,-38,-16,-36,-20,-33,-18,-35,-15,-32,-17,-32,-18,-27,-18,-28,-16,-28,-14,-25,-12,-26,-11,-23,-11,-22,-13,-21,-11,-19,-11,-18,-15,-16,-12,-13,-13,-14,-9,-10,-11,-10,-11,-8,-9,-10,-10,-8,-8,-5,-14,-4,-15,-5,-14,-6,-16,-6,-14,-3,-16,-3,-15,-5,-17,-4,-18,-6,-16,-6,-17,-6,-17,-6,-15,-6,-15,-6,-13,-4,-14,-7,-13,-8,-14,-9,-13,-11,0,0,0,0,0,0,0,0,0,0,0,0,0,0,0,0,0,0,0,0,0,0,-20,-16,-20,-20,-17,-20,-20,-23,-17,-25,-16,-30,-16,-30,-18,-32,-16,-34,-17,-36,-15,-41,-14,-42,-16,-45,-11,-49,-9,-50,-7,-50,-8,-56,-3,-59,-1,-60,-1,-62,4,-65,6,-68,11,-70,13,-69,20,-69,19,-71,24,-68,29,-70,29,-70,31,-72,32,-67,36,-69,40,-66,37,-66,40,-69,41,-68,41,-65,41,-64,44,-64,45,-64,50,-65,45,-63,50,-65,51,-61,51,-60,54,-62,54,-59,55,-60,58,-59,56,-53,59,-50,59,-53,59,-50,56,-45,61,-47,59,-45,59,-42,0,0]"
CSI_DATA,112,2a:00:00:00:00:00,-43,11,1,0,1,1,1,0,0,0,1,-96,0,11,2,1706414,0,44,0,384,0,"[0,0,0,0,0,0,0,0,0,0,0,0,-11,-5,-10,-5,-10,-5,-9,-5,-9,-5,-9,-5,-9,-5,-8,-4,-8,-5,-7,-4,-7,-4,-7,-4,-7,-4,-6,-4,-6,-4,-6,-3,-6,-3,-6,-3,-5,-3,-5,-3,-5,-3,-4,-2,-5,-2,-4,-2,-4,-2,-4,-2,0,0,-4,-1,-3,-1,-3,-1,-3,-1,-3,-1,-3,0,-3,0,-3,0,-3,0,-3,0,-3,0,-3,0,-3,0,-3,0,-3,0,-4,0,-3,0,-3,0,-3,0,-3,0,-3,0,-3,0,-3,0,-3,-1,-3,-1,-3,-1,0,0,0,0,0,0,0,0,0,0,0,0,0,0,18,62,13,66,16,65,14,57,15,54,14,49,10,55,8,55,12,46,10,44,9,40,7,41,8,43,8,39,9,33,7,34,9,35,3,31,10,30,8,28,12,30,7,26,6,26,4,25,4,24,7,23,6,18,4,18,3,22,4,16,5,17,7,15,0,13,4,11,7,9,2,11,6,11,5,7,7,10,10,4,12,6,13,6,6,6,10,6,13,3,13,8,10,7,13,5,15,7,13,7,9,6,11,6,12,7,10,6,11,8,10,9,10,8,0,0,0,0,0,0,0,0,0,0,0,0,0,0,0,0,0,0,0,0,0,0,15,24,9,22,14,25,11,28,7,30,6,32,6,34,7,35,5,37,3,37,1,40,1,43,-1,50,-3,50,-6,54,-12,53,-14,54,-12,57,-14,58,-19,59,-21,60,-25,61,-25,62,-33,61,-38,62,-40,64,-42,63,-47,65,-45,55,-52,58,-48,56,-54,56,-54,54,-58,55,-58,54,-60,54,-57,49,-58,52,-61,51,-68,55,-70,51,-58,45,-64,44,-66,49,-66,46,-66,43,-66,43,-63,42,-72,41,-64,38,-76,33,-68,35,-74,34,-62,25,-69,27,-76,27,-66,27,0,0]"
CSI_DATA,113,2a:00:00:00:00:00,-43,11,1,0,1,1,1,0,0,0,1,-96,0,11,2,1726433,0,44,0,384,0,"[0,0,0,0,0,0,0,0,0,0,0,0,-10,3,-10,2,-10,2,-9,2,-9,2,-9,1,-9,1,-8,1,-8,1,-7,1,-7,1,-7,1,-7,1,-6,1,-6,1,-6,1,-6,1,-6,1,-5,1,-5,1,-5,1,-4,1,-4,1,-4,1,-4,1,-4,1,0,0,-3,1,-3,1,-2,1,-3,1,-2,1,-2,2,-2,1,-2,2,-2,1,-2,2,-2,2,-2,2,-2,2,-2,2,-2,2,-2,2,-2,2,-2,2,-2,2,-2,2,-2,2,-2,2,-2,2,-2,2,-2,1,-2,1,0,0,0,0,0,0,0,0,0,0,0,0,0,0,-66,13,-61,13,-63,14,-62,8,-60,8,-60,5,-52,6,-55,3,-48,8,-50,3,-48,3,-44,4,-45,3,-39,5,-38,4,-38,5,-37,7,-33,8,-35,6,-31,2,-34,4,-27,3,-28,9,-25,6,-25,2,-25,3,-22,4,-21,8,-19,4,-20,7,-18,4,-17,6,-14,5,-13,7,-13,6,-13,10,-13,9,-12,10,-11,10,-10,10,-9,9,-10,9,-8,12,-9,12,-11,14,-9,11,-10,12,-10,12,-10,11,-10,12,-11,12,-12,9,-12,9,-13,8,-12,9,-11,7,-14,6,0,0,0,0,0,0,0,0,0,0,0,0,0,0,0,0,0,0,0,0,0,0,-20,11,-24,11,-23,9,-28,11,-28,9,-30,7,-32,5,-35,3,-38,4,-37,3,-42,1,-43,-1,-47,0,-51,-5,-53,-8,-49,-10,-59,-12,-55,-14,-56,-18,-58,-25,-59,-24,-60,-29,-58,-32,-61,-33,-63,-39,-62,-40,-61,-44,-60,-51,-55,-45,-59,-52,-54,-51,-56,-59,-50,-57,-51,-61,-50,-61,-48,-63,-48,-61,-49,-60,-48,-64,-48,-64,-46,-69,-44,-64,-45,-71,-43,-67,-41,-70,-39,-71,-37,-71,-36,-72,-35,-73,-31,-69,-34,-70,-32,-76,-28,-78,-25,-68,-28,-69,-24,-73,-23,-71,0,0]"
CSI_DATA,114,2a:00:00:00:00:00,-43,11,1,0,1,1,1,0,0,0,1,-96,0,11,2,1736812,0,44,0,384,0,"[0,0,0,0,0,0,0,0,0,0,0,0,-8,-9,-7,-8,-7,-8,-7,-8,-6,-8,-6,-8,-6,-7,-6,-7,-5,-7,-5,-7,-5,-6,-5,-6,-5,-6,-5,-6,-4,-6,-4,-5,-4,-5,-4,-4,-4,-5,-4,-4,-3,-4,-3,-4,-3,-3,-3,-4,-3,-3,-3,-3,0,0,-3,-2,-3,-2,-3,-2,-3,-2,-2,-2,-3,-1,-3,-1,-3,-1,-3,-1,-3,-1,-3,-1,-3,-1,-3,-1,-3,-1,-4,-1,-4,-1,-3,-1,-3,-1,-3,-1,-3,-1,-3,-1,-3,-1,-3,-1,-3,-2,-3,-2,-3,-2,0,0,0,0,0,0,0,0,0,0,0,0,0,0,-39,-57,-38,-55,-36,-52,-36,-50,-34,-51,-29,-46,-31,-47,-27,-44,-27,-44,-24,-39,-24,-42,-24,-39,-23,-38,-20,-37,-21,-36,-21,-33,-19,-32,-18,-32,-16,-28,-19,-29,-19,-26,-18,-26,-16,-26,-14,-23,-14,-23,-16,-20,-14,-17,-15,-18,-12,-17,-15,-16,-14,-13,-12,-11,-10,-11,-13,-9,-11,-9,-13,-7,-12,-7,-12,-3,-15,-5,-15,-6,-15,-4,-14,-4,-14,-5,-16,-3,-15,-3,-17,-4,-17,-4,-16,-3,-15,-6,-16,-6,-14,-6,-16,-8,-15,-7,-15,-6,-15,-7,-13,-9,-12,-10,0,0,0,0,0,0,0,0,0,0,0,0,0,0,0,0,0,0,0,0,0,0,-23,-13,-22,-15,-21,-20,-20,-22,-19,-25,-20,-27,-17,-29,-18,-29,-17,-34,-18,-36,-16,-39,-17,-41,-17,-43,-14,-49,-12,-50,-12,-54,-12,-55,-7,-58,-8,-60,-3,-62,-2,-64,1,-68,7,-71,9,-69,13,-71,14,-73,18,-72,21,-71,25,-72,28,-71,27,-70,28,-71,31,-72,32,-69,36,-70,35,-69,37,-70,37,-68,38,-68,42,-68,42,-68,41,-70,43,-66,46,-68,45,-64,47,-62,49,-60,46,-63,52,-61,55,-57,52,-57,55,-57,57,-52,50,-53,55,-49,55,-49,57,-50,0,0]"
CSI_DATA,115,2a:00:00:00:00:00,-43,11,1,0,1,1,1,0,0,0,1,-96,0,11,2,1757317,0,44,0,384,0,"[0,0,0,0,0,0,0,0,0,0,0,0,-7,-8,-7,-8,-6,-8,-6,-8,-6,-8,-5,-8,-5,-7,-5,-7,-5,-7,-5,-6,-5,-6,-5,-6,-4,-6,-4,-5,-4,-5,-4,-5,-4,-5,-4,-4,-4,-4,-3,-4,-3,-4,-3,-4,-3,-3,-3,-3,-3,-3,-3,-3,0,0,-3,-2,-2,-2,-3,-2,-3,-1,-2,-2,-2,-1,-3,-1,-3,-1,-3,-1,-3,-1,-3,-1,-3,-1,-3,-1,-3,-1,-3,-1,-3,-1,-3,-1,-3,-1,-3,-1,-3,-1,-3,-1,-3,-1,-3,-1,-3,-1,-3,-2,-3,-2,0,0,0,0,0,0,0,0,0,0,0,0,0,0,-29,-62,-26,-58,-27,-59,-24,-53,-27,-53,-24,-57,-17,-52,-20,-52,-18,-47,-20,-46,-17,-43,-20,-43,-16,-41,-17,-36,-16,-36,-19,-35,-14,-34,-14,-33,-13,-32,-15,-27,-16,-29,-16,-28,-13,-25,-9,-23,-10,-23,-9,-23,-12,-20,-13,-20,-13,-17,-15,-17,-12,-16,-12,-15,-9,-13,-8,-11,-12,-10,-11,-8,-12,-6,-12,-5,-13,-7,-13,-8,-16,-7,-15,-6,-14,-3,-16,-6,-16,-3,-14,-6,-19,-6,-15,-7,-18,-8,-16,-7,-15,-8,-15,-8,-14,-10,-15,-7,-13,-9,-11,-10,-10,-10,0,0,0,0,0,0,0,0,0,0,0,0,0,0,0,0,0,0,0,0,0,0,-20,-19,-15,-21,-17,-21,-15,-25,-14,-27,-16,-28,-13,-32,-14,-34,-11,-39,-14,-35,-12,-41,-10,-43,-10,-46,-7,-50,-5,-53,1,-50,2,-57,4,-56,3,-61,8,-62,11,-63,14,-65,16,-63,20,-66,24,-67,24,-68,29,-69,31,-72,35,-64,40,-69,40,-62,44,-67,46,-62,45,-64,47,-64,48,-60,44,-62,49,-63,49,-63,50,-61,57,-62,53,-59,56,-58,56,-59,55,-55,56,-52,60,-54,58,-53,61,-53,61,-47,62,-46,61,-49,64,-47,58,-43,62,-40,62,-42,62,-39,0,0]"
CSI_DATA,116,2a:00:00:00:00:00,-43,11,1,0,1,1,1,0,0,0,1,-96,0,11,2,1766427,0,44,0,384,0,"[0,0,0,0,0,0,0,0,0,0,0,0,-4,9,-4,9,-4,9,-4,9,-4,8,-4,7,-4,7,-4,7,-4,6,-3,6,-3,6,-3,6,-3,6,-3,5,-3,5,-3,5,-3,5,-2,4,-2,4,-2,4,-2,4,-2,4,-2,3,-2,3,-2,3,-1,3,0,0,-1,2,-1,2,-1,2,0,2,-1,2,0,2,0,2,0,2,0,2,0,2,0,2,0,2,0,2,0,2,1,2,1,2,0,2,0,2,0,2,0,2,0,2,0,2,0,2,-1,2,-1,2,-1,2,0,0,0,0,0,0,0,0,0,0,0,0,0,0,-33,59,-34,57,-34,56,-32,49,-32,48,-31,46,-30,44,-34,44,-28,43,-28,36,-29,36,-26,33,-26,33,-23,33,-24,29,-23,29,-21,30,-21,28,-19,28,-19,25,-18,26,-18,24,-16,25,-17,22,-16,20,-15,22,-13,19,-13,20,-13,17,-10,17,-8,15,-10,15,-4,18,-6,14,-3,12,-3,12,-3,13,-2,13,-1,15,0,15,3,13,0,15,0,13,2,14,-2,15,3,14,1,16,1,16,2,17,0,17,1,15,0,16,-2,15,-2,15,-5,16,-5,16,-4,14,0,0,0,0,0,0,0,0,0,0,0,0,0,0,0,0,0,0,0,0,0,0,-2,23,-1,25,-5,26,-11,26,-11,29,-14,29,-14,29,-18,29,-18,31,-20,33,-25,34,-27,36,-31,38,-33,36,-37,38,-39,35,-43,35,-45,36,-50,35,-55,32,-56,30,-63,29,-61,26,-64,28,-68,22,-69,22,-73,18,-73,17,-75,14,-79,11,-74,8,-78,3,-77,3,-76,2,-81,-1,-79,-3,-78,-3,-78,-1,-79,-7,-80,-5,-81,-8,-78,-7,-81,-13,-82,-11,-77,-13,-77,-13,-77,-14,-74,-19,-76,-20,-76,-25,-73,-24,-74,-26,-72,-28,-66,-30,-71,-31,-69,-30,-65,-29,0,0]"
CSI_DATA,117,2a:00:00:00:00:00,-43,11,1,0,1,1,1,0,0,0,1,-96,0,11,2,1776936,0,44,0,384,0,"[0,0,0,0,0,0,0,0,0,0,0,0,-1,10,-1,9,-1,9,-1,9,-1,8,-2,8,-1,7,-1,7,-1,7,-1,7,-1,6,-1,6,-1,6,-1,6,-1,5,-1,5,-1,5,-1,4,-1,5,-1,4,-1,4,-1,4,-1,3,-1,3,-1,3,-1,3,0,0,0,2,0,2,0,2,0,2,0,2,0,2,1,2,1,1,1,1,1,1,1,2,1,2,1,2,1,2,1,2,1,2,1,2,1,2,1,2,1,2,1,2,1,2,1,2,0,2,0,2,0,2,0,0,0,0,0,0,0,0,0,0,0,0,0,0,-8,67,-10,64,-7,65,-9,58,-11,57,-10,53,-11,52,-11,51,-12,49,-10,46,-13,44,-11,43,-11,40,-10,39,-8,35,-7,37,-9,39,-8,34,-5,33,-4,30,-7,30,-6,26,-5,30,-5,30,-5,25,-5,24,-2,20,-5,22,-4,19,-1,21,-3,19,1,16,-1,17,-1,16,5,12,0,12,3,13,5,11,4,12,8,11,8,11,9,12,9,13,7,13,7,12,10,13,8,13,7,11,6,15,6,12,8,14,7,12,5,15,5,14,3,15,5,13,1,14,0,0,0,0,0,0,0,0,0,0,0,0,0,0,0,0,0,0,0,0,0,0,8,23,7,26,3,28,3,28,2,31,0,30,-4,32,-2,34,-4,37,-7,37,-11,39,-12,38,-13,44,-19,45,-21,46,-21,46,-27,48,-31,49,-30,49,-35,48,-39,49,-43,51,-49,49,-51,47,-56,45,-58,47,-59,41,-63,42,-63,41,-67,42,-67,35,-68,35,-69,35,-73,31,-72,30,-72,27,-72,28,-74,28,-74,25,-77,26,-79,24,-77,21,-79,20,-82,21,-75,15,-79,18,-77,13,-77,14,-79,12,-81,9,-78,8,-77,7,-76,5,-73,-1,-80,1,-78,-2,-73,0,0,0]"
CSI_DATA,118,2a:00:00:00:00:00,-43,11,1,0,1,1,1,0,0,0,1,-96,0,11,2,1796374,0,44,0,384,0,"[0,0,0,0,0,0,0,0,0,0,0,0,-2,9,-2,9,-1,9,-2,9,-2,8,-2,8,-2,7,-2,7,-2,7,-2,7,-2,6,-2,6,-2,6,-1,6,-1,5,-1,5,-1,5,-1,5,-1,4,-1,4,-1,4,-1,4,-1,3,-1,3,-1,3,-1,3,0,0,0,2,0,3,0,2,0,2,0,2,0,2,1,2,0,2,1,2,1,2,1,2,1,2,1,2,1,2,1,2,1,2,1,2,1,2,1,2,1,2,1,2,0,2,0,2,0,2,0,2,0,2,0,0,0,0,0,0,0,0,0,0,0,0,0,0,-7,66,-11,62,-8,65,-8,60,-9,58,-11,53,-12,51,-12,52,-12,47,-10,49,-11,45,-7,42,-10,40,-8,39,-10,39,-6,35,-9,38,-9,35,-7,34,-7,30,-5,28,-6,27,-5,30,-3,27,-4,27,-2,25,-3,20,-3,23,-3,21,-1,20,-2,17,0,17,-1,15,0,16,1,14,2,14,4,12,4,12,4,13,8,13,8,12,9,9,7,15,7,13,8,12,9,12,8,14,8,14,10,11,8,14,6,13,6,13,5,16,3,15,3,13,3,13,2,15,0,0,0,0,0,0,0,0,0,0,0,0,0,0,0,0,0,0,0,0,0,0,6,23,5,23,7,25,-1,28,2,30,-3,32,-2,35,-3,32,-7,35,-8,37,-12,39,-15,41,-17,43,-19,47,-19,46,-26,44,-27,48,-31,45,-33,48,-36,51,-40,50,-43,50,-46,47,-54,46,-56,45,-59,45,-62,39,-65,41,-64,38,-66,38,-66,35,-71,35,-69,33,-71,33,-73,34,-72,28,-69,28,-74,23,-75,25,-77,21,-80,24,-75,21,-79,19,-78,20,-77,17,-74,18,-76,14,-75,14,-81,14,-77,9,-78,5,-77,6,-79,2,-72,0,-75,0,-76,0,-73,-1,0,0]"
CSI_DATA,119,2a:00:00:00:00:00,-43,11,1,0,1,1,1,0,0,0,1,-96,0,11,2,1806936,0,44,0,384,0,"[0,0,0,0,0,0,0,0,0,0,0,0,4,9,4,10,3,9,3,9,3,8,2,8,2,7,2,7,2,7,2,6,2,6,2,6,2,6,2,6,2,6,2,5,2,5,1,4,2,4,1,4,1,4,1,4,1,3,1,3,1,3,1,3,0,0,1,2,1,2,1,2,1,1,1,1,1,1,1,1,2,1,2,1,2,1,2,1,2,1,2,1,2,1,2,1,2,1,2,1,2,1,2,1,2,1,2,1,2,1,2,1,2,1,1,2,1,2,0,0,0,0,0,0,0,0,0,0,0,0,0,0,13,66,13,63,14,61,11,57,15,57,12,56,12,53,11,55,6,49,12,46,7,44,7,44,8,42,6,41,7,37,10,34,8,38,8,36,6,34,7,31,11,30,6,28,9,27,3,26,2,25,8,22,7,21,4,19,7,17,8,18,7,18,9,15,6,13,7,12,8,10,7,12,7,8,8,10,8,6,13,8,15,6,13,8,11,5,13,6,13,8,13,9,14,9,13,9,13,11,10,12,13,7,12,9,11,9,8,10,9,8,10,11,10,12,0,0,0,0,0,0,0,0,0,0,0,0,0,0,0,0,0,0,0,0,0,0,11,22,11,24,9,24,8,26,6,27,7,29,4,32,4,35,3,36,1,37,1,40,-1,45,-1,47,-5,50,-7,49,-14,52,-15,54,-18,56,-16,55,-23,55,-27,58,-31,59,-31,58,-35,60,-37,60,-41,60,-46,56,-48,58,-50,56,-56,55,-54,51,-56,55,-59,48,-61,51,-63,49,-62,49,-60,47,-60,48,-63,47,-65,48,-69,45,-64,46,-68,45,-67,41,-65,41,-68,41,-69,40,-72,36,-73,33,-70,35,-69,31,-72,34,-73,30,-67,27,-72,28,-73,24,-67,23,0,0]"
CSI_DATA,120,2a:00:00:00:00:00,-43,11,1,0,1,1,1,0,0,0,1,-96,0,11,2,1816624,0,44,0,384,0,"[0,0,0,0,0,0,0,0,0,0,0,0,1,-11,1,-11,1,-11,1,-10,1,-10,1,-9,1,-9,1,-9,1,-8,1,-8,1,-7,1,-7,1,-7,0,-7,0,-7,0,-6,0,-6,0,-6,0,-6,0,-6,0,-5,0,-5,0,-4,0,-5,0,-5,0,-4,0,0,-1,-3,0,-4,-1,-3,-1,-3,-1,-3,-1,-3,-1,-3,-2,-3,-2,-3,-2,-3,-2,-3,-2,-3,-2,-3,-2,-3,-2,-3,-2,-3,-2,-3,-2,-3,-2,-3,-2,-3,-2,-3,-2,-3,-1,-3,-1,-3,-1,-3,-1,-3,0,0,0,0,0,0,0,0,0,0,0,0,0,0,23,-62,26,-59,23,-57,23,-53,23,-57,23,-51,23,-50,25,-51,23,-49,21,-42,21,-41,18,-37,18,-39,17,-39,20,-34,15,-34,16,-37,13,-35,14,-33,14,-29,13,-29,11,-27,11,-27,10,-25,9,-25,10,-24,7,-22,9,-22,7,-21,4,-19,3,-16,4,-17,4,-16,3,-15,-1,-17,1,-14,-2,-15,-2,-11,-2,-13,-4,-15,-5,-15,-5,-18,-5,-18,-4,-15,-5,-16,-6,-14,-7,-16,-5,-15,-4,-15,-5,-17,-4,-16,-6,-17,-2,-16,-3,-17,0,-16,-1,-17,0,-18,0,0,0,0,0,0,0,0,0,0,0,0,0,0,0,0,0,0,0,0,0,0,-1,-26,0,-27,4,-28,6,-29,9,-30,8,-30,12,-30,12,-33,15,-36,18,-36,19,-37,22,-40,23,-43,28,-43,32,-42,36,-38,38,-39,42,-41,41,-39,49,-39,49,-42,57,-39,59,-36,61,-35,65,-33,63,-31,71,-28,70,-25,72,-21,72,-17,72,-19,73,-16,75,-13,76,-12,75,-12,79,-9,77,-10,78,-6,77,-6,81,-5,83,-4,78,-2,77,1,80,0,77,0,79,3,79,5,78,7,80,9,76,11,74,13,78,13,75,18,67,17,73,16,73,21,73,19,0,0]"
CSI_DATA,121,2a:00:00:00:00:00,-43,11,1,0,1,1,1,0,0,0,1,-96,0,11,2,1827107,0,44,0,384,0,"[0,0,0,0,0,0,0,0,0,0,0,0,3,-10,2,-9,2,-10,3,-9,3,-9,2,-8,2,-8,2,-8,2,-7,2,-7,2,-7,2,-7,2,-7,1,-6,1,-6,1,-6,1,-5,1,-5,1,-5,1,-5,1,-5,1,-5,1,-4,0,-4,0,-4,0,-4,0,0,0,-3,0,-3,0,-3,-1,-3,-1,-3,-1,-3,-1,-3,-1,-3,-1,-3,-1,-3,-2,-3,-1,-3,-2,-3,-2,-3,-2,-3,-2,-3,-1,-3,-2,-3,-1,-3,-1,-3,-1,-3,-1,-3,-1,-3,-1,-3,-1,-3,-1,-3,0,0,0,0,0,0,0,0,0,0,0,0,0,0,5,-68,8,-66,5,-65,7,-58,10,-56,11,-55,10,-55,10,-54,9,-51,11,-47,8,-45,7,-44,10,-41,9,-40,9,-37,8,-37,9,-38,6,-37,5,-33,6,-31,6,-31,5,-29,4,-30,3,-28,1,-25,2,-26,4,-24,2,-24,3,-23,0,-19,0,-18,-1,-16,2,-19,0,-17,-3,-14,-4,-16,-6,-12,-5,-14,-6,-13,-9,-14,-7,-13,-9,-13,-9,-15,-7,-14,-9,-15,-8,-16,-8,-14,-10,-14,-6,-14,-8,-14,-9,-17,-9,-14,-6,-14,-5,-16,-4,-14,-4,-16,-3,-15,0,0,0,0,0,0,0,0,0,0,0,0,0,0,0,0,0,0,0,0,0,0,-9,-24,-8,-26,-5,-26,-3,-31,-1,-29,-1,-31,2,-32,1,-39,3,-38,7,-40,9,-42,10,-41,13,-45,15,-45,19,-47,23,-48,23,-52,29,-52,31,-51,33,-52,39,-54,44,-51,46,-49,50,-48,52,-47,57,-48,60,-41,60,-44,63,-41,66,-42,66,-36,68,-38,68,-38,67,-34,72,-35,71,-32,71,-29,74,-27,75,-26,75,-26,78,-24,75,-25,77,-23,79,-22,76,-19,74,-22,74,-16,77,-14,78,-13,78,-8,76,-8,77,-8,75,-3,72,-5,76,-4,75,-4,74,-2,0,0]"
CSI_DATA,122,2a:00:00:00:00:00,-43,11,1,0,1,1,1,0,0,0,1,-96,0,11,2,1837574,0,44,0,384,0,"[0,0,0,0,0,0,0,0,0,0,0,0,8,-8,8,-7,8,-7,8,-6,7,-6,7,-6,7,-5,7,-5,6,-5,6,-5,6,-5,6,-5,5,-5,5,-4,4,-4,5,-4,4,-4,4,-4,4,-4,3,-4,3,-3,3,-3,3,-3,3,-3,2,-3,2,-3,0,0,2,-2,2,-3,1,-3,1,-2,1,-3,1,-3,1,-3,1,-3,0,-3,0,-3,0,-3,0,-3,0,-4,0,-3,0,-3,0,-3,1,-4,0,-3,1,-3,1,-3,1,-3,1,-3,1,-3,1,-3,1,-3,1,-3,0,0,0,0,0,0,0,0,0,0,0,0,0,0,58,-36,54,-32,54,-33,52,-29,51,-27,50,-25,47,-24,45,-23,46,-23,43,-22,43,-17,40,-17,39,-17,38,-16,36,-16,35,-16,31,-18,30,-18,30,-16,30,-12,27,-15,28,-13,26,-16,24,-14,22,-12,21,-11,19,-10,19,-14,18,-12,17,-11,13,-10,13,-9,13,-11,11,-11,8,-11,9,-10,9,-11,9,-14,8,-11,4,-12,6,-12,6,-13,6,-13,6,-16,6,-16,5,-16,6,-16,7,-17,6,-15,6,-14,7,-13,7,-16,9,-15,12,-11,9,-10,9,-11,10,-9,0,0,0,0,0,0,0,0,0,0,0,0,0,0,0,0,0,0,0,0,0,0,12,-20,14,-22,18,-22,19,-21,22,-20,23,-21,25,-20,28,-19,31,-21,32,-20,34,-21,38,-20,42,-22,47,-18,50,-17,49,-12,56,-13,56,-9,58,-9,61,-3,64,-3,68,0,67,4,67,6,69,11,72,14,70,16,73,20,70,23,73,26,70,26,71,31,70,36,68,33,68,37,69,39,68,37,66,40,66,39,67,43,65,44,66,43,61,47,64,48,61,48,61,50,56,54,58,52,57,57,55,56,53,55,55,58,48,61,46,54,47,55,44,56,43,56,0,0]"
CSI_DATA,123,2a:00:00:00:00:00,-43,11,1,0,1,1,1,0,0,0,1,-96,0,11,2,1846445,0,44,0,384,0,"[0,0,0,0,0,0,0,0,0,0,0,0,10,0,9,0,9,0,9,1,8,0,8,0,8,0,7,0,7,0,6,0,7,0,6,0,6,0,5,0,5,0,5,0,5,0,5,0,4,-1,4,0,4,0,4,0,4,0,3,-1,3,-1,3,-1,0,0,3,-1,2,-1,2,-1,2,-1,1,-1,1,-2,1,-2,1,-2,2,-2,2,-2,2,-2,1,-2,1,-2,1,-2,2,-2,2,-2,2,-2,2,-2,2,-2,2,-2,2,-2,2,-2,2,-2,2,-2,2,-1,2,-1,0,0,0,0,0,0,0,0,0,0,0,0,0,0,65,-2,62,0,64,-1,60,1,59,2,56,4,53,2,53,1,47,2,48,1,48,4,44,1,46,3,39,2,39,4,38,2,37,2,33,1,32,0,34,1,32,0,30,0,28,-3,26,0,25,1,23,-3,21,1,21,-3,18,-2,19,0,18,-2,17,-5,13,-6,11,-7,15,-4,9,-6,10,-7,12,-8,12,-10,10,-8,10,-9,11,-8,11,-11,10,-11,10,-11,14,-11,10,-12,12,-13,12,-11,11,-10,13,-9,13,-7,13,-7,12,-7,16,-8,13,-7,11,-6,0,0,0,0,0,0,0,0,0,0,0,0,0,0,0,0,0,0,0,0,0,0,23,-10,26,-7,28,-8,28,-5,30,-5,30,1,30,-1,35,2,36,3,36,6,37,7,42,10,44,11,48,15,51,18,50,21,50,22,49,25,52,26,50,34,52,34,53,40,51,43,50,46,49,53,49,54,47,58,45,58,43,58,44,63,39,63,39,64,39,64,36,68,34,69,35,70,32,67,32,72,31,70,33,73,28,74,30,71,30,76,27,74,25,75,26,78,22,76,19,77,19,76,15,78,13,74,15,75,12,78,9,73,9,75,7,73,10,71,0,0]"
CSI_DATA,124,2a:00:00:00:00:00,-43,11,1,0,1,1,1,0,0,0,1,-96,0,11,2,1856385,0,44,0,384,0,"[0,0,0,0,0,0,0,0,0,0,0,0,7,7,7,7,7,6,6,7,6,6,6,6,6,6,5,5,5,5,5,5,5,5,5,5,4,4,4,4,4,4,4,3,4,3,4,3,3,3,3,3,3,3,3,3,3,2,2,2,2,2,2,2,0,0,2,1,2,1,2,1,2,0,2,0,2,0,2,0,2,0,2,0,2,0,2,0,2,-1,2,-1,2,-1,2,-1,3,0,2,-1,2,0,2,0,2,0,2,0,2,0,2,0,2,0,2,1,2,1,0,0,0,0,0,0,0,0,0,0,0,0,0,0,-23,-66,-12,-63,-18,-61,-14,-55,-8,-54,-13,-57,-11,-60,-8,-54,-8,-51,-10,-48,-8,-43,-9,-41,-4,-39,-3,-41,-4,-38,-9,-36,-6,-38,-2,-35,-6,-36,-7,-31,-10,-35,-6,-27,-6,-30,-3,-25,-2,-26,-2,-26,-6,-22,-4,-25,-4,-20,-5,-17,-4,-18,-5,-18,-2,-15,-2,-15,-9,-12,-7,-14,-4,-9,-5,-9,-8,-8,-12,-11,-13,-9,-14,-12,-13,-7,-9,-9,-11,-9,-16,-11,-14,-12,-11,-8,-12,-10,-10,-8,-11,-9,-11,-12,-11,-8,-7,-10,-11,-8,-10,-10,-8,-14,0,0,0,0,0,0,0,0,0,0,0,0,0,0,0,0,0,0,0,0,0,0,-22,-19,-23,-18,-23,-29,-18,-28,-8,-32,-20,-35,-21,-25,-13,-22,-4,-51,-11,-34,-12,-43,-8,-42,1,-42,-7,-48,4,-55,9,-42,0,-51,-2,-61,-4,-62,9,-62,14,-62,24,-57,23,-68,26,-68,29,-67,29,-68,35,-69,38,-67,42,-70,45,-63,45,-53,55,-60,46,-65,45,-58,57,-63,57,-56,55,-61,57,-49,58,-56,63,-52,60,-51,57,-53,63,-49,61,-49,66,-47,60,-49,62,-48,66,-43,65,-41,64,-40,67,-40,67,-37,66,-36,65,-32,75,-28,70,-27,71,-30,0,0]"
CSI_DATA,125,2a:00:00:00:00:00,-43,11,1,0,1,1,1,0,0,0,1,-96,0,11,2,1866488,0,44,0,384,0,"[0,0,0,0,0,0,0,0,0,0,0,0,7,-9,6,-8,6,-9,6,-8,6,-8,6,-7,6,-7,5,-7,5,-6,5,-6,5,-6,5,-5,4,-5,4,-5,3,-5,4,-5,3,-5,3,-4,3,-5,3,-4,3,-4,2,-4,2,-4,2,-4,2,-4,2,-3,0,0,1,-3,1,-3,1,-3,0,-3,0,-3,0,-3,0,-3,0,-3,0,-3,0,-3,0,-3,0,-3,0,-3,0,-3,0,-3,0,-3,0,-3,0,-3,0,-3,0,-3,0,-3,0,-3,0,-3,1,-3,1,-3,1,-3,0,0,0,0,0,0,0,0,0,0,0,0,0,0,43,-53,44,-49,39,-50,42,-43,42,-45,39,-39,39,-41,37,-39,35,-37,34,-35,35,-32,35,-30,31,-29,29,-28,27,-27,27,-26,26,-28,24,-27,23,-27,21,-23,21,-24,21,-21,17,-23,19,-21,16,-20,17,-19,15,-16,14,-18,12,-17,12,-15,11,-13,10,-15,6,-17,6,-12,4,-11,5,-12,6,-13,3,-15,2,-15,-1,-15,0,-14,1,-14,-1,-17,1,-17,3,-18,2,-15,0,-14,3,-14,0,-15,1,-12,3,-16,1,-16,5,-15,5,-16,5,-14,5,-14,7,-11,0,0,0,0,0,0,0,0,0,0,0,0,0,0,0,0,0,0,0,0,0,0,2,-24,7,-25,9,-25,11,-26,13,-27,15,-28,18,-27,20,-28,21,-29,25,-31,27,-29,29,-32,32,-31,36,-34,38,-31,42,-30,48,-32,51,-28,52,-30,55,-25,61,-23,64,-21,66,-21,68,-18,67,-15,71,-13,75,-10,74,-6,76,-5,77,-1,74,3,75,4,79,5,76,10,78,13,77,13,75,13,77,13,76,14,79,14,76,21,77,18,74,22,78,23,71,23,73,28,72,33,72,31,71,32,71,33,72,36,69,33,65,38,61,36,64,38,63,41,60,39,0,0]"
CSI_DATA,126,2a:00:00:00:00:00,-43,11,1,0,1,1,1,0,0,0,1,-96,0,11,2,1880165,0,44,0,384,0,"[0,0,0,0,0,0,0,0,0,0,0,0,3,-10,3,-10,3,-10,3,-9,3,-9,3,-8,3,-8,3,-7,3,-7,2,-7,3,-7,2,-7,2,-7,2,-6,2,-6,2,-6,2,-5,2,-5,1,-5,1,-5,1,-5,1,-5,1,-4,1,-4,1,-4,1,-3,0,0,0,-3,0,-3,0,-3,0,-3,0,-3,-1,-3,-1,-3,-1,-3,-1,-3,-1,-3,-1,-3,-1,-3,-1,-3,-1,-3,-1,-3,-1,-3,-1,-3,-1,-3,-1,-3,-1,-3,-1,-3,0,-3,-1,-3,0,-3,0,-3,0,-3,0,0,0,0,0,0,0,0,0,0,0,0,0,0,20,-64,24,-59,24,-63,23,-55,24,-53,26,-51,23,-52,23,-50,20,-48,21,-43,21,-40,18,-39,18,-39,18,-36,17,-34,17,-33,16,-35,14,-33,13,-31,14,-29,13,-28,12,-27,11,-27,9,-27,12,-25,8,-25,11,-19,8,-23,7,-21,7,-19,5,-18,4,-18,5,-17,4,-18,0,-13,0,-16,0,-15,0,-15,-2,-16,-5,-13,-4,-14,-3,-15,-4,-13,-5,-18,-3,-15,-6,-14,-5,-15,-4,-17,-5,-15,-2,-17,-2,-16,-3,-17,-1,-16,1,-15,1,-16,2,-16,3,-20,0,0,0,0,0,0,0,0,0,0,0,0,0,0,0,0,0,0,0,0,0,0,-6,-23,-3,-26,-1,-28,0,-29,2,-30,5,-31,7,-31,7,-35,8,-37,11,-38,16,-39,16,-40,20,-43,22,-43,26,-44,30,-46,32,-46,36,-44,38,-46,41,-44,44,-47,49,-46,54,-40,56,-41,61,-38,65,-37,63,-34,66,-34,67,-30,70,-29,71,-27,72,-23,76,-23,73,-20,74,-20,75,-16,74,-15,77,-15,76,-11,80,-11,78,-10,79,-11,78,-6,81,-6,78,-3,77,-6,80,-3,78,2,78,5,80,8,78,11,76,8,78,14,71,14,72,16,73,15,72,18,0,0]"
CSI_DATA,127,2a:00:00:00:00:00,-43,11,1,0,1,1,1,0,0,0,1,-96,0,11,2,1899654,0,44,0,384,0,"[0,0,0,0,0,0,0,0,0,0,0,0,-2,-10,-2,-10,-2,-10,-1,-10,-1,-9,-1,-9,-1,-8,-1,-8,-1,-8,-1,-7,-1,-7,-1,-7,-1,-7,-1,-7,-1,-7,-1,-6,-1,-6,-1,-5,-1,-5,-1,-5,-1,-5,-1,-5,-1,-4,-1,-4,-1,-4,-1,-4,0,0,-1,-3,-1,-3,-1,-3,-1,-2,-1,-3,-2,-2,-2,-2,-2,-2,-2,-2,-2,-2,-2,-2,-2,-2,-2,-3,-2,-2,-2,-2,-2,-3,-2,-3,-2,-3,-2,-3,-2,-3,-2,-3,-2,-3,-2,-3,-1,-3,-2,-3,-1,-3,0,0,0,0,0,0,0,0,0,0,0,0,0,0,-14,-69,-14,-66,-13,-63,-13,-60,-12,-59,-9,-53,-10,-58,-6,-51,-7,-53,-8,-46,-7,-47,-6,-43,-4,-40,-3,-42,-5,-39,-7,-37,-5,-38,-5,-35,-4,-34,-6,-32,-6,-29,-8,-32,-5,-29,-5,-29,-3,-28,-4,-26,-7,-21,-7,-24,-5,-23,-6,-19,-8,-16,-7,-15,-5,-17,-5,-11,-9,-13,-7,-11,-7,-11,-7,-11,-9,-12,-12,-10,-12,-9,-16,-10,-14,-9,-14,-9,-11,-10,-15,-9,-13,-11,-14,-12,-12,-9,-13,-12,-15,-12,-12,-11,-11,-12,-8,-12,-8,-13,-7,-13,-7,-14,0,0,0,0,0,0,0,0,0,0,0,0,0,0,0,0,0,0,0,0,0,0,-17,-19,-16,-21,-14,-24,-10,-25,-12,-30,-11,-27,-9,-34,-8,-36,-8,-36,-7,-39,-6,-43,-3,-45,-4,-47,-2,-49,2,-47,5,-54,3,-53,11,-60,10,-57,16,-64,19,-62,22,-63,26,-65,29,-66,34,-63,37,-65,37,-62,42,-60,45,-65,46,-58,49,-59,51,-57,52,-57,53,-55,58,-56,55,-53,59,-55,59,-53,58,-52,60,-52,63,-47,62,-51,62,-46,65,-49,64,-42,70,-44,69,-38,66,-41,69,-37,72,-38,69,-35,69,-33,67,-31,69,-32,66,-30,70,-26,70,-25,0,0]"
CSI_DATA,128,2a:00:00:00:00:00,-43,11,1,0,1,1,1,0,0,0,1,-96,0,11,2,1907735,0,44,0,384,0,"[0,0,0,0,0,0,0,0,0,0,0,0,-6,8,-5,8,-5,8,-5,7,-5,7,-5,6,-5,6,-5,6,-5,5,-4,6,-4,5,-4,5,-4,5,-4,5,-4,4,-3,4,-3,4,-3,4,-3,4,-3,4,-3,3,-3,3,-3,3,-2,3,-2,3,-2,2,0,0,-2,2,-1,2,-1,2,-1,2,-1,2,-1,2,0,2,0,2,0,2,0,2,0,2,0,2,0,2,0,2,0,2,0,2,0,2,0,2,0,2,0,2,0,2,-1,2,-1,2,-1,2,-1,2,-1,2,0,0,0,0,0,0,0,0,0,0,0,0,0,0,-36,60,-37,56,-31,55,-32,51,-30,48,-33,46,-32,47,-31,43,-30,42,-28,36,-25,38,-26,35,-25,37,-28,34,-23,28,-22,30,-22,31,-19,31,-18,28,-17,27,-18,26,-17,26,-14,24,-13,24,-14,22,-12,22,-13,19,-13,20,-11,17,-9,17,-8,15,-8,13,-7,17,-4,16,-3,12,-4,14,-1,14,0,14,1,13,2,13,4,15,3,15,2,15,1,16,2,14,5,14,3,15,2,17,2,14,3,16,5,15,3,15,1,14,-2,15,-2,14,-2,15,-2,15,0,0,0,0,0,0,0,0,0,0,0,0,0,0,0,0,0,0,0,0,0,0,-5,24,-6,22,-8,27,-11,27,-15,27,-16,28,-20,27,-19,29,-22,31,-25,30,-28,30,-30,31,-35,33,-36,32,-39,31,-41,28,-44,32,-50,30,-51,30,-54,28,-58,28,-63,27,-65,22,-68,20,-70,14,-72,16,-74,10,-75,6,-77,7,-77,8,-75,1,-77,1,-76,-2,-76,-2,-77,-2,-78,-5,-78,-8,-78,-7,-78,-8,-80,-11,-83,-15,-80,-10,-78,-14,-81,-16,-75,-19,-78,-14,-78,-19,-78,-20,-79,-21,-77,-24,-72,-27,-74,-26,-71,-28,-68,-30,-69,-31,-69,-30,-69,-33,0,0]"
CSI_DATA,129,2a:00:00:00:00:00,-43,11,1,0,1,1,1,0,0,0,1,-96,0,11,2,1937942,0,44,0,384,0,"[0,0,0,0,0,0,0,0,0,0,0,0,2,-11,2,-10,2,-10,2,-10,2,-10,2,-9,2,-8,2,-8,2,-8,2,-8,2,-7,1,-7,1,-7,1,-7,1,-6,1,-6,1,-6,1,-5,1,-5,1,-5,1,-5,1,-5,1,-4,0,-4,0,-4,0,-4,0,0,0,-3,-1,-3,-1,-3,-1,-3,-1,-3,-1,-3,-1,-3,-1,-3,-2,-3,-2,-3,-2,-3,-2,-3,-2,-3,-2,-3,-2,-3,-2,-3,-2,-3,-2,-3,-2,-3,-1,-3,-1,-3,-1,-3,-1,-3,-1,-3,-1,-3,-1,-3,0,0,0,0,0,0,0,0,0,0,0,0,0,0,6,-68,10,-64,10,-65,9,-60,11,-57,12,-55,13,-55,13,-54,10,-49,12,-45,11,-43,10,-42,8,-40,9,-40,12,-37,7,-38,9,-37,7,-37,4,-34,5,-33,7,-33,7,-29,4,-27,6,-30,5,-27,2,-27,5,-23,4,-24,5,-22,2,-20,2,-17,1,-18,0,-18,-1,-16,-4,-15,-2,-12,-6,-12,-5,-13,-5,-15,-8,-12,-10,-13,-8,-13,-8,-15,-7,-12,-6,-14,-11,-16,-9,-15,-6,-14,-8,-17,-7,-15,-8,-14,-8,-17,-5,-15,-5,-18,-3,-16,-4,-17,-1,-15,0,0,0,0,0,0,0,0,0,0,0,0,0,0,0,0,0,0,0,0,0,0,-7,-24,-8,-25,-7,-27,-3,-29,-1,-32,2,-32,1,-32,3,-35,6,-38,8,-38,10,-40,12,-42,15,-46,17,-44,21,-47,23,-49,26,-48,31,-48,33,-49,36,-50,37,-50,46,-51,48,-50,53,-47,57,-48,57,-48,61,-41,61,-39,66,-42,66,-37,63,-35,70,-33,70,-32,70,-32,73,-29,72,-28,72,-30,76,-27,76,-23,73,-22,75,-20,76,-23,77,-19,81,-20,75,-15,80,-15,76,-13,76,-12,79,-8,77,-9,75,-7,74,-5,73,-3,73,1,77,-2,76,1,75,5,0,0]"
CSI_DATA,130,2a:00:00:00:00:00,-43,11,1,0,1,1,1,0,0,0,1,-96,0,11,2,1946440,0,44,0,384,0,"[0,0,0,0,0,0,0,0,0,0,0,0,-10,-6,-9,-6,-9,-6,-9,-6,-8,-6,-8,-5,-8,-5,-8,-5,-7,-5,-7,-5,-7,-5,-6,-4,-6,-4,-6,-4,-5,-4,-6,-3,-5,-3,-5,-3,-5,-3,-5,-3,-4,-3,-4,-3,-4,-2,-4,-2,-4,-2,-4,-2,0,0,-4,-2,-3,-1,-3,-1,-3,-1,-3,-1,-3,-1,-3,0,-3,0,-3,0,-3,0,-3,0,-3,0,-3,0,-3,0,-3,0,-3,0,-3,0,-3,0,-4,0,-3,0,-3,0,-3,0,-3,-1,-3,-1,-3,-1,-3,-1,0,0,0,0,0,0,0,0,0,0,0,0,0,0,-60,-34,-55,-31,-59,-31,-53,-29,-54,-29,-52,-30,-45,-30,-48,-29,-43,-29,-44,-26,-40,-24,-37,-26,-39,-21,-33,-25,-35,-23,-33,-19,-30,-21,-28,-17,-28,-19,-30,-16,-32,-16,-28,-15,-25,-14,-24,-12,-23,-13,-21,-11,-20,-13,-20,-10,-17,-9,-20,-7,-20,-7,-19,-5,-13,-3,-14,-3,-14,-2,-14,-1,-15,-2,-12,2,-14,3,-15,1,-15,2,-18,4,-13,3,-15,6,-15,4,-15,2,-18,4,-16,3,-16,0,-16,1,-17,1,-17,0,-15,0,-16,0,-15,0,-13,-2,-16,-3,0,0,0,0,0,0,0,0,0,0,0,0,0,0,0,0,0,0,0,0,0,0,-25,-4,-26,-6,-26,-7,-26,-12,-27,-14,-28,-17,-29,-19,-27,-21,-30,-23,-29,-24,-32,-30,-32,-31,-33,-32,-32,-34,-31,-39,-31,-41,-35,-48,-28,-47,-34,-54,-27,-57,-26,-58,-27,-62,-22,-62,-23,-69,-18,-69,-17,-74,-14,-73,-13,-77,-11,-73,-8,-78,-4,-72,-4,-79,-1,-79,1,-78,4,-77,7,-77,4,-75,2,-80,5,-79,6,-78,10,-82,5,-79,10,-83,11,-78,13,-80,18,-78,20,-76,19,-74,21,-76,22,-72,22,-73,21,-73,27,-73,25,-70,24,-70,28,-72,26,-65,0,0]"
CSI_DATA,131,2a:00:00:00:00:00,-43,11,1,0,1,1,1,0,0,0,1,-96,0,11,2,1976696,0,44,0,384,0,"[0,0,0,0,0,0,0,0,0,0,0,0,10,-2,10,-2,9,-2,9,-2,8,-2,8,-1,8,-1,7,-1,7,-1,6,-1,7,-1,7,-1,6,-1,6,-1,5,-1,6,-1,5,-1,5,-1,4,-1,4,-1,4,-1,4,-1,3,-1,3,-1,3,-1,3,-1,0,0,2,-1,2,-1,2,-2,2,-1,2,-2,1,-2,1,-2,1,-2,1,-2,2,-2,1,-2,2,-2,1,-3,1,-3,1,-2,2,-2,2,-3,2,-2,2,-2,2,-2,2,-2,2,-2,2,-2,2,-2,2,-2,2,-1,0,0,0,0,0,0,0,0,0,0,0,0,0,0,66,-6,66,-5,58,-6,62,-2,62,-2,56,0,57,-2,50,-2,51,1,45,1,43,0,45,2,44,2,41,1,40,2,40,1,36,-3,36,-2,34,-2,33,1,31,0,30,1,27,-3,23,-3,22,-1,24,-3,24,-1,22,-2,19,-3,22,-2,17,0,16,-4,15,-3,13,-6,12,-5,11,-7,10,-7,11,-9,10,-11,10,-8,13,-12,10,-7,11,-10,14,-11,10,-13,12,-11,10,-10,14,-14,13,-9,11,-11,12,-10,13,-9,14,-11,13,-10,13,-8,14,-5,14,-6,0,0,0,0,0,0,0,0,0,0,0,0,0,0,0,0,0,0,0,0,0,0,19,-15,21,-14,23,-13,28,-11,30,-10,27,-10,30,-5,32,-5,36,-5,40,-3,38,-1,43,0,46,0,49,5,50,10,54,11,54,14,54,20,53,18,55,25,57,27,58,31,58,36,58,36,59,40,57,43,57,46,53,50,54,54,51,55,50,58,47,56,45,62,46,59,45,62,43,63,45,65,42,62,41,66,44,70,37,68,39,71,35,70,36,72,32,69,33,74,30,71,29,76,30,76,25,73,22,70,23,74,15,74,18,72,18,73,16,71,16,71,0,0]"
CSI_DATA,132,2a:00:00:00:00:00,-43,11,1,0,1,1,1,0,0,0,1,-96,0,11,2,1986405,0,44,0,384,0,"[0,0,0,0,0,0,0,0,0,0,0,0,-11,-1,-11,-1,-10,-1,-10,-2,-10,-1,-9,-1,-9,-1,-9,-1,-8,-2,-8,-1,-8,-1,-7,-1,-7,-1,-6,-1,-6,-1,-6,-1,-6,-1,-6,-1,-5,-1,-5,-1,-5,-1,-5,-1,-5,-1,-4,0,-4,0,-4,0,0,0,-4,0,-3,0,-3,0,-3,0,-3,0,-3,1,-3,1,-2,1,-3,1,-3,1,-3,1,-3,1,-2,1,-3,1,-3,1,-3,1,-3,1,-3,1,-3,1,-3,1,-3,1,-3,1,-3,1,-3,1,-3,0,-3,0,0,0,0,0,0,0,0,0,0,0,0,0,0,0,-65,-16,-63,-17,-61,-14,-57,-16,-57,-18,-53,-21,-53,-18,-51,-18,-48,-17,-46,-18,-45,-18,-42,-17,-43,-16,-38,-13,-35,-15,-39,-14,-34,-11,-32,-13,-31,-11,-32,-10,-33,-11,-30,-10,-25,-8,-25,-7,-24,-7,-23,-7,-23,-6,-23,-4,-21,-6,-19,-6,-19,-6,-17,-4,-15,-2,-15,1,-15,0,-14,2,-15,4,-13,6,-13,6,-15,4,-14,6,-14,2,-15,3,-16,6,-15,7,-16,5,-16,6,-18,6,-15,3,-16,5,-15,3,-15,3,-16,4,-16,5,-15,1,-15,0,-15,1,0,0,0,0,0,0,0,0,0,0,0,0,0,0,0,0,0,0,0,0,0,0,-25,5,-26,2,-27,-2,-29,-2,-30,-6,-32,-5,-32,-8,-37,-10,-36,-11,-36,-14,-38,-17,-42,-18,-43,-20,-43,-24,-42,-26,-43,-32,-43,-33,-45,-38,-44,-38,-46,-45,-43,-47,-43,-51,-44,-56,-42,-57,-39,-62,-40,-63,-34,-66,-32,-69,-29,-70,-28,-71,-30,-72,-26,-72,-23,-73,-23,-74,-22,-76,-19,-77,-17,-76,-17,-77,-15,-76,-13,-79,-11,-77,-12,-81,-9,-81,-8,-80,-6,-78,-8,-83,-4,-80,-8,-78,-2,-79,1,-79,8,-78,4,-80,8,-76,6,-73,8,-77,9,-70,9,-74,0,0]"
CSI_DATA,133,2a:00:00:00:00:00,-43,11,1,0,1,1,1,0,0,0,1,-96,0,11,2,2006715,0,44,0,384,0,"[0,0,0,0,0,0,0,0,0,0,0,0,2,-11,3,-11,2,-11,3,-10,2,-10,2,-9,2,-9,2,-8,2,-8,2,-8,2,-7,2,-7,1,-7,1,-7,1,-7,1,-6,1,-6,1,-6,1,-6,1,-5,1,-5,1,-5,0,-4,0,-5,0,-4,0,-4,0,0,0,-3,0,-4,0,-3,-1,-3,-1,-3,-1,-3,-1,-3,-1,-3,-2,-3,-2,-3,-2,-3,-2,-3,-2,-3,-2,-3,-2,-3,-2,-3,-2,-3,-2,-3,-2,-3,-2,-3,-2,-3,-1,-3,-1,-3,-1,-3,-1,-3,-1,-3,0,0,0,0,0,0,0,0,0,0,0,0,0,0,24,-64,24,-58,25,-58,24,-55,24,-52,25,-49,22,-50,23,-49,21,-44,21,-40,22,-41,21,-37,21,-38,20,-38,17,-35,16,-33,19,-34,17,-31,15,-29,13,-29,12,-28,13,-27,11,-26,9,-25,12,-22,11,-22,6,-20,7,-21,9,-22,4,-17,4,-17,3,-16,5,-17,2,-15,2,-14,1,-13,0,-14,-3,-15,-3,-15,-5,-14,-4,-16,-3,-13,-3,-15,-5,-15,-4,-15,-5,-15,-6,-15,-4,-13,-4,-13,-2,-17,-4,-16,-2,-14,0,-16,-1,-16,2,-12,0,-16,2,-16,0,0,0,0,0,0,0,0,0,0,0,0,0,0,0,0,0,0,0,0,0,0,-3,-25,-3,-27,1,-27,3,-30,5,-29,5,-30,8,-31,11,-32,12,-34,13,-33,18,-35,20,-39,19,-42,25,-42,29,-41,32,-39,35,-43,38,-42,42,-43,44,-39,49,-38,53,-40,53,-38,56,-37,60,-32,62,-34,66,-30,68,-27,68,-24,70,-22,68,-21,69,-19,74,-15,75,-15,73,-14,74,-11,72,-10,73,-9,75,-10,77,-8,78,-2,75,-8,78,-2,81,-2,76,0,75,-1,76,4,75,2,77,9,73,12,76,10,73,12,72,15,66,17,69,14,71,17,69,20,0,0]"
CSI_DATA,134,2a:00:00:00:00:00,-43,11,1,0,1,1,1,0,0,0,1,-96,0,11,2,2017347,0,44,0,384,0,"[0,0,0,0,0,0,0,0,0,0,0,0,-12,-1,-11,-1,-11,-1,-10,-1,-10,-2,-10,-1,-9,-1,-9,-1,-9,-1,-8,-1,-8,-2,-8,-1,-7,-1,-7,-1,-6,-1,-7,-1,-6,-1,-6,-1,-6,-1,-5,-1,-5,-1,-5,-1,-5,-1,-4,-1,-4,-1,-4,0,0,0,-4,0,-3,0,-3,0,-3,0,-3,1,-3,1,-2,1,-2,1,-3,1,-3,1,-3,1,-2,1,-3,2,-3,2,-3,1,-3,1,-3,2,-3,1,-3,1,-3,1,-3,1,-3,1,-3,1,-3,1,-3,0,-3,0,0,0,0,0,0,0,0,0,0,0,0,0,0,0,58,33,51,38,51,38,50,31,42,33,41,33,42,35,40,38,40,34,36,24,32,27,36,22,32,27,27,21,32,21,28,25,26,19,23,18,24,22,25,16,27,19,22,17,22,16,18,17,17,13,23,15,21,11,13,12,14,11,17,9,18,5,16,3,10,9,10,6,15,2,12,6,8,-1,12,-1,13,-4,15,-1,14,-3,12,-3,13,-3,11,-3,14,-2,14,-2,16,-2,12,-5,11,1,12,-3,12,-5,15,-3,11,-4,12,-2,12,2,15,0,14,3,0,0,0,0,0,0,0,0,0,0,0,0,0,0,0,0,0,0,0,0,0,0,23,8,26,9,22,13,23,14,25,17,24,21,24,22,28,25,30,27,30,24,28,34,27,35,30,33,24,42,27,46,25,45,28,51,26,54,26,54,26,58,25,62,21,66,18,72,17,68,10,71,10,71,3,72,7,76,-1,78,-6,77,-5,75,-5,81,-8,73,-8,75,-8,75,-11,77,-10,78,-14,78,-17,77,-17,75,-21,76,-20,79,-22,77,-21,78,-21,75,-16,80,-22,75,-21,76,-27,72,-29,74,-32,71,-31,71,-30,65,-28,61,-42,64,-38,68,-40,60,0,0]"
CSI_DATA,135,2a:00:00:00:00:00,-43,11,1,0,1,1,1,0,0,0,1,-96,0,11,2,2028455,0,44,0,384,0,"[0,0,0,0,0,0,0,0,0,0,0,0,-7,8,-7,8,-6,8,-7,7,-6,7,-7,6,-6,6,-6,6,-6,5,-5,5,-6,5,-5,5,-5,5,-5,5,-4,4,-4,4,-4,4,-4,3,-4,4,-3,3,-4,3,-3,3,-3,2,-3,3,-3,3,-3,2,0,0,-2,2,-2,2,-2,2,-1,2,-1,2,-1,2,-1,2,-1,2,-1,2,0,2,-1,2,-1,2,-1,2,-1,3,-1,2,-1,2,-1,2,-1,2,-1,2,-1,2,-1,2,-1,2,-1,2,-2,2,-1,2,-2,2,0,0,0,0,0,0,0,0,0,0,0,0,0,0,-41,52,-42,49,-39,51,-43,44,-42,42,-39,41,-40,39,-38,40,-37,36,-38,33,-36,32,-31,29,-32,28,-29,29,-30,25,-28,26,-29,27,-26,25,-26,22,-22,23,-24,23,-21,21,-19,20,-19,19,-18,17,-17,17,-16,13,-14,16,-15,15,-14,13,-14,12,-10,12,-11,13,-8,12,-5,11,-6,13,-5,13,-2,14,-5,14,-2,15,0,15,0,15,0,17,-2,15,-3,16,-1,15,-3,15,-6,15,-3,13,-2,16,-1,16,-5,15,-6,13,-3,12,-8,13,-7,14,-7,10,0,0,0,0,0,0,0,0,0,0,0,0,0,0,0,0,0,0,0,0,0,0,-3,25,-8,25,-9,26,-13,27,-14,27,-18,27,-18,28,-21,29,-24,30,-26,31,-29,30,-30,31,-32,32,-38,32,-39,31,-45,30,-46,32,-49,28,-54,27,-56,26,-61,25,-63,20,-67,19,-69,16,-71,13,-73,12,-75,7,-74,5,-77,2,-77,1,-75,-4,-76,-3,-78,-6,-77,-10,-79,-11,-76,-12,-76,-11,-77,-17,-77,-16,-80,-16,-78,-20,-79,-18,-78,-23,-78,-23,-75,-24,-79,-26,-75,-31,-75,-27,-72,-31,-73,-34,-70,-39,-67,-38,-67,-38,-63,-38,-66,-39,-62,-36,-62,-39,0,0]"
CSI_DATA,136,2a:00:00:00:00:00,-43,11,1,0,1,1,1,0,0,0,1,-96,0,11,2,2036993,0,44,0,384,0,"[0,0,0,0,0,0,0,0,0,0,0,0,7,7,7,7,6,6,6,7,5,6,6,6,5,6,5,5,5,5,4,5,5,4,5,4,4,4,4,4,4,4,4,4,4,3,3,3,3,3,3,3,3,3,2,2,3,2,2,2,2,2,2,1,0,0,2,1,2,1,2,1,2,0,2,0,2,0,2,0,2,0,2,0,2,0,2,0,2,-1,2,-1,2,-1,2,0,2,0,2,0,2,0,2,0,2,0,2,0,2,0,2,0,2,0,2,0,2,1,0,0,0,0,0,0,0,0,0,0,0,0,0,0,41,52,39,50,41,48,39,48,39,46,34,45,32,45,29,43,29,41,26,36,29,37,25,36,27,35,23,34,24,32,24,30,21,28,20,25,21,27,23,24,20,23,20,22,16,17,15,19,16,17,14,16,16,17,14,16,14,15,16,14,16,11,12,9,11,9,10,4,12,7,10,2,13,1,14,1,11,3,16,1,11,4,14,3,13,2,16,3,17,1,18,0,15,1,15,2,15,5,14,1,16,2,15,3,15,4,15,2,14,4,14,8,12,6,0,0,0,0,0,0,0,0,0,0,0,0,0,0,0,0,0,0,0,0,0,0,20,12,18,15,20,17,22,19,22,24,18,24,18,23,20,26,18,30,20,33,19,37,16,38,20,43,16,46,16,47,14,52,10,55,11,56,11,56,7,59,6,63,0,67,-3,69,-5,70,-10,69,-11,72,-15,72,-19,73,-19,74,-20,72,-22,69,-25,69,-25,69,-28,71,-31,73,-33,72,-32,70,-35,70,-35,67,-36,71,-39,70,-38,72,-39,67,-41,71,-41,64,-44,69,-45,65,-44,65,-48,64,-51,63,-49,60,-52,61,-51,59,-47,55,-52,54,-51,53,-51,51,0,0]"
CSI_DATA,137,2a:00:00:00:00:00,-43,11,1,0,1,1,1,0,0,0,1,-96,0,11,2,2046513,0,44,0,384,0,"[0,0,0,0,0,0,0,0,0,0,0,0,11,-2,10,-2,9,-2,9,-2,8,-2,9,-1,8,-1,8,-1,8,-1,7,-1,7,-1,7,-1,6,-1,6,-1,5,-1,6,-1,5,-1,5,-1,4,-1,4,-1,4,-1,4,-1,4,-1,3,-1,3,-2,3,-1,0,0,3,-1,2,-2,2,-2,2,-2,2,-2,1,-2,1,-2,1,-2,1,-2,1,-2,1,-2,1,-3,1,-3,1,-3,1,-3,1,-3,1,-3,1,-2,2,-2,2,-2,2,-2,2,-2,2,-2,2,-2,2,-2,2,-2,0,0,0,0,0,0,0,0,0,0,0,0,0,0,64,-13,59,-10,64,-13,59,-7,57,-8,60,-6,50,-7,53,-5,46,-4,51,-5,45,-3,44,-3,43,-4,37,-4,39,-3,38,-6,36,-6,34,-4,34,-5,30,-4,33,-1,27,-1,28,-5,27,-5,24,-3,23,-3,21,-5,22,-4,18,-6,21,-4,19,-4,17,-3,13,-8,11,-9,12,-7,13,-8,11,-8,10,-9,8,-10,13,-9,10,-13,11,-10,11,-12,9,-13,11,-14,10,-13,12,-14,11,-14,12,-12,11,-10,12,-10,11,-10,11,-9,11,-8,14,-8,13,-5,12,-7,0,0,0,0,0,0,0,0,0,0,0,0,0,0,0,0,0,0,0,0,0,0,19,-13,22,-15,23,-13,28,-12,26,-11,30,-8,33,-8,35,-7,38,-7,37,-4,40,-3,45,-1,48,0,48,2,52,3,50,8,58,11,55,14,57,17,60,22,58,23,61,27,56,29,60,34,59,38,59,39,58,45,58,48,54,46,55,54,50,53,53,57,50,57,50,57,49,61,48,62,47,60,50,63,45,64,47,66,45,66,43,65,41,69,42,66,40,70,37,73,35,71,35,71,32,71,29,68,28,70,28,71,25,73,19,67,21,69,22,72,17,68,0,0]"
CSI_DATA,138,2a:00:00:00:00:00,-43,11,1,0,1,1,1,0,0,0,1,-96,0,11,2,2056474,0,44,0,384,0,"[0,0,0,0,0,0,0,0,0,0,0,0,10,-3,10,-2,9,-2,9,-2,8,-2,8,-1,8,-1,7,-2,7,-2,6,-1,6,-2,6,-2,5,-2,5,-2,5,-1,5,-2,5,-2,5,-1,4,-2,4,-2,4,-2,3,-1,4,-2,3,-2,3,-1,3,-2,0,0,3,-2,2,-1,2,-2,2,-2,1,-2,1,-2,1,-2,1,-2,1,-2,1,-2,1,-3,1,-3,1,-3,1,-3,1,-3,1,-3,1,-3,1,-3,1,-3,1,-3,1,-2,1,-3,1,-2,1,-2,1,-2,1,-2,0,0,0,0,0,0,0,0,0,0,0,0,0,0,65,-12,63,-9,61,-11,62,-8,60,-8,55,-7,54,-6,51,-5,49,-6,48,-6,46,-4,45,-6,45,-6,38,-3,39,-2,38,-7,35,-5,33,-4,34,-5,33,-3,32,-3,32,-3,28,-5,27,-6,23,-4,23,-7,24,-4,20,-5,21,-5,18,-3,18,-5,18,-5,13,-7,10,-9,14,-8,11,-10,6,-10,11,-13,9,-14,9,-8,10,-9,8,-11,8,-13,9,-15,10,-14,8,-13,7,-12,9,-15,11,-11,9,-12,10,-11,9,-12,12,-13,10,-12,12,-11,11,-9,12,-8,0,0,0,0,0,0,0,0,0,0,0,0,0,0,0,0,0,0,0,0,0,0,22,-11,23,-9,26,-8,27,-7,30,-3,32,-5,28,-9,35,-1,37,-1,37,1,39,7,41,9,46,7,48,9,49,12,52,15,53,17,53,22,53,20,54,26,53,30,59,33,56,37,53,42,55,45,54,47,52,50,52,52,50,53,51,54,47,58,47,61,48,58,45,61,43,61,43,66,42,66,42,67,39,67,42,68,39,70,40,68,36,70,39,70,35,72,36,71,34,70,33,72,31,71,26,74,23,71,24,74,22,73,20,72,20,71,14,70,19,68,0,0]"
CSI_DATA,139,2a:00:00:00:00:00,-43,11,1,0,1,1,1,0,0,0,1,-96,0,11,2,2076386,0,44,0,384,0,"[0,0,0,0,0,0,0,0,0,0,0,0,9,5,9,4,8,5,8,5,8,4,7,4,7,4,7,4,6,4,6,3,6,3,6,3,5,3,5,3,4,3,5,2,5,2,5,2,4,2,4,2,3,2,3,1,4,1,3,1,3,1,3,1,0,0,3,0,2,0,2,0,2,0,2,0,2,-1,2,-1,2,-1,2,-1,2,-1,2,-1,2,-1,2,-1,2,-2,2,-1,2,-1,2,-1,2,-1,2,-1,2,-1,2,-1,2,-1,2,-1,2,-1,2,0,2,0,0,0,0,0,0,0,0,0,0,0,0,0,0,0,54,39,49,36,51,37,48,34,48,35,46,35,41,32,43,35,35,29,39,32,36,27,35,26,33,29,30,24,31,24,33,20,28,20,30,19,26,19,23,16,28,17,22,14,24,15,22,17,16,12,16,12,21,10,17,10,17,9,18,9,16,8,19,9,12,3,13,2,13,3,12,2,12,1,13,-3,14,-1,14,-2,14,-2,14,-2,14,-2,15,-6,14,-6,15,-2,17,-3,15,-4,15,-3,16,-2,17,-2,15,-2,15,-4,16,-1,15,0,16,1,13,4,0,0,0,0,0,0,0,0,0,0,0,0,0,0,0,0,0,0,0,0,0,0,24,7,22,10,24,9,25,16,26,16,25,18,25,22,24,21,27,27,27,26,29,30,27,33,30,35,30,39,29,44,23,44,27,52,24,49,26,54,20,59,19,60,18,64,14,62,12,64,11,70,11,71,5,75,2,77,-3,70,-4,78,-6,72,-8,78,-10,74,-10,77,-13,75,-13,79,-12,72,-14,76,-14,78,-17,77,-20,81,-18,74,-24,80,-25,73,-22,75,-24,77,-29,75,-27,74,-29,75,-31,69,-30,69,-30,74,-36,74,-33,64,-33,65,-36,66,-37,59,0,0]"
CSI_DATA,140,2a:00:00:00:00:00,-43,11,1,0,1,1,1,0,0,0,1,-96,0,11,2,2096368,0,44,0,384,0,"[0,0,0,0,0,0,0,0,0,0,0,0,10,2,9,2,8,2,8,2,8,2,8,2,7,2,7,2,7,2,6,2,6,2,6,2,5,2,5,2,5,1,5,1,5,1,4,1,4,1,4,1,3,1,4,1,3,1,3,0,3,0,3,0,0,0,3,0,2,0,2,-1,2,-1,2,-1,1,-1,2,-1,2,-1,2,-1,2,-1,2,-1,2,-2,2,-2,2,-2,2,-1,2,-2,2,-2,2,-1,2,-1,2,-1,2,-1,2,-1,2,-1,2,-1,2,-1,2,0,0,0,0,0,0,0,0,0,0,0,0,0,0,0,60,21,60,22,60,21,58,19,58,18,53,21,49,20,50,20,43,21,46,19,43,20,41,13,38,15,36,12,37,14,35,12,32,13,33,12,29,13,31,10,30,11,27,10,27,6,26,7,24,9,23,7,23,7,21,5,18,5,18,4,19,5,16,4,13,1,13,2,14,0,8,-2,10,-5,11,-5,11,-9,14,-5,11,-5,12,-5,13,-10,14,-9,15,-9,14,-8,13,-6,13,-10,15,-7,16,-5,14,-6,12,-4,13,-6,15,-4,14,-4,14,-2,14,-1,0,0,0,0,0,0,0,0,0,0,0,0,0,0,0,0,0,0,0,0,0,0,23,1,26,1,27,6,27,7,28,10,29,11,33,14,30,14,33,17,32,17,34,21,35,24,39,25,39,30,38,34,36,36,40,41,38,43,42,46,33,45,32,46,37,57,34,59,31,60,29,66,28,68,21,71,23,73,19,71,18,76,17,74,15,75,12,75,13,75,11,77,11,78,7,76,6,77,6,78,7,80,1,79,2,78,0,81,-1,79,-2,79,-1,78,-4,80,-3,80,-8,79,-10,78,-12,74,-12,78,-16,76,-13,71,-20,74,-15,71,-17,70,0,0]"
CSI_DATA,141,2a:00:00:00:00:00,-43,11,1,0,1,1,1,0,0,0,1,-96,0,11,2,2106514,0,44,0,384,0,"[0,0,0,0,0,0,0,0,0,0,0,0,-2,-10,-2,-10,-2,-10,-2,-10,-2,-9,-1,-9,-1,-8,-1,-8,-1,-8,-1,-8,-1,-7,-2,-7,-2,-7,-1,-7,-1,-6,-1,-6,-1,-6,-1,-5,-1,-6,-1,-5,-1,-5,-1,-5,-1,-4,-1,-4,-1,-4,-1,-4,0,0,-1,-3,-1,-3,-1,-3,-2,-2,-1,-3,-2,-2,-2,-2,-2,-2,-2,-2,-2,-2,-3,-2,-2,-2,-2,-2,-2,-2,-3,-2,-3,-2,-3,-2,-3,-2,-3,-2,-2,-2,-2,-2,-2,-3,-2,-3,-2,-3,-2,-3,-2,-3,0,0,0,0,0,0,0,0,0,0,0,0,0,0,-6,-69,-3,-63,-2,-67,-3,-60,-6,-57,-1,-58,-2,-57,2,-56,2,-51,-1,-48,-1,-48,-3,-44,0,-43,1,-41,0,-39,-4,-38,0,-37,0,-35,-3,-37,-1,-32,-3,-31,-1,-27,-3,-31,1,-29,-1,-27,-1,-27,-2,-23,-5,-24,-1,-19,-5,-21,-5,-19,-5,-20,-3,-16,-4,-15,-10,-13,-6,-11,-6,-13,-9,-11,-9,-10,-11,-10,-10,-8,-9,-11,-11,-9,-10,-12,-12,-9,-13,-11,-14,-11,-13,-12,-11,-14,-12,-13,-11,-12,-12,-13,-9,-12,-8,-12,-9,-13,-10,-16,-7,-14,0,0,0,0,0,0,0,0,0,0,0,0,0,0,0,0,0,0,0,0,0,0,-9,-22,-7,-25,-6,-26,-5,-31,-3,-30,1,-32,1,-32,1,-35,2,-41,4,-38,8,-39,9,-44,10,-46,14,-47,16,-49,19,-46,23,-54,24,-50,28,-54,32,-54,33,-54,40,-56,40,-51,43,-52,49,-51,50,-53,53,-50,58,-51,60,-43,65,-45,57,-44,65,-42,63,-41,65,-38,66,-38,69,-38,66,-38,67,-39,72,-37,72,-34,76,-33,70,-32,76,-32,73,-31,73,-30,77,-29,73,-26,76,-26,77,-22,74,-20,75,-20,75,-19,77,-16,68,-12,76,-15,76,-12,70,-12,0,0]"
CSI_DATA,142,2a:00:00:00:00:00,-43,11,1,0,1,1,1,0,0,0,1,-96,0,11,2,2116391,0,44,0,384,0,"[0,0,0,0,0,0,0,0,0,0,0,0,8,-8,8,-8,7,-7,7,-7,7,-6,7,-6,7,-6,6,-5,6,-5,5,-5,5,-5,5,-5,5,-5,4,-5,4,-4,4,-4,4,-4,4,-4,3,-4,3,-4,3,-4,3,-4,3,-3,2,-3,2,-3,2,-3,0,0,2,-3,1,-3,1,-3,1,-3,0,-3,0,-3,0,-3,0,-3,0,-3,0,-3,0,-3,0,-3,0,-3,0,-4,0,-3,0,-3,0,-3,0,-3,0,-3,0,-3,0,-3,0,-3,1,-3,1,-3,1,-3,1,-3,0,0,0,0,0,0,0,0,0,0,0,0,0,0,52,-43,47,-37,49,-40,48,-36,45,-34,46,-33,42,-31,47,-34,39,-31,39,-27,40,-25,38,-25,36,-24,33,-19,33,-21,31,-21,31,-23,29,-22,26,-20,26,-18,26,-19,23,-16,24,-20,17,-17,20,-15,18,-15,19,-13,14,-16,17,-16,16,-11,12,-12,13,-11,11,-13,10,-14,8,-10,7,-15,5,-13,4,-15,4,-14,2,-14,5,-15,3,-13,2,-16,4,-16,4,-17,3,-14,2,-15,3,-17,1,-15,3,-16,6,-15,5,-15,5,-17,6,-16,10,-15,4,-13,8,-11,0,0,0,0,0,0,0,0,0,0,0,0,0,0,0,0,0,0,0,0,0,0,10,-22,17,-22,15,-23,19,-22,22,-21,25,-22,24,-22,27,-19,32,-23,33,-18,37,-21,38,-20,43,-19,43,-18,50,-20,47,-15,53,-16,53,-15,60,-13,58,-7,63,-5,69,-3,64,3,68,2,70,7,72,10,71,14,76,15,69,16,78,21,67,22,74,27,72,26,72,28,73,31,72,33,68,33,70,32,68,36,73,36,73,39,69,35,70,38,67,37,67,42,64,41,61,46,64,47,64,48,60,48,58,50,57,53,60,54,50,48,51,50,52,56,49,50,0,0]"
CSI_DATA,143,2a:00:00:00:00:00,-43,11,1,0,1,1,1,0,0,0,1,-96,0,11,2,2127291,0,44,0,384,0,"[0,0,0,0,0,0,0,0,0,0,0,0,5,8,5,8,5,8,4,9,4,8,4,7,4,7,4,7,3,6,3,6,3,6,3,5,3,5,3,5,3,5,3,5,3,4,2,4,2,4,2,4,2,3,2,3,2,3,2,3,2,3,2,2,0,0,2,2,1,1,1,1,2,1,1,1,1,1,2,1,2,0,2,0,2,0,2,0,2,0,2,0,2,0,2,0,3,0,2,0,2,1,2,1,2,1,2,1,2,1,2,1,2,1,2,1,2,1,0,0,0,0,0,0,0,0,0,0,0,0,0,0,26,60,23,63,25,56,24,55,24,57,23,50,20,48,17,49,16,48,17,42,15,45,16,42,12,41,12,38,14,34,16,35,16,37,13,33,11,32,11,30,15,29,12,28,9,24,11,25,9,22,8,23,10,20,9,19,7,19,10,18,10,15,11,15,8,13,8,11,11,8,8,5,8,7,12,9,9,3,12,6,14,7,14,5,11,6,12,3,14,4,15,8,16,9,15,5,12,8,12,6,12,7,14,8,10,7,13,10,12,6,13,9,12,12,0,0,0,0,0,0,0,0,0,0,0,0,0,0,0,0,0,0,0,0,0,0,16,18,16,21,16,22,14,23,14,26,14,27,12,30,13,32,12,35,9,39,8,40,9,41,8,47,6,48,3,51,-1,52,-4,57,-5,55,-7,56,-10,60,-12,60,-18,65,-19,63,-21,65,-27,66,-28,66,-33,67,-35,67,-39,61,-38,63,-42,62,-44,62,-48,59,-47,59,-49,60,-51,61,-46,58,-49,59,-52,60,-53,61,-57,56,-55,57,-57,54,-59,56,-55,51,-57,52,-60,49,-61,49,-64,47,-64,46,-63,45,-64,45,-64,41,-60,35,-64,40,-64,38,-65,34,0,0]"
CSI_DATA,144,2a:00:00:00:00:00,-43,11,1,0,1,1,1,0,0,0,1,-96,0,11,2,2156733,0,44,0,384,0,"[0,0,0,0,0,0,0,0,0,0,0,0,8,5,8,5,7,5,7,5,7,5,6,5,6,4,6,4,6,4,5,4,5,4,5,3,5,3,5,3,4,3,5,2,4,2,4,2,4,2,4,2,3,2,3,2,3,1,3,1,3,1,3,1,0,0,2,1,2,0,2,0,2,0,2,0,2,0,2,-1,2,-1,2,-1,2,-1,2,-1,2,-1,2,-1,2,-1,2,-1,2,-1,2,-1,2,-1,2,-1,2,-1,2,-1,2,-1,2,-1,2,-1,2,0,2,0,0,0,0,0,0,0,0,0,0,0,0,0,0,0,52,41,49,40,52,41,45,37,43,37,46,39,36,33,40,40,34,32,36,32,34,29,34,30,33,30,26,28,29,24,28,23,24,25,27,23,25,22,24,18,25,20,24,18,21,17,21,16,18,14,17,16,18,14,17,13,14,11,18,12,14,10,15,12,13,3,13,7,14,5,13,6,11,0,10,2,13,-1,15,1,14,-1,17,-1,14,-1,14,-1,16,-3,15,0,15,-2,18,0,15,0,17,-1,16,1,17,1,16,0,15,2,15,3,14,5,12,5,0,0,0,0,0,0,0,0,0,0,0,0,0,0,0,0,0,0,0,0,0,0,23,6,25,8,23,11,26,13,23,17,28,18,25,21,26,21,27,23,28,25,28,29,29,31,30,35,29,38,29,43,26,42,26,50,26,50,25,52,22,59,19,60,17,64,14,62,13,66,10,68,12,73,6,72,3,78,-2,72,-2,79,-5,72,-7,78,-10,77,-11,78,-13,76,-14,78,-12,72,-14,76,-17,77,-21,77,-23,78,-18,73,-21,79,-25,74,-25,77,-25,73,-29,75,-28,74,-31,73,-34,68,-35,68,-36,72,-42,70,-33,61,-40,63,-41,66,-39,62,0,0]"
CSI_DATA,145,2a:00:00:00:00:00,-43,11,1,0,1,1,1,0,0,0,1,-96,0,11,2,2166419,0,44,0,384,0,"[0,0,0,0,0,0,0,0,0,0,0,0,-5,-10,-5,-9,-5,-10,-4,-9,-4,-9,-4,-8,-4,-8,-4,-8,-4,-7,-3,-7,-3,-7,-3,-7,-3,-7,-3,-6,-3,-6,-3,-6,-3,-5,-3,-5,-3,-5,-3,-5,-2,-5,-2,-5,-2,-4,-2,-4,-2,-4,-2,-3,0,0,-2,-3,-2,-3,-2,-3,-2,-2,-2,-2,-2,-2,-2,-2,-2,-2,-3,-2,-3,-2,-3,-2,-3,-2,-3,-2,-3,-1,-3,-2,-3,-2,-3,-2,-3,-2,-3,-2,-3,-2,-3,-2,-3,-2,-3,-2,-2,-2,-2,-2,-2,-2,0,0,0,0,0,0,0,0,0,0,0,0,0,0,-33,-60,-30,-57,-33,-58,-31,-53,-30,-52,-27,-51,-25,-51,-24,-50,-21,-47,-19,-45,-22,-43,-20,-41,-22,-38,-16,-40,-16,-37,-18,-35,-14,-34,-13,-32,-13,-31,-19,-28,-17,-28,-16,-27,-13,-25,-15,-26,-11,-22,-13,-21,-15,-21,-10,-18,-10,-20,-11,-18,-13,-15,-12,-14,-9,-12,-10,-11,-11,-10,-12,-8,-8,-9,-12,-6,-12,-6,-15,-6,-16,-7,-16,-6,-14,-5,-14,-5,-14,-5,-16,-4,-16,-6,-16,-8,-14,-7,-16,-4,-15,-7,-17,-8,-13,-5,-13,-9,-14,-10,-11,-11,-12,-9,0,0,0,0,0,0,0,0,0,0,0,0,0,0,0,0,0,0,0,0,0,0,-22,-16,-20,-20,-20,-22,-19,-26,-16,-26,-13,-27,-18,-30,-16,-32,-17,-33,-13,-36,-13,-42,-11,-43,-12,-45,-8,-47,-7,-49,-8,-56,-7,-60,2,-58,0,-62,1,-62,6,-63,4,-64,15,-70,16,-71,23,-68,22,-69,27,-66,26,-66,31,-69,31,-71,36,-65,36,-69,39,-68,38,-67,39,-68,40,-63,42,-65,46,-64,50,-63,47,-60,49,-60,49,-64,50,-62,53,-60,55,-58,51,-66,51,-57,52,-59,54,-55,59,-52,59,-50,54,-49,57,-47,60,-48,63,-47,60,-45,62,-43,0,0]"
CSI_DATA,146,2a:00:00:00:00:00,-43,11,1,0,1,1,1,0,0,0,1,-96,0,11,2,2178540,0,44,0,384,0,"[0,0,0,0,0,0,0,0,0,0,0,0,-10,-6,-10,-6,-9,-6,-9,-6,-8,-6,-8,-5,-8,-5,-7,-5,-7,-5,-7,-5,-7,-5,-7,-4,-6,-4,-6,-4,-6,-4,-6,-4,-6,-3,-5,-3,-5,-3,-5,-3,-5,-3,-4,-3,-4,-3,-4,-2,-4,-2,-4,-2,0,0,-4,-2,-3,-1,-3,-1,-3,-1,-3,-1,-3,0,-3,0,-3,0,-3,0,-3,0,-3,0,-3,0,-3,0,-3,0,-3,0,-4,0,-3,0,-3,0,-3,0,-3,0,-3,0,-3,0,-3,0,-3,-1,-3,-1,-3,-1,0,0,0,0,0,0,0,0,0,0,0,0,0,0,-61,-22,-60,-24,-59,-21,-62,-23,-56,-22,-54,-22,-51,-24,-49,-24,-46,-25,-46,-22,-45,-19,-44,-18,-41,-17,-38,-16,-37,-17,-34,-16,-33,-15,-30,-16,-29,-15,-31,-13,-31,-11,-31,-11,-25,-11,-27,-10,-25,-7,-23,-7,-23,-8,-21,-8,-20,-7,-21,-7,-20,-5,-20,-2,-15,-1,-13,-1,-17,-1,-13,3,-14,5,-13,3,-14,6,-15,5,-15,6,-15,7,-15,6,-15,7,-15,7,-15,8,-15,8,-14,5,-16,4,-16,6,-15,3,-16,3,-14,6,-19,5,-14,3,-17,0,-15,0,0,0,0,0,0,0,0,0,0,0,0,0,0,0,0,0,0,0,0,0,0,0,-27,-5,-26,-7,-27,-7,-29,-10,-28,-12,-29,-14,-30,-16,-30,-16,-31,-18,-33,-23,-34,-28,-34,-29,-34,-31,-33,-35,-36,-35,-35,-43,-38,-43,-34,-46,-34,-47,-36,-50,-34,-55,-34,-59,-30,-62,-26,-66,-23,-68,-22,-68,-16,-71,-19,-72,-15,-73,-15,-77,-13,-77,-7,-76,-11,-77,-13,-73,-9,-78,-9,-76,-4,-81,-2,-80,4,-78,1,-80,2,-80,-1,-83,3,-80,5,-83,6,-79,1,-81,5,-78,2,-79,10,-79,14,-78,17,-76,18,-74,16,-73,20,-75,23,-72,19,-70,18,-68,0,0]"
CSI_DATA,147,2a:00:00:00:00:00,-43,11,1,0,1,1,1,0,0,0,1,-96,0,11,2,2186418,0,44,0,384,0,"[0,0,0,0,0,0,0,0,0,0,0,0,-10,-7,-10,-7,-9,-7,-9,-7,-8,-7,-8,-6,-8,-6,-8,-6,-7,-6,-6,-6,-7,-5,-7,-5,-6,-5,-6,-5,-5,-5,-6,-4,-6,-4,-5,-4,-5,-4,-5,-4,-4,-4,-4,-3,-4,-3,-4,-3,-4,-3,-4,-2,0,0,-3,-2,-3,-2,-3,-2,-3,-1,-3,-1,-3,-1,-3,-1,-3,0,-3,-1,-3,0,-4,-1,-3,0,-3,0,-3,0,-4,0,-4,-1,-4,0,-4,-1,-4,-1,-3,-1,-4,-1,-3,-1,-3,-1,-3,-1,-3,-1,-3,-2,0,0,0,0,0,0,0,0,0,0,0,0,0,0,-52,-42,-47,-41,-49,-36,-48,-38,-46,-40,-45,-39,-40,-38,-38,-35,-38,-35,-36,-30,-33,-31,-34,-29,-32,-31,-27,-28,-30,-26,-32,-24,-28,-28,-26,-23,-25,-23,-26,-24,-25,-22,-24,-20,-22,-15,-21,-16,-19,-16,-19,-15,-18,-15,-16,-15,-15,-11,-18,-12,-15,-12,-16,-13,-13,-7,-13,-6,-14,-8,-12,-5,-12,-3,-12,-2,-14,-1,-15,-4,-14,-3,-14,2,-16,2,-15,1,-17,2,-16,-2,-17,-2,-17,1,-15,-1,-15,-3,-15,-2,-15,-3,-17,-4,-15,-4,-15,-3,-14,-5,-12,-5,0,0,0,0,0,0,0,0,0,0,0,0,0,0,0,0,0,0,0,0,0,0,-25,-6,-25,-8,-27,-11,-27,-13,-28,-16,-27,-17,-27,-19,-26,-22,-30,-23,-31,-26,-28,-29,-32,-31,-32,-36,-32,-39,-32,-42,-28,-47,-27,-50,-28,-51,-28,-51,-24,-58,-23,-60,-22,-66,-17,-68,-17,-67,-14,-72,-14,-74,-9,-74,-6,-76,1,-77,1,-77,3,-76,7,-78,6,-74,7,-77,11,-77,12,-76,12,-78,12,-78,12,-78,15,-77,18,-79,17,-80,22,-77,23,-78,23,-73,27,-77,27,-76,25,-74,32,-74,33,-73,32,-71,32,-72,37,-71,36,-66,36,-65,37,-62,39,-61,0,0]"
CSI_DATA,148,2a:00:00:00:00:00,-43,11,1,0,1,1,1,0,0,0,1,-96,0,11,2,2196378,0,44,0,384,0,"[0,0,0,0,0,0,0,0,0,0,0,0,-9,-8,-8,-7,-8,-8,-7,-8,-7,-7,-7,-6,-7,-6,-6,-6,-6,-6,-6,-6,-6,-6,-6,-5,-5,-5,-5,-5,-5,-5,-5,-5,-5,-4,-5,-4,-4,-4,-4,-4,-4,-4,-4,-4,-4,-3,-3,-3,-3,-3,-4,-2,0,0,-3,-2,-3,-2,-3,-2,-3,-1,-3,-1,-3,-1,-3,-1,-3,-1,-3,-1,-3,0,-3,0,-3,0,-3,0,-3,0,-3,0,-4,0,-3,0,-3,-1,-3,-1,-3,-1,-3,-1,-3,-1,-3,-1,-3,-1,-3,-1,-3,-1,0,0,0,0,0,0,0,0,0,0,0,0,0,0,-47,-52,-42,-50,-44,-49,-40,-47,-38,-46,-38,-46,-32,-44,-33,-44,-28,-39,-32,-38,-27,-37,-29,-36,-28,-36,-24,-33,-26,-31,-28,-30,-25,-28,-23,-27,-19,-27,-22,-24,-26,-25,-19,-23,-20,-21,-20,-20,-16,-19,-15,-18,-18,-17,-17,-17,-12,-13,-15,-15,-15,-13,-15,-9,-11,-9,-11,-9,-11,-4,-10,-6,-11,-3,-12,-2,-14,-3,-16,-2,-15,-3,-15,-1,-15,0,-13,-2,-16,0,-17,-3,-19,-1,-16,1,-16,-5,-16,-2,-16,-2,-16,-5,-16,-5,-15,-3,-16,-5,-17,-4,-14,-6,0,0,0,0,0,0,0,0,0,0,0,0,0,0,0,0,0,0,0,0,0,0,-20,-14,-22,-16,-23,-19,-24,-22,-21,-24,-20,-26,-22,-25,-18,-30,-19,-33,-19,-34,-18,-36,-17,-39,-20,-43,-19,-46,-15,-52,-12,-52,-11,-57,-10,-54,-9,-59,-5,-61,-2,-63,0,-69,2,-68,4,-68,10,-70,6,-72,14,-74,16,-78,19,-68,23,-77,24,-70,26,-75,25,-70,28,-72,30,-72,33,-72,29,-68,30,-70,33,-70,34,-72,38,-74,34,-67,43,-71,41,-69,41,-70,38,-65,43,-67,45,-68,48,-64,46,-63,47,-61,47,-62,53,-63,46,-55,53,-56,52,-57,51,-50,0,0]"
CSI_DATA,149,2a:00:00:00:00:00,-43,11,1,0,1,1,1,0,0,0,1,-96,0,11,2,2206818,0,44,0,384,0,"[0,0,0,0,0,0,0,0,0,0,0,0,-1,-10,-1,-11,-1,-10,0,-10,0,-9,0,-9,0,-8,0,-8,0,-8,0,-7,0,-7,0,-7,0,-7,0,-7,0,-7,-1,-6,-1,-6,0,-5,-1,-6,-1,-5,0,-5,-1,-5,0,-4,-1,-5,-1,-4,-1,-4,0,0,-1,-3,-1,-3,-1,-3,-1,-3,-1,-3,-2,-3,-2,-3,-2,-3,-2,-2,-2,-2,-2,-3,-2,-3,-2,-2,-2,-3,-2,-2,-2,-3,-2,-3,-2,-3,-2,-3,-2,-3,-2,-3,-2,-3,-1,-3,-1,-3,-1,-3,-1,-3,0,0,0,0,0,0,0,0,0,0,0,0,0,0,7,-69,8,-65,6,-67,5,-62,8,-60,9,-58,8,-56,10,-54,8,-51,9,-49,9,-47,7,-44,11,-43,9,-41,7,-42,4,-39,6,-38,5,-38,3,-38,5,-31,5,-32,4,-30,1,-32,4,-29,4,-27,4,-28,1,-23,2,-25,2,-21,-2,-22,-2,-18,-3,-19,2,-15,-2,-15,-4,-13,-2,-13,-6,-15,-4,-16,-8,-12,-10,-13,-11,-15,-8,-13,-10,-13,-9,-13,-10,-13,-10,-14,-9,-14,-9,-15,-11,-13,-7,-15,-10,-16,-7,-14,-7,-15,-7,-13,-6,-16,-5,-18,-2,-16,0,0,0,0,0,0,0,0,0,0,0,0,0,0,0,0,0,0,0,0,0,0,-11,-25,-6,-28,-6,-27,-5,-30,-2,-30,-1,-35,2,-34,4,-37,6,-38,4,-41,11,-43,10,-43,12,-48,15,-48,16,-51,24,-49,29,-52,30,-49,29,-53,36,-52,39,-54,46,-55,46,-52,50,-50,53,-48,57,-50,62,-46,64,-47,66,-40,68,-42,65,-40,71,-38,70,-38,70,-38,69,-32,73,-32,69,-34,74,-27,74,-27,78,-29,81,-27,77,-23,77,-21,80,-22,77,-21,81,-21,79,-19,78,-15,81,-14,77,-13,79,-7,80,-7,85,-6,72,-5,76,-2,75,-5,75,-3,0,0]"
CSI_DATA,150,2a:00:00:00:00:00,-43,11,1,0,1,1,1,0,0,0,1,-96,0,11,2,2216413,0,44,0,384,0,"[0,0,0,0,0,0,0,0,0,0,0,0,-11,1,-10,1,-10,1,-9,0,-9,0,-9,0,-9,0,-8,0,-8,0,-8,0,-8,0,-7,0,-7,0,-6,0,-6,0,-6,0,-6,0,-6,0,-5,1,-5,0,-5,0,-4,0,-5,0,-4,0,-4,0,-4,0,0,0,-3,0,-3,1,-3,1,-3,1,-2,1,-2,1,-2,1,-2,1,-2,1,-2,1,-2,1,-2,2,-2,2,-2,2,-2,2,-2,2,-2,2,-2,2,-2,1,-2,1,-2,1,-2,1,-3,1,-3,1,-3,1,-3,1,0,0,0,0,0,0,0,0,0,0,0,0,0,0,-67,7,-66,7,-62,6,-62,7,-60,4,-59,2,-57,6,-51,2,-47,3,-48,1,-48,0,-45,1,-45,-1,-40,0,-39,0,-40,1,-36,2,-34,4,-33,4,-33,1,-32,1,-31,1,-28,4,-26,3,-24,2,-25,4,-24,2,-21,4,-20,3,-21,1,-20,1,-17,3,-14,5,-14,8,-11,5,-12,6,-11,7,-11,9,-10,9,-11,9,-10,10,-10,8,-11,12,-11,13,-12,13,-11,10,-9,12,-12,13,-12,10,-13,10,-10,9,-11,8,-13,11,-13,10,-14,8,-16,7,-13,5,0,0,0,0,0,0,0,0,0,0,0,0,0,0,0,0,0,0,0,0,0,0,-22,12,-24,10,-25,10,-27,8,-30,5,-31,4,-31,3,-35,2,-37,2,-36,1,-39,-3,-46,-3,-47,-5,-51,-8,-50,-13,-50,-14,-54,-16,-55,-19,-55,-21,-57,-27,-57,-29,-59,-33,-60,-38,-55,-39,-57,-43,-58,-46,-56,-51,-54,-51,-51,-55,-52,-56,-48,-57,-49,-62,-47,-61,-47,-62,-46,-65,-43,-66,-42,-63,-44,-65,-41,-66,-42,-69,-38,-69,-42,-70,-38,-73,-40,-72,-35,-70,-35,-73,-35,-70,-30,-73,-27,-75,-28,-75,-26,-72,-28,-75,-21,-76,-21,-74,-20,-74,-19,-71,-16,-72,0,0]"
CSI_DATA,151,2a:00:00:00:00:00,-43,11,1,0,1,1,1,0,0,0,1,-96,0,11,2,2237232,0,44,0,384,0,"[0,0,0,0,0,0,0,0,0,0,0,0,1,-11,1,-11,1,-11,1,-10,1,-10,2,-9,1,-9,1,-8,1,-8,1,-8,1,-8,1,-7,1,-7,1,-7,1,-7,1,-6,0,-6,1,-6,0,-6,0,-6,0,-5,0,-5,0,-4,0,-5,0,-4,0,-4,0,0,-1,-3,-1,-4,-1,-4,-1,-3,-1,-3,-1,-3,-2,-3,-2,-3,-2,-3,-2,-3,-2,-3,-2,-3,-2,-3,-2,-3,-2,-3,-2,-3,-2,-3,-2,-3,-2,-3,-2,-3,-2,-3,-1,-3,-1,-3,-1,-3,-1,-3,-1,-3,0,0,0,0,0,0,0,0,0,0,0,0,0,0,1,-68,3,-67,1,-64,5,-62,6,-60,9,-55,6,-59,7,-54,5,-51,9,-46,6,-44,4,-44,5,-42,5,-39,6,-39,5,-37,4,-39,3,-38,6,-35,4,-32,2,-30,5,-30,1,-28,0,-27,1,-26,1,-24,2,-23,1,-22,1,-20,-1,-19,1,-17,-1,-16,-3,-17,-2,-16,-4,-14,-3,-14,-6,-15,-7,-13,-5,-13,-11,-13,-8,-13,-10,-11,-7,-13,-9,-13,-9,-13,-11,-13,-10,-17,-9,-14,-12,-14,-8,-14,-10,-14,-9,-16,-7,-13,-5,-15,-4,-17,-4,-15,-3,-13,0,0,0,0,0,0,0,0,0,0,0,0,0,0,0,0,0,0,0,0,0,0,-11,-22,-9,-24,-8,-27,-6,-29,-6,-30,-4,-32,-2,-32,-1,-36,1,-39,4,-38,4,-40,6,-43,7,-46,10,-50,13,-48,17,-50,21,-52,26,-52,24,-54,32,-54,36,-54,37,-59,41,-54,45,-54,48,-51,49,-52,55,-47,58,-47,59,-47,60,-46,61,-41,64,-43,67,-42,66,-40,65,-39,69,-38,67,-38,68,-36,71,-33,74,-33,73,-32,72,-32,73,-28,78,-27,74,-24,73,-24,77,-23,75,-20,76,-17,78,-17,76,-16,75,-12,75,-11,72,-9,73,-9,75,-9,72,-6,0,0]"
CSI_DATA,152,2a:00:00:00:00:00,-43,11,1,0,1,1,1,0,0,0,1,-96,0,11,2,2249544,0,44,0,384,0,"[0,0,0,0,0,0,0,0,0,0,0,0,-8,7,-8,6,-8,6,-7,6,-7,6,-7,5,-7,5,-6,5,-6,4,-6,4,-6,4,-6,4,-5,4,-5,4,-5,4,-5,3,-5,3,-4,3,-4,3,-4,3,-4,3,-3,3,-4,2,-3,2,-3,2,-3,2,0,0,-2,2,-2,2,-2,2,-2,2,-1,2,-1,2,-1,2,-1,2,-1,2,-1,2,-1,2,-1,2,-1,2,-1,2,-1,2,-1,2,-1,2,-1,2,-1,2,-1,2,-1,2,-1,2,-1,2,-1,2,-1,2,-2,2,0,0,0,0,0,0,0,0,0,0,0,0,0,0,-47,47,-47,47,-45,44,-43,39,-44,41,-42,36,-42,37,-41,34,-38,32,-38,28,-38,27,-34,26,-35,27,-34,27,-30,25,-30,22,-29,28,-26,23,-26,22,-24,21,-25,21,-22,17,-21,20,-20,18,-19,17,-18,17,-17,13,-17,15,-16,16,-11,14,-12,13,-10,12,-9,15,-8,12,-6,10,-9,13,-7,11,-6,13,-5,12,-2,14,-1,14,-2,14,-2,16,-3,16,-5,15,0,16,-2,15,-4,17,-2,13,-3,14,-4,14,-3,16,-5,15,-6,15,-6,12,-5,13,-8,13,0,0,0,0,0,0,0,0,0,0,0,0,0,0,0,0,0,0,0,0,0,0,-9,25,-13,22,-10,24,-17,24,-17,23,-21,26,-20,25,-24,26,-26,25,-30,28,-32,26,-35,29,-36,28,-42,25,-45,23,-47,23,-51,23,-54,20,-55,21,-59,18,-62,16,-67,12,-68,13,-67,10,-71,6,-73,7,-73,1,-74,-6,-75,-7,-75,-10,-74,-10,-76,-14,-75,-15,-74,-16,-77,-19,-78,-25,-77,-22,-75,-22,-76,-23,-77,-23,-74,-30,-76,-27,-74,-33,-76,-31,-70,-33,-74,-32,-71,-34,-71,-36,-72,-40,-70,-41,-68,-39,-65,-41,-64,-43,-59,-44,-61,-44,-60,-45,-60,-48,0,0]"
CSI_DATA,153,2a:00:00:00:00:00,-43,11,1,0,1,1,1,0,0,0,1,-96,0,11,2,2267626,0,44,0,384,0,"[0,0,0,0,0,0,0,0,0,0,0,0,10,-6,9,-6,9,-5,9,-5,8,-5,8,-4,8,-4,7,-4,7,-4,6,-4,7,-3,6,-3,6,-3,5,-3,5,-3,5,-3,5,-3,5,-3,4,-3,4,-3,4,-3,4,-3,4,-2,3,-3,3,-2,3,-2,0,0,2,-2,2,-2,1,-2,2,-2,1,-3,1,-3,1,-3,1,-3,1,-2,1,-3,1,-3,1,-3,1,-3,1,-3,1,-3,1,-3,1,-3,1,-3,1,-3,1,-3,1,-3,1,-3,1,-3,2,-3,2,-2,2,-2,0,0,0,0,0,0,0,0,0,0,0,0,0,0,-65,-15,-59,-15,-65,-17,-64,-23,-54,-17,-58,-16,-47,-15,-54,-17,-40,-15,-51,-17,-46,-17,-36,-16,-43,-14,-34,-18,-37,-12,-36,-9,-31,-11,-29,-13,-30,-12,-30,-12,-32,-9,-26,-14,-29,-10,-24,-11,-23,-8,-21,-11,-27,-8,-18,-7,-18,-7,-21,-6,-18,-8,-23,-6,-12,-5,-12,-3,-12,-3,-11,-1,-13,4,-12,3,-13,3,-17,-2,-15,1,-14,3,-13,6,-13,4,-11,6,-12,5,-15,3,-15,7,-11,8,-17,4,-15,4,-13,0,-15,4,-13,2,-14,0,-11,-1,-17,-1,0,0,0,0,0,0,0,0,0,0,0,0,0,0,0,0,0,0,0,0,0,0,-27,6,-27,7,-29,3,-31,3,-31,2,-34,-3,-33,-1,-38,-1,-42,-10,-35,-5,-42,-11,-46,-10,-48,-13,-48,-15,-51,-21,-46,-21,-53,-32,-47,-28,-55,-28,-50,-42,-52,-43,-49,-45,-45,-47,-53,-55,-45,-56,-48,-57,-45,-60,-42,-67,-36,-64,-38,-70,-36,-63,-34,-73,-33,-72,-32,-68,-28,-74,-26,-78,-27,-72,-29,-77,-21,-75,-22,-79,-19,-82,-21,-75,-23,-83,-19,-80,-16,-83,-18,-76,-14,-80,-4,-83,-6,-76,-6,-75,-2,-78,0,-83,3,-83,4,-71,3,-70,6,-72,7,-69,0,0]"
CSI_DATA,154,2a:00:00:00:00:00,-43,11,1,0,1,1,1,0,0,0,1,-96,0,11,2,2276910,0,44,0,384,0,"[0,0,0,0,0,0,0,0,0,0,0,0,0,10,0,9,0,9,0,9,0,9,-1,8,0,7,0,7,0,7,0,7,-1,6,0,6,0,6,0,6,0,5,0,5,0,5,0,4,0,4,0,4,0,4,0,4,0,3,0,3,0,3,0,3,0,0,0,2,0,2,0,2,1,2,1,2,1,2,1,1,1,1,1,1,2,1,1,1,1,1,1,1,1,1,2,1,2,1,1,1,1,1,1,2,1,2,1,1,1,2,1,2,1,2,1,2,1,2,0,0,0,0,0,0,0,0,0,0,0,0,0,0,8,65,5,65,8,65,8,59,4,59,3,56,3,55,0,58,0,50,2,48,3,44,2,43,2,44,-1,42,-3,38,0,36,-1,37,-3,34,-2,33,1,31,5,33,2,27,1,28,2,28,0,27,4,25,4,19,2,22,1,18,4,17,5,20,5,16,4,16,2,12,7,12,4,12,7,9,8,8,8,10,10,11,11,9,11,11,11,9,10,11,10,10,12,11,12,12,11,8,8,12,11,11,11,9,12,11,11,11,7,12,9,12,8,13,6,13,0,0,0,0,0,0,0,0,0,0,0,0,0,0,0,0,0,0,0,0,0,0,8,22,7,23,7,26,4,30,6,31,2,30,3,31,1,34,2,37,-1,38,-6,40,-7,43,-9,47,-12,44,-13,49,-16,51,-19,54,-22,52,-25,56,-25,54,-30,57,-35,59,-38,57,-44,55,-49,52,-51,54,-55,49,-56,51,-57,50,-58,51,-59,46,-61,49,-60,45,-61,47,-67,43,-63,43,-66,40,-67,38,-70,36,-72,36,-71,35,-71,37,-73,36,-75,37,-72,30,-71,37,-73,33,-76,32,-76,27,-77,24,-75,19,-73,18,-77,18,-73,14,-75,15,-74,16,-74,17,0,0]"
CSI_DATA,155,2a:00:00:00:00:00,-43,11,1,0,1,1,1,0,0,0,1,-96,0,11,2,2286390,0,44,0,384,0,"[0,0,0,0,0,0,0,0,0,0,0,0,6,8,6,8,5,7,5,8,5,7,4,7,4,6,4,6,4,6,4,6,4,5,4,5,3,5,3,5,3,4,3,4,3,4,3,3,3,3,2,3,2,3,2,3,2,2,2,2,2,2,2,2,0,0,2,1,2,1,2,1,2,1,2,1,2,0,2,0,2,0,2,0,2,0,2,0,2,0,2,0,2,0,3,0,2,0,2,0,2,0,2,0,2,0,2,0,2,0,2,0,2,0,2,0,2,1,0,0,0,0,0,0,0,0,0,0,0,0,0,0,33,56,32,55,29,55,27,50,30,52,29,50,24,51,22,48,22,45,21,45,22,40,22,38,21,40,20,35,16,34,19,32,18,33,16,31,15,29,15,27,18,26,13,25,15,23,13,21,13,22,12,22,13,17,11,18,9,16,13,15,15,14,11,12,11,11,9,8,12,6,10,6,11,6,11,5,12,3,12,3,15,4,13,4,14,5,14,4,15,2,13,5,16,3,14,6,16,4,17,3,14,5,14,5,14,3,14,5,12,6,13,7,10,7,0,0,0,0,0,0,0,0,0,0,0,0,0,0,0,0,0,0,0,0,0,0,15,18,15,21,13,20,14,24,13,27,15,27,11,28,12,32,11,35,10,36,7,40,8,44,8,46,5,46,3,51,0,50,-1,58,-3,57,-4,59,-9,61,-8,64,-16,67,-16,65,-21,65,-26,65,-28,68,-31,65,-37,67,-35,63,-37,67,-38,63,-42,66,-42,63,-44,64,-45,65,-47,64,-45,61,-48,60,-51,59,-51,62,-55,62,-50,60,-55,60,-53,59,-55,59,-52,58,-54,55,-57,54,-60,54,-58,50,-60,47,-61,45,-62,47,-58,44,-64,42,-64,44,-61,40,0,0]"
CSI_DATA,156,2a:00:00:00:00:00,-43,11,1,0,1,1,1,0,0,0,1,-96,0,11,2,2296407,0,44,0,384,0,"[0,0,0,0,0,0,0,0,0,0,0,0,8,6,8,6,7,6,6,6,6,6,6,6,6,5,6,5,5,5,5,4,5,4,5,4,4,4,4,4,4,3,4,3,4,3,4,3,3,3,3,3,3,2,3,2,3,2,2,2,2,2,2,1,0,0,2,1,2,1,2,1,2,0,2,0,2,0,2,0,2,0,2,0,2,0,2,0,2,-1,2,-1,2,-1,2,-1,2,-1,2,-1,2,0,2,0,2,0,2,0,2,0,2,0,2,0,2,0,2,1,0,0,0,0,0,0,0,0,0,0,0,0,0,0,45,48,40,45,39,47,39,46,37,44,35,45,33,40,32,44,29,40,30,39,30,38,25,34,28,33,23,31,25,33,24,30,22,28,21,27,20,26,21,22,23,24,19,23,17,19,17,19,15,17,14,17,15,18,14,15,12,15,16,15,14,12,13,10,12,6,10,7,12,8,13,5,12,3,12,4,12,2,14,3,14,3,16,3,13,-1,18,0,16,0,10,0,15,1,16,3,15,2,15,3,14,3,15,5,15,3,15,7,14,4,14,5,12,7,0,0,0,0,0,0,0,0,0,0,0,0,0,0,0,0,0,0,0,0,0,0,20,6,23,13,23,14,22,18,22,20,22,19,23,24,21,26,23,28,22,30,23,32,23,36,25,40,25,42,22,45,18,46,19,50,18,53,17,58,12,59,10,61,11,66,4,66,4,70,-1,69,0,72,-6,72,-10,75,-10,72,-13,77,-17,72,-20,76,-22,72,-25,71,-26,74,-27,74,-27,71,-26,74,-29,71,-29,74,-34,72,-29,74,-35,74,-35,72,-37,70,-40,69,-42,66,-43,69,-42,63,-45,62,-44,62,-43,64,-50,62,-46,55,-47,57,-49,55,-47,52,0,0]"
CSI_DATA,157,2a:00:00:00:00:00,-43,11,1,0,1,1,1,0,0,0,1,-96,0,11,2,2316401,0,44,0,384,0,"[0,0,0,0,0,0,0,0,0,0,0,0,10,-2,10,-2,8,-2,9,-1,8,-1,8,-1,8,-1,7,-1,7,-1,6,-1,7,-1,6,-1,6,-1,5,-1,5,-1,5,-1,5,-1,5,-1,4,-1,4,-1,4,-1,4,-1,3,-1,3,-1,3,-1,3,-1,0,0,3,-1,2,-1,2,-2,2,-1,1,-2,1,-2,1,-2,1,-2,1,-2,1,-2,1,-2,1,-3,1,-3,1,-3,1,-2,1,-2,1,-3,2,-2,2,-2,1,-2,2,-2,2,-2,2,-2,2,-2,2,-2,2,-2,0,0,0,0,0,0,0,0,0,0,0,0,0,0,65,-3,65,-5,61,-3,62,1,65,2,55,1,54,3,49,3,47,2,47,3,47,4,44,6,45,3,39,3,38,3,40,4,36,1,34,3,31,2,33,1,31,0,32,2,26,-4,25,1,25,-1,23,1,24,1,20,-2,20,-3,22,-3,19,-1,18,-1,14,-2,10,-4,16,-2,11,-7,13,-7,11,-10,10,-7,10,-7,11,-7,11,-10,11,-11,10,-12,13,-13,13,-10,13,-8,14,-13,11,-6,14,-9,13,-9,15,-7,15,-7,13,-7,14,-7,14,-4,14,-4,0,0,0,0,0,0,0,0,0,0,0,0,0,0,0,0,0,0,0,0,0,0,20,-13,22,-9,26,-10,26,-8,29,-8,28,-10,28,-4,35,-3,37,-1,39,-1,41,2,44,2,45,4,49,5,47,8,51,14,52,15,57,19,54,20,54,26,57,31,57,35,60,38,60,39,57,44,58,49,56,49,51,53,51,55,50,54,50,60,43,57,43,62,42,63,42,65,40,68,45,68,42,68,40,67,42,69,33,70,37,72,32,70,34,77,28,70,26,75,26,74,24,73,22,75,21,80,19,73,19,75,12,72,13,74,15,72,11,72,9,75,0,0]"
CSI_DATA,158,2a:00:00:00:00:00,-43,11,1,0,1,1,1,0,0,0,1,-96,0,11,2,2348238,0,44,0,384,0,"[0,0,0,0,0,0,0,0,0,0,0,0,-5,10,-5,9,-4,9,-4,9,-4,8,-5,7,-4,7,-4,7,-4,7,-4,6,-4,6,-4,6,-4,6,-3,5,-3,5,-3,5,-3,5,-3,4,-2,5,-2,4,-2,4,-2,4,-2,3,-2,3,-2,3,-2,3,0,0,-1,2,-1,2,-1,2,-1,2,-1,2,0,2,0,2,0,2,0,2,0,2,1,2,0,2,0,2,0,2,1,2,1,2,0,2,0,2,0,2,0,2,0,2,0,2,0,2,-1,2,0,2,-1,2,0,0,0,0,0,0,0,0,0,0,0,0,0,0,-20,67,-18,61,-17,65,-20,56,-17,55,-23,52,-20,51,-19,51,-20,44,-19,44,-18,42,-16,39,-14,39,-14,38,-16,36,-13,36,-13,35,-12,33,-11,32,-12,28,-9,29,-9,27,-10,30,-9,28,-8,26,-9,24,-5,21,-7,24,-5,23,-4,20,-3,15,-3,15,-2,15,0,17,1,13,-1,15,3,15,2,12,5,14,8,12,6,14,8,13,6,15,6,14,5,13,5,14,7,12,5,16,7,16,7,15,5,14,6,15,4,14,5,15,1,16,3,14,1,16,0,0,0,0,0,0,0,0,0,0,0,0,0,0,0,0,0,0,0,0,0,0,1,23,-3,25,-4,28,-6,28,-7,28,-9,30,-9,32,-12,32,-15,34,-15,33,-19,37,-20,39,-21,40,-24,39,-29,41,-34,40,-37,43,-40,40,-45,43,-46,42,-48,40,-54,39,-55,37,-58,37,-64,36,-65,35,-65,28,-70,31,-70,26,-73,25,-70,22,-76,21,-76,18,-77,17,-77,18,-77,12,-75,14,-78,14,-78,14,-80,13,-82,7,-76,8,-80,4,-83,4,-81,1,-78,1,-79,0,-80,0,-82,-4,-79,-6,-81,-4,-75,-8,-74,-8,-74,-10,-76,-12,-74,-9,-73,-16,0,0]"
CSI_DATA,159,2a:00:00:00:00:00,-43,11,1,0,1,1,1,0,0,0,1,-96,0,11,2,2356582,0,44,0,384,0,"[0,0,0,0,0,0,0,0,0,0,0,0,-11,3,-11,3,-10,3,-10,3,-9,2,-9,2,-9,2,-9,2,-8,1,-8,2,-8,2,-7,2,-7,1,-7,2,-6,1,-6,1,-6,1,-6,1,-5,1,-5,1,-5,1,-5,1,-5,1,-4,1,-4,1,-4,1,0,0,-3,0,-3,1,-3,1,-3,1,-3,1,-2,1,-2,2,-2,2,-2,1,-2,2,-2,2,-2,2,-2,2,-2,2,-2,2,-2,2,-2,2,-2,2,-2,2,-2,2,-2,1,-3,1,-3,1,-3,1,-3,1,-3,1,0,0,0,0,0,0,0,0,0,0,0,0,0,0,-62,19,-62,18,-63,19,-59,12,-59,13,-60,11,-54,10,-54,9,-49,9,-49,9,-48,4,-46,5,-44,5,-40,9,-39,6,-40,7,-38,9,-32,9,-34,4,-32,3,-32,5,-31,3,-30,8,-28,6,-24,3,-24,5,-20,2,-20,6,-21,5,-20,6,-17,4,-16,3,-16,7,-14,8,-12,3,-12,8,-11,9,-11,10,-10,11,-9,9,-8,7,-8,9,-10,12,-10,12,-13,14,-11,11,-12,10,-13,13,-13,14,-12,12,-11,12,-13,11,-13,8,-15,9,-13,9,-11,6,-13,5,0,0,0,0,0,0,0,0,0,0,0,0,0,0,0,0,0,0,0,0,0,0,-19,16,-21,16,-21,15,-24,14,-26,13,-28,13,-33,12,-31,13,-38,10,-39,12,-42,9,-41,10,-49,9,-51,7,-50,3,-51,-2,-59,-4,-59,-4,-62,-5,-63,-13,-61,-14,-66,-21,-62,-22,-66,-24,-65,-28,-67,-29,-66,-36,-68,-40,-65,-39,-66,-44,-59,-45,-64,-48,-62,-49,-58,-51,-57,-51,-56,-53,-53,-55,-57,-52,-53,-58,-57,-54,-53,-63,-53,-59,-55,-61,-51,-62,-44,-66,-46,-62,-45,-67,-42,-70,-41,-68,-41,-68,-36,-65,-37,-69,-35,-70,-33,-67,-32,-67,-31,-67,-28,-67,0,0]"
CSI_DATA,160,2a:00:00:00:00:00,-43,11,1,0,1,1,1,0,0,0,1,-96,0,11,2,2366368,0,44,0,384,0,"[0,0,0,0,0,0,0,0,0,0,0,0,-1,-11,0,-11,-1,-11,0,-11,0,-10,0,-9,0,-9,0,-9,0,-8,0,-8,0,-8,0,-8,0,-7,-1,-7,0,-7,-1,-6,-1,-6,-1,-6,-1,-6,-1,-6,0,-5,-1,-5,-1,-5,-1,-5,-1,-4,-1,-4,0,0,-1,-3,-1,-4,-1,-3,-1,-3,-1,-3,-2,-3,-2,-3,-2,-3,-2,-2,-2,-2,-3,-2,-2,-3,-2,-3,-2,-3,-3,-3,-3,-3,-2,-3,-2,-3,-2,-3,-2,-3,-2,-3,-2,-3,-2,-3,-2,-3,-2,-3,-1,-3,0,0,0,0,0,0,0,0,0,0,0,0,0,0,-4,-67,-4,-66,-2,-66,-5,-62,-5,-59,-4,-57,-1,-57,2,-54,1,-50,1,-48,0,-47,-2,-44,0,-42,0,-42,0,-41,-2,-38,2,-38,-2,-37,0,-37,1,-33,-3,-33,-2,-28,-2,-29,-2,-31,-2,-27,0,-26,-2,-24,-3,-24,-4,-23,-5,-18,-4,-20,-4,-15,-4,-17,-3,-16,-7,-10,-7,-14,-8,-12,-8,-13,-9,-13,-10,-13,-10,-12,-12,-12,-11,-13,-14,-10,-11,-12,-13,-12,-13,-11,-12,-14,-11,-12,-11,-13,-12,-10,-10,-11,-9,-14,-9,-11,-10,-14,-8,-13,-7,-15,0,0,0,0,0,0,0,0,0,0,0,0,0,0,0,0,0,0,0,0,0,0,-11,-24,-10,-24,-7,-28,-7,-32,-5,-31,-4,-33,0,-31,0,-36,2,-38,3,-39,4,-41,4,-43,7,-47,12,-48,15,-53,15,-50,19,-51,21,-53,24,-54,30,-55,29,-57,37,-57,37,-55,44,-55,46,-52,47,-55,54,-53,55,-52,55,-47,60,-49,59,-45,63,-45,63,-43,64,-42,64,-39,67,-40,66,-40,68,-35,69,-35,71,-38,76,-38,69,-36,74,-34,73,-33,71,-30,73,-31,72,-29,75,-24,76,-25,76,-23,76,-20,75,-17,76,-18,69,-16,74,-17,75,-15,73,-10,0,0]"
CSI_DATA,161,2a:00:00:00:00:00,-43,11,1,0,1,1,1,0,0,0,1,-96,0,11,2,2377956,0,44,0,384,0,"[0,0,0,0,0,0,0,0,0,0,0,0,-2,-11,-2,-10,-2,-10,-1,-10,-1,-9,-1,-8,-1,-9,-1,-8,-1,-8,-1,-8,-1,-7,-1,-7,-1,-7,-1,-7,-1,-6,-2,-6,-1,-5,-1,-5,-1,-5,-1,-5,-1,-5,-1,-5,-1,-4,-1,-4,-1,-4,-1,-4,0,0,-2,-3,-1,-3,-2,-3,-2,-2,-2,-2,-2,-2,-2,-2,-2,-2,-3,-2,-3,-2,-3,-2,-3,-2,-2,-2,-2,-2,-3,-2,-3,-2,-3,-2,-3,-2,-3,-2,-2,-2,-2,-2,-2,-2,-2,-2,-2,-3,-2,-2,-2,-3,0,0,0,0,0,0,0,0,0,0,0,0,0,0,-16,-67,-18,-63,-18,-62,-13,-62,-13,-55,-13,-54,-12,-54,-12,-55,-10,-51,-7,-47,-12,-45,-9,-45,-11,-41,-7,-43,-6,-38,-9,-40,-7,-35,-7,-36,-7,-35,-11,-32,-10,-31,-10,-29,-9,-28,-9,-26,-5,-25,-7,-24,-10,-22,-10,-19,-5,-19,-8,-21,-8,-18,-9,-17,-6,-13,-9,-13,-11,-8,-8,-11,-10,-10,-12,-11,-10,-10,-13,-8,-14,-10,-16,-9,-14,-9,-14,-7,-13,-7,-15,-10,-16,-9,-15,-8,-16,-8,-13,-8,-12,-10,-16,-11,-12,-10,-12,-13,-10,-12,-11,-12,-10,-15,0,0,0,0,0,0,0,0,0,0,0,0,0,0,0,0,0,0,0,0,0,0,-14,-21,-14,-25,-10,-24,-12,-27,-10,-31,-7,-32,-8,-35,-4,-35,-6,-38,-4,-38,-1,-43,-1,-45,1,-48,2,-48,8,-50,6,-52,11,-57,15,-55,18,-58,21,-58,23,-59,26,-64,30,-60,34,-60,37,-61,37,-61,43,-59,48,-59,49,-55,52,-58,50,-53,55,-57,55,-52,57,-53,58,-55,58,-53,57,-51,60,-49,62,-49,62,-49,66,-48,63,-51,66,-48,68,-46,64,-45,67,-45,64,-42,68,-43,70,-39,69,-36,68,-34,69,-32,69,-32,65,-30,68,-29,69,-28,68,-25,0,0]"
CSI_DATA,162,2a:00:00:00:00:00,-43,11,1,0,1,1,1,0,0,0,1,-96,0,11,2,2396396,0,44,0,384,0,"[0,0,0,0,0,0,0,0,0,0,0,0,-11,-4,-10,-3,-10,-3,-9,-4,-9,-4,-9,-3,-8,-3,-8,-3,-8,-3,-7,-3,-7,-3,-7,-3,-6,-3,-6,-3,-6,-3,-6,-2,-6,-2,-6,-2,-5,-2,-5,-2,-5,-2,-5,-2,-4,-2,-4,-1,-4,-2,-4,-2,0,0,-4,-1,-3,-1,-3,-1,-3,0,-3,0,-3,0,-3,0,-3,0,-3,0,-3,0,-3,0,-3,1,-3,1,-3,1,-3,1,-3,0,-3,1,-3,0,-3,0,-3,0,-3,0,-3,0,-3,0,-3,0,-3,-1,-3,-1,0,0,0,0,0,0,0,0,0,0,0,0,0,0,-65,-5,-66,-4,-59,-5,-65,-6,-65,-3,-55,-3,-56,-3,-50,-6,-50,-6,-47,-6,-49,-6,-48,-6,-45,-5,-42,-7,-42,-4,-39,-1,-37,-6,-35,-1,-29,-5,-37,-1,-33,-2,-34,-4,-27,-2,-25,-1,-26,-3,-22,-1,-25,0,-23,0,-19,0,-23,-1,-20,1,-18,2,-15,2,-14,4,-18,5,-11,3,-13,6,-11,7,-12,9,-12,6,-12,6,-11,7,-10,12,-12,10,-13,10,-14,10,-14,9,-15,11,-12,7,-11,6,-15,8,-16,8,-14,8,-16,8,-15,6,-16,5,-16,3,0,0,0,0,0,0,0,0,0,0,0,0,0,0,0,0,0,0,0,0,0,0,-24,10,-24,6,-27,4,-28,4,-34,0,-31,0,-32,-2,-35,-4,-38,-6,-40,-5,-40,-10,-40,-10,-46,-11,-47,-13,-47,-19,-52,-24,-50,-22,-55,-30,-50,-31,-53,-34,-51,-35,-56,-41,-52,-49,-52,-48,-51,-51,-49,-53,-48,-57,-45,-58,-47,-67,-43,-60,-40,-69,-37,-66,-38,-66,-34,-68,-35,-69,-32,-71,-37,-74,-34,-73,-32,-72,-32,-73,-28,-73,-33,-79,-24,-76,-27,-82,-24,-72,-26,-79,-20,-78,-18,-80,-15,-78,-16,-82,-13,-76,-12,-79,-9,-74,-11,-75,-9,-74,-6,-70,-5,-74,0,0]"
CSI_DATA,163,2a:00:00:00:00:00,-43,11,1,0,1,1,1,0,0,0,1,-96,0,11,2,2406401,0,44,0,384,0,"[0,0,0,0,0,0,0,0,0,0,0,0,-11,1,-10,1,-10,1,-10,1,-9,0,-9,0,-8,0,-8,0,-8,0,-7,0,-7,1,-7,1,-7,1,-6,0,-6,0,-6,0,-6,0,-6,0,-5,0,-5,0,-5,0,-5,0,-5,0,-4,0,-4,0,-4,0,0,0,-3,0,-3,0,-3,1,-3,0,-2,1,-2,1,-2,1,-2,1,-2,1,-2,1,-2,1,-2,2,-2,2,-2,2,-2,1,-2,1,-2,2,-2,1,-2,1,-2,1,-2,1,-3,1,-2,1,-3,1,-3,1,-3,1,0,0,0,0,0,0,0,0,0,0,0,0,0,0,-67,-2,-65,-6,-63,-3,-62,-9,-60,-7,-59,-8,-55,-8,-53,-7,-51,-7,-49,-7,-45,-9,-44,-11,-47,-11,-39,-8,-38,-10,-40,-6,-38,-4,-36,-4,-32,-4,-34,-6,-33,-5,-31,-4,-27,-3,-27,-3,-24,-3,-23,-2,-24,-3,-22,-2,-20,-2,-21,-1,-18,-1,-19,0,-16,3,-16,4,-15,1,-14,4,-14,4,-13,7,-13,6,-14,3,-12,6,-13,6,-14,9,-12,9,-13,9,-13,9,-13,6,-14,10,-14,5,-14,9,-13,10,-14,6,-15,5,-13,6,-16,4,-14,3,-16,3,0,0,0,0,0,0,0,0,0,0,0,0,0,0,0,0,0,0,0,0,0,0,-24,9,-27,7,-27,8,-30,3,-31,1,-34,3,-33,-2,-36,-2,-38,-5,-39,-4,-41,-6,-44,-9,-45,-9,-48,-12,-48,-18,-51,-20,-54,-24,-53,-28,-53,-27,-52,-32,-52,-38,-53,-40,-55,-44,-53,-46,-51,-51,-51,-51,-49,-54,-48,-56,-45,-60,-44,-64,-41,-63,-42,-65,-40,-68,-34,-70,-37,-69,-31,-71,-36,-70,-33,-71,-31,-71,-34,-73,-29,-74,-29,-76,-29,-77,-27,-78,-24,-77,-24,-75,-18,-76,-18,-78,-17,-79,-15,-78,-14,-76,-13,-77,-10,-74,-7,-71,-6,-75,-7,-75,-4,-73,0,0]"
CSI_DATA,164,2a:00:00:00:00:00,-43,11,1,0,1,1,1,0,0,0,1,-96,0,11,2,2416693,0,44,0,384,0,"[0,0,0,0,0,0,0,0,0,0,0,0,8,-7,7,-7,7,-7,6,-6,6,-6,6,-5,6,-5,6,-5,6,-5,5,-5,5,-4,5,-4,4,-4,4,-4,4,-4,4,-4,4,-4,4,-4,3,-4,3,-4,3,-3,3,-3,3,-3,2,-3,2,-3,2,-2,0,0,2,-2,1,-3,1,-3,1,-2,1,-3,1,-3,0,-3,0,-3,0,-3,0,-3,0,-3,0,-3,0,-3,0,-3,0,-3,0,-3,1,-3,0,-3,0,-3,0,-3,1,-3,1,-3,1,-3,1,-3,1,-3,1,-2,0,0,0,0,0,0,0,0,0,0,0,0,0,0,47,-49,45,-43,47,-46,45,-43,42,-39,47,-34,40,-34,42,-35,37,-32,40,-29,37,-29,35,-26,34,-25,31,-26,32,-21,27,-22,29,-25,27,-22,27,-23,28,-18,24,-21,21,-18,21,-20,20,-21,18,-20,15,-18,17,-11,18,-17,14,-17,12,-13,11,-12,11,-12,10,-14,10,-12,4,-11,6,-15,3,-14,4,-13,2,-15,2,-15,1,-13,1,-16,1,-18,2,-18,4,-18,3,-15,3,-16,4,-17,3,-18,4,-15,4,-15,6,-14,6,-14,6,-13,9,-14,7,-14,7,-13,0,0,0,0,0,0,0,0,0,0,0,0,0,0,0,0,0,0,0,0,0,0,6,-24,8,-28,14,-25,15,-27,18,-26,18,-27,20,-23,23,-28,24,-29,26,-26,31,-29,33,-28,37,-27,40,-30,45,-28,44,-24,51,-26,52,-19,55,-26,59,-20,61,-19,66,-16,64,-11,68,-11,71,-8,73,-7,72,-1,78,0,73,3,80,8,69,10,76,13,76,15,74,11,75,14,75,19,71,20,75,22,74,21,77,26,76,28,71,25,75,33,73,30,73,38,73,32,70,35,68,37,68,38,64,40,66,43,61,42,60,46,55,42,59,45,60,48,58,44,0,0]"
CSI_DATA,165,2a:00:00:00:00:00,-43,11,1,0,1,1,1,0,0,0,1,-96,0,11,2,2426405,0,44,0,384,0,"[0,0,0,0,0,0,0,0,0,0,0,0,-7,8,-7,8,-6,8,-6,7,-6,7,-6,7,-6,6,-6,6,-6,6,-5,6,-5,5,-5,5,-5,5,-4,4,-4,4,-4,4,-4,4,-4,4,-3,4,-3,4,-3,3,-3,3,-3,3,-3,3,-2,3,-2,2,0,0,-2,2,-2,2,-1,2,-1,2,-1,2,-1,2,0,2,-1,2,0,2,0,2,0,2,0,2,0,2,0,2,0,2,0,2,0,3,0,2,0,2,-1,2,-1,2,-1,2,-1,2,-1,2,-1,2,-1,2,0,0,0,0,0,0,0,0,0,0,0,0,0,0,67,-15,58,-11,61,-14,59,-13,62,-16,60,-11,53,-7,49,-7,44,-7,50,-6,47,-6,46,-7,43,0,36,-9,38,-6,37,-10,35,-5,32,-9,34,-7,31,-5,31,-10,29,-5,25,-10,19,-5,21,-4,23,-6,19,-7,17,-7,16,-7,18,-5,17,-3,20,-4,12,-6,10,-7,12,-7,4,-7,6,-10,7,-13,4,-12,4,-8,8,-10,7,-13,3,-10,7,-17,11,-14,7,-10,7,-12,7,-12,9,-13,11,-12,9,-9,6,-10,10,-12,7,-9,7,-13,7,-8,8,-11,0,0,0,0,0,0,0,0,0,0,0,0,0,0,0,0,0,0,0,0,0,0,23,-13,26,-10,27,-9,33,-7,30,-4,32,-2,35,2,36,-1,37,1,39,2,42,5,44,5,51,6,49,9,50,10,51,17,56,15,52,18,58,22,57,25,59,34,58,35,56,37,60,33,56,40,59,44,58,46,56,51,52,51,54,57,51,53,49,60,47,60,45,59,46,63,43,67,43,59,52,65,46,59,47,65,44,69,43,66,40,69,40,66,38,70,31,71,34,71,35,73,31,69,28,69,30,68,34,68,26,79,21,71,27,71,22,69,18,67,0,0]"
CSI_DATA,166,2a:00:00:00:00:00,-43,11,1,0,1,1,1,0,0,0,1,-96,0,11,2,2436480,0,44,0,384,0,"[0,0,0,0,0,0,0,0,0,0,0,0,7,6,7,7,6,6,6,7,5,6,5,6,5,5,5,5,4,5,4,5,4,4,4,4,4,4,4,4,4,4,4,3,4,3,3,3,3,3,3,3,3,3,3,3,2,2,3,2,2,2,2,1,0,0,2,1,2,1,2,1,2,0,2,0,2,0,2,0,2,0,2,0,2,-1,2,-1,2,0,2,-1,2,-1,2,-1,3,0,2,-1,2,0,2,0,2,0,2,0,2,0,2,0,2,0,2,0,2,0,0,0,0,0,0,0,0,0,0,0,0,0,0,0,18,63,16,62,20,59,18,57,18,59,17,50,12,57,11,50,13,49,10,45,11,44,10,43,11,40,7,40,8,36,10,35,11,36,10,36,7,32,8,30,13,29,10,26,7,25,7,27,4,23,6,24,7,20,9,20,6,21,10,18,7,17,7,15,6,13,7,10,11,13,7,10,7,8,10,8,9,8,15,9,14,8,14,6,12,4,13,7,11,5,13,8,13,7,13,5,12,8,13,8,14,11,12,9,12,6,12,7,12,9,12,11,9,13,0,0,0,0,0,0,0,0,0,0,0,0,0,0,0,0,0,0,0,0,0,0,13,20,12,20,13,23,9,26,8,29,7,30,6,28,6,35,5,37,4,37,1,42,1,43,2,46,-2,48,-4,50,-8,52,-11,54,-14,55,-13,55,-20,57,-23,58,-26,63,-29,62,-31,62,-35,60,-40,64,-42,61,-43,61,-45,60,-47,58,-51,60,-51,55,-56,53,-59,53,-56,53,-59,51,-59,53,-58,53,-57,50,-62,56,-62,48,-61,52,-61,46,-69,51,-63,45,-61,45,-66,40,-68,42,-71,39,-71,37,-71,36,-72,37,-69,33,-65,34,-68,32,-69,27,-68,28,0,0]"
CSI_DATA,167,2a:00:00:00:00:00,-43,11,1,0,1,1,1,0,0,0,1,-96,0,11,2,2446864,0,44,0,384,0,"[0,0,0,0,0,0,0,0,0,0,0,0,-10,5,-10,5,-9,5,-9,4,-9,4,-8,4,-8,3,-8,3,-8,3,-7,3,-7,3,-7,3,-6,3,-6,2,-6,2,-6,2,-6,2,-6,2,-5,2,-5,2,-4,2,-4,2,-4,1,-4,2,-4,2,-4,1,0,0,-3,1,-3,2,-2,2,-2,1,-2,2,-2,2,-2,2,-2,2,-2,2,-2,2,-2,2,-2,2,-2,2,-2,2,-1,2,-2,2,-2,2,-2,2,-2,2,-2,2,-2,2,-2,2,-2,2,-2,2,-2,1,-2,1,0,0,0,0,0,0,0,0,0,0,0,0,0,0,-54,38,-55,37,-49,37,-53,32,-53,33,-49,27,-45,28,-48,26,-44,26,-43,22,-43,20,-43,21,-40,21,-35,20,-34,17,-34,20,-31,21,-30,17,-29,18,-28,15,-29,14,-28,12,-23,13,-23,15,-22,13,-22,11,-24,11,-18,11,-17,13,-16,10,-15,10,-14,9,-11,15,-8,11,-10,9,-9,13,-8,11,-6,11,-6,13,-5,11,-5,14,-5,13,-7,13,-5,15,-5,15,-6,15,-4,15,-10,14,-5,14,-8,12,-6,16,-7,12,-10,14,-10,12,-9,12,-10,9,-11,11,0,0,0,0,0,0,0,0,0,0,0,0,0,0,0,0,0,0,0,0,0,0,-11,24,-13,23,-17,21,-19,22,-20,24,-21,22,-23,20,-28,23,-32,23,-30,21,-35,20,-38,22,-41,23,-45,23,-48,22,-48,16,-55,17,-57,14,-58,14,-62,10,-64,6,-71,4,-68,1,-69,1,-70,-4,-73,-7,-74,-10,-76,-17,-74,-19,-73,-19,-71,-22,-72,-25,-71,-28,-73,-26,-72,-30,-71,-35,-73,-32,-70,-34,-71,-35,-74,-36,-71,-41,-70,-38,-67,-42,-71,-43,-63,-44,-68,-46,-62,-49,-62,-46,-62,-53,-63,-53,-58,-50,-60,-54,-56,-56,-51,-49,-51,-52,-51,-55,-48,-53,0,0]"
CSI_DATA,168,2a:00:00:00:00:00,-43,11,1,0,1,1,1,0,0,0,1,-96,0,11,2,2466464,0,44,0,384,0,"[0,0,0,0,0,0,0,0,0,0,0,0,9,3,9,3,9,3,8,3,8,3,8,3,7,3,7,2,7,2,6,2,6,2,6,2,6,2,5,2,5,2,5,1,5,1,5,1,4,1,4,1,4,1,3,1,4,1,3,1,3,1,3,0,0,0,3,0,2,0,2,0,2,-1,2,-1,2,-1,2,-1,1,-1,2,-1,2,-2,2,-1,2,-2,2,-2,2,-2,2,-2,2,-2,2,-2,2,-1,2,-1,2,-1,2,-1,2,-1,2,-1,2,-1,2,-1,2,-1,0,0,0,0,0,0,0,0,0,0,0,0,0,0,63,27,56,28,57,26,57,23,55,23,51,23,47,25,46,27,44,24,43,25,42,21,42,18,39,19,34,19,37,19,35,15,32,15,33,13,28,12,31,14,33,11,27,11,26,8,23,10,20,8,21,8,22,9,19,7,18,5,20,6,21,4,17,2,12,1,13,-1,14,0,13,-1,12,-2,13,-5,14,-6,12,-4,15,-3,13,-7,14,-10,13,-9,14,-10,15,-6,17,-7,12,-6,15,-6,17,-7,14,-4,16,-4,15,-5,16,-4,16,-6,16,-2,16,-1,0,0,0,0,0,0,0,0,0,0,0,0,0,0,0,0,0,0,0,0,0,0,23,3,24,6,25,11,27,12,27,14,27,15,27,19,27,21,30,20,29,22,29,28,31,31,32,32,31,38,31,38,31,42,32,44,29,48,31,51,30,52,28,56,25,60,23,62,23,65,18,69,19,73,13,68,11,76,9,73,8,76,7,73,4,77,1,76,1,75,-1,77,-1,76,1,75,-2,78,-7,78,-5,79,-10,76,-5,81,-11,79,-11,79,-10,77,-9,79,-13,77,-13,77,-16,77,-21,74,-18,75,-20,75,-23,74,-22,73,-24,73,-25,69,-22,66,0,0]"
CSI_DATA,169,2a:00:00:00:00:00,-43,11,1,0,1,1,1,0,0,0,1,-96,0,11,2,2477984,0,44,0,384,0,"[0,0,0,0,0,0,0,0,0,0,0,0,9,5,9,5,8,5,8,5,8,5,7,4,7,4,7,4,6,4,6,4,6,4,6,3,5,3,5,3,5,3,5,3,5,2,4,2,4,2,4,2,4,2,4,2,3,2,3,1,3,1,3,1,0,0,3,1,2,1,2,0,3,0,2,0,2,0,2,-1,2,-1,2,-1,2,-1,2,-1,2,-1,2,-1,2,-1,2,-1,3,-1,2,-1,2,-1,2,-1,2,-1,3,-1,2,-1,2,-1,2,0,2,0,2,0,0,0,0,0,0,0,0,0,0,0,0,0,0,0,-14,-63,-15,-65,-10,-58,-13,-56,-9,-60,-9,-51,-13,-55,-7,-54,-4,-51,-6,-42,-10,-46,-4,-41,-5,-44,-8,-40,-2,-34,-1,-36,-8,-37,-7,-36,-4,-34,-4,-31,-7,-30,-7,-28,-6,-26,-6,-28,1,-26,-2,-24,-6,-22,-6,-21,-6,-20,-9,-17,-8,-13,-9,-12,-4,-18,-9,-14,-7,-10,-8,-10,-9,-12,-3,-10,-5,-8,-8,-8,-10,-6,-11,-8,-8,-11,-12,-5,-11,-13,-14,-10,-14,-9,-12,-11,-13,-8,-11,-7,-10,-6,-7,-11,-9,-8,-7,-12,-8,-7,-11,-14,-7,-12,0,0,0,0,0,0,0,0,0,0,0,0,0,0,0,0,0,0,0,0,0,0,-17,-23,-13,-22,-15,-28,-10,-28,-11,-30,-9,-34,-11,-33,-5,-33,-6,-39,-4,-41,0,-42,-1,-46,-1,-50,2,-50,3,-51,7,-58,13,-56,15,-59,12,-56,19,-60,25,-60,27,-67,30,-67,34,-65,38,-62,38,-61,44,-62,45,-61,52,-63,48,-60,53,-57,51,-56,55,-53,56,-54,57,-54,59,-51,61,-53,59,-48,63,-50,61,-50,61,-45,66,-52,65,-42,70,-47,64,-44,68,-39,69,-38,68,-37,71,-36,74,-36,70,-31,67,-29,74,-28,68,-27,72,-29,70,-27,73,-22,0,0]"
CSI_DATA,170,2a:00:00:00:00:00,-43,11,1,0,1,1,1,0,0,0,1,-96,0,11,2,2486403,0,44,0,384,0,"[0,0,0,0,0,0,0,0,0,0,0,0,10,4,9,4,9,4,8,4,8,4,8,4,8,4,7,3,7,3,6,3,6,3,6,2,6,3,5,2,5,2,6,2,5,2,5,2,4,2,4,2,4,2,3,1,4,1,3,1,3,1,3,1,0,0,3,0,2,0,2,0,2,0,2,-1,2,-1,2,-1,2,-1,2,-1,2,-1,2,-1,2,-2,2,-2,2,-2,3,-2,2,-1,2,-2,2,-1,3,-1,2,-1,3,-1,2,-1,2,-1,2,-1,2,-1,2,0,0,0,0,0,0,0,0,0,0,0,0,0,0,0,-35,-59,-31,-56,-32,-60,-25,-50,-31,-55,-22,-49,-24,-53,-23,-47,-22,-48,-20,-43,-19,-39,-16,-40,-18,-40,-16,-40,-18,-34,-19,-33,-14,-33,-15,-31,-14,-34,-18,-27,-14,-28,-13,-28,-15,-24,-14,-24,-13,-25,-15,-22,-15,-18,-11,-20,-8,-18,-11,-12,-12,-10,-14,-11,-10,-12,-8,-13,-13,-9,-9,-9,-9,-8,-10,-8,-12,-6,-14,-4,-15,0,-14,-4,-13,-1,-13,-3,-11,-2,-16,-8,-15,-1,-13,-5,-13,-3,-12,-3,-16,-3,-14,-3,-13,-6,-16,-12,-11,-7,-12,-7,-12,-9,0,0,0,0,0,0,0,0,0,0,0,0,0,0,0,0,0,0,0,0,0,0,-17,-24,-14,-23,-18,-25,-16,-28,-12,-31,-13,-32,-9,-33,-8,-37,-8,-39,-6,-42,-5,-42,-7,-46,-4,-46,-1,-53,1,-51,-3,-56,1,-58,3,-59,11,-64,13,-64,16,-61,19,-65,23,-70,19,-69,29,-65,28,-67,28,-66,35,-66,38,-67,41,-68,42,-68,44,-62,50,-62,49,-60,56,-62,51,-58,48,-62,48,-61,48,-58,51,-62,53,-56,54,-64,54,-57,58,-60,57,-53,60,-52,60,-47,57,-52,61,-49,62,-52,59,-48,55,-47,60,-44,59,-46,64,-46,61,-40,64,-42,0,0]"
CSI_DATA,171,2a:00:00:00:00:00,-43,11,1,0,1,1,1,0,0,0,1,-96,0,11,2,2496413,0,44,0,384,0,"[0,0,0,0,0,0,0,0,0,0,0,0,10,1,10,1,9,1,9,1,8,1,8,1,8,1,7,1,7,1,7,1,7,1,6,1,6,1,5,0,5,0,6,0,5,0,5,0,4,0,4,0,4,0,4,0,4,0,3,0,3,0,3,0,0,0,3,-1,2,-1,2,-1,2,-1,2,-1,1,-2,1,-2,1,-2,1,-2,2,-2,2,-2,1,-2,2,-2,2,-2,2,-2,2,-2,2,-2,2,-2,2,-2,2,-2,2,-2,2,-2,2,-2,2,-2,2,-1,2,-1,0,0,0,0,0,0,0,0,0,0,0,0,0,0,68,1,63,2,64,1,64,2,59,3,56,6,52,5,52,5,49,6,49,6,46,4,46,7,46,5,38,5,38,4,39,3,36,2,34,3,33,1,31,1,33,3,29,0,27,0,26,-1,25,0,21,-3,23,0,19,-3,21,-3,18,1,17,-1,18,0,14,-5,12,-6,13,-5,12,-7,11,-9,11,-12,10,-10,9,-9,9,-9,10,-10,10,-8,9,-14,12,-13,11,-11,10,-11,11,-12,12,-11,13,-10,11,-11,14,-9,13,-11,12,-9,12,-6,14,-7,14,-5,0,0,0,0,0,0,0,0,0,0,0,0,0,0,0,0,0,0,0,0,0,0,25,-7,25,-7,27,-5,28,-3,31,-1,29,0,33,1,35,4,36,6,37,8,38,9,41,9,44,14,45,17,47,21,46,22,51,25,47,30,51,31,50,35,48,39,52,43,47,47,49,48,46,53,48,54,43,58,41,61,41,62,42,62,37,63,36,66,36,69,33,69,31,71,30,69,30,70,31,73,27,70,31,71,26,76,28,73,23,76,24,76,20,77,20,75,19,75,19,76,16,76,13,76,11,74,11,78,8,77,5,72,9,74,8,73,6,72,0,0]"
CSI_DATA,172,2a:00:00:00:00:00,-43,11,1,0,1,1,1,0,0,0,1,-96,0,11,2,2506700,0,44,0,384,0,"[0,0,0,0,0,0,0,0,0,0,0,0,-10,5,-9,5,-9,5,-9,4,-8,4,-8,4,-8,3,-8,3,-7,3,-7,3,-7,3,-7,3,-6,3,-6,3,-6,2,-6,2,-5,2,-5,2,-5,2,-4,2,-4,2,-4,2,-4,2,-4,2,-4,2,-3,1,0,0,-3,1,-3,1,-2,1,-2,1,-2,2,-2,2,-2,2,-1,2,-1,2,-1,2,-1,2,-1,2,-1,2,-1,2,-1,2,-1,2,-2,2,-2,2,-2,2,-2,2,-2,2,-2,2,-2,2,-2,2,-2,1,-2,1,0,0,0,0,0,0,0,0,0,0,0,0,0,0,-53,43,-55,39,-47,41,-50,35,-49,34,-48,30,-47,30,-45,29,-42,27,-43,26,-39,26,-39,24,-37,22,-34,22,-36,19,-33,19,-31,19,-29,19,-29,17,-28,17,-28,17,-25,20,-22,18,-21,18,-21,17,-20,16,-19,14,-17,17,-15,14,-17,11,-14,10,-12,11,-11,13,-9,15,-9,10,-6,14,-7,12,-4,13,-8,15,-3,13,-3,13,-4,14,-5,15,-5,17,-5,15,-4,15,-4,16,-3,16,-5,13,-6,12,-5,16,-4,14,-5,16,-7,13,-8,13,-7,12,-9,11,0,0,0,0,0,0,0,0,0,0,0,0,0,0,0,0,0,0,0,0,0,0,-14,19,-15,21,-17,21,-19,23,-22,21,-24,20,-26,18,-29,21,-31,21,-31,21,-38,20,-37,21,-44,18,-46,18,-49,17,-50,14,-54,13,-57,9,-59,11,-62,8,-62,4,-68,2,-68,-2,-71,-8,-71,-9,-70,-9,-73,-14,-72,-20,-73,-19,-76,-23,-72,-27,-74,-24,-71,-27,-71,-28,-72,-29,-70,-32,-71,-34,-70,-37,-70,-36,-72,-41,-69,-40,-71,-37,-67,-43,-68,-43,-65,-45,-69,-42,-63,-45,-66,-47,-66,-49,-61,-49,-57,-50,-56,-52,-58,-53,-54,-50,-53,-55,-51,-53,-52,-56,0,0]"
CSI_DATA,173,2a:00:00:00:00:00,-43,11,1,0,1,1,1,0,0,0,1,-96,0,11,2,2516413,0,44,0,384,0,"[0,0,0,0,0,0,0,0,0,0,0,0,8,-8,7,-7,7,-7,7,-7,7,-7,7,-6,6,-6,6,-6,6,-5,5,-5,5,-5,5,-5,4,-5,5,-5,4,-4,4,-4,4,-4,4,-4,3,-4,3,-4,3,-4,3,-4,3,-3,2,-3,2,-3,2,-3,0,0,2,-3,1,-3,1,-3,1,-3,1,-3,0,-3,0,-3,0,-3,0,-3,0,-3,0,-3,0,-3,0,-3,0,-4,0,-3,0,-3,0,-4,0,-3,0,-3,0,-3,0,-3,1,-3,1,-3,1,-3,1,-3,1,-3,0,0,0,0,0,0,0,0,0,0,0,0,0,0,51,-43,51,-36,48,-40,49,-36,49,-33,49,-28,45,-32,44,-30,43,-26,43,-23,42,-24,39,-21,36,-21,34,-21,33,-20,32,-19,30,-21,27,-20,26,-19,28,-17,27,-18,25,-16,23,-18,21,-17,23,-16,21,-15,21,-12,16,-15,15,-14,16,-12,14,-9,12,-9,10,-12,8,-12,8,-8,8,-11,7,-13,7,-14,5,-15,3,-14,3,-13,3,-12,5,-17,4,-16,8,-15,2,-14,7,-15,7,-14,8,-13,5,-14,4,-16,6,-14,7,-14,6,-14,10,-13,9,-12,10,-13,0,0,0,0,0,0,0,0,0,0,0,0,0,0,0,0,0,0,0,0,0,0,11,-22,11,-23,15,-23,19,-24,20,-23,20,-23,23,-22,25,-22,27,-25,30,-24,34,-22,35,-22,41,-25,44,-22,46,-18,48,-16,53,-15,57,-14,57,-13,61,-12,63,-9,69,-5,69,-2,70,-2,71,4,72,6,71,11,74,13,73,17,74,18,69,20,73,23,71,24,71,28,71,30,68,32,70,31,69,31,70,33,73,35,69,38,69,38,68,42,69,42,62,42,67,43,63,43,63,47,64,47,58,50,58,49,60,49,53,53,50,50,52,51,49,52,47,53,0,0]"
CSI_DATA,174,2a:00:00:00:00:00,-43,11,1,0,1,1,1,0,0,0,1,-96,0,11,2,2526468,0,44,0,384,0,"[0,0,0,0,0,0,0,0,0,0,0,0,-3,-11,-2,-10,-2,-10,-2,-10,-2,-10,-2,-9,-1,-9,-2,-8,-2,-8,-1,-8,-1,-7,-1,-7,-2,-7,-1,-7,-1,-6,-2,-6,-2,-5,-2,-6,-2,-5,-2,-5,-1,-5,-1,-5,-1,-4,-2,-4,-1,-4,-2,-3,0,0,-2,-3,-2,-3,-2,-3,-2,-2,-2,-2,-2,-2,-2,-2,-2,-2,-2,-2,-3,-2,-3,-2,-3,-2,-2,-2,-3,-2,-3,-2,-3,-2,-3,-2,-3,-2,-3,-2,-3,-2,-3,-2,-2,-2,-2,-2,-2,-2,-2,-2,-2,-3,0,0,0,0,0,0,0,0,0,0,0,0,0,0,-25,-64,-19,-60,-20,-63,-20,-58,-18,-54,-16,-55,-12,-55,-15,-55,-14,-49,-13,-50,-12,-44,-11,-44,-8,-43,-10,-38,-10,-38,-12,-36,-9,-38,-11,-35,-11,-35,-11,-31,-12,-31,-10,-29,-12,-29,-9,-28,-7,-26,-9,-26,-9,-20,-8,-22,-7,-20,-10,-16,-9,-15,-9,-15,-7,-14,-11,-10,-11,-7,-9,-12,-9,-11,-10,-9,-10,-9,-16,-6,-15,-5,-14,-5,-12,-8,-13,-8,-15,-7,-12,-9,-16,-10,-14,-9,-14,-8,-14,-8,-15,-11,-13,-9,-13,-10,-11,-11,-12,-9,-11,-13,-10,-10,0,0,0,0,0,0,0,0,0,0,0,0,0,0,0,0,0,0,0,0,0,0,-14,-20,-15,-21,-14,-25,-13,-27,-13,-27,-12,-32,-10,-34,-8,-34,-8,-37,-7,-38,-4,-43,-2,-44,-3,-46,-2,-48,1,-53,5,-49,4,-59,8,-56,12,-61,14,-60,19,-61,22,-62,25,-60,26,-64,34,-65,31,-66,38,-63,43,-64,43,-57,45,-63,45,-57,53,-62,52,-57,50,-55,56,-57,55,-56,53,-53,55,-57,58,-56,56,-53,62,-53,58,-50,64,-53,62,-50,63,-48,62,-49,65,-45,64,-45,66,-43,66,-40,67,-40,66,-39,70,-34,62,-33,68,-33,70,-33,66,-29,0,0]"
CSI_DATA,175,2a:00:00:00:00:00,-43,11,1,0,1,1,1,0,0,0,1,-96,0,11,2,2536396,0,44,0,384,0,"[0,0,0,0,0,0,0,0,0,0,0,0,3,-10,3,-10,3,-9,3,-9,3,-9,3,-8,3,-8,3,-7,3,-7,2,-7,3,-7,2,-7,2,-6,2,-6,2,-6,2,-6,2,-5,2,-5,1,-5,1,-5,1,-5,1,-5,1,-4,1,-4,1,-4,0,-4,0,0,0,-3,0,-3,0,-3,0,-3,0,-3,-1,-3,-1,-3,-1,-3,-1,-3,-1,-3,-1,-3,-1,-3,-1,-3,-1,-3,-1,-3,-1,-3,-1,-3,-1,-3,-1,-3,-1,-3,-1,-3,-1,-3,-1,-3,0,-3,0,-3,0,-3,0,0,0,0,0,0,0,0,0,0,0,0,0,0,27,-65,27,-58,27,-58,27,-55,29,-51,26,-50,25,-49,26,-50,27,-43,24,-41,24,-38,25,-37,23,-39,23,-33,23,-34,19,-33,19,-33,19,-33,17,-30,16,-27,15,-30,15,-25,13,-28,14,-25,11,-24,11,-25,11,-20,10,-19,11,-21,5,-14,5,-18,6,-17,7,-16,4,-14,3,-15,1,-15,1,-14,0,-14,-1,-13,-3,-12,-4,-13,-4,-16,-2,-15,-2,-17,0,-16,-3,-17,-5,-15,-3,-16,-3,-18,-2,-16,-2,-17,0,-15,0,-15,2,-14,2,-15,0,-13,4,-16,0,0,0,0,0,0,0,0,0,0,0,0,0,0,0,0,0,0,0,0,0,0,-4,-25,0,-27,2,-28,4,-31,7,-28,10,-30,12,-31,13,-33,14,-37,15,-35,18,-38,22,-38,22,-41,28,-41,33,-42,33,-39,38,-44,38,-38,44,-40,48,-38,52,-36,55,-39,56,-35,61,-34,64,-30,66,-29,67,-28,71,-25,69,-22,78,-19,70,-15,74,-14,77,-12,74,-12,77,-7,78,-9,75,-7,79,-6,79,-6,77,-3,81,0,77,-1,83,2,82,4,79,4,75,7,77,13,78,10,79,13,78,14,71,17,77,18,74,21,67,21,71,21,74,24,69,25,0,0]"
CSI_DATA,176,2a:00:00:00:00:00,-43,11,1,0,1,1,1,0,0,0,1,-96,0,11,2,2556407,0,44,0,384,0,"[0,0,0,0,0,0,0,0,0,0,0,0,-8,-7,-8,-7,-8,-7,-7,-7,-7,-7,-7,-6,-7,-6,-6,-6,-6,-5,-6,-5,-6,-5,-6,-5,-5,-5,-5,-5,-5,-4,-5,-4,-5,-4,-5,-4,-4,-4,-4,-3,-4,-3,-4,-3,-4,-3,-3,-3,-3,-3,-3,-2,0,0,-3,-2,-3,-2,-3,-2,-3,-1,-2,-1,-3,-1,-3,-1,-3,0,-3,0,-3,0,-3,0,-3,0,-3,0,-3,0,-3,0,-3,0,-3,0,-3,0,-3,0,-3,-1,-3,-1,-3,-1,-3,-1,-3,-1,-3,-1,-3,-1,0,0,0,0,0,0,0,0,0,0,0,0,0,0,-51,-44,-50,-41,-50,-40,-46,-39,-44,-39,-43,-39,-38,-39,-39,-40,-36,-35,-36,-35,-35,-32,-32,-31,-31,-32,-29,-29,-28,-27,-29,-25,-28,-26,-27,-25,-27,-22,-24,-21,-28,-21,-23,-18,-25,-17,-21,-18,-19,-17,-21,-17,-21,-15,-16,-14,-15,-13,-18,-12,-16,-9,-18,-10,-13,-8,-15,-5,-15,-4,-12,-5,-12,-2,-13,-2,-15,-2,-15,2,-14,-1,-16,0,-15,2,-17,1,-16,0,-15,0,-18,-1,-18,0,-16,0,-15,-1,-18,-3,-17,-3,-16,-1,-14,-3,-15,-3,-15,-5,-14,-6,0,0,0,0,0,0,0,0,0,0,0,0,0,0,0,0,0,0,0,0,0,0,-23,-9,-25,-12,-23,-12,-26,-17,-25,-17,-27,-20,-25,-22,-27,-25,-29,-26,-25,-28,-29,-31,-28,-34,-29,-38,-27,-42,-28,-47,-21,-46,-25,-54,-23,-50,-24,-57,-19,-59,-19,-62,-15,-68,-14,-64,-11,-70,-8,-71,-6,-74,-3,-75,-2,-80,5,-73,7,-76,9,-72,11,-82,13,-75,12,-75,15,-77,16,-78,14,-74,18,-77,20,-76,21,-77,25,-82,22,-73,27,-78,26,-76,32,-74,23,-73,29,-71,28,-72,32,-73,32,-67,35,-69,35,-69,42,-71,34,-59,41,-63,41,-66,42,-58,0,0]"
CSI_DATA,177,2a:00:00:00:00:00,-43,11,1,0,1,1,1,0,0,0,1,-96,0,11,2,2566609,0,44,0,384,0,"[0,0,0,0,0,0,0,0,0,0,0,0,5,8,4,8,4,8,4,8,4,7,3,7,3,7,3,6,3,6,3,6,3,6,3,5,2,5,2,5,2,4,2,4,2,4,2,4,2,4,2,4,2,4,2,3,2,3,2,3,1,3,1,2,0,0,2,2,1,2,1,1,2,1,1,1,1,1,1,1,1,0,2,0,2,0,2,0,2,0,2,0,2,0,2,0,2,0,2,0,2,0,2,0,2,1,2,1,2,1,2,1,2,1,2,1,1,1,0,0,0,0,0,0,0,0,0,0,0,0,0,0,33,56,35,54,32,51,32,50,31,49,29,48,29,50,25,46,23,46,22,39,21,40,23,38,22,37,19,37,19,32,21,31,16,32,18,29,15,28,17,26,18,25,15,26,15,23,13,22,14,23,10,19,14,17,14,16,11,17,14,14,12,14,13,13,12,11,8,8,13,8,9,6,10,5,9,6,11,2,15,5,17,3,14,2,15,2,13,2,13,2,15,3,14,2,16,3,13,2,14,3,17,4,15,5,13,2,14,5,13,5,14,8,10,8,0,0,0,0,0,0,0,0,0,0,0,0,0,0,0,0,0,0,0,0,0,0,18,17,15,21,17,19,15,23,14,26,12,29,15,28,13,31,12,35,13,35,10,40,11,43,7,47,8,46,5,47,4,55,2,53,-2,58,1,59,-6,60,-10,63,-12,63,-16,67,-16,67,-22,68,-22,69,-27,68,-32,68,-32,68,-33,67,-35,64,-38,65,-39,66,-39,65,-42,64,-42,64,-44,64,-46,64,-46,61,-49,64,-48,61,-50,64,-47,60,-52,63,-49,56,-50,62,-55,57,-56,58,-59,55,-60,53,-60,52,-60,54,-58,50,-59,50,-58,48,-59,43,-62,43,0,0]"
CSI_DATA,178,2a:00:00:00:00:00,-43,11,1,0,1,1,1,0,0,0,1,-96,0,11,2,2597182,0,44,0,384,0,"[0,0,0,0,0,0,0,0,0,0,0,0,7,-8,7,-8,7,-7,7,-7,6,-7,7,-6,6,-6,6,-6,6,-5,5,-5,5,-5,5,-5,5,-5,4,-5,4,-5,4,-4,4,-4,3,-4,3,-4,3,-4,3,-4,3,-4,3,-3,2,-3,2,-4,2,-3,0,0,1,-3,1,-3,1,-3,1,-3,0,-3,0,-3,0,-3,0,-3,0,-3,0,-3,0,-3,0,-3,0,-3,0,-3,0,-3,0,-3,0,-3,0,-3,0,-3,0,-3,0,-3,0,-3,0,-3,1,-3,1,-3,1,-3,0,0,0,0,0,0,0,0,0,0,0,0,0,0,46,-51,46,-45,42,-46,43,-44,44,-42,42,-37,39,-38,41,-33,40,-33,36,-32,37,-30,33,-29,31,-27,33,-26,28,-19,29,-24,28,-23,26,-24,23,-24,24,-21,22,-22,22,-20,18,-22,17,-21,19,-20,14,-19,14,-16,17,-18,15,-16,13,-14,11,-11,12,-13,8,-15,9,-13,5,-12,6,-14,4,-12,2,-13,2,-15,1,-13,1,-17,2,-13,2,-16,1,-15,3,-14,2,-17,1,-15,1,-18,2,-15,1,-17,4,-16,3,-16,5,-16,4,-14,7,-15,6,-13,7,-13,0,0,0,0,0,0,0,0,0,0,0,0,0,0,0,0,0,0,0,0,0,0,8,-26,10,-25,13,-26,15,-26,17,-24,17,-23,19,-27,23,-27,27,-28,29,-28,30,-28,35,-27,36,-29,41,-27,42,-25,46,-26,48,-26,52,-23,53,-23,57,-19,60,-20,64,-14,69,-12,68,-10,70,-6,76,-4,74,-1,71,2,75,5,73,6,75,7,76,10,74,13,74,13,76,16,76,20,77,18,74,22,75,24,78,25,73,25,76,28,72,31,76,33,69,32,70,30,69,33,71,33,71,36,70,39,63,42,65,43,61,41,60,43,59,46,59,41,60,43,0,0]"
CSI_DATA,179,2a:00:00:00:00:00,-43,11,1,0,1,1,1,0,0,0,1,-96,0,11,2,2606418,0,44,0,384,0,"[0,0,0,0,0,0,0,0,0,0,0,0,-1,10,-1,10,-1,9,-1,9,-1,8,-1,8,-2,7,-1,7,-2,7,-1,7,-1,6,-1,6,-1,6,-1,6,-1,6,-1,5,-1,5,-1,4,-1,5,-1,4,-1,4,-1,4,-1,3,-1,3,-1,3,0,3,0,0,0,2,0,2,0,2,0,2,0,2,0,2,0,2,1,1,1,1,1,1,1,2,1,2,1,2,1,2,1,2,1,2,1,2,1,2,1,2,1,2,1,2,0,2,1,2,0,2,0,2,0,2,0,0,0,0,0,0,0,0,0,0,0,0,0,0,0,67,-6,67,-2,67,-3,58,-1,59,-3,58,-6,54,-7,55,-6,47,-7,46,-5,46,-2,42,-3,44,-5,41,-4,37,-4,39,-3,38,-5,36,-4,35,-3,32,-1,31,-3,28,0,30,-1,27,-4,24,-1,25,1,21,-2,23,-1,23,3,17,3,15,2,15,-1,15,4,14,5,13,4,15,5,11,7,11,7,12,10,11,8,9,8,12,8,12,10,11,7,11,11,10,11,10,9,11,10,12,9,13,8,14,8,12,7,12,7,11,6,14,6,16,5,13,0,0,0,0,0,0,0,0,0,0,0,0,0,0,0,0,0,0,0,0,0,0,9,23,7,26,5,25,3,30,4,31,-1,31,1,31,-1,32,-3,37,-7,38,-10,40,-13,42,-13,44,-13,44,-15,46,-22,49,-23,52,-30,49,-29,51,-34,52,-37,50,-41,55,-45,52,-46,51,-52,49,-53,50,-56,45,-59,48,-62,46,-64,42,-64,39,-66,40,-68,37,-69,36,-70,34,-70,34,-69,34,-70,32,-73,30,-74,30,-75,29,-76,30,-75,25,-77,28,-73,25,-78,25,-75,22,-77,22,-77,19,-78,16,-78,14,-76,11,-74,10,-73,9,-79,9,-77,5,-74,4,0,0]"
CSI_DATA,180,2a:00:00:00:00:00,-43,11,1,0,1,1,1,0,0,0,1,-96,0,11,2,2616406,0,44,0,384,0,"[0,0,0,0,0,0,0,0,0,0,0,0,-1,10,-1,10,-1,10,-1,9,-1,9,-1,8,-1,8,-1,8,-1,7,-1,7,-1,7,-1,7,-1,6,-1,6,-1,6,0,6,0,5,0,5,-1,5,-1,5,-1,4,-1,4,0,4,0,4,-1,3,0,3,0,0,0,3,0,3,0,2,0,2,0,2,1,2,1,2,1,2,1,2,1,2,2,1,1,1,1,1,1,1,2,2,1,2,2,2,1,2,1,2,1,2,1,2,1,2,1,2,1,2,1,2,0,2,0,0,0,0,0,0,0,0,0,0,0,0,0,0,3,65,-1,61,4,65,2,60,2,59,0,55,-4,54,-4,55,-3,50,-2,48,-1,45,0,44,1,43,-4,40,-1,36,-1,37,-3,37,-3,33,-1,33,0,31,1,33,1,27,-1,29,3,26,-3,26,-1,25,1,23,1,20,-1,21,5,21,2,18,3,16,1,13,2,14,6,13,6,11,7,8,7,10,8,11,10,10,8,10,9,11,9,11,9,12,12,9,8,10,11,14,9,11,9,11,11,13,10,11,9,12,6,11,7,14,5,14,4,14,6,13,0,0,0,0,0,0,0,0,0,0,0,0,0,0,0,0,0,0,0,0,0,0,11,21,8,25,8,25,4,32,3,29,0,32,4,30,1,35,-1,37,-2,38,-11,41,-8,43,-9,44,-16,44,-15,51,-18,49,-23,55,-27,50,-26,54,-29,56,-35,56,-38,57,-40,55,-46,53,-48,50,-50,51,-56,49,-57,50,-59,47,-62,48,-58,40,-65,46,-63,42,-63,42,-65,43,-66,40,-66,39,-70,36,-70,33,-73,32,-74,34,-73,32,-72,30,-77,31,-76,30,-72,32,-72,29,-74,28,-77,25,-78,24,-74,15,-74,18,-77,16,-69,14,-75,10,-76,12,-74,12,0,0]"
CSI_DATA,181,2a:00:00:00:00:00,-43,11,1,0,1,1,1,0,0,0,1,-96,0,11,2,2626433,0,44,0,384,0,"[0,0,0,0,0,0,0,0,0,0,0,0,10,4,9,4,9,4,8,4,8,4,7,4,7,3,7,3,7,3,6,3,6,3,6,3,5,3,5,3,5,2,5,2,5,2,5,2,4,1,4,2,4,2,3,1,4,1,3,1,3,1,3,1,0,0,3,0,2,0,2,0,2,0,2,0,2,-1,2,-1,2,-1,2,-1,2,-1,2,-1,2,-1,2,-2,2,-2,2,-1,2,-1,2,-1,2,-1,2,-1,2,-1,2,-1,2,-1,2,-1,2,-1,2,-1,2,0,0,0,0,0,0,0,0,0,0,0,0,0,0,0,58,27,54,29,55,28,54,30,53,27,53,28,46,31,45,28,42,26,41,25,39,24,38,25,37,20,36,21,35,17,35,20,34,18,28,19,28,15,28,15,31,14,26,14,24,11,24,15,22,12,22,9,21,11,19,7,19,7,17,7,19,4,14,7,15,1,13,-1,13,-1,14,-1,10,-3,10,-4,14,-5,16,-5,13,-4,14,-3,15,-4,13,-5,15,-6,15,-7,13,-4,15,-6,15,-4,15,-5,16,-3,14,-3,14,-3,16,-1,16,-1,14,1,15,1,0,0,0,0,0,0,0,0,0,0,0,0,0,0,0,0,0,0,0,0,0,0,24,5,24,8,26,8,26,12,27,13,26,15,28,18,28,20,30,23,28,23,31,27,32,28,33,33,32,37,33,38,30,42,30,46,29,48,31,49,26,53,26,56,25,63,21,65,20,64,16,68,16,69,15,71,11,75,7,73,7,77,5,74,2,77,-2,76,-4,76,-3,77,-4,78,-7,75,-6,77,-5,77,-8,79,-11,80,-7,77,-11,80,-13,82,-14,76,-17,75,-19,76,-19,78,-22,76,-23,73,-22,72,-23,76,-25,75,-26,67,-28,68,-27,68,-30,66,0,0]"
CSI_DATA,182,2a:00:00:00:00:00,-43,11,1,0,1,1,1,0,0,0,1,-96,0,11,2,2636726,0,44,0,384,0,"[0,0,0,0,0,0,0,0,0,0,0,0,-10,4,-10,4,-9,4,-9,3,-9,3,-9,3,-8,3,-8,2,-8,2,-7,2,-7,2,-7,2,-6,2,-6,2,-6,2,-6,1,-6,1,-5,1,-5,1,-5,2,-5,1,-4,1,-5,1,-4,1,-4,1,-4,1,0,0,-3,1,-3,1,-3,1,-3,1,-2,1,-2,1,-2,1,-2,2,-2,1,-2,2,-2,1,-2,2,-2,2,-2,2,-2,2,-2,2,-2,2,-2,2,-2,2,-2,1,-2,2,-2,1,-3,1,-3,1,-3,1,-3,1,0,0,0,0,0,0,0,0,0,0,0,0,0,0,-56,36,-52,32,-54,35,-56,33,-51,30,-52,27,-46,25,-48,27,-41,21,-47,23,-42,19,-42,19,-42,19,-34,17,-38,17,-34,15,-32,17,-29,16,-30,15,-29,13,-32,14,-28,12,-25,17,-25,14,-22,12,-22,11,-19,10,-20,13,-19,10,-20,11,-16,8,-15,10,-14,12,-12,11,-11,10,-9,13,-9,11,-7,12,-8,13,-5,13,-6,10,-7,13,-7,16,-4,13,-5,16,-5,12,-6,14,-6,14,-8,15,-6,12,-6,12,-5,14,-11,14,-8,13,-11,12,-10,11,-11,11,0,0,0,0,0,0,0,0,0,0,0,0,0,0,0,0,0,0,0,0,0,0,-11,24,-14,22,-13,20,-21,21,-20,21,-26,22,-27,21,-28,21,-30,21,-29,20,-36,22,-39,21,-40,21,-45,20,-51,18,-49,15,-57,16,-56,12,-62,11,-62,8,-63,5,-69,2,-64,-1,-73,-2,-71,-7,-73,-9,-72,-13,-76,-18,-71,-18,-76,-22,-69,-24,-76,-26,-74,-30,-72,-30,-72,-33,-69,-34,-67,-32,-72,-36,-71,-35,-71,-40,-69,-41,-65,-39,-69,-46,-65,-46,-69,-49,-66,-45,-64,-51,-62,-51,-60,-50,-59,-51,-56,-52,-56,-53,-56,-60,-48,-53,-51,-55,-50,-57,-47,-57,0,0]"
CSI_DATA,183,2a:00:00:00:00:00,-43,11,1,0,1,1,1,0,0,0,1,-96,0,11,2,2646411,0,44,0,384,0,"[0,0,0,0,0,0,0,0,0,0,0,0,11,-2,10,-2,10,-2,9,-1,9,-2,8,-1,8,-1,8,-1,8,-1,7,-1,7,-1,7,-1,6,-1,6,-1,5,-1,6,-1,5,-1,5,-1,4,-1,4,-1,4,-1,4,-2,4,-1,3,-1,3,-1,3,-1,0,0,3,-1,2,-2,2,-2,2,-2,1,-2,1,-2,1,-2,1,-2,1,-2,1,-2,1,-3,1,-3,1,-3,1,-3,1,-3,1,-3,1,-3,1,-3,1,-3,1,-2,2,-3,1,-3,2,-2,2,-2,2,-2,2,-2,0,0,0,0,0,0,0,0,0,0,0,0,0,0,64,-22,60,-18,62,-19,59,-16,56,-17,59,-14,49,-12,56,-13,47,-11,51,-11,45,-9,45,-9,43,-9,36,-9,38,-8,36,-10,36,-13,32,-11,32,-8,31,-9,31,-9,29,-7,27,-11,24,-10,23,-9,21,-9,20,-8,20,-9,19,-8,17,-8,17,-8,16,-7,12,-8,11,-11,11,-9,11,-11,9,-13,10,-12,8,-12,5,-13,5,-12,6,-13,7,-17,7,-17,9,-16,5,-16,7,-13,8,-16,10,-12,8,-11,9,-10,7,-11,10,-14,11,-13,9,-15,12,-10,11,-10,0,0,0,0,0,0,0,0,0,0,0,0,0,0,0,0,0,0,0,0,0,0,21,-15,24,-12,23,-10,26,-10,28,-8,32,-9,31,-9,33,-6,38,-7,36,-5,40,-4,43,-1,48,0,48,2,52,6,49,5,57,11,54,14,58,16,59,19,60,23,61,28,61,30,60,34,61,38,61,37,60,42,60,48,56,45,59,50,53,49,57,53,54,54,55,56,54,57,50,58,49,56,49,60,49,61,49,59,50,63,49,61,48,67,45,65,47,69,48,67,41,67,41,68,37,68,34,67,35,66,34,69,33,73,29,66,32,68,30,68,27,66,0,0]"
CSI_DATA,184,2a:00:00:00:00:00,-43,11,1,0,1,1,1,0,0,0,1,-96,0,11,2,2656612,0,44,0,384,0,"[0,0,0,0,0,0,0,0,0,0,0,0,-11,1,-10,0,-10,0,-10,0,-9,0,-9,0,-9,0,-8,0,-8,0,-7,0,-7,0,-7,0,-7,0,-6,0,-6,0,-6,0,-6,0,-6,0,-5,0,-5,0,-5,0,-5,0,-5,0,-4,0,-4,0,-4,0,0,0,-4,0,-3,0,-3,0,-3,0,-2,1,-2,1,-2,1,-2,1,-2,1,-2,1,-2,1,-2,1,-2,2,-2,2,-2,1,-2,1,-2,2,-2,1,-2,1,-2,1,-2,1,-3,1,-2,1,-3,1,-3,1,-3,1,0,0,0,0,0,0,0,0,0,0,0,0,0,0,-68,-5,-63,-6,-63,-7,-60,-7,-58,-4,-59,-7,-55,-7,-52,-8,-49,-7,-50,-8,-48,-8,-45,-8,-45,-9,-42,-5,-39,-5,-42,-2,-36,-2,-35,-1,-36,-4,-34,-4,-33,-4,-32,-3,-28,0,-27,-3,-28,-3,-25,-3,-25,-1,-21,2,-21,1,-21,0,-19,1,-21,2,-15,3,-14,5,-13,1,-12,5,-11,4,-11,7,-12,9,-11,7,-11,8,-11,9,-10,11,-11,13,-13,10,-12,8,-13,9,-13,11,-12,9,-13,10,-12,7,-15,9,-15,8,-13,6,-14,7,-11,6,-14,5,0,0,0,0,0,0,0,0,0,0,0,0,0,0,0,0,0,0,0,0,0,0,-23,6,-25,2,-27,2,-29,-2,-30,-3,-33,-3,-32,-6,-34,-10,-35,-8,-38,-10,-38,-12,-43,-16,-44,-15,-46,-18,-49,-25,-46,-27,-47,-32,-49,-32,-49,-35,-46,-41,-46,-42,-50,-49,-47,-48,-49,-51,-46,-54,-46,-59,-44,-60,-42,-65,-37,-65,-37,-68,-33,-68,-34,-72,-28,-71,-28,-73,-26,-73,-26,-75,-28,-73,-27,-73,-28,-75,-28,-76,-24,-79,-24,-76,-24,-77,-22,-81,-20,-78,-20,-78,-14,-80,-11,-79,-9,-80,-10,-78,-12,-77,-11,-80,-5,-79,-4,-73,-7,-74,-4,-73,0,-72,0,0]"
CSI_DATA,185,2a:00:00:00:00:00,-43,11,1,0,1,1,1,0,0,0,1,-96,0,11,2,2666942,0,44,0,384,0,"[0,0,0,0,0,0,0,0,0,0,0,0,3,-10,3,-9,3,-9,3,-9,3,-8,3,-8,3,-7,3,-7,3,-7,2,-7,2,-6,2,-6,2,-6,2,-6,2,-6,2,-5,1,-5,1,-5,1,-5,1,-5,1,-5,1,-5,1,-4,1,-4,1,-4,0,-4,0,0,0,-3,0,-3,0,-3,0,-3,0,-3,-1,-3,-1,-3,-1,-3,-1,-3,-1,-3,-2,-3,-1,-3,-1,-3,-1,-3,-2,-3,-2,-3,-1,-3,-1,-3,-1,-3,-1,-3,-1,-3,-1,-3,-1,-3,-1,-3,-1,-3,0,-3,0,0,0,0,0,0,0,0,0,0,0,0,0,0,22,-66,21,-65,21,-63,17,-61,20,-57,22,-54,19,-54,18,-51,21,-49,18,-43,20,-43,18,-42,15,-39,16,-42,16,-36,13,-37,14,-38,12,-32,9,-33,9,-31,9,-31,10,-29,8,-30,10,-29,9,-26,7,-28,7,-24,5,-23,5,-24,4,-19,2,-19,0,-17,1,-20,0,-17,-1,-13,0,-14,-3,-14,-5,-15,-3,-14,-9,-14,-7,-16,-7,-14,-7,-16,-7,-14,-8,-13,-7,-16,-8,-14,-6,-14,-7,-17,-6,-15,-7,-16,-5,-16,-7,-16,-3,-16,-4,-17,-3,-16,-2,-15,0,0,0,0,0,0,0,0,0,0,0,0,0,0,0,0,0,0,0,0,0,0,11,-33,3,-48,2,-31,23,-17,-6,-39,20,-32,31,-26,7,-35,2,-31,21,-29,28,-47,24,-34,23,-59,36,-32,50,-24,42,-30,26,-52,64,-27,44,-41,32,-28,57,-49,52,-39,58,-19,73,-29,61,-30,62,-38,67,-23,78,-22,77,-18,74,-19,79,-19,82,-14,79,-11,79,-10,81,-8,79,-8,78,-5,78,-8,80,-6,82,-4,81,-2,81,-5,83,0,82,1,81,3,82,3,79,5,82,5,81,9,79,11,78,11,79,11,77,13,73,14,77,16,76,16,71,17,0,0]"
CSI_DATA,186,2a:00:00:00:00:00,-43,11,1,0,1,1,1,0,0,0,1,-96,0,11,2,2677372,0,44,0,384,0,"[0,0,0,0,0,0,0,0,0,0,0,0,9,-6,9,-6,8,-6,8,-5,8,-5,8,-5,7,-5,7,-4,7,-4,6,-4,6,-4,6,-4,5,-4,5,-4,5,-4,5,-3,5,-3,4,-3,4,-4,4,-3,4,-3,3,-3,3,-3,3,-3,3,-3,3,-3,0,0,2,-2,2,-3,1,-3,1,-2,1,-3,1,-3,1,-3,0,-3,0,-3,0,-3,0,-3,1,-3,0,-3,0,-3,0,-3,0,-3,1,-3,0,-3,1,-3,1,-3,1,-3,1,-3,1,-3,1,-3,1,-3,1,-2,0,0,0,0,0,0,0,0,0,0,0,0,0,0,61,-23,64,-21,60,-21,59,-20,58,-17,53,-11,52,-19,49,-13,49,-14,48,-10,46,-9,44,-8,41,-11,39,-10,39,-7,39,-7,35,-10,33,-9,30,-8,33,-9,29,-11,29,-8,27,-12,25,-8,23,-9,24,-8,23,-5,22,-8,20,-9,17,-6,17,-7,16,-10,15,-12,11,-9,11,-9,11,-10,10,-12,9,-12,7,-13,6,-12,5,-13,7,-11,7,-15,8,-15,8,-15,7,-15,7,-14,9,-17,8,-14,6,-16,8,-15,7,-14,11,-13,12,-12,11,-11,12,-12,12,-7,0,0,0,0,0,0,0,0,0,0,0,0,0,0,0,0,0,0,0,0,0,0,18,-17,20,-13,22,-14,24,-14,28,-13,28,-13,32,-12,32,-11,35,-10,38,-9,39,-6,44,-6,47,-6,49,-3,48,-1,53,2,55,3,58,5,56,8,59,13,61,15,65,19,64,24,64,27,64,34,63,34,63,37,62,40,64,41,61,43,59,47,59,46,58,51,56,50,57,52,56,52,55,57,54,59,53,56,55,57,50,57,53,59,49,62,53,63,47,62,46,62,43,65,45,64,43,66,42,71,37,69,36,66,32,70,32,63,30,66,29,67,29,66,0,0]"
CSI_DATA,187,2a:00:00:00:00:00,-43,11,1,0,1,1,1,0,0,0,1,-96,0,11,2,2686408,0,44,0,384,0,"[0,0,0,0,0,0,0,0,0,0,0,0,-10,-5,-10,-5,-10,-5,-9,-5,-9,-5,-8,-5,-8,-4,-8,-4,-8,-4,-7,-4,-7,-4,-7,-3,-7,-4,-6,-3,-6,-3,-6,-3,-6,-3,-5,-3,-5,-3,-5,-3,-5,-3,-5,-3,-4,-2,-4,-2,-4,-2,-4,-1,0,0,-4,-1,-3,-1,-3,-1,-3,-1,-3,-1,-3,-1,-3,0,-3,0,-3,0,-3,0,-3,0,-3,0,-3,0,-3,0,-3,0,-3,0,-3,0,-3,0,-3,0,-3,0,-3,0,-3,0,-3,0,-3,0,-3,-1,-3,-1,0,0,0,0,0,0,0,0,0,0,0,0,0,0,-52,-47,-46,-46,-46,-46,-43,-44,-42,-43,-38,-40,-36,-42,-38,-43,-33,-39,-32,-34,-31,-32,-30,-34,-31,-32,-25,-31,-28,-28,-27,-28,-26,-29,-22,-29,-23,-27,-25,-23,-25,-23,-22,-23,-19,-20,-19,-21,-18,-18,-19,-19,-17,-15,-17,-16,-16,-14,-17,-13,-15,-11,-17,-10,-13,-9,-15,-7,-14,-6,-12,-4,-13,-5,-15,-2,-12,-1,-16,-2,-17,-2,-16,-2,-18,0,-13,2,-16,0,-20,-2,-19,-1,-17,0,-17,-2,-19,-2,-17,-1,-17,-2,-17,-2,-17,-4,-15,-6,-14,-6,-15,-4,0,0,0,0,0,0,0,0,0,0,0,0,0,0,0,0,0,0,0,0,0,0,-24,-12,-22,-13,-21,-17,-21,-18,-24,-23,-20,-24,-23,-26,-22,-28,-23,-30,-22,-32,-21,-35,-23,-39,-21,-42,-22,-45,-21,-46,-19,-52,-16,-56,-19,-56,-15,-57,-12,-60,-12,-64,-9,-68,-4,-68,-3,-67,3,-71,4,-73,7,-72,9,-76,13,-73,13,-76,15,-75,19,-75,20,-74,22,-75,24,-73,22,-75,25,-73,29,-74,29,-73,30,-74,33,-73,31,-74,33,-70,36,-75,36,-71,33,-67,39,-69,38,-72,42,-68,45,-67,46,-61,43,-66,44,-67,42,-62,47,-60,47,-59,48,-59,0,0]"
CSI_DATA,188,2a:00:00:00:00:00,-43,11,1,0,1,1,1,0,0,0,1,-96,0,11,2,2696404,0,44,0,384,0,"[0,0,0,0,0,0,0,0,0,0,0,0,-10,-5,-9,-5,-10,-5,-9,-5,-9,-5,-8,-5,-8,-4,-7,-4,-7,-4,-7,-4,-7,-4,-6,-4,-6,-4,-6,-4,-5,-3,-6,-3,-6,-3,-5,-3,-5,-3,-5,-2,-4,-3,-4,-2,-4,-2,-4,-2,-4,-2,-4,-2,0,0,-4,-1,-3,-1,-3,-1,-3,-1,-2,-1,-3,0,-3,0,-3,0,-3,0,-3,0,-3,0,-3,0,-3,0,-3,0,-3,0,-3,0,-3,0,-3,0,-3,0,-3,0,-3,0,-3,0,-3,0,-3,0,-3,-1,-3,-1,0,0,0,0,0,0,0,0,0,0,0,0,0,0,-62,-24,-60,-27,-57,-25,-56,-25,-54,-23,-51,-24,-47,-23,-47,-25,-44,-24,-44,-23,-43,-21,-41,-20,-43,-20,-37,-17,-37,-17,-36,-17,-34,-17,-33,-13,-29,-14,-33,-14,-29,-13,-29,-12,-25,-11,-25,-11,-22,-9,-21,-11,-25,-7,-20,-7,-17,-7,-19,-6,-20,-6,-19,-6,-15,-4,-13,-3,-17,-1,-14,-1,-14,3,-11,0,-11,2,-16,3,-16,5,-17,2,-13,7,-17,6,-14,6,-16,6,-17,3,-16,4,-15,4,-19,3,-16,3,-16,2,-18,4,-15,1,-16,1,-13,0,-16,-2,0,0,0,0,0,0,0,0,0,0,0,0,0,0,0,0,0,0,0,0,0,0,-26,0,-27,-2,-28,-5,-27,-8,-28,-9,-30,-11,-32,-12,-33,-13,-34,-16,-35,-16,-37,-22,-37,-24,-40,-28,-41,-30,-40,-34,-37,-37,-39,-40,-39,-41,-42,-44,-38,-47,-38,-52,-38,-60,-39,-58,-34,-61,-31,-65,-31,-69,-25,-72,-26,-74,-21,-74,-21,-75,-19,-73,-17,-75,-13,-78,-13,-76,-13,-77,-10,-80,-9,-77,-9,-79,-9,-77,-7,-79,-2,-80,-5,-79,-2,-82,0,-81,1,-79,3,-80,4,-80,5,-79,7,-79,12,-79,13,-75,11,-80,13,-76,14,-72,19,-73,19,-72,18,-71,0,0]"
CSI_DATA,189,2a:00:00:00:00:00,-43,11,1,0,1,1,1,0,0,0,1,-96,0,11,2,2706421,0,44,0,384,0,"[0,0,0,0,0,0,0,0,0,0,0,0,-11,2,-11,2,-10,2,-10,2,-10,2,-9,1,-9,1,-9,1,-9,1,-8,1,-8,1,-8,1,-7,1,-6,1,-6,1,-7,1,-6,1,-6,1,-5,1,-5,1,-5,1,-4,1,-5,1,-4,1,-4,1,-4,1,0,0,-4,1,-3,1,-2,1,-3,1,-2,1,-2,1,-2,2,-2,2,-2,1,-2,1,-2,2,-2,2,-2,2,-2,2,-2,2,-2,2,-2,2,-2,2,-2,2,-2,2,-2,2,-2,2,-3,2,-2,1,-3,1,-3,1,0,0,0,0,0,0,0,0,0,0,0,0,0,0,-59,26,-60,25,-55,24,-57,25,-55,25,-51,22,-50,20,-49,19,-47,17,-46,17,-45,16,-45,13,-42,14,-39,13,-38,13,-38,15,-32,12,-32,13,-31,15,-31,13,-30,15,-29,11,-24,13,-23,11,-23,10,-22,12,-22,10,-20,12,-19,10,-19,10,-19,8,-14,10,-10,9,-9,9,-11,9,-7,12,-9,11,-6,11,-5,13,-7,11,-7,14,-5,12,-5,13,-5,15,-4,16,-5,14,-4,14,-6,17,-8,13,-4,12,-6,15,-6,13,-6,14,-8,14,-7,12,-8,11,-10,12,0,0,0,0,0,0,0,0,0,0,0,0,0,0,0,0,0,0,0,0,0,0,-20,15,-21,13,-24,14,-27,13,-29,11,-30,10,-31,8,-36,8,-38,7,-41,6,-43,2,-43,4,-45,4,-50,1,-52,-2,-57,-4,-56,-6,-56,-8,-58,-10,-60,-13,-62,-20,-63,-20,-64,-25,-67,-26,-65,-32,-67,-32,-63,-34,-64,-39,-65,-38,-64,-42,-61,-43,-61,-45,-58,-50,-58,-51,-59,-54,-57,-52,-59,-54,-59,-54,-59,-55,-59,-53,-54,-58,-58,-55,-56,-61,-55,-59,-53,-61,-52,-62,-48,-63,-48,-65,-47,-66,-45,-64,-47,-59,-45,-64,-40,-65,-39,-63,-41,-63,-40,-65,-36,-64,0,0]"
CSI_DATA,190,2a:00:00:00:00:00,-43,11,1,0,1,1,1,0,0,0,1,-96,0,11,2,2727080,0,44,0,384,0,"[0,0,0,0,0,0,0,0,0,0,0,0,9,4,8,4,8,4,7,4,8,4,7,4,7,4,6,3,6,3,6,4,6,3,6,3,5,3,5,3,4,2,5,2,4,2,5,2,4,2,4,1,3,2,3,1,4,1,3,1,3,1,3,1,0,0,3,0,2,0,2,0,2,0,2,-1,2,-1,2,-1,2,-1,2,-1,2,-1,2,-1,2,-1,2,-1,2,-1,2,-1,2,-1,2,-1,2,-1,2,-1,2,-1,2,-1,2,-1,2,-1,2,0,2,0,2,0,0,0,0,0,0,0,0,0,0,0,0,0,0,0,58,27,56,28,56,25,55,25,54,27,52,27,48,27,47,27,41,26,41,25,42,23,39,22,39,18,33,19,35,20,33,17,31,17,29,15,27,16,28,15,28,15,27,13,24,10,23,11,23,12,21,8,21,9,19,7,17,7,18,6,18,6,17,5,15,1,13,1,14,2,13,0,13,-3,10,-3,14,-4,16,-2,11,-3,14,-2,14,-5,12,-5,14,-5,14,-6,12,-5,16,-6,16,-3,15,-6,17,-3,14,-3,15,-4,15,-1,15,-2,16,0,13,1,0,0,0,0,0,0,0,0,0,0,0,0,0,0,0,0,0,0,0,0,0,0,24,1,25,3,25,5,28,11,26,11,27,13,27,14,30,16,33,17,31,19,31,25,34,26,37,30,35,35,33,39,33,36,38,42,31,48,34,48,33,51,31,57,29,57,27,60,25,63,24,65,21,72,14,73,14,72,15,71,15,75,8,71,9,79,7,77,3,74,0,79,0,75,2,76,-2,79,-1,79,-2,79,-6,79,-2,80,-7,81,-9,82,-9,80,-10,77,-12,77,-16,79,-18,73,-20,76,-17,77,-21,74,-23,73,-21,70,-24,72,-26,71,-26,67,0,0]"
CSI_DATA,191,2a:00:00:00:00:00,-43,11,1,0,1,1,1,0,0,0,1,-96,0,11,2,2747688,0,44,0,384,0,"[0,0,0,0,0,0,0,0,0,0,0,0,-3,-11,-3,-10,-3,-11,-2,-10,-3,-10,-2,-9,-2,-9,-2,-8,-2,-8,-2,-8,-2,-8,-2,-7,-2,-7,-2,-7,-2,-7,-2,-6,-2,-6,-2,-6,-2,-6,-2,-6,-1,-5,-2,-5,-2,-5,-2,-5,-1,-4,-2,-4,0,0,-2,-3,-2,-3,-2,-3,-2,-3,-2,-3,-2,-2,-2,-2,-2,-2,-3,-2,-3,-2,-3,-2,-3,-2,-3,-2,-3,-2,-3,-2,-3,-2,-3,-2,-3,-2,-3,-2,-3,-2,-3,-3,-2,-2,-2,-3,-2,-2,-2,-3,-2,-3,0,0,0,0,0,0,0,0,0,0,0,0,0,0,-10,-66,-7,-67,-8,-63,-5,-60,-6,-60,-5,-56,-5,-56,-3,-53,-3,-54,-4,-46,0,-47,-1,-44,-2,-46,0,-41,-1,-37,-5,-38,0,-38,-3,-36,-1,-35,-4,-33,-3,-33,-6,-31,-6,-29,-1,-27,-1,-25,-2,-27,-2,-24,-3,-22,-3,-23,-5,-20,-7,-18,-6,-18,-2,-14,-4,-15,-6,-13,-4,-13,-7,-11,-9,-10,-8,-13,-11,-8,-12,-12,-13,-11,-11,-10,-12,-10,-13,-11,-12,-11,-13,-11,-13,-11,-12,-12,-11,-14,-11,-13,-12,-12,-9,-12,-10,-12,-6,-12,-8,-14,-6,-15,0,0,0,0,0,0,0,0,0,0,0,0,0,0,0,0,0,0,0,0,0,0,-14,-22,-13,-23,-12,-26,-8,-28,-7,-32,-6,-30,-4,-34,-4,-37,-3,-38,-2,-39,1,-42,3,-45,1,-47,6,-50,9,-52,11,-52,15,-54,18,-54,20,-57,27,-55,30,-57,32,-61,37,-58,36,-59,42,-59,43,-60,48,-59,54,-56,51,-54,54,-55,55,-49,56,-48,60,-44,60,-46,65,-46,63,-44,63,-44,64,-45,67,-41,68,-44,73,-42,67,-41,68,-40,73,-37,68,-33,70,-35,70,-31,74,-30,76,-27,75,-27,71,-26,72,-25,72,-22,70,-19,73,-25,71,-15,71,-19,0,0]"
CSI_DATA,192,2a:00:00:00:00:00,-43,11,1,0,1,1,1,0,0,0,1,-96,0,11,2,2776411,0,44,0,384,0,"[0,0,0,0,0,0,0,0,0,0,0,0,8,-8,8,-8,7,-7,8,-7,7,-7,7,-6,6,-6,6,-6,6,-5,5,-5,6,-5,5,-5,5,-5,5,-5,5,-5,4,-4,4,-5,4,-4,4,-4,3,-4,3,-4,3,-4,3,-3,3,-3,2,-3,2,-3,0,0,2,-3,1,-3,1,-3,1,-2,1,-3,0,-3,0,-3,0,-3,0,-3,0,-3,0,-3,0,-3,0,-3,0,-4,0,-3,0,-3,0,-3,0,-3,0,-3,0,-3,1,-3,1,-3,1,-3,1,-3,1,-3,1,-3,0,0,0,0,0,0,0,0,0,0,0,0,0,0,46,-47,50,-43,47,-42,43,-40,48,-37,45,-30,45,-35,43,-31,41,-31,37,-26,37,-27,36,-26,35,-24,33,-23,36,-19,32,-21,33,-23,29,-21,27,-21,27,-20,24,-18,23,-16,21,-20,23,-20,20,-15,20,-16,18,-13,17,-16,18,-13,16,-12,11,-12,12,-11,11,-14,9,-11,10,-11,8,-14,5,-15,6,-14,6,-16,4,-14,4,-14,3,-15,4,-16,2,-16,2,-15,4,-14,4,-13,7,-16,4,-16,6,-16,5,-16,6,-14,5,-14,7,-14,8,-15,8,-11,8,-12,0,0,0,0,0,0,0,0,0,0,0,0,0,0,0,0,0,0,0,0,0,0,5,-23,8,-27,10,-27,13,-27,15,-28,17,-27,20,-28,21,-29,25,-27,26,-28,28,-29,32,-29,35,-34,39,-30,42,-30,47,-25,50,-24,54,-25,51,-26,60,-20,61,-19,64,-17,68,-15,71,-12,73,-6,72,-6,72,-1,72,1,75,5,76,8,77,8,76,14,76,17,76,15,76,18,73,21,76,21,77,23,74,23,74,27,73,28,76,31,70,35,75,33,68,37,71,33,69,39,68,39,67,41,68,43,63,43,61,45,60,47,56,48,58,46,56,46,55,46,0,0]"
CSI_DATA,193,2a:00:00:00:00:00,-43,11,1,0,1,1,1,0,0,0,1,-96,0,11,2,2788329,0,44,0,384,0,"[0,0,0,0,0,0,0,0,0,0,0,0,8,6,7,6,7,6,6,7,6,6,6,5,5,5,5,5,5,5,5,5,5,4,5,4,4,4,4,4,4,4,4,4,4,3,3,3,3,3,3,3,3,3,2,3,3,2,3,2,2,2,3,2,0,0,2,1,2,1,2,1,2,0,2,0,1,0,2,0,2,0,2,0,2,0,2,-1,2,-1,2,-1,2,-1,2,0,3,0,2,0,2,0,2,0,2,0,2,0,2,0,2,0,2,0,2,0,2,1,0,0,0,0,0,0,0,0,0,0,0,0,0,0,36,53,37,56,34,52,35,47,37,49,30,47,29,46,24,45,27,43,27,39,26,39,25,37,23,35,21,35,22,32,21,30,18,33,20,30,18,25,21,26,19,23,20,23,17,22,16,19,13,20,12,19,16,17,12,18,11,17,15,14,13,13,14,11,11,9,11,9,12,7,9,4,11,3,12,2,12,1,16,2,15,1,15,3,11,0,12,-1,14,0,16,0,16,2,16,-2,17,1,15,4,14,1,17,2,16,3,14,3,12,4,13,5,12,8,0,0,0,0,0,0,0,0,0,0,0,0,0,0,0,0,0,0,0,0,0,0,17,18,17,18,17,21,16,25,15,27,12,25,13,29,15,34,12,35,12,37,10,40,7,43,8,47,6,50,6,50,2,52,4,55,-1,58,-2,56,-3,60,-8,64,-12,69,-16,68,-20,68,-26,68,-23,68,-30,66,-28,67,-32,65,-35,68,-38,68,-37,65,-40,64,-38,67,-42,67,-41,67,-43,67,-47,63,-48,62,-49,62,-47,62,-50,66,-49,61,-53,62,-49,58,-48,60,-49,58,-50,60,-53,59,-56,56,-56,52,-58,54,-56,51,-55,47,-61,45,-55,44,-56,44,0,0]"
CSI_DATA,194,2a:00:00:00:00:00,-43,11,1,0,1,1,1,0,0,0,1,-96,0,11,2,2796482,0,44,0,384,0,"[0,0,0,0,0,0,0,0,0,0,0,0,-11,-5,-10,-5,-10,-4,-9,-5,-9,-5,-9,-4,-8,-4,-8,-4,-8,-4,-7,-4,-7,-4,-7,-3,-7,-3,-6,-3,-6,-3,-6,-3,-6,-3,-6,-3,-5,-3,-5,-2,-5,-2,-5,-2,-5,-2,-4,-2,-4,-2,-4,-2,0,0,-4,-1,-3,-1,-3,-1,-3,-1,-3,-1,-3,0,-3,0,-3,0,-3,0,-3,0,-3,0,-3,0,-3,0,-3,0,-3,0,-3,0,-3,0,-3,0,-3,0,-3,0,-3,0,-3,0,-3,0,-3,0,-3,-1,-3,-1,0,0,0,0,0,0,0,0,0,0,0,0,0,0,22,63,23,62,20,58,22,55,19,54,17,52,18,56,12,54,9,46,13,41,14,38,16,41,15,38,12,40,7,35,13,33,10,35,7,34,6,31,11,29,14,29,10,31,7,23,10,21,5,22,6,24,11,19,8,22,3,16,12,23,10,16,10,11,8,15,10,11,10,11,3,7,6,6,9,7,7,8,10,4,9,5,11,7,13,1,9,5,12,5,14,6,13,5,10,5,15,2,14,4,14,3,12,7,12,4,11,6,9,5,12,7,11,6,0,0,0,0,0,0,0,0,0,0,0,0,0,0,0,0,0,0,0,0,0,0,13,21,11,25,9,27,12,32,7,31,7,31,6,34,4,35,5,35,3,41,-3,44,0,42,-2,45,-7,51,-6,49,-9,50,-12,57,-18,55,-15,59,-22,59,-26,61,-21,64,-30,63,-35,61,-38,61,-37,62,-46,59,-45,60,-48,60,-48,61,-47,58,-55,59,-53,57,-55,58,-61,58,-59,51,-58,52,-60,54,-62,51,-59,51,-67,50,-60,50,-58,56,-67,50,-67,48,-62,51,-66,47,-62,46,-69,45,-72,41,-71,40,-64,37,-63,38,-60,34,-68,37,-68,33,-63,33,0,0]"
CSI_DATA,195,2a:00:00:00:00:00,-43,11,1,0,1,1,1,0,0,0,1,-96,0,11,2,2806423,0,44,0,384,0,"[0,0,0,0,0,0,0,0,0,0,0,0,-11,-4,-11,-4,-10,-4,-10,-4,-9,-4,-9,-4,-9,-4,-8,-4,-8,-4,-8,-3,-8,-3,-7,-3,-7,-3,-7,-3,-6,-3,-7,-2,-6,-2,-6,-2,-5,-2,-5,-2,-5,-2,-5,-2,-5,-2,-4,-2,-4,-1,-4,-1,0,0,-4,-1,-3,-1,-3,0,-3,0,-3,0,-3,0,-3,0,-3,0,-3,0,-3,1,-3,1,-3,1,-3,1,-3,1,-3,1,-3,1,-3,1,-3,1,-3,1,-3,0,-3,0,-3,0,-3,1,-3,0,-3,0,-3,0,0,0,0,0,0,0,0,0,0,0,0,0,0,0,22,64,18,62,20,61,20,55,20,55,16,55,15,49,12,58,11,43,17,51,10,39,13,36,15,40,9,39,10,37,13,34,8,33,10,35,8,32,13,24,12,27,10,24,7,29,8,29,6,20,8,21,6,19,9,18,7,21,7,14,10,13,6,15,4,14,7,13,5,10,7,8,5,7,9,5,6,7,13,6,8,4,12,7,13,3,7,9,10,5,12,6,17,6,13,4,15,9,14,3,13,6,10,5,11,6,12,7,10,5,12,9,11,10,0,0,0,0,0,0,0,0,0,0,0,0,0,0,0,0,0,0,0,0,0,0,13,21,11,24,8,25,9,33,5,31,7,31,3,32,1,36,0,37,3,35,1,41,-2,46,-4,46,-4,48,-9,55,-9,50,-15,57,-14,52,-20,61,-23,54,-25,59,-27,64,-28,58,-34,61,-37,60,-41,60,-44,60,-46,64,-49,58,-51,60,-51,57,-55,56,-53,53,-55,51,-56,56,-60,54,-51,49,-57,50,-64,50,-61,53,-66,53,-58,48,-68,51,-65,49,-67,51,-65,46,-65,42,-68,45,-67,36,-66,38,-69,38,-69,37,-69,38,-60,28,-69,30,-73,35,-62,26,0,0]"
CSI_DATA,196,2a:00:00:00:00:00,-43,11,1,0,1,1,1,0,0,0,1,-96,0,11,2,2816414,0,44,0,384,0,"[0,0,0,0,0,0,0,0,0,0,0,0,-11,-3,-11,-3,-10,-3,-10,-3,-9,-3,-10,-3,-9,-3,-8,-3,-8,-3,-7,-3,-8,-3,-7,-2,-7,-2,-7,-2,-6,-2,-6,-2,-6,-2,-6,-2,-5,-2,-5,-2,-5,-2,-5,-1,-5,-2,-4,-1,-4,-1,-4,-1,0,0,-4,-1,-3,0,-3,0,-3,0,-3,0,-3,0,-3,0,-3,0,-3,0,-3,0,-3,0,-3,1,-3,1,-3,1,-3,1,-3,1,-3,1,-3,1,-3,0,-3,0,-3,0,-3,0,-3,0,-3,0,-3,0,-3,0,0,0,0,0,0,0,0,0,0,0,0,0,0,0,-62,-20,-61,-23,-59,-19,-61,-20,-58,-20,-53,-22,-50,-19,-47,-21,-43,-22,-42,-21,-42,-20,-40,-22,-42,-16,-37,-18,-34,-19,-38,-17,-34,-13,-31,-14,-32,-13,-33,-13,-33,-13,-30,-12,-26,-9,-24,-8,-24,-9,-24,-8,-24,-9,-22,-6,-19,-9,-22,-7,-20,-4,-17,-6,-17,0,-15,1,-14,-2,-12,2,-15,2,-15,4,-13,5,-13,4,-14,5,-15,3,-15,5,-16,8,-15,8,-16,5,-16,5,-17,6,-13,5,-16,5,-15,1,-17,3,-15,4,-15,3,-17,1,-17,0,-14,-3,0,0,0,0,0,0,0,0,0,0,0,0,0,0,0,0,0,0,0,0,0,0,-26,0,-26,-2,-27,-3,-29,-6,-32,-8,-27,-9,-28,-11,-30,-15,-34,-18,-36,-18,-36,-24,-36,-26,-37,-27,-40,-30,-39,-33,-41,-35,-41,-38,-39,-46,-37,-43,-40,-48,-37,-53,-39,-55,-34,-62,-33,-65,-30,-66,-29,-67,-26,-69,-25,-72,-26,-76,-22,-73,-18,-73,-18,-76,-16,-75,-14,-77,-12,-79,-12,-79,-9,-82,-6,-77,-7,-80,-8,-78,-1,-78,-7,-83,-2,-81,0,-81,-1,-77,-1,-79,3,-79,5,-82,7,-78,8,-82,12,-74,12,-78,15,-73,13,-73,15,-78,16,-72,17,-72,0,0]"
CSI_DATA,197,2a:00:00:00:00:00,-43,11,1,0,1,1,1,0,0,0,1,-96,0,11,2,2828469,0,44,0,384,0,"[0,0,0,0,0,0,0,0,0,0,0,0,-11,2,-10,2,-10,2,-9,1,-9,1,-9,1,-9,1,-8,1,-8,1,-7,1,-8,1,-7,1,-7,1,-6,1,-6,1,-6,1,-6,1,-6,1,-5,1,-5,1,-5,1,-4,1,-5,1,-4,1,-4,0,-4,0,0,0,-3,1,-3,1,-3,1,-3,1,-2,1,-2,1,-2,1,-2,2,-2,1,-2,2,-2,1,-2,2,-2,2,-2,2,-2,2,-2,1,-2,2,-2,2,-2,2,-2,1,-2,1,-2,1,-2,1,-2,1,-3,1,-3,1,0,0,0,0,0,0,0,0,0,0,0,0,0,0,-66,16,-62,12,-62,12,-61,9,-57,7,-56,9,-52,8,-55,6,-48,7,-49,5,-48,4,-46,3,-45,4,-39,4,-41,2,-38,6,-37,4,-34,3,-36,4,-32,4,-35,6,-31,3,-26,8,-25,4,-27,3,-24,4,-25,4,-21,4,-20,5,-20,2,-18,4,-18,4,-16,6,-14,7,-13,5,-9,7,-11,9,-12,10,-12,6,-9,8,-8,9,-9,10,-10,11,-12,12,-10,13,-10,10,-12,13,-10,11,-12,12,-13,8,-13,10,-12,10,-14,10,-13,7,-14,9,-11,5,-15,5,0,0,0,0,0,0,0,0,0,0,0,0,0,0,0,0,0,0,0,0,0,0,-22,17,-22,14,-26,11,-26,11,-29,12,-32,11,-29,8,-34,5,-38,6,-38,2,-40,5,-44,2,-47,1,-51,0,-51,-6,-51,-9,-59,-8,-54,-14,-58,-16,-59,-20,-62,-22,-64,-26,-58,-28,-61,-30,-63,-38,-62,-41,-60,-43,-62,-46,-56,-47,-62,-50,-56,-49,-59,-54,-54,-56,-50,-56,-51,-59,-52,-61,-50,-59,-51,-61,-49,-63,-51,-63,-46,-68,-47,-62,-45,-69,-46,-67,-42,-70,-43,-67,-37,-69,-39,-71,-35,-72,-34,-70,-33,-70,-33,-73,-30,-74,-26,-67,-25,-67,-25,-70,-24,-70,0,0]"
CSI_DATA,198,2a:00:00:00:00:00,-43,11,1,0,1,1,1,0,0,0,1,-96,0,11,2,2836710,0,44,0,384,0,"[0,0,0,0,0,0,0,0,0,0,0,0,-1,-11,-1,-11,-1,-11,-1,-10,-1,-10,0,-9,0,-9,0,-9,0,-8,0,-8,0,-8,0,-7,0,-7,0,-7,-1,-7,-1,-6,-1,-6,-1,-6,-1,-6,-1,-6,-1,-5,-1,-5,-1,-5,-1,-5,-1,-5,-1,-4,0,0,-1,-4,-1,-4,-1,-3,-2,-3,-1,-3,-2,-3,-2,-3,-2,-3,-2,-3,-2,-2,-2,-3,-2,-3,-2,-3,-2,-3,-3,-3,-2,-3,-2,-3,-2,-3,-2,-3,-2,-3,-2,-3,-2,-3,-2,-3,-2,-3,-1,-3,-1,-3,0,0,0,0,0,0,0,0,0,0,0,0,0,0,-41,54,-44,51,-36,47,-44,46,-39,45,-41,42,-36,43,-34,39,-32,37,-37,30,-32,31,-31,29,-29,27,-31,31,-26,28,-22,27,-23,26,-22,27,-20,24,-22,20,-23,22,-25,24,-18,21,-16,18,-13,16,-18,21,-16,17,-13,18,-14,14,-12,13,-10,12,-12,12,-9,11,-8,12,-4,9,-3,11,-4,11,-5,11,0,12,-1,10,-5,11,-1,14,-1,16,-1,14,3,15,-1,11,1,13,0,13,-2,12,-3,13,-4,12,-1,10,-3,14,-2,10,-5,13,-6,9,-6,10,0,0,0,0,0,0,0,0,0,0,0,0,0,0,0,0,0,0,0,0,0,0,-2,21,-4,27,-5,27,-10,27,-12,28,-16,29,-18,32,-19,30,-22,30,-20,31,-25,33,-27,36,-30,35,-35,37,-37,35,-44,34,-48,34,-49,31,-48,35,-58,31,-62,31,-61,26,-63,24,-67,25,-71,20,-71,19,-74,17,-74,11,-78,7,-78,7,-72,2,-77,1,-76,3,-78,-3,-81,-4,-78,-10,-80,-6,-78,-7,-82,-6,-83,-14,-78,-12,-78,-16,-79,-14,-82,-15,-73,-19,-82,-20,-75,-20,-77,-27,-79,-27,-75,-26,-70,-31,-73,-35,-73,-38,-67,-35,-65,-33,-68,-34,-68,-36,0,0]"
CSI_DATA,199,2a:00:00:00:00:00,-43,11,1,0,1,1,1,0,0,0,1,-96,0,11,2,2856420,0,44,0,384,0,"[0,0,0,0,0,0,0,0,0,0,0,0,9,4,9,3,9,4,8,4,8,4,7,3,7,3,7,3,6,3,6,3,6,3,6,2,5,3,5,2,5,2,5,2,5,2,4,2,4,2,4,1,4,2,3,1,4,1,3,1,3,1,3,0,0,0,3,0,2,0,2,0,2,0,2,0,2,-1,2,-1,2,-1,2,-1,2,-1,2,-1,2,-1,2,-1,2,-1,2,-1,2,-1,2,-1,2,-1,2,-1,2,-1,2,-1,2,-1,2,-1,2,-1,2,0,2,0,0,0,0,0,0,0,0,0,0,0,0,0,0,0,58,32,52,31,57,31,53,28,53,28,48,28,46,29,44,29,43,27,41,27,40,24,39,24,34,24,32,23,31,19,32,18,32,21,27,17,27,19,27,15,30,15,28,12,25,13,22,12,23,11,20,13,20,9,20,8,18,9,17,7,17,6,17,5,12,2,13,2,13,1,13,1,12,-2,12,-2,12,-3,13,-3,15,-3,12,-4,13,-4,14,-7,13,-5,13,-4,15,-4,15,-5,14,-5,16,-3,14,-5,16,-4,14,-5,15,-2,17,-1,17,0,14,2,0,0,0,0,0,0,0,0,0,0,0,0,0,0,0,0,0,0,0,0,0,0,24,6,25,6,25,7,27,14,27,14,25,15,28,16,27,23,28,21,27,23,29,28,30,33,32,32,31,37,27,43,29,42,32,47,29,50,29,51,27,56,23,58,23,61,22,65,18,68,17,68,16,73,10,73,8,74,5,74,7,77,2,74,-1,76,-4,77,-5,76,-4,78,-5,76,-5,76,-9,78,-9,78,-10,78,-12,79,-9,78,-14,80,-17,79,-15,76,-15,76,-19,76,-20,79,-22,76,-25,76,-25,71,-24,73,-27,71,-24,68,-31,66,-32,68,-31,67,0,0]"
CSI_DATA,200,2a:00:00:00:00:00,-43,11,1,0,1,1,1,0,0,0,1,-96,0,11,2,2866618,0,44,0,384,0,"[0,0,0,0,0,0,0,0,0,0,0,0,-4,-10,-4,-10,-4,-10,-3,-10,-3,-9,-3,-9,-3,-8,-3,-8,-3,-8,-3,-8,-3,-7,-3,-7,-2,-7,-2,-6,-2,-6,-3,-6,-3,-5,-3,-5,-2,-5,-2,-5,-2,-5,-2,-5,-2,-4,-2,-4,-2,-4,-2,-4,0,0,-2,-3,-2,-3,-2,-3,-2,-2,-2,-2,-2,-2,-2,-2,-2,-2,-3,-2,-3,-2,-3,-2,-3,-2,-3,-2,-3,-2,-3,-2,-3,-2,-3,-2,-3,-2,-3,-2,-3,-2,-3,-2,-3,-2,-3,-2,-2,-2,-2,-2,-2,-2,0,0,0,0,0,0,0,0,0,0,0,0,0,0,-26,-63,-23,-59,-26,-62,-27,-58,-24,-54,-19,-54,-19,-52,-18,-53,-13,-48,-15,-45,-17,-43,-15,-42,-15,-41,-12,-38,-13,-38,-16,-37,-13,-37,-12,-34,-14,-33,-14,-29,-17,-31,-12,-26,-12,-27,-9,-25,-10,-23,-11,-23,-12,-21,-9,-21,-8,-19,-11,-18,-13,-15,-12,-17,-9,-13,-9,-11,-12,-10,-11,-10,-11,-7,-10,-7,-12,-6,-15,-8,-15,-5,-16,-6,-14,-6,-15,-4,-15,-5,-15,-5,-16,-7,-15,-7,-15,-9,-15,-8,-16,-10,-14,-8,-12,-6,-13,-7,-14,-9,-12,-10,-12,-13,0,0,0,0,0,0,0,0,0,0,0,0,0,0,0,0,0,0,0,0,0,0,-15,-20,-16,-22,-14,-22,-11,-28,-11,-28,-11,-31,-11,-30,-9,-34,-7,-37,-6,-37,-5,-43,-4,-43,-4,-45,-1,-48,2,-52,4,-52,4,-58,7,-56,10,-59,12,-60,15,-63,21,-68,24,-62,25,-63,32,-64,30,-64,35,-65,41,-66,39,-58,45,-64,44,-59,48,-63,48,-58,50,-59,50,-57,51,-58,50,-54,53,-56,55,-57,56,-56,60,-58,51,-53,62,-54,58,-51,63,-55,59,-50,60,-49,61,-50,65,-46,63,-41,65,-41,65,-43,66,-40,60,-37,65,-39,66,-36,64,-34,0,0]"
CSI_DATA,201,2a:00:00:00:00:00,-43,11,1,0,1,1,1,0,0,0,1,-96,0,11,2,2887290,0,44,0,384,0,"[0,0,0,0,0,0,0,0,0,0,0,0,6,8,5,8,5,8,5,8,4,7,4,7,4,7,4,6,4,6,3,6,3,5,3,5,3,5,3,5,3,5,3,4,3,4,3,4,2,4,2,3,2,4,2,3,2,3,2,3,2,2,2,2,0,0,2,1,1,2,2,1,2,1,1,1,2,1,2,1,2,0,2,0,2,0,2,0,2,0,2,0,2,0,2,0,3,0,2,0,2,0,2,0,2,0,2,0,2,1,2,0,2,1,2,1,2,1,0,0,0,0,0,0,0,0,0,0,0,0,0,0,36,56,32,53,33,57,32,48,28,47,27,51,23,47,26,50,22,41,24,42,22,39,21,39,22,37,19,36,18,34,18,31,18,33,15,31,18,31,15,26,18,28,14,21,15,25,14,23,13,21,11,21,13,17,12,18,9,18,12,15,12,14,12,11,9,12,11,10,12,7,12,7,11,8,11,5,12,3,13,2,14,3,14,3,12,5,15,1,12,3,11,2,16,5,15,1,16,6,14,5,16,3,16,6,13,5,11,8,12,4,10,8,12,10,0,0,0,0,0,0,0,0,0,0,0,0,0,0,0,0,0,0,0,0,0,0,19,17,19,19,16,17,17,23,14,23,16,27,14,29,14,31,15,33,13,34,11,40,12,42,10,44,8,48,9,52,4,48,7,58,2,54,-1,61,-2,63,-3,62,-11,67,-13,64,-18,67,-21,67,-22,69,-26,66,-29,73,-29,64,-35,71,-33,63,-39,70,-36,67,-41,66,-40,65,-42,67,-41,62,-44,64,-48,64,-48,64,-52,66,-46,59,-53,65,-50,61,-53,63,-51,63,-53,61,-53,57,-58,56,-57,51,-58,49,-59,51,-61,50,-57,43,-61,47,-64,47,-57,43,0,0]"
CSI_DATA,202,2a:00:00:00:00:00,-43,11,1,0,1,1,1,0,0,0,1,-96,0,11,2,2896402,0,44,0,384,0,"[0,0,0,0,0,0,0,0,0,0,0,0,2,-11,2,-10,2,-10,2,-9,2,-9,2,-8,2,-8,2,-8,2,-8,2,-8,2,-7,2,-7,1,-7,1,-6,1,-6,1,-6,1,-6,1,-6,1,-5,1,-5,1,-5,1,-5,1,-4,0,-5,0,-4,0,-4,0,0,0,-3,0,-4,0,-3,-1,-3,-1,-3,-1,-3,-1,-3,-1,-3,-1,-3,-2,-3,-2,-3,-2,-3,-2,-3,-1,-3,-2,-3,-2,-3,-2,-3,-2,-3,-1,-3,-1,-3,-1,-3,-1,-3,-1,-3,-1,-3,-1,-3,-1,-3,0,0,0,0,0,0,0,0,0,0,0,0,0,0,7,-67,9,-65,8,-68,8,-58,8,-59,8,-56,10,-55,11,-56,10,-48,7,-47,8,-44,10,-46,9,-43,9,-39,9,-38,8,-36,5,-38,4,-35,6,-38,5,-31,5,-32,5,-29,1,-33,3,-30,3,-26,3,-26,3,-22,2,-24,3,-23,0,-21,0,-18,-1,-18,0,-16,-1,-16,-3,-13,-2,-13,-6,-16,-5,-13,-7,-12,-10,-12,-6,-12,-9,-14,-9,-13,-7,-14,-9,-13,-10,-13,-11,-14,-9,-16,-10,-13,-10,-14,-11,-14,-9,-16,-8,-16,-7,-15,-5,-15,-3,-15,-3,-15,0,0,0,0,0,0,0,0,0,0,0,0,0,0,0,0,0,0,0,0,0,0,-8,-24,-7,-26,-3,-25,-1,-31,1,-29,2,-32,4,-34,7,-36,7,-37,9,-36,14,-41,13,-42,15,-43,18,-45,24,-45,23,-47,28,-48,32,-46,36,-51,37,-49,44,-50,46,-46,48,-45,53,-49,56,-42,58,-45,59,-41,66,-40,62,-40,69,-37,64,-34,71,-33,73,-33,70,-30,72,-32,71,-27,71,-27,73,-27,75,-25,76,-25,79,-22,74,-23,77,-20,79,-19,78,-16,76,-14,77,-12,76,-9,79,-10,77,-6,78,-6,76,-6,77,-4,73,-2,75,-1,78,0,72,1,0,0]"
CSI_DATA,203,2a:00:00:00:00:00,-43,11,1,0,1,1,1,0,0,0,1,-96,0,11,2,2907050,0,44,0,384,0,"[0,0,0,0,0,0,0,0,0,0,0,0,-11,1,-11,1,-10,1,-10,1,-10,1,-10,0,-9,0,-9,1,-9,0,-8,0,-8,0,-8,0,-7,0,-7,0,-7,0,-7,0,-6,0,-6,0,-6,0,-5,0,-5,0,-5,0,-5,0,-4,0,-4,0,-4,0,0,0,-4,0,-3,1,-3,1,-3,1,-2,1,-3,1,-2,1,-2,1,-2,1,-2,1,-2,1,-2,2,-3,2,-2,2,-2,1,-3,1,-3,2,-3,1,-3,1,-2,1,-3,1,-3,1,-3,1,-3,1,-3,1,-3,0,0,0,0,0,0,0,0,0,0,0,0,0,0,0,-69,-5,-64,-3,-63,0,-62,-6,-63,-4,-59,-8,-53,-7,-53,-6,-52,-5,-48,-6,-47,-7,-45,-3,-45,-7,-40,-3,-39,-4,-40,-5,-37,-3,-36,-3,-35,-3,-33,-5,-33,-2,-30,-3,-28,1,-28,-2,-27,-4,-23,-1,-22,-2,-23,2,-19,-1,-21,0,-19,-3,-17,1,-15,1,-13,4,-15,3,-14,5,-12,7,-12,10,-15,9,-12,7,-15,9,-12,6,-11,8,-12,11,-14,12,-13,10,-12,10,-15,12,-13,7,-12,6,-12,8,-13,6,-14,9,-14,7,-13,7,-15,4,-14,2,0,0,0,0,0,0,0,0,0,0,0,0,0,0,0,0,0,0,0,0,0,0,-24,9,-26,7,-25,6,-31,3,-34,4,-30,0,-34,2,-37,1,-37,-4,-39,-3,-40,-7,-43,-10,-48,-10,-49,-14,-50,-16,-48,-21,-53,-25,-52,-25,-53,-29,-52,-33,-54,-38,-55,-43,-54,-43,-49,-47,-51,-48,-51,-52,-49,-57,-48,-62,-44,-61,-46,-64,-41,-64,-42,-66,-40,-65,-39,-66,-38,-68,-36,-72,-35,-68,-35,-70,-34,-73,-32,-74,-34,-75,-29,-73,-27,-78,-26,-78,-24,-74,-24,-79,-21,-78,-20,-78,-18,-79,-18,-77,-14,-74,-15,-80,-13,-77,-10,-71,-9,-75,-7,-75,-6,-72,0,0]"
CSI_DATA,204,2a:00:00:00:00:00,-43,11,1,0,1,1,1,0,0,0,1,-96,0,11,2,2916914,0,44,0,384,0,"[0,0,0,0,0,0,0,0,0,0,0,0,-9,-7,-9,-7,-8,-7,-8,-7,-8,-7,-8,-6,-7,-6,-7,-6,-7,-5,-6,-6,-6,-5,-6,-5,-6,-5,-5,-5,-5,-5,-5,-4,-5,-4,-5,-4,-5,-4,-4,-4,-4,-4,-4,-3,-4,-3,-4,-3,-3,-3,-4,-2,0,0,-3,-2,-3,-2,-3,-2,-3,-1,-3,-1,-3,-1,-3,-1,-3,-1,-3,0,-3,0,-3,0,-3,0,-3,0,-3,0,-4,0,-3,0,-3,0,-3,-1,-4,0,-3,-1,-3,-1,-3,-1,-3,-1,-3,-1,-3,-1,-3,-1,0,0,0,0,0,0,0,0,0,0,0,0,0,0,16,68,12,61,15,64,14,56,11,55,7,54,9,58,10,54,9,55,8,47,9,42,5,41,8,41,2,46,5,34,3,33,5,40,6,33,2,35,9,28,9,30,6,25,5,29,3,27,3,27,0,23,8,20,3,22,1,22,7,13,8,16,9,12,2,16,3,17,5,11,9,11,5,10,6,11,4,10,9,6,12,6,11,9,9,2,7,7,9,5,12,7,12,10,8,6,11,3,10,7,12,6,10,10,11,10,9,9,5,9,6,11,8,9,0,0,0,0,0,0,0,0,0,0,0,0,0,0,0,0,0,0,0,0,0,0,13,21,13,22,10,26,10,28,6,32,8,31,8,34,4,38,6,38,4,39,3,43,0,45,2,52,-6,48,-2,54,-8,58,-11,62,-13,56,-16,61,-21,63,-24,60,-25,66,-29,67,-34,65,-40,64,-37,62,-44,64,-45,61,-50,60,-52,62,-50,60,-59,54,-58,57,-58,56,-61,58,-61,50,-63,50,-63,52,-61,52,-67,51,-69,47,-66,47,-73,48,-73,46,-69,46,-67,49,-68,42,-68,43,-73,40,-72,38,-75,35,-71,28,-74,23,-66,27,-77,30,-73,26,-74,28,0,0]"
CSI_DATA,205,2a:00:00:00:00:00,-43,11,1,0,1,1,1,0,0,0,1,-96,0,11,2,2926431,0,44,0,384,0,"[0,0,0,0,0,0,0,0,0,0,0,0,-10,4,-10,3,-9,3,-9,3,-9,3,-9,2,-9,2,-8,2,-8,2,-7,2,-7,2,-7,2,-7,2,-6,2,-6,2,-6,2,-6,1,-6,1,-5,2,-5,1,-5,1,-5,1,-5,1,-4,1,-4,1,-4,1,0,0,-3,1,-3,1,-3,1,-3,1,-2,1,-2,2,-2,2,-2,2,-2,1,-2,2,-2,2,-2,2,-2,2,-2,2,-2,2,-2,2,-2,2,-2,2,-2,2,-2,1,-2,2,-2,2,-3,2,-2,2,-2,1,-2,1,0,0,0,0,0,0,0,0,0,0,0,0,0,0,-67,11,-63,8,-62,10,-62,3,-60,8,-57,6,-54,4,-54,4,-48,4,-49,2,-46,0,-46,3,-45,4,-39,5,-40,2,-42,2,-36,5,-35,4,-32,2,-33,4,-34,3,-28,3,-32,7,-27,3,-28,3,-25,5,-24,3,-23,6,-20,4,-20,2,-19,4,-17,4,-14,5,-14,7,-14,6,-12,8,-11,8,-11,10,-9,9,-10,7,-9,12,-10,10,-10,12,-11,13,-10,12,-8,13,-13,10,-10,13,-11,11,-12,8,-10,10,-14,9,-13,9,-12,9,-14,8,-11,8,-13,8,0,0,0,0,0,0,0,0,0,0,0,0,0,0,0,0,0,0,0,0,0,0,-22,12,-24,10,-26,10,-27,10,-28,8,-30,6,-30,4,-34,2,-39,1,-38,3,-42,1,-47,-2,-48,0,-49,-4,-51,-7,-51,-12,-56,-17,-53,-19,-56,-18,-58,-23,-57,-29,-61,-31,-61,-34,-61,-36,-60,-40,-61,-40,-58,-45,-57,-50,-55,-51,-56,-54,-51,-55,-52,-57,-48,-60,-49,-59,-49,-62,-45,-62,-46,-63,-47,-62,-48,-64,-48,-65,-42,-70,-42,-67,-40,-71,-41,-72,-39,-70,-37,-67,-33,-75,-35,-73,-29,-76,-29,-72,-32,-73,-31,-72,-25,-74,-23,-72,-23,-71,-21,-73,-16,-71,0,0]"
CSI_DATA,206,2a:00:00:00:00:00,-43,11,1,0,1,1,1,0,0,0,1,-96,0,11,2,2936428,0,44,0,384,0,"[0,0,0,0,0,0,0,0,0,0,0,0,-7,9,-6,8,-6,9,-6,8,-6,8,-6,6,-6,7,-6,6,-6,6,-5,6,-5,5,-5,5,-5,5,-4,5,-4,5,-4,5,-4,4,-4,4,-3,4,-3,4,-3,4,-3,4,-3,3,-3,3,-3,3,-3,2,0,0,-2,2,-2,2,-1,2,-1,2,-1,2,-1,2,-1,2,0,2,0,2,0,2,0,2,0,2,0,2,0,2,0,2,0,2,0,3,0,2,0,2,0,2,-1,2,-1,3,-1,2,-1,2,-1,2,-1,2,0,0,0,0,0,0,0,0,0,0,0,0,0,0,-13,30,-15,29,-13,27,-13,26,-15,26,-14,25,-15,23,-14,22,-12,23,-12,19,-13,20,-12,18,-11,18,-10,19,-10,15,-10,14,-10,16,-9,15,-8,15,-8,14,-7,14,-7,13,-7,13,-7,12,-5,11,-6,12,-5,9,-5,9,-4,9,-5,8,-4,8,-4,9,-3,8,-2,7,-2,7,-1,6,-1,7,-1,7,0,7,2,5,0,6,1,7,1,8,2,6,1,8,1,7,0,7,0,7,2,8,2,6,2,7,1,6,0,7,-1,7,0,7,-1,6,-1,6,0,0,0,0,0,0,0,0,0,0,0,0,0,0,0,0,0,0,0,0,0,0,0,11,-1,12,-2,14,-3,14,-3,14,-4,15,-5,15,-6,16,-8,16,-8,18,-11,17,-11,19,-12,19,-15,20,-16,20,-18,19,-19,20,-19,20,-22,20,-25,18,-26,19,-30,19,-30,16,-31,15,-33,14,-35,15,-36,12,-37,11,-37,10,-38,10,-38,8,-38,6,-37,5,-38,6,-39,5,-39,5,-39,3,-38,2,-39,1,-41,2,-41,0,-41,-1,-39,-2,-42,-3,-39,-3,-39,-4,-40,-4,-39,-5,-42,-6,-39,-8,-38,-9,-39,-8,-38,-10,-34,-11,-36,-10,-36,-12,-36,-11,0,0]"
CSI_DATA,207,2a:00:00:00:00:00,-43,11,1,0,1,1,1,0,0,0,1,-96,0,11,2,2946431,0,44,0,384,0,"[0,0,0,0,0,0,0,0,0,0,0,0,1,10,1,9,1,9,0,9,0,9,0,8,0,8,0,7,0,7,0,7,0,6,0,6,0,6,0,6,0,5,0,5,0,5,0,5,0,5,0,4,0,4,0,4,0,3,0,4,0,3,0,3,0,0,0,2,0,2,0,2,1,2,1,2,1,2,1,1,1,1,1,1,1,1,2,1,1,1,1,1,1,1,2,1,2,1,1,2,2,1,2,1,1,2,1,2,1,2,1,2,1,2,1,2,1,2,0,0,0,0,0,0,0,0,0,0,0,0,0,0,11,67,9,62,10,64,10,58,7,59,5,55,4,56,1,54,3,48,3,46,3,46,5,44,5,42,3,40,2,40,2,39,3,37,2,35,4,35,3,31,5,30,4,30,3,30,3,27,6,27,2,24,4,22,1,21,3,20,6,20,3,18,6,16,3,15,6,13,11,12,5,13,6,10,8,10,11,7,10,8,11,8,10,9,9,9,10,7,11,9,11,9,14,10,9,9,13,13,12,12,9,11,12,12,10,12,8,11,7,11,7,13,6,13,0,0,0,0,0,0,0,0,0,0,0,0,0,0,0,0,0,0,0,0,0,0,12,20,11,25,10,24,10,27,7,28,6,31,5,30,5,33,2,37,0,38,-3,41,-2,44,-4,45,-6,47,-8,52,-11,50,-14,56,-19,52,-17,58,-25,57,-23,57,-31,61,-33,56,-39,60,-43,56,-44,59,-50,52,-51,58,-52,53,-55,52,-55,50,-58,52,-59,50,-59,50,-60,49,-62,48,-60,47,-65,43,-67,43,-68,43,-71,40,-69,42,-71,40,-71,41,-69,37,-71,40,-71,36,-71,33,-73,33,-73,28,-76,25,-75,25,-77,24,-70,19,-73,17,-73,20,-72,19,0,0]"
CSI_DATA,208,2a:00:00:00:00:00,-43,11,1,0,1,1,1,0,0,0,1,-96,0,11,2,2976382,0,44,0,384,0,"[0,0,0,0,0,0,0,0,0,0,0,0,11,0,10,0,9,0,10,1,9,0,9,0,8,0,8,0,7,0,7,0,7,0,7,0,6,0,6,0,5,0,6,0,5,0,5,0,5,0,4,-1,4,-1,4,-1,4,0,3,-1,3,-1,3,-1,0,0,3,-1,2,-1,2,-1,2,-1,2,-2,2,-2,1,-2,1,-2,2,-2,2,-2,2,-2,1,-3,1,-3,2,-3,2,-2,2,-2,2,-3,2,-2,2,-2,2,-2,2,-2,2,-2,2,-2,2,-2,2,-2,2,-1,0,0,0,0,0,0,0,0,0,0,0,0,0,0,-46,-49,-41,-52,-43,-47,-44,-42,-39,-43,-34,-40,-33,-43,-34,-41,-35,-38,-27,-38,-27,-34,-31,-33,-30,-31,-26,-34,-27,-29,-27,-27,-24,-30,-17,-30,-21,-27,-21,-23,-25,-21,-22,-21,-19,-20,-19,-16,-18,-18,-17,-20,-20,-15,-18,-17,-8,-16,-15,-8,-14,-14,-15,-10,-12,-9,-12,-9,-13,-6,-11,-7,-9,-5,-8,2,-14,-3,-15,1,-14,-1,-14,-3,-14,-1,-13,1,-11,0,-13,0,-15,-3,-15,-3,-12,-4,-12,1,-17,1,-18,-4,-13,-4,-14,-2,-11,-3,-14,-4,-11,-5,0,0,0,0,0,0,0,0,0,0,0,0,0,0,0,0,0,0,0,0,0,0,-23,-17,-19,-16,-23,-20,-24,-23,-19,-23,-23,-29,-20,-26,-17,-29,-21,-31,-21,-34,-22,-40,-17,-40,-16,-46,-19,-50,-18,-51,-15,-51,-16,-56,-11,-56,-8,-59,-7,-61,-6,-64,-4,-70,-4,-69,3,-68,7,-73,10,-72,16,-75,13,-77,17,-73,21,-75,19,-73,28,-76,28,-74,28,-73,27,-73,28,-71,27,-77,32,-74,34,-73,36,-71,36,-73,32,-72,36,-75,39,-75,32,-68,36,-69,38,-67,42,-65,44,-65,46,-63,47,-60,48,-67,44,-58,44,-59,48,-57,51,-60,50,-54,0,0]"
CSI_DATA,209,2a:00:00:00:00:00,-43,11,1,0,1,1,1,0,0,0,1,-96,0,11,2,2986398,0,44,0,384,0,"[0,0,0,0,0,0,0,0,0,0,0,0,9,-7,8,-7,8,-7,8,-6,7,-6,7,-5,7,-5,7,-5,6,-5,6,-5,6,-4,6,-5,5,-4,5,-4,5,-4,5,-4,4,-4,4,-3,4,-4,3,-4,3,-3,3,-3,3,-3,2,-3,2,-3,2,-2,0,0,2,-2,2,-3,1,-3,1,-3,1,-3,1,-3,1,-3,0,-3,0,-3,0,-3,0,-3,0,-3,0,-3,0,-3,0,-3,0,-3,0,-3,0,-3,0,-3,0,-3,1,-3,1,-3,1,-3,1,-3,1,-3,1,-3,0,0,0,0,0,0,0,0,0,0,0,0,0,0,52,-42,47,-42,46,-39,50,-37,46,-36,47,-32,44,-33,43,-32,42,-29,39,-27,38,-27,40,-24,35,-23,33,-25,32,-19,32,-23,30,-24,24,-20,27,-20,27,-18,24,-20,23,-18,21,-19,18,-19,20,-19,19,-17,18,-13,17,-17,15,-15,16,-12,13,-12,11,-11,9,-13,8,-13,5,-12,8,-14,5,-12,4,-18,3,-15,1,-14,1,-14,2,-12,1,-16,1,-17,3,-15,2,-16,2,-16,1,-17,4,-16,3,-16,5,-15,5,-16,2,-15,7,-13,7,-15,7,-12,8,-11,0,0,0,0,0,0,0,0,0,0,0,0,0,0,0,0,0,0,0,0,0,0,9,-22,14,-21,17,-23,18,-23,22,-21,23,-22,25,-22,27,-23,29,-23,30,-22,35,-21,37,-22,40,-24,43,-21,46,-18,49,-18,56,-19,55,-12,60,-13,61,-11,63,-11,65,-8,69,-2,71,2,72,4,73,5,72,10,73,15,72,16,74,18,70,24,72,23,73,24,72,25,73,28,72,31,71,27,70,31,71,32,71,33,71,38,70,37,69,39,70,42,66,41,67,39,64,43,64,43,64,46,63,47,60,46,61,47,57,51,55,47,54,51,53,51,51,50,0,0]"
CSI_DATA,210,2a:00:00:00:00:00,-43,11,1,0,1,1,1,0,0,0,1,-96,0,11,2,3026405,0,44,0,384,0,"[0,0,0,0,0,0,0,0,0,0,0,0,-10,3,-10,3,-10,3,-9,2,-9,2,-9,2,-9,2,-8,1,-8,1,-7,1,-7,1,-7,1,-7,1,-6,1,-6,1,-6,1,-6,1,-6,1,-5,1,-5,1,-5,1,-4,1,-5,1,-4,1,-4,1,-4,1,0,0,-3,1,-3,1,-3,1,-3,1,-2,1,-2,1,-2,2,-2,2,-2,1,-2,2,-2,2,-2,2,-2,2,-2,2,-2,2,-2,2,-2,2,-2,2,-2,2,-2,2,-2,2,-2,2,-2,1,-2,1,-2,1,-2,1,0,0,0,0,0,0,0,0,0,0,0,0,0,0,-62,24,-60,20,-59,20,-60,20,-57,14,-58,12,-52,16,-54,10,-45,11,-50,7,-48,11,-45,11,-42,10,-39,7,-39,5,-39,6,-38,6,-35,5,-36,8,-31,7,-31,10,-28,7,-28,8,-26,9,-26,10,-23,9,-21,4,-20,7,-22,7,-20,4,-19,3,-16,5,-12,8,-13,9,-12,5,-13,10,-11,10,-9,10,-11,11,-8,10,-10,8,-8,10,-9,11,-12,12,-8,15,-8,11,-7,14,-11,14,-12,15,-8,12,-8,11,-12,11,-10,9,-11,9,-14,9,-13,8,-14,6,0,0,0,0,0,0,0,0,0,0,0,0,0,0,0,0,0,0,0,0,0,0,-18,18,-18,16,-19,18,-25,15,-26,14,-27,15,-30,15,-33,15,-35,12,-35,12,-41,8,-44,8,-47,6,-48,2,-52,6,-53,2,-58,0,-57,-5,-59,-6,-64,-6,-64,-11,-66,-10,-67,-21,-64,-27,-65,-30,-68,-30,-64,-35,-67,-35,-64,-38,-66,-41,-62,-44,-63,-47,-64,-44,-62,-43,-64,-49,-61,-49,-57,-53,-57,-56,-55,-57,-55,-57,-55,-59,-56,-56,-56,-59,-54,-61,-52,-64,-56,-59,-50,-61,-50,-64,-46,-63,-43,-66,-36,-67,-37,-70,-39,-68,-34,-66,-32,-68,-36,-68,-33,-67,0,0]"
CSI_DATA,211,2a:00:00:00:00:00,-43,11,1,0,1,1,1,0,0,0,1,-96,0,11,2,3036507,0,44,0,384,0,"[0,0,0,0,0,0,0,0,0,0,0,0,5,9,5,8,5,8,4,8,4,8,4,7,4,7,4,7,3,7,3,6,3,6,3,5,3,6,3,5,3,5,3,5,3,4,3,4,2,4,2,4,2,4,2,3,2,3,2,3,1,2,2,2,0,0,2,2,1,1,1,1,2,1,1,1,1,1,2,0,2,0,2,0,2,0,2,0,2,0,2,0,2,0,2,0,2,0,2,0,2,0,2,0,2,0,2,1,2,1,2,1,2,1,2,1,2,1,0,0,0,0,0,0,0,0,0,0,0,0,0,0,25,62,25,60,26,58,21,55,24,55,20,51,18,50,18,51,15,46,18,42,13,43,17,41,14,41,13,38,13,35,15,36,14,34,13,33,9,31,14,29,14,30,13,26,11,25,10,25,9,22,7,22,11,20,8,19,8,17,10,16,9,16,8,15,8,12,7,11,12,10,10,8,10,6,12,7,10,7,13,7,14,6,14,7,14,2,15,5,14,4,15,7,14,7,13,6,13,11,13,6,14,8,12,7,12,7,10,7,11,9,13,9,9,10,0,0,0,0,0,0,0,0,0,0,0,0,0,0,0,0,0,0,0,0,0,0,19,15,19,17,18,19,16,22,15,26,13,26,14,29,12,32,13,34,12,35,12,38,13,42,11,44,11,48,6,49,3,51,2,56,0,57,0,58,-6,62,-9,62,-13,65,-15,65,-20,68,-21,69,-24,69,-28,69,-31,69,-34,67,-37,67,-39,63,-42,63,-45,63,-45,64,-47,67,-47,63,-48,62,-47,63,-48,62,-50,64,-55,61,-53,59,-56,57,-57,57,-56,55,-57,51,-56,52,-61,55,-61,50,-63,50,-61,47,-61,49,-64,42,-62,42,-63,39,-65,37,-63,37,0,0]"
CSI_DATA,212,2a:00:00:00:00:00,-43,11,1,0,1,1,1,0,0,0,1,-96,0,11,2,3056514,0,44,0,384,0,"[0,0,0,0,0,0,0,0,0,0,0,0,9,-7,8,-7,7,-7,7,-6,7,-6,7,-5,7,-6,6,-5,6,-5,6,-5,6,-5,6,-4,5,-4,5,-4,4,-4,5,-4,4,-4,4,-4,3,-4,3,-4,3,-4,3,-3,3,-3,2,-3,2,-3,2,-3,0,0,2,-3,1,-3,1,-3,1,-2,1,-3,0,-3,0,-3,0,-3,0,-3,0,-3,0,-3,0,-3,0,-3,0,-3,0,-3,0,-3,0,-4,0,-3,0,-3,0,-3,1,-3,1,-3,1,-3,1,-3,1,-3,1,-2,0,0,0,0,0,0,0,0,0,0,0,0,0,0,49,-44,50,-40,48,-45,45,-37,48,-35,46,-34,41,-34,44,-31,39,-29,41,-29,39,-27,36,-27,38,-27,32,-23,33,-18,31,-20,30,-21,28,-21,28,-21,28,-16,28,-18,23,-18,23,-17,20,-16,19,-16,19,-16,18,-13,17,-14,18,-15,16,-10,13,-11,12,-10,10,-13,11,-15,6,-11,6,-13,4,-14,6,-14,4,-15,1,-13,2,-15,3,-14,4,-17,5,-17,4,-18,3,-14,3,-15,6,-17,5,-15,3,-14,4,-16,8,-18,8,-16,7,-13,8,-13,7,-13,9,-12,0,0,0,0,0,0,0,0,0,0,0,0,0,0,0,0,0,0,0,0,0,0,11,-23,11,-25,13,-24,16,-26,19,-23,22,-25,22,-22,24,-25,29,-25,28,-21,33,-24,35,-25,39,-23,42,-25,46,-26,47,-20,53,-22,53,-18,57,-16,60,-13,64,-11,67,-8,66,-7,69,-3,68,2,71,2,74,8,76,9,73,13,74,16,73,15,74,21,74,22,72,23,74,24,73,28,70,27,71,29,71,30,72,31,75,35,69,34,71,39,73,36,69,41,69,39,65,45,66,41,63,48,59,46,58,46,63,49,57,51,53,47,54,51,54,51,52,48,0,0]"
CSI_DATA,213,2a:00:00:00:00:00,-43,11,1,0,1,1,1,0,0,0,1,-96,0,11,2,3067944,0,44,0,384,0,"[0,0,0,0,0,0,0,0,0,0,0,0,10,2,9,2,9,2,9,3,8,3,8,2,7,2,7,2,7,2,6,2,6,1,6,1,6,1,5,1,5,1,5,1,5,1,5,1,4,1,4,1,4,1,4,1,4,0,3,0,3,0,3,0,0,0,3,0,2,-1,2,-1,2,-1,2,-1,2,-1,1,-2,2,-2,2,-2,2,-2,2,-2,2,-2,1,-2,2,-2,2,-2,2,-2,2,-2,2,-2,2,-2,2,-2,2,-2,2,-2,2,-2,2,-1,2,-1,2,-1,0,0,0,0,0,0,0,0,0,0,0,0,0,0,60,25,60,24,56,20,58,21,56,24,52,22,52,22,44,22,47,21,43,20,44,20,41,20,40,18,39,18,37,17,36,15,34,14,31,11,28,11,33,11,29,9,30,12,25,11,26,9,23,10,19,8,23,9,19,6,21,6,20,4,19,3,16,4,16,2,15,1,14,-1,10,1,11,-4,12,-3,14,-4,15,-5,14,-7,12,-5,17,-7,14,-8,16,-8,15,-7,17,-3,14,-6,16,-4,16,-5,14,-2,13,-4,14,-2,14,-3,14,-2,14,-1,11,0,0,0,0,0,0,0,0,0,0,0,0,0,0,0,0,0,0,0,0,0,0,0,25,2,24,0,26,2,28,6,29,8,29,9,30,12,32,13,34,16,34,19,35,20,37,23,40,27,40,29,39,30,40,32,40,37,41,42,39,41,39,47,37,52,37,54,34,62,31,62,28,62,30,67,27,65,23,68,23,75,18,71,15,73,16,76,12,74,12,77,10,76,8,74,9,79,6,80,4,76,5,78,1,75,3,81,1,78,-1,82,-2,75,-3,82,-6,78,-4,78,-8,78,-12,77,-11,76,-11,77,-14,73,-16,72,-16,75,-17,70,-20,71,0,0]"
CSI_DATA,214,2a:00:00:00:00:00,-43,11,1,0,1,1,1,0,0,0,1,-96,0,11,2,3077190,0,44,0,384,0,"[0,0,0,0,0,0,0,0,0,0,0,0,-11,4,-10,4,-10,4,-9,3,-9,3,-9,3,-9,2,-8,2,-8,2,-8,2,-7,2,-7,2,-7,2,-6,2,-6,2,-6,2,-6,2,-6,2,-5,2,-5,2,-5,2,-5,2,-5,1,-4,1,-4,1,-4,1,0,0,-3,1,-3,1,-2,1,-2,1,-2,2,-2,2,-2,2,-2,2,-2,2,-2,2,-2,2,-2,2,-2,2,-1,2,-2,2,-2,2,-2,2,-2,2,-2,2,-2,2,-2,2,-2,2,-2,2,-2,2,-2,2,-2,1,0,0,0,0,0,0,0,0,0,0,0,0,0,0,-53,37,-54,32,-50,32,-48,31,-54,31,-46,26,-49,28,-46,26,-44,22,-42,21,-41,21,-40,21,-41,20,-39,19,-33,19,-35,16,-32,18,-30,17,-30,15,-30,17,-25,13,-27,15,-24,15,-24,15,-22,14,-21,13,-24,12,-19,11,-18,12,-16,10,-16,10,-13,9,-11,11,-10,11,-9,10,-10,13,-8,13,-5,11,-7,11,-4,12,-5,14,-5,15,-6,16,-3,14,-6,14,-6,14,-5,14,-7,14,-5,15,-7,14,-8,12,-7,12,-8,15,-8,13,-10,11,-9,15,-10,9,0,0,0,0,0,0,0,0,0,0,0,0,0,0,0,0,0,0,0,0,0,0,-14,22,-17,19,-18,20,-19,20,-24,22,-25,18,-28,21,-27,18,-31,20,-37,19,-37,19,-41,19,-43,17,-46,15,-50,16,-53,12,-55,12,-59,9,-56,7,-63,5,-63,3,-67,-2,-71,-7,-69,-6,-73,-12,-73,-15,-72,-16,-71,-21,-76,-22,-72,-22,-73,-29,-69,-28,-71,-31,-69,-32,-69,-37,-70,-37,-72,-38,-69,-38,-68,-40,-71,-40,-66,-44,-72,-41,-64,-44,-70,-49,-60,-47,-59,-46,-60,-53,-62,-52,-61,-52,-60,-57,-57,-53,-55,-56,-50,-58,-51,-58,-51,-54,-48,-56,-50,-56,0,0]"
CSI_DATA,215,2a:00:00:00:00:00,-43,11,1,0,1,1,1,0,0,0,1,-96,0,11,2,3086824,0,44,0,384,0,"[0,0,0,0,0,0,0,0,0,0,0,0,11,0,10,0,9,1,9,1,9,1,8,1,8,1,8,1,8,1,7,0,7,1,7,0,6,0,6,0,5,0,6,0,5,0,5,0,5,0,4,0,4,0,4,0,4,0,3,0,3,0,3,0,0,0,3,-1,2,-1,2,-1,2,-1,2,-1,2,-2,2,-2,2,-2,2,-2,2,-2,2,-2,2,-2,2,-2,2,-2,2,-2,2,-2,2,-2,2,-2,2,-2,2,-1,2,-2,2,-2,2,-2,2,-1,2,-1,2,-1,0,0,0,0,0,0,0,0,0,0,0,0,0,0,-40,-51,-35,-50,-41,-52,-37,-47,-38,-48,-38,-43,-30,-42,-27,-42,-29,-38,-27,-43,-27,-35,-28,-36,-26,-36,-21,-35,-23,-29,-29,-30,-16,-28,-15,-24,-17,-26,-20,-24,-22,-22,-18,-22,-18,-17,-15,-21,-12,-23,-10,-20,-13,-18,-10,-17,-8,-18,-14,-13,-15,-11,-11,-13,-8,-8,-14,-9,-16,-8,-9,-9,-8,-5,-11,-3,-15,-4,-11,-4,-14,-3,-15,-2,-10,-6,-13,1,-12,-4,-16,-1,-17,-3,-14,-6,-15,-4,-11,-4,-19,-10,-13,-6,-13,-4,-12,-4,-11,-6,-11,-4,-11,-5,0,0,0,0,0,0,0,0,0,0,0,0,0,0,0,0,0,0,0,0,0,0,-25,-12,-25,-15,-22,-18,-24,-19,-23,-20,-23,-22,-21,-25,-24,-28,-24,-31,-22,-33,-22,-38,-26,-39,-26,-45,-23,-44,-22,-48,-21,-49,-22,-53,-17,-56,-17,-58,-8,-63,-12,-63,-7,-70,-5,-70,-4,-71,1,-74,2,-73,7,-78,11,-78,12,-73,14,-75,17,-74,17,-72,24,-76,24,-75,27,-73,26,-77,27,-76,27,-75,31,-75,31,-76,37,-73,30,-73,35,-76,37,-70,34,-69,38,-75,39,-69,44,-67,48,-68,44,-62,47,-61,40,-68,49,-60,45,-52,46,-63,50,-55,53,-54,0,0]"
CSI_DATA,216,2a:00:00:00:00:00,-43,11,1,0,1,1,1,0,0,0,1,-96,0,11,2,3096561,0,44,0,384,0,"[0,0,0,0,0,0,0,0,0,0,0,0,-9,5,-9,5,-9,5,-9,4,-8,4,-8,4,-8,3,-8,3,-7,3,-7,3,-7,3,-7,3,-6,3,-6,3,-5,3,-6,2,-5,2,-5,2,-5,3,-5,2,-4,2,-4,2,-4,2,-4,2,-3,2,-3,1,0,0,-3,1,-2,2,-2,2,-2,1,-2,2,-1,2,-1,2,-1,2,-1,2,-1,2,-1,2,-1,2,-1,2,-1,2,-1,2,-1,2,-2,2,-2,2,-2,2,-2,2,-2,2,-2,2,-2,2,-2,2,-2,2,-2,1,0,0,0,0,0,0,0,0,0,0,0,0,0,0,-51,44,-51,38,-48,37,-51,37,-47,33,-46,31,-46,34,-44,30,-43,28,-41,26,-38,25,-37,24,-37,22,-35,23,-35,19,-34,21,-31,21,-29,22,-27,18,-26,18,-29,20,-25,14,-22,19,-22,15,-20,13,-19,15,-21,12,-16,15,-15,14,-16,11,-16,9,-12,12,-11,13,-11,12,-7,11,-7,12,-4,14,-5,14,-6,15,-4,12,-7,13,-4,14,-4,16,-3,14,-3,17,-3,14,-3,13,-5,18,-7,14,-3,14,-6,14,-5,14,-7,17,-5,15,-8,13,-8,14,-9,10,0,0,0,0,0,0,0,0,0,0,0,0,0,0,0,0,0,0,0,0,0,0,-11,20,-16,21,-17,22,-20,23,-22,22,-24,21,-25,20,-28,20,-31,20,-33,19,-38,20,-41,21,-44,19,-46,19,-48,18,-51,16,-54,17,-58,15,-58,10,-60,8,-63,5,-67,5,-70,-2,-70,-5,-73,-8,-74,-9,-73,-13,-73,-15,-72,-17,-76,-17,-74,-24,-75,-23,-73,-26,-73,-27,-74,-30,-73,-31,-71,-32,-71,-31,-71,-35,-72,-36,-70,-37,-72,-37,-71,-40,-72,-41,-66,-43,-71,-44,-65,-46,-66,-43,-64,-45,-61,-50,-61,-49,-60,-50,-56,-50,-55,-50,-56,-51,-54,-51,-53,-50,0,0]"
CSI_DATA,217,2a:00:00:00:00:00,-43,11,1,0,1,1,1,0,0,0,1,-96,0,11,2,3106425,0,44,0,384,0,"[0,0,0,0,0,0,0,0,0,0,0,0,-10,-4,-10,-4,-9,-4,-9,-5,-9,-4,-9,-4,-8,-4,-8,-4,-8,-4,-7,-3,-7,-3,-7,-3,-7,-3,-6,-3,-6,-3,-6,-2,-6,-2,-5,-2,-5,-2,-5,-2,-5,-2,-4,-2,-5,-2,-4,-2,-4,-2,-4,-1,0,0,-4,-1,-3,-1,-3,-1,-3,-1,-3,0,-3,0,-3,0,-3,0,-3,0,-3,0,-3,0,-3,1,-3,1,-3,1,-3,1,-3,1,-3,1,-3,0,-3,0,-3,0,-3,0,-3,0,-3,0,-3,0,-3,0,-3,-1,0,0,0,0,0,0,0,0,0,0,0,0,0,0,-46,-52,-44,-45,-44,-46,-42,-46,-42,-42,-43,-47,-35,-43,-35,-42,-29,-39,-34,-37,-30,-36,-29,-33,-31,-33,-23,-28,-25,-30,-28,-30,-22,-28,-25,-25,-22,-27,-24,-22,-27,-23,-21,-20,-23,-19,-18,-20,-18,-19,-19,-17,-18,-14,-16,-14,-18,-16,-19,-14,-15,-11,-19,-12,-13,-8,-13,-7,-14,-8,-11,-4,-14,-1,-12,-4,-16,-1,-16,-1,-15,-1,-16,-1,-15,2,-18,2,-17,-1,-18,-1,-14,-3,-16,0,-15,-2,-19,-2,-16,0,-16,-3,-16,-2,-16,-4,-14,-3,-15,-6,-17,-7,0,0,0,0,0,0,0,0,0,0,0,0,0,0,0,0,0,0,0,0,0,0,-21,-11,-23,-16,-19,-19,-22,-23,-18,-23,-21,-24,-19,-27,-19,-27,-20,-33,-20,-31,-18,-36,-21,-41,-22,-45,-19,-46,-19,-52,-15,-47,-14,-58,-11,-54,-16,-60,-7,-63,-6,-62,-2,-71,-1,-65,1,-70,6,-72,6,-75,12,-73,15,-78,13,-72,20,-78,19,-69,24,-77,25,-74,28,-73,29,-73,28,-73,27,-69,31,-70,31,-71,32,-75,38,-74,33,-66,37,-73,36,-71,38,-70,41,-68,40,-67,42,-70,42,-67,44,-60,44,-61,43,-65,50,-65,44,-56,44,-59,50,-59,48,-55,0,0]"
CSI_DATA,218,2a:00:00:00:00:00,-43,11,1,0,1,1,1,0,0,0,1,-96,0,11,2,3116489,0,44,0,384,0,"[0,0,0,0,0,0,0,0,0,0,0,0,-8,7,-8,6,-8,6,-8,6,-7,6,-7,5,-7,5,-7,4,-7,4,-6,4,-6,4,-6,4,-5,4,-5,4,-5,3,-5,3,-5,3,-5,3,-4,3,-4,3,-4,3,-4,3,-4,2,-3,2,-3,2,-3,2,0,0,-3,2,-2,2,-2,2,-2,1,-2,2,-1,2,-1,2,-1,2,-1,2,-1,2,-1,2,-1,2,-1,2,-1,2,-1,2,-1,2,-1,2,-1,2,-1,2,-1,2,-1,2,-2,2,-2,2,-2,2,-2,2,-2,1,0,0,0,0,0,0,0,0,0,0,0,0,0,0,-37,57,-38,49,-35,53,-37,49,-39,47,-37,40,-36,41,-33,40,-33,38,-34,33,-31,33,-28,34,-30,32,-27,30,-31,26,-29,25,-24,25,-24,27,-22,25,-22,20,-22,24,-21,21,-19,24,-17,21,-16,18,-14,20,-16,16,-15,18,-13,16,-11,13,-10,13,-11,13,-9,13,-5,16,-6,10,-6,12,-2,13,-3,14,-1,14,-1,12,0,14,-1,14,-3,16,-2,15,-1,15,1,14,0,14,-4,17,0,17,-1,14,0,16,-1,14,-3,16,-3,15,-5,16,-3,12,-6,14,0,0,0,0,0,0,0,0,0,0,0,0,0,0,0,0,0,0,0,0,0,0,-4,25,-5,25,-8,25,-10,28,-11,28,-15,28,-13,30,-19,30,-21,29,-23,29,-28,30,-30,31,-32,33,-37,32,-39,34,-42,31,-48,31,-49,29,-52,30,-54,29,-58,29,-61,27,-63,21,-67,17,-68,15,-71,12,-74,8,-75,7,-76,5,-80,5,-75,1,-77,-3,-77,1,-78,2,-78,-2,-80,-7,-76,-9,-78,-12,-76,-14,-80,-14,-78,-15,-77,-18,-80,-18,-81,-19,-77,-20,-80,-20,-78,-22,-76,-21,-78,-27,-72,-28,-73,-34,-71,-36,-71,-37,-65,-34,-63,-40,-64,-36,-62,-35,0,0]"
CSI_DATA,219,2a:00:00:00:00:00,-43,11,1,0,1,1,1,0,0,0,1,-96,0,11,2,3127273,0,44,0,384,0,"[0,0,0,0,0,0,0,0,0,0,0,0,2,-11,2,-10,1,-10,2,-10,2,-10,2,-9,2,-9,2,-8,2,-8,1,-8,1,-7,1,-7,1,-7,1,-7,1,-7,1,-7,1,-6,1,-6,0,-6,0,-6,0,-5,0,-5,0,-5,0,-5,0,-4,0,-4,0,0,0,-4,-1,-4,0,-3,-1,-3,-1,-3,-1,-3,-1,-3,-1,-3,-2,-3,-2,-3,-2,-3,-2,-3,-2,-3,-2,-3,-2,-3,-2,-3,-2,-3,-2,-3,-2,-3,-2,-3,-2,-3,-1,-3,-1,-3,-1,-3,-1,-3,-1,-3,0,0,0,0,0,0,0,0,0,0,0,0,0,0,12,-67,16,-63,13,-62,12,-59,12,-58,15,-53,14,-54,15,-53,15,-50,13,-45,11,-43,12,-45,10,-43,9,-43,12,-36,8,-38,10,-36,8,-34,9,-33,8,-32,5,-31,6,-27,4,-29,6,-29,6,-26,6,-26,2,-22,4,-25,3,-23,0,-17,0,-18,-2,-17,-1,-16,-2,-14,-2,-14,-1,-13,-3,-15,-4,-13,-4,-13,-9,-10,-8,-15,-9,-12,-6,-15,-7,-14,-7,-13,-10,-14,-10,-15,-7,-14,-10,-15,-6,-16,-9,-15,-6,-16,-5,-16,-7,-17,-3,-15,-5,-15,-4,-16,0,0,0,0,0,0,0,0,0,0,0,0,0,0,0,0,0,0,0,0,0,0,-7,-25,-2,-26,0,-27,1,-31,3,-30,8,-31,8,-30,8,-34,10,-38,12,-37,14,-39,16,-42,20,-45,23,-44,26,-44,28,-44,32,-48,35,-45,38,-48,41,-43,44,-46,50,-45,53,-43,56,-40,59,-40,63,-39,64,-35,67,-35,69,-34,69,-32,68,-29,70,-26,69,-26,71,-26,75,-25,75,-21,74,-20,78,-19,77,-16,77,-16,80,-15,78,-17,78,-13,82,-12,75,-11,79,-9,79,-5,77,-6,80,-5,79,1,78,2,80,0,74,2,71,2,73,6,75,6,73,5,0,0]"
CSI_DATA,220,2a:00:00:00:00:00,-43,11,1,0,1,1,1,0,0,0,1,-96,0,11,2,3136393,0,44,0,384,0,"[0,0,0,0,0,0,0,0,0,0,0,0,-8,7,-8,6,-7,6,-8,6,-7,5,-7,5,-7,5,-7,4,-7,4,-6,4,-6,4,-6,4,-5,4,-5,4,-5,3,-5,3,-5,3,-4,3,-4,3,-4,3,-4,3,-4,3,-4,2,-3,2,-3,2,-3,2,0,0,-3,2,-2,2,-2,2,-2,1,-1,2,-1,2,-1,2,-1,2,-1,2,-1,2,-1,2,-1,2,-1,2,-1,2,-1,2,-1,2,-1,2,-1,2,-1,2,-1,2,-2,2,-2,2,-2,2,-2,2,-2,2,-2,2,0,0,0,0,0,0,0,0,0,0,0,0,0,0,-52,40,-51,42,-49,41,-52,36,-46,34,-47,33,-42,31,-46,29,-44,27,-41,27,-41,25,-37,23,-38,21,-37,24,-34,19,-32,20,-29,21,-28,21,-25,20,-28,16,-25,17,-25,15,-23,19,-22,15,-20,17,-18,16,-19,12,-17,14,-16,13,-16,12,-12,11,-13,11,-11,12,-10,12,-9,11,-7,11,-5,14,-4,13,-6,14,-4,13,-4,14,-2,14,-2,14,-6,14,-7,14,-5,16,-2,16,-4,15,-6,16,-6,15,-6,15,-6,15,-5,15,-8,15,-8,14,-8,13,-9,12,0,0,0,0,0,0,0,0,0,0,0,0,0,0,0,0,0,0,0,0,0,0,-11,22,-15,22,-16,21,-20,21,-21,22,-24,21,-25,21,-27,23,-31,22,-31,23,-35,23,-39,22,-42,22,-45,20,-45,18,-51,17,-53,14,-59,14,-60,14,-61,10,-61,8,-67,4,-69,0,-72,0,-72,-4,-74,-7,-73,-12,-75,-13,-73,-17,-75,-18,-71,-20,-73,-24,-74,-24,-76,-29,-75,-28,-72,-30,-71,-32,-73,-31,-72,-33,-73,-35,-70,-36,-69,-36,-71,-42,-72,-41,-67,-42,-67,-41,-65,-44,-68,-45,-64,-48,-65,-51,-62,-47,-59,-49,-59,-52,-53,-51,-58,-53,-56,-54,-55,-54,0,0]"
CSI_DATA,221,2a:00:00:00:00:00,-43,11,1,0,1,1,1,0,0,0,1,-96,0,11,2,3146398,0,44,0,384,0,"[0,0,0,0,0,0,0,0,0,0,0,0,-4,10,-4,9,-4,9,-4,9,-4,8,-4,8,-4,7,-4,7,-4,7,-3,6,-4,6,-3,6,-3,6,-3,6,-3,5,-3,5,-3,5,-2,4,-2,5,-2,4,-2,4,-2,4,-2,3,-2,3,-2,3,-1,3,0,0,-1,2,-1,3,-1,2,0,2,-1,2,0,2,0,2,0,2,0,2,0,2,1,2,0,2,0,2,0,2,0,2,1,2,0,2,0,2,0,2,0,2,0,2,0,2,0,2,-1,2,-1,2,-1,2,0,0,0,0,0,0,0,0,0,0,0,0,0,0,-27,62,-28,59,-28,59,-30,53,-28,51,-25,49,-28,49,-28,46,-27,42,-27,40,-22,40,-20,37,-20,40,-25,36,-21,34,-18,33,-19,32,-18,29,-17,29,-15,28,-16,27,-15,24,-14,26,-15,24,-12,22,-14,20,-12,21,-12,21,-11,20,-7,16,-6,15,-7,13,-8,15,-5,14,-1,15,-3,13,0,14,0,14,2,12,5,14,4,13,3,14,2,17,4,15,3,14,4,16,2,17,3,14,3,17,2,15,4,14,1,14,1,16,-1,16,-3,13,-1,15,-3,13,0,0,0,0,0,0,0,0,0,0,0,0,0,0,0,0,0,0,0,0,0,0,-2,23,-2,25,-4,27,-7,28,-8,29,-14,29,-12,29,-14,31,-17,33,-21,34,-22,33,-25,35,-29,37,-31,36,-34,38,-37,38,-40,39,-47,37,-48,36,-51,37,-53,35,-57,35,-59,31,-64,28,-67,23,-68,25,-70,20,-70,20,-73,18,-75,16,-75,13,-78,10,-78,10,-76,9,-80,8,-78,5,-79,6,-77,1,-78,-1,-82,0,-81,-1,-80,-4,-78,-5,-86,-8,-78,-7,-79,-9,-80,-10,-80,-11,-79,-14,-76,-14,-77,-21,-75,-22,-71,-20,-71,-20,-71,-24,-74,-24,-71,-25,0,0]"
CSI_DATA,222,2a:00:00:00:00:00,-43,11,1,0,1,1,1,0,0,0,1,-96,0,11,2,3157351,0,44,0,384,0,"[0,0,0,0,0,0,0,0,0,0,0,0,-8,8,-7,7,-7,8,-7,7,-7,7,-7,6,-7,6,-6,6,-6,5,-6,5,-6,5,-6,5,-5,4,-5,4,-4,4,-5,4,-4,4,-4,4,-4,4,-4,3,-3,3,-3,3,-3,3,-3,3,-3,3,-3,2,0,0,-2,2,-2,2,-2,2,-1,2,-1,2,-1,2,-1,2,-1,2,-1,2,0,2,-1,2,-1,3,-1,2,-1,2,0,2,0,2,-1,3,0,2,-1,2,-1,2,-1,2,-1,2,-1,2,-1,2,-1,2,-2,2,0,0,0,0,0,0,0,0,0,0,0,0,0,0,-34,58,-34,58,-33,54,-34,50,-34,48,-32,44,-34,47,-33,43,-31,42,-29,34,-29,36,-27,35,-28,34,-26,35,-26,31,-22,30,-21,32,-19,31,-18,27,-20,24,-17,24,-16,25,-14,24,-16,25,-14,22,-15,20,-13,16,-11,22,-11,18,-11,16,-7,13,-10,12,-6,14,-6,16,-5,11,-3,13,-3,15,0,14,0,16,1,14,2,12,4,14,2,16,2,16,2,15,3,14,2,16,0,15,0,17,1,14,-1,14,-2,16,-1,13,-3,17,-3,16,-4,14,-3,15,0,0,0,0,0,0,0,0,0,0,0,0,0,0,0,0,0,0,0,0,0,0,-4,24,-3,25,-8,26,-11,27,-8,27,-14,27,-14,29,-17,31,-21,30,-24,30,-27,34,-29,35,-31,34,-34,35,-37,35,-39,32,-44,35,-48,35,-50,34,-54,31,-57,26,-61,29,-63,25,-66,24,-67,20,-71,20,-71,14,-72,14,-75,11,-77,11,-76,5,-77,3,-76,0,-77,1,-79,-2,-78,-1,-80,-4,-79,-3,-80,-5,-80,-6,-77,-10,-80,-10,-78,-15,-82,-14,-77,-16,-76,-18,-77,-18,-76,-20,-78,-20,-77,-26,-75,-25,-71,-26,-73,-31,-69,-29,-72,-30,-67,-30,-71,-31,0,0]"
CSI_DATA,223,2a:00:00:00:00:00,-43,11,1,0,1,1,1,0,0,0,1,-96,0,11,2,3186411,0,44,0,384,0,"[0,0,0,0,0,0,0,0,0,0,0,0,4,-10,4,-9,3,-9,4,-9,4,-8,4,-8,3,-8,3,-7,3,-7,3,-7,3,-6,3,-6,3,-6,2,-6,2,-6,2,-5,2,-5,2,-5,2,-5,1,-5,1,-5,1,-4,2,-4,1,-4,1,-4,1,-3,0,0,1,-3,0,-3,0,-3,0,-3,0,-3,-1,-3,-1,-3,-1,-3,-1,-3,-1,-3,-1,-3,-1,-3,-1,-3,-1,-3,-1,-3,-1,-3,-1,-3,-1,-3,-1,-3,-1,-3,-1,-3,-1,-3,0,-3,0,-3,0,-3,0,-3,0,0,0,0,0,0,0,0,0,0,0,0,0,0,35,-56,35,-56,31,-57,30,-52,32,-50,32,-45,30,-48,28,-45,30,-44,30,-39,29,-37,24,-37,27,-38,25,-35,23,-30,20,-31,20,-34,20,-30,15,-28,18,-27,15,-27,16,-24,15,-27,13,-26,14,-23,14,-24,12,-22,10,-21,10,-19,9,-16,5,-14,4,-15,6,-17,5,-17,2,-14,2,-14,0,-16,1,-14,2,-15,-3,-12,-4,-13,-5,-14,-1,-18,-4,-18,-3,-17,-2,-17,-3,-14,-2,-18,-2,-13,-2,-16,-1,-16,-1,-16,-2,-16,-2,-18,-1,-17,1,-15,5,-15,0,0,0,0,0,0,0,0,0,0,0,0,0,0,0,0,0,0,0,0,0,0,4,-27,6,-27,10,-27,11,-28,13,-28,14,-27,18,-27,20,-30,23,-31,23,-32,28,-31,29,-31,33,-33,34,-33,37,-32,43,-32,45,-33,49,-33,50,-31,54,-29,58,-25,60,-25,65,-22,66,-21,68,-17,71,-18,74,-15,74,-9,75,-7,76,-7,75,-4,75,0,75,4,76,2,79,2,77,6,79,7,77,6,78,7,82,9,79,13,80,11,78,13,81,12,73,19,80,17,78,21,75,23,77,23,74,28,72,23,72,26,69,29,66,29,70,29,67,31,69,30,0,0]"
CSI_DATA,224,2a:00:00:00:00:00,-43,11,1,0,1,1,1,0,0,0,1,-96,0,11,2,3197987,0,44,0,384,0,"[0,0,0,0,0,0,0,0,0,0,0,0,-1,-11,-1,-11,-1,-11,0,-10,0,-10,0,-9,0,-9,-1,-9,-1,-8,-1,-8,0,-8,-1,-8,-1,-7,-1,-7,-1,-7,-1,-7,-1,-6,-1,-6,-1,-6,-1,-6,-1,-5,-1,-5,-1,-5,-1,-5,-1,-5,-1,-4,0,0,-1,-3,-1,-4,-1,-3,-2,-3,-2,-3,-2,-3,-2,-3,-2,-3,-2,-2,-3,-2,-3,-2,-3,-2,-2,-3,-2,-3,-3,-2,-3,-2,-3,-3,-2,-3,-2,-3,-2,-3,-2,-3,-2,-3,-2,-3,-2,-3,-2,-3,-2,-3,0,0,0,0,0,0,0,0,0,0,0,0,0,0,0,-69,3,-64,0,-64,1,-59,4,-60,9,-55,6,-55,6,-54,5,-51,5,-45,5,-47,3,-45,4,-43,4,-42,4,-38,4,-38,5,-40,4,-34,1,-35,2,-31,0,-31,0,-30,1,-30,1,-27,3,-26,2,-26,1,-25,2,-22,3,-23,-1,-19,-1,-17,-2,-18,-2,-18,-4,-16,-5,-13,-5,-14,-5,-12,-9,-13,-9,-10,-12,-11,-12,-13,-8,-12,-10,-12,-11,-13,-9,-12,-12,-13,-10,-14,-11,-12,-8,-13,-10,-13,-11,-14,-10,-14,-9,-15,-7,-15,-6,-14,-6,-14,-3,-15,0,0,0,0,0,0,0,0,0,0,0,0,0,0,0,0,0,0,0,0,0,0,-11,-24,-8,-25,-6,-26,-6,-29,-4,-31,-1,-31,-1,-32,-2,-36,0,-38,5,-39,8,-42,10,-45,12,-46,16,-48,16,-48,19,-51,24,-52,24,-54,26,-52,30,-54,34,-55,39,-54,44,-52,46,-52,51,-50,54,-51,55,-46,59,-50,59,-45,63,-44,63,-42,64,-42,66,-41,67,-40,70,-40,68,-38,69,-33,70,-33,71,-30,73,-30,75,-30,71,-31,74,-29,76,-29,75,-25,74,-25,76,-24,73,-22,79,-20,80,-14,76,-12,77,-13,75,-10,72,-9,74,-7,76,-7,74,-6,0,0]"
CSI_DATA,225,2a:00:00:00:00:00,-43,11,1,0,1,1,1,0,0,0,1,-96,0,11,2,3228540,0,44,0,384,0,"[0,0,0,0,0,0,0,0,0,0,0,0,-9,6,-9,6,-9,6,-8,5,-8,5,-8,4,-8,4,-7,4,-7,4,-7,4,-7,3,-6,3,-6,3,-6,3,-5,3,-6,3,-5,3,-5,3,-5,3,-5,3,-4,2,-4,2,-4,2,-4,2,-3,2,-3,2,0,0,-3,2,-2,2,-2,2,-2,1,-2,2,-2,2,-1,2,-1,2,-1,2,-1,2,-1,2,-1,2,-1,2,-1,2,-1,2,-1,2,-1,2,-1,2,-1,2,-2,2,-2,2,-2,2,-2,2,-2,2,-2,2,-2,2,0,0,0,0,0,0,0,0,0,0,0,0,0,0,-52,39,-54,33,-51,37,-53,32,-51,31,-50,28,-48,30,-47,26,-45,26,-43,22,-41,23,-40,21,-41,21,-36,20,-37,15,-36,19,-33,18,-30,19,-31,17,-30,13,-27,17,-25,14,-23,15,-23,17,-21,17,-23,12,-20,11,-19,14,-19,12,-17,10,-14,8,-16,9,-12,11,-11,12,-8,10,-7,10,-7,10,-4,13,-8,12,-4,12,-5,13,-4,12,-4,14,-6,15,-4,16,-5,14,-4,14,-8,17,-6,15,-5,15,-5,14,-7,15,-7,14,-8,13,-9,12,-10,11,-11,11,0,0,0,0,0,0,0,0,0,0,0,0,0,0,0,0,0,0,0,0,0,0,-13,21,-14,19,-18,20,-20,19,-24,19,-24,21,-26,21,-29,22,-30,21,-33,20,-38,20,-40,19,-44,19,-46,17,-47,17,-53,13,-53,9,-56,11,-59,10,-63,9,-64,6,-68,2,-69,1,-71,-6,-69,-9,-73,-12,-71,-16,-73,-18,-72,-20,-74,-24,-71,-24,-73,-29,-74,-28,-74,-30,-74,-32,-71,-34,-71,-35,-69,-39,-68,-38,-70,-41,-70,-41,-66,-44,-64,-47,-69,-47,-62,-45,-65,-47,-65,-45,-65,-49,-64,-50,-58,-53,-56,-55,-55,-57,-54,-56,-50,-55,-51,-57,-50,-57,-48,-56,0,0]"
CSI_DATA,226,2a:00:00:00:00:00,-43,11,1,0,1,1,1,0,0,0,1,-96,0,11,2,3236503,0,44,0,384,0,"[0,0,0,0,0,0,0,0,0,0,0,0,5,9,4,8,4,9,4,9,4,8,3,8,3,7,3,7,3,7,3,6,2,6,3,6,2,6,2,5,2,5,2,5,2,4,2,4,2,4,2,4,2,4,2,4,2,3,2,3,1,3,1,2,0,0,1,2,1,2,1,1,2,1,1,1,1,1,2,1,2,1,2,0,2,0,2,0,2,0,2,0,2,0,2,0,2,1,2,0,2,0,2,0,2,1,2,1,2,1,2,1,2,1,2,1,2,1,0,0,0,0,0,0,0,0,0,0,0,0,0,0,34,56,29,57,32,55,29,52,25,50,26,51,24,46,23,50,22,43,23,44,22,43,19,41,20,39,17,38,17,35,16,35,16,34,14,32,14,30,15,25,17,27,12,25,15,26,12,23,10,22,9,22,11,21,11,18,9,19,12,15,9,15,12,12,10,13,9,10,11,8,9,9,10,7,10,6,9,5,10,6,16,5,14,7,13,6,12,3,12,4,15,4,17,5,16,5,13,5,14,8,14,3,13,6,11,7,11,6,12,8,9,9,9,11,0,0,0,0,0,0,0,0,0,0,0,0,0,0,0,0,0,0,0,0,0,0,23,11,20,14,19,17,21,19,19,22,19,25,20,26,20,28,19,32,15,32,16,37,16,42,18,44,12,47,13,50,12,49,10,57,6,55,7,57,3,61,-4,64,-1,65,-7,65,-9,70,-14,68,-14,71,-19,69,-23,70,-25,67,-26,75,-29,66,-36,69,-33,67,-34,69,-38,68,-37,68,-38,64,-42,66,-43,64,-40,65,-48,64,-42,65,-49,68,-50,64,-52,63,-49,63,-53,59,-52,58,-54,56,-58,52,-57,51,-56,51,-58,51,-54,46,-62,49,-59,44,-59,43,0,0]"
CSI_DATA,227,2a:00:00:00:00:00,-43,11,1,0,1,1,1,0,0,0,1,-96,0,11,2,3256422,0,44,0,384,0,"[0,0,0,0,0,0,0,0,0,0,0,0,7,8,6,7,6,7,6,7,5,7,5,7,5,6,5,6,4,6,4,5,4,6,4,5,4,5,3,5,4,4,3,4,4,4,3,3,3,3,3,3,3,3,3,3,3,3,2,2,2,2,2,2,0,0,2,1,1,1,2,1,2,1,2,0,2,0,2,0,2,0,2,0,2,0,2,0,2,0,2,0,2,0,3,0,3,0,2,0,2,0,2,0,2,0,2,0,2,0,2,0,2,0,2,1,2,1,0,0,0,0,0,0,0,0,0,0,0,0,0,0,52,41,48,40,50,37,49,35,45,38,42,38,40,35,40,36,35,33,36,33,35,31,33,29,32,27,27,25,28,26,30,29,28,25,27,23,25,23,24,21,26,20,26,18,21,18,19,15,20,16,18,14,17,14,17,12,14,14,16,11,15,9,15,7,11,9,14,5,14,4,11,2,11,3,14,0,14,0,14,0,14,-1,13,-3,14,-2,13,-1,12,-4,18,-1,16,0,16,-1,16,-2,16,1,15,-1,16,0,17,1,15,1,14,1,15,4,14,6,0,0,0,0,0,0,0,0,0,0,0,0,0,0,0,0,0,0,0,0,0,0,25,6,23,9,24,9,26,13,25,15,24,19,27,19,26,22,28,24,27,26,27,28,30,33,28,34,29,37,28,42,29,44,27,50,23,50,25,56,24,58,20,59,19,62,16,63,12,69,9,70,9,72,4,72,2,76,-4,74,-1,78,-4,74,-7,79,-9,77,-10,75,-14,78,-14,75,-13,75,-15,78,-17,76,-20,77,-26,77,-22,77,-25,79,-25,76,-25,75,-25,79,-27,72,-27,73,-33,72,-35,71,-36,68,-34,69,-38,66,-35,63,-40,62,-38,62,-37,62,0,0]"
CSI_DATA,228,2a:00:00:00:00:00,-43,11,1,0,1,1,1,0,0,0,1,-96,0,11,2,3266798,0,44,0,384,0,"[0,0,0,0,0,0,0,0,0,0,0,0,-5,8,-5,8,-5,8,-5,8,-5,7,-5,7,-5,6,-5,6,-5,6,-4,6,-4,5,-4,5,-3,5,-3,5,-3,5,-3,4,-3,4,-3,4,-3,4,-3,4,-3,4,-3,3,-2,3,-2,3,-2,3,-2,3,0,0,-1,2,-1,2,-1,2,-1,2,-1,2,-1,2,0,2,0,2,0,2,0,2,0,2,0,2,0,2,0,2,0,2,0,2,0,2,0,2,0,2,0,2,0,2,0,2,0,2,0,2,0,2,-1,2,0,0,0,0,0,0,0,0,0,0,0,0,0,0,-29,58,-31,62,-27,54,-27,52,-30,55,-25,45,-29,51,-27,46,-26,45,-24,39,-23,38,-23,38,-22,35,-23,38,-22,33,-17,31,-18,31,-19,31,-16,28,-17,28,-15,27,-13,27,-14,25,-12,22,-11,24,-13,21,-14,20,-10,21,-8,20,-7,17,-6,13,-6,16,-3,16,-3,15,-1,14,0,14,0,14,1,14,1,13,6,13,6,13,5,14,2,14,6,15,5,13,8,14,5,13,7,16,3,13,5,15,3,15,4,15,2,16,1,16,1,14,1,15,-2,15,0,0,0,0,0,0,0,0,0,0,0,0,0,0,0,0,0,0,0,0,0,0,-5,24,-6,24,-12,28,-13,26,-15,27,-14,25,-17,26,-22,28,-23,30,-27,29,-29,30,-32,30,-36,32,-38,31,-38,31,-45,29,-43,31,-52,30,-50,28,-54,29,-59,23,-63,28,-69,23,-69,21,-70,15,-70,16,-73,14,-72,9,-78,10,-73,8,-78,4,-75,2,-79,1,-78,-3,-79,-3,-79,-3,-81,-4,-80,-4,-77,-6,-80,-10,-77,-8,-85,-10,-76,-12,-87,-11,-73,-13,-76,-14,-76,-19,-77,-22,-75,-19,-79,-24,-74,-20,-76,-24,-69,-26,-72,-26,-73,-27,-68,-26,-71,-28,0,0]"
CSI_DATA,229,2a:00:00:00:00:00,-43,11,1,0,1,1,1,0,0,0,1,-96,0,11,2,3276419,0,44,0,384,0,"[0,0,0,0,0,0,0,0,0,0,0,0,7,-8,7,-7,6,-7,7,-7,6,-6,7,-6,6,-6,6,-6,6,-5,5,-5,5,-5,5,-5,4,-5,4,-4,4,-4,4,-4,4,-4,4,-4,3,-4,3,-4,3,-3,3,-3,3,-3,2,-3,2,-3,2,-3,0,0,2,-3,1,-3,1,-3,1,-3,0,-3,0,-3,0,-3,0,-3,0,-3,0,-3,0,-3,0,-3,0,-3,0,-3,0,-3,0,-3,0,-3,0,-3,0,-3,0,-3,0,-3,0,-3,1,-3,1,-3,1,-3,1,-3,0,0,0,0,0,0,0,0,0,0,0,0,0,0,52,-40,48,-38,48,-42,46,-39,47,-35,46,-33,43,-30,43,-30,40,-28,41,-28,41,-25,37,-26,36,-22,35,-24,34,-18,32,-22,30,-20,27,-23,25,-18,26,-18,27,-20,24,-17,20,-17,20,-17,18,-15,20,-15,20,-15,16,-15,14,-11,17,-13,13,-11,13,-13,8,-11,10,-13,8,-12,7,-12,3,-13,3,-14,3,-15,5,-12,1,-17,1,-16,2,-16,3,-17,3,-17,4,-15,4,-18,7,-19,6,-15,5,-15,3,-18,5,-14,7,-16,8,-14,10,-15,8,-13,9,-12,0,0,0,0,0,0,0,0,0,0,0,0,0,0,0,0,0,0,0,0,0,0,8,-21,11,-23,16,-23,19,-22,19,-25,22,-25,24,-24,25,-24,29,-26,31,-23,36,-24,38,-22,40,-22,44,-22,46,-21,50,-18,51,-21,53,-14,55,-17,59,-12,62,-14,66,-7,68,-4,71,-1,70,2,73,3,72,9,74,12,73,14,75,18,70,19,75,19,76,21,73,22,74,25,71,27,72,29,72,31,71,33,71,34,70,36,72,37,69,41,69,42,66,41,65,42,64,41,66,43,63,44,61,46,57,50,58,50,57,52,52,47,52,54,55,53,50,51,0,0]"
CSI_DATA,230,2a:00:00:00:00:00,-43,11,1,0,1,1,1,0,0,0,1,-96,0,11,2,3287095,0,44,0,384,0,"[0,0,0,0,0,0,0,0,0,0,0,0,-11,0,-10,0,-10,0,-9,0,-9,0,-9,0,-9,0,-8,0,-8,0,-8,0,-8,-1,-7,0,-7,-1,-6,-1,-6,0,-6,0,-6,0,-6,0,-5,0,-5,0,-5,0,-5,0,-5,0,-4,0,-4,0,-4,0,0,0,-4,0,-3,0,-3,0,-3,1,-2,1,-2,1,-2,1,-2,1,-2,1,-2,1,-2,1,-2,1,-2,1,-2,1,-3,1,-2,1,-2,1,-2,1,-3,1,-3,1,-3,1,-3,1,-3,1,-3,1,-3,1,-3,0,0,0,0,0,0,0,0,0,0,0,0,0,0,0,-66,-1,-60,1,-63,1,-62,-1,-56,1,-63,-3,-52,-4,-56,-5,-47,-3,-51,-4,-48,-4,-46,-4,-44,-4,-36,-1,-41,-4,-39,-3,-36,-1,-34,-1,-35,-2,-31,-1,-35,0,-29,-2,-30,1,-29,2,-24,1,-23,1,-24,-1,-22,1,-19,3,-20,2,-19,1,-17,3,-13,2,-15,6,-14,4,-14,8,-8,7,-8,9,-9,8,-11,10,-12,8,-12,10,-13,12,-10,12,-10,14,-11,10,-11,11,-11,9,-13,9,-14,9,-14,10,-13,7,-12,10,-12,9,-14,6,-17,6,-12,6,0,0,0,0,0,0,0,0,0,0,0,0,0,0,0,0,0,0,0,0,0,0,-21,9,-26,5,-25,4,-34,2,-29,2,-33,-4,-32,-2,-35,-4,-38,-7,-35,-5,-41,-10,-45,-12,-46,-12,-47,-15,-51,-20,-47,-21,-54,-27,-46,-29,-55,-31,-49,-33,-51,-35,-53,-39,-52,-44,-53,-50,-50,-51,-53,-54,-47,-58,-49,-64,-40,-59,-47,-68,-39,-61,-43,-70,-38,-66,-38,-66,-37,-67,-34,-72,-33,-66,-34,-71,-34,-71,-33,-72,-31,-77,-32,-68,-32,-82,-26,-70,-25,-81,-25,-77,-24,-77,-24,-77,-19,-75,-18,-71,-17,-74,-17,-79,-14,-80,-14,-70,-11,-74,-13,-76,-7,-69,0,0]"
CSI_DATA,231,2a:00:00:00:00:00,-43,11,1,0,1,1,1,0,0,0,1,-96,0,11,2,3297197,0,44,0,384,0,"[0,0,0,0,0,0,0,0,0,0,0,0,2,9,1,9,1,9,1,9,1,8,1,7,1,7,1,7,1,7,1,7,1,6,1,6,1,6,1,6,1,5,1,5,1,5,1,4,1,4,1,4,0,4,1,4,1,3,0,3,1,3,1,2,0,0,1,2,0,2,1,2,1,1,1,1,1,1,1,1,1,1,2,1,2,1,2,1,1,1,2,1,1,1,2,1,2,1,2,1,2,1,2,1,2,1,2,1,1,1,1,1,1,1,1,1,1,1,0,0,0,0,0,0,0,0,0,0,0,0,0,0,-10,65,-11,66,-6,64,-9,59,-10,59,-9,55,-11,55,-13,52,-10,51,-8,43,-12,42,-9,43,-14,43,-9,40,-6,37,-4,37,-4,36,-3,38,-6,36,-3,32,-4,30,-4,27,-4,28,-5,28,-7,25,-4,24,-2,20,-1,21,-2,19,1,17,2,17,4,16,0,14,3,13,4,13,4,13,3,12,6,13,4,9,8,11,7,12,8,12,8,10,11,9,8,12,9,13,7,12,8,13,9,12,7,13,7,13,8,14,5,13,6,13,4,12,4,14,4,15,0,0,0,0,0,0,0,0,0,0,0,0,0,0,0,0,0,0,0,0,0,0,4,24,2,26,2,27,-1,28,-2,30,-5,30,-9,31,-7,36,-11,37,-11,38,-13,38,-13,41,-17,42,-19,45,-23,44,-30,44,-32,46,-34,46,-31,47,-42,45,-44,44,-51,45,-50,45,-51,45,-54,44,-58,45,-61,43,-65,37,-68,38,-68,32,-70,32,-72,30,-70,27,-73,26,-77,26,-76,22,-73,26,-71,26,-76,24,-78,29,-79,21,-78,18,-78,19,-82,17,-73,14,-80,11,-80,10,-78,10,-82,4,-80,8,-76,8,-78,7,-78,4,-72,2,-75,2,-77,0,-73,-4,0,0]"
CSI_DATA,232,2a:00:00:00:00:00,-43,11,1,0,1,1,1,0,0,0,1,-96,0,11,2,3306381,0,44,0,384,0,"[0,0,0,0,0,0,0,0,0,0,0,0,-5,-10,-5,-9,-4,-9,-4,-9,-4,-9,-4,-8,-3,-8,-3,-8,-3,-8,-3,-7,-3,-7,-3,-7,-3,-7,-3,-6,-3,-6,-3,-5,-3,-5,-3,-5,-3,-5,-2,-5,-2,-5,-2,-4,-2,-4,-2,-4,-2,-4,-2,-3,0,0,-2,-3,-2,-3,-2,-3,-2,-2,-2,-2,-2,-2,-2,-2,-3,-2,-3,-2,-3,-1,-3,-1,-3,-1,-3,-1,-3,-1,-3,-2,-3,-2,-3,-1,-3,-2,-3,-2,-3,-2,-3,-2,-3,-2,-3,-2,-3,-2,-2,-2,-2,-2,0,0,0,0,0,0,0,0,0,0,0,0,0,0,-14,-68,-11,-63,-13,-63,-14,-59,-9,-59,-10,-58,-6,-54,-8,-55,-7,-50,-6,-49,-5,-47,-6,-45,-4,-42,-2,-41,-6,-40,-6,-37,-4,-41,-5,-35,-4,-34,-6,-31,-7,-33,-7,-29,-6,-30,-5,-27,-5,-26,-5,-26,-7,-21,-6,-24,-3,-21,-7,-20,-7,-19,-7,-16,-6,-17,-5,-13,-8,-12,-8,-11,-9,-9,-10,-11,-10,-9,-12,-10,-12,-10,-10,-10,-11,-9,-14,-7,-14,-9,-12,-13,-16,-13,-14,-10,-12,-12,-13,-11,-13,-11,-12,-14,-10,-10,-10,-11,-11,-15,-10,-13,-9,-15,0,0,0,0,0,0,0,0,0,0,0,0,0,0,0,0,0,0,0,0,0,0,-14,-23,-13,-26,-14,-26,-12,-27,-10,-30,-7,-33,-8,-30,-6,-34,-4,-38,-4,-38,-2,-41,-1,-45,0,-49,6,-49,5,-52,8,-49,12,-59,13,-56,19,-58,19,-57,25,-59,27,-64,29,-59,34,-62,39,-59,40,-62,44,-58,46,-60,48,-55,52,-56,49,-51,55,-55,58,-51,59,-51,59,-50,60,-49,61,-46,60,-49,63,-47,67,-47,67,-45,64,-45,66,-44,68,-40,69,-40,66,-37,69,-38,69,-39,70,-33,69,-33,71,-31,71,-30,74,-29,67,-23,70,-24,71,-23,70,-22,0,0]"
CSI_DATA,233,2a:00:00:00:00:00,-43,11,1,0,1,1,1,0,0,0,1,-96,0,11,2,3316401,0,44,0,384,0,"[0,0,0,0,0,0,0,0,0,0,0,0,-11,-3,-10,-3,-10,-2,-9,-3,-9,-3,-9,-3,-9,-3,-8,-3,-8,-3,-7,-2,-7,-2,-7,-2,-7,-2,-7,-2,-6,-2,-6,-2,-6,-2,-6,-2,-5,-1,-5,-2,-5,-1,-5,-1,-5,-1,-4,-1,-4,-1,-4,-1,0,0,-4,-1,-3,0,-3,0,-3,0,-3,0,-3,0,-3,1,-3,1,-3,0,-3,1,-3,1,-3,1,-3,1,-3,1,-3,1,-3,1,-3,1,-3,1,-3,1,-3,1,-3,0,-3,1,-3,0,-3,0,-3,0,-3,0,0,0,0,0,0,0,0,0,0,0,0,0,0,0,-65,-11,-63,-8,-60,-5,-62,-9,-62,-7,-58,-8,-52,-11,-53,-10,-50,-9,-48,-11,-46,-10,-43,-6,-44,-11,-40,-8,-39,-5,-41,-6,-38,-6,-37,-4,-36,-4,-33,-5,-33,-4,-30,-3,-28,0,-26,-2,-26,-4,-24,-3,-27,-5,-23,1,-18,2,-22,-2,-21,-2,-19,0,-15,3,-14,4,-15,4,-14,4,-13,5,-11,5,-13,8,-13,6,-12,6,-12,7,-13,10,-12,9,-12,9,-12,10,-15,8,-12,11,-13,10,-12,7,-13,8,-14,6,-17,7,-14,7,-15,7,-13,5,-14,4,0,0,0,0,0,0,0,0,0,0,0,0,0,0,0,0,0,0,0,0,0,0,-24,6,-26,2,-29,0,-30,-1,-31,-2,-31,-4,-31,-5,-33,-10,-38,-11,-37,-12,-39,-14,-43,-15,-44,-15,-46,-21,-45,-24,-48,-28,-47,-31,-48,-33,-47,-36,-45,-43,-45,-45,-48,-52,-47,-50,-46,-51,-46,-55,-48,-59,-43,-63,-43,-64,-35,-68,-36,-69,-35,-69,-32,-70,-28,-72,-27,-72,-23,-75,-23,-76,-26,-74,-25,-74,-27,-75,-26,-78,-23,-79,-24,-77,-18,-78,-19,-80,-18,-76,-14,-80,-10,-81,-10,-80,-9,-81,-11,-79,-8,-74,-9,-80,-4,-80,-2,-73,-4,-74,1,-74,1,-73,0,0]"
CSI_DATA,234,2a:00:00:00:00:00,-43,11,1,0,1,1,1,0,0,0,1,-96,0,11,2,3326414,0,44,0,384,0,"[0,0,0,0,0,0,0,0,0,0,0,0,-10,4,-10,4,-9,4,-9,4,-8,3,-8,3,-8,3,-7,3,-7,3,-7,3,-7,2,-7,2,-6,2,-6,2,-6,2,-6,2,-5,2,-5,2,-5,2,-4,2,-4,2,-4,2,-4,1,-4,1,-4,1,-4,1,0,0,-3,1,-3,1,-2,1,-2,1,-2,1,-2,2,-2,2,-2,2,-2,2,-2,2,-2,2,-2,2,-2,2,-2,2,-2,2,-2,2,-2,2,-2,2,-2,2,-2,2,-2,2,-2,2,-2,2,-2,1,-2,1,-2,1,0,0,0,0,0,0,0,0,0,0,0,0,0,0,-62,24,-59,23,-61,24,-57,18,-56,19,-53,15,-52,16,-53,14,-48,15,-47,12,-47,10,-46,10,-45,10,-40,10,-38,11,-37,10,-36,12,-35,12,-33,9,-32,7,-33,7,-29,7,-28,13,-25,8,-25,8,-24,8,-23,5,-19,8,-20,9,-19,7,-16,6,-15,5,-13,8,-12,10,-11,7,-10,11,-11,9,-8,12,-9,11,-9,11,-9,11,-8,9,-10,12,-9,15,-11,15,-8,13,-9,14,-9,13,-10,12,-11,15,-9,13,-11,10,-13,10,-11,11,-12,10,-11,10,-14,9,0,0,0,0,0,0,0,0,0,0,0,0,0,0,0,0,0,0,0,0,0,0,-16,20,-19,17,-21,19,-25,18,-25,18,-28,16,-30,16,-33,15,-36,14,-36,12,-39,12,-43,11,-46,11,-49,10,-51,7,-53,3,-59,1,-57,0,-60,-1,-62,-8,-63,-7,-67,-14,-65,-15,-67,-18,-69,-21,-69,-23,-68,-28,-69,-34,-67,-35,-69,-36,-65,-39,-66,-42,-64,-45,-62,-46,-64,-47,-60,-48,-61,-47,-61,-48,-59,-51,-62,-51,-60,-56,-56,-55,-56,-55,-56,-57,-55,-61,-55,-62,-51,-61,-50,-62,-52,-66,-46,-65,-46,-60,-45,-66,-41,-70,-37,-62,-41,-64,-37,-66,-36,-65,0,0]"
CSI_DATA,235,2a:00:00:00:00:00,-43,11,1,0,1,1,1,0,0,0,1,-96,0,11,2,3336411,0,44,0,384,0,"[0,0,0,0,0,0,0,0,0,0,0,0,-4,10,-4,10,-4,9,-4,9,-4,8,-4,8,-4,7,-4,7,-4,7,-3,6,-3,6,-3,6,-3,6,-3,6,-3,6,-2,5,-2,5,-2,4,-2,5,-2,4,-2,4,-2,4,-2,3,-2,4,-2,3,-1,3,0,0,-1,3,-1,3,-1,3,0,2,0,2,0,2,0,2,0,2,0,2,1,2,1,2,1,2,1,2,1,2,1,2,1,2,0,2,1,2,1,2,0,2,0,2,0,2,0,2,0,2,0,2,-1,2,0,0,0,0,0,0,0,0,0,0,0,0,0,0,-21,65,-20,62,-19,59,-20,54,-22,53,-17,51,-21,52,-22,50,-21,45,-21,44,-20,39,-20,39,-19,38,-19,38,-16,34,-12,36,-15,37,-12,34,-11,31,-10,28,-9,31,-10,28,-10,26,-10,27,-11,24,-11,22,-7,20,-8,23,-8,22,-6,18,-3,17,-2,16,-2,16,-1,15,0,14,-2,13,0,12,2,13,3,14,4,12,7,15,6,12,3,12,6,12,4,14,7,15,6,13,6,14,4,14,5,15,4,14,2,17,1,15,1,13,0,16,2,15,-1,17,0,0,0,0,0,0,0,0,0,0,0,0,0,0,0,0,0,0,0,0,0,0,3,25,-1,25,-1,24,-3,28,-7,30,-8,30,-9,31,-14,32,-17,34,-17,34,-19,36,-21,38,-25,39,-27,41,-29,40,-33,41,-39,41,-39,42,-42,42,-49,39,-53,38,-56,39,-60,36,-59,36,-63,35,-67,35,-65,29,-68,27,-70,26,-72,24,-74,21,-76,21,-76,17,-74,14,-80,10,-75,11,-76,11,-78,13,-77,12,-80,10,-78,6,-81,10,-79,5,-83,4,-80,0,-79,2,-79,-3,-80,-5,-80,-6,-81,-7,-78,-7,-77,-6,-73,-13,-73,-14,-77,-10,-74,-14,-70,-16,0,0]"
CSI_DATA,236,2a:00:00:00:00:00,-43,11,1,0,1,1,1,0,0,0,1,-96,0,11,2,3346432,0,44,0,384,0,"[0,0,0,0,0,0,0,0,0,0,0,0,7,7,7,7,6,7,6,7,5,6,5,6,5,6,5,5,5,5,4,5,4,5,4,5,3,4,4,4,3,4,4,4,4,3,3,3,3,3,3,3,3,3,3,3,3,2,2,2,2,2,2,2,0,0,2,1,2,1,2,1,2,1,2,0,2,0,2,0,2,0,2,0,2,0,2,0,2,0,2,0,2,0,2,0,2,0,2,0,2,0,2,0,2,0,2,0,2,0,2,0,2,0,2,1,2,1,0,0,0,0,0,0,0,0,0,0,0,0,0,0,50,46,45,47,45,43,39,43,42,42,41,40,36,39,33,41,31,37,33,35,31,35,32,34,28,34,25,31,25,28,29,27,22,26,23,25,21,25,23,24,25,21,22,22,21,21,19,18,17,16,16,19,20,16,18,12,15,13,14,11,14,10,16,10,13,6,10,6,14,5,12,5,10,3,12,1,13,1,14,1,16,2,17,-1,13,1,14,0,13,-3,14,0,17,2,16,-3,13,1,18,1,15,1,17,4,13,2,14,1,14,1,14,5,14,6,0,0,0,0,0,0,0,0,0,0,0,0,0,0,0,0,0,0,0,0,0,0,22,11,22,14,22,14,20,18,21,20,20,22,22,25,21,26,22,29,22,30,21,34,24,38,22,39,22,43,18,47,19,49,16,52,17,57,15,57,10,61,8,65,6,66,3,68,3,68,-2,71,-1,72,-8,73,-7,76,-14,73,-13,74,-15,72,-18,72,-20,70,-23,71,-22,74,-25,75,-24,72,-25,74,-29,76,-30,72,-32,73,-33,73,-32,72,-36,74,-34,70,-35,70,-37,69,-40,68,-41,65,-42,67,-41,64,-41,66,-46,63,-46,59,-47,59,-48,57,-46,55,0,0]"
CSI_DATA,237,2a:00:00:00:00:00,-43,11,1,0,1,1,1,0,0,0,1,-96,0,11,2,3356493,0,44,0,384,0,"[0,0,0,0,0,0,0,0,0,0,0,0,8,-8,7,-7,7,-8,7,-7,7,-7,7,-6,6,-6,6,-6,6,-5,5,-5,5,-5,5,-5,5,-5,4,-5,4,-4,4,-5,4,-4,4,-4,3,-4,3,-4,3,-4,3,-4,3,-3,2,-4,2,-3,2,-3,0,0,2,-3,1,-3,1,-3,1,-3,0,-3,0,-3,0,-3,0,-3,0,-3,0,-3,0,-3,0,-3,0,-3,0,-3,0,-3,0,-3,0,-4,0,-3,0,-3,0,-3,0,-3,0,-3,0,-3,1,-3,1,-3,1,-3,0,0,0,0,0,0,0,0,0,0,0,0,0,0,52,-46,53,-42,48,-38,49,-33,50,-34,44,-31,47,-33,41,-30,45,-29,40,-23,41,-21,40,-21,37,-22,37,-21,32,-22,31,-21,32,-20,29,-20,27,-19,28,-19,26,-20,26,-14,21,-17,22,-16,23,-16,22,-15,18,-12,18,-14,18,-14,15,-14,12,-11,12,-11,10,-13,8,-15,8,-11,8,-13,5,-14,5,-15,4,-15,3,-13,4,-13,2,-14,3,-14,6,-17,3,-15,4,-16,5,-16,5,-17,5,-15,4,-15,5,-16,4,-17,7,-16,8,-14,9,-12,8,-12,9,-12,0,0,0,0,0,0,0,0,0,0,0,0,0,0,0,0,0,0,0,0,0,0,9,-24,11,-23,14,-24,16,-24,20,-24,20,-22,25,-22,29,-24,29,-24,33,-23,35,-25,36,-26,42,-25,42,-23,46,-21,51,-19,52,-20,56,-16,54,-16,60,-10,65,-5,66,-6,70,-4,71,-2,72,3,73,4,71,8,73,13,75,15,72,17,72,19,74,21,72,27,71,27,74,27,72,30,70,30,73,30,72,31,73,31,69,37,75,37,70,39,72,42,65,40,64,45,63,49,63,46,62,47,63,48,61,45,62,49,52,51,54,50,58,49,52,52,51,54,0,0]"
CSI_DATA,238,2a:00:00:00:00:00,-43,11,1,0,1,1,1,0,0,0,1,-96,0,11,2,3366399,0,44,0,384,0,"[0,0,0,0,0,0,0,0,0,0,0,0,10,-4,9,-3,9,-3,9,-3,8,-3,8,-2,8,-2,7,-2,7,-2,7,-2,7,-2,6,-2,6,-2,6,-2,5,-2,5,-2,5,-2,5,-2,4,-2,4,-2,4,-2,3,-2,4,-2,3,-2,3,-2,3,-1,0,0,2,-2,2,-2,1,-2,2,-2,1,-2,1,-2,1,-3,1,-3,1,-2,1,-3,1,-3,1,-3,1,-3,1,-3,1,-3,1,-3,1,-3,1,-3,1,-3,1,-2,1,-2,1,-3,1,-3,1,-2,1,-2,2,-2,0,0,0,0,0,0,0,0,0,0,0,0,0,0,62,-20,61,-19,60,-17,58,-19,56,-14,57,-16,52,-12,51,-10,48,-13,47,-9,46,-12,41,-10,46,-10,39,-8,40,-7,37,-8,35,-9,33,-9,32,-7,30,-8,32,-7,28,-6,26,-10,27,-8,24,-8,24,-8,21,-5,19,-8,19,-8,19,-6,16,-7,16,-7,13,-7,11,-10,11,-8,10,-10,9,-11,9,-12,7,-12,8,-11,9,-11,7,-12,8,-16,8,-13,8,-15,7,-13,7,-11,9,-15,10,-12,9,-11,7,-13,9,-13,11,-11,12,-11,11,-10,11,-10,11,-9,0,0,0,0,0,0,0,0,0,0,0,0,0,0,0,0,0,0,0,0,0,0,18,-15,21,-14,21,-16,24,-14,28,-13,29,-13,31,-11,36,-10,38,-11,37,-9,40,-5,43,-4,46,-3,50,-1,51,0,51,3,56,7,58,9,58,9,58,16,63,12,65,20,64,25,62,27,63,30,63,34,62,38,64,43,61,44,61,46,55,44,58,49,56,50,57,50,58,52,54,56,53,53,52,58,52,59,55,61,53,63,50,60,48,65,47,63,43,64,49,64,46,64,43,65,45,66,38,69,34,68,36,71,33,69,28,66,30,68,28,68,30,65,0,0]"
CSI_DATA,239,2a:00:00:00:00:00,-43,11,1,0,1,1,1,0,0,0,1,-96,0,11,2,3396367,0,44,0,384,0,"[0,0,0,0,0,0,0,0,0,0,0,0,-5,-10,-5,-10,-5,-9,-4,-10,-4,-9,-4,-9,-4,-9,-4,-8,-4,-8,-3,-7,-4,-7,-3,-7,-3,-7,-3,-6,-3,-6,-3,-6,-3,-6,-3,-5,-3,-5,-3,-5,-2,-5,-2,-5,-3,-4,-2,-4,-2,-4,-3,-4,0,0,-3,-3,-2,-3,-2,-3,-3,-2,-2,-2,-2,-2,-3,-2,-2,-2,-3,-2,-3,-1,-3,-2,-3,-1,-3,-1,-3,-1,-3,-2,-3,-2,-3,-2,-3,-2,-3,-2,-3,-2,-3,-2,-3,-2,-3,-2,-3,-2,-3,-2,-2,-2,0,0,0,0,0,0,0,0,0,0,0,0,0,0,-28,-60,-25,-58,-26,-61,-25,-55,-24,-52,-22,-53,-23,-50,-19,-53,-17,-46,-19,-48,-18,-46,-15,-44,-19,-43,-13,-39,-14,-37,-16,-37,-14,-36,-15,-33,-12,-32,-15,-29,-19,-32,-15,-27,-12,-28,-12,-25,-10,-25,-10,-23,-10,-21,-12,-19,-8,-19,-12,-18,-11,-17,-10,-14,-8,-13,-7,-12,-11,-7,-12,-9,-11,-7,-12,-6,-12,-5,-14,-6,-15,-6,-16,-7,-14,-4,-16,-3,-16,-6,-15,-6,-16,-8,-15,-6,-14,-9,-15,-9,-14,-8,-17,-8,-12,-8,-12,-8,-13,-9,-12,-10,-10,-12,0,0,0,0,0,0,0,0,0,0,0,0,0,0,0,0,0,0,0,0,0,0,-16,-19,-17,-22,-17,-22,-17,-27,-16,-26,-14,-28,-11,-29,-13,-33,-12,-36,-10,-38,-7,-42,-11,-47,-9,-47,-6,-48,-5,-51,-5,-53,-1,-60,3,-57,6,-60,9,-62,14,-62,14,-64,18,-63,22,-68,26,-69,28,-70,30,-68,36,-68,35,-65,37,-69,39,-62,45,-66,46,-62,48,-60,47,-62,50,-59,50,-58,48,-61,51,-59,50,-60,55,-57,52,-58,56,-58,57,-58,57,-55,60,-56,60,-53,61,-50,61,-48,62,-47,62,-47,62,-48,64,-43,60,-41,63,-40,66,-39,63,-36,0,0]"
CSI_DATA,240,2a:00:00:00:00:00,-43,11,1,0,1,1,1,0,0,0,1,-96,0,11,2,3416480,0,44,0,384,0,"[0,0,0,0,0,0,0,0,0,0,0,0,6,8,5,7,6,8,5,8,5,7,5,7,5,6,4,6,4,6,4,6,4,5,4,5,3,5,3,5,3,5,3,4,3,4,3,3,3,3,3,3,2,3,2,3,3,2,2,2,2,2,2,2,0,0,2,1,2,1,2,1,2,1,2,0,2,0,2,0,2,0,2,0,2,0,2,0,2,0,2,0,2,0,2,0,2,0,2,0,2,0,2,0,2,0,2,0,2,0,2,0,2,0,2,0,2,1,0,0,0,0,0,0,0,0,0,0,0,0,0,0,44,47,44,48,44,46,44,41,43,45,34,38,39,42,32,40,33,41,31,35,29,35,31,34,30,32,27,33,25,27,26,26,24,28,22,25,19,24,23,24,22,19,24,21,18,16,21,18,18,18,17,15,20,15,16,14,15,14,17,12,16,10,13,7,11,10,10,5,14,5,10,5,12,2,13,2,15,0,14,0,13,-1,17,-1,13,-1,12,-2,15,-2,16,0,16,0,17,-1,14,0,14,0,14,0,18,1,15,1,18,1,16,1,15,4,14,6,0,0,0,0,0,0,0,0,0,0,0,0,0,0,0,0,0,0,0,0,0,0,21,15,19,15,22,18,20,20,20,22,18,25,17,27,18,29,18,30,19,36,19,39,19,39,19,42,18,44,14,46,16,53,14,53,10,60,10,58,8,61,3,66,2,67,-1,73,-4,72,-10,71,-7,72,-14,72,-17,71,-19,75,-17,71,-21,74,-26,68,-27,73,-28,72,-29,74,-28,70,-33,78,-32,73,-31,73,-34,72,-35,67,-36,76,-37,67,-42,75,-40,64,-39,71,-38,68,-43,67,-44,65,-49,69,-47,63,-47,63,-43,57,-51,60,-48,58,-47,53,-50,57,0,0]"
CSI_DATA,241,2a:00:00:00:00:00,-43,11,1,0,1,1,1,0,0,0,1,-96,0,11,2,3427304,0,44,0,384,0,"[0,0,0,0,0,0,0,0,0,0,0,0,-10,3,-10,3,-9,3,-9,2,-9,2,-9,2,-8,2,-8,2,-8,1,-7,1,-7,1,-7,1,-6,1,-6,1,-6,1,-6,1,-6,1,-5,1,-5,1,-5,1,-5,1,-5,1,-4,1,-4,1,-4,1,-4,1,0,0,-3,1,-3,1,-3,1,-3,1,-2,1,-2,1,-2,1,-2,2,-2,1,-2,1,-2,2,-2,2,-2,2,-2,2,-2,2,-2,2,-2,2,-2,1,-2,1,-2,1,-2,2,-2,1,-3,1,-2,1,-3,1,-2,1,0,0,0,0,0,0,0,0,0,0,0,0,0,0,-63,22,-62,18,-56,22,-58,19,-61,16,-52,13,-54,15,-51,14,-49,14,-47,11,-46,9,-46,10,-43,10,-42,7,-40,7,-39,7,-36,8,-35,8,-32,8,-34,7,-29,9,-30,10,-25,10,-26,9,-23,7,-25,7,-25,7,-21,8,-21,9,-20,5,-21,6,-14,7,-14,7,-11,8,-14,8,-9,8,-9,12,-10,9,-10,10,-7,10,-9,13,-10,10,-10,13,-9,14,-6,12,-10,13,-10,11,-10,14,-9,8,-7,12,-10,13,-11,12,-11,11,-11,10,-12,11,-11,10,-13,8,0,0,0,0,0,0,0,0,0,0,0,0,0,0,0,0,0,0,0,0,0,0,-18,15,-21,15,-23,17,-25,16,-27,13,-29,13,-30,10,-33,11,-36,9,-40,7,-40,6,-44,5,-47,8,-50,3,-51,0,-55,-4,-55,-2,-58,-9,-56,-8,-59,-11,-62,-17,-68,-18,-66,-26,-66,-26,-64,-33,-66,-34,-66,-37,-61,-38,-65,-43,-65,-42,-63,-44,-58,-47,-59,-48,-57,-50,-58,-54,-58,-56,-58,-58,-57,-56,-54,-60,-55,-59,-52,-60,-57,-59,-52,-61,-52,-67,-47,-61,-52,-62,-46,-64,-45,-67,-44,-68,-41,-71,-37,-67,-40,-70,-35,-67,-35,-68,-35,-65,-33,-65,-30,-64,0,0]"
CSI_DATA,242,2a:00:00:00:00:00,-43,11,1,0,1,1,1,0,0,0,1,-96,0,11,2,3437974,0,44,0,384,0,"[0,0,0,0,0,0,0,0,0,0,0,0,10,1,10,1,10,1,9,1,9,1,8,1,8,1,8,1,7,1,7,1,7,1,7,1,6,1,6,0,5,1,6,0,5,0,5,0,4,0,4,0,4,0,4,0,4,0,3,0,3,0,3,-1,0,0,3,-1,2,-1,2,-1,2,-1,2,-2,2,-2,1,-2,1,-2,2,-2,2,-2,2,-2,2,-2,2,-2,2,-3,2,-2,2,-2,2,-2,2,-2,2,-2,2,-2,2,-2,2,-2,2,-2,2,-2,2,-2,2,-1,0,0,0,0,0,0,0,0,0,0,0,0,0,0,65,-5,65,-1,63,-2,62,-3,61,-2,56,0,52,1,49,2,49,1,49,2,49,2,44,1,46,1,40,0,41,0,39,0,34,0,33,-2,30,-1,34,-3,33,-3,31,-1,25,-2,27,-2,24,-5,22,-5,26,-4,20,-4,20,-4,20,-1,18,-5,17,-3,12,-4,11,-7,12,-6,9,-7,8,-12,9,-10,11,-10,8,-11,10,-10,11,-11,9,-13,10,-13,10,-13,11,-12,11,-10,10,-15,11,-11,8,-11,11,-12,10,-13,9,-10,13,-10,12,-9,14,-7,11,-8,0,0,0,0,0,0,0,0,0,0,0,0,0,0,0,0,0,0,0,0,0,0,25,-7,25,-2,27,-2,29,2,29,3,32,4,32,4,36,4,37,8,35,10,39,13,38,17,42,14,44,19,43,21,46,27,46,27,48,35,47,33,47,36,47,36,51,43,48,48,46,53,47,55,46,56,41,59,41,60,38,65,38,65,38,66,34,69,37,68,35,69,34,71,32,69,33,71,29,74,26,71,26,75,26,70,27,77,26,74,24,79,23,75,23,74,21,74,22,75,18,76,18,77,12,76,9,77,11,75,9,76,6,73,9,72,7,72,0,0]"
CSI_DATA,243,2a:00:00:00:00:00,-43,11,1,0,1,1,1,0,0,0,1,-96,0,11,2,3446370,0,44,0,384,0,"[0,0,0,0,0,0,0,0,0,0,0,0,10,-5,10,-5,9,-4,9,-4,8,-4,9,-4,8,-3,8,-3,7,-3,6,-3,7,-3,6,-3,6,-3,5,-3,5,-3,5,-3,5,-3,5,-3,4,-3,4,-3,4,-2,3,-2,4,-2,3,-2,3,-2,3,-2,0,0,2,-2,2,-2,2,-2,2,-2,1,-3,1,-3,1,-3,1,-3,1,-3,1,-3,1,-3,1,-3,1,-3,1,-3,1,-3,1,-3,1,-3,1,-3,1,-3,1,-3,1,-3,1,-3,1,-3,1,-3,1,-2,1,-2,0,0,0,0,0,0,0,0,0,0,0,0,0,0,63,-19,62,-15,62,-14,58,-12,61,-10,59,-8,52,-10,50,-8,48,-8,49,-5,45,-6,45,-5,43,-6,41,-7,41,-7,37,-5,35,-6,34,-5,32,-9,32,-6,31,-7,28,-6,26,-9,27,-8,26,-6,24,-5,22,-5,22,-8,19,-4,19,-5,17,-6,18,-5,13,-7,12,-10,11,-7,9,-8,11,-12,9,-10,10,-12,8,-10,7,-8,9,-10,8,-13,7,-14,10,-15,8,-13,9,-14,9,-13,11,-11,11,-12,13,-11,12,-10,12,-13,12,-9,11,-8,11,-9,14,-8,0,0,0,0,0,0,0,0,0,0,0,0,0,0,0,0,0,0,0,0,0,0,18,-18,23,-13,21,-13,25,-13,29,-9,32,-9,32,-10,32,-9,38,-6,36,-6,42,-2,41,0,45,-2,48,1,50,3,51,6,54,9,55,12,58,13,59,18,60,20,60,26,62,31,61,31,61,37,62,41,58,44,61,46,59,47,56,49,54,49,53,55,53,54,53,55,52,58,49,59,49,58,47,60,47,62,49,62,47,64,47,67,44,67,46,68,39,67,42,66,36,68,38,68,39,69,33,71,31,69,31,71,27,72,24,68,25,70,24,67,22,66,0,0]"
CSI_DATA,244,2a:00:00:00:00:00,-43,11,1,0,1,1,1,0,0,0,1,-96,0,11,2,3457068,0,44,0,384,0,"[0,0,0,0,0,0,0,0,0,0,0,0,-11,1,-10,1,-10,1,-9,1,-9,0,-9,0,-9,0,-8,0,-8,0,-7,0,-8,0,-7,0,-7,0,-6,0,-6,0,-6,1,-6,0,-6,0,-5,1,-5,0,-5,0,-4,0,-5,0,-4,0,-4,0,-4,0,0,0,-4,0,-3,1,-3,1,-3,1,-2,1,-2,1,-2,1,-2,1,-2,1,-2,1,-2,1,-2,2,-2,2,-2,1,-2,1,-2,2,-2,2,-2,1,-2,1,-2,1,-2,1,-2,1,-3,1,-3,1,-3,1,-3,1,0,0,0,0,0,0,0,0,0,0,0,0,0,0,-62,21,-64,23,-60,19,-58,21,-59,17,-54,16,-56,17,-47,12,-49,13,-48,11,-47,11,-44,10,-43,10,-38,9,-40,8,-40,9,-35,11,-34,10,-31,10,-34,11,-31,7,-29,7,-25,10,-28,9,-27,6,-22,8,-26,7,-19,7,-21,8,-20,8,-17,5,-17,8,-10,7,-12,10,-13,9,-10,10,-9,10,-7,12,-8,12,-11,11,-8,12,-8,12,-10,13,-6,12,-8,14,-7,13,-6,13,-9,15,-9,11,-9,14,-8,14,-9,10,-10,13,-15,12,-11,11,-9,9,-10,9,0,0,0,0,0,0,0,0,0,0,0,0,0,0,0,0,0,0,0,0,0,0,-19,16,-21,16,-24,14,-25,13,-29,12,-29,10,-30,9,-36,9,-36,10,-38,7,-42,6,-45,5,-47,3,-49,2,-52,0,-53,-3,-54,-5,-58,-9,-59,-8,-63,-14,-61,-19,-66,-20,-64,-24,-63,-28,-65,-31,-65,-36,-62,-40,-62,-40,-65,-42,-62,-42,-61,-47,-59,-48,-57,-49,-59,-53,-59,-56,-58,-54,-55,-58,-56,-55,-51,-59,-56,-60,-50,-60,-56,-60,-51,-60,-56,-64,-49,-60,-51,-63,-45,-66,-45,-67,-42,-64,-42,-66,-40,-67,-42,-70,-35,-70,-35,-65,-34,-67,-32,-64,-31,-66,0,0]"
CSI_DATA,245,2a:00:00:00:00:00,-43,11,1,0,1,1,1,0,0,0,1,-96,0,11,2,3466454,0,44,0,384,0,"[0,0,0,0,0,0,0,0,0,0,0,0,-11,-2,-11,-2,-10,-2,-10,-2,-9,-2,-9,-2,-9,-2,-8,-2,-8,-2,-7,-2,-7,-2,-7,-2,-7,-2,-6,-2,-6,-2,-6,-1,-6,-1,-6,-1,-5,-1,-5,-1,-5,-1,-5,-1,-4,-1,-4,-1,-4,-1,-4,-1,0,0,-4,-1,-3,0,-3,0,-3,0,-3,0,-2,0,-3,1,-2,1,-3,0,-3,1,-3,1,-3,1,-3,1,-3,1,-3,1,-3,1,-3,1,-3,1,-3,1,-3,1,-3,0,-3,1,-3,0,-3,0,-3,0,-3,0,0,0,0,0,0,0,0,0,0,0,0,0,0,0,-64,-21,-62,-24,-60,-22,-56,-24,-56,-21,-54,-22,-49,-22,-50,-21,-45,-21,-46,-20,-42,-19,-41,-18,-41,-17,-35,-19,-36,-17,-35,-18,-34,-16,-34,-13,-33,-13,-30,-15,-32,-15,-27,-12,-28,-8,-24,-11,-22,-10,-24,-9,-20,-6,-23,-6,-18,-6,-19,-5,-20,-5,-19,-7,-13,-3,-16,0,-15,-3,-15,1,-14,2,-14,4,-13,3,-12,2,-14,3,-13,4,-16,6,-16,6,-17,5,-15,5,-17,4,-15,6,-14,3,-13,4,-15,3,-16,2,-14,3,-16,2,-15,3,-15,-2,-15,-2,0,0,0,0,0,0,0,0,0,0,0,0,0,0,0,0,0,0,0,0,0,0,-26,3,-24,-1,-28,-3,-30,-5,-32,-4,-31,-8,-33,-12,-32,-11,-37,-16,-36,-18,-38,-20,-39,-21,-41,-25,-43,-27,-44,-32,-38,-31,-45,-39,-41,-40,-43,-41,-40,-47,-39,-48,-40,-55,-37,-56,-36,-58,-32,-65,-34,-65,-32,-70,-30,-72,-26,-70,-24,-74,-20,-73,-20,-77,-15,-74,-16,-78,-14,-77,-14,-79,-12,-77,-12,-76,-9,-80,-11,-81,-7,-82,-8,-76,-4,-83,-4,-80,-1,-78,-1,-78,4,-78,2,-79,5,-81,7,-76,8,-76,10,-78,14,-77,13,-72,13,-75,19,-74,15,-68,0,0]"
CSI_DATA,246,2a:00:00:00:00:00,-43,11,1,0,1,1,1,0,0,0,1,-96,0,11,2,3476409,0,44,0,384,0,"[0,0,0,0,0,0,0,0,0,0,0,0,-11,0,-11,0,-10,0,-10,0,-10,0,-10,0,-9,0,-9,0,-8,0,-7,0,-8,0,-7,0,-7,0,-7,0,-6,0,-6,0,-6,0,-6,0,-5,0,-5,0,-5,0,-5,0,-5,0,-4,0,-4,0,-4,0,0,0,-4,0,-3,0,-3,1,-3,1,-2,1,-3,1,-2,1,-2,1,-2,1,-2,1,-2,1,-2,2,-2,2,-2,2,-2,1,-2,1,-2,1,-2,1,-3,1,-3,1,-3,1,-3,1,-3,1,-3,1,-3,1,-3,0,0,0,0,0,0,0,0,0,0,0,0,0,0,0,-67,-2,-65,-1,-64,0,-62,-3,-60,-2,-58,-4,-56,-6,-53,-3,-47,-5,-49,-5,-48,-7,-45,-5,-45,-7,-40,-6,-40,-5,-41,-3,-38,-2,-36,-2,-35,0,-33,-4,-32,-5,-29,-2,-29,0,-27,-1,-26,-2,-26,1,-22,-1,-23,2,-21,3,-20,0,-21,1,-18,2,-16,5,-16,6,-13,2,-14,5,-15,7,-11,9,-12,10,-13,8,-12,7,-11,8,-11,9,-12,12,-11,12,-11,9,-13,9,-15,13,-12,10,-14,9,-12,8,-12,7,-13,8,-16,8,-13,6,-15,5,-16,4,0,0,0,0,0,0,0,0,0,0,0,0,0,0,0,0,0,0,0,0,0,0,-25,8,-26,5,-27,4,-30,2,-31,0,-31,3,-33,-2,-37,-4,-40,-6,-37,-9,-41,-8,-42,-12,-45,-13,-47,-17,-49,-19,-47,-24,-52,-26,-49,-28,-51,-31,-51,-36,-50,-38,-54,-41,-51,-46,-53,-49,-49,-52,-50,-54,-44,-59,-45,-63,-42,-63,-44,-64,-40,-64,-40,-67,-36,-68,-36,-70,-32,-72,-32,-72,-30,-71,-32,-74,-30,-75,-33,-73,-29,-76,-28,-72,-27,-77,-26,-75,-23,-77,-21,-79,-21,-78,-18,-78,-15,-79,-16,-73,-14,-78,-11,-79,-12,-79,-9,-74,-9,-76,-8,-77,-7,-74,0,0]"
CSI_DATA,247,2a:00:00:00:00:00,-43,11,1,0,1,1,1,0,0,0,1,-96,0,11,2,3486420,0,44,0,384,0,"[0,0,0,0,0,0,0,0,0,0,0,0,-3,10,-3,9,-3,9,-3,9,-3,9,-3,7,-3,8,-3,7,-3,7,-3,7,-3,6,-3,6,-2,6,-2,6,-2,5,-2,5,-2,5,-2,4,-2,5,-2,4,-2,4,-2,4,-2,3,-1,3,-1,3,-1,3,0,0,-1,2,-1,2,-1,2,0,2,0,2,0,2,0,2,0,2,0,2,1,2,1,2,0,2,0,2,1,2,1,2,1,2,0,2,0,2,0,2,0,2,0,2,0,2,0,2,0,2,0,2,-1,2,0,0,0,0,0,0,0,0,0,0,0,0,0,0,-4,67,-10,62,-7,64,-10,59,-8,56,-9,55,-7,53,-8,53,-8,48,-11,48,-7,43,-8,44,-8,43,-8,40,-10,37,-8,37,-11,36,-7,37,-5,33,-7,28,-7,33,-5,27,-3,28,-4,25,-5,25,-3,24,-4,20,-2,21,-1,21,-2,17,-1,19,0,16,0,16,2,14,4,13,3,12,5,13,7,16,7,12,6,13,7,12,8,11,9,12,7,12,6,14,8,11,7,13,6,12,9,12,8,12,8,15,5,14,3,14,4,11,3,12,2,15,1,13,0,0,0,0,0,0,0,0,0,0,0,0,0,0,0,0,0,0,0,0,0,0,9,21,9,23,8,26,3,30,4,29,2,31,1,32,0,36,-1,38,-4,35,-7,41,-7,44,-10,45,-15,49,-15,51,-19,47,-21,54,-23,48,-25,52,-32,52,-35,57,-42,55,-40,50,-45,50,-49,51,-53,48,-57,45,-61,50,-61,43,-66,45,-62,38,-68,39,-65,35,-67,38,-70,35,-73,35,-68,32,-71,32,-72,31,-75,30,-80,30,-74,26,-78,22,-78,24,-75,21,-74,25,-76,21,-78,18,-81,17,-75,11,-76,10,-79,8,-81,7,-68,5,-78,3,-77,1,-71,3,0,0]"
CSI_DATA,248,2a:00:00:00:00:00,-43,11,1,0,1,1,1,0,0,0,1,-96,0,11,2,3496672,0,44,0,384,0,"[0,0,0,0,0,0,0,0,0,0,0,0,-4,-10,-4,-10,-4,-10,-3,-10,-3,-10,-3,-8,-3,-8,-3,-8,-3,-8,-3,-8,-3,-7,-3,-7,-2,-7,-2,-6,-3,-6,-3,-6,-3,-5,-3,-5,-2,-5,-2,-5,-2,-5,-2,-5,-2,-4,-2,-4,-2,-4,-2,-4,0,0,-2,-3,-2,-3,-2,-3,-2,-2,-2,-2,-2,-2,-2,-2,-2,-2,-3,-2,-3,-2,-3,-2,-3,-2,-3,-2,-3,-2,-3,-2,-3,-2,-3,-2,-3,-2,-3,-2,-3,-2,-3,-2,-3,-2,-3,-2,-2,-2,-2,-2,-2,-2,0,0,0,0,0,0,0,0,0,0,0,0,0,0,-34,-58,-31,-57,-33,-57,-29,-55,-30,-51,-28,-50,-25,-50,-26,-50,-21,-47,-27,-44,-21,-44,-21,-41,-20,-38,-19,-38,-17,-37,-18,-35,-16,-34,-15,-31,-15,-28,-17,-28,-19,-28,-15,-26,-16,-28,-13,-22,-11,-23,-13,-21,-13,-23,-12,-20,-11,-19,-12,-16,-9,-13,-11,-14,-9,-12,-9,-8,-13,-10,-10,-8,-12,-7,-13,-6,-13,-7,-15,-5,-15,-7,-18,-6,-16,-5,-17,-4,-15,-3,-16,-8,-19,-5,-16,-7,-16,-6,-16,-7,-16,-7,-14,-6,-14,-5,-14,-6,-13,-9,-15,-10,-12,-11,0,0,0,0,0,0,0,0,0,0,0,0,0,0,0,0,0,0,0,0,0,0,-17,-18,-18,-19,-18,-22,-18,-25,-16,-26,-17,-28,-16,-28,-14,-33,-13,-37,-13,-36,-10,-40,-11,-44,-10,-47,-9,-49,-7,-52,-4,-54,-3,-59,-1,-56,0,-62,3,-64,9,-65,11,-66,14,-70,17,-71,21,-66,22,-71,26,-67,31,-70,34,-69,35,-71,36,-65,40,-67,41,-66,40,-66,43,-66,42,-63,42,-62,48,-66,47,-60,50,-63,50,-62,48,-65,52,-61,54,-61,57,-62,57,-61,55,-57,54,-57,58,-54,60,-51,59,-49,57,-50,61,-49,58,-47,60,-45,62,-45,60,-41,0,0]"
CSI_DATA,249,2a:00:00:00:00:00,-43,11,1,0,1,1,1,0,0,0,1,-96,0,11,2,3506982,0,44,0,384,0,"[0,0,0,0,0,0,0,0,0,0,0,0,10,-4,9,-3,9,-4,8,-3,8,-3,8,-2,8,-3,7,-2,7,-3,6,-2,7,-2,6,-2,6,-2,5,-2,5,-2,5,-2,5,-2,5,-2,4,-2,4,-2,4,-2,3,-2,4,-2,3,-2,3,-2,3,-2,0,0,2,-2,2,-2,2,-2,2,-2,1,-2,1,-2,1,-3,1,-2,1,-2,1,-2,1,-3,1,-3,1,-3,1,-3,1,-3,1,-3,1,-3,1,-3,1,-3,1,-3,1,-2,2,-3,1,-2,2,-2,2,-2,2,-2,0,0,0,0,0,0,0,0,0,0,0,0,0,0,60,-30,56,-28,53,-30,56,-24,56,-26,50,-19,50,-22,48,-18,48,-21,44,-16,44,-15,38,-15,42,-15,40,-15,37,-15,35,-15,32,-14,32,-16,29,-14,30,-12,28,-14,28,-10,25,-13,23,-13,21,-13,19,-10,20,-9,19,-11,15,-11,16,-8,16,-10,13,-7,11,-10,12,-10,10,-10,7,-11,8,-12,8,-15,7,-13,5,-12,8,-15,5,-14,8,-15,5,-12,5,-16,6,-16,5,-15,8,-16,8,-14,9,-13,8,-12,10,-12,11,-12,9,-12,11,-12,10,-12,12,-13,0,0,0,0,0,0,0,0,0,0,0,0,0,0,0,0,0,0,0,0,0,0,15,-22,17,-18,20,-20,21,-17,25,-18,24,-19,27,-18,30,-16,33,-16,34,-16,38,-15,39,-16,44,-15,48,-15,49,-9,52,-8,54,-7,57,-4,57,-2,61,4,64,6,66,6,69,11,69,14,70,16,70,21,70,23,67,27,69,31,67,32,68,35,66,36,64,37,63,39,66,44,63,45,67,44,64,48,64,47,65,43,59,49,62,49,60,53,62,55,56,51,55,57,51,58,55,57,52,62,51,60,48,61,48,59,43,61,44,62,43,60,42,60,41,59,0,0]"
CSI_DATA,250,2a:00:00:00:00:00,-43,11,1,0,1,1,1,0,0,0,1,-96,0,11,2,3526460,0,44,0,384,0,"[0,0,0,0,0,0,0,0,0,0,0,0,-6,-9,-6,-9,-6,-8,-5,-9,-5,-8,-5,-8,-5,-7,-5,-7,-4,-7,-4,-7,-4,-6,-4,-6,-4,-6,-4,-6,-4,-6,-4,-5,-4,-5,-3,-5,-3,-5,-3,-4,-3,-5,-3,-4,-3,-4,-3,-4,-3,-3,-3,-3,0,0,-3,-3,-2,-2,-2,-2,-3,-2,-2,-2,-3,-2,-2,-2,-3,-1,-3,-1,-3,-1,-3,-1,-3,-1,-3,-1,-3,-1,-3,-1,-3,-1,-3,-1,-3,-1,-3,-1,-3,-2,-3,-2,-3,-2,-3,-2,-3,-2,-3,-2,-3,-2,0,0,0,0,0,0,0,0,0,0,0,0,0,0,-12,-65,-8,-64,-11,-63,-10,-60,-11,-60,-12,-58,-7,-55,-6,-54,-7,-51,-6,-50,-5,-48,-3,-47,-2,-44,-2,-39,-7,-37,-5,-38,-4,-37,-7,-36,-5,-33,-5,-32,-7,-33,-8,-29,-3,-29,-3,-26,0,-27,-3,-24,-4,-24,-3,-25,-2,-22,-7,-20,-6,-18,-5,-19,-6,-15,-6,-12,-9,-13,-8,-12,-6,-12,-9,-11,-8,-11,-10,-13,-12,-11,-12,-13,-12,-9,-13,-9,-12,-13,-13,-12,-14,-12,-13,-11,-11,-12,-12,-12,-10,-14,-9,-14,-9,-13,-8,-12,-8,-14,-8,-14,-9,-13,0,0,0,0,0,0,0,0,0,0,0,0,0,0,0,0,0,0,0,0,0,0,-15,-20,-13,-25,-10,-25,-12,-30,-10,-29,-9,-32,-5,-35,-5,-37,-4,-37,-4,-38,-2,-42,0,-44,0,-48,3,-50,7,-52,9,-51,13,-57,14,-54,16,-58,22,-59,26,-58,30,-62,33,-60,30,-60,38,-56,40,-61,43,-62,49,-60,48,-56,51,-59,50,-53,58,-56,57,-48,62,-49,63,-44,64,-46,62,-46,58,-47,62,-48,62,-48,69,-44,61,-45,67,-44,67,-42,68,-42,73,-41,71,-34,71,-34,74,-32,69,-28,71,-29,72,-31,74,-25,68,-24,68,-27,73,-22,67,-21,0,0]"
CSI_DATA,251,2a:00:00:00:00:00,-43,11,1,0,1,1,1,0,0,0,1,-96,0,11,2,3536427,0,44,0,384,0,"[0,0,0,0,0,0,0,0,0,0,0,0,-9,-7,-9,-6,-9,-7,-8,-6,-8,-6,-7,-6,-7,-6,-7,-6,-6,-5,-6,-5,-6,-5,-6,-5,-6,-5,-5,-4,-5,-4,-6,-4,-5,-4,-5,-4,-4,-3,-4,-3,-4,-3,-4,-3,-4,-3,-4,-3,-3,-2,-4,-2,0,0,-3,-2,-3,-2,-3,-1,-3,-1,-3,-1,-3,-1,-3,-1,-3,0,-3,0,-3,0,-3,0,-3,0,-3,0,-3,0,-3,0,-3,0,-3,0,-3,0,-3,0,-3,-1,-3,-1,-3,-1,-3,-1,-3,-1,-3,-1,-3,-1,0,0,0,0,0,0,0,0,0,0,0,0,0,0,-48,-46,-46,-42,-48,-44,-48,-43,-44,-40,-44,-42,-40,-39,-39,-42,-35,-34,-36,-36,-35,-33,-33,-29,-35,-31,-28,-27,-30,-28,-27,-27,-27,-24,-26,-22,-28,-23,-22,-24,-27,-23,-24,-20,-24,-19,-21,-17,-19,-15,-18,-17,-19,-16,-17,-12,-15,-12,-19,-14,-16,-11,-18,-8,-13,-7,-14,-5,-15,-6,-14,-2,-12,-1,-14,1,-13,-3,-15,0,-15,1,-15,-1,-15,3,-17,2,-15,1,-16,0,-18,-1,-18,-1,-18,-3,-17,0,-16,-1,-14,-2,-14,-4,-16,0,-17,-4,-18,-4,-15,-6,0,0,0,0,0,0,0,0,0,0,0,0,0,0,0,0,0,0,0,0,0,0,-22,-10,-25,-12,-23,-14,-25,-20,-24,-19,-26,-23,-26,-22,-26,-22,-25,-30,-26,-29,-24,-33,-27,-37,-26,-38,-25,-42,-26,-45,-19,-47,-25,-54,-20,-49,-21,-57,-18,-61,-19,-61,-12,-65,-9,-65,-11,-68,-5,-70,-4,-74,3,-73,0,-79,8,-73,9,-81,9,-74,15,-77,16,-77,16,-76,16,-78,19,-77,16,-72,21,-76,22,-77,24,-76,28,-79,25,-74,29,-76,29,-74,31,-75,26,-73,32,-75,31,-73,35,-72,37,-64,38,-66,40,-68,42,-69,35,-59,43,-62,46,-62,42,-60,0,0]"
CSI_DATA,252,2a:00:00:00:00:00,-43,11,1,0,1,1,1,0,0,0,1,-96,0,11,2,3546878,0,44,0,384,0,"[0,0,0,0,0,0,0,0,0,0,0,0,-10,-6,-9,-6,-9,-5,-8,-5,-8,-5,-8,-5,-8,-5,-7,-5,-7,-5,-6,-5,-6,-4,-6,-4,-6,-4,-5,-4,-5,-4,-6,-3,-5,-3,-5,-3,-5,-3,-5,-3,-4,-3,-4,-2,-4,-3,-4,-2,-4,-2,-4,-2,0,0,-4,-2,-3,-1,-3,-1,-3,-1,-3,-1,-3,0,-3,0,-3,0,-3,0,-3,0,-3,0,-3,0,-3,0,-3,0,-3,0,-3,0,-3,0,-3,0,-3,0,-3,0,-3,-1,-3,0,-3,0,-3,-1,-3,-1,-3,-1,0,0,0,0,0,0,0,0,0,0,0,0,0,0,-60,-36,-52,-35,-53,-30,-55,-33,-51,-33,-45,-33,-44,-32,-43,-33,-41,-30,-41,-30,-41,-28,-38,-26,-37,-27,-34,-25,-32,-25,-32,-20,-29,-22,-29,-17,-28,-19,-29,-16,-28,-17,-26,-18,-24,-13,-21,-14,-21,-16,-20,-12,-21,-15,-19,-11,-19,-10,-19,-12,-19,-8,-18,-8,-15,-7,-12,-4,-16,-3,-12,-1,-13,0,-13,2,-14,0,-15,2,-14,1,-16,2,-14,5,-16,3,-15,1,-16,3,-17,2,-19,1,-15,0,-15,0,-17,-2,-16,1,-18,0,-16,-1,-15,-1,-16,-3,-15,-2,0,0,0,0,0,0,0,0,0,0,0,0,0,0,0,0,0,0,0,0,0,0,-23,-5,-27,-14,-30,-8,-34,-11,-23,-17,-26,-20,-31,-13,-34,-11,-28,-34,-24,-30,-32,-24,-35,-31,-32,-53,-26,-30,-38,-35,-25,-53,-36,-33,-33,-40,-28,-53,-32,-51,-24,-56,-23,-65,-22,-65,-17,-64,-20,-69,-21,-73,-10,-73,-10,-78,-14,-79,-12,-75,-1,-78,0,-81,-6,-81,-7,-75,-4,-83,7,-81,9,-81,7,-77,8,-78,8,-82,13,-80,7,-81,13,-81,15,-80,16,-76,17,-77,20,-81,19,-77,24,-77,24,-74,26,-71,22,-73,31,-73,28,-68,29,-70,30,-71,31,-66,0,0]"
CSI_DATA,253,2a:00:00:00:00:00,-43,11,1,0,1,1,1,0,0,0,1,-96,0,11,2,3568274,0,44,0,384,0,"[0,0,0,0,0,0,0,0,0,0,0,0,-7,-9,-7,-9,-7,-9,-6,-8,-6,-8,-6,-8,-5,-8,-6,-7,-5,-7,-5,-7,-5,-7,-5,-6,-4,-6,-4,-6,-4,-5,-4,-5,-4,-5,-4,-5,-4,-5,-3,-4,-3,-4,-3,-4,-3,-4,-3,-4,-3,-3,-3,-3,0,0,-3,-3,-2,-2,-2,-2,-3,-2,-2,-2,-2,-1,-3,-2,-3,-1,-3,-1,-3,-1,-3,-1,-3,-1,-3,-1,-3,-1,-3,-1,-3,-1,-3,-1,-3,-1,-3,-1,-3,-1,-3,-1,-3,-1,-3,-2,-3,-2,-3,-2,-2,-2,0,0,0,0,0,0,0,0,0,0,0,0,0,0,-36,-55,-29,-59,-32,-49,-32,-52,-27,-54,-24,-47,-24,-50,-22,-47,-21,-47,-20,-44,-20,-42,-20,-41,-17,-39,-15,-39,-14,-37,-17,-35,-13,-35,-14,-32,-13,-29,-14,-31,-15,-28,-15,-26,-13,-23,-14,-23,-10,-24,-10,-21,-11,-22,-12,-19,-8,-18,-11,-18,-10,-17,-10,-15,-10,-12,-10,-10,-12,-10,-10,-7,-10,-7,-14,-4,-10,-5,-14,-7,-16,-10,-15,-7,-15,-5,-14,-5,-15,-6,-15,-7,-17,-7,-16,-7,-13,-9,-16,-8,-14,-8,-15,-8,-15,-8,-16,-10,-13,-10,-11,-11,-9,-11,0,0,0,0,0,0,0,0,0,0,0,0,0,0,0,0,0,0,0,0,0,0,-20,-15,-19,-17,-21,-21,-18,-21,-21,-23,-16,-25,-17,-27,-19,-31,-18,-32,-16,-35,-15,-38,-14,-42,-14,-43,-14,-46,-9,-44,-10,-52,-7,-52,-6,-57,-5,-55,-2,-60,4,-62,3,-67,8,-71,13,-68,18,-69,18,-71,23,-67,24,-67,28,-73,28,-66,32,-68,33,-65,34,-68,31,-65,38,-66,39,-65,42,-66,42,-66,44,-62,44,-65,44,-59,48,-65,45,-58,53,-64,47,-55,47,-63,52,-57,52,-55,52,-57,58,-52,59,-48,54,-50,56,-46,60,-49,60,-44,56,-40,58,-42,0,0]"
CSI_DATA,254,2a:00:00:00:00:00,-43,11,1,0,1,1,1,0,0,0,1,-96,0,11,2,3576366,0,44,0,384,0,"[0,0,0,0,0,0,0,0,0,0,0,0,6,8,6,7,6,7,5,7,5,7,4,6,5,6,4,6,4,5,4,5,4,5,4,5,3,5,3,4,3,4,4,4,3,3,3,4,3,3,2,3,2,3,2,3,2,3,2,2,2,2,2,2,0,0,2,1,2,1,1,1,2,1,1,0,2,0,2,0,2,0,2,0,2,0,2,0,2,0,2,0,2,0,2,0,2,0,2,0,2,0,2,0,2,0,2,0,2,0,2,0,2,0,2,0,2,1,0,0,0,0,0,0,0,0,0,0,0,0,0,0,50,43,43,45,44,40,44,42,44,41,39,39,39,39,35,39,32,38,34,37,30,34,30,33,31,32,27,28,27,28,29,26,25,25,25,24,21,23,23,20,26,19,22,20,20,17,19,16,17,15,16,16,19,14,15,12,14,13,19,11,17,8,14,10,13,6,15,5,14,5,12,4,12,2,11,-1,14,0,15,-2,14,0,15,-1,14,-1,14,-2,16,-3,16,-1,16,0,17,-2,15,0,16,1,17,1,16,2,14,-1,17,0,15,2,13,2,14,6,0,0,0,0,0,0,0,0,0,0,0,0,0,0,0,0,0,0,0,0,0,0,21,12,20,13,23,18,22,18,22,24,20,22,19,24,21,28,23,29,22,31,20,35,20,38,20,39,21,44,19,47,17,50,16,52,13,54,14,56,13,61,7,61,5,68,3,68,0,70,-2,71,-6,73,-9,72,-11,76,-14,74,-16,77,-19,73,-20,73,-20,73,-22,73,-25,74,-27,74,-25,74,-25,74,-28,73,-27,72,-34,73,-30,73,-34,73,-36,73,-33,69,-35,71,-37,69,-38,69,-39,69,-44,67,-41,66,-41,65,-45,62,-40,56,-45,59,-45,58,-47,56,0,0]"
CSI_DATA,255,2a:00:00:00:00:00,-43,11,1,0,1,1,1,0,0,0,1,-96,0,11,2,3606714,0,44,0,384,0,"[0,0,0,0,0,0,0,0,0,0,0,0,10,2,9,1,9,2,8,2,8,2,8,2,8,2,7,2,7,2,6,2,6,1,6,1,5,1,5,1,5,1,5,1,5,1,5,1,4,0,4,0,4,1,3,0,4,0,3,0,3,0,3,0,0,0,3,0,2,0,2,-1,2,-1,1,-1,2,-1,1,-2,2,-2,2,-1,2,-2,2,-2,2,-2,2,-2,2,-2,2,-2,2,-2,2,-2,2,-2,2,-2,2,-1,2,-1,2,-2,2,-1,2,-1,2,-1,2,-1,0,0,0,0,0,0,0,0,0,0,0,0,0,0,64,17,62,17,58,18,57,19,57,18,55,18,49,19,49,18,47,17,45,16,45,18,40,14,43,14,37,14,36,12,38,12,34,10,33,9,31,12,31,13,31,11,30,10,27,4,25,7,25,6,21,4,22,5,21,4,18,6,20,6,19,5,18,3,15,0,16,-2,14,0,13,-4,11,-6,13,-5,14,-7,14,-3,13,-4,13,-6,13,-6,13,-9,13,-8,15,-8,14,-5,15,-8,14,-4,14,-7,13,-7,14,-6,16,-5,15,-4,15,-5,15,-2,14,0,0,0,0,0,0,0,0,0,0,0,0,0,0,0,0,0,0,0,0,0,0,0,24,-4,26,-1,28,1,30,1,30,4,30,6,31,8,34,11,35,11,35,13,38,17,41,18,41,20,43,25,44,28,39,33,45,36,43,37,44,39,41,47,42,47,41,52,41,54,37,55,37,62,36,64,33,68,31,69,27,68,26,71,23,71,22,72,17,74,18,74,17,75,16,79,18,74,15,76,13,77,15,78,9,80,8,80,5,79,6,81,4,78,1,77,-2,80,0,78,-2,79,-4,77,-5,78,-6,78,-11,80,-9,72,-9,72,-12,71,-11,71,0,0]"
CSI_DATA,256,2a:00:00:00:00:00,-43,11,1,0,1,1,1,0,0,0,1,-96,0,11,2,3642186,0,44,0,384,0,"[0,0,0,0,0,0,0,0,0,0,0,0,9,4,9,3,9,3,8,4,8,4,7,3,7,3,7,3,6,3,6,3,6,3,6,3,5,2,5,2,5,2,5,2,5,2,4,2,4,1,4,1,4,1,3,1,4,1,3,1,3,1,3,1,0,0,3,0,2,0,2,0,2,0,2,-1,2,-1,2,-1,2,-1,2,-1,2,-1,2,-1,2,-1,2,-1,2,-1,2,-1,2,-1,2,-2,2,-1,2,-1,2,-1,2,-1,2,-1,2,-1,2,-1,2,0,2,0,0,0,0,0,0,0,0,0,0,0,0,0,0,0,60,30,55,32,55,30,53,28,52,28,47,28,44,26,42,28,41,23,40,26,39,26,37,25,38,23,34,20,34,22,34,21,31,20,28,18,26,15,29,17,29,15,27,14,23,10,24,13,20,14,21,12,21,11,20,10,16,9,20,6,19,8,15,6,14,4,13,5,15,2,11,3,12,-2,14,-2,13,-2,14,-2,15,-1,14,-2,13,-5,15,-4,17,-3,15,-3,16,-2,15,-2,14,-1,15,-1,15,-3,15,-1,15,-1,18,0,16,1,16,1,13,2,0,0,0,0,0,0,0,0,0,0,0,0,0,0,0,0,0,0,0,0,0,0,24,1,26,3,26,4,27,7,29,9,29,11,29,12,32,16,33,19,33,19,34,23,34,24,36,28,37,30,35,31,36,36,35,40,35,43,37,46,34,50,32,53,34,58,30,62,28,65,25,66,24,68,22,71,17,75,14,72,15,72,11,75,7,76,7,75,7,76,4,76,0,76,2,77,-1,77,-1,78,-2,80,-7,77,-3,79,-8,83,-9,80,-9,80,-12,75,-15,79,-13,80,-19,76,-21,73,-19,73,-20,75,-24,75,-26,71,-25,70,-25,68,-24,66,0,0]"
CSI_DATA,257,2a:00:00:00:00:00,-43,11,1,0,1,1,1,0,0,0,1,-96,0,11,2,3648504,0,44,0,384,0,"[0,0,0,0,0,0,0,0,0,0,0,0,10,-1,10,-1,9,-1,9,-1,8,-1,8,-1,8,0,8,0,7,0,7,-1,7,-1,7,0,6,-1,6,-1,5,-1,6,-1,5,-1,5,-1,4,-1,4,-1,4,-1,4,-1,4,-1,3,-1,3,-1,3,-1,0,0,3,-1,2,-1,2,-2,2,-1,2,-2,1,-2,1,-2,1,-2,1,-2,1,-2,1,-2,1,-2,1,-3,1,-3,1,-2,1,-3,2,-3,2,-2,2,-2,2,-2,2,-2,2,-2,2,-2,2,-2,2,-2,2,-2,0,0,0,0,0,0,0,0,0,0,0,0,0,0,-44,-53,-37,-53,-41,-51,-40,-48,-44,-48,-40,-49,-30,-46,-35,-46,-29,-40,-27,-39,-28,-37,-31,-36,-29,-33,-17,-29,-24,-30,-30,-28,-27,-29,-23,-29,-24,-28,-22,-22,-20,-24,-22,-21,-17,-21,-15,-21,-12,-20,-16,-15,-17,-11,-15,-12,-10,-13,-13,-15,-14,-11,-14,-11,-8,-9,-10,-8,-15,-9,-11,-4,-12,0,-12,-1,-13,-3,-17,-4,-12,-3,-16,-2,-16,0,-13,3,-13,2,-13,2,-16,0,-11,-1,-13,-6,-15,1,-14,-1,-17,0,-14,-1,-14,0,-17,-1,-16,-3,-13,-6,0,0,0,0,0,0,0,0,0,0,0,0,0,0,0,0,0,0,0,0,0,0,-25,-19,-12,-14,-14,-12,-16,-13,-24,-36,-34,-31,-20,-25,-3,-37,-8,-43,-23,-27,-16,-43,-19,-34,-11,-40,-15,-52,-3,-46,-10,-47,-6,-61,-2,-62,-11,-71,2,-55,-6,-61,7,-71,6,-70,8,-69,12,-70,13,-74,21,-68,16,-76,20,-76,28,-76,21,-74,34,-81,29,-68,41,-77,30,-81,36,-77,39,-68,35,-70,37,-70,36,-72,41,-71,34,-71,41,-72,42,-68,42,-70,38,-68,43,-67,47,-65,48,-67,49,-60,48,-57,49,-63,55,-62,44,-53,50,-56,54,-53,50,-50,0,0]"
CSI_DATA,258,2a:00:00:00:00:00,-43,11,1,0,1,1,1,0,0,0,1,-96,0,11,2,3657316,0,44,0,384,0,"[0,0,0,0,0,0,0,0,0,0,0,0,9,5,9,5,8,5,8,5,8,5,7,4,7,4,7,4,7,4,6,4,6,4,6,4,5,3,5,3,5,3,5,3,5,2,4,2,4,2,4,2,3,2,3,2,3,2,3,1,3,1,3,1,0,0,2,1,2,1,2,0,2,0,2,0,2,0,2,-1,2,-1,2,-1,2,-1,2,-1,2,-1,2,-1,2,-1,3,-1,2,-1,2,-1,2,-1,2,0,2,0,2,0,2,-1,2,0,2,0,2,0,2,0,0,0,0,0,0,0,0,0,0,0,0,0,0,0,-2,-68,-2,-66,-4,-61,-3,-64,1,-60,2,-56,2,-56,3,-52,3,-56,1,-46,2,-42,2,-43,3,-40,4,-40,0,-36,0,-39,5,-35,0,-37,6,-37,-3,-33,0,-28,0,-26,-2,-31,0,-29,2,-22,3,-23,-1,-23,-2,-19,2,-20,-2,-22,-1,-18,-10,-17,-1,-13,-3,-14,-8,-12,-1,-13,-4,-11,-4,-11,-4,-13,-12,-7,-9,-10,-15,-12,-9,-10,-9,-9,-8,-14,-14,-10,-5,-11,-13,-8,-12,-11,-7,-10,-8,-12,-8,-12,-6,-14,-5,-12,-9,-8,-1,-14,-4,-11,0,0,0,0,0,0,0,0,0,0,0,0,0,0,0,0,0,0,0,0,0,0,-12,-22,-9,-25,-13,-26,-8,-26,-9,-30,-6,-29,-4,-33,-3,-39,-1,-41,-2,-42,2,-44,4,-44,1,-47,6,-50,9,-49,14,-51,15,-53,15,-58,18,-56,30,-53,26,-58,31,-61,36,-62,38,-59,42,-56,44,-60,50,-58,53,-53,55,-51,61,-49,58,-49,60,-48,63,-46,62,-45,65,-45,64,-43,63,-45,64,-43,67,-41,69,-42,70,-40,69,-43,70,-37,71,-38,70,-32,67,-35,69,-30,71,-26,74,-27,78,-25,77,-21,73,-28,70,-18,73,-18,77,-14,74,-15,75,-11,0,0]"
CSI_DATA,259,2a:00:00:00:00:00,-43,11,1,0,1,1,1,0,0,0,1,-96,0,11,2,3668064,0,44,0,384,0,"[0,0,0,0,0,0,0,0,0,0,0,0,-11,3,-11,3,-10,3,-10,2,-10,2,-9,2,-9,2,-9,2,-9,2,-7,2,-8,2,-7,2,-7,2,-6,2,-6,2,-6,2,-6,1,-6,1,-5,1,-5,1,-5,1,-5,1,-5,1,-4,1,-4,1,-4,1,0,0,-3,1,-3,1,-3,1,-3,1,-2,1,-2,2,-2,2,-2,2,-2,2,-2,2,-2,2,-2,2,-2,2,-2,2,-2,2,-2,2,-2,2,-2,2,-2,2,-2,2,-2,2,-2,2,-2,2,-2,1,-3,1,-2,1,0,0,0,0,0,0,0,0,0,0,0,0,0,0,-66,9,-65,8,-61,9,-62,4,-63,4,-55,2,-55,3,-54,2,-52,-1,-49,0,-48,1,-47,-3,-44,0,-41,-1,-42,-2,-41,3,-37,0,-33,0,-33,2,-31,3,-34,2,-32,0,-26,4,-26,3,-27,2,-23,3,-25,-1,-23,2,-19,4,-19,0,-22,1,-17,2,-14,4,-11,5,-16,5,-12,7,-12,10,-12,10,-9,9,-13,7,-10,10,-10,10,-11,11,-11,13,-10,12,-13,11,-12,10,-12,13,-12,10,-12,11,-12,12,-13,10,-14,10,-13,8,-12,8,-14,5,-13,6,0,0,0,0,0,0,0,0,0,0,0,0,0,0,0,0,0,0,0,0,0,0,-22,11,-23,8,-25,9,-28,8,-32,6,-30,3,-32,3,-34,3,-40,1,-40,0,-41,-6,-44,-5,-47,-8,-48,-9,-48,-12,-54,-16,-56,-18,-56,-22,-55,-23,-56,-26,-57,-31,-59,-34,-58,-40,-61,-40,-56,-45,-56,-47,-53,-52,-50,-52,-51,-56,-52,-56,-49,-58,-47,-61,-45,-63,-45,-60,-44,-67,-44,-66,-46,-68,-43,-66,-39,-70,-42,-68,-38,-68,-40,-71,-38,-71,-37,-74,-33,-71,-33,-73,-31,-74,-31,-74,-27,-75,-26,-75,-24,-74,-21,-77,-18,-76,-19,-74,-19,-73,-16,-72,-16,-73,0,0]"
CSI_DATA,260,2a:00:00:00:00:00,-43,11,1,0,1,1,1,0,0,0,1,-96,0,11,2,3678005,0,44,0,384,0,"[0,0,0,0,0,0,0,0,0,0,0,0,-11,2,-11,2,-10,2,-10,2,-9,1,-9,1,-9,1,-9,1,-9,1,-8,1,-8,1,-8,1,-7,1,-7,1,-6,1,-7,0,-6,0,-6,0,-5,1,-5,1,-5,1,-5,0,-5,0,-4,0,-4,0,-4,0,0,0,-4,0,-3,1,-3,1,-3,1,-3,1,-2,1,-2,1,-2,1,-2,1,-2,1,-2,1,-2,1,-2,2,-2,2,-2,1,-2,1,-3,2,-3,1,-3,1,-2,1,-3,1,-3,1,-3,1,-3,1,-3,1,-3,0,0,0,0,0,0,0,0,0,0,0,0,0,0,0,-65,-3,-65,-5,-62,-3,-61,-3,-62,-5,-57,-7,-55,-7,-54,-7,-49,-6,-49,-7,-46,-11,-46,-8,-44,-7,-44,-4,-39,-10,-42,-8,-39,-4,-35,-5,-31,-1,-32,-6,-31,-6,-31,-8,-27,-1,-27,-2,-27,-3,-28,-6,-24,-3,-22,0,-20,-2,-22,0,-18,-1,-18,-2,-14,1,-16,1,-14,2,-14,4,-13,7,-14,8,-13,5,-11,8,-14,6,-12,7,-14,9,-13,10,-15,8,-12,8,-12,7,-14,8,-14,6,-14,6,-15,4,-16,6,-14,4,-17,7,-18,8,-14,2,-15,2,0,0,0,0,0,0,0,0,0,0,0,0,0,0,0,0,0,0,0,0,0,0,-21,13,-23,9,-26,11,-27,6,-30,7,-31,6,-33,2,-34,3,-38,0,-38,0,-40,-1,-45,-2,-48,-6,-51,-9,-53,-12,-50,-15,-52,-19,-55,-22,-57,-21,-54,-27,-56,-30,-58,-36,-56,-39,-58,-41,-55,-45,-56,-49,-55,-52,-53,-57,-48,-58,-49,-58,-45,-59,-45,-62,-44,-61,-42,-67,-41,-66,-39,-68,-37,-69,-37,-70,-36,-70,-38,-72,-33,-73,-31,-73,-30,-74,-31,-79,-27,-74,-26,-74,-21,-78,-22,-75,-18,-78,-17,-77,-16,-75,-18,-81,-14,-77,-7,-75,-12,-74,-10,-74,-8,-74,0,0]"
CSI_DATA,261,2a:00:00:00:00:00,-43,11,1,0,1,1,1,0,0,0,1,-96,0,11,2,3688021,0,44,0,384,0,"[0,0,0,0,0,0,0,0,0,0,0,0,1,10,1,9,1,10,1,9,1,9,0,8,1,8,0,8,0,7,1,7,0,7,1,6,1,6,1,6,0,6,1,5,1,5,1,5,1,5,1,5,1,4,1,4,0,4,1,4,0,3,0,3,0,0,1,2,1,2,1,2,1,1,1,2,1,1,1,1,1,1,2,1,2,1,2,1,2,1,2,1,2,1,2,1,2,1,2,1,2,1,2,1,2,1,2,1,2,1,1,2,1,1,1,2,1,2,0,0,0,0,0,0,0,0,0,0,0,0,0,0,16,64,12,63,13,61,13,56,10,61,9,54,9,58,6,53,8,50,5,43,6,45,7,40,6,43,6,42,5,39,8,35,5,37,6,34,5,34,7,31,7,28,6,28,6,27,8,26,4,25,7,25,5,22,6,20,2,21,7,16,6,17,6,14,7,16,4,15,10,11,7,12,10,11,9,10,11,8,11,5,12,10,10,8,10,10,12,7,11,9,14,9,14,7,13,9,12,6,11,9,12,12,12,10,10,11,10,9,10,10,8,12,7,12,0,0,0,0,0,0,0,0,0,0,0,0,0,0,0,0,0,0,0,0,0,0,14,19,12,22,12,27,13,24,10,29,7,30,7,29,6,32,7,36,4,38,3,40,1,40,0,44,-2,48,-6,49,-8,52,-10,54,-13,57,-13,56,-18,58,-23,58,-26,64,-29,61,-33,60,-38,59,-41,62,-44,60,-45,58,-51,57,-50,57,-51,57,-52,54,-55,54,-53,53,-59,54,-57,51,-59,51,-62,49,-63,49,-66,49,-65,44,-67,49,-65,44,-70,47,-66,39,-66,44,-67,38,-68,40,-70,40,-72,37,-70,31,-69,32,-69,30,-67,27,-73,25,-71,28,-72,24,0,0]"
CSI_DATA,262,2a:00:00:00:00:00,-43,11,1,0,1,1,1,0,0,0,1,-96,0,11,2,3706463,0,44,0,384,0,"[0,0,0,0,0,0,0,0,0,0,0,0,6,-10,6,-9,5,-9,5,-8,5,-8,5,-8,5,-7,5,-7,5,-7,4,-6,4,-6,4,-6,3,-6,3,-6,3,-5,3,-5,3,-5,3,-5,2,-5,2,-5,2,-4,2,-4,2,-4,2,-4,1,-4,1,-4,0,0,1,-3,1,-3,0,-3,0,-3,0,-3,0,-3,0,-3,0,-3,-1,-3,-1,-3,-1,-3,-1,-3,-1,-3,-1,-3,-1,-3,-1,-3,-1,-4,-1,-3,-1,-3,-1,-3,0,-3,0,-3,0,-3,0,-3,0,-3,0,-3,0,0,0,0,0,0,0,0,0,0,0,0,0,0,36,-57,35,-54,36,-52,34,-49,34,-51,34,-45,31,-46,30,-43,29,-42,30,-37,27,-36,27,-37,27,-34,27,-34,24,-32,25,-32,21,-30,19,-29,18,-29,19,-26,15,-27,17,-26,16,-26,12,-25,13,-25,12,-22,13,-17,10,-24,10,-19,10,-15,8,-17,6,-16,3,-16,5,-16,3,-12,2,-15,1,-13,0,-14,-1,-16,-1,-15,-3,-14,-3,-15,-3,-16,-3,-17,-2,-18,-4,-15,-5,-17,-2,-19,-2,-16,-1,-16,-1,-16,-2,-16,0,-16,1,-17,0,-17,1,-16,0,-12,0,0,0,0,0,0,0,0,0,0,0,0,0,0,0,0,0,0,0,0,0,0,6,-25,11,-23,12,-27,15,-27,17,-26,17,-26,18,-26,19,-26,27,-29,26,-27,30,-31,31,-31,34,-31,37,-31,38,-31,44,-29,48,-29,51,-28,51,-29,57,-23,59,-23,63,-20,65,-19,68,-18,69,-14,74,-13,75,-7,72,-5,76,-3,78,-1,76,0,77,3,79,7,75,7,78,7,77,10,77,8,78,12,78,12,79,12,76,16,79,16,79,19,78,19,73,22,76,19,72,23,74,24,73,26,73,27,70,29,72,32,69,32,67,34,69,31,66,34,67,35,0,0]"
CSI_DATA,263,2a:00:00:00:00:00,-43,11,1,0,1,1,1,0,0,0,1,-96,0,11,2,3726407,0,44,0,384,0,"[0,0,0,0,0,0,0,0,0,0,0,0,-8,-8,-7,-8,-7,-8,-7,-8,-7,-8,-6,-7,-6,-7,-6,-7,-5,-7,-5,-6,-5,-6,-5,-6,-5,-6,-5,-6,-4,-5,-5,-5,-4,-5,-4,-4,-4,-4,-4,-4,-4,-4,-4,-4,-4,-3,-3,-4,-3,-3,-3,-3,0,0,-3,-2,-3,-3,-3,-2,-3,-2,-3,-2,-3,-1,-3,-1,-3,-1,-3,-1,-3,-1,-3,-1,-3,-1,-3,-1,-3,-1,-3,-1,-3,-1,-3,-1,-3,-1,-4,-1,-3,-1,-3,-1,-3,-1,-3,-1,-3,-1,-3,-2,-3,-2,0,0,0,0,0,0,0,0,0,0,0,0,0,0,-41,-52,-42,-55,-37,-50,-36,-49,-38,-50,-34,-44,-34,-47,-26,-47,-27,-44,-28,-39,-25,-41,-26,-36,-28,-37,-22,-35,-24,-34,-22,-30,-20,-31,-22,-27,-18,-27,-23,-26,-22,-24,-20,-22,-18,-23,-17,-22,-18,-22,-14,-21,-16,-19,-15,-17,-13,-16,-17,-14,-14,-11,-11,-14,-10,-9,-9,-8,-14,-7,-13,-9,-15,-5,-14,-5,-14,-3,-17,-1,-17,-4,-15,-4,-14,0,-16,-2,-16,0,-18,-3,-17,-5,-18,-4,-16,-3,-16,-5,-16,-3,-15,-6,-15,-4,-15,-3,-16,-6,-12,-8,-13,-9,0,0,0,0,0,0,0,0,0,0,0,0,0,0,0,0,0,0,0,0,0,0,-22,-14,-20,-16,-21,-19,-20,-21,-21,-23,-21,-24,-19,-29,-20,-31,-18,-33,-20,-35,-19,-39,-19,-39,-21,-45,-16,-47,-14,-47,-13,-53,-11,-54,-12,-57,-7,-56,-5,-60,-6,-65,1,-68,3,-68,7,-71,8,-71,11,-73,17,-74,17,-72,22,-72,22,-70,24,-72,28,-72,28,-73,31,-69,33,-72,34,-70,32,-73,35,-72,36,-69,39,-71,39,-67,39,-71,40,-69,42,-71,42,-65,45,-65,47,-64,45,-64,48,-61,51,-62,52,-58,50,-60,52,-54,53,-56,54,-54,51,-52,53,-49,0,0]"
CSI_DATA,264,2a:00:00:00:00:00,-43,11,1,0,1,1,1,0,0,0,1,-96,0,11,2,3737019,0,44,0,384,0,"[0,0,0,0,0,0,0,0,0,0,0,0,-5,9,-5,8,-4,9,-4,8,-4,8,-4,7,-4,7,-4,7,-4,6,-4,6,-4,6,-4,6,-3,5,-3,5,-3,5,-3,5,-3,4,-3,4,-2,4,-2,4,-2,4,-2,4,-2,3,-2,3,-2,3,-2,3,0,0,-1,2,-1,2,-1,2,0,2,0,2,0,2,0,2,0,2,0,2,0,2,1,2,0,2,0,2,0,2,1,2,1,2,0,2,0,2,1,2,0,2,0,2,0,2,0,2,0,2,0,2,0,2,0,0,0,0,0,0,0,0,0,0,0,0,0,0,-15,67,-14,61,-15,61,-13,58,-18,55,-17,54,-18,50,-17,52,-16,48,-16,45,-14,42,-13,41,-13,43,-13,38,-15,35,-14,35,-11,35,-10,34,-13,32,-8,30,-9,31,-8,28,-5,25,-5,28,-10,24,-7,25,-4,23,-4,21,-6,21,-3,19,-3,16,-1,16,-1,16,0,16,3,12,1,13,2,12,3,14,3,11,8,14,6,12,7,12,5,12,4,15,5,14,6,12,5,15,7,12,5,14,6,14,5,13,6,14,5,15,4,15,3,16,2,14,-1,14,0,0,0,0,0,0,0,0,0,0,0,0,0,0,0,0,0,0,0,0,0,0,5,21,7,25,3,24,-1,29,-1,29,-4,31,-6,31,-6,33,-8,37,-8,36,-14,38,-16,42,-17,41,-22,43,-25,47,-27,45,-30,46,-36,48,-36,49,-38,46,-43,47,-49,48,-51,43,-53,44,-60,42,-60,42,-64,36,-66,38,-67,34,-72,35,-68,29,-73,29,-70,28,-72,26,-74,26,-76,23,-71,24,-74,20,-76,22,-78,19,-80,15,-78,15,-80,13,-81,15,-78,9,-81,14,-80,12,-79,9,-82,6,-76,2,-77,0,-79,0,-77,-5,-72,-4,-77,-6,-77,-5,-71,-7,0,0]"
CSI_DATA,265,2a:00:00:00:00:00,-43,11,1,0,1,1,1,0,0,0,1,-96,0,11,2,3759501,0,44,0,384,0,"[0,0,0,0,0,0,0,0,0,0,0,0,0,10,-1,9,0,10,-1,9,-1,9,-1,8,-1,7,-1,7,-1,7,-1,7,-1,6,-1,6,-1,6,-1,6,-1,6,-1,5,0,5,-1,5,0,5,0,4,-1,4,0,4,0,3,-1,4,-1,3,0,3,0,0,0,2,0,2,0,2,0,2,0,2,1,2,1,2,1,1,1,1,1,1,1,1,1,2,1,2,1,2,1,2,1,2,1,2,1,2,1,2,1,2,1,2,1,2,1,2,0,2,0,2,0,2,0,0,0,0,0,0,0,0,0,0,0,0,0,0,10,66,9,63,10,61,10,57,10,59,5,54,6,57,5,53,4,50,6,44,5,45,3,42,2,43,2,39,1,39,7,37,3,41,5,34,6,33,6,32,4,30,6,28,4,28,3,28,4,25,3,25,7,24,5,24,1,22,7,18,7,17,6,15,6,14,6,14,8,12,5,12,7,9,9,10,7,9,12,8,11,7,15,10,12,11,12,10,12,9,13,10,12,10,11,10,12,9,11,11,12,8,12,11,10,10,8,10,10,10,9,13,7,12,0,0,0,0,0,0,0,0,0,0,0,0,0,0,0,0,0,0,0,0,0,0,11,19,9,24,10,26,8,28,7,28,5,32,3,32,3,33,2,40,-1,42,-1,41,-3,43,-2,46,-10,50,-8,50,-13,53,-14,53,-18,55,-21,56,-22,56,-27,58,-31,61,-37,56,-37,59,-42,56,-45,59,-50,56,-53,56,-54,55,-55,51,-58,50,-59,49,-59,49,-62,49,-63,48,-63,45,-63,43,-65,45,-66,43,-66,42,-70,40,-68,40,-69,38,-72,40,-69,34,-68,33,-70,32,-73,34,-75,32,-72,30,-72,29,-72,26,-73,24,-68,24,-71,22,-71,20,-73,16,0,0]"
CSI_DATA,266,2a:00:00:00:00:00,-43,11,1,0,1,1,1,0,0,0,1,-96,0,11,2,3766362,0,44,0,384,0,"[0,0,0,0,0,0,0,0,0,0,0,0,10,2,10,1,10,2,9,2,9,2,8,2,8,2,8,2,7,1,7,2,7,1,7,1,6,1,6,1,5,1,6,0,5,0,5,0,4,0,4,0,4,0,4,0,4,0,3,0,3,0,3,0,0,0,3,0,2,-1,2,-1,2,-1,2,-1,2,-1,2,-2,2,-2,2,-2,2,-2,2,-2,2,-2,1,-2,2,-3,2,-2,2,-2,2,-2,2,-2,2,-2,2,-2,2,-2,2,-2,2,-2,2,-2,2,-1,2,-1,0,0,0,0,0,0,0,0,0,0,0,0,0,0,64,15,60,17,60,16,60,15,59,18,55,16,53,15,48,16,46,15,47,15,45,13,44,14,43,11,37,12,37,12,37,11,35,12,31,11,28,10,32,9,32,6,29,8,25,5,23,6,25,7,22,4,25,4,18,2,18,5,19,1,18,3,18,1,15,-1,13,-2,14,-3,10,-3,9,-5,12,-8,11,-7,11,-9,12,-5,12,-6,13,-10,12,-9,12,-9,13,-7,15,-10,14,-9,15,-8,16,-7,15,-6,15,-6,13,-6,13,-6,14,-3,14,-1,14,1,0,0,0,0,0,0,0,0,0,0,0,0,0,0,0,0,0,0,0,0,0,0,23,-2,26,0,27,1,29,4,31,7,29,5,31,8,33,10,37,12,36,13,36,16,40,20,40,24,43,26,40,28,40,32,44,34,42,41,42,40,41,43,42,47,44,51,38,58,36,57,34,62,35,62,31,68,29,68,28,70,23,70,24,70,21,73,22,71,20,75,20,76,18,75,14,77,13,77,9,75,11,78,9,78,10,80,9,78,8,79,5,74,4,79,4,80,3,80,0,77,-4,78,-6,76,-10,77,-8,77,-9,74,-8,74,-13,70,-10,72,0,0]"
CSI_DATA,267,2a:00:00:00:00:00,-43,11,1,0,1,1,1,0,0,0,1,-96,0,11,2,3776406,0,44,0,384,0,"[0,0,0,0,0,0,0,0,0,0,0,0,5,-9,5,-9,4,-9,4,-9,4,-8,4,-8,4,-7,4,-7,4,-7,3,-7,3,-6,3,-6,3,-6,3,-6,2,-6,2,-5,2,-5,2,-5,2,-5,2,-5,2,-5,1,-4,1,-4,1,-4,1,-4,1,-3,0,0,1,-3,0,-3,0,-3,0,-3,0,-3,0,-3,0,-3,-1,-3,-1,-3,-1,-3,-1,-3,-1,-3,-1,-3,-1,-3,-1,-3,-1,-3,-1,-3,-1,-3,-1,-3,-1,-3,-1,-3,-1,-3,0,-3,0,-3,0,-3,0,-3,0,0,0,0,0,0,0,0,0,0,0,0,0,0,40,-54,38,-50,39,-53,40,-45,40,-42,37,-45,33,-43,35,-43,35,-35,33,-36,32,-31,31,-30,28,-30,29,-30,26,-28,26,-27,28,-26,23,-27,25,-26,21,-23,25,-24,18,-20,19,-21,20,-21,16,-20,17,-18,15,-17,15,-19,14,-17,10,-16,10,-15,9,-13,8,-15,7,-14,4,-13,5,-14,3,-13,4,-13,4,-13,-1,-14,1,-14,1,-15,2,-17,1,-17,2,-17,2,-18,3,-18,4,-15,1,-17,1,-14,3,-17,4,-19,4,-15,4,-15,7,-15,5,-13,11,-15,0,0,0,0,0,0,0,0,0,0,0,0,0,0,0,0,0,0,0,0,0,0,1,-24,2,-25,6,-27,9,-32,9,-29,12,-31,14,-30,17,-34,20,-32,21,-31,23,-32,26,-34,31,-35,33,-38,38,-36,40,-38,43,-35,48,-34,51,-34,53,-28,56,-29,61,-30,63,-27,65,-23,68,-21,69,-21,71,-17,77,-13,75,-8,78,-7,73,-3,78,-2,77,1,75,3,78,6,76,6,76,4,77,7,78,9,79,6,81,13,75,12,77,17,77,18,77,21,75,23,73,24,72,29,74,30,72,29,71,27,74,30,69,35,63,35,69,33,68,36,66,40,0,0]"
CSI_DATA,268,2a:00:00:00:00:00,-43,11,1,0,1,1,1,0,0,0,1,-96,0,11,2,3786425,0,44,0,384,0,"[0,0,0,0,0,0,0,0,0,0,0,0,-8,-7,-8,-7,-8,-7,-7,-7,-7,-7,-7,-7,-6,-6,-6,-6,-6,-6,-6,-6,-6,-5,-6,-5,-5,-5,-5,-5,-5,-5,-5,-5,-5,-4,-5,-4,-4,-4,-4,-4,-4,-4,-4,-3,-4,-3,-3,-3,-3,-3,-4,-2,0,0,-3,-2,-3,-2,-3,-2,-3,-2,-2,-1,-3,-1,-3,-1,-3,-1,-3,-1,-3,-1,-3,-1,-3,0,-3,0,-3,0,-3,-1,-3,-1,-3,-1,-3,-1,-3,-1,-3,-1,-3,-1,-3,-1,-3,-1,-3,-1,-3,-1,-3,-2,0,0,0,0,0,0,0,0,0,0,0,0,0,0,-43,-54,-36,-51,-42,-51,-38,-50,-35,-44,-35,-50,-30,-41,-31,-45,-27,-40,-27,-44,-26,-38,-26,-36,-26,-36,-20,-32,-23,-33,-22,-34,-22,-31,-20,-29,-18,-29,-21,-24,-24,-26,-21,-23,-21,-23,-18,-20,-15,-20,-17,-18,-13,-18,-16,-17,-11,-16,-12,-14,-14,-14,-14,-15,-12,-9,-11,-9,-12,-7,-14,-5,-12,-4,-12,-3,-15,-2,-14,-4,-13,-4,-14,-3,-16,0,-15,-4,-18,-1,-17,-3,-18,-5,-17,-4,-17,-7,-17,-3,-15,-3,-15,-3,-16,-2,-15,-6,-15,-7,-14,-8,-11,-8,0,0,0,0,0,0,0,0,0,0,0,0,0,0,0,0,0,0,0,0,0,0,-20,-13,-22,-18,-21,-16,-21,-21,-18,-22,-21,-27,-20,-27,-17,-29,-20,-31,-18,-34,-18,-37,-19,-40,-20,-45,-17,-46,-17,-52,-12,-47,-11,-57,-11,-54,-10,-61,-7,-61,-4,-63,-1,-68,1,-65,4,-69,9,-73,10,-72,16,-73,19,-76,19,-68,24,-78,22,-67,27,-74,28,-71,26,-70,29,-74,33,-73,33,-66,32,-71,38,-71,37,-70,42,-72,34,-68,45,-73,39,-66,44,-69,43,-68,44,-66,44,-68,49,-63,48,-58,49,-57,51,-61,53,-60,46,-51,52,-56,52,-58,53,-47,0,0]"
CSI_DATA,269,2a:00:00:00:00:00,-43,11,1,0,1,1,1,0,0,0,1,-96,0,11,2,3796411,0,44,0,384,0,"[0,0,0,0,0,0,0,0,0,0,0,0,-11,1,-11,1,-11,1,-10,1,-10,1,-10,1,-10,0,-9,0,-9,0,-8,0,-8,0,-8,0,-7,0,-7,0,-6,0,-7,0,-6,0,-6,0,-5,0,-5,0,-5,0,-5,0,-5,0,-4,0,-4,1,-4,0,0,0,-4,0,-3,1,-3,1,-3,1,-2,1,-2,1,-2,1,-2,1,-2,1,-2,1,-2,2,-2,2,-2,2,-2,2,-2,2,-2,2,-2,2,-2,2,-3,1,-3,1,-3,1,-3,1,-3,1,-3,1,-3,1,-3,1,0,0,0,0,0,0,0,0,0,0,0,0,0,0,-67,6,-64,5,-61,7,-61,5,-61,2,-58,0,-56,3,-53,3,-48,2,-49,-1,-45,0,-46,-3,-46,0,-41,-2,-40,-3,-39,0,-36,-1,-34,1,-33,3,-34,2,-31,1,-31,-1,-27,2,-26,3,-27,0,-25,1,-25,1,-21,1,-19,1,-19,2,-19,1,-18,2,-15,3,-15,6,-14,3,-16,6,-13,8,-9,10,-13,10,-12,6,-11,9,-12,9,-10,10,-14,10,-10,10,-12,12,-12,11,-13,11,-14,11,-12,9,-13,8,-14,9,-15,9,-15,10,-15,6,-15,7,-15,5,0,0,0,0,0,0,0,0,0,0,0,0,0,0,0,0,0,0,0,0,0,0,-22,12,-26,11,-25,9,-31,8,-31,5,-30,6,-33,3,-38,3,-39,1,-41,-1,-41,-5,-45,-5,-46,-9,-48,-11,-48,-12,-52,-13,-55,-18,-52,-21,-50,-23,-54,-24,-57,-31,-61,-32,-59,-38,-56,-43,-56,-46,-54,-47,-52,-49,-53,-54,-54,-54,-51,-57,-49,-56,-46,-59,-48,-61,-45,-63,-47,-66,-44,-64,-43,-68,-41,-66,-40,-68,-41,-67,-37,-70,-40,-73,-39,-75,-37,-75,-30,-71,-34,-72,-28,-72,-30,-76,-30,-74,-26,-79,-22,-74,-23,-77,-19,-75,-18,-75,-16,-77,-17,-70,-15,-72,0,0]"
CSI_DATA,270,2a:00:00:00:00:00,-43,11,1,0,1,1,1,0,0,0,1,-96,0,11,2,3807430,0,44,0,384,0,"[0,0,0,0,0,0,0,0,0,0,0,0,-4,9,-4,9,-3,9,-4,8,-3,8,-4,7,-4,7,-3,7,-3,6,-3,6,-3,6,-3,6,-3,5,-2,5,-2,5,-3,5,-2,4,-2,4,-2,4,-2,4,-2,4,-2,4,-2,3,-2,3,-1,3,-2,3,0,0,-1,2,-1,2,-1,2,-1,2,0,2,0,2,0,2,0,2,0,2,1,2,1,2,0,2,0,2,0,2,0,2,0,2,0,2,0,2,0,2,0,2,0,2,0,2,0,2,0,2,0,2,0,2,0,0,0,0,0,0,0,0,0,0,0,0,0,0,-20,64,-22,61,-21,61,-23,55,-21,51,-23,54,-20,50,-22,51,-20,45,-22,42,-20,42,-19,40,-17,37,-17,37,-18,34,-16,35,-17,33,-13,32,-11,31,-13,28,-12,28,-14,27,-11,27,-10,24,-7,26,-8,24,-9,20,-5,24,-8,19,-6,17,-4,16,-2,16,-4,16,-3,16,2,12,0,13,0,14,4,13,1,14,4,13,5,13,5,13,3,13,7,15,6,14,6,16,2,15,5,15,5,14,5,14,3,13,2,15,3,16,3,14,-2,15,0,16,-2,13,0,0,0,0,0,0,0,0,0,0,0,0,0,0,0,0,0,0,0,0,0,0,3,24,0,23,-2,27,-6,29,-6,28,-8,30,-11,29,-13,33,-16,36,-17,33,-19,36,-21,38,-26,40,-25,39,-29,41,-34,39,-37,43,-39,41,-43,42,-48,41,-52,38,-57,36,-57,37,-60,36,-64,32,-66,33,-67,28,-71,27,-70,27,-74,22,-72,20,-78,19,-77,18,-76,13,-77,13,-76,11,-77,9,-79,12,-79,9,-79,10,-81,6,-82,5,-81,3,-80,3,-77,0,-80,-2,-80,-8,-79,-5,-78,-5,-81,-8,-79,-10,-79,-11,-76,-15,-73,-16,-78,-14,-74,-15,-71,-17,0,0]"
CSI_DATA,271,2a:00:00:00:00:00,-43,11,1,0,1,1,1,0,0,0,1,-96,0,11,2,3816401,0,44,0,384,0,"[0,0,0,0,0,0,0,0,0,0,0,0,7,7,6,6,6,7,6,6,6,6,5,6,5,5,5,5,4,5,4,5,4,5,4,4,4,4,3,4,3,4,4,3,3,3,3,3,3,3,3,3,2,3,2,2,2,2,2,2,2,2,2,2,0,0,2,1,2,1,2,1,2,0,1,0,2,0,2,0,2,0,2,0,2,0,2,0,2,0,2,0,2,0,2,0,3,0,2,0,2,0,2,0,2,0,2,0,2,0,2,0,2,0,2,1,2,1,0,0,0,0,0,0,0,0,0,0,0,0,0,0,45,47,42,46,46,45,40,45,39,42,34,43,36,41,33,40,29,38,31,37,31,36,29,35,25,31,26,32,25,33,26,28,24,26,22,25,17,28,21,22,24,22,20,21,19,22,18,19,16,18,13,18,17,18,16,15,13,13,16,13,12,13,14,10,11,9,10,9,14,5,13,4,12,4,13,3,13,0,12,2,19,2,15,1,13,0,14,0,14,1,15,2,15,3,15,0,16,2,16,4,14,1,17,3,13,3,14,5,17,7,14,5,12,8,0,0,0,0,0,0,0,0,0,0,0,0,0,0,0,0,0,0,0,0,0,0,21,8,20,13,25,13,25,16,23,18,23,20,24,24,24,27,24,27,26,30,25,34,24,35,25,38,22,38,22,42,22,49,20,50,15,54,16,57,14,61,13,63,10,62,7,70,5,73,4,72,2,73,-2,68,-6,73,-12,75,-11,75,-15,72,-18,74,-24,77,-21,71,-25,77,-23,72,-28,74,-24,76,-24,75,-24,72,-32,70,-30,75,-32,72,-36,72,-34,68,-40,72,-42,66,-40,67,-42,67,-44,67,-42,66,-39,65,-43,59,-48,61,-47,60,-47,57,-51,54,0,0]"
CSI_DATA,272,2a:00:00:00:00:00,-43,11,1,0,1,1,1,0,0,0,1,-96,0,11,2,3836408,0,44,0,384,0,"[0,0,0,0,0,0,0,0,0,0,0,0,2,-10,2,-10,2,-10,2,-10,2,-9,2,-8,2,-8,2,-8,2,-7,2,-8,2,-7,1,-7,1,-6,1,-6,1,-6,1,-6,1,-6,1,-5,1,-6,0,-5,1,-5,1,-5,0,-4,0,-4,0,-4,0,-4,0,0,0,-3,0,-3,-1,-3,-1,-3,-1,-3,-1,-3,-1,-3,-1,-3,-2,-3,-2,-3,-2,-3,-2,-3,-2,-3,-2,-3,-2,-3,-2,-3,-2,-3,-2,-3,-2,-3,-2,-3,-1,-3,-1,-3,-1,-3,-1,-3,-1,-3,-1,-3,0,0,0,0,0,0,0,0,0,0,0,0,0,0,22,-62,24,-61,20,-60,23,-56,21,-54,21,-54,20,-52,21,-51,21,-46,20,-44,20,-40,20,-41,19,-39,16,-37,15,-35,16,-35,15,-34,13,-33,13,-32,11,-30,9,-31,11,-27,10,-28,9,-26,9,-25,9,-23,9,-18,6,-23,7,-20,1,-17,3,-17,2,-16,3,-15,0,-17,0,-14,1,-14,-4,-16,-3,-16,-4,-12,-5,-13,-6,-13,-8,-15,-6,-15,-5,-14,-6,-14,-8,-16,-7,-17,-5,-15,-6,-15,-4,-18,-2,-18,-4,-15,-4,-15,-2,-14,-5,-16,-1,-17,0,-17,0,0,0,0,0,0,0,0,0,0,0,0,0,0,0,0,0,0,0,0,0,0,-4,-25,0,-27,0,-28,3,-30,6,-31,6,-31,10,-33,10,-33,14,-33,13,-38,18,-37,20,-39,22,-42,26,-42,30,-41,33,-42,36,-41,40,-43,45,-42,48,-38,51,-38,56,-39,57,-38,58,-39,62,-35,64,-35,68,-31,68,-27,70,-24,73,-24,72,-19,73,-22,74,-15,75,-15,77,-12,76,-12,75,-13,78,-11,78,-12,78,-9,80,-4,78,-5,80,-6,82,-4,80,-2,81,1,78,3,77,9,77,8,77,8,77,6,74,12,74,12,72,13,76,15,77,15,71,16,0,0]"
CSI_DATA,273,2a:00:00:00:00:00,-43,11,1,0,1,1,1,0,0,0,1,-96,0,11,2,3846686,0,44,0,384,0,"[0,0,0,0,0,0,0,0,0,0,0,0,9,4,8,4,8,4,7,4,7,4,7,4,7,4,6,4,6,3,6,4,6,3,6,3,5,3,5,3,4,3,5,2,5,2,4,2,4,2,4,2,3,2,3,2,3,1,3,1,3,1,3,1,0,0,2,0,2,0,2,0,2,0,2,0,2,-1,2,-1,2,-1,2,-1,2,-1,2,-1,2,-1,2,-1,2,-1,2,-1,2,-1,2,-1,2,-1,2,-1,2,-1,2,-1,2,-1,2,-1,2,-1,2,0,2,0,0,0,0,0,0,0,0,0,0,0,0,0,0,0,62,23,61,23,55,26,55,21,54,23,52,22,50,21,49,24,47,19,43,21,41,19,40,20,39,17,39,16,35,16,35,13,34,13,32,12,29,13,29,10,28,12,29,11,24,9,25,7,21,8,20,8,22,8,19,6,21,5,20,5,18,5,16,3,14,3,11,0,16,1,12,0,10,-4,13,-4,15,-5,15,-3,15,-5,14,-5,13,-6,13,-8,12,-8,15,-7,15,-5,15,-6,15,-4,14,-5,15,-4,15,-2,16,-5,16,-3,13,-4,12,0,14,2,0,0,0,0,0,0,0,0,0,0,0,0,0,0,0,0,0,0,0,0,0,0,24,0,25,1,27,3,29,7,30,5,30,10,30,11,32,13,33,16,35,15,36,22,41,23,39,24,40,29,39,28,37,35,39,37,38,41,39,42,37,48,39,49,35,56,34,58,34,60,34,64,31,66,24,68,25,71,18,72,21,74,18,72,16,74,14,74,13,75,13,78,8,79,9,76,7,78,6,79,5,78,2,79,2,80,1,79,0,81,-2,77,-6,80,-5,79,-7,79,-8,77,-11,78,-14,76,-13,76,-16,75,-16,72,-17,71,-20,70,-19,70,0,0]"
CSI_DATA,274,2a:00:00:00:00:00,-43,11,1,0,1,1,1,0,0,0,1,-96,0,11,2,3856429,0,44,0,384,0,"[0,0,0,0,0,0,0,0,0,0,0,0,-9,7,-8,7,-8,6,-8,6,-8,5,-8,5,-7,5,-7,5,-7,4,-6,4,-6,4,-6,4,-6,4,-5,4,-5,4,-5,3,-5,3,-5,3,-4,3,-4,3,-4,3,-4,3,-4,2,-3,2,-3,2,-3,2,0,0,-3,2,-2,2,-2,2,-2,2,-2,2,-1,2,-1,2,-1,2,-1,2,-1,2,-1,2,-1,2,-1,2,-1,2,-1,2,-1,2,-1,2,-1,2,-1,2,-1,2,-2,2,-2,2,-2,2,-2,2,-2,2,-2,2,0,0,0,0,0,0,0,0,0,0,0,0,0,0,-56,38,-52,36,-49,37,-51,32,-49,34,-46,30,-47,28,-48,27,-43,25,-41,21,-39,20,-40,21,-39,21,-35,22,-34,16,-31,19,-31,19,-31,20,-29,16,-29,16,-30,18,-26,13,-23,16,-21,12,-24,14,-22,13,-21,12,-18,13,-18,12,-15,12,-14,12,-12,11,-12,12,-12,11,-6,9,-8,11,-9,11,-4,12,-6,15,-6,14,-5,15,-2,12,-5,17,-4,15,-1,15,-4,17,-5,16,-6,15,-6,14,-6,14,-7,15,-7,14,-8,15,-6,13,-7,13,-8,10,-10,12,0,0,0,0,0,0,0,0,0,0,0,0,0,0,0,0,0,0,0,0,0,0,-14,21,-17,19,-19,20,-19,20,-24,22,-26,23,-25,18,-29,20,-32,21,-34,20,-37,16,-41,18,-44,19,-43,18,-48,19,-49,12,-55,11,-58,11,-58,9,-62,3,-64,2,-68,0,-69,-3,-70,-5,-70,-8,-70,-11,-73,-15,-74,-21,-73,-22,-75,-23,-68,-26,-72,-28,-71,-33,-71,-32,-72,-36,-69,-40,-67,-35,-72,-36,-67,-37,-71,-38,-69,-42,-68,-41,-69,-44,-69,-45,-64,-46,-61,-48,-63,-50,-60,-50,-62,-51,-60,-54,-58,-51,-59,-55,-57,-55,-52,-52,-54,-53,-50,-55,-48,-55,0,0]"
CSI_DATA,275,2a:00:00:00:00:00,-43,11,1,0,1,1,1,0,0,0,1,-96,0,11,2,3866841,0,44,0,384,0,"[0,0,0,0,0,0,0,0,0,0,0,0,-10,5,-10,5,-9,5,-9,4,-9,4,-9,3,-9,3,-8,3,-8,3,-7,3,-7,2,-7,2,-6,3,-6,2,-6,2,-6,2,-6,2,-6,2,-5,2,-5,2,-5,1,-5,2,-5,1,-4,2,-4,2,-4,1,0,0,-3,1,-3,1,-2,1,-2,1,-2,2,-2,2,-2,2,-2,2,-2,2,-2,2,-2,2,-2,2,-2,2,-2,2,-2,2,-2,2,-2,2,-2,2,-2,2,-2,2,-2,2,-2,2,-2,2,-2,2,-2,1,-2,1,0,0,0,0,0,0,0,0,0,0,0,0,0,0,-66,22,-62,19,-61,22,-60,16,-56,15,-57,16,-51,13,-53,13,-47,11,-49,8,-45,9,-43,11,-44,9,-38,8,-39,5,-39,8,-35,9,-33,8,-33,8,-29,5,-31,6,-29,5,-29,8,-24,9,-26,8,-26,7,-24,5,-20,6,-20,8,-19,4,-18,3,-16,4,-12,8,-14,7,-12,7,-12,11,-11,12,-10,11,-11,11,-8,10,-9,11,-8,11,-9,10,-10,14,-11,14,-11,9,-12,14,-12,11,-11,10,-12,10,-12,11,-12,10,-10,8,-11,9,-14,7,-13,6,-15,7,0,0,0,0,0,0,0,0,0,0,0,0,0,0,0,0,0,0,0,0,0,0,-15,18,-19,18,-22,18,-24,17,-26,16,-28,17,-30,15,-32,14,-35,13,-33,16,-40,12,-42,11,-44,12,-48,9,-54,9,-49,3,-58,3,-54,-3,-63,-1,-61,-5,-65,-6,-65,-12,-64,-16,-67,-18,-69,-24,-70,-27,-69,-31,-70,-33,-63,-37,-68,-39,-61,-40,-65,-45,-64,-45,-67,-46,-65,-48,-61,-50,-60,-47,-60,-52,-58,-51,-58,-56,-60,-59,-54,-54,-55,-61,-56,-55,-54,-63,-56,-61,-52,-61,-47,-62,-47,-67,-43,-62,-41,-66,-42,-64,-41,-70,-34,-64,-36,-64,-35,-68,-34,-66,0,0]"
CSI_DATA,276,2a:00:00:00:00:00,-43,11,1,0,1,1,1,0,0,0,1,-96,0,11,2,3877177,0,44,0,384,0,"[0,0,0,0,0,0,0,0,0,0,0,0,-9,-6,-9,-6,-8,-6,-8,-6,-8,-6,-7,-6,-7,-6,-7,-5,-7,-5,-6,-5,-6,-5,-6,-4,-6,-4,-5,-4,-5,-4,-5,-4,-5,-3,-5,-3,-5,-3,-4,-3,-4,-3,-4,-3,-4,-3,-4,-2,-4,-2,-4,-2,0,0,-3,-2,-3,-2,-3,-1,-3,-1,-3,-1,-3,-1,-3,0,-3,0,-3,0,-3,0,-3,0,-3,0,-3,0,-3,0,-3,0,-3,0,-3,0,-3,0,-3,0,-3,0,-3,0,-3,0,-3,0,-3,-1,-3,-1,-3,-1,0,0,0,0,0,0,0,0,0,0,0,0,0,0,-52,-43,-52,-41,-49,-40,-45,-40,-48,-37,-44,-40,-43,-39,-38,-37,-35,-36,-35,-34,-35,-32,-34,-28,-34,-29,-31,-28,-28,-28,-29,-26,-26,-25,-24,-24,-22,-22,-28,-20,-28,-19,-23,-16,-24,-17,-22,-15,-22,-17,-18,-12,-21,-14,-20,-14,-16,-12,-19,-11,-13,-8,-17,-9,-15,-5,-15,-5,-17,-4,-13,1,-13,1,-15,-1,-14,-1,-18,3,-15,2,-17,1,-14,3,-15,2,-16,4,-17,1,-17,0,-18,0,-15,1,-18,2,-17,0,-19,1,-15,2,-14,0,-18,0,-14,-2,-13,-3,0,0,0,0,0,0,0,0,0,0,0,0,0,0,0,0,0,0,0,0,0,0,-24,-15,-19,-15,-24,-16,-23,-20,-22,-24,-23,-24,-22,-26,-20,-32,-23,-30,-24,-32,-20,-37,-22,-38,-20,-43,-17,-42,-17,-47,-19,-52,-19,-55,-12,-59,-12,-57,-12,-61,-9,-63,-7,-66,-1,-70,1,-72,5,-73,4,-74,6,-72,9,-73,11,-74,13,-76,18,-75,16,-76,22,-76,21,-73,23,-76,23,-72,23,-75,25,-74,25,-72,26,-73,31,-73,28,-75,28,-72,33,-74,32,-73,32,-74,34,-70,32,-75,35,-68,40,-68,42,-65,40,-66,41,-66,41,-66,39,-65,42,-61,42,-60,0,0]"
CSI_DATA,277,2a:00:00:00:00:00,-43,11,1,0,1,1,1,0,0,0,1,-96,0,11,2,3886410,0,44,0,384,0,"[0,0,0,0,0,0,0,0,0,0,0,0,9,-5,9,-5,8,-4,8,-4,8,-4,8,-3,7,-3,7,-3,7,-3,6,-3,6,-3,6,-3,5,-3,5,-3,5,-3,5,-3,5,-3,4,-2,4,-3,4,-3,4,-2,3,-2,3,-2,3,-2,3,-2,3,-2,0,0,2,-2,2,-2,2,-2,1,-2,1,-2,1,-2,1,-3,1,-3,1,-2,1,-2,1,-3,1,-3,1,-3,1,-3,1,-3,1,-3,1,-3,1,-3,1,-3,1,-3,1,-3,1,-3,1,-2,1,-2,1,-2,1,-2,0,0,0,0,0,0,0,0,0,0,0,0,0,0,65,-15,63,-14,60,-14,61,-10,60,-9,60,-8,54,-7,52,-8,50,-5,47,-4,48,-3,43,0,44,-2,40,-5,38,-3,38,-3,35,-5,34,-5,34,-5,34,-3,31,-5,27,-3,27,-6,26,-4,26,-3,27,-5,21,-3,21,-7,20,-5,16,-4,16,-3,17,-2,14,-6,13,-5,11,-6,13,-7,11,-9,11,-11,10,-11,11,-10,10,-11,9,-11,10,-12,10,-14,12,-11,10,-10,9,-12,13,-12,9,-11,10,-11,11,-8,13,-10,13,-10,14,-9,12,-10,13,-7,15,-4,0,0,0,0,0,0,0,0,0,0,0,0,0,0,0,0,0,0,0,0,0,0,19,-18,20,-14,20,-14,26,-13,26,-13,30,-11,30,-9,34,-9,36,-5,37,-6,38,-6,43,-6,46,-3,49,-2,51,1,50,6,57,8,55,11,56,11,58,19,58,20,62,25,59,29,63,30,60,35,64,36,60,42,61,43,59,48,58,48,52,49,55,53,50,56,50,54,53,59,47,60,48,60,49,59,48,61,53,62,45,67,47,64,45,65,44,70,40,67,40,66,36,69,34,71,34,74,33,71,32,67,31,73,28,71,22,68,26,70,21,70,19,70,0,0]"
CSI_DATA,278,2a:00:00:00:00:00,-43,11,1,0,1,1,1,0,0,0,1,-96,0,11,2,3896420,0,44,0,384,0,"[0,0,0,0,0,0,0,0,0,0,0,0,-3,-10,-3,-10,-3,-10,-2,-10,-2,-9,-2,-8,-2,-8,-2,-8,-2,-8,-2,-8,-2,-7,-2,-7,-2,-7,-2,-6,-2,-6,-2,-6,-2,-6,-2,-5,-2,-5,-2,-5,-1,-5,-1,-5,-2,-4,-1,-4,-1,-4,-2,-3,0,0,-2,-3,-1,-3,-2,-3,-2,-2,-2,-3,-2,-2,-2,-2,-2,-2,-3,-2,-3,-2,-3,-2,-2,-2,-2,-2,-2,-2,-3,-2,-3,-2,-3,-2,-2,-2,-3,-2,-2,-2,-3,-3,-2,-3,-2,-3,-2,-3,-2,-3,-2,-3,0,0,0,0,0,0,0,0,0,0,0,0,0,0,-18,-67,-15,-64,-15,-62,-17,-60,-14,-59,-14,-57,-12,-53,-8,-55,-9,-52,-10,-45,-9,-46,-11,-43,-8,-44,-4,-40,-8,-37,-7,-37,-5,-37,-7,-36,-4,-35,-5,-29,-9,-30,-7,-28,-8,-29,-8,-28,-8,-24,-5,-25,-8,-19,-4,-21,-4,-20,-5,-19,-8,-16,-8,-18,-8,-12,-7,-13,-10,-12,-10,-12,-7,-9,-10,-12,-10,-8,-12,-8,-14,-9,-14,-10,-10,-9,-10,-12,-11,-10,-14,-10,-12,-10,-15,-10,-16,-10,-13,-12,-12,-11,-10,-13,-11,-12,-11,-12,-10,-13,-8,-14,-7,-15,0,0,0,0,0,0,0,0,0,0,0,0,0,0,0,0,0,0,0,0,0,0,-17,-20,-15,-24,-13,-23,-14,-28,-11,-27,-12,-31,-11,-32,-10,-35,-10,-38,-6,-39,-3,-40,-2,-44,-2,-48,-1,-49,1,-54,5,-51,10,-58,10,-55,11,-59,17,-62,17,-61,24,-64,27,-61,30,-61,34,-63,37,-62,41,-62,44,-63,44,-58,50,-61,46,-57,51,-57,50,-57,57,-55,55,-54,56,-55,54,-50,58,-53,62,-49,62,-50,65,-50,61,-47,63,-48,67,-46,66,-48,61,-45,66,-42,64,-43,69,-41,69,-34,71,-31,70,-34,70,-32,66,-29,69,-26,71,-29,69,-27,0,0]"
CSI_DATA,279,2a:00:00:00:00:00,-43,11,1,0,1,1,1,0,0,0,1,-96,0,11,2,3906792,0,44,0,384,0,"[0,0,0,0,0,0,0,0,0,0,0,0,3,-11,3,-10,3,-10,3,-10,3,-10,3,-9,3,-9,3,-8,3,-8,2,-8,3,-7,2,-7,2,-7,2,-7,2,-6,2,-6,2,-6,2,-6,1,-6,1,-5,1,-5,1,-5,1,-4,1,-5,1,-4,1,-4,0,0,0,-3,0,-4,0,-3,0,-3,-1,-3,-1,-3,-1,-3,-1,-3,-1,-3,-1,-3,-1,-3,-1,-3,-1,-3,-1,-3,-1,-3,-1,-3,-1,-3,-1,-3,-1,-3,-1,-3,-1,-3,-1,-3,-1,-3,0,-3,0,-3,0,-3,0,0,0,0,0,0,0,0,0,0,0,0,0,0,26,-62,26,-57,23,-61,27,-55,24,-56,24,-54,21,-49,25,-50,21,-45,22,-43,22,-40,21,-39,22,-39,19,-38,18,-34,17,-33,17,-35,15,-33,15,-35,13,-28,13,-29,10,-27,9,-30,10,-27,11,-25,10,-24,7,-20,6,-21,8,-21,6,-18,4,-16,4,-19,2,-15,3,-18,0,-13,0,-16,1,-16,-1,-15,-2,-15,-6,-12,-5,-12,-7,-14,-5,-14,-4,-15,-7,-15,-5,-14,-5,-16,-4,-17,-5,-17,-4,-17,-5,-17,-3,-16,-1,-18,-2,-16,-2,-14,-2,-16,0,-15,0,0,0,0,0,0,0,0,0,0,0,0,0,0,0,0,0,0,0,0,0,0,-3,-22,2,-26,5,-28,7,-31,8,-30,11,-32,13,-29,16,-32,18,-31,16,-32,21,-34,25,-37,25,-39,29,-39,34,-39,36,-36,43,-38,42,-37,46,-40,50,-34,54,-32,61,-36,56,-30,61,-33,64,-27,65,-30,69,-25,72,-23,70,-18,76,-18,70,-14,75,-13,74,-8,75,-7,76,-7,77,-5,74,-6,77,-6,77,-5,80,-3,82,-1,76,-1,80,1,78,3,80,5,79,8,80,9,74,9,80,13,73,14,78,14,75,16,77,17,67,17,72,19,73,20,67,21,0,0]"
CSI_DATA,280,2a:00:00:00:00:00,-43,11,1,0,1,1,1,0,0,0,1,-96,0,11,2,3927569,0,44,0,384,0,"[0,0,0,0,0,0,0,0,0,0,0,0,11,-2,10,-2,9,-2,9,-1,9,-1,8,-1,8,-1,8,-1,8,-1,7,-1,7,-1,7,-1,6,-1,6,-1,5,-1,6,-1,5,-1,5,-1,4,-1,4,-1,4,-1,4,-1,4,-1,3,-1,3,-1,3,-1,0,0,3,-1,2,-2,2,-2,2,-2,1,-2,1,-2,1,-2,1,-2,1,-2,1,-2,1,-3,1,-3,1,-3,1,-3,1,-3,1,-3,1,-3,1,-3,1,-3,1,-2,1,-2,2,-3,2,-2,2,-2,2,-2,2,-2,0,0,0,0,0,0,0,0,0,0,0,0,0,0,-51,-37,-50,-31,-51,-37,-50,-34,-48,-32,-46,-33,-46,-31,-43,-30,-38,-26,-41,-28,-36,-28,-36,-24,-36,-24,-32,-27,-29,-22,-32,-24,-27,-23,-26,-20,-25,-19,-27,-16,-31,-12,-23,-19,-24,-16,-22,-16,-19,-14,-18,-16,-21,-14,-16,-11,-14,-12,-19,-8,-19,-3,-16,-11,-10,-1,-10,-5,-18,-6,-11,-8,-13,1,-11,1,-10,-2,-13,-1,-14,0,-12,1,-9,4,-14,1,-14,5,-16,2,-15,1,-12,4,-17,-2,-18,1,-12,1,-15,1,-13,3,-15,1,-14,-2,-13,-1,-15,-3,0,0,0,0,0,0,0,0,0,0,0,0,0,0,0,0,0,0,0,0,0,0,-26,-5,-27,-11,-28,-12,-28,-14,-28,-16,-29,-19,-31,-23,-31,-23,-33,-25,-32,-29,-31,-35,-31,-34,-31,-35,-32,-40,-32,-42,-30,-46,-33,-48,-29,-50,-28,-50,-26,-60,-22,-64,-21,-62,-25,-66,-17,-68,-15,-71,-14,-72,-10,-72,-9,-79,-8,-77,-5,-76,1,-76,0,-79,3,-76,3,-77,5,-81,5,-80,9,-77,10,-80,11,-75,13,-78,11,-80,9,-76,13,-81,11,-82,15,-78,17,-82,20,-78,19,-76,22,-75,24,-70,26,-75,25,-73,26,-74,25,-72,29,-71,29,-66,33,-65,0,0]"
CSI_DATA,281,2a:00:00:00:00:00,-43,11,1,0,1,1,1,0,0,0,1,-96,0,11,2,3940586,0,44,0,384,0,"[0,0,0,0,0,0,0,0,0,0,0,0,9,2,9,2,8,2,8,2,8,2,8,2,7,2,7,2,7,2,6,2,6,2,6,2,5,2,5,1,5,1,5,1,5,1,5,1,4,1,4,0,4,0,4,0,4,0,3,0,3,0,3,0,0,0,3,0,2,-1,2,-1,2,-1,2,-1,1,-1,2,-1,1,-2,2,-1,2,-1,2,-1,2,-2,2,-2,2,-2,2,-2,2,-2,2,-2,2,-2,2,-2,2,-1,2,-1,2,-1,2,-1,2,-1,2,-1,2,-1,0,0,0,0,0,0,0,0,0,0,0,0,0,0,62,20,61,21,59,16,57,20,55,20,49,22,49,18,44,22,43,19,44,19,44,17,41,16,40,17,37,13,33,17,36,13,33,12,29,13,30,12,32,12,29,12,29,11,26,7,26,8,22,8,22,6,22,9,19,6,19,5,21,5,18,5,16,5,15,4,15,-1,15,0,10,-3,14,-3,14,-5,13,-6,13,-4,14,-4,15,-5,13,-5,13,-9,12,-8,13,-7,16,-7,15,-6,15,-5,15,-5,13,-5,15,-3,14,-4,15,-3,14,-1,15,-2,12,0,0,0,0,0,0,0,0,0,0,0,0,0,0,0,0,0,0,0,0,0,0,0,23,-1,26,1,28,5,29,4,29,7,32,6,29,11,33,11,34,14,34,16,34,18,37,20,39,25,40,27,40,32,38,34,38,37,39,42,41,42,40,47,40,49,37,52,35,56,34,59,33,64,30,63,27,69,24,69,22,73,24,71,19,72,17,74,15,76,16,76,13,76,12,75,11,76,9,77,6,79,7,76,7,76,7,80,1,79,2,79,0,79,-2,80,-2,77,-2,78,-6,78,-8,79,-10,76,-11,76,-16,79,-15,73,-16,72,-16,73,-17,69,0,0]"
CSI_DATA,282,2a:00:00:00:00:00,-43,11,1,0,1,1,1,0,0,0,1,-96,0,11,2,3946542,0,44,0,384,0,"[0,0,0,0,0,0,0,0,0,0,0,0,-10,-6,-10,-6,-9,-5,-8,-6,-8,-6,-8,-5,-7,-5,-7,-5,-7,-5,-6,-5,-6,-5,-6,-4,-6,-4,-6,-4,-5,-4,-6,-3,-6,-3,-5,-3,-5,-3,-5,-3,-4,-3,-4,-3,-4,-3,-4,-2,-4,-2,-4,-2,0,0,-4,-2,-3,-1,-3,-1,-3,-1,-3,-1,-3,0,-3,0,-3,0,-3,0,-3,0,-3,0,-3,0,-3,0,-3,0,-3,0,-3,0,-3,0,-3,0,-3,0,-3,0,-3,0,-3,0,-3,0,-3,-1,-3,-1,-3,-1,0,0,0,0,0,0,0,0,0,0,0,0,0,0,-54,-39,-52,-38,-50,-38,-48,-36,-49,-32,-46,-38,-43,-36,-41,-37,-39,-31,-41,-31,-35,-30,-36,-27,-36,-29,-33,-25,-32,-25,-34,-25,-28,-25,-28,-22,-27,-22,-30,-19,-30,-20,-26,-17,-22,-16,-21,-13,-21,-13,-22,-15,-21,-13,-17,-13,-17,-13,-19,-7,-17,-8,-17,-8,-16,-4,-14,-2,-14,-2,-15,-3,-13,1,-13,0,-15,2,-16,3,-13,0,-15,-1,-14,1,-15,5,-17,3,-17,3,-18,2,-16,3,-17,1,-19,4,-16,3,-16,1,-17,0,-17,-2,-15,-1,-17,-1,-15,-2,0,0,0,0,0,0,0,0,0,0,0,0,0,0,0,0,0,0,0,0,0,0,-29,-7,-25,-16,-24,-14,-23,-19,-22,-21,-26,-21,-25,-22,-22,-26,-24,-28,-25,-29,-25,-34,-24,-37,-26,-42,-24,-41,-24,-47,-22,-48,-20,-54,-21,-53,-21,-58,-17,-60,-17,-63,-14,-65,-14,-65,-9,-71,-4,-73,-3,-71,1,-75,3,-78,5,-74,5,-79,10,-75,10,-77,11,-75,12,-75,14,-76,16,-75,14,-73,19,-76,21,-75,23,-77,24,-80,21,-77,26,-79,26,-76,27,-76,23,-78,27,-75,26,-75,29,-74,31,-71,36,-69,34,-72,39,-74,34,-64,38,-63,38,-66,36,-65,0,0]"
CSI_DATA,283,2a:00:00:00:00:00,-43,11,1,0,1,1,1,0,0,0,1,-96,0,11,2,3977804,0,44,0,384,0,"[0,0,0,0,0,0,0,0,0,0,0,0,-9,-7,-9,-7,-8,-7,-7,-7,-7,-7,-7,-7,-7,-6,-7,-6,-6,-6,-6,-6,-6,-6,-6,-5,-5,-5,-5,-5,-5,-5,-5,-4,-5,-4,-5,-4,-4,-4,-4,-4,-4,-4,-4,-3,-4,-3,-4,-3,-3,-3,-4,-2,0,0,-3,-2,-3,-2,-3,-2,-3,-2,-3,-1,-3,-1,-3,-1,-3,-1,-3,-1,-3,-1,-3,0,-3,0,-3,0,-3,0,-3,-1,-4,0,-3,0,-3,-1,-3,-1,-3,-1,-3,-1,-3,-1,-3,-1,-3,-1,-3,-1,-3,-2,0,0,0,0,0,0,0,0,0,0,0,0,0,0,12,63,11,64,13,62,9,54,5,58,7,56,7,51,4,54,3,52,0,46,0,43,5,43,3,37,-2,36,7,36,2,36,2,38,4,33,1,35,5,28,6,31,7,25,1,27,-1,27,2,28,0,24,2,23,1,24,-2,24,3,18,-1,15,8,14,4,11,2,12,5,8,2,13,3,13,6,12,4,11,8,10,9,12,11,10,8,7,9,8,8,7,11,11,10,9,7,9,12,9,12,10,9,11,8,8,5,12,12,6,6,10,7,12,10,13,0,0,0,0,0,0,0,0,0,0,0,0,0,0,0,0,0,0,0,0,0,0,16,18,16,21,15,24,14,28,12,29,9,31,6,29,8,32,9,38,2,40,0,42,4,43,3,48,-1,52,-3,54,-4,50,-7,56,-14,55,-13,59,-19,57,-22,59,-25,64,-33,62,-34,63,-37,62,-38,63,-40,62,-45,65,-49,59,-49,56,-50,58,-53,59,-56,55,-55,55,-60,52,-61,55,-58,49,-60,50,-63,48,-64,47,-62,48,-64,47,-67,47,-67,43,-64,43,-62,35,-64,39,-68,40,-73,38,-72,33,-71,33,-71,33,-72,31,-67,29,-73,24,-75,21,-70,24,0,0]"
CSI_DATA,284,2a:00:00:00:00:00,-43,11,1,0,1,1,1,0,0,0,1,-96,0,11,2,3986692,0,44,0,384,0,"[0,0,0,0,0,0,0,0,0,0,0,0,-11,-2,-11,-2,-10,-2,-10,-2,-9,-2,-9,-2,-9,-2,-8,-2,-8,-2,-8,-2,-8,-2,-7,-2,-7,-2,-7,-2,-6,-1,-6,-1,-6,-1,-6,-1,-5,-1,-5,-1,-5,-1,-5,-1,-5,-1,-4,-1,-4,-1,-4,-1,0,0,-4,0,-3,0,-3,0,-3,0,-3,0,-2,1,-2,1,-3,1,-3,1,-3,1,-3,1,-3,1,-2,1,-3,1,-3,1,-3,1,-3,1,-3,1,-3,1,-3,1,-3,1,-3,1,-3,0,-3,0,-3,0,-3,0,0,0,0,0,0,0,0,0,0,0,0,0,0,0,-64,-3,-67,-4,-62,-2,-61,-4,-61,-5,-59,-5,-57,-6,-51,-6,-48,-5,-51,-7,-47,-7,-46,-4,-45,-5,-41,-5,-43,-6,-40,-3,-36,-7,-35,-3,-32,-6,-35,-2,-34,-2,-32,-2,-29,0,-26,0,-26,-2,-24,-2,-26,1,-23,-2,-19,0,-20,0,-19,1,-17,0,-14,2,-12,4,-15,4,-9,6,-13,6,-11,7,-11,7,-13,7,-12,9,-12,5,-12,11,-12,10,-14,7,-14,10,-13,8,-14,9,-12,8,-16,9,-13,6,-14,7,-15,8,-13,8,-13,7,-14,7,-14,2,0,0,0,0,0,0,0,0,0,0,0,0,0,0,0,0,0,0,0,0,0,0,-23,8,-25,7,-25,6,-29,4,-29,2,-33,0,-32,-2,-36,-3,-36,-5,-39,-3,-41,-11,-41,-11,-45,-12,-46,-14,-51,-18,-50,-22,-51,-25,-49,-28,-52,-29,-52,-36,-53,-39,-52,-42,-52,-47,-53,-49,-51,-50,-51,-55,-47,-57,-45,-59,-47,-62,-43,-64,-41,-62,-40,-69,-38,-70,-35,-68,-37,-74,-34,-72,-34,-71,-34,-72,-31,-71,-33,-74,-28,-75,-32,-74,-28,-76,-26,-78,-22,-75,-21,-78,-18,-76,-17,-78,-19,-81,-18,-75,-12,-76,-14,-78,-10,-78,-11,-75,-8,-75,-6,-74,-5,-74,0,0]"
CSI_DATA,285,2a:00:00:00:00:00,-43,11,1,0,1,1,1,0,0,0,1,-96,0,11,2,4006397,0,44,0,384,0,"[0,0,0,0,0,0,0,0,0,0,0,0,-4,-10,-3,-10,-3,-10,-3,-10,-3,-9,-2,-9,-2,-9,-2,-8,-2,-8,-2,-8,-2,-7,-2,-7,-2,-7,-2,-7,-2,-6,-2,-6,-2,-6,-2,-5,-2,-5,-2,-5,-2,-5,-2,-5,-2,-4,-2,-4,-2,-4,-2,-4,0,0,-2,-3,-2,-3,-2,-3,-2,-2,-2,-2,-2,-2,-2,-2,-2,-2,-3,-2,-3,-2,-3,-2,-2,-2,-3,-2,-3,-2,-3,-2,-3,-2,-3,-2,-3,-2,-3,-2,-3,-2,-3,-2,-3,-2,-2,-2,-2,-2,-2,-3,-2,-3,0,0,0,0,0,0,0,0,0,0,0,0,0,0,-12,-67,-17,-61,-15,-63,-11,-57,-13,-57,-11,-56,-8,-57,-8,-54,-7,-50,-10,-44,-8,-46,-8,-45,-10,-44,-6,-44,-6,-36,-10,-36,-8,-40,-5,-35,-8,-35,-9,-31,-9,-29,-8,-30,-9,-27,-7,-28,-7,-25,-4,-25,-9,-22,-7,-22,-5,-20,-10,-19,-7,-17,-7,-16,-6,-14,-6,-15,-9,-13,-6,-12,-8,-10,-11,-10,-12,-9,-12,-9,-12,-9,-14,-10,-11,-9,-14,-8,-13,-8,-13,-11,-16,-9,-14,-8,-14,-12,-13,-9,-13,-10,-13,-13,-11,-10,-12,-11,-12,-12,-10,-13,-9,-13,0,0,0,0,0,0,0,0,0,0,0,0,0,0,0,0,0,0,0,0,0,0,-13,-20,-11,-24,-10,-25,-11,-29,-8,-31,-9,-31,-5,-33,-4,-35,-4,-39,-4,-40,-2,-42,2,-44,1,-48,6,-50,8,-51,13,-52,15,-55,16,-58,14,-57,23,-59,25,-59,29,-59,31,-59,34,-61,39,-61,41,-60,45,-58,46,-57,51,-55,49,-55,53,-52,54,-54,61,-52,58,-51,59,-50,61,-49,59,-50,62,-48,63,-46,64,-48,66,-43,66,-45,65,-41,72,-46,66,-42,68,-39,69,-38,70,-38,72,-35,72,-33,72,-31,71,-33,67,-28,67,-28,67,-27,69,-25,72,-22,0,0]"
CSI_DATA,286,2a:00:00:00:00:00,-43,11,1,0,1,1,1,0,0,0,1,-96,0,11,2,4016690,0,44,0,384,0,"[0,0,0,0,0,0,0,0,0,0,0,0,10,-3,9,-3,9,-3,9,-3,9,-3,8,-2,8,-3,8,-2,7,-2,7,-2,7,-2,6,-2,6,-2,6,-2,5,-2,6,-2,5,-2,5,-2,5,-2,4,-2,4,-2,3,-2,4,-1,3,-2,3,-1,3,-1,0,0,3,-2,2,-2,2,-2,2,-2,1,-2,1,-2,1,-3,1,-2,1,-2,1,-3,1,-2,1,-3,1,-3,1,-3,1,-3,1,-3,1,-3,1,-2,1,-3,1,-2,1,-2,2,-2,2,-2,2,-2,2,-2,2,-2,0,0,0,0,0,0,0,0,0,0,0,0,0,0,60,-31,58,-25,57,-25,58,-23,55,-21,54,-19,50,-19,49,-17,49,-15,47,-16,45,-14,44,-12,45,-14,35,-11,36,-11,37,-13,34,-10,31,-13,30,-12,31,-10,31,-9,26,-9,28,-10,24,-10,22,-10,21,-8,21,-6,20,-10,18,-11,19,-9,18,-7,14,-7,14,-8,10,-9,11,-6,8,-11,8,-11,10,-13,6,-14,7,-12,8,-12,6,-13,7,-12,6,-16,7,-13,8,-14,9,-16,10,-16,7,-13,9,-13,10,-12,10,-12,10,-13,11,-10,10,-11,12,-6,11,-10,0,0,0,0,0,0,0,0,0,0,0,0,0,0,0,0,0,0,0,0,0,0,12,-20,16,-19,17,-21,22,-21,21,-18,25,-18,26,-17,31,-17,33,-19,33,-17,35,-17,40,-16,40,-16,46,-14,49,-12,52,-10,57,-10,54,-1,60,-6,59,0,65,3,64,6,66,10,70,11,68,18,68,20,67,22,70,25,69,29,69,30,66,33,70,36,65,38,62,38,67,43,61,45,66,43,63,44,62,45,61,47,60,50,59,51,60,55,59,54,56,55,53,53,53,55,51,58,48,57,50,59,48,61,48,60,42,63,40,61,42,60,36,65,36,61,0,0]"
CSI_DATA,287,2a:00:00:00:00:00,-43,11,1,0,1,1,1,0,0,0,1,-96,0,11,2,4026393,0,44,0,384,0,"[0,0,0,0,0,0,0,0,0,0,0,0,-6,9,-6,8,-5,8,-5,8,-5,8,-5,7,-5,6,-5,6,-5,6,-4,6,-4,5,-4,5,-4,5,-4,5,-3,5,-3,5,-3,4,-3,4,-3,4,-3,4,-3,4,-3,4,-3,3,-2,3,-2,3,-2,2,0,0,-1,2,-1,2,-1,2,-1,2,-1,2,-1,2,0,2,0,2,0,2,0,2,0,2,0,2,0,2,0,2,0,2,0,2,0,2,0,2,0,2,0,2,0,2,0,2,-1,2,-1,2,-1,2,-1,2,0,0,0,0,0,0,0,0,0,0,0,0,0,0,-25,59,-28,60,-23,58,-26,55,-25,54,-26,49,-25,49,-28,49,-23,45,-24,39,-22,40,-20,39,-21,37,-21,38,-18,33,-18,31,-18,34,-16,32,-15,30,-14,28,-12,27,-13,26,-12,27,-10,24,-10,25,-9,22,-9,20,-9,24,-10,21,-7,16,-6,15,-4,14,-3,16,-1,15,-1,12,-1,12,2,14,3,11,1,14,5,13,3,15,5,14,5,14,5,17,6,14,6,14,5,15,5,11,4,15,5,14,5,14,6,15,2,17,1,16,1,14,1,14,-2,13,0,0,0,0,0,0,0,0,0,0,0,0,0,0,0,0,0,0,0,0,0,0,-5,25,-8,25,-9,26,-12,27,-12,29,-15,27,-16,29,-17,29,-20,31,-25,31,-29,32,-29,32,-30,35,-36,36,-35,35,-39,33,-45,37,-47,31,-48,34,-50,33,-55,32,-63,30,-63,27,-64,22,-69,22,-70,20,-73,17,-73,15,-76,15,-74,11,-76,6,-75,7,-76,6,-77,10,-77,5,-80,3,-81,2,-79,2,-79,-1,-80,-2,-83,-5,-81,-4,-80,-7,-84,-6,-72,-10,-82,-10,-77,-11,-78,-10,-80,-13,-78,-16,-75,-20,-78,-18,-74,-23,-70,-21,-73,-21,-70,-22,-71,-23,0,0]"
CSI_DATA,288,2a:00:00:00:00:00,-43,11,1,0,1,1,1,0,0,0,1,-96,0,11,2,4039656,0,44,0,384,0,"[0,0,0,0,0,0,0,0,0,0,0,0,5,-10,5,-10,4,-10,5,-9,4,-9,4,-8,4,-8,4,-7,4,-7,3,-7,4,-7,3,-7,3,-7,3,-6,2,-6,3,-6,2,-5,2,-5,2,-5,2,-5,2,-5,2,-5,2,-4,1,-4,1,-4,1,-4,0,0,1,-3,0,-3,0,-3,0,-3,0,-3,-1,-3,-1,-3,-1,-3,-1,-3,-1,-3,-1,-3,-1,-3,-1,-3,-1,-3,-1,-3,-1,-3,-1,-4,-1,-3,-1,-3,-1,-3,-1,-3,-1,-3,0,-3,0,-3,0,-3,0,-3,0,0,0,0,0,0,0,0,0,0,0,0,0,0,39,-59,34,-54,36,-55,32,-50,33,-48,34,-45,30,-46,32,-47,30,-39,32,-37,27,-36,28,-31,27,-30,25,-31,25,-31,24,-30,25,-30,22,-29,20,-29,19,-27,19,-28,18,-21,18,-24,15,-25,16,-22,14,-20,12,-17,12,-20,12,-20,8,-15,10,-15,7,-14,8,-16,3,-17,2,-11,3,-15,1,-12,1,-16,1,-16,-3,-15,-1,-14,0,-15,-1,-15,-2,-16,-2,-17,-3,-15,-2,-17,0,-17,-1,-15,-1,-17,0,-16,1,-19,0,-15,3,-16,5,-15,3,-16,4,-14,0,0,0,0,0,0,0,0,0,0,0,0,0,0,0,0,0,0,0,0,0,0,4,-25,3,-27,4,-26,11,-28,13,-31,16,-30,16,-29,19,-31,19,-31,23,-30,25,-33,29,-32,31,-34,37,-36,37,-35,40,-33,45,-34,48,-32,51,-32,51,-30,59,-27,63,-28,62,-23,68,-21,68,-18,70,-16,71,-12,76,-12,73,-9,76,-7,72,-3,79,-2,77,-2,77,0,79,2,75,4,75,5,80,8,77,11,78,9,79,12,77,10,80,14,79,16,77,17,78,17,75,20,75,23,77,23,73,25,73,30,71,31,70,33,65,29,66,30,66,34,63,33,0,0]"
CSI_DATA,289,2a:00:00:00:00:00,-43,11,1,0,1,1,1,0,0,0,1,-96,0,11,2,4046355,0,44,0,384,0,"[0,0,0,0,0,0,0,0,0,0,0,0,11,0,10,0,10,0,9,1,9,0,8,0,8,0,8,0,7,0,7,0,7,0,7,0,6,0,6,0,5,0,6,0,5,0,5,0,4,-1,4,0,4,-1,4,0,4,0,3,-1,3,-1,3,-1,0,0,3,-1,2,-1,2,-1,2,-1,2,-2,2,-2,1,-2,1,-2,1,-2,2,-2,2,-2,2,-2,2,-2,2,-2,2,-2,2,-2,2,-3,2,-2,2,-2,2,-2,2,-2,2,-2,2,-2,2,-2,2,-1,2,-1,0,0,0,0,0,0,0,0,0,0,0,0,0,0,63,-8,60,-7,63,-8,62,-5,58,-4,56,-1,52,-7,55,-4,47,-3,52,-1,46,-1,45,-1,44,-1,40,-2,41,2,40,-2,34,-4,33,-2,30,-2,30,-3,33,-5,30,-5,27,-4,27,-4,25,-3,23,-2,24,-2,20,-2,18,-4,19,-1,19,-3,17,-3,14,-4,12,-7,11,-9,10,-7,11,-10,11,-10,9,-10,8,-7,9,-10,9,-11,10,-12,7,-12,9,-15,11,-11,8,-10,10,-13,10,-11,12,-12,11,-8,11,-10,11,-12,13,-8,13,-10,14,-8,12,-5,0,0,0,0,0,0,0,0,0,0,0,0,0,0,0,0,0,0,0,0,0,0,22,-12,22,-12,23,-11,27,-9,28,-7,32,-6,31,-6,35,-1,34,-2,38,0,44,1,42,3,47,6,45,7,49,12,49,12,56,17,54,20,56,21,56,25,57,29,56,32,56,39,57,39,56,44,54,47,54,47,54,53,54,53,53,56,50,55,48,59,46,61,43,60,45,65,40,62,42,66,41,67,42,66,38,64,38,67,39,67,38,69,36,68,32,72,34,70,28,71,28,74,26,71,26,74,24,74,22,73,19,73,19,73,17,70,16,73,19,70,0,0]"
CSI_DATA,290,2a:00:00:00:00:00,-43,11,1,0,1,1,1,0,0,0,1,-96,0,11,2,4056403,0,44,0,384,0,"[0,0,0,0,0,0,0,0,0,0,0,0,-3,-11,-3,-11,-3,-10,-2,-10,-2,-10,-2,-9,-2,-9,-2,-8,-2,-8,-2,-8,-2,-8,-2,-7,-2,-7,-2,-7,-2,-7,-2,-6,-2,-6,-2,-6,-2,-6,-1,-5,-1,-5,-1,-5,-2,-4,-1,-4,-1,-4,-2,-4,0,0,-2,-3,-2,-3,-2,-3,-2,-3,-2,-2,-2,-2,-2,-2,-2,-2,-3,-2,-3,-2,-3,-2,-3,-2,-3,-2,-3,-2,-3,-2,-3,-2,-3,-2,-3,-2,-3,-2,-3,-2,-3,-3,-2,-2,-2,-2,-2,-2,-2,-3,-2,-3,0,0,0,0,0,0,0,0,0,0,0,0,0,0,-13,-68,-13,-63,-12,-63,-10,-58,-8,-58,-7,-56,-7,-53,-5,-56,-6,-50,-6,-49,-3,-48,-5,-44,-6,-42,-3,-42,-4,-38,-6,-39,-3,-37,-4,-34,-3,-39,-6,-32,-6,-31,-6,-30,-5,-27,-5,-26,-4,-26,-6,-26,-4,-23,-5,-22,-3,-20,-7,-20,-7,-20,-7,-17,-6,-14,-4,-14,-8,-13,-6,-12,-6,-10,-7,-12,-11,-11,-11,-8,-13,-9,-13,-10,-12,-10,-13,-9,-13,-9,-13,-13,-14,-9,-12,-10,-14,-12,-11,-13,-13,-12,-13,-11,-11,-10,-10,-11,-9,-13,-7,-14,-7,-13,0,0,0,0,0,0,0,0,0,0,0,0,0,0,0,0,0,0,0,0,0,0,-15,-20,-12,-22,-14,-24,-11,-29,-9,-29,-6,-31,-6,-32,-5,-36,-4,-40,-1,-39,-2,-42,1,-46,2,-47,5,-48,6,-51,9,-53,13,-57,15,-53,17,-58,23,-58,24,-61,31,-60,32,-61,36,-60,38,-59,40,-60,44,-60,50,-60,50,-54,56,-58,52,-51,59,-54,59,-51,60,-51,62,-50,63,-47,59,-48,61,-48,61,-47,65,-46,68,-42,64,-45,69,-43,69,-41,67,-38,67,-35,70,-35,69,-34,72,-34,71,-31,73,-31,73,-29,73,-29,65,-24,71,-24,73,-22,70,-18,0,0]"
CSI_DATA,291,2a:00:00:00:00:00,-43,11,1,0,1,1,1,0,0,0,1,-96,0,11,2,4068473,0,44,0,384,0,"[0,0,0,0,0,0,0,0,0,0,0,0,-12,1,-11,1,-11,1,-10,0,-10,0,-10,0,-9,0,-9,0,-9,0,-8,0,-8,0,-8,0,-7,0,-7,0,-6,0,-7,1,-6,0,-6,0,-5,0,-5,0,-5,0,-5,0,-5,0,-4,0,-4,0,-4,0,0,0,-4,0,-3,1,-3,1,-3,1,-2,1,-2,1,-2,1,-2,1,-2,1,-2,1,-2,1,-2,2,-2,2,-2,2,-2,2,-2,2,-2,2,-2,2,-2,1,-2,1,-3,1,-3,1,-3,1,-3,1,-3,1,-3,1,0,0,0,0,0,0,0,0,0,0,0,0,0,0,-67,0,-63,0,-66,4,-62,3,-60,1,-59,-2,-53,0,-55,-2,-50,1,-50,-3,-46,0,-45,-2,-45,-3,-41,1,-42,-2,-39,-1,-37,-1,-37,1,-35,0,-35,-1,-34,-2,-30,-1,-29,2,-28,0,-27,0,-25,1,-22,0,-21,2,-21,3,-20,2,-19,0,-19,2,-13,2,-15,4,-16,4,-12,7,-10,8,-11,10,-11,10,-11,8,-11,6,-10,7,-12,9,-10,11,-12,11,-11,9,-12,9,-12,11,-12,11,-12,7,-13,10,-11,8,-15,6,-12,9,-14,8,-14,6,-14,4,0,0,0,0,0,0,0,0,0,0,0,0,0,0,0,0,0,0,0,0,0,0,-23,11,-26,8,-25,5,-31,4,-30,1,-33,2,-34,1,-34,-1,-36,-1,-40,-4,-40,-6,-44,-9,-46,-6,-47,-9,-49,-16,-49,-19,-54,-20,-50,-24,-55,-25,-56,-30,-55,-32,-55,-36,-56,-39,-55,-42,-58,-47,-55,-50,-53,-54,-53,-56,-46,-56,-50,-62,-44,-60,-44,-69,-41,-66,-41,-65,-41,-66,-39,-68,-39,-65,-38,-69,-37,-69,-37,-68,-35,-71,-36,-72,-35,-74,-32,-73,-31,-75,-30,-75,-26,-75,-26,-78,-25,-74,-22,-75,-22,-75,-23,-76,-18,-79,-10,-73,-15,-71,-13,-75,-14,-72,0,0]"
CSI_DATA,292,2a:00:00:00:00:00,-43,11,1,0,1,1,1,0,0,0,1,-96,0,11,2,4086406,0,44,0,384,0,"[0,0,0,0,0,0,0,0,0,0,0,0,10,2,10,2,9,2,9,2,8,2,8,2,8,2,7,2,7,2,6,1,7,1,6,1,6,1,5,1,5,1,5,1,5,1,5,1,4,1,4,1,4,1,4,1,4,0,3,0,3,0,3,0,0,0,3,0,2,0,2,-1,2,-1,2,-1,2,-1,2,-1,1,-1,2,-2,2,-2,2,-2,2,-2,2,-2,2,-2,2,-2,2,-2,2,-2,2,-2,2,-2,2,-2,2,-1,2,-1,2,-1,2,-1,2,-1,2,-1,0,0,0,0,0,0,0,0,0,0,0,0,0,0,53,38,51,35,52,36,49,35,47,36,47,35,40,31,38,33,40,31,38,30,36,32,34,29,34,27,29,24,31,25,33,23,29,22,28,22,26,22,25,21,28,18,25,19,23,15,20,15,20,13,20,14,19,15,19,11,16,11,19,11,17,11,14,9,15,6,15,3,13,5,12,3,15,-1,13,2,13,0,14,2,14,2,15,-1,17,-1,15,-3,15,-2,16,-2,15,-1,15,-1,15,-2,15,-1,16,0,15,2,17,2,13,1,12,2,15,5,13,6,0,0,0,0,0,0,0,0,0,0,0,0,0,0,0,0,0,0,0,0,0,0,22,2,26,5,28,7,29,9,29,11,26,16,28,18,29,20,29,19,30,22,30,25,33,30,36,29,33,36,31,39,30,40,31,45,30,47,32,51,27,57,25,60,26,62,21,64,22,64,19,69,17,72,13,72,10,76,8,74,7,76,3,76,0,76,-4,77,-5,77,-7,78,-7,76,-7,76,-8,79,-10,78,-10,78,-16,78,-12,77,-16,79,-17,77,-18,76,-21,79,-25,75,-23,72,-29,72,-28,73,-30,70,-30,72,-32,70,-29,65,-33,66,-32,65,-32,61,0,0]"
CSI_DATA,293,2a:00:00:00:00:00,-43,11,1,0,1,1,1,0,0,0,1,-96,0,11,2,4096421,0,44,0,384,0,"[0,0,0,0,0,0,0,0,0,0,0,0,0,-12,0,-11,0,-11,0,-11,0,-10,0,-10,0,-10,0,-9,0,-9,0,-8,0,-8,0,-8,0,-8,0,-7,0,-7,0,-6,0,-7,0,-6,-1,-6,0,-6,0,-6,0,-5,0,-5,-1,-5,-1,-5,0,-4,0,0,-1,-4,-1,-4,-1,-4,-1,-3,-1,-3,-1,-3,-2,-3,-2,-3,-2,-3,-2,-3,-2,-3,-2,-3,-2,-3,-2,-3,-2,-3,-2,-3,-2,-3,-2,-3,-2,-3,-2,-3,-2,-3,-2,-3,-2,-3,-1,-3,-1,-3,-1,-3,0,0,0,0,0,0,0,0,0,0,0,0,0,0,-8,-70,-4,-61,-5,-66,-2,-61,-1,-59,1,-58,-1,-55,0,-57,1,-47,1,-48,0,-46,0,-47,2,-44,1,-40,2,-39,1,-37,0,-37,1,-36,1,-37,1,-30,0,-34,-2,-28,1,-32,-1,-28,0,-28,-3,-28,-2,-23,-1,-24,-2,-22,-1,-20,-1,-17,-3,-16,0,-17,-4,-16,-4,-14,-5,-14,-8,-12,-7,-12,-8,-12,-12,-12,-8,-12,-10,-12,-7,-13,-9,-13,-9,-15,-11,-12,-10,-15,-8,-13,-10,-15,-11,-16,-10,-15,-9,-16,-7,-15,-8,-13,-7,-16,-6,-14,-5,-16,0,0,0,0,0,0,0,0,0,0,0,0,0,0,0,0,0,0,0,0,0,0,-14,-20,-14,-23,-12,-25,-10,-29,-11,-29,-7,-31,-8,-33,-7,-33,-5,-38,-5,-39,-2,-40,-1,-43,-2,-47,4,-50,3,-54,10,-49,12,-57,15,-54,16,-56,21,-57,22,-60,29,-63,29,-59,35,-59,39,-59,41,-59,46,-57,50,-61,50,-52,56,-57,53,-50,61,-54,59,-49,59,-50,60,-49,63,-48,60,-47,65,-43,66,-43,70,-43,74,-44,63,-38,71,-39,70,-36,74,-36,68,-38,69,-32,73,-31,76,-30,74,-26,76,-22,73,-24,76,-23,66,-16,73,-14,76,-17,70,-15,0,0]"
CSI_DATA,294,2a:00:00:00:00:00,-43,11,1,0,1,1,1,0,0,0,1,-96,0,11,2,4112793,0,44,0,384,0,"[0,0,0,0,0,0,0,0,0,0,0,0,-8,8,-7,8,-7,8,-7,7,-7,7,-7,6,-6,6,-6,6,-6,5,-6,5,-6,5,-5,5,-5,5,-5,4,-4,5,-5,4,-4,4,-4,4,-4,4,-4,4,-4,3,-3,3,-3,3,-3,3,-3,3,-3,2,0,0,-2,2,-2,2,-2,2,-1,2,-1,2,-1,2,-1,2,-1,2,-1,2,0,2,0,2,-1,2,-1,3,-1,2,0,2,0,2,-1,3,-1,2,-1,3,-1,2,-1,2,-1,2,-1,2,-1,2,-1,2,-2,2,0,0,0,0,0,0,0,0,0,0,0,0,0,0,-39,54,-44,49,-39,49,-42,44,-41,45,-39,42,-38,41,-37,39,-36,39,-33,35,-35,32,-29,28,-31,30,-30,28,-28,25,-26,27,-25,28,-24,25,-24,24,-24,22,-22,24,-21,22,-20,19,-18,21,-18,22,-16,20,-14,19,-16,18,-13,17,-11,14,-11,13,-10,12,-10,15,-8,13,-3,12,-7,15,-3,14,-2,13,-2,11,0,13,-1,13,0,14,1,13,0,16,0,15,1,15,-1,13,-1,16,-1,14,0,16,-3,15,-5,14,-5,14,-4,14,-5,15,-7,14,-6,13,0,0,0,0,0,0,0,0,0,0,0,0,0,0,0,0,0,0,0,0,0,0,-8,23,-9,22,-12,24,-13,26,-17,25,-19,26,-20,25,-22,27,-24,28,-30,27,-32,26,-33,27,-37,28,-40,28,-41,27,-45,26,-49,28,-52,23,-53,26,-61,24,-60,20,-66,19,-68,15,-70,12,-73,7,-73,9,-74,3,-72,2,-78,0,-76,-4,-75,-6,-76,-7,-76,-9,-77,-11,-78,-14,-77,-17,-78,-18,-76,-18,-75,-20,-80,-20,-78,-23,-79,-24,-75,-27,-78,-28,-75,-28,-73,-27,-72,-31,-72,-30,-76,-33,-71,-35,-70,-36,-66,-35,-67,-39,-65,-37,-64,-41,-65,-40,-61,-41,0,0]"
CSI_DATA,295,2a:00:00:00:00:00,-43,11,1,0,1,1,1,0,0,0,1,-96,0,11,2,4116904,0,44,0,384,0,"[0,0,0,0,0,0,0,0,0,0,0,0,-10,5,-10,5,-9,5,-9,5,-8,4,-9,4,-8,3,-8,3,-8,3,-7,3,-7,3,-7,3,-6,3,-6,3,-6,3,-6,3,-6,2,-5,2,-5,3,-5,2,-5,2,-4,2,-4,2,-4,2,-3,2,-4,1,0,0,-3,1,-2,2,-2,2,-2,1,-2,2,-2,2,-1,2,-2,2,-2,2,-1,2,-1,2,-1,2,-1,2,-2,2,-1,2,-2,2,-2,2,-2,2,-2,2,-2,2,-2,2,-2,2,-2,2,-2,2,-2,2,-2,1,0,0,0,0,0,0,0,0,0,0,0,0,0,0,-62,25,-60,23,-59,23,-58,19,-55,20,-55,18,-51,16,-52,18,-47,15,-49,13,-48,11,-43,10,-43,10,-40,11,-38,11,-37,13,-34,15,-32,12,-33,12,-32,7,-30,12,-30,9,-28,12,-25,8,-24,9,-25,11,-24,9,-21,10,-18,12,-18,8,-16,6,-15,7,-10,11,-13,12,-10,9,-9,11,-8,13,-7,12,-10,15,-6,12,-7,12,-7,14,-7,14,-6,13,-7,15,-8,12,-7,13,-8,14,-9,13,-7,14,-9,12,-9,13,-9,11,-11,12,-10,11,-10,11,-12,10,0,0,0,0,0,0,0,0,0,0,0,0,0,0,0,0,0,0,0,0,0,0,-19,16,-21,14,-22,13,-27,12,-28,12,-32,11,-33,9,-34,7,-35,9,-37,5,-41,7,-45,6,-48,5,-49,2,-55,2,-51,-2,-56,-4,-56,-6,-58,-9,-61,-15,-63,-17,-66,-20,-66,-23,-68,-26,-65,-27,-67,-30,-66,-37,-65,-39,-63,-41,-64,-43,-59,-45,-61,-47,-58,-51,-59,-51,-60,-53,-57,-56,-57,-53,-57,-53,-56,-55,-59,-56,-56,-58,-57,-59,-53,-62,-56,-61,-52,-63,-50,-65,-47,-65,-46,-64,-45,-66,-47,-66,-43,-64,-43,-64,-40,-70,-36,-63,-41,-63,-35,-63,-35,-64,0,0]"
CSI_DATA,296,2a:00:00:00:00:00,-43,11,1,0,1,1,1,0,0,0,1,-96,0,11,2,4126645,0,44,0,384,0,"[0,0,0,0,0,0,0,0,0,0,0,0,-4,-11,-3,-10,-3,-10,-3,-10,-3,-10,-3,-9,-3,-9,-3,-8,-2,-8,-2,-8,-2,-7,-2,-7,-2,-7,-2,-7,-2,-7,-2,-6,-2,-6,-2,-6,-2,-6,-2,-5,-2,-5,-2,-5,-2,-4,-2,-4,-2,-4,-2,-4,0,0,-2,-3,-2,-3,-2,-3,-2,-2,-2,-2,-2,-2,-2,-2,-3,-2,-3,-2,-3,-2,-3,-2,-3,-2,-3,-2,-3,-2,-3,-2,-3,-2,-3,-2,-3,-2,-3,-2,-3,-2,-3,-2,-3,-2,-3,-2,-2,-2,-2,-2,-2,-3,0,0,0,0,0,0,0,0,0,0,0,0,0,0,-36,-60,-30,-57,-32,-57,-29,-52,-30,-52,-26,-51,-27,-50,-23,-52,-21,-47,-23,-44,-20,-42,-19,-39,-21,-39,-18,-38,-18,-34,-20,-32,-15,-33,-16,-31,-17,-31,-17,-29,-19,-27,-15,-26,-16,-25,-15,-26,-13,-24,-11,-20,-12,-19,-14,-20,-10,-19,-12,-16,-14,-14,-12,-14,-9,-11,-10,-10,-12,-8,-10,-8,-13,-6,-13,-6,-12,-6,-15,-4,-16,-4,-15,-5,-13,-5,-16,-4,-15,-7,-16,-4,-17,-5,-17,-4,-18,-5,-16,-7,-15,-7,-16,-7,-15,-6,-14,-7,-15,-6,-13,-8,-13,-8,0,0,0,0,0,0,0,0,0,0,0,0,0,0,0,0,0,0,0,0,0,0,-19,-16,-17,-21,-17,-21,-16,-24,-16,-27,-13,-28,-12,-32,-13,-34,-12,-34,-11,-36,-7,-42,-10,-45,-11,-47,-9,-48,-5,-50,-2,-52,0,-57,2,-58,2,-62,7,-61,11,-62,12,-68,17,-65,20,-67,23,-70,25,-70,27,-67,33,-68,33,-66,36,-70,38,-63,42,-66,43,-63,43,-64,44,-64,47,-64,47,-62,49,-63,51,-61,47,-63,50,-62,49,-61,53,-63,55,-61,54,-58,52,-54,54,-55,55,-54,57,-54,58,-50,59,-52,56,-52,63,-48,55,-46,63,-46,61,-45,59,-46,0,0]"
CSI_DATA,297,2a:00:00:00:00:00,-43,11,1,0,1,1,1,0,0,0,1,-96,0,11,2,4136527,0,44,0,384,0,"[0,0,0,0,0,0,0,0,0,0,0,0,-3,-11,-3,-10,-3,-10,-2,-10,-2,-10,-2,-9,-2,-8,-2,-8,-2,-8,-2,-8,-2,-7,-2,-7,-2,-7,-2,-7,-2,-6,-2,-6,-2,-6,-2,-6,-2,-5,-2,-5,-2,-5,-2,-5,-2,-4,-2,-4,-1,-4,-2,-4,0,0,-2,-3,-2,-3,-2,-3,-2,-2,-2,-2,-2,-2,-2,-2,-2,-2,-3,-2,-3,-2,-3,-2,-3,-2,-3,-2,-3,-2,-3,-2,-3,-2,-3,-2,-3,-2,-3,-2,-3,-2,-3,-2,-2,-2,-3,-2,-2,-2,-2,-2,-2,-3,0,0,0,0,0,0,0,0,0,0,0,0,0,0,-23,-62,-19,-63,-21,-59,-23,-57,-19,-56,-16,-52,-15,-54,-17,-52,-13,-51,-12,-47,-14,-45,-14,-41,-12,-42,-9,-41,-11,-39,-12,-37,-11,-37,-11,-35,-10,-31,-13,-30,-11,-29,-12,-28,-10,-30,-11,-26,-6,-25,-10,-22,-9,-24,-8,-23,-6,-21,-11,-17,-9,-15,-9,-16,-9,-16,-8,-12,-9,-8,-6,-11,-10,-9,-10,-9,-13,-8,-14,-8,-15,-7,-16,-7,-12,-4,-12,-8,-13,-6,-13,-9,-17,-6,-14,-8,-15,-8,-13,-10,-14,-11,-14,-11,-14,-10,-12,-12,-12,-11,-11,-13,-9,-12,0,0,0,0,0,0,0,0,0,0,0,0,0,0,0,0,0,0,0,0,0,0,-16,-20,-15,-22,-15,-23,-14,-26,-13,-27,-13,-28,-10,-31,-10,-33,-9,-36,-8,-36,-6,-41,-5,-46,-5,-48,-3,-48,0,-50,4,-53,3,-59,5,-59,7,-60,12,-62,16,-62,20,-64,23,-67,26,-66,29,-65,32,-65,36,-65,38,-63,42,-65,43,-64,43,-61,49,-60,50,-61,50,-58,51,-59,53,-56,51,-59,55,-58,56,-55,58,-57,59,-53,58,-56,60,-52,60,-53,63,-50,60,-47,63,-46,62,-49,65,-44,68,-44,66,-38,67,-40,68,-39,63,-36,68,-37,64,-34,64,-32,0,0]"
CSI_DATA,298,2a:00:00:00:00:00,-43,11,1,0,1,1,1,0,0,0,1,-96,0,11,2,4156721,0,44,0,384,0,"[0,0,0,0,0,0,0,0,0,0,0,0,7,-9,7,-8,7,-9,7,-8,6,-7,6,-7,6,-6,6,-6,5,-6,5,-6,5,-6,5,-5,4,-6,4,-5,4,-5,4,-5,3,-5,4,-5,3,-5,3,-4,3,-4,3,-4,3,-3,2,-4,2,-3,2,-3,0,0,2,-3,1,-3,1,-3,1,-3,0,-3,0,-3,0,-3,0,-3,0,-3,0,-3,0,-3,0,-3,0,-3,0,-4,-1,-3,0,-3,0,-4,0,-3,0,-3,0,-3,0,-3,0,-3,0,-3,0,-3,0,-3,1,-3,0,0,0,0,0,0,0,0,0,0,0,0,0,0,38,-56,37,-53,36,-55,37,-51,31,-48,37,-46,30,-41,33,-44,28,-39,32,-38,28,-35,29,-33,28,-34,23,-32,25,-31,24,-31,23,-30,19,-31,20,-29,18,-27,18,-26,18,-22,17,-26,15,-24,14,-23,13,-22,13,-18,12,-20,9,-18,9,-16,8,-17,9,-19,3,-17,4,-15,1,-14,1,-15,-1,-14,0,-16,-2,-15,-3,-11,-4,-11,-3,-15,-4,-17,-3,-17,-4,-17,-6,-13,-5,-18,-3,-17,-4,-16,-2,-17,-1,-15,-3,-16,0,-16,2,-15,1,-16,4,-16,3,-14,0,0,0,0,0,0,0,0,0,0,0,0,0,0,0,0,0,0,0,0,0,0,7,-23,10,-24,11,-23,13,-27,16,-26,18,-27,18,-27,24,-26,25,-28,26,-28,29,-29,33,-27,36,-33,39,-30,44,-29,42,-27,51,-28,48,-24,56,-28,57,-24,61,-22,62,-22,64,-16,68,-17,68,-13,72,-12,73,-6,78,-5,71,-3,79,0,72,3,77,5,77,7,76,7,79,10,76,10,74,11,76,15,75,14,78,13,81,19,76,17,80,21,76,18,78,21,74,21,73,26,74,25,73,25,72,29,71,26,72,32,71,35,62,30,69,35,68,36,62,33,0,0]"
CSI_DATA,299,2a:00:00:00:00:00,-43,11,1,0,1,1,1,0,0,0,1,-96,0,11,2,4186419,0,44,0,384,0,"[0,0,0,0,0,0,0,0,0,0,0,0,2,-11,3,-10,2,-11,3,-10,2,-10,3,-9,2,-9,2,-8,2,-8,2,-8,2,-7,2,-7,2,-7,2,-7,2,-6,1,-6,1,-6,1,-5,1,-6,1,-5,1,-5,1,-5,1,-4,1,-5,1,-4,0,-4,0,0,0,-3,0,-4,0,-3,-1,-3,-1,-3,-1,-3,-1,-3,-1,-3,-1,-3,-2,-3,-2,-3,-1,-3,-1,-3,-2,-3,-2,-3,-2,-3,-2,-3,-2,-3,-1,-3,-1,-3,-1,-3,-1,-3,-1,-3,-1,-3,-1,-3,0,-3,0,0,0,0,0,0,0,0,0,0,0,0,0,0,25,-61,26,-60,27,-61,23,-56,25,-54,26,-50,25,-50,25,-49,24,-44,21,-42,20,-42,20,-39,19,-39,20,-36,19,-33,16,-36,17,-34,17,-31,15,-31,14,-27,12,-29,12,-26,11,-28,11,-24,13,-22,11,-23,5,-22,9,-21,10,-20,6,-19,5,-19,2,-17,4,-16,4,-18,0,-14,1,-15,-1,-15,-3,-12,-1,-15,-7,-14,-6,-17,-4,-15,-3,-17,-5,-14,-7,-15,-9,-18,-5,-15,-5,-17,-5,-17,-3,-16,-3,-15,-3,-15,-3,-16,0,-16,1,-16,-1,-15,1,-15,0,0,0,0,0,0,0,0,0,0,0,0,0,0,0,0,0,0,0,0,0,0,1,-24,0,-27,2,-27,7,-30,10,-29,9,-31,8,-29,10,-33,13,-35,18,-36,22,-33,26,-35,27,-38,29,-38,32,-38,36,-40,37,-41,42,-37,42,-38,45,-38,49,-36,55,-38,60,-35,62,-32,66,-29,66,-30,69,-23,71,-21,71,-19,73,-19,73,-15,77,-16,76,-14,76,-15,78,-13,75,-8,78,-7,78,-4,78,-2,80,-2,81,1,80,-2,78,1,81,2,77,5,78,5,78,5,78,5,77,9,78,14,76,16,73,15,73,17,71,17,71,20,74,17,72,23,0,0]"
CSI_DATA,300,2a:00:00:00:00:00,-43,11,1,0,1,1,1,0,0,0,1,-96,0,11,2,4196408,0,44,0,384,0,"[0,0,0,0,0,0,0,0,0,0,0,0,-11,-4,-10,-4,-10,-4,-9,-4,-9,-4,-9,-4,-8,-4,-8,-4,-8,-4,-7,-3,-7,-3,-7,-3,-6,-3,-6,-3,-6,-3,-6,-3,-6,-2,-6,-2,-5,-2,-5,-2,-5,-2,-4,-2,-5,-2,-4,-2,-4,-2,-4,-2,0,0,-4,-1,-3,-1,-3,-1,-3,-1,-3,0,-3,0,-3,0,-3,0,-3,0,-3,0,-3,0,-3,0,-3,0,-3,0,-3,0,-3,0,-3,0,-3,0,-3,0,-3,0,-3,0,-3,0,-3,0,-3,0,-3,-1,-3,-1,0,0,0,0,0,0,0,0,0,0,0,0,0,0,-62,-30,-57,-35,-55,-27,-55,-29,-56,-29,-49,-29,-45,-28,-43,-29,-41,-28,-40,-28,-39,-28,-39,-24,-37,-29,-33,-23,-32,-22,-34,-20,-33,-20,-30,-19,-30,-21,-29,-17,-29,-18,-28,-17,-25,-12,-24,-12,-21,-11,-21,-14,-21,-11,-18,-11,-18,-12,-21,-9,-22,-9,-18,-7,-15,-2,-14,-5,-14,-2,-14,2,-14,2,-14,2,-12,3,-17,4,-16,3,-15,0,-16,3,-17,4,-14,6,-17,2,-17,3,-16,3,-17,1,-14,1,-17,2,-17,0,-16,2,-17,-1,-17,-1,-17,0,-15,-2,0,0,0,0,0,0,0,0,0,0,0,0,0,0,0,0,0,0,0,0,0,0,-27,-6,-27,-6,-27,-9,-27,-13,-29,-13,-28,-15,-29,-19,-29,-19,-31,-24,-30,-23,-33,-26,-33,-29,-34,-33,-36,-35,-37,-41,-31,-43,-30,-47,-30,-48,-30,-48,-28,-55,-27,-58,-28,-63,-24,-64,-20,-62,-17,-69,-19,-72,-12,-74,-13,-78,-8,-75,-6,-76,-5,-74,-3,-78,0,-76,0,-79,0,-78,3,-82,3,-80,5,-78,5,-79,9,-83,10,-82,8,-78,13,-81,13,-79,14,-78,15,-78,18,-81,17,-78,21,-78,24,-75,24,-72,24,-77,26,-75,26,-67,28,-68,30,-71,27,-68,0,0]"
CSI_DATA,301,2a:00:00:00:00:00,-43,11,1,0,1,1,1,0,0,0,1,-96,0,11,2,4218052,0,44,0,384,0,"[0,0,0,0,0,0,0,0,0,0,0,0,9,-6,9,-6,8,-6,8,-5,7,-5,8,-5,7,-5,7,-4,7,-4,6,-4,6,-4,6,-4,5,-4,5,-4,5,-3,5,-4,5,-4,4,-3,4,-4,4,-3,3,-3,3,-3,3,-2,3,-3,3,-3,3,-2,0,0,2,-2,2,-3,1,-3,1,-2,1,-3,1,-3,1,-3,1,-3,0,-3,0,-3,0,-3,0,-3,0,-3,0,-3,0,-3,0,-3,0,-3,1,-3,0,-3,0,-3,1,-3,1,-3,1,-3,1,-3,1,-3,1,-2,0,0,0,0,0,0,0,0,0,0,0,0,0,0,60,-35,55,-28,56,-31,55,-24,54,-25,52,-24,50,-23,50,-21,44,-20,45,-19,45,-17,42,-17,40,-17,36,-16,39,-14,34,-16,34,-17,33,-16,30,-15,29,-13,30,-15,27,-12,25,-15,23,-13,20,-13,21,-11,19,-11,18,-14,17,-12,16,-8,13,-11,12,-9,11,-10,12,-13,9,-12,8,-13,9,-14,6,-12,5,-15,7,-12,4,-15,5,-14,4,-14,6,-14,4,-14,5,-13,3,-14,7,-17,5,-15,5,-15,6,-14,6,-12,6,-14,8,-13,8,-14,8,-13,11,-11,0,0,0,0,0,0,0,0,0,0,0,0,0,0,0,0,0,0,0,0,0,0,15,-18,18,-17,21,-16,22,-18,24,-16,28,-16,28,-17,31,-12,33,-15,35,-14,38,-12,42,-11,45,-12,48,-10,51,-7,49,-2,56,-3,55,3,60,1,60,5,63,8,64,12,66,15,65,16,67,20,69,24,69,26,68,32,67,33,67,37,65,38,67,40,62,42,67,40,66,43,61,47,62,45,63,48,62,48,62,48,60,53,57,50,61,53,59,54,57,55,54,56,54,58,53,61,51,60,49,59,51,59,48,60,47,65,41,59,42,60,41,60,41,62,0,0]"
CSI_DATA,302,2a:00:00:00:00:00,-43,11,1,0,1,1,1,0,0,0,1,-96,0,11,2,4226384,0,44,0,384,0,"[0,0,0,0,0,0,0,0,0,0,0,0,8,-7,8,-6,8,-7,7,-6,7,-6,7,-5,7,-5,6,-5,6,-5,6,-5,6,-4,5,-4,5,-4,5,-4,4,-4,5,-4,4,-3,4,-3,3,-3,3,-3,3,-3,3,-3,3,-3,2,-3,2,-3,2,-2,0,0,2,-2,1,-3,1,-3,1,-2,1,-3,1,-3,1,-3,0,-3,0,-3,0,-3,0,-3,0,-3,0,-3,0,-3,0,-3,0,-3,1,-3,0,-3,0,-3,0,-3,1,-3,1,-3,1,-3,1,-3,1,-3,1,-2,0,0,0,0,0,0,0,0,0,0,0,0,0,0,54,-39,49,-40,49,-40,51,-35,47,-33,47,-32,43,-31,45,-28,42,-27,43,-25,41,-24,37,-22,35,-21,32,-21,32,-21,35,-20,31,-22,29,-23,27,-18,27,-17,25,-18,23,-16,22,-19,23,-16,20,-14,18,-15,17,-13,18,-15,16,-14,16,-14,12,-10,12,-11,10,-13,9,-12,8,-10,6,-13,7,-14,7,-12,6,-16,2,-13,2,-14,4,-16,3,-16,2,-15,2,-16,3,-15,2,-14,4,-16,4,-14,6,-13,5,-15,7,-14,7,-13,8,-13,6,-13,9,-13,11,-13,0,0,0,0,0,0,0,0,0,0,0,0,0,0,0,0,0,0,0,0,0,0,12,-21,11,-22,16,-22,21,-24,22,-21,26,-22,26,-20,29,-22,30,-21,31,-21,34,-23,38,-23,42,-22,42,-19,47,-18,47,-14,56,-16,53,-13,57,-12,63,-7,61,-4,68,0,65,-2,71,3,71,4,73,7,71,11,73,15,74,18,74,21,69,23,74,26,71,29,70,31,72,32,69,34,66,33,71,33,73,33,71,34,70,40,65,40,70,41,68,41,66,46,61,43,62,48,61,48,62,49,56,50,60,47,60,49,57,54,51,51,55,52,50,52,52,49,0,0]"
CSI_DATA,303,2a:00:00:00:00:00,-43,11,1,0,1,1,1,0,0,0,1,-96,0,11,2,4236395,0,44,0,384,0,"[0,0,0,0,0,0,0,0,0,0,0,0,-7,-9,-7,-9,-7,-8,-6,-9,-6,-8,-6,-8,-6,-7,-5,-7,-5,-7,-5,-7,-5,-6,-5,-6,-4,-6,-4,-6,-4,-5,-4,-5,-4,-5,-4,-5,-4,-5,-4,-5,-3,-4,-3,-4,-3,-4,-3,-4,-3,-4,-3,-3,0,0,-3,-3,-3,-2,-3,-2,-3,-2,-3,-2,-3,-1,-3,-1,-3,-1,-3,-1,-3,-1,-3,-1,-3,-1,-3,-1,-3,-1,-3,-1,-4,-1,-3,-1,-3,-1,-3,-1,-3,-2,-3,-2,-3,-1,-3,-2,-3,-2,-3,-2,-3,-2,0,0,0,0,0,0,0,0,0,0,0,0,0,0,-34,-60,-33,-60,-32,-54,-31,-55,-32,-52,-28,-50,-23,-52,-23,-47,-24,-47,-21,-43,-21,-44,-21,-39,-23,-37,-18,-36,-20,-35,-18,-33,-17,-34,-16,-32,-18,-33,-16,-29,-17,-25,-19,-27,-14,-24,-13,-24,-12,-23,-12,-19,-13,-20,-12,-19,-10,-19,-12,-16,-12,-16,-11,-13,-11,-11,-11,-10,-15,-11,-9,-7,-11,-6,-10,-6,-13,-6,-17,-5,-13,-7,-15,-5,-13,-3,-14,-4,-14,-5,-17,-7,-16,-7,-15,-5,-18,-8,-14,-6,-16,-7,-15,-7,-15,-7,-13,-7,-11,-8,-14,-9,-13,-8,0,0,0,0,0,0,0,0,0,0,0,0,0,0,0,0,0,0,0,0,0,0,-18,-16,-19,-18,-17,-22,-19,-25,-17,-25,-16,-27,-16,-28,-14,-33,-14,-35,-14,-36,-13,-40,-12,-42,-14,-46,-10,-48,-8,-48,-3,-56,-4,-58,-1,-59,1,-62,1,-63,3,-64,8,-67,13,-66,16,-67,20,-70,20,-69,26,-68,31,-70,29,-70,34,-71,35,-70,38,-68,38,-67,38,-66,41,-65,43,-65,44,-64,46,-65,48,-64,47,-64,48,-65,47,-65,48,-60,53,-64,48,-60,51,-57,54,-56,54,-59,56,-56,59,-52,60,-52,56,-49,57,-49,57,-47,60,-46,59,-45,59,-45,0,0]"
CSI_DATA,304,2a:00:00:00:00:00,-43,11,1,0,1,1,1,0,0,0,1,-96,0,11,2,4246400,0,44,0,384,0,"[0,0,0,0,0,0,0,0,0,0,0,0,-8,7,-8,7,-7,6,-8,6,-7,5,-7,5,-7,5,-7,5,-6,4,-6,4,-6,4,-6,4,-5,4,-5,4,-5,3,-5,3,-5,3,-4,3,-4,3,-4,3,-4,3,-4,2,-4,2,-3,2,-3,2,-3,2,0,0,-3,2,-2,2,-2,2,-2,2,-1,2,-1,2,-1,2,-1,2,-1,2,-1,2,-1,2,-1,2,-1,2,-1,2,-1,2,-1,2,-1,2,-1,2,-1,2,-1,2,-1,2,-1,2,-2,2,-2,2,-2,2,-2,1,0,0,0,0,0,0,0,0,0,0,0,0,0,0,-47,46,-47,42,-48,45,-46,41,-47,37,-43,37,-41,35,-42,32,-40,30,-39,28,-39,25,-37,26,-36,24,-32,23,-35,22,-32,20,-31,21,-28,22,-29,20,-27,18,-24,18,-25,17,-24,18,-20,18,-20,16,-21,16,-20,14,-17,15,-18,14,-13,12,-15,10,-14,11,-11,13,-10,14,-8,9,-7,14,-7,12,-8,15,-7,13,-3,12,-2,13,-3,15,-2,15,-3,16,-5,15,-4,15,-4,16,-4,14,-5,14,-3,15,-4,14,-7,13,-6,15,-8,14,-10,13,-8,12,-8,10,0,0,0,0,0,0,0,0,0,0,0,0,0,0,0,0,0,0,0,0,0,0,-4,25,-9,23,-11,22,-12,28,-14,25,-19,25,-21,26,-23,27,-25,29,-24,29,-31,30,-34,30,-35,31,-39,27,-42,29,-46,29,-48,25,-50,25,-58,26,-57,21,-60,18,-66,19,-67,14,-69,11,-72,5,-74,6,-74,1,-76,0,-74,-3,-77,-5,-74,-10,-76,-11,-77,-15,-76,-15,-75,-19,-75,-18,-74,-23,-76,-23,-76,-24,-79,-25,-79,-29,-74,-26,-74,-31,-75,-31,-72,-32,-71,-35,-70,-38,-70,-38,-70,-40,-65,-43,-67,-42,-64,-44,-63,-45,-59,-43,-63,-44,-59,-49,-56,-48,0,0]"
CSI_DATA,305,2a:00:00:00:00:00,-43,11,1,0,1,1,1,0,0,0,1,-96,0,11,2,4256417,0,44,0,384,0,"[0,0,0,0,0,0,0,0,0,0,0,0,7,7,7,7,7,7,6,7,6,6,6,6,5,6,5,6,5,5,4,5,5,5,4,5,4,4,4,4,4,4,4,4,4,3,3,3,3,3,3,3,3,3,3,3,3,2,2,2,2,2,2,2,0,0,2,1,2,1,2,1,2,1,2,1,2,0,2,0,2,0,2,0,2,0,2,0,2,0,2,0,2,0,2,0,3,0,2,0,2,0,2,0,2,0,2,0,2,0,2,0,2,0,2,1,2,1,0,0,0,0,0,0,0,0,0,0,0,0,0,0,40,55,36,54,36,50,33,47,35,48,31,48,26,46,27,46,28,40,26,42,25,39,26,38,25,38,20,34,18,33,24,30,21,31,19,28,16,27,21,27,21,25,17,24,18,22,15,20,15,20,13,21,14,20,13,17,12,16,12,13,11,10,13,13,10,10,11,7,13,7,12,6,10,4,12,5,12,3,15,4,16,3,18,3,13,2,15,2,14,2,15,4,13,4,17,2,15,2,15,4,15,3,14,2,16,3,15,5,12,6,14,6,13,10,0,0,0,0,0,0,0,0,0,0,0,0,0,0,0,0,0,0,0,0,0,0,21,12,17,16,18,16,19,22,19,23,17,27,18,26,17,30,18,32,19,33,15,38,13,40,17,44,16,48,14,49,8,49,8,53,7,55,5,61,1,61,1,63,-4,71,-5,68,-11,70,-14,68,-14,73,-21,71,-22,72,-25,69,-24,72,-26,70,-30,71,-32,68,-35,69,-36,67,-37,68,-39,67,-39,67,-42,66,-42,68,-44,68,-43,68,-47,67,-47,68,-45,64,-49,63,-49,62,-47,63,-51,63,-54,58,-53,54,-53,58,-55,56,-53,50,-55,51,-53,49,-54,47,0,0]"
CSI_DATA,306,2a:00:00:00:00:00,-43,11,1,0,1,1,1,0,0,0,1,-96,0,11,2,4277543,0,44,0,384,0,"[0,0,0,0,0,0,0,0,0,0,0,0,-12,-1,-11,-1,-11,-1,-10,-1,-10,-1,-9,-1,-9,-1,-9,-1,-9,-1,-8,-1,-8,-1,-8,-1,-7,-1,-7,-1,-6,-1,-7,-1,-6,-1,-6,-1,-5,-1,-5,-1,-5,-1,-5,0,-5,-1,-4,0,-4,0,-4,0,0,0,-4,0,-3,0,-3,0,-3,0,-3,1,-3,1,-2,1,-2,1,-3,1,-3,1,-3,1,-2,1,-3,1,-2,1,-3,1,-3,1,-3,2,-3,1,-3,1,-3,1,-3,1,-3,1,-3,1,-3,1,-3,1,-3,0,0,0,0,0,0,0,0,0,0,0,0,0,0,0,-67,-15,-66,-15,-61,-11,-60,-15,-62,-15,-56,-14,-53,-13,-50,-15,-51,-13,-47,-13,-45,-15,-44,-12,-44,-13,-39,-11,-38,-11,-38,-11,-34,-10,-36,-7,-32,-4,-34,-9,-32,-8,-31,-8,-27,-4,-26,-6,-23,-5,-25,-4,-26,-4,-20,-2,-20,-4,-22,-2,-20,-3,-16,-3,-15,1,-14,0,-13,2,-13,4,-14,7,-11,3,-12,6,-13,6,-14,6,-11,6,-12,8,-12,8,-14,10,-15,8,-14,6,-16,6,-15,7,-15,7,-15,4,-14,4,-14,6,-15,4,-18,4,-14,1,-15,-1,0,0,0,0,0,0,0,0,0,0,0,0,0,0,0,0,0,0,0,0,0,0,-24,5,-25,0,-28,2,-30,-1,-29,-4,-29,-8,-32,-6,-36,-8,-38,-10,-39,-10,-40,-14,-41,-17,-44,-17,-46,-22,-46,-27,-45,-30,-42,-31,-49,-36,-48,-34,-45,-45,-46,-45,-46,-50,-45,-52,-45,-56,-41,-57,-42,-62,-36,-65,-36,-65,-35,-68,-31,-68,-31,-73,-29,-71,-28,-73,-26,-74,-27,-75,-22,-78,-21,-77,-23,-76,-19,-76,-20,-78,-17,-78,-18,-79,-15,-78,-14,-83,-10,-77,-15,-76,-9,-82,-7,-76,-5,-81,-5,-80,1,-77,-1,-76,2,-76,3,-76,5,-73,4,-73,6,-72,0,0]"
CSI_DATA,307,2a:00:00:00:00:00,-43,11,1,0,1,1,1,0,0,0,1,-96,0,11,2,4286421,0,44,0,384,0,"[0,0,0,0,0,0,0,0,0,0,0,0,-9,6,-9,6,-8,6,-9,6,-8,5,-9,5,-8,4,-8,4,-8,4,-6,4,-7,4,-7,4,-6,4,-6,3,-6,3,-6,3,-6,3,-5,2,-5,3,-4,3,-4,3,-4,2,-4,2,-4,2,-3,2,-3,2,0,0,-3,2,-2,2,-2,2,-2,1,-2,2,-1,2,-1,2,-1,2,-1,2,-1,2,-1,2,-1,2,-1,2,-1,3,-1,2,-1,2,-1,2,-1,2,-1,2,-1,2,-2,2,-2,2,-2,2,-2,2,-2,2,-2,2,0,0,0,0,0,0,0,0,0,0,0,0,0,0,67,3,61,5,59,5,61,5,60,3,57,8,47,5,49,5,47,7,51,7,45,4,44,6,44,8,37,5,38,2,36,0,35,3,35,3,32,7,34,4,30,0,31,3,23,0,22,0,23,-2,24,1,24,-2,21,0,18,0,17,-2,21,-3,21,-1,13,-3,9,-3,15,-3,7,-3,6,-8,10,-5,7,-11,10,-11,9,-11,11,-5,10,-9,8,-12,10,-12,8,-10,12,-8,10,-12,10,-5,9,-9,11,-10,11,-6,11,-11,10,-12,12,-9,13,-8,11,-1,0,0,0,0,0,0,0,0,0,0,0,0,0,0,0,0,0,0,0,0,0,0,27,-2,27,-4,26,-1,33,3,30,0,34,7,31,8,35,10,35,11,38,9,38,12,40,19,46,18,44,23,47,23,46,31,48,32,45,35,50,33,53,38,53,42,48,48,45,46,42,53,44,52,45,57,39,62,41,65,35,67,37,67,33,68,33,68,32,69,30,73,26,76,25,73,28,73,27,70,20,71,21,76,20,78,21,81,22,73,21,75,18,73,18,80,16,76,14,78,10,79,13,76,10,71,11,78,4,78,2,70,4,74,3,73,5,76,0,0]"
CSI_DATA,308,2a:00:00:00:00:00,-43,11,1,0,1,1,1,0,0,0,1,-96,0,11,2,4316407,0,44,0,384,0,"[0,0,0,0,0,0,0,0,0,0,0,0,1,-11,1,-11,1,-10,2,-11,1,-10,2,-10,1,-9,1,-8,1,-8,1,-8,1,-7,1,-7,1,-7,1,-7,1,-7,0,-6,0,-6,0,-6,0,-6,1,-6,0,-5,0,-5,0,-4,0,-5,0,-4,0,-4,0,0,-1,-4,0,-4,-1,-4,-1,-3,-1,-3,-1,-3,-1,-3,-1,-3,-2,-3,-2,-3,-2,-3,-2,-3,-2,-3,-2,-3,-2,-3,-2,-3,-2,-3,-2,-3,-2,-3,-2,-3,-2,-3,-1,-3,-1,-3,-1,-3,-1,-3,-1,-3,0,0,0,0,0,0,0,0,0,0,0,0,0,0,18,-67,21,-63,22,-62,21,-58,18,-56,18,-55,20,-54,20,-53,18,-48,17,-45,17,-43,16,-40,15,-40,14,-39,14,-39,11,-38,13,-37,12,-35,9,-33,8,-29,11,-30,10,-28,7,-28,8,-27,10,-25,8,-24,4,-23,7,-21,5,-21,4,-20,2,-20,2,-17,3,-18,2,-16,-2,-15,-2,-14,-1,-13,-2,-14,-5,-13,-6,-13,-7,-14,-7,-14,-4,-15,-6,-14,-7,-14,-8,-16,-9,-14,-6,-15,-6,-18,-6,-18,-7,-15,-4,-17,-3,-15,-4,-16,-6,-15,-4,-17,-2,-14,0,0,0,0,0,0,0,0,0,0,0,0,0,0,0,0,0,0,0,0,0,0,-3,-26,0,-27,2,-29,3,-29,5,-28,10,-31,10,-32,12,-36,15,-34,17,-35,17,-38,21,-37,23,-41,25,-42,29,-42,32,-41,37,-44,38,-43,43,-41,44,-43,49,-40,54,-40,56,-37,59,-39,60,-34,64,-36,66,-34,69,-29,67,-25,73,-24,70,-21,76,-19,75,-19,75,-20,76,-14,76,-11,75,-16,75,-16,78,-12,80,-12,81,-6,77,-6,78,-6,80,-5,80,-2,78,1,77,0,78,3,79,6,78,5,76,5,75,5,74,11,73,9,75,9,73,14,71,14,0,0]"
CSI_DATA,309,2a:00:00:00:00:00,-43,11,1,0,1,1,1,0,0,0,1,-96,0,11,2,4326463,0,44,0,384,0,"[0,0,0,0,0,0,0,0,0,0,0,0,-8,7,-8,7,-8,7,-7,6,-7,6,-7,5,-7,5,-7,5,-7,5,-6,5,-6,4,-6,4,-5,4,-5,4,-5,4,-5,4,-5,4,-4,3,-4,3,-4,3,-4,3,-3,3,-4,3,-3,3,-3,2,-3,2,0,0,-2,2,-2,2,-2,2,-2,2,-1,2,-1,2,-1,2,-1,2,-1,2,-1,2,-1,2,-1,2,-1,3,-1,2,-1,2,-1,2,-1,3,-1,2,-1,2,-1,2,-1,2,-1,2,-2,2,-2,2,-1,2,-2,2,0,0,0,0,0,0,0,0,0,0,0,0,0,0,-47,47,-46,44,-46,45,-44,38,-42,40,-42,37,-39,35,-42,36,-37,29,-39,29,-37,27,-35,27,-33,28,-31,26,-33,25,-31,23,-28,21,-28,24,-27,24,-26,21,-26,24,-22,19,-21,21,-19,18,-20,17,-19,19,-17,18,-16,17,-14,17,-15,16,-12,12,-12,12,-10,14,-9,14,-8,10,-8,15,-1,13,-4,14,-3,14,-2,13,-4,16,-2,13,-3,15,-2,15,-2,18,-2,14,0,18,-5,17,-2,17,-2,15,-3,15,-3,15,-4,17,-5,15,-5,15,-6,14,-7,15,0,0,0,0,0,0,0,0,0,0,0,0,0,0,0,0,0,0,0,0,0,0,-12,21,-14,22,-15,23,-19,24,-19,22,-23,23,-24,23,-27,22,-30,25,-32,19,-35,24,-38,24,-42,22,-42,23,-49,21,-47,19,-53,22,-53,16,-58,18,-61,15,-63,11,-69,8,-66,3,-71,1,-73,-1,-72,-2,-75,-7,-79,-10,-72,-11,-78,-12,-73,-18,-76,-20,-73,-20,-75,-19,-75,-25,-74,-26,-72,-26,-74,-28,-74,-29,-77,-30,-76,-32,-73,-31,-77,-34,-73,-34,-71,-38,-70,-38,-70,-38,-69,-38,-68,-39,-66,-39,-63,-41,-65,-45,-63,-49,-57,-43,-58,-45,-62,-47,-55,-47,0,0]"
CSI_DATA,310,2a:00:00:00:00:00,-43,11,1,0,1,1,1,0,0,0,1,-96,0,11,2,4337413,0,44,0,384,0,"[0,0,0,0,0,0,0,0,0,0,0,0,-5,10,-5,9,-5,9,-5,8,-5,8,-5,7,-5,7,-5,7,-4,6,-4,6,-4,6,-4,5,-4,6,-4,5,-3,5,-3,5,-3,4,-3,5,-2,4,-2,4,-3,4,-2,4,-3,3,-2,3,-2,3,-2,3,0,0,-2,2,-1,3,-1,2,-1,2,-1,2,-1,2,0,2,0,2,0,2,0,2,0,2,0,2,0,2,0,2,0,2,0,2,0,3,0,2,0,2,0,2,0,2,0,2,-1,2,-1,2,-1,2,-1,2,0,0,0,0,0,0,0,0,0,0,0,0,0,0,-22,62,-23,61,-20,59,-23,56,-22,56,-20,49,-23,52,-22,50,-20,46,-19,43,-19,39,-18,38,-17,38,-20,36,-19,36,-16,33,-14,32,-14,32,-14,31,-12,31,-12,30,-13,26,-11,29,-9,27,-8,24,-10,22,-11,20,-9,22,-8,21,-6,17,-6,18,-4,14,-4,18,-1,14,0,14,0,16,2,15,2,13,5,12,5,12,3,13,4,13,4,15,4,14,5,14,7,16,5,13,6,14,4,15,4,14,3,16,0,17,1,13,2,13,0,13,-1,12,-2,14,0,0,0,0,0,0,0,0,0,0,0,0,0,0,0,0,0,0,0,0,0,0,3,26,2,26,-2,27,-1,27,-4,30,-8,28,-8,32,-12,34,-12,36,-15,35,-16,38,-20,40,-22,43,-26,42,-27,39,-31,42,-34,42,-40,42,-42,42,-46,43,-50,40,-54,39,-59,38,-62,38,-62,34,-65,33,-67,31,-68,28,-71,30,-73,26,-74,22,-75,20,-77,18,-75,17,-81,14,-76,14,-79,13,-80,13,-79,7,-81,9,-78,8,-83,9,-78,6,-84,2,-77,0,-78,1,-80,-3,-79,-1,-78,-4,-81,-8,-79,-8,-78,-10,-73,-15,-73,-13,-75,-12,-73,-15,-70,-18,0,0]"
CSI_DATA,311,2a:00:00:00:00:00,-43,11,1,0,1,1,1,0,0,0,1,-96,0,11,2,4356674,0,44,0,384,0,"[0,0,0,0,0,0,0,0,0,0,0,0,-1,10,-1,10,-1,10,-1,9,-1,9,-2,8,-2,8,-2,8,-1,7,-1,7,-1,7,-1,6,-1,6,-1,6,-1,6,-1,6,-1,5,-1,5,0,5,-1,5,-1,5,-1,4,-1,3,0,4,0,3,0,3,0,0,0,2,0,3,0,2,0,2,1,2,1,2,1,2,1,2,1,2,1,2,1,1,1,2,1,2,1,2,1,2,1,2,1,2,1,2,1,2,1,2,1,2,1,2,0,2,1,2,0,2,0,2,0,0,0,0,0,0,0,0,0,0,0,0,0,0,-12,66,-12,61,-11,62,-12,58,-13,56,-13,54,-14,52,-15,52,-10,49,-14,45,-12,43,-11,42,-13,42,-13,40,-10,36,-9,36,-11,36,-9,35,-11,34,-7,32,-7,31,-6,29,-6,28,-8,27,-5,25,-5,26,-4,21,-5,22,-4,20,-3,19,-3,15,-1,17,-3,16,0,15,1,12,1,12,3,12,3,12,8,11,6,12,8,12,9,11,6,14,6,15,6,14,7,14,7,13,5,14,6,15,6,14,5,14,4,12,5,13,1,16,3,13,2,17,1,15,0,0,0,0,0,0,0,0,0,0,0,0,0,0,0,0,0,0,0,0,0,0,7,24,3,27,3,25,0,30,-2,31,-6,31,-4,33,-7,34,-10,39,-9,34,-12,39,-15,40,-15,44,-19,43,-24,44,-26,44,-30,50,-35,47,-34,47,-41,46,-40,45,-50,48,-49,45,-53,45,-57,43,-60,45,-66,41,-69,40,-66,36,-70,33,-65,32,-72,29,-74,29,-72,28,-75,26,-76,24,-73,21,-72,23,-77,20,-80,19,-80,19,-77,17,-78,14,-79,15,-77,12,-80,12,-79,8,-77,6,-81,7,-77,3,-76,1,-79,2,-79,-1,-72,-2,-77,-4,-76,-6,-74,-4,0,0]"
CSI_DATA,312,2a:00:00:00:00:00,-43,11,1,0,1,1,1,0,0,0,1,-96,0,11,2,4366472,0,44,0,384,0,"[0,0,0,0,0,0,0,0,0,0,0,0,-10,4,-10,4,-8,4,-9,3,-8,3,-9,3,-8,3,-8,3,-7,2,-7,2,-7,2,-7,2,-6,2,-6,2,-6,2,-6,2,-6,2,-5,1,-5,2,-5,2,-4,2,-4,2,-4,1,-4,1,-4,1,-4,1,0,0,-3,1,-3,1,-2,1,-2,1,-2,1,-2,2,-2,2,-2,2,-2,1,-2,1,-2,2,-2,2,-2,2,-2,2,-2,2,-2,2,-2,2,-2,2,-2,2,-2,2,-2,2,-2,2,-2,1,-2,1,-2,1,-2,1,0,0,0,0,0,0,0,0,0,0,0,0,0,0,-68,10,-65,6,-64,10,-62,6,-63,5,-58,4,-56,3,-53,4,-50,2,-49,1,-48,-1,-45,-2,-44,1,-40,0,-40,-1,-39,0,-37,3,-35,3,-32,0,-31,2,-30,0,-29,-1,-28,3,-28,3,-25,-1,-24,2,-25,0,-22,6,-22,5,-20,3,-17,1,-18,2,-16,4,-14,4,-11,4,-12,5,-11,7,-11,10,-11,7,-9,8,-10,9,-10,9,-13,10,-10,10,-12,11,-11,10,-15,10,-13,13,-11,10,-12,7,-12,8,-17,8,-14,7,-15,5,-15,7,-15,7,-13,4,0,0,0,0,0,0,0,0,0,0,0,0,0,0,0,0,0,0,0,0,0,0,-18,15,-21,14,-23,14,-27,13,-28,12,-31,12,-33,9,-35,5,-37,6,-38,6,-41,5,-43,3,-49,4,-48,1,-55,-4,-52,-7,-55,-7,-55,-13,-59,-12,-61,-20,-60,-19,-65,-25,-62,-29,-64,-32,-63,-34,-64,-37,-61,-44,-61,-44,-56,-47,-60,-48,-53,-49,-58,-54,-54,-56,-51,-56,-55,-59,-51,-63,-48,-59,-50,-62,-50,-62,-50,-63,-45,-65,-44,-67,-43,-71,-44,-70,-40,-68,-40,-70,-36,-72,-36,-72,-32,-73,-32,-71,-31,-73,-29,-73,-26,-77,-23,-69,-26,-73,-21,-72,-20,-72,0,0]"
CSI_DATA,313,2a:00:00:00:00:00,-43,11,1,0,1,1,1,0,0,0,1,-96,0,11,2,4376885,0,44,0,384,0,"[0,0,0,0,0,0,0,0,0,0,0,0,-10,4,-10,4,-9,4,-9,4,-9,3,-9,3,-8,3,-8,3,-8,2,-7,3,-7,2,-7,2,-6,2,-6,2,-6,2,-6,2,-6,2,-5,2,-5,2,-5,2,-5,2,-4,2,-4,1,-4,1,-4,1,-4,1,0,0,-3,1,-3,1,-2,1,-2,1,-2,1,-2,2,-2,2,-2,2,-2,1,-2,2,-1,2,-2,2,-2,2,-2,2,-2,2,-2,2,-2,2,-2,2,-2,2,-2,2,-2,2,-2,2,-2,1,-2,1,-2,1,-2,1,0,0,0,0,0,0,0,0,0,0,0,0,0,0,-56,33,-58,29,-57,29,-55,28,-53,28,-53,23,-50,24,-47,24,-48,23,-45,17,-46,16,-41,15,-39,15,-40,16,-38,14,-36,16,-36,17,-30,14,-29,14,-29,12,-29,14,-28,14,-27,13,-23,12,-24,14,-19,11,-23,11,-20,13,-19,10,-18,8,-16,9,-15,6,-14,9,-13,11,-9,7,-10,11,-9,14,-7,12,-7,14,-6,12,-6,11,-6,14,-6,15,-7,17,-5,13,-5,12,-6,15,-8,14,-7,14,-6,15,-7,15,-11,13,-8,14,-9,10,-8,13,-10,9,-11,13,0,0,0,0,0,0,0,0,0,0,0,0,0,0,0,0,0,0,0,0,0,0,-14,20,-17,19,-21,17,-22,18,-27,17,-29,17,-30,16,-32,15,-34,16,-35,14,-40,13,-41,12,-48,13,-47,11,-50,7,-53,7,-55,7,-58,2,-61,3,-61,-2,-64,-7,-69,-6,-71,-12,-68,-16,-71,-19,-73,-20,-71,-23,-71,-29,-69,-29,-71,-33,-68,-36,-68,-36,-67,-39,-66,-41,-69,-42,-66,-42,-65,-41,-65,-45,-67,-46,-65,-48,-63,-50,-61,-49,-61,-53,-61,-54,-58,-53,-61,-56,-57,-57,-55,-58,-54,-56,-53,-58,-51,-59,-50,-59,-48,-59,-45,-60,-47,-61,-46,-61,-43,-59,0,0]"
CSI_DATA,314,2a:00:00:00:00:00,-43,11,1,0,1,1,1,0,0,0,1,-96,0,11,2,4386407,0,44,0,384,0,"[0,0,0,0,0,0,0,0,0,0,0,0,9,5,9,5,8,5,8,5,7,5,7,5,7,4,6,4,6,4,6,4,6,4,6,3,5,3,5,3,4,3,5,3,5,2,4,2,4,2,4,2,3,2,3,2,3,2,3,1,3,1,3,1,0,0,3,1,2,1,2,0,2,0,2,0,2,-1,2,-1,2,-1,2,-1,2,-1,2,-1,2,-1,2,-1,2,-1,2,-1,2,-1,2,-1,2,-1,2,-1,2,0,2,-1,2,0,2,-1,2,0,2,0,2,0,0,0,0,0,0,0,0,0,0,0,0,0,0,0,52,40,48,41,49,41,47,38,45,39,44,38,38,34,38,40,32,34,36,34,33,31,32,30,32,26,28,25,29,30,29,27,27,25,26,25,22,22,23,21,25,23,24,20,23,15,18,16,19,14,19,16,18,15,17,12,14,12,17,10,14,8,15,9,14,8,11,4,14,6,11,3,12,0,12,-2,13,1,15,1,14,-1,15,-1,14,-1,14,0,15,-2,15,-3,17,-1,16,-1,15,1,17,0,15,1,14,1,17,0,17,3,15,3,15,6,13,7,0,0,0,0,0,0,0,0,0,0,0,0,0,0,0,0,0,0,0,0,0,0,22,6,23,13,24,14,25,15,22,18,27,20,24,21,24,24,25,25,23,27,24,33,25,35,27,37,26,40,28,43,24,44,26,51,21,49,25,56,19,57,18,60,15,65,11,63,9,68,4,69,3,72,0,73,-2,77,-4,72,-8,79,-6,72,-10,80,-11,75,-13,74,-16,77,-15,74,-17,73,-24,76,-21,73,-22,76,-24,76,-23,74,-27,78,-28,73,-27,76,-28,75,-33,73,-31,73,-30,69,-35,67,-39,66,-37,67,-40,68,-39,63,-40,61,-41,60,-40,59,0,0]"
CSI_DATA,315,2a:00:00:00:00:00,-43,11,1,0,1,1,1,0,0,0,1,-96,0,11,2,4406506,0,44,0,384,0,"[0,0,0,0,0,0,0,0,0,0,0,0,-9,6,-9,5,-9,5,-9,5,-8,5,-8,4,-8,4,-8,4,-7,4,-7,4,-7,3,-7,3,-6,3,-6,3,-5,3,-6,3,-5,3,-5,2,-5,3,-4,3,-4,2,-4,3,-4,2,-4,2,-4,2,-3,2,0,0,-3,1,-2,2,-2,2,-2,1,-2,2,-2,2,-1,2,-1,2,-1,2,-1,2,-1,2,-1,2,-1,2,-1,2,-1,2,-1,2,-1,2,-1,2,-1,2,-1,2,-1,2,-2,2,-2,2,-2,2,-2,2,-2,2,0,0,0,0,0,0,0,0,0,0,0,0,0,0,-54,38,-52,34,-50,37,-51,33,-50,31,-51,27,-47,29,-48,27,-43,24,-45,20,-40,21,-40,19,-37,20,-35,18,-34,16,-34,17,-33,19,-29,19,-26,16,-27,15,-28,16,-25,13,-24,14,-22,16,-20,15,-21,13,-19,11,-17,16,-18,15,-17,12,-15,8,-14,10,-10,14,-11,13,-8,9,-10,12,-7,13,-5,12,-6,15,-6,12,-6,11,-4,13,-7,15,-6,16,-7,14,-4,14,-3,14,-6,15,-6,13,-5,15,-8,15,-7,16,-8,13,-6,13,-10,13,-9,11,-10,10,0,0,0,0,0,0,0,0,0,0,0,0,0,0,0,0,0,0,0,0,0,0,-11,17,-17,23,-18,21,-20,21,-23,20,-24,18,-28,21,-29,21,-33,19,-34,19,-39,19,-41,19,-45,19,-47,16,-49,14,-53,13,-55,15,-56,10,-61,6,-62,4,-64,2,-69,0,-69,-6,-71,-5,-73,-10,-74,-14,-71,-18,-74,-20,-73,-22,-74,-26,-68,-28,-73,-31,-70,-33,-70,-29,-70,-34,-69,-40,-68,-37,-71,-35,-68,-41,-70,-42,-66,-45,-68,-44,-68,-46,-68,-46,-64,-46,-66,-48,-65,-50,-64,-50,-62,-52,-59,-52,-57,-53,-53,-54,-51,-57,-52,-54,-50,-57,-50,-55,-48,-54,0,0]"
CSI_DATA,316,2a:00:00:00:00:00,-43,11,1,0,1,1,1,0,0,0,1,-96,0,11,2,4418012,0,44,0,384,0,"[0,0,0,0,0,0,0,0,0,0,0,0,-2,10,-2,10,-2,10,-3,9,-2,9,-3,8,-2,8,-2,7,-2,7,-2,7,-2,6,-2,6,-2,6,-2,6,-2,6,-2,5,-2,5,-1,5,-1,5,-1,5,-1,4,-1,4,-1,3,-1,4,-1,3,-1,3,0,0,-1,2,-1,3,0,3,0,2,0,2,0,2,0,2,0,2,1,2,1,2,1,2,1,2,1,2,1,2,1,2,1,2,1,2,1,2,1,2,1,2,1,2,0,2,0,2,0,2,0,2,0,2,0,0,0,0,0,0,0,0,0,0,0,0,0,0,-26,60,-29,57,-26,60,-29,53,-27,56,-27,52,-24,48,-23,47,-24,42,-22,43,-23,41,-22,37,-21,36,-20,37,-18,33,-14,34,-17,36,-14,32,-15,31,-13,27,-15,27,-13,25,-11,27,-14,28,-14,24,-12,22,-9,18,-9,20,-7,23,-5,16,-5,15,-5,16,-7,14,-3,15,1,14,-2,13,0,15,0,14,1,12,3,13,2,13,6,16,4,13,3,13,4,13,3,15,5,15,2,16,3,16,3,18,1,16,2,15,1,15,2,13,2,15,1,15,-2,16,0,0,0,0,0,0,0,0,0,0,0,0,0,0,0,0,0,0,0,0,0,0,-1,23,-4,24,-5,26,-7,28,-9,28,-11,29,-15,29,-17,31,-18,32,-18,33,-21,36,-23,38,-26,41,-29,38,-35,38,-41,37,-40,39,-41,36,-47,37,-53,33,-55,32,-60,31,-59,32,-62,34,-63,31,-68,30,-70,25,-73,20,-72,16,-78,18,-73,13,-79,12,-78,6,-80,7,-79,2,-79,3,-76,5,-78,6,-78,6,-83,4,-84,0,-75,1,-79,-4,-82,-3,-80,-5,-77,-11,-80,-14,-77,-14,-82,-15,-76,-14,-77,-13,-79,-14,-77,-19,-68,-20,-74,-19,-76,-21,-72,-20,0,0]"
CSI_DATA,317,2a:00:00:00:00:00,-43,11,1,0,1,1,1,0,0,0,1,-96,0,11,2,4437200,0,44,0,384,0,"[0,0,0,0,0,0,0,0,0,0,0,0,-8,8,-7,7,-7,7,-7,7,-7,6,-7,6,-6,6,-6,5,-6,5,-6,5,-6,5,-5,4,-5,5,-5,4,-5,4,-5,4,-4,4,-4,3,-4,4,-4,3,-4,3,-4,3,-4,2,-3,3,-3,2,-3,2,0,0,-2,2,-2,2,-2,2,-1,2,-1,2,-1,2,-1,2,-1,2,-1,2,-1,2,-1,2,-1,2,-1,2,-1,2,-1,2,-1,2,-1,2,-1,2,-1,2,-1,2,-1,2,-2,2,-2,2,-2,2,-2,2,-2,2,0,0,0,0,0,0,0,0,0,0,0,0,0,0,-38,54,-39,54,-37,48,-38,45,-39,47,-34,40,-35,44,-32,40,-35,38,-31,31,-31,36,-28,30,-30,30,-31,28,-25,31,-26,28,-26,26,-25,27,-24,24,-21,24,-19,23,-21,21,-19,21,-18,20,-20,19,-18,18,-17,17,-16,18,-15,17,-12,14,-11,14,-8,11,-11,15,-10,14,-4,11,-5,16,-4,15,-6,13,-5,13,1,12,-2,13,-1,14,-3,14,-2,16,-2,14,0,14,-1,17,-4,17,-2,15,-2,15,-3,17,-1,15,-4,13,-6,14,-8,14,-6,14,-5,14,0,0,0,0,0,0,0,0,0,0,0,0,0,0,0,0,0,0,0,0,0,0,3,22,-1,23,-5,26,-7,28,-11,29,-11,28,-14,29,-15,30,-17,32,-20,35,-22,33,-26,35,-28,35,-31,37,-37,35,-38,36,-40,37,-47,37,-50,35,-51,33,-57,29,-59,30,-63,28,-64,26,-69,23,-69,22,-71,19,-72,14,-78,15,-75,12,-75,8,-75,4,-77,2,-77,-3,-80,-2,-77,-3,-80,-6,-78,-5,-78,-6,-82,-7,-79,-13,-82,-11,-77,-11,-83,-14,-74,-19,-78,-16,-77,-24,-77,-25,-75,-24,-74,-29,-71,-26,-72,-27,-67,-32,-67,-34,-70,-32,-66,-34,-65,-36,0,0]"
CSI_DATA,318,2a:00:00:00:00:00,-43,11,1,0,1,1,1,0,0,0,1,-96,0,11,2,4446438,0,44,0,384,0,"[0,0,0,0,0,0,0,0,0,0,0,0,-10,-3,-10,-3,-9,-3,-9,-3,-9,-3,-9,-3,-8,-3,-8,-3,-8,-3,-7,-3,-7,-3,-7,-3,-6,-3,-6,-2,-6,-2,-6,-2,-6,-2,-6,-2,-5,-2,-5,-2,-5,-2,-5,-2,-5,-2,-4,-1,-4,-1,-4,-1,0,0,-4,-1,-3,-1,-3,-1,-3,0,-3,0,-3,0,-3,0,-3,0,-3,0,-3,1,-3,0,-3,1,-3,1,-3,1,-3,1,-3,0,-3,1,-3,0,-3,0,-3,0,-3,0,-3,0,-3,0,-3,0,-3,0,-3,0,0,0,0,0,0,0,0,0,0,0,0,0,0,0,-62,-24,-61,-25,-57,-21,-58,-21,-60,-21,-54,-23,-48,-21,-50,-19,-46,-19,-45,-19,-45,-22,-43,-20,-42,-18,-36,-18,-37,-17,-35,-17,-35,-13,-33,-13,-30,-11,-32,-12,-32,-11,-29,-10,-27,-8,-25,-10,-22,-7,-25,-8,-23,-5,-23,-9,-19,-6,-20,-6,-22,-7,-18,-5,-16,0,-13,-1,-17,1,-14,3,-13,2,-15,3,-12,4,-15,4,-13,4,-13,3,-13,5,-16,7,-14,8,-15,5,-14,4,-18,5,-16,5,-17,2,-18,2,-14,3,-15,3,-13,4,-14,2,-15,1,-14,0,0,0,0,0,0,0,0,0,0,0,0,0,0,0,0,0,0,0,0,0,0,0,-26,-1,-26,-1,-28,-5,-28,-6,-29,-10,-32,-11,-29,-14,-33,-14,-34,-19,-33,-19,-34,-22,-37,-26,-41,-29,-42,-31,-41,-33,-38,-38,-38,-40,-42,-43,-40,-43,-36,-51,-36,-53,-36,-60,-34,-60,-32,-62,-29,-65,-30,-68,-26,-72,-23,-74,-20,-71,-22,-72,-16,-74,-14,-78,-12,-75,-11,-78,-6,-77,-8,-82,-7,-78,-8,-78,-3,-80,-4,-80,-5,-82,-5,-81,-3,-79,-1,-82,1,-79,4,-79,6,-79,7,-79,10,-81,12,-78,10,-76,14,-79,15,-79,17,-71,16,-71,15,-71,18,-69,0,0]"
CSI_DATA,319,2a:00:00:00:00:00,-43,11,1,0,1,1,1,0,0,0,1,-96,0,11,2,4459762,0,44,0,384,0,"[0,0,0,0,0,0,0,0,0,0,0,0,10,-5,10,-4,9,-5,9,-4,8,-4,8,-3,8,-3,8,-3,7,-3,7,-3,7,-2,6,-2,6,-3,6,-2,5,-2,5,-2,5,-2,5,-2,4,-3,4,-3,4,-2,4,-2,4,-2,3,-2,3,-2,3,-2,0,0,2,-2,2,-2,2,-2,2,-2,1,-2,1,-2,1,-3,1,-3,1,-2,1,-2,1,-3,1,-3,1,-3,1,-3,1,-3,1,-3,1,-3,1,-3,1,-3,1,-3,1,-3,2,-2,2,-2,2,-2,2,-2,2,-2,0,0,0,0,0,0,0,0,0,0,0,0,0,0,53,-41,50,-37,54,-37,49,-35,49,-32,47,-30,44,-29,44,-30,44,-26,44,-22,42,-21,41,-20,36,-20,37,-20,36,-19,33,-18,33,-19,28,-18,30,-15,27,-17,28,-18,25,-12,20,-17,22,-16,21,-14,20,-14,21,-10,18,-15,15,-14,16,-11,14,-10,12,-8,11,-12,12,-13,7,-9,8,-12,7,-14,7,-15,5,-13,6,-13,5,-14,4,-12,4,-17,4,-15,4,-16,5,-13,6,-14,9,-18,8,-16,4,-14,7,-11,7,-13,10,-12,8,-12,10,-13,8,-10,10,-11,0,0,0,0,0,0,0,0,0,0,0,0,0,0,0,0,0,0,0,0,0,0,9,-22,11,-23,11,-25,17,-26,17,-25,21,-24,23,-26,26,-25,28,-24,31,-23,34,-25,35,-22,38,-24,42,-22,45,-22,49,-18,54,-23,54,-18,58,-15,59,-14,65,-7,67,-8,66,-1,70,-1,71,3,74,5,75,10,72,10,74,13,75,16,68,18,76,23,71,23,72,26,73,30,68,30,71,31,73,33,68,34,68,34,67,37,73,35,71,41,69,40,65,44,66,41,60,47,62,49,59,48,59,50,57,50,58,51,53,53,51,52,53,51,50,52,50,54,0,0]"
CSI_DATA,320,2a:00:00:00:00:00,-43,11,1,0,1,1,1,0,0,0,1,-96,0,11,2,4466536,0,44,0,384,0,"[0,0,0,0,0,0,0,0,0,0,0,0,6,-10,6,-9,6,-9,6,-8,6,-8,5,-7,5,-7,5,-7,5,-7,4,-7,4,-6,4,-6,4,-6,3,-6,3,-6,3,-6,3,-5,3,-5,2,-5,3,-5,2,-5,2,-5,2,-4,2,-4,2,-4,2,-4,0,0,1,-3,1,-3,0,-3,0,-3,0,-3,0,-3,0,-3,0,-3,-1,-3,-1,-3,-1,-3,-1,-3,-1,-4,-1,-3,-1,-3,-1,-3,0,-4,-1,-3,-1,-3,-1,-3,-1,-3,0,-3,0,-3,0,-3,0,-3,0,-3,0,0,0,0,0,0,0,0,0,0,0,0,0,0,36,-61,37,-53,34,-56,35,-48,34,-47,34,-45,32,-44,33,-43,29,-40,33,-38,30,-36,26,-34,29,-32,26,-31,24,-29,24,-30,23,-32,22,-30,19,-29,20,-25,19,-25,16,-23,16,-23,16,-24,13,-23,14,-24,13,-19,10,-21,11,-19,11,-18,10,-15,8,-16,5,-14,6,-16,3,-14,3,-16,3,-15,2,-14,1,-16,-4,-15,-1,-17,-4,-15,0,-14,-2,-15,0,-17,-3,-15,-3,-15,0,-16,-2,-13,-1,-14,0,-18,2,-16,2,-17,1,-15,3,-15,1,-16,4,-14,0,0,0,0,0,0,0,0,0,0,0,0,0,0,0,0,0,0,0,0,0,0,2,-24,7,-27,11,-26,14,-27,13,-26,16,-29,17,-28,19,-28,21,-28,24,-29,27,-29,30,-31,34,-33,36,-32,41,-35,43,-29,48,-31,48,-30,51,-27,55,-27,59,-27,64,-24,65,-21,66,-18,68,-17,72,-14,73,-10,76,-8,74,-5,79,-3,73,-1,77,1,74,5,75,5,77,6,77,9,76,7,77,12,77,12,78,14,79,16,76,14,77,20,77,19,75,20,74,25,75,22,77,24,76,28,75,28,70,28,72,30,70,34,63,31,68,33,67,35,63,33,0,0]"
CSI_DATA,321,2a:00:00:00:00:00,-43,11,1,0,1,1,1,0,0,0,1,-96,0,11,2,4486424,0,44,0,384,0,"[0,0,0,0,0,0,0,0,0,0,0,0,-11,-3,-11,-3,-10,-3,-10,-4,-9,-3,-9,-3,-9,-3,-9,-3,-8,-3,-7,-3,-8,-3,-7,-2,-7,-3,-7,-2,-6,-2,-6,-2,-6,-2,-6,-2,-6,-2,-5,-2,-5,-2,-5,-2,-5,-1,-4,-1,-4,-1,-4,-1,0,0,-4,-1,-3,-1,-3,-1,-3,0,-3,0,-3,0,-3,0,-3,0,-3,1,-3,1,-3,0,-3,1,-3,1,-3,1,-3,1,-3,1,-3,1,-3,1,-3,1,-3,0,-3,0,-3,0,-3,0,-3,0,-3,0,-3,0,0,0,0,0,0,0,0,0,0,0,0,0,0,0,-61,-28,-57,-24,-62,-23,-57,-24,-54,-21,-55,-25,-50,-23,-46,-26,-43,-21,-44,-22,-43,-21,-43,-18,-41,-20,-35,-13,-39,-17,-37,-15,-34,-15,-32,-13,-32,-14,-30,-15,-31,-13,-29,-13,-26,-7,-25,-9,-23,-10,-25,-7,-21,-6,-22,-7,-19,-7,-20,-6,-21,-5,-20,-6,-16,-3,-17,-3,-16,-2,-14,2,-15,4,-13,1,-13,3,-14,2,-15,5,-15,7,-14,7,-13,6,-16,8,-15,6,-16,3,-14,5,-16,6,-13,7,-16,4,-15,4,-15,4,-17,1,-15,2,-17,1,-16,-3,0,0,0,0,0,0,0,0,0,0,0,0,0,0,0,0,0,0,0,0,0,0,-25,-2,-26,-4,-26,-4,-29,-11,-27,-8,-30,-13,-31,-14,-31,-16,-33,-20,-35,-18,-35,-24,-37,-25,-36,-30,-42,-32,-37,-34,-34,-37,-40,-45,-36,-43,-40,-48,-35,-52,-33,-55,-31,-59,-29,-57,-30,-62,-27,-63,-28,-68,-25,-69,-21,-75,-17,-72,-18,-76,-15,-72,-12,-80,-8,-79,-8,-77,-5,-79,-5,-81,-7,-76,-9,-79,-3,-80,-5,-81,1,-83,0,-79,5,-84,4,-80,6,-83,4,-83,6,-79,9,-79,11,-78,12,-75,14,-77,13,-76,17,-78,14,-70,17,-74,18,-73,20,-70,0,0]"
CSI_DATA,322,2a:00:00:00:00:00,-43,11,1,0,1,1,1,0,0,0,1,-96,0,11,2,4496561,0,44,0,384,0,"[0,0,0,0,0,0,0,0,0,0,0,0,10,2,10,2,9,2,9,2,8,2,8,2,8,2,8,2,7,1,7,2,7,1,6,1,6,1,5,1,5,1,6,1,5,1,5,1,4,1,4,0,4,1,4,0,4,0,3,0,3,0,3,0,0,0,3,0,2,0,2,-1,2,-1,2,-1,2,-1,2,-2,2,-2,2,-2,2,-2,2,-2,2,-2,2,-2,2,-2,2,-2,2,-2,2,-2,2,-2,2,-2,2,-1,2,-1,2,-2,2,-1,2,-1,2,-1,2,-1,0,0,0,0,0,0,0,0,0,0,0,0,0,0,65,8,61,12,63,7,60,7,60,11,55,11,53,12,51,11,47,9,47,12,47,12,45,7,45,8,37,9,39,10,38,8,35,6,34,6,30,6,32,7,34,4,30,5,26,2,23,2,25,4,23,2,25,3,20,4,20,1,22,4,18,1,19,0,18,-2,13,-2,15,-1,10,-5,12,-9,10,-8,10,-8,13,-6,12,-6,13,-6,13,-9,13,-10,12,-11,12,-10,13,-10,12,-10,13,-10,13,-7,15,-7,13,-5,13,-8,12,-4,13,-7,14,-3,14,-2,0,0,0,0,0,0,0,0,0,0,0,0,0,0,0,0,0,0,0,0,0,0,24,-8,25,-4,26,-3,28,-1,30,0,31,2,32,6,34,4,36,10,37,11,38,11,41,16,44,16,46,20,45,24,43,27,49,28,47,33,49,34,47,36,46,41,51,46,45,51,45,55,42,59,42,58,38,64,39,66,36,65,36,69,34,71,30,68,31,70,30,68,28,74,28,73,24,72,22,74,19,74,19,75,19,80,22,76,16,77,15,80,12,76,15,77,14,79,10,78,9,79,5,76,2,75,4,79,0,78,0,73,-3,74,-1,74,-5,73,0,0]"
CSI_DATA,323,2a:00:00:00:00:00,-43,11,1,0,1,1,1,0,0,0,1,-96,0,11,2,4516674,0,44,0,384,0,"[0,0,0,0,0,0,0,0,0,0,0,0,-3,9,-3,9,-3,9,-3,8,-3,8,-3,7,-3,7,-3,7,-3,7,-2,6,-3,6,-2,6,-2,6,-2,5,-2,5,-2,5,-2,4,-2,4,-1,4,-1,4,-1,4,-1,4,-1,3,-1,3,-1,3,-1,3,0,0,-1,2,0,3,0,2,0,2,0,2,0,2,0,2,0,2,1,2,1,2,1,2,1,2,1,2,1,2,1,2,1,2,1,2,1,2,1,2,0,2,0,2,0,2,0,2,0,2,0,2,0,2,0,0,0,0,0,0,0,0,0,0,0,0,0,0,-23,63,-19,63,-22,63,-19,55,-23,57,-22,49,-21,54,-22,48,-21,46,-24,41,-19,41,-18,38,-19,36,-20,37,-16,36,-15,35,-16,33,-14,33,-14,31,-12,30,-12,28,-11,27,-10,25,-11,28,-10,23,-9,24,-10,20,-8,24,-10,21,-5,17,-6,16,-4,14,-5,16,-2,17,2,14,-2,14,1,14,0,12,3,12,3,13,7,13,7,12,3,14,4,14,3,12,6,16,6,14,5,15,5,13,5,16,4,15,1,15,2,13,0,13,0,15,2,15,-2,14,0,0,0,0,0,0,0,0,0,0,0,0,0,0,0,0,0,0,0,0,0,0,2,24,2,23,0,29,-1,28,-5,30,-8,29,-8,32,-12,33,-11,34,-16,37,-19,39,-20,39,-23,39,-28,40,-26,40,-34,41,-36,46,-40,44,-42,42,-45,42,-51,39,-51,40,-58,39,-61,38,-63,34,-67,34,-65,31,-68,30,-73,27,-72,26,-73,22,-76,20,-78,18,-76,16,-78,13,-77,12,-79,11,-76,14,-78,10,-77,9,-76,8,-83,9,-81,6,-83,5,-76,-1,-81,3,-79,-3,-79,-2,-80,-6,-79,-8,-79,-8,-77,-9,-72,-12,-78,-16,-76,-12,-75,-15,-72,-15,0,0]"
CSI_DATA,324,2a:00:00:00:00:00,-43,11,1,0,1,1,1,0,0,0,1,-96,0,11,2,4526469,0,44,0,384,0,"[0,0,0,0,0,0,0,0,0,0,0,0,-12,1,-11,1,-10,2,-10,1,-10,1,-9,1,-9,0,-9,0,-9,1,-8,0,-8,0,-8,0,-7,0,-7,0,-6,0,-7,0,-6,1,-6,0,-5,1,-5,0,-5,0,-5,0,-5,0,-4,0,-4,0,-4,0,0,0,-3,0,-3,1,-3,1,-3,1,-2,1,-3,1,-2,1,-2,1,-2,1,-2,1,-2,1,-2,2,-2,2,-2,2,-3,1,-2,1,-3,2,-3,1,-3,1,-2,1,-3,1,-3,1,-3,1,-3,1,-3,1,-3,0,0,0,0,0,0,0,0,0,0,0,0,0,0,0,-61,18,-62,15,-57,16,-60,13,-57,12,-56,8,-52,8,-49,7,-47,7,-48,7,-46,8,-44,7,-41,9,-38,7,-39,5,-38,4,-36,5,-31,3,-33,8,-30,6,-31,4,-29,5,-29,8,-24,5,-24,8,-21,7,-23,5,-24,5,-20,6,-19,5,-17,3,-15,5,-15,5,-12,9,-12,5,-11,8,-11,11,-10,11,-10,10,-10,9,-10,11,-9,10,-10,11,-9,12,-10,11,-9,13,-13,10,-12,12,-11,10,-9,10,-10,12,-11,11,-11,11,-11,9,-13,10,-12,6,-11,3,0,0,0,0,0,0,0,0,0,0,0,0,0,0,0,0,0,0,0,0,0,0,-18,15,-19,14,-21,14,-25,14,-26,12,-29,12,-33,9,-32,11,-35,10,-38,9,-40,5,-41,6,-44,5,-48,0,-51,1,-51,-4,-56,-4,-56,-12,-59,-11,-60,-10,-60,-15,-62,-17,-65,-25,-64,-28,-62,-34,-63,-36,-59,-38,-62,-41,-59,-46,-63,-44,-56,-47,-58,-50,-56,-48,-57,-50,-58,-55,-51,-52,-54,-54,-54,-57,-48,-58,-49,-58,-45,-58,-51,-61,-46,-61,-48,-64,-46,-65,-46,-64,-44,-64,-45,-64,-40,-66,-38,-67,-35,-67,-31,-70,-31,-68,-30,-70,-26,-69,-28,-66,-26,-70,0,0]"
CSI_DATA,325,2a:00:00:00:00:00,-43,11,1,0,1,1,1,0,0,0,1,-96,0,11,2,4536369,0,44,0,384,0,"[0,0,0,0,0,0,0,0,0,0,0,0,-6,8,-6,8,-5,8,-6,7,-6,7,-5,6,-5,6,-5,6,-5,5,-4,6,-4,5,-4,5,-4,5,-4,5,-3,4,-4,4,-3,4,-4,4,-3,4,-3,4,-3,3,-3,3,-3,3,-2,3,-2,3,-2,2,0,0,-2,2,-1,2,-1,2,-1,2,-1,2,-1,2,0,2,0,2,0,2,0,2,0,2,0,2,0,2,0,2,0,2,0,2,0,2,0,2,0,2,-1,2,0,2,0,2,-1,2,-1,2,-1,2,-1,2,0,0,0,0,0,0,0,0,0,0,0,0,0,0,-35,60,-35,52,-35,54,-35,49,-36,47,-34,45,-32,46,-35,42,-30,40,-33,38,-28,34,-27,34,-30,35,-26,31,-27,26,-25,28,-23,32,-21,26,-21,28,-21,23,-18,25,-19,22,-15,26,-15,22,-15,20,-13,22,-14,18,-14,19,-10,17,-12,15,-12,15,-10,13,-8,15,-5,16,-3,12,-1,15,-1,14,-2,13,1,16,2,12,1,12,0,12,1,14,1,17,1,16,3,14,3,15,1,17,1,17,2,15,1,15,-1,17,-1,15,-1,14,-2,17,-4,14,-5,14,0,0,0,0,0,0,0,0,0,0,0,0,0,0,0,0,0,0,0,0,0,0,-6,24,-9,24,-7,25,-13,26,-16,27,-19,27,-18,29,-22,29,-23,29,-24,28,-30,28,-32,30,-34,32,-36,32,-43,31,-43,28,-49,29,-47,28,-52,27,-56,26,-56,26,-65,26,-63,19,-67,15,-70,15,-71,12,-76,7,-78,9,-76,6,-78,4,-74,-1,-80,-3,-78,-4,-78,-6,-78,-7,-81,-6,-75,-7,-77,-12,-78,-14,-82,-16,-81,-17,-77,-13,-78,-21,-79,-18,-77,-23,-77,-22,-80,-25,-76,-24,-78,-25,-75,-28,-72,-32,-72,-31,-72,-35,-66,-29,-66,-33,-69,-36,-63,-35,0,0]"
CSI_DATA,326,2a:00:00:00:00:00,-43,11,1,0,1,1,1,0,0,0,1,-96,0,11,2,4566421,0,44,0,384,0,"[0,0,0,0,0,0,0,0,0,0,0,0,-12,1,-11,1,-10,0,-10,0,-10,0,-10,0,-9,0,-9,0,-9,0,-8,0,-8,0,-8,0,-7,0,-7,0,-7,0,-7,0,-7,0,-6,0,-6,0,-5,0,-5,0,-5,0,-5,0,-4,0,-4,0,-4,0,0,0,-4,0,-3,0,-3,1,-3,0,-2,1,-2,1,-2,1,-2,1,-3,1,-2,1,-3,1,-2,1,-3,2,-3,2,-3,1,-3,1,-3,2,-3,1,-3,1,-3,1,-3,1,-3,1,-3,1,-3,1,-3,1,-3,0,0,0,0,0,0,0,0,0,0,0,0,0,0,0,42,50,41,48,45,43,40,44,40,42,36,37,33,42,32,40,30,41,29,39,26,36,32,31,28,29,25,30,29,26,22,27,17,23,19,27,21,27,22,25,22,21,20,20,18,22,18,20,17,18,13,18,16,16,12,15,11,13,14,14,10,14,14,10,10,10,10,8,14,6,9,7,11,3,9,2,11,6,12,4,14,0,13,6,14,0,13,1,13,3,15,4,12,3,13,1,11,3,12,-2,13,1,16,1,12,4,10,5,14,4,9,6,10,7,0,0,0,0,0,0,0,0,0,0,0,0,0,0,0,0,0,0,0,0,0,0,23,9,20,14,25,15,23,20,25,20,23,22,23,24,25,26,25,30,27,30,21,36,22,38,26,39,21,43,22,46,17,51,22,54,23,58,18,58,14,59,10,66,13,65,8,69,4,71,-3,74,2,73,-5,77,-7,74,-13,79,-8,76,-17,75,-17,72,-18,76,-22,74,-23,76,-23,74,-23,76,-27,74,-27,75,-26,75,-32,70,-29,73,-33,74,-35,78,-35,69,-41,74,-39,72,-37,69,-43,71,-41,66,-45,64,-46,61,-45,57,-44,59,-41,58,-43,57,-54,56,0,0]"
CSI_DATA,327,2a:00:00:00:00:00,-43,11,1,0,1,1,1,0,0,0,1,-96,0,11,2,4576375,0,44,0,384,0,"[0,0,0,0,0,0,0,0,0,0,0,0,-2,10,-2,10,-2,10,-2,10,-2,9,-2,8,-2,8,-2,7,-2,7,-2,7,-2,6,-2,6,-2,6,-2,6,-2,6,-1,5,-1,5,-2,5,-1,5,-1,5,-1,4,-1,4,-1,4,-1,4,-1,4,-1,3,0,0,-1,2,0,3,0,3,0,2,0,2,0,2,0,2,0,2,1,2,1,2,1,2,1,2,1,2,1,2,1,2,1,2,1,2,1,2,1,2,1,2,0,2,0,2,0,2,0,2,0,2,0,2,0,0,0,0,0,0,0,0,0,0,0,0,0,0,0,65,0,65,-2,65,1,59,-4,56,-4,57,-5,52,-5,56,-6,50,-5,47,-5,45,-5,42,-4,43,-7,40,-6,38,-4,37,-4,36,-3,36,-3,37,-3,32,1,31,-2,28,-1,29,-1,27,0,26,-1,24,1,22,0,24,-2,23,0,18,1,17,4,16,2,16,2,14,5,11,4,12,5,11,6,11,7,12,8,10,10,9,12,12,10,13,7,11,10,12,11,10,11,13,11,13,10,10,12,10,9,16,9,14,7,12,7,14,7,15,4,15,3,15,0,0,0,0,0,0,0,0,0,0,0,0,0,0,0,0,0,0,0,0,0,0,7,23,5,26,6,26,4,27,1,29,-1,32,0,33,-4,36,-5,39,-7,37,-9,39,-10,41,-11,43,-17,46,-19,48,-21,46,-24,50,-27,49,-30,50,-34,49,-41,52,-40,53,-45,49,-49,51,-54,47,-55,46,-59,47,-64,46,-58,43,-65,44,-64,40,-67,40,-66,37,-69,34,-72,33,-70,34,-69,32,-70,32,-73,28,-74,31,-77,28,-71,31,-77,27,-76,26,-76,22,-74,23,-77,20,-77,20,-79,17,-76,15,-77,12,-77,12,-76,11,-73,7,-75,8,-78,7,-73,9,0,0]"
CSI_DATA,328,2a:00:00:00:00:00,-43,11,1,0,1,1,1,0,0,0,1,-96,0,11,2,4586618,0,44,0,384,0,"[0,0,0,0,0,0,0,0,0,0,0,0,-11,-3,-11,-3,-10,-4,-10,-4,-9,-3,-9,-4,-9,-3,-9,-3,-8,-3,-7,-3,-8,-3,-8,-3,-7,-2,-6,-2,-6,-2,-6,-2,-6,-2,-6,-2,-5,-2,-5,-2,-5,-2,-5,-2,-5,-2,-4,-1,-4,-1,-4,-1,0,0,-4,-1,-3,-1,-3,0,-3,0,-3,0,-3,0,-3,1,-3,1,-3,1,-3,1,-3,1,-3,1,-3,1,-3,1,-3,1,-3,1,-3,1,-3,1,-3,0,-3,1,-3,0,-3,1,-3,0,-3,0,-3,0,-3,0,0,0,0,0,0,0,0,0,0,0,0,0,0,0,-63,-29,-59,-29,-58,-28,-59,-28,-56,-24,-58,-26,-48,-22,-46,-28,-45,-21,-44,-23,-40,-25,-39,-25,-41,-22,-35,-19,-39,-15,-38,-16,-35,-14,-35,-14,-31,-13,-31,-13,-33,-15,-30,-13,-27,-10,-26,-11,-24,-11,-25,-11,-24,-8,-23,-5,-18,-6,-21,-6,-21,-5,-20,-6,-14,-4,-16,-1,-16,0,-14,2,-15,2,-13,2,-13,7,-17,4,-13,6,-13,6,-14,5,-16,9,-15,7,-15,6,-14,4,-14,8,-15,5,-15,4,-17,4,-19,3,-15,2,-14,1,-17,2,-15,1,-15,-1,0,0,0,0,0,0,0,0,0,0,0,0,0,0,0,0,0,0,0,0,0,0,-26,-2,-29,-9,-27,-10,-28,-13,-29,-12,-29,-16,-28,-18,-31,-20,-32,-27,-33,-25,-34,-25,-35,-29,-37,-31,-40,-34,-38,-38,-35,-43,-35,-50,-34,-47,-34,-50,-29,-57,-30,-57,-28,-66,-27,-60,-28,-66,-24,-70,-25,-72,-21,-78,-18,-83,-12,-74,-12,-79,-10,-77,-9,-81,-4,-76,-2,-79,1,-79,1,-80,-2,-76,-1,-79,-2,-81,-2,-85,9,-87,5,-82,6,-84,6,-80,10,-83,8,-82,16,-83,14,-77,18,-82,17,-77,16,-75,17,-81,24,-82,19,-71,18,-76,24,-76,23,-69,0,0]"
CSI_DATA,329,2a:00:00:00:00:00,-43,11,1,0,1,1,1,0,0,0,1,-96,0,11,2,4596382,0,44,0,384,0,"[0,0,0,0,0,0,0,0,0,0,0,0,-4,-10,-3,-10,-3,-10,-3,-10,-3,-9,-3,-8,-3,-8,-3,-8,-2,-7,-2,-8,-2,-7,-2,-7,-2,-7,-2,-6,-2,-6,-2,-6,-2,-6,-2,-5,-2,-5,-2,-5,-2,-5,-2,-5,-2,-4,-2,-4,-2,-4,-2,-4,0,0,-2,-3,-2,-3,-2,-3,-2,-2,-2,-2,-2,-2,-2,-2,-2,-2,-3,-2,-3,-2,-3,-2,-2,-2,-3,-2,-3,-2,-3,-2,-3,-2,-3,-2,-3,-2,-3,-2,-3,-2,-2,-2,-2,-2,-2,-3,-2,-2,-2,-3,-2,-3,0,0,0,0,0,0,0,0,0,0,0,0,0,0,-23,-64,-22,-60,-21,-61,-21,-57,-20,-59,-16,-55,-17,-54,-13,-52,-15,-50,-10,-47,-11,-47,-13,-43,-11,-41,-9,-42,-10,-40,-13,-35,-11,-36,-10,-32,-12,-31,-8,-31,-12,-29,-8,-30,-8,-27,-8,-28,-7,-25,-7,-25,-8,-24,-6,-23,-7,-22,-9,-21,-8,-18,-8,-17,-5,-14,-6,-13,-9,-11,-9,-12,-9,-10,-9,-9,-13,-10,-14,-7,-14,-8,-16,-9,-11,-9,-11,-8,-12,-9,-13,-10,-16,-8,-17,-8,-15,-10,-13,-10,-11,-10,-13,-10,-9,-12,-14,-11,-11,-12,-10,-12,-10,-13,0,0,0,0,0,0,0,0,0,0,0,0,0,0,0,0,0,0,0,0,0,0,-18,-17,-18,-20,-17,-22,-17,-27,-14,-26,-14,-30,-14,-33,-13,-33,-12,-36,-11,-38,-12,-41,-10,-42,-11,-46,-7,-48,-4,-49,-1,-54,1,-58,1,-55,3,-60,9,-60,13,-63,15,-64,19,-66,20,-67,26,-68,28,-67,32,-69,32,-65,38,-64,41,-64,41,-61,42,-61,45,-62,48,-60,50,-62,52,-59,50,-58,51,-60,54,-57,54,-61,54,-53,56,-57,58,-53,60,-54,61,-52,59,-50,60,-49,62,-48,66,-46,67,-45,64,-41,62,-43,69,-36,63,-35,68,-38,68,-35,63,-34,0,0]"
CSI_DATA,330,2a:00:00:00:00:00,-43,11,1,0,1,1,1,0,0,0,1,-96,0,11,2,4606810,0,44,0,384,0,"[0,0,0,0,0,0,0,0,0,0,0,0,-6,-10,-6,-9,-5,-9,-5,-9,-5,-9,-5,-8,-5,-8,-4,-7,-4,-7,-4,-7,-3,-7,-4,-7,-3,-6,-3,-6,-3,-6,-4,-6,-3,-5,-3,-5,-3,-5,-3,-5,-3,-5,-3,-4,-3,-4,-2,-4,-2,-4,-2,-3,0,0,-3,-3,-2,-3,-2,-2,-3,-2,-2,-2,-2,-2,-3,-2,-3,-1,-3,-2,-3,-2,-3,-2,-3,-1,-3,-1,-3,-1,-3,-2,-3,-2,-3,-1,-3,-2,-3,-2,-3,-2,-3,-2,-3,-2,-3,-2,-2,-2,-2,-2,-2,-2,0,0,0,0,0,0,0,0,0,0,0,0,0,0,-32,-59,-28,-59,-30,-55,-28,-55,-28,-54,-27,-50,-23,-48,-23,-51,-20,-45,-20,-45,-19,-44,-18,-43,-19,-41,-15,-40,-18,-37,-16,-36,-16,-35,-17,-33,-14,-28,-18,-29,-15,-30,-17,-29,-13,-25,-10,-23,-13,-23,-10,-24,-13,-23,-12,-18,-12,-17,-11,-18,-10,-14,-10,-16,-11,-12,-10,-10,-13,-13,-8,-7,-10,-9,-12,-6,-12,-7,-15,-6,-13,-5,-14,-7,-14,-6,-16,-5,-16,-6,-16,-5,-16,-8,-14,-8,-16,-7,-12,-8,-16,-10,-14,-11,-14,-8,-13,-7,-13,-10,-11,-11,-9,-11,0,0,0,0,0,0,0,0,0,0,0,0,0,0,0,0,0,0,0,0,0,0,-20,-15,-21,-19,-19,-22,-21,-23,-20,-25,-17,-26,-17,-30,-15,-32,-16,-34,-16,-36,-14,-39,-11,-42,-15,-47,-12,-48,-11,-50,-9,-54,-6,-56,-4,-57,-5,-57,3,-61,6,-63,6,-67,13,-68,15,-71,17,-70,19,-71,22,-69,26,-72,28,-70,30,-70,32,-67,37,-70,40,-65,38,-66,41,-67,43,-64,42,-65,41,-65,45,-63,45,-65,51,-61,48,-64,53,-62,53,-60,52,-59,54,-60,55,-57,58,-55,59,-53,59,-51,57,-51,58,-53,62,-48,58,-46,60,-47,62,-41,60,-40,0,0]"
CSI_DATA,331,2a:00:00:00:00:00,-43,11,1,0,1,1,1,0,0,0,1,-96,0,11,2,4617163,0,44,0,384,0,"[0,0,0,0,0,0,0,0,0,0,0,0,-6,-9,-6,-9,-5,-9,-5,-9,-5,-8,-4,-8,-5,-7,-4,-7,-4,-7,-4,-7,-4,-6,-4,-6,-4,-6,-3,-6,-4,-6,-4,-5,-4,-5,-3,-4,-3,-5,-3,-4,-3,-4,-3,-4,-3,-3,-3,-4,-3,-4,-3,-3,0,0,-3,-3,-2,-3,-2,-2,-3,-2,-2,-2,-2,-2,-3,-1,-3,-1,-3,-1,-3,-1,-3,-1,-3,-1,-3,-1,-3,-1,-3,-1,-3,-1,-3,-1,-3,-1,-3,-1,-3,-1,-3,-1,-3,-1,-3,-1,-3,-2,-3,-2,-3,-2,0,0,0,0,0,0,0,0,0,0,0,0,0,0,-20,-66,-17,-61,-19,-61,-17,-60,-17,-59,-16,-57,-14,-52,-12,-55,-11,-49,-13,-48,-8,-45,-13,-44,-11,-43,-6,-41,-9,-39,-11,-36,-8,-37,-8,-33,-10,-34,-11,-32,-12,-32,-12,-28,-9,-29,-8,-24,-5,-26,-7,-24,-10,-22,-9,-21,-6,-19,-11,-17,-10,-16,-10,-15,-5,-14,-7,-12,-10,-13,-9,-9,-7,-8,-11,-9,-9,-9,-13,-9,-13,-11,-15,-8,-15,-7,-13,-8,-15,-7,-15,-9,-16,-10,-14,-8,-14,-9,-14,-12,-14,-11,-13,-11,-11,-9,-12,-11,-13,-11,-10,-13,-10,-13,0,0,0,0,0,0,0,0,0,0,0,0,0,0,0,0,0,0,0,0,0,0,-15,-19,-13,-22,-15,-23,-14,-27,-13,-28,-11,-30,-8,-32,-10,-36,-7,-36,-9,-37,-6,-42,-7,-44,-4,-48,-1,-50,2,-51,5,-52,9,-56,8,-57,12,-60,17,-60,17,-62,21,-63,24,-62,27,-64,31,-64,35,-65,39,-64,42,-63,45,-60,45,-61,46,-58,52,-59,52,-57,54,-57,54,-56,54,-54,55,-53,58,-55,58,-53,58,-54,64,-53,59,-51,61,-51,64,-51,65,-48,62,-44,65,-45,64,-42,68,-43,68,-39,67,-36,69,-37,69,-34,68,-32,67,-28,67,-32,66,-29,0,0]"
CSI_DATA,332,2a:00:00:00:00:00,-43,11,1,0,1,1,1,0,0,0,1,-96,0,11,2,4626856,0,44,0,384,0,"[0,0,0,0,0,0,0,0,0,0,0,0,9,-5,9,-4,8,-4,8,-4,8,-3,7,-3,7,-3,7,-3,7,-3,6,-3,6,-3,6,-3,5,-3,5,-3,5,-3,5,-3,5,-3,5,-2,4,-3,4,-2,4,-2,3,-2,3,-2,3,-2,3,-2,3,-2,0,0,2,-2,2,-2,1,-2,2,-2,1,-2,1,-2,1,-2,1,-3,1,-3,1,-3,1,-3,1,-3,1,-3,1,-3,1,-3,1,-3,1,-3,1,-3,1,-3,1,-2,1,-3,1,-3,1,-3,1,-2,1,-2,1,-2,0,0,0,0,0,0,0,0,0,0,0,0,0,0,56,-30,53,-26,53,-28,52,-25,50,-23,53,-22,46,-19,50,-22,43,-20,47,-18,43,-17,40,-16,40,-14,34,-15,36,-14,35,-16,33,-14,30,-14,28,-13,30,-12,32,-14,27,-11,27,-12,23,-13,22,-10,20,-12,22,-9,19,-11,17,-11,19,-13,14,-6,17,-8,11,-8,10,-11,10,-10,9,-14,10,-14,5,-15,6,-14,5,-13,6,-12,7,-11,7,-14,6,-15,5,-16,8,-15,9,-15,9,-15,8,-16,8,-14,8,-14,9,-14,9,-14,9,-11,9,-15,10,-9,12,-10,0,0,0,0,0,0,0,0,0,0,0,0,0,0,0,0,0,0,0,0,0,0,4,-16,22,-8,9,-38,26,-13,12,-14,16,-24,10,-25,44,-23,18,-14,24,-9,38,-20,40,-17,47,11,46,-12,40,-6,65,6,51,-16,64,-5,81,-2,67,-7,73,9,45,7,59,19,74,7,65,9,69,26,64,23,69,30,67,23,66,29,63,32,66,36,64,38,61,37,66,38,61,43,61,40,64,43,58,46,61,46,61,48,61,46,60,52,59,49,57,55,58,53,52,54,53,56,50,56,48,55,47,57,47,60,47,61,40,59,40,58,40,63,40,59,0,0]"
CSI_DATA,333,2a:00:00:00:00:00,-43,11,1,0,1,1,1,0,0,0,1,-96,0,11,2,4637240,0,44,0,384,0,"[0,0,0,0,0,0,0,0,0,0,0,0,10,-2,10,-2,9,-2,8,-2,8,-2,8,-1,8,-1,7,-1,7,-1,6,-1,7,-1,6,-1,6,-1,5,-1,5,-1,5,-1,5,-1,5,-1,4,-1,4,-1,4,-1,3,-1,4,-1,3,-1,3,-1,3,-1,0,0,2,-1,2,-1,2,-1,2,-1,2,-2,1,-2,1,-2,1,-2,1,-2,1,-2,1,-2,1,-2,1,-2,1,-2,2,-2,2,-2,2,-2,1,-2,2,-2,2,-2,2,-2,2,-2,2,-2,2,-2,2,-1,2,-1,0,0,0,0,0,0,0,0,0,0,0,0,0,0,64,-19,61,-12,60,-12,59,-12,60,-11,57,-6,52,-10,51,-11,49,-9,47,-4,46,-4,44,-5,44,-6,40,-6,40,0,37,-2,35,-4,33,-4,31,-4,32,-6,31,-6,31,-5,27,-5,27,-7,24,-5,24,-4,22,-2,21,-5,20,-5,19,-5,17,-3,16,-4,15,-7,13,-8,11,-4,11,-9,10,-9,10,-11,12,-9,8,-10,10,-10,9,-10,9,-13,11,-14,11,-14,10,-11,12,-14,9,-14,12,-12,8,-11,11,-10,8,-12,11,-9,12,-11,14,-9,13,-7,13,-6,0,0,0,0,0,0,0,0,0,0,0,0,0,0,0,0,0,0,0,0,0,0,20,-15,21,-13,23,-13,27,-10,26,-12,31,-10,31,-9,33,-7,38,-8,38,-5,40,-2,40,3,46,0,51,4,50,5,51,7,56,7,53,13,57,15,57,17,59,23,61,25,61,34,60,34,60,41,61,44,58,45,60,47,58,46,58,49,56,52,53,55,53,55,53,57,48,58,49,59,43,62,46,65,44,65,45,64,46,65,48,63,45,69,42,67,40,66,39,69,36,70,36,70,35,72,30,70,27,70,25,71,26,74,23,71,23,70,22,72,22,69,0,0]"
CSI_DATA,334,2a:00:00:00:00:00,-43,11,1,0,1,1,1,0,0,0,1,-96,0,11,2,4646366,0,44,0,384,0,"[0,0,0,0,0,0,0,0,0,0,0,0,-6,9,-6,8,-5,9,-5,8,-5,8,-5,7,-5,7,-5,6,-5,6,-5,6,-5,6,-4,5,-4,5,-4,5,-4,5,-4,5,-3,4,-3,4,-3,4,-3,4,-3,4,-3,4,-3,3,-2,3,-2,3,-2,2,0,0,-2,2,-1,3,-1,2,-1,2,-1,2,-1,2,0,2,0,2,0,2,0,2,0,2,0,2,0,2,0,2,0,2,0,2,0,3,0,2,0,2,0,2,-1,2,-1,2,-1,2,-1,2,-1,2,-1,2,0,0,0,0,0,0,0,0,0,0,0,0,0,0,-24,63,-26,64,-22,59,-26,54,-23,55,-22,47,-22,51,-19,47,-21,48,-20,42,-24,41,-22,37,-19,39,-19,39,-17,34,-14,33,-14,35,-13,35,-13,28,-13,30,-10,27,-12,28,-8,26,-10,24,-12,25,-8,23,-10,21,-7,25,-6,22,-7,18,-4,15,-4,15,-6,18,-2,13,1,12,-1,13,-2,16,2,13,2,14,5,13,5,14,5,12,2,14,6,14,6,13,7,14,4,16,5,16,5,14,4,15,2,15,5,15,2,16,-1,15,2,16,0,16,-1,15,0,0,0,0,0,0,0,0,0,0,0,0,0,0,0,0,0,0,0,0,0,0,3,25,-3,24,-3,26,-4,26,-7,29,-8,28,-11,31,-14,32,-15,33,-18,36,-19,35,-20,36,-26,39,-26,38,-29,38,-33,43,-35,42,-42,40,-41,39,-48,37,-52,37,-58,37,-60,34,-61,36,-63,33,-67,33,-66,27,-68,24,-74,25,-71,22,-74,19,-74,18,-77,10,-77,10,-77,12,-77,7,-81,10,-78,13,-77,11,-78,10,-76,3,-82,6,-77,3,-83,2,-78,-1,-85,-3,-80,-9,-78,-7,-78,-8,-82,-10,-77,-8,-78,-9,-68,-15,-74,-11,-77,-13,-70,-16,-71,-19,0,0]"
CSI_DATA,335,2a:00:00:00:00:00,-43,11,1,0,1,1,1,0,0,0,1,-96,0,11,2,4657888,0,44,0,384,0,"[0,0,0,0,0,0,0,0,0,0,0,0,7,6,7,6,7,6,6,6,6,5,6,5,5,5,5,5,5,5,4,4,4,4,4,4,4,4,4,4,4,4,4,3,4,3,3,3,3,3,3,3,3,3,3,2,3,2,2,2,2,2,2,1,0,0,2,1,2,1,2,1,2,0,2,0,2,0,2,0,2,0,2,0,2,0,2,-1,2,-1,2,-1,2,-1,2,-1,2,-1,2,-1,2,0,2,0,2,0,2,0,2,0,2,0,2,0,2,0,2,0,0,0,0,0,0,0,0,0,0,0,0,0,0,0,44,48,42,49,44,46,40,43,39,41,37,44,34,41,32,40,29,40,34,37,30,34,27,32,28,32,26,31,26,31,25,28,24,25,23,26,20,24,21,23,23,20,23,20,20,20,19,19,17,18,17,15,18,15,17,15,14,12,16,13,14,11,15,8,11,8,13,6,14,5,11,3,11,2,13,0,13,2,14,3,15,-1,16,1,15,-2,13,-3,15,-2,17,-2,15,1,14,1,15,-1,18,1,14,0,16,4,15,0,15,3,13,3,14,5,12,6,0,0,0,0,0,0,0,0,0,0,0,0,0,0,0,0,0,0,0,0,0,0,20,13,19,15,20,16,22,22,20,23,19,25,20,25,19,29,22,31,20,35,18,37,19,38,18,42,18,45,16,48,15,51,15,53,11,54,12,59,7,62,5,64,2,66,2,68,-4,69,-8,70,-7,73,-11,72,-17,74,-17,76,-18,75,-23,70,-23,76,-23,71,-24,72,-31,74,-30,71,-29,73,-32,73,-36,69,-32,71,-36,70,-38,71,-39,72,-39,72,-40,69,-41,68,-41,67,-42,70,-45,66,-45,61,-47,61,-45,62,-48,62,-46,56,-50,56,-52,55,-51,55,0,0]"
CSI_DATA,336,2a:00:00:00:00:00,-43,11,1,0,1,1,1,0,0,0,1,-96,0,11,2,4666654,0,44,0,384,0,"[0,0,0,0,0,0,0,0,0,0,0,0,-3,10,-3,10,-2,10,-3,10,-3,9,-3,8,-3,8,-3,8,-2,7,-2,7,-2,7,-2,6,-2,6,-2,6,-2,6,-2,5,-1,5,-2,5,-2,5,-2,5,-2,5,-2,4,-1,3,-1,4,-1,4,-1,3,0,0,0,3,-1,2,-1,3,0,2,0,2,0,2,0,2,0,2,1,2,1,2,1,2,1,2,1,2,1,2,1,2,1,2,1,2,1,2,1,2,1,2,1,2,0,2,0,2,0,2,0,2,0,2,0,0,0,0,0,0,0,0,0,0,0,0,0,0,-30,57,-27,60,-23,57,-27,53,-24,52,-24,48,-27,49,-25,45,-23,46,-19,39,-23,38,-22,38,-21,38,-21,37,-16,32,-16,33,-16,34,-16,34,-16,30,-15,29,-14,27,-12,26,-13,26,-13,26,-13,23,-11,22,-9,20,-9,20,-9,19,-5,19,-6,18,-5,16,-4,15,-2,13,0,14,-2,14,-1,12,2,13,-1,13,4,15,5,14,4,14,3,13,5,14,5,12,4,15,5,14,6,13,5,15,1,17,3,17,3,14,1,16,2,14,0,14,0,16,-2,17,0,0,0,0,0,0,0,0,0,0,0,0,0,0,0,0,0,0,0,0,0,0,0,25,-4,25,-4,25,-7,27,-10,29,-13,28,-16,29,-14,30,-19,30,-18,34,-24,35,-26,37,-25,39,-32,39,-34,38,-40,35,-41,39,-44,37,-44,37,-52,33,-54,32,-62,34,-60,31,-60,33,-65,28,-67,30,-70,26,-76,22,-74,18,-74,15,-74,14,-76,13,-77,8,-78,7,-78,3,-80,2,-76,6,-77,5,-79,5,-81,1,-81,-1,-78,0,-80,-4,-85,-5,-75,-4,-79,-9,-80,-9,-77,-15,-83,-14,-78,-14,-75,-14,-76,-14,-74,-18,-69,-19,-74,-20,-71,-22,-71,-23,0,0]"
CSI_DATA,337,2a:00:00:00:00:00,-43,11,1,0,1,1,1,0,0,0,1,-96,0,11,2,4676386,0,44,0,384,0,"[0,0,0,0,0,0,0,0,0,0,0,0,-11,1,-11,0,-10,1,-10,0,-10,0,-9,0,-9,0,-9,0,-9,-1,-8,0,-8,0,-8,0,-7,0,-7,0,-7,0,-6,0,-6,0,-6,0,-5,0,-5,0,-5,0,-5,0,-5,0,-4,0,-4,0,-4,0,0,0,-4,0,-3,0,-3,1,-3,0,-3,1,-2,1,-2,1,-2,1,-2,1,-2,1,-2,1,-2,1,-2,2,-3,2,-3,1,-3,1,-3,2,-3,1,-3,1,-3,1,-3,1,-3,1,-3,1,-3,1,-3,1,-3,0,0,0,0,0,0,0,0,0,0,0,0,0,0,0,-67,-7,-61,-8,-63,-5,-59,-12,-59,-9,-58,-13,-52,-10,-53,-12,-49,-9,-47,-8,-47,-13,-44,-8,-44,-11,-41,-8,-38,-10,-38,-9,-36,-6,-36,-4,-36,-5,-32,-9,-31,-7,-31,-5,-28,-3,-27,-5,-24,-2,-23,-4,-24,-4,-23,1,-22,-1,-21,-2,-20,-2,-19,-1,-17,-1,-16,2,-13,2,-13,3,-12,5,-15,5,-12,7,-11,6,-13,6,-13,7,-14,9,-12,9,-14,11,-13,7,-13,10,-15,8,-14,7,-12,6,-14,7,-16,6,-14,9,-16,5,-14,6,-16,2,-14,1,0,0,0,0,0,0,0,0,0,0,0,0,0,0,0,0,0,0,0,0,0,0,-24,8,-26,5,-26,2,-30,0,-32,-2,-30,-3,-33,-5,-34,-7,-38,-8,-38,-7,-39,-14,-43,-13,-45,-16,-45,-18,-48,-21,-46,-27,-51,-30,-47,-29,-51,-36,-49,-39,-50,-40,-50,-50,-48,-46,-48,-51,-46,-55,-45,-57,-43,-61,-44,-66,-36,-64,-38,-67,-36,-66,-35,-69,-32,-68,-32,-72,-28,-73,-28,-74,-26,-72,-26,-74,-24,-77,-27,-76,-21,-79,-22,-74,-18,-78,-19,-78,-15,-80,-15,-75,-15,-78,-13,-80,-12,-78,-8,-76,-7,-77,-7,-80,-3,-79,0,-73,-1,-74,1,-74,-1,-70,0,0]"
CSI_DATA,338,2a:00:00:00:00:00,-43,11,1,0,1,1,1,0,0,0,1,-96,0,11,2,4686412,0,44,0,384,0,"[0,0,0,0,0,0,0,0,0,0,0,0,6,8,5,8,5,8,5,8,4,7,4,7,4,6,4,6,4,6,3,6,3,6,3,5,3,5,3,5,3,5,3,4,3,4,3,3,3,4,2,3,2,3,2,3,2,3,2,3,2,3,2,2,0,0,2,2,2,2,1,1,2,1,2,1,2,0,2,0,2,0,2,0,2,0,2,0,2,0,2,0,2,0,2,0,2,0,2,0,2,0,2,0,2,0,2,0,2,0,2,0,2,0,2,1,2,1,0,0,0,0,0,0,0,0,0,0,0,0,0,0,35,55,33,54,35,54,35,47,31,49,29,49,27,46,24,49,24,42,26,43,24,39,24,37,23,35,20,33,21,33,19,31,18,32,16,30,16,28,19,26,23,25,17,24,18,23,17,22,12,20,12,21,15,17,15,18,11,16,13,15,11,12,17,12,12,9,11,8,13,5,13,7,13,4,12,4,12,1,15,0,15,6,14,3,14,1,14,3,14,0,16,2,17,2,15,3,15,6,16,4,17,3,16,4,16,2,12,4,14,4,12,8,10,7,0,0,0,0,0,0,0,0,0,0,0,0,0,0,0,0,0,0,0,0,0,0,16,17,17,20,16,22,13,24,14,25,12,30,12,30,15,29,12,35,10,36,8,40,9,44,11,47,7,49,7,53,4,50,3,57,-1,55,0,60,-4,61,-5,65,-13,67,-14,66,-16,70,-24,66,-24,69,-28,65,-29,68,-31,66,-33,71,-37,65,-40,66,-39,67,-39,66,-40,67,-41,64,-41,63,-46,65,-47,62,-50,62,-50,63,-48,63,-50,62,-50,60,-52,60,-50,60,-52,60,-50,61,-55,56,-58,53,-55,52,-57,50,-60,52,-56,49,-60,46,-60,48,-59,48,0,0]"
CSI_DATA,339,2a:00:00:00:00:00,-43,11,1,0,1,1,1,0,0,0,1,-96,0,11,2,4696400,0,44,0,384,0,"[0,0,0,0,0,0,0,0,0,0,0,0,9,-6,8,-5,8,-5,8,-5,7,-5,7,-4,7,-4,7,-4,6,-4,6,-4,6,-4,6,-4,5,-4,5,-4,4,-3,5,-3,4,-3,4,-3,4,-3,4,-3,3,-3,3,-3,3,-2,3,-3,3,-3,2,-2,0,0,2,-2,2,-2,1,-2,1,-2,1,-2,1,-3,1,-3,1,-3,0,-3,0,-3,0,-3,0,-3,1,-3,0,-3,0,-3,0,-3,1,-3,1,-3,1,-3,1,-3,1,-3,1,-3,1,-3,1,-3,1,-2,1,-2,0,0,0,0,0,0,0,0,0,0,0,0,0,0,60,-27,61,-24,56,-22,57,-21,57,-22,53,-16,53,-21,49,-14,47,-15,44,-13,45,-13,40,-14,41,-13,38,-13,37,-10,34,-9,38,-12,32,-13,30,-13,33,-11,29,-10,26,-11,24,-13,23,-12,24,-10,24,-10,21,-8,20,-9,20,-10,20,-8,16,-6,14,-7,13,-10,14,-11,9,-7,8,-12,8,-14,9,-13,6,-12,7,-13,6,-14,6,-14,7,-14,9,-15,7,-16,5,-15,5,-15,10,-15,7,-13,6,-13,10,-15,8,-14,10,-12,9,-12,14,-10,10,-12,9,-9,0,0,0,0,0,0,0,0,0,0,0,0,0,0,0,0,0,0,0,0,0,0,17,-18,20,-16,22,-16,24,-15,28,-13,28,-12,30,-15,33,-13,37,-11,40,-9,40,-6,44,-9,46,-7,47,-2,51,-2,53,0,54,3,60,5,58,5,60,9,60,9,65,16,65,21,63,25,66,30,68,29,65,36,64,38,65,40,62,40,62,44,61,42,61,45,61,48,62,49,60,51,59,53,56,55,54,54,59,56,53,58,54,58,51,59,54,60,48,56,48,60,47,61,48,64,47,63,45,67,40,65,42,68,38,67,37,64,34,65,33,64,36,65,0,0]"
CSI_DATA,340,2a:00:00:00:00:00,-43,11,1,0,1,1,1,0,0,0,1,-96,0,11,2,4726559,0,44,0,384,0,"[0,0,0,0,0,0,0,0,0,0,0,0,1,-11,1,-11,1,-11,1,-10,1,-10,1,-9,1,-9,1,-8,1,-8,1,-8,1,-8,1,-7,1,-7,1,-7,1,-7,0,-7,0,-6,0,-6,0,-6,0,-6,0,-5,0,-5,0,-4,0,-5,0,-4,0,-4,0,0,-1,-4,-1,-4,-1,-3,-1,-3,-1,-3,-1,-3,-1,-3,-2,-3,-2,-3,-2,-3,-2,-3,-2,-3,-2,-3,-2,-3,-2,-3,-2,-3,-2,-3,-2,-3,-2,-3,-2,-3,-2,-3,-2,-3,-1,-3,-1,-3,-1,-3,-1,-3,0,0,0,0,0,0,0,0,0,0,0,0,0,0,7,-67,7,-65,6,-65,8,-61,9,-59,10,-55,7,-58,10,-53,9,-51,7,-46,8,-44,7,-43,6,-44,11,-43,8,-37,7,-39,7,-38,7,-34,4,-34,2,-32,2,-32,2,-28,2,-30,4,-29,3,-26,7,-29,2,-23,4,-23,2,-21,0,-21,-1,-21,0,-16,-1,-15,-1,-13,-5,-12,-2,-14,-4,-15,-8,-14,-6,-14,-8,-11,-8,-10,-8,-12,-8,-14,-9,-14,-10,-15,-9,-14,-10,-14,-8,-14,-9,-15,-8,-16,-8,-16,-8,-15,-4,-15,-5,-16,-5,-15,-3,-16,-2,-13,0,0,0,0,0,0,0,0,0,0,0,0,0,0,0,0,0,0,0,0,0,0,-9,-23,-6,-26,-8,-29,-3,-27,-1,-30,0,-32,3,-33,2,-34,4,-37,6,-39,8,-43,10,-43,11,-46,18,-46,20,-47,22,-51,22,-51,29,-51,29,-53,33,-53,38,-49,42,-54,45,-52,51,-48,56,-49,55,-48,58,-46,59,-44,64,-45,65,-44,64,-40,66,-38,69,-35,70,-34,72,-32,69,-31,71,-30,72,-29,72,-26,73,-28,75,-24,77,-28,75,-22,79,-24,76,-20,76,-17,74,-17,78,-13,81,-13,79,-12,78,-12,75,-8,77,-7,74,-4,74,-3,76,-1,71,-1,0,0]"
CSI_DATA,341,2a:00:00:00:00:00,-43,11,1,0,1,1,1,0,0,0,1,-96,0,11,2,4737222,0,44,0,384,0,"[0,0,0,0,0,0,0,0,0,0,0,0,6,8,6,8,6,8,5,8,5,7,5,7,4,7,4,6,4,6,4,6,4,6,4,5,3,5,3,5,3,5,3,4,3,4,3,4,3,4,3,4,2,3,2,3,2,3,2,3,2,2,2,2,0,0,2,2,2,2,2,1,2,1,1,1,2,1,2,0,2,0,2,0,2,0,2,0,2,0,2,0,2,0,2,0,2,0,2,0,2,0,2,0,2,0,2,0,2,1,2,0,2,0,2,1,2,1,0,0,0,0,0,0,0,0,0,0,0,0,0,0,40,56,34,51,38,53,33,49,32,49,31,49,26,43,26,48,25,42,25,42,21,40,23,37,21,35,15,32,19,32,22,31,18,31,19,30,19,31,16,26,18,27,16,21,16,25,13,21,13,20,13,20,16,17,14,16,12,16,14,14,12,13,12,16,8,10,8,9,11,8,9,8,12,6,12,6,10,4,12,4,14,5,14,5,13,4,15,3,16,3,14,4,17,4,15,3,16,5,13,5,13,7,14,6,15,8,15,8,13,6,12,7,14,8,0,0,0,0,0,0,0,0,0,0,0,0,0,0,0,0,0,0,0,0,0,0,22,10,23,14,19,12,22,20,22,19,21,22,21,26,20,27,23,30,20,31,21,35,20,36,21,42,22,44,19,48,13,47,16,54,13,53,13,58,6,62,5,62,1,67,-2,65,-4,69,-8,69,-9,72,-13,73,-16,78,-19,68,-23,74,-21,67,-27,76,-28,70,-29,72,-31,72,-35,71,-32,67,-35,71,-37,71,-38,70,-43,74,-37,66,-45,71,-42,64,-46,67,-46,65,-47,63,-48,64,-50,63,-50,55,-49,56,-52,60,-58,57,-52,47,-54,50,-61,51,-54,46,0,0]"
CSI_DATA,342,2a:00:00:00:00:00,-43,11,1,0,1,1,1,0,0,0,1,-96,0,11,2,4746755,0,44,0,384,0,"[0,0,0,0,0,0,0,0,0,0,0,0,3,-10,3,-10,3,-10,3,-9,3,-9,3,-8,3,-8,2,-8,2,-7,2,-8,2,-7,2,-7,2,-7,2,-6,1,-6,1,-6,1,-6,1,-5,1,-5,1,-5,1,-5,1,-5,1,-4,1,-5,1,-4,0,-4,0,0,0,-3,0,-3,0,-3,-1,-3,-1,-3,-1,-3,-1,-3,-1,-3,-2,-3,-2,-3,-2,-3,-1,-3,-1,-3,-2,-3,-2,-3,-2,-3,-1,-3,-2,-3,-1,-3,-1,-3,-1,-3,-1,-3,-1,-3,-1,-3,-1,-3,0,-3,0,0,0,0,0,0,0,0,0,0,0,0,0,0,20,-63,22,-60,21,-61,20,-58,20,-54,20,-52,19,-52,22,-51,19,-47,19,-43,15,-44,17,-42,18,-39,19,-40,15,-36,15,-36,13,-36,14,-33,13,-32,8,-30,10,-32,11,-27,9,-29,7,-27,9,-24,6,-24,9,-23,7,-23,8,-23,3,-18,6,-17,2,-17,3,-17,4,-15,-1,-16,0,-14,-1,-13,-1,-13,-5,-14,-7,-16,-7,-15,-5,-15,-6,-16,-6,-16,-5,-14,-7,-15,-7,-16,-6,-14,-6,-16,-4,-16,-4,-16,-5,-16,-4,-15,0,-15,0,-16,-2,-16,0,-16,0,0,0,0,0,0,0,0,0,0,0,0,0,0,0,0,0,0,0,0,0,0,-1,-25,-2,-27,0,-25,5,-31,5,-31,6,-31,8,-34,12,-33,12,-35,16,-35,19,-36,22,-38,23,-39,25,-43,28,-40,33,-41,35,-44,41,-42,42,-42,44,-42,51,-40,52,-41,57,-40,60,-36,62,-32,64,-34,65,-28,72,-29,71,-27,75,-25,70,-22,73,-19,73,-16,73,-17,78,-15,76,-12,77,-13,76,-11,78,-9,79,-8,79,-6,77,-7,79,-6,82,-4,77,-3,77,-2,76,3,77,3,79,4,79,9,75,12,77,7,75,10,73,12,76,16,74,15,71,14,0,0]"
CSI_DATA,343,2a:00:00:00:00:00,-43,11,1,0,1,1,1,0,0,0,1,-96,0,11,2,4758818,0,44,0,384,0,"[0,0,0,0,0,0,0,0,0,0,0,0,-11,2,-11,2,-10,2,-10,1,-9,1,-9,1,-9,1,-9,1,-8,1,-7,1,-8,1,-7,1,-7,1,-6,1,-6,1,-6,1,-6,1,-6,1,-5,1,-5,1,-5,0,-5,1,-5,0,-4,1,-4,1,-4,1,0,0,-4,1,-3,1,-3,1,-3,1,-2,1,-2,1,-2,1,-2,1,-2,1,-2,1,-2,2,-2,2,-2,2,-2,2,-2,1,-2,2,-2,2,-2,2,-2,2,-2,1,-2,1,-3,1,-2,1,-3,1,-3,1,-3,1,0,0,0,0,0,0,0,0,0,0,0,0,0,0,-69,8,-65,9,-63,10,-63,3,-62,7,-60,4,-51,3,-53,1,-49,4,-50,4,-50,1,-47,0,-47,2,-42,3,-40,2,-42,4,-36,4,-33,6,-33,4,-33,4,-32,4,-30,4,-27,6,-28,3,-25,4,-23,7,-25,3,-22,6,-20,4,-21,2,-20,2,-17,4,-15,8,-12,10,-14,5,-12,10,-10,8,-9,11,-9,11,-10,7,-8,8,-8,10,-8,13,-10,14,-8,11,-12,12,-11,11,-9,13,-11,10,-9,11,-10,10,-13,10,-13,11,-11,10,-14,9,-15,8,-12,7,0,0,0,0,0,0,0,0,0,0,0,0,0,0,0,0,0,0,0,0,0,0,-23,10,-24,9,-25,8,-31,6,-31,4,-31,3,-32,1,-35,2,-39,-2,-38,-3,-42,-3,-43,-4,-49,-9,-50,-7,-51,-16,-49,-14,-56,-18,-54,-20,-56,-21,-54,-28,-53,-31,-57,-36,-57,-38,-56,-39,-59,-44,-57,-48,-57,-48,-54,-55,-50,-55,-53,-60,-47,-57,-46,-62,-44,-61,-47,-62,-46,-64,-44,-67,-43,-66,-46,-68,-45,-66,-42,-68,-38,-71,-40,-70,-37,-73,-39,-73,-34,-72,-34,-68,-32,-71,-32,-74,-28,-75,-26,-76,-25,-72,-25,-73,-23,-76,-20,-71,-22,-72,-16,-72,-17,-70,0,0]"
CSI_DATA,344,2a:00:00:00:00:00,-43,11,1,0,1,1,1,0,0,0,1,-96,0,11,2,4796398,0,44,0,384,0,"[0,0,0,0,0,0,0,0,0,0,0,0,10,-5,9,-5,9,-4,8,-4,8,-4,8,-3,8,-3,7,-3,7,-3,6,-3,6,-3,6,-3,5,-3,5,-3,5,-2,5,-3,5,-3,5,-3,4,-2,4,-3,4,-2,4,-2,4,-2,3,-2,3,-2,3,-2,0,0,3,-2,2,-2,2,-2,2,-2,1,-2,1,-3,1,-3,1,-3,1,-3,1,-3,1,-3,1,-3,1,-3,1,-3,1,-3,1,-3,1,-3,1,-3,1,-3,1,-3,1,-3,1,-3,1,-3,2,-2,2,-2,2,-2,0,0,0,0,0,0,0,0,0,0,0,0,0,0,56,-33,58,-28,58,-27,56,-25,54,-25,50,-24,48,-24,49,-21,44,-19,44,-20,45,-16,41,-15,39,-16,36,-15,38,-14,36,-13,32,-16,29,-12,28,-13,30,-15,29,-15,29,-10,24,-15,24,-13,23,-13,21,-13,20,-12,19,-13,17,-12,19,-7,15,-9,15,-9,11,-10,9,-11,10,-9,6,-13,6,-14,5,-12,6,-14,6,-12,6,-13,5,-13,7,-18,6,-15,5,-15,5,-14,7,-14,5,-19,9,-13,7,-15,7,-15,7,-12,8,-13,8,-12,9,-13,10,-10,9,-10,0,0,0,0,0,0,0,0,0,0,0,0,0,0,0,0,0,0,0,0,0,0,15,-20,15,-17,20,-18,22,-17,23,-17,27,-15,28,-18,33,-15,34,-16,37,-13,38,-11,40,-13,45,-13,46,-10,50,-7,51,-5,56,-6,56,-3,59,0,63,2,64,7,65,9,67,14,69,14,66,21,70,21,68,26,68,28,67,32,68,33,65,34,67,38,66,38,65,42,64,41,63,45,63,44,64,45,62,47,64,48,60,50,62,51,58,53,59,51,55,56,57,57,53,59,53,57,50,57,51,58,51,60,48,60,45,62,42,58,44,60,41,62,40,62,0,0]"
CSI_DATA,345,2a:00:00:00:00:00,-43,11,1,0,1,1,1,0,0,0,1,-96,0,11,2,4816390,0,44,0,384,0,"[0,0,0,0,0,0,0,0,0,0,0,0,-9,6,-9,6,-8,6,-8,5,-8,5,-8,5,-8,4,-8,4,-7,4,-7,4,-7,4,-6,3,-6,4,-6,3,-5,3,-6,3,-5,3,-5,3,-5,3,-4,3,-4,2,-4,2,-4,2,-4,2,-3,2,-3,2,0,0,-3,1,-3,2,-2,2,-2,2,-2,2,-2,2,-1,2,-1,2,-1,2,-1,2,-1,2,-1,2,-1,2,-1,2,-1,2,-1,2,-1,2,-1,2,-2,2,-2,2,-2,2,-2,2,-2,2,-2,2,-2,2,-2,2,0,0,0,0,0,0,0,0,0,0,0,0,0,0,-59,32,-58,31,-54,33,-55,26,-54,26,-52,26,-49,24,-50,22,-46,23,-42,20,-46,20,-44,16,-41,15,-33,16,-35,17,-35,15,-34,16,-31,17,-30,16,-30,11,-26,13,-27,11,-27,14,-25,13,-24,11,-22,10,-23,10,-18,11,-21,10,-17,9,-17,8,-16,8,-13,9,-11,10,-9,9,-8,12,-8,11,-8,11,-7,11,-5,12,-6,13,-6,13,-7,14,-5,13,-8,16,-9,15,-6,14,-8,17,-8,14,-7,13,-9,14,-9,13,-8,14,-12,12,-11,11,-12,10,-9,9,0,0,0,0,0,0,0,0,0,0,0,0,0,0,0,0,0,0,0,0,0,0,-13,19,-15,21,-19,19,-20,19,-22,20,-25,19,-28,19,-32,18,-32,19,-35,17,-37,19,-41,18,-43,19,-45,16,-48,14,-53,8,-56,9,-59,8,-58,7,-61,3,-63,1,-69,-4,-69,-6,-71,-7,-69,-11,-71,-12,-72,-17,-71,-22,-71,-25,-69,-26,-69,-31,-70,-31,-67,-36,-68,-35,-69,-36,-66,-39,-67,-39,-68,-42,-67,-41,-68,-42,-65,-44,-65,-47,-65,-52,-65,-51,-61,-50,-60,-54,-57,-54,-57,-53,-59,-55,-55,-56,-54,-53,-51,-57,-51,-60,-45,-59,-48,-57,-48,-58,-46,-60,0,0]"
CSI_DATA,346,2a:00:00:00:00:00,-43,11,1,0,1,1,1,0,0,0,1,-96,0,11,2,4827071,0,44,0,384,0,"[0,0,0,0,0,0,0,0,0,0,0,0,5,-10,4,-9,4,-9,4,-9,4,-8,4,-8,4,-7,4,-7,3,-7,4,-7,3,-6,3,-6,3,-6,3,-6,2,-6,2,-6,2,-5,2,-5,2,-5,2,-5,2,-5,2,-4,1,-4,1,-4,1,-4,1,-3,0,0,1,-3,0,-3,0,-3,0,-3,0,-3,0,-3,0,-3,0,-3,-1,-3,-1,-3,-1,-3,-1,-3,-1,-3,-1,-3,-1,-3,-1,-3,-1,-3,-1,-3,-1,-3,-1,-3,-1,-3,0,-3,0,-3,0,-3,0,-3,0,-3,0,0,0,0,0,0,0,0,0,0,0,0,0,0,23,-65,25,-61,20,-59,20,-55,23,-54,22,-48,25,-51,22,-51,22,-43,21,-40,18,-41,18,-39,18,-42,17,-36,20,-33,16,-33,16,-35,16,-34,16,-31,11,-29,11,-31,12,-27,10,-27,9,-26,7,-25,8,-25,9,-23,8,-22,9,-22,6,-17,5,-17,3,-17,4,-15,2,-16,0,-14,3,-15,-1,-15,-4,-14,-3,-13,-7,-16,-6,-15,-4,-14,-3,-16,-5,-16,-6,-15,-3,-18,-4,-16,-6,-15,-5,-16,-6,-15,-5,-15,-6,-16,-2,-15,-3,-16,0,-14,0,-17,0,-15,0,0,0,0,0,0,0,0,0,0,0,0,0,0,0,0,0,0,0,0,0,0,-1,-25,0,-26,2,-28,5,-31,5,-28,9,-30,8,-32,14,-34,15,-35,17,-37,21,-35,24,-38,26,-39,29,-38,32,-39,35,-42,38,-41,40,-39,46,-40,45,-42,50,-40,55,-40,57,-34,60,-31,67,-31,66,-27,70,-25,72,-24,72,-24,73,-24,71,-17,75,-15,76,-18,73,-16,77,-15,76,-12,76,-9,77,-7,78,-4,79,-4,81,-5,80,-5,79,-3,79,1,76,2,77,0,79,5,79,5,81,6,75,10,76,13,75,15,74,16,71,14,72,19,74,18,71,16,0,0]"
CSI_DATA,347,2a:00:00:00:00:00,-43,11,1,0,1,1,1,0,0,0,1,-96,0,11,2,4843491,0,44,0,384,0,"[0,0,0,0,0,0,0,0,0,0,0,0,9,5,9,4,8,5,8,5,7,5,7,4,7,4,7,4,6,4,6,4,6,4,6,3,5,3,5,3,5,3,5,3,5,2,5,2,4,2,4,2,4,2,3,2,3,2,3,1,3,1,3,1,0,0,3,1,2,1,2,0,2,0,2,0,2,0,2,-1,2,-1,2,-1,2,-1,2,-1,2,-1,2,-1,2,-1,2,-1,3,-1,2,-1,2,-1,2,-1,2,0,2,-1,2,-1,2,0,2,0,2,0,2,0,0,0,0,0,0,0,0,0,0,0,0,0,0,0,49,38,50,42,50,40,47,37,48,39,44,39,40,37,37,36,38,33,36,32,34,31,34,29,32,30,27,27,29,27,27,24,26,24,27,22,23,22,25,23,23,19,22,17,21,12,19,16,18,14,19,16,20,13,17,10,17,11,19,9,13,12,19,7,14,6,11,4,16,7,11,4,14,1,14,-1,13,-2,14,0,13,1,14,0,15,-4,15,-3,15,-6,17,-1,15,0,16,-4,14,-1,14,1,16,-1,16,2,16,0,15,0,15,3,13,3,13,4,0,0,0,0,0,0,0,0,0,0,0,0,0,0,0,0,0,0,0,0,0,0,23,5,25,13,25,12,27,13,26,15,25,16,24,22,25,22,28,24,26,27,25,28,27,32,29,36,29,41,28,41,24,45,27,48,26,50,23,53,22,56,22,60,18,65,15,64,15,66,10,73,8,73,3,73,2,74,-2,75,-3,76,-4,75,-8,75,-8,73,-10,75,-16,76,-16,77,-16,75,-16,76,-21,75,-19,78,-23,77,-21,78,-24,75,-25,77,-27,75,-26,72,-31,75,-29,72,-33,73,-34,69,-37,69,-37,71,-36,68,-37,64,-39,64,-41,62,-41,61,0,0]"
CSI_DATA,348,2a:00:00:00:00:00,-43,11,1,0,1,1,1,0,0,0,1,-96,0,11,2,4850114,0,44,0,384,0,"[0,0,0,0,0,0,0,0,0,0,0,0,-4,9,-5,9,-4,9,-5,9,-4,8,-4,7,-4,7,-4,7,-4,6,-4,6,-4,6,-3,6,-3,6,-3,6,-3,5,-3,5,-3,5,-2,4,-2,5,-2,4,-2,4,-2,4,-2,3,-2,4,-2,3,-1,3,0,0,-1,3,-1,2,-1,2,0,2,-1,2,0,2,0,2,0,2,0,2,1,2,1,2,0,2,1,2,0,2,1,2,1,2,0,2,0,2,0,2,0,2,0,2,0,2,0,2,0,2,0,2,-1,2,0,0,0,0,0,0,0,0,0,0,0,0,0,0,-41,56,-37,50,-35,54,-37,46,-38,44,-37,46,-35,42,-38,41,-31,36,-32,36,-32,32,-30,31,-30,30,-25,31,-26,29,-25,29,-25,30,-25,28,-25,28,-20,22,-19,22,-18,20,-19,23,-19,21,-18,18,-16,20,-13,17,-16,17,-15,16,-12,17,-10,12,-10,13,-8,14,-7,14,-4,12,-6,13,-4,13,-5,16,-3,12,-1,14,0,13,-2,13,-2,16,0,17,-2,18,0,17,-1,15,-3,17,-2,15,-4,16,-2,16,-3,13,-3,15,-6,13,-6,14,-5,15,-5,14,0,0,0,0,0,0,0,0,0,0,0,0,0,0,0,0,0,0,0,0,0,0,0,24,-6,27,-4,27,-8,29,-10,26,-14,29,-15,27,-16,30,-20,33,-20,29,-24,34,-26,37,-28,37,-32,38,-36,37,-40,32,-45,35,-44,34,-47,35,-55,28,-53,30,-63,30,-58,25,-65,27,-66,23,-68,24,-72,17,-76,15,-71,10,-78,8,-72,5,-81,4,-76,-1,-78,-1,-78,-3,-81,-6,-73,-5,-77,-4,-78,-6,-78,-8,-84,-15,-77,-12,-81,-17,-76,-17,-77,-19,-78,-20,-77,-24,-74,-25,-76,-28,-71,-28,-74,-28,-75,-28,-72,-36,-63,-32,-69,-32,-70,-39,-64,-34,0,0]"
CSI_DATA,349,2a:00:00:00:00:00,-43,11,1,0,1,1,1,0,0,0,1,-96,0,11,2,4857183,0,44,0,384,0,"[0,0,0,0,0,0,0,0,0,0,0,0,-9,-7,-9,-7,-8,-7,-8,-7,-8,-7,-7,-6,-7,-6,-7,-5,-7,-6,-6,-5,-6,-5,-6,-5,-6,-5,-5,-5,-5,-5,-5,-4,-5,-4,-5,-4,-5,-4,-5,-3,-4,-3,-4,-3,-4,-3,-4,-3,-3,-3,-4,-3,0,0,-4,-2,-3,-2,-3,-2,-3,-1,-3,-1,-3,-1,-3,-1,-3,-1,-3,0,-3,0,-3,0,-3,0,-3,0,-3,0,-3,0,-3,0,-3,0,-4,0,-3,-1,-3,-1,-3,-1,-3,-1,-3,-1,-3,-1,-3,-1,-3,-2,0,0,0,0,0,0,0,0,0,0,0,0,0,0,-48,-43,-51,-43,-44,-39,-45,-38,-46,-40,-41,-34,-42,-39,-37,-38,-37,-40,-34,-33,-36,-31,-32,-32,-32,-32,-29,-34,-30,-26,-27,-27,-27,-26,-25,-22,-22,-23,-29,-21,-26,-19,-26,-20,-21,-17,-21,-18,-18,-18,-19,-16,-22,-16,-18,-14,-13,-13,-19,-11,-18,-9,-14,-7,-13,-6,-12,-7,-15,-4,-12,-1,-11,-2,-13,-3,-15,0,-15,0,-19,0,-15,1,-14,3,-17,0,-13,4,-17,1,-16,1,-16,1,-16,-2,-16,0,-16,-2,-15,-2,-15,-2,-16,-1,-15,-3,-18,-5,-13,-6,0,0,0,0,0,0,0,0,0,0,0,0,0,0,0,0,0,0,0,0,0,0,-25,-8,-23,-12,-26,-16,-23,-17,-26,-19,-23,-21,-22,-24,-25,-23,-25,-28,-25,-30,-24,-34,-27,-38,-26,-40,-24,-41,-24,-45,-26,-48,-24,-51,-20,-55,-20,-54,-16,-59,-14,-64,-14,-67,-9,-71,-9,-68,-3,-72,-4,-72,0,-74,4,-76,7,-77,7,-72,10,-76,10,-72,16,-75,18,-75,18,-76,17,-76,20,-79,18,-77,21,-73,22,-78,24,-73,23,-80,28,-73,29,-80,30,-71,30,-76,33,-72,32,-72,36,-74,39,-72,35,-67,34,-71,37,-64,39,-64,38,-65,39,-62,42,-58,0,0]"
CSI_DATA,350,2a:00:00:00:00:00,-43,11,1,0,1,1,1,0,0,0,1,-96,0,11,2,4876427,0,44,0,384,0,"[0,0,0,0,0,0,0,0,0,0,0,0,-11,0,-11,0,-10,0,-10,0,-10,0,-9,-1,-9,0,-9,-1,-8,-1,-8,0,-8,0,-7,-1,-7,0,-7,0,-6,0,-7,0,-6,0,-6,0,-5,0,-5,0,-5,0,-5,0,-5,0,-4,0,-4,0,-4,0,0,0,-4,0,-3,0,-3,1,-3,0,-2,1,-3,1,-2,1,-2,1,-2,1,-2,1,-2,1,-2,2,-2,2,-2,2,-3,1,-3,1,-2,2,-2,1,-3,1,-2,1,-3,1,-3,1,-3,1,-3,1,-3,1,-3,1,0,0,0,0,0,0,0,0,0,0,0,0,0,0,-65,2,-62,1,-64,2,-62,2,-59,-1,-57,-1,-53,-2,-53,-3,-46,-1,-51,-3,-48,-3,-46,-5,-41,-6,-39,-1,-40,-3,-39,-2,-37,1,-34,2,-34,-1,-35,-1,-36,0,-30,-1,-29,2,-27,0,-24,0,-25,0,-26,1,-22,4,-20,2,-23,2,-17,1,-18,1,-13,4,-13,6,-14,2,-12,10,-14,7,-12,7,-13,8,-11,8,-11,8,-11,10,-11,9,-11,11,-12,9,-12,11,-13,9,-12,13,-11,11,-14,10,-12,7,-13,7,-14,8,-14,8,-14,10,-12,6,-13,4,0,0,0,0,0,0,0,0,0,0,0,0,0,0,0,0,0,0,0,0,0,0,-25,10,-24,7,-26,5,-30,3,-29,2,-31,2,-33,-2,-35,-3,-38,-4,-38,-6,-42,-6,-45,-11,-46,-10,-49,-11,-48,-13,-48,-19,-53,-22,-51,-24,-54,-27,-55,-34,-54,-33,-54,-44,-52,-43,-56,-47,-52,-49,-54,-52,-50,-54,-48,-58,-45,-59,-46,-63,-44,-60,-43,-67,-40,-66,-38,-66,-37,-71,-34,-70,-37,-67,-38,-70,-36,-69,-36,-70,-33,-72,-33,-73,-34,-77,-32,-73,-25,-75,-30,-77,-24,-75,-22,-79,-18,-76,-17,-77,-21,-75,-19,-77,-16,-79,-11,-75,-16,-74,-12,-75,-9,-72,0,0]"
CSI_DATA,351,2a:00:00:00:00:00,-43,11,1,0,1,1,1,0,0,0,1,-96,0,11,2,4896416,0,44,0,384,0,"[0,0,0,0,0,0,0,0,0,0,0,0,9,-4,9,-4,9,-4,8,-3,8,-3,8,-3,8,-3,7,-3,7,-2,6,-3,6,-2,6,-2,5,-2,5,-2,5,-2,5,-2,5,-2,5,-2,4,-2,4,-2,4,-2,3,-2,3,-2,3,-2,3,-2,3,-2,0,0,2,-2,2,-2,2,-2,1,-2,1,-2,1,-2,1,-3,1,-3,1,-2,1,-2,1,-2,1,-3,1,-3,1,-3,1,-3,1,-3,1,-3,1,-3,1,-3,1,-3,1,-2,1,-2,1,-2,1,-2,2,-2,1,-2,0,0,0,0,0,0,0,0,0,0,0,0,0,0,66,-20,61,-15,61,-18,59,-16,58,-14,57,-13,51,-13,52,-12,48,-11,49,-7,46,-8,47,-7,42,-5,37,-8,39,-8,35,-8,35,-9,34,-12,34,-11,30,-9,32,-4,30,-8,27,-10,25,-8,26,-7,22,-9,21,-6,20,-8,18,-8,19,-6,18,-8,14,-7,14,-8,11,-10,10,-8,8,-11,8,-9,10,-12,7,-12,8,-10,9,-12,6,-12,8,-14,10,-16,8,-14,8,-13,8,-14,11,-15,9,-12,7,-11,11,-10,10,-13,13,-12,10,-10,11,-11,11,-9,12,-8,0,0,0,0,0,0,0,0,0,0,0,0,0,0,0,0,0,0,0,0,0,0,18,-17,21,-18,20,-15,28,-16,25,-13,31,-13,31,-11,33,-9,37,-8,38,-9,42,-8,41,-6,45,-6,49,-2,55,-1,50,2,55,3,52,6,58,7,58,14,60,20,64,24,63,23,64,25,62,32,65,34,65,33,63,41,60,42,62,46,56,46,58,49,56,51,55,53,52,57,54,57,51,54,53,58,53,58,53,58,53,62,53,61,51,65,49,62,45,66,41,63,42,65,39,69,39,69,39,67,37,66,37,68,36,72,26,64,32,66,28,68,28,68,0,0]"
CSI_DATA,352,2a:00:00:00:00:00,-43,11,1,0,1,1,1,0,0,0,1,-96,0,11,2,4907065,0,44,0,384,0,"[0,0,0,0,0,0,0,0,0,0,0,0,-9,7,-8,6,-8,7,-8,6,-8,6,-8,5,-8,5,-7,5,-7,4,-6,4,-7,4,-6,4,-6,4,-5,4,-5,3,-5,3,-5,3,-5,3,-4,3,-4,3,-4,3,-4,2,-4,2,-4,2,-3,2,-3,2,0,0,-3,1,-3,2,-2,2,-2,2,-2,2,-2,2,-1,2,-1,2,-1,2,-1,2,-1,2,-1,2,-1,2,-1,2,-1,2,-1,2,-1,2,-1,2,-1,2,-2,2,-2,2,-2,2,-2,2,-2,2,-2,2,-2,1,0,0,0,0,0,0,0,0,0,0,0,0,0,0,-52,38,-51,40,-47,38,-49,32,-47,34,-45,31,-45,28,-47,27,-43,27,-41,24,-40,21,-36,21,-37,20,-35,24,-30,17,-32,18,-33,19,-29,18,-27,18,-27,16,-23,16,-26,13,-22,13,-22,15,-22,15,-21,13,-21,11,-17,13,-17,12,-16,11,-13,10,-15,9,-12,12,-11,13,-9,11,-10,11,-7,12,-7,13,-7,11,-7,11,-4,12,-4,12,-6,13,-5,12,-6,15,-6,15,-4,12,-6,14,-4,12,-8,13,-9,14,-8,14,-8,13,-10,11,-9,12,-9,10,-10,10,0,0,0,0,0,0,0,0,0,0,0,0,0,0,0,0,0,0,0,0,0,0,-8,21,-12,23,-12,23,-18,23,-18,21,-22,22,-22,23,-23,23,-29,24,-31,23,-34,23,-36,24,-40,25,-43,22,-45,21,-46,18,-52,18,-53,16,-56,15,-59,13,-62,9,-66,10,-68,3,-65,1,-69,0,-70,-5,-72,-10,-72,-9,-72,-14,-75,-15,-69,-18,-73,-21,-72,-24,-72,-25,-75,-27,-72,-28,-70,-29,-72,-30,-72,-32,-69,-33,-70,-37,-69,-36,-67,-40,-70,-41,-66,-42,-65,-41,-64,-43,-65,-42,-63,-42,-64,-48,-59,-47,-58,-48,-56,-50,-53,-51,-53,-51,-51,-52,-49,-49,0,0]"
CSI_DATA,353,2a:00:00:00:00:00,-43,11,1,0,1,1,1,0,0,0,1,-96,0,11,2,4916681,0,44,0,384,0,"[0,0,0,0,0,0,0,0,0,0,0,0,3,-11,3,-10,2,-10,3,-10,3,-10,3,-9,3,-8,3,-8,3,-8,2,-7,2,-7,2,-7,2,-7,2,-7,2,-6,1,-6,1,-6,1,-5,1,-6,1,-5,1,-5,1,-5,1,-4,0,-5,1,-4,1,-4,0,0,0,-3,0,-4,0,-3,-1,-3,-1,-3,-1,-3,-1,-3,-1,-3,-1,-3,-2,-3,-1,-3,-1,-3,-2,-3,-2,-3,-2,-3,-2,-3,-1,-3,-1,-3,-1,-3,-1,-3,-1,-3,-1,-3,-1,-3,-1,-3,-1,-3,0,-3,0,0,0,0,0,0,0,0,0,0,0,0,0,0,17,-66,22,-64,16,-61,20,-58,17,-56,19,-53,18,-55,18,-51,19,-49,16,-46,19,-41,19,-40,14,-40,16,-39,13,-38,13,-34,11,-33,11,-36,10,-33,12,-29,7,-30,10,-27,8,-28,9,-27,8,-25,10,-25,6,-22,7,-22,6,-22,3,-18,3,-19,1,-15,2,-17,1,-18,-2,-14,-2,-15,-2,-12,-4,-15,-4,-13,-5,-12,-7,-13,-6,-14,-7,-16,-7,-16,-6,-14,-10,-16,-9,-15,-6,-15,-7,-14,-6,-15,-5,-15,-5,-14,-5,-18,-4,-16,-2,-15,-2,-17,-1,-16,0,0,0,0,0,0,0,0,0,0,0,0,0,0,0,0,0,0,0,0,0,0,-3,-25,-2,-26,1,-27,4,-31,4,-32,8,-33,11,-35,11,-31,11,-36,15,-36,18,-40,21,-39,22,-41,26,-44,27,-44,31,-41,36,-44,41,-42,42,-44,46,-42,51,-40,53,-41,56,-41,61,-38,63,-35,64,-35,66,-31,68,-30,73,-26,71,-26,72,-21,73,-20,72,-19,74,-17,78,-14,74,-14,76,-14,76,-14,77,-12,77,-13,80,-7,81,-10,81,-6,81,-4,77,-4,78,-5,76,2,81,3,79,5,81,6,77,5,76,7,71,13,70,11,74,11,73,15,73,15,0,0]"
CSI_DATA,354,2a:00:00:00:00:00,-43,11,1,0,1,1,1,0,0,0,1,-96,0,11,2,4926894,0,44,0,384,0,"[0,0,0,0,0,0,0,0,0,0,0,0,9,5,9,4,9,5,8,5,8,5,7,4,7,4,7,4,7,4,6,4,6,3,6,3,5,3,5,3,5,3,5,2,5,2,5,2,4,2,4,2,4,2,3,2,4,1,3,1,3,1,3,1,0,0,3,0,2,0,2,0,2,0,2,0,2,-1,2,-1,2,-1,2,-1,2,-1,2,-1,2,-1,2,-1,2,-1,2,-2,2,-1,2,-1,2,-1,2,-1,2,-1,2,-1,2,-1,2,-1,2,-1,2,0,2,0,0,0,0,0,0,0,0,0,0,0,0,0,0,0,58,27,55,30,55,27,55,25,53,26,51,26,47,25,45,26,41,25,43,23,40,21,38,20,38,19,31,19,35,22,34,19,31,16,30,15,27,16,30,14,31,12,27,13,26,11,23,10,21,11,22,9,21,7,22,8,18,7,19,6,17,6,17,4,14,1,13,1,16,-1,11,0,13,-5,12,-5,12,-5,12,-5,14,-4,13,-4,14,-9,11,-6,15,-6,15,-5,17,-6,13,-4,14,-5,15,-4,16,-2,15,-5,14,-7,15,-2,15,-1,15,0,14,0,0,0,0,0,0,0,0,0,0,0,0,0,0,0,0,0,0,0,0,0,0,0,22,4,25,5,26,8,27,10,25,12,27,14,27,17,31,19,32,20,28,22,30,27,31,28,32,33,32,36,34,39,32,41,36,46,32,44,32,51,31,53,26,56,27,59,22,63,20,66,16,69,18,70,13,72,12,74,12,72,11,74,7,72,3,78,2,74,2,75,-1,79,0,78,-2,77,-2,80,-7,75,-8,77,-10,79,-6,79,-8,81,-8,78,-12,81,-11,78,-13,79,-15,79,-16,77,-24,73,-24,72,-22,74,-23,75,-23,71,-26,69,-27,70,-26,67,0,0]"
CSI_DATA,355,2a:00:00:00:00:00,-43,11,1,0,1,1,1,0,0,0,1,-96,0,11,2,4936782,0,44,0,384,0,"[0,0,0,0,0,0,0,0,0,0,0,0,11,0,10,0,10,0,9,0,9,0,8,0,8,0,8,0,7,0,7,0,7,0,7,0,6,0,6,0,5,0,6,0,5,0,5,0,5,0,4,0,4,0,4,0,4,0,3,-1,3,0,3,-1,0,0,3,-1,2,-1,2,-1,2,-1,2,-2,2,-2,2,-2,2,-2,2,-2,2,-2,2,-2,2,-2,2,-2,2,-2,2,-2,2,-2,2,-2,2,-2,2,-2,2,-2,2,-2,2,-2,2,-2,2,-2,2,-2,2,-1,0,0,0,0,0,0,0,0,0,0,0,0,0,0,-55,-41,-53,-37,-53,-40,-52,-32,-48,-32,-43,-37,-40,-39,-40,-37,-39,-31,-37,-29,-32,-28,-33,-21,-35,-22,-26,-32,-31,-25,-28,-25,-27,-23,-25,-25,-27,-23,-24,-16,-29,-16,-28,-17,-26,-17,-20,-16,-21,-14,-18,-13,-21,-13,-19,-14,-16,-13,-18,-10,-18,-10,-14,-9,-12,-8,-12,-5,-15,-1,-9,-1,-13,-1,-12,-5,-10,-1,-16,0,-13,2,-15,-4,-13,2,-11,0,-15,5,-15,-1,-18,-1,-15,1,-16,-1,-13,4,-15,1,-19,2,-14,2,-12,0,-13,1,-11,-2,-14,0,0,0,0,0,0,0,0,0,0,0,0,0,0,0,0,0,0,0,0,0,0,0,-23,-14,-26,-15,-25,-17,-24,-17,-27,-18,-24,-23,-23,-24,-26,-28,-26,-29,-23,-34,-25,-38,-26,-38,-24,-41,-27,-45,-26,-46,-26,-51,-24,-56,-21,-54,-18,-60,-22,-62,-20,-64,-19,-65,-11,-66,-3,-72,-2,-72,-3,-75,0,-74,6,-78,6,-75,4,-79,9,-71,16,-76,9,-76,14,-79,12,-81,14,-77,14,-76,21,-80,25,-75,23,-77,27,-78,23,-76,23,-78,21,-75,25,-76,28,-78,26,-77,24,-75,35,-76,34,-68,35,-70,34,-66,36,-68,32,-64,39,-62,38,-69,39,-64,0,0]"
CSI_DATA,356,2a:00:00:00:00:00,-43,11,1,0,1,1,1,0,0,0,1,-96,0,11,2,4946408,0,44,0,384,0,"[0,0,0,0,0,0,0,0,0,0,0,0,-10,4,-10,4,-9,4,-9,3,-9,3,-9,3,-8,2,-8,2,-8,2,-7,2,-7,2,-7,2,-6,2,-6,2,-6,2,-6,2,-6,2,-6,2,-5,2,-5,2,-5,2,-4,1,-4,1,-4,1,-4,1,-4,1,0,0,-3,1,-3,1,-2,1,-2,1,-2,1,-2,2,-2,2,-2,2,-2,2,-2,2,-2,2,-2,2,-2,2,-2,2,-2,2,-2,2,-2,2,-2,2,-2,2,-2,2,-2,2,-2,2,-2,2,-2,2,-2,1,-2,1,0,0,0,0,0,0,0,0,0,0,0,0,0,0,-60,30,-55,28,-56,29,-56,24,-54,24,-53,24,-48,22,-52,21,-45,16,-49,17,-44,14,-42,14,-43,14,-37,14,-37,13,-37,15,-32,17,-32,14,-32,13,-32,12,-30,14,-27,12,-25,14,-24,13,-22,10,-22,10,-20,9,-19,10,-19,10,-21,8,-19,8,-15,9,-13,9,-12,11,-11,7,-10,14,-9,9,-9,11,-7,12,-9,11,-8,11,-9,13,-9,13,-8,16,-7,16,-5,13,-6,15,-11,14,-9,13,-10,12,-8,14,-11,14,-9,12,-8,10,-9,10,-10,10,-11,9,0,0,0,0,0,0,0,0,0,0,0,0,0,0,0,0,0,0,0,0,0,0,-14,19,-17,21,-20,19,-24,19,-25,16,-26,19,-29,15,-31,16,-34,18,-34,16,-39,16,-43,14,-43,14,-47,14,-53,13,-51,8,-57,8,-55,7,-62,5,-63,-2,-66,-3,-67,-6,-67,-10,-69,-13,-69,-18,-69,-18,-71,-22,-72,-28,-68,-27,-72,-30,-67,-32,-70,-35,-66,-37,-68,-38,-66,-43,-63,-46,-63,-41,-65,-40,-65,-47,-65,-46,-64,-49,-60,-47,-65,-52,-63,-52,-61,-55,-58,-56,-56,-59,-56,-57,-55,-59,-52,-58,-51,-60,-51,-61,-49,-68,-45,-59,-46,-59,-43,-64,-38,-62,0,0]"
CSI_DATA,357,2a:00:00:00:00:00,-43,11,1,0,1,1,1,0,0,0,1,-96,0,11,2,4956573,0,44,0,384,0,"[0,0,0,0,0,0,0,0,0,0,0,0,3,-10,3,-10,3,-9,3,-9,3,-9,3,-8,3,-8,3,-7,3,-7,2,-7,2,-7,2,-7,2,-7,2,-6,2,-6,2,-6,1,-5,1,-5,1,-5,1,-5,1,-5,1,-5,1,-4,1,-4,0,-4,0,-4,0,0,0,-3,0,-3,0,-3,0,-3,-1,-3,-1,-3,-1,-3,-1,-3,-1,-3,-1,-3,-1,-3,-1,-3,-1,-3,-1,-3,-2,-3,-2,-3,-1,-3,-1,-3,-1,-3,-1,-3,-1,-3,-1,-3,-1,-3,-1,-3,-1,-3,0,-3,0,0,0,0,0,0,0,0,0,0,0,0,0,0,26,-62,27,-58,26,-61,25,-53,29,-53,27,-51,24,-49,28,-48,26,-44,24,-42,25,-41,24,-38,25,-37,21,-36,19,-34,17,-31,17,-33,15,-33,17,-32,15,-27,13,-27,14,-26,10,-29,12,-24,13,-24,11,-24,10,-20,9,-23,9,-19,6,-18,7,-17,6,-14,4,-17,2,-17,2,-13,-1,-15,0,-16,-4,-14,0,-13,-5,-16,-5,-14,-5,-13,-1,-17,-5,-16,-3,-17,-7,-19,-4,-15,-3,-16,-5,-14,-3,-16,0,-16,-2,-17,-3,-16,0,-15,2,-15,0,-18,2,-15,0,0,0,0,0,0,0,0,0,0,0,0,0,0,0,0,0,0,0,0,0,0,-1,-25,2,-27,4,-29,6,-29,9,-30,8,-31,12,-31,13,-32,17,-35,17,-33,23,-38,24,-37,25,-39,30,-40,32,-39,36,-38,40,-40,41,-37,44,-40,48,-36,56,-37,59,-34,57,-30,62,-33,67,-28,67,-29,68,-22,73,-22,71,-20,75,-18,73,-13,77,-14,75,-12,77,-9,79,-9,77,-8,74,-5,77,-3,79,-3,81,-2,81,1,78,-1,80,3,81,4,78,7,78,10,79,12,76,10,77,13,75,15,76,17,75,16,74,24,68,21,72,20,70,24,69,22,0,0]"
CSI_DATA,358,2a:00:00:00:00:00,-43,11,1,0,1,1,1,0,0,0,1,-96,0,11,2,4966782,0,44,0,384,0,"[0,0,0,0,0,0,0,0,0,0,0,0,7,8,6,7,6,7,5,7,6,7,5,6,5,6,5,6,5,6,4,5,4,5,4,5,4,5,4,5,3,4,4,4,4,3,4,3,3,3,3,3,3,3,3,3,3,2,2,2,2,2,2,2,0,0,2,1,2,1,2,1,2,0,2,0,2,0,2,0,2,0,2,0,2,0,2,0,2,0,2,-1,2,-1,2,0,3,0,2,0,2,0,2,0,2,0,2,0,2,0,2,0,2,0,2,0,2,1,0,0,0,0,0,0,0,0,0,0,0,0,0,0,40,51,41,50,41,47,38,45,38,46,38,42,31,42,34,44,30,39,28,38,29,37,27,35,29,31,23,35,23,30,23,29,20,30,19,29,21,27,20,23,24,23,20,22,18,19,19,19,13,19,17,17,15,18,14,16,13,16,16,11,15,12,16,11,13,9,10,6,15,6,10,5,10,3,12,4,14,2,17,2,17,2,14,3,16,-1,14,-2,15,0,15,0,15,2,14,-1,17,1,16,0,17,2,18,4,14,1,15,3,12,3,13,3,12,7,0,0,0,0,0,0,0,0,0,0,0,0,0,0,0,0,0,0,0,0,0,0,20,15,19,15,20,17,19,20,19,22,18,26,17,26,18,29,18,31,17,33,15,36,16,41,17,42,14,47,12,48,12,51,14,55,9,57,8,60,4,60,2,65,2,67,-4,69,-8,72,-11,71,-14,71,-17,71,-21,72,-19,70,-23,73,-26,72,-26,71,-29,70,-28,70,-33,72,-32,69,-36,71,-33,70,-37,68,-38,69,-39,68,-35,70,-41,70,-43,71,-42,65,-42,66,-45,62,-46,68,-47,63,-49,62,-49,59,-49,58,-48,58,-52,56,-53,55,-50,52,-50,51,0,0]"
CSI_DATA,359,2a:00:00:00:00:00,-43,11,1,0,1,1,1,0,0,0,1,-96,0,11,2,4987080,0,44,0,384,0,"[0,0,0,0,0,0,0,0,0,0,0,0,10,-3,10,-3,9,-2,9,-2,9,-2,9,-2,8,-2,8,-2,7,-2,7,-2,7,-2,7,-2,6,-2,6,-2,5,-2,6,-2,5,-2,5,-1,4,-2,4,-2,4,-1,4,-2,4,-1,3,-2,3,-2,3,-2,0,0,3,-1,2,-2,2,-2,2,-2,1,-2,1,-2,1,-2,1,-3,1,-2,1,-2,1,-3,1,-3,1,-3,1,-3,1,-3,1,-3,1,-3,1,-3,1,-3,1,-2,2,-2,2,-3,2,-2,2,-2,2,-2,2,-2,0,0,0,0,0,0,0,0,0,0,0,0,0,0,-60,-25,-55,-23,-59,-28,-55,-26,-54,-19,-51,-22,-45,-24,-47,-25,-42,-23,-48,-20,-41,-14,-39,-18,-40,-17,-31,-17,-38,-19,-37,-16,-29,-19,-31,-10,-30,-17,-33,-10,-30,-12,-27,-9,-27,-12,-25,-9,-23,-10,-20,-7,-24,-7,-23,-9,-20,-7,-22,-4,-19,-4,-20,-6,-14,-4,-14,-1,-13,3,-12,2,-10,0,-11,4,-12,4,-9,7,-10,5,-15,3,-11,3,-14,5,-12,8,-16,8,-14,4,-11,6,-12,4,-13,7,-14,4,-16,3,-11,4,-19,4,-16,3,-15,5,-12,2,0,0,0,0,0,0,0,0,0,0,0,0,0,0,0,0,0,0,0,0,0,0,-26,-4,-27,-7,-26,-6,-31,-11,-28,-15,-32,-16,-33,-14,-33,-19,-35,-24,-32,-23,-32,-30,-35,-30,-38,-35,-36,-37,-38,-38,-36,-40,-40,-43,-33,-48,-39,-54,-35,-53,-34,-55,-32,-62,-33,-64,-26,-69,-23,-65,-28,-69,-21,-78,-21,-78,-19,-73,-12,-77,-13,-71,-11,-78,-14,-78,-10,-75,-11,-82,-6,-79,-5,-81,-1,-80,-1,-79,-1,-78,1,-85,-1,-78,4,-83,6,-82,4,-82,3,-82,4,-78,3,-78,10,-77,14,-74,11,-73,10,-77,13,-78,13,-72,19,-72,21,-76,19,-69,0,0]"
CSI_DATA,360,2a:00:00:00:00:00,-43,11,1,0,1,1,1,0,0,0,1,-96,0,11,2,4997196,0,44,0,384,0,"[0,0,0,0,0,0,0,0,0,0,0,0,-12,0,-11,0,-10,0,-10,0,-10,0,-10,-1,-9,-1,-9,-1,-9,-1,-8,0,-8,-1,-8,-1,-7,-1,-7,0,-7,0,-7,0,-6,0,-6,0,-6,0,-5,0,-5,0,-5,0,-5,-1,-4,0,-4,0,-4,0,0,0,-4,0,-3,0,-3,0,-3,0,-3,1,-3,1,-3,1,-3,1,-3,1,-3,1,-3,1,-3,1,-3,1,-3,2,-3,1,-3,1,-3,1,-3,1,-3,1,-3,1,-3,1,-3,1,-3,1,-3,1,-3,0,-3,0,0,0,0,0,0,0,0,0,0,0,0,0,0,0,-69,3,-65,0,-61,-1,-62,0,-61,-1,-55,-2,-56,-3,-52,-2,-53,0,-47,-5,-46,-5,-45,-4,-44,-5,-42,-4,-39,-6,-40,-4,-38,-3,-33,-3,-35,-1,-32,-1,-31,-1,-32,-3,-29,0,-26,-1,-25,-1,-23,1,-23,-1,-19,1,-22,1,-21,-1,-18,-2,-20,1,-16,3,-15,2,-14,4,-13,5,-11,6,-13,8,-12,11,-13,7,-11,9,-12,6,-14,11,-14,8,-12,11,-11,8,-13,8,-15,8,-11,10,-13,9,-14,8,-11,8,-15,8,-16,6,-17,5,-14,5,-13,3,0,0,0,0,0,0,0,0,0,0,0,0,0,0,0,0,0,0,0,0,0,0,-22,11,-24,8,-26,9,-28,4,-31,5,-30,1,-34,2,-35,1,-37,1,-40,0,-42,-4,-43,-5,-45,-7,-51,-11,-49,-12,-50,-15,-54,-20,-53,-20,-55,-22,-54,-26,-57,-30,-62,-36,-55,-39,-55,-43,-53,-48,-52,-49,-53,-55,-52,-57,-46,-56,-50,-57,-47,-60,-45,-61,-45,-62,-45,-66,-42,-67,-42,-67,-41,-67,-36,-69,-36,-70,-37,-74,-35,-72,-36,-74,-32,-72,-33,-76,-29,-74,-33,-74,-26,-75,-26,-75,-26,-77,-21,-76,-16,-74,-16,-77,-13,-78,-13,-74,-15,-76,-12,-71,-9,-70,0,0]"
CSI_DATA,361,2a:00:00:00:00:00,-43,11,1,0,1,1,1,0,0,0,1,-96,0,11,2,5017046,0,44,0,384,0,"[0,0,0,0,0,0,0,0,0,0,0,0,7,9,6,8,6,8,5,8,5,8,5,7,5,7,4,7,4,6,4,6,4,6,4,6,3,5,3,5,3,5,3,4,3,4,3,4,3,4,3,4,3,3,2,3,2,3,2,3,2,3,2,2,0,0,2,2,2,1,1,1,2,1,2,1,2,1,2,0,2,0,2,0,2,0,2,0,2,0,2,0,2,0,2,0,2,0,2,0,2,0,2,0,2,0,2,1,2,1,2,1,2,1,2,1,2,1,0,0,0,0,0,0,0,0,0,0,0,0,0,0,39,55,37,54,36,52,35,47,33,47,33,47,28,45,26,44,27,41,26,40,25,38,25,36,23,35,19,35,22,34,21,30,18,30,18,29,17,29,19,25,20,25,18,26,18,23,18,21,14,20,13,16,14,16,14,15,12,17,14,14,11,12,13,11,7,10,11,8,14,10,11,7,11,4,12,4,14,5,14,5,14,3,14,2,14,1,13,2,13,1,14,3,17,5,15,2,16,3,16,3,14,4,16,6,14,4,14,4,12,5,10,7,11,7,0,0,0,0,0,0,0,0,0,0,0,0,0,0,0,0,0,0,0,0,0,0,20,16,19,16,19,17,19,21,17,25,17,26,18,26,18,29,16,32,17,32,15,39,15,42,15,45,12,47,12,47,11,52,8,56,3,54,5,61,1,62,-2,64,-3,65,-6,68,-12,69,-13,69,-18,70,-22,69,-23,71,-28,70,-29,72,-30,68,-34,73,-33,71,-34,67,-35,72,-36,66,-36,68,-40,66,-42,67,-43,63,-43,65,-44,68,-47,66,-49,64,-47,62,-44,65,-47,64,-49,63,-50,60,-55,60,-57,56,-53,57,-53,54,-55,55,-59,49,-58,51,-59,51,0,0]"
CSI_DATA,362,2a:00:00:00:00:00,-43,11,1,0,1,1,1,0,0,0,1,-96,0,11,2,5026686,0,44,0,384,0,"[0,0,0,0,0,0,0,0,0,0,0,0,-11,-4,-10,-3,-9,-3,-9,-4,-9,-4,-8,-4,-8,-3,-8,-3,-7,-3,-7,-3,-7,-3,-7,-3,-6,-3,-6,-2,-6,-2,-6,-2,-6,-2,-6,-2,-5,-2,-5,-2,-5,-2,-4,-2,-5,-2,-4,-1,-4,-1,-4,-1,0,0,-4,-1,-3,-1,-3,0,-3,0,-3,0,-3,0,-3,0,-3,0,-3,0,-3,1,-3,0,-3,1,-3,1,-3,1,-3,1,-3,0,-3,1,-3,0,-3,0,-3,0,-3,0,-3,0,-3,0,-3,0,-3,0,-3,0,0,0,0,0,0,0,0,0,0,0,0,0,0,0,-62,-17,-62,-22,-61,-21,-59,-22,-56,-21,-54,-21,-53,-21,-49,-21,-45,-20,-44,-22,-43,-21,-38,-21,-42,-18,-38,-16,-39,-17,-35,-14,-32,-13,-33,-12,-31,-12,-32,-12,-31,-13,-30,-13,-27,-9,-25,-11,-24,-10,-24,-9,-22,-12,-21,-6,-20,-6,-23,-8,-20,-8,-18,-6,-15,-2,-16,0,-15,-1,-14,3,-13,1,-13,4,-13,5,-12,2,-14,1,-13,3,-14,5,-17,7,-14,8,-15,5,-14,6,-17,6,-14,5,-14,4,-17,2,-16,3,-18,0,-17,1,-16,1,-14,1,-15,-2,0,0,0,0,0,0,0,0,0,0,0,0,0,0,0,0,0,0,0,0,0,0,-26,1,-27,0,-26,-2,-29,-2,-28,-7,-30,-9,-31,-11,-33,-14,-35,-14,-38,-18,-37,-20,-39,-21,-41,-24,-41,-27,-40,-31,-40,-33,-41,-36,-43,-41,-39,-43,-40,-45,-39,-54,-40,-54,-36,-58,-38,-62,-31,-65,-32,-67,-30,-67,-26,-69,-28,-72,-26,-72,-22,-72,-18,-74,-16,-76,-13,-76,-13,-78,-12,-76,-10,-79,-10,-78,-9,-77,-11,-77,-5,-79,-9,-82,-6,-79,-4,-83,1,-80,-3,-80,3,-79,2,-80,7,-77,9,-78,7,-77,4,-77,13,-75,13,-76,11,-72,13,-73,16,-72,0,0]"
CSI_DATA,363,2a:00:00:00:00:00,-43,11,1,0,1,1,1,0,0,0,1,-96,0,11,2,5037624,0,44,0,384,0,"[0,0,0,0,0,0,0,0,0,0,0,0,-10,5,-10,4,-9,4,-9,4,-9,4,-9,3,-9,3,-8,3,-8,3,-7,2,-7,2,-7,2,-7,2,-6,2,-6,2,-6,2,-6,2,-5,2,-5,2,-5,2,-5,2,-4,2,-4,1,-4,1,-4,1,-4,1,0,0,-3,1,-3,1,-2,2,-2,1,-2,2,-2,2,-2,2,-2,2,-2,2,-2,2,-2,2,-2,2,-2,2,-2,2,-2,2,-2,2,-2,2,-2,2,-2,2,-2,2,-2,2,-2,2,-2,2,-2,2,-2,1,-2,1,0,0,0,0,0,0,0,0,0,0,0,0,0,0,-47,45,-48,41,-49,43,-44,39,-46,35,-46,36,-41,34,-43,33,-39,29,-42,28,-39,26,-38,24,-36,24,-31,22,-33,21,-33,21,-31,21,-27,21,-26,22,-28,16,-25,19,-26,14,-22,19,-22,19,-18,16,-19,16,-18,14,-16,16,-15,14,-14,11,-13,9,-12,11,-12,13,-9,13,-9,9,-7,14,-7,12,-4,13,-6,12,-5,9,-1,12,-2,13,-4,15,-5,14,-5,15,-1,13,-4,16,-4,15,-5,14,-6,13,-7,15,-6,14,-6,14,-8,11,-10,13,-8,13,-9,14,0,0,0,0,0,0,0,0,0,0,0,0,0,0,0,0,0,0,0,0,0,0,-8,22,-12,23,-14,19,-17,25,-17,24,-22,25,-23,25,-24,21,-29,25,-30,24,-34,25,-36,24,-39,26,-42,23,-45,22,-47,18,-55,20,-54,18,-58,18,-62,15,-65,13,-67,13,-66,7,-72,4,-71,0,-75,-1,-74,-5,-80,-10,-72,-9,-77,-12,-70,-17,-80,-19,-75,-18,-74,-20,-75,-24,-72,-23,-72,-27,-74,-30,-74,-29,-73,-29,-73,-33,-74,-31,-77,-36,-71,-32,-72,-38,-71,-39,-69,-41,-68,-41,-67,-43,-62,-42,-62,-46,-61,-48,-62,-49,-56,-47,-59,-49,-59,-52,-53,-46,0,0]"
CSI_DATA,364,2a:00:00:00:00:00,-43,11,1,0,1,1,1,0,0,0,1,-96,0,11,2,5046419,0,44,0,384,0,"[0,0,0,0,0,0,0,0,0,0,0,0,-10,3,-10,3,-10,3,-9,3,-9,3,-9,2,-8,2,-8,2,-8,2,-7,2,-7,2,-7,2,-6,2,-6,2,-6,2,-6,2,-6,2,-6,1,-5,2,-5,1,-5,1,-4,1,-4,1,-4,1,-4,1,-4,1,0,0,-3,1,-3,1,-2,1,-2,1,-2,2,-2,2,-2,2,-2,2,-2,2,-2,2,-2,2,-2,2,-2,2,-2,2,-2,2,-2,2,-2,2,-2,2,-2,2,-2,2,-2,2,-2,2,-2,2,-2,2,-2,1,-2,1,0,0,0,0,0,0,0,0,0,0,0,0,0,0,-64,21,-62,18,-61,19,-60,16,-59,17,-57,14,-56,12,-52,12,-47,13,-46,8,-44,7,-43,9,-45,7,-39,9,-38,9,-37,8,-36,11,-33,11,-33,10,-32,6,-34,7,-30,7,-27,11,-24,8,-25,9,-22,7,-23,6,-20,10,-19,9,-18,7,-18,6,-18,5,-14,9,-11,8,-11,7,-10,11,-10,9,-9,10,-9,13,-7,8,-9,11,-6,9,-5,13,-8,16,-11,14,-8,11,-7,15,-10,16,-11,15,-9,13,-10,12,-10,9,-11,12,-10,10,-11,12,-11,12,-11,8,0,0,0,0,0,0,0,0,0,0,0,0,0,0,0,0,0,0,0,0,0,0,-19,12,-24,13,-24,14,-27,10,-26,11,-32,9,-33,8,-35,7,-37,6,-39,4,-42,3,-43,3,-48,0,-50,-3,-52,-3,-51,-7,-55,-8,-56,-13,-61,-15,-61,-17,-60,-22,-61,-26,-61,-27,-64,-31,-65,-34,-62,-37,-61,-41,-61,-44,-57,-46,-63,-50,-58,-49,-59,-53,-57,-53,-56,-53,-56,-57,-54,-57,-55,-55,-52,-59,-52,-58,-53,-60,-51,-62,-49,-60,-48,-65,-50,-65,-47,-64,-48,-67,-43,-64,-43,-67,-40,-69,-38,-65,-37,-65,-35,-70,-33,-68,-32,-68,-34,-72,-33,-69,-27,-66,0,0]"
CSI_DATA,365,2a:00:00:00:00:00,-43,11,1,0,1,1,1,0,0,0,1,-96,0,11,2,5056392,0,44,0,384,0,"[0,0,0,0,0,0,0,0,0,0,0,0,5,9,5,8,5,9,4,8,4,8,4,7,4,7,3,7,3,6,3,6,3,6,3,5,3,6,3,5,2,5,3,5,2,4,2,4,2,4,2,4,2,4,2,4,2,3,2,3,1,3,2,2,0,0,2,2,1,2,1,1,2,1,1,1,2,1,2,1,2,1,2,0,2,0,2,0,2,0,2,0,2,0,2,0,2,0,2,1,2,1,2,1,2,1,2,1,2,1,2,1,2,1,2,1,1,1,0,0,0,0,0,0,0,0,0,0,0,0,0,0,42,52,38,49,39,49,38,43,33,43,33,46,31,42,32,47,27,41,30,40,26,36,26,36,27,34,21,34,21,33,20,32,20,31,18,29,19,29,21,24,21,22,20,22,18,23,16,21,13,18,16,21,17,15,11,16,11,13,14,14,14,11,13,10,10,10,12,10,13,6,9,5,12,5,12,4,11,1,12,1,15,3,15,2,12,3,13,0,13,2,16,3,18,1,15,4,16,2,16,3,13,2,18,3,13,3,12,3,14,6,13,6,14,8,0,0,0,0,0,0,0,0,0,0,0,0,0,0,0,0,0,0,0,0,0,0,18,12,20,16,20,16,20,21,19,20,20,25,19,25,19,29,19,29,17,35,17,40,14,42,15,43,14,44,13,45,12,49,11,55,7,55,7,60,8,59,2,64,2,64,-6,66,-7,69,-13,69,-16,70,-18,68,-19,74,-21,71,-23,75,-25,70,-30,72,-29,70,-30,71,-34,73,-31,70,-34,67,-37,69,-40,68,-40,68,-42,69,-38,69,-41,70,-44,67,-45,69,-44,68,-45,67,-45,65,-50,64,-52,58,-53,58,-50,59,-51,56,-51,53,-54,55,-54,55,-52,49,0,0]"
CSI_DATA,366,2a:00:00:00:00:00,-43,11,1,0,1,1,1,0,0,0,1,-96,0,11,2,5066392,0,44,0,384,0,"[0,0,0,0,0,0,0,0,0,0,0,0,8,-7,8,-7,8,-7,8,-6,7,-6,7,-5,7,-5,6,-5,6,-5,6,-5,6,-4,6,-4,5,-4,5,-4,5,-4,5,-4,4,-4,4,-3,4,-4,4,-4,3,-3,3,-3,3,-3,3,-3,2,-3,2,-3,0,0,2,-3,2,-3,2,-3,1,-2,1,-3,1,-3,1,-3,0,-3,0,-3,0,-3,0,-3,0,-3,0,-3,0,-3,0,-3,1,-3,1,-3,1,-3,1,-3,1,-3,1,-3,1,-3,1,-3,1,-3,1,-3,1,-2,0,0,0,0,0,0,0,0,0,0,0,0,0,0,53,-44,50,-39,49,-38,49,-36,53,-35,47,-30,46,-32,44,-29,43,-27,41,-22,39,-21,38,-19,36,-22,37,-23,36,-19,33,-21,30,-19,30,-20,27,-19,27,-19,26,-19,27,-14,23,-17,22,-17,22,-14,18,-13,19,-12,17,-14,15,-14,13,-11,13,-8,13,-11,11,-15,10,-13,8,-12,8,-13,9,-15,6,-13,6,-15,3,-12,5,-15,3,-14,4,-15,5,-17,5,-15,4,-17,4,-15,5,-17,4,-14,5,-16,2,-15,7,-14,8,-15,9,-12,8,-12,7,-13,10,-10,0,0,0,0,0,0,0,0,0,0,0,0,0,0,0,0,0,0,0,0,0,0,9,-22,12,-22,15,-25,16,-23,21,-22,23,-22,23,-22,26,-23,29,-25,33,-22,33,-22,38,-23,41,-22,43,-22,46,-19,50,-17,52,-16,56,-14,55,-15,60,-11,64,-4,66,-8,69,1,69,-1,72,4,73,5,69,10,71,13,75,14,73,15,72,22,69,22,72,24,70,26,74,30,68,32,70,30,69,34,69,34,69,36,66,38,73,37,69,38,72,41,62,43,66,45,63,46,63,48,62,47,60,52,59,48,58,51,53,52,54,52,54,53,51,52,48,53,0,0]"
CSI_DATA,367,2a:00:00:00:00:00,-43,11,1,0,1,1,1,0,0,0,1,-96,0,11,2,5076397,0,44,0,384,0,"[0,0,0,0,0,0,0,0,0,0,0,0,-11,-3,-11,-3,-10,-3,-10,-3,-9,-3,-9,-3,-9,-3,-8,-3,-8,-3,-7,-3,-7,-2,-7,-2,-7,-2,-6,-2,-6,-2,-6,-2,-6,-2,-6,-2,-5,-1,-5,-2,-5,-2,-5,-1,-5,-1,-4,-1,-4,-1,-4,-1,0,0,-4,-1,-3,0,-3,0,-3,0,-3,0,-2,0,-3,0,-2,0,-3,1,-3,1,-3,1,-3,1,-3,1,-3,1,-3,1,-3,1,-3,1,-3,1,-3,0,-3,0,-3,0,-3,0,-3,0,-3,0,-3,0,-3,0,0,0,0,0,0,0,0,0,0,0,0,0,0,0,-67,-9,-65,-8,-62,-10,-58,-9,-62,-10,-58,-11,-55,-10,-52,-10,-48,-11,-48,-11,-47,-8,-43,-8,-46,-10,-37,-9,-40,-9,-39,-10,-37,-9,-33,-9,-33,-8,-35,-9,-33,-7,-31,-5,-26,-2,-28,-4,-24,-6,-24,-4,-26,-4,-22,-3,-20,-3,-23,-4,-20,0,-21,-1,-17,0,-13,3,-15,2,-11,4,-11,4,-11,4,-13,6,-15,6,-15,6,-12,8,-13,9,-11,10,-13,9,-14,8,-15,8,-14,8,-14,7,-15,7,-16,5,-17,6,-15,7,-15,6,-13,4,-14,2,-15,4,0,0,0,0,0,0,0,0,0,0,0,0,0,0,0,0,0,0,0,0,0,0,-26,6,-26,3,-27,2,-32,0,-31,-2,-31,-2,-32,-3,-34,-5,-39,-10,-39,-8,-40,-11,-41,-16,-43,-16,-48,-20,-47,-20,-46,-27,-46,-30,-50,-31,-48,-33,-50,-39,-51,-40,-52,-46,-50,-50,-46,-54,-45,-57,-47,-61,-41,-66,-42,-64,-37,-67,-38,-69,-36,-68,-31,-70,-31,-69,-29,-73,-28,-73,-28,-74,-26,-73,-27,-75,-21,-76,-22,-77,-21,-79,-21,-77,-21,-76,-19,-81,-17,-75,-22,-80,-15,-80,-12,-80,-8,-81,-6,-79,-4,-75,-4,-77,-4,-80,-2,-76,2,-76,3,-75,6,-76,0,0]"
CSI_DATA,368,2a:00:00:00:00:00,-43,11,1,0,1,1,1,0,0,0,1,-96,0,11,2,5089721,0,44,0,384,0,"[0,0,0,0,0,0,0,0,0,0,0,0,7,-8,7,-8,7,-7,7,-7,6,-7,6,-6,6,-6,6,-6,6,-5,5,-6,5,-5,5,-5,4,-5,4,-5,4,-5,4,-5,4,-4,3,-4,3,-4,3,-4,3,-4,3,-4,3,-3,2,-4,2,-4,2,-3,0,0,1,-3,1,-3,1,-3,1,-2,0,-3,0,-3,0,-3,0,-3,0,-3,0,-3,0,-3,0,-3,0,-3,0,-3,0,-3,0,-3,0,-4,0,-3,0,-3,0,-3,0,-3,0,-3,0,-3,1,-3,0,-3,1,-3,0,0,0,0,0,0,0,0,0,0,0,0,0,0,54,-42,51,-36,51,-39,49,-34,47,-31,51,-29,43,-29,45,-30,41,-25,41,-25,40,-20,37,-20,36,-20,33,-21,33,-20,31,-20,34,-19,30,-20,31,-19,25,-16,28,-19,23,-17,23,-19,22,-14,22,-14,21,-16,19,-10,17,-16,15,-14,15,-13,14,-12,13,-14,10,-12,7,-13,5,-10,10,-14,8,-13,6,-14,5,-14,5,-14,2,-14,4,-15,3,-15,5,-16,3,-15,3,-15,5,-17,5,-16,6,-13,4,-13,5,-15,4,-15,7,-15,8,-14,8,-12,8,-13,10,-13,0,0,0,0,0,0,0,0,0,0,0,0,0,0,0,0,0,0,0,0,0,0,12,-23,14,-24,15,-23,18,-23,21,-21,22,-22,24,-21,28,-22,33,-22,31,-21,35,-21,39,-20,41,-19,46,-20,51,-21,49,-15,56,-13,53,-15,58,-11,62,-5,63,-7,69,0,62,1,68,1,70,8,71,9,74,14,78,18,70,18,74,21,68,23,73,28,68,29,72,31,72,33,71,35,67,33,67,35,70,36,74,39,72,42,65,36,70,44,65,43,64,44,64,47,63,48,60,48,61,52,57,49,57,52,59,51,55,55,45,51,53,52,52,56,47,54,0,0]"
CSI_DATA,369,2a:00:00:00:00:00,-43,11,1,0,1,1,1,0,0,0,1,-96,0,11,2,5116406,0,44,0,384,0,"[0,0,0,0,0,0,0,0,0,0,0,0,-7,8,-7,7,-6,7,-6,7,-6,6,-6,6,-6,5,-6,5,-6,5,-5,5,-5,5,-5,4,-5,4,-4,4,-4,4,-4,4,-4,3,-4,3,-3,4,-3,3,-3,3,-3,3,-3,2,-3,3,-3,3,-3,2,0,0,-2,2,-2,2,-1,2,-1,2,-1,2,-1,2,-1,2,-1,2,-1,2,0,2,0,2,-1,2,-1,2,0,2,-1,2,-1,2,-1,2,-1,2,-1,2,-1,2,-1,2,-1,2,-1,2,-1,2,-1,2,-2,2,0,0,0,0,0,0,0,0,0,0,0,0,0,0,-40,51,-43,54,-32,47,-41,46,-41,50,-35,38,-39,43,-36,38,-37,40,-31,32,-31,31,-30,31,-32,29,-29,33,-28,28,-27,28,-24,28,-24,27,-22,22,-23,25,-19,22,-20,24,-17,20,-18,22,-16,20,-15,20,-16,17,-15,20,-13,20,-12,14,-9,16,-8,14,-7,18,-6,14,-5,13,-5,13,-1,13,0,13,-3,15,1,12,2,14,0,14,0,17,-1,17,-1,14,1,15,0,14,0,18,0,15,0,14,0,16,-1,15,-4,15,-3,17,-3,15,-4,15,-5,12,0,0,0,0,0,0,0,0,0,0,0,0,0,0,0,0,0,0,0,0,0,0,-8,23,-10,21,-11,27,-14,22,-16,25,-17,24,-21,26,-23,27,-28,25,-31,29,-30,26,-31,28,-38,27,-40,27,-42,26,-49,26,-47,23,-57,24,-50,22,-58,22,-60,20,-64,18,-71,14,-69,14,-73,11,-74,9,-73,5,-71,2,-79,-2,-71,-3,-78,-7,-73,-8,-76,-11,-76,-12,-80,-12,-77,-16,-81,-16,-76,-16,-78,-12,-78,-19,-72,-19,-83,-24,-68,-24,-85,-26,-69,-22,-72,-27,-75,-29,-72,-29,-73,-35,-78,-38,-70,-31,-68,-36,-63,-36,-67,-41,-65,-40,-61,-35,-66,-41,0,0]"
CSI_DATA,370,2a:00:00:00:00:00,-43,11,1,0,1,1,1,0,0,0,1,-96,0,11,2,5136400,0,44,0,384,0,"[0,0,0,0,0,0,0,0,0,0,0,0,-2,-11,-2,-10,-2,-10,-1,-10,-1,-9,-1,-9,-1,-8,-1,-8,-1,-8,-1,-8,-1,-7,-1,-7,-1,-7,-1,-7,-1,-6,-1,-6,-1,-6,-1,-5,-1,-5,-1,-5,-1,-5,-1,-5,-1,-4,-1,-5,-1,-4,-1,-4,0,0,-1,-3,-1,-3,-1,-3,-2,-2,-1,-3,-2,-3,-2,-3,-2,-2,-2,-2,-2,-2,-2,-2,-2,-2,-2,-3,-2,-3,-2,-2,-3,-2,-2,-3,-2,-2,-2,-3,-2,-3,-2,-3,-2,-3,-2,-3,-2,-3,-2,-3,-1,-3,0,0,0,0,0,0,0,0,0,0,0,0,0,0,-20,-64,-16,-68,-17,-61,-18,-57,-15,-54,-11,-53,-13,-56,-11,-54,-9,-50,-8,-48,-10,-43,-8,-43,-9,-42,-6,-41,-5,-40,-5,-35,-6,-37,-7,-35,-7,-34,-7,-32,-7,-30,-8,-30,-8,-27,-6,-27,-5,-25,-10,-26,-7,-24,-7,-24,-6,-23,-8,-19,-9,-15,-8,-16,-5,-16,-8,-14,-10,-10,-8,-14,-9,-11,-7,-11,-11,-13,-14,-9,-13,-9,-12,-6,-14,-10,-13,-10,-12,-10,-13,-10,-14,-9,-13,-9,-12,-10,-14,-10,-11,-9,-13,-11,-10,-10,-10,-13,-10,-13,-8,-13,-9,-13,0,0,0,0,0,0,0,0,0,0,0,0,0,0,0,0,0,0,0,0,0,0,-17,-20,-14,-21,-16,-21,-15,-25,-13,-29,-13,-29,-13,-28,-13,-34,-11,-37,-10,-37,-6,-42,-7,-46,-3,-47,-3,-44,1,-48,0,-53,4,-57,7,-57,9,-60,11,-61,18,-62,17,-63,24,-68,30,-65,33,-66,35,-63,39,-62,40,-62,43,-63,42,-64,46,-61,49,-60,50,-59,50,-56,54,-59,52,-54,57,-57,59,-56,59,-53,56,-51,59,-50,62,-53,58,-50,65,-51,63,-46,63,-47,63,-42,66,-44,66,-39,69,-40,69,-36,68,-33,65,-31,68,-32,70,-31,67,-29,71,-27,0,0]"
CSI_DATA,371,2a:00:00:00:00:00,-43,11,1,0,1,1,1,0,0,0,1,-96,0,11,2,5146369,0,44,0,384,0,"[0,0,0,0,0,0,0,0,0,0,0,0,-11,-5,-11,-5,-10,-5,-9,-5,-9,-5,-9,-4,-9,-4,-8,-4,-8,-4,-8,-4,-7,-4,-7,-3,-7,-3,-6,-3,-6,-3,-6,-3,-6,-2,-6,-2,-5,-2,-5,-2,-5,-2,-5,-2,-5,-2,-4,-2,-4,-2,-4,-2,0,0,-4,-1,-3,-1,-3,-1,-4,-1,-3,0,-3,0,-3,0,-3,1,-3,0,-3,0,-3,0,-3,1,-3,1,-3,1,-3,1,-3,1,-3,1,-3,0,-3,0,-3,0,-3,0,-3,0,-3,0,-3,0,-3,0,-3,-1,0,0,0,0,0,0,0,0,0,0,0,0,0,0,36,54,31,58,34,53,28,52,32,48,22,50,27,51,21,51,23,47,25,41,20,37,20,36,26,35,14,33,14,36,18,31,17,38,13,28,15,28,20,26,16,27,17,22,14,21,15,23,11,19,12,18,13,18,12,15,9,15,15,14,9,12,11,9,12,8,11,9,18,4,7,9,9,6,9,2,13,5,14,1,16,1,11,2,11,2,12,2,11,-2,17,1,17,0,13,4,15,-1,9,4,14,0,14,2,12,2,10,3,9,6,12,5,8,9,0,0,0,0,0,0,0,0,0,0,0,0,0,0,0,0,0,0,0,0,0,0,14,19,13,21,10,25,10,29,14,30,10,27,10,31,7,35,10,39,8,42,7,41,4,46,2,47,-3,49,-2,50,-2,56,-3,57,-7,58,-8,58,-10,62,-16,64,-13,66,-22,72,-30,68,-32,66,-30,67,-34,66,-33,69,-37,67,-38,64,-41,63,-41,61,-43,61,-39,65,-47,63,-46,60,-48,62,-53,60,-55,57,-52,58,-53,56,-53,66,-53,55,-60,61,-53,55,-49,60,-53,56,-54,58,-56,53,-66,55,-61,44,-61,45,-57,44,-62,48,-62,47,-59,48,-60,41,0,0]"
CSI_DATA,372,2a:00:00:00:00:00,-43,11,1,0,1,1,1,0,0,0,1,-96,0,11,2,5157217,0,44,0,384,0,"[0,0,0,0,0,0,0,0,0,0,0,0,-8,-8,-8,-8,-7,-8,-7,-8,-7,-8,-7,-7,-6,-7,-6,-7,-6,-6,-5,-6,-5,-6,-5,-6,-5,-6,-5,-5,-4,-5,-5,-5,-5,-5,-4,-4,-4,-4,-4,-4,-4,-4,-4,-4,-4,-4,-3,-3,-3,-3,-3,-3,0,0,-3,-3,-3,-2,-3,-2,-3,-2,-3,-1,-3,-1,-3,-1,-3,-1,-3,-1,-3,-1,-3,-1,-3,-1,-3,-1,-3,-1,-3,-1,-4,-1,-3,-1,-3,-1,-3,-1,-3,-1,-3,-1,-3,-1,-3,-1,-3,-2,-3,-2,-3,-2,0,0,0,0,0,0,0,0,0,0,0,0,0,0,8,67,11,65,5,65,7,57,3,59,5,51,5,56,0,53,2,49,0,44,4,45,0,40,6,39,0,41,3,38,1,34,0,38,-1,33,1,34,4,27,5,28,-1,26,3,30,4,26,4,25,2,23,3,23,4,21,-1,19,4,17,4,15,8,12,1,19,4,13,7,11,1,14,4,10,6,10,6,8,8,8,12,7,9,7,7,9,3,10,10,6,10,7,10,9,8,7,8,5,11,11,10,10,8,7,7,9,9,9,7,13,9,11,8,13,0,0,0,0,0,0,0,0,0,0,0,0,0,0,0,0,0,0,0,0,0,0,12,23,9,23,10,26,9,30,3,30,6,33,4,32,0,36,4,39,-2,42,-2,40,-3,45,-4,47,-6,48,-8,50,-14,53,-15,57,-23,58,-17,57,-22,60,-30,60,-28,61,-36,60,-40,60,-44,59,-45,64,-48,56,-51,54,-53,54,-55,57,-54,47,-57,55,-61,48,-64,51,-62,49,-60,46,-62,47,-66,45,-67,41,-69,40,-68,41,-69,42,-70,37,-74,36,-64,32,-73,42,-68,39,-73,36,-72,35,-79,29,-74,26,-73,25,-76,17,-72,19,-75,20,-72,20,-78,17,0,0]"
CSI_DATA,373,2a:00:00:00:00:00,-43,11,1,0,1,1,1,0,0,0,1,-96,0,11,2,5166412,0,44,0,384,0,"[0,0,0,0,0,0,0,0,0,0,0,0,8,-8,8,-7,7,-7,8,-7,7,-7,7,-6,7,-6,7,-5,6,-5,6,-5,6,-5,6,-5,5,-5,5,-4,4,-4,5,-4,4,-4,4,-4,4,-4,3,-4,3,-4,3,-4,3,-3,3,-4,2,-3,2,-3,0,0,2,-3,1,-3,1,-3,1,-2,1,-3,1,-3,1,-3,0,-3,0,-3,0,-3,0,-3,0,-3,0,-3,0,-3,0,-3,0,-3,0,-3,0,-3,0,-3,0,-3,0,-3,1,-3,1,-3,1,-3,1,-3,1,-3,0,0,0,0,0,0,0,0,0,0,0,0,0,0,49,-48,49,-47,45,-42,43,-43,45,-41,42,-35,40,-38,38,-33,38,-32,38,-27,34,-26,36,-27,32,-29,35,-27,30,-20,32,-23,29,-22,26,-23,24,-24,25,-23,20,-22,22,-18,22,-21,19,-19,19,-18,15,-17,18,-14,16,-17,15,-15,13,-13,11,-13,10,-12,11,-15,9,-15,5,-11,7,-16,5,-17,6,-15,1,-16,2,-14,1,-16,3,-14,0,-16,2,-15,0,-16,0,-18,0,-14,3,-17,1,-15,3,-17,4,-15,4,-17,5,-17,7,-15,9,-14,5,-15,8,-11,0,0,0,0,0,0,0,0,0,0,0,0,0,0,0,0,0,0,0,0,0,0,8,-24,11,-24,13,-22,14,-25,18,-26,20,-23,22,-25,27,-24,28,-27,32,-27,32,-24,37,-23,42,-24,42,-24,47,-24,49,-22,50,-24,57,-19,56,-17,59,-17,64,-12,66,-11,70,-3,71,-3,71,2,72,1,71,9,73,7,77,10,76,12,78,14,71,17,75,18,73,18,77,23,73,22,75,25,74,26,73,30,72,29,71,30,76,29,73,33,75,35,68,35,72,36,68,41,68,39,67,40,65,44,62,42,61,44,57,47,57,48,60,47,56,46,57,48,0,0]"
CSI_DATA,374,2a:00:00:00:00:00,-43,11,1,0,1,1,1,0,0,0,1,-96,0,11,2,5176772,0,44,0,384,0,"[0,0,0,0,0,0,0,0,0,0,0,0,7,-8,7,-8,6,-7,7,-7,6,-7,6,-6,6,-6,5,-6,5,-5,5,-6,5,-5,4,-5,4,-5,4,-5,4,-5,4,-4,4,-4,3,-4,3,-4,3,-4,3,-4,3,-4,3,-3,2,-4,2,-3,2,-3,0,0,1,-3,1,-3,1,-3,1,-3,1,-3,0,-3,0,-3,0,-3,0,-3,0,-3,0,-3,0,-3,0,-3,0,-3,0,-3,0,-3,0,-3,0,-3,0,-3,0,-3,0,-3,0,-3,0,-3,1,-3,0,-3,1,-3,0,0,0,0,0,0,0,0,0,0,0,0,0,0,-61,-20,-65,-9,-60,-15,-58,-15,-59,-13,-57,-13,-56,-8,-48,-13,-43,-10,-43,-18,-44,-15,-43,-10,-44,-14,-40,-10,-38,-14,-37,-7,-34,-7,-35,-8,-29,-6,-33,-12,-27,-10,-29,-10,-24,-4,-25,-6,-21,-5,-24,-1,-25,-9,-22,-3,-19,-4,-18,-4,-20,-7,-16,-5,-16,-3,-14,-2,-16,-3,-12,1,-13,5,-12,5,-12,6,-11,4,-8,7,-10,7,-11,7,-13,5,-13,7,-13,8,-10,4,-13,8,-10,3,-15,8,-11,4,-12,3,-14,5,-17,-1,-15,5,-10,4,-13,2,0,0,0,0,0,0,0,0,0,0,0,0,0,0,0,0,0,0,0,0,0,0,-28,6,-27,6,-31,2,-30,3,-37,3,-30,-2,-33,-2,-37,-3,-39,-8,-38,-6,-43,-8,-43,-12,-46,-12,-51,-14,-53,-19,-52,-22,-52,-27,-53,-30,-51,-30,-51,-37,-49,-39,-54,-43,-48,-45,-51,-51,-50,-55,-51,-55,-46,-59,-44,-63,-45,-67,-42,-63,-38,-69,-31,-65,-34,-68,-31,-71,-31,-75,-30,-76,-28,-76,-29,-75,-26,-71,-27,-80,-23,-78,-24,-79,-21,-76,-15,-82,-17,-75,-19,-81,-15,-80,-8,-78,-10,-81,-7,-80,-6,-77,-5,-78,-4,-81,-2,-74,-1,-72,-5,-74,4,-76,0,0]"
CSI_DATA,375,2a:00:00:00:00:00,-43,11,1,0,1,1,1,0,0,0,1,-96,0,11,2,5187335,0,44,0,384,0,"[0,0,0,0,0,0,0,0,0,0,0,0,-11,4,-10,3,-10,3,-9,3,-9,2,-9,2,-9,2,-8,2,-8,2,-8,2,-8,2,-8,2,-7,2,-6,2,-6,1,-7,2,-6,1,-6,1,-5,1,-5,1,-5,1,-5,1,-5,1,-4,1,-4,1,-4,1,0,0,-3,1,-3,1,-3,1,-3,1,-2,1,-2,1,-2,1,-2,2,-2,1,-2,2,-2,2,-2,2,-2,2,-2,2,-2,2,-2,2,-2,2,-2,2,-2,2,-2,2,-2,1,-2,2,-3,1,-3,1,-3,1,-3,1,0,0,0,0,0,0,0,0,0,0,0,0,0,0,63,20,60,25,59,22,57,21,55,23,57,17,49,20,44,21,44,22,43,18,42,18,41,18,42,17,36,17,35,16,33,18,32,18,26,11,24,14,31,10,29,10,33,10,21,10,21,10,20,11,21,11,21,4,16,8,17,8,20,5,19,7,19,4,15,5,9,4,18,2,11,1,8,-3,11,3,11,-3,10,0,14,-4,13,-2,9,-4,15,-3,12,-1,12,-5,16,0,10,-3,13,-4,16,-2,12,-2,14,-1,10,-4,12,0,15,2,16,3,12,2,0,0,0,0,0,0,0,0,0,0,0,0,0,0,0,0,0,0,0,0,0,0,24,-7,27,-3,29,1,31,0,31,2,31,7,33,8,35,9,38,10,38,11,35,17,39,23,42,21,42,25,41,25,42,31,45,36,45,34,46,39,46,42,44,50,45,50,42,57,40,58,38,64,34,64,36,69,32,70,30,70,29,69,24,74,22,72,23,71,17,71,19,77,18,77,13,79,15,78,10,75,9,74,7,78,12,79,8,80,9,80,3,80,10,84,1,82,3,79,-4,74,-11,79,-8,74,-8,77,-12,77,-10,77,-16,72,-16,74,-20,71,0,0]"
CSI_DATA,376,2a:00:00:00:00:00,-43,11,1,0,1,1,1,0,0,0,1,-96,0,11,2,5206413,0,44,0,384,0,"[0,0,0,0,0,0,0,0,0,0,0,0,-7,-9,-7,-9,-6,-9,-6,-9,-5,-8,-5,-8,-5,-8,-5,-7,-5,-7,-4,-7,-5,-7,-5,-6,-4,-6,-4,-6,-4,-6,-4,-5,-4,-5,-4,-5,-4,-5,-4,-5,-3,-4,-3,-4,-3,-4,-3,-4,-3,-3,-3,-3,0,0,-3,-3,-2,-3,-2,-2,-3,-2,-2,-2,-3,-2,-3,-1,-3,-1,-3,-1,-3,-1,-3,-1,-3,-1,-3,-1,-3,-1,-3,-1,-3,-1,-3,-1,-3,-1,-3,-1,-3,-1,-3,-1,-3,-1,-3,-1,-3,-1,-3,-2,-3,-2,0,0,0,0,0,0,0,0,0,0,0,0,0,0,-16,-65,-16,-67,-15,-60,-17,-57,-19,-59,-14,-55,-12,-53,-8,-53,-9,-50,-10,-47,-13,-44,-13,-43,-15,-42,-8,-39,-9,-38,-10,-38,-10,-36,-8,-33,-7,-33,-9,-31,-11,-30,-12,-31,-9,-28,-11,-24,-7,-22,-8,-25,-11,-22,-6,-22,-6,-18,-9,-18,-8,-17,-8,-18,-8,-13,-7,-12,-12,-13,-7,-9,-12,-8,-12,-8,-14,-8,-14,-6,-16,-9,-15,-7,-12,-6,-16,-6,-13,-7,-16,-8,-15,-8,-15,-9,-13,-10,-14,-8,-16,-9,-15,-8,-10,-7,-15,-10,-12,-9,-11,-10,-11,-13,0,0,0,0,0,0,0,0,0,0,0,0,0,0,0,0,0,0,0,0,0,0,-11,-21,-9,-24,-10,-25,-9,-27,-7,-31,-6,-31,-5,-35,-4,-36,-5,-38,-1,-38,2,-41,3,-45,4,-48,6,-48,9,-50,14,-52,13,-54,18,-55,17,-58,20,-61,26,-59,30,-61,36,-61,37,-57,41,-60,43,-60,45,-59,50,-56,50,-57,55,-55,53,-53,54,-53,57,-52,58,-54,59,-54,58,-50,61,-49,66,-49,62,-47,64,-46,64,-45,65,-47,67,-45,69,-43,67,-42,66,-45,67,-41,67,-38,69,-36,74,-35,70,-33,71,-34,67,-30,69,-30,70,-29,69,-28,68,-25,0,0]"
CSI_DATA,377,2a:00:00:00:00:00,-43,11,1,0,1,1,1,0,0,0,1,-96,0,11,2,5237369,0,44,0,384,0,"[0,0,0,0,0,0,0,0,0,0,0,0,5,-10,5,-10,5,-9,5,-9,5,-8,5,-8,5,-7,5,-7,5,-7,4,-7,4,-6,4,-6,3,-6,3,-6,3,-5,3,-5,3,-5,3,-5,2,-5,2,-5,2,-5,2,-4,2,-4,1,-4,1,-4,1,-3,0,0,1,-3,1,-3,0,-3,0,-3,0,-3,0,-3,0,-3,0,-3,-1,-3,-1,-3,-1,-3,-1,-3,-1,-3,-1,-4,-1,-3,-1,-3,-1,-4,0,-3,0,-3,0,-3,0,-3,0,-3,0,-3,0,-3,0,-3,0,-3,0,0,0,0,0,0,0,0,0,0,0,0,0,0,27,-58,34,-56,29,-54,30,-52,31,-51,30,-46,32,-50,26,-46,29,-43,27,-38,25,-38,25,-36,23,-36,23,-35,23,-31,20,-32,21,-34,20,-29,16,-31,18,-29,14,-26,16,-26,14,-26,14,-24,15,-23,13,-22,13,-20,11,-21,10,-18,9,-17,9,-17,6,-17,7,-18,3,-15,4,-13,3,-16,1,-15,2,-15,-3,-15,-2,-13,-2,-16,-3,-16,-3,-15,-1,-16,-2,-18,-4,-15,-5,-15,0,-18,-2,-15,-2,-16,-3,-17,-1,-18,-1,-16,0,-17,4,-18,4,-16,3,-13,0,0,0,0,0,0,0,0,0,0,0,0,0,0,0,0,0,0,0,0,0,0,1,-25,3,-25,4,-28,6,-28,10,-31,11,-30,13,-33,16,-31,15,-33,20,-35,25,-33,26,-37,28,-37,31,-36,34,-36,39,-38,43,-39,45,-36,47,-36,50,-34,55,-34,58,-33,63,-29,67,-27,69,-23,69,-23,69,-19,68,-16,75,-16,74,-13,76,-8,75,-8,76,-7,74,-6,81,-5,77,-3,79,-2,80,1,77,3,79,5,77,7,82,8,77,8,81,10,75,12,80,14,76,13,80,15,78,16,78,19,75,22,70,23,71,24,72,26,71,28,68,27,68,28,0,0]"
CSI_DATA,378,2a:00:00:00:00:00,-43,11,1,0,1,1,1,0,0,0,1,-96,0,11,2,5247653,0,44,0,384,0,"[0,0,0,0,0,0,0,0,0,0,0,0,10,-1,10,-1,9,-1,9,0,8,0,8,0,8,-1,7,-1,7,-1,6,-1,7,-1,6,-1,6,-1,5,-1,5,-1,5,-1,5,-1,5,-1,4,-1,4,-1,4,-1,4,-1,4,-1,3,-1,3,-1,3,-1,0,0,3,-1,2,-1,2,-1,2,-1,2,-2,1,-2,1,-2,1,-2,1,-2,1,-2,1,-2,1,-2,1,-2,1,-3,1,-2,1,-2,1,-2,1,-2,1,-2,1,-2,2,-2,2,-2,2,-2,2,-2,2,-2,2,-2,0,0,0,0,0,0,0,0,0,0,0,0,0,0,63,6,62,10,62,8,61,8,59,9,58,11,53,9,52,10,46,9,46,9,45,8,45,7,43,6,39,7,37,9,38,6,36,4,34,5,32,4,33,7,33,3,30,4,28,3,26,1,26,3,22,1,23,3,22,2,20,1,20,-1,18,3,18,-2,16,-2,15,-2,13,-2,11,-6,15,-5,11,-7,12,-9,12,-8,14,-5,13,-7,12,-12,15,-10,11,-10,12,-10,13,-9,13,-11,11,-8,12,-8,11,-8,14,-8,15,-8,14,-6,15,-5,13,-4,13,-2,0,0,0,0,0,0,0,0,0,0,0,0,0,0,0,0,0,0,0,0,0,0,22,-6,24,-3,26,-5,27,-2,29,0,31,4,32,8,33,7,37,7,35,8,37,16,41,17,41,16,44,20,44,23,43,28,46,30,47,34,49,35,46,41,47,41,49,46,44,50,46,54,43,58,42,60,40,62,36,64,35,65,36,67,32,67,30,69,28,71,28,71,27,73,26,73,25,71,21,74,23,75,24,75,18,75,19,74,18,78,18,80,15,77,12,76,10,78,12,80,8,78,8,78,5,74,2,78,2,77,2,72,-1,74,-1,71,-2,71,0,0]"
CSI_DATA,379,2a:00:00:00:00:00,-43,11,1,0,1,1,1,0,0,0,1,-96,0,11,2,5256392,0,44,0,384,0,"[0,0,0,0,0,0,0,0,0,0,0,0,6,8,6,7,5,7,5,7,5,7,4,6,4,6,4,6,4,6,3,6,4,5,4,5,3,5,3,5,3,4,3,4,3,4,3,3,3,4,2,3,2,3,2,3,2,3,2,2,2,2,2,2,0,0,2,2,1,1,2,1,2,1,1,1,2,0,2,0,2,0,2,0,2,0,2,0,2,0,2,0,2,0,2,0,2,0,2,0,2,0,2,0,2,0,2,1,2,1,2,1,2,1,2,1,2,1,0,0,0,0,0,0,0,0,0,0,0,0,0,0,42,53,35,51,39,48,36,46,35,47,33,48,28,46,28,44,27,42,27,39,27,35,24,35,24,35,21,34,20,31,19,32,20,31,18,30,18,29,18,27,20,26,17,24,17,25,17,24,14,18,13,19,15,18,12,16,12,15,16,15,10,14,14,12,10,9,11,8,12,5,9,6,10,3,12,4,13,3,15,5,15,3,15,2,14,1,14,3,17,1,15,5,17,3,15,4,15,4,17,6,14,4,14,5,15,3,14,5,13,6,14,7,12,7,0,0,0,0,0,0,0,0,0,0,0,0,0,0,0,0,0,0,0,0,0,0,20,13,20,15,21,17,20,21,19,22,20,25,22,24,21,30,20,31,18,33,19,37,19,36,19,43,17,46,15,51,11,51,14,55,10,56,10,60,5,62,4,63,-1,66,-4,66,-5,68,-10,70,-12,72,-16,73,-17,75,-22,71,-25,75,-24,68,-28,70,-29,71,-30,70,-31,70,-36,71,-35,69,-33,68,-38,67,-38,69,-39,70,-41,67,-44,67,-44,67,-42,66,-43,62,-46,64,-48,66,-49,63,-51,59,-51,57,-55,59,-55,59,-51,52,-56,52,-55,52,-53,47,0,0]"
CSI_DATA,380,2a:00:00:00:00:00,-43,11,1,0,1,1,1,0,0,0,1,-96,0,11,2,5276403,0,44,0,384,0,"[0,0,0,0,0,0,0,0,0,0,0,0,-11,1,-11,1,-10,1,-10,1,-10,1,-10,0,-9,0,-9,0,-9,0,-8,0,-8,0,-8,0,-7,0,-7,0,-6,0,-7,0,-6,0,-6,0,-5,0,-5,0,-5,0,-5,0,-5,0,-4,0,-4,0,-4,0,0,0,-4,0,-3,0,-3,1,-3,1,-2,1,-2,1,-2,1,-2,1,-3,1,-2,1,-2,1,-2,1,-2,2,-3,2,-3,1,-3,1,-3,2,-3,1,-3,1,-3,1,-3,1,-3,1,-3,1,-3,1,-3,1,-3,0,0,0,0,0,0,0,0,0,0,0,0,0,0,0,-66,9,-63,6,-65,7,-63,3,-61,4,-60,1,-53,2,-54,0,-50,1,-50,0,-50,1,-46,3,-47,-2,-39,1,-40,-4,-38,-1,-37,1,-34,2,-34,0,-30,0,-34,0,-29,-1,-28,4,-29,0,-26,4,-26,5,-23,2,-22,3,-21,4,-22,1,-21,2,-17,3,-16,4,-17,4,-13,3,-13,7,-10,7,-11,12,-10,9,-11,8,-10,8,-11,8,-13,10,-12,10,-14,11,-13,11,-13,10,-14,11,-13,9,-11,10,-12,7,-12,9,-14,9,-13,8,-15,7,-15,4,-15,5,0,0,0,0,0,0,0,0,0,0,0,0,0,0,0,0,0,0,0,0,0,0,-23,11,-25,10,-24,8,-30,8,-30,8,-31,7,-34,5,-35,5,-39,4,-37,0,-40,-3,-45,-3,-47,-3,-50,-11,-53,-8,-50,-14,-55,-16,-52,-22,-57,-21,-57,-24,-62,-24,-61,-32,-58,-35,-58,-40,-55,-45,-59,-45,-52,-49,-56,-53,-50,-55,-53,-59,-49,-58,-49,-63,-51,-59,-48,-62,-49,-63,-45,-64,-44,-63,-42,-70,-41,-69,-41,-69,-40,-72,-38,-68,-38,-74,-37,-71,-34,-75,-35,-72,-33,-73,-33,-73,-29,-76,-27,-71,-21,-74,-22,-78,-20,-77,-17,-70,-16,-74,-18,-74,-14,-68,0,0]"
CSI_DATA,381,2a:00:00:00:00:00,-43,11,1,0,1,1,1,0,0,0,1,-96,0,11,2,5286386,0,44,0,384,0,"[0,0,0,0,0,0,0,0,0,0,0,0,6,8,5,8,5,7,5,7,4,7,4,6,4,6,4,6,4,5,4,5,3,5,3,5,3,5,3,4,3,4,3,4,3,4,3,3,3,3,3,3,2,3,2,3,2,2,2,2,2,2,2,2,0,0,2,1,2,1,1,1,2,0,1,1,2,1,2,0,2,0,2,0,2,0,2,0,2,0,2,0,2,0,2,0,2,0,2,0,2,0,2,0,2,0,2,0,2,0,2,0,2,0,2,1,2,1,0,0,0,0,0,0,0,0,0,0,0,0,0,0,44,52,39,48,41,50,37,46,35,44,36,45,30,44,33,45,26,39,29,38,27,37,27,33,26,34,23,30,23,32,25,29,21,31,20,30,19,28,22,22,20,25,18,19,19,19,18,22,14,18,15,19,15,15,14,18,12,15,15,11,14,10,14,12,10,10,12,7,14,4,12,7,11,5,13,7,11,2,16,3,12,0,14,0,14,2,14,3,15,-2,15,0,15,1,15,2,15,1,15,2,14,3,16,1,12,3,13,5,11,7,14,5,11,8,0,0,0,0,0,0,0,0,0,0,0,0,0,0,0,0,0,0,0,0,0,0,22,14,21,14,20,17,22,20,19,22,21,25,20,24,21,28,20,32,20,30,19,36,20,39,20,44,18,45,17,50,12,46,12,56,11,55,11,58,9,59,6,60,3,68,-2,62,-3,70,-8,68,-10,71,-14,74,-17,77,-18,71,-22,76,-21,69,-26,75,-24,72,-28,73,-29,71,-30,70,-29,66,-33,69,-37,71,-37,71,-41,72,-34,67,-41,70,-39,70,-43,69,-43,70,-43,67,-43,65,-47,65,-47,58,-51,57,-48,58,-53,61,-49,52,-54,54,-52,56,-53,52,0,0]"
CSI_DATA,382,2a:00:00:00:00:00,-43,11,1,0,1,1,1,0,0,0,1,-96,0,11,2,5299485,0,44,0,384,0,"[0,0,0,0,0,0,0,0,0,0,0,0,6,-9,6,-9,5,-9,5,-9,5,-8,5,-8,5,-7,4,-7,4,-7,4,-6,4,-6,4,-6,3,-6,3,-6,3,-5,3,-5,3,-5,3,-5,2,-5,2,-5,2,-5,2,-5,2,-4,2,-4,2,-4,2,-4,0,0,1,-3,1,-3,0,-3,0,-3,0,-3,0,-3,0,-3,-1,-3,-1,-3,-1,-3,-1,-3,-1,-3,-1,-3,-1,-3,-1,-3,-1,-3,-1,-4,0,-3,-1,-3,-1,-3,0,-3,0,-3,0,-3,0,-3,0,-3,0,-3,0,0,0,0,0,0,0,0,0,0,0,0,0,0,-66,5,-65,6,-60,7,-60,2,-64,4,-61,3,-57,6,-51,-1,-47,4,-51,2,-46,-2,-45,-1,-46,-4,-40,-2,-37,2,-36,3,-35,2,-34,0,-31,-3,-35,0,-34,-2,-31,-1,-26,3,-23,4,-24,-2,-27,2,-21,-1,-20,5,-20,4,-20,2,-23,2,-19,0,-11,4,-11,3,-15,3,-14,4,-9,9,-10,8,-13,9,-6,7,-9,6,-10,7,-9,10,-9,11,-9,10,-9,8,-9,7,-10,11,-11,12,-11,6,-13,9,-11,4,-11,5,-10,8,-12,5,-13,5,-10,4,0,0,0,0,0,0,0,0,0,0,0,0,0,0,0,0,0,0,0,0,0,0,-22,14,-26,12,-27,8,-31,11,-35,7,-34,6,-34,4,-38,1,-41,-1,-42,-1,-46,4,-44,-1,-50,-6,-51,-4,-53,-8,-53,-13,-59,-14,-57,-21,-61,-17,-61,-30,-60,-30,-62,-37,-61,-38,-64,-39,-59,-41,-66,-47,-60,-51,-58,-52,-55,-54,-54,-56,-55,-61,-50,-59,-45,-61,-47,-63,-48,-67,-46,-64,-44,-70,-48,-70,-46,-67,-48,-73,-46,-71,-41,-70,-41,-70,-40,-79,-39,-73,-34,-73,-30,-73,-30,-82,-25,-79,-25,-79,-27,-76,-30,-75,-19,-78,-19,-72,-20,-73,-16,-74,-20,-77,0,0]"
CSI_DATA,383,2a:00:00:00:00:00,-43,11,1,0,1,1,1,0,0,0,1,-96,0,11,2,5306417,0,44,0,384,0,"[0,0,0,0,0,0,0,0,0,0,0,0,-11,0,-11,0,-10,0,-10,0,-9,0,-9,0,-9,0,-8,0,-8,0,-7,0,-8,0,-7,0,-7,0,-6,0,-6,0,-6,0,-6,0,-6,0,-5,0,-5,0,-5,0,-5,0,-5,0,-4,0,-4,0,-4,0,0,0,-4,0,-3,0,-3,0,-3,0,-2,1,-2,1,-2,1,-2,1,-2,1,-2,1,-2,1,-2,1,-2,1,-2,2,-2,1,-2,1,-2,2,-2,1,-3,1,-3,1,-3,1,-3,1,-3,1,-3,1,-3,0,-3,0,0,0,0,0,0,0,0,0,0,0,0,0,0,0,-68,-1,-65,-5,-66,-5,-63,-4,-60,-5,-60,-7,-52,-6,-54,-8,-50,-6,-50,-6,-47,-4,-47,-6,-45,-6,-39,-4,-38,-9,-40,-4,-35,-4,-34,-3,-35,-3,-33,-4,-33,-3,-33,-4,-28,0,-26,-2,-27,-1,-26,-1,-23,-3,-22,0,-21,-2,-21,-1,-20,-2,-18,-1,-14,1,-15,4,-12,1,-14,6,-13,7,-12,8,-11,10,-12,6,-10,7,-12,7,-13,8,-13,10,-14,10,-14,9,-13,8,-13,10,-12,9,-14,6,-14,8,-14,5,-11,7,-14,6,-17,6,-15,4,-13,1,0,0,0,0,0,0,0,0,0,0,0,0,0,0,0,0,0,0,0,0,0,0,-25,8,-27,7,-28,6,-30,5,-32,4,-32,1,-31,0,-35,-2,-37,-3,-38,-4,-44,-10,-42,-11,-45,-11,-48,-16,-50,-15,-48,-22,-53,-25,-49,-26,-55,-29,-52,-30,-53,-35,-55,-38,-51,-43,-52,-48,-51,-53,-49,-56,-46,-59,-49,-60,-44,-61,-47,-63,-40,-62,-42,-67,-40,-67,-38,-66,-37,-69,-35,-71,-34,-70,-34,-73,-31,-74,-32,-73,-30,-77,-31,-72,-29,-76,-26,-73,-25,-77,-26,-79,-22,-78,-19,-78,-18,-78,-14,-73,-12,-76,-14,-79,-12,-79,-7,-72,-6,-74,-6,-78,-7,-72,0,0]"
CSI_DATA,384,2a:00:00:00:00:00,-43,11,1,0,1,1,1,0,0,0,1,-96,0,11,2,5316397,0,44,0,384,0,"[0,0,0,0,0,0,0,0,0,0,0,0,4,9,4,9,4,9,4,9,3,8,3,8,3,7,3,7,2,7,3,7,3,6,3,6,2,6,2,5,2,5,2,5,2,5,2,4,2,4,2,4,1,4,2,4,1,3,2,3,1,3,2,2,0,0,1,2,1,2,1,2,1,1,1,1,1,1,1,1,2,1,2,1,2,1,2,0,2,0,2,1,2,1,2,1,2,0,2,1,2,1,2,1,2,1,2,1,2,1,2,1,2,1,2,1,1,1,0,0,0,0,0,0,0,0,0,0,0,0,0,0,11,67,7,63,9,62,6,59,9,58,6,54,3,54,4,54,3,49,5,45,2,44,3,43,4,42,1,40,4,35,6,37,4,39,5,37,4,32,4,31,6,29,3,28,6,28,2,26,2,26,1,24,5,21,4,21,0,20,7,18,6,18,5,16,6,15,4,14,5,13,7,11,5,8,9,9,7,11,13,10,11,9,13,11,10,9,11,6,12,9,12,9,14,11,11,10,13,11,10,10,11,9,9,12,11,11,11,11,9,11,9,11,7,12,0,0,0,0,0,0,0,0,0,0,0,0,0,0,0,0,0,0,0,0,0,0,11,21,9,22,8,24,6,28,6,28,5,31,3,32,3,34,0,38,-1,38,-2,40,-6,44,-6,45,-8,50,-11,50,-15,49,-17,54,-19,52,-20,52,-26,56,-28,54,-35,60,-35,55,-38,58,-42,54,-47,61,-50,55,-55,56,-52,49,-57,52,-55,47,-60,48,-61,45,-65,45,-60,44,-66,45,-64,46,-62,44,-68,42,-68,42,-74,43,-65,39,-71,39,-72,39,-69,36,-71,35,-72,33,-71,32,-75,29,-74,26,-73,26,-74,28,-78,25,-65,21,-73,22,-74,21,-70,18,0,0]"
CSI_DATA,385,2a:00:00:00:00:00,-43,11,1,0,1,1,1,0,0,0,1,-96,0,11,2,5326398,0,44,0,384,0,"[0,0,0,0,0,0,0,0,0,0,0,0,7,-9,6,-8,6,-8,6,-8,6,-8,6,-7,5,-7,5,-7,5,-6,4,-6,5,-6,4,-5,4,-6,4,-5,3,-5,4,-5,3,-5,3,-5,3,-5,3,-5,2,-4,2,-4,2,-4,2,-4,2,-4,2,-3,0,0,1,-3,1,-3,1,-3,1,-3,0,-3,0,-3,0,-3,0,-3,0,-3,0,-3,0,-3,0,-3,0,-3,0,-3,0,-3,0,-3,0,-4,0,-3,0,-3,0,-3,0,-3,0,-3,0,-3,1,-3,1,-3,1,-3,0,0,0,0,0,0,0,0,0,0,0,0,0,0,47,-47,45,-49,43,-48,41,-44,42,-43,40,-35,38,-37,38,-39,38,-35,38,-31,36,-31,31,-30,33,-29,33,-27,29,-25,28,-28,26,-29,25,-24,26,-24,24,-20,24,-22,24,-20,22,-22,21,-20,18,-19,17,-19,16,-15,14,-18,13,-18,11,-16,8,-14,9,-12,9,-16,7,-13,5,-11,6,-14,7,-15,3,-13,1,-14,0,-15,0,-16,2,-15,0,-15,1,-16,1,-16,0,-15,2,-18,3,-17,2,-15,2,-16,4,-16,4,-15,4,-14,6,-14,5,-16,6,-14,7,-14,0,0,0,0,0,0,0,0,0,0,0,0,0,0,0,0,0,0,0,0,0,0,5,-24,8,-24,11,-26,14,-25,16,-28,16,-26,19,-25,24,-28,26,-27,27,-29,30,-27,32,-29,36,-32,39,-29,42,-29,46,-24,49,-27,53,-24,54,-26,60,-23,60,-20,67,-19,67,-15,68,-13,71,-11,71,-11,71,-3,72,-1,77,5,77,5,75,7,76,11,77,12,74,13,75,14,74,17,73,17,76,18,75,18,74,20,77,22,76,23,74,25,77,28,71,29,75,31,74,32,69,32,70,35,68,38,67,37,68,42,66,41,58,40,61,40,59,42,61,42,0,0]"
CSI_DATA,386,2a:00:00:00:00:00,-43,11,1,0,1,1,1,0,0,0,1,-96,0,11,2,5336368,0,44,0,384,0,"[0,0,0,0,0,0,0,0,0,0,0,0,-10,-6,-9,-6,-9,-6,-8,-6,-8,-6,-8,-6,-8,-6,-7,-5,-7,-5,-6,-5,-7,-5,-7,-4,-6,-4,-6,-4,-5,-4,-6,-4,-5,-3,-5,-3,-5,-3,-5,-3,-4,-3,-4,-3,-4,-3,-4,-2,-4,-2,-4,-2,0,0,-4,-2,-3,-2,-3,-1,-3,-1,-3,-1,-3,-1,-3,0,-3,0,-3,0,-3,0,-3,0,-3,0,-3,0,-3,0,-3,0,-3,0,-3,0,-3,0,-3,0,-3,0,-3,0,-3,0,-3,0,-3,-1,-3,-1,-3,-1,0,0,0,0,0,0,0,0,0,0,0,0,0,0,24,61,19,63,19,61,12,56,17,54,9,53,15,51,13,49,15,48,11,51,11,41,8,43,9,39,7,40,12,32,10,33,7,34,5,37,6,32,7,23,9,29,11,24,6,27,9,24,6,21,4,22,3,19,5,23,6,17,5,17,7,12,5,13,4,15,4,12,6,9,7,6,6,7,5,7,12,5,10,7,13,7,12,4,8,9,10,6,11,3,10,2,13,4,11,4,15,3,12,4,11,4,15,4,9,9,12,5,10,7,10,6,8,12,0,0,0,0,0,0,0,0,0,0,0,0,0,0,0,0,0,0,0,0,0,0,12,19,13,25,10,24,9,28,6,30,6,32,6,32,4,34,6,38,0,38,0,40,-3,44,-2,47,-6,49,-8,53,-11,49,-11,58,-17,53,-16,55,-19,57,-23,62,-27,64,-30,62,-38,64,-39,59,-40,61,-46,59,-45,61,-51,57,-51,60,-50,52,-58,53,-59,54,-56,52,-56,50,-58,51,-54,53,-60,52,-62,48,-66,48,-68,50,-62,50,-64,47,-65,44,-65,49,-64,45,-68,41,-68,43,-66,37,-68,37,-68,42,-65,35,-70,35,-65,31,-70,29,-74,31,-73,30,0,0]"
CSI_DATA,387,2a:00:00:00:00:00,-43,11,1,0,1,1,1,0,0,0,1,-96,0,11,2,5348538,0,44,0,384,0,"[0,0,0,0,0,0,0,0,0,0,0,0,6,8,5,8,5,8,4,8,4,7,4,7,4,7,4,6,4,6,3,6,3,6,3,5,3,5,3,5,2,4,3,4,3,4,3,4,2,3,2,3,2,3,2,3,2,3,2,2,2,2,2,2,0,0,2,2,1,1,2,1,2,1,1,1,1,0,2,0,2,0,2,0,2,0,2,0,2,0,2,0,2,0,2,0,2,0,2,0,2,0,2,0,2,1,2,1,2,1,2,1,2,1,2,1,2,1,0,0,0,0,0,0,0,0,0,0,0,0,0,0,31,58,24,53,31,54,27,54,27,55,26,51,23,48,20,46,18,43,20,47,20,41,20,41,19,40,13,36,18,36,19,35,15,32,15,32,15,30,17,28,15,29,16,27,14,25,11,23,11,21,10,20,12,21,13,18,9,17,12,17,10,15,11,12,10,11,8,8,9,10,9,8,11,6,10,4,11,5,14,5,12,6,13,6,12,6,12,4,18,3,14,6,12,7,14,3,15,6,14,7,12,6,14,7,14,7,12,9,13,7,12,8,9,9,0,0,0,0,0,0,0,0,0,0,0,0,0,0,0,0,0,0,0,0,0,0,18,14,20,18,17,18,17,24,17,25,16,28,16,28,14,32,14,34,14,36,12,38,14,42,12,44,10,47,8,52,4,50,5,58,3,54,0,61,-2,61,-7,58,-10,64,-14,65,-13,68,-19,69,-19,68,-24,71,-29,70,-29,65,-34,69,-35,64,-40,72,-41,64,-41,65,-45,65,-45,65,-43,64,-45,64,-44,65,-46,62,-53,62,-49,62,-55,62,-51,59,-53,59,-59,57,-57,56,-57,54,-62,52,-59,49,-59,51,-58,51,-63,49,-57,44,-62,43,-62,42,-60,42,0,0]"
CSI_DATA,388,2a:00:00:00:00:00,-43,11,1,0,1,1,1,0,0,0,1,-96,0,11,2,5366398,0,44,0,384,0,"[0,0,0,0,0,0,0,0,0,0,0,0,-9,-7,-9,-7,-8,-7,-8,-7,-8,-7,-7,-6,-7,-6,-7,-6,-7,-6,-6,-5,-6,-6,-6,-5,-5,-5,-5,-5,-5,-5,-6,-4,-5,-4,-5,-4,-4,-4,-4,-4,-4,-3,-4,-3,-4,-3,-4,-3,-4,-3,-4,-3,0,0,-4,-2,-3,-2,-3,-1,-3,-1,-3,-1,-3,-1,-3,-1,-3,0,-3,-1,-3,-1,-3,0,-3,0,-3,0,-3,0,-3,-1,-4,0,-3,0,-3,0,-3,-1,-3,-1,-3,-1,-3,-1,-3,-1,-3,-1,-3,-1,-3,-1,0,0,0,0,0,0,0,0,0,0,0,0,0,0,-48,-50,-43,-49,-46,-45,-43,-44,-44,-46,-37,-43,-37,-43,-34,-41,-33,-37,-31,-34,-28,-36,-29,-35,-31,-36,-28,-32,-28,-29,-26,-29,-25,-28,-26,-25,-23,-24,-23,-24,-25,-23,-20,-20,-20,-21,-18,-21,-19,-18,-17,-17,-20,-15,-17,-11,-17,-13,-18,-14,-15,-11,-14,-10,-14,-9,-11,-6,-13,-6,-11,-4,-14,-3,-11,-4,-13,0,-16,-4,-16,-2,-15,-3,-15,3,-15,1,-16,-2,-17,1,-15,-2,-17,0,-17,-4,-17,-3,-16,-3,-16,-3,-17,-3,-17,-2,-14,-5,-15,-7,-15,-8,0,0,0,0,0,0,0,0,0,0,0,0,0,0,0,0,0,0,0,0,0,0,-23,-13,-22,-15,-22,-17,-21,-20,-24,-23,-19,-24,-22,-28,-23,-30,-24,-34,-21,-32,-22,-35,-22,-36,-22,-44,-22,-46,-17,-46,-18,-50,-15,-54,-14,-58,-13,-59,-9,-60,-8,-63,-3,-69,-1,-68,0,-69,5,-71,5,-74,6,-75,14,-75,14,-74,17,-75,17,-73,23,-74,25,-72,24,-72,26,-71,28,-74,28,-74,26,-75,28,-76,29,-73,33,-71,31,-71,32,-69,37,-76,36,-68,38,-68,39,-66,41,-68,45,-69,44,-64,44,-64,43,-67,50,-61,46,-58,43,-59,46,-57,51,-58,0,0]"
CSI_DATA,389,2a:00:00:00:00:00,-43,11,1,0,1,1,1,0,0,0,1,-96,0,11,2,5387603,0,44,0,384,0,"[0,0,0,0,0,0,0,0,0,0,0,0,-9,-8,-8,-7,-8,-7,-7,-7,-7,-8,-7,-7,-7,-7,-6,-6,-6,-6,-6,-6,-6,-6,-6,-5,-5,-5,-5,-5,-5,-5,-5,-4,-5,-4,-5,-4,-4,-4,-4,-4,-4,-4,-4,-4,-4,-3,-4,-3,-3,-3,-3,-3,0,0,-3,-2,-3,-2,-3,-2,-3,-2,-3,-1,-3,-1,-3,-1,-3,-1,-3,-1,-3,-1,-3,-1,-3,0,-3,0,-3,0,-4,-1,-3,-1,-4,0,-3,-1,-3,-1,-3,-1,-3,-1,-3,-1,-3,-1,-3,-1,-3,-1,-3,-2,0,0,0,0,0,0,0,0,0,0,0,0,0,0,-49,-44,-49,-44,-47,-40,-47,-41,-47,-42,-39,-39,-38,-40,-35,-38,-35,-39,-36,-33,-37,-34,-33,-32,-32,-30,-29,-30,-29,-30,-29,-27,-25,-26,-25,-24,-23,-22,-25,-19,-26,-20,-23,-19,-21,-18,-20,-18,-18,-16,-19,-18,-20,-17,-15,-14,-15,-14,-19,-12,-17,-13,-17,-10,-12,-8,-13,-4,-16,-6,-10,-6,-14,-2,-15,-1,-14,-1,-17,-2,-17,-1,-15,-1,-16,1,-16,1,-15,4,-17,0,-15,0,-17,-1,-16,-1,-14,-2,-17,-4,-15,-3,-17,-2,-17,-2,-15,-5,-15,-5,-16,-7,0,0,0,0,0,0,0,0,0,0,0,0,0,0,0,0,0,0,0,0,0,0,-22,-11,-23,-11,-25,-16,-25,-17,-26,-19,-23,-21,-24,-23,-25,-25,-25,-30,-26,-30,-24,-36,-24,-38,-28,-39,-25,-43,-23,-42,-21,-48,-24,-53,-20,-56,-21,-54,-17,-58,-14,-61,-14,-68,-9,-68,-8,-69,-1,-73,-1,-74,3,-76,3,-75,7,-75,10,-76,11,-77,15,-73,14,-76,18,-75,18,-75,20,-75,20,-76,23,-76,25,-74,23,-74,26,-75,24,-77,26,-70,30,-78,31,-71,31,-73,33,-70,34,-71,35,-73,38,-69,37,-65,40,-69,40,-64,42,-65,43,-63,42,-59,44,-61,0,0]"
CSI_DATA,390,2a:00:00:00:00:00,-43,11,1,0,1,1,1,0,0,0,1,-96,0,11,2,5406385,0,44,0,384,0,"[0,0,0,0,0,0,0,0,0,0,0,0,-5,10,-5,9,-4,9,-5,9,-4,8,-4,7,-4,7,-4,7,-4,7,-4,7,-4,6,-4,6,-3,6,-3,6,-3,5,-3,5,-3,5,-3,5,-2,4,-2,4,-2,4,-2,4,-2,3,-2,4,-2,3,-2,3,0,0,-1,2,-1,3,-1,2,-1,2,0,2,0,2,0,2,0,2,0,2,0,2,0,2,0,2,0,2,0,2,0,2,0,2,0,2,0,2,0,2,0,2,0,2,0,2,0,2,-1,2,-1,2,-1,2,0,0,0,0,0,0,0,0,0,0,0,0,0,0,-22,62,-24,59,-22,61,-24,55,-23,53,-23,50,-24,52,-24,50,-21,46,-24,44,-21,38,-22,40,-20,38,-18,38,-17,33,-14,32,-16,31,-14,33,-14,29,-14,29,-12,29,-12,27,-12,27,-12,25,-12,25,-12,20,-7,18,-9,23,-10,23,-7,17,-6,15,-4,16,-4,14,-2,16,1,14,-4,14,-1,14,-1,14,0,14,6,12,5,12,4,14,4,14,6,15,4,14,6,17,5,14,4,17,6,13,4,15,3,13,3,13,2,15,1,16,-2,14,1,14,-1,12,0,0,0,0,0,0,0,0,0,0,0,0,0,0,0,0,0,0,0,0,0,0,-1,23,1,21,-3,25,-6,30,-6,31,-8,31,-12,30,-13,34,-15,34,-17,35,-18,35,-22,37,-24,38,-27,39,-31,37,-36,39,-38,40,-41,39,-44,40,-50,39,-51,37,-56,36,-60,35,-63,33,-65,30,-68,30,-67,25,-68,25,-71,21,-74,18,-73,20,-78,15,-78,15,-78,14,-78,14,-76,8,-80,10,-79,10,-79,6,-77,6,-78,3,-80,3,-81,1,-82,0,-79,-1,-80,-2,-79,-8,-80,-5,-81,-8,-80,-11,-80,-14,-77,-13,-75,-13,-79,-16,-76,-19,-72,-15,-72,-20,0,0]"
CSI_DATA,391,2a:00:00:00:00:00,-43,11,1,0,1,1,1,0,0,0,1,-96,0,11,2,5416404,0,44,0,384,0,"[0,0,0,0,0,0,0,0,0,0,0,0,9,-6,9,-6,8,-5,9,-5,7,-4,8,-4,8,-4,7,-4,7,-4,6,-4,6,-3,6,-3,5,-3,5,-3,5,-3,5,-3,5,-3,4,-3,4,-3,4,-3,3,-3,3,-3,3,-2,3,-3,3,-3,3,-2,0,0,2,-2,2,-2,1,-2,1,-2,1,-3,1,-3,1,-3,1,-3,1,-3,1,-3,1,-3,1,-3,1,-3,1,-3,1,-3,1,-3,1,-3,1,-3,1,-3,1,-3,1,-3,1,-3,1,-3,1,-3,1,-2,1,-2,0,0,0,0,0,0,0,0,0,0,0,0,0,0,59,-29,55,-28,58,-28,56,-22,52,-24,55,-21,50,-20,50,-19,46,-20,46,-15,42,-16,40,-15,41,-14,38,-14,35,-13,34,-12,34,-15,31,-13,30,-15,30,-13,30,-12,28,-11,26,-13,25,-12,23,-13,22,-10,21,-9,20,-12,16,-10,17,-9,18,-8,15,-7,12,-9,11,-10,10,-9,10,-12,6,-11,7,-12,6,-15,8,-12,7,-15,7,-12,7,-13,8,-16,6,-17,6,-16,6,-14,9,-16,7,-14,8,-13,7,-14,7,-14,9,-11,9,-13,11,-11,10,-12,13,-9,0,0,0,0,0,0,0,0,0,0,0,0,0,0,0,0,0,0,0,0,0,0,17,-19,19,-17,23,-17,23,-17,26,-17,29,-17,30,-15,32,-14,33,-15,35,-12,40,-12,40,-11,47,-13,47,-9,51,-7,52,-3,57,-3,58,-2,59,1,62,3,64,7,64,11,62,15,66,18,67,22,70,24,65,27,68,34,65,35,67,37,62,38,64,39,62,41,62,42,63,44,61,47,61,46,63,48,60,50,61,53,61,55,58,53,57,56,59,55,55,56,53,57,52,59,50,58,51,60,47,61,47,61,44,62,41,64,38,59,38,63,40,63,34,64,0,0]"
CSI_DATA,392,2a:00:00:00:00:00,-43,11,1,0,1,1,1,0,0,0,1,-96,0,11,2,5426393,0,44,0,384,0,"[0,0,0,0,0,0,0,0,0,0,0,0,-8,-8,-8,-8,-7,-8,-7,-8,-7,-8,-6,-7,-6,-7,-6,-6,-6,-6,-5,-6,-5,-6,-5,-6,-5,-6,-4,-5,-4,-5,-5,-5,-4,-4,-4,-4,-4,-4,-4,-4,-3,-4,-4,-4,-3,-3,-3,-3,-3,-3,-3,-3,0,0,-3,-2,-3,-2,-3,-2,-3,-2,-3,-2,-3,-1,-3,-1,-3,-1,-3,-1,-3,-1,-3,-1,-3,-1,-3,-1,-3,-1,-3,-1,-3,-1,-3,-1,-3,-1,-3,-1,-3,-1,-3,-1,-3,-1,-3,-1,-3,-2,-3,-2,-3,-2,0,0,0,0,0,0,0,0,0,0,0,0,0,0,-49,-47,-46,-50,-44,-41,-41,-45,-46,-44,-37,-40,-39,-44,-33,-40,-35,-40,-32,-36,-31,-36,-31,-32,-33,-34,-27,-31,-28,-30,-29,-29,-25,-28,-24,-26,-21,-26,-26,-25,-23,-21,-24,-21,-22,-20,-17,-19,-17,-18,-17,-18,-20,-18,-17,-15,-16,-14,-19,-11,-15,-11,-17,-10,-12,-8,-13,-5,-19,-8,-11,-5,-13,-6,-14,-3,-14,-2,-15,-1,-17,-3,-16,0,-13,-1,-16,1,-14,1,-17,0,-15,-3,-17,-2,-16,-4,-16,-3,-16,-2,-16,-2,-15,-4,-16,-2,-16,-3,-17,-5,-16,-6,0,0,0,0,0,0,0,0,0,0,0,0,0,0,0,0,0,0,0,0,0,0,-22,-12,-23,-15,-23,-17,-21,-18,-22,-22,-23,-24,-20,-24,-24,-28,-22,-32,-23,-33,-24,-35,-23,-37,-26,-42,-23,-43,-21,-46,-19,-50,-16,-51,-19,-56,-18,-51,-13,-60,-8,-68,-8,-69,-6,-69,-5,-71,-1,-73,-2,-75,6,-73,9,-72,11,-75,14,-73,14,-77,16,-73,22,-73,19,-75,22,-77,26,-76,24,-75,25,-74,25,-74,28,-78,30,-73,27,-75,33,-71,36,-74,33,-68,36,-70,37,-72,36,-69,41,-68,43,-69,40,-64,41,-66,44,-64,41,-60,47,-60,44,-58,46,-59,0,0]"
CSI_DATA,393,2a:00:00:00:00:00,-43,11,1,0,1,1,1,0,0,0,1,-96,0,11,2,5436393,0,44,0,384,0,"[0,0,0,0,0,0,0,0,0,0,0,0,-5,10,-5,9,-5,9,-5,9,-5,8,-5,8,-5,7,-4,7,-5,6,-4,7,-4,6,-4,6,-3,6,-3,6,-3,5,-3,5,-3,5,-3,4,-3,5,-3,5,-2,4,-2,4,-2,3,-2,4,-2,3,-2,3,0,0,-1,2,-1,3,-1,2,-1,2,-1,2,0,2,0,2,0,2,0,2,0,2,0,2,0,2,0,3,0,2,0,2,0,2,0,2,0,2,0,3,0,2,0,2,0,2,-1,2,-1,2,-1,2,-1,2,0,0,0,0,0,0,0,0,0,0,0,0,0,0,-42,53,-41,51,-38,52,-37,46,-37,48,-33,43,-38,45,-33,41,-32,38,-30,35,-31,34,-28,34,-28,30,-29,32,-26,32,-23,30,-25,29,-22,29,-22,26,-19,23,-19,26,-18,24,-17,23,-20,21,-18,21,-16,20,-15,17,-15,20,-11,17,-10,17,-8,14,-8,17,-9,16,-7,12,-3,13,-4,12,-6,11,-1,13,-1,14,-1,15,1,15,2,15,0,14,1,16,-1,15,3,16,3,16,0,15,-1,13,0,16,-1,15,-1,14,1,15,-2,15,-6,15,-5,15,-7,15,0,0,0,0,0,0,0,0,0,0,0,0,0,0,0,0,0,0,0,0,0,0,-4,24,-10,23,-11,24,-13,26,-17,25,-16,28,-19,25,-21,26,-24,28,-28,26,-27,30,-33,31,-35,34,-37,33,-40,28,-43,28,-46,29,-50,29,-51,28,-58,25,-60,20,-66,20,-66,18,-68,16,-70,15,-72,13,-73,8,-75,2,-79,4,-75,4,-77,0,-77,-2,-79,-8,-76,-10,-77,-10,-77,-12,-76,-13,-77,-12,-82,-13,-80,-16,-78,-17,-81,-16,-78,-18,-82,-22,-74,-22,-75,-26,-77,-28,-76,-28,-74,-28,-76,-30,-74,-29,-73,-33,-71,-35,-64,-34,-69,-35,-65,-34,-67,-39,0,0]"
CSI_DATA,394,2a:00:00:00:00:00,-43,11,1,0,1,1,1,0,0,0,1,-96,0,11,2,5448510,0,44,0,384,0,"[0,0,0,0,0,0,0,0,0,0,0,0,7,-7,7,-7,6,-7,7,-7,6,-6,6,-6,6,-6,6,-5,5,-5,5,-5,5,-5,5,-5,4,-5,4,-4,4,-4,4,-4,4,-4,3,-4,3,-4,3,-4,3,-3,3,-4,2,-3,2,-3,2,-3,2,-3,0,0,1,-3,1,-3,1,-3,1,-2,0,-3,0,-3,0,-3,0,-3,0,-3,0,-3,0,-3,0,-3,0,-3,0,-3,0,-3,0,-3,0,-3,0,-3,0,-3,0,-3,0,-3,0,-3,0,-3,1,-3,1,-3,1,-3,0,0,0,0,0,0,0,0,0,0,0,0,0,0,53,-36,54,-30,56,-37,50,-28,53,-31,49,-27,48,-28,46,-23,44,-23,40,-19,42,-17,40,-21,40,-19,35,-20,35,-14,35,-18,34,-19,31,-19,31,-17,27,-14,27,-13,25,-17,23,-16,24,-15,22,-13,22,-14,18,-10,18,-12,19,-14,15,-12,14,-11,12,-8,12,-12,10,-13,8,-10,9,-14,7,-10,7,-13,6,-14,4,-12,4,-15,5,-14,5,-15,7,-15,5,-15,3,-15,6,-15,5,-14,5,-13,7,-15,6,-15,8,-13,9,-12,9,-12,8,-13,8,-12,9,-10,0,0,0,0,0,0,0,0,0,0,0,0,0,0,0,0,0,0,0,0,0,0,11,-22,14,-20,18,-24,19,-23,23,-21,26,-22,25,-21,30,-21,31,-19,34,-18,36,-19,38,-19,43,-21,45,-19,50,-15,49,-12,56,-12,55,-9,57,-9,61,-3,63,-3,65,2,64,4,69,5,69,9,72,10,73,16,72,22,69,24,71,23,66,27,70,31,68,33,69,33,70,36,67,38,64,37,68,37,68,38,69,41,69,45,65,43,63,45,66,45,60,49,60,50,59,53,59,52,59,54,55,54,54,54,52,60,52,56,47,53,50,56,46,62,42,54,0,0]"
CSI_DATA,395,2a:00:00:00:00:00,-43,11,1,0,1,1,1,0,0,0,1,-96,0,11,2,5456715,0,44,0,384,0,"[0,0,0,0,0,0,0,0,0,0,0,0,11,-2,11,-3,10,-2,10,-2,9,-2,9,-1,9,-2,8,-2,8,-2,7,-1,7,-1,7,-2,6,-2,6,-1,6,-1,6,-2,6,-2,5,-2,5,-1,4,-1,4,-1,4,-1,4,-1,3,-1,3,-1,4,-1,0,0,3,-1,2,-2,2,-2,2,-2,1,-2,1,-2,1,-2,1,-3,2,-2,1,-2,1,-2,1,-3,1,-3,1,-3,2,-3,2,-3,1,-3,2,-3,2,-3,2,-2,2,-2,2,-3,2,-2,2,-2,2,-2,2,-2,0,0,0,0,0,0,0,0,0,0,0,0,0,0,64,-9,63,-7,60,-10,62,-6,58,-8,56,-3,54,-4,51,-3,46,-4,49,-4,47,-3,45,0,44,-4,40,-2,40,-2,40,-5,38,-2,35,-2,32,-4,34,-4,33,-5,30,-1,26,-5,23,-4,24,0,21,-1,23,-5,20,-7,19,-3,19,-5,20,-3,19,-6,15,-6,12,-8,11,-6,9,-7,12,-9,9,-9,9,-11,12,-10,9,-10,10,-12,8,-12,9,-13,8,-13,12,-12,9,-13,9,-12,10,-12,10,-11,10,-9,12,-9,13,-10,10,-12,11,-8,12,-8,12,-7,0,0,0,0,0,0,0,0,0,0,0,0,0,0,0,0,0,0,0,0,0,0,22,-13,23,-9,26,-11,27,-9,31,-5,29,-3,31,-2,36,-1,39,2,38,-1,40,3,42,3,46,5,47,7,48,10,50,14,53,17,54,20,55,22,52,27,55,32,57,35,56,41,57,37,56,44,55,46,54,49,53,50,50,53,52,55,49,57,46,62,43,61,41,60,42,68,39,65,44,65,42,66,39,65,40,67,37,68,38,72,37,70,36,72,31,69,32,71,28,72,28,73,27,72,25,75,23,70,22,75,21,75,20,71,21,71,14,69,18,68,0,0]"
CSI_DATA,396,2a:00:00:00:00:00,-43,11,1,0,1,1,1,0,0,0,1,-96,0,11,2,5476419,0,44,0,384,0,"[0,0,0,0,0,0,0,0,0,0,0,0,10,-5,9,-4,9,-4,9,-4,9,-4,8,-3,8,-3,7,-3,7,-3,7,-3,7,-3,6,-2,6,-3,5,-3,5,-2,5,-3,5,-2,5,-2,4,-3,4,-2,4,-2,4,-2,4,-2,3,-2,3,-2,3,-2,0,0,3,-2,2,-2,2,-2,2,-2,1,-2,1,-2,1,-3,1,-3,1,-2,1,-3,1,-3,1,-3,1,-3,1,-3,1,-3,1,-3,1,-3,1,-3,1,-3,1,-3,1,-2,2,-2,2,-2,2,-2,2,-2,2,-2,0,0,0,0,0,0,0,0,0,0,0,0,0,0,61,-26,60,-24,58,-19,56,-21,58,-20,53,-16,53,-17,50,-14,47,-14,46,-14,44,-12,42,-12,42,-10,40,-13,38,-10,36,-12,36,-11,33,-10,34,-10,32,-9,30,-10,29,-9,26,-12,24,-11,22,-10,21,-10,22,-8,19,-10,17,-8,19,-4,16,-6,15,-7,13,-10,13,-11,10,-9,11,-10,9,-12,9,-13,11,-16,5,-11,9,-14,8,-11,7,-14,8,-14,6,-14,6,-14,8,-13,7,-16,9,-13,10,-13,9,-13,10,-14,13,-13,12,-13,11,-10,11,-8,12,-9,0,0,0,0,0,0,0,0,0,0,0,0,0,0,0,0,0,0,0,0,0,0,13,-19,17,-20,18,-23,21,-21,23,-16,24,-17,27,-18,29,-19,32,-18,35,-17,41,-15,42,-15,43,-15,47,-11,48,-9,51,-6,53,-7,57,-3,60,-2,59,2,62,2,67,8,68,14,68,14,69,18,70,21,69,28,67,30,67,31,67,34,64,37,65,39,65,39,66,39,68,44,63,46,63,46,61,48,58,47,60,50,56,52,59,55,57,56,58,57,52,55,54,56,51,58,52,63,49,61,48,62,43,63,44,63,38,67,38,66,38,66,36,63,38,66,0,0]"
CSI_DATA,397,2a:00:00:00:00:00,-43,11,1,0,1,1,1,0,0,0,1,-96,0,11,2,5486398,0,44,0,384,0,"[0,0,0,0,0,0,0,0,0,0,0,0,-7,-9,-7,-9,-7,-8,-6,-9,-6,-8,-6,-8,-6,-7,-5,-7,-6,-7,-5,-7,-5,-6,-5,-6,-5,-6,-4,-6,-4,-6,-5,-5,-5,-5,-4,-5,-4,-4,-4,-4,-3,-4,-4,-4,-3,-4,-3,-4,-3,-3,-3,-3,0,0,-3,-2,-3,-2,-3,-2,-3,-2,-2,-1,-3,-1,-3,-1,-3,-1,-3,-1,-3,-1,-3,-1,-3,-1,-3,-1,-3,-1,-3,-1,-3,-1,-3,-1,-3,-1,-3,-1,-3,-1,-3,-1,-3,-1,-3,-1,-3,-1,-3,-2,-3,-2,0,0,0,0,0,0,0,0,0,0,0,0,0,0,-39,-54,-38,-55,-34,-49,-36,-49,-36,-50,-31,-44,-31,-48,-28,-46,-28,-47,-25,-38,-24,-37,-23,-39,-25,-36,-21,-37,-18,-34,-24,-30,-20,-33,-22,-28,-21,-29,-23,-28,-21,-23,-20,-24,-18,-22,-16,-22,-16,-21,-16,-20,-16,-19,-13,-17,-11,-17,-14,-14,-15,-15,-13,-12,-12,-9,-12,-8,-15,-8,-12,-7,-11,-6,-12,-4,-12,-6,-16,-4,-17,-3,-16,-1,-14,-2,-15,-1,-15,-1,-15,-5,-17,-4,-17,-2,-18,-5,-15,-4,-16,-5,-14,-4,-16,-3,-14,-5,-15,-4,-16,-6,-15,-9,0,0,0,0,0,0,0,0,0,0,0,0,0,0,0,0,0,0,0,0,0,0,-21,-18,-18,-18,-21,-22,-18,-24,-17,-26,-17,-25,-17,-28,-18,-32,-17,-34,-16,-36,-13,-41,-15,-43,-15,-46,-12,-48,-11,-49,-8,-53,-6,-54,-8,-60,-6,-55,0,-61,2,-64,8,-70,8,-72,9,-68,13,-72,16,-71,20,-73,22,-70,29,-73,29,-66,30,-72,31,-68,31,-67,36,-68,35,-68,38,-70,39,-72,40,-65,41,-67,41,-70,44,-65,43,-71,43,-62,50,-70,41,-62,49,-64,51,-63,48,-61,53,-63,57,-59,51,-55,55,-58,54,-56,52,-52,56,-51,53,-47,55,-50,0,0]"
CSI_DATA,398,2a:00:00:00:00:00,-43,11,1,0,1,1,1,0,0,0,1,-96,0,11,2,5496397,0,44,0,384,0,"[0,0,0,0,0,0,0,0,0,0,0,0,-3,10,-3,10,-3,9,-4,9,-3,8,-4,8,-3,7,-4,7,-4,7,-3,7,-3,6,-3,6,-3,6,-2,6,-3,5,-3,5,-2,5,-2,4,-2,5,-2,4,-2,4,-2,4,-2,3,-2,4,-1,3,-1,3,0,0,-1,2,-1,3,-1,3,-1,2,0,2,0,2,0,2,0,2,0,2,0,2,0,2,0,2,0,2,0,2,0,2,0,2,0,2,1,2,0,2,0,2,0,2,0,2,0,2,-1,2,-1,2,-1,2,0,0,0,0,0,0,0,0,0,0,0,0,0,0,-34,57,-33,55,-35,56,-33,49,-30,48,-34,48,-27,44,-33,43,-28,39,-30,36,-31,36,-27,35,-28,30,-24,35,-24,29,-23,30,-21,31,-19,30,-23,28,-18,25,-17,26,-17,23,-14,27,-16,24,-14,20,-13,21,-12,17,-13,19,-11,20,-9,16,-7,14,-8,16,-7,15,-6,15,-3,13,-4,13,-3,15,-1,14,0,13,-1,15,2,13,2,12,-1,15,1,15,1,14,2,16,1,13,0,15,2,16,1,15,0,16,-2,15,-1,14,-4,13,-2,12,-5,13,-5,15,0,0,0,0,0,0,0,0,0,0,0,0,0,0,0,0,0,0,0,0,0,0,-4,23,-6,27,-7,24,-13,28,-10,26,-14,28,-14,28,-18,32,-23,31,-22,30,-24,32,-28,33,-29,36,-37,36,-39,36,-41,32,-48,33,-46,31,-49,33,-52,28,-57,30,-63,25,-62,26,-65,24,-66,21,-70,19,-71,18,-75,12,-72,9,-79,9,-73,3,-79,3,-76,0,-77,0,-81,-1,-79,-8,-74,-3,-78,-3,-77,-6,-82,-8,-82,-7,-76,-12,-80,-15,-78,-16,-80,-16,-78,-17,-77,-21,-77,-21,-77,-24,-73,-24,-75,-26,-77,-26,-76,-30,-62,-28,-68,-31,-70,-33,-66,-35,0,0]"
CSI_DATA,399,2a:00:00:00:00:00,-43,11,1,0,1,1,1,0,0,0,1,-96,0,11,2,5506428,0,44,0,384,0,"[0,0,0,0,0,0,0,0,0,0,0,0,10,-4,9,-4,9,-4,8,-3,8,-3,8,-3,8,-3,7,-3,7,-2,7,-3,6,-2,6,-2,5,-2,5,-2,5,-2,5,-2,5,-2,5,-2,4,-2,4,-2,4,-2,4,-2,4,-2,3,-2,3,-2,3,-2,0,0,2,-2,2,-2,2,-2,2,-2,1,-2,1,-3,1,-3,1,-3,1,-2,1,-3,1,-3,1,-3,1,-3,1,-3,1,-3,1,-3,1,-3,1,-3,1,-3,1,-3,1,-2,1,-3,1,-3,1,-2,1,-2,2,-2,0,0,0,0,0,0,0,0,0,0,0,0,0,0,64,-16,64,-16,62,-14,59,-15,58,-11,57,-11,53,-10,53,-10,49,-8,47,-5,46,-6,44,-2,40,-5,39,-6,39,-5,36,-3,34,-4,34,-6,31,-7,30,-6,30,-4,30,-4,28,-7,25,-6,26,-5,25,-7,23,-4,21,-6,19,-3,18,-3,18,-2,15,-4,13,-9,15,-9,11,-6,13,-8,12,-11,12,-11,11,-12,7,-10,10,-14,9,-13,8,-13,8,-13,11,-13,8,-13,10,-11,10,-15,10,-12,11,-13,9,-13,11,-12,11,-10,12,-9,12,-9,10,-9,12,-6,0,0,0,0,0,0,0,0,0,0,0,0,0,0,0,0,0,0,0,0,0,0,19,-17,21,-14,23,-13,25,-12,27,-11,31,-10,33,-10,34,-7,37,-8,36,-6,41,-4,42,-4,48,0,49,2,50,5,50,6,54,6,55,14,57,15,58,16,62,23,61,24,62,28,64,32,61,34,60,36,61,40,56,45,61,46,58,48,55,49,54,54,56,55,51,55,53,58,49,54,51,60,51,60,49,59,49,61,45,62,49,62,48,66,45,65,42,67,46,67,38,67,40,70,36,69,34,70,31,70,30,71,24,72,27,69,29,71,24,68,24,69,0,0]"
CSI_DATA,400,2a:00:00:00:00:00,-43,11,1,0,1,1,1,0,0,0,1,-96,0,11,2,5522224,0,44,0,384,0,"[0,0,0,0,0,0,0,0,0,0,0,0,-9,6,-9,6,-8,6,-8,6,-8,5,-8,5,-8,5,-7,4,-7,4,-6,4,-6,4,-6,4,-6,4,-5,4,-5,4,-5,3,-5,3,-5,3,-4,3,-4,3,-4,3,-4,3,-4,2,-3,3,-3,2,-3,2,0,0,-3,2,-2,2,-2,2,-2,1,-1,2,-1,2,-1,2,-1,2,-1,2,-1,2,-1,2,-1,2,-1,2,-1,2,-1,2,-1,2,-1,3,-1,2,-1,2,-1,2,-1,2,-1,2,-1,2,-2,2,-2,2,-2,2,0,0,0,0,0,0,0,0,0,0,0,0,0,0,-49,41,-50,40,-50,39,-50,31,-52,35,-48,31,-46,31,-44,31,-44,25,-39,26,-38,23,-38,21,-40,24,-35,23,-34,21,-33,20,-32,20,-31,20,-30,18,-29,16,-28,18,-24,15,-23,17,-22,15,-20,14,-20,15,-20,13,-15,13,-17,15,-15,12,-15,11,-12,11,-13,11,-11,12,-7,9,-9,9,-7,12,-8,13,-6,13,-3,14,-4,14,-6,14,-4,16,-5,15,-4,15,-3,12,-3,14,-5,16,-2,13,-4,15,-6,15,-4,13,-6,15,-10,13,-8,15,-6,11,-10,10,0,0,0,0,0,0,0,0,0,0,0,0,0,0,0,0,0,0,0,0,0,0,-13,20,-13,21,-17,21,-18,22,-24,23,-24,21,-25,21,-28,21,-32,21,-32,23,-35,20,-41,20,-41,20,-46,20,-48,17,-50,16,-54,15,-56,15,-58,14,-62,6,-63,5,-70,4,-67,1,-71,-2,-71,-7,-72,-9,-73,-11,-74,-14,-74,-17,-75,-21,-72,-22,-74,-24,-73,-25,-72,-29,-74,-28,-73,-30,-71,-31,-71,-36,-72,-34,-74,-37,-69,-36,-71,-37,-66,-41,-70,-43,-65,-43,-70,-45,-66,-47,-66,-44,-66,-48,-60,-50,-58,-49,-60,-51,-57,-53,-53,-49,-57,-51,-52,-51,-50,-54,0,0]"
CSI_DATA,401,2a:00:00:00:00:00,-43,11,1,0,1,1,1,0,0,0,1,-96,0,11,2,5526363,0,44,0,384,0,"[0,0,0,0,0,0,0,0,0,0,0,0,-9,5,-9,5,-8,4,-9,4,-8,4,-8,3,-8,3,-7,3,-7,3,-7,3,-7,2,-7,2,-6,3,-6,2,-6,2,-6,2,-5,2,-5,2,-5,2,-5,2,-4,2,-4,2,-4,1,-4,2,-4,2,-4,1,0,0,-3,1,-3,1,-2,1,-2,1,-2,2,-2,2,-2,2,-2,2,-2,2,-1,2,-2,2,-2,2,-2,2,-2,2,-1,2,-2,2,-2,2,-2,2,-2,2,-2,2,-2,2,-2,2,-2,2,-2,1,-2,1,-2,1,0,0,0,0,0,0,0,0,0,0,0,0,0,0,-60,26,-57,26,-58,26,-56,22,-55,20,-56,18,-51,18,-51,16,-47,17,-47,14,-46,11,-44,14,-40,11,-38,14,-36,10,-36,9,-37,12,-33,12,-33,11,-32,9,-31,10,-26,7,-28,12,-26,10,-23,10,-26,9,-23,9,-21,8,-18,9,-20,7,-15,7,-16,7,-13,7,-11,11,-11,6,-12,10,-9,10,-10,11,-9,11,-9,11,-9,11,-8,13,-8,12,-8,14,-9,13,-9,13,-10,14,-11,14,-9,11,-8,11,-8,13,-10,10,-11,13,-9,11,-11,10,-12,9,-12,9,0,0,0,0,0,0,0,0,0,0,0,0,0,0,0,0,0,0,0,0,0,0,-15,19,-19,18,-18,19,-22,20,-23,17,-29,18,-28,15,-32,15,-33,15,-34,16,-39,13,-42,12,-42,15,-49,12,-51,10,-51,5,-57,5,-54,2,-59,-1,-63,-4,-65,-5,-67,-12,-67,-14,-66,-16,-69,-18,-72,-21,-72,-28,-71,-32,-64,-33,-70,-35,-63,-35,-69,-41,-64,-42,-66,-43,-63,-44,-63,-47,-61,-44,-61,-50,-61,-50,-62,-53,-64,-54,-59,-52,-58,-55,-58,-57,-54,-60,-54,-55,-49,-57,-54,-62,-51,-62,-48,-61,-47,-63,-45,-66,-46,-66,-40,-62,-42,-67,-42,-65,-37,-62,0,0]"
CSI_DATA,402,2a:00:00:00:00:00,-43,11,1,0,1,1,1,0,0,0,1,-96,0,11,2,5536413,0,44,0,384,0,"[0,0,0,0,0,0,0,0,0,0,0,0,9,-3,9,-3,9,-3,9,-2,8,-2,8,-2,8,-2,7,-2,7,-2,6,-2,7,-2,6,-2,5,-2,5,-2,5,-2,5,-2,5,-2,4,-2,4,-2,4,-2,4,-2,4,-2,3,-1,3,-2,3,-2,3,-2,0,0,3,-1,2,-2,2,-2,2,-2,1,-2,1,-2,1,-2,1,-2,1,-2,1,-2,1,-2,1,-3,1,-3,1,-3,1,-2,1,-3,1,-3,1,-3,1,-2,1,-3,1,-2,1,-2,1,-2,1,-2,2,-2,2,-2,0,0,0,0,0,0,0,0,0,0,0,0,0,0,63,-14,60,-13,61,-14,58,-12,61,-10,58,-6,52,-9,53,-7,46,-4,50,-5,45,-3,45,-5,45,-3,38,-6,41,-6,39,-5,35,-6,33,-6,34,-6,33,-5,31,-6,31,-4,28,-8,25,-5,24,-5,24,-5,21,-5,19,-6,18,-6,19,-5,18,-4,16,-4,12,-6,11,-8,12,-5,11,-8,9,-11,8,-11,9,-11,8,-11,8,-12,9,-12,8,-13,8,-13,10,-15,9,-12,9,-11,11,-12,9,-12,11,-9,12,-12,12,-10,13,-11,12,-10,10,-9,12,-6,13,-7,0,0,0,0,0,0,0,0,0,0,0,0,0,0,0,0,0,0,0,0,0,0,20,-16,22,-14,23,-14,26,-12,28,-9,30,-8,31,-6,32,-7,36,-4,37,-5,42,-3,43,0,46,-1,50,2,50,5,52,10,57,11,55,16,58,16,56,22,57,22,62,30,57,31,60,33,61,36,60,36,58,45,60,48,55,48,57,49,53,53,54,55,49,55,50,56,48,60,46,63,47,57,47,59,48,62,48,61,45,68,44,64,41,67,43,68,42,67,37,68,35,70,34,71,31,72,32,70,31,70,28,72,29,72,23,70,23,68,20,71,21,66,0,0]"
CSI_DATA,403,2a:00:00:00:00:00,-43,11,1,0,1,1,1,0,0,0,1,-96,0,11,2,5546415,0,44,0,384,0,"[0,0,0,0,0,0,0,0,0,0,0,0,-7,-9,-6,-9,-6,-9,-6,-9,-5,-9,-5,-8,-5,-8,-5,-7,-5,-7,-5,-7,-4,-7,-5,-6,-4,-6,-4,-6,-4,-6,-4,-5,-4,-5,-4,-5,-3,-5,-3,-5,-3,-4,-3,-4,-3,-4,-3,-4,-3,-4,-3,-3,0,0,-3,-3,-2,-3,-2,-2,-3,-2,-2,-2,-2,-1,-3,-1,-3,-1,-3,-1,-3,-1,-3,-1,-3,-1,-3,-1,-3,-1,-3,-1,-4,-1,-3,-1,-3,-1,-3,-1,-3,-1,-3,-2,-3,-2,-3,-2,-3,-2,-3,-2,-3,-2,0,0,0,0,0,0,0,0,0,0,0,0,0,0,-35,-58,-30,-54,-32,-58,-31,-51,-31,-49,-29,-49,-26,-48,-25,-46,-21,-41,-22,-46,-21,-39,-23,-40,-21,-40,-17,-36,-18,-34,-19,-32,-16,-33,-17,-29,-15,-30,-18,-27,-19,-27,-16,-25,-16,-26,-15,-22,-12,-20,-11,-20,-12,-19,-12,-20,-11,-18,-13,-16,-12,-16,-14,-13,-11,-12,-11,-10,-12,-8,-10,-6,-12,-8,-11,-5,-13,-5,-16,-5,-15,-8,-15,-6,-15,-5,-15,-4,-15,-5,-14,-5,-15,-7,-16,-4,-16,-7,-15,-5,-16,-7,-15,-5,-14,-5,-12,-8,-16,-8,-14,-10,-13,-10,0,0,0,0,0,0,0,0,0,0,0,0,0,0,0,0,0,0,0,0,0,0,-19,-20,-21,-28,-21,-18,-19,-23,-16,-27,-28,-19,-20,-28,-12,-27,-17,-35,-10,-33,-15,-42,-10,-31,-7,-40,0,-57,2,-58,-2,-46,-14,-60,-3,-53,-8,-64,5,-59,3,-59,6,-66,8,-65,12,-65,19,-67,21,-69,21,-67,26,-69,26,-70,30,-73,36,-60,39,-69,41,-68,35,-63,42,-62,32,-67,40,-62,45,-65,45,-62,44,-61,50,-62,45,-64,51,-63,49,-59,51,-60,48,-58,53,-57,51,-56,53,-54,53,-51,55,-50,55,-50,56,-49,53,-48,56,-48,58,-45,53,-42,0,0]"
CSI_DATA,404,2a:00:00:00:00:00,-43,11,1,0,1,1,1,0,0,0,1,-96,0,11,2,5557222,0,44,0,384,0,"[0,0,0,0,0,0,0,0,0,0,0,0,-1,-12,-1,-11,-1,-11,-1,-11,-1,-10,0,-10,-1,-9,0,-9,0,-8,0,-8,0,-8,-1,-8,0,-8,0,-7,-1,-7,-1,-7,-1,-6,-1,-6,-1,-6,-1,-6,-1,-6,-1,-5,-1,-5,-1,-5,-1,-5,-1,-4,0,0,-1,-4,-1,-4,-1,-3,-1,-3,-1,-3,-2,-3,-2,-3,-2,-3,-2,-3,-2,-3,-2,-2,-2,-3,-2,-3,-2,-3,-3,-3,-3,-3,-2,-3,-2,-3,-2,-3,-2,-3,-2,-3,-2,-3,-2,-3,-2,-3,-2,-3,-1,-3,0,0,0,0,0,0,0,0,0,0,0,0,0,0,-11,-71,-8,-66,-8,-63,-8,-60,-7,-60,-3,-56,-4,-57,-2,-55,-1,-52,-1,-47,-4,-46,-4,-46,-3,-44,-2,-42,1,-40,-4,-42,-3,-37,-4,-38,-3,-35,-4,-32,-3,-32,-6,-31,-3,-28,-2,-28,-3,-30,-2,-28,-2,-21,-6,-22,-2,-24,-4,-19,-7,-17,-7,-16,-4,-17,-6,-16,-9,-12,-7,-11,-9,-13,-7,-12,-11,-12,-14,-12,-11,-10,-11,-11,-9,-12,-13,-12,-12,-10,-11,-13,-13,-12,-12,-13,-11,-11,-12,-12,-11,-12,-9,-13,-10,-13,-8,-14,-8,-15,-8,-14,-6,-14,0,0,0,0,0,0,0,0,0,0,0,0,0,0,0,0,0,0,0,0,0,0,-10,-21,-8,-22,-9,-25,-5,-28,-13,-26,4,-26,-9,-27,-6,-30,2,-50,-3,-32,0,-40,-6,-45,8,-42,12,-52,20,-59,19,-49,11,-54,29,-62,26,-57,28,-55,20,-57,31,-59,35,-61,37,-56,43,-58,46,-63,46,-56,45,-62,55,-55,54,-59,48,-53,63,-51,50,-43,63,-54,58,-54,70,-49,64,-40,64,-47,65,-45,68,-44,72,-41,67,-41,70,-40,72,-41,68,-35,68,-37,71,-35,71,-32,74,-31,74,-26,75,-25,73,-26,74,-23,68,-20,75,-21,72,-20,68,-20,0,0]"
CSI_DATA,405,2a:00:00:00:00:00,-43,11,1,0,1,1,1,0,0,0,1,-96,0,11,2,5583179,0,44,0,384,0,"[0,0,0,0,0,0,0,0,0,0,0,0,-9,-5,-9,-6,-9,-5,-8,-6,-8,-5,-8,-5,-7,-5,-7,-5,-7,-4,-6,-4,-6,-4,-6,-4,-6,-4,-5,-4,-5,-4,-6,-3,-5,-3,-5,-3,-5,-3,-4,-3,-4,-3,-4,-3,-4,-2,-4,-2,-3,-2,-4,-2,0,0,-4,-2,-3,-1,-3,-1,-3,-1,-3,-1,-3,-1,-3,0,-3,0,-3,0,-3,0,-3,0,-3,0,-3,0,-3,0,-3,0,-3,0,-3,0,-3,0,-3,0,-3,0,-3,0,-3,0,-3,0,-3,0,-3,-1,-3,-1,0,0,0,0,0,0,0,0,0,0,0,0,0,0,-60,-29,-57,-27,-59,-30,-54,-27,-52,-29,-51,-27,-48,-25,-48,-26,-44,-27,-44,-26,-41,-25,-38,-23,-38,-23,-36,-21,-35,-23,-33,-19,-32,-19,-30,-16,-30,-19,-30,-17,-31,-15,-28,-15,-23,-13,-23,-12,-22,-12,-21,-11,-21,-12,-21,-10,-19,-10,-20,-9,-19,-6,-19,-7,-14,-2,-13,-4,-16,-3,-13,-1,-14,-1,-13,-1,-13,3,-14,2,-15,0,-17,3,-14,8,-15,3,-14,4,-16,2,-16,4,-14,3,-15,1,-16,3,-17,0,-16,2,-16,2,-17,-1,-16,0,-15,-1,-12,-2,0,0,0,0,0,0,0,0,0,0,0,0,0,0,0,0,0,0,0,0,0,0,-25,-1,-25,-3,-25,-4,-29,-9,-28,-10,-29,-11,-31,-14,-31,-17,-33,-19,-33,-20,-34,-23,-38,-27,-37,-31,-39,-35,-35,-36,-36,-38,-38,-41,-33,-46,-35,-50,-35,-53,-33,-57,-31,-58,-29,-62,-28,-67,-27,-69,-25,-71,-22,-70,-17,-74,-17,-73,-14,-75,-11,-75,-9,-78,-9,-76,-5,-78,-5,-77,-5,-77,-3,-77,-2,-81,2,-79,1,-76,3,-80,1,-80,7,-81,7,-82,7,-80,13,-82,13,-78,12,-77,14,-78,17,-78,19,-76,19,-77,21,-74,20,-73,22,-73,22,-71,24,-69,0,0]"
CSI_DATA,406,2a:00:00:00:00:00,-43,11,1,0,1,1,1,0,0,0,1,-96,0,11,2,5596421,0,44,0,384,0,"[0,0,0,0,0,0,0,0,0,0,0,0,11,-1,10,-1,9,-1,9,0,9,0,9,0,8,0,8,0,8,0,7,0,7,0,7,0,6,0,6,0,5,0,6,-1,6,-1,5,0,5,-1,4,-1,4,-1,4,-1,4,0,3,-1,3,-1,3,-1,0,0,3,-1,2,-1,2,-1,2,-1,2,-2,2,-2,1,-2,2,-2,2,-2,2,-2,2,-2,1,-3,2,-2,2,-2,2,-2,2,-2,2,-2,2,-2,2,-2,2,-2,2,-2,2,-2,2,-2,2,-2,2,-1,2,-1,0,0,0,0,0,0,0,0,0,0,0,0,0,0,63,-4,65,-4,61,-5,59,-4,63,-5,54,0,53,-3,51,-1,49,-1,49,-1,48,-1,45,-2,43,1,40,1,38,1,39,-1,36,-2,35,-2,34,-2,32,-1,31,-1,31,0,27,-3,26,-2,25,-1,22,-2,22,-1,20,-1,19,-3,20,1,18,-2,17,-2,16,-6,12,-7,14,-5,11,-8,11,-10,12,-7,10,-11,10,-8,10,-9,12,-10,14,-11,10,-13,12,-13,12,-12,9,-11,12,-10,13,-10,14,-9,12,-8,13,-8,16,-8,13,-10,15,-7,14,-5,14,-7,0,0,0,0,0,0,0,0,0,0,0,0,0,0,0,0,0,0,0,0,0,0,19,-15,23,-13,26,-11,25,-9,29,-8,30,-7,33,-5,35,-3,39,-4,39,-2,40,0,42,3,47,2,49,9,51,9,49,14,52,15,54,19,52,19,56,27,59,27,61,31,57,35,57,37,57,43,58,44,55,49,56,51,53,52,53,55,50,55,47,58,47,61,45,61,44,63,44,65,42,66,43,65,41,66,42,67,40,68,38,72,36,71,37,72,33,70,32,73,30,73,27,73,27,75,24,73,22,71,23,73,18,76,17,71,17,72,20,69,15,68,0,0]"
CSI_DATA,407,2a:00:00:00:00:00,-43,11,1,0,1,1,1,0,0,0,1,-96,0,11,2,5606429,0,44,0,384,0,"[0,0,0,0,0,0,0,0,0,0,0,0,-7,-9,-7,-9,-6,-9,-6,-9,-6,-9,-6,-8,-6,-8,-5,-7,-5,-7,-5,-7,-5,-7,-5,-6,-4,-6,-4,-6,-4,-6,-4,-5,-4,-5,-4,-5,-4,-5,-4,-5,-3,-5,-3,-4,-3,-4,-3,-4,-3,-4,-3,-3,0,0,-3,-3,-2,-3,-3,-2,-3,-2,-3,-2,-3,-1,-3,-1,-3,-1,-3,-1,-3,-1,-3,-1,-3,-1,-3,-1,-3,-1,-3,-1,-3,-1,-3,-1,-4,-1,-3,-1,-3,-1,-3,-2,-3,-1,-3,-2,-3,-1,-3,-2,-3,-2,0,0,0,0,0,0,0,0,0,0,0,0,0,0,-17,61,-19,63,-16,59,-18,58,-16,54,-17,45,-18,53,-20,47,-22,46,-16,41,-18,38,-13,31,-17,34,-15,42,-12,33,-12,35,-14,30,-11,32,-10,28,-10,27,-9,28,-7,28,-10,25,-9,24,-8,25,-7,24,-7,23,-7,22,-7,18,-3,14,-3,15,-3,13,-2,13,-1,17,4,12,-1,13,0,14,-1,10,0,12,4,8,6,12,6,10,9,13,4,14,1,12,7,13,8,13,3,10,7,13,5,14,8,12,6,13,4,10,6,11,3,11,2,14,4,11,0,0,0,0,0,0,0,0,0,0,0,0,0,0,0,0,0,0,0,0,0,0,0,24,-4,28,-4,25,-8,27,-10,28,-10,31,-11,30,-15,32,-16,34,-19,32,-22,31,-25,33,-25,37,-32,43,-30,39,-34,40,-38,42,-40,40,-44,41,-45,36,-54,35,-57,37,-55,33,-62,35,-64,27,-68,34,-71,25,-69,25,-69,25,-71,27,-73,22,-73,18,-73,19,-75,17,-75,12,-75,12,-77,9,-71,9,-76,9,-77,7,-81,6,-78,7,-79,5,-84,5,-73,0,-75,6,-72,-2,-81,-1,-75,-7,-81,-10,-77,-7,-73,-8,-74,-10,-73,-13,-72,-8,-76,-12,-71,-17,0,0]"
CSI_DATA,408,2a:00:00:00:00:00,-43,11,1,0,1,1,1,0,0,0,1,-96,0,11,2,5619430,0,44,0,384,0,"[0,0,0,0,0,0,0,0,0,0,0,0,-11,-1,-11,-1,-10,-1,-10,-1,-10,-1,-10,-1,-9,-1,-9,-1,-9,-1,-8,-1,-8,-1,-8,-1,-7,-1,-7,-1,-7,-1,-7,0,-7,-1,-6,0,-6,0,-5,0,-5,0,-5,0,-5,0,-4,0,-4,0,-4,0,0,0,-4,0,-3,0,-3,0,-3,0,-3,0,-2,1,-2,1,-2,1,-3,1,-3,1,-3,1,-3,2,-2,1,-3,1,-3,1,-3,1,-3,1,-3,1,-3,1,-3,1,-3,1,-3,1,-3,1,-3,1,-3,1,-3,0,0,0,0,0,0,0,0,0,0,0,0,0,0,0,-66,3,-66,2,-61,4,-60,2,-60,2,-57,0,-56,1,-54,-2,-51,-3,-50,-4,-49,-1,-45,-3,-45,0,-41,-2,-40,-4,-39,-1,-38,-2,-34,-4,-33,1,-37,1,-33,2,-34,-2,-26,0,-27,2,-23,0,-24,1,-25,2,-23,1,-19,1,-22,2,-19,1,-16,1,-16,6,-13,3,-14,5,-13,8,-13,8,-9,8,-9,10,-10,8,-12,8,-14,10,-12,13,-12,9,-9,11,-13,11,-12,9,-12,13,-11,10,-11,8,-14,10,-10,9,-12,9,-13,5,-15,6,-14,4,-13,4,0,0,0,0,0,0,0,0,0,0,0,0,0,0,0,0,0,0,0,0,0,0,-25,9,-25,7,-29,8,-30,3,-32,2,-31,0,-31,2,-37,1,-39,-3,-39,-4,-41,-9,-42,-14,-44,-13,-45,-16,-48,-17,-49,-19,-52,-20,-53,-27,-52,-27,-53,-28,-55,-37,-56,-38,-52,-45,-54,-49,-51,-50,-51,-55,-46,-58,-50,-60,-47,-60,-48,-59,-46,-61,-42,-65,-43,-64,-41,-64,-41,-67,-38,-66,-36,-72,-35,-75,-32,-73,-30,-72,-31,-69,-35,-75,-32,-72,-32,-75,-28,-75,-34,-78,-27,-75,-26,-76,-23,-77,-20,-79,-17,-75,-13,-76,-14,-74,-12,-76,-12,-75,-10,-73,-12,-73,0,0]"
CSI_DATA,409,2a:00:00:00:00:00,-43,11,1,0,1,1,1,0,0,0,1,-96,0,11,2,5627685,0,44,0,384,0,"[0,0,0,0,0,0,0,0,0,0,0,0,-11,-3,-10,-3,-10,-3,-10,-4,-9,-3,-9,-3,-8,-3,-8,-3,-8,-3,-7,-3,-7,-3,-7,-2,-7,-2,-6,-2,-6,-2,-6,-2,-6,-2,-6,-2,-5,-2,-5,-2,-5,-1,-4,-1,-5,-1,-4,-1,-4,-1,-4,-1,0,0,-4,-1,-3,0,-3,0,-3,0,-3,0,-3,0,-2,1,-3,1,-3,1,-3,1,-3,1,-3,1,-3,1,-3,1,-3,1,-3,1,-3,1,-3,1,-3,1,-3,1,-3,1,-3,1,-3,1,-3,1,-3,0,-3,0,0,0,0,0,0,0,0,0,0,0,0,0,0,0,-68,-12,-59,-13,-65,-12,-60,-12,-54,-13,-57,-17,-51,-16,-55,-15,-46,-14,-47,-15,-45,-13,-43,-11,-43,-9,-38,-13,-40,-11,-40,-12,-35,-9,-35,-9,-34,-8,-32,-8,-35,-8,-30,-7,-30,-7,-28,-5,-26,-2,-22,-5,-27,-4,-21,-4,-19,-3,-19,-4,-18,-4,-19,-3,-16,1,-13,1,-16,1,-12,4,-13,4,-11,5,-13,6,-15,5,-14,6,-13,5,-13,7,-15,6,-14,9,-13,5,-16,4,-14,7,-15,4,-17,4,-14,6,-15,4,-15,6,-15,5,-15,5,-16,0,-16,1,0,0,0,0,0,0,0,0,0,0,0,0,0,0,0,0,0,0,0,0,0,0,-23,3,-29,5,-27,0,-30,-2,-30,-2,-33,-5,-33,-6,-34,-7,-38,-9,-36,-11,-39,-16,-40,-18,-43,-18,-44,-24,-47,-25,-45,-29,-48,-34,-42,-34,-50,-38,-49,-41,-47,-43,-47,-49,-45,-51,-42,-57,-41,-58,-41,-62,-34,-64,-36,-67,-31,-65,-32,-73,-30,-67,-28,-74,-28,-73,-26,-70,-27,-74,-23,-76,-23,-74,-19,-78,-21,-76,-16,-79,-16,-79,-16,-77,-13,-81,-14,-77,-12,-80,-10,-80,-10,-81,-10,-79,-5,-78,-3,-78,0,-79,1,-76,3,-77,3,-70,8,-77,7,-77,7,-74,0,0]"
CSI_DATA,410,2a:00:00:00:00:00,-43,11,1,0,1,1,1,0,0,0,1,-96,0,11,2,5646842,0,44,0,384,0,"[0,0,0,0,0,0,0,0,0,0,0,0,-11,-2,-11,-2,-10,-2,-10,-3,-10,-2,-9,-2,-9,-2,-9,-2,-9,-2,-8,-2,-8,-2,-8,-2,-7,-2,-7,-2,-6,-2,-7,-2,-6,-1,-6,-2,-6,-1,-5,-1,-5,-1,-5,-1,-5,-1,-4,-1,-4,-1,-4,-1,0,0,-4,-1,-3,0,-3,0,-3,0,-3,0,-3,0,-3,1,-3,1,-3,1,-3,1,-3,1,-3,1,-3,1,-3,1,-3,1,-3,1,-3,1,-3,1,-3,1,-3,1,-3,0,-3,0,-3,0,-3,0,-3,0,-3,0,0,0,0,0,0,0,0,0,0,0,0,0,0,0,38,50,38,52,36,50,36,45,36,44,31,46,29,49,30,47,26,39,26,33,27,40,25,34,26,32,21,36,21,30,21,28,20,28,21,28,17,26,19,23,22,25,16,20,15,19,15,18,11,19,15,21,16,16,11,13,12,19,12,13,12,13,13,12,8,10,9,9,12,6,9,8,6,3,6,0,11,1,13,2,11,0,15,1,11,3,11,0,11,1,15,-3,14,0,13,1,17,0,14,-2,15,0,12,4,12,1,12,1,12,1,13,5,12,5,0,0,0,0,0,0,0,0,0,0,0,0,0,0,0,0,0,0,0,0,0,0,23,14,20,18,20,23,22,24,17,25,18,26,17,29,14,31,16,34,14,36,11,38,16,42,15,44,15,51,14,51,9,51,9,57,8,61,6,60,-3,60,-6,60,-4,70,-8,70,-12,67,-13,71,-18,75,-22,72,-23,75,-25,73,-27,74,-27,70,-32,69,-35,69,-34,70,-34,68,-38,66,-36,69,-36,69,-43,68,-42,73,-47,70,-40,69,-43,69,-45,70,-43,62,-47,65,-51,63,-45,62,-54,63,-51,58,-54,57,-51,57,-53,55,-43,50,-54,54,-54,49,-53,46,0,0]"
CSI_DATA,411,2a:00:00:00:00:00,-43,11,1,0,1,1,1,0,0,0,1,-96,0,11,2,5656385,0,44,0,384,0,"[0,0,0,0,0,0,0,0,0,0,0,0,8,5,8,5,8,5,7,5,7,5,6,5,7,4,6,4,6,4,5,4,6,4,5,3,5,3,4,3,4,3,5,3,4,2,4,2,4,2,4,2,3,2,3,2,3,2,3,1,2,1,3,1,0,0,2,0,2,0,2,0,2,0,2,0,2,-1,2,-1,2,-1,2,-1,2,-1,2,-1,2,-1,2,-1,2,-1,2,-1,2,-1,2,-1,2,-1,2,-1,2,-1,2,-1,2,-1,2,-1,2,0,2,0,2,0,0,0,0,0,0,0,0,0,0,0,0,0,0,0,59,26,56,34,53,30,52,28,55,28,47,27,47,29,42,27,40,25,40,24,40,24,38,21,38,22,33,21,35,19,32,19,32,19,30,18,28,16,30,13,30,14,31,13,24,11,22,11,20,12,22,13,22,10,19,9,19,7,16,9,17,6,15,4,14,2,14,1,14,-2,10,1,13,0,12,-4,12,-5,14,-5,14,-2,14,-5,14,-7,16,-7,15,-7,14,-5,15,-3,15,-7,14,-4,16,-5,15,-3,17,-4,16,-6,15,-1,12,-2,16,-2,16,0,0,0,0,0,0,0,0,0,0,0,0,0,0,0,0,0,0,0,0,0,0,0,24,6,24,9,24,10,26,13,25,14,26,18,25,17,28,21,27,25,26,27,28,31,29,34,30,36,31,39,31,40,26,45,29,48,27,50,28,50,25,56,23,58,24,63,19,66,18,67,14,71,13,72,9,74,6,75,6,75,3,75,2,75,-3,75,-2,75,-5,76,-6,78,-6,78,-8,76,-9,77,-14,76,-13,78,-14,79,-12,81,-12,77,-16,83,-16,75,-14,78,-19,75,-19,77,-24,77,-26,74,-25,73,-25,72,-27,72,-28,70,-29,69,-29,67,-32,67,0,0]"
CSI_DATA,412,2a:00:00:00:00:00,-43,11,1,0,1,1,1,0,0,0,1,-96,0,11,2,5688192,0,44,0,384,0,"[0,0,0,0,0,0,0,0,0,0,0,0,-6,-9,-6,-9,-6,-9,-5,-9,-5,-8,-5,-8,-5,-7,-5,-7,-5,-7,-4,-7,-4,-7,-4,-6,-4,-6,-4,-6,-3,-6,-4,-5,-4,-5,-3,-5,-3,-5,-3,-5,-3,-4,-3,-4,-3,-4,-3,-4,-2,-4,-3,-3,0,0,-3,-3,-2,-3,-2,-2,-3,-2,-2,-2,-3,-2,-3,-1,-3,-1,-3,-1,-3,-1,-3,-1,-3,-1,-3,-1,-3,-1,-3,-1,-3,-1,-3,-1,-3,-1,-3,-1,-3,-2,-3,-2,-3,-2,-3,-2,-3,-2,-3,-2,-2,-2,0,0,0,0,0,0,0,0,0,0,0,0,0,0,-36,-54,-33,-52,-35,-53,-34,-49,-31,-48,-29,-49,-26,-47,-28,-49,-22,-42,-24,-43,-25,-40,-23,-38,-21,-38,-18,-35,-19,-35,-19,-33,-18,-33,-16,-30,-16,-31,-17,-28,-19,-26,-17,-24,-16,-24,-12,-21,-12,-22,-10,-20,-15,-19,-13,-18,-11,-17,-12,-15,-13,-14,-12,-15,-9,-10,-11,-10,-13,-10,-12,-8,-11,-5,-11,-5,-11,-5,-13,-5,-15,-3,-15,-7,-12,-2,-16,-6,-16,-4,-15,-5,-16,-7,-17,-4,-16,-7,-15,-6,-15,-7,-14,-7,-16,-6,-13,-7,-15,-8,-13,-11,-10,-10,0,0,0,0,0,0,0,0,0,0,0,0,0,0,0,0,0,0,0,0,0,0,-21,-13,-21,-17,-20,-16,-20,-21,-18,-21,-19,-25,-18,-28,-17,-29,-20,-31,-18,-33,-17,-37,-15,-39,-17,-44,-14,-46,-15,-50,-11,-46,-9,-57,-9,-54,-8,-59,-4,-60,-1,-62,0,-66,5,-66,8,-66,16,-68,12,-69,18,-71,21,-72,20,-71,24,-72,24,-64,29,-70,31,-69,34,-66,36,-71,32,-67,36,-64,37,-66,42,-65,41,-66,44,-67,39,-68,42,-66,44,-66,47,-65,42,-59,48,-61,50,-59,50,-58,52,-53,54,-51,54,-53,55,-53,50,-48,55,-46,56,-47,55,-45,0,0]"
CSI_DATA,413,2a:00:00:00:00:00,-43,11,1,0,1,1,1,0,0,0,1,-96,0,11,2,5696381,0,44,0,384,0,"[0,0,0,0,0,0,0,0,0,0,0,0,4,-10,4,-10,3,-9,4,-9,3,-8,3,-8,3,-8,3,-7,3,-7,2,-7,3,-7,2,-6,2,-6,2,-6,2,-6,2,-5,2,-5,2,-5,1,-5,1,-5,1,-5,1,-5,1,-4,1,-4,1,-4,1,-3,0,0,0,-3,0,-3,0,-3,0,-3,0,-3,-1,-3,-1,-3,-1,-3,-1,-3,-1,-3,-1,-3,-1,-3,-1,-3,-1,-3,-1,-3,-1,-3,-1,-3,-1,-3,-1,-3,-1,-3,-1,-3,-1,-3,-1,-3,0,-3,-1,-3,0,-3,0,0,0,0,0,0,0,0,0,0,0,0,0,0,20,-64,25,-61,19,-61,19,-57,22,-55,19,-50,22,-52,21,-51,22,-47,20,-42,16,-42,17,-38,16,-39,17,-40,18,-36,19,-35,16,-36,14,-33,12,-31,12,-29,10,-32,12,-29,9,-28,7,-28,7,-25,8,-24,6,-23,6,-22,7,-21,4,-19,5,-16,4,-18,2,-18,2,-18,-2,-14,0,-18,-1,-14,-4,-13,-4,-15,-5,-16,-5,-15,-6,-14,-5,-17,-4,-15,-3,-17,-6,-15,-4,-15,-4,-17,-6,-15,-5,-14,-4,-14,-4,-16,-6,-17,-1,-16,1,-17,-1,-16,0,-16,0,0,0,0,0,0,0,0,0,0,0,0,0,0,0,0,0,0,0,0,0,0,-5,-23,-2,-28,1,-28,3,-30,5,-33,4,-31,6,-33,9,-35,9,-35,14,-36,18,-40,20,-42,22,-43,27,-41,26,-41,34,-43,34,-44,40,-42,40,-44,43,-45,48,-43,54,-42,57,-39,60,-38,62,-38,62,-35,65,-32,66,-29,70,-26,71,-25,71,-25,73,-21,73,-19,73,-19,76,-20,74,-13,78,-15,79,-13,78,-12,76,-8,77,-6,80,-10,77,-5,83,-5,78,-4,77,-3,76,0,80,0,79,4,80,7,75,8,76,9,72,10,73,13,74,13,72,15,69,14,0,0]"
CSI_DATA,414,2a:00:00:00:00:00,-43,11,1,0,1,1,1,0,0,0,1,-96,0,11,2,5727142,0,44,0,384,0,"[0,0,0,0,0,0,0,0,0,0,0,0,-7,8,-7,8,-7,7,-7,7,-7,7,-7,6,-6,6,-6,6,-6,5,-5,5,-5,5,-5,5,-5,5,-5,5,-4,4,-5,4,-4,4,-4,4,-3,4,-4,4,-3,3,-3,3,-3,3,-3,3,-3,3,-3,2,0,0,-2,2,-2,2,-2,2,-2,2,-1,2,-1,2,-1,2,-1,2,0,2,0,2,0,2,0,2,-1,2,-1,2,-1,2,-1,2,-1,2,-1,2,-1,2,-1,2,-1,2,-1,2,-1,2,-1,2,-1,2,-2,2,0,0,0,0,0,0,0,0,0,0,0,0,0,0,-41,52,-43,49,-37,49,-43,46,-42,44,-39,40,-38,42,-39,38,-35,36,-35,32,-34,31,-34,31,-31,31,-31,29,-30,25,-27,25,-27,24,-25,26,-23,21,-22,22,-23,24,-22,20,-20,21,-18,21,-18,16,-15,19,-17,15,-13,20,-14,17,-13,15,-12,12,-10,10,-8,15,-8,14,-6,10,-6,11,-3,12,-4,15,-3,15,-1,14,0,16,0,15,-1,14,0,15,-1,16,-1,14,-1,14,-2,18,-2,14,-1,16,-3,14,-2,16,-3,16,-4,13,-4,13,-7,16,-7,14,0,0,0,0,0,0,0,0,0,0,0,0,0,0,0,0,0,0,0,0,0,0,-3,23,-9,25,-13,28,-14,27,-16,26,-19,26,-19,25,-23,28,-23,28,-26,28,-30,28,-36,27,-35,30,-37,29,-42,27,-45,28,-50,30,-55,26,-53,25,-55,24,-60,19,-64,20,-70,15,-68,13,-72,9,-71,8,-74,8,-74,4,-78,1,-78,2,-75,-4,-76,-10,-77,-10,-76,-10,-79,-14,-77,-16,-77,-13,-77,-17,-76,-16,-79,-18,-75,-24,-79,-21,-76,-24,-80,-25,-73,-28,-73,-26,-74,-31,-75,-31,-73,-32,-73,-36,-70,-34,-69,-35,-66,-35,-66,-39,-65,-39,-64,-39,-62,-42,0,0]"
CSI_DATA,415,2a:00:00:00:00:00,-43,11,1,0,1,1,1,0,0,0,1,-96,0,11,2,5736549,0,44,0,384,0,"[0,0,0,0,0,0,0,0,0,0,0,0,2,10,1,9,1,9,1,9,1,9,1,8,1,8,1,7,1,7,1,7,1,6,1,6,0,6,1,6,0,6,1,5,1,5,0,5,1,5,0,4,0,4,0,4,0,3,0,3,0,3,0,3,0,0,1,2,0,2,1,2,1,2,1,2,1,1,1,1,1,1,2,1,2,1,2,1,1,1,2,1,2,1,2,1,2,1,2,1,2,1,2,1,2,2,2,2,1,1,1,1,1,2,1,2,1,2,0,0,0,0,0,0,0,0,0,0,0,0,0,0,0,67,-6,64,-3,64,-3,61,-3,58,0,57,-5,53,-5,54,-6,51,-3,48,-5,45,-4,43,-4,42,-5,43,-4,37,-2,36,-3,38,-2,33,-4,33,-1,29,1,31,0,29,-1,28,-2,27,-5,26,-4,25,1,22,-1,23,0,16,2,18,5,19,2,18,-2,12,3,14,5,14,4,15,3,11,6,14,7,12,10,10,12,11,9,12,9,9,10,10,9,12,9,12,12,13,11,14,9,11,9,12,8,12,10,12,8,13,8,12,7,13,4,13,5,15,0,0,0,0,0,0,0,0,0,0,0,0,0,0,0,0,0,0,0,0,0,0,9,24,7,26,5,27,3,29,2,30,-2,32,-4,31,-5,35,-8,37,-7,39,-10,42,-10,43,-14,45,-17,47,-21,47,-23,46,-25,48,-28,49,-29,51,-38,49,-38,47,-44,51,-45,49,-47,49,-52,48,-55,49,-58,47,-62,44,-64,42,-65,41,-63,38,-65,38,-68,33,-73,35,-73,33,-72,33,-70,31,-71,32,-76,29,-74,30,-76,27,-75,28,-76,27,-77,24,-75,21,-75,24,-77,17,-76,16,-79,18,-77,12,-76,11,-80,13,-76,8,-72,9,-75,7,-76,5,-75,8,0,0]"
CSI_DATA,416,2a:00:00:00:00:00,-43,11,1,0,1,1,1,0,0,0,1,-96,0,11,2,5751548,0,44,0,384,0,"[0,0,0,0,0,0,0,0,0,0,0,0,4,8,4,8,4,8,4,8,3,7,3,7,3,7,3,6,2,6,3,6,3,5,3,5,3,5,2,5,2,5,2,4,2,4,2,4,2,4,2,4,2,3,2,3,2,3,2,3,2,2,2,2,0,0,1,2,1,2,1,1,2,1,1,1,1,1,1,1,2,0,2,0,2,0,2,0,2,0,2,0,2,0,2,0,2,0,2,0,2,0,2,1,2,0,2,1,2,1,2,1,2,1,2,1,1,1,0,0,0,0,0,0,0,0,0,0,0,0,0,0,24,63,21,59,22,61,20,55,21,53,16,54,15,51,18,52,14,49,17,47,14,43,14,39,13,39,10,38,12,35,13,34,11,36,14,33,11,32,12,28,14,28,13,25,12,29,10,27,9,25,10,22,9,19,9,19,7,17,8,15,11,15,13,12,8,13,8,12,11,10,9,8,8,8,12,5,11,5,12,5,14,4,14,3,13,5,11,4,14,4,14,5,16,3,15,4,15,5,14,8,16,6,16,6,12,9,13,6,11,6,11,9,12,10,0,0,0,0,0,0,0,0,0,0,0,0,0,0,0,0,0,0,0,0,0,0,11,22,11,23,10,24,5,27,8,27,5,32,4,32,2,35,1,36,0,38,-1,39,-6,44,-5,46,-9,49,-8,50,-12,49,-15,54,-16,52,-18,57,-24,59,-25,61,-30,60,-33,57,-37,59,-41,56,-42,61,-46,56,-49,59,-48,55,-52,59,-49,53,-55,55,-54,52,-58,51,-58,51,-58,50,-57,48,-62,50,-62,47,-62,52,-64,50,-62,47,-64,49,-63,45,-66,47,-63,44,-68,43,-66,43,-69,40,-69,36,-68,37,-71,40,-72,34,-63,30,-67,30,-72,31,-66,30,0,0]"
CSI_DATA,417,2a:00:00:00:00:00,-43,11,1,0,1,1,1,0,0,0,1,-96,0,11,2,5756424,0,44,0,384,0,"[0,0,0,0,0,0,0,0,0,0,0,0,2,-10,2,-10,2,-10,2,-10,2,-9,2,-8,2,-8,2,-8,2,-7,2,-7,2,-7,2,-7,1,-7,1,-7,1,-6,1,-6,1,-6,1,-5,1,-5,1,-5,1,-5,1,-5,1,-4,0,-4,0,-4,0,-4,0,0,0,-3,0,-3,0,-3,-1,-3,-1,-3,-1,-3,-1,-3,-1,-3,-2,-3,-2,-3,-2,-3,-2,-3,-2,-3,-2,-3,-2,-3,-2,-3,-2,-3,-2,-3,-2,-3,-1,-3,-1,-3,-1,-3,-1,-3,-1,-3,-1,-3,-1,-3,0,0,0,0,0,0,0,0,0,0,0,0,0,0,21,-65,21,-64,21,-60,21,-56,22,-57,19,-50,20,-52,21,-47,23,-48,19,-44,16,-41,17,-40,16,-41,16,-39,18,-37,15,-35,16,-35,15,-33,14,-33,11,-31,10,-30,9,-27,8,-26,7,-26,12,-24,8,-23,5,-21,6,-25,6,-21,5,-18,4,-17,0,-17,1,-17,3,-14,0,-15,0,-12,-3,-14,-3,-14,-2,-14,-7,-12,-7,-15,-6,-14,-3,-14,-6,-16,-6,-17,-7,-16,-8,-14,-7,-18,-5,-14,-7,-15,-5,-15,-5,-15,-2,-17,-2,-17,-2,-15,-2,-14,0,-16,0,0,0,0,0,0,0,0,0,0,0,0,0,0,0,0,0,0,0,0,0,0,-3,-26,-1,-27,3,-27,3,-29,5,-30,7,-30,9,-32,13,-33,12,-35,16,-36,21,-38,22,-37,26,-41,28,-41,30,-39,33,-41,38,-40,43,-40,41,-41,45,-41,46,-39,53,-40,60,-38,60,-35,63,-29,65,-32,68,-28,67,-27,74,-25,70,-24,73,-23,72,-17,75,-19,73,-16,74,-17,75,-12,79,-11,78,-8,78,-8,80,-9,78,-7,80,-6,76,-4,83,-3,75,-1,79,-1,76,1,77,1,80,4,79,9,77,12,77,10,74,10,72,12,73,16,70,14,73,16,0,0]"
CSI_DATA,418,2a:00:00:00:00:00,-43,11,1,0,1,1,1,0,0,0,1,-96,0,11,2,5766563,0,44,0,384,0,"[0,0,0,0,0,0,0,0,0,0,0,0,3,10,2,10,2,9,2,9,2,8,2,8,2,8,1,7,1,7,1,7,1,6,1,6,1,6,1,6,1,6,1,5,1,5,1,5,1,5,1,4,1,4,1,4,1,3,1,3,1,3,1,3,0,0,1,2,1,2,1,2,1,1,1,2,1,1,1,1,1,1,2,1,2,1,2,1,2,1,2,1,2,1,2,1,2,1,2,1,2,1,2,1,2,1,2,1,2,1,1,1,1,1,1,2,1,2,0,0,0,0,0,0,0,0,0,0,0,0,0,0,-3,66,-3,61,-4,65,-4,58,-2,59,-2,56,-5,52,-8,54,-7,51,-7,47,-6,45,-3,42,-3,43,-3,38,-3,35,-3,36,-2,38,-4,36,-3,34,-2,32,0,31,-1,29,-2,29,-1,27,-4,25,1,26,0,21,0,22,-2,19,3,17,3,17,4,20,2,15,2,11,4,11,3,12,3,9,4,11,7,10,8,11,7,11,10,13,11,11,10,10,10,10,9,9,10,13,10,13,8,13,8,13,9,13,8,13,7,13,6,10,8,13,5,15,6,14,0,0,0,0,0,0,0,0,0,0,0,0,0,0,0,0,0,0,0,0,0,0,6,23,5,25,5,28,0,29,1,30,-1,32,-5,32,-5,36,-8,37,-8,39,-12,39,-14,43,-13,45,-19,46,-21,47,-24,45,-28,49,-29,48,-31,50,-39,50,-40,50,-47,50,-46,47,-49,47,-52,46,-55,49,-60,45,-63,43,-62,39,-67,40,-64,36,-68,36,-68,32,-72,31,-70,31,-73,29,-69,31,-72,32,-76,29,-74,29,-79,28,-74,26,-77,24,-78,24,-77,23,-75,19,-78,19,-77,19,-79,13,-77,14,-78,10,-79,13,-77,8,-71,7,-76,5,-73,4,-70,6,0,0]"
CSI_DATA,419,2a:00:00:00:00:00,-43,11,1,0,1,1,1,0,0,0,1,-96,0,11,2,5777378,0,44,0,384,0,"[0,0,0,0,0,0,0,0,0,0,0,0,-2,10,-2,9,-2,10,-3,9,-3,9,-3,8,-2,8,-2,7,-2,7,-2,7,-3,7,-2,6,-2,6,-2,6,-2,5,-2,6,-2,5,-2,5,-1,5,-1,5,-1,4,-1,4,-1,4,-1,4,-1,3,-1,3,0,0,-1,2,-1,3,0,2,0,2,0,2,0,2,0,2,0,2,1,1,1,2,1,2,1,2,1,2,1,2,1,2,1,2,1,2,1,2,1,2,1,2,1,2,0,2,0,2,0,2,0,2,0,2,0,0,0,0,0,0,0,0,0,0,0,0,0,0,8,64,6,65,6,64,5,58,7,56,4,55,3,55,0,54,2,53,1,49,1,45,1,42,1,45,1,43,1,38,1,37,2,39,3,37,1,34,5,31,4,31,2,30,2,30,2,28,1,27,0,25,4,20,6,24,2,21,4,17,5,16,4,16,4,18,4,14,6,9,4,11,7,12,9,10,7,9,11,8,10,10,12,10,11,10,11,8,11,10,14,9,13,11,12,9,14,10,11,10,10,10,12,9,9,12,7,12,10,12,8,12,7,13,0,0,0,0,0,0,0,0,0,0,0,0,0,0,0,0,0,0,0,0,0,0,11,21,7,24,9,25,3,28,3,29,4,31,2,33,-1,35,-2,37,-2,38,-6,43,-9,43,-7,44,-13,45,-14,50,-19,48,-19,52,-22,53,-25,55,-30,54,-33,54,-37,55,-42,56,-42,56,-47,52,-49,51,-51,50,-55,50,-59,50,-59,50,-60,45,-63,45,-64,43,-65,43,-68,40,-66,41,-68,41,-67,40,-67,41,-68,37,-70,34,-69,39,-72,36,-74,36,-73,31,-69,33,-71,29,-73,29,-76,26,-78,25,-75,23,-74,21,-72,19,-71,17,-74,18,-76,16,-74,14,0,0]"
CSI_DATA,420,2a:00:00:00:00:00,-43,11,1,0,1,1,1,0,0,0,1,-96,0,11,2,5786387,0,44,0,384,0,"[0,0,0,0,0,0,0,0,0,0,0,0,7,-8,7,-8,7,-8,7,-7,6,-7,6,-6,6,-6,6,-6,6,-5,5,-6,5,-5,5,-5,4,-5,4,-5,4,-5,4,-5,4,-5,4,-4,3,-4,3,-4,3,-4,3,-4,3,-3,2,-4,2,-4,2,-3,0,0,2,-3,1,-3,1,-3,1,-3,0,-3,0,-3,0,-3,0,-3,0,-3,0,-3,0,-3,0,-3,0,-3,0,-4,0,-3,0,-3,0,-4,0,-3,0,-3,0,-3,0,-3,0,-3,0,-3,0,-3,0,-3,0,-3,0,0,0,0,0,0,0,0,0,0,0,0,0,0,-69,-4,-61,-8,-64,-10,-60,-6,-59,-7,-61,-7,-48,-12,-52,-7,-43,-7,-48,-13,-46,-12,-47,-3,-45,-11,-39,-9,-37,-7,-40,-6,-37,-5,-35,-6,-37,-6,-30,-2,-34,-5,-28,-3,-26,0,-27,-5,-23,-3,-22,-4,-24,-2,-18,0,-18,0,-23,-2,-19,2,-18,3,-11,2,-11,1,-9,0,-12,7,-9,7,-13,7,-11,12,-10,5,-9,2,-14,11,-10,9,-11,12,-13,10,-12,9,-9,5,-10,10,-12,8,-9,5,-12,4,-11,4,-12,6,-16,5,-16,8,-13,3,-10,4,0,0,0,0,0,0,0,0,0,0,0,0,0,0,0,0,0,0,0,0,0,0,-28,1,-30,1,-25,1,-31,-3,-32,-4,-34,-6,-33,-10,-30,-13,-36,-11,-38,-16,-38,-19,-41,-18,-41,-19,-46,-23,-50,-27,-43,-31,-46,-35,-45,-37,-50,-43,-46,-42,-48,-45,-50,-53,-42,-52,-47,-54,-39,-60,-43,-65,-40,-66,-36,-71,-34,-66,-37,-74,-30,-65,-31,-72,-27,-70,-30,-75,-27,-73,-23,-79,-26,-72,-24,-74,-23,-77,-23,-74,-19,-79,-24,-75,-20,-81,-17,-79,-19,-82,-13,-75,-12,-81,-12,-80,-9,-77,-11,-73,-6,-77,-4,-81,-1,-85,1,-72,-2,-77,0,-75,-2,-65,0,0]"
CSI_DATA,421,2a:00:00:00:00:00,-43,11,1,0,1,1,1,0,0,0,1,-96,0,11,2,5796541,0,44,0,384,0,"[0,0,0,0,0,0,0,0,0,0,0,0,-2,10,-2,10,-2,9,-2,9,-2,8,-3,8,-2,7,-2,7,-3,7,-2,7,-2,6,-2,6,-2,6,-2,6,-2,6,-2,5,-2,5,-1,5,-2,5,-1,4,-1,4,-1,4,-1,3,-1,3,-1,3,-1,3,0,0,0,2,-1,3,-1,2,0,2,0,2,0,2,0,2,0,2,1,2,1,2,1,2,1,2,1,2,1,2,1,2,1,2,1,2,1,2,0,2,1,2,0,2,0,2,0,2,0,2,0,2,0,2,0,0,0,0,0,0,0,0,0,0,0,0,0,0,-22,63,-22,61,-20,61,-26,53,-23,53,-22,51,-23,49,-26,50,-25,45,-21,43,-22,41,-19,39,-20,39,-16,36,-16,36,-14,36,-16,34,-16,34,-15,31,-13,28,-13,30,-12,27,-12,28,-14,23,-9,23,-11,22,-9,20,-9,21,-9,20,-5,19,-4,17,-4,18,-7,15,-2,13,0,12,-2,14,-2,15,3,14,1,15,4,15,3,14,5,15,3,14,3,15,4,13,6,14,6,15,2,15,4,17,1,14,5,16,3,17,-1,12,1,16,0,15,-2,15,-1,14,0,0,0,0,0,0,0,0,0,0,0,0,0,0,0,0,0,0,0,0,0,0,3,23,3,24,-2,27,-4,30,-6,29,-7,30,-11,32,-9,36,-16,36,-13,33,-19,38,-18,38,-21,41,-27,42,-30,42,-35,38,-38,42,-38,40,-41,45,-49,40,-48,41,-55,38,-53,38,-60,39,-60,34,-63,35,-66,30,-73,29,-71,23,-75,23,-71,19,-79,18,-78,18,-76,15,-78,14,-78,11,-72,11,-77,13,-78,10,-79,10,-83,6,-77,2,-80,1,-80,1,-80,-1,-79,-4,-80,-3,-78,-7,-78,-8,-77,-8,-78,-10,-79,-11,-78,-14,-67,-14,-75,-17,-74,-18,-70,-19,0,0]"
