type,id,mac,rssi,rate,sig_mode,mcs,bandwidth,smoothing,not_sounding,aggregation,stbc,fec_coding,sgi,noise_floor,ampdu_cnt,channel,secondary_channel,local_timestamp,ant,sig_len,rx_state,len,first_word,data
CSI_DATA,21,1a:00:00:00:00:00,-45,11,1,0,1,1,1,0,0,0,1,-96,0,11,2,508961,0,44,0,384,0,"[0,0,0,0,0,0,0,0,0,0,0,0,-8,8,-7,8,-6,8,-7,8,-6,7,-5,7,-4,7,-4,6,-3,6,-3,6,-2,6,-1,6,-1,5,-1,5,0,5,1,6,1,5,2,5,2,5,3,5,3,5,4,4,4,5,4,5,5,5,5,5,0,0,6,6,6,6,6,6,7,7,6,7,6,7,6,7,6,7,6,7,5,8,4,8,3,8,3,8,3,8,2,8,2,8,2,8,2,8,1,7,1,7,0,7,0,6,-1,6,-2,6,-2,5,-2,4,0,0,0,0,0,0,0,0,0,0,0,0,0,0,-53,59,-55,47,-47,48,-38,47,-41,52,-34,44,-32,44,-32,41,-28,40,-23,37,-20,36,-16,34,-12,36,-13,34,-7,35,-3,31,-7,30,1,30,-2,28,10,34,11,29,11,31,11,25,14,25,18,24,22,27,25,25,25,25,31,25,35,27,34,27,36,28,34,30,36,32,38,32,38,31,36,36,37,36,35,39,37,43,31,41,29,44,29,42,26,43,21,38,23,46,20,41,17,41,13,39,12,38,9,42,7,36,7,35,2,36,-4,34,-6,30,-6,28,0,0,0,0,0,0,0,0,0,0,0,0,0,0,0,0,0,0,0,0,0,0,6,-2,6,0,7,1,3,2,3,2,-2,8,-4,5,-7,6,-14,0,-15,1,-21,-2,-24,0,-26,-4,-28,-6,-29,-11,-35,-8,-39,-13,-40,-20,-36,-20,-36,-22,-37,-24,-46,-30,-43,-32,-43,-32,-44,-37,-44,-37,-42,-38,-41,-37,-44,-42,-46,-39,-45,-40,-47,-41,-46,-40,-47,-39,-52,-44,-50,-43,-52,-46,-56,-40,-52,-39,-62,-40,-53,-39,-66,-37,-66,-39,-64,-40,-62,-35,-70,-33,-69,-36,-72,-41,-72,-40,-77,-47,-75,-46,-84,-46,-77,-45,-75,-50,-77,-53,-74,-51,-76,-51,0,0]"
CSI_DATA,22,1a:00:00:00:00:00,-45,11,1,0,1,1,1,0,0,0,1,-96,0,11,2,517804,0,44,0,384,0,"[0,0,0,0,0,0,0,0,0,0,0,0,-2,11,-2,10,-1,10,-2,9,-1,9,-1,8,0,8,0,7,1,6,1,6,2,6,2,5,2,5,2,4,3,4,3,4,4,3,4,3,4,2,5,2,5,2,6,1,6,2,6,1,7,1,7,1,0,0,8,1,9,1,8,1,9,1,9,2,9,2,9,2,9,3,9,3,8,3,9,3,8,4,7,4,7,4,7,5,6,4,6,5,5,4,5,5,4,5,4,5,3,5,3,5,2,5,2,5,1,5,0,0,0,0,0,0,0,0,0,0,0,0,0,0,-19,34,-19,30,-14,32,-12,29,-13,30,-14,29,-11,23,-9,25,-8,21,-6,19,-6,22,-2,21,-2,19,0,17,0,17,2,16,4,16,5,14,8,13,5,12,8,12,8,12,11,9,11,9,12,9,15,10,16,8,18,7,17,9,21,8,20,9,22,9,20,10,23,7,23,10,24,10,23,11,26,12,22,13,24,15,21,14,22,16,19,17,21,17,18,15,17,17,15,18,15,17,13,17,12,16,11,17,10,17,9,15,6,16,4,16,3,15,0,16,0,0,0,0,0,0,0,0,0,0,0,0,0,0,0,0,0,0,0,0,0,0,5,-3,2,-2,3,1,0,1,-1,1,0,1,-5,2,-5,1,-6,3,-8,2,-10,2,-13,2,-13,4,-13,1,-16,-1,-20,-3,-19,-1,-21,-3,-22,-5,-23,-9,-25,-8,-26,-8,-21,-11,-25,-10,-26,-13,-26,-13,-28,-15,-26,-15,-24,-14,-29,-14,-25,-16,-28,-18,-27,-14,-30,-14,-29,-15,-31,-17,-27,-15,-30,-13,-32,-13,-34,-12,-36,-14,-35,-11,-37,-12,-38,-11,-35,-10,-42,-9,-39,-10,-41,-8,-44,-11,-42,-13,-42,-13,-45,-13,-48,-16,-42,-14,-43,-15,-45,-17,-41,-15,0,0]"
CSI_DATA,23,1a:00:00:00:00:00,-45,11,1,0,1,1,1,0,0,0,1,-96,0,11,2,526915,0,44,0,384,0,"[0,0,0,0,0,0,0,0,0,0,0,0,-11,1,-10,1,-10,2,-9,1,-9,1,-8,1,-8,2,-7,2,-7,2,-6,3,-6,3,-5,3,-5,3,-4,4,-4,3,-3,4,-2,4,-3,5,-2,4,-2,5,-1,5,-1,5,-1,6,-1,6,-1,7,0,7,0,0,0,8,0,8,0,8,0,8,0,8,-1,9,-1,9,-1,9,-1,9,-2,9,-2,9,-3,8,-3,8,-3,7,-4,7,-4,7,-4,7,-4,6,-4,6,-4,5,-5,5,-5,4,-5,4,-5,3,-5,3,-5,2,0,0,0,0,0,0,0,0,0,0,0,0,0,0,-79,2,-76,2,-71,5,-63,5,-63,6,-56,5,-60,6,-56,7,-53,8,-43,7,-41,12,-33,10,-33,10,-34,15,-26,17,-29,22,-28,19,-23,21,-21,23,-16,29,-11,28,-14,26,-10,30,-8,32,-6,29,-8,37,0,37,0,40,-2,42,5,42,2,45,5,45,-2,50,0,50,0,51,0,49,-2,54,-5,53,-7,51,-9,52,-11,54,-9,54,-16,48,-14,49,-18,43,-17,51,-19,41,-21,44,-19,37,-22,36,-25,34,-23,32,-24,29,-28,27,-26,21,-28,19,-24,13,0,0,0,0,0,0,0,0,0,0,0,0,0,0,0,0,0,0,0,0,0,0,6,7,4,6,3,6,-1,3,-4,-2,-6,1,-8,0,-10,-6,-11,-9,-12,-10,-14,-12,-18,-14,-17,-21,-16,-22,-17,-25,-16,-32,-23,-31,-18,-39,-10,-40,-12,-47,-12,-49,-13,-53,-10,-52,-9,-54,-5,-57,-7,-58,-5,-60,-4,-61,-2,-61,-3,-64,-6,-59,-3,-63,-2,-65,-4,-65,-3,-66,-9,-65,-10,-65,-9,-65,-10,-70,-16,-73,-11,-70,-17,-75,-18,-67,-23,-79,-20,-71,-25,-75,-22,-77,-21,-80,-20,-86,-25,-91,-19,-90,-23,-87,-16,-91,-17,-86,-20,-92,-15,-91,-12,-95,0,0]"
CSI_DATA,24,1a:00:00:00:00:00,-45,11,1,0,1,1,1,0,0,0,1,-96,0,11,2,557394,0,44,0,384,0,"[0,0,0,0,0,0,0,0,0,0,0,0,-6,10,-5,10,-4,9,-4,9,-3,8,-3,7,-2,7,-2,7,-1,6,-1,5,-1,6,0,6,0,5,1,5,1,4,2,4,2,4,2,4,3,4,4,3,4,3,5,3,4,4,5,3,6,4,6,3,0,0,7,4,7,4,7,5,7,4,7,5,7,5,7,5,7,5,7,6,6,6,6,7,5,6,5,7,4,7,4,7,3,7,3,7,3,6,3,6,2,6,2,6,1,6,0,5,0,5,-1,5,-1,4,0,0,0,0,0,0,0,0,0,0,0,0,0,0,-23,32,-20,29,-18,31,-18,29,-17,29,-15,26,-14,22,-13,22,-11,22,-10,20,-8,22,-4,17,-5,20,-3,17,-3,17,0,15,1,15,2,15,5,13,4,14,7,13,8,15,9,12,9,11,11,11,12,11,15,11,17,10,16,10,18,13,18,12,20,13,18,12,19,12,22,13,19,16,22,15,22,17,20,16,18,17,18,16,17,21,17,18,16,19,14,20,14,20,13,18,11,19,10,18,9,19,7,18,4,18,5,18,3,17,0,17,1,14,-3,13,0,0,0,0,0,0,0,0,0,0,0,0,0,0,0,0,0,0,0,0,0,0,5,0,3,1,1,0,1,2,-2,1,-2,2,-4,2,-5,2,-7,3,-8,0,-9,1,-14,2,-13,2,-16,0,-16,-1,-20,-4,-20,-3,-21,-5,-22,-5,-22,-9,-23,-7,-25,-10,-25,-12,-26,-12,-25,-12,-29,-14,-25,-17,-26,-16,-25,-17,-29,-16,-28,-17,-29,-18,-27,-16,-28,-17,-28,-17,-29,-16,-29,-16,-32,-14,-29,-15,-33,-16,-33,-15,-36,-13,-36,-14,-37,-13,-37,-13,-42,-12,-40,-14,-38,-13,-40,-13,-42,-16,-42,-16,-45,-16,-47,-18,-41,-18,-44,-21,-41,-19,-39,-20,0,0]"
CSI_DATA,25,1a:00:00:00:00:00,-45,11,1,0,1,1,1,0,0,0,1,-96,0,11,2,576934,0,44,0,384,0,"[0,0,0,0,0,0,0,0,0,0,0,0,8,7,8,6,8,5,8,5,7,4,6,4,7,3,6,3,6,2,5,1,6,1,5,0,6,0,5,-1,5,-1,5,-2,5,-2,4,-2,4,-3,5,-4,4,-4,4,-4,4,-4,5,-5,5,-6,5,-6,0,0,5,-7,6,-6,6,-7,6,-7,7,-7,7,-7,6,-6,7,-6,7,-6,8,-5,8,-5,8,-5,7,-4,8,-4,7,-3,7,-3,7,-3,7,-2,7,-2,6,-2,6,-1,6,0,5,0,5,0,5,1,4,1,0,0,0,0,0,0,0,0,0,0,0,0,0,0,48,62,38,62,42,57,33,54,38,52,32,50,32,41,38,44,30,36,29,37,27,27,27,24,29,25,28,19,29,17,28,10,30,9,30,7,32,6,29,3,35,-3,24,-1,28,-10,30,-8,29,-11,34,-18,28,-15,36,-20,37,-22,32,-20,31,-24,41,-27,39,-24,43,-29,41,-28,47,-25,46,-23,47,-24,53,-20,48,-20,50,-19,48,-13,52,-13,48,-10,49,-9,43,-7,45,-5,42,-1,44,1,40,0,40,4,36,3,36,5,32,9,31,12,26,8,26,13,0,0,0,0,0,0,0,0,0,0,0,0,0,0,0,0,0,0,0,0,0,0,2,-8,1,-8,3,-1,2,-2,4,0,6,4,7,6,4,10,0,16,-2,14,-6,18,-3,22,-7,28,-13,29,-13,30,-17,29,-21,35,-23,29,-25,34,-29,36,-31,36,-36,40,-34,34,-42,34,-45,37,-41,39,-47,35,-53,35,-49,35,-55,39,-45,33,-51,40,-52,40,-49,39,-53,39,-53,40,-47,39,-51,45,-50,50,-53,46,-59,52,-47,51,-56,53,-48,52,-54,55,-48,56,-53,58,-51,60,-56,61,-61,61,-58,58,-59,68,-75,67,-60,56,-67,61,-68,65,-62,59,0,0]"
CSI_DATA,26,1a:00:00:00:00:00,-45,11,1,0,1,1,1,0,0,0,1,-96,0,11,2,586934,0,44,0,384,0,"[0,0,0,0,0,0,0,0,0,0,0,0,-9,-9,-8,-8,-8,-7,-8,-7,-8,-6,-7,-6,-7,-5,-7,-4,-6,-4,-6,-3,-6,-2,-6,-2,-6,-2,-6,-1,-6,-1,-6,0,-6,1,-5,1,-6,1,-6,2,-6,2,-6,3,-6,3,-6,4,-6,4,-6,4,0,0,-6,5,-7,5,-8,5,-7,6,-8,5,-9,5,-9,5,-9,5,-9,4,-9,4,-9,4,-9,3,-9,3,-9,2,-9,2,-9,1,-8,1,-8,1,-8,0,-7,0,-7,-1,-7,-1,-7,-1,-6,-2,-6,-2,-5,-3,0,0,0,0,0,0,0,0,0,0,0,0,0,0,-42,-71,-37,-64,-40,-59,-34,-59,-33,-52,-33,-50,-31,-42,-33,-43,-30,-37,-31,-36,-32,-30,-25,-27,-29,-27,-32,-16,-26,-20,-28,-17,-32,-10,-32,-14,-32,-8,-28,-6,-29,-1,-31,2,-30,6,-32,7,-31,11,-32,11,-28,15,-32,16,-33,18,-38,22,-38,20,-41,24,-42,22,-46,28,-43,24,-47,20,-48,24,-50,25,-49,21,-51,21,-49,16,-50,12,-51,11,-54,11,-52,6,-48,6,-47,2,-47,-1,-44,1,-39,-1,-40,-1,-38,-5,-40,-6,-37,-14,-29,-12,-30,-17,-27,-19,0,0,0,0,0,0,0,0,0,0,0,0,0,0,0,0,0,0,0,0,0,0,-4,10,-3,6,-5,3,-7,2,-5,-5,-5,-6,-2,-8,-6,-10,-1,-14,0,-18,6,-19,6,-23,5,-31,14,-30,15,-29,20,-28,23,-35,22,-30,26,-34,35,-32,36,-33,44,-35,41,-30,45,-32,47,-32,49,-36,51,-27,53,-35,50,-27,56,-38,50,-31,58,-35,53,-33,55,-36,56,-39,54,-35,53,-33,53,-40,51,-42,53,-45,55,-47,53,-45,58,-49,53,-50,52,-48,52,-62,57,-57,54,-56,59,-63,62,-61,61,-55,68,-58,72,-62,63,-53,72,-58,71,-60,73,-50,0,0]"
CSI_DATA,27,1a:00:00:00:00:00,-45,11,1,0,1,1,1,0,0,0,1,-96,0,11,2,597042,0,44,0,384,0,"[0,0,0,0,0,0,0,0,0,0,0,0,-7,-9,-7,-8,-7,-7,-7,-8,-6,-7,-6,-6,-6,-6,-6,-5,-6,-4,-6,-4,-6,-3,-6,-3,-6,-2,-6,-2,-6,-1,-6,-1,-6,0,-5,0,-6,1,-6,1,-5,1,-6,2,-6,2,-6,2,-7,3,-7,4,0,0,-7,4,-7,3,-8,4,-8,4,-8,3,-9,3,-9,3,-9,3,-9,3,-9,2,-9,2,-9,1,-9,1,-9,1,-8,0,-8,0,-8,0,-7,-1,-7,-1,-7,-1,-7,-2,-6,-2,-6,-2,-6,-3,-5,-3,-4,-3,0,0,0,0,0,0,0,0,0,0,0,0,0,0,-39,-64,-34,-62,-39,-63,-35,-60,-35,-57,-29,-51,-28,-48,-31,-46,-32,-36,-27,-39,-28,-33,-29,-28,-27,-25,-28,-24,-29,-19,-26,-18,-31,-15,-28,-11,-30,-9,-29,-8,-33,-4,-32,-2,-31,3,-33,3,-34,4,-35,11,-34,11,-38,14,-40,16,-36,19,-40,14,-41,20,-43,20,-46,23,-43,19,-53,18,-51,16,-47,19,-52,14,-49,13,-51,9,-53,7,-55,5,-54,7,-49,3,-50,3,-48,-1,-49,-4,-44,-4,-37,-6,-38,-9,-38,-7,-35,-12,-33,-15,-30,-19,-26,-17,-21,-20,0,0,0,0,0,0,0,0,0,0,0,0,0,0,0,0,0,0,0,0,0,0,-1,10,-4,6,-5,5,-4,2,-2,-4,-8,-6,-4,-6,-2,-15,2,-12,-4,-19,-1,-20,5,-26,7,-30,8,-32,13,-32,18,-29,18,-38,26,-32,22,-36,30,-38,30,-39,36,-39,41,-35,45,-37,43,-38,45,-41,48,-31,46,-36,50,-30,52,-39,45,-32,52,-36,52,-34,50,-35,54,-41,51,-42,54,-40,50,-41,51,-43,49,-46,51,-46,53,-53,58,-49,57,-51,54,-54,53,-54,56,-54,54,-61,55,-62,59,-63,63,-62,64,-62,69,-57,69,-57,72,-59,69,-58,69,-51,0,0]"
CSI_DATA,28,1a:00:00:00:00:00,-45,11,1,0,1,1,1,0,0,0,1,-96,0,11,2,618052,0,44,0,384,0,"[0,0,0,0,0,0,0,0,0,0,0,0,-12,-6,-11,-5,-11,-5,-10,-5,-10,-4,-9,-4,-9,-3,-8,-2,-7,-2,-7,-2,-7,-1,-7,0,-7,0,-6,1,-6,1,-6,2,-5,2,-5,3,-5,3,-5,4,-5,4,-5,5,-4,5,-4,6,-5,6,-4,6,0,0,-4,7,-5,8,-5,8,-5,8,-6,8,-6,8,-6,8,-6,7,-7,7,-7,7,-8,7,-8,6,-7,6,-7,6,-7,5,-8,5,-8,4,-7,4,-7,3,-7,3,-7,2,-7,2,-7,1,-7,1,-6,0,-6,-1,0,0,0,0,0,0,0,0,0,0,0,0,0,0,-38,-15,-37,-14,-37,-11,-31,-12,-32,-10,-28,-9,-28,-9,-27,-9,-24,-5,-24,-5,-23,-3,-22,-1,-20,1,-19,0,-18,2,-18,4,-16,4,-15,7,-13,6,-11,8,-13,10,-11,10,-8,10,-9,13,-10,14,-8,13,-8,17,-9,17,-9,19,-8,20,-7,20,-6,24,-9,20,-9,24,-7,23,-10,23,-10,25,-10,25,-10,25,-12,24,-12,22,-15,22,-15,22,-15,20,-17,19,-15,20,-16,18,-16,15,-16,14,-16,12,-16,13,-16,11,-17,9,-17,7,-17,6,-16,5,-13,3,0,0,0,0,0,0,0,0,0,0,0,0,0,0,0,0,0,0,0,0,0,0,0,4,-2,3,-2,2,-1,0,-2,0,-4,-3,-3,-3,-6,-5,-5,-6,-4,-8,-4,-8,-4,-11,-5,-13,-3,-15,-1,-16,-1,-17,-1,-22,2,-20,2,-23,4,-23,6,-24,5,-26,8,-27,9,-28,10,-28,8,-29,12,-28,11,-27,15,-28,12,-32,11,-27,12,-31,12,-30,11,-30,13,-33,10,-31,11,-31,9,-33,11,-32,9,-36,10,-36,7,-37,9,-38,7,-41,8,-37,3,-40,5,-40,6,-42,6,-42,5,-45,8,-45,6,-44,10,-47,9,-46,12,-48,8,-45,11,-45,0,0]"
CSI_DATA,29,1a:00:00:00:00:00,-45,11,1,0,1,1,1,0,0,0,1,-96,0,11,2,626904,0,44,0,384,0,"[0,0,0,0,0,0,0,0,0,0,0,0,-12,-2,-11,-1,-11,0,-10,-1,-10,0,-9,0,-9,1,-8,1,-7,1,-7,1,-7,1,-6,2,-6,2,-5,3,-5,3,-4,4,-4,4,-4,4,-3,4,-3,5,-3,5,-2,5,-2,6,-2,6,-2,6,-2,7,0,0,-2,8,-2,8,-2,8,-2,9,-3,8,-3,9,-3,9,-3,9,-4,9,-4,8,-5,8,-5,8,-5,7,-5,6,-6,6,-6,6,-6,6,-5,5,-6,5,-6,4,-6,4,-6,3,-6,3,-6,2,-6,1,-5,0,0,0,0,0,0,0,0,0,0,0,0,0,0,0,-39,-4,-40,-3,-38,2,-35,-3,-31,1,-28,0,-28,1,-27,1,-25,0,-23,1,-21,2,-20,3,-18,4,-18,6,-15,6,-14,9,-14,10,-12,10,-11,9,-9,13,-8,12,-8,13,-6,14,-7,15,-7,15,-5,18,-2,17,-2,19,-2,19,1,22,1,21,-1,22,-1,24,-2,24,-1,25,-4,26,-5,26,-5,27,-7,26,-8,25,-7,25,-7,26,-8,23,-10,24,-12,22,-10,22,-13,20,-13,19,-12,17,-13,17,-13,14,-15,14,-14,12,-15,11,-13,8,-12,8,-14,5,0,0,0,0,0,0,0,0,0,0,0,0,0,0,0,0,0,0,0,0,0,0,2,3,0,1,1,3,-1,2,-4,2,-4,0,-4,-2,-5,-1,-7,-3,-8,-5,-7,-6,-10,-9,-10,-11,-9,-14,-7,-14,-10,-17,-10,-18,-5,-20,-6,-21,-6,-24,-3,-22,-3,-28,-4,-26,-4,-29,-3,-30,-2,-30,-2,-30,1,-32,1,-32,0,-33,1,-30,-1,-33,2,-33,0,-32,0,-34,0,-32,-2,-33,-4,-35,-4,-34,-5,-35,-3,-36,-6,-37,-5,-38,-6,-39,-7,-37,-9,-40,-8,-39,-8,-39,-9,-42,-11,-43,-10,-41,-11,-43,-9,-43,-7,-43,-7,-48,-7,-44,-2,-47,0,0]"
CSI_DATA,30,1a:00:00:00:00:00,-45,11,1,0,1,1,1,0,0,0,1,-96,0,11,2,637626,0,44,0,384,0,"[0,0,0,0,0,0,0,0,0,0,0,0,-12,-2,-12,-2,-10,-1,-10,-2,-9,-1,-9,-1,-8,0,-8,0,-7,0,-7,1,-6,1,-6,2,-6,2,-5,3,-5,3,-5,3,-4,4,-3,4,-3,4,-3,4,-3,5,-2,5,-2,5,-2,6,-2,7,-2,7,0,0,-2,8,-2,8,-2,8,-2,8,-2,9,-3,9,-3,9,-3,9,-3,9,-4,8,-4,8,-5,8,-4,7,-5,7,-5,6,-5,7,-5,6,-5,6,-5,5,-5,5,-6,4,-5,3,-6,3,-5,3,-6,2,-5,1,0,0,0,0,0,0,0,0,0,0,0,0,0,0,-37,-17,-35,-15,-34,-10,-29,-12,-32,-11,-29,-11,-27,-10,-28,-9,-23,-6,-21,-5,-22,-2,-21,-2,-22,1,-18,0,-16,1,-17,4,-17,5,-18,6,-16,5,-14,6,-12,9,-11,8,-9,12,-10,12,-10,13,-10,14,-8,16,-8,16,-10,18,-7,20,-9,19,-9,21,-9,19,-11,24,-9,24,-12,23,-11,24,-12,24,-12,23,-14,22,-14,22,-15,22,-16,19,-15,20,-18,17,-18,17,-19,15,-18,16,-16,13,-17,12,-17,11,-17,11,-16,9,-16,8,-17,5,-16,3,-16,0,0,0,0,0,0,0,0,0,0,0,0,0,0,0,0,0,0,0,0,0,0,0,0,5,0,2,-1,2,-3,2,-4,-1,-5,-1,-5,-3,-6,-3,-3,-6,-6,-6,-6,-9,-3,-11,-4,-14,-3,-16,-1,-18,-1,-18,-1,-20,-1,-20,0,-21,2,-24,4,-24,6,-27,5,-25,8,-27,9,-28,9,-30,11,-29,10,-30,12,-28,12,-31,10,-28,11,-30,11,-31,10,-30,11,-31,10,-31,9,-30,10,-32,10,-34,9,-35,8,-36,8,-35,8,-37,5,-41,6,-36,8,-37,5,-40,4,-42,7,-41,8,-43,7,-45,9,-47,9,-45,9,-41,15,-45,11,-45,11,-43,0,0]"
CSI_DATA,31,1a:00:00:00:00:00,-45,11,1,0,1,1,1,0,0,0,1,-96,0,11,2,646894,0,44,0,384,0,"[0,0,0,0,0,0,0,0,0,0,0,0,-13,1,-12,2,-11,2,-11,2,-10,2,-9,2,-8,2,-8,2,-7,3,-7,3,-6,3,-5,3,-5,4,-5,4,-4,4,-3,5,-3,4,-2,5,-2,5,-2,5,-1,6,-1,6,-1,6,0,7,0,7,0,7,0,0,1,8,0,9,0,9,0,9,0,9,-1,10,0,10,-1,10,-1,10,-2,10,-2,10,-3,9,-3,9,-3,8,-3,8,-4,8,-4,7,-4,7,-4,6,-4,6,-4,5,-5,5,-5,5,-5,4,-5,3,-5,2,0,0,0,0,0,0,0,0,0,0,0,0,0,0,-41,-2,-37,-5,-37,0,-33,-1,-33,-1,-30,-1,-30,1,-29,1,-25,3,-23,-1,-21,2,-20,4,-20,3,-18,7,-16,5,-15,7,-15,9,-13,9,-10,9,-8,11,-9,14,-8,12,-7,14,-4,15,-6,15,-6,15,-2,16,-4,19,-3,19,-1,20,-1,19,-4,23,-2,21,-3,24,-2,24,-5,24,-4,26,-4,25,-6,24,-6,25,-8,24,-10,25,-10,22,-11,22,-11,21,-11,21,-11,20,-12,18,-13,15,-12,15,-13,15,-14,14,-12,13,-14,10,-15,8,-16,8,-14,3,0,0,0,0,0,0,0,0,0,0,0,0,0,0,0,0,0,0,0,0,0,0,2,2,1,2,-1,3,-2,3,-3,4,-4,-1,-5,0,-5,-2,-7,-3,-9,-6,-8,-7,-9,-7,-10,-10,-7,-13,-9,-13,-11,-16,-10,-19,-8,-17,-7,-21,-7,-22,-6,-22,-5,-26,-5,-25,-4,-28,-3,-29,-4,-30,-3,-29,-1,-31,-1,-31,-3,-32,-1,-27,0,-35,-2,-32,-2,-32,-2,-34,-3,-31,-3,-31,-4,-35,-3,-35,-4,-37,-4,-37,-7,-36,-6,-37,-8,-37,-10,-38,-9,-37,-9,-40,-9,-40,-11,-40,-8,-43,-7,-43,-6,-45,-7,-47,-8,-45,-6,-46,-7,-44,-4,-43,0,0]"
CSI_DATA,32,1a:00:00:00:00:00,-45,11,1,0,1,1,1,0,0,0,1,-96,0,11,2,656932,0,44,0,384,0,"[0,0,0,0,0,0,0,0,0,0,0,0,4,10,4,9,5,8,4,8,4,7,4,7,4,6,4,5,4,5,4,4,4,3,4,3,4,2,5,2,4,1,5,1,5,0,5,0,5,-1,5,-1,5,-1,6,-1,6,-2,6,-3,6,-3,6,-3,0,0,7,-4,8,-4,8,-4,8,-4,8,-3,8,-3,9,-3,8,-3,9,-3,9,-2,9,-2,8,-1,8,-1,8,-1,8,0,8,0,7,0,7,1,6,1,6,1,6,2,5,2,5,2,4,2,4,3,3,3,0,0,0,0,0,0,0,0,0,0,0,0,0,0,25,72,24,71,27,66,24,63,26,60,21,56,24,53,22,50,20,42,21,38,21,40,21,33,24,31,21,25,24,25,26,22,26,20,28,15,23,11,31,9,29,9,29,6,32,-4,30,-4,32,-5,34,-5,34,-8,36,-10,36,-12,38,-14,38,-12,45,-14,44,-14,47,-19,42,-15,49,-16,54,-18,53,-20,51,-10,53,-10,51,-11,54,-5,52,-3,50,-2,50,-2,48,1,47,6,46,2,40,6,38,7,39,6,37,13,34,13,28,15,27,17,26,19,20,19,0,0,0,0,0,0,0,0,0,0,0,0,0,0,0,0,0,0,0,0,0,0,6,-11,6,-5,7,-1,6,0,3,2,1,5,3,8,-1,9,-3,16,-6,14,-8,17,-13,19,-16,24,-23,24,-23,23,-27,21,-30,27,-35,21,-37,24,-41,27,-43,20,-51,25,-49,20,-51,21,-54,21,-51,24,-57,17,-59,15,-58,14,-59,20,-58,17,-67,20,-60,21,-61,22,-64,19,-65,22,-63,26,-62,22,-61,24,-69,27,-66,28,-65,32,-67,30,-72,41,-67,37,-68,35,-71,42,-71,41,-71,45,-78,44,-76,39,-79,42,-86,43,-80,38,-84,42,-85,44,-78,36,0,0]"
CSI_DATA,33,1a:00:00:00:00:00,-45,11,1,0,1,1,1,0,0,0,1,-96,0,11,2,677411,0,44,0,384,0,"[0,0,0,0,0,0,0,0,0,0,0,0,-12,0,-11,0,-11,0,-10,0,-10,0,-9,0,-9,1,-8,1,-7,2,-7,1,-7,2,-6,3,-6,2,-5,3,-5,3,-4,4,-4,4,-3,4,-3,4,-3,5,-2,5,-2,5,-2,6,-2,6,-2,7,-1,7,0,0,-1,7,-1,8,-2,8,-1,9,-2,9,-2,9,-3,9,-3,9,-3,9,-4,8,-5,8,-4,7,-5,7,-5,7,-5,7,-5,6,-5,6,-5,5,-5,5,-5,5,-5,4,-5,4,-5,3,-6,2,-6,2,-5,1,0,0,0,0,0,0,0,0,0,0,0,0,0,0,-41,-1,-38,-4,-38,0,-34,-2,-31,-2,-29,-1,-28,0,-28,0,-25,1,-24,2,-22,3,-20,3,-20,4,-19,7,-16,5,-16,7,-15,7,-13,7,-13,10,-11,11,-8,13,-8,13,-6,12,-5,14,-6,12,-5,18,-4,17,-3,18,-3,19,-3,19,-1,19,-2,21,-2,22,-3,23,-1,24,-4,26,-4,27,-6,26,-9,27,-7,26,-7,25,-11,24,-10,23,-11,23,-11,22,-13,22,-13,19,-12,19,-13,17,-13,15,-13,16,-14,13,-14,13,-15,8,-15,9,-15,7,-15,5,0,0,0,0,0,0,0,0,0,0,0,0,0,0,0,0,0,0,0,0,0,0,3,3,2,4,0,3,-2,2,-2,-2,-4,0,-5,1,-6,-2,-7,-4,-6,-7,-7,-8,-8,-9,-8,-10,-8,-14,-8,-14,-8,-17,-9,-19,-7,-21,-5,-23,-7,-23,-3,-24,-3,-26,-2,-27,-3,-28,-1,-30,-2,-28,1,-30,0,-31,1,-31,3,-32,1,-31,1,-34,1,-33,1,-32,1,-35,-1,-34,-1,-33,-1,-35,-2,-36,-5,-36,-3,-36,-4,-38,-6,-37,-6,-39,-7,-38,-6,-39,-5,-40,-8,-40,-7,-41,-7,-45,-7,-44,-6,-44,-4,-47,-5,-45,-5,-48,-3,-46,0,-46,0,0]"
CSI_DATA,34,1a:00:00:00:00:00,-45,11,1,0,1,1,1,0,0,0,1,-96,0,11,2,688197,0,44,0,384,0,"[0,0,0,0,0,0,0,0,0,0,0,0,5,-10,4,-10,3,-9,3,-9,3,-8,3,-8,2,-8,1,-7,1,-7,1,-7,0,-6,0,-6,-1,-6,-1,-6,-2,-5,-2,-5,-2,-5,-3,-5,-3,-5,-4,-5,-4,-5,-4,-5,-5,-5,-5,-5,-6,-5,-6,-5,0,0,-6,-5,-7,-6,-7,-6,-7,-6,-7,-6,-7,-7,-7,-7,-6,-7,-6,-7,-6,-7,-6,-8,-5,-8,-5,-7,-4,-8,-4,-8,-3,-8,-3,-7,-3,-7,-2,-7,-2,-7,-1,-7,-1,-6,0,-6,0,-6,1,-5,1,-5,0,0,0,0,0,0,0,0,0,0,0,0,0,0,40,-65,40,-63,35,-62,35,-58,31,-57,32,-49,31,-47,24,-50,21,-43,18,-44,13,-44,13,-34,6,-39,9,-34,6,-37,-2,-36,-1,-32,-4,-31,-6,-30,-7,-28,-13,-30,-16,-26,-17,-24,-17,-25,-21,-24,-22,-27,-27,-26,-30,-22,-33,-22,-34,-24,-37,-21,-36,-29,-33,-25,-37,-29,-41,-28,-42,-34,-43,-36,-44,-36,-38,-39,-36,-40,-34,-36,-33,-44,-31,-43,-28,-41,-29,-41,-25,-47,-21,-45,-20,-39,-16,-44,-16,-38,-12,-39,-10,-35,-8,-34,0,-33,-4,-35,2,-33,7,-32,0,0,0,0,0,0,0,0,0,0,0,0,0,0,0,0,0,0,0,0,0,0,-8,1,-6,1,-7,-1,-5,-4,-3,-3,1,-8,3,-7,8,-12,11,-8,14,-10,19,-12,20,-9,25,-10,27,-7,29,-4,34,3,38,-3,40,3,36,4,43,10,47,10,49,12,52,16,51,16,50,18,55,16,52,25,54,28,51,28,56,28,58,28,54,31,57,29,57,30,59,28,61,27,57,25,61,24,64,26,66,25,67,31,68,23,70,25,71,23,73,21,71,20,73,24,77,23,84,25,82,31,85,30,84,29,89,34,79,35,83,36,82,38,76,38,0,0]"
CSI_DATA,35,1a:00:00:00:00:00,-45,11,1,0,1,1,1,0,0,0,1,-96,0,11,2,697316,0,44,0,384,0,"[0,0,0,0,0,0,0,0,0,0,0,0,11,2,11,2,9,1,9,2,8,1,8,1,7,0,7,0,7,-1,6,-1,6,-1,5,-2,5,-2,5,-3,4,-2,4,-4,4,-4,3,-4,3,-5,3,-5,2,-5,2,-6,2,-6,2,-7,2,-7,2,-8,0,0,2,-8,3,-9,2,-9,3,-9,3,-9,3,-9,3,-9,4,-9,4,-9,4,-9,5,-8,5,-8,5,-8,5,-7,5,-6,5,-7,5,-6,5,-6,5,-5,5,-5,6,-4,5,-4,5,-3,5,-3,5,-2,4,-1,0,0,0,0,0,0,0,0,0,0,0,0,0,0,33,20,34,21,30,16,29,17,27,16,25,15,26,14,25,10,24,11,21,7,21,7,19,6,19,5,17,2,16,1,15,-2,18,-2,15,-4,15,-3,14,-5,15,-8,12,-8,11,-9,12,-9,11,-11,13,-14,11,-15,11,-16,12,-16,12,-19,11,-19,12,-21,13,-20,15,-22,11,-22,16,-21,16,-21,15,-21,18,-19,17,-21,18,-18,19,-18,20,-17,20,-15,17,-15,20,-14,21,-13,21,-12,18,-9,18,-8,18,-7,20,-8,19,-6,17,-2,16,-1,14,1,15,2,0,0,0,0,0,0,0,0,0,0,0,0,0,0,0,0,0,0,0,0,0,0,-1,-4,0,-6,1,-3,3,-2,2,-2,3,0,3,1,4,2,4,5,3,8,2,8,4,10,3,12,1,15,0,15,-1,17,-2,21,-4,20,-3,21,-8,22,-8,22,-10,25,-10,26,-12,27,-13,27,-13,28,-16,27,-15,28,-17,26,-16,28,-17,25,-18,28,-17,28,-16,29,-16,30,-17,28,-14,28,-15,31,-16,31,-15,32,-15,34,-14,34,-15,34,-13,38,-13,35,-15,37,-13,38,-12,38,-13,42,-15,44,-18,41,-15,42,-19,44,-18,39,-19,45,-18,43,-18,42,0,0]"
CSI_DATA,36,1a:00:00:00:00:00,-45,11,1,0,1,1,1,0,0,0,1,-96,0,11,2,716920,0,44,0,384,0,"[0,0,0,0,0,0,0,0,0,0,0,0,6,8,6,7,7,6,6,7,6,6,5,5,5,4,5,4,5,3,5,3,5,2,5,2,5,1,5,1,5,0,5,0,5,-1,4,-1,5,-1,5,-2,5,-2,5,-3,4,-3,5,-4,6,-4,5,-4,0,0,6,-4,7,-5,7,-5,7,-5,7,-4,7,-4,7,-5,7,-4,8,-4,8,-4,8,-3,8,-2,8,-2,7,-2,7,-1,7,-1,7,-1,7,-1,6,0,6,0,6,0,5,1,5,1,4,2,4,2,3,2,0,0,0,0,0,0,0,0,0,0,0,0,0,0,50,61,46,57,52,53,42,50,40,47,37,47,39,38,38,39,34,29,36,31,32,25,34,20,31,21,31,15,31,19,31,15,31,11,33,6,29,2,30,2,34,-4,29,-3,32,-6,29,-13,30,-17,31,-13,30,-15,35,-20,36,-22,35,-27,31,-21,35,-29,40,-24,41,-33,37,-29,44,-26,43,-27,47,-28,50,-22,45,-21,44,-21,47,-21,49,-13,46,-16,48,-7,46,-12,48,-12,43,-8,41,1,39,-1,41,-2,38,-1,33,3,32,9,28,9,29,12,23,14,0,0,0,0,0,0,0,0,0,0,0,0,0,0,0,0,0,0,0,0,0,0,-2,-7,4,-8,3,-2,7,-2,7,-2,5,3,3,2,4,9,2,11,1,16,0,19,-5,22,-3,27,-6,30,-12,32,-13,29,-13,36,-17,36,-22,38,-21,40,-29,43,-30,44,-31,40,-38,43,-40,40,-42,41,-43,35,-43,39,-47,42,-47,47,-43,38,-49,44,-44,44,-44,47,-49,44,-47,47,-42,43,-52,50,-46,51,-49,53,-45,54,-45,54,-49,59,-47,59,-50,60,-42,69,-46,67,-49,66,-46,71,-53,67,-56,66,-56,72,-62,72,-63,63,-66,67,-62,68,-61,70,0,0]"
CSI_DATA,37,1a:00:00:00:00:00,-45,11,1,0,1,1,1,0,0,0,1,-96,0,11,2,737021,0,44,0,384,0,"[0,0,0,0,0,0,0,0,0,0,0,0,-8,-9,-8,-9,-8,-7,-8,-8,-7,-6,-6,-6,-7,-5,-6,-4,-6,-5,-6,-4,-6,-4,-6,-2,-6,-2,-6,-2,-6,-1,-6,-1,-6,0,-6,0,-6,0,-6,1,-6,2,-6,2,-6,2,-6,2,-7,3,-6,3,0,0,-7,4,-8,4,-8,4,-8,4,-8,4,-9,4,-9,4,-9,3,-9,3,-9,3,-9,2,-9,1,-9,1,-9,1,-8,0,-9,0,-8,0,-8,0,-7,-1,-7,-1,-7,-1,-6,-2,-6,-2,-6,-2,-5,-3,-5,-3,0,0,0,0,0,0,0,0,0,0,0,0,0,0,-41,-66,-39,-68,-42,-58,-36,-56,-35,-58,-30,-51,-36,-52,-34,-41,-33,-42,-34,-41,-31,-35,-29,-32,-32,-31,-30,-25,-27,-22,-30,-14,-32,-14,-28,-12,-31,-8,-29,-8,-33,-2,-29,-5,-31,0,-32,6,-34,8,-33,5,-33,9,-37,15,-37,16,-37,17,-37,19,-41,19,-43,20,-47,20,-50,22,-48,16,-50,18,-50,21,-54,12,-50,12,-51,11,-51,7,-55,3,-52,3,-46,3,-53,0,-45,-5,-45,-5,-43,-7,-42,-12,-37,-9,-40,-10,-35,-15,-31,-17,-32,-19,-26,-18,-24,-20,0,0,0,0,0,0,0,0,0,0,0,0,0,0,0,0,0,0,0,0,0,0,-1,9,-6,5,-4,6,-5,-2,-4,-1,-3,-3,-6,-5,-6,-11,-4,-16,-2,-16,2,-21,1,-21,5,-28,7,-25,12,-33,12,-32,16,-36,23,-34,24,-35,29,-38,35,-38,34,-42,37,-40,39,-42,44,-38,43,-40,46,-39,44,-35,48,-37,52,-39,48,-36,53,-39,54,-42,45,-41,54,-44,50,-42,51,-42,52,-48,52,-47,53,-50,55,-47,56,-55,53,-52,57,-60,54,-55,54,-60,52,-62,60,-61,57,-62,63,-65,62,-62,68,-61,68,-62,74,-64,73,-61,67,-57,74,-57,0,0]"
CSI_DATA,38,1a:00:00:00:00:00,-45,11,1,0,1,1,1,0,0,0,1,-96,0,11,2,746985,0,44,0,384,0,"[0,0,0,0,0,0,0,0,0,0,0,0,11,-4,10,-5,9,-4,9,-5,8,-4,7,-4,7,-4,6,-4,6,-5,4,-4,4,-5,4,-5,3,-5,3,-5,3,-5,2,-6,2,-6,1,-5,0,-6,0,-6,0,-6,-1,-6,-1,-6,-2,-7,-2,-8,-2,-8,0,0,-2,-9,-2,-9,-2,-10,-2,-9,-2,-9,-1,-10,-1,-10,-1,-10,-1,-10,0,-9,0,-10,1,-10,1,-9,1,-9,2,-8,2,-9,2,-8,2,-8,2,-7,2,-7,3,-6,3,-5,3,-5,3,-5,4,-4,3,-3,0,0,0,0,0,0,0,0,0,0,0,0,0,0,81,5,78,10,72,1,63,4,64,5,61,3,58,4,54,2,50,-3,45,-4,44,-4,40,-9,42,-9,37,-10,33,-12,27,-14,30,-15,25,-20,22,-15,22,-20,23,-26,20,-28,12,-26,16,-24,12,-26,13,-31,8,-32,9,-36,12,-40,6,-40,4,-41,7,-45,5,-46,5,-47,8,-53,16,-49,12,-52,13,-49,20,-53,21,-52,19,-49,22,-46,20,-43,25,-45,24,-43,25,-40,28,-37,24,-33,26,-30,28,-28,26,-28,28,-24,30,-22,28,-18,29,-12,30,-13,29,-8,0,0,0,0,0,0,0,0,0,0,0,0,0,0,0,0,0,0,0,0,0,0,-5,-8,-1,-5,-2,-6,2,-5,2,-4,6,-3,7,-2,9,1,13,4,12,9,13,11,13,12,18,20,16,27,15,29,16,30,16,35,14,41,13,41,11,43,6,47,10,56,4,49,2,52,4,54,2,54,-1,61,-2,58,-2,59,-2,64,-1,62,-3,67,-3,63,-1,59,-3,65,0,65,5,64,3,67,5,67,6,75,5,70,6,72,7,72,13,80,8,71,15,81,15,84,13,78,10,85,12,86,12,85,7,87,6,93,5,83,5,91,4,90,4,88,0,0]"
CSI_DATA,39,1a:00:00:00:00:00,-45,11,1,0,1,1,1,0,0,0,1,-96,0,11,2,766953,0,44,0,384,0,"[0,0,0,0,0,0,0,0,0,0,0,0,3,-11,3,-11,2,-10,3,-10,2,-9,2,-8,1,-8,1,-8,0,-7,-1,-7,0,-7,-2,-6,-2,-6,-2,-6,-3,-5,-3,-5,-4,-5,-4,-5,-4,-4,-4,-4,-5,-4,-5,-4,-5,-4,-6,-4,-7,-4,-7,-4,0,0,-8,-4,-8,-4,-9,-4,-8,-4,-9,-5,-8,-5,-8,-5,-8,-5,-8,-6,-8,-6,-8,-6,-7,-6,-6,-6,-6,-6,-6,-6,-5,-6,-5,-6,-5,-6,-4,-6,-4,-6,-3,-6,-3,-6,-3,-6,-2,-6,-1,-6,-1,-5,0,0,0,0,0,0,0,0,0,0,0,0,0,0,37,-69,38,-65,28,-64,28,-59,26,-64,25,-58,19,-51,21,-52,17,-49,11,-46,12,-43,7,-44,-1,-42,8,-33,2,-37,-4,-35,-6,-35,-7,-28,-9,-29,-15,-29,-20,-29,-17,-28,-20,-22,-18,-22,-26,-17,-27,-23,-31,-20,-33,-18,-34,-22,-40,-20,-39,-22,-44,-22,-41,-23,-49,-21,-41,-24,-45,-31,-45,-29,-47,-28,-46,-32,-42,-32,-41,-36,-42,-41,-37,-35,-34,-37,-34,-32,-31,-40,-29,-36,-25,-35,-25,-35,-20,-36,-19,-35,-17,-36,-9,-36,-7,-34,-9,-31,-5,-32,-2,-29,0,0,0,0,0,0,0,0,0,0,0,0,0,0,0,0,0,0,0,0,0,0,-9,2,-9,-1,-3,-3,-4,-4,-2,-7,2,-7,3,-6,7,-6,12,-4,15,-8,19,-5,25,-9,26,-4,29,-6,30,-2,33,2,39,2,37,7,41,6,43,8,46,13,51,15,49,21,52,18,50,22,55,21,51,25,51,29,48,26,59,28,51,31,56,29,54,27,57,25,57,27,58,28,60,23,62,29,55,23,68,25,63,25,68,24,72,26,75,22,73,19,72,15,76,20,81,23,81,24,83,21,86,24,85,21,84,28,83,27,87,35,84,27,75,31,0,0]"
CSI_DATA,40,1a:00:00:00:00:00,-45,11,1,0,1,1,1,0,0,0,1,-96,0,11,2,776934,0,44,0,384,0,"[0,0,0,0,0,0,0,0,0,0,0,0,1,12,1,11,2,10,1,10,2,9,1,9,2,8,2,7,2,7,2,6,3,6,3,5,4,5,4,4,4,3,5,4,5,2,5,2,5,2,6,2,6,1,6,1,6,0,7,0,7,0,7,-1,0,0,9,0,9,0,9,0,10,0,9,0,10,0,10,1,10,1,10,1,9,2,10,3,9,3,8,3,8,3,7,4,7,4,7,4,6,4,6,4,5,4,5,4,4,4,4,4,3,5,2,4,2,4,0,0,0,0,0,0,0,0,0,0,0,0,0,0,7,36,5,35,8,31,7,29,7,32,7,26,6,26,7,27,5,23,8,21,9,18,9,16,10,18,10,16,9,15,11,13,13,11,11,10,10,7,12,6,14,7,13,6,14,3,17,2,16,0,16,1,18,1,19,0,19,-1,20,-3,21,-1,22,-2,22,-3,25,-3,23,-2,25,1,25,-2,24,-1,25,0,25,2,27,2,24,5,24,6,24,6,22,7,23,8,20,8,20,10,18,8,17,10,17,9,15,10,13,9,12,10,9,13,7,10,6,12,0,0,0,0,0,0,0,0,0,0,0,0,0,0,0,0,0,0,0,0,0,0,1,-4,1,-1,1,-3,1,-1,2,0,2,2,1,3,-1,5,-1,6,-3,7,-4,8,-7,7,-7,9,-9,11,-11,10,-13,10,-15,14,-15,12,-17,11,-19,12,-20,11,-22,11,-24,10,-24,11,-26,7,-27,10,-27,5,-30,7,-28,7,-29,11,-29,6,-31,7,-32,9,-30,10,-31,10,-28,11,-34,9,-32,11,-33,12,-33,11,-33,13,-34,16,-34,15,-36,17,-34,14,-36,20,-35,18,-36,18,-36,18,-39,17,-41,14,-42,18,-43,17,-42,14,-46,15,-43,14,-43,14,0,0]"
CSI_DATA,41,1a:00:00:00:00:00,-45,11,1,0,1,1,1,0,0,0,1,-96,0,11,2,786958,0,44,0,384,0,"[0,0,0,0,0,0,0,0,0,0,0,0,7,-10,7,-9,6,-9,6,-8,5,-8,4,-7,4,-8,3,-7,3,-7,2,-6,2,-7,1,-7,1,-6,0,-6,-1,-6,-1,-6,-1,-6,-2,-6,-2,-6,-3,-6,-3,-5,-4,-5,-4,-6,-5,-6,-5,-6,-6,-6,0,0,-6,-6,-6,-7,-6,-7,-7,-7,-6,-7,-6,-8,-6,-8,-6,-8,-6,-8,-5,-9,-5,-9,-4,-9,-4,-9,-3,-8,-3,-8,-2,-8,-3,-8,-2,-8,-2,-8,-1,-7,-1,-7,0,-7,0,-6,1,-6,1,-6,1,-5,0,0,0,0,0,0,0,0,0,0,0,0,0,0,57,-56,57,-49,52,-53,47,-48,43,-47,43,-43,36,-39,36,-42,27,-38,27,-38,26,-41,18,-33,15,-39,17,-30,10,-32,6,-36,5,-35,4,-33,2,-28,-5,-30,-8,-34,-11,-31,-13,-29,-16,-26,-13,-27,-20,-31,-22,-31,-22,-29,-27,-32,-32,-33,-31,-33,-37,-35,-27,-32,-33,-36,-37,-38,-33,-38,-36,-37,-35,-41,-33,-45,-28,-46,-27,-46,-25,-45,-26,-45,-26,-46,-20,-45,-19,-44,-16,-43,-13,-44,-12,-41,-8,-40,-9,-39,-4,-40,-3,-38,-1,-35,3,-35,5,-32,9,-26,0,0,0,0,0,0,0,0,0,0,0,0,0,0,0,0,0,0,0,0,0,0,-10,-2,-5,-4,-6,-2,-2,-3,1,-7,5,-3,5,-7,9,-5,16,-4,16,-2,18,0,21,0,24,3,23,6,31,12,31,10,35,14,34,19,37,20,39,22,37,28,41,32,34,33,42,33,39,38,42,40,40,46,44,45,40,44,43,45,42,43,42,48,43,45,40,41,47,45,49,48,44,44,52,45,51,40,57,45,54,48,58,45,60,45,62,44,62,42,70,46,67,46,66,44,66,51,69,46,67,49,76,50,75,57,72,51,71,54,69,58,63,56,0,0]"
CSI_DATA,42,1a:00:00:00:00:00,-45,11,1,0,1,1,1,0,0,0,1,-96,0,11,2,797753,0,44,0,384,0,"[0,0,0,0,0,0,0,0,0,0,0,0,4,12,4,11,4,10,4,10,3,9,3,8,4,7,3,6,4,6,4,5,4,6,4,4,5,4,5,3,5,3,6,2,5,2,5,1,6,0,6,0,6,0,7,-1,6,-1,7,-1,8,-1,8,-2,0,0,9,-2,9,-2,10,-2,9,-2,10,-2,10,-2,10,-1,10,-1,10,-1,10,0,10,0,10,1,9,2,9,2,8,2,8,3,8,2,7,3,7,3,6,3,6,4,6,4,5,4,4,4,3,4,3,4,0,0,0,0,0,0,0,0,0,0,0,0,0,0,5,36,5,36,10,35,6,31,7,31,7,29,6,26,8,25,7,22,8,23,8,19,9,20,8,18,8,14,10,13,11,13,11,11,11,8,12,9,11,9,15,7,14,7,15,2,16,1,16,1,16,1,18,-2,18,-3,20,-2,20,-4,21,-4,22,-4,21,-3,24,-5,23,-3,26,-3,25,-3,27,-1,28,0,26,1,24,2,25,2,25,4,27,5,24,6,22,5,22,9,21,8,21,8,17,10,16,8,16,9,16,9,13,10,11,12,10,10,6,12,0,0,0,0,0,0,0,0,0,0,0,0,0,0,0,0,0,0,0,0,0,0,3,-4,2,-3,2,-1,4,0,2,0,1,2,-1,2,-3,5,-2,7,-2,7,-5,8,-6,8,-8,11,-10,10,-12,11,-13,11,-16,12,-17,11,-20,13,-20,10,-21,11,-27,10,-24,8,-26,10,-27,8,-27,9,-28,8,-31,6,-30,7,-32,7,-27,6,-32,8,-32,6,-31,8,-31,8,-32,9,-32,7,-33,10,-33,10,-34,13,-35,14,-33,13,-37,15,-35,15,-35,13,-38,15,-40,16,-36,18,-39,17,-41,16,-40,16,-40,18,-46,16,-40,13,-43,14,-44,14,-44,12,0,0]"
CSI_DATA,43,1a:00:00:00:00:00,-45,11,1,0,1,1,1,0,0,0,1,-96,0,11,2,807114,0,44,0,384,0,"[0,0,0,0,0,0,0,0,0,0,0,0,-9,-9,-9,-8,-9,-7,-9,-7,-8,-7,-7,-6,-8,-5,-7,-4,-7,-4,-7,-3,-7,-3,-7,-2,-7,-2,-6,-1,-6,-1,-6,0,-6,0,-6,1,-6,1,-6,2,-6,2,-6,3,-6,3,-6,3,-7,4,-7,4,0,0,-7,5,-8,5,-8,5,-8,5,-8,5,-9,5,-9,5,-9,4,-9,4,-9,3,-10,3,-9,2,-9,2,-9,2,-9,1,-9,1,-8,1,-8,0,-8,0,-7,0,-8,-1,-7,-2,-6,-2,-6,-2,-5,-3,-5,-3,0,0,0,0,0,0,0,0,0,0,0,0,0,0,-53,-62,-42,-59,-47,-51,-41,-54,-43,-51,-42,-46,-38,-39,-36,-39,-34,-39,-31,-32,-31,-28,-31,-27,-33,-23,-31,-19,-32,-17,-34,-11,-35,-11,-33,-5,-30,-3,-27,-4,-31,3,-32,4,-29,9,-30,6,-34,10,-35,10,-32,16,-31,15,-36,16,-30,23,-35,20,-42,26,-41,23,-42,27,-40,24,-45,20,-46,27,-47,27,-48,21,-51,19,-47,18,-48,16,-48,18,-51,13,-48,7,-47,7,-47,2,-45,3,-42,2,-41,2,-42,0,-41,-5,-40,-5,-31,-14,-32,-12,-32,-12,-22,-16,0,0,0,0,0,0,0,0,0,0,0,0,0,0,0,0,0,0,0,0,0,0,-6,9,-4,6,-7,2,-6,4,-8,-1,-7,-8,-6,-5,-4,-11,-4,-13,-4,-16,0,-20,3,-25,1,-28,6,-29,11,-32,13,-31,14,-34,20,-36,17,-40,27,-35,28,-33,34,-43,33,-40,31,-43,37,-41,35,-44,42,-38,42,-43,44,-38,44,-42,43,-40,51,-43,47,-43,42,-40,50,-45,46,-46,44,-43,45,-46,42,-50,50,-54,47,-51,46,-57,49,-57,48,-58,48,-57,42,-62,46,-63,48,-66,50,-67,53,-68,55,-72,55,-75,62,-70,58,-64,58,-67,63,-66,63,-61,0,0]"
CSI_DATA,44,1a:00:00:00:00:00,-45,11,1,0,1,1,1,0,0,0,1,-96,0,11,2,818545,0,44,0,384,0,"[0,0,0,0,0,0,0,0,0,0,0,0,11,4,10,3,10,2,10,2,9,2,8,2,8,0,7,0,7,0,7,-1,6,-1,6,-2,5,-2,5,-2,5,-2,5,-4,5,-4,4,-4,4,-5,4,-5,4,-5,3,-6,3,-6,3,-7,3,-7,3,-8,0,0,3,-8,4,-9,4,-9,4,-9,5,-9,4,-9,5,-9,5,-9,5,-9,6,-8,6,-8,7,-7,6,-7,6,-7,6,-6,7,-5,6,-5,6,-5,6,-5,6,-4,6,-4,6,-3,6,-2,6,-1,6,-1,5,0,0,0,0,0,0,0,0,0,0,0,0,0,0,0,30,23,31,23,30,18,27,19,28,17,22,16,22,15,22,13,21,10,19,11,19,8,19,8,17,6,18,4,17,4,18,0,19,1,16,-2,14,-3,13,-4,15,-6,12,-5,11,-7,12,-9,12,-9,13,-11,12,-14,12,-14,14,-15,12,-17,13,-16,14,-15,15,-18,15,-20,14,-19,17,-19,18,-19,18,-20,19,-16,20,-18,21,-17,19,-16,22,-14,22,-15,20,-11,21,-10,21,-8,22,-8,20,-7,18,-7,19,-4,17,-3,19,-2,16,0,17,2,15,2,15,3,0,0,0,0,0,0,0,0,0,0,0,0,0,0,0,0,0,0,0,0,0,0,-1,-4,0,-4,1,-4,1,-3,2,-2,1,1,1,2,3,4,3,5,2,6,1,9,2,9,1,10,-1,15,-1,14,-3,17,-3,18,-4,20,-6,19,-8,21,-9,21,-10,23,-10,23,-11,23,-14,25,-12,25,-16,24,-15,23,-17,25,-16,27,-17,25,-18,26,-19,26,-17,26,-17,28,-16,28,-18,27,-14,27,-16,29,-16,32,-17,30,-16,34,-14,32,-16,35,-12,31,-14,34,-14,36,-14,38,-15,39,-17,41,-18,40,-18,41,-18,41,-21,39,-23,41,-22,38,-21,38,0,0]"
CSI_DATA,45,1a:00:00:00:00:00,-45,11,1,0,1,1,1,0,0,0,1,-96,0,11,2,826914,0,44,0,384,0,"[0,0,0,0,0,0,0,0,0,0,0,0,-7,-10,-7,-10,-7,-8,-7,-8,-6,-7,-6,-7,-6,-6,-6,-5,-6,-5,-5,-4,-6,-4,-6,-3,-6,-3,-6,-2,-6,-2,-6,-1,-6,-1,-6,-1,-6,0,-6,1,-6,1,-6,1,-7,1,-7,2,-7,3,-7,3,0,0,-8,3,-8,3,-9,3,-9,3,-9,3,-9,3,-9,3,-9,2,-9,2,-9,1,-10,1,-10,0,-9,0,-9,0,-9,-1,-9,-1,-8,-1,-8,-1,-8,-2,-7,-2,-7,-3,-6,-3,-6,-3,-5,-3,-5,-4,-4,-4,0,0,0,0,0,0,0,0,0,0,0,0,0,0,-42,-66,-40,-63,-46,-59,-38,-51,-37,-54,-35,-51,-39,-41,-32,-45,-31,-39,-30,-36,-31,-34,-32,-29,-31,-26,-32,-19,-32,-21,-32,-17,-33,-13,-32,-8,-33,-11,-29,-7,-34,-2,-31,1,-33,3,-31,4,-32,11,-35,10,-35,10,-37,18,-40,16,-39,20,-43,16,-44,23,-44,21,-46,24,-45,22,-50,21,-49,19,-54,14,-56,18,-53,12,-52,10,-56,9,-54,6,-57,8,-51,0,-52,1,-45,-3,-48,-3,-41,-6,-42,-5,-42,-9,-39,-9,-34,-11,-33,-17,-32,-16,-25,-19,-24,-21,0,0,0,0,0,0,0,0,0,0,0,0,0,0,0,0,0,0,0,0,0,0,0,8,-6,8,-6,5,-7,2,-8,-2,-6,-4,-6,-4,-6,-12,-1,-12,-2,-14,2,-20,0,-22,5,-29,8,-28,13,-27,18,-32,18,-36,21,-34,22,-38,28,-36,31,-33,37,-42,37,-35,40,-42,41,-36,44,-39,48,-35,47,-39,45,-37,50,-39,49,-35,53,-40,51,-40,51,-42,51,-36,53,-41,50,-42,51,-45,49,-47,54,-50,50,-46,49,-56,53,-48,54,-59,53,-56,56,-56,57,-58,57,-60,57,-63,62,-61,64,-66,67,-61,69,-63,69,-62,69,-66,69,-61,71,-56,0,0]"
CSI_DATA,46,1a:00:00:00:00:00,-45,11,1,0,1,1,1,0,0,0,1,-96,0,11,2,839352,0,44,0,384,0,"[0,0,0,0,0,0,0,0,0,0,0,0,11,-3,10,-4,10,-4,10,-4,9,-4,8,-3,7,-5,6,-4,6,-5,5,-4,5,-5,4,-5,4,-5,3,-5,3,-5,2,-6,1,-6,1,-6,0,-6,0,-7,0,-7,-1,-7,-1,-7,-1,-8,-1,-9,-2,-8,0,0,-3,-9,-2,-10,-2,-10,-2,-10,-2,-10,-2,-10,-2,-11,-1,-11,-1,-11,-1,-11,0,-11,1,-10,1,-10,1,-9,2,-10,2,-9,2,-9,2,-8,2,-8,2,-7,3,-7,3,-7,3,-6,4,-5,4,-4,4,-4,0,0,0,0,0,0,0,0,0,0,0,0,0,0,38,-11,36,-12,34,-14,31,-9,32,-10,27,-8,27,-12,25,-10,25,-11,21,-11,17,-9,18,-11,18,-12,14,-12,12,-13,10,-14,11,-16,8,-14,7,-14,4,-15,2,-14,5,-16,1,-16,1,-17,-2,-18,-4,-19,-4,-19,-6,-21,-5,-19,-9,-22,-5,-22,-8,-23,-8,-25,-8,-23,-9,-24,-7,-26,-6,-27,-5,-26,-1,-28,-5,-27,-3,-28,-2,-28,-1,-27,-1,-27,3,-25,3,-27,4,-24,5,-23,5,-20,6,-22,6,-20,7,-20,7,-19,8,-16,11,-16,10,-14,12,-11,0,0,0,0,0,0,0,0,0,0,0,0,0,0,0,0,0,0,0,0,0,0,-4,-4,-4,-3,-2,-2,2,-2,0,-2,1,-3,2,-2,4,2,7,0,7,1,7,4,9,4,11,7,12,9,11,12,12,12,12,13,12,16,12,17,9,18,11,21,12,23,10,25,11,24,11,26,10,28,8,27,8,28,9,30,10,30,8,28,8,29,8,30,9,28,10,32,9,30,12,31,14,31,13,29,16,33,14,31,17,32,15,33,17,34,16,32,20,35,19,34,20,36,19,36,22,40,22,38,23,39,20,42,19,42,20,44,19,40,17,42,0,0]"
CSI_DATA,47,1a:00:00:00:00:00,-45,11,1,0,1,1,1,0,0,0,1,-96,0,11,2,856927,0,44,0,384,0,"[0,0,0,0,0,0,0,0,0,0,0,0,1,12,1,11,2,10,1,10,2,9,1,8,2,8,2,7,2,6,3,5,2,5,3,4,4,4,4,4,4,3,5,3,4,2,5,2,5,1,6,1,5,0,6,0,6,0,7,-1,8,-1,7,-1,0,0,8,-1,9,-1,9,-1,9,-1,10,-1,10,0,10,0,10,0,10,1,9,1,10,2,9,2,9,2,8,3,8,3,8,3,7,3,7,3,6,4,6,4,5,4,5,4,4,4,3,5,3,4,2,4,0,0,0,0,0,0,0,0,0,0,0,0,0,0,2,37,2,40,5,34,3,32,2,32,0,29,3,28,4,24,3,26,4,24,7,20,6,19,8,17,8,14,8,13,10,14,10,11,10,9,10,9,12,7,15,6,14,7,14,4,14,3,16,3,16,3,17,3,20,0,19,0,20,-3,20,0,24,-2,25,-1,24,-2,25,0,25,-1,27,1,26,0,25,4,25,4,27,5,25,6,23,7,24,7,22,8,23,10,20,8,18,10,18,11,17,11,16,10,15,12,13,12,12,13,10,13,10,12,7,12,0,0,0,0,0,0,0,0,0,0,0,0,0,0,0,0,0,0,0,0,0,0,4,-2,1,-2,3,-1,3,-2,1,3,-1,4,0,2,-1,5,-2,5,-5,5,-6,7,-8,9,-9,9,-12,8,-13,6,-14,7,-16,9,-19,6,-19,9,-22,5,-23,5,-24,6,-25,6,-28,4,-28,4,-30,4,-27,3,-28,1,-30,1,-30,2,-32,1,-31,2,-32,2,-29,3,-34,4,-33,4,-33,4,-35,6,-33,5,-35,7,-35,6,-36,9,-34,9,-38,9,-36,10,-38,14,-38,11,-39,14,-40,13,-45,13,-43,12,-42,13,-45,8,-45,10,-48,9,-43,8,-45,6,0,0]"
CSI_DATA,48,1a:00:00:00:00:00,-45,11,1,0,1,1,1,0,0,0,1,-96,0,11,2,867258,0,44,0,384,0,"[0,0,0,0,0,0,0,0,0,0,0,0,-7,9,-6,9,-5,9,-5,9,-4,8,-4,7,-3,7,-3,7,-2,6,-1,6,-1,6,-1,6,0,5,0,5,1,5,1,5,2,5,2,4,2,4,3,4,4,4,4,4,4,3,5,3,6,4,6,4,0,0,7,4,7,5,7,5,7,5,7,5,7,6,7,6,7,6,7,7,6,6,6,7,5,7,5,7,5,7,4,7,4,7,3,7,3,7,2,6,2,6,1,7,1,6,1,6,0,5,-1,5,-2,5,0,0,0,0,0,0,0,0,0,0,0,0,0,0,-51,63,-54,58,-44,54,-42,50,-42,53,-39,48,-36,41,-31,46,-29,43,-27,42,-20,39,-16,39,-16,37,-11,34,-10,36,-7,32,-2,31,1,30,2,33,5,30,10,32,10,29,16,23,17,27,24,26,25,25,26,26,28,25,30,28,35,30,34,26,39,29,36,29,38,32,41,28,40,36,42,35,43,37,38,39,37,46,37,41,33,41,30,43,30,44,28,44,23,42,23,46,22,43,19,38,15,41,14,42,8,37,10,39,4,36,2,33,-3,34,-5,29,0,0,0,0,0,0,0,0,0,0,0,0,0,0,0,0,0,0,0,0,0,0,8,0,6,2,7,4,1,5,-2,4,-4,3,-8,4,-10,8,-14,5,-18,-1,-21,-2,-24,-4,-26,-4,-30,-9,-30,-9,-37,-12,-36,-16,-35,-19,-40,-21,-40,-23,-40,-25,-45,-29,-39,-32,-42,-34,-42,-35,-51,-42,-43,-43,-45,-42,-36,-44,-47,-45,-42,-40,-46,-45,-47,-45,-48,-44,-51,-41,-53,-48,-53,-39,-56,-42,-52,-43,-61,-42,-60,-43,-62,-40,-64,-42,-68,-41,-69,-41,-71,-41,-71,-45,-75,-40,-73,-42,-77,-49,-77,-49,-82,-47,-84,-52,-77,-52,-78,-60,-82,-54,-75,-52,0,0]"
CSI_DATA,49,1a:00:00:00:00:00,-45,11,1,0,1,1,1,0,0,0,1,-96,0,11,2,879194,0,44,0,384,0,"[0,0,0,0,0,0,0,0,0,0,0,0,2,11,3,10,3,9,2,9,2,8,2,7,3,7,3,6,3,6,4,5,4,5,3,4,4,3,4,3,4,2,5,2,5,1,5,1,5,0,5,0,5,-1,6,-1,6,-1,6,-2,7,-2,7,-2,0,0,8,-3,8,-2,9,-3,8,-3,9,-2,9,-2,9,-2,9,-2,9,-2,9,-1,9,-1,9,0,9,0,9,0,8,1,8,1,8,1,7,2,7,2,6,2,6,2,5,2,5,3,4,3,4,3,3,3,0,0,0,0,0,0,0,0,0,0,0,0,0,0,10,73,6,70,8,68,11,62,10,63,9,57,11,52,10,54,13,46,13,45,14,43,12,35,14,33,18,28,21,31,24,29,24,19,21,17,27,16,23,12,27,11,25,8,30,3,31,1,29,0,32,-3,33,1,39,-8,41,-11,41,-11,45,-6,49,-12,45,-9,50,-13,46,-13,52,-10,55,-8,52,-4,56,-2,55,-3,54,-3,52,-2,53,2,54,4,53,3,50,10,44,8,46,9,44,10,43,15,36,15,35,17,35,18,27,20,27,21,25,18,19,22,0,0,0,0,0,0,0,0,0,0,0,0,0,0,0,0,0,0,0,0,0,0,7,-9,6,-4,3,-1,6,1,3,3,0,7,-3,6,-4,9,-10,11,-7,13,-15,12,-16,13,-18,15,-24,15,-27,14,-29,12,-36,13,-37,8,-44,13,-46,10,-45,6,-52,7,-52,5,-55,8,-56,6,-57,7,-56,3,-60,0,-59,-1,-63,-1,-57,1,-67,2,-67,1,-60,1,-65,3,-65,1,-64,7,-65,11,-67,14,-69,17,-71,14,-71,18,-75,17,-75,25,-79,22,-75,21,-76,21,-78,26,-79,19,-82,19,-86,27,-91,28,-89,25,-84,23,-93,27,-88,20,-87,18,0,0]"
CSI_DATA,50,1a:00:00:00:00:00,-45,11,1,0,1,1,1,0,0,0,1,-96,0,11,2,886929,0,44,0,384,0,"[0,0,0,0,0,0,0,0,0,0,0,0,-1,-12,-1,-11,-2,-10,-2,-10,-2,-9,-2,-8,-2,-8,-3,-8,-3,-7,-3,-6,-3,-6,-4,-6,-4,-5,-5,-4,-5,-4,-5,-3,-5,-3,-6,-3,-6,-2,-6,-1,-6,-1,-7,-1,-7,-1,-7,0,-8,0,-8,0,0,0,-9,1,-9,0,-9,0,-10,1,-10,0,-10,0,-10,0,-10,0,-10,0,-10,-1,-10,-2,-10,-2,-9,-2,-9,-2,-9,-3,-9,-3,-8,-3,-7,-3,-7,-4,-7,-4,-6,-4,-6,-4,-6,-4,-5,-4,-4,-5,-3,-5,0,0,0,0,0,0,0,0,0,0,0,0,0,0,5,-40,6,-38,0,-35,4,-33,2,-34,2,-31,1,-27,-1,-28,0,-25,-2,-25,-2,-24,-4,-20,-6,-22,-5,-19,-8,-18,-7,-16,-9,-14,-9,-12,-9,-13,-13,-11,-13,-10,-13,-10,-14,-6,-14,-6,-17,-3,-17,-3,-17,-6,-21,-3,-21,-1,-22,-1,-20,-3,-24,1,-23,0,-27,-2,-25,-2,-27,-4,-27,-2,-28,-2,-28,-5,-28,-5,-29,-6,-27,-7,-28,-8,-27,-9,-24,-7,-23,-9,-23,-12,-23,-12,-19,-11,-19,-10,-18,-11,-17,-13,-17,-11,-14,-13,-12,-14,-10,-14,-8,-15,0,0,0,0,0,0,0,0,0,0,0,0,0,0,0,0,0,0,0,0,0,0,-4,1,-3,-1,-4,-1,-4,-1,-1,-2,0,-2,1,-3,4,-4,4,-5,7,-5,9,-5,8,-5,12,-5,12,-4,12,-3,18,-3,19,-3,20,-2,20,-3,21,0,22,0,25,2,26,6,27,3,28,3,27,6,26,7,29,7,27,7,31,6,28,8,30,6,30,7,30,6,33,4,31,5,33,5,34,3,33,2,35,1,35,2,36,0,38,0,38,-1,40,-2,36,-1,40,-2,44,-3,42,-3,45,-1,43,-1,46,-2,45,2,43,0,47,1,44,1,43,3,0,0]"
CSI_DATA,51,1a:00:00:00:00:00,-45,11,1,0,1,1,1,0,0,0,1,-96,0,11,2,896940,0,44,0,384,0,"[0,0,0,0,0,0,0,0,0,0,0,0,-3,12,-3,11,-2,10,-3,11,-2,9,-2,9,-1,9,-1,7,0,7,0,6,0,6,1,6,1,5,2,5,3,5,4,4,3,4,4,3,4,3,5,3,5,2,5,2,6,2,7,2,7,2,8,2,0,0,8,2,9,2,9,2,9,2,10,3,9,3,10,3,10,4,10,4,9,5,9,5,8,5,8,5,7,5,7,5,7,6,6,6,6,6,5,6,5,6,4,6,3,6,3,6,2,6,1,5,0,5,0,0,0,0,0,0,0,0,0,0,0,0,0,0,-16,33,-15,33,-12,35,-15,31,-12,28,-13,27,-10,24,-9,26,-6,23,-6,23,-4,20,-4,21,-1,19,-1,17,-1,18,2,18,5,14,4,12,5,13,7,13,10,12,8,12,12,8,11,9,12,9,13,9,16,8,20,6,17,8,21,7,20,8,21,9,21,9,25,10,23,8,24,11,23,13,23,12,24,16,22,15,23,16,23,14,21,16,20,14,18,18,19,19,16,19,13,20,13,17,11,18,9,16,10,18,8,17,6,18,4,17,2,15,0,14,0,0,0,0,0,0,0,0,0,0,0,0,0,0,0,0,0,0,0,0,0,0,3,-2,2,-1,2,0,4,1,0,2,-3,4,-4,3,-5,5,-5,3,-7,5,-8,4,-12,4,-12,4,-15,4,-15,0,-17,0,-19,2,-20,-4,-21,-1,-22,-5,-22,-6,-26,-6,-24,-7,-25,-7,-26,-9,-27,-8,-26,-11,-27,-12,-28,-13,-30,-11,-26,-12,-31,-12,-30,-12,-28,-11,-31,-14,-31,-12,-31,-9,-32,-10,-33,-9,-35,-7,-35,-11,-37,-6,-38,-8,-37,-7,-39,-8,-38,-6,-39,-10,-42,-8,-40,-9,-44,-9,-44,-8,-44,-7,-44,-13,-45,-10,-46,-12,-44,-12,-43,-15,0,0]"
CSI_DATA,52,1a:00:00:00:00:00,-45,11,1,0,1,1,1,0,0,0,1,-96,0,11,2,906944,0,44,0,384,0,"[0,0,0,0,0,0,0,0,0,0,0,0,3,-11,2,-11,2,-11,2,-10,2,-9,1,-8,0,-9,0,-8,-1,-8,-1,-7,-1,-7,-2,-6,-2,-6,-3,-5,-3,-5,-4,-5,-4,-4,-4,-4,-4,-4,-5,-3,-6,-3,-6,-3,-6,-3,-7,-3,-7,-3,-7,-3,0,0,-8,-3,-9,-3,-9,-3,-10,-3,-9,-3,-10,-4,-10,-4,-9,-4,-10,-4,-9,-5,-9,-6,-8,-6,-8,-6,-7,-6,-7,-6,-7,-6,-7,-7,-6,-6,-6,-6,-5,-6,-5,-6,-4,-6,-3,-6,-3,-6,-2,-6,-1,-6,0,0,0,0,0,0,0,0,0,0,0,0,0,0,11,-42,8,-37,7,-35,7,-33,7,-33,5,-30,5,-27,3,-26,2,-24,2,-24,-1,-24,-2,-21,-4,-20,-4,-17,-3,-17,-6,-18,-6,-15,-7,-12,-7,-13,-10,-13,-11,-9,-11,-9,-12,-8,-14,-7,-14,-6,-16,-5,-17,-6,-18,-6,-19,-5,-22,-5,-22,-5,-23,-5,-24,-5,-27,-4,-27,-5,-26,-8,-27,-6,-26,-5,-28,-8,-28,-9,-28,-10,-24,-11,-25,-12,-24,-13,-24,-14,-23,-14,-20,-14,-21,-13,-18,-15,-19,-15,-16,-14,-14,-14,-13,-14,-11,-18,-9,-17,-7,-16,-5,-14,0,0,0,0,0,0,0,0,0,0,0,0,0,0,0,0,0,0,0,0,0,0,-4,0,-4,-1,-2,-1,-2,-2,-2,-3,0,-4,2,-4,2,-4,6,-5,5,-5,9,-5,9,-4,11,-5,13,-4,14,-2,16,-1,18,-2,21,1,19,0,23,0,23,1,24,3,26,6,25,7,26,7,28,7,26,11,27,9,27,11,29,8,27,9,28,8,30,8,28,8,29,7,32,7,34,8,32,6,32,7,35,5,35,5,37,5,35,4,39,3,35,3,39,-1,39,1,41,-1,42,2,45,3,44,4,46,4,45,5,44,5,46,8,46,5,42,8,0,0]"
CSI_DATA,53,1a:00:00:00:00:00,-45,11,1,0,1,1,1,0,0,0,1,-96,0,11,2,916948,0,44,0,384,0,"[0,0,0,0,0,0,0,0,0,0,0,0,-4,11,-4,11,-3,10,-4,10,-3,9,-3,8,-2,8,-1,7,-1,7,0,6,0,6,1,6,1,6,2,5,2,5,3,4,3,4,3,3,4,4,4,3,5,2,5,3,5,2,7,2,7,2,8,2,0,0,8,2,8,2,9,2,9,2,9,3,9,3,10,3,9,3,9,4,9,4,9,5,8,5,8,5,7,5,7,6,7,6,6,6,5,5,5,5,4,5,4,6,3,6,3,6,2,5,1,5,1,5,0,0,0,0,0,0,0,0,0,0,0,0,0,0,-22,32,-20,33,-16,31,-17,30,-15,29,-15,24,-13,26,-11,23,-9,23,-10,20,-5,20,-4,19,-4,20,-3,19,-2,16,1,14,1,16,2,13,4,13,7,12,9,12,8,11,11,10,10,8,13,8,13,10,16,7,17,7,17,8,21,6,20,9,22,9,22,8,24,8,24,8,23,12,23,12,23,10,23,12,24,14,21,15,22,16,21,15,21,15,19,18,18,17,16,17,17,18,15,15,12,17,10,17,10,16,9,17,8,15,6,15,3,16,2,14,0,0,0,0,0,0,0,0,0,0,0,0,0,0,0,0,0,0,0,0,0,0,2,0,2,2,2,1,2,1,-1,1,-2,3,-4,3,-6,2,-7,3,-9,1,-9,0,-12,0,-13,1,-13,-1,-15,-3,-15,-4,-19,-5,-19,-7,-18,-6,-20,-9,-20,-10,-22,-13,-22,-13,-22,-13,-23,-16,-24,-14,-23,-17,-24,-15,-24,-18,-28,-18,-23,-18,-25,-18,-26,-17,-27,-17,-28,-16,-29,-16,-28,-16,-30,-14,-30,-14,-35,-14,-33,-15,-35,-14,-36,-13,-37,-15,-37,-12,-40,-14,-38,-14,-39,-12,-43,-12,-42,-16,-43,-15,-45,-14,-45,-19,-41,-15,-44,-18,-43,-17,-40,-19,0,0]"
CSI_DATA,54,1a:00:00:00:00:00,-45,11,1,0,1,1,1,0,0,0,1,-96,0,11,2,927931,0,44,0,384,0,"[0,0,0,0,0,0,0,0,0,0,0,0,-11,-6,-10,-6,-10,-5,-10,-5,-9,-4,-8,-4,-8,-3,-7,-2,-7,-2,-7,-1,-7,-1,-6,-1,-6,0,-6,1,-6,1,-6,2,-5,2,-5,3,-5,3,-5,4,-4,4,-4,4,-4,5,-4,5,-4,6,-4,6,0,0,-4,7,-4,8,-5,8,-4,8,-5,8,-5,8,-5,8,-6,8,-6,8,-6,8,-7,7,-7,7,-7,6,-7,6,-8,5,-7,5,-7,5,-7,4,-7,4,-6,3,-7,3,-7,2,-7,2,-7,1,-6,0,-6,0,0,0,0,0,0,0,0,0,0,0,0,0,0,0,-68,-43,-66,-47,-62,-42,-57,-38,-56,-37,-50,-31,-51,-27,-52,-25,-43,-23,-44,-19,-41,-14,-39,-12,-38,-11,-34,-7,-32,-11,-33,-2,-34,0,-31,6,-29,8,-30,13,-29,16,-25,15,-22,14,-21,20,-23,25,-21,27,-23,31,-21,29,-24,32,-22,37,-22,37,-25,43,-23,40,-26,46,-22,44,-27,46,-28,45,-28,49,-33,41,-37,42,-35,42,-40,38,-40,36,-40,35,-38,30,-40,29,-37,27,-38,27,-33,26,-39,18,-35,17,-40,16,-38,15,-37,10,-35,5,-31,2,-31,0,0,0,0,0,0,0,0,0,0,0,0,0,0,0,0,0,0,0,0,0,0,0,-2,6,-2,7,-4,2,-4,3,-8,0,-5,-5,-5,-5,-4,-9,-6,-12,-4,-15,-1,-20,-1,-22,2,-27,1,-30,2,-31,9,-30,8,-37,16,-34,16,-38,17,-40,18,-36,21,-45,24,-49,28,-46,29,-44,30,-49,34,-43,34,-42,34,-42,35,-51,33,-47,37,-50,37,-53,32,-49,36,-50,37,-53,35,-54,32,-58,36,-59,30,-62,36,-60,32,-65,35,-69,29,-73,25,-71,32,-79,31,-77,30,-78,33,-83,36,-82,37,-84,36,-84,45,-85,42,-81,43,-87,44,-84,44,-82,0,0]"
CSI_DATA,55,1a:00:00:00:00:00,-45,11,1,0,1,1,1,0,0,0,1,-96,0,11,2,986994,0,44,0,384,0,"[0,0,0,0,0,0,0,0,0,0,0,0,11,-2,10,-2,10,-3,10,-2,9,-2,8,-3,7,-3,6,-3,6,-3,5,-4,5,-4,4,-4,4,-4,3,-4,3,-4,2,-5,1,-5,1,-5,0,-5,0,-6,0,-6,-1,-6,-1,-6,-2,-7,-2,-7,-2,-8,0,0,-3,-8,-3,-9,-3,-9,-3,-9,-2,-9,-2,-10,-2,-10,-2,-10,-2,-10,-1,-10,-1,-10,0,-10,0,-9,0,-9,1,-9,1,-9,1,-8,1,-8,1,-8,1,-7,2,-7,2,-7,2,-6,3,-6,3,-5,3,-4,0,0,0,0,0,0,0,0,0,0,0,0,0,0,76,2,78,0,77,-5,62,0,60,-2,57,1,58,-4,51,-4,48,-7,44,-6,40,-10,38,-10,36,-14,34,-11,30,-16,27,-16,29,-19,20,-20,21,-20,15,-25,13,-27,11,-24,6,-29,7,-29,6,-30,6,-33,-1,-39,-2,-36,0,-40,-6,-38,-6,-39,-8,-44,-4,-45,-7,-50,-8,-48,-4,-55,-5,-52,-2,-54,2,-57,1,-53,2,-52,6,-57,10,-51,7,-53,12,-49,12,-49,13,-47,14,-45,16,-41,15,-42,22,-36,20,-38,17,-33,20,-27,22,-26,23,-22,22,-17,0,0,0,0,0,0,0,0,0,0,0,0,0,0,0,0,0,0,0,0,0,0,-5,-5,-1,-8,0,-6,1,-4,3,-2,3,-1,6,-2,9,4,10,6,13,10,11,14,12,15,12,20,14,24,12,30,11,31,11,36,8,34,9,39,4,41,5,45,6,50,3,48,2,51,-2,56,0,54,-5,56,-2,62,-7,57,-8,63,-6,53,-8,66,-6,63,-4,60,-3,66,1,62,-1,64,5,65,2,67,7,70,4,71,10,72,9,73,10,75,12,77,9,73,11,78,15,80,17,82,15,83,14,87,15,84,9,90,8,87,13,91,8,93,11,87,0,0]"
CSI_DATA,56,1a:00:00:00:00:00,-45,11,1,0,1,1,1,0,0,0,1,-96,0,11,2,998331,0,44,0,384,0,"[0,0,0,0,0,0,0,0,0,0,0,0,11,-4,9,-4,9,-5,9,-4,8,-4,7,-4,7,-4,6,-4,5,-4,5,-5,4,-5,3,-5,3,-5,2,-5,2,-5,1,-6,1,-5,1,-5,0,-5,-1,-6,-1,-6,-2,-6,-2,-6,-3,-7,-3,-7,-3,-7,0,0,-4,-8,-4,-8,-4,-9,-4,-9,-3,-9,-3,-10,-3,-9,-3,-10,-3,-10,-2,-10,-2,-10,-1,-9,-1,-9,-1,-9,-1,-9,0,-9,0,-9,0,-8,1,-8,0,-7,1,-7,2,-7,2,-6,2,-6,2,-5,3,-4,0,0,0,0,0,0,0,0,0,0,0,0,0,0,77,-31,70,-23,69,-28,59,-24,60,-25,58,-22,51,-24,51,-21,44,-22,39,-19,35,-24,34,-23,33,-24,24,-23,21,-24,21,-27,17,-25,14,-27,7,-28,7,-28,3,-33,1,-27,-1,-28,-5,-31,-7,-29,-6,-31,-15,-32,-12,-35,-18,-38,-21,-34,-17,-35,-24,-40,-22,-41,-24,-46,-26,-46,-18,-50,-23,-52,-22,-51,-19,-53,-22,-53,-16,-51,-16,-50,-9,-53,-5,-54,-8,-52,-6,-49,-2,-51,-3,-48,-3,-48,0,-44,4,-42,0,-40,8,-36,8,-35,9,-32,12,-30,17,-27,0,0,0,0,0,0,0,0,0,0,0,0,0,0,0,0,0,0,0,0,0,0,-7,-10,-4,-9,-2,-6,2,-8,0,-6,3,-5,10,-2,11,-1,9,3,13,9,16,8,16,9,21,17,18,19,18,21,21,25,23,33,20,30,20,36,19,38,18,39,19,45,16,48,20,49,16,53,18,54,14,54,13,61,12,58,14,62,17,55,14,63,18,58,22,62,19,60,26,60,21,62,24,63,23,63,27,65,28,64,33,64,31,69,34,68,35,66,40,63,43,71,43,71,44,73,46,77,43,77,45,80,43,88,42,76,39,85,38,85,35,80,0,0]"
CSI_DATA,57,1a:00:00:00:00:00,-45,11,1,0,1,1,1,0,0,0,1,-96,0,11,2,1008043,0,44,0,384,0,"[0,0,0,0,0,0,0,0,0,0,0,0,10,3,10,3,10,2,10,2,8,2,8,2,7,1,7,0,6,0,6,0,6,-1,5,-2,5,-2,4,-3,4,-3,4,-3,3,-4,3,-4,3,-4,3,-5,2,-5,2,-6,2,-6,2,-7,2,-7,1,-8,0,0,1,-8,2,-9,2,-9,2,-9,2,-9,3,-10,3,-10,3,-9,4,-10,4,-9,5,-9,4,-8,4,-8,5,-8,5,-7,5,-7,5,-6,5,-6,5,-6,5,-5,5,-4,5,-4,5,-3,5,-3,5,-2,4,-2,0,0,0,0,0,0,0,0,0,0,0,0,0,0,38,18,34,17,34,15,30,15,29,12,25,11,25,9,26,9,24,7,21,6,19,5,19,5,19,3,18,1,16,-1,14,-2,15,-4,16,-5,12,-6,11,-7,10,-9,10,-9,8,-10,9,-12,8,-12,9,-14,6,-17,8,-18,6,-19,6,-22,6,-20,6,-22,8,-23,6,-25,6,-27,9,-24,11,-25,11,-27,12,-25,11,-24,12,-24,13,-25,15,-22,16,-21,16,-20,16,-21,15,-18,17,-18,14,-16,16,-14,15,-14,15,-10,15,-11,17,-9,16,-7,14,-5,15,-4,0,0,0,0,0,0,0,0,0,0,0,0,0,0,0,0,0,0,0,0,0,0,-1,-5,1,-4,2,-3,2,-2,3,-1,3,1,4,2,3,4,3,5,3,6,3,8,2,11,1,11,1,14,1,14,-1,16,-2,20,-4,19,-4,19,-7,22,-9,21,-9,23,-10,24,-12,26,-12,25,-13,27,-14,25,-16,25,-16,26,-16,28,-15,24,-14,29,-15,29,-14,28,-14,29,-15,31,-14,28,-13,31,-12,31,-13,36,-13,34,-11,36,-11,35,-10,37,-11,35,-12,38,-11,39,-10,41,-11,42,-13,43,-13,44,-10,45,-14,44,-14,43,-15,45,-14,44,-15,43,0,0]"
CSI_DATA,58,1a:00:00:00:00:00,-45,11,1,0,1,1,1,0,0,0,1,-96,0,11,2,1018942,0,44,0,384,0,"[0,0,0,0,0,0,0,0,0,0,0,0,8,-9,8,-8,6,-8,6,-8,5,-7,5,-7,4,-7,4,-6,3,-6,3,-6,2,-6,1,-6,1,-6,0,-5,0,-6,-1,-6,-2,-5,-2,-5,-3,-5,-3,-5,-3,-5,-4,-5,-4,-5,-5,-5,-6,-5,-6,-5,0,0,-7,-6,-7,-6,-7,-6,-7,-7,-7,-7,-7,-8,-7,-7,-7,-8,-7,-8,-6,-8,-6,-8,-5,-8,-5,-8,-4,-8,-4,-8,-4,-8,-3,-8,-3,-8,-3,-8,-2,-7,-1,-7,-2,-7,-1,-7,0,-6,0,-6,1,-6,0,0,0,0,0,0,0,0,0,0,0,0,0,0,58,-52,61,-54,57,-51,46,-47,44,-48,38,-43,47,-43,39,-40,32,-43,30,-36,24,-40,20,-33,16,-31,19,-33,13,-31,8,-33,8,-32,2,-31,1,-27,-3,-33,-8,-28,-10,-28,-10,-24,-14,-26,-17,-30,-21,-28,-27,-28,-26,-26,-31,-30,-35,-27,-33,-26,-39,-32,-36,-30,-38,-33,-41,-36,-38,-36,-38,-37,-40,-33,-40,-43,-41,-43,-37,-44,-38,-46,-33,-45,-31,-44,-29,-44,-27,-47,-20,-42,-20,-45,-16,-43,-14,-42,-12,-40,-11,-39,-6,-43,-4,-41,-1,-36,4,-33,5,-31,0,0,0,0,0,0,0,0,0,0,0,0,0,0,0,0,0,0,0,0,0,0,-8,-4,-5,-6,-7,-6,-5,-6,-4,-5,1,-7,5,-8,6,-4,15,-1,14,0,18,4,22,7,25,5,24,8,26,12,31,15,35,15,33,23,30,23,35,26,38,29,39,34,35,37,38,39,39,45,40,44,33,50,35,46,34,50,35,50,37,44,41,50,39,51,39,44,42,53,47,49,42,48,47,44,48,51,51,50,53,48,59,48,56,48,62,48,58,44,69,47,67,48,66,47,71,54,71,59,70,57,74,55,69,58,70,55,75,63,67,62,69,64,0,0]"
CSI_DATA,59,1a:00:00:00:00:00,-45,11,1,0,1,1,1,0,0,0,1,-96,0,11,2,1027063,0,44,0,384,0,"[0,0,0,0,0,0,0,0,0,0,0,0,-1,11,-1,10,0,10,0,9,0,8,0,7,1,7,1,6,1,6,1,5,1,5,2,5,2,4,3,4,2,3,4,3,3,3,3,2,4,1,4,1,4,1,5,0,5,0,6,0,6,0,7,-1,0,0,7,-1,8,-1,9,-1,8,-1,8,-1,9,0,9,0,9,0,9,1,8,1,9,2,8,2,8,2,8,3,7,3,7,3,7,3,6,3,5,3,5,3,5,4,5,4,4,4,3,4,3,4,2,4,0,0,0,0,0,0,0,0,0,0,0,0,0,0,-14,37,-13,33,-12,34,-10,32,-9,31,-11,31,-8,27,-9,26,-5,22,-4,22,-1,21,-2,21,1,22,0,17,3,16,4,16,5,14,7,13,6,13,7,12,11,12,9,10,12,8,11,8,13,6,14,7,16,6,18,5,20,4,20,5,22,4,24,5,21,3,25,5,23,3,27,5,25,8,28,8,25,10,24,10,23,9,24,11,24,13,24,14,23,14,21,13,18,15,18,13,17,13,15,12,16,15,13,14,12,15,10,14,9,16,5,13,4,15,0,0,0,0,0,0,0,0,0,0,0,0,0,0,0,0,0,0,0,0,0,0,4,-2,4,0,2,1,2,2,1,3,-1,3,0,2,-4,5,-5,4,-6,3,-10,4,-11,3,-12,3,-14,3,-15,1,-18,1,-20,1,-19,-2,-24,-3,-24,-3,-25,-5,-26,-5,-25,-5,-28,-8,-27,-9,-29,-10,-27,-11,-31,-12,-27,-12,-32,-10,-28,-12,-34,-13,-30,-12,-31,-10,-31,-10,-33,-11,-31,-9,-34,-8,-34,-8,-37,-7,-36,-7,-37,-5,-39,-8,-38,-9,-38,-6,-42,-3,-44,-6,-42,-3,-45,-4,-43,-6,-44,-8,-46,-7,-49,-8,-42,-7,-45,-8,-46,-8,-44,-10,0,0]"
CSI_DATA,60,1a:00:00:00:00:00,-45,11,1,0,1,1,1,0,0,0,1,-96,0,11,2,1037720,0,44,0,384,0,"[0,0,0,0,0,0,0,0,0,0,0,0,11,-5,10,-5,9,-5,9,-5,8,-4,7,-4,6,-5,6,-4,5,-5,4,-5,4,-5,3,-5,3,-5,2,-5,2,-5,1,-6,1,-6,1,-6,0,-5,-1,-6,-1,-6,-2,-7,-2,-7,-3,-7,-3,-8,-4,-8,0,0,-4,-9,-4,-9,-4,-9,-5,-10,-3,-9,-4,-10,-3,-10,-3,-10,-3,-10,-2,-11,-1,-11,-1,-10,-1,-10,0,-10,0,-9,0,-10,1,-9,0,-8,1,-8,1,-8,2,-8,2,-7,3,-6,3,-6,3,-5,3,-4,0,0,0,0,0,0,0,0,0,0,0,0,0,0,74,-29,73,-26,70,-26,61,-24,64,-24,57,-18,50,-23,51,-22,46,-23,42,-23,37,-24,31,-21,27,-23,26,-22,25,-25,18,-25,17,-29,13,-25,10,-25,10,-29,0,-28,5,-32,-5,-32,-2,-28,-3,-29,-3,-30,-13,-32,-17,-34,-15,-37,-23,-40,-18,-41,-23,-37,-21,-43,-21,-46,-27,-44,-20,-49,-20,-53,-20,-53,-15,-57,-17,-50,-15,-55,-10,-56,-9,-54,-8,-54,-6,-50,-5,-53,-1,-49,-1,-50,0,-43,4,-41,6,-39,6,-37,8,-35,9,-34,16,-31,11,-27,16,-22,0,0,0,0,0,0,0,0,0,0,0,0,0,0,0,0,0,0,0,0,0,0,-11,-7,-6,-6,-7,-7,-1,-7,0,-4,7,-5,8,-3,12,1,12,4,12,5,18,8,17,10,19,11,20,20,18,21,23,29,25,25,21,31,21,38,23,38,22,41,21,46,20,52,21,47,19,51,24,53,14,53,16,55,15,55,23,58,15,52,13,60,15,61,18,59,20,62,21,63,22,62,27,64,28,63,32,62,29,65,38,66,38,68,36,69,35,63,43,68,35,66,39,72,43,69,43,77,46,79,49,78,43,82,45,83,43,86,37,87,36,82,0,0]"
CSI_DATA,61,1a:00:00:00:00:00,-45,11,1,0,1,1,1,0,0,0,1,-96,0,11,2,1046938,0,44,0,384,0,"[0,0,0,0,0,0,0,0,0,0,0,0,-9,-9,-8,-8,-9,-7,-8,-7,-7,-6,-7,-6,-7,-5,-7,-4,-6,-4,-7,-3,-6,-3,-6,-2,-6,-1,-6,-1,-5,0,-6,0,-5,1,-5,1,-5,2,-5,2,-5,3,-5,3,-5,3,-5,4,-6,5,-5,5,0,0,-6,6,-6,6,-7,6,-6,7,-7,6,-8,7,-8,6,-8,6,-8,6,-8,5,-9,5,-9,4,-9,4,-8,3,-8,3,-9,3,-8,2,-8,2,-8,2,-7,1,-7,1,-7,0,-7,0,-7,-1,-6,-2,-6,-2,0,0,0,0,0,0,0,0,0,0,0,0,0,0,-64,-49,-64,-48,-62,-43,-55,-40,-53,-39,-47,-38,-51,-32,-50,-28,-41,-25,-37,-25,-39,-19,-37,-17,-37,-14,-36,-10,-37,-11,-33,-2,-31,2,-32,7,-25,8,-30,8,-25,11,-27,13,-23,19,-21,24,-25,24,-24,25,-24,28,-22,33,-24,33,-21,38,-23,36,-20,40,-25,45,-24,45,-22,48,-28,42,-31,47,-35,48,-38,41,-32,40,-38,42,-39,41,-41,35,-40,37,-37,30,-43,34,-40,27,-42,27,-35,23,-36,22,-39,20,-41,16,-36,13,-40,8,-38,6,-35,3,-31,0,0,0,0,0,0,0,0,0,0,0,0,0,0,0,0,0,0,0,0,0,0,0,-3,10,-2,7,-7,5,-5,2,-7,-4,-4,-4,-5,-8,-6,-12,-3,-11,-5,-15,-1,-19,1,-24,4,-31,6,-28,4,-29,8,-34,11,-38,20,-37,18,-40,22,-37,26,-43,29,-45,31,-46,32,-45,35,-45,36,-48,39,-43,39,-44,42,-47,42,-50,42,-43,42,-47,43,-47,40,-46,44,-51,42,-51,41,-54,40,-55,44,-58,39,-61,38,-59,39,-66,36,-65,41,-71,34,-63,42,-76,39,-73,37,-73,37,-73,43,-81,38,-82,42,-78,47,-82,49,-79,49,-88,48,-79,49,-77,0,0]"
CSI_DATA,62,1a:00:00:00:00:00,-45,11,1,0,1,1,1,0,0,0,1,-96,0,11,2,1056931,0,44,0,384,0,"[0,0,0,0,0,0,0,0,0,0,0,0,10,4,9,4,10,3,9,3,9,3,7,2,8,1,7,1,7,0,6,0,6,-1,6,-1,5,-2,5,-2,4,-3,4,-3,4,-4,4,-4,3,-4,3,-5,3,-5,3,-6,3,-6,2,-7,3,-7,2,-8,0,0,2,-9,3,-9,3,-9,3,-9,3,-9,4,-10,4,-10,3,-9,4,-9,4,-9,5,-9,5,-8,5,-8,5,-7,6,-7,6,-7,6,-6,6,-6,5,-5,5,-5,6,-4,5,-4,5,-3,5,-2,5,-2,5,-1,0,0,0,0,0,0,0,0,0,0,0,0,0,0,35,19,32,21,32,16,27,15,27,14,23,15,26,13,25,10,22,9,19,8,20,5,19,5,18,4,19,1,16,1,14,-3,15,-5,14,-6,12,-6,12,-7,10,-9,10,-9,8,-11,8,-12,9,-13,8,-15,7,-16,6,-18,8,-19,6,-22,7,-21,7,-23,8,-23,9,-24,9,-24,10,-26,11,-27,10,-24,13,-26,13,-25,12,-25,13,-24,14,-24,16,-24,16,-20,16,-20,16,-17,16,-18,15,-16,16,-16,15,-15,17,-15,16,-11,17,-9,16,-8,15,-5,15,-3,0,0,0,0,0,0,0,0,0,0,0,0,0,0,0,0,0,0,0,0,0,0,0,-5,1,-5,1,-4,2,-2,2,1,2,0,4,3,3,3,2,5,1,7,3,8,1,10,1,11,-1,14,-3,15,-4,16,-6,17,-8,17,-6,19,-11,21,-11,21,-14,24,-12,23,-14,23,-15,23,-15,23,-17,23,-17,24,-19,24,-19,26,-17,23,-19,26,-19,25,-17,25,-18,28,-18,27,-17,27,-16,28,-15,30,-14,32,-16,32,-17,32,-16,33,-14,36,-14,34,-16,35,-16,37,-15,38,-15,42,-16,42,-16,41,-16,43,-19,42,-17,39,-18,44,-17,42,-19,41,0,0]"
CSI_DATA,63,1a:00:00:00:00:00,-45,11,1,0,1,1,1,0,0,0,1,-96,0,11,2,1066975,0,44,0,384,0,"[0,0,0,0,0,0,0,0,0,0,0,0,1,-13,1,-12,1,-11,0,-11,0,-10,0,-9,-1,-9,-1,-8,-1,-7,-2,-7,-3,-7,-3,-6,-3,-6,-4,-5,-4,-5,-5,-4,-5,-4,-5,-3,-5,-3,-6,-2,-6,-2,-7,-2,-7,-2,-7,-1,-8,-1,-8,-1,0,0,-9,-1,-9,-1,-10,-1,-10,-1,-10,-1,-10,-2,-11,-2,-10,-2,-11,-2,-10,-3,-10,-4,-10,-3,-9,-4,-9,-4,-9,-4,-8,-4,-8,-4,-8,-4,-7,-5,-7,-5,-6,-5,-6,-5,-5,-5,-4,-5,-4,-6,-3,-5,0,0,0,0,0,0,0,0,0,0,0,0,0,0,11,-39,10,-35,7,-37,7,-35,6,-33,6,-33,6,-25,4,-27,3,-25,-1,-25,0,-24,0,-20,-1,-21,-5,-17,-4,-17,-6,-15,-8,-13,-8,-13,-8,-14,-10,-12,-12,-11,-12,-11,-12,-6,-16,-8,-15,-7,-17,-5,-18,-6,-21,-3,-20,-2,-23,0,-23,-2,-25,-2,-24,-3,-25,-3,-26,0,-27,-5,-28,-5,-28,-6,-28,-7,-29,-8,-28,-8,-25,-10,-26,-9,-27,-9,-25,-11,-24,-12,-22,-14,-23,-12,-20,-11,-18,-13,-16,-13,-18,-14,-14,-13,-14,-15,-12,-17,-9,-14,-7,-16,0,0,0,0,0,0,0,0,0,0,0,0,0,0,0,0,0,0,0,0,0,0,-3,1,-6,-1,-5,-1,-3,-2,-1,-3,1,-3,1,-5,2,-4,4,-5,6,-6,7,-5,10,-6,10,-6,14,-5,14,-3,17,-1,20,-1,18,0,20,0,22,3,23,3,25,5,24,6,28,4,27,5,26,8,27,9,28,9,27,11,30,11,25,10,30,9,30,10,29,9,32,9,31,10,30,7,33,7,33,6,36,4,35,6,37,5,38,3,40,3,38,2,38,4,39,4,41,1,40,2,43,3,44,2,46,0,47,4,45,5,47,5,45,3,43,9,0,0]"
CSI_DATA,64,1a:00:00:00:00:00,-45,11,1,0,1,1,1,0,0,0,1,-96,0,11,2,1077807,0,44,0,384,0,"[0,0,0,0,0,0,0,0,0,0,0,0,-2,11,-1,11,-1,10,-1,10,0,9,-1,9,0,8,1,7,1,7,1,6,2,6,2,5,2,5,3,4,3,4,4,3,4,3,4,2,5,2,5,2,5,1,6,1,6,1,7,0,7,0,7,0,0,0,8,-1,8,0,9,0,9,0,9,0,9,1,10,1,10,1,9,1,9,1,10,2,9,2,9,2,8,3,8,3,8,3,7,3,7,4,6,4,6,3,6,4,5,4,4,4,4,4,3,4,2,4,0,0,0,0,0,0,0,0,0,0,0,0,0,0,-21,32,-14,32,-18,31,-16,30,-14,30,-12,27,-13,25,-9,27,-8,22,-7,23,-5,21,-6,19,-3,20,-2,18,0,16,1,15,4,16,4,14,6,15,5,13,9,13,6,11,10,10,9,9,9,9,14,10,14,7,18,7,18,7,20,4,20,5,22,7,21,7,26,9,24,9,25,9,23,11,26,10,23,13,25,14,24,11,24,13,23,15,23,13,19,15,17,16,15,17,16,17,16,16,12,15,12,19,11,15,8,16,6,17,7,17,4,16,4,16,0,0,0,0,0,0,0,0,0,0,0,0,0,0,0,0,0,0,0,0,0,0,4,-1,3,0,2,3,2,1,0,2,-3,2,-3,2,-4,2,-6,3,-6,4,-9,1,-9,1,-10,2,-15,1,-15,-2,-19,-1,-20,-4,-19,-6,-22,-6,-20,-9,-21,-9,-23,-10,-24,-11,-24,-11,-26,-12,-27,-13,-26,-16,-26,-17,-25,-18,-26,-16,-25,-16,-29,-17,-28,-17,-29,-17,-28,-18,-29,-16,-27,-16,-31,-13,-31,-13,-35,-10,-34,-14,-35,-13,-36,-13,-38,-11,-36,-12,-36,-13,-39,-15,-39,-12,-42,-13,-41,-15,-44,-12,-45,-10,-47,-16,-41,-16,-45,-17,-44,-16,-44,-19,0,0]"
CSI_DATA,65,1a:00:00:00:00:00,-45,11,1,0,1,1,1,0,0,0,1,-96,0,11,2,1088294,0,44,0,384,0,"[0,0,0,0,0,0,0,0,0,0,0,0,7,9,7,8,8,7,7,7,7,6,6,6,6,5,6,4,6,4,6,3,5,2,5,1,6,1,5,1,5,0,5,-1,5,-1,5,-2,5,-2,5,-3,5,-3,5,-4,5,-4,5,-5,6,-5,5,-5,0,0,6,-6,7,-6,7,-7,7,-7,7,-6,8,-6,8,-6,8,-6,8,-6,9,-5,9,-5,8,-4,9,-3,8,-3,9,-3,8,-3,8,-2,7,-2,7,-1,7,-1,7,-1,6,0,6,0,6,1,5,2,4,2,0,0,0,0,0,0,0,0,0,0,0,0,0,0,50,60,49,60,52,51,41,48,46,47,40,48,43,39,42,37,36,33,34,31,35,27,32,23,31,19,30,14,32,11,32,9,34,6,31,3,25,2,28,-5,29,-6,28,-5,26,-13,29,-14,28,-20,25,-21,29,-25,31,-26,25,-30,28,-29,32,-34,27,-34,35,-33,33,-37,35,-38,37,-36,39,-38,38,-37,43,-36,40,-31,41,-30,46,-27,45,-27,45,-29,44,-24,45,-19,45,-15,46,-17,43,-14,43,-9,40,-11,36,-8,37,-3,35,-2,36,3,32,3,31,11,0,0,0,0,0,0,0,0,0,0,0,0,0,0,0,0,0,0,0,0,0,0,4,-12,4,-7,7,-2,5,-5,5,1,4,3,6,6,3,9,2,12,1,17,1,17,-2,19,-6,25,-9,26,-14,28,-18,29,-18,35,-23,31,-25,33,-29,31,-34,36,-36,38,-35,36,-43,39,-39,37,-43,39,-45,36,-48,36,-49,31,-47,39,-45,35,-53,37,-52,35,-45,38,-52,39,-48,38,-48,42,-47,46,-48,48,-49,51,-48,53,-49,56,-49,53,-51,57,-51,59,-52,67,-51,62,-53,68,-51,66,-55,65,-60,73,-58,71,-64,68,-60,69,-63,74,-65,63,-66,60,0,0]"
CSI_DATA,66,1a:00:00:00:00:00,-45,11,1,0,1,1,1,0,0,0,1,-96,0,11,2,1097007,0,44,0,384,0,"[0,0,0,0,0,0,0,0,0,0,0,0,-7,9,-7,8,-6,8,-6,8,-5,8,-5,6,-4,7,-4,6,-3,6,-2,6,-2,6,-1,6,-1,5,-1,5,0,4,1,5,1,4,1,5,2,4,2,4,3,4,3,4,4,4,4,4,5,4,5,4,0,0,6,5,6,5,7,5,7,6,6,5,6,6,7,6,6,6,6,7,6,7,5,7,4,8,4,7,4,7,3,7,3,7,3,7,2,6,2,6,1,6,0,6,1,6,0,6,0,5,-1,5,-2,4,0,0,0,0,0,0,0,0,0,0,0,0,0,0,-44,67,-38,62,-38,66,-35,58,-30,56,-32,53,-29,50,-25,46,-19,45,-23,46,-12,40,-11,40,-11,42,-8,40,-4,32,-1,33,3,34,4,31,8,27,7,28,12,31,13,26,20,27,22,19,24,21,25,21,29,22,30,19,31,22,43,16,37,22,43,20,37,23,46,30,43,21,43,31,44,28,40,32,42,34,42,34,41,35,40,37,38,34,39,38,33,39,31,38,27,41,25,39,22,36,19,37,17,35,15,37,12,36,10,37,11,30,1,35,-3,30,0,0,0,0,0,0,0,0,0,0,0,0,0,0,0,0,0,0,0,0,0,0,7,0,7,4,6,2,3,3,1,4,-4,8,-4,8,-8,5,-15,9,-18,6,-19,9,-25,5,-25,3,-30,-2,-30,-5,-34,-4,-41,-5,-36,-10,-41,-11,-44,-13,-46,-18,-51,-21,-47,-22,-49,-23,-51,-24,-53,-27,-50,-29,-52,-32,-48,-32,-57,-33,-47,-32,-54,-35,-53,-34,-51,-33,-52,-33,-57,-32,-55,-31,-59,-24,-61,-30,-66,-28,-68,-29,-69,-27,-73,-27,-73,-25,-67,-24,-77,-22,-77,-27,-85,-26,-83,-32,-82,-30,-85,-33,-88,-29,-92,-37,-77,-35,-90,-40,-87,-37,-82,-44,0,0]"
CSI_DATA,67,1a:00:00:00:00:00,-45,11,1,0,1,1,1,0,0,0,1,-96,0,11,2,1127161,0,44,0,384,0,"[0,0,0,0,0,0,0,0,0,0,0,0,-12,-4,-11,-3,-11,-3,-10,-3,-10,-3,-8,-2,-8,-1,-7,-1,-7,-1,-7,0,-7,0,-6,0,-6,1,-6,1,-5,1,-5,2,-5,2,-4,3,-4,3,-4,4,-4,4,-3,5,-3,5,-3,5,-3,6,-3,6,0,0,-3,7,-4,7,-3,7,-3,8,-4,8,-4,8,-4,8,-5,7,-5,8,-5,7,-6,7,-6,6,-6,6,-6,6,-6,5,-6,5,-6,5,-6,4,-6,4,-6,3,-6,3,-6,2,-6,2,-6,1,-6,1,-5,0,0,0,0,0,0,0,0,0,0,0,0,0,0,0,-41,-7,-38,-9,-35,-7,-34,-7,-32,-5,-31,-7,-29,-4,-30,-4,-24,-3,-23,-5,-24,0,-22,-1,-22,1,-20,1,-17,3,-17,5,-16,7,-14,6,-14,7,-13,7,-11,11,-12,9,-10,13,-8,12,-6,14,-7,15,-7,17,-6,17,-4,20,-4,19,-5,21,-5,23,-4,21,-5,25,-3,25,-7,24,-6,26,-8,27,-10,25,-10,24,-12,25,-13,26,-13,24,-14,22,-14,21,-14,22,-15,21,-15,19,-13,15,-15,14,-15,14,-16,13,-14,12,-17,9,-15,8,-15,7,-15,2,0,0,0,0,0,0,0,0,0,0,0,0,0,0,0,0,0,0,0,0,0,0,1,4,0,3,-1,3,-1,2,-2,1,-4,0,-4,-2,-6,-1,-5,-4,-6,-7,-6,-8,-6,-9,-7,-12,-4,-12,-4,-15,-7,-17,-6,-19,-2,-21,-5,-22,-2,-22,1,-23,0,-27,0,-26,2,-27,3,-30,5,-29,5,-28,5,-28,6,-31,5,-30,4,-29,5,-32,6,-32,2,-30,4,-32,3,-32,5,-33,2,-34,3,-36,1,-37,1,-36,1,-40,0,-37,0,-40,0,-39,-2,-41,-3,-42,-2,-42,-2,-42,-2,-47,0,-45,-1,-48,2,-47,0,-46,1,-49,2,-46,3,-46,0,0]"
CSI_DATA,68,1a:00:00:00:00:00,-45,11,1,0,1,1,1,0,0,0,1,-96,0,11,2,1137832,0,44,0,384,0,"[0,0,0,0,0,0,0,0,0,0,0,0,-3,11,-3,11,-2,9,-2,10,-2,8,-2,8,-1,8,0,7,-1,7,0,6,1,6,1,6,1,5,2,4,2,4,3,4,3,3,3,3,4,2,4,3,5,2,5,2,5,2,6,1,6,2,7,1,0,0,8,1,8,1,8,1,8,1,8,2,8,2,9,2,8,2,8,3,8,3,8,4,8,4,7,4,7,4,6,4,6,5,6,4,5,5,5,5,4,5,4,5,3,5,3,5,2,5,2,5,1,4,0,0,0,0,0,0,0,0,0,0,0,0,0,0,-17,34,-16,34,-13,33,-15,31,-13,29,-12,28,-11,25,-10,23,-8,23,-7,22,-6,20,-5,20,-4,21,-2,18,0,17,1,16,3,14,4,14,4,12,5,12,7,12,7,11,9,9,11,10,11,9,12,8,13,8,15,6,16,8,19,6,18,9,19,8,21,9,23,9,23,8,23,11,24,12,24,11,21,14,21,14,21,14,20,17,20,16,20,16,16,16,17,18,15,19,14,17,13,18,11,17,10,18,8,17,7,17,6,17,5,16,3,16,0,14,0,0,0,0,0,0,0,0,0,0,0,0,0,0,0,0,0,0,0,0,0,0,4,-1,4,-1,3,1,1,2,1,2,-1,2,-2,2,-4,5,-7,5,-7,4,-9,3,-11,3,-12,4,-13,3,-15,2,-17,1,-19,1,-22,-2,-19,-1,-23,-4,-20,-4,-24,-6,-25,-8,-25,-6,-28,-7,-28,-9,-27,-12,-25,-11,-27,-13,-29,-11,-26,-13,-30,-12,-28,-12,-30,-10,-30,-12,-32,-12,-30,-12,-34,-9,-32,-9,-36,-9,-35,-10,-36,-8,-37,-10,-38,-8,-37,-8,-38,-5,-40,-7,-42,-8,-40,-8,-43,-11,-43,-9,-45,-10,-44,-14,-42,-13,-45,-13,-44,-14,-41,-14,0,0]"
CSI_DATA,69,1a:00:00:00:00:00,-45,11,1,0,1,1,1,0,0,0,1,-96,0,11,2,1146893,0,44,0,384,0,"[0,0,0,0,0,0,0,0,0,0,0,0,3,10,4,10,4,8,3,8,3,8,3,7,4,6,3,6,3,5,4,4,3,4,4,4,4,3,4,2,4,2,4,2,4,1,4,0,5,0,4,0,5,-1,5,-1,5,-2,6,-2,6,-2,6,-3,0,0,7,-3,8,-3,8,-3,8,-4,8,-3,9,-3,8,-3,8,-2,9,-2,9,-2,9,-1,8,-1,8,-1,8,0,7,0,8,1,7,1,7,1,6,2,6,2,6,2,5,2,5,2,4,3,4,3,3,3,0,0,0,0,0,0,0,0,0,0,0,0,0,0,20,77,19,74,21,68,19,67,19,68,14,60,14,53,18,51,17,47,13,46,18,41,23,40,22,38,20,27,18,30,23,26,25,20,27,17,25,15,25,11,27,10,27,13,26,5,32,3,34,1,35,-1,34,-4,38,-6,42,-8,40,-10,38,-10,43,-11,46,-12,48,-12,45,-15,51,-11,50,-17,50,-9,53,-10,53,-7,54,-2,54,-2,53,0,55,0,52,4,51,6,50,11,46,10,44,11,43,11,36,12,40,14,36,16,30,21,26,20,25,22,21,25,0,0,0,0,0,0,0,0,0,0,0,0,0,0,0,0,0,0,0,0,0,0,4,-10,7,-7,7,-2,8,-1,4,4,2,4,2,5,-1,8,-2,13,-3,15,-10,17,-11,16,-14,24,-19,25,-21,21,-24,23,-32,25,-32,18,-31,25,-38,26,-39,25,-49,23,-43,19,-54,20,-52,21,-54,19,-58,15,-57,16,-57,18,-64,20,-59,18,-66,15,-61,19,-63,20,-63,17,-66,21,-62,20,-66,23,-65,26,-74,26,-69,29,-70,29,-70,30,-74,34,-68,30,-70,40,-73,38,-74,42,-77,43,-81,40,-83,35,-86,39,-92,36,-83,32,-87,35,-79,35,-86,27,0,0]"
CSI_DATA,70,1a:00:00:00:00:00,-45,11,1,0,1,1,1,0,0,0,1,-96,0,11,2,1157185,0,44,0,384,0,"[0,0,0,0,0,0,0,0,0,0,0,0,10,5,9,5,10,4,8,4,9,3,7,3,7,2,7,2,6,1,6,1,6,1,6,-1,5,-1,5,-2,5,-1,5,-3,4,-3,4,-3,4,-4,4,-4,4,-5,3,-5,3,-5,3,-6,3,-7,3,-7,0,0,3,-8,4,-8,4,-8,4,-9,4,-8,5,-8,5,-9,5,-8,6,-8,6,-8,6,-8,7,-7,7,-7,7,-6,7,-6,6,-5,7,-5,6,-4,6,-4,6,-4,6,-3,6,-2,6,-2,5,-1,5,-1,5,0,0,0,0,0,0,0,0,0,0,0,0,0,0,0,30,24,28,23,30,22,27,20,26,20,25,15,24,14,24,15,21,10,20,13,22,10,18,7,19,6,15,6,17,4,16,3,17,1,15,-3,14,-3,14,-1,14,-5,12,-6,12,-8,12,-9,12,-11,12,-11,12,-12,12,-15,12,-15,12,-19,12,-18,13,-19,13,-17,15,-20,13,-19,17,-21,17,-21,17,-20,20,-20,19,-19,19,-17,19,-17,23,-15,21,-14,23,-14,22,-12,22,-12,21,-9,22,-9,20,-7,20,-8,19,-5,19,-4,18,-1,16,-1,15,1,16,3,0,0,0,0,0,0,0,0,0,0,0,0,0,0,0,0,0,0,0,0,0,0,-2,-6,1,-5,0,-2,1,-4,0,-1,2,2,5,2,3,3,4,5,3,7,1,8,2,9,1,11,0,14,0,15,-1,15,-3,18,-4,17,-5,20,-6,22,-9,21,-10,24,-11,22,-13,24,-15,24,-14,26,-16,25,-18,25,-17,23,-18,28,-16,24,-19,27,-18,26,-15,26,-18,28,-17,28,-16,26,-17,30,-16,32,-18,33,-18,33,-15,34,-17,35,-15,35,-16,37,-15,35,-18,38,-16,38,-18,40,-16,39,-20,41,-19,42,-23,44,-21,38,-24,43,-25,42,-22,40,0,0]"
CSI_DATA,71,1a:00:00:00:00:00,-45,11,1,0,1,1,1,0,0,0,1,-96,0,11,2,1167686,0,44,0,384,0,"[0,0,0,0,0,0,0,0,0,0,0,0,11,-2,10,-2,9,-3,9,-3,8,-2,7,-3,7,-3,6,-3,6,-3,5,-3,4,-4,4,-4,3,-4,3,-4,3,-4,2,-5,2,-5,1,-5,1,-5,0,-5,0,-5,0,-6,-1,-6,-2,-7,-1,-7,-2,-7,0,0,-2,-8,-2,-9,-2,-9,-2,-9,-2,-9,-2,-10,-2,-10,-1,-9,-1,-10,-1,-10,0,-10,0,-9,0,-9,1,-9,1,-8,2,-9,1,-8,2,-8,2,-7,2,-7,3,-7,3,-6,3,-6,3,-5,3,-4,3,-4,0,0,0,0,0,0,0,0,0,0,0,0,0,0,75,-1,74,2,70,-8,66,-3,65,0,59,-4,55,-5,52,-2,47,-8,44,-5,43,-10,38,-10,35,-12,33,-13,32,-16,26,-19,27,-21,24,-20,20,-19,15,-21,13,-22,12,-25,7,-25,9,-27,8,-28,2,-31,-2,-34,-5,-36,-3,-36,-6,-41,-2,-42,-10,-45,-4,-46,-9,-47,-8,-49,-1,-49,-6,-54,0,-57,-1,-57,1,-54,0,-56,8,-50,12,-52,10,-51,10,-47,10,-49,12,-45,16,-46,16,-40,18,-41,17,-36,20,-37,16,-33,21,-28,24,-26,24,-23,25,-18,0,0,0,0,0,0,0,0,0,0,0,0,0,0,0,0,0,0,0,0,0,0,-7,-10,-2,-8,3,-8,1,-7,4,-4,7,-2,10,-1,8,1,9,5,12,8,13,12,12,13,16,18,13,23,15,24,13,30,16,34,10,36,12,36,8,43,6,41,5,48,2,51,5,52,2,52,5,55,-5,55,-2,53,-5,55,-1,61,-3,58,-3,65,-4,62,-1,60,-4,63,2,65,3,63,5,65,0,66,7,69,9,70,9,70,9,75,12,77,12,76,15,79,16,76,22,81,18,77,17,84,17,83,18,88,13,90,13,85,8,97,8,94,6,89,0,0]"
CSI_DATA,72,1a:00:00:00:00:00,-45,11,1,0,1,1,1,0,0,0,1,-96,0,11,2,1176919,0,44,0,384,0,"[0,0,0,0,0,0,0,0,0,0,0,0,-2,-12,-2,-11,-3,-10,-2,-11,-2,-9,-2,-9,-3,-8,-3,-7,-3,-7,-3,-6,-3,-6,-4,-5,-4,-5,-5,-5,-4,-4,-5,-3,-5,-3,-5,-2,-5,-1,-6,-1,-6,-1,-7,-1,-6,-1,-7,0,-7,0,-8,1,0,0,-9,1,-9,1,-9,1,-10,1,-10,1,-10,1,-10,0,-10,0,-10,0,-10,-1,-10,-1,-10,-2,-9,-2,-9,-2,-9,-2,-9,-3,-9,-3,-8,-3,-8,-3,-7,-3,-7,-4,-6,-4,-6,-4,-5,-4,-5,-5,-4,-5,0,0,0,0,0,0,0,0,0,0,0,0,0,0,4,-39,4,-37,1,-35,2,-34,-1,-33,1,-28,2,-29,1,-28,0,-25,-2,-22,-6,-22,-4,-19,-5,-19,-6,-17,-7,-15,-9,-13,-8,-14,-8,-11,-10,-10,-10,-10,-14,-9,-11,-6,-13,-6,-15,-3,-14,-4,-17,-3,-17,-2,-18,1,-19,1,-21,1,-21,2,-23,2,-25,2,-25,1,-25,3,-24,1,-26,1,-27,1,-27,-1,-27,-1,-26,-2,-25,-5,-25,-5,-28,-6,-24,-5,-24,-8,-23,-8,-23,-8,-20,-8,-19,-7,-19,-8,-18,-9,-17,-11,-14,-12,-14,-12,-11,-12,-9,-11,0,0,0,0,0,0,0,0,0,0,0,0,0,0,0,0,0,0,0,0,0,0,-5,1,-4,-1,-3,-2,-4,-1,-2,-2,1,-4,2,-4,2,-7,1,-5,5,-6,5,-6,8,-5,12,-7,13,-4,13,-5,17,-3,16,-3,19,0,19,-2,21,-1,22,0,25,1,24,2,26,3,27,3,26,5,27,5,30,3,27,5,29,4,28,6,30,5,31,5,29,5,31,4,32,4,32,5,31,5,33,1,36,1,36,2,37,0,37,-1,39,1,37,-2,37,-2,39,-2,40,-5,42,-4,45,-1,45,-2,44,-3,46,-1,42,-1,46,-2,45,-2,44,-1,0,0]"
CSI_DATA,73,1a:00:00:00:00:00,-45,11,1,0,1,1,1,0,0,0,1,-96,0,11,2,1187160,0,44,0,384,0,"[0,0,0,0,0,0,0,0,0,0,0,0,-7,9,-7,9,-6,9,-6,8,-5,8,-5,7,-4,7,-3,6,-3,6,-2,6,-2,6,-1,6,0,5,0,5,0,5,1,5,1,4,2,4,2,4,2,4,3,4,4,4,4,4,5,3,6,4,6,3,0,0,7,3,7,4,7,5,8,4,7,5,7,5,7,6,7,5,7,6,7,6,7,7,6,6,6,6,5,7,5,7,4,7,4,7,4,6,3,6,3,6,2,6,1,6,1,6,1,5,0,5,-1,5,0,0,0,0,0,0,0,0,0,0,0,0,0,0,-59,54,-58,45,-53,50,-48,46,-45,40,-45,40,-38,35,-43,33,-33,36,-31,35,-21,34,-23,33,-16,32,-18,30,-16,30,-10,29,-9,27,-6,29,1,24,0,26,7,27,6,25,4,23,14,26,17,26,16,29,19,24,22,27,26,30,27,24,29,26,33,29,30,32,36,33,37,32,34,37,33,38,37,35,34,42,30,40,30,40,29,45,24,44,23,45,19,42,22,46,16,40,17,41,8,37,15,41,9,37,8,38,4,35,-2,39,-2,33,-4,29,-9,27,0,0,0,0,0,0,0,0,0,0,0,0,0,0,0,0,0,0,0,0,0,0,8,3,5,4,6,5,0,5,2,3,-6,5,-6,3,-10,4,-12,0,-13,1,-20,-3,-18,-5,-24,-6,-26,-6,-26,-10,-31,-15,-35,-15,-34,-20,-35,-19,-35,-26,-39,-28,-36,-32,-36,-32,-37,-35,-38,-42,-40,-41,-34,-43,-37,-44,-41,-44,-40,-50,-39,-44,-42,-49,-39,-48,-40,-46,-42,-49,-45,-48,-46,-48,-51,-49,-49,-49,-51,-53,-51,-50,-57,-46,-58,-49,-62,-50,-60,-49,-62,-50,-63,-53,-69,-47,-69,-52,-72,-55,-68,-59,-74,-58,-68,-62,-67,-59,-72,-65,-69,-65,-62,-64,0,0]"
CSI_DATA,74,1a:00:00:00:00:00,-45,11,1,0,1,1,1,0,0,0,1,-96,0,11,2,1199406,0,44,0,384,0,"[0,0,0,0,0,0,0,0,0,0,0,0,-4,-11,-4,-10,-5,-9,-4,-9,-4,-8,-4,-8,-4,-7,-4,-6,-4,-6,-4,-5,-4,-5,-5,-4,-5,-3,-5,-3,-5,-2,-5,-2,-5,-1,-5,-1,-5,-1,-5,0,-5,0,-6,1,-6,1,-6,2,-7,2,-7,3,0,0,-8,3,-8,3,-9,3,-8,3,-9,3,-9,3,-9,3,-9,2,-9,2,-9,1,-9,1,-9,1,-9,0,-9,0,-9,-1,-9,-1,-8,-1,-8,-1,-7,-2,-7,-2,-7,-2,-6,-3,-6,-3,-6,-3,-5,-4,-4,-4,0,0,0,0,0,0,0,0,0,0,0,0,0,0,-21,-78,-16,-80,-19,-72,-18,-65,-17,-69,-14,-57,-12,-59,-14,-50,-19,-47,-18,-46,-18,-40,-19,-33,-20,-36,-20,-30,-21,-28,-25,-23,-27,-23,-24,-18,-25,-14,-28,-12,-28,-8,-26,-10,-27,-5,-32,1,-28,2,-36,2,-34,4,-35,9,-38,10,-41,10,-40,13,-42,11,-49,16,-48,16,-51,18,-52,10,-53,14,-53,16,-52,9,-53,11,-54,8,-54,1,-54,-1,-55,-3,-51,-1,-51,-2,-47,-7,-54,-6,-41,-9,-43,-12,-42,-8,-43,-12,-36,-16,-31,-20,-30,-21,-26,-20,-24,-21,0,0,0,0,0,0,0,0,0,0,0,0,0,0,0,0,0,0,0,0,0,0,-7,7,-7,7,-9,3,-5,0,-8,-6,-4,-6,-3,-10,-2,-11,4,-11,7,-15,8,-18,12,-20,15,-22,24,-21,22,-21,24,-20,30,-20,36,-17,35,-27,37,-24,45,-17,48,-19,53,-17,55,-11,58,-17,56,-20,56,-11,60,-12,60,-9,62,-14,60,-15,60,-13,59,-18,62,-14,63,-16,63,-18,66,-14,70,-22,68,-18,68,-27,70,-22,70,-27,68,-29,74,-33,68,-29,78,-34,75,-34,74,-37,77,-38,85,-37,83,-29,89,-36,89,-37,84,-28,95,-31,93,-31,87,-32,0,0]"
CSI_DATA,75,1a:00:00:00:00:00,-45,11,1,0,1,1,1,0,0,0,1,-96,0,11,2,1206894,0,44,0,384,0,"[0,0,0,0,0,0,0,0,0,0,0,0,10,-1,9,-1,9,-1,9,-1,8,-2,7,-2,7,-2,6,-2,6,-3,5,-3,5,-3,4,-4,4,-4,3,-4,3,-4,2,-5,1,-4,1,-5,1,-5,0,-5,0,-6,0,-6,0,-6,-1,-7,-1,-7,-2,-7,0,0,-2,-8,-1,-9,-2,-9,-2,-9,-1,-9,-1,-9,-1,-10,-1,-9,-1,-10,0,-10,0,-10,1,-9,1,-9,1,-9,2,-9,2,-8,2,-8,2,-7,2,-7,2,-7,3,-6,3,-6,3,-5,3,-5,3,-4,3,-3,0,0,0,0,0,0,0,0,0,0,0,0,0,0,76,-4,74,-8,70,-9,62,-10,61,-9,59,-12,54,-7,51,-12,48,-11,46,-12,39,-15,32,-13,31,-15,31,-14,25,-20,26,-22,21,-22,16,-28,17,-22,15,-18,8,-33,7,-25,4,-28,4,-29,2,-29,-1,-31,-6,-36,-11,-34,-7,-39,-16,-37,-14,-38,-14,-44,-10,-45,-13,-48,-19,-48,-9,-54,-14,-52,-8,-55,-9,-55,-8,-54,-5,-52,-5,-55,0,-50,0,-53,4,-49,5,-49,4,-50,9,-46,9,-43,10,-40,10,-39,13,-36,14,-35,17,-29,18,-30,19,-25,23,-21,0,0,0,0,0,0,0,0,0,0,0,0,0,0,0,0,0,0,0,0,0,0,-6,-9,-3,-7,0,-8,5,-7,5,-5,5,-4,7,-1,8,0,10,7,13,8,16,12,13,14,16,17,17,23,14,26,12,26,16,33,15,37,13,36,11,45,9,43,10,45,6,47,10,52,5,56,6,55,0,54,1,57,3,56,1,61,1,58,-3,64,1,63,4,62,1,63,-1,64,5,64,11,67,9,69,13,68,12,73,14,67,12,74,21,74,22,73,14,76,19,76,22,74,20,80,21,79,22,84,24,84,18,87,20,84,20,92,20,88,15,86,0,0]"
CSI_DATA,76,1a:00:00:00:00:00,-45,11,1,0,1,1,1,0,0,0,1,-96,0,11,2,1217531,0,44,0,384,0,"[0,0,0,0,0,0,0,0,0,0,0,0,-11,-1,-11,-1,-10,0,-10,-1,-9,-1,-8,0,-8,0,-7,1,-7,1,-6,1,-6,2,-5,2,-5,2,-4,3,-4,3,-4,3,-3,3,-3,4,-2,4,-2,4,-2,5,-1,5,-1,5,-1,6,-1,6,0,7,0,0,-1,8,-1,8,-1,9,0,8,-1,9,-2,9,-1,9,-2,8,-2,9,-2,9,-3,9,-3,8,-3,8,-4,8,-4,7,-4,7,-4,6,-4,6,-5,5,-4,5,-5,4,-5,4,-5,4,-5,3,-5,3,-5,2,0,0,0,0,0,0,0,0,0,0,0,0,0,0,-38,-6,-39,-8,-34,-3,-32,-4,-32,-1,-29,-3,-26,-1,-27,-1,-24,-1,-20,2,-22,3,-19,4,-20,4,-17,5,-16,6,-13,7,-13,8,-11,10,-11,8,-9,10,-8,10,-6,12,-4,11,-4,14,-2,16,-1,18,0,17,2,19,0,19,2,19,4,20,6,22,2,22,5,23,7,25,2,24,1,27,1,27,0,27,1,27,0,26,-1,27,-4,26,-5,25,-4,24,-4,22,-5,22,-8,23,-7,19,-6,21,-9,18,-9,18,-9,17,-10,15,-10,14,-11,12,-12,10,0,0,0,0,0,0,0,0,0,0,0,0,0,0,0,0,0,0,0,0,0,0,0,4,-2,4,-1,3,-2,3,-4,-1,-3,-2,-4,-3,-5,-4,-5,-5,-4,-8,-4,-8,-2,-11,-6,-14,-4,-15,-3,-15,-1,-18,-2,-19,-1,-21,0,-21,1,-21,4,-22,3,-26,5,-26,5,-27,7,-28,7,-27,6,-28,8,-29,10,-29,9,-30,8,-29,9,-29,9,-31,7,-29,8,-31,6,-32,6,-32,4,-34,5,-35,3,-36,4,-35,2,-36,2,-36,-1,-40,0,-37,2,-41,0,-41,-2,-42,-2,-43,0,-45,-1,-43,-1,-45,1,-45,1,-44,1,-47,-2,-44,2,-45,0,0]"
CSI_DATA,77,1a:00:00:00:00:00,-45,11,1,0,1,1,1,0,0,0,1,-96,0,11,2,1226961,0,44,0,384,0,"[0,0,0,0,0,0,0,0,0,0,0,0,0,11,1,10,1,10,1,9,1,8,0,8,1,7,2,6,2,6,2,5,2,5,3,4,3,4,3,3,3,3,4,3,4,2,4,1,4,1,5,0,5,0,6,-1,6,-1,7,-1,6,-1,7,-2,0,0,8,-2,8,-2,9,-2,9,-2,9,-1,9,-1,9,-1,9,0,9,0,9,0,10,1,9,1,8,1,8,2,8,2,8,2,7,2,7,2,6,3,6,2,5,3,5,4,4,4,4,4,3,4,2,4,0,0,0,0,0,0,0,0,0,0,0,0,0,0,-1,37,-4,38,-1,33,-1,33,-2,32,-2,28,-2,28,0,25,0,24,2,21,3,20,4,18,4,17,6,15,5,14,6,12,10,12,7,9,6,7,11,7,11,7,12,8,11,1,14,2,14,2,15,0,17,0,18,-3,18,-2,19,-2,20,-4,24,-3,24,-3,24,-3,23,-3,26,-1,26,-2,27,0,26,1,25,-1,27,1,26,3,25,4,26,4,23,4,22,7,22,6,22,6,20,7,17,8,17,9,17,8,15,8,14,11,13,11,11,10,8,11,0,0,0,0,0,0,0,0,0,0,0,0,0,0,0,0,0,0,0,0,0,0,4,-2,3,-2,3,1,2,2,1,3,-1,3,-2,4,-2,5,-4,4,-7,5,-8,4,-10,6,-12,5,-14,5,-14,4,-18,3,-18,4,-20,2,-20,3,-21,0,-23,2,-26,0,-26,-2,-25,-1,-28,-2,-28,-2,-29,-5,-29,-4,-30,-6,-29,-5,-28,-6,-31,-4,-32,-7,-32,-4,-32,-4,-32,-4,-32,-3,-34,-3,-34,-3,-37,-1,-35,-2,-37,1,-39,1,-39,4,-38,4,-37,3,-41,2,-40,5,-43,4,-44,2,-45,1,-45,4,-47,2,-45,3,-47,-2,-44,0,-46,0,0,0]"
CSI_DATA,78,1a:00:00:00:00:00,-45,11,1,0,1,1,1,0,0,0,1,-96,0,11,2,1236945,0,44,0,384,0,"[0,0,0,0,0,0,0,0,0,0,0,0,-9,-9,-9,-8,-9,-8,-8,-7,-8,-7,-6,-6,-7,-5,-7,-4,-7,-4,-7,-3,-7,-3,-6,-2,-6,-1,-6,-1,-6,0,-6,1,-5,1,-5,1,-5,2,-5,3,-5,3,-5,4,-5,4,-5,5,-6,5,-5,6,0,0,-6,6,-7,7,-6,7,-7,7,-7,7,-7,7,-8,7,-8,7,-8,7,-9,7,-9,6,-8,5,-9,5,-9,4,-9,4,-8,4,-9,3,-8,3,-8,2,-8,2,-8,1,-7,1,-7,0,-7,-1,-6,-1,-6,-1,0,0,0,0,0,0,0,0,0,0,0,0,0,0,-56,-54,-51,-56,-52,-49,-49,-42,-49,-42,-43,-37,-39,-37,-42,-33,-38,-32,-36,-27,-35,-20,-31,-16,-34,-19,-32,-13,-31,-12,-30,-7,-30,-4,-28,0,-28,3,-26,6,-28,8,-26,9,-28,14,-23,18,-22,20,-24,23,-24,26,-24,32,-26,31,-25,36,-24,31,-26,35,-30,40,-29,41,-31,42,-36,41,-31,39,-31,40,-39,41,-34,37,-40,35,-43,34,-40,34,-46,31,-39,29,-44,33,-40,22,-40,21,-41,17,-37,20,-37,16,-38,12,-35,7,-36,4,-34,5,-30,-4,-28,-3,0,0,0,0,0,0,0,0,0,0,0,0,0,0,0,0,0,0,0,0,0,0,-1,9,-3,3,-7,2,-3,1,-5,-3,-6,-3,-6,-5,-2,-10,-4,-13,-2,-17,3,-15,5,-22,6,-26,10,-22,10,-25,13,-30,15,-33,20,-32,19,-39,22,-37,30,-37,33,-42,37,-38,36,-39,43,-40,38,-41,46,-35,46,-34,44,-39,48,-42,45,-38,49,-40,46,-42,44,-43,50,-45,45,-45,43,-42,44,-52,46,-49,44,-51,46,-53,42,-59,47,-58,48,-61,45,-59,39,-69,44,-65,45,-70,44,-71,50,-69,51,-72,53,-71,56,-70,56,-72,58,-75,54,-66,58,-68,0,0]"
CSI_DATA,79,1a:00:00:00:00:00,-45,11,1,0,1,1,1,0,0,0,1,-96,0,11,2,1246932,0,44,0,384,0,"[0,0,0,0,0,0,0,0,0,0,0,0,11,2,10,1,10,1,10,0,9,0,8,0,7,-1,7,-1,6,-1,6,-2,5,-2,5,-3,5,-3,4,-3,4,-4,3,-4,3,-4,2,-5,2,-5,1,-6,1,-6,0,-6,1,-7,0,-7,0,-8,0,-8,0,0,0,-9,0,-10,0,-10,0,-10,0,-10,1,-11,1,-11,1,-10,2,-11,2,-10,2,-10,3,-9,3,-9,3,-9,4,-9,4,-8,4,-8,3,-7,4,-7,4,-6,4,-6,4,-6,4,-5,4,-4,5,-4,4,-3,0,0,0,0,0,0,0,0,0,0,0,0,0,0,35,14,30,14,32,11,28,12,29,12,26,10,23,8,25,7,22,5,21,5,19,2,16,2,16,0,16,-1,13,0,13,-3,14,-5,12,-6,12,-6,9,-8,10,-12,8,-9,8,-12,8,-13,7,-14,7,-17,6,-18,3,-19,5,-20,4,-22,5,-19,6,-23,6,-22,4,-26,7,-26,6,-24,11,-25,7,-26,10,-26,10,-27,11,-24,12,-24,13,-22,15,-23,14,-21,14,-20,15,-19,13,-19,13,-17,16,-14,16,-14,15,-15,16,-11,14,-9,17,-8,15,-5,14,-5,0,0,0,0,0,0,0,0,0,0,0,0,0,0,0,0,0,0,0,0,0,0,-1,-4,0,-4,1,-3,0,-2,2,-2,3,0,1,2,4,3,3,5,2,7,3,8,2,9,3,12,1,13,1,15,-3,17,-2,18,-4,18,-5,22,-7,21,-6,21,-8,24,-9,23,-9,23,-11,27,-12,25,-13,25,-14,26,-15,26,-14,29,-13,25,-16,29,-14,26,-14,28,-13,29,-13,29,-13,28,-13,29,-12,31,-13,32,-13,33,-10,33,-11,33,-10,37,-9,34,-11,40,-11,38,-8,38,-8,40,-9,42,-10,41,-11,42,-14,44,-13,39,-14,41,-15,43,-13,41,0,0]"
CSI_DATA,80,1a:00:00:00:00:00,-45,11,1,0,1,1,1,0,0,0,1,-96,0,11,2,1258615,0,44,0,384,0,"[0,0,0,0,0,0,0,0,0,0,0,0,-7,-10,-7,-9,-7,-8,-6,-8,-6,-7,-6,-6,-6,-6,-6,-5,-5,-5,-6,-4,-6,-3,-6,-2,-6,-2,-5,-1,-5,-1,-5,0,-5,0,-5,1,-5,1,-5,2,-5,2,-5,3,-5,3,-6,4,-6,4,-6,5,0,0,-6,5,-7,5,-7,6,-7,6,-8,5,-8,5,-8,5,-8,5,-8,5,-8,4,-9,4,-9,4,-9,3,-8,3,-8,3,-9,2,-8,2,-8,2,-8,1,-7,1,-7,0,-7,0,-6,-1,-7,-1,-6,-1,-5,-2,0,0,0,0,0,0,0,0,0,0,0,0,0,0,-42,-69,-41,-70,-39,-60,-37,-57,-42,-57,-30,-49,-34,-48,-32,-41,-33,-39,-31,-34,-33,-27,-29,-24,-29,-25,-30,-21,-29,-17,-29,-12,-33,-9,-26,0,-25,-4,-30,1,-31,2,-29,7,-27,12,-32,14,-28,14,-24,20,-28,24,-27,25,-33,26,-31,26,-31,33,-33,31,-34,35,-37,35,-40,38,-41,37,-41,34,-44,39,-47,31,-43,35,-47,31,-49,29,-50,26,-47,23,-47,23,-47,22,-45,20,-44,16,-40,14,-41,12,-39,9,-37,7,-38,5,-39,2,-34,-6,-33,-2,-34,-10,0,0,0,0,0,0,0,0,0,0,0,0,0,0,0,0,0,0,0,0,0,0,-8,8,-5,1,-4,2,-5,1,-3,-2,-3,-8,-2,-5,-2,-13,4,-13,6,-16,9,-18,8,-20,14,-24,17,-22,18,-20,26,-27,26,-27,33,-25,33,-26,35,-27,36,-26,43,-28,45,-27,52,-26,54,-23,55,-30,52,-24,49,-23,54,-21,59,-32,56,-24,56,-25,60,-25,52,-28,57,-32,60,-34,58,-34,61,-30,59,-37,62,-37,62,-40,62,-51,60,-49,63,-51,60,-49,58,-56,58,-56,61,-56,63,-59,65,-60,69,-51,73,-57,75,-57,72,-56,80,-57,71,-58,73,-54,0,0]"
CSI_DATA,81,1a:00:00:00:00:00,-45,11,1,0,1,1,1,0,0,0,1,-96,0,11,2,1266918,0,44,0,384,0,"[0,0,0,0,0,0,0,0,0,0,0,0,8,-9,7,-9,6,-9,6,-9,5,-8,4,-7,3,-8,2,-7,2,-7,2,-6,1,-7,1,-6,0,-6,0,-6,-1,-6,-2,-6,-3,-5,-3,-5,-3,-5,-4,-5,-4,-5,-6,-4,-6,-5,-6,-5,-7,-5,-7,-5,0,0,-8,-5,-8,-5,-9,-6,-9,-6,-9,-6,-9,-6,-9,-6,-9,-6,-9,-7,-8,-7,-8,-8,-7,-8,-7,-8,-6,-7,-6,-8,-6,-8,-6,-8,-5,-8,-5,-7,-4,-7,-4,-7,-3,-7,-2,-7,-2,-7,-1,-7,-1,-6,0,0,0,0,0,0,0,0,0,0,0,0,0,0,51,-61,49,-57,45,-62,41,-54,38,-51,36,-48,30,-43,32,-47,25,-42,25,-38,15,-38,12,-38,11,-37,9,-35,5,-33,0,-35,-4,-29,-3,-28,-7,-32,-11,-26,-14,-28,-16,-26,-19,-19,-21,-17,-25,-19,-27,-23,-29,-16,-35,-20,-36,-18,-40,-21,-41,-18,-44,-19,-42,-22,-48,-22,-44,-19,-49,-29,-53,-25,-50,-28,-47,-30,-46,-33,-43,-32,-42,-36,-40,-37,-43,-37,-40,-37,-38,-37,-31,-36,-32,-39,-25,-38,-28,-35,-23,-37,-22,-37,-23,-35,-12,-33,-8,-32,-7,-32,-2,-31,0,0,0,0,0,0,0,0,0,0,0,0,0,0,0,0,0,0,0,0,0,0,-10,-1,-5,-3,-5,-4,-2,-5,0,-8,3,-4,4,-4,11,-5,15,-5,11,1,18,0,16,2,22,3,23,10,28,12,32,14,36,14,34,20,38,23,33,20,34,25,41,31,38,35,40,38,38,40,43,42,38,40,42,42,37,43,46,45,39,43,44,45,44,44,47,42,46,46,51,40,48,42,58,42,56,44,57,46,60,45,63,38,61,41,68,39,63,40,69,35,66,38,75,40,74,37,77,46,74,45,80,46,79,50,74,49,85,53,78,50,76,49,0,0]"
CSI_DATA,82,1a:00:00:00:00:00,-45,11,1,0,1,1,1,0,0,0,1,-96,0,11,2,1277009,0,44,0,384,0,"[0,0,0,0,0,0,0,0,0,0,0,0,2,-13,1,-12,1,-12,1,-11,0,-10,0,-10,-1,-9,-1,-9,-1,-8,-2,-7,-2,-7,-3,-7,-3,-6,-4,-5,-4,-5,-5,-5,-5,-4,-5,-4,-5,-3,-6,-3,-7,-3,-7,-2,-7,-2,-8,-2,-9,-2,-9,-1,0,0,-10,-2,-10,-2,-11,-2,-11,-2,-11,-3,-11,-3,-11,-3,-11,-3,-11,-3,-11,-4,-10,-5,-10,-5,-10,-5,-9,-5,-9,-6,-8,-6,-8,-6,-7,-6,-7,-6,-7,-6,-6,-6,-5,-7,-4,-6,-4,-6,-3,-7,-3,-6,0,0,0,0,0,0,0,0,0,0,0,0,0,0,12,-37,14,-37,12,-32,10,-31,7,-32,5,-26,6,-26,3,-26,5,-24,2,-21,0,-21,-1,-20,-2,-19,-2,-18,-4,-15,-5,-17,-6,-13,-7,-13,-6,-12,-10,-12,-12,-9,-11,-11,-12,-6,-15,-5,-14,-6,-17,-6,-18,-6,-21,-5,-20,-5,-23,-3,-22,-4,-25,-3,-25,-5,-25,-3,-28,-5,-25,-7,-27,-4,-27,-4,-28,-9,-26,-8,-27,-9,-26,-12,-24,-11,-25,-12,-23,-12,-24,-13,-21,-11,-22,-15,-17,-12,-18,-14,-18,-15,-14,-13,-15,-15,-12,-16,-10,-14,-9,-14,-6,-15,0,0,0,0,0,0,0,0,0,0,0,0,0,0,0,0,0,0,0,0,0,0,-5,0,-4,-1,-4,-2,-3,-2,-1,-3,0,-2,2,-3,3,-3,6,-4,6,-3,7,-3,10,-3,13,-2,13,-1,13,0,17,0,18,0,20,3,20,3,21,4,23,5,25,6,26,9,26,8,24,11,26,10,25,13,27,12,27,12,28,10,28,12,29,12,28,12,29,12,31,12,29,11,29,11,32,11,31,10,36,9,31,8,37,9,36,9,40,5,34,5,36,4,36,5,40,6,40,4,43,7,41,5,44,8,44,10,43,8,45,11,40,7,42,8,0,0]"
CSI_DATA,83,1a:00:00:00:00:00,-45,11,1,0,1,1,1,0,0,0,1,-96,0,11,2,1288457,0,44,0,384,0,"[0,0,0,0,0,0,0,0,0,0,0,0,-1,11,-1,10,1,9,0,9,0,8,0,8,1,7,1,6,1,6,2,5,2,5,2,4,2,4,3,3,3,3,4,2,4,2,4,2,5,1,5,0,5,0,5,0,6,0,7,-1,7,-1,7,-1,0,0,8,-1,8,-1,9,-1,9,-1,9,0,10,0,10,0,9,0,9,0,9,1,9,1,8,2,8,2,8,2,8,3,8,3,7,3,7,3,6,4,5,3,5,4,5,4,4,4,4,4,3,4,2,4,0,0,0,0,0,0,0,0,0,0,0,0,0,0,-5,41,-3,35,-1,35,-1,32,-1,33,0,29,-1,25,-1,27,1,23,3,22,3,22,6,18,6,17,5,13,7,14,8,11,8,10,9,11,11,9,11,6,13,7,15,5,15,1,14,1,15,1,16,0,19,-3,19,-2,19,-2,23,-4,23,-1,25,-4,24,-2,26,-4,24,-3,29,-3,28,-2,27,-2,28,0,25,2,28,2,26,4,28,5,27,4,23,6,25,6,24,8,21,7,21,9,19,8,17,9,17,10,18,10,14,11,11,11,11,11,9,13,0,0,0,0,0,0,0,0,0,0,0,0,0,0,0,0,0,0,0,0,0,0,3,-2,4,-1,2,0,2,0,1,1,-1,3,-1,3,-3,2,-5,5,-4,4,-8,5,-8,5,-11,7,-11,4,-14,5,-17,3,-17,7,-19,2,-20,4,-21,3,-23,3,-25,1,-25,-1,-26,-1,-28,1,-30,-1,-29,-5,-31,-5,-31,-2,-32,-1,-30,-4,-34,-2,-34,-3,-31,-2,-34,-2,-34,-1,-33,-2,-35,1,-33,0,-37,2,-38,2,-38,5,-39,2,-39,5,-37,6,-41,4,-40,6,-41,8,-42,7,-44,6,-46,4,-48,8,-49,5,-42,5,-48,1,-47,2,-47,-1,0,0]"
CSI_DATA,84,1a:00:00:00:00:00,-45,11,1,0,1,1,1,0,0,0,1,-96,0,11,2,1306936,0,44,0,384,0,"[0,0,0,0,0,0,0,0,0,0,0,0,4,-12,3,-11,2,-11,3,-10,2,-9,2,-9,1,-8,0,-8,0,-7,-1,-7,-1,-7,-2,-6,-2,-6,-2,-6,-3,-5,-4,-5,-4,-5,-5,-4,-5,-4,-6,-4,-6,-4,-6,-3,-7,-4,-7,-3,-8,-4,-8,-3,0,0,-9,-3,-9,-3,-10,-4,-10,-4,-10,-4,-10,-5,-10,-5,-10,-5,-10,-5,-9,-6,-9,-7,-8,-7,-8,-7,-8,-7,-7,-7,-7,-7,-7,-7,-6,-7,-6,-7,-5,-7,-4,-7,-4,-7,-3,-7,-2,-7,-2,-6,-1,-6,0,0,0,0,0,0,0,0,0,0,0,0,0,0,12,-35,11,-35,10,-32,8,-30,8,-32,7,-27,6,-26,4,-25,5,-23,3,-21,2,-20,-1,-19,-1,-20,-3,-17,-3,-16,-5,-14,-6,-15,-7,-12,-9,-11,-10,-11,-13,-10,-12,-9,-13,-7,-13,-7,-15,-5,-17,-5,-19,-3,-19,-3,-20,-6,-22,-4,-24,-5,-24,-3,-25,-5,-25,-1,-27,-3,-27,-5,-26,-5,-29,-5,-26,-9,-26,-8,-27,-9,-25,-8,-24,-11,-25,-11,-22,-11,-23,-11,-19,-13,-20,-12,-17,-11,-18,-14,-16,-11,-16,-12,-14,-13,-11,-15,-9,-15,-10,-14,-5,-15,0,0,0,0,0,0,0,0,0,0,0,0,0,0,0,0,0,0,0,0,0,0,-6,1,-4,-2,-4,-2,-2,-2,-1,-3,0,-2,2,-1,3,-3,5,-3,5,-3,7,-4,9,-3,10,-3,12,-2,11,1,16,0,16,1,19,2,19,1,18,3,18,6,24,8,23,9,25,10,24,8,27,10,24,12,25,12,26,13,25,11,27,10,28,12,26,13,26,11,28,11,29,10,29,10,31,9,30,9,34,9,31,9,36,8,34,8,38,4,35,6,38,2,39,5,40,6,38,5,43,8,41,7,44,7,44,8,43,9,44,11,43,8,42,12,0,0]"
CSI_DATA,85,1a:00:00:00:00:00,-45,11,1,0,1,1,1,0,0,0,1,-96,0,11,2,1317060,0,44,0,384,0,"[0,0,0,0,0,0,0,0,0,0,0,0,8,-8,7,-8,6,-7,6,-7,5,-7,5,-6,4,-7,3,-6,3,-6,2,-6,2,-6,1,-6,0,-6,0,-6,0,-5,-1,-6,-2,-6,-2,-5,-2,-5,-3,-5,-3,-5,-4,-5,-4,-5,-5,-6,-5,-6,-6,-6,0,0,-6,-7,-6,-7,-7,-7,-7,-7,-6,-7,-7,-8,-7,-8,-6,-8,-6,-9,-6,-9,-5,-9,-4,-9,-4,-8,-4,-9,-3,-9,-3,-8,-3,-8,-2,-8,-2,-8,-2,-7,-1,-7,-1,-7,0,-7,0,-6,1,-6,1,-5,0,0,0,0,0,0,0,0,0,0,0,0,0,0,62,-46,58,-44,51,-46,45,-42,44,-45,41,-40,37,-35,36,-36,29,-36,27,-33,21,-34,17,-31,19,-34,15,-30,11,-35,4,-30,4,-31,2,-32,0,-30,-5,-29,-11,-31,-12,-26,-13,-24,-13,-25,-16,-25,-20,-27,-23,-29,-30,-29,-31,-31,-37,-31,-34,-28,-34,-35,-33,-34,-35,-34,-36,-35,-36,-41,-36,-44,-35,-42,-33,-44,-34,-48,-31,-43,-30,-48,-25,-44,-25,-48,-19,-47,-21,-47,-17,-47,-15,-48,-13,-44,-12,-41,-11,-44,-8,-39,-3,-41,2,-37,1,-38,3,-33,8,-28,0,0,0,0,0,0,0,0,0,0,0,0,0,0,0,0,0,0,0,0,0,0,-8,0,-7,-4,-5,-4,-3,-4,-1,-5,2,-6,6,-4,6,-5,11,-3,13,-3,18,1,18,-1,19,2,24,6,22,10,28,12,31,13,31,20,29,21,32,26,35,28,39,33,35,36,37,36,37,40,42,40,37,45,35,42,37,45,37,45,38,44,43,49,39,47,41,49,41,48,42,48,41,47,49,47,47,48,51,47,51,52,55,50,55,51,60,50,57,45,63,48,64,52,65,49,65,52,66,56,67,52,70,56,69,60,68,56,63,60,63,63,61,63,0,0]"
CSI_DATA,86,1a:00:00:00:00:00,-45,11,1,0,1,1,1,0,0,0,1,-96,0,11,2,1328646,0,44,0,384,0,"[0,0,0,0,0,0,0,0,0,0,0,0,11,0,11,0,10,-1,10,-1,9,-1,8,-1,7,-2,7,-2,6,-2,5,-3,5,-3,5,-4,4,-4,4,-4,4,-4,3,-5,3,-5,2,-6,2,-6,1,-6,1,-6,0,-7,0,-7,0,-8,0,-9,0,-9,0,0,-1,-9,0,-10,0,-11,-1,-10,0,-11,0,-11,0,-11,0,-11,1,-11,2,-10,2,-11,2,-10,3,-9,3,-9,3,-9,4,-9,3,-8,3,-8,4,-8,4,-7,4,-6,4,-6,4,-5,4,-5,4,-4,5,-3,0,0,0,0,0,0,0,0,0,0,0,0,0,0,40,3,36,3,34,1,32,2,30,1,30,2,27,0,26,0,24,0,22,-1,20,-4,17,-5,18,-6,16,-6,14,-8,11,-8,14,-11,11,-12,9,-9,8,-12,7,-12,5,-13,4,-14,5,-17,2,-16,2,-18,1,-19,0,-21,-1,-22,-4,-23,-1,-23,0,-24,-2,-25,0,-27,-1,-27,2,-27,2,-28,2,-29,4,-29,6,-26,5,-27,6,-28,8,-28,7,-26,7,-24,10,-24,10,-23,9,-22,10,-20,12,-18,11,-16,14,-17,12,-14,12,-12,13,-13,11,-10,12,-8,0,0,0,0,0,0,0,0,0,0,0,0,0,0,0,0,0,0,0,0,0,0,-4,-4,-1,-5,-2,-5,-1,-4,1,-2,1,0,3,0,4,0,4,1,4,3,4,4,4,7,6,9,6,10,5,12,5,16,6,17,3,19,5,19,2,21,-1,23,0,25,-1,25,1,27,1,27,0,29,-4,28,-3,28,-5,30,-3,32,-3,29,-4,33,-6,32,-4,30,-2,32,-1,33,-2,31,-1,34,-1,34,1,36,1,37,2,37,2,37,4,41,2,39,1,40,3,41,5,42,5,42,4,44,3,45,4,45,2,47,1,45,1,48,1,46,-1,44,0,0]"
CSI_DATA,87,1a:00:00:00:00:00,-45,11,1,0,1,1,1,0,0,0,1,-96,0,11,2,1358315,0,44,0,384,0,"[0,0,0,0,0,0,0,0,0,0,0,0,0,-12,-1,-12,-1,-10,-1,-11,-2,-9,-1,-9,-2,-9,-2,-8,-2,-7,-3,-6,-3,-7,-4,-6,-4,-6,-4,-5,-5,-5,-5,-4,-5,-4,-5,-3,-6,-3,-6,-2,-6,-2,-7,-2,-7,-2,-8,-1,-8,-1,-9,-1,0,0,-9,-1,-9,-1,-10,-1,-10,-1,-10,-2,-10,-2,-10,-2,-10,-3,-10,-3,-10,-4,-10,-4,-9,-4,-8,-4,-9,-5,-8,-5,-8,-5,-7,-5,-7,-5,-6,-6,-6,-5,-5,-6,-5,-6,-4,-6,-4,-6,-3,-6,-2,-6,0,0,0,0,0,0,0,0,0,0,0,0,0,0,11,-37,11,-36,6,-33,6,-33,7,-32,6,-28,4,-28,5,-25,2,-24,2,-22,0,-23,-1,-20,-2,-19,-3,-18,-3,-17,-5,-17,-7,-15,-7,-14,-8,-13,-10,-11,-11,-12,-12,-10,-12,-8,-12,-8,-13,-7,-15,-8,-19,-6,-20,-5,-20,-6,-22,-5,-22,-6,-24,-7,-22,-8,-25,-7,-25,-7,-26,-9,-26,-10,-26,-10,-24,-11,-24,-13,-23,-12,-23,-15,-21,-15,-21,-15,-21,-16,-17,-15,-18,-16,-17,-19,-14,-14,-14,-16,-12,-16,-13,-16,-10,-17,-8,-18,-6,-16,-5,-15,-2,-14,0,0,0,0,0,0,0,0,0,0,0,0,0,0,0,0,0,0,0,0,0,0,-4,2,-5,0,-5,1,-4,-1,-3,-3,-1,-4,0,-5,1,-6,2,-6,2,-7,5,-7,7,-5,8,-8,11,-7,12,-8,14,-5,16,-8,19,-4,19,-6,19,-2,22,-1,24,-1,25,-2,27,0,27,1,28,-1,27,4,28,4,28,5,29,4,28,3,31,4,30,6,30,5,32,4,31,3,31,4,34,3,34,5,36,2,35,3,37,2,38,2,39,1,35,2,40,-2,38,-1,41,-1,40,1,44,1,44,2,44,1,44,4,42,3,45,5,45,5,43,6,0,0]"
CSI_DATA,88,1a:00:00:00:00:00,-45,11,1,0,1,1,1,0,0,0,1,-96,0,11,2,1366918,0,44,0,384,0,"[0,0,0,0,0,0,0,0,0,0,0,0,-11,5,-10,6,-9,5,-9,5,-8,5,-7,5,-7,5,-6,5,-5,5,-5,4,-5,5,-3,5,-4,5,-2,5,-2,5,-1,5,-1,5,0,5,0,5,1,6,1,5,2,6,2,6,2,6,3,6,3,7,0,0,4,7,4,8,5,8,4,8,4,8,4,9,4,9,4,9,3,10,2,9,2,9,1,9,1,9,1,9,0,8,0,8,0,8,0,8,-1,7,-1,7,-1,7,-2,6,-2,6,-3,5,-3,5,-3,4,0,0,0,0,0,0,0,0,0,0,0,0,0,0,-74,20,-76,22,-66,24,-58,23,-64,21,-52,20,-53,20,-46,20,-46,21,-38,20,-35,18,-33,20,-29,23,-30,22,-22,21,-16,24,-18,26,-15,26,-11,25,-9,29,-6,31,-4,31,-4,30,1,28,3,32,3,33,8,36,11,37,14,40,13,42,16,41,14,43,12,48,14,46,18,48,11,47,16,51,12,52,11,51,8,56,6,54,5,52,2,51,2,51,-4,46,-4,48,-7,44,-5,45,-6,40,-11,41,-9,34,-11,38,-16,35,-18,31,-20,28,-16,22,-18,20,0,0,0,0,0,0,0,0,0,0,0,0,0,0,0,0,0,0,0,0,0,0,6,7,6,5,4,7,3,9,-1,6,-5,4,-5,2,-9,4,-11,-3,-14,-5,-16,-9,-20,-7,-24,-8,-22,-15,-21,-20,-23,-22,-26,-21,-24,-29,-22,-29,-25,-33,-27,-38,-27,-41,-25,-45,-20,-44,-23,-52,-27,-50,-21,-54,-21,-52,-19,-60,-25,-54,-22,-58,-20,-58,-20,-61,-23,-65,-24,-62,-25,-59,-27,-64,-31,-60,-27,-63,-34,-70,-30,-63,-40,-69,-33,-60,-45,-75,-33,-64,-36,-65,-38,-71,-42,-71,-45,-77,-45,-79,-39,-76,-42,-82,-35,-82,-39,-87,-40,-86,-37,-83,-35,-83,0,0]"
CSI_DATA,89,1a:00:00:00:00:00,-45,11,1,0,1,1,1,0,0,0,1,-96,0,11,2,1398401,0,44,0,384,0,"[0,0,0,0,0,0,0,0,0,0,0,0,9,-7,7,-6,8,-6,7,-6,7,-6,6,-5,5,-6,4,-6,4,-6,3,-5,3,-6,2,-6,2,-5,1,-5,0,-5,0,-6,0,-6,-1,-6,-1,-5,-2,-5,-2,-5,-3,-5,-3,-6,-4,-6,-4,-6,-4,-6,0,0,-5,-7,-5,-7,-6,-7,-6,-8,-5,-8,-5,-8,-5,-8,-4,-8,-4,-8,-4,-9,-4,-9,-3,-9,-3,-8,-2,-8,-2,-9,-2,-8,-2,-8,-1,-8,-1,-7,-1,-7,0,-7,0,-7,1,-6,1,-6,1,-5,2,-5,0,0,0,0,0,0,0,0,0,0,0,0,0,0,57,-50,60,-45,52,-52,49,-45,46,-43,42,-39,38,-39,39,-41,31,-35,28,-34,21,-34,24,-32,18,-33,15,-31,13,-31,10,-31,5,-33,6,-28,3,-29,-1,-29,-7,-30,-6,-26,-12,-29,-14,-26,-17,-25,-17,-27,-22,-28,-26,-28,-23,-31,-29,-30,-29,-28,-30,-34,-30,-32,-33,-35,-33,-33,-31,-40,-32,-36,-33,-40,-32,-44,-32,-42,-32,-44,-27,-48,-25,-43,-23,-44,-19,-39,-20,-48,-14,-45,-15,-43,-9,-41,-8,-40,-9,-38,-5,-39,-3,-37,-1,-35,2,-34,4,-28,7,-30,0,0,0,0,0,0,0,0,0,0,0,0,0,0,0,0,0,0,0,0,0,0,-9,-3,-12,-4,-6,-5,-2,-6,-1,-4,0,-9,7,-5,9,-6,13,-3,14,-1,20,-1,21,-4,25,1,25,10,26,8,30,12,36,12,34,18,34,19,33,24,35,29,39,33,39,37,40,37,38,38,40,40,37,43,38,42,44,43,40,44,39,43,41,50,42,50,40,50,46,50,42,45,45,46,51,50,44,47,53,50,50,50,57,51,56,49,60,49,56,50,61,43,61,44,68,47,66,49,71,55,67,57,67,57,63,62,65,60,68,66,66,60,64,64,0,0]"
CSI_DATA,90,1a:00:00:00:00:00,-45,11,1,0,1,1,1,0,0,0,1,-96,0,11,2,1406927,0,44,0,384,0,"[0,0,0,0,0,0,0,0,0,0,0,0,2,11,2,10,3,9,3,9,2,8,2,8,3,7,3,6,3,5,3,4,3,5,3,4,4,3,4,2,4,2,5,1,4,1,5,1,5,0,5,0,5,-1,6,-1,5,-1,6,-2,6,-3,6,-3,0,0,7,-3,8,-3,8,-4,8,-4,8,-3,8,-3,9,-3,9,-2,9,-2,9,-1,9,-2,9,-1,8,-1,8,0,8,0,8,0,7,0,7,1,7,1,6,1,6,2,6,2,5,2,5,2,4,3,3,3,0,0,0,0,0,0,0,0,0,0,0,0,0,0,8,70,13,77,18,66,13,64,14,64,10,56,14,57,16,52,13,49,13,40,16,38,16,34,21,33,15,29,16,26,21,20,24,22,22,16,24,12,25,13,23,6,30,9,26,2,28,2,26,-1,30,-2,36,-5,35,-10,38,-10,39,-14,34,-10,42,-12,44,-11,41,-15,46,-16,48,-12,49,-9,50,-11,49,-9,52,-6,53,-4,51,-5,48,1,50,0,45,2,48,3,42,5,44,8,37,8,41,11,38,12,35,10,32,20,32,15,26,17,23,14,17,19,0,0,0,0,0,0,0,0,0,0,0,0,0,0,0,0,0,0,0,0,0,0,8,-7,7,-4,5,-1,8,1,5,3,3,4,0,10,-2,10,-4,13,-7,13,-9,14,-14,15,-17,22,-22,21,-24,18,-28,21,-31,25,-40,19,-38,16,-40,21,-43,19,-50,16,-50,17,-52,15,-55,13,-59,12,-58,10,-56,11,-61,9,-61,11,-62,10,-62,11,-66,7,-62,10,-66,9,-65,12,-70,17,-68,17,-70,16,-70,20,-64,22,-73,23,-68,23,-80,27,-67,22,-72,29,-75,28,-80,32,-80,28,-88,28,-83,27,-86,35,-85,22,-85,24,-91,25,-86,26,-89,24,0,0]"
CSI_DATA,91,1a:00:00:00:00:00,-45,11,1,0,1,1,1,0,0,0,1,-96,0,11,2,1426937,0,44,0,384,0,"[0,0,0,0,0,0,0,0,0,0,0,0,6,9,7,8,7,7,7,8,6,6,5,6,6,5,5,4,5,4,5,3,5,3,5,2,5,1,5,1,5,0,5,-1,5,-1,5,-2,5,-2,5,-3,5,-3,5,-4,4,-4,5,-4,6,-5,5,-6,0,0,5,-7,6,-6,7,-7,7,-7,7,-6,8,-6,8,-7,7,-6,8,-6,8,-6,8,-5,9,-4,8,-4,8,-4,8,-3,9,-3,8,-3,8,-2,7,-2,7,-2,7,-1,7,0,6,0,6,0,5,1,5,1,0,0,0,0,0,0,0,0,0,0,0,0,0,0,36,64,33,61,39,58,34,58,31,56,30,46,28,40,27,44,31,34,28,33,26,29,26,23,28,27,25,21,26,17,28,13,28,10,27,7,21,1,27,2,29,2,28,-2,28,-9,25,-7,28,-9,28,-11,29,-17,31,-22,29,-21,30,-28,33,-25,33,-27,37,-29,36,-28,40,-30,43,-28,44,-28,42,-29,47,-27,43,-22,44,-22,48,-20,48,-20,49,-20,42,-16,48,-12,48,-7,43,-6,46,-6,39,-3,38,-4,38,5,33,3,32,5,33,7,27,9,24,13,0,0,0,0,0,0,0,0,0,0,0,0,0,0,0,0,0,0,0,0,0,0,4,-9,3,-7,8,-4,6,-3,4,1,4,6,5,5,1,8,-1,14,0,14,-6,19,-3,20,-10,20,-7,26,-17,27,-18,29,-20,34,-26,31,-26,34,-32,32,-34,29,-39,35,-38,33,-45,36,-49,36,-48,35,-49,34,-51,27,-56,29,-53,32,-53,32,-58,33,-57,33,-56,32,-58,36,-55,35,-56,34,-55,40,-59,40,-56,43,-57,43,-60,46,-60,48,-63,51,-59,49,-63,58,-60,53,-59,59,-62,57,-62,54,-66,56,-65,58,-71,56,-70,54,-79,54,-70,51,-66,50,0,0]"
CSI_DATA,92,1a:00:00:00:00:00,-45,11,1,0,1,1,1,0,0,0,1,-96,0,11,2,1436923,0,44,0,384,0,"[0,0,0,0,0,0,0,0,0,0,0,0,-12,-2,-12,-2,-11,-1,-11,-2,-10,-1,-9,-1,-9,0,-8,0,-7,1,-7,1,-7,1,-6,2,-6,2,-5,3,-5,3,-4,3,-4,4,-3,4,-3,4,-2,5,-2,5,-2,5,-2,6,-1,6,-1,7,-1,7,0,0,-1,8,-1,8,-1,9,-1,9,-2,9,-2,9,-2,10,-3,9,-3,9,-3,9,-4,9,-4,8,-5,8,-5,8,-5,7,-5,7,-5,7,-5,6,-5,6,-5,5,-6,5,-5,4,-6,3,-6,3,-6,2,-5,1,0,0,0,0,0,0,0,0,0,0,0,0,0,0,-39,-10,-35,-12,-36,-6,-32,-6,-29,-7,-29,-8,-28,-5,-27,-4,-24,-3,-23,-5,-21,-2,-21,1,-16,2,-16,3,-15,3,-14,6,-14,3,-14,7,-14,7,-10,8,-10,11,-9,11,-7,12,-5,14,-6,12,-5,16,-5,15,-4,18,-4,17,-2,20,-3,19,-3,22,-4,20,-3,24,-4,22,-5,26,-5,25,-6,27,-7,26,-8,24,-6,23,-12,23,-12,22,-10,23,-13,22,-13,21,-13,19,-13,19,-12,16,-11,15,-13,14,-14,13,-14,12,-16,8,-14,10,-16,7,-14,3,0,0,0,0,0,0,0,0,0,0,0,0,0,0,0,0,0,0,0,0,0,0,0,6,0,3,-1,2,-2,2,-3,0,-4,-1,-5,-1,-5,-2,-6,-6,-8,-5,-6,-8,-7,-9,-7,-13,-6,-14,-6,-15,-5,-17,-8,-19,-4,-19,-4,-23,-1,-23,0,-25,-1,-28,1,-25,2,-30,3,-29,1,-28,5,-30,6,-32,7,-29,4,-33,5,-29,7,-34,6,-32,6,-32,4,-33,4,-34,3,-32,5,-35,4,-35,2,-36,3,-38,0,-35,2,-39,0,-38,-1,-41,1,-40,-1,-40,-1,-40,0,-39,0,-43,1,-43,0,-44,2,-48,3,-42,5,-46,3,-45,4,-46,0,0]"
CSI_DATA,93,1a:00:00:00:00:00,-45,11,1,0,1,1,1,0,0,0,1,-96,0,11,2,1446994,0,44,0,384,0,"[0,0,0,0,0,0,0,0,0,0,0,0,-4,11,-3,10,-2,9,-2,9,-2,8,-2,7,-1,7,-1,7,-1,6,0,6,0,5,1,5,1,4,2,4,2,3,2,3,3,3,3,3,4,2,4,2,5,2,5,1,5,1,6,1,7,1,7,1,0,0,7,1,8,1,9,1,9,1,9,2,9,2,9,2,9,2,8,3,8,3,8,4,7,4,7,4,7,4,7,5,6,5,6,5,5,5,5,5,5,5,4,5,3,5,3,5,2,5,2,5,1,5,0,0,0,0,0,0,0,0,0,0,0,0,0,0,-17,34,-16,31,-12,32,-11,30,-11,28,-10,25,-10,24,-9,26,-8,22,-6,20,-4,19,-3,17,-2,19,0,16,0,15,2,13,3,12,4,14,4,11,7,10,7,8,10,9,12,7,12,7,12,5,14,6,15,5,17,4,18,5,20,5,20,3,21,5,20,3,25,3,23,4,25,6,26,7,24,6,24,9,24,9,24,10,24,10,21,11,22,12,19,12,19,13,18,13,17,12,15,14,16,13,14,13,11,14,11,14,8,13,7,14,5,14,5,14,0,0,0,0,0,0,0,0,0,0,0,0,0,0,0,0,0,0,0,0,0,0,3,-1,3,2,2,1,1,3,-1,2,-2,2,-3,1,-4,2,-5,3,-8,3,-10,3,-11,2,-14,2,-13,2,-15,0,-19,-3,-21,-1,-20,-3,-20,-3,-22,-4,-23,-7,-25,-8,-24,-9,-29,-8,-28,-12,-29,-12,-27,-14,-28,-13,-28,-14,-30,-14,-27,-14,-31,-16,-30,-16,-30,-14,-30,-13,-31,-15,-31,-13,-32,-13,-32,-13,-34,-11,-35,-12,-35,-10,-36,-11,-38,-10,-37,-10,-39,-11,-40,-10,-38,-9,-41,-9,-42,-12,-43,-11,-43,-11,-44,-13,-42,-13,-44,-14,-42,-14,-41,-12,0,0]"
CSI_DATA,94,1a:00:00:00:00:00,-45,11,1,0,1,1,1,0,0,0,1,-96,0,11,2,1456935,0,44,0,384,0,"[0,0,0,0,0,0,0,0,0,0,0,0,-11,3,-10,4,-10,4,-10,3,-8,3,-8,3,-7,4,-6,3,-6,4,-5,3,-5,4,-4,4,-4,4,-3,4,-2,4,-2,5,-1,4,-1,5,0,4,1,5,1,5,1,5,2,5,2,6,3,6,3,6,0,0,3,7,4,7,4,8,4,8,4,8,3,8,3,9,3,9,3,9,2,9,2,9,1,9,1,9,0,8,0,9,0,8,-1,8,-1,7,-1,7,-2,7,-2,7,-2,6,-3,5,-3,5,-4,4,-3,4,0,0,0,0,0,0,0,0,0,0,0,0,0,0,-76,21,-73,21,-69,26,-65,19,-58,18,-55,17,-51,18,-51,16,-42,19,-35,19,-32,22,-33,20,-28,21,-28,20,-19,23,-13,22,-9,26,-8,25,-8,27,-2,27,-1,29,-2,28,-2,28,5,31,4,29,9,32,15,32,14,34,18,35,23,35,22,36,21,37,21,41,24,43,25,45,22,50,18,49,21,51,18,50,14,53,17,53,19,52,11,50,10,50,5,50,5,53,4,46,-1,49,-1,46,-5,40,-7,40,-8,38,-10,36,-12,34,-9,33,-14,29,-14,26,0,0,0,0,0,0,0,0,0,0,0,0,0,0,0,0,0,0,0,0,0,0,5,5,5,6,0,4,0,6,-6,2,-5,2,-9,0,-12,0,-15,-5,-16,-6,-19,-10,-20,-14,-24,-15,-24,-21,-24,-25,-23,-27,-26,-33,-21,-33,-23,-37,-25,-42,-21,-44,-23,-48,-20,-51,-25,-55,-17,-58,-22,-55,-14,-56,-18,-60,-18,-65,-19,-71,-13,-58,-17,-70,-14,-66,-12,-65,-19,-67,-18,-63,-22,-65,-25,-66,-24,-68,-31,-69,-29,-69,-32,-67,-31,-74,-36,-66,-35,-71,-42,-72,-35,-75,-39,-72,-40,-79,-43,-79,-42,-79,-44,-78,-36,-87,-39,-81,-41,-85,-37,-87,-36,-86,0,0]"
CSI_DATA,95,1a:00:00:00:00:00,-45,11,1,0,1,1,1,0,0,0,1,-96,0,11,2,1467002,0,44,0,384,0,"[0,0,0,0,0,0,0,0,0,0,0,0,2,11,3,10,3,10,2,9,2,8,2,7,3,7,3,6,3,6,3,5,3,4,4,4,4,3,4,2,4,2,5,1,4,1,5,0,5,-1,5,-1,5,-1,6,-2,6,-2,6,-3,7,-3,7,-3,0,0,8,-4,8,-4,9,-4,9,-4,9,-4,9,-3,10,-3,9,-3,10,-3,10,-2,10,-2,9,-1,9,-1,9,-1,9,0,8,0,8,0,7,1,7,1,7,1,6,2,6,2,5,2,5,3,4,3,3,3,0,0,0,0,0,0,0,0,0,0,0,0,0,0,6,36,5,35,6,34,6,30,6,32,5,27,6,25,6,24,6,21,7,20,8,18,7,15,10,16,10,12,9,11,11,9,11,7,12,6,12,6,13,2,13,2,12,0,14,-2,16,-1,14,-5,16,-7,16,-5,17,-8,19,-9,19,-8,19,-6,22,-11,23,-9,23,-11,22,-11,24,-10,25,-11,25,-10,26,-9,26,-7,25,-7,25,-5,27,-4,27,-4,26,-2,27,-1,25,-1,23,1,22,1,22,3,22,3,20,3,17,4,15,5,15,6,15,6,11,8,0,0,0,0,0,0,0,0,0,0,0,0,0,0,0,0,0,0,0,0,0,0,3,-2,4,-2,2,-1,1,0,1,1,1,3,-3,4,-4,5,-3,6,-5,6,-6,7,-10,8,-10,11,-12,10,-14,8,-16,8,-19,9,-20,6,-21,8,-23,8,-23,9,-27,7,-27,6,-28,8,-30,6,-29,7,-29,2,-31,3,-32,5,-34,3,-31,1,-34,4,-33,3,-33,4,-34,5,-35,5,-32,6,-34,7,-35,6,-37,7,-37,8,-36,11,-38,10,-38,12,-39,14,-36,17,-38,12,-39,15,-41,15,-44,15,-42,14,-43,16,-45,15,-41,13,-48,13,-46,14,-45,11,0,0]"
CSI_DATA,96,1a:00:00:00:00:00,-45,11,1,0,1,1,1,0,0,0,1,-96,0,11,2,1487002,0,44,0,384,0,"[0,0,0,0,0,0,0,0,0,0,0,0,9,5,9,4,9,3,8,3,8,3,7,3,7,1,6,1,6,1,5,0,5,0,5,-1,5,-1,5,-2,5,-3,4,-3,3,-3,3,-4,3,-4,3,-5,3,-5,2,-6,3,-6,3,-7,3,-7,3,-8,0,0,3,-9,3,-9,3,-9,3,-10,4,-9,4,-9,4,-10,4,-9,5,-9,5,-9,6,-9,6,-8,6,-7,6,-7,6,-6,6,-6,6,-6,6,-6,6,-5,6,-5,6,-4,6,-3,5,-3,6,-2,5,-1,5,0,0,0,0,0,0,0,0,0,0,0,0,0,0,0,68,29,62,30,65,26,57,25,54,23,53,20,51,18,52,16,42,12,39,11,37,9,35,4,35,3,33,-1,32,-3,30,-8,26,-13,24,-15,25,-15,25,-20,19,-24,18,-22,15,-25,12,-31,16,-32,11,-30,11,-36,15,-41,13,-42,8,-41,9,-45,6,-48,13,-47,8,-53,7,-53,15,-54,10,-58,13,-53,20,-50,21,-54,21,-47,24,-50,25,-43,26,-47,27,-42,28,-43,30,-38,28,-34,28,-37,28,-32,27,-34,30,-30,26,-25,28,-20,30,-15,30,-17,26,-7,0,0,0,0,0,0,0,0,0,0,0,0,0,0,0,0,0,0,0,0,0,0,0,-9,2,-7,3,-4,4,-4,5,-1,5,1,6,5,7,9,7,12,5,17,1,20,3,19,5,24,-1,29,-5,35,-6,34,-11,38,-12,38,-13,39,-15,42,-17,44,-24,45,-22,47,-21,54,-31,52,-28,53,-32,48,-31,54,-31,51,-36,56,-32,53,-36,54,-31,56,-29,57,-34,59,-32,60,-31,58,-32,67,-29,65,-30,68,-27,68,-26,67,-29,71,-25,74,-21,72,-24,74,-22,77,-19,81,-23,77,-31,80,-28,82,-29,88,-30,89,-31,78,-30,89,-29,86,-34,82,0,0]"
CSI_DATA,97,1a:00:00:00:00:00,-45,11,1,0,1,1,1,0,0,0,1,-96,0,11,2,1497131,0,44,0,384,0,"[0,0,0,0,0,0,0,0,0,0,0,0,7,7,7,6,7,6,6,5,6,4,5,4,6,3,5,3,5,2,5,2,5,1,5,0,5,0,4,-1,4,-1,5,-2,4,-3,4,-3,4,-3,4,-4,4,-4,4,-5,4,-5,4,-6,4,-6,4,-6,0,0,4,-7,5,-7,5,-7,5,-8,6,-7,6,-7,6,-7,6,-7,7,-7,7,-7,7,-6,7,-5,7,-5,7,-5,7,-4,7,-4,7,-3,6,-3,6,-3,6,-2,6,-2,6,-1,6,-1,5,0,5,0,4,1,0,0,0,0,0,0,0,0,0,0,0,0,0,0,45,62,41,58,45,54,38,47,37,46,35,45,32,36,34,35,33,31,34,30,31,26,29,20,26,18,28,15,28,11,27,7,32,5,31,1,25,-4,27,-7,31,-14,28,-8,27,-18,29,-17,25,-23,28,-26,27,-23,27,-26,29,-30,31,-36,31,-33,33,-41,29,-41,31,-41,31,-44,38,-38,38,-40,43,-38,42,-39,43,-37,41,-34,47,-33,42,-26,48,-33,43,-26,40,-27,45,-20,41,-20,41,-20,41,-18,40,-15,40,-11,36,-10,38,-1,31,2,32,3,27,7,0,0,0,0,0,0,0,0,0,0,0,0,0,0,0,0,0,0,0,0,0,0,3,-6,8,-6,6,-3,4,-1,2,3,5,8,-1,6,2,9,-1,13,-3,13,-6,19,-10,20,-12,23,-18,27,-20,23,-21,24,-24,30,-27,27,-30,31,-35,29,-38,28,-47,31,-42,30,-47,30,-50,31,-51,30,-52,24,-55,27,-51,28,-55,32,-55,27,-63,30,-56,28,-53,30,-60,31,-56,38,-54,34,-62,35,-58,40,-60,46,-58,46,-52,48,-60,49,-55,50,-59,53,-64,59,-59,55,-59,60,-60,58,-63,57,-64,62,-63,62,-66,62,-60,55,-71,60,-68,62,-64,55,0,0]"
CSI_DATA,98,1a:00:00:00:00:00,-45,11,1,0,1,1,1,0,0,0,1,-96,0,11,2,1507561,0,44,0,384,0,"[0,0,0,0,0,0,0,0,0,0,0,0,-8,-9,-8,-8,-8,-7,-7,-8,-7,-6,-7,-6,-7,-5,-6,-5,-6,-4,-6,-3,-6,-3,-6,-2,-6,-1,-6,-1,-6,0,-6,0,-6,1,-5,1,-5,2,-6,3,-6,3,-6,3,-6,3,-6,5,-6,5,-6,5,0,0,-7,6,-7,6,-8,7,-7,6,-8,6,-9,6,-9,6,-9,6,-9,5,-9,5,-9,5,-9,4,-9,4,-9,3,-9,3,-9,2,-9,2,-8,2,-8,1,-8,1,-8,0,-8,-1,-7,-1,-7,-1,-6,-2,-6,-2,0,0,0,0,0,0,0,0,0,0,0,0,0,0,-27,-69,-25,-71,-30,-63,-29,-61,-26,-56,-22,-53,-28,-50,-25,-49,-21,-39,-27,-37,-22,-32,-25,-27,-26,-26,-25,-21,-25,-15,-28,-16,-30,-11,-29,-9,-27,-8,-29,-2,-33,-3,-29,-1,-31,8,-30,5,-31,12,-35,18,-35,16,-37,20,-37,20,-39,23,-38,25,-41,27,-43,26,-47,27,-46,32,-52,29,-46,28,-51,27,-53,20,-52,23,-55,20,-56,16,-51,14,-57,17,-50,10,-49,11,-50,7,-50,2,-42,4,-44,1,-40,2,-41,0,-40,-3,-36,-9,-34,-7,-31,-11,-28,-14,0,0,0,0,0,0,0,0,0,0,0,0,0,0,0,0,0,0,0,0,0,0,-8,5,-7,4,-4,2,-4,1,-3,-6,-4,-6,-2,-9,-1,-12,4,-11,4,-15,10,-17,16,-18,19,-21,20,-21,24,-19,28,-22,36,-23,35,-19,40,-23,41,-24,40,-19,49,-22,50,-17,51,-17,56,-18,55,-22,57,-17,58,-14,60,-14,64,-13,59,-13,65,-15,63,-18,61,-16,66,-18,63,-22,61,-22,66,-22,64,-24,68,-32,67,-27,69,-31,69,-32,70,-35,66,-37,76,-38,69,-40,69,-44,73,-44,74,-42,81,-44,78,-44,82,-40,78,-38,81,-38,78,-46,82,-35,0,0]"
CSI_DATA,99,1a:00:00:00:00:00,-45,11,1,0,1,1,1,0,0,0,1,-96,0,11,2,1517401,0,44,0,384,0,"[0,0,0,0,0,0,0,0,0,0,0,0,-3,11,-3,10,-2,10,-2,9,-2,9,-1,8,0,7,0,6,1,6,1,6,1,5,2,5,2,4,2,4,3,4,4,4,4,3,4,3,4,2,5,2,5,2,6,1,6,1,7,2,7,2,7,1,0,0,8,1,8,2,9,2,9,1,10,2,10,3,10,2,9,3,10,3,9,4,9,5,8,5,8,5,7,5,7,5,7,5,6,5,6,5,5,5,5,5,4,5,4,5,3,5,2,5,2,5,1,5,0,0,0,0,0,0,0,0,0,0,0,0,0,0,-13,32,-12,34,-11,33,-10,29,-8,29,-9,25,-7,27,-4,25,-5,21,-2,19,-1,21,1,16,3,18,2,17,5,15,7,15,7,12,6,14,7,12,10,11,13,8,12,10,11,7,15,5,15,6,17,4,19,5,18,4,19,3,23,3,22,3,24,5,24,4,26,3,27,5,26,8,27,6,24,6,27,9,26,9,25,9,24,11,22,11,23,12,22,13,23,12,19,15,19,14,17,14,16,14,14,13,14,14,12,13,10,13,8,17,7,14,3,14,0,0,0,0,0,0,0,0,0,0,0,0,0,0,0,0,0,0,0,0,0,0,4,-1,4,0,4,0,1,1,0,1,-3,3,-3,3,-4,3,-6,4,-8,4,-10,2,-10,4,-11,3,-13,2,-15,-1,-17,1,-20,1,-20,-4,-23,-4,-23,-3,-25,-5,-25,-7,-27,-10,-26,-9,-29,-11,-29,-11,-26,-12,-29,-12,-27,-13,-30,-13,-29,-13,-31,-14,-31,-15,-28,-12,-33,-13,-30,-11,-32,-14,-35,-11,-33,-11,-34,-10,-34,-9,-35,-7,-36,-10,-38,-7,-36,-7,-42,-7,-41,-7,-40,-6,-41,-6,-45,-7,-45,-11,-44,-8,-44,-9,-44,-11,-46,-13,-43,-11,-44,-11,0,0]"
CSI_DATA,100,1a:00:00:00:00:00,-45,11,1,0,1,1,1,0,0,0,1,-96,0,11,2,1526910,0,44,0,384,0,"[0,0,0,0,0,0,0,0,0,0,0,0,-6,8,-6,8,-5,8,-5,7,-5,7,-4,6,-3,6,-3,6,-2,6,-1,5,-1,5,0,5,0,5,1,5,1,4,2,4,2,4,2,4,3,4,3,4,4,3,4,3,5,3,5,3,6,3,6,3,0,0,6,4,7,4,7,4,7,4,7,4,7,5,8,5,7,5,7,6,7,6,6,6,6,6,5,6,5,6,5,6,4,6,4,6,3,6,3,6,3,6,2,6,1,5,1,6,1,5,0,5,-1,5,0,0,0,0,0,0,0,0,0,0,0,0,0,0,-48,63,-46,54,-42,62,-37,52,-32,52,-33,49,-26,45,-28,49,-23,38,-24,41,-12,35,-13,35,-7,37,-6,32,-3,31,4,30,2,32,8,26,9,30,10,27,17,27,16,23,19,24,22,20,22,21,29,25,29,21,31,18,37,20,44,21,39,23,44,26,38,21,49,23,44,22,44,29,46,29,45,30,39,34,41,36,38,33,39,35,41,35,40,39,32,40,33,37,29,39,26,39,26,37,23,38,20,34,14,37,15,36,7,32,9,35,6,33,2,28,0,0,0,0,0,0,0,0,0,0,0,0,0,0,0,0,0,0,0,0,0,0,8,0,7,6,4,2,3,3,-2,4,-5,7,-5,5,-9,7,-14,7,-13,2,-23,2,-22,2,-22,2,-30,-5,-31,-10,-35,-9,-40,-14,-39,-21,-40,-19,-42,-20,-40,-25,-44,-29,-44,-32,-49,-31,-47,-34,-49,-35,-48,-44,-49,-42,-44,-45,-50,-41,-44,-42,-54,-42,-47,-42,-50,-42,-48,-45,-51,-46,-47,-40,-58,-40,-55,-41,-62,-38,-66,-44,-59,-37,-65,-38,-64,-36,-71,-35,-71,-38,-73,-39,-72,-36,-77,-38,-76,-43,-74,-41,-81,-39,-86,-45,-72,-42,-82,-47,-80,-48,-71,-43,0,0]"
CSI_DATA,101,1a:00:00:00:00:00,-45,11,1,0,1,1,1,0,0,0,1,-96,0,11,2,1536931,0,44,0,384,0,"[0,0,0,0,0,0,0,0,0,0,0,0,6,-9,5,-9,4,-9,4,-8,3,-8,3,-7,2,-8,1,-7,1,-7,1,-7,0,-6,-1,-6,-1,-6,-2,-6,-2,-5,-2,-6,-3,-5,-3,-5,-4,-4,-4,-4,-5,-5,-5,-4,-5,-5,-6,-5,-7,-5,-7,-5,0,0,-7,-5,-8,-5,-8,-6,-8,-6,-8,-6,-8,-6,-8,-6,-8,-7,-8,-7,-7,-7,-7,-8,-6,-8,-6,-7,-5,-7,-5,-8,-5,-8,-5,-8,-4,-7,-3,-7,-3,-7,-2,-7,-2,-7,-2,-7,-1,-6,0,-6,0,-5,0,0,0,0,0,0,0,0,0,0,0,0,0,0,44,-61,45,-60,40,-61,34,-54,31,-53,28,-47,27,-44,26,-46,17,-44,23,-41,13,-41,14,-37,8,-39,4,-32,3,-32,-4,-35,-3,-36,-11,-29,-7,-30,-14,-26,-16,-33,-16,-25,-22,-26,-20,-21,-23,-24,-28,-25,-33,-23,-34,-21,-33,-24,-40,-25,-39,-25,-46,-22,-45,-23,-49,-26,-46,-24,-44,-31,-50,-30,-48,-27,-46,-37,-47,-33,-39,-38,-40,-38,-38,-37,-40,-37,-34,-38,-33,-41,-29,-39,-30,-39,-26,-34,-24,-32,-20,-38,-19,-35,-16,-37,-10,-35,-8,-35,-4,-31,-1,-35,0,0,0,0,0,0,0,0,0,0,0,0,0,0,0,0,0,0,0,0,0,0,-8,-1,-7,-4,-3,-3,-4,-7,-1,-3,2,-5,8,-5,11,-4,10,-1,15,-4,21,3,21,-2,24,2,30,6,30,10,28,14,35,12,36,19,35,19,41,25,34,28,41,29,42,32,41,34,41,38,48,37,46,39,47,41,42,47,46,41,42,38,48,48,45,46,49,44,47,46,49,42,49,44,55,43,53,40,60,39,59,43,66,40,60,42,68,44,64,39,66,40,72,39,70,38,76,40,76,40,72,42,75,38,75,50,76,43,82,50,74,44,74,47,0,0]"
CSI_DATA,102,1a:00:00:00:00:00,-45,11,1,0,1,1,1,0,0,0,1,-96,0,11,2,1576968,0,44,0,384,0,"[0,0,0,0,0,0,0,0,0,0,0,0,-3,-12,-3,-11,-4,-10,-3,-10,-4,-9,-3,-8,-4,-8,-4,-7,-4,-7,-4,-6,-5,-5,-5,-5,-5,-4,-5,-4,-5,-3,-6,-3,-6,-3,-6,-2,-6,-1,-6,-1,-7,-1,-7,-1,-7,0,-8,1,-8,1,-8,1,0,0,-9,1,-9,1,-10,1,-10,1,-10,1,-11,0,-11,0,-10,0,-11,0,-10,-1,-10,-1,-10,-2,-10,-2,-10,-2,-9,-3,-9,-3,-8,-3,-8,-3,-8,-4,-7,-4,-7,-4,-6,-4,-6,-4,-5,-4,-4,-5,-4,-5,0,0,0,0,0,0,0,0,0,0,0,0,0,0,7,-74,7,-73,2,-66,6,-61,1,-60,1,-59,0,-54,-2,-50,-4,-46,-6,-46,-9,-44,-9,-38,-7,-40,-13,-31,-13,-34,-17,-31,-19,-29,-23,-24,-17,-21,-21,-21,-27,-20,-26,-19,-31,-15,-28,-12,-33,-11,-30,-12,-32,-7,-39,-5,-41,-3,-44,-4,-41,-8,-49,-11,-45,-8,-48,-7,-50,-6,-56,-12,-53,-11,-54,-12,-52,-17,-52,-19,-50,-18,-49,-22,-49,-23,-46,-27,-41,-22,-43,-27,-38,-28,-36,-24,-34,-28,-32,-30,-30,-30,-26,-27,-26,-25,-16,-30,-16,-29,-14,-30,-9,-27,0,0,0,0,0,0,0,0,0,0,0,0,0,0,0,0,0,0,0,0,0,0,-6,5,-8,-1,-6,0,-6,-4,-3,-8,0,-6,2,-10,4,-8,7,-11,10,-11,16,-11,16,-13,20,-19,27,-16,27,-16,32,-11,33,-16,36,-11,41,-10,46,-6,48,-6,51,-4,53,-4,56,-4,57,-2,59,0,59,4,62,1,59,5,63,3,56,2,69,2,64,5,61,3,66,4,65,4,61,1,66,1,65,-1,67,-4,70,-2,72,-7,72,-3,68,-7,75,-11,77,-6,78,-7,80,-13,79,-9,84,-6,86,-10,87,-11,92,-2,87,-7,90,-5,86,1,88,1,0,0]"
CSI_DATA,103,1a:00:00:00:00:00,-45,11,1,0,1,1,1,0,0,0,1,-96,0,11,2,1587331,0,44,0,384,0,"[0,0,0,0,0,0,0,0,0,0,0,0,9,-7,8,-7,7,-7,7,-6,6,-6,5,-6,5,-6,4,-6,4,-6,3,-5,3,-6,2,-6,2,-6,1,-6,1,-6,0,-6,0,-6,-1,-6,-2,-6,-2,-6,-2,-6,-3,-6,-3,-6,-4,-6,-4,-7,-4,-7,0,0,-5,-7,-5,-8,-5,-8,-5,-8,-5,-8,-4,-9,-5,-9,-4,-9,-4,-9,-3,-9,-3,-9,-3,-9,-2,-9,-2,-9,-1,-9,-1,-8,-1,-8,-1,-8,0,-7,0,-7,1,-7,1,-6,1,-6,1,-6,2,-5,2,-4,0,0,0,0,0,0,0,0,0,0,0,0,0,0,72,-28,70,-24,68,-30,62,-26,55,-29,52,-22,50,-25,47,-25,43,-22,41,-22,35,-23,32,-24,30,-27,29,-23,22,-24,18,-30,19,-34,14,-31,11,-27,7,-30,4,-32,1,-31,-3,-33,-5,-32,-6,-29,-8,-37,-11,-37,-15,-36,-15,-42,-22,-39,-21,-37,-19,-44,-18,-46,-24,-46,-23,-48,-16,-52,-22,-53,-18,-52,-15,-53,-15,-53,-14,-51,-14,-55,-11,-49,-5,-53,-3,-46,-2,-51,0,-50,2,-46,5,-45,10,-40,9,-38,11,-38,10,-37,18,-33,16,-31,18,-25,20,-21,0,0,0,0,0,0,0,0,0,0,0,0,0,0,0,0,0,0,0,0,0,0,-8,-5,-3,-4,-5,-3,1,-7,5,-1,4,-3,7,-2,12,1,11,5,14,6,16,6,16,13,21,18,24,22,19,29,22,28,28,31,24,34,20,35,20,43,20,43,21,49,15,47,21,51,16,56,17,56,18,57,18,61,12,58,19,62,18,58,17,62,14,59,17,61,15,63,18,64,21,59,25,63,25,65,33,68,29,63,33,68,34,64,35,70,32,67,41,63,39,64,41,70,43,71,41,76,41,76,47,75,41,86,35,79,43,83,37,82,34,79,0,0]"
CSI_DATA,104,1a:00:00:00:00:00,-45,11,1,0,1,1,1,0,0,0,1,-96,0,11,2,1616941,0,44,0,384,0,"[0,0,0,0,0,0,0,0,0,0,0,0,-3,11,-2,11,-1,10,-2,10,-1,9,-1,8,-1,8,0,7,0,7,1,6,1,6,1,6,2,5,2,5,2,5,3,4,3,4,3,3,4,3,4,3,5,3,5,2,5,2,6,2,7,2,7,2,0,0,8,2,8,2,9,2,9,2,9,3,8,3,9,4,8,4,9,4,8,4,8,5,7,5,7,5,7,5,6,5,6,6,5,5,5,6,4,5,3,5,3,6,3,5,2,5,1,5,1,5,0,5,0,0,0,0,0,0,0,0,0,0,0,0,0,0,-16,35,-18,34,-14,32,-12,32,-12,31,-11,28,-11,29,-9,25,-7,24,-5,21,-6,21,-2,19,-2,19,-2,19,0,17,1,18,3,16,4,16,4,12,8,14,9,12,10,12,9,10,12,11,12,10,14,9,16,10,18,7,18,7,21,8,19,7,21,8,23,9,22,9,24,11,22,12,23,10,24,10,24,14,22,15,23,16,20,16,21,16,19,17,16,16,17,19,13,16,16,17,12,16,13,16,11,17,9,17,9,17,5,17,5,18,2,17,0,15,0,0,0,0,0,0,0,0,0,0,0,0,0,0,0,0,0,0,0,0,0,0,4,-1,2,-1,1,1,0,2,-2,1,-1,1,-3,2,-5,3,-7,3,-8,3,-10,3,-12,1,-13,2,-15,1,-14,0,-18,-1,-21,-2,-20,-4,-22,-3,-22,-6,-24,-6,-25,-9,-27,-10,-26,-10,-28,-12,-27,-12,-28,-14,-27,-15,-29,-16,-29,-16,-27,-13,-29,-16,-31,-16,-29,-15,-31,-14,-32,-16,-31,-15,-35,-13,-32,-12,-37,-13,-34,-12,-39,-11,-35,-12,-37,-11,-37,-9,-37,-7,-40,-9,-41,-10,-42,-11,-44,-13,-43,-11,-45,-11,-43,-15,-44,-14,-46,-15,-42,-14,-45,-15,0,0]"
CSI_DATA,105,1a:00:00:00:00:00,-45,11,1,0,1,1,1,0,0,0,1,-96,0,11,2,1627722,0,44,0,384,0,"[0,0,0,0,0,0,0,0,0,0,0,0,-12,1,-11,2,-11,3,-11,2,-10,2,-9,2,-8,3,-7,3,-7,3,-7,3,-6,3,-6,3,-5,3,-5,4,-4,4,-4,5,-3,5,-3,4,-2,5,-2,5,-1,5,-1,6,-1,6,-1,7,-1,7,0,7,0,0,0,8,0,8,0,9,0,9,-1,9,-1,9,-1,9,-2,9,-2,9,-3,9,-3,9,-3,9,-3,8,-4,8,-4,8,-4,7,-4,7,-5,6,-5,6,-5,5,-5,5,-5,4,-5,4,-6,3,-6,2,-5,1,0,0,0,0,0,0,0,0,0,0,0,0,0,0,-40,6,-40,5,-35,9,-33,5,-33,7,-29,6,-28,8,-28,4,-24,4,-22,6,-21,9,-19,8,-18,10,-17,9,-16,9,-14,10,-13,11,-13,10,-11,9,-10,12,-7,14,-5,13,-4,14,-4,14,-3,15,0,16,-2,17,-2,19,3,20,2,19,1,19,1,23,3,23,2,24,2,25,-2,24,0,27,-1,27,-1,26,-3,26,-3,27,-4,27,-5,23,-5,25,-8,22,-8,23,-8,21,-11,21,-10,19,-10,18,-10,17,-12,17,-12,15,-12,13,-12,11,-13,10,-13,7,0,0,0,0,0,0,0,0,0,0,0,0,0,0,0,0,0,0,0,0,0,0,2,1,2,2,0,2,-1,0,-3,0,-2,-1,-5,1,-5,-1,-5,-3,-7,-4,-7,-7,-8,-6,-10,-9,-9,-11,-10,-14,-12,-15,-13,-15,-11,-17,-10,-20,-10,-20,-10,-22,-9,-23,-8,-26,-9,-27,-7,-29,-8,-30,-5,-29,-5,-29,-4,-31,-5,-32,-5,-31,-5,-32,-5,-33,-7,-32,-8,-34,-6,-33,-9,-33,-9,-33,-8,-32,-8,-34,-10,-33,-11,-36,-13,-36,-15,-38,-12,-34,-17,-37,-17,-37,-17,-38,-18,-39,-14,-42,-14,-40,-14,-42,-13,-43,-13,-45,-13,-48,-15,-42,-12,-46,0,0]"
CSI_DATA,106,1a:00:00:00:00:00,-45,11,1,0,1,1,1,0,0,0,1,-96,0,11,2,1637636,0,44,0,384,0,"[0,0,0,0,0,0,0,0,0,0,0,0,-12,3,-11,3,-10,3,-10,3,-9,3,-9,3,-8,3,-7,3,-7,3,-6,3,-6,4,-5,4,-5,4,-4,4,-4,4,-3,5,-2,5,-2,5,-1,4,-1,5,-1,5,0,5,0,6,0,6,0,7,1,7,0,0,1,8,1,8,1,9,1,9,1,9,0,9,0,9,0,9,0,9,-1,9,-2,9,-2,8,-2,8,-2,8,-3,8,-3,7,-3,7,-3,7,-3,6,-4,6,-4,5,-4,5,-4,4,-5,4,-5,3,-5,2,0,0,0,0,0,0,0,0,0,0,0,0,0,0,-75,21,-76,18,-70,24,-61,19,-61,19,-60,18,-56,19,-53,17,-47,21,-45,18,-39,23,-32,22,-36,20,-30,21,-31,22,-23,25,-25,28,-20,26,-20,25,-12,25,-9,28,-11,29,-6,28,-5,32,2,32,2,34,7,35,7,37,5,45,12,40,11,43,10,45,5,45,9,51,12,47,8,49,4,51,5,55,-1,55,3,51,1,51,-4,58,-5,53,-6,49,-9,46,-11,47,-14,48,-13,47,-17,39,-16,38,-16,38,-17,36,-19,35,-23,28,-23,29,-22,25,-26,15,0,0,0,0,0,0,0,0,0,0,0,0,0,0,0,0,0,0,0,0,0,0,6,1,5,2,2,6,-1,1,1,3,-8,4,-10,1,-7,-2,-12,-4,-18,-5,-15,-10,-18,-8,-23,-16,-25,-17,-22,-24,-26,-26,-26,-31,-24,-32,-24,-34,-23,-39,-21,-43,-21,-50,-21,-47,-20,-48,-23,-54,-23,-51,-15,-58,-23,-57,-18,-58,-16,-64,-19,-56,-19,-65,-17,-61,-20,-63,-22,-66,-21,-62,-26,-61,-26,-61,-24,-64,-28,-70,-24,-69,-35,-66,-34,-68,-37,-68,-36,-71,-42,-63,-38,-69,-39,-72,-39,-72,-42,-78,-39,-79,-42,-83,-39,-83,-36,-79,-37,-87,-42,-84,-34,-87,0,0]"
CSI_DATA,107,1a:00:00:00:00:00,-45,11,1,0,1,1,1,0,0,0,1,-96,0,11,2,1658050,0,44,0,384,0,"[0,0,0,0,0,0,0,0,0,0,0,0,-3,11,-3,11,-2,10,-2,10,-2,9,-2,8,-1,8,-1,7,0,7,0,6,1,6,1,6,1,5,2,5,3,4,3,5,3,4,3,3,4,3,4,3,5,3,5,2,6,2,6,2,7,2,7,2,0,0,8,2,8,2,8,2,9,2,9,3,8,3,9,4,8,4,9,4,8,5,8,5,7,5,7,5,7,5,6,5,6,6,5,6,4,5,4,5,4,6,3,6,2,5,2,6,2,5,1,5,0,5,0,0,0,0,0,0,0,0,0,0,0,0,0,0,-10,37,-11,34,-11,35,-10,30,-7,32,-12,29,-8,26,-5,27,-5,23,-4,23,0,20,-3,20,1,21,1,19,2,17,5,16,6,16,7,14,9,13,8,12,10,12,9,9,10,9,14,7,14,6,13,7,16,5,17,5,18,6,20,6,20,6,22,5,22,6,26,5,24,5,25,9,26,10,24,8,25,9,24,8,23,11,23,14,22,13,23,14,20,14,19,16,19,14,17,15,16,14,14,14,12,14,12,14,10,15,7,15,8,15,5,15,3,16,0,0,0,0,0,0,0,0,0,0,0,0,0,0,0,0,0,0,0,0,0,0,2,-2,3,-2,1,0,2,1,0,2,-2,2,-1,2,-5,3,-8,3,-7,6,-8,3,-9,4,-13,4,-14,1,-14,1,-17,1,-22,0,-20,-3,-21,-1,-23,-3,-26,-5,-26,-5,-26,-8,-26,-5,-28,-6,-28,-7,-28,-10,-28,-8,-28,-10,-31,-10,-27,-11,-31,-11,-31,-10,-31,-8,-32,-8,-31,-9,-31,-8,-33,-8,-33,-8,-37,-6,-39,-7,-36,-6,-39,-6,-39,-4,-37,-5,-40,-3,-41,-3,-41,-2,-43,-2,-44,-6,-44,-6,-46,-4,-48,-6,-42,-7,-47,-9,-46,-9,-44,-10,0,0]"
CSI_DATA,108,1a:00:00:00:00:00,-45,11,1,0,1,1,1,0,0,0,1,-96,0,11,2,1667797,0,44,0,384,0,"[0,0,0,0,0,0,0,0,0,0,0,0,-13,2,-12,3,-11,3,-11,3,-10,3,-9,2,-8,3,-8,3,-7,3,-6,3,-6,3,-5,4,-5,4,-4,4,-4,4,-3,5,-2,5,-2,5,-2,4,-1,5,-1,6,0,6,0,6,0,7,0,7,1,8,0,0,1,8,1,9,1,9,1,10,0,9,0,10,0,10,0,10,-1,10,-1,10,-2,10,-2,9,-2,9,-3,8,-4,9,-4,8,-4,8,-4,7,-4,7,-4,6,-5,6,-5,5,-5,5,-5,4,-5,3,-5,2,0,0,0,0,0,0,0,0,0,0,0,0,0,0,-42,3,-37,5,-36,5,-33,5,-34,5,-31,5,-26,5,-29,3,-23,6,-23,5,-22,4,-19,7,-17,8,-18,9,-16,8,-15,10,-13,11,-11,11,-10,10,-8,13,-7,15,-7,12,-4,15,-1,15,-4,13,-2,16,-3,17,0,18,0,19,3,22,2,20,2,24,2,23,1,27,3,24,0,26,1,27,-1,25,-4,27,-1,26,-4,25,-4,24,-7,26,-6,24,-7,23,-9,24,-10,22,-11,21,-11,17,-11,18,-11,17,-11,16,-13,15,-13,13,-13,10,-13,9,-14,8,0,0,0,0,0,0,0,0,0,0,0,0,0,0,0,0,0,0,0,0,0,0,2,2,1,1,2,2,0,1,-1,1,-5,1,-6,-1,-5,-1,-7,-2,-9,-4,-8,-5,-9,-8,-11,-9,-10,-9,-10,-11,-11,-14,-12,-16,-11,-19,-10,-20,-9,-22,-9,-22,-10,-25,-10,-25,-10,-27,-7,-29,-8,-29,-5,-29,-7,-30,-5,-31,-7,-31,-5,-29,-6,-32,-8,-30,-7,-31,-8,-32,-8,-32,-7,-30,-11,-32,-8,-34,-13,-35,-12,-35,-13,-36,-13,-36,-15,-37,-17,-35,-17,-36,-18,-36,-17,-38,-16,-40,-16,-42,-16,-42,-16,-43,-15,-43,-14,-40,-14,-46,-14,-44,-12,-44,0,0]"
CSI_DATA,109,1a:00:00:00:00:00,-45,11,1,0,1,1,1,0,0,0,1,-96,0,11,2,1677112,0,44,0,384,0,"[0,0,0,0,0,0,0,0,0,0,0,0,-11,-5,-11,-4,-11,-4,-10,-4,-10,-3,-9,-3,-9,-2,-8,-2,-8,-1,-7,-1,-7,-1,-6,0,-6,1,-6,1,-6,1,-6,2,-5,3,-5,3,-4,3,-4,4,-4,4,-4,5,-4,5,-4,5,-4,6,-4,6,0,0,-4,7,-4,8,-5,8,-5,8,-5,8,-5,8,-6,8,-6,8,-6,8,-7,7,-7,7,-7,6,-7,6,-7,5,-7,5,-7,5,-8,4,-7,4,-7,3,-7,3,-7,2,-7,2,-7,1,-6,0,-6,0,-6,-1,0,0,0,0,0,0,0,0,0,0,0,0,0,0,-37,-17,-37,-17,-35,-13,-31,-13,-30,-13,-30,-13,-28,-12,-26,-9,-24,-7,-23,-7,-23,-6,-21,-2,-21,-3,-18,0,-16,0,-18,4,-17,3,-14,6,-14,6,-14,7,-14,6,-13,8,-9,9,-12,12,-11,13,-9,13,-11,17,-11,18,-9,17,-8,18,-10,18,-10,21,-12,21,-9,23,-11,25,-12,22,-13,23,-13,24,-16,21,-14,21,-16,20,-18,20,-16,21,-19,18,-17,17,-21,17,-19,15,-21,14,-17,13,-19,11,-19,11,-19,8,-16,7,-19,5,-18,4,-14,2,-14,0,0,0,0,0,0,0,0,0,0,0,0,0,0,0,0,0,0,0,0,0,0,0,1,2,-1,4,-1,4,-2,2,-2,0,-3,0,-3,-1,-4,-4,-5,-5,-6,-8,-5,-9,-5,-13,-6,-13,-4,-15,-2,-15,-2,-16,-1,-20,-1,-20,0,-21,1,-23,3,-24,6,-26,7,-26,7,-29,8,-28,8,-29,9,-26,9,-26,11,-28,11,-29,10,-27,12,-31,11,-28,9,-30,11,-31,11,-33,10,-33,10,-33,9,-33,8,-37,9,-35,7,-37,7,-37,6,-40,6,-36,3,-37,6,-39,6,-40,6,-43,9,-47,9,-43,10,-44,12,-44,10,-45,11,-49,10,-44,14,-43,0,0]"
CSI_DATA,110,1a:00:00:00:00:00,-45,11,1,0,1,1,1,0,0,0,1,-96,0,11,2,1687065,0,44,0,384,0,"[0,0,0,0,0,0,0,0,0,0,0,0,0,-12,1,-12,-1,-11,0,-11,0,-10,-1,-9,-2,-9,-2,-8,-2,-8,-2,-7,-3,-7,-3,-6,-4,-6,-4,-5,-4,-5,-5,-4,-5,-4,-5,-3,-6,-3,-6,-2,-6,-2,-7,-1,-7,-2,-8,-1,-8,-1,-8,-1,0,0,-9,-1,-10,-1,-10,-1,-10,-1,-10,-1,-10,-1,-11,-2,-10,-2,-11,-2,-10,-3,-10,-3,-10,-3,-9,-4,-9,-4,-9,-4,-9,-4,-8,-5,-8,-4,-7,-5,-7,-5,-6,-5,-6,-5,-5,-5,-5,-6,-4,-6,-3,-5,0,0,0,0,0,0,0,0,0,0,0,0,0,0,5,-39,6,-37,4,-38,4,-35,2,-32,4,-29,2,-29,0,-27,-1,-25,-2,-25,-4,-24,-5,-17,-6,-19,-5,-18,-6,-16,-8,-15,-9,-14,-10,-12,-10,-11,-11,-12,-15,-8,-14,-9,-14,-5,-17,-6,-16,-3,-18,-3,-18,-3,-20,0,-21,-1,-23,-2,-23,-1,-24,1,-25,1,-25,1,-27,0,-29,0,-29,-1,-27,0,-27,-2,-28,-4,-27,-4,-26,-5,-27,-7,-25,-7,-25,-9,-26,-7,-24,-9,-24,-10,-20,-9,-19,-10,-19,-9,-16,-10,-15,-11,-15,-12,-14,-12,-10,-13,-10,-13,0,0,0,0,0,0,0,0,0,0,0,0,0,0,0,0,0,0,0,0,0,0,-6,0,-3,0,-2,-2,-2,-2,-2,-3,1,-2,1,-3,2,-5,5,-2,6,-3,7,-5,9,-4,13,-5,16,-4,14,-3,17,-2,18,-1,20,0,21,1,22,0,23,1,24,4,25,4,27,5,28,5,28,5,28,7,28,8,29,9,31,8,28,8,31,9,30,9,29,7,31,6,31,8,32,6,33,6,34,6,34,3,34,3,36,1,38,2,39,2,37,1,43,0,39,-1,40,-3,41,-3,45,-2,44,-1,44,-1,45,1,45,1,46,2,47,2,46,4,0,0]"
CSI_DATA,111,1a:00:00:00:00:00,-45,11,1,0,1,1,1,0,0,0,1,-96,0,11,2,1696949,0,44,0,384,0,"[0,0,0,0,0,0,0,0,0,0,0,0,-10,-8,-10,-6,-9,-6,-9,-6,-8,-5,-8,-5,-8,-3,-7,-3,-7,-2,-7,-2,-7,-2,-6,-1,-6,0,-6,0,-6,0,-6,2,-5,2,-5,2,-5,2,-5,3,-5,4,-5,4,-5,4,-5,5,-5,6,-5,6,0,0,-5,7,-6,7,-6,7,-6,8,-7,7,-7,7,-7,7,-7,7,-7,7,-8,6,-8,6,-8,5,-8,5,-8,5,-8,4,-8,3,-8,3,-8,3,-8,3,-7,2,-7,1,-7,1,-7,1,-7,0,-6,-1,-6,-1,0,0,0,0,0,0,0,0,0,0,0,0,0,0,-57,-53,-55,-53,-52,-44,-53,-43,-48,-44,-45,-40,-45,-34,-41,-36,-40,-30,-38,-24,-36,-23,-35,-17,-36,-13,-35,-14,-30,-10,-32,-7,-33,-3,-31,1,-33,1,-28,5,-28,6,-27,13,-29,14,-27,17,-21,18,-30,20,-26,27,-25,29,-29,33,-29,36,-27,32,-34,34,-35,32,-33,39,-35,41,-36,38,-38,37,-40,41,-45,35,-44,35,-43,35,-45,29,-47,33,-48,28,-47,20,-48,21,-46,20,-40,17,-42,15,-42,12,-39,13,-38,7,-42,1,-35,1,-34,-3,-35,-4,-27,-5,0,0,0,0,0,0,0,0,0,0,0,0,0,0,0,0,0,0,0,0,0,0,-1,6,-3,4,-3,5,-6,1,-5,-2,-3,-3,-4,-5,-2,-12,-5,-13,-2,-19,-2,-17,-2,-21,3,-27,4,-29,7,-28,11,-33,12,-35,19,-37,17,-39,20,-41,23,-42,29,-44,27,-42,31,-43,35,-45,35,-46,41,-43,45,-47,44,-40,39,-47,38,-43,44,-47,44,-45,41,-45,42,-48,42,-52,43,-49,43,-56,43,-54,41,-60,42,-59,40,-64,42,-65,40,-70,38,-62,38,-75,44,-71,39,-74,41,-76,47,-79,49,-77,50,-78,56,-79,52,-73,54,-77,48,-80,53,-72,0,0]"
CSI_DATA,112,1a:00:00:00:00:00,-45,11,1,0,1,1,1,0,0,0,1,-96,0,11,2,1706956,0,44,0,384,0,"[0,0,0,0,0,0,0,0,0,0,0,0,11,2,10,2,10,1,10,1,9,1,8,1,7,0,7,-1,6,-1,6,-1,6,-2,5,-3,5,-3,5,-3,4,-3,4,-4,4,-5,3,-5,2,-5,2,-6,2,-6,2,-7,2,-7,1,-8,1,-8,1,-8,0,0,1,-9,2,-10,2,-10,1,-10,2,-10,3,-10,2,-10,3,-10,3,-10,4,-10,4,-10,4,-9,4,-9,4,-8,5,-8,5,-8,5,-7,5,-7,5,-6,5,-6,5,-5,5,-5,5,-4,5,-4,5,-3,4,-2,0,0,0,0,0,0,0,0,0,0,0,0,0,0,37,11,36,9,35,7,30,8,31,6,27,5,26,2,26,4,25,2,22,3,20,0,18,-1,18,-1,15,-5,16,-6,15,-5,14,-10,12,-10,12,-9,11,-10,8,-12,9,-10,5,-14,7,-15,6,-14,5,-17,5,-17,3,-21,1,-20,3,-22,3,-22,2,-25,5,-22,3,-28,3,-25,7,-27,5,-27,8,-26,8,-28,10,-26,9,-26,7,-27,9,-25,10,-25,12,-25,11,-22,13,-21,11,-21,12,-17,15,-19,14,-15,13,-15,14,-14,13,-11,13,-9,14,-8,15,-7,0,0,0,0,0,0,0,0,0,0,0,0,0,0,0,0,0,0,0,0,0,0,-2,-5,0,-3,0,-3,1,-2,1,0,2,2,3,1,2,4,4,6,2,7,3,8,3,10,4,13,5,14,0,16,1,15,0,18,1,20,-1,22,-5,21,-5,21,-7,25,-7,24,-5,27,-8,26,-7,26,-9,28,-11,30,-11,29,-10,29,-9,28,-12,32,-13,30,-13,30,-12,29,-11,32,-10,29,-6,31,-6,33,-4,34,-7,37,-5,35,-7,37,-5,39,-5,38,-5,38,-7,41,-6,41,-6,44,-7,42,-3,45,-2,45,-8,47,-7,42,-6,47,-8,45,-8,43,0,0]"
CSI_DATA,113,1a:00:00:00:00:00,-45,11,1,0,1,1,1,0,0,0,1,-96,0,11,2,1716954,0,44,0,384,0,"[0,0,0,0,0,0,0,0,0,0,0,0,-11,5,-10,5,-9,5,-9,4,-8,4,-7,4,-6,4,-5,4,-5,4,-5,4,-4,5,-3,5,-3,5,-2,5,-2,5,-1,5,-1,5,-1,5,0,5,0,5,1,5,1,5,2,6,3,6,3,6,3,7,0,0,3,7,4,8,4,8,4,8,3,8,3,8,3,8,3,8,2,9,2,9,2,9,1,9,1,9,0,8,0,8,0,8,-1,8,-1,7,-2,7,-2,6,-2,6,-3,6,-3,5,-3,5,-4,4,-3,4,0,0,0,0,0,0,0,0,0,0,0,0,0,0,-72,26,-70,28,-68,28,-62,27,-57,27,-51,27,-51,21,-49,26,-45,22,-41,23,-33,23,-31,26,-30,22,-25,26,-24,26,-13,29,-17,29,-12,28,-9,29,-7,26,0,34,0,31,3,32,5,30,7,31,11,35,14,37,18,37,14,35,17,42,21,36,25,42,21,41,26,44,27,45,19,48,21,53,21,50,16,53,15,53,15,52,14,54,11,50,10,51,8,49,7,49,3,51,-1,43,-3,47,-1,43,-4,40,-9,38,-7,38,-13,34,-12,33,-14,29,-16,24,0,0,0,0,0,0,0,0,0,0,0,0,0,0,0,0,0,0,0,0,0,0,7,7,5,3,1,5,-1,5,-5,1,-6,1,-7,1,-11,-3,-12,-6,-17,-10,-18,-8,-19,-10,-21,-17,-20,-21,-22,-25,-22,-29,-26,-28,-21,-36,-26,-40,-24,-39,-23,-40,-21,-44,-21,-49,-23,-50,-19,-55,-26,-53,-18,-54,-17,-56,-18,-57,-22,-62,-16,-55,-22,-67,-16,-63,-22,-61,-21,-61,-23,-62,-25,-58,-26,-62,-28,-62,-32,-62,-31,-68,-35,-62,-35,-69,-38,-68,-39,-67,-46,-60,-42,-67,-42,-71,-46,-68,-49,-78,-49,-74,-46,-79,-44,-80,-42,-76,-45,-84,-44,-81,-39,-77,0,0]"
CSI_DATA,114,1a:00:00:00:00:00,-45,11,1,0,1,1,1,0,0,0,1,-96,0,11,2,1727846,0,44,0,384,0,"[0,0,0,0,0,0,0,0,0,0,0,0,6,9,6,8,6,7,6,7,6,6,5,5,5,5,5,4,5,4,5,3,5,2,5,2,5,1,5,1,5,1,5,0,5,-1,5,-1,5,-2,5,-2,5,-3,5,-3,5,-3,6,-4,6,-4,6,-5,0,0,7,-5,7,-5,8,-5,8,-5,8,-5,8,-4,9,-4,8,-4,9,-4,9,-3,9,-3,9,-2,8,-2,8,-1,8,-1,8,-1,7,-1,7,0,7,0,6,0,6,1,6,1,5,2,5,2,4,2,3,3,0,0,0,0,0,0,0,0,0,0,0,0,0,0,43,62,44,58,44,52,37,51,39,45,39,43,35,37,39,37,33,33,32,27,36,25,31,21,31,21,31,14,30,12,34,6,33,7,28,2,23,-2,26,-5,29,-6,30,-6,24,-11,28,-17,28,-16,31,-18,29,-19,28,-27,31,-28,31,-32,33,-33,34,-30,38,-29,37,-35,39,-36,42,-30,45,-32,46,-30,47,-26,49,-27,47,-25,50,-28,46,-23,48,-24,46,-15,47,-12,48,-9,49,-13,42,-10,42,-3,38,-2,39,2,37,2,35,2,33,2,31,8,27,14,0,0,0,0,0,0,0,0,0,0,0,0,0,0,0,0,0,0,0,0,0,0,3,-9,0,-6,4,-2,2,-1,7,2,2,2,5,8,1,10,-1,10,3,16,-2,20,-2,21,-5,27,-14,29,-13,30,-18,33,-17,35,-20,32,-26,35,-33,35,-29,35,-36,38,-38,36,-38,40,-42,42,-40,41,-48,39,-50,36,-50,36,-50,44,-49,37,-51,38,-49,37,-52,36,-54,39,-51,44,-49,44,-45,45,-47,46,-50,51,-49,53,-50,56,-51,56,-54,60,-48,56,-56,53,-53,58,-54,65,-57,62,-62,66,-55,71,-57,69,-65,66,-59,60,-64,67,-59,60,-64,60,0,0]"
CSI_DATA,115,1a:00:00:00:00:00,-45,11,1,0,1,1,1,0,0,0,1,-96,0,11,2,1737023,0,44,0,384,0,"[0,0,0,0,0,0,0,0,0,0,0,0,-11,-4,-10,-4,-9,-3,-10,-3,-9,-3,-8,-2,-8,-2,-7,-1,-7,-1,-7,0,-6,0,-6,1,-6,1,-6,1,-6,1,-5,2,-5,3,-4,3,-5,3,-4,4,-4,4,-4,5,-4,5,-4,6,-4,6,-3,6,0,0,-4,7,-5,7,-5,8,-4,8,-5,8,-5,8,-5,8,-6,7,-6,7,-6,7,-6,7,-7,6,-7,6,-7,5,-7,5,-7,4,-7,4,-7,4,-6,3,-6,3,-7,2,-6,1,-6,1,-6,1,-6,0,-5,0,0,0,0,0,0,0,0,0,0,0,0,0,0,0,-63,-46,-58,-43,-62,-42,-53,-37,-52,-31,-49,-33,-49,-29,-46,-25,-44,-22,-40,-20,-41,-18,-36,-15,-39,-11,-35,-6,-31,-4,-33,-2,-36,2,-33,5,-31,6,-25,9,-28,14,-24,14,-28,17,-25,21,-27,21,-28,28,-22,27,-27,36,-26,34,-25,37,-25,38,-30,41,-31,42,-27,46,-28,44,-34,44,-36,40,-35,40,-36,42,-36,37,-35,36,-42,36,-44,36,-47,38,-43,30,-43,25,-41,21,-43,24,-39,21,-40,16,-40,13,-39,11,-37,8,-37,6,-36,1,-33,-4,-34,-6,0,0,0,0,0,0,0,0,0,0,0,0,0,0,0,0,0,0,0,0,0,0,-1,7,-5,2,-5,5,-5,1,-8,-3,-5,-5,-5,-9,-8,-11,-3,-13,-1,-18,0,-21,-3,-23,1,-30,2,-32,7,-32,9,-35,13,-41,11,-37,17,-39,24,-40,25,-43,26,-46,27,-44,30,-46,33,-48,32,-52,36,-46,36,-47,41,-44,42,-58,33,-48,43,-52,42,-49,37,-51,40,-53,38,-57,39,-53,34,-60,40,-60,37,-66,38,-66,31,-63,35,-70,34,-69,34,-69,32,-79,34,-74,32,-77,37,-76,37,-78,39,-82,35,-82,45,-81,41,-79,45,-81,46,-81,47,-77,0,0]"
CSI_DATA,116,1a:00:00:00:00:00,-45,11,1,0,1,1,1,0,0,0,1,-96,0,11,2,1757766,0,44,0,384,0,"[0,0,0,0,0,0,0,0,0,0,0,0,10,-5,9,-5,9,-5,8,-5,7,-4,7,-4,6,-5,5,-5,5,-5,4,-5,4,-5,3,-5,3,-6,2,-6,2,-6,1,-6,1,-6,0,-6,0,-6,-1,-6,-1,-6,-1,-7,-2,-7,-2,-7,-3,-7,-3,-8,0,0,-3,-9,-3,-9,-3,-10,-3,-10,-3,-10,-2,-10,-3,-10,-2,-10,-2,-10,-1,-10,-1,-10,0,-10,0,-9,0,-9,1,-9,1,-9,1,-8,1,-8,2,-8,2,-7,2,-6,3,-6,3,-6,3,-5,3,-4,3,-4,0,0,0,0,0,0,0,0,0,0,0,0,0,0,75,-22,75,-12,68,-24,64,-20,61,-19,58,-17,54,-20,50,-21,46,-17,40,-19,35,-22,31,-23,33,-22,31,-21,25,-23,22,-27,22,-28,19,-29,15,-27,9,-27,10,-34,3,-31,1,-32,3,-37,0,-32,-3,-33,-5,-37,-9,-37,-10,-44,-14,-46,-12,-42,-13,-47,-10,-46,-14,-52,-14,-51,-6,-54,-7,-53,-10,-57,-6,-57,-3,-58,-1,-54,2,-55,4,-53,2,-56,6,-52,7,-49,12,-49,11,-43,12,-39,16,-41,14,-38,18,-35,19,-34,20,-31,21,-27,24,-24,24,-21,0,0,0,0,0,0,0,0,0,0,0,0,0,0,0,0,0,0,0,0,0,0,-7,-3,-2,-4,-3,-4,0,-4,1,-3,6,-5,9,-4,12,-1,14,4,15,6,19,12,20,11,23,17,20,20,21,22,27,26,25,29,21,33,23,36,19,41,20,44,21,50,18,48,19,49,21,54,22,55,16,55,18,60,15,59,20,60,16,59,14,68,16,62,14,54,15,64,20,61,22,62,26,67,23,62,28,69,27,64,32,65,30,68,36,72,37,67,41,66,36,71,39,72,41,75,41,82,41,78,42,78,33,85,31,77,34,85,32,86,29,85,0,0]"
CSI_DATA,117,1a:00:00:00:00:00,-45,11,1,0,1,1,1,0,0,0,1,-96,0,11,2,1767604,0,44,0,384,0,"[0,0,0,0,0,0,0,0,0,0,0,0,-11,-6,-10,-5,-10,-4,-10,-4,-9,-4,-8,-4,-8,-2,-8,-2,-7,-2,-7,-1,-7,-1,-7,0,-7,0,-6,1,-6,1,-5,2,-5,2,-5,3,-5,3,-5,4,-5,4,-4,5,-4,5,-4,6,-5,6,-4,6,0,0,-4,7,-5,7,-5,8,-5,8,-6,8,-6,8,-6,8,-6,7,-6,7,-7,7,-7,7,-7,6,-7,6,-7,5,-8,4,-8,4,-7,4,-7,4,-7,3,-7,3,-7,2,-7,2,-7,1,-6,1,-6,0,-6,-1,0,0,0,0,0,0,0,0,0,0,0,0,0,0,-69,-42,-63,-38,-68,-38,-61,-29,-57,-32,-50,-31,-48,-24,-53,-26,-44,-18,-44,-18,-42,-10,-40,-11,-42,-8,-36,-1,-37,-1,-34,4,-34,5,-33,6,-29,9,-25,9,-31,15,-27,15,-26,20,-26,23,-22,23,-21,30,-20,30,-20,33,-25,39,-22,38,-21,40,-24,44,-28,41,-28,47,-24,43,-32,48,-28,50,-30,50,-32,49,-36,43,-34,40,-40,39,-40,36,-41,36,-40,34,-40,34,-42,30,-39,25,-41,26,-37,22,-34,19,-33,15,-36,14,-34,9,-39,7,-34,1,-28,-1,0,0,0,0,0,0,0,0,0,0,0,0,0,0,0,0,0,0,0,0,0,0,0,6,-3,5,-2,5,-7,2,-5,0,-5,-6,-3,-6,-9,-10,-6,-14,-6,-15,-4,-23,-5,-22,-1,-27,1,-31,5,-33,4,-31,7,-40,12,-36,12,-46,14,-45,17,-44,21,-50,18,-44,28,-49,27,-53,32,-49,32,-52,33,-55,34,-51,36,-59,32,-50,37,-59,33,-55,30,-59,33,-60,33,-59,27,-53,31,-65,32,-61,32,-69,30,-70,25,-69,32,-72,27,-72,26,-77,22,-81,22,-78,24,-80,25,-82,32,-83,34,-84,32,-88,33,-89,35,-82,40,-89,39,-88,41,-80,0,0]"
CSI_DATA,118,1a:00:00:00:00:00,-45,11,1,0,1,1,1,0,0,0,1,-96,0,11,2,1786938,0,44,0,384,0,"[0,0,0,0,0,0,0,0,0,0,0,0,8,8,7,7,7,6,8,6,6,5,6,5,6,4,6,4,6,3,5,2,6,2,5,1,5,1,5,0,5,0,5,-1,5,-2,5,-2,5,-2,5,-3,5,-3,5,-4,5,-4,5,-5,6,-6,5,-5,0,0,6,-6,7,-6,7,-7,7,-7,7,-7,8,-6,8,-6,8,-6,8,-5,8,-5,8,-5,8,-4,8,-3,8,-3,8,-3,8,-2,7,-2,7,-2,7,-1,7,-1,6,0,6,0,6,0,5,1,5,1,4,2,0,0,0,0,0,0,0,0,0,0,0,0,0,0,42,64,40,60,45,57,37,58,40,57,35,46,32,48,35,37,31,34,30,35,33,29,31,24,32,24,29,21,28,17,28,11,31,9,28,8,28,1,29,3,32,-2,28,-2,27,-10,30,-11,28,-14,29,-15,32,-16,32,-22,32,-23,33,-28,40,-26,38,-30,41,-28,41,-30,42,-30,44,-27,46,-28,42,-27,46,-24,48,-23,49,-23,50,-20,48,-18,52,-17,51,-15,48,-11,48,-7,45,-5,40,-5,40,-3,39,1,39,3,36,4,33,8,34,8,29,12,27,16,0,0,0,0,0,0,0,0,0,0,0,0,0,0,0,0,0,0,0,0,0,0,2,-7,4,-7,5,-6,4,-5,6,3,7,3,3,6,0,11,2,17,-2,15,-7,18,-6,18,-7,23,-11,27,-18,27,-19,28,-21,31,-25,29,-28,30,-30,31,-31,34,-36,37,-38,32,-42,35,-45,35,-47,38,-48,33,-49,32,-50,29,-55,36,-49,33,-55,37,-53,38,-52,36,-55,33,-55,41,-51,37,-52,43,-54,45,-58,51,-54,49,-52,51,-58,52,-52,57,-48,51,-56,61,-58,57,-55,59,-57,60,-59,60,-67,62,-64,66,-66,62,-63,62,-71,67,-66,58,-68,58,0,0]"
CSI_DATA,119,1a:00:00:00:00:00,-45,11,1,0,1,1,1,0,0,0,1,-96,0,11,2,1797192,0,44,0,384,0,"[0,0,0,0,0,0,0,0,0,0,0,0,2,-11,1,-12,0,-10,1,-10,0,-9,0,-9,-1,-8,-1,-7,-1,-7,-2,-6,-2,-6,-2,-6,-3,-5,-3,-5,-3,-5,-4,-5,-4,-4,-4,-4,-4,-3,-6,-3,-5,-3,-6,-2,-6,-3,-7,-3,-7,-2,-7,-3,0,0,-8,-3,-9,-3,-9,-3,-9,-3,-9,-3,-9,-4,-9,-4,-9,-5,-9,-5,-9,-5,-8,-6,-8,-6,-7,-6,-7,-6,-7,-6,-6,-6,-6,-7,-5,-6,-5,-6,-4,-6,-4,-6,-3,-6,-3,-6,-2,-6,-1,-5,-1,-5,0,0,0,0,0,0,0,0,0,0,0,0,0,0,1,-42,2,-33,0,-42,-4,-32,-5,-31,2,-29,-3,-29,-2,-25,-5,-23,-3,-22,-7,-21,-8,-19,-8,-19,-6,-16,-8,-17,-9,-15,-12,-13,-10,-12,-13,-10,-12,-10,-17,-8,-12,-7,-15,-4,-14,-4,-17,-3,-18,-2,-17,-1,-20,0,-21,0,-23,0,-24,1,-25,1,-22,1,-26,1,-23,2,-27,1,-29,0,-28,1,-27,-1,-28,-3,-28,-2,-26,-6,-26,-6,-27,-7,-25,-7,-24,-9,-24,-10,-22,-9,-21,-10,-20,-9,-18,-9,-17,-10,-17,-12,-13,-13,-12,-13,-11,-13,-7,-13,0,0,0,0,0,0,0,0,0,0,0,0,0,0,0,0,0,0,0,0,0,0,-3,2,-4,0,-2,-1,-2,-2,0,-2,0,-2,0,-5,3,-5,6,-6,5,-7,8,-6,9,-6,10,-9,14,-6,14,-6,16,-6,18,-7,17,-5,22,-4,23,-6,24,-3,26,-4,22,-4,28,-1,29,-2,27,0,31,3,27,-5,27,7,33,-3,34,-1,35,2,40,-1,27,6,38,2,38,3,24,-4,42,1,26,3,34,3,46,-7,29,-16,38,-9,40,3,28,1,34,-18,51,-10,39,-23,47,-15,38,0,41,-15,55,-6,54,-18,40,-12,55,-13,39,-13,35,-8,0,0]"
CSI_DATA,120,1a:00:00:00:00:00,-45,11,1,0,1,1,1,0,0,0,1,-96,0,11,2,1807731,0,44,0,384,0,"[0,0,0,0,0,0,0,0,0,0,0,0,1,-12,1,-12,0,-11,0,-11,0,-10,0,-9,-1,-9,-1,-8,-1,-8,-2,-7,-3,-7,-3,-6,-3,-6,-4,-5,-4,-5,-5,-5,-5,-4,-5,-4,-6,-3,-6,-3,-6,-2,-7,-2,-7,-2,-8,-2,-8,-2,-9,-2,0,0,-10,-2,-10,-2,-10,-2,-10,-2,-10,-3,-10,-3,-10,-3,-10,-3,-11,-3,-10,-4,-10,-4,-9,-5,-9,-5,-9,-5,-8,-5,-8,-6,-7,-5,-7,-5,-6,-6,-6,-5,-5,-6,-5,-5,-4,-5,-4,-6,-3,-6,-2,-6,0,0,0,0,0,0,0,0,0,0,0,0,0,0,12,-37,12,-34,10,-36,8,-32,9,-33,8,-28,8,-29,7,-26,4,-23,4,-23,3,-22,1,-20,1,-21,-3,-18,-4,-17,-5,-18,-6,-15,-9,-14,-8,-12,-10,-13,-13,-12,-11,-13,-12,-8,-14,-10,-15,-9,-17,-8,-19,-7,-18,-5,-18,-6,-24,-7,-23,-7,-26,-5,-23,-7,-26,-7,-24,-5,-26,-9,-25,-9,-26,-10,-26,-11,-25,-12,-24,-12,-25,-12,-23,-15,-22,-15,-20,-14,-21,-15,-18,-16,-18,-17,-17,-14,-14,-14,-14,-15,-14,-14,-12,-17,-10,-16,-8,-15,-6,-15,-6,-15,0,0,0,0,0,0,0,0,0,0,0,0,0,0,0,0,0,0,0,0,0,0,-2,1,-5,1,-2,0,-2,-1,0,-4,0,-4,2,-2,4,-5,8,-2,7,-3,9,-3,10,-3,13,-2,12,-3,14,0,17,1,19,0,19,1,19,2,20,4,22,4,25,6,23,8,24,7,26,9,27,8,26,12,27,12,27,11,28,11,28,11,27,13,29,12,28,11,30,11,29,10,31,11,30,10,33,9,34,8,35,8,33,7,35,10,38,5,37,6,36,4,40,5,39,6,39,6,44,6,41,6,45,5,45,7,43,9,46,9,42,7,42,10,0,0]"
CSI_DATA,121,1a:00:00:00:00:00,-45,11,1,0,1,1,1,0,0,0,1,-96,0,11,2,1818496,0,44,0,384,0,"[0,0,0,0,0,0,0,0,0,0,0,0,7,-9,6,-8,6,-8,5,-8,5,-7,4,-7,4,-7,3,-7,3,-6,2,-6,2,-6,1,-7,0,-6,0,-6,-1,-6,-1,-6,-2,-5,-2,-6,-3,-5,-3,-5,-3,-5,-4,-5,-4,-6,-5,-5,-5,-6,-6,-6,0,0,-6,-6,-6,-7,-6,-7,-6,-7,-6,-7,-6,-8,-6,-8,-5,-8,-6,-8,-5,-9,-5,-9,-4,-9,-4,-8,-3,-8,-3,-8,-3,-8,-2,-8,-2,-8,-1,-7,-1,-7,-1,-7,0,-7,0,-6,1,-6,1,-6,1,-5,0,0,0,0,0,0,0,0,0,0,0,0,0,0,57,-53,56,-51,48,-55,46,-49,44,-47,41,-48,36,-40,32,-41,31,-38,24,-38,21,-36,18,-34,17,-34,15,-32,8,-32,7,-32,5,-34,1,-28,-1,-30,-8,-29,-11,-36,-12,-31,-11,-28,-16,-29,-24,-28,-20,-30,-26,-33,-30,-31,-24,-30,-36,-32,-34,-31,-36,-38,-34,-29,-38,-38,-36,-40,-30,-42,-35,-42,-35,-39,-32,-45,-34,-48,-29,-46,-28,-51,-23,-50,-25,-47,-21,-46,-20,-47,-13,-48,-14,-47,-13,-44,-10,-44,-9,-39,-4,-43,-1,-38,1,-37,5,-36,7,-37,10,-30,0,0,0,0,0,0,0,0,0,0,0,0,0,0,0,0,0,0,0,0,0,0,-7,0,-9,-4,-4,-3,-3,-3,-1,-4,4,-3,9,-4,9,-7,15,-1,16,0,16,3,21,2,24,4,27,9,27,9,31,13,34,12,38,19,32,19,34,21,31,27,39,29,44,32,38,31,38,36,44,36,39,40,41,41,38,44,42,42,41,38,40,46,45,44,42,42,45,43,50,49,52,45,55,39,52,42,56,45,53,45,58,42,60,43,63,44,59,41,73,41,68,44,68,42,72,48,70,50,71,49,76,44,68,55,71,54,76,53,76,55,69,58,0,0]"
CSI_DATA,122,1a:00:00:00:00:00,-45,11,1,0,1,1,1,0,0,0,1,-96,0,11,2,1827989,0,44,0,384,0,"[0,0,0,0,0,0,0,0,0,0,0,0,3,-12,2,-12,2,-11,1,-10,1,-10,1,-9,0,-9,0,-8,-1,-8,-1,-7,-2,-7,-2,-7,-2,-6,-3,-5,-3,-5,-4,-5,-4,-5,-5,-5,-5,-4,-6,-4,-6,-4,-6,-3,-7,-3,-8,-3,-8,-3,-8,-3,0,0,-9,-3,-9,-3,-10,-3,-9,-4,-10,-4,-10,-4,-10,-4,-10,-5,-10,-5,-9,-6,-9,-6,-8,-6,-8,-6,-7,-6,-7,-7,-7,-6,-6,-7,-6,-7,-5,-6,-5,-6,-4,-6,-4,-6,-3,-6,-3,-6,-2,-6,-1,-5,0,0,0,0,0,0,0,0,0,0,0,0,0,0,9,-39,10,-37,8,-37,9,-34,6,-34,6,-31,6,-29,5,-27,2,-25,1,-24,0,-23,-1,-19,-4,-21,-3,-18,-3,-18,-7,-17,-7,-16,-10,-14,-8,-12,-11,-11,-15,-11,-10,-12,-14,-8,-15,-9,-16,-8,-18,-10,-19,-6,-20,-9,-21,-6,-26,-5,-22,-4,-26,-5,-23,-4,-27,-4,-27,-6,-25,-7,-26,-8,-27,-8,-27,-10,-26,-13,-25,-10,-25,-12,-24,-12,-23,-12,-24,-14,-22,-15,-21,-14,-18,-15,-18,-14,-18,-14,-14,-14,-14,-15,-14,-15,-10,-17,-9,-16,-8,-15,-5,-16,0,0,0,0,0,0,0,0,0,0,0,0,0,0,0,0,0,0,0,0,0,0,-4,3,-3,2,-4,-1,-1,-1,-1,-2,1,-2,1,-1,2,-1,5,-3,7,-3,8,-4,11,-4,11,-5,12,-3,14,-1,15,-1,18,-2,18,1,19,1,20,0,21,2,25,4,23,4,26,5,27,6,25,7,27,8,29,10,27,9,28,9,28,9,30,8,30,9,29,7,31,8,33,7,31,9,33,7,34,6,35,3,34,6,36,4,37,3,38,2,38,1,41,0,41,0,43,0,42,1,45,4,44,4,47,3,48,6,43,5,48,6,48,6,45,6,0,0]"
CSI_DATA,123,1a:00:00:00:00:00,-45,11,1,0,1,1,1,0,0,0,1,-96,0,11,2,1838802,0,44,0,384,0,"[0,0,0,0,0,0,0,0,0,0,0,0,9,8,8,8,8,7,8,6,7,6,6,5,7,4,6,3,6,3,6,2,6,2,6,1,6,1,6,0,5,0,6,-2,5,-2,5,-2,5,-3,5,-4,5,-4,5,-5,5,-5,5,-5,6,-6,6,-6,0,0,6,-7,6,-7,6,-7,7,-7,7,-7,7,-7,7,-7,8,-7,8,-7,8,-6,8,-6,8,-4,8,-4,8,-4,8,-4,8,-3,8,-3,8,-3,7,-2,7,-2,7,-1,6,-1,6,0,6,0,5,1,4,2,0,0,0,0,0,0,0,0,0,0,0,0,0,0,54,52,55,47,58,46,51,45,51,39,46,39,47,35,44,26,37,24,43,25,35,21,35,19,33,12,34,9,34,6,34,2,34,2,31,-2,24,-7,27,-7,25,-11,30,-13,21,-18,26,-19,27,-21,26,-22,23,-28,25,-31,27,-32,25,-35,26,-35,28,-41,33,-36,30,-42,32,-41,34,-44,38,-43,35,-43,40,-40,41,-35,40,-33,43,-34,41,-35,40,-32,37,-24,42,-27,45,-24,42,-19,42,-17,40,-16,39,-10,36,-11,35,-10,33,-4,32,-4,31,0,27,5,0,0,0,0,0,0,0,0,0,0,0,0,0,0,0,0,0,0,0,0,0,0,-2,-8,-3,-6,0,-2,4,0,2,-2,2,2,3,1,2,10,1,9,2,12,-4,18,0,21,-2,24,-7,25,-9,28,-13,29,-13,33,-18,32,-22,37,-21,35,-22,39,-29,39,-30,39,-30,43,-33,42,-29,46,-32,41,-36,42,-43,46,-42,46,-41,42,-43,48,-44,47,-37,48,-43,50,-40,50,-40,51,-39,56,-37,56,-39,54,-39,55,-40,63,-41,66,-39,67,-38,63,-42,75,-40,67,-38,78,-41,73,-46,79,-44,78,-45,79,-49,78,-51,77,-52,76,-48,82,-50,72,0,0]"
CSI_DATA,124,1a:00:00:00:00:00,-45,11,1,0,1,1,1,0,0,0,1,-96,0,11,2,1846930,0,44,0,384,0,"[0,0,0,0,0,0,0,0,0,0,0,0,-13,3,-12,3,-11,3,-11,3,-10,3,-9,2,-9,3,-8,3,-7,3,-6,4,-6,4,-5,4,-5,4,-4,5,-4,4,-3,5,-2,5,-2,5,-1,5,-1,6,-1,6,0,6,0,7,1,8,1,8,1,8,0,0,2,9,1,9,1,10,1,10,1,9,1,10,0,10,0,10,0,10,-1,10,-1,10,-2,9,-2,9,-3,9,-3,9,-3,8,-3,8,-3,7,-4,7,-4,7,-4,6,-4,5,-4,5,-5,4,-5,4,-5,3,0,0,0,0,0,0,0,0,0,0,0,0,0,0,-39,6,-41,4,-37,8,-31,5,-31,6,-29,7,-27,7,-27,7,-23,5,-22,8,-22,7,-19,9,-19,9,-15,10,-14,8,-11,10,-13,12,-10,11,-9,11,-8,13,-6,15,-5,14,-3,16,-3,16,-2,16,1,18,2,17,3,20,3,19,4,21,5,22,5,23,2,24,3,24,6,25,1,27,2,26,2,26,-1,28,0,27,-1,26,-2,26,-2,24,-3,25,-5,23,-7,25,-8,22,-8,22,-7,18,-9,19,-10,20,-9,16,-11,16,-11,12,-12,11,-12,11,-12,8,0,0,0,0,0,0,0,0,0,0,0,0,0,0,0,0,0,0,0,0,0,0,2,1,2,1,1,3,0,1,-1,0,-2,-2,-3,0,-5,-1,-5,-3,-6,-4,-8,-6,-8,-7,-10,-10,-9,-11,-7,-12,-9,-13,-11,-15,-9,-16,-9,-18,-8,-21,-8,-22,-8,-23,-8,-25,-9,-27,-8,-28,-7,-28,-6,-28,-8,-29,-4,-30,-6,-31,-5,-29,-4,-32,-5,-32,-5,-31,-7,-33,-9,-32,-9,-32,-11,-32,-10,-33,-12,-35,-12,-36,-15,-35,-12,-35,-17,-39,-15,-35,-17,-38,-16,-39,-16,-38,-17,-40,-13,-43,-16,-43,-19,-42,-15,-44,-17,-42,-15,-46,-16,-46,-13,-45,0,0]"
CSI_DATA,125,1a:00:00:00:00:00,-45,11,1,0,1,1,1,0,0,0,1,-96,0,11,2,1857048,0,44,0,384,0,"[0,0,0,0,0,0,0,0,0,0,0,0,-11,7,-10,7,-9,7,-9,6,-8,6,-8,6,-6,6,-6,6,-5,5,-5,5,-4,6,-3,6,-3,5,-2,5,-2,5,-1,6,0,5,0,5,1,5,1,5,1,5,2,6,2,6,3,6,3,7,4,7,0,0,4,7,4,8,4,8,5,8,4,8,4,9,4,9,3,9,3,9,2,9,2,9,1,9,1,9,0,9,0,9,0,8,0,8,-1,7,-1,7,-2,7,-2,7,-2,6,-3,6,-3,5,-3,5,-4,4,0,0,0,0,0,0,0,0,0,0,0,0,0,0,-67,43,-66,46,-59,42,-58,41,-55,38,-50,36,-47,36,-43,35,-37,33,-38,31,-31,34,-25,34,-25,30,-22,31,-23,31,-15,30,-11,36,-10,30,-8,28,0,31,3,32,-1,32,5,31,6,33,9,29,14,34,19,37,20,33,18,37,21,37,23,38,25,41,27,43,29,42,29,40,23,46,27,50,25,50,21,52,18,50,18,51,16,56,12,49,8,54,12,47,6,49,4,46,4,46,2,40,-4,43,-4,36,-5,41,-10,33,-11,32,-13,30,-14,31,-19,20,0,0,0,0,0,0,0,0,0,0,0,0,0,0,0,0,0,0,0,0,0,0,8,-2,4,-1,3,0,0,3,-1,4,-2,2,-6,0,-10,1,-8,2,-13,0,-16,-3,-20,-4,-18,-5,-27,-9,-27,-10,-28,-12,-36,-12,-33,-21,-32,-21,-36,-28,-37,-30,-40,-32,-40,-33,-39,-33,-41,-38,-43,-36,-39,-44,-39,-44,-38,-48,-40,-46,-38,-49,-43,-51,-46,-46,-42,-46,-46,-52,-44,-51,-47,-51,-48,-51,-52,-50,-54,-50,-53,-51,-64,-53,-56,-55,-65,-53,-59,-48,-64,-47,-64,-55,-64,-55,-66,-57,-70,-66,-71,-64,-68,-65,-64,-69,-65,-70,-71,-72,-64,-73,-63,-70,0,0]"
CSI_DATA,126,1a:00:00:00:00:00,-45,11,1,0,1,1,1,0,0,0,1,-96,0,11,2,1879565,0,44,0,384,0,"[0,0,0,0,0,0,0,0,0,0,0,0,-8,9,-7,8,-6,8,-6,8,-5,7,-5,6,-4,6,-4,6,-3,6,-2,6,-2,6,-1,6,-1,5,0,5,0,5,1,5,2,5,2,4,2,4,3,4,3,4,3,4,3,4,4,5,5,5,5,4,0,0,6,5,6,5,6,6,6,6,6,6,6,6,6,7,6,6,6,7,5,7,5,7,4,7,4,7,3,7,3,7,3,7,2,7,2,7,1,7,1,6,0,6,0,6,0,5,-1,5,-2,5,-2,4,0,0,0,0,0,0,0,0,0,0,0,0,0,0,-54,59,-53,52,-43,57,-43,48,-41,52,-35,47,-33,41,-31,41,-25,36,-21,38,-18,40,-17,35,-14,39,-10,34,-9,31,-4,35,-2,35,3,32,0,31,7,29,10,28,13,28,12,24,15,27,16,24,19,30,27,28,25,24,28,26,33,29,29,27,37,30,34,28,37,33,43,30,35,36,36,36,37,36,33,37,33,42,32,41,33,42,27,39,28,43,23,43,22,42,19,41,14,40,14,38,7,38,6,37,4,36,7,36,0,34,0,33,-1,29,-10,28,0,0,0,0,0,0,0,0,0,0,0,0,0,0,0,0,0,0,0,0,0,0,7,-4,7,-2,4,-1,5,2,1,3,0,3,-5,6,-8,8,-14,5,-14,4,-14,1,-20,1,-22,-2,-21,0,-27,-3,-33,-7,-35,-8,-33,-10,-37,-11,-37,-18,-38,-21,-41,-27,-44,-25,-42,-26,-47,-30,-50,-26,-50,-34,-47,-31,-46,-37,-50,-37,-46,-36,-52,-33,-50,-41,-47,-37,-47,-41,-54,-41,-55,-37,-59,-36,-57,-38,-64,-34,-62,-39,-68,-34,-64,-38,-69,-36,-68,-34,-69,-37,-69,-38,-73,-36,-79,-44,-74,-43,-78,-43,-82,-41,-82,-51,-74,-47,-79,-49,-71,-49,-73,-53,0,0]"
CSI_DATA,127,1a:00:00:00:00:00,-45,11,1,0,1,1,1,0,0,0,1,-96,0,11,2,1886928,0,44,0,384,0,"[0,0,0,0,0,0,0,0,0,0,0,0,11,0,10,-1,10,-1,9,-1,8,-1,7,-1,7,-2,7,-2,6,-2,6,-2,6,-3,5,-4,4,-4,4,-4,4,-4,3,-5,2,-5,2,-5,2,-5,1,-6,1,-6,1,-6,1,-6,1,-7,1,-7,0,-8,0,0,0,-9,1,-9,0,-10,0,-10,1,-9,1,-10,1,-10,2,-9,2,-10,2,-9,3,-9,3,-9,3,-8,3,-8,4,-8,4,-7,4,-7,4,-7,4,-6,4,-6,5,-5,4,-5,4,-4,5,-3,4,-3,4,-2,0,0,0,0,0,0,0,0,0,0,0,0,0,0,41,3,38,5,38,1,34,3,29,2,28,2,26,2,29,2,24,1,22,-1,21,-4,19,-4,19,-5,18,-5,17,-7,15,-8,15,-8,14,-9,13,-11,9,-10,8,-15,8,-13,5,-14,8,-15,6,-16,7,-17,4,-16,4,-19,4,-19,2,-23,3,-21,3,-23,5,-24,5,-26,3,-24,8,-28,6,-27,6,-27,9,-26,9,-24,9,-25,11,-24,12,-26,11,-24,11,-23,13,-21,15,-22,14,-18,13,-19,14,-17,12,-15,14,-15,12,-13,14,-11,16,-8,11,-7,16,-4,0,0,0,0,0,0,0,0,0,0,0,0,0,0,0,0,0,0,0,0,0,0,-4,-4,-3,-5,-2,-4,-1,-2,1,-2,1,-1,3,-1,3,1,4,0,6,4,6,4,6,7,6,9,6,11,6,13,7,14,8,16,5,18,5,19,5,20,5,22,5,24,4,25,1,26,2,29,2,29,-1,26,1,30,-2,28,0,33,-2,30,-1,34,-3,31,0,32,0,32,-1,33,1,32,0,35,0,34,0,37,1,39,3,35,2,39,4,38,4,39,5,39,6,41,7,42,5,42,4,44,2,45,4,45,2,49,1,44,-1,47,0,48,-2,46,0,0]"
CSI_DATA,128,1a:00:00:00:00:00,-45,11,1,0,1,1,1,0,0,0,1,-96,0,11,2,1907098,0,44,0,384,0,"[0,0,0,0,0,0,0,0,0,0,0,0,-10,-6,-10,-5,-9,-5,-9,-5,-8,-4,-8,-4,-8,-3,-7,-3,-7,-3,-7,-2,-6,-1,-6,-1,-6,0,-6,0,-6,0,-6,1,-5,1,-5,2,-5,2,-5,3,-5,3,-5,4,-5,4,-5,4,-5,5,-5,5,0,0,-5,6,-6,6,-6,6,-6,7,-6,6,-7,6,-7,6,-7,6,-7,6,-7,5,-8,5,-8,4,-8,4,-8,4,-8,3,-8,3,-8,3,-7,2,-7,1,-7,1,-7,0,-7,0,-6,0,-6,-1,-6,-1,-5,-2,0,0,0,0,0,0,0,0,0,0,0,0,0,0,-64,-50,-58,-41,-62,-42,-54,-37,-49,-39,-51,-34,-46,-33,-46,-33,-43,-23,-43,-22,-39,-17,-36,-13,-38,-14,-37,-9,-34,-12,-35,-6,-36,-4,-29,3,-35,3,-27,5,-33,9,-26,9,-28,14,-27,19,-30,19,-27,19,-23,25,-28,31,-31,27,-27,30,-28,32,-32,35,-33,28,-35,39,-31,34,-42,38,-39,37,-42,37,-41,33,-43,32,-44,31,-47,27,-48,25,-45,23,-46,21,-43,21,-45,12,-42,16,-43,14,-39,10,-39,8,-39,6,-37,4,-34,-4,-35,-4,-32,-8,-28,-10,0,0,0,0,0,0,0,0,0,0,0,0,0,0,0,0,0,0,0,0,0,0,4,8,0,9,0,5,-5,4,-2,1,-5,-1,-5,-3,-8,-7,-7,-11,-6,-14,-8,-18,-7,-20,-4,-25,-5,-26,-1,-30,1,-33,-3,-40,5,-38,8,-42,10,-43,14,-47,13,-51,20,-46,21,-50,29,-55,22,-58,30,-51,32,-56,31,-53,30,-61,28,-52,35,-59,33,-59,35,-57,35,-60,33,-63,31,-57,34,-65,30,-64,33,-67,34,-69,30,-66,33,-76,30,-72,34,-74,35,-78,34,-76,32,-77,34,-86,34,-80,36,-81,39,-83,46,-83,41,-76,45,-84,43,-83,47,-79,0,0]"
CSI_DATA,129,1a:00:00:00:00:00,-45,11,1,0,1,1,1,0,0,0,1,-96,0,11,2,1916915,0,44,0,384,0,"[0,0,0,0,0,0,0,0,0,0,0,0,10,6,9,5,9,4,9,4,8,3,7,3,7,2,7,2,7,1,6,0,6,0,6,0,6,0,5,-1,5,-2,5,-3,5,-3,4,-3,4,-4,4,-4,4,-4,4,-5,4,-5,4,-6,4,-6,4,-7,0,0,4,-8,5,-8,5,-8,5,-8,5,-8,6,-8,6,-8,6,-8,6,-8,7,-7,7,-7,7,-6,7,-6,7,-6,7,-5,7,-5,7,-4,7,-4,7,-3,6,-3,6,-2,6,-2,6,-2,6,-1,6,0,4,1,0,0,0,0,0,0,0,0,0,0,0,0,0,0,31,18,29,17,31,17,26,15,27,14,23,15,23,12,22,10,23,9,22,9,19,6,17,5,19,3,18,1,18,1,15,-1,17,-1,15,-5,14,-5,13,-6,13,-8,13,-6,12,-12,10,-10,10,-12,11,-14,11,-14,10,-17,11,-17,9,-17,11,-16,10,-21,13,-19,13,-21,13,-21,14,-19,15,-20,14,-22,15,-21,16,-20,16,-19,18,-18,17,-18,18,-17,18,-15,20,-15,19,-14,17,-13,20,-9,17,-9,17,-9,17,-8,16,-6,16,-4,17,-2,15,0,14,2,0,0,0,0,0,0,0,0,0,0,0,0,0,0,0,0,0,0,0,0,0,0,-2,-4,-1,-5,0,-2,1,-3,2,-1,2,-1,1,0,3,4,3,5,2,6,2,7,2,9,2,11,0,12,-1,14,0,16,-1,18,-4,19,-4,20,-4,21,-6,21,-7,24,-8,23,-8,25,-11,25,-10,28,-12,25,-14,25,-15,25,-13,28,-15,25,-17,28,-15,29,-13,29,-15,29,-15,28,-15,28,-13,31,-13,32,-14,34,-15,33,-13,32,-14,34,-15,35,-12,35,-12,35,-13,38,-11,38,-14,38,-15,40,-16,40,-15,40,-19,41,-17,40,-21,42,-18,45,-19,38,0,0]"
CSI_DATA,130,1a:00:00:00:00:00,-45,11,1,0,1,1,1,0,0,0,1,-96,0,11,2,1927157,0,44,0,384,0,"[0,0,0,0,0,0,0,0,0,0,0,0,-8,-8,-8,-7,-8,-7,-7,-7,-7,-6,-6,-5,-6,-5,-6,-4,-6,-4,-6,-3,-6,-3,-6,-2,-6,-2,-6,-2,-6,-1,-6,0,-5,0,-5,1,-5,1,-6,2,-5,2,-6,2,-5,3,-6,3,-6,3,-6,4,0,0,-6,5,-7,4,-7,5,-7,5,-7,5,-8,5,-8,4,-8,4,-8,4,-8,4,-9,3,-8,3,-8,2,-8,2,-8,1,-8,1,-8,1,-7,1,-7,0,-7,0,-7,-1,-6,-1,-6,-1,-6,-2,-6,-2,-5,-2,0,0,0,0,0,0,0,0,0,0,0,0,0,0,-47,-64,-40,-66,-38,-54,-38,-56,-41,-53,-33,-45,-35,-46,-36,-40,-33,-37,-30,-31,-34,-31,-28,-25,-35,-23,-27,-19,-30,-19,-29,-11,-32,-9,-32,-9,-25,-6,-26,-5,-31,-1,-30,3,-25,5,-30,10,-28,12,-30,12,-33,12,-30,22,-35,18,-34,21,-36,23,-33,23,-41,26,-37,28,-41,26,-45,23,-46,28,-46,25,-42,22,-47,22,-48,22,-49,14,-49,16,-50,14,-44,7,-48,12,-43,5,-46,8,-40,2,-39,1,-39,-3,-36,-1,-39,-4,-36,-10,-30,-12,-28,-15,-23,-14,0,0,0,0,0,0,0,0,0,0,0,0,0,0,0,0,0,0,0,0,0,0,-2,9,-3,5,-4,4,-7,2,-4,-1,-3,-4,-3,-8,-2,-10,-2,-13,3,-15,6,-20,3,-18,5,-26,8,-29,9,-24,15,-30,16,-32,21,-33,21,-32,23,-32,27,-35,34,-37,35,-41,36,-37,38,-36,42,-43,42,-34,46,-36,50,-39,48,-38,51,-37,51,-34,51,-36,50,-40,53,-42,50,-40,53,-41,50,-47,49,-45,53,-49,53,-45,54,-53,50,-50,58,-57,47,-50,47,-57,57,-60,52,-59,56,-60,65,-65,56,-62,61,-65,64,-64,66,-61,69,-62,61,-56,69,-58,0,0]"
CSI_DATA,131,1a:00:00:00:00:00,-45,11,1,0,1,1,1,0,0,0,1,-96,0,11,2,1938296,0,44,0,384,0,"[0,0,0,0,0,0,0,0,0,0,0,0,-12,-2,-11,-1,-11,-1,-10,-1,-10,-1,-9,-1,-9,0,-8,0,-7,1,-7,1,-7,1,-6,2,-6,2,-5,3,-5,2,-5,3,-4,4,-4,4,-3,4,-3,4,-3,5,-3,6,-3,5,-2,6,-3,7,-2,6,0,0,-2,8,-2,8,-2,8,-2,9,-3,8,-3,8,-3,9,-4,8,-4,8,-5,8,-5,8,-5,7,-5,7,-5,7,-6,6,-6,6,-6,6,-6,5,-6,4,-6,4,-6,3,-6,3,-6,2,-6,2,-6,1,-6,1,0,0,0,0,0,0,0,0,0,0,0,0,0,0,-40,-3,-38,-2,-36,1,-32,-1,-31,0,-28,-3,-29,2,-28,1,-25,2,-23,2,-22,5,-19,6,-19,6,-18,5,-16,5,-14,9,-14,9,-12,10,-10,10,-9,10,-8,13,-8,12,-6,14,-4,13,-5,15,-3,15,-2,17,-2,20,-3,20,-2,22,-1,20,-1,23,-1,24,-1,25,-1,25,-2,27,-3,26,-3,27,-4,25,-3,25,-3,26,-8,25,-8,24,-8,23,-9,22,-10,24,-11,21,-10,20,-11,19,-9,16,-12,16,-12,16,-11,13,-13,9,-13,10,-13,9,-13,6,0,0,0,0,0,0,0,0,0,0,0,0,0,0,0,0,0,0,0,0,0,0,2,4,0,2,0,1,0,2,-2,1,-3,-1,-2,-2,-4,-3,-6,-5,-7,-6,-8,-8,-7,-8,-7,-12,-7,-13,-7,-14,-8,-17,-7,-18,-5,-20,-6,-21,-5,-23,-3,-24,-5,-26,-2,-26,-1,-29,1,-29,-2,-28,0,-29,-1,-31,1,-31,2,-34,0,-30,1,-34,1,-34,0,-34,0,-37,-3,-34,-1,-32,-1,-34,-2,-35,-2,-37,-3,-36,-6,-37,-5,-39,-7,-39,-5,-37,-11,-42,-7,-39,-6,-38,-8,-41,-8,-44,-6,-44,-6,-45,-5,-44,-5,-42,-5,-50,-4,-45,-2,-44,0,0]"
CSI_DATA,132,1a:00:00:00:00:00,-45,11,1,0,1,1,1,0,0,0,1,-96,0,11,2,1947127,0,44,0,384,0,"[0,0,0,0,0,0,0,0,0,0,0,0,-2,11,-1,10,-1,10,0,9,0,9,0,8,0,7,1,7,1,6,1,6,2,6,2,5,2,5,3,4,2,4,4,4,4,3,4,3,4,2,5,2,5,2,5,2,5,1,6,1,7,1,7,1,0,0,7,1,8,1,8,1,9,1,8,2,9,2,9,2,8,2,9,3,8,3,8,3,7,4,7,4,7,4,7,4,6,4,6,5,5,4,5,5,4,5,4,5,3,5,3,5,2,5,1,5,1,4,0,0,0,0,0,0,0,0,0,0,0,0,0,0,-4,36,-6,36,-2,34,-2,31,-3,32,-3,28,-1,28,0,23,-1,24,0,21,4,21,1,19,4,18,4,17,5,16,7,15,9,14,7,13,7,12,10,10,13,7,12,8,12,4,13,7,13,6,16,5,16,5,16,3,18,4,21,3,22,4,21,4,22,2,23,5,22,3,26,6,26,5,25,5,24,8,23,7,23,8,21,10,22,12,22,13,20,12,21,16,17,14,16,13,14,13,13,14,13,14,14,14,11,14,8,15,6,13,6,14,2,13,0,0,0,0,0,0,0,0,0,0,0,0,0,0,0,0,0,0,0,0,0,0,2,-4,3,-2,2,-2,3,-2,1,1,0,2,-2,4,-1,5,-4,4,-5,6,-7,7,-9,7,-10,9,-13,8,-13,8,-16,7,-18,8,-18,5,-21,7,-21,5,-24,5,-27,4,-26,4,-27,3,-29,0,-29,5,-30,-1,-28,2,-30,-1,-32,-1,-30,-1,-34,-1,-32,-3,-32,-1,-34,-1,-34,1,-33,0,-35,-1,-34,1,-36,3,-36,1,-37,4,-37,6,-39,4,-37,6,-39,4,-41,5,-41,5,-42,6,-45,6,-43,5,-45,6,-46,4,-44,3,-47,-2,-44,1,-45,0,0,0]"
CSI_DATA,133,1a:00:00:00:00:00,-45,11,1,0,1,1,1,0,0,0,1,-96,0,11,2,1956929,0,44,0,384,0,"[0,0,0,0,0,0,0,0,0,0,0,0,-5,-11,-6,-10,-6,-10,-6,-9,-5,-8,-5,-8,-5,-7,-5,-6,-5,-6,-5,-5,-6,-5,-6,-4,-6,-3,-6,-3,-6,-3,-6,-2,-6,-2,-6,-1,-6,-1,-6,0,-7,0,-7,0,-7,1,-8,1,-8,1,-8,2,0,0,-9,2,-9,2,-10,2,-9,2,-10,2,-10,1,-11,1,-10,1,-10,1,-10,0,-10,0,-10,-1,-10,-1,-10,-1,-9,-2,-9,-2,-9,-2,-8,-2,-8,-3,-7,-3,-7,-4,-6,-4,-6,-4,-5,-4,-5,-4,-4,-5,0,0,0,0,0,0,0,0,0,0,0,0,0,0,-19,-73,-15,-73,-19,-64,-19,-64,-19,-65,-15,-55,-18,-55,-17,-43,-18,-47,-19,-36,-18,-42,-18,-33,-19,-33,-20,-32,-21,-27,-29,-24,-25,-22,-27,-17,-24,-13,-30,-12,-29,-11,-28,-8,-28,-3,-33,-5,-32,-3,-32,1,-39,1,-34,6,-41,6,-44,9,-42,6,-42,9,-50,9,-48,11,-54,7,-51,5,-55,6,-52,7,-53,4,-54,1,-55,-3,-51,-3,-53,-4,-54,-6,-47,-7,-48,-9,-47,-11,-48,-9,-40,-14,-40,-18,-38,-15,-32,-14,-32,-20,-30,-22,-26,-22,-23,-22,-20,-26,0,0,0,0,0,0,0,0,0,0,0,0,0,0,0,0,0,0,0,0,0,0,-1,6,-3,1,-3,0,-7,-1,-3,-3,-4,-4,2,-9,4,-12,4,-12,6,-15,9,-13,12,-19,18,-23,17,-23,20,-21,24,-21,29,-24,35,-20,33,-23,40,-23,39,-19,48,-24,51,-20,48,-22,52,-19,53,-22,59,-14,55,-17,62,-14,58,-16,60,-16,61,-17,64,-17,60,-17,62,-18,65,-15,64,-18,62,-25,64,-22,63,-23,64,-26,70,-32,66,-28,71,-33,64,-30,63,-40,70,-32,72,-34,74,-34,85,-39,80,-36,84,-38,80,-31,78,-31,84,-31,83,-33,83,-28,0,0]"
CSI_DATA,134,1a:00:00:00:00:00,-45,11,1,0,1,1,1,0,0,0,1,-96,0,11,2,1966907,0,44,0,384,0,"[0,0,0,0,0,0,0,0,0,0,0,0,10,-4,9,-5,8,-5,8,-5,7,-4,6,-4,6,-5,5,-5,5,-5,4,-4,4,-5,3,-5,2,-5,2,-5,2,-5,1,-5,0,-6,0,-6,0,-5,0,-6,0,-6,-1,-6,-1,-6,-2,-7,-2,-7,-2,-8,0,0,-3,-8,-3,-9,-3,-9,-3,-9,-2,-9,-2,-9,-2,-9,-2,-9,-1,-10,-1,-9,-1,-10,0,-9,0,-9,1,-9,1,-9,1,-8,1,-8,1,-7,2,-7,2,-7,3,-6,2,-6,3,-5,3,-5,3,-4,3,-4,0,0,0,0,0,0,0,0,0,0,0,0,0,0,77,-12,73,-11,67,-14,60,-15,61,-12,53,-10,53,-16,47,-21,44,-20,40,-16,37,-14,34,-20,36,-22,26,-20,26,-21,22,-25,21,-28,15,-26,18,-27,14,-26,5,-31,9,-29,5,-31,4,-27,2,-32,-2,-35,-3,-36,-5,-40,-8,-38,-8,-42,-11,-42,-12,-49,-6,-42,-12,-47,-13,-45,-4,-53,-3,-53,-7,-53,-4,-51,0,-55,-1,-52,1,-50,1,-53,6,-50,6,-48,9,-48,8,-52,14,-44,12,-41,13,-40,16,-36,15,-35,17,-34,20,-26,20,-23,18,-24,25,-18,0,0,0,0,0,0,0,0,0,0,0,0,0,0,0,0,0,0,0,0,0,0,-7,-4,-4,-6,-3,-4,0,-5,0,-3,7,-1,7,3,10,4,11,3,12,7,14,12,15,10,18,17,16,25,17,27,19,29,19,33,18,38,19,34,19,42,12,46,18,48,15,46,11,52,11,55,16,55,9,55,8,58,8,61,11,66,7,57,8,63,9,62,5,60,8,62,10,68,14,64,15,63,15,64,23,68,19,73,22,67,23,72,26,70,27,71,26,73,26,80,30,75,30,80,30,83,34,84,36,86,29,87,26,80,28,86,24,87,22,88,0,0]"
CSI_DATA,135,1a:00:00:00:00:00,-45,11,1,0,1,1,1,0,0,0,1,-96,0,11,2,1976931,0,44,0,384,0,"[0,0,0,0,0,0,0,0,0,0,0,0,-11,5,-10,5,-9,6,-9,5,-8,5,-7,5,-7,5,-6,5,-5,5,-5,4,-5,5,-4,5,-3,5,-2,5,-2,5,-2,6,-1,5,0,5,0,5,0,5,0,6,1,5,2,6,2,6,2,6,3,6,0,0,3,7,3,7,3,8,3,8,3,8,3,9,3,9,2,9,2,9,2,9,1,9,1,9,1,8,0,8,0,8,-1,8,-1,7,-1,7,-2,7,-2,6,-3,6,-3,6,-3,5,-3,5,-4,4,-4,4,0,0,0,0,0,0,0,0,0,0,0,0,0,0,-63,40,-66,38,-56,42,-58,38,-54,34,-45,29,-45,35,-43,33,-40,29,-32,27,-31,30,-27,30,-24,30,-22,31,-19,31,-14,26,-12,30,-8,29,-8,26,-5,29,-1,34,5,28,3,30,5,29,13,29,12,29,12,35,16,34,18,37,23,35,19,36,22,41,22,40,24,44,23,37,19,42,19,48,24,46,17,49,16,50,16,47,12,51,13,50,8,53,4,44,5,49,3,45,-5,47,-1,44,-5,41,-5,38,-5,39,-11,37,-15,32,-15,31,-16,27,-16,25,0,0,0,0,0,0,0,0,0,0,0,0,0,0,0,0,0,0,0,0,0,0,9,-1,3,2,0,-1,-2,2,-1,4,-5,0,-8,2,-11,3,-13,-1,-14,-3,-19,-5,-19,-5,-25,-11,-25,-12,-28,-14,-33,-19,-34,-22,-33,-27,-31,-28,-32,-30,-37,-32,-34,-37,-34,-39,-37,-41,-33,-42,-39,-46,-33,-47,-35,-50,-37,-51,-35,-50,-35,-49,-36,-53,-35,-55,-40,-51,-39,-57,-38,-55,-43,-56,-44,-53,-45,-51,-48,-55,-48,-52,-49,-55,-50,-58,-57,-60,-53,-53,-57,-54,-54,-56,-59,-55,-59,-59,-64,-68,-62,-61,-62,-63,-58,-66,-59,-67,-64,-70,-62,-68,-55,-73,0,0]"
CSI_DATA,136,1a:00:00:00:00:00,-45,11,1,0,1,1,1,0,0,0,1,-96,0,11,2,1996941,0,44,0,384,0,"[0,0,0,0,0,0,0,0,0,0,0,0,2,11,2,10,2,10,2,9,2,8,2,8,2,7,2,6,3,6,3,5,3,5,3,5,4,4,3,3,4,3,5,3,4,2,4,2,5,1,5,1,5,0,6,0,6,0,7,0,7,-1,7,-1,0,0,7,-1,8,-1,8,-1,9,-1,9,0,9,0,9,0,9,0,9,0,9,1,8,2,8,2,8,2,8,2,7,3,7,3,7,3,6,3,6,3,5,3,5,3,4,4,4,4,3,4,2,4,2,4,0,0,0,0,0,0,0,0,0,0,0,0,0,0,16,74,13,70,17,75,15,62,18,59,15,55,14,53,16,50,16,44,16,47,20,39,18,34,22,33,20,31,20,26,24,27,26,23,27,21,24,17,29,14,34,12,31,13,31,6,32,6,33,2,32,-1,36,-1,38,-4,39,-4,45,-7,44,-6,49,-9,45,-8,52,-14,46,-10,51,-8,52,-2,54,-6,54,0,56,2,50,3,53,4,49,6,51,7,49,10,41,8,47,13,42,13,39,16,37,17,36,19,33,19,32,19,23,21,23,22,20,23,16,25,0,0,0,0,0,0,0,0,0,0,0,0,0,0,0,0,0,0,0,0,0,0,2,-4,2,-3,6,-1,1,1,0,3,-1,6,-3,7,-7,9,-7,14,-11,12,-12,17,-15,17,-20,23,-22,17,-23,21,-27,16,-38,20,-35,17,-37,19,-40,17,-44,14,-51,17,-48,14,-53,18,-55,15,-60,17,-55,8,-62,11,-61,10,-66,14,-58,11,-66,15,-64,13,-62,14,-64,15,-64,16,-61,16,-67,24,-69,20,-70,24,-68,21,-71,25,-74,29,-69,29,-74,27,-78,35,-76,31,-74,34,-75,33,-82,31,-81,30,-86,36,-88,30,-79,31,-88,29,-85,32,-85,28,0,0]"
CSI_DATA,137,1a:00:00:00:00:00,-45,11,1,0,1,1,1,0,0,0,1,-96,0,11,2,2006927,0,44,0,384,0,"[0,0,0,0,0,0,0,0,0,0,0,0,-12,-3,-11,-2,-10,-2,-11,-2,-10,-2,-9,-1,-9,-1,-8,0,-8,0,-7,0,-7,1,-7,1,-6,1,-6,2,-6,2,-5,3,-5,3,-4,3,-4,4,-4,4,-4,4,-4,5,-4,5,-3,6,-4,6,-3,7,0,0,-4,7,-4,7,-4,8,-4,7,-4,8,-5,8,-5,8,-5,7,-5,8,-6,7,-6,7,-6,6,-7,6,-7,6,-7,5,-7,5,-7,4,-7,4,-7,3,-6,3,-7,3,-6,2,-6,2,-6,1,-6,0,-5,-1,0,0,0,0,0,0,0,0,0,0,0,0,0,0,-36,-12,-37,-11,-35,-12,-31,-12,-32,-9,-29,-7,-28,-7,-26,-8,-25,-5,-23,-4,-23,-1,-21,-2,-21,-2,-19,2,-17,0,-17,3,-16,4,-15,6,-14,6,-13,6,-14,9,-15,9,-11,11,-11,11,-12,11,-10,15,-10,14,-10,16,-10,18,-9,18,-10,19,-10,19,-10,21,-9,21,-10,22,-11,24,-13,22,-12,21,-14,20,-15,20,-16,20,-16,18,-17,18,-17,19,-17,14,-17,16,-18,15,-17,13,-17,11,-19,10,-18,8,-16,7,-16,6,-17,4,-17,2,-15,1,-16,-2,0,0,0,0,0,0,0,0,0,0,0,0,0,0,0,0,0,0,0,0,0,0,1,1,2,2,0,1,-1,0,-1,-1,0,-1,-5,-4,-4,-5,-5,-6,-4,-6,-4,-9,-5,-12,-6,-12,-4,-12,-2,-15,-4,-18,-5,-21,-2,-20,0,-22,0,-24,2,-24,3,-25,2,-26,2,-29,3,-29,4,-29,6,-28,8,-27,7,-30,6,-30,5,-28,7,-31,10,-32,7,-31,9,-32,6,-32,6,-33,7,-32,7,-32,4,-35,6,-35,3,-37,2,-36,3,-39,4,-36,4,-36,2,-38,3,-39,2,-40,3,-43,2,-44,2,-44,6,-46,5,-44,6,-48,6,-45,8,-45,0,0]"
CSI_DATA,138,1a:00:00:00:00:00,-44,11,1,0,1,1,1,0,0,0,1,-96,0,11,2,2016950,0,44,0,384,0,"[0,0,0,0,0,0,0,0,0,0,0,0,11,0,11,0,10,-1,10,0,9,-1,8,-1,8,-2,7,-2,7,-2,6,-3,6,-3,5,-3,5,-3,4,-4,4,-4,4,-5,3,-5,3,-5,3,-5,2,-6,2,-6,2,-7,2,-7,1,-7,1,-8,1,-8,0,0,1,-9,2,-9,1,-9,1,-10,2,-9,2,-10,2,-10,2,-9,3,-10,3,-10,4,-9,4,-9,4,-8,4,-8,5,-7,5,-7,5,-6,5,-6,5,-6,4,-5,5,-5,5,-4,5,-4,5,-3,4,-2,4,-2,0,0,0,0,0,0,0,0,0,0,0,0,0,0,38,3,35,5,36,1,34,3,31,2,28,2,28,2,27,0,22,-1,22,-2,20,-3,20,-4,19,-3,18,-4,16,-6,16,-7,16,-8,12,-10,14,-12,10,-10,10,-14,9,-12,6,-14,7,-15,7,-15,6,-17,4,-16,5,-19,7,-20,3,-22,5,-23,4,-23,5,-21,4,-26,3,-24,6,-26,6,-25,6,-26,9,-26,9,-25,8,-25,11,-24,12,-23,13,-22,11,-20,15,-19,13,-18,14,-18,14,-17,14,-15,14,-14,14,-12,13,-12,12,-8,15,-6,13,-6,13,-3,0,0,0,0,0,0,0,0,0,0,0,0,0,0,0,0,0,0,0,0,0,0,-4,-2,-1,-2,-1,-1,-1,-1,1,1,2,1,2,3,3,4,4,3,5,5,4,7,5,9,5,10,7,13,4,14,4,15,6,17,3,19,4,20,1,20,0,21,1,26,-1,26,0,26,0,28,0,29,-3,28,-1,30,-3,30,-2,32,-4,28,-3,33,-4,32,-3,31,-3,33,-1,32,-2,32,-1,33,-1,33,1,36,1,35,2,35,0,36,3,39,4,36,6,38,3,38,5,40,5,41,4,42,2,43,2,44,2,46,0,44,0,46,-1,44,-1,44,0,0]"
CSI_DATA,139,1a:00:00:00:00:00,-44,11,1,0,1,1,1,0,0,0,1,-96,0,11,2,2036943,0,44,0,384,0,"[0,0,0,0,0,0,0,0,0,0,0,0,-4,-12,-4,-11,-4,-10,-4,-10,-4,-9,-4,-8,-4,-7,-4,-7,-5,-6,-4,-6,-4,-6,-5,-5,-5,-4,-5,-4,-5,-4,-5,-3,-5,-3,-6,-2,-6,-1,-6,-1,-6,-1,-7,0,-7,0,-8,0,-8,0,-8,0,0,0,-9,1,-9,0,-9,1,-9,1,-9,0,-10,0,-10,0,-10,0,-10,-1,-10,-1,-9,-2,-9,-2,-9,-2,-9,-2,-8,-3,-8,-3,-7,-3,-7,-3,-7,-4,-6,-4,-6,-4,-5,-4,-5,-4,-4,-5,-4,-5,-3,-5,0,0,0,0,0,0,0,0,0,0,0,0,0,0,-14,-80,-9,-75,-19,-70,-16,-63,-14,-65,-13,-56,-15,-60,-14,-52,-16,-47,-16,-44,-15,-44,-18,-38,-19,-35,-18,-32,-20,-29,-21,-25,-24,-24,-26,-20,-23,-21,-27,-16,-30,-17,-29,-8,-30,-13,-32,-5,-34,-4,-35,-6,-35,1,-41,-1,-39,-1,-41,5,-40,1,-44,2,-46,0,-49,1,-49,2,-51,0,-51,-1,-52,-2,-52,-8,-51,-8,-51,-11,-50,-12,-47,-12,-49,-18,-43,-18,-47,-20,-42,-19,-41,-20,-35,-22,-31,-24,-31,-23,-28,-25,-24,-21,-25,-26,-22,-28,-16,-22,-13,-26,0,0,0,0,0,0,0,0,0,0,0,0,0,0,0,0,0,0,0,0,0,0,0,4,-1,2,-2,1,-3,-1,-2,-5,2,-5,4,-7,0,-12,5,-14,6,-14,9,-17,14,-20,16,-24,17,-23,20,-21,24,-26,27,-26,33,-25,32,-27,36,-23,37,-22,46,-24,49,-21,48,-23,52,-21,52,-25,54,-22,54,-19,57,-19,59,-20,58,-17,62,-17,62,-17,63,-20,63,-20,65,-23,64,-23,64,-28,64,-26,66,-28,63,-26,70,-33,65,-29,73,-35,66,-33,67,-36,72,-36,73,-39,72,-37,80,-35,82,-36,81,-39,84,-31,84,-33,89,-36,82,-31,85,-27,0,0]"
CSI_DATA,140,1a:00:00:00:00:00,-45,11,1,0,1,1,1,0,0,0,1,-96,0,11,2,2046952,0,44,0,384,0,"[0,0,0,0,0,0,0,0,0,0,0,0,10,5,9,4,9,3,9,4,8,3,7,3,7,2,6,2,7,1,6,0,6,0,6,0,5,-1,5,-1,5,-1,5,-2,5,-3,4,-3,4,-4,5,-4,4,-4,4,-5,4,-5,4,-6,5,-6,5,-6,0,0,5,-7,5,-7,6,-7,6,-7,6,-7,7,-7,7,-7,7,-7,7,-6,7,-6,7,-6,7,-5,7,-5,7,-4,7,-4,7,-3,7,-3,7,-3,7,-2,6,-2,6,-1,6,0,5,0,5,0,4,0,4,1,0,0,0,0,0,0,0,0,0,0,0,0,0,0,32,13,35,16,33,11,31,11,30,11,25,8,27,9,24,7,22,7,23,6,21,4,19,2,19,2,19,0,17,1,16,-2,16,-3,13,-5,13,-6,12,-7,13,-9,13,-9,12,-10,9,-9,11,-13,11,-15,9,-15,10,-18,11,-17,11,-19,9,-18,11,-20,12,-21,10,-20,12,-22,15,-21,13,-22,15,-22,17,-18,15,-19,18,-20,19,-20,19,-17,18,-17,17,-13,18,-15,17,-12,19,-11,17,-8,18,-9,17,-7,17,-7,17,-4,18,-2,14,-4,14,-1,12,-1,0,0,0,0,0,0,0,0,0,0,0,0,0,0,0,0,0,0,0,0,0,0,-3,-3,-1,-2,-2,-2,2,-3,0,-1,2,1,3,1,4,4,4,5,4,7,5,6,5,11,5,12,5,14,3,14,3,16,3,20,1,21,3,20,-1,23,-1,24,-2,25,-2,26,-3,28,-3,26,-5,29,-8,28,-9,28,-9,31,-7,31,-9,30,-8,32,-10,31,-8,31,-8,32,-9,32,-8,31,-7,33,-7,33,-6,36,-6,35,-5,37,-5,37,-6,40,-5,35,-4,40,-6,39,-3,41,-4,42,-6,42,-6,44,-4,44,-11,42,-8,43,-11,46,-8,45,-11,41,0,0]"
CSI_DATA,141,1a:00:00:00:00:00,-45,11,1,0,1,1,1,0,0,0,1,-96,0,11,2,2056957,0,44,0,384,0,"[0,0,0,0,0,0,0,0,0,0,0,0,-13,1,-11,1,-11,2,-10,2,-10,2,-9,2,-8,2,-7,2,-7,3,-7,3,-7,3,-6,3,-5,3,-5,4,-4,4,-4,4,-3,4,-3,5,-2,5,-2,5,-2,5,-1,6,-1,6,-1,7,-1,7,-1,7,0,0,-1,8,-1,8,0,9,-1,9,-2,9,-2,9,-2,9,-2,9,-2,9,-3,9,-4,9,-4,8,-4,8,-4,7,-5,7,-5,7,-5,6,-5,6,-5,5,-5,5,-5,4,-5,4,-5,3,-5,2,-5,2,-5,1,0,0,0,0,0,0,0,0,0,0,0,0,0,0,-39,8,-37,9,-36,9,-33,7,-31,8,-29,5,-25,7,-26,8,-22,7,-20,6,-18,9,-16,8,-17,9,-15,10,-14,9,-11,11,-12,12,-9,11,-9,11,-6,12,-5,15,-5,13,-3,14,-4,15,-3,14,-1,16,1,17,2,17,2,20,3,19,4,21,3,21,3,22,5,23,4,23,2,26,1,22,2,25,1,25,0,26,-1,24,-4,24,-5,22,-4,23,-5,22,-6,22,-7,21,-8,19,-7,17,-9,16,-8,15,-9,15,-9,14,-11,11,-9,11,-11,9,-12,7,0,0,0,0,0,0,0,0,0,0,0,0,0,0,0,0,0,0,0,0,0,0,2,1,0,0,0,2,-1,0,-2,-2,-5,-3,-4,0,-5,-2,-8,-3,-7,-5,-9,-6,-10,-7,-11,-9,-9,-11,-11,-12,-11,-14,-15,-15,-11,-17,-11,-18,-11,-19,-12,-22,-11,-24,-11,-24,-10,-25,-10,-26,-11,-28,-7,-28,-9,-30,-6,-30,-8,-30,-8,-29,-9,-33,-10,-30,-11,-30,-10,-34,-10,-31,-10,-31,-11,-33,-12,-33,-15,-34,-13,-35,-15,-34,-15,-37,-16,-34,-17,-34,-17,-38,-17,-39,-19,-36,-19,-38,-18,-40,-17,-40,-18,-40,-18,-45,-16,-41,-16,-43,-15,-44,-14,-41,0,0]"
CSI_DATA,142,1a:00:00:00:00:00,-45,11,1,0,1,1,1,0,0,0,1,-96,0,11,2,2067238,0,44,0,384,0,"[0,0,0,0,0,0,0,0,0,0,0,0,3,10,3,9,3,8,3,8,3,8,2,7,3,6,3,5,3,5,4,4,3,4,4,3,4,3,4,2,4,2,5,1,4,1,4,1,5,0,5,0,5,-1,5,-1,5,-1,6,-2,6,-2,6,-2,0,0,7,-3,8,-3,8,-3,8,-3,8,-2,8,-2,8,-2,8,-2,8,-2,8,-1,8,0,8,0,8,0,7,1,7,1,7,1,7,1,6,1,6,2,6,2,5,2,5,2,4,3,4,3,3,3,2,3,0,0,0,0,0,0,0,0,0,0,0,0,0,0,23,73,20,69,29,67,20,59,22,59,21,56,19,46,21,48,18,40,18,37,24,35,20,32,23,30,22,23,22,23,25,17,25,17,24,14,24,10,25,9,29,3,29,4,28,-2,32,0,29,-1,34,-4,34,-8,34,-15,36,-11,38,-16,37,-15,42,-13,39,-12,45,-16,46,-18,49,-15,49,-8,47,-11,51,-9,51,-9,47,-5,47,-4,50,-1,49,-1,45,0,44,5,45,4,43,8,41,6,36,10,34,10,34,11,30,14,25,14,25,14,21,17,16,19,0,0,0,0,0,0,0,0,0,0,0,0,0,0,0,0,0,0,0,0,0,0,0,-6,1,-2,2,-4,2,1,0,5,3,4,-3,9,-1,10,-5,16,-2,14,-10,18,-9,23,-15,25,-15,25,-23,22,-22,26,-30,28,-31,28,-33,29,-39,28,-38,25,-47,28,-43,28,-47,30,-53,25,-50,32,-55,27,-57,26,-54,22,-62,25,-56,23,-62,26,-60,27,-62,24,-65,29,-63,30,-58,27,-60,36,-62,36,-64,40,-65,35,-64,38,-68,37,-67,43,-68,42,-71,46,-68,42,-67,45,-69,46,-77,47,-75,46,-75,52,-83,44,-76,37,-82,40,-81,41,-80,35,0,0]"
CSI_DATA,143,1a:00:00:00:00:00,-45,11,1,0,1,1,1,0,0,0,1,-96,0,11,2,2086928,0,44,0,384,0,"[0,0,0,0,0,0,0,0,0,0,0,0,-10,5,-8,5,-8,5,-8,4,-7,4,-6,4,-6,5,-5,4,-5,4,-4,4,-4,4,-3,4,-3,4,-2,4,-2,4,-1,5,0,4,0,4,1,4,1,4,1,4,2,5,2,5,2,5,3,5,3,5,0,0,3,5,4,6,4,6,4,7,3,7,3,7,4,7,3,7,3,8,2,8,1,8,1,7,1,7,1,7,0,7,0,7,0,7,0,6,-1,6,-1,6,-1,5,-2,5,-2,5,-2,4,-3,4,-3,3,0,0,0,0,0,0,0,0,0,0,0,0,0,0,-66,37,-66,38,-62,41,-55,36,-53,31,-48,30,-44,29,-43,26,-37,27,-34,25,-29,25,-25,27,-23,24,-21,29,-18,24,-11,25,-13,29,-6,26,-7,27,-2,26,3,29,3,27,4,26,9,30,11,26,9,29,17,28,19,33,15,33,23,31,21,34,25,35,25,37,23,41,27,37,25,43,25,43,23,43,21,47,19,46,19,46,13,50,11,47,8,45,7,43,5,46,4,42,5,46,1,37,1,38,-5,34,-4,33,-6,32,-8,31,-10,28,-11,27,-15,23,0,0,0,0,0,0,0,0,0,0,0,0,0,0,0,0,0,0,0,0,0,0,6,-1,2,6,1,0,-3,3,-1,4,-6,4,-11,3,-16,4,-20,3,-20,-1,-23,-5,-25,-6,-31,-9,-30,-12,-28,-13,-32,-21,-38,-15,-33,-26,-37,-26,-36,-28,-39,-36,-41,-37,-42,-40,-39,-46,-43,-45,-42,-50,-37,-49,-39,-49,-40,-55,-39,-58,-40,-54,-41,-56,-42,-55,-41,-51,-44,-56,-44,-56,-47,-57,-44,-52,-49,-57,-45,-59,-47,-55,-55,-56,-55,-57,-59,-58,-54,-53,-59,-56,-62,-60,-64,-59,-63,-58,-63,-64,-61,-64,-64,-62,-54,-65,-60,-71,-61,-75,-60,-71,-59,-73,0,0]"
CSI_DATA,144,1a:00:00:00:00:00,-46,11,1,0,1,1,1,0,0,0,1,-96,0,11,2,2107183,0,44,0,384,0,"[0,0,0,0,0,0,0,0,0,0,0,0,-9,8,-7,8,-6,8,-7,7,-5,6,-5,6,-4,6,-3,6,-3,5,-2,5,-2,5,-1,5,-1,4,0,4,0,4,1,4,2,4,2,4,3,3,3,3,4,3,4,3,4,3,6,3,6,4,6,4,0,0,7,4,7,4,8,5,7,5,7,5,7,5,7,5,7,6,7,6,6,7,6,7,5,7,5,7,4,7,4,7,4,7,3,7,3,7,2,6,2,6,2,6,1,6,0,5,0,5,-1,5,-1,5,0,0,0,0,0,0,0,0,0,0,0,0,0,0,-47,62,-40,58,-40,57,-35,51,-37,48,-29,46,-28,43,-28,44,-23,37,-21,37,-16,34,-11,31,-5,32,-7,29,-4,32,1,25,4,27,3,29,5,22,9,19,16,23,13,21,17,15,20,16,19,17,29,15,32,12,31,14,30,15,36,14,34,19,41,16,42,19,43,18,46,15,45,21,42,21,42,26,39,29,38,25,43,32,37,33,37,28,37,34,30,30,34,34,30,32,25,31,22,32,19,33,18,33,14,28,15,31,8,27,11,27,5,27,2,23,0,0,0,0,0,0,0,0,0,0,0,0,0,0,0,0,0,0,0,0,0,0,6,3,8,4,0,7,2,4,-2,5,-8,6,-10,7,-14,7,-15,10,-22,7,-24,4,-23,6,-31,5,-29,-2,-35,-2,-40,-5,-46,-1,-42,-15,-46,-12,-48,-15,-49,-19,-52,-25,-58,-27,-58,-33,-57,-32,-62,-28,-53,-33,-55,-37,-57,-39,-61,-40,-57,-36,-62,-40,-62,-36,-58,-36,-61,-42,-62,-38,-61,-33,-68,-38,-64,-32,-70,-35,-67,-36,-72,-30,-72,-33,-71,-32,-74,-35,-82,-30,-77,-35,-77,-33,-75,-32,-82,-39,-82,-35,-85,-35,-83,-41,-83,-44,-89,-47,-78,-45,-76,-43,0,0]"
CSI_DATA,145,1a:00:00:00:00:00,-46,11,1,0,1,1,1,0,0,0,1,-96,0,11,2,2128138,0,44,0,384,0,"[0,0,0,0,0,0,0,0,0,0,0,0,-5,-11,-4,-10,-5,-9,-5,-9,-5,-7,-4,-7,-4,-6,-4,-5,-4,-5,-4,-4,-4,-3,-4,-3,-5,-2,-5,-1,-5,-1,-4,0,-4,1,-4,1,-4,1,-5,2,-4,2,-5,3,-5,3,-4,4,-5,5,-5,5,0,0,-5,5,-6,6,-6,6,-6,6,-7,6,-7,6,-7,6,-7,5,-7,5,-8,5,-8,5,-8,4,-8,4,-8,4,-8,3,-8,3,-7,2,-7,2,-7,2,-7,2,-7,1,-6,0,-6,0,-6,0,-5,-1,-5,-1,0,0,0,0,0,0,0,0,0,0,0,0,0,0,-24,-74,-25,-62,-26,-65,-27,-58,-25,-54,-26,-52,-20,-38,-23,-37,-19,-33,-24,-33,-18,-26,-21,-27,-21,-28,-19,-19,-22,-15,-21,-12,-23,-6,-21,-5,-20,-3,-22,1,-24,6,-21,7,-15,10,-18,15,-23,18,-26,17,-18,19,-21,28,-22,27,-27,29,-26,31,-29,32,-27,33,-33,39,-28,42,-32,41,-35,39,-35,39,-36,32,-35,31,-35,30,-36,29,-36,27,-39,30,-38,26,-37,21,-42,22,-35,16,-38,18,-35,16,-33,17,-33,12,-31,11,-31,6,-29,4,-26,1,-25,-3,0,0,0,0,0,0,0,0,0,0,0,0,0,0,0,0,0,0,0,0,0,0,-6,0,-5,-5,-7,-5,-6,-10,-3,-10,0,-12,2,-16,5,-17,7,-21,11,-20,18,-22,23,-20,21,-27,28,-25,30,-23,36,-25,40,-29,41,-21,42,-28,48,-22,57,-18,57,-18,57,-19,57,-19,62,-16,61,-18,64,-15,67,-19,65,-11,70,-17,61,-14,74,-21,66,-18,68,-17,69,-16,69,-25,61,-19,70,-24,68,-24,73,-28,75,-28,68,-32,74,-36,71,-33,71,-35,66,-42,74,-36,70,-42,74,-45,75,-40,79,-44,75,-48,80,-44,76,-36,82,-46,82,-45,77,-34,0,0]"
CSI_DATA,146,1a:00:00:00:00:00,-47,11,1,0,1,1,1,0,0,0,1,-96,0,11,2,2146995,0,44,0,384,0,"[0,0,0,0,0,0,0,0,0,0,0,0,8,-9,7,-9,5,-8,5,-7,5,-6,4,-6,3,-6,2,-6,2,-5,1,-5,1,-5,-1,-5,-1,-4,-1,-4,-2,-3,-2,-4,-3,-3,-3,-3,-4,-2,-5,-2,-5,-2,-6,-1,-6,-1,-7,-1,-7,-1,-7,-1,0,0,-9,-1,-9,-1,-9,-2,-9,-1,-10,-2,-10,-2,-10,-2,-10,-2,-10,-2,-9,-3,-9,-3,-9,-4,-9,-4,-9,-4,-8,-4,-8,-5,-7,-4,-7,-4,-6,-5,-6,-4,-6,-4,-5,-4,-5,-5,-4,-5,-3,-5,-3,-5,0,0,0,0,0,0,0,0,0,0,0,0,0,0,69,-36,58,-32,58,-36,53,-30,49,-30,47,-28,41,-29,37,-23,33,-25,29,-24,26,-22,20,-20,20,-25,13,-20,8,-21,7,-21,4,-18,-1,-18,-2,-18,-5,-20,-11,-20,-13,-14,-15,-13,-20,-16,-19,-16,-22,-12,-27,-9,-33,-13,-32,-12,-39,-11,-37,-11,-40,-14,-39,-13,-43,-14,-40,-13,-46,-19,-47,-20,-44,-21,-41,-21,-43,-26,-43,-22,-44,-26,-42,-26,-39,-26,-34,-28,-33,-29,-32,-31,-33,-30,-26,-26,-25,-26,-26,-29,-21,-28,-19,-31,-16,-23,-17,-30,-12,-27,-8,-28,0,0,0,0,0,0,0,0,0,0,0,0,0,0,0,0,0,0,0,0,0,0,4,-10,5,-7,6,-10,12,-6,13,-5,14,0,17,4,18,7,19,10,21,9,26,14,26,17,29,23,27,24,25,28,28,34,26,40,25,40,29,45,23,49,20,52,25,57,20,54,24,58,22,62,21,62,20,65,19,69,13,63,22,71,15,63,19,71,18,71,22,66,23,68,24,70,26,68,27,68,33,68,37,68,35,72,42,66,38,72,42,66,44,65,38,74,46,73,46,71,48,69,50,69,52,71,56,72,51,78,46,64,51,77,49,77,41,72,0,0]"
CSI_DATA,147,1a:00:00:00:00:00,-47,11,1,0,1,1,1,0,0,0,1,-96,0,11,2,2156939,0,44,0,384,0,"[0,0,0,0,0,0,0,0,0,0,0,0,10,-4,9,-4,8,-4,7,-3,7,-4,6,-3,5,-4,4,-4,4,-4,3,-3,3,-4,2,-4,1,-3,0,-4,0,-3,-1,-4,-1,-4,-2,-4,-3,-3,-3,-3,-3,-3,-4,-3,-4,-3,-5,-3,-6,-4,-6,-4,0,0,-7,-4,-7,-4,-8,-5,-8,-5,-8,-5,-8,-5,-8,-6,-8,-6,-8,-6,-7,-6,-7,-7,-7,-7,-6,-6,-6,-7,-5,-7,-5,-7,-5,-7,-4,-6,-4,-6,-4,-6,-3,-6,-3,-6,-2,-6,-2,-6,-2,-5,-1,-5,0,0,0,0,0,0,0,0,0,0,0,0,0,0,71,-17,68,-19,64,-28,57,-13,53,-20,51,-16,44,-20,43,-20,36,-17,33,-18,30,-18,25,-16,23,-18,22,-18,15,-19,10,-17,5,-20,1,-19,2,-19,-3,-15,-10,-17,-10,-15,-12,-15,-13,-15,-18,-19,-20,-17,-27,-18,-32,-18,-27,-17,-36,-14,-34,-17,-37,-16,-39,-19,-40,-21,-42,-22,-42,-26,-42,-29,-39,-26,-39,-27,-39,-26,-41,-32,-39,-33,-35,-31,-35,-29,-29,-33,-35,-36,-29,-33,-29,-31,-29,-30,-23,-33,-25,-32,-21,-33,-15,-30,-15,-27,-13,-32,-8,-27,-6,-23,0,0,0,0,0,0,0,0,0,0,0,0,0,0,0,0,0,0,0,0,0,0,6,-8,11,-6,12,-6,14,-4,18,-1,15,6,15,5,15,9,18,15,19,20,18,21,21,24,24,27,20,33,14,35,18,38,19,42,14,50,15,47,13,55,14,55,7,60,5,62,6,68,4,66,7,65,3,65,3,67,1,68,5,73,5,61,6,71,3,76,3,70,6,72,9,72,12,72,14,77,15,71,15,76,17,71,22,74,22,72,24,83,25,69,33,79,28,75,32,73,30,75,33,86,35,84,37,85,34,80,32,83,35,88,31,82,28,86,0,0]"
CSI_DATA,148,1a:00:00:00:00:00,-47,11,1,0,1,1,1,0,0,0,1,-96,0,11,2,2167295,0,44,0,384,0,"[0,0,0,0,0,0,0,0,0,0,0,0,10,1,9,1,9,0,7,0,7,0,6,0,5,-1,5,-1,4,-1,4,-2,3,-2,3,-3,2,-2,2,-2,1,-3,0,-4,0,-3,-1,-4,-1,-3,-2,-4,-2,-4,-2,-4,-3,-4,-3,-5,-4,-5,-4,-5,0,0,-5,-6,-5,-6,-5,-6,-6,-7,-5,-7,-5,-7,-5,-7,-5,-7,-5,-8,-5,-8,-4,-8,-4,-8,-3,-8,-3,-7,-3,-8,-3,-7,-2,-7,-2,-7,-2,-7,-2,-7,-1,-6,-1,-6,-1,-6,0,-6,0,-5,0,-5,0,0,0,0,0,0,0,0,0,0,0,0,0,0,72,13,71,16,69,5,60,18,53,8,51,7,49,6,48,3,40,1,36,2,32,-1,27,-2,26,-2,27,-13,22,-8,16,-9,13,-13,11,-13,10,-16,3,-13,2,-19,1,-13,-5,-18,-3,-18,-4,-23,-11,-21,-15,-22,-18,-23,-17,-27,-26,-29,-25,-29,-29,-28,-21,-33,-28,-35,-30,-30,-27,-40,-26,-42,-27,-40,-25,-44,-22,-42,-23,-40,-23,-42,-19,-47,-19,-44,-15,-41,-18,-39,-16,-42,-14,-38,-8,-38,-9,-33,-6,-37,-6,-34,-5,-32,-5,-31,1,-28,2,-29,0,-24,0,0,0,0,0,0,0,0,0,0,0,0,0,0,0,0,0,0,0,0,0,0,10,-4,10,-2,14,3,12,6,15,8,12,10,12,13,12,18,10,18,8,22,8,26,9,26,5,37,-1,37,-6,40,-2,45,-4,50,-9,45,-12,46,-14,52,-20,54,-20,59,-17,58,-24,54,-25,62,-20,58,-27,59,-28,60,-33,58,-32,65,-27,59,-35,62,-33,63,-29,58,-32,67,-27,67,-27,65,-21,69,-18,67,-17,73,-21,72,-14,80,-16,76,-11,76,-8,78,-12,77,-8,81,-6,84,-7,83,-9,90,-2,88,-3,83,-7,89,-11,87,-8,94,-10,89,-12,90,0,0]"
CSI_DATA,149,1a:00:00:00:00:00,-47,11,1,0,1,1,1,0,0,0,1,-96,0,11,2,2177412,0,44,0,384,0,"[0,0,0,0,0,0,0,0,0,0,0,0,10,-4,9,-4,8,-4,8,-3,7,-3,6,-3,6,-4,4,-4,4,-3,3,-3,3,-4,2,-4,1,-3,1,-3,0,-3,0,-4,-1,-3,-1,-3,-2,-3,-3,-3,-3,-3,-4,-3,-4,-3,-5,-3,-5,-3,-6,-4,0,0,-6,-4,-7,-4,-7,-4,-7,-5,-7,-5,-7,-5,-7,-5,-7,-5,-7,-6,-7,-6,-7,-6,-6,-7,-6,-6,-6,-6,-5,-6,-5,-6,-5,-6,-5,-6,-4,-6,-4,-6,-3,-6,-3,-5,-3,-6,-2,-5,-1,-5,-1,-5,0,0,0,0,0,0,0,0,0,0,0,0,0,0,78,-2,75,-6,67,-5,56,-5,58,-9,50,-6,48,-4,47,-6,41,-8,34,-12,36,-12,24,-13,25,-9,22,-15,22,-17,16,-14,14,-16,7,-12,8,-14,4,-16,-3,-19,-4,-18,-10,-15,-12,-14,-10,-17,-16,-23,-22,-21,-21,-19,-24,-20,-31,-23,-27,-22,-30,-21,-31,-27,-36,-27,-36,-28,-35,-29,-35,-31,-37,-30,-33,-33,-36,-32,-32,-36,-31,-39,-29,-39,-29,-39,-27,-32,-27,-37,-22,-35,-22,-37,-21,-36,-19,-33,-17,-29,-14,-33,-12,-32,-9,-31,-7,-28,-3,-27,1,-26,0,0,0,0,0,0,0,0,0,0,0,0,0,0,0,0,0,0,0,0,0,0,12,-5,15,-4,12,-2,17,2,16,4,19,9,13,12,15,15,20,21,12,25,10,26,14,27,15,33,12,40,8,37,7,43,5,50,1,53,1,51,-1,52,-5,50,-7,57,-6,62,-10,63,-12,60,-10,65,-16,60,-15,62,-19,65,-10,67,-17,62,-13,69,-15,67,-14,64,-13,70,-11,71,-8,67,-4,72,-5,74,-1,74,-2,73,1,80,3,79,7,79,7,77,7,83,9,83,14,79,11,81,11,87,13,86,17,88,9,87,14,86,11,90,11,88,12,86,0,0]"
CSI_DATA,150,1a:00:00:00:00:00,-46,11,1,0,1,1,1,0,0,0,1,-96,0,11,2,2187063,0,44,0,384,0,"[0,0,0,0,0,0,0,0,0,0,0,0,-9,-7,-9,-6,-9,-6,-8,-6,-8,-5,-7,-4,-7,-3,-6,-3,-6,-2,-6,-2,-5,-1,-5,-1,-4,0,-4,0,-4,1,-3,1,-3,2,-2,2,-2,3,-2,3,-2,4,-1,4,-1,5,-1,5,-1,6,-1,6,0,0,0,7,-1,7,-1,8,0,8,-1,8,-1,8,-2,9,-2,8,-2,9,-2,8,-3,9,-3,8,-3,7,-3,7,-4,7,-4,7,-4,7,-4,6,-4,6,-4,5,-4,5,-4,4,-4,4,-4,3,-4,3,-4,2,0,0,0,0,0,0,0,0,0,0,0,0,0,0,-54,-54,-55,-55,-56,-45,-49,-41,-44,-38,-40,-39,-41,-35,-38,-30,-31,-28,-30,-22,-34,-17,-30,-14,-28,-10,-27,-11,-27,-8,-24,-3,-19,1,-19,3,-13,6,-15,7,-17,11,-13,11,-13,18,-15,19,-10,20,-9,24,-4,26,0,29,-6,31,-4,37,-8,34,-2,43,-2,41,-3,44,-1,45,-3,49,-5,46,-6,45,-12,48,-10,45,-12,45,-14,46,-15,45,-16,44,-18,41,-17,41,-19,38,-16,40,-22,36,-21,32,-18,30,-21,28,-19,23,-20,22,-24,19,-23,16,-23,15,0,0,0,0,0,0,0,0,0,0,0,0,0,0,0,0,0,0,0,0,0,0,-17,-1,-11,-5,-15,-6,-12,-10,-10,-16,-12,-15,-9,-17,-11,-20,-4,-24,-1,-28,2,-29,2,-33,5,-39,13,-37,16,-38,20,-38,21,-46,18,-39,27,-42,30,-44,37,-46,40,-48,39,-47,42,-48,46,-50,49,-49,51,-45,51,-43,51,-40,53,-48,49,-42,56,-47,54,-45,51,-46,52,-48,54,-47,50,-47,49,-54,47,-51,53,-60,46,-57,50,-61,46,-63,49,-64,47,-64,46,-67,44,-70,41,-71,46,-67,48,-73,48,-72,51,-76,55,-79,50,-75,56,-75,51,-74,53,-69,0,0]"
CSI_DATA,151,1a:00:00:00:00:00,-46,11,1,0,1,1,1,0,0,0,1,-96,0,11,2,2207107,0,44,0,384,0,"[0,0,0,0,0,0,0,0,0,0,0,0,-10,0,-10,0,-9,1,-9,0,-8,0,-7,1,-7,1,-5,1,-5,1,-5,1,-4,2,-4,2,-3,2,-3,2,-2,2,-1,3,-1,3,-1,3,0,3,0,3,1,3,1,4,1,4,2,4,2,4,3,5,0,0,3,6,3,6,3,6,3,6,3,6,3,6,3,7,3,7,3,7,2,7,2,7,1,7,1,6,1,7,0,6,0,7,0,6,0,6,0,6,0,5,-1,5,-1,5,-1,4,-2,4,-2,4,-2,3,0,0,0,0,0,0,0,0,0,0,0,0,0,0,-72,-16,-73,-22,-68,-10,-58,-12,-60,-14,-50,-9,-54,-8,-48,-4,-45,-2,-36,0,-36,-2,-33,1,-31,3,-25,4,-26,5,-21,11,-21,14,-21,12,-17,14,-11,14,-9,22,-9,21,-6,22,-2,24,-1,22,2,24,4,26,6,27,6,31,17,36,13,34,10,37,10,42,9,42,12,46,6,45,4,46,6,47,3,46,8,49,1,49,0,47,0,47,-4,47,-1,44,-8,46,-8,41,-9,39,-11,36,-11,36,-14,35,-15,31,-13,26,-19,24,-16,22,-15,20,-19,15,0,0,0,0,0,0,0,0,0,0,0,0,0,0,0,0,0,0,0,0,0,0,-13,8,-10,5,-15,5,-17,2,-21,-5,-21,-7,-20,-10,-20,-13,-22,-18,-19,-20,-19,-24,-21,-26,-17,-30,-13,-37,-14,-38,-10,-42,-15,-47,-6,-49,-6,-46,-3,-53,-1,-57,4,-60,8,-64,7,-62,10,-61,11,-65,17,-62,16,-66,18,-68,16,-68,18,-64,15,-65,17,-65,16,-67,16,-68,13,-68,11,-70,11,-70,12,-71,9,-75,10,-72,12,-75,9,-77,7,-82,3,-73,-1,-84,5,-83,3,-79,2,-87,4,-88,4,-87,-1,-94,8,-86,9,-90,10,-90,9,-86,12,-86,0,0]"
CSI_DATA,152,1a:00:00:00:00:00,-46,11,1,0,1,1,1,0,0,0,1,-96,0,11,2,2216995,0,44,0,384,0,"[0,0,0,0,0,0,0,0,0,0,0,0,-2,10,-2,9,-1,9,-1,8,-1,7,-1,7,0,6,0,5,0,5,1,4,1,4,2,3,2,3,2,2,2,2,3,1,3,1,3,1,4,1,4,-1,4,-1,5,-1,5,-1,5,-1,6,-1,6,-2,0,0,7,-2,8,-1,8,-2,8,-2,8,-1,8,-1,8,-1,8,0,8,0,8,0,8,1,7,1,7,1,7,2,7,2,6,2,6,2,6,2,5,2,5,2,4,3,4,3,3,3,3,3,2,3,2,3,0,0,0,0,0,0,0,0,0,0,0,0,0,0,-8,37,-7,34,-3,32,-3,29,-5,29,-4,27,-1,24,-2,24,-2,20,-1,19,1,19,2,16,3,17,4,12,4,13,6,11,6,10,7,7,7,6,8,8,9,5,10,5,11,1,10,1,11,-2,14,-2,15,-1,17,-4,16,-4,18,-4,18,-3,21,-3,19,-4,22,-3,22,-3,23,-2,24,-3,24,-2,25,-2,24,0,23,1,22,3,24,4,22,4,21,4,21,6,21,7,21,5,17,7,17,7,14,8,13,7,11,8,11,8,9,9,8,9,8,11,0,0,0,0,0,0,0,0,0,0,0,0,0,0,0,0,0,0,0,0,0,0,5,3,4,4,5,7,3,8,2,8,-1,9,-1,8,-4,12,-6,11,-8,12,-9,10,-12,11,-14,14,-16,13,-18,11,-20,8,-22,11,-23,8,-25,9,-27,7,-28,8,-30,4,-30,2,-32,1,-33,0,-34,0,-34,-2,-35,-2,-35,-4,-37,-2,-32,-3,-35,-4,-35,-2,-34,-2,-36,-3,-36,-2,-36,-1,-35,-1,-36,-1,-38,1,-38,0,-37,2,-41,0,-38,4,-38,2,-43,6,-42,4,-42,4,-42,2,-44,3,-43,2,-45,2,-45,0,-43,0,-46,-1,-44,-1,-43,-3,0,0]"
CSI_DATA,153,1a:00:00:00:00:00,-46,11,1,0,1,1,1,0,0,0,1,-96,0,11,2,2228222,0,44,0,384,0,"[0,0,0,0,0,0,0,0,0,0,0,0,-11,-3,-10,-3,-9,-3,-9,-3,-8,-2,-7,-2,-7,-1,-6,0,-6,0,-6,0,-5,0,-4,1,-5,1,-4,2,-3,2,-3,3,-2,3,-2,3,-2,3,-1,4,-1,4,-1,4,0,5,0,6,0,6,0,7,0,0,1,7,0,7,0,8,1,8,0,8,-1,8,0,9,-1,8,-1,8,-2,8,-2,8,-2,7,-2,7,-3,7,-3,7,-3,7,-3,6,-3,6,-3,5,-4,5,-4,5,-4,4,-3,4,-4,3,-4,3,-4,2,0,0,0,0,0,0,0,0,0,0,0,0,0,0,-39,-11,-34,-13,-32,-9,-28,-10,-29,-9,-25,-6,-26,-6,-25,-3,-21,-7,-20,-3,-17,-1,-15,-1,-17,0,-15,2,-15,3,-11,3,-12,4,-10,5,-8,6,-5,8,-4,9,-5,10,-4,10,-4,12,-3,13,-3,14,0,15,2,17,0,17,4,18,3,18,3,20,1,21,3,24,5,22,-1,24,0,25,0,25,-2,25,-2,23,-3,24,-4,23,-4,22,-6,22,-6,20,-6,21,-8,19,-7,19,-7,16,-9,16,-8,14,-8,14,-10,13,-10,11,-10,11,-10,9,-10,7,0,0,0,0,0,0,0,0,0,0,0,0,0,0,0,0,0,0,0,0,0,0,-7,4,-6,1,-8,1,-8,-1,-11,-4,-8,-4,-8,-7,-9,-7,-9,-10,-8,-12,-8,-14,-9,-15,-8,-18,-6,-19,-2,-21,-2,-24,-4,-23,-3,-26,1,-26,3,-27,5,-28,7,-32,7,-30,6,-32,10,-32,8,-33,10,-31,10,-30,12,-33,12,-33,11,-29,12,-32,13,-34,13,-31,13,-35,12,-35,10,-33,9,-36,9,-36,7,-39,9,-37,7,-40,9,-38,6,-40,5,-37,6,-42,7,-40,6,-39,5,-40,6,-44,5,-43,4,-43,9,-43,7,-42,8,-44,5,-41,9,-42,0,0]"
CSI_DATA,154,1a:00:00:00:00:00,-46,11,1,0,1,1,1,0,0,0,1,-96,0,11,2,2240061,0,44,0,384,0,"[0,0,0,0,0,0,0,0,0,0,0,0,1,-11,1,-11,0,-9,0,-9,0,-8,0,-7,-1,-7,-1,-6,-1,-6,-2,-5,-2,-5,-3,-4,-3,-4,-3,-3,-3,-3,-3,-3,-4,-2,-4,-1,-5,-1,-5,-1,-6,-1,-6,0,-6,0,-6,0,-7,1,-7,1,0,0,-8,1,-9,1,-9,1,-8,1,-9,0,-9,0,-9,0,-9,0,-9,0,-9,-1,-9,-1,-8,-2,-8,-2,-8,-2,-8,-3,-8,-3,-7,-3,-7,-3,-6,-3,-6,-3,-5,-4,-5,-4,-5,-4,-4,-4,-4,-4,-3,-4,0,0,0,0,0,0,0,0,0,0,0,0,0,0,16,-31,18,-30,13,-29,13,-25,8,-26,11,-23,10,-21,8,-20,6,-19,4,-17,4,-19,1,-16,0,-15,-1,-13,-2,-12,-5,-12,-4,-12,-7,-8,-8,-9,-7,-8,-10,-8,-9,-5,-11,-2,-11,-4,-12,-2,-15,-2,-15,-2,-15,-3,-16,2,-19,0,-20,1,-20,1,-21,0,-22,1,-22,0,-25,-2,-25,-1,-25,-3,-23,-3,-23,-5,-24,-5,-22,-5,-23,-3,-23,-6,-21,-7,-21,-7,-20,-10,-19,-8,-17,-8,-16,-9,-15,-9,-14,-8,-13,-10,-11,-10,-11,-9,-9,-9,-7,-8,0,0,0,0,0,0,0,0,0,0,0,0,0,0,0,0,0,0,0,0,0,0,-2,-6,2,-8,2,-7,4,-8,7,-6,7,-6,8,-5,11,-5,12,-5,14,-5,14,-2,16,-4,17,-2,18,-1,20,5,20,5,22,5,22,7,23,9,24,11,23,13,25,16,24,15,24,15,25,14,26,16,24,17,25,20,23,20,28,20,24,18,26,21,26,20,24,20,29,21,28,19,28,18,30,17,30,18,32,18,32,18,32,18,34,15,35,16,33,15,36,13,34,14,35,15,37,15,38,16,39,14,39,14,39,17,35,15,39,17,38,18,37,17,0,0]"
CSI_DATA,155,1a:00:00:00:00:00,-46,11,1,0,1,1,1,0,0,0,1,-96,0,11,2,2247257,0,44,0,384,0,"[0,0,0,0,0,0,0,0,0,0,0,0,-10,-4,-10,-4,-10,-4,-9,-4,-8,-3,-7,-3,-7,-2,-7,-1,-6,-1,-6,-1,-5,0,-5,1,-5,1,-4,1,-4,1,-3,3,-3,3,-3,3,-2,3,-2,4,-2,4,-2,5,-1,5,-1,6,-1,6,-1,7,0,0,-1,8,-1,8,-1,8,-1,9,-2,8,-2,9,-2,8,-2,8,-2,8,-3,8,-4,8,-4,7,-4,7,-4,7,-4,6,-4,7,-4,6,-4,6,-4,5,-4,4,-5,4,-4,3,-5,3,-5,3,-4,2,-5,1,0,0,0,0,0,0,0,0,0,0,0,0,0,0,-32,-21,-27,-19,-29,-17,-26,-17,-25,-13,-23,-14,-20,-12,-22,-10,-19,-8,-19,-7,-18,-6,-16,-4,-16,-4,-13,0,-13,-2,-13,1,-12,1,-8,4,-11,5,-9,5,-6,8,-7,8,-5,11,-6,10,-4,11,-5,12,-3,15,-3,18,-3,17,-3,18,-3,18,-1,21,-3,20,-2,25,0,22,-4,22,-6,24,-5,23,-6,24,-6,21,-7,23,-8,21,-10,20,-8,19,-11,18,-10,19,-10,17,-9,16,-9,16,-9,15,-10,13,-11,12,-10,11,-13,8,-11,9,-12,5,-12,5,0,0,0,0,0,0,0,0,0,0,0,0,0,0,0,0,0,0,0,0,0,0,-7,0,-8,-2,-8,-3,-7,-6,-6,-6,-6,-9,-6,-9,-5,-13,-2,-14,-3,-15,-1,-16,-1,-17,1,-22,3,-21,6,-22,7,-21,9,-25,11,-23,11,-24,14,-25,15,-26,17,-27,20,-25,21,-27,21,-25,20,-27,23,-24,22,-25,24,-24,25,-28,21,-23,25,-28,23,-27,21,-25,24,-28,23,-28,20,-28,20,-31,21,-30,22,-32,21,-33,19,-33,20,-36,20,-33,19,-37,16,-37,17,-38,15,-38,18,-38,17,-42,21,-39,19,-41,21,-41,19,-38,20,-39,23,-42,20,-38,0,0]"
CSI_DATA,156,1a:00:00:00:00:00,-46,11,1,0,1,1,1,0,0,0,1,-96,0,11,2,2257053,0,44,0,384,0,"[0,0,0,0,0,0,0,0,0,0,0,0,7,-7,6,-7,5,-6,5,-6,5,-6,4,-5,3,-6,3,-5,2,-5,1,-5,1,-5,0,-5,0,-4,-1,-4,-1,-4,-2,-4,-2,-4,-2,-4,-3,-3,-3,-3,-4,-3,-4,-4,-5,-4,-5,-4,-6,-4,-6,-4,0,0,-6,-4,-7,-4,-7,-5,-7,-5,-7,-5,-7,-6,-7,-5,-7,-6,-6,-6,-6,-6,-6,-6,-5,-6,-5,-6,-5,-6,-4,-6,-4,-7,-4,-6,-3,-6,-3,-6,-3,-6,-2,-6,-2,-6,-2,-5,-1,-5,-1,-5,-1,-4,0,0,0,0,0,0,0,0,0,0,0,0,0,0,60,-27,60,-31,51,-30,51,-31,48,-29,45,-26,40,-27,39,-26,37,-25,28,-26,25,-28,19,-24,21,-27,18,-23,13,-18,10,-22,8,-24,3,-23,2,-20,0,-22,-6,-22,-7,-23,-9,-19,-12,-22,-17,-24,-22,-22,-20,-26,-24,-24,-23,-24,-29,-25,-29,-26,-30,-30,-30,-30,-29,-31,-33,-34,-30,-36,-29,-36,-28,-35,-29,-40,-25,-40,-24,-39,-22,-41,-21,-38,-18,-43,-17,-42,-15,-40,-13,-40,-11,-39,-6,-36,-4,-36,-3,-33,-4,-31,-3,-26,1,-29,2,-27,5,-22,7,-26,0,0,0,0,0,0,0,0,0,0,0,0,0,0,0,0,0,0,0,0,0,0,4,-12,3,-12,9,-13,11,-11,15,-5,17,-9,16,-4,23,-1,26,-2,27,5,28,8,30,10,34,12,34,16,32,18,35,22,38,32,38,32,39,31,36,35,33,42,37,45,37,44,35,47,34,54,39,51,32,56,30,56,30,58,32,60,30,56,32,62,32,60,33,56,33,58,37,58,35,57,38,59,41,59,41,62,44,60,47,60,45,61,46,61,46,56,54,65,51,60,56,55,55,63,55,71,52,62,57,69,56,68,52,70,51,73,48,68,44,73,0,0]"
CSI_DATA,157,1a:00:00:00:00:00,-46,11,1,0,1,1,1,0,0,0,1,-96,0,11,2,2267815,0,44,0,384,0,"[0,0,0,0,0,0,0,0,0,0,0,0,7,-7,6,-7,5,-6,5,-6,4,-6,4,-6,3,-6,2,-6,2,-5,1,-5,1,-5,1,-5,0,-4,-1,-4,-1,-4,-2,-5,-2,-4,-3,-4,-3,-3,-4,-4,-4,-4,-5,-3,-5,-4,-6,-4,-6,-4,-6,-4,0,0,-7,-4,-7,-5,-7,-5,-7,-5,-7,-5,-7,-5,-7,-5,-7,-6,-7,-6,-6,-6,-6,-7,-5,-7,-5,-7,-5,-6,-5,-6,-4,-6,-4,-6,-4,-6,-3,-6,-3,-6,-2,-6,-2,-5,-2,-5,-1,-5,-1,-5,0,-4,0,0,0,0,0,0,0,0,0,0,0,0,0,0,56,-49,52,-42,48,-49,42,-42,40,-38,36,-38,35,-33,33,-37,31,-36,24,-30,22,-31,17,-25,15,-27,14,-27,7,-22,0,-24,5,-27,-5,-26,-4,-23,-7,-24,-12,-21,-12,-19,-17,-19,-22,-22,-20,-21,-25,-22,-29,-19,-37,-20,-29,-23,-39,-18,-32,-18,-40,-23,-40,-23,-44,-27,-41,-23,-42,-32,-42,-31,-40,-32,-39,-33,-35,-36,-35,-34,-38,-37,-31,-33,-28,-36,-30,-33,-27,-36,-28,-38,-22,-37,-19,-30,-16,-34,-19,-30,-12,-33,-12,-31,-8,-27,-5,-32,-3,-26,2,-25,0,0,0,0,0,0,0,0,0,0,0,0,0,0,0,0,0,0,0,0,0,0,3,-14,6,-15,11,-10,14,-12,16,-9,20,-9,22,-6,21,-2,27,0,30,3,31,7,38,8,40,10,37,16,37,22,42,21,47,25,38,34,42,37,40,35,42,43,43,42,41,46,44,49,42,52,47,50,36,52,42,58,38,58,42,59,36,52,40,61,37,59,44,51,41,58,43,56,46,53,48,51,49,55,51,55,54,57,57,50,55,56,56,56,57,56,61,46,60,51,63,54,63,53,68,58,67,58,66,58,67,63,62,55,66,62,66,63,57,58,0,0]"
CSI_DATA,158,1a:00:00:00:00:00,-46,11,1,0,1,1,1,0,0,0,1,-96,0,11,2,2286959,0,44,0,384,0,"[0,0,0,0,0,0,0,0,0,0,0,0,-9,5,-8,6,-7,5,-7,4,-6,4,-5,4,-4,5,-4,4,-4,4,-3,4,-3,4,-2,4,-1,4,0,4,0,3,0,4,1,4,1,4,2,3,2,3,3,3,3,4,4,4,4,4,5,4,5,4,0,0,6,5,5,5,6,5,6,6,5,5,6,6,6,6,5,6,5,7,4,7,4,7,4,7,4,6,3,7,3,6,2,7,2,6,2,6,1,6,1,5,1,5,0,5,0,5,-1,4,-1,4,-1,4,0,0,0,0,0,0,0,0,0,0,0,0,0,0,-68,15,-67,16,-58,20,-58,17,-53,16,-49,17,-47,14,-45,17,-37,17,-36,16,-30,16,-26,19,-26,18,-22,19,-16,19,-14,19,-13,21,-11,18,-7,20,-3,23,2,27,2,24,5,22,10,27,9,27,14,29,15,24,17,29,16,32,22,34,23,32,22,36,19,35,21,42,24,38,20,44,25,43,21,43,17,47,21,44,15,42,11,48,12,46,9,46,1,43,3,46,2,40,3,40,0,40,-3,39,-1,34,-6,34,-6,31,-8,28,-13,26,-11,22,-13,22,0,0,0,0,0,0,0,0,0,0,0,0,0,0,0,0,0,0,0,0,0,0,-5,8,-13,5,-17,6,-17,3,-19,1,-21,-5,-23,-6,-25,-9,-28,-12,-26,-13,-25,-20,-31,-23,-31,-31,-30,-33,-28,-34,-25,-41,-30,-40,-26,-42,-25,-48,-22,-51,-22,-49,-20,-58,-19,-55,-19,-60,-15,-65,-18,-62,-12,-66,-13,-66,-9,-65,-14,-68,-15,-64,-11,-70,-13,-67,-15,-65,-14,-70,-19,-67,-16,-65,-20,-66,-19,-69,-24,-70,-23,-75,-28,-69,-26,-72,-30,-74,-26,-69,-36,-71,-34,-71,-34,-74,-36,-77,-32,-78,-33,-79,-31,-78,-33,-84,-31,-74,-32,-81,-28,-78,-26,-78,0,0]"
CSI_DATA,159,1a:00:00:00:00:00,-46,11,1,0,1,1,1,0,0,0,1,-96,0,11,2,2296944,0,44,0,384,0,"[0,0,0,0,0,0,0,0,0,0,0,0,-5,-9,-5,-8,-5,-7,-5,-7,-5,-6,-4,-6,-5,-5,-5,-4,-5,-4,-5,-3,-5,-3,-5,-2,-5,-2,-5,-1,-5,-1,-5,0,-5,0,-4,1,-5,1,-5,2,-5,2,-5,3,-5,3,-6,3,-6,4,-6,4,0,0,-6,5,-7,5,-7,5,-7,4,-8,4,-8,4,-8,4,-8,3,-8,4,-8,3,-8,3,-8,2,-8,2,-8,2,-8,1,-8,1,-7,1,-7,0,-7,0,-6,0,-6,-1,-6,-1,-6,-1,-5,-2,-5,-2,-4,-2,0,0,0,0,0,0,0,0,0,0,0,0,0,0,-23,-66,-19,-64,-24,-59,-22,-53,-20,-50,-16,-46,-20,-45,-21,-38,-19,-37,-18,-36,-22,-29,-21,-28,-21,-26,-21,-20,-19,-16,-23,-10,-23,-11,-24,-4,-21,-5,-22,0,-28,2,-25,-1,-23,5,-28,6,-28,13,-26,15,-31,17,-30,21,-31,20,-32,22,-35,26,-38,25,-37,26,-38,25,-38,26,-43,24,-45,23,-45,24,-51,20,-45,19,-47,17,-43,14,-47,15,-47,16,-44,9,-43,8,-38,3,-41,3,-41,1,-36,-1,-35,-4,-34,-5,-34,-4,-29,-5,-26,-11,-24,-10,-20,-10,0,0,0,0,0,0,0,0,0,0,0,0,0,0,0,0,0,0,0,0,0,0,-8,-11,-5,-11,-7,-15,-4,-19,-2,-19,0,-18,4,-24,11,-27,9,-26,17,-31,16,-27,19,-30,25,-34,26,-33,31,-28,37,-32,40,-31,46,-28,45,-28,47,-24,50,-20,59,-25,56,-23,59,-26,59,-19,57,-24,61,-16,59,-19,63,-12,62,-18,59,-16,65,-20,64,-15,64,-15,70,-21,65,-19,63,-18,61,-26,64,-27,69,-30,62,-25,68,-30,66,-31,69,-35,64,-33,68,-30,69,-36,66,-37,71,-39,73,-38,71,-40,73,-40,78,-38,70,-39,77,-37,73,-30,71,-29,0,0]"
CSI_DATA,160,1a:00:00:00:00:00,-46,11,1,0,1,1,1,0,0,0,1,-96,0,11,2,2306956,0,44,0,384,0,"[0,0,0,0,0,0,0,0,0,0,0,0,8,4,8,3,7,3,7,3,6,2,6,2,6,1,5,1,5,0,5,0,4,-1,4,-2,4,-2,3,-2,3,-2,3,-3,3,-4,2,-4,2,-4,2,-5,3,-5,2,-5,2,-6,2,-6,2,-7,2,-8,0,0,3,-8,3,-8,3,-9,3,-8,3,-8,4,-8,4,-8,4,-8,4,-8,5,-7,5,-7,5,-6,5,-6,5,-6,5,-5,6,-5,5,-5,5,-5,5,-4,5,-3,5,-3,5,-2,5,-2,4,-2,4,-1,4,-1,0,0,0,0,0,0,0,0,0,0,0,0,0,0,54,39,46,35,53,35,46,31,45,31,44,26,38,26,39,20,32,12,34,16,30,10,29,11,30,7,27,3,26,5,24,-4,26,-4,21,-7,19,-10,20,-14,24,-20,20,-17,18,-23,17,-23,19,-23,15,-27,18,-32,19,-37,20,-36,12,-41,18,-36,17,-39,21,-40,21,-44,25,-42,28,-39,28,-43,25,-40,32,-41,31,-35,30,-37,36,-34,34,-35,32,-33,32,-26,32,-29,34,-21,36,-24,31,-20,33,-16,31,-15,33,-10,29,-10,30,-6,28,-5,26,1,23,2,0,0,0,0,0,0,0,0,0,0,0,0,0,0,0,0,0,0,0,0,0,0,14,0,15,1,15,6,20,11,13,13,14,16,16,20,12,23,8,26,14,30,6,33,5,32,5,40,2,41,-3,41,-8,46,-3,47,-12,49,-13,52,-16,54,-22,56,-23,57,-25,53,-27,55,-32,60,-29,57,-37,54,-33,51,-35,53,-37,61,-37,50,-41,56,-39,52,-36,53,-38,59,-36,55,-36,53,-36,58,-36,58,-33,62,-38,61,-32,66,-33,64,-32,66,-36,66,-29,65,-29,72,-29,69,-33,71,-35,73,-36,74,-32,71,-38,72,-39,72,-43,74,-40,69,-39,69,0,0]"
CSI_DATA,161,1a:00:00:00:00:00,-46,11,1,0,1,1,1,0,0,0,1,-96,0,11,2,2318118,0,44,0,384,0,"[0,0,0,0,0,0,0,0,0,0,0,0,9,0,9,-1,8,-1,8,-1,7,-1,6,-2,6,-2,5,-2,5,-3,4,-2,3,-3,3,-4,3,-3,2,-4,2,-4,1,-5,1,-5,0,-5,0,-5,0,-6,0,-6,-1,-6,-1,-7,-1,-7,-2,-7,-2,-8,0,0,-2,-9,-2,-9,-1,-10,-2,-10,-1,-9,-1,-10,-1,-9,0,-9,0,-10,0,-9,1,-9,1,-9,1,-9,1,-8,2,-8,2,-8,2,-7,2,-7,2,-7,2,-6,3,-6,3,-5,3,-5,3,-4,3,-4,3,-3,0,0,0,0,0,0,0,0,0,0,0,0,0,0,64,23,61,23,61,18,56,17,53,12,48,13,44,10,46,9,42,0,35,4,29,3,31,-4,27,-4,28,-11,27,-8,21,-14,22,-13,15,-13,18,-16,13,-18,14,-24,9,-27,8,-27,9,-29,8,-29,6,-34,6,-35,0,-38,2,-40,0,-46,0,-42,3,-47,2,-45,3,-52,3,-50,10,-48,9,-49,11,-52,12,-51,11,-44,10,-50,20,-47,22,-44,17,-43,17,-44,22,-39,21,-37,23,-34,25,-31,22,-28,21,-28,20,-27,21,-22,24,-20,24,-18,24,-15,22,-11,0,0,0,0,0,0,0,0,0,0,0,0,0,0,0,0,0,0,0,0,0,0,17,-3,17,-1,17,0,17,8,22,8,21,14,19,15,21,18,21,22,22,26,15,31,17,33,20,37,12,42,8,45,4,46,5,50,-1,52,0,52,-4,59,-4,52,-11,63,-7,57,-14,62,-14,64,-14,65,-18,61,-24,62,-26,55,-22,64,-22,59,-22,68,-22,63,-22,65,-21,62,-20,63,-11,63,-14,65,-14,66,-15,73,-15,71,-18,72,-16,72,-9,75,-10,74,-8,80,-11,76,-4,76,-13,83,-4,78,-10,81,-10,83,-15,85,-14,78,-19,87,-17,80,-21,76,0,0]"
CSI_DATA,162,1a:00:00:00:00:00,-46,11,1,0,1,1,1,0,0,0,1,-96,0,11,2,2337718,0,44,0,384,0,"[0,0,0,0,0,0,0,0,0,0,0,0,-1,-11,-1,-11,-2,-9,-1,-9,-2,-8,-2,-8,-2,-7,-3,-6,-3,-6,-4,-5,-3,-5,-4,-4,-4,-4,-5,-3,-5,-3,-5,-2,-5,-2,-5,-1,-6,-1,-6,0,-7,0,-7,1,-7,1,-8,1,-8,2,-8,2,0,0,-9,2,-10,2,-11,2,-10,2,-11,1,-10,1,-10,1,-11,1,-10,1,-10,0,-10,-1,-10,-1,-10,-1,-10,-2,-9,-2,-9,-2,-8,-3,-8,-3,-8,-3,-7,-3,-7,-3,-6,-4,-6,-3,-5,-4,-5,-4,-4,-4,0,0,0,0,0,0,0,0,0,0,0,0,0,0,7,-34,9,-31,5,-31,5,-28,3,-28,4,-24,0,-24,2,-23,2,-20,-1,-18,-1,-17,-3,-14,-3,-17,-7,-13,-5,-13,-8,-12,-10,-11,-8,-8,-9,-7,-10,-6,-14,-3,-11,-5,-13,-3,-14,-2,-15,-2,-17,-2,-18,1,-18,0,-21,0,-23,2,-23,1,-23,1,-24,2,-27,2,-23,3,-27,1,-25,-1,-28,-1,-26,-3,-27,-2,-27,-4,-25,-5,-24,-5,-25,-7,-22,-6,-23,-7,-20,-8,-20,-7,-19,-8,-17,-9,-16,-9,-17,-9,-15,-9,-13,-10,-11,-13,-10,-12,-11,-11,0,0,0,0,0,0,0,0,0,0,0,0,0,0,0,0,0,0,0,0,0,0,-6,-8,-2,-11,0,-11,2,-17,9,-11,1,-8,3,-15,-1,-9,12,-9,15,-7,14,-7,22,-11,15,-6,26,-11,24,-11,19,-2,22,-3,23,-4,24,-3,25,-3,29,-9,34,11,18,3,32,6,30,12,34,8,23,10,35,8,21,6,30,6,27,8,29,7,30,9,25,8,31,8,34,5,25,11,30,4,31,7,33,6,34,6,35,0,35,1,37,4,33,4,37,0,37,0,38,0,40,1,40,1,38,0,42,1,42,4,39,3,43,5,40,6,38,3,0,0]"
CSI_DATA,163,1a:00:00:00:00:00,-46,11,1,0,1,1,1,0,0,0,1,-96,0,11,2,2347899,0,44,0,384,0,"[0,0,0,0,0,0,0,0,0,0,0,0,9,-4,8,-4,7,-4,7,-4,6,-4,6,-4,5,-4,4,-5,4,-4,2,-4,2,-5,1,-5,1,-5,0,-5,0,-5,-1,-5,-2,-5,-1,-5,-3,-5,-3,-5,-3,-5,-4,-6,-4,-6,-5,-6,-5,-6,-5,-7,0,0,-6,-7,-6,-7,-6,-8,-6,-8,-6,-8,-6,-8,-6,-9,-6,-8,-6,-9,-5,-9,-5,-10,-4,-9,-4,-9,-3,-9,-3,-9,-2,-9,-2,-8,-2,-8,-2,-8,-2,-7,-1,-7,0,-7,0,-6,0,-6,1,-6,1,-5,0,0,0,0,0,0,0,0,0,0,0,0,0,0,68,-7,67,-13,65,-8,55,-9,54,-12,45,-9,43,-10,44,-13,41,-12,30,-15,35,-19,27,-19,24,-19,23,-17,21,-22,8,-25,15,-22,10,-24,8,-25,0,-26,0,-28,-2,-29,-7,-27,-7,-33,-8,-29,-12,-32,-18,-32,-19,-36,-19,-37,-25,-41,-25,-40,-27,-47,-20,-48,-26,-44,-26,-45,-24,-52,-23,-53,-22,-51,-23,-53,-24,-52,-18,-51,-14,-56,-14,-53,-10,-53,-7,-49,-4,-51,-3,-50,-4,-44,-2,-41,3,-38,0,-43,4,-38,3,-36,8,-32,10,-32,10,-32,10,-27,0,0,0,0,0,0,0,0,0,0,0,0,0,0,0,0,0,0,0,0,0,0,11,-18,16,-16,19,-12,21,-7,26,-5,27,-1,28,2,28,5,26,10,27,13,26,19,30,21,27,25,26,30,25,28,22,35,26,42,22,43,17,43,12,47,14,46,15,55,9,52,11,54,6,56,10,59,2,62,5,62,1,62,3,59,-1,59,-3,64,1,62,3,62,7,63,6,64,7,60,8,63,9,64,15,66,14,69,15,65,17,71,17,71,22,68,22,73,22,72,29,71,21,73,25,77,24,80,25,82,22,84,21,80,18,86,18,81,17,83,0,0]"
CSI_DATA,164,1a:00:00:00:00:00,-46,11,1,0,1,1,1,0,0,0,1,-96,0,11,2,2358160,0,44,0,384,0,"[0,0,0,0,0,0,0,0,0,0,0,0,-11,-2,-10,-1,-9,-1,-9,-1,-8,-1,-7,-1,-7,1,-6,1,-6,1,-5,1,-5,2,-4,2,-4,2,-4,3,-3,3,-3,4,-2,4,-2,4,-1,5,-1,5,0,6,0,6,0,6,0,7,0,8,1,8,0,0,1,8,1,9,1,9,1,10,1,9,1,9,0,10,0,9,1,10,-1,10,-2,10,-2,8,-2,8,-2,8,-2,8,-2,8,-3,8,-3,7,-3,7,-3,6,-3,6,-3,5,-4,5,-4,4,-4,3,-4,3,0,0,0,0,0,0,0,0,0,0,0,0,0,0,-74,-18,-70,-21,-67,-14,-55,-4,-53,-7,-51,-6,-50,-2,-48,-4,-43,1,-38,2,-36,5,-35,5,-30,5,-30,10,-26,11,-21,14,-20,20,-17,21,-14,20,-14,23,-7,28,-8,29,-9,30,0,32,2,33,1,40,3,36,8,41,5,40,12,47,11,45,11,49,7,50,13,57,14,51,11,55,4,61,8,61,4,60,6,59,2,54,1,57,-6,59,-2,56,-6,53,-9,52,-11,54,-8,50,-10,46,-11,46,-15,39,-15,40,-16,36,-18,31,-22,26,-20,24,-23,21,0,0,0,0,0,0,0,0,0,0,0,0,0,0,0,0,0,0,0,0,0,0,-16,13,-19,8,-21,5,-22,3,-22,-4,-24,-5,-23,-8,-21,-16,-20,-17,-20,-22,-20,-25,-17,-25,-16,-29,-12,-33,-10,-36,-8,-35,-8,-44,-1,-43,2,-49,5,-49,3,-42,13,-52,11,-48,14,-53,14,-55,13,-55,22,-54,20,-54,20,-52,24,-62,18,-51,24,-62,23,-60,21,-60,21,-62,18,-57,17,-55,13,-60,14,-67,10,-69,14,-71,12,-70,11,-72,12,-71,9,-76,12,-72,6,-75,3,-74,11,-81,5,-84,11,-85,10,-82,13,-85,12,-82,12,-95,11,-88,14,-83,0,0]"
CSI_DATA,165,1a:00:00:00:00:00,-46,11,1,0,1,1,1,0,0,0,1,-96,0,11,2,2388019,0,44,0,384,0,"[0,0,0,0,0,0,0,0,0,0,0,0,6,-10,5,-10,4,-9,4,-9,3,-8,3,-8,1,-8,1,-8,1,-7,0,-7,-1,-6,-2,-6,-2,-6,-3,-6,-3,-6,-4,-5,-4,-4,-5,-5,-5,-4,-6,-4,-6,-4,-7,-4,-8,-4,-9,-3,-10,-3,-9,-4,0,0,-10,-3,-11,-5,-11,-4,-12,-4,-11,-5,-11,-5,-12,-5,-11,-6,-11,-6,-11,-7,-11,-6,-10,-7,-9,-7,-9,-7,-8,-7,-8,-7,-8,-7,-7,-7,-6,-7,-6,-7,-5,-7,-5,-7,-4,-7,-4,-7,-2,-7,-2,-6,0,0,0,0,0,0,0,0,0,0,0,0,0,0,52,-57,50,-51,37,-50,38,-47,34,-52,30,-46,28,-41,26,-38,26,-40,16,-40,14,-38,13,-35,4,-37,1,-31,-1,-31,-8,-30,-7,-30,-11,-26,-13,-23,-18,-26,-25,-23,-22,-22,-27,-13,-28,-18,-32,-12,-37,-17,-36,-14,-41,-11,-44,-15,-52,-18,-51,-17,-52,-17,-53,-16,-58,-18,-57,-22,-54,-23,-59,-25,-58,-21,-54,-24,-53,-30,-57,-31,-55,-30,-52,-32,-51,-35,-48,-29,-46,-35,-43,-33,-40,-35,-35,-32,-31,-38,-33,-32,-28,-32,-26,-32,-22,-34,-18,-30,-16,-32,-10,-31,0,0,0,0,0,0,0,0,0,0,0,0,0,0,0,0,0,0,0,0,0,0,-10,-13,-11,-15,-4,-19,-5,-15,3,-14,7,-12,7,-13,14,-8,14,-7,17,-6,23,-2,18,1,20,3,23,5,26,9,28,18,29,16,28,21,25,23,26,28,25,25,31,33,27,38,28,38,33,39,31,43,24,46,30,43,26,46,28,48,23,47,26,49,30,51,29,44,34,51,36,52,37,45,36,47,40,44,45,48,45,50,50,50,46,47,53,51,48,45,52,47,56,45,61,41,62,47,66,47,66,51,69,44,69,58,62,47,67,51,71,53,65,50,0,0]"
CSI_DATA,166,1a:00:00:00:00:00,-45,11,1,0,1,1,1,0,0,0,1,-96,0,11,2,2398751,0,44,0,384,0,"[0,0,0,0,0,0,0,0,0,0,0,0,7,-17,1,-7,6,-4,4,-12,3,-5,9,-2,5,-7,4,-4,5,-3,5,-4,3,-2,4,-3,4,-4,3,-3,4,-2,5,-4,4,-3,5,-2,5,-3,5,-4,5,-2,8,-2,7,-4,6,-1,10,2,8,-3,0,0,10,5,12,1,5,6,7,12,7,3,2,9,5,14,6,7,-3,10,-1,13,4,6,-7,5,-8,12,-4,6,-8,3,-10,8,-7,3,-10,-1,-9,1,-8,1,-6,-3,-8,-4,-7,-4,-3,-4,-1,-8,-4,-6,0,0,0,0,0,0,0,0,0,0,0,0,0,0,-10,-35,-7,-31,-6,-30,-2,-35,17,-9,18,-28,-4,-18,13,-16,3,-10,-2,-32,12,-20,2,-25,6,-21,1,-19,7,-16,2,-18,2,-12,-1,-14,0,-16,-1,-17,1,-17,1,-15,-3,-16,0,-20,-1,-16,-1,-22,-4,-22,-3,-37,7,-22,6,-20,6,-23,22,-21,34,-9,25,-27,40,-30,27,-22,14,-36,5,-18,50,-16,15,-6,33,-1,44,-8,23,12,26,14,21,16,27,8,17,17,26,22,23,17,12,8,9,17,11,14,7,14,-6,16,-2,17,-4,6,-6,5,0,0,0,0,0,0,0,0,0,0,0,0,0,0,0,0,0,0,0,0,0,0,-4,-8,-2,-8,0,-8,0,-8,4,-6,4,-4,6,-1,5,1,6,2,6,6,4,6,3,9,3,12,0,12,-1,12,-7,13,-9,14,-13,11,-13,14,-17,12,-17,10,-21,8,-24,3,-25,3,-25,-2,-28,-3,-25,-4,-26,-10,-25,-13,-28,-14,-21,-16,-23,-18,-22,-20,-21,-21,-21,-24,-18,-24,-17,-26,-17,-27,-14,-31,-14,-30,-11,-32,-9,-31,-7,-35,-5,-36,-2,-38,-4,-38,1,-39,3,-36,6,-35,12,-39,17,-37,18,-39,23,-35,26,-33,32,-31,31,-29,31,-25,0,0]"
CSI_DATA,167,1a:00:00:00:00:00,-45,11,1,0,1,1,1,0,0,0,1,-96,0,11,2,2427602,0,44,0,384,0,"[0,0,0,0,0,0,0,0,0,0,0,0,6,7,6,6,6,5,6,5,6,4,5,4,6,3,5,2,5,2,5,0,5,0,5,0,5,-1,5,-1,4,-2,4,-3,4,-3,4,-4,4,-5,4,-6,4,-6,4,-7,4,-7,4,-8,4,-8,4,-9,0,0,4,-9,5,-10,5,-10,5,-10,6,-9,6,-10,6,-10,7,-9,7,-9,7,-9,7,-8,8,-7,8,-7,7,-7,7,-6,8,-6,7,-6,7,-5,7,-4,6,-4,7,-3,6,-3,6,-2,6,-2,6,-1,5,-1,0,0,0,0,0,0,0,0,0,0,0,0,0,0,31,63,36,60,32,57,31,57,31,51,26,45,28,40,33,36,31,32,28,28,28,19,28,18,32,17,27,11,30,9,28,3,32,-3,29,-6,27,-8,29,-9,31,-16,25,-17,26,-21,26,-27,29,-26,34,-34,34,-31,33,-38,31,-41,31,-45,34,-42,36,-43,38,-47,37,-50,43,-49,43,-50,47,-44,48,-50,50,-44,48,-42,49,-36,51,-42,52,-38,53,-38,49,-31,50,-28,51,-24,51,-23,44,-18,42,-17,44,-18,42,-11,42,-8,41,-5,40,-1,35,-1,33,7,0,0,0,0,0,0,0,0,0,0,0,0,0,0,0,0,0,0,0,0,0,0,12,-8,14,-3,17,1,13,2,11,6,9,7,9,9,3,13,1,10,-4,16,-2,19,-2,19,-8,23,-17,22,-20,19,-23,22,-26,20,-27,22,-30,23,-38,19,-38,18,-44,22,-41,18,-53,22,-52,23,-49,18,-49,17,-50,18,-55,15,-55,20,-55,16,-58,20,-61,18,-56,21,-63,20,-57,25,-56,24,-59,31,-61,31,-58,33,-63,32,-64,35,-62,34,-63,37,-60,39,-65,43,-69,43,-60,43,-62,48,-70,48,-64,49,-67,55,-72,50,-68,45,-73,50,-67,48,-74,42,0,0]"
CSI_DATA,168,1a:00:00:00:00:00,-45,11,1,0,1,1,1,0,0,0,1,-96,0,11,2,2436948,0,44,0,384,0,"[0,0,0,0,0,0,0,0,0,0,0,0,-3,10,-2,9,-1,8,-1,8,-1,7,-1,7,0,6,1,6,1,5,1,5,2,5,2,4,3,3,3,3,4,3,4,2,4,2,5,1,5,1,6,0,6,0,7,-1,7,0,8,-1,9,-1,8,-1,0,0,9,-1,10,-2,11,-1,11,-1,11,0,11,0,11,0,11,0,11,0,11,1,11,1,10,2,9,2,10,2,9,2,9,3,8,3,7,3,7,3,6,3,6,3,5,3,5,4,4,4,3,4,3,4,0,0,0,0,0,0,0,0,0,0,0,0,0,0,-30,68,-28,59,-20,61,-20,53,-14,57,-16,48,-8,47,-10,44,-7,43,-3,40,0,35,2,35,6,33,6,29,13,32,14,24,17,22,19,17,23,20,26,17,31,13,31,13,34,9,35,7,35,2,43,4,42,2,47,-3,52,1,53,-4,53,0,57,-3,56,3,64,-3,59,-1,63,0,60,4,62,3,65,8,64,11,66,11,60,14,62,16,61,16,54,15,55,18,52,20,50,18,44,20,42,20,40,19,36,21,33,20,29,25,27,26,24,26,19,28,0,0,0,0,0,0,0,0,0,0,0,0,0,0,0,0,0,0,0,0,0,0,13,9,8,9,8,12,5,12,1,10,-2,13,-4,10,-9,7,-8,7,-14,6,-17,5,-19,3,-20,5,-27,0,-25,-3,-28,-7,-32,-10,-32,-14,-34,-14,-36,-19,-37,-20,-41,-23,-38,-23,-40,-29,-41,-29,-45,-31,-40,-32,-42,-31,-39,-35,-49,-34,-43,-37,-48,-36,-48,-34,-47,-34,-48,-36,-52,-37,-52,-31,-56,-33,-56,-32,-61,-31,-60,-30,-64,-31,-61,-30,-68,-31,-66,-28,-70,-19,-70,-28,-75,-27,-73,-23,-81,-27,-78,-24,-83,-25,-89,-31,-78,-28,-85,-30,-85,-31,-78,-34,0,0]"
CSI_DATA,169,1a:00:00:00:00:00,-45,11,1,0,1,1,1,0,0,0,1,-96,0,11,2,2447349,0,44,0,384,0,"[0,0,0,0,0,0,0,0,0,0,0,0,-11,-4,-10,-4,-9,-3,-9,-2,-8,-2,-8,-2,-7,0,-7,0,-6,0,-6,1,-6,1,-5,2,-5,2,-4,3,-4,3,-4,4,-3,5,-2,5,-2,6,-2,6,-1,7,-2,7,-1,7,-1,8,-1,9,-1,9,0,0,-1,10,-1,11,-1,11,-1,11,-2,11,-2,11,-2,11,-2,11,-2,11,-3,11,-4,10,-4,10,-4,9,-4,9,-5,8,-5,8,-5,8,-5,7,-5,7,-4,6,-5,6,-5,5,-5,5,-5,4,-6,3,-5,2,0,0,0,0,0,0,0,0,0,0,0,0,0,0,-70,-34,-59,-30,-65,-27,-53,-23,-54,-21,-47,-21,-55,-14,-47,-12,-44,-12,-38,-9,-42,-4,-35,0,-31,5,-33,9,-25,7,-30,10,-27,19,-22,13,-23,17,-18,23,-14,29,-15,29,-11,34,-11,32,-8,35,-10,41,-7,40,-8,48,-9,49,-3,58,-5,50,-6,53,-10,60,-9,60,-6,60,-12,65,-11,65,-10,62,-18,63,-16,60,-21,62,-21,58,-24,55,-23,55,-23,55,-25,52,-27,50,-27,47,-28,41,-27,39,-27,38,-27,35,-31,29,-29,26,-29,22,-32,21,-29,13,0,0,0,0,0,0,0,0,0,0,0,0,0,0,0,0,0,0,0,0,0,0,-9,10,-10,9,-11,7,-10,4,-11,-2,-10,-4,-12,1,-10,-8,-7,-11,-8,-13,-8,-17,-7,-18,-3,-22,-1,-26,6,-25,2,-30,6,-34,12,-33,12,-33,18,-41,14,-37,22,-39,24,-42,34,-42,29,-39,32,-43,34,-40,31,-39,38,-40,36,-44,33,-40,41,-43,40,-53,36,-50,40,-51,39,-51,34,-52,34,-58,37,-53,31,-62,34,-61,36,-62,31,-63,25,-68,26,-66,29,-73,29,-71,24,-75,24,-75,24,-77,27,-76,27,-83,30,-77,34,-78,36,-87,28,-82,29,-77,0,0]"
CSI_DATA,170,1a:00:00:00:00:00,-45,11,1,0,1,1,1,0,0,0,1,-96,0,11,2,2456985,0,44,0,384,0,"[0,0,0,0,0,0,0,0,0,0,0,0,8,6,8,5,8,4,8,4,7,3,6,2,6,2,6,1,5,0,5,-1,5,-1,5,-2,5,-2,4,-3,4,-3,4,-4,4,-4,3,-5,3,-6,3,-7,3,-7,3,-7,3,-8,3,-9,3,-10,2,-10,0,0,3,-11,3,-11,4,-12,4,-12,4,-11,4,-11,5,-11,5,-11,5,-11,5,-11,6,-11,6,-10,6,-9,6,-9,7,-8,7,-8,6,-7,6,-7,6,-6,6,-6,6,-5,6,-4,6,-4,6,-3,6,-3,5,-2,0,0,0,0,0,0,0,0,0,0,0,0,0,0,47,55,48,50,49,48,42,43,42,39,36,37,40,32,35,30,36,22,34,20,35,15,32,11,32,6,31,3,29,4,25,-4,31,-9,24,-12,25,-14,22,-17,20,-20,23,-19,18,-29,25,-33,23,-35,26,-38,16,-42,21,-45,26,-42,18,-54,21,-49,23,-53,26,-55,26,-54,27,-59,29,-57,31,-56,35,-56,36,-58,33,-54,37,-54,38,-52,40,-46,42,-47,43,-43,39,-43,39,-36,40,-38,37,-32,39,-31,38,-27,38,-27,38,-21,38,-17,35,-13,34,-13,33,-6,0,0,0,0,0,0,0,0,0,0,0,0,0,0,0,0,0,0,0,0,0,0,11,-10,11,-5,9,-2,10,0,9,6,7,8,6,8,6,12,-2,16,0,20,-6,16,-6,19,-13,25,-16,24,-18,24,-21,22,-18,27,-27,26,-29,27,-35,30,-34,25,-43,24,-43,23,-48,27,-47,26,-47,28,-47,21,-49,27,-55,22,-59,26,-51,25,-57,27,-57,27,-50,27,-55,31,-55,34,-54,32,-55,36,-55,39,-55,42,-53,38,-51,48,-54,46,-60,53,-50,49,-52,52,-51,53,-51,58,-55,60,-59,65,-57,60,-57,63,-59,63,-59,63,-63,64,-60,64,-56,62,0,0]"
CSI_DATA,171,1a:00:00:00:00:00,-45,11,1,0,1,1,1,0,0,0,1,-96,0,11,2,2469638,0,44,0,384,0,"[0,0,0,0,0,0,0,0,0,0,0,0,1,9,1,8,2,7,2,7,2,6,2,6,3,5,3,4,3,4,3,3,3,3,4,2,4,1,4,1,4,0,5,-1,5,-1,5,-2,5,-2,6,-3,5,-3,6,-4,6,-4,7,-4,7,-5,7,-5,0,0,8,-6,8,-5,9,-6,9,-6,9,-5,9,-5,9,-6,9,-5,9,-5,10,-4,9,-4,9,-3,9,-3,9,-2,8,-2,8,-2,8,-1,8,-2,7,-1,7,-1,7,0,6,0,6,1,5,1,5,1,4,2,0,0,0,0,0,0,0,0,0,0,0,0,0,0,-7,65,-7,61,0,66,3,57,7,53,5,49,9,43,12,42,12,35,13,35,14,31,17,26,18,26,17,21,22,19,20,14,25,10,28,8,31,7,27,1,37,-1,29,-1,32,-11,36,-11,36,-10,38,-16,40,-12,44,-24,41,-21,46,-26,50,-25,54,-24,48,-26,55,-30,55,-27,59,-26,58,-28,60,-24,59,-17,62,-16,58,-15,55,-11,59,-11,62,-9,57,-7,52,-5,54,-2,52,-2,47,-1,46,3,42,3,43,2,40,5,37,7,35,13,32,14,30,15,0,0,0,0,0,0,0,0,0,0,0,0,0,0,0,0,0,0,0,0,0,0,7,7,6,9,6,8,1,12,-5,11,-7,13,-9,12,-11,15,-16,12,-22,12,-19,5,-22,8,-29,6,-35,5,-34,4,-35,-2,-40,-4,-39,-7,-46,-8,-45,-12,-50,-9,-53,-13,-49,-18,-49,-16,-52,-16,-55,-17,-53,-25,-57,-22,-53,-24,-59,-25,-55,-21,-60,-22,-57,-21,-60,-17,-60,-19,-63,-18,-57,-15,-60,-15,-61,-13,-67,-8,-68,-10,-69,-6,-72,-11,-70,-2,-73,-5,-75,-4,-77,0,-74,2,-77,7,-79,2,-78,3,-84,5,-91,0,-82,0,-83,-2,-81,1,-80,-1,0,0]"
CSI_DATA,172,1a:00:00:00:00:00,-46,11,1,0,1,1,1,0,0,0,1,-96,0,11,2,2507348,0,44,0,384,0,"[0,0,0,0,0,0,0,0,0,0,0,0,-9,4,-7,3,-7,4,-6,3,-6,3,-4,3,-4,3,-3,3,-3,3,-2,3,-1,4,0,3,0,3,1,3,1,3,2,3,3,2,3,2,4,2,4,2,5,2,6,2,6,2,7,2,7,2,8,2,0,0,9,2,9,3,9,3,9,3,9,3,9,4,9,4,9,4,9,4,8,4,9,5,8,4,7,5,7,5,7,5,6,5,6,5,6,5,5,5,5,5,4,5,4,5,3,5,3,4,2,4,2,4,0,0,0,0,0,0,0,0,0,0,0,0,0,0,-67,13,-61,14,-56,17,-51,6,-46,16,-39,14,-40,13,-36,16,-27,14,-27,21,-22,19,-18,22,-15,21,-14,19,-5,21,-1,19,-2,19,6,18,3,19,11,20,14,22,15,20,18,19,27,17,25,17,28,23,32,19,40,19,40,17,47,21,48,22,50,23,49,20,53,26,52,26,48,28,52,27,49,28,49,34,54,34,51,33,47,38,44,34,42,34,40,35,36,34,35,38,33,35,27,33,28,33,27,34,25,31,21,31,17,32,18,33,11,30,10,30,0,0,0,0,0,0,0,0,0,0,0,0,0,0,0,0,0,0,0,0,0,0,-17,4,-15,2,-18,0,-19,-5,-17,-7,-16,-14,-14,-15,-17,-19,-18,-23,-16,-27,-7,-28,-10,-32,-12,-36,-10,-38,-7,-40,-2,-45,-5,-52,2,-48,5,-52,4,-50,8,-53,7,-58,15,-59,12,-59,18,-56,10,-60,16,-65,14,-64,15,-60,14,-65,14,-59,14,-65,13,-65,13,-64,10,-67,7,-69,6,-67,3,-70,0,-70,-1,-73,-1,-70,-9,-73,-8,-72,-8,-78,-8,-71,-18,-71,-19,-77,-21,-76,-16,-78,-19,-82,-20,-82,-22,-81,-19,-90,-19,-78,-25,-86,-22,-82,-23,-79,0,0]"
CSI_DATA,173,1a:00:00:00:00:00,-46,11,1,0,1,1,1,0,0,0,1,-96,0,11,2,2516929,0,44,0,384,0,"[0,0,0,0,0,0,0,0,0,0,0,0,-2,-10,-2,-9,-3,-8,-3,-8,-3,-7,-3,-6,-3,-5,-3,-4,-3,-4,-4,-3,-4,-3,-4,-2,-4,-1,-4,0,-4,0,-4,1,-4,2,-4,2,-4,3,-5,3,-5,4,-4,5,-4,5,-5,6,-5,7,-5,7,0,0,-5,7,-6,8,-6,9,-6,8,-7,9,-7,8,-8,8,-8,8,-7,8,-8,7,-8,7,-8,6,-7,6,-8,6,-8,5,-8,5,-8,5,-7,5,-7,4,-7,3,-7,3,-7,3,-6,2,-6,1,-6,1,-6,0,0,0,0,0,0,0,0,0,0,0,0,0,0,0,8,-33,3,-31,3,-30,4,-29,1,-27,4,-28,4,-22,-3,-20,-3,-15,-2,-16,-1,-14,-4,-13,-6,-13,-6,-7,-7,-7,-7,-5,-10,-2,-10,0,-10,-1,-10,0,-12,5,-12,4,-12,7,-12,10,-14,9,-16,11,-14,9,-15,16,-16,16,-19,17,-17,17,-19,18,-17,17,-18,19,-18,19,-22,21,-22,20,-23,21,-25,19,-25,17,-23,15,-25,16,-23,16,-26,15,-26,13,-22,11,-23,11,-23,11,-21,9,-19,9,-19,8,-21,6,-18,6,-17,2,-17,3,-15,3,-15,1,0,0,0,0,0,0,0,0,0,0,0,0,0,0,0,0,0,0,0,0,0,0,1,-7,3,-8,4,-9,5,-10,8,-8,8,-6,9,-5,10,-4,15,-3,15,-3,15,1,17,3,20,1,20,3,20,7,18,8,21,11,21,10,22,10,23,12,26,14,25,18,26,16,26,18,23,18,28,19,24,21,25,20,23,20,27,20,23,19,29,20,29,19,28,18,28,17,31,17,27,16,28,17,30,15,34,16,34,12,33,12,34,14,35,9,35,8,37,10,39,8,38,7,40,6,40,7,42,9,42,6,46,9,38,6,42,9,41,6,38,7,0,0]"
CSI_DATA,174,1a:00:00:00:00:00,-46,11,1,0,1,1,1,0,0,0,1,-96,0,11,2,2527376,0,44,0,384,0,"[0,0,0,0,0,0,0,0,0,0,0,0,3,7,3,6,3,6,3,5,3,4,3,4,3,3,2,2,2,2,2,1,2,1,2,0,2,-1,2,-1,2,-2,2,-2,2,-3,2,-3,2,-4,2,-4,2,-5,2,-5,2,-6,2,-7,2,-7,2,-8,0,0,2,-8,3,-9,3,-9,3,-9,4,-9,4,-9,4,-9,4,-8,4,-9,5,-8,5,-8,5,-7,5,-7,5,-7,5,-6,5,-6,5,-6,5,-6,5,-5,4,-5,5,-4,5,-4,4,-3,4,-3,5,-2,4,-2,0,0,0,0,0,0,0,0,0,0,0,0,0,0,20,62,14,54,21,51,19,49,14,44,18,42,18,38,17,37,15,26,20,25,17,18,19,19,18,17,18,11,15,9,17,4,18,-1,18,-5,15,-11,11,-9,15,-16,12,-16,13,-18,14,-28,14,-32,13,-32,11,-29,12,-38,18,-37,13,-44,14,-42,15,-42,19,-45,17,-54,15,-47,25,-50,21,-52,25,-50,29,-48,27,-42,25,-46,33,-44,34,-42,36,-41,32,-39,29,-36,34,-35,33,-32,28,-30,28,-26,32,-22,29,-23,26,-18,27,-15,28,-17,29,-10,26,-7,0,0,0,0,0,0,0,0,0,0,0,0,0,0,0,0,0,0,0,0,0,0,9,12,6,19,6,20,4,24,-2,21,-5,27,-8,21,-14,25,-14,25,-21,24,-27,24,-25,27,-32,29,-37,23,-37,20,-42,18,-48,20,-47,16,-51,16,-52,16,-56,14,-58,10,-55,7,-60,7,-66,8,-62,8,-60,-2,-68,4,-61,1,-69,7,-63,4,-72,2,-68,6,-65,5,-71,6,-66,11,-64,11,-70,12,-66,13,-73,16,-73,18,-66,21,-73,23,-72,21,-75,25,-72,28,-70,27,-73,35,-72,30,-74,32,-74,31,-75,30,-81,33,-69,25,-76,30,-78,32,-76,29,0,0]"
CSI_DATA,175,1a:00:00:00:00:00,-46,11,1,0,1,1,1,0,0,0,1,-96,0,11,2,2537411,0,44,0,384,0,"[0,0,0,0,0,0,0,0,0,0,0,0,-6,-7,-6,-6,-6,-6,-6,-5,-5,-4,-5,-3,-4,-3,-4,-2,-4,-2,-4,-1,-4,0,-3,0,-4,1,-3,1,-3,2,-2,2,-2,3,-2,3,-2,4,-1,4,-1,4,-1,5,0,5,0,6,-1,7,0,7,0,0,1,8,-1,9,0,9,0,9,-1,9,-1,9,-1,9,-1,9,-1,9,-2,9,-2,9,-3,8,-3,8,-3,8,-3,7,-3,7,-3,7,-3,6,-3,6,-3,5,-3,5,-4,5,-3,4,-4,4,-4,3,-4,3,0,0,0,0,0,0,0,0,0,0,0,0,0,0,-24,-61,-23,-55,-25,-52,-21,-47,-24,-45,-20,-39,-20,-34,-20,-28,-21,-27,-18,-22,-19,-18,-24,-16,-20,-14,-15,-11,-16,-5,-19,-2,-23,4,-15,10,-17,8,-12,10,-16,16,-10,19,-9,21,-12,25,-9,27,-12,31,-11,34,-7,35,-10,40,-9,42,-9,44,-11,44,-15,46,-14,49,-11,51,-13,55,-12,52,-18,53,-19,53,-18,51,-21,49,-23,46,-23,49,-22,46,-25,42,-24,38,-25,41,-27,39,-21,35,-21,32,-26,29,-24,29,-22,26,-26,22,-26,20,-23,20,-26,14,0,0,0,0,0,0,0,0,0,0,0,0,0,0,0,0,0,0,0,0,0,0,-6,-24,-5,-25,2,-25,3,-27,7,-28,10,-25,13,-24,17,-25,22,-27,23,-25,29,-22,31,-23,38,-25,43,-24,43,-18,43,-18,47,-17,49,-13,55,-12,55,-9,54,-6,66,-5,56,-6,64,-4,66,0,65,-3,65,3,65,-1,66,2,67,0,63,-1,66,2,67,-1,67,-2,70,-2,71,-9,65,-8,67,-9,69,-11,71,-15,73,-16,71,-19,70,-21,73,-23,68,-26,66,-24,73,-29,69,-29,75,-34,72,-32,73,-33,79,-32,83,-31,71,-29,75,-32,73,-28,71,-31,0,0]"
CSI_DATA,176,1a:00:00:00:00:00,-46,11,1,0,1,1,1,0,0,0,1,-96,0,11,2,2548723,0,44,0,384,0,"[0,0,0,0,0,0,0,0,0,0,0,0,-1,8,0,7,0,6,0,6,1,5,1,4,1,4,1,3,2,2,2,2,2,2,2,1,3,0,3,0,3,-1,3,-1,3,-2,3,-2,3,-3,3,-4,4,-4,4,-5,4,-5,5,-6,5,-6,4,-6,0,0,5,-7,6,-7,6,-7,6,-7,6,-7,7,-7,7,-7,7,-7,7,-7,7,-6,7,-6,7,-5,7,-5,7,-5,7,-5,6,-4,6,-4,6,-4,6,-3,5,-3,6,-3,5,-2,5,-2,5,-1,4,-1,4,0,0,0,0,0,0,0,0,0,0,0,0,0,0,0,-10,62,-6,54,-1,57,-2,46,-3,41,-2,41,1,41,0,33,4,29,6,30,10,22,13,21,13,17,12,12,16,4,13,6,17,1,16,-1,17,-7,17,-3,22,-11,21,-10,23,-13,21,-20,25,-18,19,-23,24,-23,28,-29,27,-30,27,-35,31,-34,31,-35,33,-35,34,-40,32,-38,42,-36,41,-41,40,-38,39,-35,39,-34,41,-32,43,-30,45,-29,45,-25,38,-23,42,-22,41,-24,38,-20,35,-17,35,-16,32,-13,34,-12,32,-8,28,-2,31,-7,28,-2,26,1,0,0,0,0,0,0,0,0,0,0,0,0,0,0,0,0,0,0,0,0,0,0,-3,21,-5,23,-9,23,-13,22,-18,19,-19,23,-22,23,-30,17,-32,15,-33,15,-39,13,-41,13,-45,8,-46,6,-47,1,-50,1,-56,1,-51,-10,-58,-10,-57,-11,-59,-15,-61,-17,-59,-16,-64,-24,-61,-26,-64,-27,-59,-27,-62,-26,-62,-31,-67,-28,-58,-26,-65,-25,-64,-25,-66,-19,-67,-23,-66,-22,-64,-21,-69,-17,-70,-17,-72,-12,-69,-13,-74,-11,-74,-13,-75,-7,-78,-6,-80,-7,-77,-7,-79,-2,-81,-4,-82,-4,-82,-5,-82,0,-86,-5,-79,-4,-83,-6,-83,-2,-79,-4,0,0]"
CSI_DATA,177,1a:00:00:00:00:00,-46,11,1,0,1,1,1,0,0,0,1,-96,0,11,2,2556908,0,44,0,384,0,"[0,0,0,0,0,0,0,0,0,0,0,0,2,-8,1,-8,1,-7,0,-6,0,-6,0,-5,-1,-5,-1,-4,-2,-4,-2,-3,-3,-3,-3,-2,-4,-2,-4,-1,-4,-1,-4,0,-4,0,-5,1,-5,1,-6,2,-6,2,-6,3,-6,2,-7,3,-7,3,-7,3,0,0,-8,4,-9,4,-9,4,-9,4,-9,4,-9,4,-9,4,-9,3,-9,3,-9,3,-10,2,-9,1,-9,1,-9,1,-9,1,-8,1,-8,0,-8,0,-7,0,-7,0,-7,-1,-6,-1,-6,-1,-6,-2,-5,-2,-5,-2,0,0,0,0,0,0,0,0,0,0,0,0,0,0,17,-60,13,-48,13,-53,6,-50,10,-44,8,-40,3,-41,2,-40,-2,-31,-4,-25,-5,-21,-7,-20,-11,-19,-10,-13,-13,-12,-17,-10,-15,-7,-18,-4,-19,-2,-21,5,-25,4,-26,4,-26,13,-23,12,-27,14,-32,18,-30,19,-35,24,-34,25,-39,30,-35,25,-37,27,-43,34,-46,31,-42,33,-46,30,-48,29,-47,28,-52,25,-46,25,-51,27,-48,22,-49,19,-49,19,-43,16,-46,16,-43,13,-42,8,-38,12,-39,7,-40,8,-37,4,-39,6,-33,-1,-33,-1,-29,-6,-28,-8,0,0,0,0,0,0,0,0,0,0,0,0,0,0,0,0,0,0,0,0,0,0,4,-21,10,-19,11,-22,18,-19,23,-19,25,-16,25,-14,27,-10,30,-11,36,-8,36,-4,36,0,43,1,45,5,40,10,47,10,49,14,48,21,52,23,50,22,51,31,56,28,54,38,52,35,53,37,55,34,49,38,50,41,51,41,55,41,51,41,53,42,53,38,57,35,61,36,58,36,60,33,62,38,59,32,69,29,62,28,69,27,69,25,69,20,65,22,76,18,73,18,74,16,73,17,83,17,75,25,75,20,75,18,74,18,79,25,74,19,70,19,0,0]"
CSI_DATA,178,1a:00:00:00:00:00,-46,11,1,0,1,1,1,0,0,0,1,-96,0,11,2,2566942,0,44,0,384,0,"[0,0,0,0,0,0,0,0,0,0,0,0,-2,6,-1,6,0,5,0,5,0,4,0,3,1,3,1,2,1,2,2,1,2,1,2,0,3,-1,3,-2,3,-2,3,-3,3,-3,3,-3,3,-4,3,-5,3,-5,3,-6,3,-6,4,-7,4,-7,4,-7,0,0,4,-8,5,-9,5,-9,5,-9,5,-8,5,-9,5,-9,5,-9,5,-8,5,-8,6,-8,6,-7,6,-6,6,-6,6,-6,5,-6,5,-6,5,-5,5,-5,5,-5,4,-4,5,-4,5,-3,5,-3,4,-2,4,-2,0,0,0,0,0,0,0,0,0,0,0,0,0,0,-27,50,-31,49,-16,41,-22,43,-16,39,-10,32,-7,31,-5,28,-3,23,0,24,4,25,2,19,9,13,10,10,9,7,12,4,20,-3,16,-5,18,-1,20,-7,21,-8,21,-7,24,-17,25,-17,25,-19,27,-26,32,-27,30,-32,33,-32,37,-33,38,-33,38,-39,36,-41,35,-42,40,-39,40,-43,40,-40,38,-39,39,-36,46,-37,43,-35,43,-34,45,-31,45,-30,42,-27,42,-24,38,-31,42,-24,36,-22,36,-18,33,-19,33,-14,34,-14,32,-14,31,-7,28,-6,29,0,0,0,0,0,0,0,0,0,0,0,0,0,0,0,0,0,0,0,0,0,0,0,-12,17,-15,13,-17,10,-22,3,-26,3,-23,1,-28,-5,-26,-6,-30,-10,-33,-14,-33,-14,-28,-14,-34,-20,-34,-27,-34,-31,-30,-33,-35,-35,-30,-43,-33,-40,-30,-44,-30,-45,-32,-53,-27,-55,-30,-56,-29,-56,-33,-58,-24,-62,-28,-58,-27,-60,-31,-59,-27,-58,-35,-61,-32,-55,-37,-53,-36,-58,-38,-55,-40,-49,-45,-51,-42,-49,-51,-51,-49,-48,-53,-44,-53,-47,-57,-46,-54,-39,-61,-48,-63,-40,-70,-38,-70,-39,-69,-40,-69,-39,-72,-37,-66,-41,-67,-34,-72,-37,-69,-33,-64,-36,0,0]"
CSI_DATA,179,1a:00:00:00:00:00,-46,11,1,0,1,1,1,0,0,0,1,-96,0,11,2,2576964,0,44,0,384,0,"[0,0,0,0,0,0,0,0,0,0,0,0,-3,-7,-3,-6,-4,-5,-4,-5,-3,-4,-3,-3,-3,-2,-3,-2,-3,-1,-3,0,-2,0,-2,1,-2,2,-2,3,-2,2,-1,3,0,4,-1,4,0,4,0,5,0,5,0,6,1,6,1,7,2,8,2,7,0,0,2,8,2,9,2,9,3,9,2,9,2,10,2,10,1,9,2,10,1,9,1,9,1,9,0,8,0,8,0,8,0,8,0,7,0,7,0,7,0,6,-1,6,-1,6,-1,5,-2,5,-2,5,-2,4,0,0,0,0,0,0,0,0,0,0,0,0,0,0,-9,-58,-11,-58,-15,-48,-13,-44,-10,-42,-10,-33,-13,-32,-13,-26,-15,-20,-14,-18,-12,-11,-12,-11,-12,-6,-17,5,-13,1,-9,5,-12,12,-11,11,-10,19,-9,23,-5,26,-4,24,-3,35,1,33,1,36,0,42,-2,39,5,47,4,47,8,49,2,52,7,55,6,55,8,59,6,58,3,58,3,63,4,63,3,59,2,59,1,58,-4,58,-4,58,-2,58,-4,54,-7,53,-7,51,-9,52,-7,43,-8,42,-5,38,-8,40,-8,39,-14,32,-9,35,-13,30,-14,27,0,0,0,0,0,0,0,0,0,0,0,0,0,0,0,0,0,0,0,0,0,0,-2,-19,2,-18,6,-20,8,-19,15,-20,13,-14,15,-12,23,-11,26,-10,31,-9,35,-3,33,-3,38,2,40,5,40,5,38,13,44,11,48,17,45,15,53,18,53,22,58,24,55,26,57,23,58,30,54,29,56,30,53,32,55,29,56,28,56,27,64,26,61,26,62,25,63,26,63,19,65,20,70,13,66,12,71,7,69,9,74,5,67,1,75,-2,70,-4,71,-7,73,-9,78,-14,72,-14,79,-13,80,-10,80,-19,78,-10,75,-18,80,-14,70,-16,75,-13,0,0]"
CSI_DATA,180,1a:00:00:00:00:00,-46,11,1,0,1,1,1,0,0,0,1,-96,0,11,2,2587128,0,44,0,384,0,"[0,0,0,0,0,0,0,0,0,0,0,0,2,-7,1,-6,0,-6,0,-5,0,-5,-1,-4,-1,-3,-2,-3,-2,-2,-2,-1,-2,-1,-3,0,-3,1,-3,1,-3,2,-3,3,-3,3,-3,4,-3,4,-3,5,-3,5,-3,6,-3,6,-3,7,-3,8,-3,8,0,0,-3,9,-3,9,-3,10,-3,10,-4,10,-4,10,-3,10,-3,10,-4,10,-4,9,-4,9,-5,9,-4,8,-5,9,-5,8,-5,8,-4,7,-4,7,-4,7,-4,6,-4,6,-4,5,-4,5,-4,4,-5,4,-5,3,0,0,0,0,0,0,0,0,0,0,0,0,0,0,32,-49,30,-39,24,-47,18,-37,14,-39,11,-30,6,-26,9,-27,2,-21,-3,-22,-3,-13,-9,-13,-9,-9,-7,-4,-11,-6,-17,4,-15,8,-17,7,-14,11,-16,14,-18,15,-23,19,-18,23,-16,28,-17,35,-19,33,-21,33,-20,37,-21,41,-18,48,-21,47,-28,52,-24,51,-26,56,-22,49,-32,55,-26,58,-26,57,-32,54,-32,49,-30,49,-36,49,-33,48,-35,48,-30,44,-34,42,-32,43,-29,39,-26,42,-30,32,-26,30,-27,31,-30,29,-28,23,-32,20,-26,19,-27,15,0,0,0,0,0,0,0,0,0,0,0,0,0,0,0,0,0,0,0,0,0,0,11,-9,13,-7,16,-4,24,-3,19,2,17,5,17,8,21,8,22,14,21,14,20,27,20,25,24,30,19,33,17,41,20,36,21,43,14,45,15,50,18,54,18,56,18,59,15,59,14,62,11,67,20,64,11,63,13,67,11,65,20,65,14,59,20,66,20,60,23,63,22,63,28,61,30,57,39,58,37,55,43,58,44,55,47,54,46,58,49,49,52,48,60,48,57,47,60,45,61,39,62,44,59,48,66,38,69,44,60,38,73,38,71,39,66,41,0,0]"
CSI_DATA,181,1a:00:00:00:00:00,-46,11,1,0,1,1,1,0,0,0,1,-96,0,11,2,2596945,0,44,0,384,0,"[0,0,0,0,0,0,0,0,0,0,0,0,1,6,1,5,2,4,2,4,1,2,1,2,1,1,1,1,1,0,1,-1,1,-1,1,-2,1,-3,1,-3,1,-4,1,-4,1,-5,0,-5,0,-6,0,-6,0,-7,0,-8,-1,-7,-1,-9,-1,-9,-2,-9,0,0,-1,-10,-1,-11,-1,-11,-2,-11,-1,-10,0,-11,-1,-11,0,-11,0,-11,-1,-11,0,-11,0,-10,0,-10,1,-10,1,-9,1,-9,1,-9,1,-9,1,-8,1,-8,2,-7,2,-7,2,-6,2,-6,2,-6,2,-5,0,0,0,0,0,0,0,0,0,0,0,0,0,0,-8,54,-2,48,-2,46,-3,47,-3,42,4,29,2,30,2,23,9,19,8,12,14,13,13,9,16,2,9,-4,11,-4,11,-10,14,-14,10,-20,9,-20,12,-21,11,-27,9,-27,5,-31,9,-36,10,-38,8,-43,7,-40,2,-50,1,-51,3,-52,3,-50,1,-61,2,-56,2,-63,-1,-62,4,-64,4,-67,5,-71,12,-63,10,-64,11,-66,8,-61,10,-58,16,-59,14,-52,14,-53,12,-53,16,-52,15,-46,15,-45,15,-43,17,-45,17,-42,22,-37,20,-35,20,-31,22,-25,0,0,0,0,0,0,0,0,0,0,0,0,0,0,0,0,0,0,0,0,0,0,-10,17,-11,11,-15,13,-18,11,-19,7,-20,3,-24,4,-27,-2,-33,-4,-28,-10,-35,-13,-34,-12,-37,-17,-38,-20,-38,-25,-39,-28,-40,-32,-41,-35,-42,-33,-41,-40,-43,-46,-45,-46,-42,-47,-46,-50,-43,-50,-49,-50,-41,-52,-46,-55,-46,-55,-50,-53,-45,-49,-53,-52,-46,-49,-48,-49,-51,-45,-56,-48,-55,-42,-59,-40,-55,-37,-64,-34,-65,-33,-63,-26,-69,-28,-72,-26,-68,-23,-69,-21,-70,-18,-74,-12,-78,-16,-78,-12,-76,-9,-80,-5,-72,-6,-74,-4,-79,-8,-73,-4,-66,-12,0,0]"
CSI_DATA,182,1a:00:00:00:00:00,-45,11,1,0,1,1,1,0,0,0,1,-96,0,11,2,2606929,0,44,0,384,0,"[0,0,0,0,0,0,0,0,0,0,0,0,-7,2,-6,2,-5,2,-4,2,-4,2,-2,2,-2,2,-1,2,0,2,0,2,1,2,1,2,2,2,3,2,3,1,4,1,5,1,5,1,6,0,6,0,6,0,7,0,7,0,8,-1,9,-1,9,-1,0,0,10,-1,10,-1,11,-1,11,-1,11,-1,11,0,11,-1,11,-1,11,-1,11,0,11,1,11,1,10,1,10,1,10,1,10,1,9,1,9,1,8,1,8,2,7,2,7,2,6,2,6,3,5,3,4,3,0,0,0,0,0,0,0,0,0,0,0,0,0,0,-56,-4,-47,-1,-48,2,-36,4,-33,4,-28,5,-30,6,-23,9,-19,8,-12,6,-9,12,-4,11,-2,15,-2,11,7,12,9,15,13,11,15,14,20,11,24,11,26,15,26,11,29,5,34,8,36,8,38,7,44,8,48,5,49,4,54,3,51,5,55,5,56,10,61,8,60,-2,60,7,65,6,64,8,61,10,62,11,60,12,60,10,61,11,57,12,52,13,56,13,50,16,51,15,46,14,46,16,43,16,42,16,37,15,34,20,34,20,29,22,24,23,0,0,0,0,0,0,0,0,0,0,0,0,0,0,0,0,0,0,0,0,0,0,-15,-10,-12,-11,-12,-8,-13,-15,-10,-19,-6,-21,-6,-21,-5,-26,2,-30,2,-28,10,-36,10,-33,12,-37,16,-39,24,-35,23,-38,23,-43,29,-43,29,-42,36,-43,37,-42,39,-48,40,-46,40,-46,44,-48,40,-49,49,-45,49,-49,49,-44,47,-49,44,-47,43,-51,44,-52,38,-49,36,-55,34,-53,32,-56,31,-61,30,-60,29,-64,24,-60,21,-62,21,-66,21,-70,18,-62,7,-76,10,-72,9,-69,6,-70,10,-75,7,-71,2,-74,6,-75,6,-66,3,-74,3,-71,3,-70,0,0]"
CSI_DATA,183,1a:00:00:00:00:00,-46,11,1,0,1,1,1,0,0,0,1,-96,0,11,2,2626927,0,44,0,384,0,"[0,0,0,0,0,0,0,0,0,0,0,0,5,1,5,0,4,0,4,-1,3,-1,2,-2,1,-2,1,-2,0,-2,0,-3,0,-3,-1,-4,-2,-3,-2,-3,-3,-3,-4,-4,-4,-4,-5,-4,-5,-3,-6,-4,-6,-4,-7,-3,-7,-4,-8,-4,-9,-4,-9,-3,0,0,-10,-3,-10,-4,-11,-4,-11,-4,-11,-4,-11,-5,-11,-4,-11,-5,-11,-5,-11,-5,-10,-5,-10,-5,-10,-5,-9,-5,-9,-5,-9,-5,-9,-5,-8,-4,-8,-5,-7,-5,-7,-5,-6,-5,-6,-5,-6,-5,-5,-6,-4,-5,0,0,0,0,0,0,0,0,0,0,0,0,0,0,44,20,41,22,41,14,36,9,31,11,23,6,29,3,23,-4,21,-5,17,-7,11,-6,13,-12,3,-14,5,-20,-1,-17,-3,-18,-6,-22,-10,-19,-7,-22,-17,-23,-21,-19,-23,-23,-28,-18,-27,-20,-32,-21,-38,-23,-43,-23,-41,-25,-49,-27,-55,-27,-54,-21,-54,-25,-56,-26,-57,-29,-59,-24,-61,-31,-59,-31,-63,-30,-60,-34,-59,-33,-59,-34,-54,-37,-55,-37,-56,-37,-51,-33,-53,-33,-49,-33,-49,-37,-44,-30,-43,-33,-39,-33,-36,-32,-34,-32,-30,-31,-29,-33,-25,-34,-22,-34,0,0,0,0,0,0,0,0,0,0,0,0,0,0,0,0,0,0,0,0,0,0,12,7,8,11,5,10,4,13,3,17,-1,15,-4,21,-9,19,-12,20,-16,20,-24,17,-22,20,-28,24,-30,22,-35,21,-36,19,-40,22,-47,20,-47,18,-47,19,-54,14,-56,21,-54,17,-59,13,-62,15,-60,16,-63,16,-62,17,-64,16,-61,19,-64,20,-65,19,-61,20,-60,22,-62,23,-58,31,-56,28,-55,30,-53,32,-52,40,-55,40,-51,49,-45,44,-48,51,-45,48,-35,58,-42,55,-39,56,-38,59,-38,64,-37,60,-38,59,-35,60,-34,57,-34,62,-34,59,-33,62,0,0]"
CSI_DATA,184,1a:00:00:00:00:00,-46,11,1,0,1,1,1,0,0,0,1,-96,0,11,2,2636933,0,44,0,384,0,"[0,0,0,0,0,0,0,0,0,0,0,0,-4,5,-3,5,-2,4,-2,4,-1,3,-1,3,0,3,0,2,1,2,2,1,2,1,2,0,3,0,3,-1,3,-1,4,-1,4,-2,4,-2,4,-3,5,-4,5,-3,5,-4,6,-4,6,-5,7,-5,6,-6,0,0,7,-6,8,-7,8,-7,8,-7,8,-7,8,-7,8,-7,9,-6,9,-6,9,-6,9,-6,9,-6,8,-5,8,-5,9,-5,8,-4,8,-4,7,-4,8,-3,7,-3,7,-2,7,-3,6,-2,6,-1,6,-1,5,0,0,0,0,0,0,0,0,0,0,0,0,0,0,0,-34,39,-31,35,-27,36,-26,32,-21,29,-16,29,-16,19,-11,24,-3,18,-2,18,0,17,7,13,13,13,11,9,12,10,17,5,18,4,21,-2,17,-7,25,-5,26,-11,30,-15,27,-19,29,-20,31,-19,33,-23,34,-23,30,-35,39,-31,41,-34,42,-35,41,-40,42,-35,45,-45,40,-44,49,-39,49,-46,51,-49,50,-42,51,-43,52,-41,52,-37,50,-35,52,-35,51,-32,54,-34,48,-29,46,-32,48,-26,44,-24,46,-22,44,-24,41,-18,40,-13,40,-11,37,-6,37,-5,0,0,0,0,0,0,0,0,0,0,0,0,0,0,0,0,0,0,0,0,0,0,-10,9,-13,10,-14,2,-16,0,-15,0,-14,-7,-15,-10,-17,-13,-17,-18,-20,-20,-19,-22,-16,-32,-18,-30,-15,-38,-13,-40,-15,-43,-15,-49,-7,-52,-12,-49,-10,-53,-5,-51,-7,-62,-5,-58,-2,-59,-3,-66,-4,-69,0,-65,-3,-68,2,-64,-7,-66,-5,-61,-5,-68,-8,-65,-10,-62,-12,-68,-15,-63,-13,-63,-23,-59,-22,-58,-24,-63,-28,-62,-35,-60,-33,-58,-37,-63,-39,-59,-41,-59,-49,-57,-45,-49,-47,-48,-53,-57,-50,-52,-51,-51,-53,-51,-50,-53,-56,-52,-50,-49,-51,-44,0,0]"
CSI_DATA,185,1a:00:00:00:00:00,-46,11,1,0,1,1,1,0,0,0,1,-96,0,11,2,2646949,0,44,0,384,0,"[0,0,0,0,0,0,0,0,0,0,0,0,-3,-7,-3,-7,-4,-6,-4,-5,-4,-4,-3,-4,-4,-3,-4,-2,-4,-1,-4,-1,-4,0,-4,1,-4,2,-4,2,-4,3,-4,4,-3,4,-3,4,-3,5,-3,6,-3,6,-3,7,-2,7,-3,8,-3,9,-3,9,0,0,-2,10,-3,10,-3,11,-3,11,-3,11,-4,11,-3,11,-4,11,-3,11,-4,11,-4,11,-5,10,-5,10,-5,10,-5,9,-5,10,-5,9,-5,8,-5,8,-5,7,-5,7,-5,6,-5,6,-5,5,-6,5,-6,4,0,0,0,0,0,0,0,0,0,0,0,0,0,0,-7,-59,-3,-53,-10,-59,-6,-48,-5,-41,-8,-34,-10,-37,-11,-31,-16,-20,-15,-22,-19,-17,-18,-10,-18,-12,-20,-4,-18,-1,-17,4,-23,11,-21,12,-18,15,-21,16,-19,23,-22,23,-20,26,-20,28,-22,35,-20,40,-23,42,-18,46,-19,47,-19,54,-23,48,-23,56,-24,50,-24,59,-22,58,-27,60,-24,63,-28,62,-30,61,-33,57,-30,61,-31,56,-34,52,-37,56,-34,51,-33,48,-29,49,-32,48,-35,42,-30,41,-31,39,-33,38,-34,36,-35,31,-34,28,-35,19,-36,17,0,0,0,0,0,0,0,0,0,0,0,0,0,0,0,0,0,0,0,0,0,0,-5,-18,0,-17,1,-20,5,-17,10,-18,16,-17,13,-14,21,-9,25,-5,27,-3,30,-4,33,-2,43,-2,40,5,41,11,41,16,43,17,43,20,45,18,47,26,51,33,54,33,48,36,51,36,52,40,53,38,48,41,46,36,48,42,54,36,46,39,57,37,54,40,52,36,57,35,57,26,57,30,59,28,58,24,68,19,66,24,63,14,68,18,72,10,69,15,66,7,67,8,69,1,69,2,75,0,76,1,78,-5,79,2,81,-5,76,-2,72,-3,69,0,0,0]"
CSI_DATA,186,1a:00:00:00:00:00,-48,11,1,0,1,1,1,0,0,0,1,-96,0,11,2,2666950,0,44,0,384,0,"[0,0,0,0,0,0,0,0,0,0,0,0,-1,9,-2,8,0,7,0,6,1,6,0,5,1,4,1,3,2,3,2,2,2,2,3,1,3,0,3,0,3,-1,5,-2,4,-2,4,-3,5,-3,5,-4,5,-4,6,-6,6,-5,6,-6,7,-7,6,-7,0,0,7,-8,7,-9,8,-9,7,-9,8,-8,9,-9,9,-9,9,-8,8,-8,8,-7,9,-7,8,-6,9,-6,8,-6,8,-6,8,-5,8,-5,8,-5,8,-5,7,-4,7,-3,7,-3,7,-2,6,-1,6,-1,5,-1,0,0,0,0,0,0,0,0,0,0,0,0,0,0,-18,58,-19,48,-7,56,-10,48,-9,44,-6,39,-4,37,-2,32,6,23,6,26,10,21,9,19,9,19,12,13,11,11,21,9,24,6,22,1,21,0,26,-5,26,-9,24,-11,29,-19,24,-17,25,-22,30,-20,36,-26,35,-30,36,-28,38,-33,36,-35,42,-34,38,-35,43,-40,40,-40,50,-34,46,-37,47,-37,49,-41,46,-34,48,-35,51,-31,46,-27,46,-30,46,-27,43,-25,45,-26,48,-16,44,-17,41,-16,41,-11,40,-13,36,-10,37,-6,35,-2,28,-4,27,4,0,0,0,0,0,0,0,0,0,0,0,0,0,0,0,0,0,0,0,0,0,0,4,26,-5,25,-4,25,-9,28,-17,23,-16,20,-23,20,-27,22,-32,21,-30,15,-30,13,-39,2,-43,10,-44,3,-46,-6,-44,-9,-49,-10,-45,-19,-51,-21,-46,-21,-44,-25,-49,-29,-48,-35,-48,-34,-49,-33,-51,-35,-43,-39,-49,-40,-46,-40,-49,-37,-46,-36,-49,-43,-53,-39,-47,-32,-56,-39,-48,-32,-50,-34,-51,-30,-53,-28,-61,-25,-62,-27,-64,-32,-63,-28,-65,-19,-64,-22,-64,-20,-69,-22,-71,-12,-71,-16,-78,-16,-77,-17,-80,-13,-81,-22,-76,-13,-81,-20,-78,-17,-73,-20,0,0]"
CSI_DATA,187,1a:00:00:00:00:00,-48,11,1,0,1,1,1,0,0,0,1,-96,0,11,2,2677134,0,44,0,384,0,"[0,0,0,0,0,0,0,0,0,0,0,0,-9,3,-9,4,-8,4,-8,4,-6,3,-6,4,-5,4,-4,4,-4,3,-3,3,-2,4,-1,3,-1,4,0,3,1,3,2,3,2,3,3,3,4,3,4,3,4,3,5,3,5,2,6,2,7,3,7,3,0,0,8,3,9,3,9,4,9,4,9,4,9,4,9,4,9,4,9,4,9,4,8,6,8,5,8,5,8,5,7,5,7,6,6,5,6,5,6,6,5,5,4,6,4,5,4,5,3,5,2,5,1,5,0,0,0,0,0,0,0,0,0,0,0,0,0,0,-72,24,-69,15,-57,21,-52,8,-49,15,-47,12,-40,14,-39,17,-37,20,-31,17,-24,15,-20,18,-20,22,-14,19,-13,19,-7,23,1,21,1,20,5,16,8,19,11,20,16,19,17,17,23,19,23,23,29,21,28,22,35,16,28,23,46,16,40,20,44,19,43,26,46,25,50,25,48,25,47,30,48,30,48,29,51,31,47,30,45,32,44,36,44,34,40,35,37,33,35,36,34,34,30,35,26,33,25,31,22,34,20,36,15,30,10,34,10,30,7,31,0,0,0,0,0,0,0,0,0,0,0,0,0,0,0,0,0,0,0,0,0,0,-7,24,-9,18,-14,18,-15,15,-19,11,-19,9,-23,5,-22,1,-24,-6,-24,-10,-22,-13,-27,-17,-28,-20,-21,-27,-20,-28,-14,-37,-17,-42,-13,-41,-13,-44,-10,-55,-9,-57,-5,-55,-2,-57,-3,-56,6,-62,1,-64,7,-61,13,-59,10,-62,10,-64,10,-57,8,-67,4,-66,5,-64,4,-65,1,-64,0,-67,-2,-64,-4,-65,-6,-70,-9,-70,-14,-68,-16,-71,-19,-74,-18,-71,-29,-71,-28,-75,-27,-76,-30,-78,-29,-79,-28,-78,-28,-85,-27,-85,-25,-81,-27,-82,-28,-80,-23,-82,0,0]"
CSI_DATA,188,1a:00:00:00:00:00,-47,11,1,0,1,1,1,0,0,0,1,-96,0,11,2,2686930,0,44,0,384,0,"[0,0,0,0,0,0,0,0,0,0,0,0,1,-12,1,-11,-1,-10,0,-10,-1,-8,-1,-8,-1,-7,-2,-7,-2,-6,-2,-6,-3,-6,-3,-5,-4,-5,-4,-4,-5,-4,-5,-3,-5,-3,-5,-2,-5,-2,-7,-2,-6,-1,-7,-1,-7,-1,-8,0,-9,0,-8,0,0,0,-9,0,-10,0,-10,-1,-10,-1,-10,-1,-10,-2,-11,-1,-10,-2,-11,-2,-10,-2,-10,-3,-10,-3,-9,-3,-9,-4,-8,-4,-9,-4,-8,-4,-8,-4,-7,-4,-7,-4,-6,-5,-5,-5,-5,-5,-4,-5,-4,-5,-3,-5,0,0,0,0,0,0,0,0,0,0,0,0,0,0,11,-38,11,-32,5,-35,5,-31,6,-31,6,-28,4,-26,3,-24,3,-23,-2,-20,-1,-20,-1,-17,-3,-18,-4,-15,-6,-13,-8,-15,-8,-13,-9,-10,-10,-10,-12,-10,-15,-7,-14,-7,-15,-5,-15,-2,-17,-4,-18,-5,-20,-3,-21,-2,-22,-2,-24,0,-23,-1,-26,-3,-25,-1,-27,-2,-26,-4,-28,-4,-28,-5,-28,-5,-28,-6,-30,-6,-27,-6,-28,-9,-25,-9,-27,-11,-27,-10,-24,-12,-25,-11,-22,-13,-18,-12,-19,-12,-17,-14,-16,-14,-14,-14,-11,-14,-11,-15,-10,-15,-8,-16,0,0,0,0,0,0,0,0,0,0,0,0,0,0,0,0,0,0,0,0,0,0,-7,3,-8,1,-6,2,-7,-3,-4,-3,-4,-4,-1,-5,1,-7,2,-8,3,-8,6,-10,7,-7,10,-9,12,-8,13,-9,16,-7,21,-6,21,-3,22,-6,24,-1,25,0,29,2,28,1,30,4,31,4,32,4,31,6,34,8,30,8,33,7,29,9,33,7,33,9,32,9,33,9,33,9,31,4,33,7,34,6,37,2,37,5,37,0,38,3,39,1,39,0,37,2,39,2,41,0,43,0,45,2,43,1,47,0,50,2,43,4,47,4,45,5,44,6,0,0]"
CSI_DATA,189,1a:00:00:00:00:00,-45,11,1,0,1,1,1,0,0,0,1,-96,0,11,2,2706951,0,44,0,384,0,"[0,0,0,0,0,0,0,0,0,0,0,0,-10,6,-9,6,-8,6,-8,5,-7,5,-7,5,-6,5,-5,5,-5,5,-4,5,-4,5,-3,5,-3,5,-3,5,-3,5,-2,6,-1,6,-1,6,-1,6,-1,6,-1,6,0,7,0,7,0,8,0,8,0,8,0,0,0,8,0,9,0,9,0,9,-1,9,-1,9,-1,9,-1,8,-2,8,-3,8,-3,8,-3,7,-3,7,-3,6,-4,6,-4,6,-4,5,-4,5,-4,5,-4,4,-4,3,-5,3,-4,2,-5,2,-5,1,-4,1,0,0,0,0,0,0,0,0,0,0,0,0,0,0,-65,29,-62,28,-57,33,-53,29,-55,33,-48,27,-48,27,-44,26,-39,23,-34,29,-33,26,-31,30,-28,32,-27,27,-24,28,-19,34,-20,31,-13,32,-13,31,-9,36,-4,39,-7,34,-4,33,-6,40,-6,37,-5,41,1,45,1,42,-1,42,3,47,0,47,-3,50,-5,46,-1,53,-1,50,-8,51,-8,53,-6,51,-11,48,-14,49,-15,47,-17,45,-17,42,-19,44,-21,37,-20,38,-22,35,-23,35,-25,31,-23,28,-25,23,-26,20,-23,20,-27,15,-25,11,-22,10,-24,9,0,0,0,0,0,0,0,0,0,0,0,0,0,0,0,0,0,0,0,0,0,0,5,6,1,2,-2,4,-1,3,-3,8,-8,6,-11,8,-18,6,-17,5,-23,8,-27,1,-32,3,-35,1,-35,-7,-32,-10,-42,-13,-44,-17,-43,-22,-42,-22,-43,-30,-45,-31,-48,-40,-44,-39,-43,-42,-42,-47,-44,-44,-41,-50,-41,-48,-38,-48,-40,-54,-36,-51,-38,-57,-36,-53,-40,-50,-39,-55,-44,-54,-41,-51,-44,-49,-44,-52,-49,-54,-42,-51,-53,-52,-49,-57,-51,-56,-52,-54,-59,-60,-61,-56,-58,-58,-59,-63,-58,-64,-56,-67,-60,-63,-55,-69,-56,-68,-59,-75,-48,-76,-43,-76,0,0]"
CSI_DATA,190,1a:00:00:00:00:00,-45,11,1,0,1,1,1,0,0,0,1,-96,0,11,2,2716981,0,44,0,384,0,"[0,0,0,0,0,0,0,0,0,0,0,0,3,-11,2,-10,1,-10,1,-9,1,-9,1,-8,0,-9,0,-8,0,-8,-1,-7,-1,-7,-2,-7,-2,-7,-3,-6,-3,-6,-3,-7,-4,-6,-4,-6,-4,-6,-5,-6,-5,-6,-5,-6,-5,-6,-6,-6,-6,-7,-6,-7,0,0,-6,-7,-6,-7,-6,-7,-6,-7,-6,-8,-6,-8,-5,-8,-5,-8,-4,-8,-4,-8,-4,-8,-3,-8,-3,-8,-2,-8,-2,-7,-2,-7,-1,-7,-1,-6,-1,-6,0,-6,0,-6,0,-5,1,-5,1,-5,1,-4,1,-3,0,0,0,0,0,0,0,0,0,0,0,0,0,0,27,-66,26,-61,20,-63,22,-58,15,-54,16,-49,13,-49,15,-49,7,-44,6,-43,2,-44,2,-41,-1,-38,5,-35,-4,-34,-9,-35,-7,-39,-12,-37,-13,-33,-11,-33,-20,-34,-16,-30,-24,-30,-22,-32,-22,-29,-24,-33,-25,-32,-22,-35,-29,-35,-37,-36,-30,-35,-32,-39,-27,-38,-31,-41,-29,-34,-30,-41,-27,-41,-27,-42,-21,-40,-22,-42,-15,-41,-13,-43,-14,-46,-14,-45,-11,-39,-7,-40,-6,-41,-5,-35,-4,-36,2,-34,0,-34,2,-29,1,-31,5,-24,7,-22,11,-21,13,-20,0,0,0,0,0,0,0,0,0,0,0,0,0,0,0,0,0,0,0,0,0,0,-6,-3,-7,-6,-5,-6,-1,-10,1,-13,4,-12,3,-15,8,-17,14,-17,17,-19,20,-22,26,-20,27,-20,33,-20,39,-17,41,-14,45,-17,44,-9,46,-11,53,-1,54,-3,60,-4,54,2,59,7,62,7,65,7,62,7,67,8,58,15,64,17,55,14,60,12,61,15,59,14,62,12,64,13,61,11,64,9,65,11,70,8,74,10,67,8,73,5,73,6,74,8,70,6,75,7,78,4,82,8,78,12,80,13,86,11,87,21,72,14,85,21,80,23,77,23,0,0]"
CSI_DATA,191,1a:00:00:00:00:00,-45,11,1,0,1,1,1,0,0,0,1,-96,0,11,2,2726928,0,44,0,384,0,"[0,0,0,0,0,0,0,0,0,0,0,0,4,-11,3,-10,2,-10,2,-10,2,-9,2,-9,1,-8,1,-8,1,-8,0,-7,0,-8,-1,-7,-2,-7,-2,-7,-2,-7,-3,-8,-3,-7,-3,-7,-4,-7,-4,-7,-4,-7,-5,-7,-4,-7,-5,-7,-5,-8,-5,-8,0,0,-5,-8,-5,-9,-5,-9,-4,-9,-4,-9,-4,-9,-3,-9,-3,-9,-2,-9,-2,-9,-2,-9,-1,-8,-1,-8,0,-8,0,-7,0,-7,1,-7,1,-6,1,-6,1,-6,2,-5,2,-5,2,-4,2,-4,2,-3,2,-3,0,0,0,0,0,0,0,0,0,0,0,0,0,0,31,-62,32,-62,24,-63,22,-55,19,-54,21,-53,19,-48,17,-50,11,-46,15,-41,9,-45,4,-42,1,-40,3,-40,2,-40,-4,-39,-3,-37,-7,-37,-8,-32,-12,-35,-17,-35,-14,-35,-17,-35,-19,-34,-23,-34,-22,-39,-22,-38,-25,-41,-18,-41,-25,-38,-24,-40,-29,-47,-21,-46,-27,-45,-23,-42,-21,-48,-21,-50,-20,-47,-15,-46,-16,-49,-12,-45,-7,-47,-8,-41,-3,-41,-1,-41,-1,-41,2,-38,2,-35,6,-31,3,-31,6,-25,5,-29,12,-25,11,-21,12,-20,14,-18,12,-16,0,0,0,0,0,0,0,0,0,0,0,0,0,0,0,0,0,0,0,0,0,0,-4,-4,-5,-3,-2,-9,0,-7,3,-9,2,-11,8,-16,8,-18,14,-18,17,-17,24,-19,24,-19,32,-18,33,-17,38,-14,42,-12,46,-15,48,-7,48,-7,53,-8,55,-2,61,5,60,8,62,13,61,15,63,14,59,14,59,18,57,21,64,19,57,16,64,21,59,19,63,20,64,17,65,17,63,19,66,15,66,16,71,20,69,16,71,14,71,13,73,12,68,13,77,13,78,12,75,6,80,14,81,18,81,22,84,20,82,26,79,21,83,29,81,25,72,30,0,0]"
CSI_DATA,192,1a:00:00:00:00:00,-45,11,1,0,1,1,1,0,0,0,1,-96,0,11,2,2739170,0,44,0,384,0,"[0,0,0,0,0,0,0,0,0,0,0,0,9,-5,8,-5,7,-6,7,-6,7,-6,6,-5,5,-6,5,-5,5,-6,4,-6,4,-6,3,-7,3,-6,3,-6,2,-6,1,-8,1,-7,1,-8,1,-7,1,-8,1,-8,0,-8,1,-8,0,-9,0,-9,1,-9,0,0,1,-9,1,-10,1,-9,1,-10,1,-9,2,-9,2,-9,2,-9,2,-9,3,-8,3,-8,4,-7,3,-7,3,-6,4,-6,4,-6,4,-5,4,-5,4,-4,3,-4,4,-3,3,-3,3,-2,3,-2,3,-1,2,-1,0,0,0,0,0,0,0,0,0,0,0,0,0,0,54,-41,55,-41,50,-40,46,-39,44,-43,37,-33,39,-33,36,-35,34,-31,27,-35,22,-35,18,-34,22,-35,18,-35,14,-34,10,-37,13,-40,10,-36,6,-36,2,-35,-1,-42,3,-42,-4,-40,-3,-38,-5,-41,-5,-43,-9,-47,-6,-45,-5,-45,-10,-51,-6,-47,-8,-48,-6,-49,-3,-52,-6,-52,2,-52,2,-46,3,-49,2,-51,5,-49,6,-49,12,-46,11,-42,13,-40,14,-35,15,-39,16,-33,17,-31,19,-28,17,-28,19,-25,18,-23,16,-19,16,-16,17,-15,20,-12,15,-8,0,0,0,0,0,0,0,0,0,0,0,0,0,0,0,0,0,0,0,0,0,0,-2,-1,-4,-5,0,-5,4,-7,7,-6,10,-7,12,-10,16,-3,19,-9,25,-6,30,0,29,5,35,4,37,12,34,14,42,16,42,20,43,23,40,25,43,29,43,31,43,37,42,40,44,45,40,47,43,46,35,47,39,47,34,51,37,51,36,47,40,49,39,50,39,49,42,53,41,47,43,48,46,49,42,47,50,50,45,47,52,48,52,49,57,49,53,44,61,50,56,47,62,47,57,44,64,57,54,59,63,55,59,59,51,57,53,65,55,57,52,65,0,0]"
CSI_DATA,193,1a:00:00:00:00:00,-46,11,1,0,1,1,1,0,0,0,1,-96,0,11,2,2747504,0,44,0,384,0,"[0,0,0,0,0,0,0,0,0,0,0,0,4,10,4,9,5,8,5,8,5,7,3,7,4,6,4,5,4,5,5,5,5,4,5,3,6,4,6,3,6,3,6,2,6,1,6,2,7,1,7,1,8,1,8,1,7,1,8,1,8,1,8,1,0,0,8,1,9,1,9,1,9,1,9,2,9,2,9,3,8,3,8,3,7,3,7,4,7,4,6,4,6,4,5,4,5,4,4,4,4,4,3,4,3,3,2,4,2,4,1,4,1,3,0,3,0,3,0,0,0,0,0,0,0,0,0,0,0,0,0,0,26,60,21,63,31,57,24,53,21,51,22,49,27,43,23,45,25,35,23,39,22,33,26,34,26,31,26,23,29,21,29,20,35,19,29,13,31,16,35,10,38,14,36,13,37,6,41,6,37,6,40,6,41,4,48,2,45,6,54,3,47,5,53,8,47,2,53,10,50,9,52,12,48,14,52,15,47,16,41,16,41,20,39,21,38,24,37,23,36,28,31,24,30,23,25,29,19,22,19,24,20,24,16,21,13,26,8,19,6,19,6,14,5,19,0,0,0,0,0,0,0,0,0,0,0,0,0,0,0,0,0,0,0,0,0,0,3,-4,5,0,4,6,7,6,6,12,3,18,4,17,2,20,-3,23,0,24,-7,33,-12,29,-12,36,-16,37,-23,38,-25,36,-28,38,-35,34,-34,42,-42,34,-45,32,-51,37,-50,30,-56,34,-56,32,-55,31,-57,24,-61,24,-58,23,-62,31,-54,26,-64,30,-58,24,-56,26,-59,32,-62,31,-58,30,-61,33,-57,33,-60,37,-63,37,-60,38,-61,40,-62,43,-60,38,-67,46,-68,40,-62,44,-65,48,-72,40,-71,46,-69,47,-77,44,-70,40,-76,42,-75,39,-73,35,0,0]"
CSI_DATA,194,1a:00:00:00:00:00,-46,11,1,0,1,1,1,0,0,0,1,-96,0,11,2,2756919,0,44,0,384,0,"[0,0,0,0,0,0,0,0,0,0,0,0,-6,-9,-6,-9,-6,-7,-6,-7,-6,-7,-5,-6,-6,-6,-6,-5,-6,-5,-5,-4,-6,-4,-6,-3,-6,-3,-6,-3,-6,-3,-6,-1,-6,-1,-6,-1,-7,-1,-8,-1,-7,-1,-8,-1,-7,-1,-8,0,-9,0,-8,0,0,0,-9,0,-9,-1,-10,-1,-9,-1,-9,-2,-9,-2,-9,-2,-9,-2,-9,-3,-8,-3,-8,-4,-7,-4,-7,-4,-6,-5,-6,-5,-6,-4,-5,-5,-5,-4,-4,-5,-4,-4,-3,-4,-3,-4,-3,-4,-2,-4,-2,-4,-1,-4,0,0,0,0,0,0,0,0,0,0,0,0,0,0,-24,-63,-20,-58,-27,-54,-24,-50,-26,-53,-22,-48,-28,-43,-24,-41,-22,-31,-21,-38,-26,-32,-26,-25,-30,-27,-27,-24,-28,-24,-27,-18,-30,-18,-30,-13,-33,-14,-32,-13,-34,-11,-36,-15,-35,-3,-39,-5,-38,1,-40,0,-40,-2,-48,-1,-47,-3,-47,-4,-44,-3,-52,-4,-49,-7,-53,-2,-48,-2,-51,-9,-53,-6,-47,-9,-42,-15,-43,-15,-42,-18,-39,-19,-44,-20,-39,-19,-41,-24,-34,-24,-33,-22,-31,-25,-23,-24,-25,-23,-21,-26,-19,-26,-18,-23,-11,-22,-11,-23,-6,-21,-5,-19,0,0,0,0,0,0,0,0,0,0,0,0,0,0,0,0,0,0,0,0,0,0,-8,1,-12,-1,-9,-6,-13,-5,-9,-11,-5,-14,-6,-17,-3,-19,-1,-21,2,-29,5,-30,7,-30,12,-39,17,-40,17,-38,22,-39,25,-43,35,-39,37,-38,42,-42,40,-42,43,-41,47,-37,56,-36,57,-34,59,-35,51,-29,55,-26,58,-26,60,-32,55,-27,57,-28,59,-31,52,-30,61,-30,53,-28,54,-32,60,-36,59,-29,57,-36,60,-37,60,-36,58,-41,63,-44,60,-41,59,-43,57,-44,60,-46,63,-49,67,-39,69,-47,74,-45,74,-40,72,-41,78,-41,73,-40,71,-36,0,0]"
CSI_DATA,195,1a:00:00:00:00:00,-47,11,1,0,1,1,1,0,0,0,1,-96,0,11,2,2766939,0,44,0,384,0,"[0,0,0,0,0,0,0,0,0,0,0,0,10,2,9,2,9,2,9,1,8,1,7,1,7,-1,6,-1,6,-1,5,-1,6,-2,5,-3,5,-3,5,-3,5,-3,5,-5,4,-5,4,-5,4,-5,4,-5,4,-6,4,-6,3,-6,4,-7,4,-7,4,-8,0,0,4,-8,4,-8,4,-8,4,-8,5,-8,5,-8,5,-8,5,-8,6,-7,6,-6,6,-7,6,-5,6,-5,6,-5,6,-5,6,-4,5,-4,5,-3,6,-3,5,-2,5,-2,5,-2,4,-1,4,-1,3,0,3,1,0,0,0,0,0,0,0,0,0,0,0,0,0,0,31,16,30,16,29,11,24,11,27,9,22,10,23,5,22,7,22,7,18,5,19,2,16,2,18,1,17,-3,16,-3,14,-5,16,-6,13,-8,13,-6,13,-7,11,-11,14,-11,13,-11,11,-13,12,-13,12,-16,13,-18,12,-18,11,-17,11,-18,12,-18,12,-17,14,-19,16,-20,16,-21,14,-17,19,-17,17,-19,18,-18,17,-17,18,-16,18,-15,18,-13,19,-13,19,-11,17,-9,19,-8,18,-7,14,-6,16,-6,14,-4,16,-3,15,-3,13,0,13,2,12,2,10,2,0,0,0,0,0,0,0,0,0,0,0,0,0,0,0,0,0,0,0,0,0,0,5,-4,6,-4,6,-2,7,-1,8,1,9,3,10,2,11,5,11,8,8,13,8,14,9,14,10,20,6,20,3,21,5,25,3,25,1,26,0,26,-4,32,-6,28,-5,33,-8,31,-9,29,-12,30,-10,30,-13,29,-11,30,-14,29,-13,30,-13,29,-14,31,-15,30,-12,30,-12,30,-11,31,-12,31,-11,32,-12,31,-10,34,-11,32,-10,35,-8,34,-10,35,-8,34,-6,37,-8,39,-8,37,-9,40,-9,41,-12,42,-11,40,-16,42,-12,40,-17,41,-14,36,-16,39,0,0]"
CSI_DATA,196,1a:00:00:00:00:00,-48,11,1,0,1,1,1,0,0,0,1,-96,0,11,2,2776951,0,44,0,384,0,"[0,0,0,0,0,0,0,0,0,0,0,0,-7,7,-7,6,-5,6,-6,6,-5,5,-5,5,-4,6,-3,5,-3,5,-2,4,-2,5,-1,5,-1,4,0,4,0,4,1,5,1,5,1,4,2,4,2,4,3,4,3,4,3,5,4,5,4,5,4,6,0,0,4,6,4,6,4,6,4,6,4,6,4,6,4,6,3,6,3,7,2,7,2,7,2,7,2,7,1,6,1,6,0,6,0,6,0,5,-1,5,-1,5,-1,5,-1,5,-2,4,-2,3,-2,3,-2,2,0,0,0,0,0,0,0,0,0,0,0,0,0,0,-55,40,-49,37,-47,35,-43,38,-39,40,-36,30,-35,32,-30,30,-25,28,-27,36,-26,30,-16,28,-16,30,-12,27,-9,29,-9,25,-6,31,-2,26,1,27,4,30,11,32,6,28,13,26,14,30,17,24,14,29,20,28,18,30,18,32,27,32,22,33,26,34,24,36,22,38,31,40,18,43,23,36,20,43,20,42,20,41,21,41,14,43,15,41,10,42,10,39,5,39,2,38,4,37,0,34,2,36,1,31,-3,31,-6,29,-9,24,-14,23,-12,22,-13,15,0,0,0,0,0,0,0,0,0,0,0,0,0,0,0,0,0,0,0,0,0,0,1,17,-5,20,-4,22,-12,20,-14,17,-20,22,-23,19,-22,17,-31,15,-31,10,-40,7,-42,4,-43,5,-49,-3,-46,-9,-49,-14,-55,-19,-53,-21,-52,-22,-51,-30,-50,-29,-54,-37,-54,-36,-51,-45,-47,-51,-52,-43,-49,-53,-48,-51,-38,-49,-46,-55,-42,-48,-48,-51,-46,-51,-44,-48,-43,-55,-45,-50,-44,-49,-51,-54,-49,-49,-56,-50,-52,-49,-56,-46,-56,-49,-60,-48,-60,-47,-61,-50,-60,-52,-64,-48,-64,-53,-62,-53,-60,-58,-64,-57,-63,-62,-57,-53,-63,-62,-61,-61,-53,-60,0,0]"
CSI_DATA,197,1a:00:00:00:00:00,-49,11,1,0,1,1,1,0,0,0,1,-96,0,11,2,2797287,0,44,0,384,0,"[0,0,0,0,0,0,0,0,0,0,0,0,-8,-5,-8,-4,-7,-4,-8,-4,-7,-3,-6,-2,-6,-1,-6,-1,-6,-1,-6,0,-5,0,-5,0,-5,0,-5,1,-5,1,-4,2,-4,3,-4,3,-4,3,-4,3,-4,3,-4,4,-3,4,-4,5,-4,6,-4,6,0,0,-4,6,-5,6,-5,7,-5,7,-5,6,-6,6,-6,6,-6,6,-6,6,-6,5,-6,5,-6,4,-6,4,-7,4,-7,3,-7,3,-7,3,-6,3,-6,2,-6,1,-6,1,-5,1,-5,0,-5,0,-5,-1,-4,-1,0,0,0,0,0,0,0,0,0,0,0,0,0,0,-45,-51,-40,-44,-43,-41,-29,-39,-32,-37,-32,-32,-29,-27,-37,-28,-29,-19,-27,-19,-32,-16,-26,-14,-24,-13,-28,-11,-24,-9,-29,-1,-28,-3,-26,4,-27,3,-21,7,-25,11,-21,15,-26,16,-23,17,-24,16,-28,18,-23,21,-24,23,-27,23,-28,29,-24,26,-27,30,-39,26,-36,29,-35,24,-41,24,-37,29,-43,21,-42,22,-42,21,-37,24,-42,20,-41,15,-43,18,-40,9,-37,9,-36,7,-38,6,-38,6,-32,0,-32,1,-35,-3,-29,-1,-24,-4,-25,-5,-21,-6,-19,-9,0,0,0,0,0,0,0,0,0,0,0,0,0,0,0,0,0,0,0,0,0,0,-21,10,-22,6,-25,0,-25,-4,-24,-9,-25,-14,-29,-16,-30,-25,-28,-29,-28,-32,-22,-39,-20,-40,-22,-47,-14,-49,-7,-51,-3,-54,-1,-60,5,-55,8,-57,13,-60,17,-60,24,-63,23,-59,27,-60,31,-61,32,-57,36,-57,44,-60,44,-53,42,-54,38,-47,42,-54,44,-53,41,-53,41,-56,39,-53,33,-49,34,-55,36,-55,40,-63,41,-61,38,-61,38,-60,37,-60,35,-60,38,-54,42,-62,36,-70,35,-65,42,-72,43,-70,42,-68,59,-70,52,-60,53,-67,52,-65,47,-62,0,0]"
CSI_DATA,198,1a:00:00:00:00:00,-49,11,1,0,1,1,1,0,0,0,1,-96,0,11,2,2826918,0,44,0,384,0,"[0,0,0,0,0,0,0,0,0,0,0,0,-7,-7,-7,-6,-8,-6,-7,-5,-7,-4,-6,-4,-6,-3,-5,-2,-6,-2,-6,-1,-5,-1,-5,0,-6,0,-5,1,-6,1,-5,2,-5,3,-5,2,-5,3,-5,4,-5,3,-5,4,-5,4,-6,5,-6,5,-6,6,0,0,-7,6,-7,6,-8,6,-7,6,-8,6,-8,6,-8,5,-8,5,-8,5,-8,5,-9,5,-8,3,-8,2,-8,3,-8,2,-8,2,-8,2,-7,1,-7,1,-7,0,-7,-1,-6,0,-6,-1,-5,-1,-5,-2,-5,-2,0,0,0,0,0,0,0,0,0,0,0,0,0,0,-46,-41,-46,-39,-47,-33,-43,-31,-40,-31,-37,-25,-37,-23,-41,-23,-33,-19,-29,-12,-31,-4,-30,-5,-29,-4,-28,-3,-29,1,-26,4,-23,9,-25,11,-23,10,-23,12,-23,16,-24,15,-19,20,-23,22,-24,27,-21,28,-21,31,-22,37,-27,36,-25,38,-24,33,-29,38,-30,37,-28,40,-31,38,-32,36,-32,41,-34,37,-36,34,-36,31,-35,31,-40,30,-38,26,-38,25,-36,20,-41,23,-39,15,-36,17,-34,13,-34,15,-33,9,-33,9,-35,6,-29,0,-26,0,-24,-3,-21,-5,0,0,0,0,0,0,0,0,0,0,0,0,0,0,0,0,0,0,0,0,0,0,-23,9,-20,4,-23,2,-27,-5,-27,-8,-25,-14,-28,-14,-28,-22,-30,-26,-25,-28,-23,-34,-19,-39,-20,-44,-16,-49,-9,-52,-10,-58,-5,-62,0,-62,6,-65,12,-66,13,-61,19,-65,24,-65,25,-67,33,-65,28,-64,34,-57,32,-60,38,-58,37,-60,36,-56,35,-61,36,-58,32,-56,33,-61,33,-60,35,-53,34,-58,32,-59,33,-67,33,-60,30,-65,28,-67,29,-70,31,-68,22,-73,26,-74,29,-74,28,-73,33,-75,36,-77,35,-74,42,-79,43,-72,42,-72,43,-67,45,-67,0,0]"
CSI_DATA,199,1a:00:00:00:00:00,-49,11,1,0,1,1,1,0,0,0,1,-96,0,11,2,2846949,0,44,0,384,0,"[0,0,0,0,0,0,0,0,0,0,0,0,-4,8,-3,7,-2,7,-2,7,-2,6,-1,5,-1,5,0,5,0,5,1,4,1,4,2,4,2,3,3,3,3,3,3,3,4,3,4,3,4,2,5,3,5,2,6,2,5,3,7,2,7,2,7,3,0,0,7,3,8,3,8,3,7,4,7,3,7,4,7,4,7,4,6,5,6,5,6,5,5,5,5,6,4,5,4,5,3,5,3,6,2,5,2,5,2,4,1,4,1,4,0,4,0,4,-1,4,-1,3,0,0,0,0,0,0,0,0,0,0,0,0,0,0,-19,24,-16,23,-13,23,-10,22,-12,22,-10,19,-6,15,-8,15,-6,14,-2,13,-2,15,0,13,-1,14,3,15,0,12,3,13,5,11,6,9,7,10,7,10,10,10,12,12,12,7,14,9,14,6,16,9,17,8,16,6,17,9,19,10,19,10,20,8,20,8,18,12,21,10,17,14,18,10,18,14,16,14,15,14,15,17,15,15,13,15,14,15,11,13,10,17,9,15,10,16,9,12,6,16,7,14,2,14,5,14,3,13,2,10,0,12,0,9,0,0,0,0,0,0,0,0,0,0,0,0,0,0,0,0,0,0,0,0,0,0,-1,9,-1,7,-3,10,-5,11,-7,11,-8,10,-11,11,-13,11,-16,10,-17,10,-20,9,-23,7,-25,7,-26,6,-27,1,-30,0,-32,-2,-32,-4,-30,-4,-33,-7,-32,-10,-36,-11,-33,-12,-34,-15,-31,-17,-35,-16,-30,-19,-30,-19,-31,-21,-30,-18,-29,-21,-31,-20,-27,-19,-29,-19,-29,-16,-27,-18,-27,-16,-29,-15,-29,-14,-33,-12,-30,-15,-34,-14,-32,-12,-35,-11,-34,-13,-33,-12,-35,-12,-36,-11,-35,-12,-39,-13,-35,-15,-39,-14,-39,-13,-36,-16,-38,-16,-37,-17,-32,-16,0,0]"
CSI_DATA,200,1a:00:00:00:00:00,-48,11,1,0,1,1,1,0,0,0,1,-96,0,11,2,2856955,0,44,0,384,0,"[0,0,0,0,0,0,0,0,0,0,0,0,-8,-5,-7,-5,-8,-4,-7,-4,-7,-4,-7,-3,-6,-2,-6,-2,-5,-1,-6,-1,-6,0,-5,1,-5,1,-6,1,-5,1,-5,3,-5,3,-5,3,-5,3,-5,4,-5,4,-5,4,-4,5,-5,5,-6,6,-5,6,0,0,-6,6,-6,6,-6,6,-6,6,-6,6,-7,5,-7,5,-7,5,-7,5,-7,4,-8,4,-7,3,-7,3,-7,2,-7,3,-7,2,-7,2,-7,1,-6,1,-6,1,-6,1,-6,0,-5,-1,-5,-1,-4,-1,-4,-2,0,0,0,0,0,0,0,0,0,0,0,0,0,0,-48,-40,-45,-32,-51,-34,-40,-35,-37,-23,-38,-28,-37,-18,-39,-18,-34,-14,-31,-14,-30,-8,-26,-5,-26,-7,-27,-1,-25,1,-25,7,-25,11,-22,10,-26,12,-21,13,-20,19,-16,16,-23,22,-15,22,-20,25,-22,26,-22,25,-27,34,-26,31,-23,34,-24,28,-27,34,-30,28,-27,38,-28,30,-33,33,-34,32,-31,30,-35,31,-37,27,-35,29,-38,22,-35,20,-40,19,-37,18,-32,16,-37,13,-31,10,-31,10,-29,8,-31,3,-31,2,-29,0,-29,-4,-24,-1,-22,-4,-21,-3,0,0,0,0,0,0,0,0,0,0,0,0,0,0,0,0,0,0,0,0,0,0,-13,-3,-18,-10,-18,-12,-22,-14,-19,-12,-19,-25,-18,-24,-18,-31,-18,-30,-13,-41,-13,-41,-9,-44,-11,-51,-8,-51,2,-51,0,-55,5,-65,17,-58,18,-65,16,-66,22,-68,30,-69,32,-63,35,-67,38,-67,36,-68,40,-61,40,-61,45,-55,50,-65,41,-51,48,-56,49,-57,38,-51,42,-59,38,-56,30,-48,32,-60,35,-57,27,-58,35,-60,30,-62,33,-69,30,-65,30,-67,21,-69,25,-64,26,-71,29,-66,26,-73,30,-72,30,-73,37,-74,36,-69,35,-74,39,-73,42,-67,0,0]"
CSI_DATA,201,1a:00:00:00:00:00,-47,11,1,0,1,1,1,0,0,0,1,-96,0,11,2,2867707,0,44,0,384,0,"[0,0,0,0,0,0,0,0,0,0,0,0,-9,1,-8,1,-8,2,-8,1,-7,1,-6,1,-6,3,-5,2,-5,2,-4,2,-4,3,-4,3,-3,3,-3,3,-3,4,-2,4,-2,4,-2,5,-1,5,-1,5,-1,5,-1,5,-1,6,-1,6,-1,6,-1,7,0,0,-2,7,-2,7,-2,7,-2,7,-2,7,-2,7,-2,7,-3,7,-3,7,-4,6,-4,6,-4,6,-4,5,-4,5,-4,5,-4,4,-4,4,-4,4,-4,3,-4,3,-4,2,-4,2,-4,2,-4,1,-4,1,-4,0,0,0,0,0,0,0,0,0,0,0,0,0,0,0,-61,11,-62,9,-55,14,-49,10,-45,14,-41,13,-42,12,-40,14,-39,12,-30,13,-28,14,-23,16,-26,19,-21,14,-21,20,-17,20,-14,23,-15,25,-10,23,-9,27,-8,30,-9,29,-1,30,-4,31,-2,31,-4,35,-3,39,1,39,-1,36,4,40,2,42,-1,41,-2,43,3,42,1,41,-9,42,-9,44,-5,41,-10,42,-11,40,-9,41,-17,39,-15,33,-16,36,-16,33,-22,33,-17,30,-19,30,-17,23,-21,22,-17,23,-18,20,-19,17,-20,13,-19,13,-21,7,-19,5,0,0,0,0,0,0,0,0,0,0,0,0,0,0,0,0,0,0,0,0,0,0,-14,8,-15,6,-19,5,-23,3,-27,-1,-27,-1,-29,-6,-30,-9,-38,-12,-40,-16,-42,-21,-38,-23,-44,-29,-41,-36,-38,-40,-43,-45,-42,-46,-39,-53,-35,-53,-32,-61,-28,-64,-30,-70,-26,-67,-28,-72,-24,-70,-23,-67,-14,-71,-15,-70,-14,-72,-15,-70,-13,-65,-16,-69,-12,-69,-13,-64,-9,-68,-17,-66,-14,-61,-21,-63,-18,-61,-22,-64,-22,-66,-25,-64,-23,-64,-30,-61,-27,-61,-25,-64,-26,-68,-34,-64,-29,-69,-30,-74,-27,-72,-32,-70,-28,-71,-23,-72,-25,-78,-21,-72,-20,-77,0,0]"
CSI_DATA,202,1a:00:00:00:00:00,-46,11,1,0,1,1,1,0,0,0,1,-96,0,11,2,2877333,0,44,0,384,0,"[0,0,0,0,0,0,0,0,0,0,0,0,0,-5,-2,-6,-1,-8,-1,-8,-1,-8,-1,-8,-1,-8,-1,-8,-1,-7,-1,-7,-2,-7,-2,-6,-3,-5,-3,-4,-4,-3,-5,-3,-5,-2,-6,-1,-6,-1,-6,0,-6,0,-7,1,-8,1,-8,2,-9,2,-10,2,0,0,-11,2,-11,1,-11,1,-11,0,-9,-1,-9,-1,-7,-2,-6,-2,-5,-1,-4,-1,-3,0,-2,0,-2,1,-1,2,-2,3,-2,4,-3,5,-3,5,-3,4,-4,4,-4,3,-4,2,-4,1,-3,0,-3,0,-2,-1,0,0,0,0,0,0,0,0,0,0,0,0,0,0,51,-32,51,-33,37,-29,35,-24,21,-9,42,-17,35,-40,-1,-20,35,-4,7,-9,12,-5,13,-17,15,-22,13,-23,-3,-22,-5,-25,1,-30,-9,-27,-4,-20,-19,-26,-13,-28,-22,-27,-17,-24,-25,-27,-28,-29,-17,-26,-26,-33,-31,-34,-30,-11,-40,-17,-30,-25,-54,-30,-35,2,-23,-21,-41,2,-56,-54,-63,-22,-55,-43,-44,-25,6,-15,-60,-27,-17,-35,-49,-40,-9,-40,-33,-6,-27,-17,-14,-19,-8,-29,-7,-14,-13,-29,-22,-12,-13,-28,-10,-14,-17,-19,-6,-18,-15,-16,-13,-25,0,0,0,0,0,0,0,0,0,0,0,0,0,0,0,0,0,0,0,0,0,0,14,5,9,7,12,11,12,15,13,16,14,22,13,23,14,27,16,32,15,35,13,39,11,41,17,47,11,50,5,46,7,54,4,57,-2,58,-2,59,0,62,-5,64,-9,68,-8,66,-7,70,-7,71,-5,72,-14,66,-12,66,-14,65,-8,67,-10,62,-7,62,-5,64,-1,61,-1,64,0,65,6,64,9,60,12,60,15,64,13,56,22,61,17,63,21,64,26,60,31,57,28,57,32,57,33,58,37,62,35,60,37,62,32,61,33,61,35,64,36,58,34,61,0,0]"
CSI_DATA,203,1a:00:00:00:00:00,-46,11,1,0,1,1,1,0,0,0,1,-96,0,11,2,2887442,0,44,0,384,0,"[0,0,0,0,0,0,0,0,0,0,0,0,-2,-9,-3,-8,-3,-7,-3,-7,-3,-7,-3,-7,-3,-6,-3,-5,-4,-5,-4,-4,-4,-5,-5,-4,-5,-3,-5,-3,-5,-4,-6,-3,-6,-2,-6,-2,-6,-2,-6,-2,-6,-2,-7,-2,-7,-2,-8,-2,-8,-2,-7,-2,0,0,-8,-2,-8,-3,-8,-3,-8,-3,-7,-3,-8,-4,-7,-4,-7,-4,-7,-4,-6,-4,-6,-5,-6,-5,-5,-5,-5,-5,-4,-5,-4,-5,-4,-5,-3,-4,-3,-5,-3,-4,-2,-4,-2,-4,-1,-4,-1,-4,-1,-3,-1,-3,0,0,0,0,0,0,0,0,0,0,0,0,0,0,0,-60,1,-57,-4,-58,-1,-49,0,-50,-4,-47,-6,-41,-8,-39,-9,-35,-9,-38,-8,-33,-14,-29,-15,-30,-16,-29,-17,-23,-21,-25,-23,-24,-22,-23,-23,-21,-22,-18,-26,-18,-26,-20,-30,-17,-27,-20,-29,-18,-30,-17,-31,-15,-36,-16,-37,-16,-43,-19,-39,-16,-40,-21,-34,-21,-37,-22,-38,-21,-40,-28,-37,-25,-37,-27,-34,-30,-29,-27,-30,-27,-28,-31,-26,-30,-22,-27,-22,-31,-19,-28,-15,-35,-15,-27,-9,-26,-11,-26,-8,-27,-7,-28,-6,-23,-1,-22,1,-22,0,-17,1,-20,0,0,0,0,0,0,0,0,0,0,0,0,0,0,0,0,0,0,0,0,0,0,-6,-13,-6,-15,-4,-22,2,-19,3,-21,6,-30,5,-31,12,-31,14,-35,16,-30,25,-34,25,-37,34,-40,38,-40,41,-36,47,-32,54,-39,54,-31,56,-30,62,-27,64,-24,70,-24,64,-21,69,-19,69,-16,73,-15,68,-8,76,-8,67,-2,74,-7,65,-4,73,-5,68,-3,63,-4,68,-5,66,-6,63,-8,65,-5,66,-9,67,-9,67,-12,66,-10,71,-13,67,-12,66,-11,64,-15,68,-17,70,-17,69,-14,75,-13,75,-18,76,-16,82,-8,70,-10,79,-7,75,-8,69,-6,0,0]"
CSI_DATA,204,1a:00:00:00:00:00,-46,11,1,0,1,1,1,0,0,0,1,-96,0,11,2,2908007,0,44,0,384,0,"[0,0,0,0,0,0,0,0,0,0,0,0,8,-3,7,-3,7,-3,7,-3,6,-3,6,-3,5,-4,5,-4,5,-4,4,-4,4,-5,3,-5,3,-5,3,-5,3,-5,2,-6,2,-6,2,-6,2,-6,2,-7,2,-7,1,-7,1,-7,1,-8,2,-8,2,-8,0,0,2,-9,2,-9,2,-9,2,-9,2,-8,3,-8,3,-8,3,-7,3,-8,3,-7,4,-7,4,-6,4,-6,4,-6,4,-5,4,-5,4,-4,4,-4,4,-3,3,-3,4,-3,3,-2,3,-2,3,-2,3,-1,3,-1,0,0,0,0,0,0,0,0,0,0,0,0,0,0,59,-2,54,-4,50,-6,50,-4,49,-4,42,-6,46,-11,40,-9,41,-11,34,-12,32,-19,28,-16,26,-18,32,-20,26,-20,22,-26,25,-25,22,-26,19,-23,16,-32,15,-29,20,-32,17,-34,13,-34,17,-34,17,-37,15,-37,20,-42,20,-41,16,-43,15,-42,18,-38,21,-43,20,-40,22,-41,22,-43,24,-40,27,-40,26,-36,27,-35,27,-34,31,-32,31,-25,29,-23,28,-24,31,-26,31,-14,31,-17,27,-11,25,-14,26,-10,26,-10,23,-4,24,0,25,-3,16,1,16,0,0,0,0,0,0,0,0,0,0,0,0,0,0,0,0,0,0,0,0,0,0,0,8,-5,13,-5,12,-6,18,0,20,0,21,7,21,6,25,9,30,10,31,19,30,25,30,24,37,28,33,36,32,41,34,47,35,47,30,53,29,52,23,56,23,63,23,67,20,70,18,70,11,68,16,70,6,68,8,63,3,72,5,68,4,67,8,68,2,71,3,64,3,68,8,66,12,71,7,66,9,64,9,66,10,63,15,72,14,66,16,72,16,67,19,64,19,65,20,70,20,67,21,81,20,74,18,74,14,72,14,73,11,76,10,73,9,78,0,0]"
CSI_DATA,205,1a:00:00:00:00:00,-46,11,1,0,1,1,1,0,0,0,1,-96,0,11,2,2917465,0,44,0,384,0,"[0,0,0,0,0,0,0,0,0,0,0,0,-6,-7,-7,-7,-6,-6,-6,-6,-6,-5,-6,-5,-6,-4,-5,-3,-6,-3,-6,-3,-6,-2,-6,-2,-6,-2,-7,-2,-7,-1,-7,0,-6,0,-7,1,-7,0,-7,0,-7,0,-8,1,-8,1,-8,1,-9,1,-8,1,0,0,-9,1,-9,1,-9,1,-9,1,-9,0,-9,0,-9,-1,-9,-1,-9,-1,-8,-1,-8,-2,-7,-2,-7,-2,-7,-3,-7,-3,-6,-3,-6,-3,-6,-3,-5,-3,-4,-3,-4,-3,-4,-3,-3,-4,-3,-3,-2,-4,-2,-3,0,0,0,0,0,0,0,0,0,0,0,0,0,0,-43,-47,-37,-43,-41,-42,-37,-40,-30,-29,-36,-30,-36,-29,-35,-25,-30,-21,-30,-23,-31,-18,-28,-17,-31,-14,-31,-11,-33,-10,-34,-7,-32,-6,-34,-5,-31,0,-33,3,-37,7,-34,3,-35,7,-39,10,-39,7,-38,10,-40,8,-40,12,-45,9,-44,17,-42,12,-47,10,-45,9,-50,9,-45,10,-48,4,-46,5,-50,4,-48,1,-41,-2,-41,-4,-44,-6,-41,-5,-41,-8,-36,-11,-37,-10,-36,-12,-30,-12,-31,-12,-23,-16,-27,-13,-22,-17,-19,-14,-17,-19,-14,-17,-10,-19,-10,-13,0,0,0,0,0,0,0,0,0,0,0,0,0,0,0,0,0,0,0,0,0,0,-6,-7,-10,-8,-9,-11,-12,-14,-10,-16,-11,-20,-9,-24,-7,-27,-7,-31,2,-34,-2,-35,0,-40,0,-45,7,-46,11,-46,14,-53,13,-56,20,-52,21,-55,27,-56,34,-58,36,-56,42,-53,44,-57,46,-54,46,-53,49,-47,50,-46,49,-47,51,-49,46,-41,51,-48,51,-47,45,-45,51,-46,45,-46,47,-44,47,-48,42,-48,46,-51,45,-50,42,-51,45,-53,45,-55,43,-54,42,-63,44,-59,43,-57,42,-60,49,-58,51,-62,48,-60,52,-60,48,-55,54,-62,50,-54,56,-52,0,0]"
CSI_DATA,206,1a:00:00:00:00:00,-46,11,1,0,1,1,1,0,0,0,1,-96,0,11,2,2926941,0,44,0,384,0,"[0,0,0,0,0,0,0,0,0,0,0,0,-7,5,-7,5,-5,5,-6,5,-5,5,-5,5,-4,5,-4,5,-3,5,-3,4,-2,5,-2,5,-1,5,-1,5,-1,5,0,5,0,5,0,6,1,5,1,5,1,6,1,6,1,6,1,7,1,7,1,7,0,0,1,8,1,8,1,8,1,8,0,7,0,8,0,8,0,7,-1,7,-1,7,-2,7,-2,6,-2,6,-2,6,-3,6,-3,5,-3,5,-3,4,-3,4,-3,4,-3,3,-3,3,-3,2,-3,2,-3,1,-3,1,0,0,0,0,0,0,0,0,0,0,0,0,0,0,-67,27,-63,25,-48,32,-44,25,-45,29,-44,22,-39,24,-38,26,-27,23,-26,30,-28,27,-21,26,-17,27,-20,27,-15,25,-14,29,-12,32,-9,30,-10,33,-3,32,-2,39,0,34,-1,32,5,37,4,39,4,42,6,40,8,41,8,42,10,45,6,44,9,48,2,47,6,50,4,45,1,46,2,45,2,47,-5,46,-5,45,-4,47,-8,41,-10,42,-12,42,-16,33,-10,37,-16,35,-14,31,-14,29,-15,24,-17,24,-17,24,-21,23,-18,16,-18,15,-20,8,-17,9,0,0,0,0,0,0,0,0,0,0,0,0,0,0,0,0,0,0,0,0,0,0,-6,0,-7,5,-11,3,-12,2,-16,-1,-18,-1,-20,0,-26,-5,-30,-7,-30,-10,-34,-17,-36,-17,-39,-24,-40,-26,-37,-31,-40,-37,-46,-39,-37,-42,-38,-47,-39,-49,-36,-52,-38,-57,-33,-57,-33,-63,-27,-68,-33,-63,-24,-67,-28,-69,-20,-67,-28,-70,-24,-62,-26,-66,-24,-67,-25,-64,-27,-66,-27,-62,-25,-64,-33,-61,-29,-58,-35,-60,-32,-63,-39,-62,-35,-62,-42,-62,-37,-58,-48,-63,-45,-62,-46,-56,-48,-62,-48,-67,-45,-68,-47,-70,-42,-73,-45,-64,-45,-70,-43,-67,-39,-72,0,0]"
CSI_DATA,207,1a:00:00:00:00:00,-46,11,1,0,1,1,1,0,0,0,1,-96,0,11,2,2947537,0,44,0,384,0,"[0,0,0,0,0,0,0,0,0,0,0,0,3,-9,2,-8,1,-8,1,-8,1,-7,1,-7,0,-7,0,-6,-1,-7,-2,-6,-1,-6,-2,-6,-3,-6,-4,-5,-4,-6,-4,-6,-4,-5,-5,-5,-5,-5,-5,-5,-5,-5,-6,-5,-5,-6,-7,-5,-7,-5,-7,-6,0,0,-7,-6,-7,-6,-8,-7,-7,-7,-7,-7,-6,-8,-7,-8,-6,-8,-5,-8,-5,-8,-5,-8,-4,-8,-4,-7,-3,-7,-3,-7,-3,-7,-2,-7,-2,-7,-2,-6,-1,-6,0,-6,-1,-6,0,-5,0,-5,1,-5,1,-4,0,0,0,0,0,0,0,0,0,0,0,0,0,0,29,-58,29,-54,13,-52,20,-50,12,-54,13,-46,10,-43,10,-41,5,-36,4,-39,1,-33,-2,-36,-2,-37,-5,-30,-11,-32,-13,-30,-16,-30,-18,-25,-15,-28,-19,-28,-22,-26,-26,-25,-29,-23,-29,-27,-30,-22,-30,-24,-35,-27,-36,-23,-37,-27,-46,-29,-40,-27,-40,-35,-37,-31,-40,-31,-41,-34,-33,-36,-37,-37,-34,-36,-34,-39,-33,-43,-27,-38,-28,-43,-25,-41,-24,-40,-19,-38,-19,-40,-16,-38,-16,-37,-9,-33,-10,-36,-8,-33,-3,-31,-3,-28,-2,-28,0,-25,6,-25,5,-22,0,0,0,0,0,0,0,0,0,0,0,0,0,0,0,0,0,0,0,0,0,0,-7,-5,-3,-5,-4,-10,-2,-12,3,-15,7,-16,8,-15,13,-14,19,-19,23,-17,24,-15,28,-13,31,-17,37,-16,42,-11,47,-6,52,-11,53,-2,55,-1,52,2,57,8,62,7,64,12,65,14,63,16,68,18,61,25,62,28,63,28,64,25,61,31,60,27,57,34,61,22,65,29,61,25,59,23,62,20,60,20,64,19,61,21,66,19,69,18,71,17,68,11,73,9,73,14,73,15,73,13,77,15,77,17,77,16,80,22,79,23,81,25,76,21,76,27,0,0]"
CSI_DATA,208,1a:00:00:00:00:00,-46,11,1,0,1,1,1,0,0,0,1,-96,0,11,2,2956946,0,44,0,384,0,"[0,0,0,0,0,0,0,0,0,0,0,0,3,9,3,8,3,7,3,7,3,6,2,6,4,5,4,4,4,4,4,3,4,3,4,3,5,2,5,2,5,1,6,1,6,1,6,0,7,-1,7,-1,7,-1,8,-1,7,-1,8,-1,8,-1,8,-1,0,0,9,-1,9,-1,10,-1,9,-1,10,-1,9,0,9,0,9,0,9,1,8,1,9,2,8,2,8,2,7,2,7,3,7,3,6,3,6,3,5,3,5,3,4,3,4,3,3,3,3,3,2,3,2,3,0,0,0,0,0,0,0,0,0,0,0,0,0,0,2,64,4,58,9,55,6,49,5,51,9,43,9,44,10,41,10,36,13,40,15,31,15,29,19,28,17,21,24,27,24,18,28,21,27,17,25,9,28,12,34,13,36,13,32,5,38,7,37,7,39,5,45,7,45,4,44,4,50,3,46,6,51,4,49,5,52,5,52,6,57,9,50,12,48,14,48,16,45,19,46,17,47,19,44,20,40,21,40,22,38,23,33,25,34,22,28,25,29,26,22,26,20,24,21,24,17,23,12,24,10,22,8,20,0,0,0,0,0,0,0,0,0,0,0,0,0,0,0,0,0,0,0,0,0,0,8,-2,8,1,8,6,7,7,5,11,-1,17,1,16,-2,16,-8,24,-8,21,-13,23,-18,26,-20,30,-25,29,-32,25,-37,25,-41,27,-41,25,-47,22,-51,24,-53,19,-56,18,-60,13,-66,12,-66,10,-63,6,-64,3,-64,2,-65,1,-68,8,-64,-2,-72,-2,-66,3,-65,-2,-66,0,-65,4,-65,2,-68,9,-61,5,-69,11,-67,9,-66,12,-69,14,-75,17,-66,15,-72,14,-70,17,-74,17,-73,18,-78,18,-77,18,-80,20,-85,13,-82,12,-83,16,-81,14,-79,6,0,0]"
CSI_DATA,209,1a:00:00:00:00:00,-46,11,1,0,1,1,1,0,0,0,1,-96,0,11,2,2966931,0,44,0,384,0,"[0,0,0,0,0,0,0,0,0,0,0,0,-10,4,-9,4,-8,4,-8,5,-7,4,-6,4,-6,5,-5,4,-4,5,-4,5,-3,5,-2,6,-2,5,-2,6,-1,6,0,6,0,6,0,7,1,6,1,6,1,7,2,7,2,7,3,7,3,9,3,8,0,0,3,9,3,9,2,9,3,10,2,9,2,10,2,10,1,10,1,10,0,9,0,10,0,9,-1,8,-1,8,-2,8,-2,8,-2,8,-2,7,-2,7,-3,6,-3,6,-3,5,-3,5,-4,4,-4,4,-4,3,0,0,0,0,0,0,0,0,0,0,0,0,0,0,-64,20,-64,20,-62,22,-54,22,-51,20,-43,20,-41,21,-39,19,-35,24,-33,22,-26,24,-25,27,-23,26,-19,27,-15,26,-12,28,-11,32,-9,29,-6,33,-5,31,1,33,2,35,3,36,3,37,4,37,7,39,10,43,11,44,12,46,15,44,15,46,14,49,12,50,10,50,12,52,9,54,5,58,2,57,0,53,0,58,1,54,-3,49,-3,49,-8,53,-7,44,-10,45,-11,40,-9,42,-12,38,-14,34,-15,32,-15,29,-12,30,-18,25,-16,25,-22,22,-21,15,0,0,0,0,0,0,0,0,0,0,0,0,0,0,0,0,0,0,0,0,0,0,5,7,5,11,-1,13,-4,13,-4,14,-8,13,-15,7,-22,6,-23,0,-23,-2,-25,-1,-28,-7,-35,-10,-37,-16,-35,-23,-40,-23,-39,-28,-38,-34,-35,-33,-34,-41,-30,-44,-33,-53,-32,-52,-29,-56,-30,-58,-32,-57,-23,-65,-27,-61,-23,-67,-23,-63,-21,-63,-19,-64,-19,-66,-21,-61,-21,-67,-22,-66,-25,-58,-26,-61,-25,-63,-29,-62,-27,-61,-34,-64,-32,-63,-36,-64,-34,-63,-47,-64,-40,-64,-40,-63,-45,-67,-46,-72,-40,-74,-44,-73,-36,-82,-40,-76,-39,-80,-40,-78,-30,-76,0,0]"
CSI_DATA,210,1a:00:00:00:00:00,-47,11,1,0,1,1,1,0,0,0,1,-96,0,11,2,2976936,0,44,0,384,0,"[0,0,0,0,0,0,0,0,0,0,0,0,-2,-9,-2,-9,-3,-8,-3,-8,-3,-7,-3,-6,-4,-6,-3,-5,-4,-5,-4,-4,-4,-4,-5,-3,-5,-3,-5,-3,-5,-2,-6,-2,-6,-1,-6,-1,-6,0,-7,0,-7,0,-7,0,-7,0,-8,1,-8,1,-8,1,0,0,-9,1,-9,0,-10,1,-10,1,-10,0,-10,0,-10,0,-9,-1,-9,-1,-9,-1,-10,-2,-9,-2,-9,-2,-8,-2,-8,-3,-8,-3,-8,-3,-7,-3,-7,-3,-6,-3,-6,-4,-5,-4,-5,-4,-4,-4,-4,-4,-3,-4,0,0,0,0,0,0,0,0,0,0,0,0,0,0,-18,-64,-18,-62,-28,-57,-18,-54,-19,-52,-16,-48,-22,-41,-28,-39,-21,-36,-21,-35,-25,-30,-25,-24,-22,-22,-25,-18,-27,-19,-26,-14,-29,-14,-32,-9,-31,-7,-30,-2,-35,1,-31,0,-32,9,-32,13,-33,12,-40,10,-42,18,-43,16,-39,17,-45,18,-46,14,-48,19,-49,18,-52,18,-50,17,-57,15,-54,17,-52,15,-55,10,-51,9,-51,4,-50,2,-49,2,-54,0,-52,1,-49,-1,-47,-6,-47,-3,-44,-8,-41,-6,-37,-9,-36,-8,-34,-14,-33,-14,-33,-19,-24,-15,-21,-19,0,0,0,0,0,0,0,0,0,0,0,0,0,0,0,0,0,0,0,0,0,0,-13,6,-16,2,-18,1,-14,-5,-13,-4,-14,-8,-11,-14,-10,-15,-4,-22,-6,-26,1,-27,7,-31,7,-36,17,-35,21,-40,21,-31,29,-42,33,-33,36,-40,37,-36,43,-32,51,-33,53,-32,55,-29,57,-25,62,-27,61,-18,62,-18,62,-17,65,-21,58,-18,68,-22,66,-17,66,-21,66,-19,62,-22,57,-20,62,-22,59,-26,67,-30,61,-25,63,-32,64,-28,65,-36,57,-41,66,-37,65,-39,64,-42,65,-43,66,-44,71,-44,70,-39,78,-38,72,-38,80,-41,75,-40,77,-33,0,0]"
CSI_DATA,211,1a:00:00:00:00:00,-47,11,1,0,1,1,1,0,0,0,1,-96,0,11,2,2986954,0,44,0,384,0,"[0,0,0,0,0,0,0,0,0,0,0,0,8,3,8,3,7,2,7,2,6,1,6,1,6,1,5,0,5,0,4,-1,4,-1,4,-2,4,-2,3,-3,3,-4,3,-4,3,-5,2,-4,2,-5,2,-5,2,-6,2,-6,2,-6,2,-7,2,-8,1,-8,0,0,2,-9,3,-9,3,-9,3,-9,3,-9,4,-9,4,-9,4,-8,4,-8,4,-8,5,-8,5,-7,5,-7,5,-7,5,-6,5,-6,5,-6,5,-5,5,-5,5,-4,6,-4,5,-3,5,-3,5,-2,4,-2,4,-1,0,0,0,0,0,0,0,0,0,0,0,0,0,0,56,47,53,44,49,40,44,36,40,33,38,29,40,24,36,19,34,20,26,18,33,16,29,9,28,7,28,4,27,3,26,-7,27,-6,25,-9,26,-11,23,-11,25,-20,24,-20,22,-24,24,-31,21,-31,25,-31,22,-32,26,-34,28,-38,25,-39,23,-42,28,-43,29,-39,31,-43,24,-48,35,-49,31,-46,35,-43,35,-43,34,-40,38,-40,40,-37,44,-32,43,-34,37,-31,41,-26,41,-24,38,-25,34,-19,35,-21,34,-15,34,-18,35,-12,35,-7,28,-6,28,0,28,1,0,0,0,0,0,0,0,0,0,0,0,0,0,0,0,0,0,0,0,0,0,0,6,-19,5,-15,11,-12,13,-4,15,-5,17,2,15,4,13,6,14,14,13,17,13,23,13,26,10,29,5,34,6,37,-3,39,-1,45,-11,49,-9,49,-16,48,-19,46,-30,58,-27,49,-31,51,-35,49,-39,56,-46,50,-46,51,-45,48,-44,52,-45,43,-47,49,-41,47,-43,50,-44,49,-44,51,-44,48,-44,46,-44,55,-40,57,-43,54,-38,56,-38,53,-37,59,-38,63,-27,62,-31,62,-30,66,-32,72,-41,69,-46,68,-43,73,-50,73,-44,71,-43,73,-48,70,-48,69,0,0]"
CSI_DATA,212,1a:00:00:00:00:00,-47,11,1,0,1,1,1,0,0,0,1,-96,0,11,2,2996937,0,44,0,384,0,"[0,0,0,0,0,0,0,0,0,0,0,0,-2,10,-2,9,-1,8,0,9,-1,7,-1,7,0,6,1,5,1,5,1,4,1,4,2,4,2,3,3,2,3,2,3,1,4,1,4,1,4,0,5,0,5,-1,6,-1,6,-1,7,-2,7,-2,7,-2,0,0,8,-2,9,-2,10,-2,9,-3,9,-1,10,-1,10,-2,9,-1,9,-1,9,0,9,0,9,0,9,1,9,1,8,1,8,1,8,1,7,1,7,2,6,2,6,2,6,2,5,3,5,3,4,4,3,3,0,0,0,0,0,0,0,0,0,0,0,0,0,0,-25,75,-24,68,-19,68,-20,57,-14,61,-13,54,-14,51,-12,47,-9,39,-4,40,2,35,1,33,6,35,5,27,11,25,11,25,20,18,18,15,16,16,23,11,23,12,26,4,28,2,29,2,30,3,37,3,37,-3,38,-8,45,-6,44,-8,44,-5,52,-8,53,-6,52,-6,55,-13,57,-6,57,-4,55,-5,56,0,56,4,51,-1,51,1,58,5,55,6,49,12,51,11,47,10,45,14,44,17,42,13,39,16,37,17,39,15,30,22,28,19,24,23,22,23,0,0,0,0,0,0,0,0,0,0,0,0,0,0,0,0,0,0,0,0,0,0,14,4,12,9,14,11,10,11,6,13,0,13,-5,11,-6,11,-9,14,-10,13,-20,17,-23,15,-27,17,-31,5,-37,3,-37,0,-44,0,-42,-5,-50,-4,-47,-9,-48,-13,-59,-24,-52,-22,-56,-22,-55,-31,-64,-26,-58,-32,-59,-36,-53,-39,-62,-37,-54,-33,-56,-43,-61,-37,-57,-36,-58,-34,-60,-33,-59,-30,-59,-30,-62,-29,-67,-26,-67,-25,-64,-23,-67,-25,-70,-20,-70,-18,-72,-23,-75,-18,-75,-14,-80,-17,-80,-17,-84,-15,-86,-14,-92,-17,-80,-19,-93,-20,-82,-18,-82,-22,0,0]"
CSI_DATA,213,1a:00:00:00:00:00,-47,11,1,0,1,1,1,0,0,0,1,-96,0,11,2,3006939,0,44,0,384,0,"[0,0,0,0,0,0,0,0,0,0,0,0,-11,-5,-10,-4,-10,-4,-9,-4,-9,-3,-7,-2,-7,-1,-7,-1,-6,-1,-6,0,-5,0,-5,1,-5,1,-4,2,-3,2,-3,3,-2,3,-2,4,-2,4,-2,5,-1,5,-1,5,0,6,0,6,0,7,1,7,0,0,1,9,1,9,0,9,0,10,0,9,0,10,0,10,-1,10,-1,10,-1,10,-1,10,-2,9,-2,8,-2,9,-2,9,-2,9,-3,8,-2,8,-3,7,-3,7,-3,7,-4,6,-4,6,-4,5,-5,4,-5,3,0,0,0,0,0,0,0,0,0,0,0,0,0,0,-72,-23,-66,-29,-67,-22,-60,-20,-62,-20,-54,-23,-53,-10,-50,-8,-38,-8,-42,-6,-41,1,-33,3,-33,1,-32,2,-26,5,-23,10,-20,15,-19,14,-15,10,-11,18,-9,21,-11,16,-4,27,-1,27,0,30,0,31,5,36,7,38,6,41,10,44,8,40,7,45,9,51,8,52,7,53,4,58,6,57,6,59,2,58,5,53,-3,54,-4,56,-6,57,-5,54,-6,49,-7,57,-6,49,-13,50,-16,41,-17,44,-11,38,-15,38,-15,34,-18,33,-19,29,-20,28,-21,22,0,0,0,0,0,0,0,0,0,0,0,0,0,0,0,0,0,0,0,0,0,0,-4,17,-5,17,-12,11,-13,13,-14,5,-18,5,-16,2,-19,-7,-21,-7,-18,-10,-17,-15,-12,-19,-11,-27,-8,-30,-6,-34,-6,-34,-3,-42,1,-44,5,-47,7,-52,15,-52,18,-53,23,-54,25,-59,28,-58,28,-60,33,-53,32,-52,39,-52,38,-58,34,-53,38,-55,37,-58,34,-52,38,-56,30,-56,35,-55,33,-59,30,-59,26,-62,22,-59,24,-68,20,-67,20,-70,19,-64,9,-75,14,-70,15,-78,13,-76,17,-87,10,-84,12,-84,18,-84,13,-89,19,-90,18,-84,19,-85,0,0]"
CSI_DATA,214,1a:00:00:00:00:00,-48,11,1,0,1,1,1,0,0,0,1,-96,0,11,2,3027192,0,44,0,384,0,"[0,0,0,0,0,0,0,0,0,0,0,0,-3,9,-2,8,-1,7,-1,6,0,6,0,5,0,4,1,4,1,4,2,2,2,2,2,1,2,0,3,0,3,0,3,-2,3,-2,3,-2,3,-4,3,-4,4,-5,4,-5,4,-6,5,-7,5,-8,5,-7,0,0,5,-8,6,-9,7,-9,6,-9,7,-9,7,-9,7,-9,7,-9,7,-9,8,-8,8,-8,8,-7,8,-7,7,-7,8,-7,7,-7,7,-6,7,-6,7,-5,6,-5,7,-5,7,-4,6,-4,6,-3,5,-3,5,-2,0,0,0,0,0,0,0,0,0,0,0,0,0,0,-25,61,-22,61,-14,53,-12,53,-13,48,-8,45,-8,46,-3,38,-5,31,-1,28,5,30,4,20,9,18,7,14,12,14,15,9,16,5,15,2,11,2,24,-6,20,-7,25,-9,18,-15,20,-21,23,-21,26,-28,27,-27,31,-33,29,-35,31,-39,34,-40,33,-47,38,-42,34,-50,39,-49,43,-47,45,-47,40,-49,45,-50,42,-46,41,-44,44,-41,41,-41,47,-42,41,-35,44,-35,44,-33,44,-36,42,-31,41,-26,38,-27,40,-23,35,-21,37,-14,36,-18,32,-11,32,-10,0,0,0,0,0,0,0,0,0,0,0,0,0,0,0,0,0,0,0,0,0,0,0,28,-8,30,-7,29,-12,25,-19,25,-18,22,-23,22,-25,18,-30,17,-32,15,-36,8,-39,0,-45,0,-42,-2,-45,-10,-44,-12,-44,-18,-48,-20,-46,-23,-52,-28,-48,-31,-45,-40,-45,-42,-47,-46,-40,-45,-48,-41,-45,-48,-40,-46,-41,-49,-48,-48,-41,-43,-47,-46,-43,-51,-45,-44,-47,-44,-47,-41,-47,-40,-49,-41,-52,-37,-54,-33,-52,-33,-59,-36,-60,-32,-62,-28,-63,-24,-65,-27,-71,-24,-73,-18,-72,-20,-77,-23,-79,-22,-77,-19,-80,-23,-79,-22,-83,-25,-84,-20,-77,-26,0,0]"
CSI_DATA,215,1a:00:00:00:00:00,-47,11,1,0,1,1,1,0,0,0,1,-96,0,11,2,3038708,0,44,0,384,0,"[0,0,0,0,0,0,0,0,0,0,0,0,2,-8,2,-8,1,-7,1,-6,0,-6,0,-6,-1,-5,-1,-4,-2,-4,-2,-3,-3,-3,-3,-2,-4,-1,-4,-1,-5,0,-5,0,-5,0,-5,1,-6,2,-6,3,-6,3,-7,4,-7,4,-8,5,-8,5,-8,5,0,0,-9,6,-9,6,-9,7,-9,7,-10,6,-10,6,-10,6,-10,6,-10,6,-10,6,-11,5,-11,4,-10,4,-10,4,-10,4,-10,4,-10,4,-9,3,-8,3,-8,3,-9,2,-8,2,-8,1,-7,0,-7,0,-7,-1,0,0,0,0,0,0,0,0,0,0,0,0,0,0,25,-53,26,-55,19,-50,17,-41,13,-44,9,-37,3,-36,4,-35,0,-27,0,-22,-8,-25,-6,-15,-10,-18,-8,-16,-15,-16,-14,-9,-19,-2,-18,2,-20,0,-24,3,-25,8,-28,7,-29,17,-31,18,-27,21,-31,20,-33,21,-38,23,-38,29,-42,38,-42,33,-46,34,-46,33,-46,36,-51,39,-50,35,-51,38,-52,37,-53,35,-53,32,-51,35,-55,28,-52,27,-52,26,-51,22,-50,21,-54,17,-52,22,-50,18,-48,19,-44,12,-44,12,-39,10,-42,9,-38,4,-39,2,-36,-2,0,0,0,0,0,0,0,0,0,0,0,0,0,0,0,0,0,0,0,0,0,0,10,-30,16,-27,14,-30,23,-29,27,-24,32,-23,32,-16,36,-15,36,-13,42,-9,41,-4,44,-4,50,0,49,6,46,15,47,17,52,20,49,27,48,26,51,29,48,29,52,39,49,41,47,40,46,48,43,40,42,50,43,44,41,45,40,52,40,43,39,47,41,42,42,45,44,45,43,41,46,37,43,40,48,42,51,37,50,37,52,34,53,33,52,30,58,32,68,29,61,25,62,24,65,25,69,29,69,32,68,29,69,26,67,23,72,33,71,24,70,28,0,0]"
CSI_DATA,216,1a:00:00:00:00:00,-47,11,1,0,1,1,1,0,0,0,1,-96,0,11,2,3046898,0,44,0,384,0,"[0,0,0,0,0,0,0,0,0,0,0,0,-5,6,-4,6,-2,5,-2,5,-2,4,-2,4,0,4,0,3,0,3,1,2,2,2,2,1,3,1,3,0,4,1,4,0,5,0,4,-1,5,-1,6,-2,6,-2,6,-3,7,-2,8,-3,9,-3,8,-4,0,0,9,-4,9,-4,10,-4,10,-4,10,-3,11,-3,11,-4,10,-3,10,-3,10,-2,11,-2,10,-2,10,-1,10,-1,9,-1,9,-1,9,-1,9,-1,8,-1,7,0,7,0,7,1,6,1,6,1,6,1,5,2,0,0,0,0,0,0,0,0,0,0,0,0,0,0,-39,41,-32,35,-32,34,-26,32,-23,36,-19,35,-18,28,-14,31,-13,22,-3,21,0,21,4,15,3,21,10,15,12,15,11,7,17,10,21,5,20,2,22,5,34,1,32,-2,29,-9,29,-5,35,-7,36,-9,37,-7,41,-18,45,-17,50,-19,52,-16,52,-17,52,-17,60,-15,57,-18,59,-12,57,-21,62,-18,62,-13,59,-13,60,-8,59,-12,62,-6,61,-9,57,-5,55,-1,54,-1,53,-1,50,-3,46,-2,46,4,41,9,47,4,39,6,38,9,34,14,33,14,0,0,0,0,0,0,0,0,0,0,0,0,0,0,0,0,0,0,0,0,0,0,-18,25,-23,23,-23,19,-32,20,-31,11,-38,7,-37,4,-42,4,-42,-3,-42,-6,-42,-11,-46,-9,-52,-15,-47,-20,-50,-27,-43,-37,-50,-34,-45,-43,-42,-43,-41,-44,-39,-43,-42,-50,-38,-49,-33,-54,-36,-55,-34,-54,-27,-60,-29,-62,-26,-58,-34,-60,-27,-50,-36,-59,-32,-53,-31,-52,-33,-50,-33,-54,-37,-50,-36,-53,-39,-53,-42,-45,-36,-46,-43,-48,-47,-47,-48,-46,-49,-43,-53,-35,-56,-43,-55,-38,-57,-45,-58,-47,-59,-47,-62,-49,-62,-46,-55,-37,-61,-42,-58,-49,-55,-46,0,0]"
CSI_DATA,217,1a:00:00:00:00:00,-47,11,1,0,1,1,1,0,0,0,1,-96,0,11,2,3076951,0,44,0,384,0,"[0,0,0,0,0,0,0,0,0,0,0,0,-3,5,-2,5,-2,4,-1,4,-1,3,0,2,0,2,1,2,1,1,1,0,2,0,2,-1,2,-1,2,-2,3,-2,3,-3,3,-3,4,-4,3,-5,4,-5,4,-6,4,-7,4,-7,4,-8,5,-9,4,-8,0,0,5,-9,6,-10,6,-10,6,-10,6,-10,7,-10,7,-11,6,-10,7,-10,7,-9,7,-9,7,-8,7,-9,7,-8,7,-8,7,-7,6,-7,6,-7,6,-6,6,-6,6,-5,6,-5,6,-5,6,-4,5,-4,5,-3,0,0,0,0,0,0,0,0,0,0,0,0,0,0,-33,42,-25,39,-21,36,-19,33,-14,29,-12,31,-9,26,-10,26,-7,19,-2,15,4,15,8,9,14,13,9,5,10,3,17,-4,16,-7,11,-4,14,-10,24,-12,20,-19,18,-20,19,-25,18,-27,19,-30,24,-36,22,-34,23,-40,27,-44,29,-50,31,-49,36,-52,33,-46,31,-57,31,-53,34,-54,37,-54,36,-57,36,-51,38,-52,38,-51,43,-52,43,-47,38,-48,39,-45,39,-47,37,-40,36,-47,35,-35,30,-36,37,-31,35,-29,34,-32,36,-25,32,-26,34,-23,33,-16,0,0,0,0,0,0,0,0,0,0,0,0,0,0,0,0,0,0,0,0,0,0,-23,14,-26,9,-29,4,-32,1,-31,1,-32,-7,-33,-6,-33,-12,-38,-15,-38,-22,-37,-26,-32,-29,-42,-32,-38,-36,-34,-39,-31,-41,-35,-46,-29,-49,-30,-49,-27,-52,-26,-50,-27,-59,-26,-57,-29,-62,-24,-62,-27,-65,-20,-62,-26,-66,-23,-60,-29,-62,-23,-58,-29,-63,-25,-60,-27,-58,-31,-59,-33,-57,-30,-55,-28,-54,-40,-50,-44,-49,-37,-50,-45,-47,-48,-50,-54,-46,-47,-41,-60,-48,-53,-42,-59,-40,-60,-41,-57,-45,-60,-41,-63,-37,-63,-40,-57,-39,-61,-40,-48,-34,-55,-35,0,0]"
CSI_DATA,218,1a:00:00:00:00:00,-47,11,1,0,1,1,1,0,0,0,1,-96,0,11,2,3087088,0,44,0,384,0,"[0,0,0,0,0,0,0,0,0,0,0,0,-1,5,0,4,1,3,1,3,1,2,1,2,0,1,1,0,1,0,2,-1,1,-2,1,-2,1,-3,1,-3,1,-3,1,-5,0,-5,0,-5,0,-6,0,-7,0,-7,-1,-8,0,-7,0,-9,-1,-9,-1,-9,0,0,-1,-11,-1,-11,-1,-11,-2,-12,-1,-12,-1,-12,-2,-11,-1,-11,-1,-12,0,-12,0,-12,1,-11,1,-11,0,-11,0,-10,0,-10,0,-10,0,-9,0,-9,1,-8,1,-8,1,-8,1,-7,1,-7,2,-6,2,-6,0,0,0,0,0,0,0,0,0,0,0,0,0,0,8,47,4,42,12,39,10,35,10,29,9,26,9,22,11,18,11,12,12,13,12,5,12,2,12,-3,9,-9,12,-9,5,-10,6,-15,6,-21,0,-20,2,-22,-2,-30,-2,-31,-6,-29,-11,-32,-10,-34,-11,-40,-13,-44,-12,-46,-17,-52,-21,-51,-21,-50,-25,-56,-19,-54,-28,-59,-24,-59,-25,-62,-22,-63,-23,-65,-21,-65,-22,-62,-22,-61,-18,-67,-18,-61,-15,-55,-15,-59,-15,-59,-15,-57,-12,-55,-10,-51,-9,-51,-10,-47,-9,-43,-8,-44,-2,-40,1,-40,3,-39,4,-35,0,0,0,0,0,0,0,0,0,0,0,0,0,0,0,0,0,0,0,0,0,0,-8,22,-15,19,-17,21,-21,18,-26,16,-25,15,-28,13,-31,8,-33,10,-37,5,-38,4,-42,-2,-43,0,-46,-7,-50,-13,-45,-14,-56,-13,-50,-22,-57,-26,-53,-25,-53,-26,-54,-29,-51,-36,-59,-35,-56,-35,-54,-37,-55,-37,-53,-32,-56,-34,-57,-34,-53,-27,-58,-33,-55,-31,-56,-27,-56,-24,-58,-25,-55,-23,-64,-18,-59,-19,-68,-15,-65,-12,-65,-8,-65,-9,-69,-3,-67,0,-63,4,-68,7,-66,6,-67,6,-73,10,-67,10,-69,14,-71,12,-63,13,-69,13,-66,12,-65,14,0,0]"
CSI_DATA,219,1a:00:00:00:00:00,-47,11,1,0,1,1,1,0,0,0,1,-96,0,11,2,3106928,0,44,0,384,0,"[0,0,0,0,0,0,0,0,0,0,0,0,5,-3,5,-3,4,-3,3,-3,2,-2,2,-3,1,-3,0,-2,-1,-2,-1,-2,-1,-2,-2,-2,-3,-1,-3,-1,-4,-1,-4,-1,-5,0,-5,0,-5,0,-6,1,-6,1,-7,2,-7,2,-7,2,-8,3,-8,3,0,0,-9,3,-9,4,-10,4,-9,4,-10,3,-10,3,-10,4,-10,4,-10,4,-10,3,-10,3,-10,3,-10,3,-10,3,-9,2,-10,2,-9,2,-9,2,-9,1,-8,1,-8,1,-8,0,-8,0,-7,0,-7,0,-6,-1,0,0,0,0,0,0,0,0,0,0,0,0,0,0,54,-7,46,-8,43,-12,37,-11,34,-12,29,-11,29,-11,22,-12,22,-12,11,-9,7,-13,6,-11,0,-12,0,-11,-5,-7,-7,-9,-13,-6,-17,-7,-16,-7,-20,-3,-23,0,-25,0,-25,2,-33,4,-34,7,-40,8,-37,8,-41,12,-43,10,-47,22,-48,12,-54,19,-53,16,-57,19,-52,20,-61,20,-58,19,-59,19,-61,15,-62,21,-57,16,-62,14,-57,14,-58,12,-55,11,-58,12,-57,9,-54,10,-48,10,-50,7,-49,5,-46,3,-45,4,-39,3,-39,-4,-40,-3,-36,-5,0,0,0,0,0,0,0,0,0,0,0,0,0,0,0,0,0,0,0,0,0,0,27,4,25,7,23,12,22,13,22,15,20,21,16,24,16,28,16,34,12,33,6,36,7,36,2,44,0,47,-4,44,-7,47,-12,50,-12,46,-19,51,-21,48,-20,49,-28,56,-26,51,-29,55,-28,54,-28,58,-31,50,-31,57,-31,53,-31,58,-27,51,-26,59,-26,56,-27,58,-25,57,-22,59,-19,58,-17,62,-13,63,-9,70,-10,66,-5,66,-4,65,-3,67,1,71,5,64,1,66,8,70,10,72,5,73,12,71,17,72,13,79,12,66,11,71,13,75,15,65,0,0]"
CSI_DATA,220,1a:00:00:00:00:00,-47,11,1,0,1,1,1,0,0,0,1,-96,0,11,2,3116954,0,44,0,384,0,"[0,0,0,0,0,0,0,0,0,0,0,0,-4,7,-3,6,-2,5,-2,4,-2,4,-1,3,0,3,0,2,1,2,1,1,1,0,2,0,2,-1,2,-1,2,-1,3,-2,2,-3,3,-4,3,-4,3,-5,3,-5,3,-7,3,-6,4,-8,4,-8,4,-8,0,0,4,-9,4,-10,4,-11,4,-11,5,-10,5,-10,5,-11,5,-11,5,-10,5,-10,6,-10,6,-9,6,-9,5,-9,6,-8,5,-8,5,-9,5,-8,5,-7,5,-7,5,-6,5,-6,5,-6,5,-5,5,-5,5,-4,0,0,0,0,0,0,0,0,0,0,0,0,0,0,-34,53,-35,42,-25,48,-21,39,-13,38,-14,32,-13,31,-12,27,-5,22,-1,24,5,10,3,14,7,7,9,8,10,1,13,6,12,0,14,-8,14,-7,24,-12,22,-15,21,-21,12,-20,19,-24,19,-29,18,-32,20,-34,15,-39,18,-45,17,-48,22,-42,22,-51,23,-48,21,-58,19,-53,28,-60,24,-58,24,-56,27,-57,27,-58,30,-57,30,-54,28,-57,31,-54,22,-51,33,-49,32,-45,32,-49,28,-45,29,-41,28,-41,24,-37,24,-35,31,-34,27,-28,29,-26,31,-21,0,0,0,0,0,0,0,0,0,0,0,0,0,0,0,0,0,0,0,0,0,0,-20,17,-23,12,-26,13,-29,12,-32,3,-29,3,-32,-4,-33,-6,-32,-9,-33,-7,-30,-19,-28,-19,-38,-25,-34,-25,-31,-33,-32,-41,-30,-39,-24,-43,-26,-47,-28,-46,-31,-51,-31,-56,-28,-59,-24,-58,-25,-58,-25,-57,-21,-59,-18,-57,-24,-59,-27,-61,-22,-62,-27,-61,-29,-59,-32,-54,-33,-61,-40,-58,-36,-56,-37,-54,-37,-51,-47,-50,-44,-45,-51,-55,-50,-49,-51,-50,-53,-39,-65,-39,-62,-41,-64,-39,-64,-37,-73,-43,-68,-42,-70,-38,-66,-45,-67,-43,-67,-43,-70,-33,-60,-35,0,0]"
CSI_DATA,221,1a:00:00:00:00:00,-47,11,1,0,1,1,1,0,0,0,1,-96,0,11,2,3126926,0,44,0,384,0,"[0,0,0,0,0,0,0,0,0,0,0,0,-7,3,-6,3,-5,3,-5,2,-4,2,-3,2,-2,3,-2,2,-1,2,-1,1,0,2,0,1,1,1,1,1,2,1,3,0,3,0,4,0,4,-1,4,-1,5,-1,5,-1,6,-1,6,-2,6,-3,7,-2,0,0,8,-2,9,-3,9,-3,9,-3,9,-3,9,-3,10,-3,10,-3,10,-2,10,-2,10,-2,10,-1,9,-1,9,-1,9,-1,9,0,9,-1,8,-1,8,0,7,0,7,0,6,1,7,1,6,1,5,1,5,1,0,0,0,0,0,0,0,0,0,0,0,0,0,0,-60,31,-51,24,-41,26,-41,22,-37,22,-34,21,-33,23,-26,20,-19,19,-16,21,-9,15,-3,19,0,11,1,13,1,12,8,10,12,6,14,5,17,6,18,2,25,0,23,-3,24,-4,25,-10,30,-8,34,-14,37,-15,38,-19,41,-14,45,-19,48,-21,49,-23,48,-24,48,-25,54,-24,58,-23,59,-25,60,-26,57,-19,57,-20,56,-24,60,-21,55,-18,61,-20,55,-17,52,-12,58,-9,49,-14,50,-5,47,-9,46,-8,49,-6,41,-7,42,-3,40,2,34,6,34,8,0,0,0,0,0,0,0,0,0,0,0,0,0,0,0,0,0,0,0,0,0,0,-23,11,-27,4,-26,3,-24,2,-22,-2,-28,-10,-27,-9,-27,-18,-26,-21,-21,-21,-22,-28,-25,-29,-22,-34,-19,-36,-16,-44,-13,-44,-12,-50,-7,-51,-9,-49,-6,-57,0,-54,-2,-58,0,-57,-1,-62,1,-62,0,-66,5,-61,6,-63,6,-59,2,-66,4,-62,4,-68,4,-66,-3,-61,-3,-67,-3,-63,-5,-67,-12,-63,-13,-61,-18,-68,-13,-67,-19,-66,-21,-70,-23,-67,-28,-65,-25,-65,-32,-68,-36,-62,-39,-68,-39,-66,-41,-67,-44,-67,-37,-68,-36,-64,-40,-71,-41,-64,-33,-70,0,0]"
CSI_DATA,222,1a:00:00:00:00:00,-47,11,1,0,1,1,1,0,0,0,1,-96,0,11,2,3146906,0,44,0,384,0,"[0,0,0,0,0,0,0,0,0,0,0,0,3,-9,2,-8,1,-8,1,-7,0,-6,0,-6,-1,-5,-1,-4,-1,-4,-2,-3,-2,-3,-2,-2,-4,-2,-3,-1,-4,0,-4,0,-4,1,-4,1,-5,2,-5,3,-5,3,-5,4,-6,3,-6,5,-6,5,-6,5,0,0,-7,6,-8,7,-8,7,-8,7,-8,7,-9,7,-9,7,-9,7,-9,7,-10,6,-10,6,-9,5,-9,5,-9,5,-9,5,-9,4,-9,4,-9,4,-9,3,-8,3,-8,2,-8,2,-8,2,-7,1,-7,0,-7,0,0,0,0,0,0,0,0,0,0,0,0,0,0,0,21,-68,21,-54,16,-63,10,-50,8,-48,9,-44,9,-37,4,-35,1,-30,0,-32,-6,-24,-10,-23,-8,-21,-8,-14,-12,-10,-17,-7,-16,-3,-18,-3,-18,-2,-19,5,-23,10,-23,9,-21,17,-23,17,-24,22,-27,25,-27,29,-29,34,-30,35,-31,40,-27,39,-31,45,-30,42,-34,48,-30,46,-41,47,-43,50,-42,51,-40,48,-40,43,-42,44,-44,46,-44,43,-46,41,-43,37,-41,34,-45,35,-39,32,-40,31,-36,30,-37,26,-37,27,-37,25,-38,19,-37,14,-33,14,-34,9,0,0,0,0,0,0,0,0,0,0,0,0,0,0,0,0,0,0,0,0,0,0,0,-20,3,-22,6,-20,8,-19,14,-18,17,-14,21,-10,21,-9,28,-8,26,-9,32,-4,29,-1,35,4,36,6,37,13,39,19,43,21,37,29,45,28,43,33,44,36,43,35,40,37,45,40,47,39,43,45,40,44,40,44,40,43,47,50,40,42,48,46,48,46,44,41,51,42,49,39,49,37,58,38,56,35,61,34,63,36,60,31,67,33,69,28,71,27,68,20,74,22,78,20,77,20,79,24,76,24,80,19,83,26,74,20,85,24,83,20,77,23,0,0]"
CSI_DATA,223,1a:00:00:00:00:00,-47,11,1,0,1,1,1,0,0,0,1,-96,0,11,2,3156923,0,44,0,384,0,"[0,0,0,0,0,0,0,0,0,0,0,0,6,5,6,4,6,3,6,3,5,2,4,1,4,1,3,0,3,-1,3,-1,3,-2,2,-2,2,-2,1,-3,1,-3,0,-4,-1,-4,-1,-5,-2,-5,-2,-5,-2,-5,-3,-6,-3,-6,-3,-7,-4,-7,-5,-7,0,0,-6,-8,-5,-9,-5,-8,-6,-9,-5,-9,-6,-9,-6,-9,-5,-9,-5,-9,-5,-10,-5,-10,-4,-10,-4,-9,-4,-9,-4,-10,-4,-9,-3,-9,-3,-9,-3,-8,-3,-8,-2,-8,-2,-7,-2,-8,-1,-7,0,-7,0,-6,0,0,0,0,0,0,0,0,0,0,0,0,0,0,52,41,46,43,50,37,44,33,42,26,37,29,36,16,35,15,28,13,25,10,26,3,19,2,18,0,22,-3,16,-11,9,-12,10,-16,5,-15,8,-20,5,-19,0,-21,-3,-26,-8,-25,-13,-29,-12,-31,-18,-32,-15,-33,-20,-36,-24,-36,-27,-45,-28,-41,-31,-44,-26,-46,-33,-47,-34,-48,-31,-56,-34,-53,-32,-51,-35,-52,-30,-56,-30,-55,-26,-58,-26,-57,-22,-56,-22,-51,-23,-52,-19,-50,-22,-53,-19,-47,-14,-44,-11,-42,-14,-44,-11,-43,-8,-40,-4,-39,-2,-37,0,-35,0,0,0,0,0,0,0,0,0,0,0,0,0,0,0,0,0,0,0,0,0,0,16,4,17,9,13,12,9,14,8,18,5,21,1,21,-3,20,-5,25,-9,27,-11,25,-16,28,-21,26,-27,23,-26,23,-36,25,-35,28,-43,22,-41,24,-44,21,-45,22,-54,20,-55,20,-58,16,-61,19,-61,19,-59,11,-59,18,-61,16,-62,19,-58,20,-63,22,-63,23,-61,23,-59,29,-59,25,-54,27,-56,35,-57,33,-57,40,-59,40,-57,49,-53,47,-52,55,-45,50,-51,63,-49,60,-48,61,-45,60,-55,65,-51,67,-55,65,-50,65,-53,67,-56,68,-51,71,-46,61,0,0]"
CSI_DATA,224,1a:00:00:00:00:00,-47,11,1,0,1,1,1,0,0,0,1,-96,0,11,2,3178192,0,44,0,384,0,"[0,0,0,0,0,0,0,0,0,0,0,0,-4,-8,-4,-7,-5,-7,-4,-6,-4,-5,-3,-4,-4,-4,-3,-3,-4,-2,-4,-2,-3,-2,-3,-1,-4,0,-3,1,-3,1,-3,2,-3,2,-3,3,-2,4,-2,4,-2,4,-2,5,-2,6,-2,6,-2,6,-1,7,0,0,-2,8,-3,9,-2,9,-2,9,-2,9,-3,10,-3,9,-3,9,-3,9,-3,9,-4,9,-5,8,-4,8,-4,8,-5,7,-5,7,-4,7,-4,7,-5,7,-5,6,-5,5,-5,5,-5,4,-5,4,-5,3,-5,3,0,0,0,0,0,0,0,0,0,0,0,0,0,0,-22,-68,-22,-64,-24,-59,-17,-51,-17,-49,-21,-45,-18,-37,-20,-38,-17,-32,-18,-25,-19,-22,-15,-13,-22,-11,-18,-12,-18,-5,-15,-1,-19,3,-14,4,-12,7,-15,14,-17,17,-15,18,-12,24,-11,25,-10,33,-8,34,-9,35,-1,40,-10,41,-7,42,-7,43,-9,52,-9,50,-4,56,-9,56,-15,61,-14,59,-14,61,-17,59,-20,57,-20,56,-21,58,-19,57,-21,56,-26,53,-24,55,-22,47,-22,48,-21,43,-28,40,-24,38,-26,36,-23,35,-27,29,-27,26,-28,26,-26,18,0,0,0,0,0,0,0,0,0,0,0,0,0,0,0,0,0,0,0,0,0,0,-17,-10,-11,-14,-13,-13,-9,-18,-4,-20,0,-20,4,-17,7,-22,14,-20,16,-23,22,-22,23,-18,30,-22,31,-16,35,-14,41,-10,45,-16,47,-7,54,-12,51,-3,51,0,60,2,57,2,65,1,60,4,62,3,60,8,60,4,61,6,65,7,58,4,69,6,69,6,63,-1,66,1,65,-1,65,-5,70,-8,65,-7,71,-14,68,-14,67,-18,70,-18,73,-22,71,-26,68,-21,77,-26,76,-33,74,-31,80,-37,77,-38,79,-37,84,-33,78,-33,84,-36,80,-35,79,-31,0,0]"
CSI_DATA,225,1a:00:00:00:00:00,-47,11,1,0,1,1,1,0,0,0,1,-96,0,11,2,3186926,0,44,0,384,0,"[0,0,0,0,0,0,0,0,0,0,0,0,5,-9,4,-8,3,-7,2,-7,2,-6,1,-6,1,-6,0,-5,0,-4,-1,-4,-1,-3,-2,-3,-3,-2,-3,-2,-4,-1,-4,-1,-4,-1,-5,0,-5,1,-6,1,-6,2,-6,2,-6,2,-7,3,-8,4,-7,4,0,0,-9,5,-10,4,-10,5,-10,5,-10,4,-11,5,-11,5,-10,4,-11,4,-11,4,-11,3,-11,3,-11,2,-11,2,-10,1,-10,1,-10,1,-9,1,-9,1,-9,0,-8,0,-8,0,-8,-1,-8,-1,-7,-1,-6,-2,0,0,0,0,0,0,0,0,0,0,0,0,0,0,47,-43,48,-40,41,-44,31,-44,33,-41,30,-36,26,-31,19,-29,16,-27,12,-29,8,-29,7,-28,5,-21,3,-20,-4,-15,-5,-14,-12,-16,-14,-8,-12,-5,-19,-9,-26,-5,-24,-3,-22,5,-27,6,-25,9,-32,8,-37,10,-32,19,-41,15,-40,20,-44,17,-45,19,-48,22,-51,23,-51,23,-49,27,-56,21,-58,22,-61,19,-59,19,-56,17,-65,17,-60,16,-56,14,-52,14,-58,11,-54,8,-53,7,-48,6,-44,5,-45,-1,-44,1,-47,5,-37,-5,-40,-6,-40,-5,-36,-12,0,0,0,0,0,0,0,0,0,0,0,0,0,0,0,0,0,0,0,0,0,0,6,-14,8,-15,12,-13,17,-10,17,-8,16,-2,17,-4,21,7,17,7,22,6,20,15,25,19,27,19,24,26,23,27,25,32,24,38,21,42,21,42,26,44,13,48,20,55,16,54,18,54,15,58,16,60,13,57,18,60,15,61,17,59,13,58,18,59,17,61,23,59,23,59,28,61,27,56,32,57,32,55,42,58,44,59,45,54,44,60,48,51,48,52,47,54,51,56,59,52,58,51,61,59,63,48,64,53,62,65,65,54,67,60,64,59,54,55,0,0]"
CSI_DATA,226,1a:00:00:00:00:00,-47,11,1,0,1,1,1,0,0,0,1,-96,0,11,2,3196946,0,44,0,384,0,"[0,0,0,0,0,0,0,0,0,0,0,0,5,6,5,5,5,4,4,4,4,3,3,2,3,1,3,1,3,0,3,0,2,-1,2,-2,1,-3,1,-3,1,-4,0,-3,0,-4,0,-4,-1,-5,-1,-6,-1,-6,-2,-6,-2,-6,-2,-7,-2,-8,-3,-8,0,0,-3,-9,-3,-10,-3,-11,-3,-10,-3,-10,-3,-10,-3,-10,-3,-11,-3,-11,-2,-11,-2,-11,-1,-10,-1,-10,-1,-10,0,-10,-1,-10,0,-9,-1,-9,0,-8,0,-8,0,-8,0,-7,1,-7,1,-6,2,-7,2,-6,0,0,0,0,0,0,0,0,0,0,0,0,0,0,37,59,35,54,43,44,38,46,34,42,25,37,23,28,30,28,25,22,22,19,25,16,21,9,16,8,15,2,17,-1,13,-5,12,-10,13,-14,9,-16,11,-16,4,-23,2,-23,-2,-26,-1,-28,-1,-30,-6,-39,-6,-38,-12,-45,-12,-48,-16,-45,-15,-46,-13,-51,-14,-53,-18,-58,-19,-54,-14,-63,-14,-64,-17,-62,-10,-63,-10,-61,-11,-62,-8,-64,-8,-59,-5,-60,-1,-55,-3,-62,-1,-55,2,-52,3,-50,4,-49,5,-46,3,-45,4,-42,10,-40,9,-38,16,-33,13,-29,0,0,0,0,0,0,0,0,0,0,0,0,0,0,0,0,0,0,0,0,0,0,13,7,11,9,10,12,7,12,4,17,-1,20,-2,18,-8,20,-8,23,-13,19,-18,20,-22,22,-24,22,-35,19,-37,21,-38,16,-44,22,-46,14,-48,18,-53,12,-53,10,-59,12,-59,13,-63,9,-63,8,-63,9,-63,6,-63,4,-63,8,-66,7,-59,5,-67,8,-69,7,-64,10,-68,12,-64,16,-63,23,-64,23,-63,25,-66,29,-65,32,-62,34,-66,34,-66,38,-62,41,-59,53,-61,46,-62,50,-64,50,-67,53,-68,56,-66,59,-69,55,-67,54,-70,57,-67,55,-67,53,0,0]"
CSI_DATA,227,1a:00:00:00:00:00,-47,11,1,0,1,1,1,0,0,0,1,-96,0,11,2,3216942,0,44,0,384,0,"[0,0,0,0,0,0,0,0,0,0,0,0,-9,-4,-8,-4,-7,-3,-7,-3,-7,-2,-5,-2,-5,-1,-4,0,-3,0,-3,1,-3,1,-2,2,-2,2,-1,2,-1,2,1,3,1,3,2,3,2,3,2,4,3,4,4,4,4,4,5,4,5,5,6,4,0,0,8,5,8,6,8,6,9,6,8,6,8,7,9,7,8,7,9,7,8,7,8,7,7,7,7,7,7,7,7,7,6,7,6,7,5,6,6,6,5,6,4,6,4,6,4,6,3,6,2,5,2,5,0,0,0,0,0,0,0,0,0,0,0,0,0,0,-57,-40,-54,-39,-51,-30,-44,-29,-43,-28,-35,-19,-37,-17,-33,-15,-29,-12,-27,-11,-25,-7,-20,0,-22,0,-15,9,-9,5,-8,11,-4,12,-8,17,-3,16,4,20,3,14,8,16,15,21,16,18,19,26,23,26,27,28,30,30,32,30,39,33,38,29,43,34,41,37,42,35,44,36,44,42,42,47,48,46,46,46,42,43,46,44,45,46,42,46,41,50,35,46,33,45,33,42,40,43,31,37,28,40,25,37,24,38,21,39,16,40,21,35,12,36,10,31,0,0,0,0,0,0,0,0,0,0,0,0,0,0,0,0,0,0,0,0,0,0,-14,-12,-10,-14,-10,-14,-10,-15,-6,-21,-5,-21,7,-19,7,-19,9,-23,15,-28,19,-23,21,-24,26,-25,31,-28,34,-18,34,-23,35,-24,45,-20,49,-21,51,-17,50,-16,61,-16,57,-14,61,-19,58,-15,58,-19,59,-18,60,-15,56,-18,61,-17,58,-21,62,-20,63,-17,57,-21,63,-23,56,-27,48,-29,53,-34,56,-38,55,-41,53,-40,53,-50,48,-48,56,-52,48,-54,41,-60,51,-56,47,-59,50,-66,51,-69,47,-71,45,-73,52,-72,46,-70,49,-76,46,-70,46,-66,0,0]"
CSI_DATA,228,1a:00:00:00:00:00,-47,11,1,0,1,1,1,0,0,0,1,-96,0,11,2,3227240,0,44,0,384,0,"[0,0,0,0,0,0,0,0,0,0,0,0,-1,9,-1,7,0,7,0,6,0,5,0,4,1,3,1,3,1,2,1,1,2,0,2,0,2,-1,2,-2,2,-2,2,-3,1,-4,1,-4,1,-5,1,-6,1,-6,0,-7,1,-7,0,-9,1,-9,0,-9,0,0,0,-10,0,-11,0,-11,0,-11,1,-11,1,-12,0,-12,0,-12,0,-12,1,-12,1,-12,2,-11,2,-11,1,-10,2,-11,2,-10,2,-10,1,-9,2,-9,2,-9,2,-8,2,-8,3,-8,3,-7,3,-6,3,-5,0,0,0,0,0,0,0,0,0,0,0,0,0,0,-16,69,-16,59,-8,64,-8,51,-2,46,-7,43,-1,33,-2,37,1,30,3,25,7,21,5,19,10,14,12,10,11,3,11,3,11,-5,13,-5,14,-12,11,-11,7,-20,11,-20,9,-24,8,-25,4,-31,10,-32,2,-36,2,-44,4,-44,4,-48,5,-50,5,-55,1,-55,4,-62,-1,-60,9,-67,5,-62,2,-66,7,-65,5,-65,9,-60,13,-64,11,-61,11,-59,8,-61,9,-53,14,-58,11,-54,13,-52,9,-47,15,-48,15,-43,9,-42,14,-37,18,-36,18,-35,17,-26,0,0,0,0,0,0,0,0,0,0,0,0,0,0,0,0,0,0,0,0,0,0,-8,14,-12,15,-14,9,-18,12,-17,9,-23,6,-20,3,-25,0,-27,-5,-26,-5,-31,-11,-30,-14,-34,-20,-35,-24,-32,-26,-31,-28,-35,-35,-27,-36,-32,-35,-33,-40,-34,-41,-34,-52,-26,-46,-32,-50,-35,-54,-35,-57,-27,-55,-37,-58,-29,-51,-39,-55,-32,-48,-40,-53,-41,-52,-41,-47,-46,-49,-47,-46,-44,-40,-49,-48,-51,-39,-59,-36,-60,-38,-61,-31,-67,-36,-67,-29,-69,-29,-72,-17,-72,-20,-71,-18,-75,-20,-77,-19,-79,-22,-80,-17,-89,-19,-77,-17,-83,-14,-87,-14,-79,-15,0,0]"
CSI_DATA,229,1a:00:00:00:00:00,-47,11,1,0,1,1,1,0,0,0,1,-96,0,11,2,3237886,0,44,0,384,0,"[0,0,0,0,0,0,0,0,0,0,0,0,-7,-5,-7,-4,-7,-3,-6,-4,-6,-2,-5,-2,-4,-1,-4,-1,-3,0,-2,0,-2,1,-1,1,-1,1,0,1,0,2,1,2,2,2,2,2,3,2,4,2,4,3,4,3,5,3,6,3,7,4,7,3,0,0,9,3,8,4,9,4,10,4,9,4,10,5,10,5,10,5,9,4,9,5,9,5,8,6,8,5,8,5,8,5,8,5,7,5,7,5,7,5,6,5,6,5,5,5,4,5,4,4,3,5,3,5,0,0,0,0,0,0,0,0,0,0,0,0,0,0,-61,-35,-59,-31,-52,-25,-47,-25,-48,-26,-35,-14,-43,-12,-28,-8,-27,-7,-25,-7,-24,-4,-19,1,-12,2,-14,5,-7,5,-6,5,1,11,3,12,5,10,9,13,13,8,16,11,21,13,26,15,30,12,35,17,33,15,41,15,42,18,51,15,46,13,51,16,52,19,57,18,58,19,61,24,66,21,64,21,64,23,60,22,58,22,61,26,57,28,54,27,49,25,53,26,50,27,53,28,45,24,43,25,40,24,40,23,35,23,33,24,28,27,27,25,21,26,0,0,0,0,0,0,0,0,0,0,0,0,0,0,0,0,0,0,0,0,0,0,-16,-16,-13,-19,-13,-21,-5,-18,-2,-24,3,-25,1,-28,9,-23,11,-25,13,-29,17,-24,17,-25,24,-29,30,-21,37,-24,40,-29,38,-27,41,-21,43,-22,50,-23,51,-22,53,-18,55,-19,57,-21,53,-22,58,-21,56,-16,60,-17,63,-18,56,-24,55,-21,59,-22,59,-24,56,-28,59,-31,52,-30,50,-36,54,-38,53,-43,50,-42,50,-46,48,-49,46,-55,44,-56,40,-55,38,-66,38,-69,37,-66,38,-68,39,-72,40,-71,38,-75,42,-72,38,-75,38,-76,32,-72,36,-70,0,0]"
CSI_DATA,230,1a:00:00:00:00:00,-47,11,1,0,1,1,1,0,0,0,1,-96,0,11,2,3248006,0,44,0,384,0,"[0,0,0,0,0,0,0,0,0,0,0,0,-8,4,-7,4,-6,3,-5,3,-4,3,-3,2,-2,3,-2,2,-1,1,-1,1,0,1,0,1,1,0,1,-1,1,-1,2,-2,3,-2,3,-2,3,-3,3,-3,4,-4,4,-5,4,-5,5,-6,5,-7,5,-7,0,0,5,-8,6,-8,6,-10,6,-9,6,-9,6,-9,6,-10,6,-9,7,-9,7,-9,7,-9,7,-8,6,-8,7,-8,6,-8,6,-8,6,-7,6,-7,5,-7,5,-6,6,-6,6,-6,6,-5,5,-5,5,-4,5,-3,0,0,0,0,0,0,0,0,0,0,0,0,0,0,-57,35,-49,29,-48,32,-37,26,-35,31,-33,22,-30,21,-26,26,-17,18,-14,14,-11,14,-10,11,-6,13,-2,7,2,4,4,3,13,-1,9,-2,9,-4,14,-7,16,-10,19,-12,16,-16,21,-25,22,-21,22,-29,24,-32,23,-33,29,-36,28,-44,28,-45,31,-46,33,-46,30,-49,30,-53,38,-52,34,-53,34,-52,35,-53,34,-53,39,-54,39,-53,38,-50,36,-51,37,-49,39,-49,36,-44,35,-45,33,-36,29,-39,33,-35,32,-36,33,-34,31,-29,33,-26,29,-23,27,-18,0,0,0,0,0,0,0,0,0,0,0,0,0,0,0,0,0,0,0,0,0,0,-22,-6,-21,-10,-23,-7,-21,-14,-17,-16,-15,-20,-17,-22,-16,-24,-12,-31,-10,-33,-8,-36,-4,-36,-2,-39,6,-40,5,-42,9,-42,7,-50,14,-43,13,-46,13,-49,19,-47,22,-52,23,-52,27,-56,26,-55,24,-56,27,-57,22,-56,24,-56,24,-60,22,-53,18,-61,19,-59,14,-56,12,-64,8,-62,4,-60,1,-66,1,-64,-4,-68,-2,-66,-13,-69,-14,-68,-18,-69,-15,-67,-33,-66,-27,-68,-28,-69,-34,-73,-33,-72,-33,-68,-41,-76,-37,-76,-37,-66,-42,-77,-42,-69,-38,-67,0,0]"
CSI_DATA,231,1a:00:00:00:00:00,-47,11,1,0,1,1,1,0,0,0,1,-96,0,11,2,3256935,0,44,0,384,0,"[0,0,0,0,0,0,0,0,0,0,0,0,-9,1,-8,1,-7,1,-6,1,-6,0,-4,1,-3,1,-3,1,-2,1,-1,0,-1,1,0,0,0,0,1,0,2,0,3,0,3,-1,4,-1,4,-2,5,-3,5,-3,6,-3,6,-3,6,-4,8,-4,7,-5,0,0,9,-5,9,-6,9,-6,9,-6,9,-6,10,-6,10,-6,10,-6,10,-6,11,-6,10,-5,10,-5,10,-5,9,-5,9,-4,9,-4,9,-4,8,-4,8,-3,8,-3,8,-3,8,-3,7,-2,7,-2,6,-1,6,-1,0,0,0,0,0,0,0,0,0,0,0,0,0,0,-69,7,-59,5,-53,7,-48,7,-44,3,-41,6,-30,6,-31,6,-25,6,-20,8,-16,10,-13,9,-8,7,-3,4,1,6,2,6,5,5,12,4,12,2,16,2,20,-5,20,-8,24,-10,29,-13,28,-13,32,-16,36,-17,39,-24,38,-23,42,-29,42,-28,48,-31,48,-31,52,-32,50,-32,57,-33,57,-34,56,-37,60,-34,55,-33,59,-30,56,-32,56,-29,55,-33,55,-25,51,-28,57,-24,52,-22,51,-20,49,-19,46,-17,44,-17,42,-13,38,-11,38,-6,37,-8,37,-5,0,0,0,0,0,0,0,0,0,0,0,0,0,0,0,0,0,0,0,0,0,0,-20,-11,-17,-17,-19,-19,-14,-19,-11,-22,-10,-25,-10,-24,-4,-28,-3,-31,2,-28,8,-34,5,-35,11,-37,15,-38,20,-34,21,-38,26,-43,32,-38,33,-40,32,-39,37,-45,39,-39,41,-41,38,-42,44,-42,44,-47,46,-42,47,-45,42,-39,46,-46,34,-43,45,-52,40,-48,38,-53,35,-53,32,-55,28,-50,28,-56,23,-59,20,-64,22,-64,14,-62,16,-67,12,-67,9,-70,1,-69,3,-73,-1,-75,-2,-79,2,-79,-5,-80,-6,-77,-3,-84,-6,-75,-8,-83,-7,-82,-5,-77,0,0]"
CSI_DATA,232,1a:00:00:00:00:00,-47,11,1,0,1,1,1,0,0,0,1,-96,0,11,2,3267503,0,44,0,384,0,"[0,0,0,0,0,0,0,0,0,0,0,0,-7,3,-6,3,-5,2,-5,2,-4,2,-3,2,-2,1,-2,1,-1,1,0,0,0,0,1,0,1,-1,1,-2,1,-2,2,-2,2,-3,2,-3,3,-4,2,-4,3,-5,3,-6,3,-6,3,-7,4,-8,4,-8,0,0,4,-9,4,-9,5,-10,4,-10,5,-10,4,-10,4,-11,5,-10,5,-11,5,-10,5,-10,5,-10,5,-10,5,-10,5,-9,5,-9,4,-8,4,-8,4,-8,4,-7,4,-7,4,-7,4,-6,4,-6,4,-5,4,-5,0,0,0,0,0,0,0,0,0,0,0,0,0,0,-60,15,-59,12,-50,13,-44,14,-42,13,-31,9,-35,10,-27,13,-18,11,-16,9,-12,9,-7,9,-8,8,-4,5,2,1,8,0,8,0,9,-3,15,-7,12,-7,20,-12,21,-13,18,-17,20,-20,26,-24,31,-27,27,-33,25,-34,31,-37,29,-48,32,-44,34,-45,41,-42,33,-47,38,-49,44,-48,40,-52,38,-52,44,-52,46,-51,39,-50,45,-53,40,-44,44,-49,39,-42,40,-43,39,-42,41,-45,34,-37,36,-33,37,-33,32,-32,32,-27,35,-31,28,-28,31,-22,27,-17,0,0,0,0,0,0,0,0,0,0,0,0,0,0,0,0,0,0,0,0,0,0,-24,-10,-18,-14,-17,-21,-13,-21,-12,-23,-8,-26,-10,-24,-7,-28,-4,-32,-1,-35,7,-35,8,-36,10,-37,15,-36,21,-41,23,-43,21,-44,28,-41,28,-39,30,-38,33,-42,40,-40,39,-49,37,-45,40,-48,37,-44,40,-47,39,-46,41,-47,38,-49,40,-51,39,-53,31,-52,31,-51,28,-56,23,-57,26,-57,23,-59,14,-62,14,-68,14,-63,9,-65,8,-65,4,-73,2,-71,0,-67,-6,-71,-8,-76,-15,-74,-14,-75,-16,-75,-19,-72,-15,-77,-21,-74,-19,-80,-23,-76,-15,-77,0,0]"
CSI_DATA,233,1a:00:00:00:00:00,-47,11,1,0,1,1,1,0,0,0,1,-96,0,11,2,3277955,0,44,0,384,0,"[0,0,0,0,0,0,0,0,0,0,0,0,3,-8,2,-6,2,-5,1,-5,1,-4,0,-3,0,-3,0,-3,-1,-2,-1,-1,-1,-1,-1,0,-2,1,-1,2,-2,2,-1,3,-1,3,-2,4,-1,4,-1,5,0,6,0,7,0,6,1,8,1,9,0,8,0,0,1,10,1,11,2,11,2,11,1,11,2,11,2,11,2,11,2,11,1,11,1,11,1,11,0,11,1,10,1,10,1,10,1,9,1,9,1,9,0,8,0,8,0,8,0,7,-1,7,-1,6,-2,6,0,0,0,0,0,0,0,0,0,0,0,0,0,0,37,-43,33,-39,28,-48,21,-40,21,-33,15,-26,12,-34,11,-27,7,-21,6,-16,6,-13,2,-8,-2,-6,-4,-4,-5,0,-8,4,-6,6,-2,10,-2,16,-7,19,-3,21,-6,21,-4,27,-5,33,-6,33,0,37,-2,39,7,49,3,50,6,55,0,54,5,59,5,56,2,62,7,59,5,67,5,63,3,70,1,64,-1,65,4,63,3,62,3,63,7,67,2,56,0,63,0,58,1,55,-3,54,-2,55,-1,48,-2,49,-2,47,-4,41,-5,43,-8,37,-8,38,0,0,0,0,0,0,0,0,0,0,0,0,0,0,0,0,0,0,0,0,0,0,19,-3,19,1,20,6,19,8,19,12,18,15,19,15,19,20,19,24,18,26,14,31,13,32,14,41,11,39,7,41,8,47,6,47,0,47,0,54,-1,52,-1,56,-6,59,-4,56,-5,61,-10,59,-1,63,-5,61,-9,65,-8,61,-1,60,2,59,1,62,4,61,5,58,10,63,9,63,16,56,21,59,19,58,26,61,31,57,34,55,34,58,40,54,39,51,44,48,48,47,49,48,50,48,53,46,54,45,61,42,57,50,56,46,61,49,57,42,55,46,0,0]"
CSI_DATA,234,1a:00:00:00:00:00,-48,11,1,0,1,1,1,0,0,0,1,-96,0,11,2,3306938,0,44,0,384,0,"[0,0,0,0,0,0,0,0,0,0,0,0,-7,-3,-6,-2,-6,-2,-5,-2,-5,-2,-4,0,-3,0,-2,0,-2,0,-1,0,-1,1,0,1,0,1,1,1,1,1,3,2,4,1,4,2,4,1,5,1,5,1,6,1,7,1,7,1,9,1,9,1,0,0,10,0,10,1,11,0,11,0,11,1,11,0,11,0,11,1,11,1,11,1,11,1,11,2,10,2,10,1,10,2,10,2,9,2,9,2,9,2,8,2,8,2,7,2,7,2,6,2,6,2,5,3,0,0,0,0,0,0,0,0,0,0,0,0,0,0,-48,-32,-44,-29,-45,-21,-35,-22,-40,-15,-35,-12,-30,-9,-30,-8,-25,-7,-16,-2,-19,0,-10,1,-10,0,-6,8,0,6,-1,4,3,11,11,11,14,9,16,12,19,12,21,9,24,8,31,13,34,10,40,9,38,11,43,10,48,11,51,7,55,7,60,10,56,10,62,9,56,4,66,13,63,11,65,11,63,11,64,14,60,11,61,14,60,13,59,17,59,13,57,18,56,18,56,18,48,18,49,13,50,16,43,15,44,16,36,19,37,20,32,18,31,20,0,0,0,0,0,0,0,0,0,0,0,0,0,0,0,0,0,0,0,0,0,0,-8,-19,-3,-22,-2,-23,-5,-26,2,-19,8,-26,14,-25,14,-27,15,-27,20,-25,29,-25,25,-26,30,-29,39,-24,36,-23,40,-19,44,-25,47,-16,48,-17,53,-16,53,-15,55,-13,56,-14,58,-13,62,-10,62,-16,61,-5,66,-8,62,-4,68,-9,59,-14,60,-17,59,-14,61,-15,63,-22,57,-25,52,-28,53,-29,56,-31,55,-39,54,-40,50,-42,47,-45,47,-50,41,-48,47,-46,43,-55,39,-57,37,-58,39,-60,42,-65,36,-66,41,-64,34,-63,38,-63,35,-63,38,-64,0,0]"
CSI_DATA,235,1a:00:00:00:00:00,-47,11,1,0,1,1,1,0,0,0,1,-96,0,11,2,3316925,0,44,0,384,0,"[0,0,0,0,0,0,0,0,0,0,0,0,-3,-7,-3,-6,-3,-5,-4,-5,-3,-4,-3,-3,-3,-2,-2,-1,-2,-1,-2,0,-2,0,-2,1,-2,1,-1,2,-1,2,0,3,0,4,1,4,1,5,1,5,1,6,2,6,2,6,3,7,3,7,3,8,0,0,4,9,4,9,5,10,5,9,4,9,4,10,5,10,4,10,5,10,4,10,4,10,3,10,3,9,3,9,3,9,3,9,3,8,3,8,3,8,2,8,2,8,1,7,1,7,0,6,0,6,-1,6,0,0,0,0,0,0,0,0,0,0,0,0,0,0,-20,-59,-17,-49,-18,-46,-22,-45,-16,-35,-14,-33,-20,-32,-18,-24,-15,-16,-13,-14,-15,-15,-9,-10,-10,-3,-11,2,-10,4,-10,10,-9,13,-3,16,-1,20,-2,21,6,25,0,25,6,28,13,32,10,33,12,37,16,38,25,44,23,46,27,46,21,46,25,55,29,52,27,54,27,57,28,58,25,60,30,59,24,63,26,61,24,59,26,64,25,64,21,63,22,61,19,56,15,51,20,54,18,52,10,53,11,49,11,47,8,46,3,45,4,41,3,38,-2,34,0,0,0,0,0,0,0,0,0,0,0,0,0,0,0,0,0,0,0,0,0,0,3,-18,5,-18,10,-18,11,-20,17,-16,15,-13,18,-14,21,-10,25,-14,31,-8,33,-8,32,-5,38,-2,40,0,41,8,42,8,47,10,44,19,42,16,46,22,46,20,54,24,50,25,54,23,54,26,55,27,50,27,55,33,52,34,55,26,51,26,61,27,57,28,54,21,58,23,58,21,54,14,63,11,57,9,64,7,61,6,65,-2,68,3,63,-4,66,-7,73,-16,70,-10,66,-14,67,-18,66,-17,67,-20,69,-27,71,-21,69,-29,70,-29,66,-28,68,-19,0,0]"
CSI_DATA,236,1a:00:00:00:00:00,-47,11,1,0,1,1,1,0,0,0,1,-96,0,11,2,3346933,0,44,0,384,0,"[0,0,0,0,0,0,0,0,0,0,0,0,-7,7,-6,7,-5,5,-5,5,-4,5,-4,5,-3,5,-2,4,-2,4,-1,3,0,3,0,3,1,2,1,2,2,2,3,2,3,1,3,1,4,0,5,0,6,-1,6,-1,6,-1,7,-1,8,-1,8,-1,0,0,9,-2,9,-2,10,-2,9,-2,10,-2,11,-2,11,-1,10,-1,11,-1,10,0,11,0,10,0,10,0,10,1,9,1,9,1,9,1,9,1,8,1,8,1,7,2,7,2,6,2,6,3,6,3,5,3,0,0,0,0,0,0,0,0,0,0,0,0,0,0,-56,44,-50,45,-41,41,-40,36,-36,39,-34,32,-24,32,-29,33,-19,32,-18,27,-11,26,-11,26,-3,23,-7,23,3,17,6,17,7,17,9,15,15,15,18,10,24,9,22,9,24,4,26,3,29,-1,36,-1,36,-3,39,-3,44,-4,47,-8,49,-8,52,-6,53,-10,55,-8,57,-7,57,-7,58,-7,61,-8,59,-6,61,-6,63,-1,60,6,61,-2,60,2,56,6,57,3,53,4,50,5,46,4,50,4,46,7,43,11,41,12,39,17,35,14,34,20,27,20,0,0,0,0,0,0,0,0,0,0,0,0,0,0,0,0,0,0,0,0,0,0,-9,11,-12,10,-9,5,-12,8,-19,1,-21,1,-20,-5,-23,-7,-26,-11,-21,-15,-26,-17,-29,-21,-28,-25,-26,-28,-26,-32,-28,-36,-29,-43,-25,-44,-23,-46,-22,-54,-22,-56,-19,-60,-18,-60,-18,-63,-14,-64,-20,-66,-11,-66,-12,-72,-9,-65,-13,-69,-12,-63,-12,-70,-13,-66,-15,-63,-18,-65,-17,-66,-21,-58,-18,-65,-25,-62,-26,-61,-27,-60,-33,-60,-35,-61,-40,-60,-38,-55,-42,-52,-44,-53,-50,-54,-51,-56,-53,-58,-50,-56,-59,-58,-60,-57,-54,-56,-55,-63,-55,-58,-54,-58,0,0]"
CSI_DATA,237,1a:00:00:00:00:00,-47,11,1,0,1,1,1,0,0,0,1,-96,0,11,2,3356939,0,44,0,384,0,"[0,0,0,0,0,0,0,0,0,0,0,0,-9,-5,-8,-5,-8,-4,-8,-4,-7,-3,-6,-2,-7,-2,-6,-1,-5,0,-5,0,-5,0,-4,2,-4,1,-4,2,-3,3,-3,4,-2,4,-2,4,-2,4,-1,5,-2,5,-1,6,-1,6,0,7,0,8,0,8,0,0,0,9,0,10,0,10,1,10,-1,10,-1,10,-1,10,-1,10,-1,10,-1,11,-2,10,-2,9,-3,9,-2,9,-3,9,-3,8,-3,8,-3,7,-3,7,-3,7,-4,6,-4,6,-4,6,-4,5,-5,4,-4,4,0,0,0,0,0,0,0,0,0,0,0,0,0,0,-56,-42,-51,-39,-53,-37,-41,-38,-40,-28,-41,-32,-37,-22,-35,-15,-32,-14,-31,-13,-28,-9,-26,-7,-31,-5,-26,1,-24,2,-16,8,-19,13,-17,15,-21,17,-16,17,-13,20,-13,24,-7,28,-6,33,-3,27,-7,32,1,36,0,42,2,45,4,46,0,46,0,56,-3,52,-1,60,2,55,-7,60,-4,63,-2,57,-6,59,-5,58,-7,55,-13,57,-13,56,-13,59,-17,55,-15,51,-20,51,-14,48,-14,45,-16,41,-16,42,-18,44,-23,36,-21,30,-24,31,-25,30,-26,22,0,0,0,0,0,0,0,0,0,0,0,0,0,0,0,0,0,0,0,0,0,0,-14,-2,-12,-7,-10,-12,-7,-13,-7,-15,-3,-19,-4,-22,1,-25,4,-31,8,-30,10,-30,13,-33,19,-36,25,-35,24,-37,30,-40,34,-41,38,-33,43,-38,44,-38,48,-33,56,-34,49,-32,53,-29,61,-26,56,-32,63,-26,69,-28,62,-27,71,-32,58,-25,66,-33,62,-32,60,-29,61,-33,57,-32,50,-30,53,-33,56,-39,52,-48,52,-46,50,-41,56,-47,50,-51,43,-45,43,-56,45,-53,41,-54,45,-59,41,-58,47,-67,44,-65,50,-71,41,-58,49,-69,47,-69,48,-64,0,0]"
CSI_DATA,238,1a:00:00:00:00:00,-47,11,1,0,1,1,1,0,0,0,1,-96,0,11,2,3366944,0,44,0,384,0,"[0,0,0,0,0,0,0,0,0,0,0,0,1,-10,0,-9,-1,-8,-1,-8,-1,-7,-2,-7,-2,-6,-3,-5,-3,-5,-3,-4,-3,-4,-4,-3,-4,-3,-5,-2,-5,-1,-5,-1,-6,-1,-6,0,-6,0,-6,1,-7,1,-7,2,-7,1,-8,3,-9,3,-9,3,0,0,-9,3,-11,3,-11,3,-10,3,-10,3,-11,3,-11,3,-11,3,-11,2,-11,2,-11,1,-11,1,-10,0,-10,0,-10,0,-10,-1,-10,-1,-9,-1,-9,-1,-8,-1,-8,-2,-8,-2,-7,-2,-7,-3,-6,-3,-5,-3,0,0,0,0,0,0,0,0,0,0,0,0,0,0,12,-54,8,-50,5,-58,7,-50,6,-50,0,-47,2,-37,-4,-40,-8,-33,-11,-31,-13,-28,-14,-26,-13,-25,-14,-16,-21,-16,-23,-12,-24,-9,-24,-8,-26,-6,-29,-1,-32,2,-26,0,-24,8,-32,7,-29,11,-36,14,-37,12,-39,20,-45,19,-44,24,-43,20,-51,24,-44,17,-55,20,-54,21,-54,22,-57,18,-54,16,-59,15,-58,10,-53,11,-62,13,-55,9,-54,8,-50,5,-51,2,-50,2,-47,0,-46,0,-47,-4,-41,-3,-42,-3,-38,-6,-34,-10,-36,-12,-32,-10,-28,-18,0,0,0,0,0,0,0,0,0,0,0,0,0,0,0,0,0,0,0,0,0,0,-8,-14,-6,-13,0,-14,6,-20,6,-15,9,-18,15,-14,19,-14,26,-17,26,-15,31,-13,31,-11,34,-12,41,-6,44,-3,44,2,53,3,49,9,55,11,57,19,53,20,59,23,54,27,59,22,64,33,55,30,62,36,58,38,51,38,60,34,50,32,58,36,51,36,53,31,55,32,58,29,51,25,58,25,60,22,62,19,62,20,62,16,65,13,64,9,66,12,62,12,65,12,67,1,71,6,71,7,77,3,77,0,78,6,71,5,77,10,79,8,71,8,0,0]"
CSI_DATA,239,1a:00:00:00:00:00,-47,11,1,0,1,1,1,0,0,0,1,-96,0,11,2,3377803,0,44,0,384,0,"[0,0,0,0,0,0,0,0,0,0,0,0,6,5,6,4,5,4,6,3,5,2,5,1,4,1,4,0,4,0,4,-1,4,-2,4,-3,4,-3,3,-3,3,-4,3,-5,2,-5,3,-5,2,-6,3,-7,2,-7,2,-7,2,-7,2,-9,2,-9,2,-9,0,0,1,-10,3,-10,3,-10,2,-11,3,-10,3,-10,4,-10,4,-10,3,-10,4,-9,4,-10,4,-9,5,-8,4,-8,5,-8,5,-7,5,-7,4,-7,5,-6,4,-5,5,-5,4,-4,5,-4,5,-4,5,-3,4,-3,0,0,0,0,0,0,0,0,0,0,0,0,0,0,33,54,28,47,33,44,30,35,33,36,30,34,29,27,26,23,29,16,28,14,26,10,26,6,31,1,25,1,25,-3,27,-8,27,-9,22,-14,25,-16,25,-18,22,-26,24,-24,17,-29,25,-32,18,-33,21,-37,18,-36,20,-43,17,-46,21,-48,18,-48,22,-54,21,-46,24,-53,18,-52,28,-55,32,-52,26,-54,35,-47,35,-46,32,-45,30,-50,31,-45,36,-44,37,-40,33,-40,33,-35,30,-35,33,-31,31,-29,32,-25,32,-20,32,-18,32,-15,31,-17,31,-12,29,-10,0,0,0,0,0,0,0,0,0,0,0,0,0,0,0,0,0,0,0,0,0,0,14,4,11,9,8,8,6,13,7,18,0,17,-4,17,-7,20,-9,24,-17,26,-20,23,-24,26,-26,25,-31,28,-36,24,-40,22,-46,26,-46,19,-52,21,-56,19,-57,17,-70,16,-61,7,-63,12,-69,10,-70,11,-67,3,-72,2,-67,2,-74,5,-59,4,-70,4,-66,3,-65,7,-66,6,-65,10,-59,12,-62,15,-59,16,-59,25,-59,21,-60,26,-63,30,-60,31,-57,32,-56,28,-60,37,-63,40,-58,39,-63,47,-58,44,-64,48,-64,48,-58,38,-71,48,-64,48,-58,46,0,0]"
CSI_DATA,240,1a:00:00:00:00:00,-47,11,1,0,1,1,1,0,0,0,1,-96,0,11,2,3386938,0,44,0,384,0,"[0,0,0,0,0,0,0,0,0,0,0,0,5,4,5,4,5,3,5,3,5,2,5,2,4,1,4,0,4,0,4,-1,4,-1,4,-2,4,-3,4,-3,4,-3,4,-4,3,-5,3,-5,3,-5,3,-6,3,-6,4,-7,3,-7,4,-8,4,-8,4,-9,0,0,4,-9,5,-9,5,-9,4,-8,6,-9,5,-8,5,-8,6,-8,5,-8,5,-7,6,-7,6,-6,6,-6,6,-6,6,-5,6,-5,5,-5,5,-5,5,-4,5,-4,5,-3,5,-3,5,-2,4,-2,4,-1,4,0,0,0,0,0,0,0,0,0,0,0,0,0,0,0,23,57,21,54,26,47,20,45,23,40,22,34,23,33,22,28,26,26,25,17,29,14,28,14,27,11,27,5,24,4,27,-4,32,-2,30,-8,31,-7,30,-10,33,-16,32,-16,27,-22,33,-24,33,-25,35,-27,35,-31,38,-33,38,-34,42,-41,38,-38,40,-38,43,-35,44,-39,43,-39,43,-38,47,-38,48,-32,52,-30,49,-31,46,-29,49,-28,46,-26,51,-26,47,-20,45,-19,44,-14,43,-13,39,-12,38,-8,40,-9,34,-5,37,-2,32,0,34,1,27,3,26,9,0,0,0,0,0,0,0,0,0,0,0,0,0,0,0,0,0,0,0,0,0,0,6,6,4,9,2,9,1,14,-3,16,-5,14,-10,18,-12,17,-18,18,-23,19,-24,18,-27,19,-33,24,-39,21,-43,18,-47,15,-53,16,-55,8,-54,10,-63,10,-61,6,-68,5,-70,-2,-69,0,-69,-5,-74,-2,-70,-13,-71,-10,-66,-15,-68,-10,-69,-8,-71,-5,-69,-10,-63,-2,-66,-4,-67,1,-61,0,-64,5,-65,6,-67,11,-68,12,-69,15,-65,21,-69,19,-63,26,-62,25,-67,26,-64,31,-70,35,-68,36,-71,30,-69,33,-71,34,-73,32,-74,34,-69,29,-64,29,0,0]"
CSI_DATA,241,1a:00:00:00:00:00,-48,11,1,0,1,1,1,0,0,0,1,-96,0,11,2,3396910,0,44,0,384,0,"[0,0,0,0,0,0,0,0,0,0,0,0,2,6,2,5,3,4,3,4,3,3,3,3,3,2,3,2,4,1,4,1,4,0,5,0,5,-1,5,-1,5,-1,5,-2,4,-3,5,-3,5,-3,5,-4,5,-4,6,-4,5,-4,6,-5,6,-5,6,-5,0,0,6,-6,7,-6,8,-5,7,-6,7,-5,8,-5,8,-4,8,-4,8,-4,7,-3,7,-3,7,-3,7,-2,7,-2,6,-2,6,-1,6,-1,6,-1,5,0,5,-1,5,0,4,0,4,1,4,1,3,1,3,1,0,0,0,0,0,0,0,0,0,0,0,0,0,0,12,59,15,53,17,50,21,39,21,45,15,34,20,34,25,29,20,18,20,21,26,17,23,12,28,13,26,5,27,6,26,1,30,-3,32,-7,27,-9,28,-10,33,-11,30,-6,33,-20,35,-16,33,-18,36,-21,35,-27,31,-31,38,-27,43,-30,40,-28,41,-36,38,-30,45,-38,44,-30,51,-27,49,-31,50,-30,48,-23,44,-21,47,-22,49,-24,49,-17,47,-16,46,-15,43,-6,47,-8,40,-5,37,-7,32,-3,34,-2,34,-1,28,2,26,6,25,10,23,4,19,10,0,0,0,0,0,0,0,0,0,0,0,0,0,0,0,0,0,0,0,0,0,0,-1,4,-5,11,-4,8,-7,15,-12,10,-19,13,-21,11,-23,10,-31,7,-29,10,-35,9,-37,10,-42,9,-49,9,-51,6,-52,2,-63,2,-60,-7,-60,-6,-65,-4,-65,-7,-75,-13,-64,-21,-74,-17,-69,-24,-72,-22,-68,-24,-71,-21,-66,-28,-73,-24,-63,-22,-69,-22,-67,-19,-65,-16,-65,-21,-64,-12,-62,-12,-66,-10,-63,-5,-64,-2,-70,-2,-65,3,-68,3,-67,11,-66,12,-72,7,-72,14,-69,16,-66,19,-71,19,-72,22,-74,24,-78,20,-70,18,-76,17,-72,24,-71,16,0,0]"
CSI_DATA,242,1a:00:00:00:00:00,-47,11,1,0,1,1,1,0,0,0,1,-96,0,11,2,3407012,0,44,0,384,0,"[0,0,0,0,0,0,0,0,0,0,0,0,4,-6,3,-6,3,-6,2,-6,2,-5,1,-6,1,-5,0,-5,0,-5,-1,-5,-1,-6,-2,-6,-2,-5,-3,-5,-3,-5,-4,-6,-4,-6,-4,-5,-5,-5,-5,-5,-5,-5,-6,-5,-6,-6,-6,-5,-6,-6,-6,-6,0,0,-7,-7,-7,-6,-7,-7,-7,-7,-6,-7,-6,-7,-6,-7,-5,-7,-5,-8,-5,-7,-4,-8,-4,-7,-3,-7,-3,-7,-3,-7,-2,-7,-2,-6,-2,-7,-1,-6,-1,-6,0,-6,0,-5,0,-5,0,-4,1,-4,1,-3,0,0,0,0,0,0,0,0,0,0,0,0,0,0,43,-37,35,-32,29,-38,21,-36,25,-32,22,-33,12,-31,18,-32,12,-32,8,-34,0,-32,2,-24,-5,-31,-6,-27,-3,-29,-12,-31,-8,-28,-16,-25,-14,-23,-22,-26,-27,-25,-23,-29,-24,-23,-30,-25,-29,-25,-29,-28,-34,-30,-39,-31,-35,-27,-41,-29,-40,-31,-40,-29,-42,-31,-44,-34,-45,-33,-39,-37,-36,-33,-37,-36,-36,-38,-32,-39,-29,-39,-26,-41,-24,-40,-21,-40,-19,-34,-18,-38,-19,-40,-12,-38,-9,-31,-7,-35,-8,-28,-6,-33,-5,-27,-1,-26,2,-25,3,-22,5,-17,0,0,0,0,0,0,0,0,0,0,0,0,0,0,0,0,0,0,0,0,0,0,7,-2,11,-1,14,0,15,3,14,6,19,4,24,8,26,13,28,13,32,23,29,27,33,27,35,34,37,37,34,41,34,45,36,48,33,54,31,54,33,58,27,63,32,65,28,69,24,71,22,72,21,74,17,71,19,72,15,74,20,72,19,69,20,69,19,65,22,60,22,63,23,59,22,60,25,58,26,57,29,56,33,56,38,55,34,54,40,48,39,44,41,53,45,49,52,47,53,45,51,53,48,53,57,49,51,52,47,51,51,51,48,50,48,49,0,0]"
CSI_DATA,243,1a:00:00:00:00:00,-46,11,1,0,1,1,1,0,0,0,1,-96,0,11,2,3417775,0,44,0,384,0,"[0,0,0,0,0,0,0,0,0,0,0,0,-2,-7,-2,-7,-3,-7,-3,-7,-3,-6,-3,-6,-4,-5,-4,-5,-4,-5,-5,-4,-5,-4,-5,-4,-6,-4,-6,-3,-6,-3,-6,-3,-6,-3,-6,-3,-7,-2,-7,-2,-7,-2,-8,-1,-7,-2,-8,-2,-9,-2,-8,-2,0,0,-9,-2,-9,-2,-9,-3,-9,-2,-9,-3,-9,-3,-9,-3,-8,-3,-8,-4,-7,-4,-7,-4,-7,-5,-6,-5,-6,-5,-5,-4,-5,-4,-5,-5,-4,-5,-4,-4,-4,-4,-3,-4,-3,-4,-2,-4,-2,-4,-1,-4,-1,-3,0,0,0,0,0,0,0,0,0,0,0,0,0,0,1,-53,2,-45,-3,-46,-6,-46,-10,-42,-9,-36,-13,-33,-13,-35,-17,-28,-20,-35,-19,-30,-21,-29,-25,-30,-24,-25,-25,-25,-27,-24,-28,-19,-29,-15,-30,-14,-31,-13,-39,-11,-33,-15,-35,-9,-41,-9,-38,-7,-42,-8,-40,-10,-48,-5,-47,-7,-49,-5,-50,-6,-49,-7,-47,-10,-49,-12,-50,-9,-54,-14,-52,-10,-48,-12,-46,-20,-43,-21,-41,-18,-42,-24,-39,-23,-36,-23,-35,-22,-33,-24,-30,-26,-28,-23,-28,-27,-22,-22,-22,-24,-21,-25,-14,-23,-12,-22,-8,-22,-7,-20,-3,-20,0,0,0,0,0,0,0,0,0,0,0,0,0,0,0,0,0,0,0,0,0,0,7,-11,7,-13,10,-13,17,-13,13,-13,23,-15,27,-14,29,-13,37,-15,37,-13,43,-9,43,-9,53,-6,54,-5,56,2,55,6,67,2,63,10,63,13,68,14,67,14,69,24,65,24,75,26,67,35,67,31,63,32,65,35,63,37,69,34,55,30,66,32,60,34,58,29,59,28,58,25,55,24,57,21,57,18,60,16,58,15,62,12,62,8,60,6,60,5,66,-4,66,2,64,1,65,-3,68,2,72,0,68,0,72,1,62,0,66,3,68,1,61,-2,0,0]"
CSI_DATA,244,1a:00:00:00:00:00,-46,11,1,0,1,1,1,0,0,0,1,-96,0,11,2,3436923,0,44,0,384,0,"[0,0,0,0,0,0,0,0,0,0,0,0,8,-1,8,-1,7,-2,7,-2,7,-2,6,-2,6,-3,6,-3,6,-3,6,-3,6,-4,6,-5,6,-5,5,-5,5,-5,5,-6,5,-6,5,-6,4,-5,5,-6,5,-6,5,-6,5,-7,5,-7,5,-7,5,-7,0,0,5,-7,6,-7,6,-7,6,-7,6,-6,6,-6,6,-6,6,-5,6,-6,6,-5,6,-5,6,-3,6,-3,6,-3,6,-3,6,-3,5,-2,5,-2,5,-1,4,-1,4,-1,4,-1,3,0,3,0,3,0,3,0,0,0,0,0,0,0,0,0,0,0,0,0,0,0,54,9,52,8,52,3,49,1,47,1,44,-6,45,-3,48,-9,41,-7,38,-9,38,-14,40,-14,43,-16,38,-17,35,-18,35,-20,36,-24,34,-26,37,-23,29,-24,34,-30,28,-29,26,-29,32,-32,34,-30,36,-36,35,-30,35,-40,34,-36,36,-40,36,-37,39,-36,39,-32,43,-38,39,-33,44,-30,45,-31,38,-25,43,-23,40,-23,44,-19,41,-21,36,-16,42,-16,39,-13,37,-10,33,-8,33,-6,33,-3,30,-4,29,-2,27,0,25,2,25,5,25,3,21,4,18,7,0,0,0,0,0,0,0,0,0,0,0,0,0,0,0,0,0,0,0,0,0,0,14,8,12,10,16,13,18,15,15,16,18,24,17,23,14,31,18,33,16,35,18,41,15,45,14,50,8,52,3,58,6,56,3,67,-10,59,-3,67,-12,71,-18,68,-18,72,-25,65,-27,72,-28,69,-28,68,-34,61,-33,61,-35,60,-36,63,-30,52,-34,59,-30,56,-29,49,-32,56,-27,53,-23,51,-24,52,-21,53,-16,55,-21,55,-12,55,-15,60,-9,58,-7,58,-12,62,-10,57,-6,63,-9,65,-7,63,-10,65,-4,66,-8,71,-7,64,-6,72,-9,68,-9,65,0,0]"
CSI_DATA,245,1a:00:00:00:00:00,-46,11,1,0,1,1,1,0,0,0,1,-96,0,11,2,3446949,0,44,0,384,0,"[0,0,0,0,0,0,0,0,0,0,0,0,-5,8,-4,7,-3,8,-3,8,-3,8,-2,7,-2,7,-1,7,-1,7,-1,7,-1,8,0,7,1,7,1,7,1,6,2,8,2,7,2,7,3,7,3,7,3,7,3,7,3,8,4,8,3,8,3,8,0,0,4,8,3,8,3,9,3,9,2,8,3,8,3,9,2,8,1,9,1,8,0,8,0,7,0,7,-1,7,-1,7,-1,7,-1,6,-1,5,-1,5,-2,5,-2,5,-2,4,-2,4,-3,4,-3,3,-3,3,0,0,0,0,0,0,0,0,0,0,0,0,0,0,-36,47,-32,45,-26,47,-26,42,-20,42,-20,45,-15,40,-20,43,-9,43,-10,38,-7,42,-3,39,-5,45,-1,40,-3,45,5,43,1,44,9,42,10,36,6,41,13,45,10,44,16,38,14,42,14,43,16,44,20,48,21,45,16,44,23,50,20,46,18,52,13,49,18,50,18,53,9,49,10,56,9,54,5,48,4,51,3,50,1,48,-2,49,-4,43,-6,41,-5,46,-5,40,-5,36,-10,32,-10,33,-9,32,-12,27,-12,23,-15,24,-10,20,-13,15,-14,16,0,0,0,0,0,0,0,0,0,0,0,0,0,0,0,0,0,0,0,0,0,0,-11,8,-14,8,-15,9,-16,6,-20,8,-24,12,-29,6,-36,4,-39,6,-45,-4,-44,-5,-46,-8,-53,-8,-56,-15,-53,-22,-60,-26,-61,-25,-60,-33,-57,-32,-56,-36,-54,-40,-60,-50,-50,-49,-55,-51,-52,-54,-48,-56,-45,-61,-46,-56,-40,-59,-41,-58,-45,-51,-39,-55,-39,-58,-41,-49,-40,-50,-42,-45,-42,-45,-42,-41,-39,-41,-44,-39,-42,-41,-50,-37,-49,-39,-50,-38,-54,-33,-50,-29,-54,-29,-55,-31,-58,-33,-61,-35,-58,-38,-60,-35,-58,-44,-54,-30,-59,-44,-58,-37,-54,-38,0,0]"
CSI_DATA,246,1a:00:00:00:00:00,-47,11,1,0,1,1,1,0,0,0,1,-96,0,11,2,3457114,0,44,0,384,0,"[0,0,0,0,0,0,0,0,0,0,0,0,-5,7,-4,7,-3,6,-3,7,-2,6,-3,6,-2,6,-1,6,-1,6,0,5,0,6,0,6,1,6,1,6,1,6,1,6,2,6,2,6,3,6,3,6,3,6,4,6,3,7,4,7,4,7,4,7,0,0,4,7,4,8,4,8,4,8,3,8,3,8,3,8,2,8,2,8,1,8,1,8,0,7,0,7,0,7,-1,7,-1,7,-1,6,-1,5,-1,5,-2,5,-2,5,-2,4,-2,4,-2,3,-3,3,-3,2,0,0,0,0,0,0,0,0,0,0,0,0,0,0,-33,48,-29,39,-20,48,-22,47,-16,46,-22,46,-13,44,-13,45,-9,34,-8,43,-4,36,-1,36,1,40,3,39,7,36,13,33,9,38,16,31,10,40,22,37,24,41,21,37,22,29,28,34,25,38,27,39,26,38,28,41,31,38,38,41,31,39,36,42,30,43,30,48,33,43,27,43,24,47,30,47,24,50,23,44,24,45,18,47,17,45,15,47,11,43,11,40,7,44,8,39,4,36,7,36,1,37,2,35,-4,33,-7,28,-4,26,-9,21,-10,21,0,0,0,0,0,0,0,0,0,0,0,0,0,0,0,0,0,0,0,0,0,0,-6,9,-10,11,-13,12,-17,10,-17,9,-27,10,-23,5,-32,8,-39,6,-37,1,-42,-6,-44,-5,-47,-12,-48,-13,-51,-20,-54,-19,-61,-24,-55,-29,-55,-32,-51,-33,-52,-38,-54,-44,-53,-47,-52,-52,-49,-55,-52,-49,-43,-55,-45,-56,-36,-55,-46,-52,-40,-49,-41,-52,-39,-49,-36,-45,-41,-47,-40,-44,-37,-45,-42,-44,-46,-39,-47,-43,-47,-43,-51,-32,-53,-44,-51,-33,-49,-32,-53,-39,-57,-31,-57,-30,-57,-28,-57,-34,-60,-36,-64,-32,-72,-35,-64,-33,-63,-38,-64,-38,-61,-35,0,0]"
CSI_DATA,247,1a:00:00:00:00:00,-47,11,1,0,1,1,1,0,0,0,1,-96,0,11,2,3466940,0,44,0,384,0,"[0,0,0,0,0,0,0,0,0,0,0,0,-3,-7,-4,-6,-5,-6,-5,-6,-5,-5,-5,-5,-6,-4,-5,-4,-5,-4,-6,-3,-6,-3,-6,-2,-7,-2,-7,-2,-7,-2,-7,-2,-8,-1,-8,-1,-8,0,-8,0,-8,0,-9,0,-9,0,-10,0,-10,0,-10,0,0,0,-10,0,-10,0,-11,0,-10,0,-11,-1,-11,-1,-10,-1,-10,-1,-10,-2,-9,-2,-9,-2,-9,-3,-8,-3,-9,-3,-8,-3,-8,-3,-7,-3,-7,-3,-6,-3,-6,-4,-5,-4,-5,-4,-4,-4,-4,-4,-3,-4,-3,-4,0,0,0,0,0,0,0,0,0,0,0,0,0,0,-13,-54,-15,-51,-16,-43,-14,-44,-22,-43,-18,-34,-20,-33,-23,-33,-23,-27,-26,-27,-26,-20,-28,-23,-31,-23,-35,-17,-32,-15,-34,-10,-38,-15,-39,-7,-36,-5,-41,-5,-42,-3,-41,-4,-42,1,-43,2,-44,4,-49,1,-51,2,-51,6,-50,0,-55,7,-54,4,-62,5,-56,3,-61,5,-61,4,-55,-4,-56,-2,-61,-4,-59,-7,-54,-5,-53,-6,-51,-13,-53,-11,-49,-10,-46,-16,-46,-14,-40,-18,-44,-17,-34,-14,-36,-17,-31,-16,-29,-20,-30,-17,-24,-17,-20,-23,-19,-19,-14,-18,0,0,0,0,0,0,0,0,0,0,0,0,0,0,0,0,0,0,0,0,0,0,-9,-16,-6,-19,-3,-26,1,-24,1,-28,3,-26,8,-27,13,-33,20,-33,25,-36,31,-33,33,-33,38,-38,42,-31,45,-30,52,-28,56,-28,55,-20,56,-20,60,-14,61,-11,70,-12,73,-8,68,-3,71,2,71,-1,67,9,64,8,67,9,65,6,62,6,65,6,62,7,59,5,61,5,56,1,57,-1,55,-1,54,-3,60,-9,54,-5,62,-12,59,-9,61,-14,57,-14,56,-21,58,-18,63,-21,62,-21,66,-18,64,-18,66,-22,66,-21,67,-19,70,-19,62,-23,64,-16,0,0]"
CSI_DATA,248,1a:00:00:00:00:00,-47,11,1,0,1,1,1,0,0,0,1,-96,0,11,2,3476914,0,44,0,384,0,"[0,0,0,0,0,0,0,0,0,0,0,0,1,-8,0,-8,-1,-7,-1,-7,-2,-7,-1,-6,-3,-6,-3,-6,-3,-6,-4,-5,-4,-6,-5,-5,-5,-5,-6,-4,-6,-5,-6,-4,-7,-5,-6,-4,-7,-4,-8,-3,-7,-4,-9,-4,-8,-4,-9,-4,-10,-4,-9,-4,0,0,-10,-5,-10,-5,-11,-5,-10,-5,-10,-5,-10,-6,-10,-6,-9,-6,-9,-6,-8,-7,-8,-7,-7,-7,-7,-7,-7,-7,-6,-6,-6,-6,-5,-6,-5,-6,-5,-6,-4,-6,-4,-6,-3,-6,-3,-6,-3,-5,-1,-6,-1,-5,0,0,0,0,0,0,0,0,0,0,0,0,0,0,10,-53,12,-47,10,-49,6,-46,1,-44,1,-36,-10,-41,-8,-34,-9,-34,-10,-34,-18,-27,-17,-28,-25,-27,-23,-23,-22,-25,-26,-22,-30,-22,-29,-20,-30,-21,-38,-18,-42,-18,-38,-18,-40,-10,-41,-16,-44,-13,-49,-17,-52,-14,-51,-14,-52,-12,-58,-12,-57,-16,-58,-20,-55,-22,-58,-17,-57,-21,-55,-24,-58,-23,-55,-24,-50,-28,-47,-28,-44,-27,-46,-32,-43,-32,-44,-36,-38,-32,-39,-34,-36,-33,-36,-31,-33,-29,-27,-33,-26,-30,-22,-28,-19,-29,-16,-31,-13,-27,-11,-28,-5,-27,0,0,0,0,0,0,0,0,0,0,0,0,0,0,0,0,0,0,0,0,0,0,-7,-18,-3,-21,0,-24,3,-26,7,-25,12,-30,16,-28,21,-26,29,-28,31,-29,37,-21,42,-23,45,-21,46,-16,52,-13,53,-11,62,-7,60,2,59,0,62,7,67,13,68,15,68,13,67,23,66,23,69,24,61,32,61,29,58,33,58,34,54,26,56,31,54,26,56,25,51,31,54,22,51,19,54,15,54,20,57,17,54,16,59,14,59,13,61,10,61,3,58,10,60,8,61,3,61,4,67,4,67,8,72,5,69,7,65,9,71,9,66,8,63,10,0,0]"
CSI_DATA,249,1a:00:00:00:00:00,-47,11,1,0,1,1,1,0,0,0,1,-96,0,11,2,3486965,0,44,0,384,0,"[0,0,0,0,0,0,0,0,0,0,0,0,0,7,0,7,2,6,1,6,2,5,2,5,3,5,3,4,3,4,4,3,5,3,5,2,5,3,6,1,6,1,7,1,7,1,7,1,7,0,8,0,8,0,9,-1,9,0,10,-1,10,-1,10,-1,0,0,11,-1,11,0,11,0,11,0,11,0,11,1,12,1,11,1,10,1,10,2,10,2,9,2,9,3,8,3,9,3,8,2,8,3,7,3,6,3,6,3,6,4,5,3,5,3,4,4,4,4,3,4,0,0,0,0,0,0,0,0,0,0,0,0,0,0,-15,53,-13,43,-2,43,-9,46,-2,40,1,40,1,34,6,35,5,29,10,35,10,30,18,27,16,30,21,23,24,25,27,19,28,22,30,12,32,15,35,16,40,14,39,16,41,12,45,4,45,8,47,7,48,8,53,7,53,5,57,6,50,8,56,11,52,8,59,11,54,10,57,16,58,11,57,11,55,18,53,23,51,23,52,21,47,22,53,22,44,21,44,26,42,23,38,28,32,26,36,24,32,22,29,24,30,28,28,25,17,26,16,27,15,30,0,0,0,0,0,0,0,0,0,0,0,0,0,0,0,0,0,0,0,0,0,0,7,17,5,21,4,22,-3,26,-10,27,-12,22,-15,26,-17,22,-25,27,-29,21,-33,22,-37,17,-43,23,-51,18,-47,17,-51,9,-59,8,-58,-1,-58,0,-61,-8,-61,-10,-69,-16,-61,-20,-58,-22,-64,-23,-62,-25,-60,-32,-60,-37,-55,-32,-60,-30,-51,-27,-55,-32,-55,-29,-49,-28,-50,-25,-53,-27,-52,-26,-55,-23,-54,-23,-60,-20,-53,-17,-52,-15,-58,-12,-59,-11,-58,-11,-57,-2,-61,-8,-63,-3,-62,-10,-67,-2,-71,-13,-68,-5,-70,-16,-69,-16,-76,-17,-66,-12,-66,-13,0,0]"
CSI_DATA,250,1a:00:00:00:00:00,-47,11,1,0,1,1,1,0,0,0,1,-96,0,11,2,3496941,0,44,0,384,0,"[0,0,0,0,0,0,0,0,0,0,0,0,-5,6,-4,6,-2,6,-2,6,-2,5,-1,5,-1,5,0,5,0,5,1,5,2,5,2,5,3,5,3,4,4,4,4,5,5,4,5,4,6,3,6,4,7,4,7,4,7,4,8,4,9,4,9,5,0,0,9,5,9,5,10,5,9,6,9,5,9,6,9,6,8,6,8,6,8,6,7,6,7,7,7,6,6,7,6,6,5,7,5,7,5,6,4,6,4,6,3,6,2,6,2,6,1,5,1,5,0,4,0,0,0,0,0,0,0,0,0,0,0,0,0,0,-43,35,-41,41,-31,37,-24,30,-28,35,-21,31,-18,30,-13,33,-10,32,-11,28,-3,29,1,29,-2,31,5,34,9,27,11,25,17,27,21,27,21,30,26,28,30,27,32,26,32,24,31,27,36,26,38,29,41,23,46,27,50,30,51,29,49,31,50,31,52,35,49,32,53,33,50,38,54,42,51,38,47,43,45,38,43,48,43,41,40,43,40,40,34,37,36,42,30,42,31,39,24,37,21,33,24,38,19,31,19,33,15,39,5,37,10,34,3,30,0,0,0,0,0,0,0,0,0,0,0,0,0,0,0,0,0,0,0,0,0,0,-7,24,-10,22,-13,19,-14,19,-21,19,-28,12,-24,11,-33,11,-37,4,-34,1,-42,-3,-40,-9,-45,-15,-49,-16,-47,-20,-46,-26,-46,-29,-45,-38,-40,-36,-38,-41,-43,-49,-40,-56,-39,-53,-37,-61,-34,-61,-36,-59,-26,-64,-25,-57,-24,-60,-25,-59,-26,-63,-22,-60,-17,-59,-23,-56,-24,-57,-26,-55,-21,-52,-27,-54,-29,-49,-30,-52,-32,-47,-38,-49,-38,-45,-43,-45,-38,-42,-42,-52,-46,-47,-50,-43,-48,-45,-53,-49,-54,-44,-56,-46,-54,-48,-52,-45,-51,-52,-52,-49,-47,-49,0,0]"
CSI_DATA,251,1a:00:00:00:00:00,-48,11,1,0,1,1,1,0,0,0,1,-96,0,11,2,3516980,0,44,0,384,0,"[0,0,0,0,0,0,0,0,0,0,0,0,5,-5,5,-6,4,-6,4,-5,3,-5,2,-6,2,-6,1,-6,0,-6,0,-6,-1,-6,-1,-6,-2,-6,-2,-6,-3,-6,-4,-7,-4,-6,-5,-6,-5,-6,-6,-6,-6,-6,-7,-6,-7,-7,-7,-7,-7,-7,-8,-8,0,0,-9,-8,-9,-8,-9,-8,-9,-9,-9,-8,-9,-8,-8,-8,-8,-8,-8,-9,-8,-9,-7,-10,-6,-9,-6,-9,-6,-8,-5,-9,-5,-8,-5,-9,-5,-8,-4,-8,-4,-7,-3,-7,-3,-7,-3,-7,-2,-7,-1,-6,-1,-6,0,0,0,0,0,0,0,0,0,0,0,0,0,0,49,-34,44,-32,35,-35,35,-29,27,-27,24,-31,17,-26,16,-32,14,-25,8,-29,1,-32,0,-32,-4,-27,-5,-29,-9,-31,-13,-25,-16,-28,-19,-26,-16,-31,-23,-25,-32,-33,-30,-25,-32,-32,-36,-28,-36,-26,-40,-34,-43,-31,-43,-27,-50,-31,-53,-31,-50,-32,-55,-34,-52,-38,-58,-37,-52,-32,-55,-43,-51,-40,-51,-40,-52,-41,-47,-42,-45,-42,-48,-45,-41,-42,-43,-44,-37,-43,-35,-42,-32,-42,-32,-39,-30,-38,-25,-39,-27,-36,-18,-37,-22,-35,-13,-35,-14,-35,-13,-35,-4,-30,0,0,0,0,0,0,0,0,0,0,0,0,0,0,0,0,0,0,0,0,0,0,3,-21,10,-22,13,-18,16,-21,17,-21,25,-14,27,-11,26,-5,33,-1,33,5,31,6,39,13,39,15,41,21,37,25,39,32,41,39,34,38,33,44,34,46,32,49,22,59,23,59,25,63,22,66,24,64,11,63,11,66,8,64,14,69,7,62,12,63,5,64,8,69,10,59,15,59,16,54,18,56,18,51,19,51,19,47,22,50,21,57,26,53,28,51,35,55,36,50,36,50,41,50,40,53,41,51,44,51,42,54,47,51,46,55,46,56,40,54,0,0]"
CSI_DATA,252,1a:00:00:00:00:00,-47,11,1,0,1,1,1,0,0,0,1,-96,0,11,2,3547274,0,44,0,384,0,"[0,0,0,0,0,0,0,0,0,0,0,0,3,-7,2,-6,2,-7,1,-7,1,-6,0,-6,-1,-7,-1,-6,-1,-6,-2,-6,-2,-6,-3,-6,-3,-6,-3,-6,-3,-6,-5,-6,-5,-6,-5,-6,-5,-6,-6,-6,-6,-6,-6,-6,-6,-6,-7,-7,-7,-7,-7,-7,0,0,-7,-7,-7,-8,-8,-7,-8,-8,-6,-8,-7,-8,-7,-8,-6,-8,-6,-8,-6,-8,-5,-9,-4,-8,-4,-8,-4,-8,-3,-7,-3,-7,-3,-7,-3,-7,-2,-7,-2,-6,-1,-6,-1,-5,-1,-5,0,-5,0,-5,0,-4,0,0,0,0,0,0,0,0,0,0,0,0,0,0,33,-36,32,-34,28,-37,20,-37,21,-35,19,-34,12,-32,10,-33,10,-33,6,-34,-1,-31,0,-32,-5,-38,-4,-29,-10,-32,-12,-33,-17,-37,-17,-32,-17,-36,-21,-33,-25,-32,-27,-35,-26,-28,-28,-30,-31,-33,-30,-37,-37,-35,-35,-39,-38,-42,-41,-40,-39,-40,-44,-42,-36,-41,-40,-38,-41,-44,-36,-45,-35,-46,-36,-45,-30,-43,-34,-47,-28,-45,-25,-46,-25,-45,-21,-44,-18,-38,-19,-41,-13,-39,-16,-45,-11,-35,-11,-32,-7,-34,-7,-33,-5,-30,4,-31,2,-29,0,-28,5,-23,0,0,0,0,0,0,0,0,0,0,0,0,0,0,0,0,0,0,0,0,0,0,12,-6,14,-5,14,-5,17,-3,26,0,25,3,25,5,25,8,35,11,32,20,32,21,36,26,38,27,37,32,33,35,39,45,39,44,39,54,34,52,33,54,27,61,30,64,25,71,23,66,19,70,23,70,14,72,15,67,11,75,19,69,12,65,11,64,13,63,14,60,14,65,16,61,17,59,17,57,17,55,25,58,21,52,27,54,25,48,33,49,34,47,36,51,37,50,42,46,38,46,44,50,41,45,47,43,40,48,41,40,42,49,42,45,38,49,0,0]"
CSI_DATA,253,1a:00:00:00:00:00,-47,11,1,0,1,1,1,0,0,0,1,-96,0,11,2,3567475,0,44,0,384,0,"[0,0,0,0,0,0,0,0,0,0,0,0,4,5,4,4,5,4,5,3,6,3,5,2,6,1,5,1,6,1,6,1,6,1,6,0,7,0,7,-1,6,-1,7,-2,7,-2,7,-2,7,-3,8,-4,8,-3,8,-4,8,-3,9,-4,9,-4,9,-4,0,0,8,-4,9,-4,9,-4,9,-3,9,-3,9,-3,9,-2,9,-2,9,-2,8,-1,8,0,8,0,7,0,7,0,7,1,6,0,6,1,6,1,5,1,4,1,4,1,4,1,3,2,2,2,2,2,1,2,0,0,0,0,0,0,0,0,0,0,0,0,0,0,29,31,24,30,32,27,26,20,31,22,26,20,32,18,28,13,34,13,30,6,29,2,33,2,34,0,32,2,34,-2,38,-4,38,-10,38,-10,34,-11,37,-13,42,-20,39,-15,37,-22,34,-25,36,-22,40,-21,41,-26,42,-30,42,-27,46,-30,46,-23,46,-27,44,-24,49,-25,45,-26,51,-25,46,-21,46,-16,47,-18,49,-15,50,-10,45,-8,40,-11,45,-6,37,-7,38,0,38,0,38,0,32,0,30,2,28,8,27,4,27,6,25,12,20,8,15,12,13,10,0,0,0,0,0,0,0,0,0,0,0,0,0,0,0,0,0,0,0,0,0,0,-9,15,-12,17,-13,19,-16,21,-21,21,-23,22,-25,23,-28,16,-33,22,-36,22,-43,19,-46,23,-49,23,-55,21,-56,18,-60,16,-67,20,-67,7,-70,15,-67,7,-72,2,-77,8,-73,-1,-76,0,-77,-3,-75,-3,-71,-10,-71,-7,-71,-11,-72,-7,-62,-6,-70,-4,-69,-5,-66,0,-65,-3,-64,-1,-62,1,-62,4,-56,4,-58,10,-59,7,-57,10,-58,15,-54,24,-53,24,-58,22,-55,22,-49,26,-55,26,-54,28,-52,34,-50,35,-53,32,-54,30,-51,32,-50,32,-47,26,0,0]"
CSI_DATA,254,1a:00:00:00:00:00,-47,11,1,0,1,1,1,0,0,0,1,-96,0,11,2,3577078,0,44,0,384,0,"[0,0,0,0,0,0,0,0,0,0,0,0,-5,4,-4,5,-4,5,-4,5,-3,5,-3,5,-2,5,-2,5,-2,6,-1,6,-1,6,0,6,0,6,0,6,0,6,1,6,2,6,2,6,2,6,2,6,2,7,3,7,2,7,3,7,3,7,3,8,0,0,3,8,3,8,2,8,3,8,2,8,1,8,2,8,1,7,1,8,0,7,0,7,-1,7,-1,7,-1,6,-1,6,-2,6,-2,5,-2,5,-2,4,-2,4,-2,4,-3,3,-3,3,-3,2,-3,2,-3,1,0,0,0,0,0,0,0,0,0,0,0,0,0,0,-39,19,-41,22,-33,26,-25,27,-24,31,-22,27,-22,27,-22,31,-18,29,-11,28,-9,32,-4,31,-4,38,-6,34,1,35,1,34,4,39,7,37,6,37,8,38,13,38,11,34,14,36,15,41,12,38,18,44,21,42,26,45,17,45,25,44,23,45,26,50,19,51,20,50,20,46,15,49,12,47,11,55,5,47,11,47,11,48,6,47,-1,46,5,45,0,37,0,37,-4,35,-4,36,-4,35,-6,27,-5,27,-6,26,-8,21,-8,18,-14,17,-11,11,-12,12,0,0,0,0,0,0,0,0,0,0,0,0,0,0,0,0,0,0,0,0,0,0,-10,-19,-10,-20,-13,-23,-13,-23,-12,-30,-10,-30,-11,-33,-10,-39,-6,-46,-3,-49,-5,-50,-3,-53,-2,-61,1,-65,3,-61,6,-65,7,-70,9,-70,11,-70,17,-73,16,-71,24,-79,23,-74,25,-77,29,-72,25,-75,32,-66,26,-68,30,-68,28,-67,26,-63,23,-65,26,-65,19,-63,18,-62,16,-64,11,-62,11,-60,8,-58,7,-62,5,-57,-3,-60,-4,-57,-9,-59,-8,-56,-21,-55,-14,-54,-15,-54,-19,-60,-17,-60,-15,-58,-20,-58,-22,-59,-21,-55,-21,-60,-20,-53,-23,-50,0,0]"
CSI_DATA,255,1a:00:00:00:00:00,-47,11,1,0,1,1,1,0,0,0,1,-96,0,11,2,3586937,0,44,0,384,0,"[0,0,0,0,0,0,0,0,0,0,0,0,5,-4,4,-5,3,-4,4,-5,3,-5,3,-5,2,-5,2,-6,2,-6,1,-6,1,-6,0,-7,0,-7,0,-7,0,-7,-1,-7,-1,-7,-1,-7,-2,-7,-2,-8,-2,-8,-2,-8,-2,-8,-2,-8,-2,-8,-3,-9,0,0,-3,-9,-2,-9,-2,-9,-2,-9,-1,-9,-1,-9,-1,-9,0,-8,0,-9,0,-8,0,-8,1,-8,1,-7,1,-7,2,-6,2,-6,1,-5,1,-5,2,-5,2,-4,2,-4,2,-3,2,-3,2,-3,2,-2,2,-2,0,0,0,0,0,0,0,0,0,0,0,0,0,0,47,-2,39,-4,39,-14,35,-12,32,-16,27,-18,26,-24,30,-19,23,-23,22,-26,20,-29,15,-28,17,-28,14,-29,13,-28,11,-33,13,-39,6,-39,6,-35,4,-39,0,-44,-3,-37,-2,-47,-4,-45,-1,-45,-5,-46,-6,-50,-5,-46,-5,-47,-10,-54,-4,-51,-8,-54,-2,-53,-2,-55,-10,-49,4,-53,-1,-49,2,-50,9,-48,3,-48,11,-42,7,-48,13,-41,11,-40,11,-39,12,-30,11,-34,15,-30,17,-28,17,-22,14,-21,15,-20,16,-19,17,-11,17,-11,16,-8,15,-3,0,0,0,0,0,0,0,0,0,0,0,0,0,0,0,0,0,0,0,0,0,0,0,21,-3,23,-1,26,0,30,-2,33,-9,36,-10,42,-10,36,-16,46,-18,43,-21,51,-22,48,-24,55,-30,55,-36,54,-33,55,-40,66,-44,57,-45,55,-49,57,-48,59,-56,62,-50,53,-54,53,-57,52,-57,57,-56,45,-57,51,-52,48,-53,52,-44,44,-52,49,-49,49,-43,49,-41,51,-39,49,-32,46,-30,52,-35,49,-31,57,-28,55,-18,52,-25,58,-15,59,-13,54,-11,60,-9,56,-8,56,-10,56,-5,64,-2,58,-3,63,0,60,1,52,-5,60,-5,60,-3,54,0,0]"
CSI_DATA,256,1a:00:00:00:00:00,-48,11,1,0,1,1,1,0,0,0,1,-96,0,11,2,3596921,0,44,0,384,0,"[0,0,0,0,0,0,0,0,0,0,0,0,5,0,5,-1,5,-1,5,-2,5,-2,4,-2,4,-3,4,-3,4,-3,4,-4,4,-4,4,-5,3,-5,3,-5,3,-6,3,-7,2,-6,2,-6,2,-6,2,-7,2,-7,2,-7,2,-8,2,-8,3,-8,2,-8,0,0,2,-9,3,-8,3,-9,2,-8,4,-8,4,-8,4,-8,4,-7,4,-7,4,-6,5,-6,4,-5,4,-5,4,-4,4,-4,4,-4,4,-4,4,-3,4,-3,3,-2,3,-2,3,-1,3,-1,3,0,2,0,2,0,0,0,0,0,0,0,0,0,0,0,0,0,0,0,37,18,36,21,33,12,33,8,28,8,28,1,30,-5,31,-5,31,-9,28,-6,27,-15,27,-14,26,-15,25,-18,28,-20,24,-24,27,-25,22,-26,26,-28,19,-28,22,-35,20,-29,18,-35,14,-39,20,-33,20,-40,21,-41,22,-40,24,-44,17,-47,22,-40,20,-43,19,-42,23,-46,22,-41,28,-43,28,-38,31,-42,25,-36,30,-34,29,-30,31,-30,28,-30,32,-25,30,-25,31,-24,29,-15,26,-20,26,-11,24,-11,22,-10,24,-4,22,-5,21,-2,21,-1,16,4,13,3,0,0,0,0,0,0,0,0,0,0,0,0,0,0,0,0,0,0,0,0,0,0,-14,16,-18,17,-17,17,-17,23,-21,23,-30,23,-29,25,-33,28,-41,28,-40,25,-47,23,-48,30,-53,32,-56,24,-60,23,-60,22,-72,32,-69,20,-70,21,-72,22,-71,17,-80,20,-71,13,-82,12,-77,9,-77,12,-72,5,-77,5,-68,5,-74,11,-60,11,-71,15,-68,14,-65,15,-62,14,-58,18,-51,18,-55,19,-51,21,-53,28,-49,31,-45,27,-50,35,-43,36,-41,36,-34,40,-35,41,-40,40,-33,38,-35,43,-40,46,-37,45,-38,47,-34,47,-40,45,-32,44,-29,44,0,0]"
CSI_DATA,257,1a:00:00:00:00:00,-48,11,1,0,1,1,1,0,0,0,1,-96,0,11,2,3606928,0,44,0,384,0,"[0,0,0,0,0,0,0,0,0,0,0,0,-1,5,0,4,1,4,1,4,2,4,2,4,2,4,3,4,3,4,4,3,4,4,5,3,5,3,5,2,5,2,5,2,6,2,6,2,6,1,6,1,6,1,7,1,7,2,7,1,8,1,8,2,0,0,8,2,8,2,8,2,8,2,7,2,7,2,7,2,6,2,6,4,6,3,6,4,5,4,5,4,5,3,4,4,4,4,3,3,2,3,2,3,2,3,1,4,1,3,0,3,0,3,0,2,-1,2,0,0,0,0,0,0,0,0,0,0,0,0,0,0,-24,30,-15,30,-13,36,-12,31,-7,38,-5,30,-3,27,2,32,2,29,7,30,16,31,12,29,16,32,16,25,16,30,26,28,21,26,25,26,25,25,29,25,34,24,36,22,33,17,31,20,37,19,37,21,41,26,45,20,43,22,44,20,48,17,44,28,39,24,44,25,50,24,44,29,43,29,40,31,34,31,37,32,33,34,30,37,26,31,24,29,20,33,22,35,15,34,12,28,11,34,11,29,9,27,4,24,0,23,0,22,-1,18,-4,15,-6,17,0,0,0,0,0,0,0,0,0,0,0,0,0,0,0,0,0,0,0,0,0,0,-21,-16,-18,-18,-21,-18,-23,-24,-24,-27,-26,-28,-25,-33,-27,-40,-25,-41,-25,-45,-30,-52,-23,-56,-31,-54,-30,-63,-22,-65,-24,-72,-24,-75,-17,-78,-21,-75,-15,-79,-10,-79,-13,-84,-8,-83,-12,-86,-8,-83,-9,-86,-2,-81,0,-79,0,-77,-8,-75,-3,-70,-6,-76,-12,-66,-16,-62,-12,-67,-17,-66,-16,-60,-20,-60,-19,-58,-23,-62,-22,-54,-29,-50,-28,-47,-36,-48,-36,-46,-39,-47,-41,-49,-41,-38,-40,-40,-42,-42,-43,-41,-44,-35,-45,-38,-41,-37,-44,-34,-41,-32,-38,-29,0,0]"
CSI_DATA,258,1a:00:00:00:00:00,-48,11,1,0,1,1,1,0,0,0,1,-96,0,11,2,3616902,0,44,0,384,0,"[0,0,0,0,0,0,0,0,0,0,0,0,-2,5,-1,5,0,4,0,5,1,5,1,5,2,5,2,5,3,4,3,4,4,4,4,4,4,4,5,3,5,3,6,3,6,3,6,3,6,2,7,3,6,3,7,3,8,3,8,2,9,3,8,3,0,0,9,3,9,3,9,3,9,3,8,4,8,4,8,3,7,4,7,5,6,5,6,5,6,5,5,4,4,4,4,5,3,5,3,4,3,4,2,4,2,4,1,4,1,4,1,3,0,3,-1,3,-1,2,0,0,0,0,0,0,0,0,0,0,0,0,0,0,-12,18,-11,13,-8,19,-3,14,-1,17,-2,13,-1,13,0,15,3,13,2,14,4,13,7,12,9,14,8,14,11,12,14,13,13,12,12,11,14,11,14,9,18,10,19,9,17,9,20,8,19,8,21,9,22,9,22,5,25,9,25,7,26,8,24,7,23,10,22,11,23,7,23,13,21,12,20,10,21,14,19,11,19,12,16,12,14,15,12,13,12,15,10,13,14,14,9,14,9,14,8,13,7,11,3,12,4,11,3,10,0,10,0,8,-2,7,0,0,0,0,0,0,0,0,0,0,0,0,0,0,0,0,0,0,0,0,0,0,-7,-8,-7,-11,-9,-11,-8,-13,-8,-16,-8,-17,-8,-17,-7,-21,-9,-23,-9,-24,-8,-28,-10,-27,-8,-30,-7,-33,-4,-33,-1,-34,-2,-39,-1,-38,0,-38,2,-39,2,-38,2,-40,3,-40,2,-39,5,-41,2,-41,5,-39,5,-38,7,-36,5,-38,4,-34,3,-35,1,-33,1,-33,1,-31,-3,-30,-4,-31,-4,-28,-7,-29,-9,-28,-7,-28,-10,-29,-11,-29,-14,-26,-13,-26,-20,-23,-18,-22,-17,-23,-17,-20,-19,-24,-19,-21,-20,-20,-21,-22,-18,-20,-21,-20,-21,-20,-17,-16,0,0]"
CSI_DATA,259,1a:00:00:00:00:00,-48,11,1,0,1,1,1,0,0,0,1,-96,0,11,2,3626911,0,44,0,384,0,"[0,0,0,0,0,0,0,0,0,0,0,0,-5,-2,-5,-2,-6,-1,-6,-1,-6,0,-5,0,-5,1,-5,1,-5,2,-5,2,-6,2,-5,3,-5,3,-5,3,-5,3,-5,4,-5,5,-4,5,-5,5,-5,6,-5,6,-5,6,-5,6,-5,6,-5,7,-5,7,0,0,-6,7,-6,7,-6,7,-6,7,-6,6,-7,6,-7,6,-7,5,-7,5,-6,4,-7,4,-7,3,-7,3,-7,2,-6,2,-6,2,-6,1,-6,1,-6,0,-5,1,-5,-1,-5,0,-4,-1,-4,-1,-4,-1,-4,-2,0,0,0,0,0,0,0,0,0,0,0,0,0,0,-30,-26,-30,-18,-33,-13,-31,-13,-29,-11,-30,-7,-27,-3,-31,5,-24,4,-29,4,-27,9,-26,10,-27,14,-26,15,-27,16,-27,22,-27,24,-25,24,-25,23,-22,26,-25,35,-22,30,-19,35,-22,37,-22,34,-22,40,-19,38,-22,41,-24,39,-23,48,-23,43,-25,45,-26,44,-29,46,-28,39,-34,44,-29,41,-29,45,-31,35,-32,34,-31,30,-36,27,-34,29,-34,25,-31,22,-31,21,-31,16,-29,16,-30,12,-28,12,-24,10,-30,6,-27,5,-24,0,-22,-3,-18,-4,-17,-5,0,0,0,0,0,0,0,0,0,0,0,0,0,0,0,0,0,0,0,0,0,0,8,-18,8,-18,11,-19,16,-23,19,-21,23,-20,24,-26,30,-29,34,-27,36,-27,44,-24,45,-26,52,-30,52,-27,56,-24,63,-24,69,-28,66,-19,74,-18,71,-18,77,-13,81,-14,74,-8,77,-9,77,-7,76,-6,74,-1,75,-3,71,-3,75,-6,59,-2,70,-7,62,-9,61,-10,63,-15,58,-9,54,-14,51,-16,55,-20,52,-24,54,-27,47,-26,51,-32,43,-31,47,-34,43,-31,43,-38,38,-41,38,-42,39,-40,39,-39,39,-44,41,-44,35,-37,41,-43,35,-42,33,-39,0,0]"
CSI_DATA,260,1a:00:00:00:00:00,-48,11,1,0,1,1,1,0,0,0,1,-96,0,11,2,3636993,0,44,0,384,0,"[0,0,0,0,0,0,0,0,0,0,0,0,3,4,3,3,4,3,4,2,4,2,5,1,5,1,5,0,5,0,5,-1,5,-1,5,-2,5,-2,5,-3,5,-3,5,-3,5,-4,5,-4,5,-4,6,-5,6,-5,6,-6,6,-5,7,-6,7,-7,6,-6,0,0,7,-6,7,-7,7,-7,7,-6,7,-6,8,-6,8,-6,8,-5,7,-5,7,-4,8,-4,7,-4,7,-3,7,-3,6,-2,6,-2,6,-2,5,-1,5,-1,5,-1,5,0,5,0,4,0,3,0,3,1,3,1,0,0,0,0,0,0,0,0,0,0,0,0,0,0,20,39,25,34,22,25,17,28,28,19,23,18,23,15,28,7,23,7,23,7,26,3,29,-1,33,-6,30,-7,28,-5,30,-15,29,-19,26,-23,26,-18,28,-17,30,-22,28,-24,25,-30,33,-29,28,-32,32,-33,31,-33,30,-41,28,-44,29,-39,33,-41,33,-40,35,-39,32,-41,36,-41,38,-38,37,-39,38,-38,40,-36,42,-32,38,-29,42,-29,37,-26,39,-24,36,-17,41,-23,34,-13,36,-14,28,-7,34,-4,32,-11,27,-6,23,1,27,1,24,2,22,5,20,4,0,0,0,0,0,0,0,0,0,0,0,0,0,0,0,0,0,0,0,0,0,0,-14,9,-16,5,-21,8,-22,7,-26,6,-26,5,-37,1,-36,4,-42,4,-44,-1,-51,-3,-52,0,-55,1,-57,-1,-59,-11,-63,-14,-66,-12,-68,-19,-66,-18,-66,-21,-68,-30,-74,-30,-67,-32,-67,-28,-74,-31,-68,-27,-66,-36,-64,-37,-64,-32,-65,-29,-58,-31,-60,-24,-59,-25,-58,-21,-60,-20,-58,-15,-52,-12,-58,-8,-60,-5,-64,1,-57,-1,-64,5,-56,7,-60,14,-55,10,-55,11,-59,12,-54,20,-58,14,-62,24,-59,26,-54,31,-59,23,-59,24,-57,29,-54,23,-51,24,0,0]"
CSI_DATA,261,1a:00:00:00:00:00,-47,11,1,0,1,1,1,0,0,0,1,-96,0,11,2,3646937,0,44,0,384,0,"[0,0,0,0,0,0,0,0,0,0,0,0,5,3,4,2,5,1,5,1,4,0,4,0,4,-1,4,-1,4,-1,4,-2,4,-3,4,-3,4,-3,4,-4,4,-4,4,-5,4,-5,3,-5,4,-6,4,-6,4,-6,4,-7,4,-7,4,-8,4,-8,4,-8,0,0,4,-8,5,-8,5,-8,5,-8,5,-8,5,-8,6,-7,5,-7,5,-7,6,-6,6,-6,6,-5,6,-5,6,-5,5,-4,6,-4,5,-4,5,-3,5,-3,5,-2,5,-1,4,-1,4,-1,4,-1,3,0,3,0,0,0,0,0,0,0,0,0,0,0,0,0,0,0,30,34,26,29,34,25,27,19,28,25,26,17,28,11,29,10,29,5,28,5,30,3,29,-2,26,-5,29,-12,27,-11,25,-11,29,-13,26,-19,22,-19,26,-24,28,-26,32,-21,25,-32,24,-31,26,-35,27,-37,28,-35,25,-42,28,-40,27,-40,28,-38,33,-43,31,-42,34,-43,33,-42,34,-42,41,-42,38,-42,40,-34,41,-31,39,-31,39,-29,39,-24,38,-32,40,-22,36,-22,36,-18,37,-16,35,-14,37,-9,31,-8,26,-6,26,-2,27,1,27,0,20,5,18,7,0,0,0,0,0,0,0,0,0,0,0,0,0,0,0,0,0,0,0,0,0,0,-1,11,-9,15,-8,16,-13,19,-18,16,-18,18,-22,20,-25,17,-29,18,-34,21,-39,16,-38,23,-47,26,-46,19,-51,17,-54,17,-62,18,-64,8,-68,14,-66,11,-66,4,-74,5,-64,1,-73,8,-75,5,-71,1,-70,-5,-67,-3,-67,-4,-70,-2,-63,0,-73,0,-61,4,-58,3,-60,5,-61,6,-55,10,-58,17,-57,17,-59,20,-56,22,-58,23,-55,29,-51,29,-54,29,-52,29,-54,33,-51,37,-48,34,-51,42,-53,40,-53,39,-55,39,-50,36,-55,43,-55,39,-49,37,0,0]"
CSI_DATA,262,1a:00:00:00:00:00,-47,11,1,0,1,1,1,0,0,0,1,-96,0,11,2,3659667,0,44,0,384,0,"[0,0,0,0,0,0,0,0,0,0,0,0,-7,2,-6,3,-6,3,-6,3,-5,3,-4,4,-4,4,-3,4,-3,5,-2,5,-2,5,-1,5,-1,5,-1,5,0,5,0,6,1,6,1,6,1,6,2,6,2,6,2,7,3,7,3,7,3,8,4,8,0,0,4,8,3,9,4,9,4,9,3,9,2,9,2,9,2,9,2,10,1,9,1,9,0,8,1,8,0,7,0,8,-1,7,-1,7,-1,6,-2,6,-2,5,-2,5,-2,5,-2,4,-3,4,-3,4,-3,3,0,0,0,0,0,0,0,0,0,0,0,0,0,0,-58,5,-54,3,-50,8,-47,7,-35,12,-36,13,-36,13,-31,19,-22,19,-27,24,-17,23,-16,25,-13,24,-11,25,-9,26,-9,33,-6,35,0,34,-3,35,4,34,8,39,5,35,8,38,16,38,12,40,10,42,19,44,18,47,18,49,24,52,20,48,26,57,17,58,26,60,20,52,18,59,17,53,15,57,10,60,10,53,7,54,8,56,1,52,3,51,2,47,-6,52,-1,49,-4,49,-4,40,-4,38,-8,37,-11,38,-9,28,-14,25,-16,28,-19,22,-18,19,0,0,0,0,0,0,0,0,0,0,0,0,0,0,0,0,0,0,0,0,0,0,-10,-7,-7,-12,-7,-13,-9,-15,-7,-21,-4,-22,-2,-28,-3,-29,-7,-30,1,-35,-2,-41,3,-41,4,-50,14,-48,13,-60,16,-54,17,-57,20,-54,27,-65,27,-60,26,-58,30,-66,33,-61,38,-60,40,-61,38,-62,42,-54,39,-63,41,-54,39,-63,31,-55,39,-62,32,-59,27,-60,29,-61,24,-61,23,-55,22,-62,17,-59,13,-65,12,-65,10,-57,7,-68,-4,-68,3,-65,-2,-71,-6,-70,-5,-72,-6,-71,-5,-71,-7,-82,-7,-72,-9,-79,-6,-69,-5,-77,-6,-76,-2,-65,0,0]"
CSI_DATA,263,1a:00:00:00:00:00,-46,11,1,0,1,1,1,0,0,0,1,-96,0,11,2,3678474,0,44,0,384,0,"[0,0,0,0,0,0,0,0,0,0,0,0,6,4,7,3,6,2,7,2,6,1,6,0,5,-1,5,-2,5,-1,4,-2,4,-3,4,-4,4,-4,4,-5,4,-5,4,-6,3,-7,3,-7,3,-7,3,-7,3,-8,3,-9,2,-9,3,-10,3,-10,3,-11,0,0,3,-11,4,-11,4,-11,4,-11,5,-11,5,-11,5,-10,5,-10,5,-10,5,-9,6,-9,6,-8,6,-8,6,-7,6,-7,6,-7,6,-6,6,-6,6,-5,5,-5,6,-4,5,-3,5,-3,5,-2,5,-2,5,-1,0,0,0,0,0,0,0,0,0,0,0,0,0,0,42,48,37,47,36,37,37,40,28,24,32,22,36,13,33,15,34,13,27,9,33,4,24,-2,27,-1,28,-4,31,-6,28,-13,33,-17,30,-19,23,-25,26,-23,27,-26,25,-26,21,-32,26,-34,24,-35,28,-41,26,-42,28,-49,26,-52,26,-51,28,-49,27,-48,31,-53,38,-50,31,-52,36,-48,34,-52,37,-53,41,-43,40,-44,40,-45,45,-35,45,-39,43,-40,41,-28,44,-31,42,-25,39,-25,34,-23,34,-24,36,-20,36,-13,36,-13,34,-11,32,-7,32,-1,28,-1,0,0,0,0,0,0,0,0,0,0,0,0,0,0,0,0,0,0,0,0,0,0,8,2,6,3,7,4,1,9,4,15,-2,13,-5,17,-4,20,-8,23,-10,23,-18,24,-17,22,-23,33,-31,28,-31,29,-37,32,-39,29,-44,29,-44,24,-50,29,-52,27,-57,26,-61,19,-63,24,-67,22,-63,26,-63,16,-67,15,-68,14,-65,16,-61,14,-63,18,-63,18,-56,22,-58,21,-60,26,-57,25,-53,27,-54,26,-55,35,-51,34,-53,42,-50,39,-52,41,-52,39,-45,50,-55,50,-51,53,-52,53,-54,56,-58,58,-58,57,-56,54,-53,56,-61,53,-50,48,-52,56,0,0]"
CSI_DATA,264,1a:00:00:00:00:00,-46,11,1,0,1,1,1,0,0,0,1,-96,0,11,2,3686943,0,44,0,384,0,"[0,0,0,0,0,0,0,0,0,0,0,0,6,-6,5,-6,4,-6,4,-5,3,-5,3,-5,2,-6,1,-5,1,-6,0,-5,-1,-6,-2,-6,-2,-5,-3,-6,-2,-6,-4,-6,-4,-6,-4,-6,-5,-5,-5,-6,-6,-6,-7,-6,-7,-7,-7,-6,-7,-7,-8,-7,0,0,-9,-7,-8,-8,-8,-8,-9,-8,-8,-8,-7,-9,-8,-8,-7,-8,-7,-9,-6,-9,-6,-9,-6,-9,-6,-9,-5,-9,-4,-8,-4,-8,-4,-8,-3,-8,-2,-8,-2,-7,-2,-7,-2,-7,-1,-6,-1,-6,0,-6,0,-5,0,0,0,0,0,0,0,0,0,0,0,0,0,0,61,-26,56,-26,50,-26,47,-25,39,-29,35,-25,31,-27,23,-21,21,-23,20,-28,14,-27,10,-26,5,-30,6,-30,-2,-32,-5,-30,-8,-34,-8,-29,-7,-30,-17,-31,-23,-33,-21,-34,-22,-28,-25,-36,-24,-35,-33,-37,-33,-34,-31,-39,-32,-38,-43,-40,-41,-39,-42,-44,-42,-42,-38,-41,-43,-43,-40,-45,-39,-50,-37,-49,-32,-49,-32,-49,-33,-53,-33,-49,-33,-48,-26,-49,-18,-49,-22,-52,-18,-46,-18,-47,-11,-41,-8,-44,-10,-44,-7,-36,-2,-35,0,-35,0,-32,5,-30,10,-28,0,0,0,0,0,0,0,0,0,0,0,0,0,0,0,0,0,0,0,0,0,0,2,-12,3,-9,4,-8,7,-7,12,-1,13,-2,15,0,18,3,20,6,20,10,24,15,24,21,19,23,24,29,20,35,21,38,25,43,13,45,15,46,16,51,10,54,16,56,12,63,8,60,9,66,11,63,4,63,3,67,0,63,6,65,5,62,0,59,1,58,5,57,3,61,9,61,9,54,15,58,15,57,21,62,20,63,26,58,25,62,29,64,29,56,30,62,32,59,35,62,33,62,42,69,35,69,45,63,38,70,41,67,43,71,38,68,32,71,0,0]"
CSI_DATA,265,1a:00:00:00:00:00,-46,11,1,0,1,1,1,0,0,0,1,-96,0,11,2,3697257,0,44,0,384,0,"[0,0,0,0,0,0,0,0,0,0,0,0,-7,-6,-6,-5,-7,-4,-6,-4,-6,-4,-6,-3,-5,-2,-5,-1,-5,-1,-5,0,-5,1,-5,1,-5,1,-5,2,-5,2,-5,3,-4,4,-4,4,-4,5,-4,5,-4,5,-4,6,-4,6,-4,7,-5,7,-4,7,0,0,-5,8,-6,8,-6,8,-6,9,-6,8,-7,8,-6,8,-6,8,-7,7,-7,7,-7,7,-7,6,-7,5,-7,5,-7,5,-7,4,-7,4,-7,4,-7,3,-6,3,-6,2,-6,2,-6,1,-6,1,-6,0,-5,0,0,0,0,0,0,0,0,0,0,0,0,0,0,0,-46,-45,-46,-43,-50,-34,-36,-33,-42,-23,-35,-28,-37,-19,-42,-18,-34,-13,-29,-11,-29,-6,-29,-1,-32,0,-27,1,-32,6,-22,9,-22,17,-25,18,-24,15,-21,23,-26,27,-20,28,-16,35,-17,32,-23,36,-24,37,-21,40,-19,51,-23,47,-20,52,-21,52,-21,59,-24,53,-28,58,-21,52,-34,55,-29,57,-32,58,-32,50,-31,53,-33,46,-38,45,-41,45,-39,42,-35,42,-36,37,-36,33,-34,35,-33,30,-31,28,-35,26,-30,19,-34,19,-33,15,-34,12,-29,10,-28,7,0,0,0,0,0,0,0,0,0,0,0,0,0,0,0,0,0,0,0,0,0,0,-12,2,-14,-3,-16,-5,-12,-7,-11,-8,-10,-15,-6,-16,-6,-19,-4,-18,1,-26,3,-28,7,-27,8,-33,11,-34,19,-38,20,-33,25,-38,32,-32,35,-42,34,-34,42,-34,45,-38,45,-33,52,-38,55,-37,51,-39,54,-31,56,-30,55,-30,57,-33,51,-32,56,-35,50,-34,47,-30,58,-35,50,-37,49,-40,45,-41,46,-39,50,-45,47,-47,47,-50,48,-52,41,-57,41,-56,42,-53,47,-58,42,-66,46,-65,47,-62,48,-64,45,-69,46,-65,49,-62,56,-71,47,-67,51,-61,0,0]"
CSI_DATA,266,1a:00:00:00:00:00,-46,11,1,0,1,1,1,0,0,0,1,-96,0,11,2,3716933,0,44,0,384,0,"[0,0,0,0,0,0,0,0,0,0,0,0,-7,6,-6,6,-5,5,-5,5,-4,5,-4,5,-3,4,-2,4,-2,4,-1,4,0,4,0,4,1,4,2,4,2,4,3,3,3,4,3,3,4,3,4,3,5,3,5,3,6,3,7,3,7,3,7,3,0,0,8,4,8,4,9,4,8,4,8,4,8,5,8,5,8,5,8,6,7,6,7,6,6,6,6,6,6,6,5,6,5,6,5,6,4,6,4,6,3,6,3,6,2,6,2,5,1,5,1,5,0,5,0,0,0,0,0,0,0,0,0,0,0,0,0,0,-57,39,-50,41,-43,39,-40,34,-39,42,-34,29,-32,29,-26,29,-24,33,-17,27,-13,29,-8,26,-2,26,-5,24,4,25,4,27,5,22,13,18,13,21,19,26,22,17,25,25,24,18,28,19,31,21,35,17,40,21,37,16,45,20,47,20,47,23,51,23,47,22,51,17,54,20,51,25,51,28,55,27,52,32,54,29,50,30,48,35,45,31,48,33,39,31,43,36,32,35,36,37,30,31,27,35,25,33,26,31,20,35,16,33,18,35,13,32,3,33,0,0,0,0,0,0,0,0,0,0,0,0,0,0,0,0,0,0,0,0,0,0,-3,11,-6,14,-6,16,-8,11,-11,12,-13,5,-17,4,-20,0,-22,-2,-25,-8,-27,-10,-28,-10,-31,-16,-31,-18,-27,-23,-28,-29,-36,-29,-32,-39,-27,-35,-28,-42,-28,-42,-29,-50,-30,-52,-29,-51,-24,-55,-25,-55,-20,-54,-25,-58,-24,-60,-23,-57,-20,-59,-22,-53,-25,-53,-20,-52,-26,-54,-28,-57,-32,-56,-33,-59,-37,-54,-37,-56,-32,-52,-44,-53,-43,-55,-51,-50,-44,-45,-51,-55,-56,-54,-54,-54,-58,-55,-57,-59,-57,-61,-61,-60,-59,-60,-58,-62,-59,-67,-57,-61,-50,-61,0,0]"
CSI_DATA,267,1a:00:00:00:00:00,-47,11,1,0,1,1,1,0,0,0,1,-96,0,11,2,3726951,0,44,0,384,0,"[0,0,0,0,0,0,0,0,0,0,0,0,-7,-8,-7,-7,-7,-7,-7,-6,-6,-5,-6,-5,-6,-4,-5,-2,-5,-2,-5,-2,-5,-1,-5,0,-5,1,-5,1,-5,1,-4,3,-4,3,-4,3,-4,4,-4,5,-3,5,-3,6,-3,6,-4,7,-4,8,-3,8,0,0,-4,9,-4,9,-5,10,-4,10,-5,10,-5,10,-5,10,-5,9,-6,10,-6,9,-7,9,-7,8,-7,8,-7,8,-7,7,-7,7,-7,7,-7,6,-7,6,-7,5,-7,5,-7,4,-7,3,-7,3,-7,2,-6,1,0,0,0,0,0,0,0,0,0,0,0,0,0,0,-30,-71,-33,-65,-36,-55,-32,-55,-28,-46,-26,-43,-28,-42,-27,-34,-25,-27,-25,-29,-28,-24,-23,-18,-26,-15,-25,-11,-22,-7,-25,1,-25,0,-22,4,-24,9,-24,15,-27,15,-26,16,-24,22,-22,29,-20,31,-22,33,-22,34,-20,42,-25,42,-22,44,-25,44,-27,47,-29,51,-30,49,-26,48,-33,55,-33,54,-28,52,-40,54,-39,48,-36,46,-39,45,-40,47,-40,42,-40,40,-43,40,-40,35,-42,33,-42,29,-39,32,-38,27,-39,26,-37,20,-38,18,-39,13,-36,14,-33,5,0,0,0,0,0,0,0,0,0,0,0,0,0,0,0,0,0,0,0,0,0,0,-12,1,-14,-3,-10,-5,-8,-12,-6,-13,-4,-14,-2,-11,-1,-16,6,-19,7,-23,14,-21,15,-22,19,-28,28,-26,28,-24,31,-21,39,-27,40,-21,42,-22,48,-19,56,-20,52,-20,52,-18,56,-15,63,-13,59,-13,59,-7,61,-11,61,-12,66,-8,59,-12,65,-14,64,-12,61,-13,61,-19,59,-18,57,-19,57,-25,57,-28,67,-30,67,-27,62,-34,64,-34,63,-42,61,-41,59,-39,62,-39,59,-48,63,-49,70,-51,66,-52,66,-54,76,-54,70,-51,77,-54,75,-49,76,-43,0,0]"
CSI_DATA,268,1a:00:00:00:00:00,-48,11,1,0,1,1,1,0,0,0,1,-96,0,11,2,3737496,0,44,0,384,0,"[0,0,0,0,0,0,0,0,0,0,0,0,-10,2,-9,2,-8,2,-8,3,-7,2,-6,2,-6,3,-4,3,-4,3,-3,2,-2,3,-1,3,-1,3,0,3,1,3,2,3,2,3,3,3,4,2,5,2,5,2,6,2,7,2,7,2,7,2,8,2,0,0,10,2,10,2,10,2,10,3,10,2,10,3,11,3,10,3,11,3,11,4,11,5,10,4,10,4,9,4,9,5,9,5,8,4,7,4,8,4,7,4,7,5,6,4,5,5,5,5,4,5,3,5,0,0,0,0,0,0,0,0,0,0,0,0,0,0,-35,-1,-35,0,-33,3,-31,1,-28,3,-26,1,-25,3,-19,2,-21,3,-15,4,-15,6,-12,7,-11,7,-8,9,-7,7,-4,8,-2,12,-3,9,1,8,4,10,6,9,6,12,9,9,11,10,14,8,11,12,17,11,18,10,20,12,22,10,21,11,22,12,24,12,25,13,25,12,25,15,28,13,26,14,26,14,28,17,25,19,25,17,25,19,23,18,23,18,24,20,20,19,22,19,17,19,18,17,15,19,15,18,13,17,10,17,9,19,5,17,5,15,0,0,0,0,0,0,0,0,0,0,0,0,0,0,0,0,0,0,0,0,0,0,-5,4,-7,3,-6,2,-7,0,-6,0,-6,-4,-8,-3,-4,-7,-4,-8,-4,-8,-2,-12,-2,-13,-1,-14,3,-15,3,-15,3,-18,3,-21,7,-21,10,-19,8,-23,13,-23,13,-24,15,-25,17,-25,18,-24,17,-27,17,-24,17,-25,18,-27,17,-25,16,-25,15,-27,15,-28,13,-26,15,-29,12,-28,12,-29,11,-32,9,-30,7,-33,5,-33,3,-36,3,-35,3,-38,-1,-35,-3,-40,-1,-38,-4,-39,-5,-40,-4,-43,-5,-41,-7,-43,-5,-45,-6,-44,-3,-47,-4,-43,-3,-43,0,0]"
CSI_DATA,269,1a:00:00:00:00:00,-48,11,1,0,1,1,1,0,0,0,1,-96,0,11,2,3766939,0,44,0,384,0,"[0,0,0,0,0,0,0,0,0,0,0,0,-6,2,-5,2,-4,2,-3,2,-2,1,-1,1,-1,1,0,1,1,0,1,0,2,-1,3,-1,3,-2,3,-2,4,-2,4,-3,4,-4,4,-4,5,-5,5,-5,5,-6,5,-7,6,-7,6,-8,6,-8,6,-9,0,0,7,-10,7,-10,7,-10,7,-10,7,-10,8,-10,7,-10,7,-10,8,-10,8,-10,8,-9,8,-9,7,-8,7,-8,7,-8,7,-8,7,-7,6,-7,6,-6,6,-6,6,-5,6,-5,6,-5,6,-4,6,-3,5,-3,0,0,0,0,0,0,0,0,0,0,0,0,0,0,3,49,3,42,6,35,2,39,5,31,8,23,8,16,4,15,6,9,6,8,10,5,5,-2,6,-1,5,-7,4,-14,-2,-14,1,-19,0,-22,0,-25,-3,-23,-10,-32,-9,-30,-12,-31,-16,-33,-13,-36,-19,-40,-18,-42,-25,-44,-22,-48,-29,-48,-22,-50,-27,-56,-29,-51,-29,-57,-30,-49,-27,-58,-30,-56,-30,-58,-26,-58,-30,-55,-26,-57,-20,-56,-19,-58,-19,-55,-16,-48,-19,-52,-18,-52,-16,-45,-14,-43,-16,-43,-13,-41,-9,-39,-7,-37,-2,-36,-1,-33,0,-31,3,-27,0,0,0,0,0,0,0,0,0,0,0,0,0,0,0,0,0,0,0,0,0,0,-25,16,-25,11,-29,11,-32,10,-30,1,-36,-2,-36,-1,-33,-7,-35,-10,-36,-14,-35,-19,-36,-23,-41,-27,-40,-26,-34,-35,-42,-37,-46,-39,-37,-46,-44,-39,-37,-47,-38,-49,-45,-45,-38,-50,-38,-52,-39,-52,-45,-49,-36,-54,-40,-48,-41,-49,-46,-50,-39,-41,-47,-46,-47,-47,-46,-36,-50,-33,-48,-32,-50,-29,-55,-24,-56,-25,-59,-20,-60,-21,-61,-16,-66,-11,-66,-8,-68,-8,-76,3,-70,0,-69,0,-70,1,-73,5,-72,6,-69,5,-77,8,-72,7,-75,10,-72,5,-66,4,0,0]"
CSI_DATA,270,1a:00:00:00:00:00,-48,11,1,0,1,1,1,0,0,0,1,-96,0,11,2,3776916,0,44,0,384,0,"[0,0,0,0,0,0,0,0,0,0,0,0,-1,4,0,4,0,3,1,3,1,1,1,1,1,0,2,-1,2,-1,2,-2,2,-3,3,-3,3,-4,3,-5,3,-5,3,-6,2,-6,2,-7,2,-7,2,-8,2,-8,2,-10,2,-10,2,-11,2,-12,2,-11,0,0,2,-12,2,-12,2,-13,2,-13,2,-13,3,-13,3,-12,3,-12,2,-12,4,-12,4,-12,4,-11,4,-10,3,-10,4,-9,4,-9,4,-9,3,-8,3,-8,4,-7,4,-6,4,-6,3,-6,4,-5,3,-4,3,-4,0,0,0,0,0,0,0,0,0,0,0,0,0,0,-13,45,-14,39,-11,35,-11,29,-3,31,0,24,3,18,6,14,4,11,9,6,11,1,9,-5,12,-4,15,-10,16,-11,15,-16,17,-23,13,-24,14,-20,20,-29,16,-35,18,-35,10,-40,11,-43,12,-41,16,-49,18,-53,10,-57,14,-57,11,-61,14,-64,13,-66,14,-64,17,-64,15,-66,17,-65,15,-62,14,-64,20,-64,21,-65,25,-63,25,-60,23,-54,23,-54,23,-52,24,-47,22,-47,23,-48,20,-38,19,-42,17,-38,20,-34,23,-35,20,-27,22,-29,25,-20,19,-16,0,0,0,0,0,0,0,0,0,0,0,0,0,0,0,0,0,0,0,0,0,0,-28,6,-25,4,-27,2,-29,-2,-28,-6,-23,-11,-25,-10,-26,-15,-28,-25,-27,-25,-24,-31,-25,-35,-26,-35,-24,-37,-23,-38,-20,-47,-18,-54,-16,-58,-16,-51,-19,-59,-15,-56,-20,-56,-15,-69,-17,-61,-20,-59,-23,-60,-8,-56,-21,-63,-17,-69,-20,-64,-22,-57,-22,-56,-26,-58,-29,-52,-30,-54,-29,-55,-37,-50,-39,-49,-39,-45,-47,-48,-41,-44,-55,-40,-51,-42,-59,-37,-58,-32,-56,-28,-62,-28,-64,-29,-65,-30,-77,-30,-67,-31,-66,-24,-64,-26,-67,-28,-70,-31,-61,-23,-54,-27,0,0]"
CSI_DATA,271,1a:00:00:00:00:00,-47,11,1,0,1,1,1,0,0,0,1,-96,0,11,2,3796992,0,44,0,384,0,"[0,0,0,0,0,0,0,0,0,0,0,0,4,-4,3,-4,2,-4,1,-4,1,-4,0,-4,-1,-4,-2,-4,-2,-4,-3,-4,-3,-4,-4,-4,-5,-3,-5,-3,-6,-4,-6,-3,-7,-3,-7,-3,-8,-2,-8,-2,-9,-2,-9,-2,-10,-2,-10,-1,-11,-2,-12,-1,0,0,-12,-1,-13,-2,-13,-1,-13,-2,-13,-1,-12,-2,-12,-2,-12,-2,-13,-3,-12,-3,-11,-4,-11,-3,-10,-4,-10,-3,-10,-4,-10,-4,-9,-4,-8,-3,-8,-4,-7,-4,-7,-4,-6,-4,-6,-4,-6,-4,-4,-4,-4,-4,0,0,0,0,0,0,0,0,0,0,0,0,0,0,48,-19,40,-18,34,-26,30,-19,29,-18,23,-16,18,-18,13,-16,9,-20,5,-21,-2,-21,-7,-19,-10,-20,-12,-17,-18,-15,-22,-19,-23,-21,-29,-18,-29,-18,-35,-18,-39,-16,-39,-14,-43,-13,-45,-11,-47,-12,-52,-12,-54,-7,-65,-12,-60,-9,-68,-5,-63,-11,-69,-10,-68,-14,-71,-14,-70,-11,-71,-20,-70,-16,-70,-13,-67,-18,-65,-18,-63,-18,-64,-22,-56,-25,-59,-28,-55,-23,-54,-22,-49,-26,-46,-23,-42,-17,-41,-21,-41,-23,-35,-25,-32,-22,-29,-23,-23,-27,-22,-24,-20,-26,0,0,0,0,0,0,0,0,0,0,0,0,0,0,0,0,0,0,0,0,0,0,21,-9,23,-2,25,-1,24,5,26,9,20,11,20,15,19,16,18,20,15,21,9,24,10,25,8,34,5,36,2,38,-1,38,-2,41,-7,40,-4,41,-13,44,-14,44,-16,48,-16,46,-16,50,-20,50,-17,55,-24,51,-18,49,-23,50,-23,53,-20,49,-21,57,-20,58,-13,53,-12,58,-10,54,-8,57,-5,59,-3,57,-3,64,0,58,8,65,4,63,11,66,13,62,11,68,18,67,19,60,24,65,22,73,26,69,24,70,20,72,19,66,19,69,22,64,21,63,0,0]"
CSI_DATA,272,1a:00:00:00:00:00,-46,11,1,0,1,1,1,0,0,0,1,-96,0,11,2,3806940,0,44,0,384,0,"[0,0,0,0,0,0,0,0,0,0,0,0,4,-6,3,-6,1,-5,1,-5,0,-5,0,-5,-2,-4,-2,-4,-3,-4,-4,-3,-5,-4,-6,-3,-6,-2,-6,-2,-7,-2,-7,-1,-8,-1,-8,-1,-8,0,-9,0,-9,0,-10,1,-10,1,-11,1,-12,1,-12,2,0,0,-13,2,-14,1,-14,1,-14,1,-14,1,-13,0,-14,1,-13,0,-13,0,-13,-1,-13,-1,-12,-2,-12,-2,-12,-2,-11,-2,-11,-3,-10,-2,-9,-2,-9,-3,-9,-2,-8,-3,-7,-3,-7,-3,-7,-4,-6,-4,-5,-4,0,0,0,0,0,0,0,0,0,0,0,0,0,0,42,-35,44,-34,25,-33,21,-34,26,-32,15,-33,11,-23,10,-23,3,-24,-4,-24,-7,-23,-8,-21,-14,-24,-18,-18,-21,-19,-28,-10,-27,-14,-30,-11,-33,-9,-35,-8,-45,-2,-44,-7,-46,-2,-47,-5,-49,1,-52,2,-56,4,-58,5,-62,2,-71,7,-63,7,-67,5,-66,7,-73,7,-69,6,-73,2,-71,2,-73,5,-73,0,-70,-2,-67,-3,-67,-10,-67,-10,-65,-8,-60,-12,-65,-14,-58,-18,-52,-12,-50,-14,-42,-15,-45,-19,-42,-16,-38,-13,-35,-19,-31,-20,-25,-21,-24,-23,0,0,0,0,0,0,0,0,0,0,0,0,0,0,0,0,0,0,0,0,0,0,16,-18,19,-18,21,-18,22,-14,25,-9,27,0,25,0,28,3,27,6,24,11,26,13,27,20,28,23,22,27,19,28,24,31,21,34,17,34,13,35,14,39,15,45,15,49,12,51,8,51,11,53,11,56,7,56,5,55,5,54,12,64,6,56,8,59,10,58,14,56,16,56,13,49,18,50,23,59,22,55,31,57,28,57,36,54,35,57,39,59,37,48,45,54,47,58,43,51,46,52,52,55,51,58,50,57,47,54,47,55,45,53,46,54,46,57,0,0]"
CSI_DATA,273,1a:00:00:00:00:00,-46,11,1,0,1,1,1,0,0,0,1,-96,0,11,2,3817293,0,44,0,384,0,"[0,0,0,0,0,0,0,0,0,0,0,0,-1,-7,-2,-6,-2,-5,-2,-5,-3,-4,-3,-3,-3,-2,-4,-1,-4,-1,-4,0,-4,1,-5,2,-5,2,-5,3,-5,4,-5,4,-5,5,-5,6,-5,6,-5,7,-5,7,-5,8,-6,8,-5,10,-5,10,-5,10,0,0,-5,11,-7,12,-7,12,-6,12,-6,11,-7,11,-7,11,-7,11,-7,11,-8,10,-7,10,-8,9,-8,9,-7,8,-8,8,-7,8,-7,7,-7,7,-7,6,-6,5,-7,5,-6,4,-6,4,-6,3,-6,3,-6,2,0,0,0,0,0,0,0,0,0,0,0,0,0,0,5,-51,-1,-47,-3,-46,-2,-44,-2,-40,-6,-35,-7,-28,-9,-24,-14,-16,-14,-16,-17,-9,-20,-9,-17,-8,-22,1,-24,7,-23,12,-27,14,-26,24,-25,23,-26,25,-25,34,-27,25,-33,40,-26,42,-30,43,-28,40,-27,43,-24,52,-28,53,-27,58,-27,56,-33,62,-35,58,-34,68,-33,64,-38,69,-37,70,-36,64,-39,60,-40,56,-37,52,-42,53,-41,51,-44,53,-42,50,-44,42,-45,45,-41,41,-38,36,-38,30,-34,30,-34,31,-35,26,-36,23,-34,22,-35,14,-31,11,0,0,0,0,0,0,0,0,0,0,0,0,0,0,0,0,0,0,0,0,0,0,-4,-26,-3,-32,2,-29,8,-25,9,-24,15,-22,13,-18,17,-14,21,-17,24,-10,26,-5,26,-4,29,-5,31,-2,33,4,37,8,40,9,34,12,36,14,39,16,41,22,40,24,38,29,48,26,39,33,41,30,38,37,41,32,41,33,46,37,42,30,50,33,45,36,47,28,51,32,52,26,52,28,52,21,55,24,59,16,61,20,63,11,67,13,64,12,66,16,72,2,70,7,76,5,72,8,76,8,77,6,79,0,82,4,79,9,75,2,79,1,68,4,0,0]"
CSI_DATA,274,1a:00:00:00:00:00,-46,11,1,0,1,1,1,0,0,0,1,-96,0,11,2,3836934,0,44,0,384,0,"[0,0,0,0,0,0,0,0,0,0,0,0,-6,3,-5,3,-4,2,-3,2,-2,1,-1,2,0,2,0,1,1,0,2,0,3,0,3,-1,4,-1,4,-2,5,-2,5,-3,5,-3,6,-3,6,-5,7,-5,7,-5,7,-6,8,-6,8,-7,8,-8,9,-8,0,0,9,-8,9,-9,10,-9,10,-10,10,-9,10,-9,10,-9,10,-9,10,-9,11,-9,10,-8,11,-7,10,-7,9,-7,9,-7,9,-6,9,-6,8,-5,8,-6,8,-5,8,-4,8,-4,7,-4,7,-3,7,-2,6,-2,0,0,0,0,0,0,0,0,0,0,0,0,0,0,-43,34,-38,27,-35,32,-30,26,-24,23,-22,23,-16,22,-11,15,-9,13,2,11,4,9,9,3,8,4,11,1,14,1,19,-7,22,-9,22,-13,25,-13,29,-16,29,-21,29,-21,33,-28,31,-28,36,-28,36,-38,36,-38,41,-47,40,-40,41,-52,39,-49,42,-56,45,-49,46,-55,45,-53,50,-55,53,-56,52,-55,49,-52,52,-53,46,-50,49,-49,52,-47,50,-46,49,-43,46,-41,48,-38,46,-37,44,-36,43,-30,43,-31,41,-28,39,-27,36,-25,39,-17,34,-18,31,-14,0,0,0,0,0,0,0,0,0,0,0,0,0,0,0,0,0,0,0,0,0,0,-16,19,-18,16,-20,17,-20,10,-23,5,-20,4,-19,1,-19,-3,-20,-4,-18,-10,-18,-12,-19,-15,-15,-19,-15,-20,-14,-28,-10,-28,-10,-32,-4,-34,-6,-35,-3,-37,-1,-39,-3,-46,1,-44,1,-46,5,-48,1,-51,2,-49,2,-53,5,-51,1,-55,2,-50,-3,-52,-4,-53,-3,-52,-10,-56,-13,-56,-15,-52,-18,-57,-15,-56,-25,-55,-26,-57,-29,-59,-33,-58,-35,-57,-35,-60,-45,-52,-43,-53,-44,-58,-46,-56,-50,-56,-52,-55,-55,-54,-50,-60,-49,-55,-55,-60,-48,-60,-48,-56,0,0]"
CSI_DATA,275,1a:00:00:00:00:00,-45,11,1,0,1,1,1,0,0,0,1,-96,0,11,2,3846942,0,44,0,384,0,"[0,0,0,0,0,0,0,0,0,0,0,0,-5,-4,-5,-3,-4,-2,-4,-2,-3,-1,-3,0,-2,0,-1,1,-1,2,0,2,0,3,1,3,1,3,2,4,2,4,4,4,4,4,4,4,5,4,5,4,6,5,7,5,7,5,8,5,9,6,10,6,0,0,11,6,10,7,11,7,11,6,11,7,11,6,11,7,11,7,11,6,11,7,10,8,9,7,9,7,9,7,8,7,8,7,8,6,8,6,7,6,7,6,6,6,5,5,5,5,4,6,4,6,3,5,0,0,0,0,0,0,0,0,0,0,0,0,0,0,-44,-31,-37,-32,-40,-28,-33,-24,-26,-19,-23,-12,-21,-9,-20,-3,-11,-3,-11,-2,-7,5,-8,8,-2,14,2,15,6,19,9,16,15,23,17,21,15,22,24,25,27,25,31,24,34,25,37,29,38,27,43,29,45,30,54,30,61,30,64,29,64,30,68,32,62,36,68,37,67,31,69,39,69,43,70,37,68,43,65,42,65,40,67,38,59,36,63,40,56,40,55,43,57,41,47,40,45,37,41,33,42,34,37,32,33,33,33,36,32,30,27,31,22,34,0,0,0,0,0,0,0,0,0,0,0,0,0,0,0,0,0,0,0,0,0,0,-28,-12,-22,-16,-22,-16,-19,-18,-17,-18,-14,-19,-14,-19,-9,-20,-8,-22,-3,-23,1,-22,3,-17,8,-21,10,-20,15,-16,16,-16,20,-17,26,-15,30,-12,33,-14,33,-10,40,-8,33,-8,38,-12,42,-12,44,-13,36,-11,43,-12,46,-7,50,-16,44,-11,47,-16,46,-16,47,-14,50,-22,46,-21,46,-26,49,-27,43,-33,48,-36,47,-37,46,-41,46,-45,43,-50,43,-48,46,-49,45,-49,40,-54,47,-55,43,-59,41,-64,41,-67,48,-64,42,-56,41,-66,37,-59,40,-60,0,0]"
CSI_DATA,276,1a:00:00:00:00:00,-45,11,1,0,1,1,1,0,0,0,1,-96,0,11,2,3862330,0,44,0,384,0,"[0,0,0,0,0,0,0,0,0,0,0,0,-3,-4,-2,-3,-3,-2,-3,-1,-2,-1,-2,0,-2,1,-2,1,-2,2,-2,3,-2,4,-1,4,-1,5,-1,5,-1,6,0,7,0,7,0,7,0,8,1,8,1,8,2,9,2,10,2,10,3,11,3,11,0,0,4,12,3,13,4,13,5,13,4,13,4,13,4,13,3,13,4,13,3,13,2,13,1,12,2,12,1,12,1,12,2,11,1,11,1,10,1,10,1,9,0,9,0,9,-1,9,-1,8,-2,7,-2,7,0,0,0,0,0,0,0,0,0,0,0,0,0,0,-18,-34,-18,-35,-20,-23,-20,-22,-17,-20,-11,-12,-12,-7,-12,-1,-11,0,-12,1,-10,7,-4,17,-7,19,-4,18,-5,24,-3,26,0,28,-1,32,1,34,8,35,13,43,8,44,14,41,18,43,23,49,23,51,25,57,30,57,26,56,34,61,32,65,37,67,34,64,36,66,41,69,35,72,40,71,44,72,36,72,36,65,35,72,29,70,30,73,28,69,26,67,29,68,24,62,21,63,21,56,23,59,21,53,16,52,15,49,8,48,4,43,5,42,0,42,0,0,0,0,0,0,0,0,0,0,0,0,0,0,0,0,0,0,0,0,0,0,-15,-40,-10,-43,-9,-45,0,-44,1,-47,5,-43,5,-41,5,-42,6,-41,12,-38,20,-37,15,-36,23,-38,24,-32,26,-29,26,-27,27,-27,29,-22,29,-16,35,-18,33,-16,37,-13,31,-10,37,-10,40,-6,41,-7,32,-2,43,-6,41,-1,37,-4,34,-4,37,-2,41,-7,39,-9,40,-6,38,-11,41,-11,41,-11,42,-18,47,-18,46,-18,45,-20,50,-18,48,-25,44,-23,53,-27,48,-31,46,-34,53,-35,56,-31,51,-32,52,-28,55,-31,49,-34,54,-28,51,-29,48,-27,0,0]"
CSI_DATA,277,1a:00:00:00:00:00,-45,11,1,0,1,1,1,0,0,0,1,-96,0,11,2,3867248,0,44,0,384,0,"[0,0,0,0,0,0,0,0,0,0,0,0,-2,4,-1,3,-1,3,0,2,1,2,1,2,2,1,2,1,3,1,4,0,4,0,5,-1,5,-1,5,-2,6,-2,6,-3,6,-4,6,-4,7,-4,7,-5,7,-5,8,-6,8,-6,8,-7,9,-7,9,-8,0,0,10,-8,10,-8,10,-9,10,-9,10,-8,11,-9,10,-9,10,-8,11,-8,11,-8,11,-7,11,-7,10,-6,10,-6,9,-6,10,-6,9,-5,9,-5,9,-4,8,-4,8,-3,8,-3,8,-3,7,-2,7,-2,6,-1,0,0,0,0,0,0,0,0,0,0,0,0,0,0,-18,38,-14,37,-14,28,-6,26,-1,26,6,16,1,17,4,16,5,10,11,7,19,8,20,3,28,3,24,0,25,-4,24,-9,32,-10,29,-17,27,-16,32,-17,33,-26,37,-27,31,-29,38,-34,39,-33,41,-36,38,-41,40,-49,45,-47,44,-55,45,-52,49,-52,47,-53,49,-59,49,-56,53,-55,54,-55,55,-52,58,-51,52,-48,56,-50,54,-51,57,-42,55,-48,52,-42,55,-41,50,-40,54,-38,47,-33,47,-28,46,-29,48,-22,46,-27,41,-18,43,-17,43,-13,37,-7,0,0,0,0,0,0,0,0,0,0,0,0,0,0,0,0,0,0,0,0,0,0,-22,34,-24,28,-30,31,-34,27,-33,23,-32,14,-33,18,-36,11,-45,12,-34,7,-42,6,-41,0,-37,2,-40,-4,-37,-6,-40,-11,-40,-13,-40,-16,-37,-13,-33,-17,-37,-19,-34,-25,-35,-25,-38,-25,-34,-27,-34,-29,-29,-31,-31,-27,-32,-29,-32,-31,-30,-32,-32,-32,-32,-27,-34,-29,-32,-29,-35,-31,-35,-24,-37,-26,-41,-26,-45,-22,-42,-28,-51,-22,-49,-23,-55,-22,-48,-22,-52,-23,-57,-22,-53,-21,-57,-21,-56,-23,-55,-23,-59,-25,-56,-28,-59,-20,-56,-23,-52,-21,-50,-26,0,0]"
CSI_DATA,278,1a:00:00:00:00:00,-44,11,1,0,1,1,1,0,0,0,1,-96,0,11,2,3886936,0,44,0,384,0,"[0,0,0,0,0,0,0,0,0,0,0,0,4,4,4,3,4,2,4,1,4,1,3,0,4,-1,3,-2,4,-2,3,-3,3,-3,3,-5,3,-5,3,-6,3,-6,3,-7,2,-7,2,-7,1,-8,1,-9,1,-9,1,-10,1,-10,1,-11,2,-11,1,-12,0,0,0,-12,1,-13,1,-13,1,-14,1,-13,1,-13,1,-13,1,-13,2,-13,2,-12,4,-12,4,-11,4,-11,4,-10,4,-11,4,-10,4,-10,3,-9,3,-9,3,-8,4,-7,4,-7,4,-6,4,-6,5,-5,4,-4,0,0,0,0,0,0,0,0,0,0,0,0,0,0,26,43,24,40,27,30,28,29,25,27,24,19,23,10,24,6,24,3,21,0,25,-2,21,-10,20,-11,22,-13,21,-17,15,-22,19,-25,15,-30,19,-31,14,-29,13,-38,14,-37,13,-41,7,-47,13,-43,9,-50,8,-51,6,-57,4,-59,6,-62,7,-62,8,-66,10,-63,10,-69,5,-64,13,-67,8,-68,12,-70,16,-66,15,-68,17,-63,17,-60,20,-60,21,-64,27,-54,23,-55,23,-53,22,-51,18,-46,22,-42,22,-43,26,-39,21,-38,24,-31,26,-31,26,-27,25,-20,0,0,0,0,0,0,0,0,0,0,0,0,0,0,0,0,0,0,0,0,0,0,10,13,6,19,5,18,2,19,-3,21,-5,16,-9,21,-10,18,-17,25,-18,20,-19,19,-20,18,-26,19,-31,18,-33,17,-39,14,-38,17,-40,11,-43,6,-47,11,-51,9,-55,9,-51,8,-53,6,-55,6,-53,7,-53,-1,-55,2,-58,1,-58,7,-56,3,-59,7,-59,8,-58,7,-58,11,-59,15,-56,15,-58,16,-60,22,-60,25,-61,24,-60,27,-63,25,-64,29,-58,31,-54,36,-60,33,-60,37,-61,36,-60,39,-65,37,-63,41,-66,36,-60,33,-64,37,-62,33,-51,33,0,0]"
CSI_DATA,279,1a:00:00:00:00:00,-43,11,1,0,1,1,1,0,0,0,1,-96,0,11,2,3898133,0,44,0,384,0,"[0,0,0,0,0,0,0,0,0,0,0,0,7,1,6,0,6,0,6,-1,5,-2,5,-2,4,-3,4,-3,4,-4,4,-4,3,-5,3,-6,3,-6,2,-6,2,-6,2,-8,1,-7,1,-8,0,-8,1,-9,0,-9,0,-10,0,-10,0,-11,0,-12,-1,-12,0,0,0,-12,0,-13,0,-13,0,-13,1,-13,1,-13,1,-13,1,-13,1,-13,2,-13,2,-12,3,-12,3,-11,3,-11,3,-11,3,-10,4,-10,3,-9,4,-8,4,-8,4,-7,4,-7,4,-6,4,-6,4,-5,4,-4,0,0,0,0,0,0,0,0,0,0,0,0,0,0,48,24,46,23,46,15,42,12,37,9,37,5,31,2,34,-3,30,-3,28,-8,24,-15,25,-15,21,-20,23,-20,22,-26,21,-27,18,-31,12,-36,14,-33,11,-38,13,-42,12,-43,5,-48,5,-49,4,-46,3,-53,3,-56,-1,-60,-1,-62,-6,-63,-3,-67,4,-70,2,-67,-2,-73,-2,-71,7,-73,7,-77,6,-72,14,-69,12,-67,9,-63,14,-67,19,-64,19,-65,20,-59,21,-53,25,-52,20,-52,21,-46,24,-46,26,-43,24,-41,25,-37,24,-32,25,-31,27,-26,27,-21,0,0,0,0,0,0,0,0,0,0,0,0,0,0,0,0,0,0,0,0,0,0,16,-5,15,-3,15,1,15,3,14,5,9,10,7,14,6,16,7,20,1,19,-1,25,-1,25,-7,30,-7,30,-13,31,-17,29,-15,32,-18,34,-23,34,-26,33,-29,30,-28,37,-31,33,-34,37,-38,33,-36,39,-39,35,-40,35,-42,33,-41,35,-36,36,-41,39,-38,35,-37,38,-40,43,-39,42,-38,44,-36,46,-37,52,-35,55,-34,55,-35,55,-34,59,-29,59,-29,60,-32,65,-31,65,-29,63,-29,65,-34,67,-28,70,-29,67,-36,66,-32,58,-34,68,-34,60,-29,61,0,0]"
CSI_DATA,280,1a:00:00:00:00:00,-44,11,1,0,1,1,1,0,0,0,1,-96,0,11,2,3918557,0,44,0,384,0,"[0,0,0,0,0,0,0,0,0,0,0,0,-10,1,-9,2,-9,2,-8,2,-7,2,-6,3,-5,3,-4,3,-4,3,-3,4,-3,4,-2,4,-1,4,-1,4,0,4,1,5,2,5,2,5,2,5,3,5,4,5,5,6,5,6,6,6,6,7,7,6,0,0,8,7,8,8,8,8,8,8,8,8,8,9,8,9,8,9,7,9,7,10,7,10,6,10,6,9,5,9,5,9,4,9,4,9,4,8,4,8,3,8,2,8,2,7,1,7,1,7,0,7,-1,6,0,0,0,0,0,0,0,0,0,0,0,0,0,0,-76,7,-68,2,-65,5,-59,8,-52,12,-47,11,-47,12,-43,11,-36,13,-29,18,-29,21,-25,19,-20,21,-18,21,-14,22,-8,24,-8,30,-1,23,-1,27,8,27,12,29,11,30,15,31,19,30,22,29,25,32,32,35,35,33,35,38,44,37,43,39,45,41,45,43,51,43,49,42,46,48,50,50,50,49,47,56,47,54,42,56,42,56,37,54,35,57,34,53,35,53,31,54,29,54,22,49,20,48,22,46,18,47,16,45,11,42,10,41,1,40,-1,36,0,0,0,0,0,0,0,0,0,0,0,0,0,0,0,0,0,0,0,0,0,0,-8,21,-8,16,-9,17,-13,15,-13,9,-13,3,-16,3,-16,0,-15,-4,-9,-7,-9,-11,-8,-14,-9,-13,-3,-18,-2,-21,-2,-23,-5,-28,6,-27,8,-33,8,-33,11,-31,13,-35,13,-35,14,-34,17,-38,15,-40,19,-42,18,-44,23,-41,19,-49,16,-43,17,-50,18,-49,17,-44,14,-53,12,-53,8,-56,5,-57,8,-55,5,-64,2,-64,-5,-66,2,-69,-4,-67,-3,-66,-12,-74,-8,-73,-8,-80,-12,-79,-9,-81,-12,-79,-14,-83,-10,-85,-14,-83,-12,-89,-10,-82,-11,-84,0,0]"
CSI_DATA,281,1a:00:00:00:00:00,-45,11,1,0,1,1,1,0,0,0,1,-96,0,11,2,3926984,0,44,0,384,0,"[0,0,0,0,0,0,0,0,0,0,0,0,9,3,8,2,8,1,7,2,7,1,6,0,5,-1,5,-2,4,-2,4,-2,3,-4,3,-4,2,-5,2,-5,1,-5,0,-6,0,-6,0,-7,-1,-7,-1,-8,-2,-8,-3,-9,-3,-9,-4,-10,-4,-10,-4,-10,0,0,-5,-11,-5,-12,-6,-12,-6,-12,-5,-13,-5,-13,-6,-13,-4,-13,-5,-13,-4,-14,-4,-14,-3,-13,-2,-12,-3,-13,-2,-13,-2,-12,-2,-12,-2,-11,-1,-11,-1,-10,0,-10,0,-9,0,-9,1,-8,2,-8,2,-7,0,0,0,0,0,0,0,0,0,0,0,0,0,0,62,37,58,34,59,28,50,25,46,25,42,14,43,14,40,14,35,10,32,4,28,-2,26,-3,25,-6,23,-12,18,-16,14,-23,15,-25,13,-25,7,-28,4,-28,1,-35,5,-30,-2,-40,-6,-39,-7,-41,-7,-47,-13,-45,-16,-53,-20,-49,-24,-56,-18,-54,-25,-58,-17,-65,-27,-64,-21,-61,-19,-69,-21,-71,-22,-68,-18,-74,-16,-69,-18,-67,-14,-69,-13,-69,-13,-70,-6,-67,-2,-70,-1,-61,-3,-61,-2,-59,0,-56,2,-54,5,-52,7,-50,4,-46,10,-47,11,-40,16,-36,0,0,0,0,0,0,0,0,0,0,0,0,0,0,0,0,0,0,0,0,0,0,24,-12,28,-7,24,0,23,0,19,2,21,6,21,11,17,9,11,13,11,15,6,12,5,17,4,20,-1,18,-7,19,-12,17,-11,21,-15,18,-20,23,-23,18,-25,22,-29,22,-28,21,-31,25,-32,25,-32,28,-36,20,-37,22,-43,21,-39,27,-40,27,-42,31,-40,27,-40,35,-38,33,-39,38,-40,35,-39,42,-36,44,-35,50,-39,52,-34,53,-38,57,-35,60,-38,56,-32,54,-36,62,-29,70,-38,70,-38,74,-42,78,-37,74,-42,71,-37,74,-41,82,-40,73,-41,74,0,0]"
CSI_DATA,282,1a:00:00:00:00:00,-45,11,1,0,1,1,1,0,0,0,1,-96,0,11,2,3937300,0,44,0,384,0,"[0,0,0,0,0,0,0,0,0,0,0,0,-4,-9,-4,-8,-5,-7,-4,-7,-5,-6,-4,-5,-5,-5,-4,-4,-5,-3,-5,-2,-5,-2,-5,-1,-6,0,-6,1,-6,1,-6,2,-5,2,-6,3,-6,4,-6,4,-6,5,-6,5,-6,6,-6,7,-7,7,-7,8,0,0,-7,9,-8,9,-8,9,-8,10,-8,9,-9,9,-9,9,-9,9,-9,9,-9,9,-9,8,-10,7,-10,7,-10,7,-10,6,-10,6,-10,6,-9,5,-9,5,-9,4,-9,3,-9,3,-8,3,-8,2,-8,1,-7,0,0,0,0,0,0,0,0,0,0,0,0,0,0,0,-4,-69,-9,-66,-9,-55,-11,-56,-13,-51,-11,-44,-13,-39,-15,-38,-17,-33,-18,-31,-18,-25,-20,-17,-24,-21,-24,-7,-26,-9,-26,-6,-30,-2,-33,-1,-28,4,-32,8,-30,12,-34,14,-28,18,-34,23,-32,26,-35,27,-34,26,-40,35,-37,35,-45,42,-42,39,-44,39,-46,47,-49,48,-41,46,-54,46,-54,49,-52,45,-58,45,-54,45,-51,42,-58,40,-59,38,-60,36,-60,29,-58,33,-55,26,-54,28,-49,23,-49,21,-52,17,-49,15,-48,13,-47,11,-44,3,-44,3,-42,1,0,0,0,0,0,0,0,0,0,0,0,0,0,0,0,0,0,0,0,0,0,0,-24,-17,-17,-19,-17,-24,-10,-21,-8,-26,-5,-23,-2,-27,1,-25,5,-24,9,-24,11,-24,12,-22,16,-23,21,-21,24,-14,24,-12,28,-10,31,-7,35,-12,33,-4,32,-6,41,-5,39,0,40,-2,45,-1,46,2,43,4,49,5,45,8,50,5,42,9,55,6,44,8,52,7,54,1,52,3,54,-3,55,-1,55,-1,61,-6,65,-5,63,-8,67,-10,69,-13,63,-12,67,-14,74,-15,73,-19,75,-18,80,-15,77,-17,83,-17,89,-11,78,-17,77,-17,77,-15,80,-11,0,0]"
CSI_DATA,283,1a:00:00:00:00:00,-45,11,1,0,1,1,1,0,0,0,1,-96,0,11,2,3957768,0,44,0,384,0,"[0,0,0,0,0,0,0,0,0,0,0,0,0,10,0,9,1,8,1,8,2,7,1,6,2,6,2,5,3,5,3,4,3,4,4,3,4,2,5,2,5,2,5,1,5,1,5,0,6,0,7,-1,6,-1,7,-1,7,-2,8,-2,9,-2,9,-3,0,0,9,-3,10,-3,11,-3,10,-3,11,-2,11,-2,11,-2,11,-1,11,-1,11,-1,11,0,11,0,10,0,10,1,9,1,9,1,9,1,8,2,8,2,7,2,7,3,6,3,6,3,5,3,4,4,4,4,0,0,0,0,0,0,0,0,0,0,0,0,0,0,-2,32,-2,32,0,28,1,29,1,26,1,25,1,23,5,22,5,19,4,19,7,16,8,13,10,14,10,13,10,12,12,9,13,8,12,4,15,7,17,4,15,2,16,1,15,-1,16,-4,19,-4,18,-3,21,-4,21,-6,24,-6,24,-7,24,-7,28,-5,26,-7,29,-9,30,-8,29,-5,30,-6,29,-6,32,-4,33,-3,30,-1,29,0,29,0,32,0,28,2,29,2,26,4,27,3,23,4,21,8,21,8,20,8,17,8,18,9,16,11,13,9,12,10,0,0,0,0,0,0,0,0,0,0,0,0,0,0,0,0,0,0,0,0,0,0,8,6,6,7,4,9,3,9,1,11,-2,10,-2,9,-5,10,-5,9,-8,12,-12,12,-12,8,-12,9,-14,7,-17,5,-18,6,-19,5,-23,2,-21,2,-22,2,-21,0,-26,-1,-24,-1,-25,-2,-26,-3,-29,-6,-29,-6,-26,-5,-28,-6,-29,-4,-27,-5,-27,-6,-30,-5,-29,-4,-32,-2,-31,-2,-30,-3,-31,-1,-34,-1,-35,0,-37,-2,-38,3,-37,2,-38,4,-36,2,-40,2,-39,3,-40,5,-43,1,-43,1,-43,4,-44,4,-45,4,-43,3,-43,0,-40,0,-43,0,0,0]"
CSI_DATA,284,1a:00:00:00:00:00,-45,11,1,0,1,1,1,0,0,0,1,-96,0,11,2,3966993,0,44,0,384,0,"[0,0,0,0,0,0,0,0,0,0,0,0,-5,-10,-5,-9,-5,-8,-5,-8,-5,-7,-5,-6,-5,-5,-5,-5,-5,-4,-6,-3,-6,-3,-6,-2,-6,-2,-6,-1,-6,0,-6,0,-6,1,-6,1,-6,2,-6,3,-7,3,-7,4,-7,4,-8,5,-8,5,-8,5,0,0,-8,6,-9,6,-9,6,-9,7,-10,6,-10,6,-10,6,-10,6,-10,6,-11,5,-11,4,-10,4,-10,3,-10,3,-10,3,-10,2,-10,2,-9,2,-9,2,-9,1,-8,0,-8,0,-8,-1,-7,-1,-7,-2,-6,-2,0,0,0,0,0,0,0,0,0,0,0,0,0,0,-35,-65,-31,-55,-33,-56,-35,-47,-29,-47,-34,-42,-26,-33,-36,-33,-31,-30,-29,-32,-31,-26,-25,-22,-30,-13,-28,-8,-31,-13,-31,-5,-30,1,-30,4,-31,7,-26,6,-29,15,-29,15,-28,19,-31,19,-27,25,-28,30,-32,33,-36,37,-34,34,-39,38,-34,39,-36,42,-36,41,-40,45,-41,42,-42,42,-45,45,-40,47,-48,42,-44,42,-46,38,-48,38,-51,30,-49,32,-47,33,-48,30,-49,28,-48,22,-44,21,-41,18,-39,16,-41,16,-41,10,-39,4,-36,4,-37,-2,-34,-4,0,0,0,0,0,0,0,0,0,0,0,0,0,0,0,0,0,0,0,0,0,0,-20,-6,-20,-10,-20,-12,-16,-15,-13,-17,-10,-20,-7,-20,-5,-23,-3,-25,2,-29,9,-27,9,-30,14,-30,19,-28,25,-28,25,-24,31,-30,33,-22,34,-24,38,-25,40,-21,44,-25,48,-17,47,-27,52,-18,52,-22,53,-12,52,-21,56,-16,56,-23,50,-14,59,-26,55,-22,53,-24,60,-26,52,-26,55,-29,56,-31,56,-33,59,-33,62,-36,64,-40,64,-39,62,-42,65,-42,63,-55,67,-46,66,-50,65,-51,71,-48,70,-50,72,-48,77,-46,71,-45,73,-46,72,-47,68,-47,0,0]"
CSI_DATA,285,1a:00:00:00:00:00,-46,11,1,0,1,1,1,0,0,0,1,-96,0,11,2,3976949,0,44,0,384,0,"[0,0,0,0,0,0,0,0,0,0,0,0,-7,-7,-7,-7,-7,-6,-7,-6,-6,-5,-6,-4,-6,-3,-6,-3,-6,-2,-6,-1,-6,-1,-5,0,-5,0,-5,1,-5,1,-5,2,-5,2,-5,3,-4,3,-5,4,-4,4,-4,5,-4,5,-4,6,-5,7,-4,7,0,0,-5,8,-5,8,-6,8,-5,8,-6,8,-6,8,-6,8,-7,7,-7,8,-7,7,-8,7,-8,6,-7,6,-8,6,-8,5,-8,5,-8,4,-7,4,-8,3,-7,3,-7,2,-7,2,-7,2,-6,1,-6,0,-6,0,0,0,0,0,0,0,0,0,0,0,0,0,0,0,-42,-55,-45,-50,-48,-41,-41,-35,-37,-35,-33,-35,-36,-29,-35,-28,-34,-18,-35,-17,-35,-15,-27,-9,-27,-7,-30,-7,-24,-4,-26,0,-31,5,-26,8,-27,14,-23,15,-24,19,-23,15,-19,24,-23,29,-20,27,-22,34,-24,30,-18,40,-22,40,-21,44,-22,43,-27,50,-26,49,-29,49,-24,51,-31,47,-30,52,-32,54,-32,50,-35,48,-32,47,-40,40,-40,43,-40,43,-40,41,-38,33,-42,33,-42,29,-37,28,-33,24,-35,20,-38,21,-40,19,-32,14,-37,9,-34,7,-33,1,0,0,0,0,0,0,0,0,0,0,0,0,0,0,0,0,0,0,0,0,0,0,-22,0,-18,-4,-19,-5,-17,-12,-16,-13,-15,-15,-10,-18,-9,-19,-5,-24,-5,-26,-1,-26,6,-24,6,-33,10,-31,15,-35,17,-29,20,-35,23,-31,25,-30,30,-35,32,-35,31,-33,36,-30,37,-34,43,-33,39,-36,44,-27,43,-32,45,-30,48,-34,43,-29,50,-36,48,-34,45,-38,50,-38,44,-39,47,-38,48,-39,45,-44,52,-51,49,-48,46,-53,51,-56,51,-60,50,-59,42,-59,46,-56,50,-61,48,-61,51,-64,53,-62,56,-66,60,-61,54,-60,56,-64,58,-62,57,-56,0,0]"
CSI_DATA,286,1a:00:00:00:00:00,-46,11,1,0,1,1,1,0,0,0,1,-96,0,11,2,3986983,0,44,0,384,0,"[0,0,0,0,0,0,0,0,0,0,0,0,9,-4,8,-4,7,-4,7,-4,6,-4,5,-4,5,-5,4,-5,3,-5,3,-5,2,-5,1,-5,1,-5,0,-5,0,-5,-1,-6,-2,-6,-2,-6,-3,-5,-4,-6,-4,-6,-5,-6,-5,-6,-6,-7,-6,-7,-6,-7,0,0,-7,-7,-7,-8,-8,-8,-8,-8,-8,-9,-7,-9,-8,-9,-7,-9,-7,-9,-6,-9,-6,-10,-5,-9,-5,-10,-5,-10,-4,-9,-4,-9,-4,-9,-4,-9,-3,-9,-2,-8,-2,-8,-2,-7,-1,-7,-1,-7,0,-6,1,-6,0,0,0,0,0,0,0,0,0,0,0,0,0,0,74,-11,64,-8,65,-19,57,-12,49,-14,50,-16,41,-16,41,-15,35,-20,31,-20,27,-21,22,-21,21,-28,20,-23,15,-22,12,-25,10,-29,6,-26,3,-27,-2,-28,-7,-30,-3,-27,-12,-34,-12,-28,-14,-33,-22,-33,-27,-34,-25,-35,-28,-36,-37,-37,-32,-40,-34,-42,-34,-41,-36,-47,-37,-46,-33,-52,-30,-50,-33,-50,-30,-54,-34,-55,-27,-52,-26,-50,-26,-60,-27,-56,-20,-54,-21,-50,-19,-58,-15,-53,-15,-48,-7,-48,-7,-45,-5,-44,-2,-42,0,-40,1,-37,6,-37,9,-33,0,0,0,0,0,0,0,0,0,0,0,0,0,0,0,0,0,0,0,0,0,0,9,-13,11,-12,11,-6,16,-7,16,-3,16,2,15,1,18,7,18,11,18,13,17,13,16,15,16,21,13,23,9,27,14,28,16,37,9,38,7,37,4,40,4,40,1,44,0,46,0,51,1,52,0,53,-4,55,-2,56,-7,54,-3,58,-2,50,-2,60,-5,58,-2,57,-1,59,2,61,5,57,7,65,6,61,12,67,13,67,16,69,13,76,17,69,17,71,28,75,23,73,22,77,20,76,18,80,22,82,23,80,18,86,17,83,20,88,13,86,17,81,0,0]"
CSI_DATA,287,1a:00:00:00:00:00,-46,11,1,0,1,1,1,0,0,0,1,-96,0,11,2,3997349,0,44,0,384,0,"[0,0,0,0,0,0,0,0,0,0,0,0,6,-9,5,-9,4,-8,4,-8,3,-8,3,-8,2,-8,1,-7,1,-6,0,-6,0,-6,-2,-6,-2,-6,-3,-5,-3,-5,-4,-5,-4,-5,-5,-4,-6,-4,-6,-4,-6,-3,-7,-4,-7,-3,-8,-3,-9,-4,-10,-3,0,0,-10,-3,-10,-4,-11,-4,-12,-4,-11,-5,-11,-5,-11,-4,-11,-5,-11,-5,-10,-6,-11,-6,-9,-7,-9,-7,-9,-7,-8,-7,-8,-8,-8,-7,-7,-7,-7,-7,-6,-7,-5,-7,-5,-7,-4,-7,-3,-7,-2,-7,-2,-7,0,0,0,0,0,0,0,0,0,0,0,0,0,0,54,-53,52,-42,50,-45,42,-44,37,-46,37,-42,26,-36,26,-37,22,-33,16,-33,11,-39,13,-36,6,-30,3,-28,1,-33,-2,-31,-4,-26,-8,-25,-11,-25,-14,-24,-24,-23,-25,-23,-27,-18,-27,-19,-27,-16,-33,-12,-40,-16,-44,-17,-44,-19,-50,-16,-50,-17,-53,-15,-50,-17,-56,-16,-54,-19,-55,-20,-59,-20,-53,-24,-59,-23,-55,-27,-56,-27,-52,-32,-52,-32,-50,-32,-46,-32,-45,-34,-43,-32,-39,-30,-37,-33,-34,-31,-31,-29,-31,-35,-29,-30,-23,-34,-18,-30,-11,-34,-9,-33,0,0,0,0,0,0,0,0,0,0,0,0,0,0,0,0,0,0,0,0,0,0,-5,-12,2,-15,1,-12,5,-15,7,-13,9,-9,15,-7,14,-5,19,1,20,0,19,8,21,9,21,12,26,11,26,16,18,24,25,24,20,31,23,29,25,35,20,35,23,40,22,42,20,41,18,45,24,47,19,50,23,51,21,48,24,48,24,50,25,52,27,50,25,49,29,53,33,49,31,49,39,53,37,51,43,55,43,52,48,54,48,55,50,55,50,57,61,44,58,52,64,56,60,57,61,59,61,58,64,58,61,60,63,58,62,66,58,63,55,58,0,0]"
CSI_DATA,288,1a:00:00:00:00:00,-45,11,1,0,1,1,1,0,0,0,1,-96,0,11,2,4007036,0,44,0,384,0,"[0,0,0,0,0,0,0,0,0,0,0,0,-12,0,-11,1,-10,1,-10,2,-9,2,-8,1,-8,2,-7,3,-7,3,-6,3,-6,3,-5,4,-4,4,-4,4,-3,4,-2,5,-2,5,-2,5,-1,5,-1,5,0,6,0,6,1,6,1,7,1,8,2,8,0,0,2,9,2,9,2,9,2,10,2,9,1,10,2,10,1,10,1,10,0,10,0,11,-1,9,-1,9,-2,9,-2,9,-2,9,-2,8,-2,8,-3,7,-3,7,-3,6,-4,6,-4,6,-4,5,-4,4,-4,3,0,0,0,0,0,0,0,0,0,0,0,0,0,0,-38,5,-40,5,-36,7,-33,9,-31,7,-28,8,-27,8,-28,9,-24,6,-22,8,-19,10,-18,10,-17,10,-16,10,-12,11,-10,11,-13,13,-8,12,-7,14,-3,15,-1,15,-3,15,1,16,0,15,1,17,4,17,6,20,6,22,5,22,9,25,8,21,8,25,6,26,7,25,10,26,10,28,9,29,6,28,5,30,5,30,4,30,3,30,2,30,-1,31,0,28,-2,26,-3,26,-1,25,-5,22,-7,22,-8,22,-6,23,-7,19,-8,18,-9,18,-12,16,-11,12,0,0,0,0,0,0,0,0,0,0,0,0,0,0,0,0,0,0,0,0,0,0,2,8,-2,7,-2,7,-2,5,-4,3,-7,4,-6,2,-7,0,-10,-2,-8,-5,-11,-4,-9,-7,-10,-11,-10,-11,-9,-13,-9,-14,-11,-18,-6,-16,-8,-20,-6,-22,-4,-21,-3,-24,-4,-23,-4,-25,-4,-28,-3,-27,-3,-27,-1,-29,-2,-27,-3,-29,-3,-28,-3,-29,-2,-30,-3,-31,-4,-33,-4,-31,-6,-31,-7,-31,-8,-33,-9,-36,-10,-35,-11,-35,-12,-37,-10,-39,-12,-37,-16,-38,-13,-38,-13,-39,-15,-40,-12,-43,-14,-44,-14,-45,-13,-46,-12,-42,-13,-45,-11,-45,-11,-43,0,0]"
CSI_DATA,289,1a:00:00:00:00:00,-45,11,1,0,1,1,1,0,0,0,1,-96,0,11,2,4017726,0,44,0,384,0,"[0,0,0,0,0,0,0,0,0,0,0,0,11,-4,11,-4,10,-4,10,-4,8,-4,8,-4,7,-5,7,-4,6,-4,5,-4,5,-5,4,-5,4,-5,3,-5,2,-5,2,-6,1,-6,0,-5,0,-6,0,-6,-1,-6,-1,-7,-2,-7,-2,-8,-2,-8,-3,-8,0,0,-3,-9,-3,-10,-3,-10,-3,-10,-3,-10,-3,-10,-2,-11,-2,-11,-2,-11,-1,-11,0,-11,0,-10,0,-10,0,-10,1,-10,1,-10,1,-9,1,-9,2,-8,2,-7,3,-7,3,-7,3,-6,3,-6,3,-5,4,-4,0,0,0,0,0,0,0,0,0,0,0,0,0,0,41,-10,38,-10,39,-10,31,-10,32,-10,29,-9,28,-9,27,-10,25,-12,22,-12,19,-11,18,-13,16,-12,14,-13,12,-12,10,-12,10,-14,9,-14,6,-14,4,-16,4,-16,1,-17,1,-15,-2,-17,-3,-19,-2,-19,-4,-18,-7,-19,-6,-22,-10,-22,-9,-22,-9,-25,-9,-25,-9,-25,-10,-25,-10,-26,-8,-26,-9,-29,-4,-30,-7,-29,-5,-30,-2,-30,-2,-28,-1,-28,0,-28,1,-27,2,-27,3,-26,4,-24,6,-21,7,-23,6,-22,7,-19,8,-16,10,-16,10,-14,11,-13,0,0,0,0,0,0,0,0,0,0,0,0,0,0,0,0,0,0,0,0,0,0,-5,-5,-5,-8,-3,-6,-1,-6,1,-6,2,-4,2,-5,4,-3,4,-2,5,0,8,2,7,2,9,6,10,7,10,7,7,11,9,13,7,14,8,15,7,15,5,18,7,21,7,20,6,23,6,21,7,24,5,25,6,26,5,26,6,28,6,25,6,27,5,28,6,26,8,29,11,27,9,27,11,29,11,30,14,30,13,32,14,32,16,33,17,33,17,33,21,35,19,36,20,35,19,36,18,41,18,41,19,40,19,42,19,38,18,45,18,46,16,42,0,0]"
CSI_DATA,290,1a:00:00:00:00:00,-45,11,1,0,1,1,1,0,0,0,1,-96,0,11,2,4037132,0,44,0,384,0,"[0,0,0,0,0,0,0,0,0,0,0,0,-12,7,-11,6,-10,6,-10,5,-9,6,-8,5,-7,5,-6,5,-6,5,-5,5,-5,5,-4,5,-3,5,-2,5,-1,5,-1,5,0,5,0,5,1,5,2,5,2,5,3,5,3,5,4,5,4,5,5,6,0,0,5,6,6,7,6,7,6,8,6,7,6,8,6,8,5,8,6,8,5,9,5,9,4,9,4,9,3,9,3,9,2,9,2,8,1,8,1,7,1,7,0,7,0,7,-1,6,-1,6,-2,6,-2,5,0,0,0,0,0,0,0,0,0,0,0,0,0,0,-79,31,-74,28,-69,39,-65,33,-61,34,-59,30,-56,28,-50,28,-44,31,-40,26,-34,29,-31,24,-33,29,-30,25,-23,24,-15,27,-17,30,-11,27,-6,28,0,24,0,30,2,28,8,26,9,28,14,30,17,31,18,30,24,29,21,30,30,33,28,35,33,39,28,33,34,40,37,37,32,47,38,45,35,42,35,47,30,48,28,46,28,48,25,51,24,47,20,50,19,47,15,50,13,44,12,46,10,44,7,44,4,42,4,42,-1,36,-6,38,-6,32,-11,31,0,0,0,0,0,0,0,0,0,0,0,0,0,0,0,0,0,0,0,0,0,0,17,10,14,8,13,10,10,9,7,10,3,6,1,3,2,5,-1,3,-3,2,-5,-6,-4,-6,-10,-10,-11,-12,-9,-19,-8,-17,-11,-26,-14,-28,-10,-25,-13,-31,-12,-28,-11,-40,-15,-38,-13,-40,-12,-43,-15,-44,-12,-50,-11,-49,-13,-47,-16,-54,-15,-46,-15,-60,-14,-55,-19,-53,-17,-60,-21,-57,-21,-54,-29,-56,-32,-56,-36,-64,-35,-62,-38,-58,-39,-66,-44,-65,-39,-62,-44,-68,-52,-67,-52,-67,-53,-69,-53,-79,-47,-79,-56,-79,-52,-85,-52,-78,-51,-84,-53,-87,-45,-80,0,0]"
CSI_DATA,291,1a:00:00:00:00:00,-45,11,1,0,1,1,1,0,0,0,1,-96,0,11,2,4046888,0,44,0,384,0,"[0,0,0,0,0,0,0,0,0,0,0,0,-9,9,-9,8,-8,8,-8,7,-7,7,-6,6,-5,7,-5,6,-4,6,-3,6,-3,6,-2,5,-2,5,-1,5,0,5,0,5,1,5,1,4,2,4,3,4,3,4,4,4,4,4,5,4,5,5,6,4,0,0,7,5,7,5,7,5,8,5,7,6,7,6,8,6,7,6,7,7,6,7,6,8,5,8,5,7,5,7,4,8,4,8,3,7,3,7,2,7,2,6,1,7,1,7,0,6,0,6,-1,6,-1,5,0,0,0,0,0,0,0,0,0,0,0,0,0,0,-57,59,-60,54,-57,54,-45,53,-49,52,-44,48,-47,39,-41,46,-32,39,-28,38,-22,39,-23,32,-18,34,-15,31,-10,29,-7,32,-5,33,-2,27,0,30,4,30,14,29,12,27,13,24,17,21,23,23,24,23,29,21,31,21,33,23,40,23,36,27,44,27,40,29,45,27,45,26,45,31,46,30,44,32,46,38,44,36,41,36,41,45,36,42,38,41,35,42,33,39,27,44,26,41,24,41,19,41,18,40,16,40,15,36,12,36,4,39,3,33,-4,35,0,0,0,0,0,0,0,0,0,0,0,0,0,0,0,0,0,0,0,0,0,0,21,-1,16,-2,16,0,19,2,13,1,8,1,7,2,4,2,-1,0,-1,-1,-3,-1,-5,-6,-11,-4,-12,-8,-13,-9,-17,-13,-21,-17,-19,-19,-18,-18,-25,-21,-24,-25,-27,-31,-26,-31,-26,-30,-24,-35,-31,-38,-23,-41,-30,-43,-28,-38,-31,-42,-33,-41,-36,-52,-35,-43,-35,-40,-40,-44,-40,-43,-42,-43,-49,-43,-47,-44,-47,-48,-56,-47,-60,-47,-63,-45,-61,-46,-61,-44,-75,-41,-70,-44,-72,-45,-77,-48,-74,-54,-76,-55,-86,-59,-82,-59,-74,-53,-78,-65,-75,-63,-71,-62,0,0]"
CSI_DATA,292,1a:00:00:00:00:00,-44,11,1,0,1,1,1,0,0,0,1,-96,0,11,2,4076937,0,44,0,384,0,"[0,0,0,0,0,0,0,0,0,0,0,0,13,0,12,0,12,-1,12,0,10,0,10,-1,9,-1,8,-2,8,-2,7,-3,7,-3,7,-3,6,-4,6,-5,6,-4,5,-5,4,-6,4,-6,4,-6,3,-6,3,-7,3,-8,3,-8,2,-8,3,-9,2,-10,0,0,2,-10,3,-11,3,-11,3,-11,3,-11,3,-11,4,-11,4,-11,4,-11,5,-10,5,-10,6,-10,6,-9,6,-9,6,-8,6,-8,6,-7,6,-7,6,-6,6,-6,6,-5,6,-4,6,-4,6,-3,6,-2,5,-1,0,0,0,0,0,0,0,0,0,0,0,0,0,0,39,11,39,13,39,9,32,10,30,9,31,9,29,7,31,7,28,4,25,4,24,1,21,0,25,-1,22,-3,20,-3,19,-5,19,-6,16,-8,17,-8,15,-8,16,-10,12,-11,10,-14,14,-14,13,-16,13,-16,10,-17,11,-20,11,-20,9,-23,11,-23,13,-26,14,-24,14,-25,12,-25,16,-25,16,-26,16,-27,18,-25,19,-24,19,-24,19,-22,20,-22,21,-22,22,-20,21,-18,21,-16,21,-15,20,-13,20,-10,20,-11,20,-8,19,-6,19,-5,18,-2,17,-1,16,1,0,0,0,0,0,0,0,0,0,0,0,0,0,0,0,0,0,0,0,0,0,0,-10,-7,-10,-6,-8,-7,-7,-7,-4,-6,-5,-8,-3,-5,-1,-6,-2,-2,-1,-1,0,-1,1,2,0,3,0,3,-1,7,0,8,-1,8,-2,10,-1,14,-3,13,-3,13,-5,18,-5,16,-6,18,-8,20,-5,19,-9,20,-7,21,-9,20,-7,24,-10,22,-9,24,-10,24,-7,25,-8,27,-7,25,-6,26,-5,29,-5,29,-4,30,-6,32,-5,31,-5,35,-5,36,-5,34,-3,37,-4,36,0,39,-3,42,-2,43,-3,42,-3,43,-8,46,-8,44,-9,46,-7,47,-8,47,0,0]"
CSI_DATA,293,1a:00:00:00:00:00,-44,11,1,0,1,1,1,0,0,0,1,-96,0,11,2,4086917,0,44,0,384,0,"[0,0,0,0,0,0,0,0,0,0,0,0,11,5,11,4,11,3,10,4,10,3,9,3,9,1,8,1,8,1,7,0,7,0,7,-1,7,-1,6,-2,6,-2,7,-3,6,-3,6,-3,5,-4,6,-4,5,-5,5,-6,5,-6,5,-7,5,-7,5,-8,0,0,5,-8,6,-8,7,-8,6,-8,7,-8,7,-8,7,-8,7,-8,8,-8,8,-7,8,-7,8,-6,8,-6,8,-5,8,-5,9,-4,8,-4,8,-3,8,-3,7,-2,7,-2,7,-1,7,-1,6,0,6,0,5,1,0,0,0,0,0,0,0,0,0,0,0,0,0,0,33,24,33,25,31,18,27,23,29,18,24,17,28,15,25,15,23,12,22,11,22,12,23,9,23,8,23,4,19,4,18,0,21,2,19,-1,18,-3,18,-3,19,-4,18,-7,16,-10,17,-10,17,-11,18,-12,15,-15,17,-18,17,-16,18,-18,18,-16,19,-19,21,-20,20,-18,20,-21,22,-19,24,-20,22,-20,24,-18,25,-16,25,-16,26,-16,26,-13,26,-14,26,-11,25,-10,26,-8,25,-9,23,-7,24,-4,23,-5,22,-3,21,-3,20,0,18,1,18,3,16,6,0,0,0,0,0,0,0,0,0,0,0,0,0,0,0,0,0,0,0,0,0,0,-8,-11,-5,-12,-5,-10,-3,-10,-3,-9,-2,-8,-2,-7,0,-4,-1,-2,0,0,0,-2,-1,0,-1,3,-2,4,-2,5,-3,6,-4,6,-5,9,-7,10,-8,11,-10,11,-13,13,-10,13,-12,16,-14,16,-13,16,-14,16,-15,17,-17,18,-16,19,-16,17,-18,20,-18,20,-17,19,-18,22,-16,21,-15,23,-13,24,-17,26,-16,28,-15,25,-16,30,-14,30,-15,34,-15,29,-17,36,-16,36,-17,36,-17,38,-19,40,-20,40,-18,41,-21,41,-22,38,-20,41,-23,41,-26,40,0,0]"
CSI_DATA,294,1a:00:00:00:00:00,-44,11,1,0,1,1,1,0,0,0,1,-96,0,11,2,4097695,0,44,0,384,0,"[0,0,0,0,0,0,0,0,0,0,0,0,12,-4,11,-4,11,-5,11,-4,10,-4,9,-4,8,-5,7,-5,7,-5,7,-5,6,-5,5,-5,5,-6,4,-6,4,-6,3,-7,3,-7,2,-6,2,-7,1,-8,1,-8,0,-8,0,-8,0,-9,0,-9,-1,-9,0,0,-1,-10,-1,-10,-1,-11,-1,-11,-1,-11,-1,-11,-1,-11,0,-11,0,-12,1,-11,2,-11,2,-11,2,-10,2,-10,3,-10,2,-9,3,-9,3,-9,3,-8,3,-8,3,-7,4,-7,4,-6,4,-5,5,-4,4,-4,0,0,0,0,0,0,0,0,0,0,0,0,0,0,41,-10,40,-7,38,-13,33,-10,35,-10,30,-10,30,-9,29,-10,28,-10,25,-11,22,-12,19,-12,20,-15,20,-13,17,-12,16,-16,16,-15,14,-16,13,-16,11,-17,7,-20,8,-17,6,-18,4,-20,5,-20,1,-23,1,-23,0,-24,-1,-23,-1,-25,-1,-26,-3,-27,-2,-28,-2,-28,-2,-30,1,-29,-1,-30,-1,-31,1,-31,1,-31,3,-30,5,-30,6,-30,6,-28,6,-26,7,-27,8,-26,9,-25,9,-22,8,-20,12,-20,11,-21,12,-18,14,-17,13,-15,13,-12,15,-8,0,0,0,0,0,0,0,0,0,0,0,0,0,0,0,0,0,0,0,0,0,0,-14,-3,-11,-5,-11,-6,-10,-5,-8,-6,-6,-6,-5,-5,-3,-4,-3,-4,-2,-1,0,0,1,1,0,3,0,4,1,5,3,7,5,8,4,9,3,10,2,12,3,15,3,16,4,17,3,18,2,20,3,21,1,19,2,20,0,24,1,24,1,23,2,26,2,26,4,25,3,27,6,27,7,28,7,28,6,29,7,31,10,31,11,31,12,33,14,33,13,35,16,32,15,34,17,36,18,38,17,41,15,43,17,42,13,43,15,45,14,47,15,43,15,44,0,0]"
CSI_DATA,295,1a:00:00:00:00:00,-44,11,1,0,1,1,1,0,0,0,1,-96,0,11,2,4117193,0,44,0,384,0,"[0,0,0,0,0,0,0,0,0,0,0,0,5,-13,5,-12,4,-11,4,-12,4,-10,3,-10,2,-10,2,-10,2,-9,1,-9,1,-9,0,-8,-1,-8,-1,-8,-1,-7,-2,-7,-3,-7,-3,-7,-3,-6,-4,-7,-4,-6,-5,-6,-5,-6,-6,-6,-6,-7,-7,-7,0,0,-7,-7,-8,-7,-8,-8,-8,-7,-7,-8,-8,-8,-8,-8,-7,-8,-7,-9,-6,-9,-6,-9,-6,-9,-5,-9,-5,-10,-4,-9,-4,-10,-3,-9,-3,-9,-2,-9,-2,-8,-1,-8,-1,-8,0,-8,0,-7,1,-7,2,-6,0,0,0,0,0,0,0,0,0,0,0,0,0,0,20,-35,22,-31,18,-35,17,-32,17,-31,16,-30,16,-29,13,-29,12,-26,12,-24,9,-25,7,-24,7,-24,5,-21,5,-23,0,-21,0,-21,-1,-18,-2,-18,-3,-20,-6,-19,-6,-17,-6,-16,-9,-17,-9,-15,-12,-15,-12,-16,-15,-16,-16,-19,-19,-17,-18,-18,-19,-19,-18,-18,-19,-19,-19,-19,-17,-20,-19,-22,-18,-22,-16,-25,-16,-23,-16,-24,-16,-24,-15,-26,-16,-26,-12,-24,-12,-26,-8,-25,-7,-25,-6,-23,-5,-22,-3,-22,-2,-22,0,-20,2,-19,2,-18,3,-19,5,-16,0,0,0,0,0,0,0,0,0,0,0,0,0,0,0,0,0,0,0,0,0,0,-9,8,-9,6,-11,5,-11,5,-9,2,-9,2,-7,1,-5,0,-4,-2,-3,-1,0,0,1,-2,3,-2,5,-2,4,1,6,0,11,1,9,2,10,4,12,4,13,7,15,8,17,7,17,7,17,10,17,8,19,11,19,12,20,11,20,12,20,13,19,13,21,13,20,13,23,14,23,13,25,13,26,10,27,10,30,11,29,10,33,12,32,11,35,10,34,11,33,10,37,11,38,10,38,12,42,14,40,14,43,12,43,15,42,15,46,18,44,16,43,19,0,0]"
CSI_DATA,296,1a:00:00:00:00:00,-44,11,1,0,1,1,1,0,0,0,1,-96,0,11,2,4127471,0,44,0,384,0,"[0,0,0,0,0,0,0,0,0,0,0,0,-7,13,-5,11,-5,11,-5,11,-5,10,-4,9,-3,9,-3,9,-3,8,-2,8,-2,8,-1,7,-1,7,0,6,1,6,1,7,2,6,2,6,2,5,3,5,3,6,4,5,4,5,5,5,5,5,6,5,0,0,6,6,7,6,7,6,7,6,7,6,7,7,7,7,6,8,6,8,6,9,5,8,5,9,4,9,4,8,4,8,3,8,3,8,2,8,2,8,1,7,0,7,0,7,-1,7,-1,6,-2,6,-3,5,0,0,0,0,0,0,0,0,0,0,0,0,0,0,-17,40,-19,35,-15,36,-13,35,-12,37,-12,31,-12,30,-9,28,-8,28,-8,26,-6,26,-5,25,-4,24,-5,21,-1,22,3,20,2,21,3,19,5,16,6,19,9,18,8,18,9,13,10,13,11,13,14,12,16,13,18,11,16,11,20,13,19,11,21,12,20,13,23,13,24,14,22,14,24,15,23,17,22,18,21,16,21,16,21,20,20,20,18,21,18,19,19,22,13,22,15,22,13,21,11,18,8,18,8,19,6,20,4,19,2,18,1,18,-3,16,0,0,0,0,0,0,0,0,0,0,0,0,0,0,0,0,0,0,0,0,0,0,8,-8,10,-8,10,-6,8,-5,7,-2,7,-3,5,-2,5,-1,3,0,3,0,1,0,-2,-1,-2,-1,-5,-1,-4,-2,-9,-2,-12,-2,-10,-5,-12,-3,-14,-5,-13,-6,-17,-7,-17,-9,-18,-7,-19,-9,-21,-10,-19,-11,-23,-12,-20,-13,-23,-13,-21,-13,-21,-11,-24,-14,-24,-12,-27,-12,-25,-11,-27,-11,-29,-12,-27,-10,-33,-10,-33,-8,-35,-8,-35,-9,-35,-8,-36,-9,-36,-6,-40,-8,-40,-7,-41,-10,-44,-9,-45,-9,-45,-9,-46,-13,-47,-11,-50,-15,-47,-13,-42,-14,0,0]"
CSI_DATA,297,1a:00:00:00:00:00,-44,11,1,0,1,1,1,0,0,0,1,-96,0,11,2,4136927,0,44,0,384,0,"[0,0,0,0,0,0,0,0,0,0,0,0,6,-12,6,-11,4,-11,5,-11,4,-10,4,-10,2,-10,3,-9,2,-9,2,-8,2,-9,0,-8,0,-8,0,-8,-1,-7,-1,-7,-2,-7,-2,-7,-3,-6,-3,-6,-3,-6,-5,-6,-4,-6,-5,-6,-6,-6,-6,-6,0,0,-7,-6,-7,-7,-7,-7,-7,-8,-7,-8,-7,-8,-7,-8,-7,-8,-7,-9,-6,-9,-6,-9,-5,-9,-5,-9,-4,-9,-4,-9,-3,-9,-3,-9,-3,-9,-2,-8,-2,-8,-1,-8,-1,-7,0,-7,1,-7,1,-6,2,-6,0,0,0,0,0,0,0,0,0,0,0,0,0,0,20,-38,23,-33,21,-38,19,-34,18,-32,19,-31,17,-29,16,-30,11,-25,12,-29,9,-28,8,-24,8,-26,6,-21,6,-23,3,-22,2,-23,-1,-20,0,-20,-3,-20,-6,-21,-4,-19,-8,-16,-8,-18,-9,-18,-11,-16,-10,-15,-14,-16,-14,-19,-18,-18,-16,-19,-22,-19,-18,-16,-22,-20,-20,-18,-21,-21,-21,-23,-18,-22,-17,-24,-18,-24,-17,-23,-18,-24,-18,-26,-17,-26,-14,-25,-12,-23,-11,-25,-9,-25,-10,-24,-5,-23,-7,-24,-3,-22,-4,-21,0,-21,3,-18,3,-18,5,-18,0,0,0,0,0,0,0,0,0,0,0,0,0,0,0,0,0,0,0,0,0,0,-12,7,-12,5,-12,3,-11,3,-12,1,-10,1,-8,-1,-6,1,-5,0,-5,-1,-3,-2,0,0,3,1,2,-2,4,1,8,4,9,1,8,4,12,3,12,4,13,8,13,9,16,9,15,9,16,12,18,12,18,14,18,15,17,14,21,14,18,15,21,16,20,17,22,15,21,17,25,14,22,17,25,15,27,15,29,12,30,14,32,11,32,13,33,13,35,11,40,13,39,13,39,13,39,13,42,17,43,18,44,16,46,19,42,18,47,18,46,21,43,22,0,0]"
CSI_DATA,298,1a:00:00:00:00:00,-44,11,1,0,1,1,1,0,0,0,1,-96,0,11,2,4147044,0,44,0,384,0,"[0,0,0,0,0,0,0,0,0,0,0,0,-15,-2,-14,-2,-14,-1,-13,-1,-12,-1,-11,-1,-11,-1,-11,0,-10,0,-9,0,-9,0,-9,1,-8,1,-8,2,-7,2,-7,3,-7,3,-6,3,-5,3,-6,4,-5,4,-5,5,-5,5,-5,6,-4,7,-4,7,0,0,-4,7,-5,8,-5,8,-5,8,-6,8,-6,8,-6,8,-6,8,-7,8,-7,8,-8,7,-7,7,-8,7,-8,6,-8,5,-8,5,-8,5,-8,4,-8,3,-7,3,-8,2,-8,1,-7,1,-7,0,-7,-1,-6,-1,0,0,0,0,0,0,0,0,0,0,0,0,0,0,-45,-10,-43,-9,-44,-6,-37,-7,-36,-7,-34,-6,-35,-5,-33,-6,-30,-4,-29,-3,-26,-2,-24,-1,-27,-2,-25,1,-23,1,-21,5,-22,4,-19,6,-18,8,-17,8,-17,11,-15,8,-13,13,-14,13,-13,13,-11,15,-11,15,-9,17,-12,18,-11,20,-11,19,-12,24,-10,22,-10,24,-9,23,-14,25,-12,25,-14,26,-16,24,-15,23,-15,23,-18,23,-19,23,-20,22,-19,17,-20,19,-20,16,-20,15,-19,15,-19,11,-19,12,-21,9,-20,8,-19,5,-18,6,-20,1,-17,-2,0,0,0,0,0,0,0,0,0,0,0,0,0,0,0,0,0,0,0,0,0,0,12,8,9,8,8,8,6,8,6,7,3,7,2,6,1,4,0,5,1,3,0,-1,-1,-1,-1,-1,-2,-5,-1,-6,-3,-7,-2,-13,-1,-12,0,-13,0,-14,2,-17,2,-19,3,-18,4,-20,4,-20,4,-20,6,-22,4,-24,6,-21,6,-25,6,-21,7,-27,9,-25,6,-27,5,-28,7,-27,5,-27,3,-31,1,-30,0,-33,2,-33,1,-35,0,-35,-2,-36,-1,-36,-5,-40,-4,-38,-2,-38,-4,-43,-1,-44,-3,-46,-3,-45,0,-49,-1,-46,1,-54,3,-51,5,-49,0,0]"
CSI_DATA,299,1a:00:00:00:00:00,-45,11,1,0,1,1,1,0,0,0,1,-96,0,11,2,4167117,0,44,0,384,0,"[0,0,0,0,0,0,0,0,0,0,0,0,8,12,9,11,9,10,8,10,7,9,7,9,7,8,7,7,6,7,6,5,6,5,7,4,6,4,7,4,6,3,7,2,6,1,6,1,6,1,7,0,7,-1,7,-1,7,-1,7,-2,8,-2,8,-3,0,0,8,-3,9,-3,10,-4,9,-3,10,-3,10,-3,10,-2,10,-2,11,-2,11,-1,11,-1,10,0,10,1,10,1,9,2,9,2,8,2,8,2,8,2,7,3,7,3,6,3,6,4,5,4,4,5,3,4,0,0,0,0,0,0,0,0,0,0,0,0,0,0,45,79,40,84,40,76,35,69,33,72,33,66,32,68,37,57,28,57,27,56,30,47,29,45,32,43,29,35,28,38,28,33,35,32,35,22,30,23,33,22,30,19,33,16,35,10,32,8,31,7,43,3,38,2,39,-1,42,-1,46,-5,49,-9,49,-8,48,-7,55,-6,48,-8,54,-4,54,-4,54,2,63,5,58,4,57,3,53,8,56,10,60,11,54,15,54,13,48,18,47,17,43,19,42,23,37,25,34,23,36,25,25,28,23,27,20,27,16,30,0,0,0,0,0,0,0,0,0,0,0,0,0,0,0,0,0,0,0,0,0,0,-11,-31,-5,-26,-3,-26,-1,-25,2,-20,2,-18,0,-11,6,-15,3,-8,5,-4,2,-5,0,-2,1,3,-3,10,-9,7,-9,10,-10,16,-14,14,-19,20,-20,21,-28,20,-31,23,-28,15,-34,21,-35,21,-39,22,-44,20,-48,22,-44,22,-49,23,-42,19,-52,23,-49,27,-47,27,-49,30,-53,30,-45,30,-47,35,-52,39,-52,44,-56,45,-51,44,-55,45,-54,52,-57,49,-57,59,-63,56,-64,56,-64,61,-74,57,-72,66,-74,70,-85,65,-75,55,-85,63,-79,58,-83,56,0,0]"
CSI_DATA,300,1a:00:00:00:00:00,-45,11,1,0,1,1,1,0,0,0,1,-96,0,11,2,4177107,0,44,0,384,0,"[0,0,0,0,0,0,0,0,0,0,0,0,4,13,4,12,4,11,4,11,3,11,3,9,4,9,4,8,4,8,4,7,4,7,5,6,5,6,5,5,5,4,5,4,5,3,5,3,6,2,6,2,6,1,6,1,6,1,7,0,7,0,7,0,0,0,8,-1,9,-1,9,-1,9,-1,9,-1,9,0,10,-1,10,0,10,0,10,1,10,1,9,2,9,2,9,2,8,3,8,3,7,3,7,3,7,3,6,3,5,4,5,4,4,4,4,4,3,5,2,4,0,0,0,0,0,0,0,0,0,0,0,0,0,0,28,83,26,79,31,82,24,77,27,71,21,67,23,62,23,63,25,56,20,56,28,49,23,47,28,47,27,41,27,37,24,34,30,33,29,25,30,23,28,26,30,21,30,18,32,14,30,12,33,7,38,6,35,3,41,1,39,2,41,-4,44,-4,46,-5,43,-3,53,-10,51,-6,51,-3,50,-3,55,-2,53,5,52,4,50,7,53,11,56,9,52,10,54,14,48,15,49,20,46,15,42,18,42,18,37,23,33,22,30,24,27,25,24,30,21,29,16,25,0,0,0,0,0,0,0,0,0,0,0,0,0,0,0,0,0,0,0,0,0,0,-2,-27,0,-26,4,-24,4,-25,7,-17,11,-18,8,-11,2,-10,5,-8,5,0,0,-4,-2,0,-2,8,-6,7,-10,7,-14,7,-17,13,-19,15,-20,15,-27,14,-29,11,-35,17,-35,15,-39,16,-39,16,-42,16,-45,9,-47,12,-44,11,-45,13,-45,10,-54,16,-50,15,-52,18,-54,16,-57,18,-49,19,-54,27,-52,24,-58,33,-61,28,-56,36,-61,36,-63,39,-66,44,-65,37,-69,43,-67,45,-69,43,-75,50,-74,51,-83,52,-87,44,-82,41,-91,46,-90,46,-87,41,0,0]"
CSI_DATA,301,1a:00:00:00:00:00,-45,11,1,0,1,1,1,0,0,0,1,-96,0,11,2,4187335,0,44,0,384,0,"[0,0,0,0,0,0,0,0,0,0,0,0,-12,7,-11,6,-11,7,-11,6,-10,6,-9,5,-8,6,-8,6,-7,5,-6,5,-6,5,-5,6,-5,5,-4,5,-4,5,-4,6,-3,5,-2,5,-2,5,-1,5,-1,6,0,5,-1,6,1,7,1,7,1,7,0,0,1,7,1,7,1,8,2,8,1,9,1,9,1,9,1,8,0,9,0,9,0,10,-1,9,-1,8,-2,8,-2,8,-2,8,-3,7,-3,7,-3,6,-3,6,-3,5,-4,5,-4,5,-4,4,-5,3,-5,2,0,0,0,0,0,0,0,0,0,0,0,0,0,0,-80,52,-74,43,-72,49,-66,44,-61,46,-64,38,-58,42,-56,40,-49,37,-44,40,-40,33,-35,39,-39,38,-36,33,-32,30,-24,36,-24,37,-18,37,-18,32,-12,34,-14,38,-9,34,-6,30,-4,35,1,36,3,35,5,38,13,40,10,37,17,42,14,42,20,43,17,42,19,47,18,45,16,48,18,52,20,46,14,52,13,51,11,54,7,53,7,55,4,52,2,55,0,51,-5,52,-4,45,-6,43,-7,42,-11,38,-9,40,-16,37,-16,35,-19,32,-21,27,-25,23,0,0,0,0,0,0,0,0,0,0,0,0,0,0,0,0,0,0,0,0,0,0,27,-8,25,-4,24,-2,25,4,20,3,14,3,11,4,9,4,8,5,3,1,1,2,-3,2,-9,-3,-7,-4,-10,-7,-16,-8,-18,-12,-20,-15,-22,-19,-23,-20,-24,-20,-24,-28,-25,-29,-26,-35,-25,-39,-30,-38,-25,-39,-25,-43,-22,-40,-27,-47,-28,-41,-28,-49,-30,-45,-34,-44,-33,-48,-34,-52,-35,-49,-40,-47,-42,-43,-40,-49,-47,-51,-49,-48,-51,-52,-53,-50,-55,-52,-64,-49,-59,-52,-68,-54,-67,-56,-70,-63,-67,-65,-77,-61,-75,-77,-70,-64,-68,-75,-68,-79,-69,-77,0,0]"
CSI_DATA,302,1a:00:00:00:00:00,-45,11,1,0,1,1,1,0,0,0,1,-96,0,11,2,4197167,0,44,0,384,0,"[0,0,0,0,0,0,0,0,0,0,0,0,-2,-15,-1,-14,-2,-13,-2,-13,-2,-12,-1,-11,-2,-11,-2,-10,-2,-10,-2,-9,-3,-9,-4,-8,-3,-8,-4,-7,-4,-6,-5,-6,-5,-6,-5,-5,-5,-5,-5,-4,-5,-4,-6,-4,-6,-3,-7,-3,-8,-3,-8,-3,0,0,-8,-3,-9,-3,-10,-3,-9,-3,-9,-4,-9,-4,-9,-4,-9,-4,-9,-5,-9,-5,-9,-6,-8,-6,-8,-5,-8,-6,-7,-6,-7,-7,-6,-6,-6,-6,-5,-6,-5,-6,-4,-7,-3,-6,-3,-6,-3,-6,-2,-6,-1,-5,0,0,0,0,0,0,0,0,0,0,0,0,0,0,5,-45,6,-45,2,-41,5,-39,5,-42,6,-35,4,-35,3,-31,4,-32,1,-29,-2,-30,0,-28,0,-26,-2,-25,-2,-24,-6,-23,-5,-21,-6,-20,-5,-18,-7,-17,-10,-16,-10,-14,-11,-13,-14,-14,-13,-12,-13,-10,-14,-11,-17,-10,-18,-8,-20,-9,-20,-10,-22,-8,-22,-12,-23,-10,-25,-10,-25,-12,-24,-13,-24,-13,-22,-14,-21,-13,-25,-16,-23,-18,-21,-16,-23,-17,-18,-18,-19,-19,-15,-17,-16,-19,-13,-18,-14,-17,-10,-18,-10,-18,-8,-16,-7,-20,-4,-18,-2,-15,-1,-14,0,0,0,0,0,0,0,0,0,0,0,0,0,0,0,0,0,0,0,0,0,0,-5,12,-8,10,-9,9,-9,7,-9,4,-6,4,-5,3,-5,0,-5,1,-3,-1,0,-1,-2,-2,3,-3,4,-2,5,-3,7,-1,9,-2,11,-2,10,-4,15,-2,16,-1,18,-2,20,0,18,0,20,2,24,3,22,4,25,3,25,6,25,3,24,4,27,5,27,5,25,3,28,5,30,2,28,2,30,3,30,1,32,-1,32,-1,35,-1,34,-1,38,-3,34,-4,37,-2,38,-3,40,-10,40,-7,46,-3,46,-4,48,-6,48,-3,47,-2,50,-3,45,-1,48,1,0,0]"
CSI_DATA,303,1a:00:00:00:00:00,-45,11,1,0,1,1,1,0,0,0,1,-96,0,11,2,4207169,0,44,0,384,0,"[0,0,0,0,0,0,0,0,0,0,0,0,7,-11,7,-11,7,-10,6,-10,5,-9,6,-9,5,-9,4,-8,4,-8,3,-8,3,-8,2,-8,2,-7,1,-7,1,-7,0,-7,-1,-7,-1,-6,-1,-6,-2,-6,-2,-6,-3,-6,-3,-6,-4,-6,-4,-7,-5,-6,0,0,-5,-7,-5,-7,-5,-7,-6,-7,-6,-8,-5,-8,-5,-8,-5,-8,-5,-9,-4,-9,-4,-9,-4,-9,-3,-9,-3,-9,-2,-8,-2,-9,-1,-8,-1,-8,-1,-7,-1,-7,0,-7,0,-7,1,-6,1,-6,2,-6,2,-5,0,0,0,0,0,0,0,0,0,0,0,0,0,0,63,-63,57,-61,53,-71,47,-60,45,-55,42,-62,46,-47,46,-50,35,-45,35,-53,31,-46,26,-49,24,-44,22,-42,16,-40,17,-41,17,-41,12,-37,8,-37,4,-39,-3,-36,-3,-35,-5,-29,-5,-34,-9,-34,-10,-34,-16,-34,-21,-31,-19,-38,-22,-36,-26,-38,-29,-41,-25,-41,-31,-45,-31,-38,-29,-45,-29,-46,-30,-49,-25,-49,-22,-52,-24,-49,-19,-53,-16,-51,-16,-50,-16,-48,-12,-48,-9,-52,-2,-47,-6,-44,-3,-42,-1,-42,5,-37,4,-37,11,-39,11,-33,14,-33,16,-25,0,0,0,0,0,0,0,0,0,0,0,0,0,0,0,0,0,0,0,0,0,0,-24,14,-25,6,-20,10,-21,5,-17,3,-17,2,-14,-2,-10,-6,-7,-4,-2,-3,3,-1,0,-1,7,-1,13,0,12,-3,18,2,22,3,22,10,26,8,30,12,26,22,30,19,30,20,33,25,34,27,38,27,37,34,36,34,37,35,42,34,41,32,43,36,37,37,45,37,42,41,44,37,43,32,51,35,49,34,55,37,58,37,63,36,64,38,64,30,63,32,78,32,75,36,73,40,78,42,83,41,80,42,88,45,85,53,79,43,78,60,89,56,76,56,0,0]"
CSI_DATA,304,1a:00:00:00:00:00,-45,11,1,0,1,1,1,0,0,0,1,-96,0,11,2,4217911,0,44,0,384,0,"[0,0,0,0,0,0,0,0,0,0,0,0,-14,-3,-13,-2,-13,-2,-12,-2,-12,-2,-11,-2,-11,-1,-10,-1,-10,0,-9,-1,-9,0,-8,1,-8,1,-8,1,-7,1,-7,2,-6,2,-6,2,-6,3,-5,4,-5,3,-4,4,-4,4,-4,5,-5,6,-4,6,0,0,-4,7,-5,6,-5,7,-5,8,-5,7,-5,7,-6,7,-6,7,-6,7,-6,7,-7,7,-7,6,-7,5,-7,5,-7,4,-7,4,-7,4,-7,3,-7,3,-7,2,-7,2,-7,1,-6,1,-6,0,-6,-1,-6,-1,0,0,0,0,0,0,0,0,0,0,0,0,0,0,-43,-12,-42,-15,-41,-12,-37,-13,-37,-13,-34,-10,-35,-11,-33,-10,-32,-8,-27,-8,-28,-6,-25,-4,-26,-4,-24,-3,-22,-2,-22,-1,-23,0,-19,3,-18,2,-17,3,-18,6,-16,6,-14,9,-14,10,-15,8,-15,9,-13,13,-12,14,-13,13,-11,16,-14,16,-13,18,-15,17,-15,19,-14,19,-17,18,-18,21,-17,20,-19,18,-19,18,-18,19,-19,17,-21,15,-20,14,-20,12,-23,11,-22,9,-23,10,-20,8,-21,6,-19,4,-19,5,-18,2,-18,-1,-16,0,-16,-3,-15,-5,0,0,0,0,0,0,0,0,0,0,0,0,0,0,0,0,0,0,0,0,0,0,12,5,10,6,9,8,7,7,6,8,3,5,3,6,1,4,-1,4,-1,1,-2,0,-3,-2,-4,-5,-5,-7,-3,-8,-6,-9,-4,-11,-3,-12,-2,-14,-3,-17,0,-20,-1,-22,0,-19,2,-23,3,-25,4,-23,2,-24,5,-26,7,-26,4,-27,5,-26,4,-28,6,-29,6,-28,7,-29,6,-30,3,-30,4,-32,2,-31,0,-35,3,-36,0,-36,0,-37,-2,-40,0,-38,-2,-40,0,-41,-2,-43,-2,-44,2,-49,0,-48,-2,-47,5,-49,2,-48,5,-52,5,-50,10,-50,0,0]"
CSI_DATA,305,1a:00:00:00:00:00,-46,11,1,0,1,1,1,0,0,0,1,-96,0,11,2,4226954,0,44,0,384,0,"[0,0,0,0,0,0,0,0,0,0,0,0,12,4,12,4,11,3,11,4,10,3,9,3,9,2,8,2,9,2,8,1,8,0,7,0,7,0,7,-1,7,-1,6,-2,5,-2,5,-2,5,-3,5,-3,4,-4,4,-4,4,-5,4,-6,4,-6,4,-6,0,0,4,-7,5,-7,5,-8,5,-7,5,-7,6,-7,6,-7,6,-7,6,-7,6,-6,7,-7,7,-5,7,-5,7,-5,7,-4,7,-4,6,-4,6,-4,6,-3,6,-3,6,-2,6,-1,6,-1,5,-1,5,0,4,1,0,0,0,0,0,0,0,0,0,0,0,0,0,0,38,24,37,23,38,21,32,21,31,19,28,18,29,18,29,17,26,14,24,11,25,12,24,9,23,12,22,8,20,6,19,5,22,4,17,2,18,0,16,-1,17,-3,14,-3,15,-4,15,-5,15,-7,15,-10,13,-10,13,-11,16,-11,14,-14,14,-14,15,-17,15,-14,18,-17,16,-16,18,-17,20,-18,20,-18,19,-17,21,-16,22,-15,22,-14,22,-13,22,-12,23,-8,22,-9,23,-6,22,-6,21,-5,21,-4,20,-3,19,-3,19,0,16,0,15,4,13,4,13,6,0,0,0,0,0,0,0,0,0,0,0,0,0,0,0,0,0,0,0,0,0,0,-10,-10,-6,-13,-5,-12,-4,-10,-1,-9,-2,-10,-1,-8,1,-6,1,-5,2,0,2,1,2,1,4,4,2,7,0,8,0,9,0,11,-3,12,-2,15,-3,17,-4,16,-8,20,-9,18,-8,20,-10,20,-9,22,-12,22,-12,23,-16,23,-14,25,-13,21,-15,27,-14,24,-15,26,-15,25,-13,27,-13,26,-13,29,-13,29,-13,32,-13,32,-13,33,-12,33,-11,34,-12,37,-13,38,-12,38,-9,41,-12,43,-14,43,-15,44,-16,46,-19,49,-19,43,-23,47,-20,49,-24,46,0,0]"
CSI_DATA,306,1a:00:00:00:00:00,-46,11,1,0,1,1,1,0,0,0,1,-96,0,11,2,4266955,0,44,0,384,0,"[0,0,0,0,0,0,0,0,0,0,0,0,-15,-5,-14,-5,-14,-4,-14,-4,-12,-4,-12,-4,-12,-3,-10,-3,-10,-2,-9,-2,-10,-2,-9,-1,-8,-1,-8,0,-8,0,-7,1,-7,1,-6,1,-7,2,-6,2,-6,3,-6,4,-5,4,-5,5,-5,5,-5,6,0,0,-5,6,-6,6,-6,7,-6,7,-6,7,-7,7,-7,7,-7,7,-7,7,-8,6,-8,7,-8,6,-8,5,-8,5,-8,4,-8,4,-8,3,-8,3,-8,2,-7,2,-7,1,-7,1,-6,0,-6,0,-6,-1,-5,-1,0,0,0,0,0,0,0,0,0,0,0,0,0,0,-44,-16,-43,-16,-43,-14,-35,-18,-35,-13,-32,-11,-32,-11,-33,-12,-29,-12,-24,-11,-26,-7,-24,-6,-26,-6,-23,-4,-22,-5,-22,0,-21,-1,-20,2,-19,-1,-18,1,-17,3,-15,3,-13,5,-13,7,-14,7,-14,10,-14,8,-11,15,-13,13,-12,16,-11,16,-12,16,-13,19,-15,17,-14,18,-16,19,-16,18,-17,18,-18,17,-18,14,-19,17,-18,15,-18,13,-19,13,-19,11,-22,11,-19,8,-20,9,-19,6,-18,6,-18,4,-19,4,-16,1,-17,0,-15,-2,-15,-3,-13,-3,0,0,0,0,0,0,0,0,0,0,0,0,0,0,0,0,0,0,0,0,0,0,7,7,6,8,4,8,4,7,2,6,-1,6,-2,4,-3,2,-3,2,-4,0,-4,-3,-6,-3,-6,-4,-5,-9,-4,-12,-4,-14,-5,-14,-4,-16,-3,-16,-2,-19,1,-18,-1,-22,2,-22,4,-23,4,-26,4,-27,7,-26,8,-24,6,-27,7,-28,8,-28,10,-29,9,-29,7,-28,10,-30,8,-31,7,-31,6,-32,7,-33,5,-33,6,-34,4,-37,5,-35,4,-39,5,-38,3,-40,3,-40,2,-41,5,-44,3,-48,5,-46,4,-45,8,-47,9,-44,10,-52,11,-48,12,-47,0,0]"
CSI_DATA,307,1a:00:00:00:00:00,-46,11,1,0,1,1,1,0,0,0,1,-96,0,11,2,4276903,0,44,0,384,0,"[0,0,0,0,0,0,0,0,0,0,0,0,-13,4,-13,4,-12,4,-12,4,-11,3,-10,3,-10,4,-9,4,-9,4,-8,3,-8,3,-7,4,-7,3,-6,3,-5,4,-5,4,-4,4,-4,4,-3,4,-3,4,-2,4,-2,5,-2,5,-1,5,-1,6,-1,7,0,0,-1,7,-1,7,-1,8,-1,8,-1,8,-1,8,-2,8,-2,8,-2,8,-3,8,-3,8,-4,7,-4,7,-4,7,-5,7,-5,6,-5,5,-4,5,-5,5,-5,4,-5,4,-5,3,-5,2,-5,2,-5,1,-5,1,0,0,0,0,0,0,0,0,0,0,0,0,0,0,-88,18,-88,20,-79,24,-75,21,-77,17,-66,16,-69,19,-62,14,-63,16,-55,14,-50,24,-48,20,-51,22,-48,16,-40,21,-36,21,-39,20,-30,20,-32,20,-27,23,-22,27,-22,27,-16,22,-15,24,-17,26,-12,26,-10,34,-7,33,-6,33,-4,36,-1,39,-3,45,-5,43,-4,46,-2,52,-9,48,-4,44,-4,47,-10,51,-11,46,-11,50,-15,49,-17,48,-18,46,-16,42,-22,41,-22,34,-28,39,-24,32,-25,32,-25,28,-25,22,-28,20,-31,20,-26,15,-28,9,-25,6,0,0,0,0,0,0,0,0,0,0,0,0,0,0,0,0,0,0,0,0,0,0,26,-2,20,4,19,6,17,6,11,8,3,7,4,10,2,9,-5,6,-6,8,-9,4,-11,-1,-16,-3,-20,-10,-19,-10,-27,-14,-28,-18,-24,-24,-26,-21,-28,-27,-24,-31,-23,-40,-27,-40,-23,-40,-27,-52,-28,-45,-24,-51,-25,-54,-23,-59,-21,-52,-25,-52,-22,-59,-21,-59,-20,-53,-22,-58,-25,-60,-27,-59,-31,-58,-28,-60,-34,-63,-31,-63,-38,-64,-39,-64,-41,-72,-41,-65,-44,-64,-39,-68,-51,-73,-46,-78,-48,-81,-44,-84,-50,-86,-45,-87,-45,-87,-47,-95,-41,-93,-41,-95,0,0]"
CSI_DATA,308,1a:00:00:00:00:00,-46,11,1,0,1,1,1,0,0,0,1,-96,0,11,2,4286944,0,44,0,384,0,"[0,0,0,0,0,0,0,0,0,0,0,0,-1,-16,-1,-15,-2,-13,-1,-14,-1,-12,-1,-12,-1,-12,-2,-10,-1,-10,-2,-8,-2,-9,-3,-8,-3,-8,-3,-7,-3,-7,-3,-6,-4,-6,-4,-5,-5,-5,-5,-5,-5,-5,-5,-4,-5,-4,-7,-3,-7,-3,-8,-3,0,0,-8,-3,-8,-3,-9,-3,-9,-3,-9,-4,-9,-4,-9,-4,-9,-5,-9,-5,-8,-5,-8,-6,-8,-6,-8,-6,-7,-6,-6,-6,-6,-6,-6,-7,-6,-6,-5,-7,-4,-6,-4,-6,-3,-6,-3,-6,-2,-6,-2,-6,-1,-5,0,0,0,0,0,0,0,0,0,0,0,0,0,0,7,-44,6,-39,4,-41,6,-38,6,-39,7,-36,5,-32,4,-33,2,-30,2,-30,2,-27,1,-26,2,-27,-2,-23,-1,-24,-2,-22,-4,-19,-5,-19,-6,-16,-5,-16,-9,-16,-7,-16,-9,-13,-10,-13,-10,-10,-11,-13,-13,-10,-15,-10,-16,-10,-17,-11,-17,-9,-21,-11,-16,-10,-21,-11,-18,-11,-23,-14,-23,-12,-22,-11,-20,-15,-19,-16,-19,-14,-15,-16,-19,-16,-17,-18,-15,-18,-13,-19,-13,-18,-12,-16,-12,-17,-9,-17,-7,-18,-7,-17,-5,-17,-3,-15,-2,-14,-1,-14,1,-14,0,0,0,0,0,0,0,0,0,0,0,0,0,0,0,0,0,0,0,0,0,0,-5,10,-7,6,-7,8,-7,5,-6,2,-7,0,-5,-1,-3,-3,-2,-4,-3,-5,0,-5,2,-7,5,-6,6,-10,9,-8,11,-8,13,-9,14,-7,15,-6,16,-6,18,-3,22,-5,21,-4,25,-5,25,-2,27,-2,27,0,28,-2,28,1,31,0,27,0,31,1,29,0,28,0,31,1,31,-1,31,0,32,-1,31,-1,35,-3,37,-6,35,-6,37,-4,37,-5,36,-5,41,-10,39,-6,41,-7,41,-6,46,-7,45,-6,49,-5,52,-3,47,-2,49,-1,49,-1,49,2,0,0]"
CSI_DATA,309,1a:00:00:00:00:00,-46,11,1,0,1,1,1,0,0,0,1,-96,0,11,2,4297715,0,44,0,384,0,"[0,0,0,0,0,0,0,0,0,0,0,0,-13,-7,-13,-6,-13,-5,-12,-6,-12,-6,-10,-5,-10,-4,-10,-4,-9,-4,-9,-3,-8,-3,-8,-2,-8,-2,-7,-2,-7,-1,-7,-1,-7,0,-6,0,-6,1,-6,1,-6,2,-5,3,-5,2,-6,3,-6,4,-6,4,0,0,-6,5,-7,5,-7,5,-7,5,-7,5,-8,5,-8,5,-8,5,-8,5,-8,4,-9,3,-9,3,-9,2,-9,2,-8,1,-8,1,-8,1,-8,0,-8,0,-7,0,-7,-1,-7,-1,-6,-2,-6,-2,-5,-3,-5,-3,0,0,0,0,0,0,0,0,0,0,0,0,0,0,-40,-21,-40,-17,-37,-14,-34,-18,-36,-14,-31,-15,-32,-14,-31,-14,-28,-12,-26,-11,-26,-8,-23,-8,-23,-7,-23,-5,-22,-8,-19,-2,-21,-3,-20,0,-18,0,-15,2,-16,4,-14,2,-16,5,-11,7,-14,9,-15,8,-12,11,-15,14,-13,11,-13,14,-11,14,-13,16,-14,15,-14,18,-13,18,-16,16,-18,17,-18,19,-20,17,-19,17,-18,15,-20,13,-22,14,-21,13,-21,10,-20,11,-20,9,-20,9,-19,7,-19,5,-20,3,-18,1,-17,1,-16,0,-15,0,-15,-2,-13,-4,0,0,0,0,0,0,0,0,0,0,0,0,0,0,0,0,0,0,0,0,0,0,7,6,3,8,3,6,-1,7,-1,6,-1,4,-3,4,-5,1,-3,2,-6,0,-6,-3,-7,-6,-6,-6,-5,-11,-5,-11,-6,-13,-5,-16,-2,-15,-2,-20,0,-18,0,-23,1,-25,3,-24,5,-26,4,-27,2,-29,7,-26,9,-27,10,-28,9,-29,7,-27,9,-32,9,-28,10,-31,11,-31,9,-29,7,-29,9,-32,8,-35,6,-36,5,-37,6,-38,7,-37,7,-39,3,-38,6,-40,6,-40,6,-43,5,-46,6,-46,8,-44,6,-46,11,-51,9,-48,11,-50,11,-49,13,-49,0,0]"
CSI_DATA,310,1a:00:00:00:00:00,-46,11,1,0,1,1,1,0,0,0,1,-96,0,11,2,4308739,0,44,0,384,0,"[0,0,0,0,0,0,0,0,0,0,0,0,-11,-10,-10,-9,-11,-8,-10,-8,-10,-8,-9,-7,-9,-6,-8,-5,-8,-5,-8,-5,-8,-5,-7,-4,-7,-3,-7,-3,-7,-3,-7,-2,-6,-1,-6,-1,-6,0,-6,0,-6,1,-6,1,-6,1,-6,2,-6,3,-6,3,0,0,-6,4,-7,4,-7,4,-7,4,-8,4,-8,4,-8,4,-8,4,-8,4,-9,3,-9,2,-9,2,-9,1,-9,1,-8,1,-8,0,-8,0,-7,0,-8,-1,-7,0,-7,-2,-6,-2,-6,-2,-5,-2,-5,-3,-4,-3,0,0,0,0,0,0,0,0,0,0,0,0,0,0,-33,-29,-33,-28,-36,-27,-29,-27,-27,-24,-26,-25,-26,-23,-25,-19,-24,-19,-23,-18,-21,-16,-20,-14,-20,-14,-20,-13,-21,-13,-20,-8,-20,-7,-19,-5,-17,-5,-18,-4,-17,-1,-15,-4,-15,1,-15,3,-14,2,-14,5,-14,6,-17,8,-18,5,-17,10,-16,9,-18,8,-18,11,-19,14,-18,12,-21,13,-23,12,-22,13,-24,10,-22,9,-21,8,-24,8,-25,5,-24,4,-22,3,-24,3,-23,1,-21,-1,-22,0,-21,-1,-17,-2,-16,-5,-17,-4,-14,-5,-16,-6,-14,-7,-11,-10,0,0,0,0,0,0,0,0,0,0,0,0,0,0,0,0,0,0,0,0,0,0,3,7,3,10,-1,8,-2,7,-3,5,-2,3,-5,3,-4,1,-5,-4,-4,-5,-4,-5,-5,-5,-4,-11,-3,-11,-4,-13,-1,-14,-1,-17,3,-15,1,-20,4,-21,6,-21,9,-24,9,-22,9,-24,13,-25,10,-26,14,-26,15,-25,13,-25,17,-29,17,-24,18,-28,17,-28,14,-26,16,-29,16,-28,16,-29,17,-29,14,-29,14,-33,16,-32,16,-35,15,-36,14,-36,16,-37,15,-42,14,-38,14,-41,16,-42,18,-43,22,-45,20,-43,23,-43,22,-41,24,-46,25,-46,24,-43,0,0]"
CSI_DATA,311,1a:00:00:00:00:00,-46,11,1,0,1,1,1,0,0,0,1,-96,0,11,2,4318699,0,44,0,384,0,"[0,0,0,0,0,0,0,0,0,0,0,0,-13,-6,-12,-5,-12,-4,-11,-5,-11,-4,-10,-4,-10,-4,-9,-3,-9,-3,-8,-3,-8,-2,-8,-2,-8,-2,-7,-1,-6,-1,-7,0,-6,0,-5,0,-5,1,-5,1,-5,2,-5,2,-5,2,-6,3,-6,4,-5,4,0,0,-6,5,-6,5,-6,5,-6,5,-6,5,-7,5,-7,5,-7,5,-8,5,-8,4,-8,4,-8,3,-8,3,-8,2,-8,2,-8,1,-8,1,-7,1,-7,0,-7,0,-7,-1,-6,-1,-6,-1,-5,-2,-5,-3,-4,-2,0,0,0,0,0,0,0,0,0,0,0,0,0,0,-36,-22,-39,-24,-38,-19,-31,-22,-33,-20,-29,-18,-32,-17,-28,-17,-27,-17,-25,-14,-25,-13,-21,-11,-23,-10,-23,-10,-21,-7,-20,-6,-20,-4,-19,-3,-18,-4,-19,-1,-15,0,-17,0,-14,2,-15,3,-16,6,-15,7,-14,8,-16,11,-15,10,-15,13,-14,12,-15,12,-18,13,-17,15,-17,17,-20,14,-21,15,-20,14,-21,12,-21,13,-23,12,-22,10,-22,10,-21,8,-20,7,-25,4,-21,4,-23,3,-21,3,-19,1,-18,-1,-18,-3,-17,-2,-17,-5,-15,-2,-14,-6,-10,-8,0,0,0,0,0,0,0,0,0,0,0,0,0,0,0,0,0,0,0,0,0,0,5,7,5,6,3,6,0,5,-1,6,-4,3,-3,3,-4,1,-5,-1,-5,-3,-6,-6,-6,-6,-6,-10,-6,-12,-5,-12,-5,-16,-6,-17,-3,-17,-1,-20,0,-23,2,-23,5,-24,4,-26,4,-26,8,-28,5,-28,8,-28,11,-28,10,-28,9,-29,12,-30,13,-31,11,-31,11,-30,12,-31,11,-31,10,-31,8,-32,8,-34,9,-36,9,-32,7,-38,8,-37,8,-40,7,-37,7,-38,7,-40,10,-42,8,-41,10,-48,11,-47,10,-45,14,-45,16,-47,16,-49,15,-49,20,-47,0,0]"
CSI_DATA,312,1a:00:00:00:00:00,-46,11,1,0,1,1,1,0,0,0,1,-96,0,11,2,4346952,0,44,0,384,0,"[0,0,0,0,0,0,0,0,0,0,0,0,-15,4,-13,3,-13,4,-12,3,-12,3,-11,3,-10,4,-10,3,-9,3,-8,3,-8,3,-7,4,-6,3,-6,3,-5,3,-5,4,-4,4,-4,4,-3,4,-3,4,-2,4,-2,5,-1,6,-1,6,0,6,0,7,0,0,0,7,0,8,0,8,0,9,-1,8,-1,9,-1,9,-1,9,-2,9,-2,9,-2,9,-3,8,-3,8,-4,8,-4,7,-4,7,-5,7,-5,6,-5,6,-5,5,-5,5,-5,4,-5,4,-5,3,-5,2,-5,1,0,0,0,0,0,0,0,0,0,0,0,0,0,0,-43,12,-40,10,-40,12,-34,9,-34,11,-33,9,-31,9,-30,9,-27,8,-23,8,-23,11,-21,8,-21,10,-19,10,-17,10,-15,10,-14,12,-13,11,-11,9,-11,11,-8,14,-9,13,-4,13,-5,13,-4,14,-1,14,-1,16,0,15,-1,17,2,18,3,20,1,20,3,20,3,22,3,22,1,24,2,23,3,23,-1,24,-2,24,-1,26,-5,24,-5,22,-4,22,-7,21,-8,22,-7,21,-7,21,-8,16,-9,18,-10,16,-9,17,-10,12,-9,12,-11,9,-11,8,-12,6,0,0,0,0,0,0,0,0,0,0,0,0,0,0,0,0,0,0,0,0,0,0,7,2,5,4,4,3,3,4,1,3,0,3,-2,3,-4,3,-6,1,-7,-2,-9,-1,-9,-4,-10,-4,-9,-7,-10,-9,-12,-11,-15,-12,-15,-16,-14,-18,-12,-18,-13,-20,-12,-22,-12,-25,-13,-24,-11,-28,-13,-27,-9,-28,-11,-29,-11,-28,-11,-32,-10,-27,-11,-30,-10,-32,-11,-30,-12,-33,-12,-30,-12,-29,-12,-33,-14,-32,-15,-32,-15,-33,-17,-30,-17,-35,-19,-34,-20,-36,-20,-34,-21,-33,-24,-34,-23,-37,-23,-40,-22,-42,-22,-41,-21,-43,-21,-41,-20,-46,-21,-47,-19,-45,0,0]"
CSI_DATA,313,1a:00:00:00:00:00,-46,11,1,0,1,1,1,0,0,0,1,-96,0,11,2,4357355,0,44,0,384,0,"[0,0,0,0,0,0,0,0,0,0,0,0,-14,-1,-13,-1,-12,-1,-12,-1,-11,-1,-10,-1,-10,0,-9,0,-9,0,-8,1,-8,1,-7,1,-7,1,-6,2,-6,2,-6,3,-5,3,-5,3,-4,3,-4,3,-3,4,-3,4,-3,5,-3,5,-3,6,-2,6,0,0,-2,7,-3,7,-3,7,-2,8,-3,7,-4,8,-4,8,-4,7,-4,8,-4,8,-5,7,-5,6,-5,6,-5,6,-6,6,-6,5,-6,5,-5,4,-6,4,-6,3,-6,3,-6,2,-6,2,-6,1,-6,1,-5,0,0,0,0,0,0,0,0,0,0,0,0,0,0,0,-45,-13,-41,-11,-40,-7,-34,-7,-36,-6,-33,-5,-33,-8,-31,-6,-27,-4,-27,-6,-25,-2,-24,-2,-24,-2,-22,-1,-21,-2,-19,2,-21,3,-18,3,-15,4,-14,4,-14,6,-14,7,-13,9,-10,10,-10,9,-10,10,-9,14,-9,13,-9,16,-7,16,-5,17,-9,19,-6,18,-7,21,-7,20,-11,20,-12,22,-13,23,-13,21,-13,21,-13,20,-14,20,-15,17,-16,18,-14,16,-16,16,-17,14,-17,14,-17,14,-15,10,-15,10,-15,8,-17,7,-16,6,-15,4,-17,2,-14,0,0,0,0,0,0,0,0,0,0,0,0,0,0,0,0,0,0,0,0,0,0,0,4,6,2,5,0,6,-1,5,-1,2,-3,2,-3,1,-6,0,-6,-4,-6,-5,-7,-5,-8,-6,-7,-9,-7,-11,-5,-12,-8,-16,-7,-16,-4,-21,-4,-21,-4,-23,-2,-22,0,-28,1,-26,0,-29,1,-29,1,-31,5,-30,5,-30,8,-30,5,-33,6,-30,7,-35,8,-34,7,-33,8,-34,4,-32,2,-34,1,-35,2,-34,1,-38,1,-38,2,-38,1,-39,1,-39,-1,-37,-2,-42,-3,-43,-2,-43,-1,-42,0,-46,0,-45,-1,-48,1,-50,3,-45,0,-51,3,-48,5,-49,0,0]"
CSI_DATA,314,1a:00:00:00:00:00,-46,11,1,0,1,1,1,0,0,0,1,-96,0,11,2,4377628,0,44,0,384,0,"[0,0,0,0,0,0,0,0,0,0,0,0,12,2,11,1,11,1,11,1,10,1,8,1,8,0,8,0,7,-1,7,-1,7,-1,6,-2,6,-2,5,-2,4,-2,4,-3,3,-3,4,-4,3,-4,3,-4,3,-5,2,-5,2,-5,2,-6,2,-7,1,-7,0,0,2,-7,2,-8,2,-8,2,-9,2,-8,3,-8,2,-9,3,-8,3,-9,4,-8,4,-8,5,-7,5,-7,5,-6,5,-7,5,-6,5,-5,5,-5,5,-5,5,-4,5,-3,5,-3,5,-2,5,-2,5,-1,4,-1,0,0,0,0,0,0,0,0,0,0,0,0,0,0,44,-3,39,-2,40,-4,37,-5,34,-3,32,-2,31,-5,30,-6,27,-4,26,-3,23,-5,24,-6,22,-7,20,-7,18,-8,17,-7,14,-9,13,-10,13,-10,10,-10,8,-12,9,-12,6,-14,5,-13,6,-14,5,-15,3,-16,2,-18,1,-19,1,-20,0,-19,-1,-24,3,-21,0,-23,0,-25,2,-25,1,-26,1,-27,3,-26,4,-26,4,-26,9,-24,8,-24,7,-22,8,-20,9,-24,11,-21,10,-19,11,-18,10,-16,12,-16,11,-14,12,-13,14,-10,13,-9,12,-8,10,-6,0,0,0,0,0,0,0,0,0,0,0,0,0,0,0,0,0,0,0,0,0,0,-7,-4,-5,-4,-3,-4,-1,-2,0,-3,1,-2,3,-3,4,-1,4,0,6,1,6,2,8,4,8,8,9,11,9,12,9,13,11,17,8,18,9,19,9,21,8,22,7,26,6,26,8,28,5,27,8,29,3,29,4,31,3,31,4,33,2,29,4,33,1,34,2,30,3,37,5,32,6,32,6,33,4,33,9,36,7,35,10,36,10,36,12,37,9,35,16,39,12,38,12,41,13,40,14,43,13,45,12,43,11,45,11,43,10,49,11,46,10,45,0,0]"
CSI_DATA,315,1a:00:00:00:00:00,-45,11,1,0,1,1,1,0,0,0,1,-96,0,11,2,4388730,0,44,0,384,0,"[0,0,0,0,0,0,0,0,0,0,0,0,-13,4,-12,4,-11,4,-11,3,-10,3,-9,3,-9,4,-8,4,-7,4,-7,3,-6,3,-6,4,-5,3,-5,4,-4,4,-3,5,-3,4,-3,4,-2,4,-1,5,-1,4,0,5,0,5,0,6,0,6,1,7,0,0,1,7,1,7,1,8,1,8,1,8,1,8,1,9,0,9,0,9,-1,9,-1,9,-2,8,-2,8,-2,8,-3,8,-3,7,-3,7,-3,6,-3,6,-3,6,-4,5,-4,5,-4,4,-5,3,-5,3,-5,2,0,0,0,0,0,0,0,0,0,0,0,0,0,0,-71,36,-69,37,-71,42,-61,35,-58,34,-56,32,-53,28,-52,32,-46,26,-47,28,-35,27,-34,29,-31,28,-30,21,-27,28,-20,28,-23,28,-17,25,-14,28,-8,26,-4,32,-6,25,-3,29,3,26,0,30,7,30,11,30,11,33,15,37,19,37,14,33,20,38,18,39,20,40,22,41,20,45,20,45,20,38,14,47,14,47,13,47,6,49,5,49,2,45,5,44,5,46,1,48,-3,41,-1,40,-3,40,-8,36,-6,36,-8,34,-11,30,-14,30,-17,24,-18,20,0,0,0,0,0,0,0,0,0,0,0,0,0,0,0,0,0,0,0,0,0,0,10,1,9,4,10,7,7,6,-1,8,-2,5,-2,6,-9,4,-10,1,-15,-2,-18,1,-21,-7,-22,-11,-23,-10,-27,-16,-27,-21,-34,-21,-26,-27,-31,-33,-31,-33,-32,-37,-31,-41,-34,-40,-32,-45,-26,-53,-34,-51,-24,-52,-29,-57,-24,-56,-30,-65,-24,-49,-30,-62,-28,-60,-32,-56,-33,-62,-31,-55,-34,-56,-35,-61,-37,-59,-40,-58,-40,-61,-45,-61,-48,-60,-45,-61,-50,-59,-60,-55,-52,-58,-59,-60,-53,-64,-55,-70,-59,-69,-60,-65,-57,-75,-56,-68,-57,-76,-60,-78,-52,-83,0,0]"
CSI_DATA,316,1a:00:00:00:00:00,-46,11,1,0,1,1,1,0,0,0,1,-96,0,11,2,4398080,0,44,0,384,0,"[0,0,0,0,0,0,0,0,0,0,0,0,-12,6,-11,5,-11,5,-11,5,-10,5,-9,4,-8,5,-7,5,-7,4,-6,4,-6,5,-5,5,-5,5,-4,5,-4,4,-2,5,-2,5,-2,5,-1,5,-1,5,0,5,0,5,1,5,2,6,2,7,2,6,0,0,3,7,2,8,2,8,3,8,2,8,2,9,2,9,2,9,1,9,1,9,1,9,0,9,0,9,-1,8,-1,8,-1,8,-2,8,-2,7,-2,7,-3,6,-3,6,-3,5,-3,5,-4,5,-4,4,-4,3,0,0,0,0,0,0,0,0,0,0,0,0,0,0,-77,31,-76,27,-71,34,-65,21,-59,33,-57,27,-53,25,-54,26,-46,28,-42,27,-41,24,-35,24,-36,25,-29,22,-24,25,-22,31,-26,28,-17,27,-18,25,-11,27,-11,31,-10,26,-3,26,0,29,1,29,6,30,7,30,13,32,11,35,19,39,13,37,20,39,16,37,15,43,18,45,14,43,15,51,15,46,14,50,9,47,10,48,7,50,4,49,7,50,6,47,-2,50,-4,45,-5,43,-5,42,-9,39,-10,38,-11,34,-15,33,-15,34,-17,30,-18,21,-19,25,0,0,0,0,0,0,0,0,0,0,0,0,0,0,0,0,0,0,0,0,0,0,11,4,8,3,7,8,3,3,1,5,-6,5,-6,0,-10,-1,-19,-4,-14,-5,-15,-11,-23,-10,-22,-14,-23,-14,-22,-23,-26,-24,-30,-28,-26,-30,-26,-34,-26,-41,-24,-44,-23,-46,-24,-51,-27,-48,-26,-52,-28,-54,-28,-54,-21,-61,-21,-58,-24,-61,-22,-57,-25,-63,-23,-65,-23,-63,-22,-63,-20,-62,-27,-59,-33,-61,-31,-57,-34,-60,-38,-62,-39,-65,-41,-65,-41,-65,-44,-61,-49,-62,-44,-64,-48,-68,-50,-69,-50,-70,-54,-73,-55,-74,-53,-83,-47,-75,-52,-81,-51,-81,-45,-82,0,0]"
CSI_DATA,317,1a:00:00:00:00:00,-45,11,1,0,1,1,1,0,0,0,1,-96,0,11,2,4417004,0,44,0,384,0,"[0,0,0,0,0,0,0,0,0,0,0,0,-13,4,-11,4,-11,4,-11,4,-11,3,-9,3,-8,4,-8,4,-7,4,-7,4,-6,4,-6,4,-5,4,-4,5,-4,4,-3,5,-2,4,-2,5,-1,5,-1,5,-1,5,0,6,0,6,1,6,1,7,1,7,0,0,2,7,2,8,2,8,2,8,1,8,1,9,1,9,1,9,1,9,0,9,-1,9,-1,9,-1,8,-2,9,-2,8,-2,8,-3,8,-2,7,-3,7,-3,6,-3,6,-4,6,-4,5,-4,4,-5,3,-4,3,0,0,0,0,0,0,0,0,0,0,0,0,0,0,-78,36,-77,23,-74,33,-61,32,-65,28,-55,24,-54,25,-55,24,-49,24,-43,25,-41,26,-34,24,-32,24,-31,23,-28,23,-23,27,-25,29,-13,26,-16,26,-8,29,-11,28,-8,29,-5,25,2,27,2,27,5,29,11,32,9,33,10,36,15,35,13,39,16,36,14,38,19,43,19,43,16,48,16,49,14,47,14,46,11,50,8,48,7,49,1,49,5,47,0,49,-1,46,-4,46,-4,45,-8,38,-7,40,-10,35,-6,35,-8,32,-16,29,-18,28,-22,24,-24,19,0,0,0,0,0,0,0,0,0,0,0,0,0,0,0,0,0,0,0,0,0,0,8,2,7,4,-1,3,2,4,-2,5,-4,1,-8,1,-11,-1,-12,0,-15,-6,-17,-8,-18,-10,-22,-13,-21,-19,-25,-21,-24,-23,-25,-23,-27,-33,-28,-33,-26,-36,-21,-44,-24,-47,-24,-46,-23,-51,-18,-55,-25,-56,-22,-57,-19,-57,-22,-60,-23,-63,-21,-59,-21,-63,-23,-61,-26,-59,-25,-60,-27,-61,-27,-63,-28,-59,-28,-60,-31,-64,-36,-62,-38,-61,-40,-65,-44,-69,-41,-62,-45,-57,-45,-62,-50,-68,-54,-67,-48,-73,-49,-71,-51,-77,-46,-79,-49,-76,-51,-82,-47,-78,-45,-82,0,0]"
CSI_DATA,318,1a:00:00:00:00:00,-45,11,1,0,1,1,1,0,0,0,1,-96,0,11,2,4436935,0,44,0,384,0,"[0,0,0,0,0,0,0,0,0,0,0,0,-5,10,-4,10,-3,9,-4,9,-3,8,-3,8,-2,8,-2,7,-2,6,-1,6,-1,6,0,6,0,5,1,5,1,4,2,4,2,4,2,4,3,3,3,3,3,3,4,3,4,3,5,3,5,3,6,3,0,0,7,3,7,3,7,3,7,3,7,4,7,4,7,4,7,4,7,4,7,5,6,6,6,6,6,5,5,6,5,6,4,6,4,6,4,6,3,6,3,5,2,6,1,5,1,5,0,5,0,5,-1,4,0,0,0,0,0,0,0,0,0,0,0,0,0,0,-32,69,-36,68,-30,70,-29,64,-23,62,-23,52,-27,52,-19,50,-15,46,-11,49,-10,44,-9,42,-5,39,-3,38,-3,37,3,38,5,33,4,30,3,26,10,26,13,26,14,23,15,20,18,22,21,20,28,18,27,18,31,20,31,19,36,15,38,18,38,22,37,20,43,21,42,24,44,22,46,26,43,25,45,29,45,30,38,32,38,35,36,31,38,31,33,33,34,37,28,38,25,37,23,33,20,35,19,34,14,34,14,31,9,34,2,34,2,28,2,26,0,0,0,0,0,0,0,0,0,0,0,0,0,0,0,0,0,0,0,0,0,0,5,-2,5,-3,7,-1,6,0,1,6,-3,6,-8,1,-8,8,-11,7,-15,6,-20,7,-26,3,-27,5,-26,-3,-31,3,-35,-5,-41,-1,-40,-10,-41,-9,-45,-13,-50,-16,-49,-19,-48,-18,-52,-23,-52,-26,-57,-27,-53,-27,-54,-31,-51,-31,-57,-33,-54,-29,-58,-35,-61,-31,-55,-27,-57,-30,-58,-27,-58,-26,-62,-27,-62,-26,-69,-25,-67,-24,-69,-23,-70,-25,-77,-20,-74,-20,-82,-21,-78,-20,-80,-13,-81,-19,-81,-23,-82,-26,-86,-20,-91,-27,-87,-24,-89,-34,-86,-25,-84,-29,0,0]"
CSI_DATA,319,1a:00:00:00:00:00,-45,11,1,0,1,1,1,0,0,0,1,-96,0,11,2,4447874,0,44,0,384,0,"[0,0,0,0,0,0,0,0,0,0,0,0,11,-5,10,-5,10,-5,10,-5,8,-5,7,-5,7,-5,6,-5,6,-5,5,-5,5,-5,4,-5,4,-5,3,-6,2,-6,1,-7,1,-6,1,-6,0,-6,0,-6,-1,-6,-1,-7,-2,-7,-2,-7,-2,-8,-3,-8,0,0,-3,-9,-3,-9,-3,-10,-3,-10,-3,-9,-2,-10,-3,-10,-2,-10,-2,-11,-1,-11,-1,-10,0,-10,0,-10,0,-10,1,-9,1,-9,1,-9,1,-8,1,-8,2,-8,2,-7,2,-7,3,-6,3,-5,3,-5,3,-4,0,0,0,0,0,0,0,0,0,0,0,0,0,0,78,-32,72,-26,67,-31,63,-31,57,-28,55,-25,52,-24,48,-27,41,-28,42,-19,40,-29,33,-25,34,-28,25,-26,26,-24,21,-29,24,-30,14,-27,16,-24,8,-31,5,-33,5,-28,1,-30,-5,-32,-7,-33,-10,-34,-9,-37,-14,-38,-12,-37,-17,-38,-17,-38,-18,-42,-15,-45,-20,-46,-23,-45,-13,-50,-19,-54,-21,-52,-13,-54,-15,-53,-13,-48,-6,-57,-8,-53,-6,-52,0,-48,-2,-55,3,-50,5,-47,3,-42,5,-39,9,-38,11,-37,11,-34,14,-30,14,-32,20,-30,18,-20,0,0,0,0,0,0,0,0,0,0,0,0,0,0,0,0,0,0,0,0,0,0,-11,-2,-9,-7,-6,-4,-1,-6,-1,-1,4,-5,6,0,9,1,6,4,13,6,16,11,18,12,20,16,20,17,21,23,20,25,26,33,20,34,23,35,23,38,21,43,24,47,20,50,25,53,21,54,23,54,16,56,17,58,14,60,18,62,13,60,15,64,20,60,19,61,24,67,21,61,22,61,27,62,28,62,31,64,29,62,32,67,34,67,34,69,36,64,49,67,39,65,42,67,46,67,42,75,46,78,52,78,44,79,43,78,44,83,43,79,42,84,0,0]"
CSI_DATA,320,1a:00:00:00:00:00,-45,11,1,0,1,1,1,0,0,0,1,-96,0,11,2,4457083,0,44,0,384,0,"[0,0,0,0,0,0,0,0,0,0,0,0,1,11,2,10,2,10,2,9,2,9,2,8,3,8,3,7,3,6,3,6,3,5,3,4,3,4,4,3,4,3,4,3,4,2,4,2,5,1,5,1,5,0,6,0,6,0,7,0,7,-1,7,-1,0,0,8,-2,8,-1,8,-1,8,-1,9,-1,9,-1,9,-1,9,0,9,0,9,1,9,2,8,2,8,3,8,2,7,3,7,3,7,3,6,3,6,3,5,3,5,4,4,4,4,4,3,4,2,4,2,4,0,0,0,0,0,0,0,0,0,0,0,0,0,0,5,76,4,72,11,66,3,66,5,64,3,59,9,54,10,53,9,49,10,44,13,44,14,39,16,38,15,32,15,30,21,29,18,24,19,21,22,22,23,19,29,19,25,16,29,10,28,5,29,5,35,4,35,5,40,0,40,2,40,-3,42,0,48,-1,47,0,50,-1,51,-3,54,3,53,2,51,4,54,5,51,10,53,5,50,12,47,16,51,13,46,16,43,21,44,22,42,20,40,23,33,21,31,24,30,25,25,24,25,27,21,25,16,30,10,26,0,0,0,0,0,0,0,0,0,0,0,0,0,0,0,0,0,0,0,0,0,0,1,-6,5,-7,1,-5,3,-3,0,0,2,0,-2,6,-6,7,-8,8,-11,11,-17,12,-16,14,-23,17,-29,14,-27,17,-31,15,-37,16,-43,15,-42,13,-44,13,-44,12,-54,11,-51,8,-54,13,-59,6,-59,6,-58,4,-60,-1,-60,-2,-62,6,-56,-2,-68,3,-65,-1,-63,4,-62,2,-67,1,-69,6,-65,8,-68,13,-73,14,-71,9,-68,14,-70,18,-74,19,-71,20,-70,21,-76,21,-75,24,-79,22,-82,23,-81,23,-89,24,-89,20,-85,18,-91,20,-88,19,-85,11,0,0]"
CSI_DATA,321,1a:00:00:00:00:00,-45,11,1,0,1,1,1,0,0,0,1,-96,0,11,2,4466931,0,44,0,384,0,"[0,0,0,0,0,0,0,0,0,0,0,0,-11,-7,-11,-7,-10,-6,-10,-6,-9,-5,-9,-5,-9,-3,-8,-4,-8,-3,-7,-2,-7,-2,-7,-1,-7,-1,-7,0,-6,0,-6,1,-6,2,-6,2,-6,3,-5,3,-5,3,-5,4,-5,4,-5,5,-6,5,-5,6,0,0,-6,6,-6,7,-6,7,-6,7,-7,7,-8,7,-7,7,-7,7,-8,7,-8,6,-9,6,-8,5,-8,5,-8,4,-8,4,-9,4,-9,3,-8,3,-8,2,-7,2,-8,1,-7,1,-7,0,-7,0,-6,-1,-6,-2,0,0,0,0,0,0,0,0,0,0,0,0,0,0,-70,-45,-65,-46,-64,-35,-59,-36,-55,-39,-51,-33,-48,-27,-50,-27,-46,-23,-45,-21,-46,-18,-40,-14,-41,-9,-38,-8,-35,-5,-37,-2,-36,-3,-31,4,-25,4,-28,8,-32,13,-27,10,-24,14,-30,19,-22,24,-24,21,-22,24,-23,33,-26,29,-25,31,-27,34,-25,34,-29,38,-29,43,-31,44,-34,38,-36,42,-33,42,-40,39,-40,36,-40,38,-45,35,-43,34,-43,31,-43,29,-44,29,-46,21,-42,22,-41,16,-39,14,-39,13,-38,9,-37,10,-36,3,-33,0,-34,-3,-29,-7,0,0,0,0,0,0,0,0,0,0,0,0,0,0,0,0,0,0,0,0,0,0,3,10,3,5,-1,2,-1,4,-1,-2,-2,1,-4,-7,-3,-9,-1,-10,-3,-16,2,-16,2,-21,0,-29,3,-33,2,-33,9,-34,10,-34,13,-38,12,-41,18,-40,22,-41,26,-48,24,-46,27,-49,32,-50,29,-52,35,-44,34,-48,40,-48,35,-52,36,-47,39,-54,41,-52,35,-52,40,-53,40,-54,34,-57,33,-61,35,-58,35,-68,38,-65,33,-67,30,-69,30,-72,26,-71,29,-78,30,-74,27,-79,30,-83,34,-80,34,-79,32,-86,40,-86,39,-78,42,-86,36,-83,41,-81,0,0]"
CSI_DATA,322,1a:00:00:00:00:00,-45,11,1,0,1,1,1,0,0,0,1,-96,0,11,2,4477150,0,44,0,384,0,"[0,0,0,0,0,0,0,0,0,0,0,0,-1,-13,-2,-12,-2,-11,-2,-11,-2,-10,-2,-9,-3,-9,-3,-8,-3,-8,-4,-7,-3,-7,-4,-6,-4,-6,-5,-5,-4,-4,-5,-4,-5,-3,-5,-3,-6,-2,-6,-2,-6,-2,-7,-1,-7,-1,-8,-1,-8,0,-8,0,0,0,-9,0,-10,0,-10,0,-10,0,-10,-1,-10,-1,-11,-1,-11,-1,-11,-2,-10,-2,-10,-3,-10,-3,-10,-3,-9,-4,-9,-4,-8,-4,-8,-4,-8,-4,-7,-5,-7,-5,-6,-5,-5,-5,-5,-5,-4,-5,-4,-5,-3,-5,0,0,0,0,0,0,0,0,0,0,0,0,0,0,8,-39,7,-39,4,-35,5,-32,3,-34,3,-29,4,-30,1,-28,1,-24,-1,-23,-2,-25,-4,-21,-3,-21,-6,-18,-5,-18,-8,-16,-9,-15,-9,-15,-8,-11,-11,-12,-13,-11,-11,-10,-14,-7,-14,-6,-15,-6,-16,-7,-17,-6,-20,-4,-20,-4,-20,-4,-23,-3,-24,-5,-23,-5,-24,-3,-25,-5,-25,-6,-25,-5,-25,-6,-28,-6,-25,-8,-26,-8,-24,-10,-25,-11,-25,-10,-22,-12,-23,-13,-22,-13,-21,-14,-18,-13,-13,-15,-16,-13,-13,-16,-12,-15,-10,-16,-8,-15,-7,-15,-4,-15,0,0,0,0,0,0,0,0,0,0,0,0,0,0,0,0,0,0,0,0,0,0,-3,3,-3,2,-2,2,-2,1,0,0,0,-2,2,-1,3,-3,5,-3,5,-4,8,-4,10,-3,12,-5,13,-2,13,-2,17,-2,19,-2,18,0,18,0,22,1,23,2,24,4,25,3,26,3,27,6,28,5,29,8,27,9,26,9,30,8,28,7,31,9,29,9,30,8,30,8,32,6,31,8,31,5,33,5,35,4,33,3,36,2,36,3,38,1,37,1,36,0,38,-1,40,-1,41,1,43,2,40,2,43,-3,46,0,44,2,46,0,46,0,44,3,0,0]"
CSI_DATA,323,1a:00:00:00:00:00,-45,11,1,0,1,1,1,0,0,0,1,-96,0,11,2,4486974,0,44,0,384,0,"[0,0,0,0,0,0,0,0,0,0,0,0,11,-2,11,-2,10,-3,10,-2,9,-2,8,-2,7,-3,7,-3,6,-3,6,-4,5,-4,5,-4,4,-4,4,-4,3,-5,3,-5,2,-5,2,-5,1,-6,1,-6,1,-6,0,-7,0,-7,0,-8,0,-8,-1,-8,0,0,-1,-9,0,-10,-1,-11,-1,-10,0,-10,0,-11,0,-10,1,-10,1,-11,1,-10,2,-11,2,-10,3,-10,2,-9,3,-8,3,-9,3,-8,4,-8,4,-8,4,-7,4,-6,4,-5,4,-5,4,-4,5,-4,4,-3,0,0,0,0,0,0,0,0,0,0,0,0,0,0,39,2,37,2,40,-1,33,-2,33,-2,30,1,27,-4,26,-1,25,-2,24,-4,21,-7,18,-5,18,-7,17,-8,17,-6,14,-10,14,-11,11,-10,10,-11,9,-11,9,-14,7,-14,7,-15,5,-16,3,-16,3,-17,0,-19,2,-22,0,-20,-2,-23,1,-23,-1,-24,-1,-24,-1,-27,0,-26,1,-28,1,-29,0,-28,5,-29,3,-28,5,-30,6,-27,5,-26,7,-26,8,-24,8,-24,10,-24,10,-23,11,-20,8,-19,12,-18,11,-17,11,-17,12,-13,13,-12,14,-8,13,-8,0,0,0,0,0,0,0,0,0,0,0,0,0,0,0,0,0,0,0,0,0,0,-4,-2,-3,-3,0,-3,0,-1,-2,-2,1,-1,1,2,2,2,4,3,4,5,3,8,2,9,5,12,4,14,2,13,3,15,3,19,0,17,1,20,0,21,-1,22,-2,25,-2,27,-1,26,-4,28,-2,29,-6,28,-5,29,-6,29,-6,34,-6,29,-7,31,-7,33,-5,30,-4,32,-5,32,-4,33,-3,33,-3,32,-1,35,0,34,0,35,1,38,3,37,2,38,6,42,5,39,6,39,6,41,5,44,4,42,3,44,6,47,4,43,1,47,5,47,2,43,0,0]"
CSI_DATA,324,1a:00:00:00:00:00,-45,11,1,0,1,1,1,0,0,0,1,-96,0,11,2,4497129,0,44,0,384,0,"[0,0,0,0,0,0,0,0,0,0,0,0,3,-12,3,-11,2,-10,2,-10,2,-9,2,-9,1,-9,0,-8,0,-8,-1,-7,-1,-7,-2,-7,-2,-6,-2,-6,-3,-6,-3,-5,-4,-5,-4,-5,-4,-4,-5,-4,-5,-4,-6,-4,-6,-4,-7,-4,-8,-4,-8,-4,0,0,-8,-4,-8,-4,-9,-4,-9,-4,-9,-5,-9,-5,-9,-5,-9,-5,-9,-6,-9,-6,-9,-7,-8,-7,-7,-7,-7,-7,-6,-7,-6,-7,-6,-7,-5,-7,-5,-7,-4,-7,-3,-7,-3,-7,-3,-7,-2,-6,-1,-6,-1,-6,0,0,0,0,0,0,0,0,0,0,0,0,0,0,17,-35,18,-32,10,-33,10,-32,10,-30,9,-27,8,-25,8,-26,8,-23,4,-23,2,-23,1,-22,0,-22,2,-20,-2,-19,-3,-17,-6,-16,-5,-15,-7,-16,-9,-14,-11,-13,-11,-12,-11,-10,-13,-7,-14,-10,-14,-11,-17,-9,-19,-8,-18,-9,-22,-9,-22,-7,-24,-8,-24,-10,-24,-9,-25,-8,-25,-10,-26,-10,-25,-13,-24,-14,-24,-15,-23,-15,-24,-17,-22,-17,-19,-18,-21,-17,-20,-18,-19,-19,-17,-17,-15,-17,-13,-18,-14,-18,-12,-17,-10,-19,-8,-18,-6,-17,-5,-16,-2,-15,0,0,0,0,0,0,0,0,0,0,0,0,0,0,0,0,0,0,0,0,0,0,-4,2,-4,0,-4,1,-2,-2,-1,-1,0,-1,2,-1,3,-1,4,-2,6,-2,7,-2,10,-1,11,1,13,1,13,2,16,4,18,5,17,6,18,7,19,7,20,10,22,10,22,12,24,13,23,14,25,13,24,16,25,15,25,16,28,16,26,16,25,17,26,16,27,15,27,16,27,14,29,15,30,13,30,14,30,14,30,13,36,12,35,12,34,10,34,10,40,6,39,10,38,11,39,11,40,12,39,11,43,12,42,13,40,13,45,15,42,13,40,14,0,0]"
CSI_DATA,325,1a:00:00:00:00:00,-45,11,1,0,1,1,1,0,0,0,1,-96,0,11,2,4507072,0,44,0,384,0,"[0,0,0,0,0,0,0,0,0,0,0,0,-9,-9,-9,-8,-9,-7,-9,-7,-8,-6,-7,-6,-8,-5,-7,-4,-7,-4,-7,-3,-7,-3,-7,-2,-7,-1,-6,-1,-6,-1,-6,0,-6,1,-6,1,-6,2,-6,2,-6,2,-6,3,-6,3,-6,4,-7,5,-6,5,0,0,-6,6,-7,6,-8,6,-7,6,-8,6,-8,6,-8,6,-9,5,-9,5,-9,5,-9,5,-9,4,-9,4,-10,4,-9,3,-9,3,-9,2,-8,2,-8,1,-8,1,-8,0,-7,0,-7,-1,-7,-1,-6,-2,-6,-2,0,0,0,0,0,0,0,0,0,0,0,0,0,0,-52,-63,-49,-51,-54,-50,-50,-48,-49,-39,-42,-38,-44,-36,-43,-36,-39,-29,-40,-34,-41,-24,-37,-22,-38,-18,-34,-17,-35,-9,-32,-7,-39,-5,-35,2,-31,0,-31,2,-34,5,-31,8,-27,14,-29,16,-28,19,-29,23,-29,23,-28,28,-31,28,-27,35,-32,34,-33,38,-33,28,-37,36,-36,36,-40,37,-39,35,-39,38,-43,34,-43,34,-45,32,-43,29,-47,27,-47,29,-44,21,-47,20,-46,19,-47,19,-44,13,-41,10,-43,10,-44,9,-37,5,-37,0,-34,-4,-33,-5,-30,-8,0,0,0,0,0,0,0,0,0,0,0,0,0,0,0,0,0,0,0,0,0,0,0,11,-3,8,2,4,1,4,-1,1,0,-3,2,-4,-1,-7,1,-12,3,-17,4,-16,2,-19,9,-25,13,-26,15,-26,21,-27,21,-31,29,-28,27,-32,32,-30,32,-32,39,-35,38,-31,40,-34,42,-34,41,-39,45,-36,48,-38,49,-32,55,-38,50,-34,54,-39,50,-37,48,-38,55,-40,52,-40,49,-42,51,-44,50,-46,50,-52,52,-50,49,-54,51,-57,53,-61,45,-55,45,-66,47,-60,51,-66,52,-65,52,-69,53,-68,54,-77,61,-70,56,-69,55,-73,56,-74,61,-66,0,0]"
CSI_DATA,326,1a:00:00:00:00:00,-45,11,1,0,1,1,1,0,0,0,1,-96,0,11,2,4516906,0,44,0,384,0,"[0,0,0,0,0,0,0,0,0,0,0,0,11,-4,10,-5,9,-5,9,-5,8,-5,7,-4,7,-5,6,-4,5,-5,5,-5,5,-5,4,-5,3,-5,3,-5,3,-5,2,-6,1,-6,0,-6,0,-6,0,-6,0,-7,-2,-7,-1,-7,-2,-8,-2,-8,-3,-8,0,0,-3,-9,-3,-10,-3,-10,-3,-10,-2,-10,-2,-10,-2,-11,-2,-11,-2,-10,-1,-11,-1,-11,0,-10,0,-10,1,-10,1,-9,1,-9,2,-9,2,-8,2,-8,2,-7,3,-7,3,-6,3,-6,3,-6,4,-5,4,-4,0,0,0,0,0,0,0,0,0,0,0,0,0,0,77,-21,72,-18,68,-22,63,-23,63,-24,57,-16,53,-18,49,-19,47,-26,40,-20,38,-25,35,-25,32,-24,30,-23,22,-23,19,-27,20,-29,20,-29,11,-28,13,-31,8,-32,8,-33,0,-33,0,-34,-5,-34,-5,-38,-10,-35,-14,-41,-11,-40,-17,-45,-12,-44,-20,-45,-19,-48,-15,-52,-19,-53,-13,-52,-18,-55,-14,-54,-10,-60,-12,-57,-10,-57,-5,-53,-5,-54,-3,-57,-2,-52,0,-52,3,-49,5,-51,8,-45,5,-45,12,-42,13,-41,11,-40,15,-32,19,-30,18,-25,20,-23,0,0,0,0,0,0,0,0,0,0,0,0,0,0,0,0,0,0,0,0,0,0,-8,-5,-7,-4,-5,-4,-3,-3,-1,-3,4,-1,3,4,4,4,7,6,6,9,7,14,10,15,14,19,11,24,10,24,11,32,15,34,14,32,13,36,9,39,12,45,11,47,7,51,7,55,4,53,9,57,4,59,6,58,0,61,6,59,1,57,4,62,5,61,8,61,6,63,13,62,11,63,13,63,12,63,20,70,23,67,24,69,23,68,28,72,24,68,29,71,29,77,35,74,32,78,32,76,35,81,37,81,32,87,28,80,35,89,33,84,32,89,0,0]"
CSI_DATA,327,1a:00:00:00:00:00,-45,11,1,0,1,1,1,0,0,0,1,-96,0,11,2,4528184,0,44,0,384,0,"[0,0,0,0,0,0,0,0,0,0,0,0,4,11,4,10,4,9,4,9,3,8,4,7,4,7,4,6,4,5,5,4,4,4,5,3,5,3,5,2,5,2,5,1,5,1,5,1,5,0,6,0,6,-1,6,-2,6,-2,7,-3,7,-3,7,-3,0,0,8,-3,9,-3,9,-4,9,-4,9,-3,9,-3,10,-3,9,-2,10,-2,10,-1,10,-1,9,0,9,0,9,0,8,1,9,1,8,1,7,1,7,2,6,2,6,3,6,3,5,3,5,3,4,4,3,3,0,0,0,0,0,0,0,0,0,0,0,0,0,0,9,80,9,68,15,71,12,62,12,64,11,56,5,49,12,52,16,40,14,49,20,38,24,37,18,35,19,30,17,31,23,25,26,22,25,17,23,16,25,15,31,10,28,8,31,4,32,3,34,2,36,-1,36,-4,38,-6,40,-4,44,-8,43,-6,50,-6,47,-7,54,-6,49,-6,52,-6,53,-8,56,-8,58,-2,57,3,54,1,54,7,52,5,53,7,51,9,46,9,48,17,44,16,42,18,37,18,36,19,35,22,32,22,28,22,25,25,24,25,17,26,0,0,0,0,0,0,0,0,0,0,0,0,0,0,0,0,0,0,0,0,0,0,1,-13,3,-6,3,-5,6,-3,2,-2,-2,1,-2,3,-6,6,-6,5,-9,11,-13,10,-17,13,-16,10,-23,11,-27,12,-29,10,-31,14,-35,10,-39,12,-40,10,-43,8,-51,11,-49,7,-56,7,-55,6,-55,7,-55,3,-59,4,-60,-2,-66,3,-55,2,-66,1,-63,2,-61,7,-65,8,-63,9,-60,8,-64,12,-62,15,-71,14,-67,13,-69,18,-74,19,-72,21,-71,22,-74,21,-73,23,-73,28,-76,26,-79,28,-83,27,-85,28,-90,24,-85,22,-89,22,-88,22,-85,17,0,0]"
CSI_DATA,328,1a:00:00:00:00:00,-45,11,1,0,1,1,1,0,0,0,1,-96,0,11,2,4537838,0,44,0,384,0,"[0,0,0,0,0,0,0,0,0,0,0,0,-9,-10,-9,-9,-8,-8,-8,-8,-7,-7,-7,-6,-7,-6,-7,-5,-7,-5,-7,-3,-7,-3,-7,-3,-7,-2,-6,-2,-7,-1,-7,0,-6,0,-6,0,-6,1,-6,2,-6,2,-6,3,-7,3,-7,4,-7,4,-7,4,0,0,-8,5,-9,5,-8,5,-9,6,-9,5,-9,5,-10,5,-9,5,-10,4,-10,4,-10,3,-10,2,-10,2,-10,2,-10,1,-10,1,-9,1,-9,0,-9,0,-8,-1,-8,-2,-8,-2,-7,-2,-7,-3,-6,-3,-5,-3,0,0,0,0,0,0,0,0,0,0,0,0,0,0,-50,-63,-46,-59,-51,-53,-50,-48,-46,-47,-40,-44,-39,-36,-43,-40,-42,-37,-35,-29,-36,-27,-36,-21,-37,-18,-36,-15,-34,-16,-34,-7,-36,-7,-33,0,-32,-1,-31,5,-35,4,-28,4,-31,10,-29,11,-30,18,-34,19,-30,19,-34,26,-35,24,-34,28,-33,30,-37,35,-38,33,-39,34,-39,38,-43,34,-43,34,-47,38,-47,34,-46,28,-47,30,-50,24,-52,23,-52,26,-46,19,-49,17,-53,14,-49,15,-45,7,-44,7,-40,8,-45,2,-38,2,-38,1,-36,-4,-33,-11,-29,-12,0,0,0,0,0,0,0,0,0,0,0,0,0,0,0,0,0,0,0,0,0,0,-2,9,1,7,-3,6,-2,3,-3,0,-1,-3,0,0,2,-8,2,-11,3,-13,7,-17,10,-19,9,-23,11,-21,13,-22,17,-26,22,-31,24,-29,24,-32,30,-32,35,-33,37,-34,37,-29,40,-35,42,-33,46,-38,46,-29,47,-34,44,-33,52,-35,47,-29,57,-37,52,-35,49,-40,50,-35,48,-44,50,-39,46,-49,50,-45,51,-53,50,-51,52,-53,54,-54,50,-59,50,-57,45,-62,51,-60,52,-65,53,-67,54,-66,53,-69,57,-73,66,-70,55,-63,60,-68,60,-71,65,-60,0,0]"
CSI_DATA,329,1a:00:00:00:00:00,-45,11,1,0,1,1,1,0,0,0,1,-96,0,11,2,4546939,0,44,0,384,0,"[0,0,0,0,0,0,0,0,0,0,0,0,-10,7,-9,7,-8,7,-8,6,-7,6,-7,6,-6,6,-5,5,-5,6,-4,5,-4,5,-3,5,-3,5,-2,5,-2,5,-1,5,0,5,0,5,1,5,2,5,2,5,2,5,3,5,3,6,4,6,4,6,0,0,4,7,4,7,5,7,5,8,4,7,4,8,4,8,4,8,4,9,3,9,3,9,2,9,2,8,2,8,1,8,1,8,1,8,0,7,0,7,0,7,-1,7,-2,6,-2,6,-3,6,-3,5,-3,4,0,0,0,0,0,0,0,0,0,0,0,0,0,0,-60,52,-61,45,-57,51,-48,43,-47,44,-43,42,-40,35,-41,40,-32,40,-32,39,-28,38,-19,35,-23,37,-16,34,-14,34,-4,32,-8,34,-4,30,1,32,2,31,8,36,5,32,11,31,14,31,13,31,20,28,23,29,26,31,29,31,35,33,34,32,37,36,31,34,37,40,39,35,35,42,31,41,33,44,28,43,30,46,29,46,28,48,23,50,25,47,19,46,20,46,14,47,12,45,8,42,7,42,8,42,2,41,0,40,0,37,-6,33,-7,31,-14,28,0,0,0,0,0,0,0,0,0,0,0,0,0,0,0,0,0,0,0,0,0,0,9,2,13,1,8,0,4,0,0,3,-5,2,-5,-1,-7,-2,-13,0,-12,-2,-16,-5,-18,-7,-17,-7,-24,-16,-22,-16,-21,-20,-28,-24,-26,-27,-30,-23,-28,-25,-25,-32,-34,-39,-31,-35,-29,-37,-34,-42,-32,-41,-32,-49,-31,-50,-31,-51,-34,-53,-29,-46,-37,-55,-34,-59,-33,-55,-36,-51,-37,-54,-40,-48,-45,-50,-41,-48,-50,-51,-47,-52,-52,-53,-51,-54,-55,-53,-54,-54,-63,-55,-62,-51,-63,-52,-60,-55,-62,-54,-62,-57,-69,-57,-70,-62,-61,-58,-70,-63,-65,-61,-58,-66,0,0]"
CSI_DATA,330,1a:00:00:00:00:00,-45,11,1,0,1,1,1,0,0,0,1,-96,0,11,2,4556918,0,44,0,384,0,"[0,0,0,0,0,0,0,0,0,0,0,0,-11,7,-10,7,-9,7,-9,6,-8,6,-7,6,-6,6,-5,5,-5,6,-4,5,-4,6,-3,6,-3,6,-2,6,-2,5,-1,6,0,5,0,6,1,5,2,6,2,5,3,6,3,6,4,6,4,7,4,6,0,0,5,7,5,7,5,7,5,8,5,8,5,8,5,8,5,8,5,9,4,9,4,9,3,9,3,9,2,9,2,9,1,9,1,8,0,8,0,8,0,7,-1,7,-1,7,-2,6,-2,6,-3,5,-3,5,0,0,0,0,0,0,0,0,0,0,0,0,0,0,-73,26,-72,27,-64,30,-61,28,-54,28,-55,27,-48,22,-53,26,-43,28,-36,28,-34,31,-31,20,-27,28,-23,26,-21,27,-15,26,-18,30,-12,29,-14,27,-7,28,-1,36,-3,28,4,31,5,29,6,34,11,37,11,33,13,37,17,37,21,41,20,36,25,42,20,43,25,43,22,42,24,52,18,46,19,48,17,51,21,53,18,49,12,51,11,54,10,57,5,50,5,51,4,51,0,49,-2,43,-4,43,-4,43,-4,40,-9,36,-12,37,-12,33,-14,29,-20,27,0,0,0,0,0,0,0,0,0,0,0,0,0,0,0,0,0,0,0,0,0,0,10,3,10,1,9,1,6,2,2,2,-1,1,-4,-3,-6,-6,-8,-6,-11,-8,-13,-13,-16,-13,-16,-16,-12,-19,-15,-23,-19,-25,-22,-32,-20,-32,-15,-36,-16,-34,-13,-43,-15,-47,-16,-48,-16,-50,-12,-54,-19,-56,-16,-55,-18,-56,-11,-56,-13,-60,-16,-54,-15,-64,-13,-61,-17,-60,-16,-64,-20,-65,-22,-54,-25,-63,-30,-61,-29,-64,-32,-67,-34,-66,-35,-68,-38,-64,-36,-67,-40,-62,-40,-67,-42,-70,-42,-72,-41,-76,-45,-74,-47,-75,-46,-82,-43,-76,-45,-80,-41,-81,-40,-80,0,0]"
CSI_DATA,331,1a:00:00:00:00:00,-45,11,1,0,1,1,1,0,0,0,1,-96,0,11,2,4566936,0,44,0,384,0,"[0,0,0,0,0,0,0,0,0,0,0,0,-11,-6,-11,-6,-11,-4,-11,-5,-10,-4,-9,-4,-9,-3,-8,-2,-8,-2,-8,-1,-8,-1,-7,0,-7,0,-7,1,-6,1,-6,2,-6,2,-5,3,-5,3,-5,3,-5,4,-5,5,-5,5,-5,6,-5,6,-5,7,0,0,-5,8,-5,7,-6,8,-6,8,-6,8,-6,8,-7,9,-7,8,-7,7,-8,7,-8,7,-8,6,-8,6,-8,5,-8,5,-9,4,-8,4,-8,4,-8,3,-8,3,-7,2,-7,1,-7,1,-7,0,-7,-1,-6,-1,0,0,0,0,0,0,0,0,0,0,0,0,0,0,-34,-19,-32,-20,-33,-15,-31,-16,-27,-16,-27,-14,-26,-13,-26,-12,-24,-9,-22,-8,-21,-6,-20,-3,-21,-4,-19,-2,-19,-4,-17,-1,-19,0,-18,3,-16,4,-15,5,-15,9,-13,6,-11,10,-12,12,-13,12,-14,12,-12,14,-12,16,-12,16,-12,19,-13,18,-15,19,-15,19,-14,20,-14,19,-17,20,-18,20,-17,22,-19,21,-20,19,-19,19,-20,18,-21,18,-22,15,-21,12,-23,13,-22,10,-20,11,-20,8,-21,7,-21,8,-21,5,-20,5,-19,3,-18,2,-17,-2,-16,-4,0,0,0,0,0,0,0,0,0,0,0,0,0,0,0,0,0,0,0,0,0,0,3,3,1,3,2,3,0,1,-2,-1,0,-1,-2,-2,-3,-4,-3,-5,-4,-6,-2,-7,-2,-8,-3,-11,-1,-13,1,-15,2,-15,1,-18,4,-15,5,-20,5,-21,7,-22,9,-23,7,-22,10,-23,9,-25,11,-25,13,-24,13,-26,13,-26,16,-29,15,-24,16,-27,16,-27,15,-27,15,-28,14,-31,14,-27,14,-30,13,-31,12,-33,12,-33,12,-36,12,-35,12,-37,10,-34,13,-37,11,-39,9,-37,11,-40,12,-41,13,-41,13,-44,17,-45,12,-40,17,-46,13,-43,14,-42,0,0]"
CSI_DATA,332,1a:00:00:00:00:00,-45,11,1,0,1,1,1,0,0,0,1,-96,0,11,2,4586960,0,44,0,384,0,"[0,0,0,0,0,0,0,0,0,0,0,0,8,-8,8,-8,7,-8,7,-7,6,-7,5,-7,5,-7,4,-7,4,-7,3,-6,2,-6,2,-7,1,-6,1,-6,0,-6,0,-6,-1,-6,-1,-6,-2,-6,-2,-6,-3,-6,-3,-6,-3,-6,-4,-6,-5,-7,-5,-7,0,0,-6,-7,-5,-8,-6,-8,-6,-8,-5,-8,-5,-9,-6,-9,-5,-9,-5,-9,-4,-9,-4,-9,-4,-9,-3,-9,-3,-9,-2,-9,-2,-9,-2,-8,-1,-8,-1,-8,-1,-8,0,-7,1,-7,1,-7,1,-6,2,-6,2,-5,0,0,0,0,0,0,0,0,0,0,0,0,0,0,72,-23,78,-25,65,-24,61,-27,60,-29,55,-23,52,-25,46,-21,44,-26,40,-24,36,-29,34,-25,33,-29,27,-28,23,-26,20,-28,20,-33,13,-33,12,-29,8,-34,0,-34,3,-31,-4,-30,-1,-32,-5,-31,-7,-40,-14,-36,-13,-35,-14,-38,-20,-44,-20,-40,-20,-43,-20,-47,-15,-45,-22,-50,-17,-52,-17,-52,-19,-55,-15,-54,-14,-57,-12,-55,-10,-56,-7,-55,-3,-58,-4,-49,1,-56,2,-45,3,-50,3,-40,5,-41,7,-41,11,-39,12,-38,16,-36,16,-29,19,-29,18,-24,0,0,0,0,0,0,0,0,0,0,0,0,0,0,0,0,0,0,0,0,0,0,-12,-4,-8,-3,-7,-5,-4,-4,-4,-6,-1,-1,4,-1,5,1,10,7,9,7,12,7,10,13,18,14,17,18,12,21,15,27,17,27,16,33,20,33,19,38,13,35,19,45,16,48,14,51,14,53,15,52,10,56,13,55,11,60,12,57,11,61,12,60,12,63,16,60,15,64,18,66,20,66,22,60,24,65,28,66,25,63,34,68,27,64,35,75,34,63,32,69,34,70,38,67,36,71,39,79,39,75,42,82,39,80,39,77,39,84,39,78,35,84,0,0]"
CSI_DATA,333,1a:00:00:00:00:00,-45,11,1,0,1,1,1,0,0,0,1,-96,0,11,2,4596893,0,44,0,384,0,"[0,0,0,0,0,0,0,0,0,0,0,0,-6,-11,-6,-10,-6,-9,-6,-9,-6,-8,-5,-8,-6,-7,-5,-6,-5,-6,-5,-5,-6,-5,-6,-4,-6,-4,-6,-3,-6,-3,-6,-2,-6,-1,-6,-1,-6,0,-6,0,-6,0,-7,1,-7,1,-7,2,-8,2,-8,2,0,0,-8,2,-9,2,-9,2,-9,3,-9,2,-10,2,-10,2,-9,2,-10,2,-10,1,-10,1,-9,0,-9,0,-10,-1,-9,-1,-9,-2,-8,-2,-8,-2,-8,-3,-7,-2,-7,-3,-6,-3,-6,-4,-5,-4,-5,-4,-4,-4,0,0,0,0,0,0,0,0,0,0,0,0,0,0,-29,-77,-23,-76,-29,-61,-23,-64,-29,-62,-21,-57,-28,-55,-27,-50,-25,-44,-21,-41,-26,-38,-26,-37,-28,-29,-27,-28,-29,-29,-30,-23,-31,-20,-29,-17,-27,-12,-29,-11,-33,-7,-33,-7,-30,1,-34,1,-36,4,-38,5,-36,8,-39,13,-40,13,-41,14,-39,8,-44,14,-48,17,-48,16,-48,17,-54,16,-50,13,-52,16,-57,13,-51,7,-56,9,-55,2,-57,1,-54,1,-51,-4,-50,-3,-47,-6,-49,-3,-41,-9,-45,-5,-40,-10,-36,-12,-35,-13,-36,-19,-30,-19,-24,-19,-22,-23,0,0,0,0,0,0,0,0,0,0,0,0,0,0,0,0,0,0,0,0,0,0,-4,11,-6,5,-5,7,-4,1,-3,0,-5,-2,-5,-6,-1,-4,2,-9,4,-10,9,-13,10,-12,14,-15,18,-18,20,-17,24,-18,26,-19,32,-18,31,-17,38,-22,40,-17,45,-21,45,-18,49,-19,52,-18,52,-16,55,-11,50,-14,57,-13,54,-17,58,-15,58,-16,61,-16,57,-18,60,-18,61,-19,62,-21,60,-21,64,-23,67,-29,65,-32,67,-36,65,-28,73,-37,62,-36,69,-39,68,-36,69,-44,68,-43,79,-43,76,-40,77,-44,82,-43,77,-41,80,-42,77,-43,82,-43,0,0]"
CSI_DATA,334,1a:00:00:00:00:00,-45,11,1,0,1,1,1,0,0,0,1,-96,0,11,2,4606934,0,44,0,384,0,"[0,0,0,0,0,0,0,0,0,0,0,0,11,-5,10,-5,9,-5,9,-5,8,-5,7,-5,6,-5,6,-5,5,-5,5,-5,4,-5,4,-6,3,-5,2,-6,2,-5,2,-6,1,-6,1,-6,0,-6,-1,-6,-1,-6,-1,-7,-2,-7,-2,-7,-2,-8,-3,-8,0,0,-3,-8,-3,-9,-3,-9,-3,-9,-3,-9,-2,-10,-2,-10,-2,-9,-2,-10,-1,-10,-1,-10,-1,-9,0,-9,0,-9,1,-9,1,-9,1,-8,1,-8,2,-7,2,-7,2,-7,2,-6,3,-6,3,-5,3,-4,3,-4,0,0,0,0,0,0,0,0,0,0,0,0,0,0,71,-39,69,-30,66,-38,56,-30,56,-35,54,-30,49,-29,49,-31,43,-30,38,-30,30,-34,29,-31,28,-32,26,-32,22,-30,16,-31,18,-32,12,-32,4,-31,6,-32,1,-34,2,-31,-6,-30,-6,-32,-10,-31,-11,-34,-14,-35,-15,-35,-16,-36,-22,-40,-26,-39,-26,-40,-20,-44,-25,-46,-25,-44,-25,-49,-25,-49,-25,-47,-19,-50,-20,-50,-17,-48,-14,-54,-11,-50,-12,-52,-9,-54,-6,-48,-3,-50,1,-44,-2,-45,-3,-42,1,-41,5,-41,11,-38,9,-35,17,-32,15,-31,16,-24,0,0,0,0,0,0,0,0,0,0,0,0,0,0,0,0,0,0,0,0,0,0,-12,-3,-11,-4,-5,-5,-7,-3,-3,-1,2,-2,5,0,5,3,7,4,8,7,12,10,13,11,14,12,15,17,18,18,20,23,23,30,20,29,18,33,17,36,18,41,23,42,22,45,22,49,22,49,24,52,16,52,20,55,13,54,21,57,17,55,18,59,19,59,21,55,25,61,23,61,23,57,28,58,30,61,35,62,30,65,38,62,37,63,42,66,42,63,46,57,44,62,49,63,48,70,51,74,50,72,50,69,49,76,45,76,49,79,47,74,44,74,0,0]"
CSI_DATA,335,1a:00:00:00:00:00,-45,11,1,0,1,1,1,0,0,0,1,-96,0,11,2,4616935,0,44,0,384,0,"[0,0,0,0,0,0,0,0,0,0,0,0,11,2,11,1,10,1,10,1,9,0,8,0,8,0,7,-1,7,-1,6,-1,6,-2,6,-2,5,-3,5,-3,5,-3,4,-4,4,-4,4,-4,3,-4,3,-5,3,-5,2,-6,3,-6,2,-7,2,-7,2,-8,0,0,3,-8,3,-8,3,-9,3,-9,4,-8,4,-9,4,-9,4,-9,4,-9,5,-8,5,-8,6,-7,5,-7,6,-7,6,-6,6,-6,6,-5,6,-5,6,-4,6,-4,6,-3,5,-2,5,-2,5,-2,5,-1,4,0,0,0,0,0,0,0,0,0,0,0,0,0,0,0,35,18,34,17,33,14,29,14,29,13,25,11,25,11,26,9,25,7,22,7,22,6,19,4,20,3,19,1,17,2,18,-3,17,-3,16,-4,15,-5,14,-5,13,-9,13,-8,11,-10,13,-10,11,-12,14,-13,11,-14,11,-17,12,-17,10,-18,10,-19,11,-22,14,-19,13,-22,12,-22,15,-24,14,-22,15,-22,17,-22,16,-19,17,-20,18,-20,18,-18,20,-19,19,-14,20,-13,19,-13,21,-11,19,-10,19,-10,18,-7,19,-6,19,-5,17,-2,17,-2,17,1,14,2,0,0,0,0,0,0,0,0,0,0,0,0,0,0,0,0,0,0,0,0,0,0,-4,-4,-3,-5,-2,-4,-1,-4,-1,-1,1,-2,2,0,2,1,1,3,1,5,3,7,2,7,1,10,-1,11,-1,15,-3,14,-2,17,-6,16,-6,18,-8,19,-7,21,-10,24,-8,22,-10,23,-14,24,-11,25,-15,23,-13,24,-16,25,-14,26,-14,24,-18,27,-15,26,-16,25,-16,27,-15,29,-15,28,-14,28,-16,29,-14,32,-13,32,-12,33,-15,35,-11,37,-13,35,-12,36,-13,36,-12,38,-13,40,-13,41,-15,41,-13,41,-16,44,-16,39,-18,42,-18,42,-18,41,0,0]"
CSI_DATA,336,1a:00:00:00:00:00,-45,11,1,0,1,1,1,0,0,0,1,-96,0,11,2,4636955,0,44,0,384,0,"[0,0,0,0,0,0,0,0,0,0,0,0,-5,11,-4,11,-3,10,-3,10,-3,9,-3,8,-2,8,-1,7,-1,7,-1,6,0,6,0,6,1,6,1,5,1,5,2,5,3,5,3,4,3,4,4,4,4,3,5,3,5,3,5,3,6,3,7,3,0,0,7,4,7,4,8,4,8,4,8,4,7,5,8,5,7,5,8,5,7,5,6,6,6,6,6,6,6,6,5,7,5,7,4,7,4,6,3,6,3,6,2,6,2,6,1,5,0,5,0,5,-1,5,0,0,0,0,0,0,0,0,0,0,0,0,0,0,-19,33,-18,32,-17,30,-16,30,-14,28,-16,27,-13,25,-12,23,-11,22,-8,21,-7,21,-4,20,-6,19,-3,19,-3,19,1,19,2,17,2,14,4,14,5,14,6,15,6,14,8,11,9,12,12,12,12,12,13,11,15,13,17,11,18,11,16,13,19,14,17,13,21,13,21,13,19,16,22,16,20,14,20,18,19,15,17,18,16,19,17,20,16,19,14,19,12,20,10,18,9,21,9,19,8,19,7,19,5,18,5,18,1,17,1,16,-1,16,-4,15,0,0,0,0,0,0,0,0,0,0,0,0,0,0,0,0,0,0,0,0,0,0,4,-4,4,-3,3,-2,0,-1,-1,0,0,0,-1,2,-3,1,-3,1,-7,0,-7,1,-10,-1,-11,-1,-12,-1,-13,-1,-18,-1,-17,-2,-18,-4,-18,-4,-20,-6,-20,-6,-22,-9,-24,-12,-25,-11,-23,-12,-24,-11,-26,-15,-24,-15,-24,-16,-28,-15,-26,-16,-28,-17,-27,-15,-26,-15,-30,-17,-29,-16,-29,-14,-31,-16,-31,-15,-33,-14,-31,-14,-35,-13,-34,-12,-36,-13,-37,-13,-36,-8,-37,-12,-40,-12,-38,-13,-42,-15,-42,-14,-42,-13,-44,-15,-44,-15,-45,-18,-43,-17,-40,-18,0,0]"
CSI_DATA,337,1a:00:00:00:00:00,-45,11,1,0,1,1,1,0,0,0,1,-96,0,11,2,4646906,0,44,0,384,0,"[0,0,0,0,0,0,0,0,0,0,0,0,5,9,5,9,5,8,5,8,4,7,4,6,4,6,4,5,4,5,4,4,4,4,5,3,4,3,5,2,5,2,5,1,5,0,5,0,5,0,5,-1,5,-1,5,-2,5,-1,6,-2,7,-3,6,-3,0,0,7,-3,8,-3,8,-3,8,-3,8,-3,8,-3,8,-2,8,-2,8,-2,9,-1,9,-1,8,0,8,0,8,0,7,1,7,1,7,1,7,1,6,2,6,2,5,2,5,3,4,2,4,3,3,3,3,3,0,0,0,0,0,0,0,0,0,0,0,0,0,0,28,73,25,69,33,59,23,64,26,62,22,51,24,52,22,50,24,46,22,41,23,39,23,36,24,37,27,30,25,25,28,24,25,17,28,17,27,17,28,11,31,10,28,7,31,2,35,1,31,-2,35,-4,33,0,34,-11,42,-10,44,-12,38,-9,45,-13,45,-10,50,-14,49,-16,50,-8,53,-10,50,-11,55,-4,54,-3,52,-2,51,-3,52,-1,52,5,49,4,50,8,45,11,45,13,39,12,36,17,33,18,34,16,32,18,29,20,26,25,22,23,19,22,0,0,0,0,0,0,0,0,0,0,0,0,0,0,0,0,0,0,0,0,0,0,-2,-14,-1,-7,-1,-8,1,-5,2,-4,0,1,3,1,1,5,-5,9,-3,10,-6,12,-7,12,-10,17,-11,19,-17,19,-20,22,-22,24,-28,24,-32,23,-35,27,-37,24,-45,30,-40,22,-44,23,-46,25,-50,26,-53,19,-55,27,-53,24,-55,25,-54,25,-57,24,-60,26,-55,23,-57,24,-55,26,-55,27,-56,30,-60,31,-64,39,-63,36,-64,39,-61,39,-64,46,-63,43,-62,40,-70,48,-66,42,-71,44,-72,49,-72,43,-76,49,-78,45,-80,43,-87,46,-77,46,-82,46,0,0]"
CSI_DATA,338,1a:00:00:00:00:00,-45,11,1,0,1,1,1,0,0,0,1,-96,0,11,2,4676928,0,44,0,384,0,"[0,0,0,0,0,0,0,0,0,0,0,0,-14,-1,-13,0,-13,0,-12,0,-11,0,-10,0,-10,0,-9,1,-9,1,-8,2,-8,2,-7,3,-7,3,-6,3,-6,3,-5,4,-5,4,-4,4,-4,4,-4,5,-4,5,-3,6,-3,6,-2,7,-3,8,-2,8,0,0,-2,8,-3,9,-2,10,-2,10,-3,9,-3,9,-4,10,-4,9,-4,9,-5,9,-5,9,-6,8,-5,8,-6,8,-6,7,-6,7,-6,6,-6,6,-6,5,-6,5,-6,4,-7,4,-7,3,-6,2,-6,2,-6,1,0,0,0,0,0,0,0,0,0,0,0,0,0,0,-42,-3,-40,-4,-38,-1,-35,-1,-33,-2,-32,0,-30,-1,-31,1,-26,3,-24,2,-24,4,-19,2,-20,3,-19,6,-18,6,-17,9,-18,10,-14,9,-15,10,-10,10,-12,12,-10,11,-8,14,-9,13,-5,15,-7,17,-5,17,-4,20,-4,19,-3,20,-3,21,-3,23,-4,23,-5,24,-4,25,-6,24,-7,27,-8,26,-7,26,-9,25,-9,26,-11,25,-14,24,-13,24,-12,19,-14,21,-14,20,-14,19,-15,17,-15,17,-15,14,-15,13,-14,11,-17,9,-15,8,-16,6,-14,4,0,0,0,0,0,0,0,0,0,0,0,0,0,0,0,0,0,0,0,0,0,0,5,4,3,3,3,1,1,2,0,1,-1,0,-1,-1,-3,-1,-4,-4,-3,-5,-4,-7,-4,-8,-7,-10,-6,-13,-6,-12,-6,-15,-7,-16,-6,-19,-4,-20,-5,-23,-4,-24,-2,-26,-2,-26,-2,-27,-2,-27,-2,-29,2,-29,0,-30,3,-30,0,-32,2,-30,1,-32,1,-33,1,-33,1,-34,0,-33,-1,-33,-3,-33,-2,-33,-3,-38,-4,-37,-5,-37,-3,-38,-8,-40,-6,-37,-7,-42,-7,-40,-9,-42,-7,-42,-7,-44,-7,-45,-7,-44,-5,-46,-2,-45,-5,-49,-7,-47,-3,-47,0,0]"
CSI_DATA,339,1a:00:00:00:00:00,-45,11,1,0,1,1,1,0,0,0,1,-96,0,11,2,4687823,0,44,0,384,0,"[0,0,0,0,0,0,0,0,0,0,0,0,9,-7,8,-7,8,-6,8,-6,6,-7,6,-6,5,-6,5,-6,4,-6,3,-6,3,-6,2,-6,2,-6,2,-6,1,-5,0,-6,0,-6,-1,-6,-2,-6,-2,-6,-2,-6,-3,-6,-3,-6,-4,-6,-4,-6,-4,-7,0,0,-5,-7,-5,-7,-5,-8,-5,-8,-5,-8,-5,-9,-5,-9,-5,-8,-4,-9,-4,-9,-3,-9,-3,-9,-3,-9,-2,-9,-2,-9,-1,-9,-1,-8,-1,-8,-1,-8,-1,-7,0,-7,1,-7,1,-6,1,-6,2,-6,2,-5,0,0,0,0,0,0,0,0,0,0,0,0,0,0,74,-33,72,-29,67,-36,61,-33,54,-30,54,-26,49,-30,52,-26,44,-26,36,-28,38,-27,32,-30,31,-29,26,-27,19,-32,16,-31,18,-34,11,-33,13,-33,6,-30,2,-38,3,-35,1,-30,-5,-32,-5,-32,-10,-36,-12,-34,-17,-34,-16,-38,-22,-39,-22,-38,-27,-43,-21,-40,-24,-43,-23,-44,-17,-49,-17,-46,-23,-49,-16,-54,-16,-51,-15,-52,-16,-51,-10,-50,-10,-56,-7,-54,-5,-50,-7,-49,-1,-45,0,-45,1,-40,3,-42,7,-43,9,-37,7,-33,10,-32,13,-31,20,-26,0,0,0,0,0,0,0,0,0,0,0,0,0,0,0,0,0,0,0,0,0,0,-15,-3,-9,-5,-7,-6,-6,-6,-3,0,0,-1,4,0,4,0,8,2,9,4,13,9,14,11,17,13,18,15,16,21,18,24,23,28,18,31,16,33,16,38,17,37,22,45,19,46,18,46,17,51,24,51,18,56,17,58,15,55,18,60,15,55,18,62,15,58,20,57,16,58,23,59,25,58,30,58,25,62,33,63,34,65,36,60,37,62,41,62,42,66,41,69,43,68,45,68,46,71,45,72,43,76,49,75,50,82,46,71,50,83,51,82,38,75,0,0]"
CSI_DATA,340,1a:00:00:00:00:00,-45,11,1,0,1,1,1,0,0,0,1,-96,0,11,2,4716948,0,44,0,384,0,"[0,0,0,0,0,0,0,0,0,0,0,0,12,-1,11,-1,10,-2,10,-1,9,-2,8,-1,8,-2,7,-2,7,-3,6,-3,6,-3,5,-4,5,-4,5,-4,4,-4,3,-5,3,-5,3,-5,2,-5,2,-6,1,-6,1,-6,1,-7,1,-7,1,-8,0,-8,0,0,0,-9,1,-9,0,-10,1,-10,1,-9,1,-10,1,-10,2,-10,2,-10,3,-10,3,-10,3,-9,4,-9,4,-8,4,-8,4,-8,4,-7,4,-7,5,-6,4,-5,5,-5,5,-5,4,-4,5,-3,5,-2,4,-2,0,0,0,0,0,0,0,0,0,0,0,0,0,0,40,-2,38,-3,37,-6,34,-2,31,-4,27,-3,27,-3,28,-3,25,-4,22,-5,20,-7,19,-7,18,-7,17,-10,15,-7,13,-11,14,-11,12,-11,12,-11,8,-12,8,-14,7,-16,6,-15,5,-14,3,-15,3,-18,1,-20,1,-19,1,-20,-1,-23,-1,-20,-2,-24,0,-24,1,-25,-1,-26,1,-26,0,-27,1,-26,3,-28,2,-27,3,-28,6,-28,7,-26,6,-25,7,-24,9,-24,9,-22,11,-20,10,-19,10,-19,10,-18,11,-17,12,-13,13,-13,15,-10,14,-10,14,-6,0,0,0,0,0,0,0,0,0,0,0,0,0,0,0,0,0,0,0,0,0,0,-6,-4,-4,-3,-5,-2,-3,-2,0,-1,0,0,1,0,2,0,2,2,3,3,6,5,4,7,5,7,7,11,6,10,7,15,9,15,6,16,4,16,5,20,5,20,3,24,4,26,2,27,3,26,3,28,1,28,1,27,1,29,0,30,0,30,-1,30,0,33,2,29,2,31,0,32,3,32,5,31,5,33,5,35,4,34,8,35,8,35,10,38,7,33,11,34,11,37,12,39,13,39,13,43,9,42,11,43,9,42,9,43,6,48,8,43,8,46,0,0]"
CSI_DATA,341,1a:00:00:00:00:00,-45,11,1,0,1,1,1,0,0,0,1,-96,0,11,2,4726940,0,44,0,384,0,"[0,0,0,0,0,0,0,0,0,0,0,0,12,2,11,2,11,1,10,1,10,0,8,1,8,-1,7,0,7,-1,6,-2,6,-1,6,-2,6,-3,5,-3,4,-3,4,-4,3,-4,4,-4,3,-5,2,-6,3,-6,2,-6,2,-6,2,-7,2,-8,2,-8,0,0,1,-9,1,-10,1,-10,2,-10,2,-9,2,-10,3,-10,3,-10,3,-10,4,-10,4,-10,4,-9,4,-8,5,-8,5,-8,5,-8,5,-7,5,-6,5,-6,4,-5,5,-5,5,-5,5,-4,5,-3,5,-2,5,-2,0,0,0,0,0,0,0,0,0,0,0,0,0,0,39,8,37,9,37,6,34,5,35,8,32,6,30,4,27,4,26,3,23,3,22,0,23,-1,21,-2,20,-2,17,-5,16,-5,16,-8,14,-8,12,-7,12,-9,11,-12,10,-11,8,-13,8,-13,8,-16,8,-17,5,-17,6,-18,4,-20,5,-21,5,-22,6,-25,6,-22,5,-24,6,-26,6,-25,9,-26,10,-26,10,-24,11,-25,11,-23,12,-24,13,-23,14,-23,14,-21,15,-22,15,-20,14,-19,14,-15,16,-12,15,-13,14,-12,15,-10,15,-8,14,-8,15,-6,14,-2,0,0,0,0,0,0,0,0,0,0,0,0,0,0,0,0,0,0,0,0,0,0,-4,-5,-3,-3,-2,-1,-2,-3,-1,-1,0,-2,2,-1,4,-1,2,3,4,2,3,6,4,7,4,10,2,12,2,12,3,13,2,19,0,18,0,20,-1,19,0,22,-4,24,-4,26,-5,25,-5,26,-7,28,-7,27,-8,27,-8,30,-7,29,-9,28,-10,30,-9,30,-6,30,-9,31,-8,34,-6,31,-5,32,-3,33,-3,37,-5,36,-2,38,-2,37,-2,40,-1,36,-4,39,-3,41,-1,43,-2,44,-2,46,0,45,-3,47,-4,48,-7,43,-6,49,-4,46,-7,47,0,0]"
CSI_DATA,342,1a:00:00:00:00:00,-45,11,1,0,1,1,1,0,0,0,1,-96,0,11,2,4736947,0,44,0,384,0,"[0,0,0,0,0,0,0,0,0,0,0,0,7,9,6,8,7,7,7,7,6,6,5,6,6,5,5,4,6,4,5,3,5,3,5,2,5,1,5,1,5,0,6,0,5,0,5,-1,5,-2,5,-2,5,-3,5,-3,5,-4,5,-4,6,-5,6,-5,0,0,6,-6,7,-5,7,-6,7,-6,7,-5,8,-6,7,-6,8,-5,8,-5,8,-5,9,-4,8,-3,8,-3,8,-3,8,-2,8,-2,8,-2,7,-1,7,-1,7,-1,6,0,6,0,6,0,5,1,5,2,4,2,0,0,0,0,0,0,0,0,0,0,0,0,0,0,33,72,31,73,36,64,26,65,31,65,26,54,29,48,27,48,26,46,23,46,30,37,29,32,28,30,28,26,26,23,28,21,30,16,30,13,29,6,29,8,30,6,29,2,31,1,32,-3,36,-8,37,-7,35,-6,39,-14,41,-16,42,-19,41,-16,40,-18,46,-18,47,-23,47,-22,48,-16,54,-17,50,-21,57,-16,53,-13,57,-13,53,-7,54,-8,54,-5,52,0,53,0,47,3,52,1,42,7,41,7,38,9,37,10,32,13,34,16,28,15,27,20,18,20,0,0,0,0,0,0,0,0,0,0,0,0,0,0,0,0,0,0,0,0,0,0,1,-13,3,-10,4,-9,2,-6,3,-5,3,1,2,3,0,5,-4,6,-4,12,-5,15,-4,15,-12,22,-11,21,-17,23,-25,26,-25,24,-32,29,-28,26,-35,27,-39,28,-40,27,-44,28,-49,27,-52,25,-49,28,-55,20,-55,26,-58,24,-56,28,-55,25,-59,27,-62,24,-59,29,-62,31,-60,31,-58,30,-59,34,-63,30,-62,38,-62,39,-65,44,-62,44,-65,48,-60,44,-65,54,-64,49,-67,53,-71,53,-71,53,-78,53,-73,54,-81,52,-84,50,-85,55,-77,49,-82,46,0,0]"
CSI_DATA,343,1a:00:00:00:00:00,-45,11,1,0,1,1,1,0,0,0,1,-96,0,11,2,4748306,0,44,0,384,0,"[0,0,0,0,0,0,0,0,0,0,0,0,1,-12,1,-12,0,-11,0,-11,0,-10,0,-9,-1,-9,-1,-8,-1,-7,-2,-6,-2,-7,-3,-7,-3,-6,-3,-5,-4,-5,-4,-5,-4,-4,-4,-4,-5,-3,-5,-3,-6,-2,-6,-2,-7,-2,-7,-2,-7,-2,-8,-2,0,0,-9,-1,-9,-2,-10,-2,-10,-1,-10,-2,-10,-2,-10,-3,-10,-3,-10,-3,-9,-4,-9,-4,-9,-5,-9,-5,-8,-5,-8,-5,-8,-5,-7,-5,-7,-5,-6,-5,-6,-5,-6,-5,-5,-5,-4,-5,-4,-6,-3,-5,-2,-5,0,0,0,0,0,0,0,0,0,0,0,0,0,0,16,-36,15,-35,14,-33,12,-32,9,-32,10,-30,7,-29,6,-25,5,-24,5,-25,2,-24,4,-21,0,-21,0,-18,-1,-19,-2,-19,-4,-16,-7,-14,-8,-13,-7,-13,-11,-13,-10,-12,-9,-9,-14,-10,-13,-8,-14,-9,-17,-10,-18,-8,-17,-9,-22,-8,-20,-7,-22,-10,-24,-10,-26,-9,-26,-8,-23,-12,-26,-12,-26,-12,-24,-12,-23,-15,-23,-14,-21,-17,-23,-16,-22,-18,-21,-16,-18,-19,-17,-18,-17,-19,-15,-16,-13,-17,-12,-17,-12,-16,-11,-16,-7,-18,-5,-17,-5,-16,-4,-16,0,0,0,0,0,0,0,0,0,0,0,0,0,0,0,0,0,0,0,0,0,0,-5,1,-4,0,-6,1,-3,-1,-4,0,-1,-1,0,-3,2,-2,3,-2,4,-3,7,-2,8,-2,9,-3,11,-1,12,-1,15,2,16,1,19,5,19,4,19,6,21,6,23,7,24,9,23,8,24,9,27,10,24,13,24,11,26,14,28,12,26,14,25,14,29,13,28,13,27,12,29,13,28,11,31,10,31,8,32,9,32,8,34,9,36,11,41,9,36,10,37,7,39,9,40,8,40,6,43,9,42,7,43,10,45,12,43,9,45,12,43,11,43,13,0,0]"
CSI_DATA,344,1a:00:00:00:00:00,-45,11,1,0,1,1,1,0,0,0,1,-96,0,11,2,4756956,0,44,0,384,0,"[0,0,0,0,0,0,0,0,0,0,0,0,-8,9,-7,9,-6,8,-6,8,-6,8,-5,7,-4,7,-4,6,-3,6,-3,6,-2,6,-1,6,-1,5,-1,5,0,5,0,5,1,4,2,4,2,4,3,5,3,4,3,4,4,4,5,4,5,5,5,4,0,0,6,5,6,5,7,5,6,5,6,6,6,6,6,6,6,7,6,7,5,7,5,7,4,7,4,7,3,8,3,8,3,8,3,7,2,7,1,7,1,6,0,6,0,6,0,6,-1,6,-2,5,-1,4,0,0,0,0,0,0,0,0,0,0,0,0,0,0,-60,52,-53,51,-46,53,-46,53,-46,54,-37,42,-39,43,-35,40,-31,43,-27,37,-25,37,-22,36,-19,37,-19,36,-12,33,-3,33,-7,33,-2,30,-1,27,2,30,8,32,8,31,11,25,13,25,15,24,19,28,25,26,27,24,26,27,35,29,31,29,34,34,33,33,35,37,36,34,37,33,32,39,34,39,28,43,32,45,32,44,29,45,31,46,26,45,21,46,19,48,13,46,16,43,10,42,8,40,9,39,4,37,3,37,-3,39,-4,36,-4,29,-10,27,0,0,0,0,0,0,0,0,0,0,0,0,0,0,0,0,0,0,0,0,0,0,11,-2,11,0,12,2,8,2,2,1,2,3,-3,3,-10,1,-10,1,-11,4,-15,-3,-18,-4,-17,-2,-23,-8,-25,-8,-30,-14,-34,-16,-35,-22,-31,-20,-36,-22,-36,-27,-44,-33,-38,-30,-41,-33,-39,-34,-43,-39,-41,-44,-40,-40,-43,-43,-46,-48,-43,-44,-43,-46,-41,-46,-45,-38,-50,-45,-45,-46,-49,-43,-51,-41,-50,-41,-57,-41,-58,-44,-60,-43,-63,-43,-63,-44,-64,-39,-68,-44,-68,-43,-67,-44,-73,-42,-73,-49,-78,-48,-81,-46,-78,-53,-75,-51,-74,-57,-75,-57,-74,-62,0,0]"
CSI_DATA,345,1a:00:00:00:00:00,-45,11,1,0,1,1,1,0,0,0,1,-96,0,11,2,4767929,0,44,0,384,0,"[0,0,0,0,0,0,0,0,0,0,0,0,9,7,8,6,9,6,8,6,7,4,6,4,6,3,6,3,6,2,6,1,6,2,6,1,5,0,5,0,5,-1,5,-2,4,-2,4,-2,4,-3,4,-3,4,-4,4,-4,4,-5,4,-5,5,-6,4,-6,0,0,5,-7,5,-7,6,-7,6,-8,6,-7,6,-7,6,-7,6,-7,7,-7,7,-6,7,-6,7,-5,7,-5,8,-5,8,-4,7,-4,7,-3,7,-3,6,-2,6,-2,6,-1,6,-1,6,0,5,0,5,1,4,1,0,0,0,0,0,0,0,0,0,0,0,0,0,0,53,60,52,56,57,47,49,46,46,45,43,42,42,39,45,40,41,29,39,30,38,24,38,23,36,19,32,15,31,11,32,11,37,6,33,1,29,-1,32,-2,32,-4,31,-10,29,-12,26,-16,32,-17,33,-22,30,-24,29,-27,31,-30,32,-36,30,-32,34,-37,35,-36,36,-43,33,-38,46,-37,44,-41,42,-40,46,-34,44,-32,45,-33,49,-27,48,-26,48,-28,47,-24,44,-19,47,-15,46,-15,44,-14,41,-10,42,-8,39,-8,41,-3,37,3,33,0,35,7,28,10,0,0,0,0,0,0,0,0,0,0,0,0,0,0,0,0,0,0,0,0,0,0,-5,-12,-1,-10,4,-8,2,-5,4,-4,6,-3,3,2,-1,0,0,7,-2,12,-4,14,-3,19,-5,22,-9,24,-12,27,-17,24,-18,34,-24,31,-22,34,-23,35,-31,34,-31,36,-36,37,-38,39,-42,40,-40,37,-42,36,-46,38,-48,35,-50,43,-48,40,-54,44,-51,41,-45,41,-54,44,-51,46,-47,42,-47,49,-48,49,-50,58,-46,57,-47,58,-51,63,-46,64,-48,59,-41,70,-46,65,-47,67,-48,73,-52,67,-55,75,-53,75,-63,74,-55,74,-57,79,-61,73,-63,67,0,0]"
CSI_DATA,346,1a:00:00:00:00:00,-45,11,1,0,1,1,1,0,0,0,1,-96,0,11,2,4786952,0,44,0,384,0,"[0,0,0,0,0,0,0,0,0,0,0,0,-12,-5,-11,-5,-11,-4,-11,-4,-10,-4,-9,-3,-9,-2,-8,-2,-8,-1,-7,-1,-7,-1,-7,1,-6,1,-6,1,-6,1,-5,2,-5,2,-5,3,-5,3,-4,4,-5,5,-4,5,-4,5,-3,6,-4,6,-3,7,0,0,-4,8,-5,8,-4,8,-4,9,-5,8,-5,9,-5,9,-5,8,-6,9,-6,8,-7,8,-7,7,-7,7,-7,6,-7,6,-8,6,-7,5,-7,5,-7,4,-7,4,-7,3,-7,2,-7,2,-7,1,-6,0,-6,0,0,0,0,0,0,0,0,0,0,0,0,0,0,0,-30,-26,-30,-24,-30,-22,-25,-21,-26,-19,-25,-18,-25,-17,-26,-15,-20,-13,-20,-11,-20,-12,-18,-9,-18,-7,-20,-6,-15,-4,-16,-3,-17,-1,-17,1,-16,2,-13,3,-15,5,-15,7,-13,8,-15,8,-15,11,-14,11,-12,14,-13,15,-12,15,-12,17,-14,18,-15,20,-15,19,-15,19,-14,20,-17,20,-19,20,-19,23,-21,19,-20,20,-20,19,-20,18,-21,17,-20,17,-23,14,-23,14,-22,13,-21,10,-20,9,-20,8,-20,6,-19,5,-19,5,-19,3,-19,2,-17,-2,-15,-3,0,0,0,0,0,0,0,0,0,0,0,0,0,0,0,0,0,0,0,0,0,0,-1,6,0,5,-1,3,-1,2,-1,0,-3,-2,-3,-2,-1,-2,-1,-4,-1,-6,1,-8,0,-9,1,-11,1,-13,3,-14,5,-15,7,-17,7,-15,7,-18,11,-18,13,-18,15,-22,16,-20,16,-22,17,-21,17,-23,20,-21,19,-21,20,-21,20,-22,20,-22,21,-24,21,-22,19,-22,21,-24,19,-25,18,-24,19,-26,19,-28,18,-31,20,-31,18,-32,19,-32,16,-33,18,-32,18,-37,19,-36,17,-34,20,-39,20,-37,21,-40,23,-39,25,-41,22,-38,23,-43,24,-39,25,-36,0,0]"
CSI_DATA,347,1a:00:00:00:00:00,-45,11,1,0,1,1,1,0,0,0,1,-96,0,11,2,4797781,0,44,0,384,0,"[0,0,0,0,0,0,0,0,0,0,0,0,-7,-10,-6,-9,-6,-8,-6,-8,-6,-7,-5,-7,-5,-6,-6,-5,-6,-5,-6,-4,-6,-4,-6,-3,-6,-3,-6,-2,-6,-2,-6,-1,-6,-1,-6,0,-5,0,-6,1,-6,1,-6,2,-6,2,-7,3,-7,3,-7,3,0,0,-7,4,-8,3,-8,4,-9,4,-8,3,-9,3,-9,3,-9,3,-10,3,-10,2,-10,2,-9,1,-9,1,-9,1,-9,0,-9,0,-9,-1,-8,-1,-8,-1,-7,-1,-7,-2,-7,-2,-7,-3,-6,-3,-5,-3,-5,-3,0,0,0,0,0,0,0,0,0,0,0,0,0,0,-29,-74,-23,-72,-33,-67,-25,-59,-24,-61,-19,-63,-23,-48,-24,-53,-24,-45,-23,-47,-26,-37,-23,-35,-23,-30,-22,-27,-25,-25,-27,-22,-29,-20,-28,-13,-30,-14,-26,-7,-30,-5,-30,-5,-32,5,-32,1,-33,4,-34,8,-32,11,-37,11,-39,14,-43,15,-41,15,-46,20,-45,16,-52,21,-46,15,-55,18,-53,15,-60,19,-57,16,-54,15,-50,11,-54,6,-56,3,-57,4,-57,0,-51,-3,-50,-4,-45,-4,-46,-6,-42,-7,-41,-11,-39,-14,-38,-16,-29,-16,-30,-19,-28,-21,-26,-23,0,0,0,0,0,0,0,0,0,0,0,0,0,0,0,0,0,0,0,0,0,0,-5,10,-5,6,-6,3,-4,0,-3,-1,-2,-4,0,-5,0,-9,3,-6,4,-13,8,-11,11,-15,15,-17,15,-20,23,-17,24,-18,27,-21,31,-20,39,-21,40,-20,40,-20,46,-21,42,-18,47,-20,49,-14,52,-18,51,-11,59,-15,56,-11,59,-18,51,-17,61,-18,59,-20,57,-23,61,-19,59,-20,54,-21,62,-24,59,-26,69,-30,70,-30,60,-32,68,-32,64,-38,66,-35,66,-35,71,-39,71,-46,70,-49,72,-43,75,-41,79,-45,87,-45,79,-37,83,-42,84,-43,77,-38,0,0]"
CSI_DATA,348,1a:00:00:00:00:00,-45,11,1,0,1,1,1,0,0,0,1,-96,0,11,2,4808000,0,44,0,384,0,"[0,0,0,0,0,0,0,0,0,0,0,0,3,-12,2,-12,2,-11,1,-11,1,-10,1,-9,0,-9,-1,-8,-1,-8,-1,-7,-2,-7,-2,-6,-3,-6,-3,-6,-3,-5,-4,-6,-4,-5,-4,-4,-5,-4,-6,-4,-6,-3,-6,-3,-7,-3,-7,-3,-8,-3,-8,-3,0,0,-9,-3,-9,-3,-10,-3,-10,-3,-10,-4,-10,-5,-11,-4,-10,-5,-10,-5,-9,-5,-9,-6,-9,-6,-8,-6,-8,-6,-8,-7,-7,-7,-7,-7,-6,-6,-6,-7,-5,-6,-5,-7,-4,-7,-3,-6,-3,-6,-2,-6,-1,-6,0,0,0,0,0,0,0,0,0,0,0,0,0,0,12,-38,11,-32,9,-38,10,-33,8,-33,7,-32,4,-24,6,-28,2,-25,2,-26,3,-22,2,-22,-1,-21,-4,-16,-4,-18,-7,-16,-7,-15,-8,-15,-9,-13,-10,-11,-12,-13,-11,-10,-13,-9,-13,-8,-15,-8,-17,-9,-16,-5,-19,-4,-20,-5,-25,-3,-22,-5,-25,-5,-22,-5,-27,-6,-25,-6,-28,-8,-26,-10,-27,-8,-27,-10,-25,-14,-26,-13,-27,-12,-25,-13,-24,-14,-23,-14,-21,-15,-19,-18,-17,-16,-16,-15,-16,-17,-15,-16,-12,-16,-12,-17,-8,-17,-10,-16,-8,-17,-3,-17,0,0,0,0,0,0,0,0,0,0,0,0,0,0,0,0,0,0,0,0,0,0,-6,2,-5,0,-3,-1,-3,0,-2,-3,-1,-1,0,-4,2,-3,4,-3,4,-3,5,-2,8,-3,9,-4,12,-4,13,-1,15,0,17,0,17,3,20,2,19,3,20,4,23,6,22,5,23,6,25,7,26,6,25,9,27,10,25,11,28,10,27,11,29,12,27,11,28,10,29,11,31,11,29,7,31,6,33,7,34,6,34,6,35,5,37,8,37,5,37,4,40,4,40,6,39,4,41,5,42,5,43,4,45,3,46,7,42,5,46,7,47,7,42,9,0,0]"
CSI_DATA,349,1a:00:00:00:00:00,-45,11,1,0,1,1,1,0,0,0,1,-96,0,11,2,4816959,0,44,0,384,0,"[0,0,0,0,0,0,0,0,0,0,0,0,8,-9,7,-9,6,-9,6,-8,5,-7,5,-7,4,-7,3,-7,3,-7,2,-6,2,-6,0,-7,0,-6,0,-6,-1,-6,-1,-6,-2,-6,-2,-5,-3,-6,-4,-5,-4,-5,-5,-5,-5,-5,-6,-6,-6,-6,-6,-6,0,0,-7,-6,-7,-7,-8,-7,-8,-7,-7,-7,-8,-8,-7,-8,-7,-8,-7,-9,-7,-9,-6,-9,-5,-9,-5,-9,-5,-9,-4,-9,-4,-9,-4,-8,-3,-8,-3,-8,-2,-8,-2,-8,-1,-7,-1,-7,0,-7,0,-6,1,-6,0,0,0,0,0,0,0,0,0,0,0,0,0,0,63,-51,61,-50,53,-49,50,-42,46,-43,42,-41,41,-38,44,-38,35,-39,27,-33,25,-36,18,-32,20,-36,18,-36,7,-31,6,-33,7,-34,2,-28,1,-30,-3,-29,-9,-33,-11,-34,-13,-31,-14,-27,-16,-30,-21,-30,-26,-31,-26,-29,-29,-31,-34,-33,-34,-34,-36,-35,-34,-36,-39,-40,-37,-40,-35,-37,-38,-41,-35,-43,-31,-45,-30,-47,-32,-47,-30,-45,-28,-50,-30,-50,-24,-49,-18,-47,-16,-45,-19,-47,-13,-41,-10,-46,-8,-41,-3,-43,-4,-41,1,-40,2,-38,5,-31,8,-29,0,0,0,0,0,0,0,0,0,0,0,0,0,0,0,0,0,0,0,0,0,0,-12,-2,-9,-3,-7,-1,-4,-5,-1,-2,1,-5,5,1,4,0,9,1,8,1,13,2,16,5,17,9,22,10,21,9,25,16,31,21,27,24,27,24,28,31,32,30,31,37,29,38,29,40,31,39,33,44,34,48,32,46,28,47,31,49,30,51,30,47,31,52,37,47,36,50,41,54,43,51,46,48,45,45,50,49,50,52,52,56,54,50,57,57,53,45,64,50,61,49,65,54,67,56,64,57,70,58,72,54,68,61,65,60,69,64,68,66,63,65,0,0]"
CSI_DATA,350,1a:00:00:00:00:00,-45,11,1,0,1,1,1,0,0,0,1,-96,0,11,2,4827676,0,44,0,384,0,"[0,0,0,0,0,0,0,0,0,0,0,0,-10,6,-9,6,-8,6,-8,6,-7,6,-6,5,-5,5,-5,5,-4,5,-4,5,-3,5,-2,5,-3,5,-1,5,-1,4,0,5,0,5,1,5,1,5,2,5,2,5,3,5,3,5,3,5,4,5,5,5,0,0,5,6,5,7,5,6,6,7,5,7,5,7,5,7,5,7,5,8,4,8,3,8,3,8,3,8,2,8,2,8,2,8,2,8,1,7,1,7,1,6,0,6,0,6,-1,6,-1,6,-2,5,-2,4,0,0,0,0,0,0,0,0,0,0,0,0,0,0,-76,37,-73,35,-64,33,-57,34,-53,34,-48,31,-48,29,-50,29,-41,27,-33,29,-31,27,-27,27,-24,33,-20,28,-20,28,-14,27,-14,32,-11,31,-9,27,-1,31,4,32,4,27,4,28,10,30,12,32,11,33,18,36,20,34,23,37,28,35,24,39,27,39,23,42,29,40,30,43,23,47,28,47,28,48,23,51,23,53,23,51,16,51,17,52,14,54,12,47,11,51,6,49,9,48,8,44,3,43,-2,40,0,41,-2,39,-9,40,-10,29,-11,29,-17,29,0,0,0,0,0,0,0,0,0,0,0,0,0,0,0,0,0,0,0,0,0,0,9,3,4,3,7,4,2,2,1,4,1,3,-9,3,-8,-1,-13,-3,-13,-4,-15,-7,-17,-8,-16,-14,-18,-13,-23,-21,-24,-20,-25,-27,-25,-32,-23,-32,-22,-35,-26,-37,-22,-46,-22,-43,-24,-47,-26,-51,-23,-48,-22,-50,-23,-57,-25,-55,-27,-55,-25,-55,-23,-59,-22,-59,-24,-57,-27,-58,-33,-58,-32,-56,-35,-54,-37,-57,-39,-58,-38,-58,-47,-61,-46,-55,-48,-64,-45,-56,-52,-58,-53,-64,-54,-65,-56,-65,-55,-70,-54,-70,-63,-70,-57,-73,-53,-72,-55,-80,-50,-70,-51,-82,0,0]"
CSI_DATA,351,1a:00:00:00:00:00,-45,11,1,0,1,1,1,0,0,0,1,-96,0,11,2,4846984,0,44,0,384,0,"[0,0,0,0,0,0,0,0,0,0,0,0,0,11,0,10,1,10,0,9,1,8,0,8,2,7,2,6,1,6,2,5,2,5,3,4,3,4,3,3,4,3,4,3,4,2,4,2,5,1,5,1,5,0,6,0,6,0,7,0,7,0,8,-1,0,0,8,-1,9,0,9,0,9,0,9,0,9,1,9,0,9,1,10,1,9,2,9,2,9,3,8,3,8,3,8,3,7,3,7,4,6,3,6,4,5,4,5,5,4,4,4,4,3,5,2,5,2,4,0,0,0,0,0,0,0,0,0,0,0,0,0,0,2,38,2,35,3,35,4,32,3,31,4,30,4,25,6,26,4,23,5,23,6,20,8,19,9,16,8,13,9,16,10,13,11,11,11,9,13,9,13,8,16,7,13,6,16,1,15,0,14,-1,18,1,17,0,19,-3,19,-3,22,-4,22,-2,25,-3,25,-3,27,-5,26,-4,27,-2,27,-2,27,-1,27,0,26,3,27,3,28,4,26,4,26,4,26,7,25,7,23,8,23,9,21,8,18,9,17,11,18,10,16,10,15,13,12,13,10,13,7,13,0,0,0,0,0,0,0,0,0,0,0,0,0,0,0,0,0,0,0,0,0,0,1,-5,3,-4,4,-2,2,-2,2,0,1,2,-1,0,-2,2,-3,5,-4,5,-6,6,-7,5,-8,6,-10,6,-13,7,-13,7,-18,8,-19,6,-20,6,-19,6,-22,6,-23,5,-24,2,-27,4,-26,2,-28,1,-28,0,-29,0,-29,1,-29,3,-27,1,-33,4,-31,2,-31,5,-33,3,-31,4,-29,5,-34,4,-32,3,-35,7,-35,7,-35,8,-37,9,-37,11,-36,9,-37,14,-38,13,-39,13,-40,11,-42,9,-45,10,-46,13,-47,10,-43,11,-45,7,-46,10,-45,9,0,0]"
CSI_DATA,352,1a:00:00:00:00:00,-45,11,1,0,1,1,1,0,0,0,1,-96,0,11,2,4857857,0,44,0,384,0,"[0,0,0,0,0,0,0,0,0,0,0,0,-13,-3,-12,-3,-12,-2,-11,-2,-10,-1,-9,-2,-9,0,-8,0,-8,0,-7,1,-7,1,-6,2,-6,2,-6,2,-5,3,-5,4,-4,4,-4,4,-4,5,-3,5,-4,6,-2,6,-3,6,-3,7,-3,8,-2,8,0,0,-2,9,-3,9,-3,10,-3,10,-4,9,-3,10,-4,10,-4,10,-4,10,-5,10,-6,9,-6,8,-6,8,-6,7,-6,7,-6,7,-7,7,-6,6,-6,6,-6,5,-7,4,-6,4,-7,3,-7,2,-7,1,-6,1,0,0,0,0,0,0,0,0,0,0,0,0,0,0,-38,-11,-39,-13,-33,-8,-33,-8,-34,-8,-26,-7,-30,-5,-26,-6,-26,-4,-22,-2,-21,-2,-22,0,-21,1,-19,3,-17,2,-17,6,-15,5,-16,8,-14,10,-11,8,-12,11,-12,10,-8,14,-9,13,-7,15,-7,18,-6,18,-6,20,-8,19,-6,21,-7,22,-7,23,-5,26,-6,24,-6,27,-9,27,-7,29,-10,27,-10,26,-9,27,-12,25,-13,23,-16,22,-15,22,-13,22,-17,23,-15,18,-17,20,-16,15,-15,16,-16,12,-15,14,-17,12,-17,11,-16,7,-15,6,-17,3,0,0,0,0,0,0,0,0,0,0,0,0,0,0,0,0,0,0,0,0,0,0,1,3,1,3,0,4,-1,2,1,3,-2,0,-2,-1,-4,-1,-3,-3,-3,-4,-2,-9,-3,-10,-3,-12,-1,-13,-1,-13,-2,-14,0,-18,1,-17,3,-18,2,-20,5,-22,2,-25,6,-25,6,-25,10,-27,9,-27,10,-25,10,-26,10,-29,10,-29,9,-28,10,-27,9,-30,9,-29,9,-31,7,-31,7,-31,6,-31,7,-33,6,-35,7,-34,4,-37,6,-37,3,-40,2,-37,0,-41,1,-40,2,-43,1,-44,4,-44,6,-45,5,-44,7,-44,7,-47,7,-48,8,-45,9,-45,0,0]"
CSI_DATA,353,1a:00:00:00:00:00,-45,11,1,0,1,1,1,0,0,0,1,-96,0,11,2,4868728,0,44,0,384,0,"[0,0,0,0,0,0,0,0,0,0,0,0,4,-11,3,-10,2,-10,3,-9,2,-10,2,-8,1,-8,1,-7,0,-7,-1,-7,-1,-7,-2,-7,-2,-6,-2,-6,-3,-5,-4,-5,-4,-5,-4,-4,-5,-4,-5,-4,-5,-3,-6,-4,-6,-4,-7,-3,-7,-4,-8,-4,0,0,-9,-4,-10,-4,-9,-4,-10,-5,-9,-5,-10,-5,-9,-5,-9,-5,-10,-5,-9,-6,-8,-7,-8,-6,-7,-7,-7,-7,-7,-7,-6,-7,-6,-7,-6,-6,-5,-7,-5,-6,-4,-7,-4,-7,-3,-7,-2,-6,-2,-6,-1,-6,0,0,0,0,0,0,0,0,0,0,0,0,0,0,14,-37,18,-33,12,-33,10,-31,8,-31,10,-27,8,-26,5,-26,3,-24,5,-23,0,-22,2,-20,-3,-22,-1,-19,-4,-18,-5,-17,-6,-16,-7,-13,-7,-15,-10,-13,-12,-12,-13,-13,-14,-9,-13,-9,-15,-8,-16,-8,-16,-8,-21,-8,-22,-7,-23,-8,-22,-8,-26,-8,-25,-9,-26,-8,-26,-8,-28,-10,-28,-9,-26,-10,-26,-10,-27,-11,-24,-13,-23,-16,-24,-16,-24,-16,-20,-15,-20,-15,-19,-16,-19,-14,-16,-15,-14,-16,-13,-16,-13,-17,-12,-16,-8,-17,-7,-16,-6,-16,-3,-16,0,0,0,0,0,0,0,0,0,0,0,0,0,0,0,0,0,0,0,0,0,0,-4,1,-5,0,-5,0,-3,-1,-2,-2,0,-1,0,-1,2,-2,2,-2,5,-3,8,-2,7,-2,11,-1,11,-1,12,0,15,1,18,1,18,3,19,4,20,5,20,6,22,6,21,9,22,8,22,10,24,9,22,11,26,13,25,12,27,13,26,12,27,12,27,12,25,12,29,11,29,13,30,10,31,11,31,10,33,9,32,10,35,8,35,7,39,7,34,6,41,5,39,6,41,6,40,9,43,9,41,9,42,9,44,10,42,10,44,11,43,13,42,10,0,0]"
CSI_DATA,354,1a:00:00:00:00:00,-45,11,1,0,1,1,1,0,0,0,1,-96,0,11,2,4877158,0,44,0,384,0,"[0,0,0,0,0,0,0,0,0,0,0,0,-8,10,-7,10,-6,9,-6,9,-6,8,-5,8,-4,8,-3,7,-3,7,-2,6,-2,7,-1,7,0,6,0,6,1,5,2,6,2,5,3,5,3,4,4,5,4,5,5,4,5,4,6,4,6,5,7,5,0,0,8,5,8,6,8,6,8,6,8,6,8,7,8,7,8,7,8,8,6,8,6,8,6,8,5,8,5,8,5,8,4,9,3,8,3,8,2,8,2,7,1,7,1,7,0,7,0,6,-1,6,-2,6,0,0,0,0,0,0,0,0,0,0,0,0,0,0,-32,26,-28,24,-25,26,-23,22,-22,22,-21,19,-20,18,-20,19,-15,16,-15,17,-13,19,-11,17,-8,15,-6,14,-5,15,-4,15,-1,15,-1,15,0,14,2,15,5,16,5,14,6,13,7,14,9,13,9,15,11,14,15,13,14,15,18,17,16,14,18,16,16,17,20,18,18,18,17,19,18,21,18,21,17,21,15,22,14,21,14,24,15,22,14,24,11,23,10,22,7,23,10,21,6,20,5,21,4,20,3,20,1,19,0,17,-2,18,-3,18,-4,14,0,0,0,0,0,0,0,0,0,0,0,0,0,0,0,0,0,0,0,0,0,0,5,-2,5,1,3,0,2,1,1,1,-1,1,-1,1,-3,0,-6,-1,-6,-1,-8,-3,-9,-2,-11,-2,-12,-5,-13,-6,-14,-9,-16,-10,-16,-11,-16,-11,-18,-14,-17,-15,-16,-18,-15,-16,-17,-17,-16,-21,-18,-21,-18,-20,-18,-24,-16,-24,-17,-25,-18,-24,-19,-26,-19,-24,-20,-25,-21,-24,-22,-25,-20,-25,-23,-22,-23,-23,-25,-25,-28,-27,-27,-24,-28,-26,-29,-25,-31,-24,-32,-23,-33,-24,-33,-24,-34,-26,-33,-29,-36,-28,-36,-27,-38,-31,-33,-27,-37,-31,-32,-31,-32,-32,0,0]"
CSI_DATA,355,1a:00:00:00:00:00,-45,11,1,0,1,1,1,0,0,0,1,-96,0,11,2,4886918,0,44,0,384,0,"[0,0,0,0,0,0,0,0,0,0,0,0,-5,10,-4,9,-3,9,-4,8,-3,8,-3,7,-2,7,-1,7,-1,6,-1,6,0,6,0,5,1,5,1,5,2,4,2,5,3,4,3,4,3,3,4,3,4,3,5,3,5,3,6,3,6,3,7,3,0,0,7,3,8,3,8,3,8,4,8,4,7,4,8,5,7,5,8,5,7,5,7,6,6,6,6,6,5,6,5,6,5,6,4,6,4,6,3,6,3,6,2,6,2,6,1,6,1,5,0,5,-1,5,0,0,0,0,0,0,0,0,0,0,0,0,0,0,-42,69,-36,59,-32,62,-30,57,-29,59,-26,58,-23,44,-22,46,-17,43,-18,43,-11,40,-6,42,-2,38,-1,33,0,36,5,35,11,29,10,29,12,28,14,28,18,31,18,26,23,19,24,21,28,22,30,22,29,19,36,20,35,21,40,19,39,19,43,22,40,25,50,22,46,21,50,32,46,29,48,31,46,36,46,37,40,35,38,36,42,40,39,39,36,38,31,37,28,44,26,40,23,40,21,38,18,39,18,40,10,37,10,37,4,38,0,32,0,32,0,0,0,0,0,0,0,0,0,0,0,0,0,0,0,0,0,0,0,0,0,0,11,-6,7,-3,8,4,5,0,-1,2,1,4,-2,6,-5,3,-9,4,-10,6,-17,5,-19,3,-25,7,-26,3,-32,1,-33,-2,-38,-4,-38,-5,-40,-7,-40,-8,-39,-13,-47,-17,-45,-19,-48,-20,-51,-22,-50,-24,-49,-26,-54,-32,-49,-28,-58,-30,-51,-28,-59,-31,-53,-28,-57,-27,-60,-32,-58,-28,-55,-29,-65,-28,-62,-29,-67,-25,-69,-24,-67,-22,-74,-30,-71,-24,-78,-23,-76,-22,-76,-23,-82,-23,-77,-25,-81,-26,-85,-29,-91,-25,-96,-36,-80,-35,-87,-34,-86,-34,-83,-38,0,0]"
CSI_DATA,356,1a:00:00:00:00:00,-45,11,1,0,1,1,1,0,0,0,1,-96,0,11,2,4896933,0,44,0,384,0,"[0,0,0,0,0,0,0,0,0,0,0,0,-11,4,-10,4,-10,4,-10,4,-8,4,-8,3,-7,4,-6,4,-6,4,-5,4,-5,4,-4,4,-3,4,-3,4,-3,5,-2,5,-2,5,-1,5,0,5,0,6,0,5,1,6,1,6,2,6,2,7,2,7,0,0,3,8,2,8,2,9,3,9,2,9,2,9,2,9,2,9,2,10,1,9,0,9,0,9,0,9,-1,9,-1,8,-2,8,-2,8,-2,7,-2,7,-2,6,-3,6,-3,6,-3,5,-4,5,-4,4,-4,4,0,0,0,0,0,0,0,0,0,0,0,0,0,0,-78,3,-82,4,-69,9,-61,7,-65,7,-54,5,-56,8,-51,8,-47,11,-42,12,-41,16,-36,19,-33,17,-35,18,-30,19,-25,24,-24,25,-20,20,-20,22,-15,25,-9,27,-13,27,-7,30,-8,31,-6,33,-1,35,1,37,4,38,-1,40,10,41,7,46,10,49,6,48,6,51,7,55,0,50,2,58,4,52,-5,55,-2,57,-7,55,-5,54,-8,53,-11,57,-11,47,-14,51,-15,47,-17,44,-16,41,-20,39,-18,37,-22,34,-24,33,-25,27,-23,23,-26,17,-27,16,0,0,0,0,0,0,0,0,0,0,0,0,0,0,0,0,0,0,0,0,0,0,7,7,5,7,3,4,2,6,-1,5,-2,3,-6,0,-7,-2,-8,-5,-8,-7,-14,-10,-14,-17,-17,-17,-12,-22,-11,-24,-16,-29,-17,-33,-10,-36,-10,-36,-10,-38,-9,-43,-7,-48,-11,-51,-9,-51,-4,-53,-8,-54,-3,-56,-1,-56,-2,-61,-3,-62,-5,-55,-4,-63,-2,-59,-5,-60,-4,-66,-7,-63,-9,-64,-14,-68,-11,-66,-12,-71,-10,-67,-15,-73,-19,-75,-21,-75,-22,-69,-20,-80,-22,-74,-25,-76,-22,-81,-21,-87,-26,-89,-28,-87,-15,-89,-20,-88,-18,-94,-16,-88,-11,-92,0,0]"
CSI_DATA,357,1a:00:00:00:00:00,-45,11,1,0,1,1,1,0,0,0,1,-96,0,11,2,4907192,0,44,0,384,0,"[0,0,0,0,0,0,0,0,0,0,0,0,2,-11,2,-11,1,-10,2,-10,1,-9,1,-9,0,-8,-1,-7,-1,-7,-2,-6,-2,-7,-2,-6,-3,-6,-3,-5,-3,-5,-4,-5,-4,-4,-5,-4,-5,-4,-6,-3,-6,-3,-6,-3,-6,-3,-7,-3,-8,-3,-8,-3,0,0,-9,-3,-9,-3,-10,-3,-9,-3,-10,-3,-9,-4,-10,-4,-9,-4,-10,-5,-9,-5,-9,-5,-8,-5,-8,-5,-8,-6,-7,-6,-7,-6,-6,-6,-6,-6,-6,-6,-5,-6,-4,-6,-4,-6,-4,-6,-3,-6,-2,-6,-2,-6,0,0,0,0,0,0,0,0,0,0,0,0,0,0,10,-38,14,-33,9,-34,9,-32,5,-31,8,-29,6,-24,5,-26,3,-23,1,-25,0,-21,-1,-19,-2,-20,-4,-17,-4,-18,-6,-16,-7,-14,-8,-14,-10,-12,-9,-13,-15,-9,-13,-11,-15,-8,-14,-10,-15,-6,-17,-7,-17,-7,-21,-7,-21,-4,-21,-7,-21,-7,-24,-6,-25,-7,-28,-7,-25,-5,-27,-10,-27,-7,-28,-10,-26,-11,-26,-12,-24,-12,-24,-12,-26,-14,-25,-14,-24,-15,-22,-14,-21,-15,-21,-15,-18,-15,-14,-15,-16,-16,-13,-14,-12,-17,-9,-16,-8,-16,-8,-17,-6,-16,0,0,0,0,0,0,0,0,0,0,0,0,0,0,0,0,0,0,0,0,0,0,-5,-1,-4,1,-4,0,-4,-1,-2,-2,0,-2,2,-2,2,-4,4,-3,6,-3,6,-3,9,-3,11,-3,12,-1,13,0,14,1,17,2,17,2,19,3,20,4,20,6,21,7,21,8,23,7,25,9,25,8,25,10,27,12,24,12,28,10,24,11,28,12,28,13,26,12,28,12,29,10,27,12,32,11,35,9,33,7,34,9,36,8,37,8,36,7,38,7,36,5,39,7,41,7,41,7,42,8,43,6,45,6,44,9,42,9,45,10,44,10,41,10,0,0]"
CSI_DATA,358,1a:00:00:00:00:00,-45,11,1,0,1,1,1,0,0,0,1,-96,0,11,2,4937337,0,44,0,384,0,"[0,0,0,0,0,0,0,0,0,0,0,0,-1,-12,-1,-12,-2,-10,-2,-10,-2,-9,-2,-9,-3,-8,-2,-8,-3,-7,-3,-6,-3,-6,-4,-6,-4,-5,-5,-5,-5,-4,-5,-4,-5,-4,-5,-3,-6,-2,-6,-2,-6,-2,-7,-1,-7,-2,-8,-1,-8,-1,-8,-1,0,0,-10,-1,-10,-1,-10,-1,-10,-1,-10,-2,-10,-2,-10,-2,-10,-2,-11,-2,-10,-3,-10,-3,-9,-4,-9,-4,-9,-4,-8,-4,-8,-5,-8,-5,-7,-5,-6,-5,-6,-5,-6,-6,-5,-5,-4,-5,-4,-5,-3,-6,-2,-5,0,0,0,0,0,0,0,0,0,0,0,0,0,0,-2,-40,0,-36,-3,-37,-2,-35,-2,-35,-2,-31,-5,-28,-4,-27,-4,-22,-5,-24,-5,-24,-6,-21,-7,-20,-9,-17,-8,-16,-10,-14,-13,-13,-12,-12,-11,-11,-13,-10,-14,-10,-15,-7,-16,-7,-18,-4,-17,-4,-19,-3,-20,-1,-20,2,-23,-3,-22,-1,-22,-4,-26,-3,-24,-1,-28,0,-26,0,-28,-4,-29,-4,-28,-2,-29,-6,-27,-5,-26,-7,-28,-8,-27,-9,-26,-9,-23,-12,-23,-11,-23,-13,-21,-11,-20,-14,-17,-13,-17,-13,-16,-15,-14,-14,-12,-15,-9,-15,-7,-15,-6,-17,0,0,0,0,0,0,0,0,0,0,0,0,0,0,0,0,0,0,0,0,0,0,-3,2,-4,4,-4,2,-4,0,-2,-1,-1,-3,-1,-2,1,-4,3,-5,3,-5,6,-5,7,-6,8,-9,10,-9,13,-10,15,-7,16,-9,19,-6,18,-8,20,-7,21,-5,24,-6,23,-2,25,-7,28,-3,29,-6,30,-1,30,-1,29,-1,33,-5,27,-2,35,-1,32,0,31,-2,34,-3,31,-3,32,-3,34,-5,34,-4,34,-8,35,-5,36,-7,38,-8,37,-9,39,-10,37,-11,39,-10,41,-11,40,-9,42,-8,42,-11,46,-11,46,-9,42,-7,45,-9,45,-8,45,-6,0,0]"
CSI_DATA,359,1a:00:00:00:00:00,-45,11,1,0,1,1,1,0,0,0,1,-96,0,11,2,4948807,0,44,0,384,0,"[0,0,0,0,0,0,0,0,0,0,0,0,7,-9,6,-9,5,-9,5,-9,4,-8,4,-7,3,-7,2,-8,2,-7,1,-6,1,-7,0,-7,0,-7,-1,-6,-1,-6,-2,-6,-2,-6,-2,-6,-3,-5,-4,-5,-4,-5,-5,-5,-5,-5,-6,-5,-6,-6,-6,-6,0,0,-7,-6,-8,-6,-8,-6,-8,-7,-7,-7,-7,-7,-8,-7,-7,-7,-7,-8,-7,-8,-6,-9,-5,-9,-5,-9,-5,-8,-4,-8,-4,-9,-3,-8,-3,-8,-3,-8,-2,-8,-2,-7,-1,-7,-1,-7,0,-6,0,-6,1,-5,0,0,0,0,0,0,0,0,0,0,0,0,0,0,52,-60,53,-54,43,-52,37,-51,38,-48,35,-48,32,-41,30,-42,23,-40,18,-36,15,-40,12,-39,13,-40,8,-33,6,-35,2,-34,-1,-34,-2,-30,0,-27,-6,-30,-13,-31,-14,-28,-17,-23,-16,-28,-23,-27,-20,-27,-26,-28,-30,-26,-29,-26,-37,-29,-35,-30,-39,-31,-37,-31,-37,-31,-42,-33,-39,-35,-39,-35,-40,-38,-35,-41,-36,-41,-33,-47,-36,-43,-34,-45,-30,-45,-27,-41,-25,-45,-22,-46,-19,-45,-16,-42,-13,-46,-14,-40,-10,-39,-9,-39,-2,-40,1,-36,5,-35,4,-30,0,0,0,0,0,0,0,0,0,0,0,0,0,0,0,0,0,0,0,0,0,0,-12,-1,-12,-2,-8,-1,-5,-4,-2,-5,0,-3,6,-6,7,-5,9,-4,14,1,15,-5,20,-3,22,0,25,0,25,5,29,10,34,10,33,14,35,20,36,21,38,18,42,28,40,29,43,28,44,32,43,32,45,42,44,40,41,39,46,42,44,39,44,41,46,43,44,41,45,42,48,41,51,41,53,38,52,37,58,39,58,41,65,40,62,39,66,39,64,39,70,33,68,39,67,36,70,41,75,42,75,46,77,41,79,49,76,47,81,51,78,55,69,55,0,0]"
CSI_DATA,360,1a:00:00:00:00:00,-45,11,1,0,1,1,1,0,0,0,1,-96,0,11,2,4958173,0,44,0,384,0,"[0,0,0,0,0,0,0,0,0,0,0,0,11,-5,9,-6,9,-6,9,-6,8,-6,7,-5,6,-6,6,-6,5,-6,4,-6,4,-6,3,-6,2,-6,2,-6,1,-6,1,-7,0,-7,0,-6,-1,-6,-1,-7,-2,-6,-3,-7,-3,-7,-3,-7,-3,-8,-4,-8,0,0,-4,-9,-4,-9,-5,-10,-5,-10,-4,-10,-4,-10,-4,-10,-4,-10,-4,-10,-3,-11,-3,-11,-1,-10,-1,-10,-1,-10,0,-10,0,-10,0,-9,1,-9,1,-9,1,-8,2,-8,2,-7,2,-7,2,-6,3,-5,3,-5,0,0,0,0,0,0,0,0,0,0,0,0,0,0,72,-29,71,-24,64,-26,58,-27,59,-24,52,-18,52,-27,51,-19,41,-25,37,-22,37,-23,30,-24,31,-24,28,-25,27,-29,17,-28,16,-31,15,-26,10,-26,6,-26,5,-31,1,-31,-3,-30,-7,-32,-7,-32,-7,-31,-6,-37,-16,-40,-13,-39,-17,-43,-18,-40,-21,-45,-17,-46,-19,-49,-21,-46,-20,-48,-16,-58,-21,-48,-14,-53,-13,-51,-14,-52,-10,-53,-7,-52,-7,-52,-4,-51,-4,-53,1,-46,4,-46,3,-43,5,-43,5,-43,7,-38,13,-37,15,-33,18,-32,15,-31,15,-24,0,0,0,0,0,0,0,0,0,0,0,0,0,0,0,0,0,0,0,0,0,0,-8,-6,-7,-8,-4,-8,-1,-4,0,-3,4,-5,5,0,8,-1,9,2,8,8,15,6,12,12,18,14,19,18,19,20,19,26,20,27,18,32,18,34,23,33,21,37,17,44,20,48,16,48,15,52,16,52,14,53,12,54,11,57,16,56,15,55,16,61,17,61,18,59,20,61,20,59,21,62,24,59,22,61,27,62,26,66,34,68,35,64,36,66,36,64,39,62,39,64,38,69,40,68,43,77,40,79,43,78,44,82,36,78,39,85,37,82,34,81,0,0]"
CSI_DATA,361,1a:00:00:00:00:00,-45,11,1,0,1,1,1,0,0,0,1,-96,0,11,2,4977315,0,44,0,384,0,"[0,0,0,0,0,0,0,0,0,0,0,0,11,-2,10,-2,9,-3,9,-3,8,-2,7,-2,7,-3,6,-3,6,-4,5,-4,5,-4,4,-4,4,-4,3,-5,3,-5,2,-5,1,-6,1,-5,1,-6,0,-6,0,-6,0,-7,-1,-7,-1,-8,-1,-8,-1,-8,0,0,-2,-9,-2,-10,-2,-10,-1,-10,-1,-10,-1,-10,-1,-11,0,-10,0,-11,0,-10,1,-10,1,-10,1,-9,2,-9,2,-9,2,-9,2,-8,2,-8,3,-7,3,-7,3,-6,3,-6,4,-5,4,-5,4,-4,4,-3,0,0,0,0,0,0,0,0,0,0,0,0,0,0,83,0,71,-5,73,-5,62,-2,61,-2,55,-6,55,-5,56,-6,50,-7,44,-8,39,-14,35,-12,34,-15,33,-15,25,-13,27,-22,27,-21,23,-23,23,-20,17,-24,12,-28,10,-29,10,-28,8,-31,7,-30,2,-32,3,-36,-1,-37,-1,-45,-5,-47,-3,-41,-7,-47,0,-50,-1,-55,-8,-52,1,-52,-2,-54,2,-54,7,-56,3,-56,3,-54,9,-56,10,-52,18,-51,14,-50,17,-48,13,-47,20,-44,17,-40,20,-38,23,-35,24,-36,23,-34,23,-24,26,-25,25,-20,28,-16,0,0,0,0,0,0,0,0,0,0,0,0,0,0,0,0,0,0,0,0,0,0,-10,-7,-6,-9,-1,-5,0,-5,3,-2,0,-1,3,0,7,3,8,8,11,10,11,14,13,12,13,22,9,21,9,24,10,28,14,35,8,36,9,41,9,41,6,43,6,50,-1,52,0,56,0,55,-2,56,-7,53,-4,58,-9,55,-6,62,-7,58,-7,67,-5,63,-1,62,-4,65,-1,68,-1,64,1,64,3,67,6,72,4,71,8,72,8,75,11,79,12,76,9,78,12,76,14,77,13,80,12,89,10,87,12,89,6,92,10,85,9,95,7,93,9,88,0,0]"
CSI_DATA,362,1a:00:00:00:00:00,-45,11,1,0,1,1,1,0,0,0,1,-96,0,11,2,4986947,0,44,0,384,0,"[0,0,0,0,0,0,0,0,0,0,0,0,-5,11,-4,11,-3,10,-4,9,-3,9,-3,8,-2,8,-1,7,-1,7,-1,6,0,6,1,6,1,5,2,5,2,5,3,5,3,4,3,4,4,3,4,3,4,3,5,3,6,3,6,2,7,2,7,2,0,0,8,3,8,3,9,3,9,3,8,3,9,4,9,4,9,4,8,5,8,5,8,5,7,5,7,6,7,6,6,6,6,6,5,6,5,6,4,6,3,6,3,6,2,6,2,6,1,5,1,5,0,5,0,0,0,0,0,0,0,0,0,0,0,0,0,0,-20,34,-19,33,-16,34,-15,28,-15,27,-15,26,-12,24,-12,23,-9,21,-7,23,-6,18,-3,20,-5,20,-3,17,-1,19,1,17,3,17,3,15,5,14,6,12,8,14,8,11,10,11,10,12,12,11,15,9,14,10,17,9,17,9,21,9,19,10,22,11,19,11,24,11,22,10,22,14,24,15,23,13,20,16,22,17,20,16,18,19,19,18,19,18,16,19,16,18,16,20,11,19,11,19,10,18,10,18,10,20,6,16,3,16,3,17,1,17,-2,15,0,0,0,0,0,0,0,0,0,0,0,0,0,0,0,0,0,0,0,0,0,0,4,-2,2,-1,3,2,1,0,1,3,-1,1,-2,2,-7,2,-6,3,-7,3,-7,2,-11,2,-11,1,-13,-1,-16,-1,-16,-1,-19,-2,-18,-3,-22,-4,-23,-6,-22,-8,-25,-10,-23,-10,-25,-12,-25,-12,-28,-12,-27,-15,-27,-15,-25,-17,-30,-16,-26,-16,-29,-19,-30,-17,-26,-15,-29,-15,-29,-14,-29,-13,-30,-14,-30,-15,-35,-15,-36,-16,-36,-13,-36,-12,-36,-12,-38,-13,-40,-9,-40,-13,-40,-11,-41,-13,-41,-15,-46,-16,-45,-16,-45,-19,-42,-16,-44,-20,-41,-18,-43,-19,0,0]"
CSI_DATA,363,1a:00:00:00:00:00,-45,11,1,0,1,1,1,0,0,0,1,-96,0,11,2,4997000,0,44,0,384,0,"[0,0,0,0,0,0,0,0,0,0,0,0,-7,-10,-7,-9,-7,-8,-7,-8,-7,-7,-6,-6,-6,-6,-6,-5,-6,-4,-6,-4,-6,-4,-6,-3,-6,-2,-6,-2,-6,-1,-6,-1,-6,0,-5,0,-5,1,-6,1,-6,2,-6,2,-6,3,-6,3,-7,3,-6,4,0,0,-7,4,-8,4,-8,4,-8,5,-8,4,-9,4,-9,4,-9,4,-9,4,-9,3,-9,3,-9,2,-9,2,-9,1,-9,1,-9,1,-9,0,-8,0,-8,0,-7,-1,-7,-1,-7,-2,-6,-2,-6,-2,-5,-3,-5,-3,0,0,0,0,0,0,0,0,0,0,0,0,0,0,-38,-71,-33,-64,-40,-58,-36,-59,-30,-56,-28,-51,-29,-44,-31,-46,-30,-38,-28,-42,-30,-33,-31,-32,-27,-27,-27,-26,-27,-21,-27,-13,-32,-13,-31,-9,-31,-7,-28,-4,-32,-3,-26,1,-30,2,-29,8,-35,10,-35,13,-32,13,-35,19,-38,19,-36,21,-38,22,-41,21,-42,21,-46,24,-41,25,-48,20,-50,19,-53,20,-52,19,-55,17,-52,10,-52,12,-56,12,-51,9,-51,5,-51,7,-47,-1,-48,1,-43,-3,-43,-5,-39,-8,-41,-9,-34,-11,-34,-10,-32,-15,-28,-17,-24,-20,0,0,0,0,0,0,0,0,0,0,0,0,0,0,0,0,0,0,0,0,0,0,-1,8,-4,6,-4,4,-4,3,-3,-4,-3,-3,-4,-2,-4,-7,1,-10,3,-14,5,-15,6,-17,8,-23,12,-25,14,-24,19,-27,19,-30,29,-26,27,-31,31,-30,34,-34,39,-29,44,-29,43,-31,46,-30,45,-35,50,-28,52,-33,55,-24,54,-29,51,-25,58,-31,57,-32,57,-33,55,-32,52,-34,53,-35,55,-42,54,-38,57,-43,56,-46,58,-44,60,-41,57,-48,57,-43,60,-53,62,-54,63,-53,62,-52,67,-56,67,-52,68,-57,73,-53,71,-49,71,-56,73,-53,76,-48,0,0]"
CSI_DATA,364,1a:00:00:00:00:00,-45,11,1,0,1,1,1,0,0,0,1,-96,0,11,2,5007703,0,44,0,384,0,"[0,0,0,0,0,0,0,0,0,0,0,0,8,8,8,7,8,6,8,6,7,5,6,5,7,4,6,3,6,3,6,1,6,1,6,0,5,0,5,-1,5,-1,5,-1,5,-2,5,-2,5,-3,5,-4,5,-4,4,-5,4,-5,5,-6,5,-6,5,-7,0,0,6,-8,6,-7,7,-8,6,-8,7,-7,7,-7,7,-8,7,-7,8,-7,7,-6,8,-6,8,-5,8,-5,8,-5,8,-4,8,-4,7,-3,8,-3,7,-2,7,-2,7,-1,6,-1,6,-1,6,0,5,1,5,1,0,0,0,0,0,0,0,0,0,0,0,0,0,0,42,67,38,64,44,61,36,55,35,45,36,52,31,42,34,42,31,35,34,34,30,27,29,27,33,24,29,15,29,16,30,12,31,7,32,6,31,4,26,2,33,-1,28,-4,30,-8,28,-11,28,-11,32,-18,32,-19,33,-22,32,-25,32,-29,34,-27,40,-32,36,-32,42,-30,38,-33,46,-27,45,-31,43,-31,50,-27,50,-24,43,-20,48,-20,51,-21,51,-17,51,-16,45,-11,49,-12,45,-10,43,-7,42,-2,42,-1,39,2,38,2,34,6,35,6,30,6,27,14,0,0,0,0,0,0,0,0,0,0,0,0,0,0,0,0,0,0,0,0,0,0,3,-8,5,-8,2,-2,6,-1,0,1,1,2,2,6,-1,10,-4,10,-3,13,-3,15,-5,16,-9,21,-10,27,-15,24,-21,21,-25,34,-25,26,-29,28,-33,29,-37,29,-42,33,-41,30,-46,29,-43,28,-44,36,-54,27,-54,32,-56,27,-59,31,-48,26,-59,35,-57,30,-53,32,-57,33,-58,32,-54,32,-56,37,-55,42,-59,49,-57,49,-50,45,-61,50,-57,50,-56,54,-59,51,-60,57,-58,57,-62,61,-66,59,-64,61,-66,62,-74,60,-68,56,-72,62,-71,61,-68,55,0,0]"
CSI_DATA,365,1a:00:00:00:00:00,-45,11,1,0,1,1,1,0,0,0,1,-96,0,11,2,5016917,0,44,0,384,0,"[0,0,0,0,0,0,0,0,0,0,0,0,-10,4,-10,4,-9,4,-9,4,-8,4,-7,3,-6,4,-5,4,-5,4,-4,4,-4,4,-3,4,-3,4,-2,4,-2,4,-2,5,-1,5,0,4,0,4,0,5,1,5,2,5,2,5,2,5,3,6,3,6,0,0,3,6,3,7,4,7,3,7,3,8,3,8,3,8,3,8,2,8,2,8,2,8,1,8,1,8,0,8,0,7,0,8,0,7,-1,7,-1,6,-1,6,-2,5,-2,5,-2,5,-3,4,-3,4,-3,4,0,0,0,0,0,0,0,0,0,0,0,0,0,0,-80,7,-73,1,-77,9,-69,5,-64,12,-59,8,-54,10,-54,10,-49,10,-45,13,-37,16,-34,17,-37,18,-35,15,-27,18,-23,21,-27,22,-22,24,-17,21,-14,25,-6,33,-8,28,-8,29,-5,32,-1,33,-1,33,4,35,5,40,5,41,11,45,8,45,12,47,6,46,7,50,15,53,6,52,12,52,7,54,6,55,5,58,1,55,-3,58,-4,54,-8,53,-8,53,-9,49,-14,49,-14,45,-12,40,-17,44,-12,38,-13,38,-16,36,-22,30,-23,26,-24,22,-20,17,0,0,0,0,0,0,0,0,0,0,0,0,0,0,0,0,0,0,0,0,0,0,7,5,3,5,3,4,2,4,-3,0,-7,0,-5,-2,-9,-3,-10,-8,-10,-10,-13,-17,-11,-17,-13,-23,-14,-23,-10,-30,-17,-30,-15,-35,-11,-38,-11,-45,-12,-42,-10,-42,-10,-52,-6,-54,-5,-55,-2,-57,-5,-62,2,-57,-3,-61,4,-60,-2,-66,-2,-62,0,-68,-3,-66,-4,-65,-4,-67,-7,-67,-8,-66,-4,-68,-7,-68,-10,-74,-12,-73,-18,-73,-16,-74,-17,-78,-18,-77,-27,-77,-27,-77,-28,-79,-25,-85,-22,-87,-20,-87,-26,-86,-19,-90,-18,-89,-17,-96,-16,-93,-16,-87,0,0]"
CSI_DATA,366,1a:00:00:00:00:00,-45,11,1,0,1,1,1,0,0,0,1,-96,0,11,2,5027588,0,44,0,384,0,"[0,0,0,0,0,0,0,0,0,0,0,0,-1,-12,-1,-11,-2,-10,-1,-10,-1,-9,-2,-8,-2,-8,-2,-7,-3,-7,-3,-6,-3,-6,-4,-5,-4,-5,-4,-4,-4,-4,-5,-4,-5,-3,-5,-3,-5,-2,-6,-2,-7,-2,-7,-1,-7,-1,-7,-1,-8,-1,-8,-1,0,0,-9,0,-9,0,-10,0,-10,-1,-10,-1,-10,-1,-10,-1,-10,-1,-10,-2,-10,-2,-10,-3,-9,-3,-9,-3,-9,-3,-8,-4,-8,-4,-8,-4,-7,-4,-7,-4,-6,-4,-6,-5,-5,-4,-5,-5,-4,-5,-3,-5,-3,-5,0,0,0,0,0,0,0,0,0,0,0,0,0,0,4,-37,2,-37,0,-35,1,-32,-2,-32,1,-29,-1,-29,-2,-25,-4,-25,-2,-22,-4,-22,-5,-21,-6,-19,-8,-17,-8,-16,-9,-15,-11,-13,-11,-10,-10,-9,-12,-10,-14,-7,-12,-7,-15,-5,-15,-5,-15,-3,-17,-1,-18,-4,-20,0,-20,-2,-23,1,-21,1,-24,-1,-25,0,-25,0,-26,0,-27,0,-28,-3,-27,-1,-28,-3,-25,-5,-29,-4,-26,-6,-24,-6,-25,-6,-24,-8,-24,-10,-23,-10,-21,-11,-18,-10,-17,-12,-18,-12,-15,-12,-15,-11,-13,-14,-10,-12,-9,-13,-7,-14,0,0,0,0,0,0,0,0,0,0,0,0,0,0,0,0,0,0,0,0,0,0,-5,1,-4,1,-3,0,-1,0,-1,-1,0,-3,1,-3,2,-4,2,-5,5,-5,7,-4,8,-6,10,-6,12,-7,13,-6,16,-2,16,-6,20,-4,19,-4,21,-4,23,-1,24,-3,25,-1,26,0,26,0,28,0,27,2,29,2,29,3,30,1,28,3,31,1,33,3,31,3,32,2,33,1,33,0,33,-1,33,-3,35,-4,34,-1,37,-4,37,-4,39,-7,37,-4,43,-6,40,-6,40,-5,40,-7,41,-5,44,-7,44,-7,45,-4,44,-6,44,-4,43,-4,42,-1,0,0]"
CSI_DATA,367,1a:00:00:00:00:00,-45,11,1,0,1,1,1,0,0,0,1,-96,0,11,2,5037958,0,44,0,384,0,"[0,0,0,0,0,0,0,0,0,0,0,0,-9,-7,-9,-7,-9,-6,-9,-6,-8,-5,-8,-5,-7,-4,-7,-4,-7,-3,-6,-2,-6,-2,-6,-1,-6,-1,-6,0,-6,0,-6,1,-5,2,-5,2,-5,2,-5,3,-5,3,-5,4,-5,4,-5,5,-6,5,-5,6,0,0,-5,6,-6,6,-6,7,-6,7,-7,6,-7,7,-7,7,-7,7,-7,7,-8,6,-8,6,-8,5,-8,5,-8,4,-8,4,-8,4,-8,3,-8,3,-8,2,-7,2,-7,1,-7,0,-7,0,-6,0,-6,-1,-6,-1,0,0,0,0,0,0,0,0,0,0,0,0,0,0,-64,-50,-54,-50,-58,-38,-51,-42,-53,-41,-46,-35,-48,-33,-46,-29,-42,-28,-39,-25,-36,-18,-34,-16,-34,-17,-34,-13,-32,-9,-34,-1,-35,3,-31,2,-28,5,-29,6,-30,12,-25,10,-27,19,-27,21,-25,21,-25,24,-24,24,-22,34,-22,34,-24,38,-23,33,-27,39,-28,44,-27,40,-26,44,-30,43,-33,43,-33,44,-42,45,-39,40,-40,41,-43,37,-41,36,-44,34,-41,27,-41,29,-42,25,-43,24,-38,22,-38,19,-41,14,-37,11,-38,9,-35,6,-33,4,-34,0,-30,-4,0,0,0,0,0,0,0,0,0,0,0,0,0,0,0,0,0,0,0,0,0,0,2,8,-1,8,-2,5,-4,0,-4,-2,1,-1,-3,-8,-2,-9,-3,-13,-1,-16,3,-16,3,-17,4,-25,7,-24,9,-25,13,-30,15,-33,18,-34,22,-33,26,-36,28,-38,33,-39,30,-39,35,-42,40,-43,39,-47,41,-38,41,-40,44,-44,47,-46,45,-41,48,-47,49,-48,41,-46,47,-49,49,-49,42,-49,42,-52,47,-53,43,-63,46,-56,46,-61,45,-58,44,-66,40,-65,37,-69,42,-69,43,-70,45,-75,45,-75,49,-77,48,-80,50,-77,49,-75,53,-80,53,-73,57,-71,0,0]"
CSI_DATA,368,1a:00:00:00:00:00,-45,11,1,0,1,1,1,0,0,0,1,-96,0,11,2,5057087,0,44,0,384,0,"[0,0,0,0,0,0,0,0,0,0,0,0,-10,-7,-9,-6,-10,-5,-9,-5,-9,-4,-7,-4,-8,-3,-7,-3,-7,-2,-7,-2,-6,-1,-6,0,-6,0,-6,1,-6,1,-5,2,-5,2,-5,3,-5,3,-4,4,-4,4,-4,4,-4,5,-4,5,-4,6,-4,6,0,0,-4,7,-5,8,-5,7,-4,8,-5,7,-6,8,-6,8,-6,7,-6,8,-6,7,-7,7,-7,6,-7,6,-7,5,-7,5,-7,5,-7,5,-6,4,-7,4,-7,3,-7,3,-6,2,-6,2,-6,1,-6,0,-6,0,0,0,0,0,0,0,0,0,0,0,0,0,0,0,-74,-34,-65,-34,-67,-30,-59,-28,-60,-28,-52,-23,-54,-21,-56,-18,-46,-16,-43,-17,-37,-12,-38,-9,-43,-7,-34,2,-37,2,-27,7,-31,5,-31,10,-30,12,-25,9,-28,20,-21,16,-18,20,-21,24,-19,25,-18,29,-16,30,-15,33,-16,39,-10,39,-14,40,-18,45,-16,42,-22,50,-18,43,-23,52,-24,45,-24,47,-26,46,-31,48,-28,46,-30,40,-36,44,-39,41,-37,42,-32,33,-37,33,-35,32,-34,28,-37,22,-33,23,-34,20,-36,15,-32,15,-33,11,-33,7,-31,3,0,0,0,0,0,0,0,0,0,0,0,0,0,0,0,0,0,0,0,0,0,0,2,7,1,9,0,3,-2,1,-2,-1,-2,-1,-2,-4,-4,-5,-5,-12,-7,-16,-4,-14,-4,-16,-4,-26,-1,-28,0,-31,0,-26,3,-35,11,-32,10,-40,14,-44,13,-43,17,-50,16,-48,20,-48,24,-50,21,-55,26,-53,31,-52,29,-49,31,-59,26,-50,30,-58,32,-57,27,-55,30,-60,27,-59,27,-58,26,-59,25,-62,24,-66,24,-69,19,-67,24,-73,22,-74,21,-74,22,-72,21,-76,19,-78,23,-80,21,-83,24,-86,22,-87,30,-91,27,-77,30,-87,28,-90,30,-82,0,0]"
CSI_DATA,369,1a:00:00:00:00:00,-45,11,1,0,1,1,1,0,0,0,1,-96,0,11,2,5079538,0,44,0,384,0,"[0,0,0,0,0,0,0,0,0,0,0,0,-10,-6,-10,-6,-9,-5,-9,-5,-9,-4,-8,-4,-8,-3,-7,-2,-7,-2,-6,-1,-6,-1,-6,0,-6,0,-6,1,-6,1,-5,2,-5,2,-4,2,-4,3,-4,4,-4,4,-4,4,-4,4,-4,5,-4,6,-4,6,0,0,-4,8,-4,7,-5,8,-4,7,-5,8,-5,8,-5,8,-5,7,-6,7,-6,7,-6,7,-6,6,-6,6,-7,5,-7,5,-7,5,-6,4,-7,4,-6,3,-6,3,-6,2,-6,2,-6,1,-6,1,-6,0,-6,0,0,0,0,0,0,0,0,0,0,0,0,0,0,0,-54,-59,-49,-57,-56,-51,-42,-49,-45,-46,-42,-42,-41,-38,-46,-34,-37,-30,-37,-30,-37,-28,-36,-16,-35,-19,-36,-8,-28,-12,-31,-6,-34,-1,-31,-2,-29,4,-26,5,-32,9,-25,9,-30,16,-25,21,-25,20,-28,22,-27,22,-28,32,-28,30,-28,34,-28,40,-30,37,-32,32,-37,42,-33,38,-38,38,-40,36,-41,40,-44,39,-43,38,-41,31,-48,29,-43,29,-49,30,-45,26,-44,26,-45,19,-39,18,-40,16,-42,15,-39,12,-38,10,-39,7,-36,1,-38,1,-32,-7,-31,-6,0,0,0,0,0,0,0,0,0,0,0,0,0,0,0,0,0,0,0,0,0,0,1,11,-2,8,-3,4,-4,1,-4,-2,-2,-4,-2,-5,-2,-7,-1,-11,2,-13,0,-17,7,-20,8,-23,9,-22,13,-26,13,-30,18,-33,21,-30,26,-33,29,-35,32,-35,34,-40,35,-34,39,-36,41,-36,39,-38,40,-37,48,-39,45,-35,49,-43,45,-39,53,-44,52,-41,47,-40,53,-46,47,-45,45,-43,49,-51,48,-50,50,-54,50,-56,50,-57,54,-57,48,-64,45,-65,52,-64,51,-61,47,-66,50,-69,49,-68,50,-72,55,-71,62,-74,52,-70,62,-74,60,-75,63,-65,0,0]"
CSI_DATA,370,1a:00:00:00:00:00,-45,11,1,0,1,1,1,0,0,0,1,-96,0,11,2,5086919,0,44,0,384,0,"[0,0,0,0,0,0,0,0,0,0,0,0,10,6,10,5,9,4,9,4,8,3,8,3,8,2,7,1,7,1,6,0,6,0,6,-1,6,-1,5,-2,5,-2,5,-3,5,-4,4,-3,4,-4,4,-5,4,-5,3,-6,3,-6,3,-7,3,-8,4,-8,0,0,4,-9,4,-9,5,-9,4,-9,5,-9,5,-9,6,-9,6,-9,6,-9,6,-8,7,-8,7,-7,7,-7,7,-7,7,-6,8,-6,7,-5,7,-5,7,-4,6,-4,6,-3,6,-3,6,-2,6,-1,6,-1,5,0,0,0,0,0,0,0,0,0,0,0,0,0,0,0,29,26,26,26,28,22,25,21,25,20,22,19,22,15,21,15,18,12,18,11,17,10,18,5,18,9,15,4,15,5,16,2,17,1,13,-2,14,-3,14,-4,16,-6,13,-7,12,-8,11,-10,11,-12,13,-11,10,-14,11,-16,13,-16,13,-19,12,-18,16,-19,16,-17,15,-22,16,-20,17,-20,16,-21,17,-22,19,-21,20,-20,19,-18,21,-16,21,-14,23,-13,21,-13,21,-11,22,-11,20,-9,20,-7,19,-5,19,-6,19,-6,17,-4,16,-1,17,1,17,3,14,2,0,0,0,0,0,0,0,0,0,0,0,0,0,0,0,0,0,0,0,0,0,0,-3,-6,-1,-4,-1,-4,1,-2,0,-1,1,0,1,2,1,3,1,4,-1,5,0,6,0,9,-2,11,-4,13,-3,13,-6,12,-8,17,-9,17,-7,19,-9,20,-11,21,-15,21,-16,21,-19,21,-17,22,-17,23,-19,21,-20,21,-22,22,-22,25,-20,22,-22,24,-20,25,-19,24,-22,27,-23,26,-21,24,-22,26,-20,27,-23,30,-22,29,-22,31,-21,31,-20,35,-20,34,-19,36,-21,35,-15,37,-19,37,-22,36,-23,35,-24,37,-25,37,-26,37,-28,37,-27,38,-26,34,0,0]"
CSI_DATA,371,1a:00:00:00:00:00,-45,11,1,0,1,1,1,0,0,0,1,-96,0,11,2,5096920,0,44,0,384,0,"[0,0,0,0,0,0,0,0,0,0,0,0,5,10,5,9,5,9,5,8,4,7,4,7,4,6,5,5,4,5,4,4,5,3,5,3,5,2,5,1,5,2,5,1,5,0,5,-1,5,-1,5,-2,5,-2,6,-3,5,-3,6,-4,7,-4,7,-4,0,0,7,-5,8,-4,8,-5,8,-5,9,-4,9,-4,9,-4,9,-4,9,-4,9,-3,9,-3,9,-2,9,-2,9,-1,9,-1,8,0,8,0,8,0,7,0,7,0,6,1,6,2,6,1,5,2,5,3,4,3,0,0,0,0,0,0,0,0,0,0,0,0,0,0,13,77,10,71,19,71,11,67,14,59,14,60,13,50,13,53,15,44,16,46,18,38,18,34,14,33,19,28,21,24,23,21,26,20,24,15,22,12,25,10,31,9,27,8,28,1,34,3,30,-2,35,-2,34,-10,37,-14,42,-15,43,-16,42,-11,46,-11,46,-15,49,-14,50,-16,54,-10,53,-12,54,-10,54,-6,55,-6,52,-2,54,-7,54,-1,53,2,51,2,50,6,49,10,44,10,43,6,38,12,37,16,35,14,32,13,28,18,30,20,28,18,20,22,0,0,0,0,0,0,0,0,0,0,0,0,0,0,0,0,0,0,0,0,0,0,2,-13,3,-7,3,-7,2,-3,1,-3,-2,0,-1,4,-1,6,-9,8,-8,10,-10,10,-14,12,-17,16,-18,17,-24,15,-30,15,-29,18,-36,15,-38,17,-43,12,-45,12,-50,9,-50,13,-50,14,-51,11,-57,14,-57,7,-59,7,-56,7,-65,8,-59,7,-63,8,-63,7,-64,7,-67,8,-67,10,-63,13,-65,11,-63,19,-73,23,-75,17,-73,22,-72,21,-73,27,-70,27,-78,32,-75,27,-79,30,-79,30,-80,28,-82,34,-87,35,-93,31,-84,24,-87,28,-92,25,-88,18,0,0]"
CSI_DATA,372,1a:00:00:00:00:00,-45,11,1,0,1,1,1,0,0,0,1,-96,0,11,2,5116937,0,44,0,384,0,"[0,0,0,0,0,0,0,0,0,0,0,0,-12,3,-11,3,-10,4,-10,3,-9,3,-8,3,-7,4,-7,4,-6,4,-5,3,-5,4,-4,4,-4,5,-3,4,-3,4,-2,5,-1,5,-1,5,0,5,1,5,1,6,1,6,2,6,2,7,2,7,3,7,0,0,3,7,3,8,3,8,4,9,3,9,3,9,3,9,2,9,2,9,1,10,1,10,0,9,1,9,0,9,0,9,-1,8,-1,8,-1,8,-1,7,-1,7,-2,7,-2,6,-3,6,-3,5,-4,5,-4,4,0,0,0,0,0,0,0,0,0,0,0,0,0,0,-38,6,-38,4,-36,6,-34,7,-30,7,-29,5,-27,8,-27,6,-25,8,-21,8,-18,9,-17,10,-16,9,-16,10,-12,10,-12,12,-12,11,-9,13,-6,11,-6,12,-2,17,-2,12,0,15,1,15,-1,16,2,16,4,18,5,19,6,19,7,20,8,19,10,24,7,22,8,23,10,23,7,25,8,27,9,25,6,26,6,25,6,25,3,26,1,27,3,26,-1,24,0,25,1,24,-3,23,-3,24,-4,22,-4,20,-6,18,-8,18,-7,16,-7,16,-10,14,-12,13,0,0,0,0,0,0,0,0,0,0,0,0,0,0,0,0,0,0,0,0,0,0,2,1,0,3,1,1,-1,1,0,2,-3,0,-3,0,-4,-3,-5,-4,-5,-4,-7,-5,-7,-7,-8,-10,-6,-10,-6,-14,-8,-15,-9,-17,-5,-19,-6,-19,-6,-21,-4,-24,-5,-25,-5,-26,-5,-27,-5,-30,-6,-28,-4,-31,-4,-32,-2,-31,-2,-31,-3,-30,-3,-34,-3,-34,-4,-32,-4,-36,-5,-33,-6,-32,-8,-35,-8,-36,-11,-37,-9,-35,-11,-36,-12,-38,-12,-37,-12,-36,-16,-41,-14,-37,-13,-40,-17,-40,-15,-43,-14,-43,-18,-43,-12,-44,-14,-43,-14,-47,-13,-45,-12,-44,0,0]"
CSI_DATA,373,1a:00:00:00:00:00,-45,11,1,0,1,1,1,0,0,0,1,-96,0,11,2,5130504,0,44,0,384,0,"[0,0,0,0,0,0,0,0,0,0,0,0,-3,-12,-4,-11,-4,-10,-4,-10,-4,-9,-4,-8,-5,-8,-5,-7,-4,-7,-5,-6,-4,-6,-5,-5,-5,-4,-5,-3,-5,-3,-6,-2,-6,-2,-6,-1,-6,-1,-6,0,-7,0,-7,1,-7,1,-8,2,-8,2,-8,2,0,0,-9,2,-10,2,-10,2,-10,3,-10,2,-10,2,-11,2,-10,1,-10,1,-11,0,-11,0,-10,-1,-10,-1,-10,-1,-10,-1,-9,-2,-9,-2,-9,-2,-8,-2,-8,-3,-7,-3,-7,-3,-6,-4,-5,-4,-5,-5,-4,-4,0,0,0,0,0,0,0,0,0,0,0,0,0,0,-25,-74,-18,-65,-25,-66,-21,-62,-24,-60,-18,-56,-23,-45,-23,-49,-19,-40,-21,-43,-21,-36,-23,-36,-25,-31,-24,-21,-23,-27,-26,-19,-27,-16,-28,-13,-28,-11,-30,-9,-31,-3,-27,-5,-27,2,-30,5,-31,5,-32,6,-31,8,-33,12,-38,15,-38,17,-39,19,-42,20,-44,17,-49,21,-42,18,-53,18,-52,18,-50,20,-52,12,-49,14,-50,11,-55,7,-54,8,-52,7,-54,3,-47,-2,-50,-2,-44,-2,-46,-5,-42,-6,-41,-7,-41,-8,-37,-10,-33,-12,-30,-12,-28,-16,-23,-17,0,0,0,0,0,0,0,0,0,0,0,0,0,0,0,0,0,0,0,0,0,0,-3,10,-4,4,-6,5,-4,0,-4,-2,-2,-2,0,-4,2,-7,4,-9,8,-10,11,-12,12,-12,15,-19,19,-21,18,-19,23,-17,31,-24,33,-15,32,-21,39,-22,38,-21,44,-21,45,-17,51,-19,55,-15,54,-19,55,-10,58,-13,54,-11,62,-15,56,-11,64,-19,64,-16,59,-13,68,-19,62,-18,58,-20,62,-18,63,-21,69,-28,67,-26,61,-29,70,-28,66,-35,68,-33,72,-30,74,-37,69,-40,74,-37,73,-40,74,-40,81,-43,89,-39,77,-34,84,-36,84,-35,77,-37,0,0]"
CSI_DATA,374,1a:00:00:00:00:00,-45,11,1,0,1,1,1,0,0,0,1,-96,0,11,2,5138417,0,44,0,384,0,"[0,0,0,0,0,0,0,0,0,0,0,0,-1,-12,-1,-12,-2,-11,-2,-10,-2,-10,-1,-9,-3,-8,-3,-8,-3,-7,-3,-7,-3,-6,-4,-5,-4,-5,-4,-4,-4,-4,-6,-4,-5,-3,-6,-3,-6,-2,-6,-1,-7,-1,-7,0,-7,-1,-8,0,-8,0,-8,0,0,0,-10,1,-10,1,-10,1,-11,1,-10,0,-11,0,-11,0,-10,0,-11,0,-11,-1,-11,-2,-10,-2,-10,-2,-9,-2,-9,-3,-9,-3,-9,-3,-8,-3,-8,-4,-7,-4,-7,-4,-6,-4,-6,-5,-5,-4,-5,-5,-4,-5,0,0,0,0,0,0,0,0,0,0,0,0,0,0,2,-40,2,-41,-3,-35,-1,-34,-5,-33,-3,-30,-2,-28,-4,-25,-5,-25,-6,-21,-6,-21,-5,-19,-6,-19,-9,-18,-8,-15,-10,-14,-12,-13,-11,-10,-12,-10,-13,-9,-15,-7,-13,-6,-12,-3,-17,-3,-17,-3,-20,-1,-19,-2,-20,3,-19,1,-24,5,-22,3,-25,4,-26,2,-26,5,-27,4,-24,1,-27,1,-29,1,-30,-1,-28,-2,-26,-3,-29,-2,-28,-5,-28,-4,-25,-4,-26,-6,-21,-7,-23,-8,-22,-8,-20,-9,-21,-9,-17,-9,-16,-12,-15,-11,-15,-12,-12,-12,-10,-12,0,0,0,0,0,0,0,0,0,0,0,0,0,0,0,0,0,0,0,0,0,0,-2,3,-3,2,-2,1,-2,-1,-1,-1,-1,-2,0,-2,3,-3,4,-5,5,-5,6,-5,8,-4,9,-8,9,-6,11,-6,14,-3,16,-5,19,-2,19,-5,21,-4,21,-1,25,-1,23,-1,26,0,28,0,28,0,29,5,28,2,30,2,31,1,28,1,32,2,33,3,32,2,34,4,34,1,33,0,33,-2,33,-1,37,-6,35,-2,37,-5,37,-4,39,-5,38,-8,35,-8,40,-7,40,-7,42,-7,44,-7,44,-8,42,-9,46,-6,45,-8,48,-4,44,-6,43,-1,0,0]"
CSI_DATA,375,1a:00:00:00:00:00,-45,11,1,0,1,1,1,0,0,0,1,-96,0,11,2,5147068,0,44,0,384,0,"[0,0,0,0,0,0,0,0,0,0,0,0,-8,8,-7,8,-7,8,-6,7,-6,7,-5,6,-4,6,-4,6,-3,6,-2,6,-2,5,-1,5,-1,5,-1,5,0,5,1,5,1,4,2,4,2,4,3,4,3,4,4,4,4,4,5,4,5,4,6,5,0,0,6,5,6,6,7,6,7,6,6,6,6,6,7,6,6,6,6,7,6,7,5,8,5,7,4,7,4,7,3,7,3,7,3,7,2,7,2,7,2,6,1,6,0,6,0,6,0,6,-1,5,-2,5,0,0,0,0,0,0,0,0,0,0,0,0,0,0,-53,55,-51,50,-47,54,-43,53,-39,50,-37,46,-35,42,-32,40,-31,41,-27,38,-18,38,-16,38,-17,37,-9,30,-8,30,-4,35,-2,30,1,27,4,26,7,28,12,29,9,29,15,22,16,26,19,24,23,23,28,26,34,30,33,25,36,25,37,30,38,31,38,31,39,29,44,28,40,35,42,37,43,36,38,37,39,41,35,41,36,46,32,44,29,41,23,42,28,47,23,43,21,43,17,40,15,40,9,41,10,40,8,35,2,39,1,33,-3,30,-6,30,0,0,0,0,0,0,0,0,0,0,0,0,0,0,0,0,0,0,0,0,0,0,9,-4,6,-3,2,-1,5,-1,2,4,0,3,-2,0,-7,3,-15,0,-14,-2,-18,-5,-17,-3,-23,-3,-27,-9,-23,-6,-30,-10,-36,-13,-40,-20,-34,-19,-39,-23,-38,-27,-41,-29,-43,-34,-42,-36,-40,-37,-46,-36,-45,-41,-43,-43,-47,-46,-49,-44,-42,-44,-47,-44,-44,-46,-45,-45,-46,-47,-46,-43,-54,-47,-57,-44,-53,-48,-55,-42,-56,-45,-65,-43,-62,-43,-67,-43,-63,-39,-71,-48,-70,-43,-70,-41,-73,-46,-74,-47,-75,-50,-79,-48,-76,-49,-77,-52,-78,-56,-73,-54,-70,-55,0,0]"
CSI_DATA,376,1a:00:00:00:00:00,-45,11,1,0,1,1,1,0,0,0,1,-96,0,11,2,5157698,0,44,0,384,0,"[0,0,0,0,0,0,0,0,0,0,0,0,-13,1,-12,2,-11,2,-11,2,-10,2,-9,1,-8,2,-8,2,-7,3,-6,3,-6,3,-5,4,-5,4,-4,4,-4,4,-3,5,-3,5,-2,5,-1,5,-1,6,-1,6,0,6,0,6,1,7,1,8,1,8,0,0,2,8,1,9,2,10,2,9,1,10,1,10,1,10,0,10,0,10,-1,10,-1,10,-2,10,-2,9,-2,9,-2,9,-2,9,-3,8,-3,8,-3,7,-3,7,-4,6,-4,6,-4,5,-4,4,-5,4,-5,3,0,0,0,0,0,0,0,0,0,0,0,0,0,0,-40,3,-37,1,-36,5,-35,1,-31,3,-31,3,-25,4,-27,5,-23,4,-22,6,-20,7,-17,7,-16,9,-15,7,-16,7,-11,10,-12,13,-9,12,-10,12,-5,15,-6,15,-4,13,-2,13,-1,15,-2,15,1,16,1,19,3,19,3,19,6,22,5,20,6,23,4,24,4,26,5,23,4,28,3,25,3,26,2,28,2,26,2,26,-1,25,-1,27,-2,26,-3,24,-4,23,-4,24,-7,22,-8,20,-9,21,-9,17,-10,18,-8,17,-11,13,-11,13,-11,12,-14,12,0,0,0,0,0,0,0,0,0,0,0,0,0,0,0,0,0,0,0,0,0,0,3,1,2,3,0,2,-1,0,-1,2,-3,-1,-3,0,-5,-2,-5,-4,-4,-4,-6,-6,-4,-6,-8,-8,-6,-11,-8,-12,-7,-14,-8,-17,-7,-18,-7,-20,-8,-23,-5,-23,-5,-25,-4,-24,-5,-29,-3,-31,-3,-29,-2,-30,-2,-30,-1,-29,-4,-34,-1,-28,-3,-35,-1,-31,-1,-33,-2,-35,-3,-33,-4,-33,-6,-35,-6,-33,-7,-36,-7,-37,-8,-35,-9,-37,-10,-39,-10,-39,-13,-37,-12,-40,-9,-40,-14,-39,-13,-42,-11,-44,-13,-42,-10,-46,-10,-43,-11,-47,-10,-46,-7,-45,0,0]"
CSI_DATA,377,1a:00:00:00:00:00,-45,11,1,0,1,1,1,0,0,0,1,-96,0,11,2,5168474,0,44,0,384,0,"[0,0,0,0,0,0,0,0,0,0,0,0,-6,10,-5,10,-4,9,-4,9,-4,8,-3,7,-2,7,-2,7,-1,6,0,6,0,6,0,5,1,5,2,5,2,5,3,4,3,4,3,4,3,3,4,3,4,3,5,3,5,3,6,3,6,3,7,2,0,0,8,3,8,3,9,3,8,3,8,4,8,4,9,4,8,4,8,5,8,5,7,6,7,6,6,6,6,6,6,6,5,6,5,6,4,6,4,6,3,5,3,5,3,6,2,5,1,5,0,5,0,5,0,0,0,0,0,0,0,0,0,0,0,0,0,0,-20,30,-19,32,-16,31,-15,25,-14,25,-14,24,-12,27,-10,24,-8,21,-8,18,-5,19,-6,17,-3,18,-4,15,-1,17,2,17,2,14,2,13,4,13,8,13,8,12,9,13,10,8,10,8,12,11,12,9,16,11,18,7,18,7,20,9,18,8,20,10,19,10,21,11,22,10,22,13,23,14,21,13,22,17,20,18,20,16,20,16,19,17,17,17,15,18,15,19,13,19,12,19,12,18,8,19,7,18,8,18,3,18,4,18,2,18,0,16,1,15,0,0,0,0,0,0,0,0,0,0,0,0,0,0,0,0,0,0,0,0,0,0,4,-2,2,-1,2,0,2,2,0,1,0,0,-3,1,-4,2,-7,2,-6,3,-7,2,-11,2,-12,2,-13,2,-14,-1,-15,1,-17,-2,-21,-4,-18,-4,-20,-5,-21,-6,-24,-9,-23,-8,-26,-7,-26,-10,-28,-9,-25,-11,-26,-13,-28,-14,-28,-12,-27,-15,-27,-14,-28,-16,-30,-14,-29,-16,-29,-15,-31,-12,-33,-15,-33,-13,-34,-11,-33,-13,-35,-11,-36,-11,-36,-12,-35,-9,-38,-12,-37,-15,-38,-12,-40,-13,-45,-13,-43,-11,-42,-12,-41,-13,-44,-15,-44,-16,-42,-17,-40,-17,0,0]"
CSI_DATA,378,1a:00:00:00:00:00,-45,11,1,0,1,1,1,0,0,0,1,-96,0,11,2,5188823,0,44,0,384,0,"[0,0,0,0,0,0,0,0,0,0,0,0,4,10,4,9,4,8,4,9,4,7,3,7,4,6,4,5,4,5,4,4,4,4,4,3,4,2,5,1,4,2,5,0,5,0,4,0,5,-1,5,-2,5,-2,5,-3,6,-3,6,-3,7,-4,6,-4,0,0,7,-5,8,-4,8,-5,8,-5,8,-4,8,-4,9,-4,9,-4,9,-4,9,-3,9,-2,9,-2,9,-2,9,-2,8,-1,8,-1,8,-1,7,-1,7,0,7,0,6,1,6,1,6,1,5,2,5,2,4,3,0,0,0,0,0,0,0,0,0,0,0,0,0,0,14,71,14,67,16,63,14,60,18,62,15,56,17,49,17,46,21,40,17,38,19,37,19,36,22,32,19,29,21,25,23,17,26,14,24,13,25,12,28,9,28,7,26,6,30,-4,31,-5,30,-8,34,-9,36,-9,36,-16,39,-13,40,-17,38,-16,42,-16,45,-23,48,-22,46,-21,48,-21,49,-18,51,-18,54,-15,51,-11,50,-12,54,-8,50,-5,53,-6,51,-3,50,-4,49,3,46,0,40,3,44,4,39,10,39,7,38,11,33,16,32,18,29,18,22,20,0,0,0,0,0,0,0,0,0,0,0,0,0,0,0,0,0,0,0,0,0,0,5,-9,3,-3,7,-5,3,-1,3,0,3,2,-3,6,-5,6,-6,4,-7,13,-11,12,-8,15,-18,17,-22,17,-23,12,-27,14,-32,18,-35,13,-35,14,-42,14,-42,14,-49,16,-53,11,-53,15,-53,11,-57,16,-59,3,-56,5,-59,8,-62,10,-59,7,-65,7,-62,12,-66,9,-66,11,-62,12,-64,10,-70,16,-66,17,-73,19,-67,17,-69,25,-72,22,-75,25,-68,23,-68,32,-77,30,-74,33,-75,35,-79,32,-79,29,-84,38,-84,31,-81,27,-90,28,-80,28,-80,26,0,0]"
CSI_DATA,379,1a:00:00:00:00:00,-45,11,1,0,1,1,1,0,0,0,1,-96,0,11,2,5197103,0,44,0,384,0,"[0,0,0,0,0,0,0,0,0,0,0,0,10,-1,10,-1,9,-2,9,-1,8,-2,7,-2,7,-2,6,-2,5,-3,5,-3,5,-4,4,-4,4,-4,3,-4,3,-4,2,-5,2,-5,1,-5,1,-5,0,-6,1,-6,0,-6,0,-7,-1,-7,-1,-8,-1,-8,0,0,-1,-9,-1,-9,-1,-10,-2,-10,-1,-9,0,-10,-1,-10,0,-9,-1,-10,1,-10,1,-10,2,-9,2,-9,2,-9,2,-8,2,-8,2,-8,2,-7,3,-7,3,-7,3,-6,3,-6,4,-5,4,-4,4,-4,4,-3,0,0,0,0,0,0,0,0,0,0,0,0,0,0,39,0,36,2,35,0,33,1,32,3,28,0,28,-1,27,-3,25,-2,21,-4,20,-3,17,-4,19,-7,16,-8,13,-7,13,-8,14,-10,10,-10,10,-11,7,-11,4,-14,7,-13,5,-14,5,-16,4,-15,1,-19,0,-19,0,-20,0,-21,-1,-23,-1,-23,-2,-23,-2,-25,-2,-28,-2,-25,-1,-28,0,-29,0,-28,3,-28,1,-28,2,-29,3,-28,6,-27,5,-27,7,-25,8,-26,10,-24,9,-22,9,-21,10,-19,11,-18,11,-19,11,-16,12,-14,12,-12,12,-11,13,-9,0,0,0,0,0,0,0,0,0,0,0,0,0,0,0,0,0,0,0,0,0,0,-5,-4,-2,-4,-2,-2,0,-4,-1,0,1,-2,2,1,3,1,6,3,4,5,5,5,5,7,5,10,4,12,3,14,4,16,6,17,3,17,4,19,4,22,2,24,0,24,0,26,-1,26,-2,28,-1,29,-2,29,-5,28,-5,30,-4,33,-3,28,-4,33,-4,32,-4,33,-5,34,-3,33,-2,32,-1,33,-3,34,0,37,-1,38,3,36,1,36,3,38,1,37,3,40,4,39,5,38,3,40,5,44,5,42,4,45,2,46,4,44,2,45,1,46,-1,45,0,0]"
CSI_DATA,380,1a:00:00:00:00:00,-45,11,1,0,1,1,1,0,0,0,1,-96,0,11,2,5208518,0,44,0,384,0,"[0,0,0,0,0,0,0,0,0,0,0,0,9,-6,8,-6,8,-6,7,-5,7,-5,5,-5,5,-6,4,-5,4,-5,3,-5,2,-5,2,-5,2,-5,1,-5,0,-6,0,-6,-1,-6,-1,-6,-2,-5,-2,-6,-2,-6,-3,-5,-3,-6,-4,-6,-4,-7,-5,-7,0,0,-5,-7,-5,-8,-6,-8,-6,-8,-5,-8,-5,-9,-6,-8,-5,-9,-5,-9,-4,-9,-4,-10,-3,-9,-3,-9,-3,-9,-2,-9,-2,-9,-2,-8,-2,-8,-1,-8,-1,-7,0,-7,0,-7,0,-7,1,-6,1,-6,2,-5,0,0,0,0,0,0,0,0,0,0,0,0,0,0,69,-39,69,-36,58,-38,50,-35,53,-35,48,-35,44,-31,40,-30,38,-30,32,-31,24,-33,23,-31,21,-31,21,-30,14,-28,10,-30,12,-33,9,-28,3,-29,1,-31,-10,-33,-7,-28,-11,-30,-13,-27,-16,-25,-16,-31,-21,-32,-21,-29,-23,-37,-29,-34,-30,-36,-39,-38,-31,-40,-33,-40,-32,-40,-30,-44,-34,-43,-35,-39,-31,-46,-33,-47,-26,-49,-28,-51,-24,-48,-26,-51,-18,-47,-22,-47,-17,-49,-15,-45,-13,-45,-8,-43,-5,-42,-7,-43,-5,-38,3,-37,4,-38,7,-32,11,-28,0,0,0,0,0,0,0,0,0,0,0,0,0,0,0,0,0,0,0,0,0,0,-10,-3,-9,-4,-7,-5,-3,-5,2,-2,2,-2,8,-5,8,0,9,3,13,2,18,6,17,10,19,12,23,15,22,18,22,24,28,28,24,35,26,33,25,35,23,35,26,40,22,43,24,50,22,49,25,53,21,54,25,56,18,58,23,59,23,57,24,63,27,59,27,54,34,61,33,57,32,61,34,59,33,62,37,62,37,62,44,60,42,63,44,64,45,62,46,55,50,62,54,63,54,62,55,72,50,69,53,68,56,71,49,70,46,78,53,76,51,71,0,0]"
CSI_DATA,381,1a:00:00:00:00:00,-45,11,1,0,1,1,1,0,0,0,1,-96,0,11,2,5226926,0,44,0,384,0,"[0,0,0,0,0,0,0,0,0,0,0,0,-12,2,-11,2,-10,3,-9,2,-9,2,-8,2,-7,3,-7,2,-6,3,-6,3,-5,3,-4,4,-4,3,-3,4,-3,4,-3,5,-2,4,-2,4,-1,4,-1,5,0,5,0,5,0,6,1,6,1,7,2,7,0,0,2,8,2,8,2,8,2,9,1,8,1,9,1,9,1,9,0,9,0,10,-1,9,-1,9,-2,9,-2,8,-2,8,-2,8,-3,7,-3,7,-3,6,-3,6,-4,6,-4,5,-4,5,-4,4,-5,3,-4,3,0,0,0,0,0,0,0,0,0,0,0,0,0,0,-79,11,-74,11,-69,17,-62,12,-60,19,-53,10,-55,16,-50,11,-44,15,-39,18,-34,19,-33,17,-29,19,-27,19,-23,25,-22,21,-17,23,-18,21,-13,21,-7,25,-6,33,-5,25,-1,26,2,32,2,33,4,36,7,35,12,32,10,33,18,44,17,38,18,44,13,43,18,49,22,49,14,54,13,52,13,53,11,53,12,55,12,55,7,51,6,53,6,53,1,46,0,50,-3,50,-6,48,-6,44,-7,39,-12,39,-8,37,-11,36,-17,32,-17,29,-17,27,-19,23,0,0,0,0,0,0,0,0,0,0,0,0,0,0,0,0,0,0,0,0,0,0,7,6,4,7,-1,3,1,5,-1,1,-5,1,-9,0,-8,-2,-8,-4,-13,-11,-12,-13,-15,-17,-13,-15,-15,-22,-15,-24,-15,-29,-18,-34,-13,-38,-16,-38,-12,-43,-12,-45,-12,-47,-8,-50,-7,-51,-5,-58,-10,-58,-4,-59,-9,-61,0,-60,-5,-66,-5,-60,-5,-68,-5,-64,-5,-64,-8,-67,-5,-64,-9,-63,-14,-68,-12,-67,-18,-68,-17,-73,-20,-72,-21,-74,-22,-76,-24,-71,-34,-74,-28,-76,-27,-76,-29,-81,-27,-82,-27,-81,-29,-84,-25,-88,-24,-81,-28,-90,-25,-86,-21,-88,0,0]"
CSI_DATA,382,1a:00:00:00:00:00,-45,11,1,0,1,1,1,0,0,0,1,-96,0,11,2,5237021,0,44,0,384,0,"[0,0,0,0,0,0,0,0,0,0,0,0,10,1,10,1,9,0,9,0,8,0,7,0,7,-1,6,-2,6,-1,5,-2,5,-2,4,-3,4,-3,4,-3,3,-4,3,-4,2,-5,2,-5,2,-5,1,-6,1,-6,1,-6,1,-6,0,-7,1,-8,0,-8,0,0,0,-8,1,-9,0,-10,0,-9,1,-10,1,-10,1,-10,2,-9,2,-10,2,-9,3,-10,3,-9,3,-8,3,-8,4,-8,4,-8,4,-7,4,-7,4,-6,4,-6,5,-5,4,-5,4,-4,4,-4,5,-3,4,-2,0,0,0,0,0,0,0,0,0,0,0,0,0,0,77,19,68,22,69,13,65,14,59,13,53,11,54,8,52,3,48,2,40,1,38,-3,33,-1,36,-3,34,-8,30,-9,30,-12,28,-14,23,-16,21,-15,21,-18,18,-24,13,-23,12,-25,10,-30,7,-29,6,-33,4,-39,5,-39,5,-38,4,-41,5,-45,1,-47,3,-49,3,-51,2,-50,11,-55,10,-55,5,-58,13,-53,11,-54,12,-51,13,-56,20,-51,24,-48,23,-47,22,-48,27,-42,26,-39,23,-35,23,-37,26,-31,23,-34,26,-27,29,-25,28,-20,28,-14,26,-11,0,0,0,0,0,0,0,0,0,0,0,0,0,0,0,0,0,0,0,0,0,0,-6,-6,-4,-9,2,-6,0,-6,1,-2,3,0,4,4,7,6,7,7,7,12,9,14,2,21,8,19,2,25,2,32,2,33,-1,37,-4,40,0,38,-5,45,-10,42,-10,51,-11,47,-17,54,-18,52,-16,54,-22,54,-19,57,-24,55,-23,59,-18,51,-23,62,-22,61,-21,59,-22,63,-18,62,-21,59,-20,65,-19,68,-16,68,-18,72,-13,73,-20,72,-11,74,-9,74,-6,83,-8,77,-9,79,-5,79,-9,87,-13,86,-16,84,-17,88,-13,85,-22,90,-17,89,-17,87,0,0]"
CSI_DATA,383,1a:00:00:00:00:00,-45,11,1,0,1,1,1,0,0,0,1,-96,0,11,2,5246916,0,44,0,384,0,"[0,0,0,0,0,0,0,0,0,0,0,0,-8,-9,-8,-7,-8,-6,-8,-6,-8,-6,-7,-5,-7,-4,-7,-4,-6,-3,-6,-3,-6,-2,-6,-2,-6,-1,-6,0,-6,0,-6,0,-5,1,-5,1,-5,2,-5,3,-5,3,-5,4,-5,4,-5,5,-5,5,-5,6,0,0,-5,7,-6,7,-6,7,-6,7,-6,7,-7,7,-7,7,-7,6,-7,7,-8,6,-8,5,-8,5,-8,5,-8,4,-8,4,-8,3,-8,3,-8,3,-7,2,-7,2,-7,1,-7,1,-7,0,-6,0,-6,-1,-6,-1,0,0,0,0,0,0,0,0,0,0,0,0,0,0,-55,-57,-46,-51,-53,-49,-42,-47,-45,-45,-41,-43,-37,-32,-45,-33,-36,-26,-33,-28,-35,-25,-31,-19,-35,-16,-36,-10,-31,-10,-32,-6,-33,-2,-28,3,-26,3,-28,5,-31,10,-28,9,-26,19,-26,16,-23,20,-25,23,-23,24,-24,27,-23,32,-26,40,-26,37,-29,43,-27,37,-31,41,-28,34,-35,40,-36,42,-38,39,-41,35,-41,36,-39,33,-41,34,-42,33,-43,32,-45,30,-45,28,-44,22,-40,23,-41,19,-43,15,-41,13,-40,9,-38,8,-36,5,-33,2,-33,0,-30,-4,0,0,0,0,0,0,0,0,0,0,0,0,0,0,0,0,0,0,0,0,0,0,-1,8,-5,7,-2,2,-4,5,-3,-1,-1,-3,-4,-6,-1,-8,-1,-9,-1,-15,3,-16,2,-18,5,-24,7,-28,11,-29,15,-27,14,-34,18,-30,23,-32,28,-34,30,-38,35,-39,32,-39,38,-41,43,-41,38,-42,44,-39,48,-39,49,-37,49,-42,43,-38,52,-43,52,-36,50,-42,53,-43,52,-41,49,-42,48,-48,43,-47,49,-58,49,-55,45,-54,52,-59,49,-60,50,-59,53,-58,53,-63,47,-64,52,-63,51,-68,55,-70,51,-73,55,-71,51,-64,60,-73,58,-71,57,-66,0,0]"
CSI_DATA,384,1a:00:00:00:00:00,-45,11,1,0,1,1,1,0,0,0,1,-96,0,11,2,5257410,0,44,0,384,0,"[0,0,0,0,0,0,0,0,0,0,0,0,9,7,8,6,8,5,8,5,7,4,7,4,7,3,6,2,6,2,6,1,5,0,5,0,5,-1,5,-1,5,-2,5,-2,4,-3,4,-3,4,-4,3,-5,4,-5,3,-6,3,-6,3,-6,3,-7,3,-8,0,0,3,-8,4,-9,4,-9,4,-9,5,-9,4,-9,5,-9,5,-9,5,-9,5,-8,6,-8,6,-7,6,-7,6,-7,6,-6,6,-6,6,-6,6,-5,6,-5,6,-5,6,-4,6,-3,6,-3,5,-2,6,-1,5,-1,0,0,0,0,0,0,0,0,0,0,0,0,0,0,53,56,50,59,48,51,44,45,44,43,41,45,36,38,38,32,39,30,36,28,38,23,35,19,34,15,30,9,32,8,31,1,27,2,28,-1,30,-3,30,-5,29,-13,24,-15,24,-18,21,-19,23,-21,21,-27,25,-27,24,-34,25,-34,27,-38,24,-36,19,-39,26,-41,24,-42,27,-42,27,-43,32,-46,30,-43,38,-45,35,-42,36,-37,38,-38,38,-37,41,-39,39,-31,37,-34,39,-26,39,-27,36,-23,37,-24,36,-21,34,-13,36,-16,35,-8,34,-5,31,-4,30,0,0,0,0,0,0,0,0,0,0,0,0,0,0,0,0,0,0,0,0,0,0,0,4,-6,1,-8,3,-4,2,-4,3,2,2,4,1,5,3,9,-1,12,-6,13,-5,18,-7,15,-11,18,-16,23,-16,25,-20,27,-26,32,-28,28,-29,29,-34,31,-36,33,-43,32,-42,30,-43,34,-50,33,-46,36,-54,29,-52,32,-53,29,-57,36,-51,29,-60,36,-52,35,-49,39,-58,34,-57,37,-55,40,-52,44,-52,45,-55,46,-55,49,-56,51,-54,50,-56,59,-53,55,-58,60,-53,63,-52,65,-58,66,-59,71,-59,62,-62,65,-64,63,-61,64,-68,68,-62,63,-64,62,0,0]"
CSI_DATA,385,1a:00:00:00:00:00,-45,11,1,0,1,1,1,0,0,0,1,-96,0,11,2,5276927,0,44,0,384,0,"[0,0,0,0,0,0,0,0,0,0,0,0,11,-1,10,-2,9,-3,9,-2,8,-2,7,-2,7,-3,6,-3,5,-3,5,-4,4,-4,4,-4,3,-4,3,-5,2,-4,2,-5,1,-5,1,-5,0,-5,0,-6,0,-6,-1,-6,-1,-7,-2,-8,-2,-8,-2,-8,0,0,-3,-9,-3,-9,-3,-9,-3,-10,-2,-9,-2,-10,-2,-10,-2,-10,-2,-10,-1,-10,-1,-10,0,-10,0,-9,0,-9,1,-9,1,-9,1,-9,1,-8,2,-7,1,-7,2,-7,2,-6,3,-6,3,-5,3,-5,3,-4,0,0,0,0,0,0,0,0,0,0,0,0,0,0,39,0,37,-1,36,-2,30,-1,28,-2,27,-4,28,-2,25,-4,23,-4,22,-5,18,-7,18,-6,17,-8,17,-8,13,-8,10,-11,11,-11,11,-14,8,-10,5,-13,5,-16,3,-12,3,-15,1,-15,1,-16,1,-17,-1,-18,-4,-20,-2,-20,-6,-23,-4,-22,-7,-25,-4,-24,-5,-27,-5,-26,-4,-27,-3,-28,-4,-29,-2,-29,-1,-29,-1,-29,1,-28,2,-27,2,-26,4,-26,5,-27,5,-25,7,-24,7,-23,7,-21,8,-21,7,-19,9,-18,9,-16,10,-13,13,-10,12,-12,0,0,0,0,0,0,0,0,0,0,0,0,0,0,0,0,0,0,0,0,0,0,-4,-2,-2,-5,-2,-4,-1,-3,-1,-2,1,0,3,1,3,1,5,3,4,4,5,6,6,6,6,10,4,10,5,13,4,13,7,17,3,18,5,21,3,21,1,22,2,25,1,26,0,26,0,29,2,30,-2,29,-1,32,-3,31,-2,32,-4,29,-3,36,-2,33,-3,31,-1,35,-1,33,1,32,2,33,0,35,3,37,2,36,4,36,4,39,4,38,5,38,9,41,4,40,9,37,8,41,6,44,7,45,8,43,6,45,4,43,5,47,4,46,4,44,0,0]"
CSI_DATA,386,1a:00:00:00:00:00,-45,11,1,0,1,1,1,0,0,0,1,-96,0,11,2,5287330,0,44,0,384,0,"[0,0,0,0,0,0,0,0,0,0,0,0,11,0,10,0,10,-1,9,0,8,-1,8,-1,7,-2,6,-2,6,-2,5,-3,5,-3,4,-4,4,-4,4,-4,3,-4,3,-5,2,-5,2,-5,1,-5,1,-6,1,-6,0,-7,0,-7,-1,-7,-1,-8,-1,-8,0,0,-2,-9,-1,-10,-1,-10,-1,-10,-1,-10,-1,-11,-1,-10,0,-10,0,-10,0,-10,1,-11,2,-10,2,-9,2,-9,2,-9,3,-9,2,-8,3,-8,3,-8,3,-7,3,-6,3,-6,4,-5,4,-5,4,-4,4,-4,0,0,0,0,0,0,0,0,0,0,0,0,0,0,37,-1,38,1,34,-2,33,1,31,1,28,1,27,-2,26,-1,23,-4,22,-3,19,-4,19,-6,18,-8,15,-6,14,-8,15,-9,14,-10,11,-11,9,-10,8,-11,7,-14,4,-15,3,-13,3,-16,2,-17,0,-18,2,-19,-1,-20,0,-20,-3,-22,-2,-24,-3,-23,-1,-22,-3,-26,-4,-26,-3,-26,1,-29,-1,-30,2,-30,2,-28,4,-27,6,-26,7,-26,7,-26,8,-24,9,-25,9,-22,8,-22,9,-21,8,-19,10,-17,11,-18,10,-17,12,-15,12,-13,12,-12,12,-9,0,0,0,0,0,0,0,0,0,0,0,0,0,0,0,0,0,0,0,0,0,0,-4,-4,-3,-4,-2,-3,0,-3,1,-4,2,-1,1,0,2,1,4,2,5,5,4,5,5,7,5,9,6,11,3,12,4,14,8,17,4,20,3,20,4,22,1,22,3,26,-1,26,-1,26,-2,28,-2,29,-3,28,-1,27,-5,31,-2,32,-4,31,-2,33,-2,33,-2,33,-3,32,-1,31,-2,33,-2,34,0,36,1,36,2,36,3,37,3,36,5,41,4,36,7,39,5,39,6,41,6,42,5,45,3,44,5,44,2,45,2,45,3,48,3,45,1,43,0,0]"
CSI_DATA,387,1a:00:00:00:00:00,-45,11,1,0,1,1,1,0,0,0,1,-96,0,11,2,5296929,0,44,0,384,0,"[0,0,0,0,0,0,0,0,0,0,0,0,2,11,3,11,4,9,3,9,3,8,2,7,4,7,3,6,3,5,4,4,3,4,4,4,4,3,4,2,4,2,5,1,5,1,5,1,5,0,5,-1,6,-1,6,-2,6,-2,6,-2,7,-3,7,-3,0,0,8,-4,9,-3,9,-4,9,-4,9,-3,10,-3,9,-3,9,-3,10,-2,9,-1,10,-1,9,0,9,0,9,0,9,0,8,1,8,1,7,1,7,1,7,1,6,2,6,2,5,3,5,3,4,4,3,4,0,0,0,0,0,0,0,0,0,0,0,0,0,0,4,37,4,35,6,36,5,33,5,32,6,26,7,27,6,25,7,21,6,19,7,19,8,16,9,18,10,14,9,12,12,11,10,11,12,8,11,6,15,6,12,3,14,4,13,1,14,-2,14,-1,15,-3,18,-4,17,-6,18,-5,21,-9,21,-5,20,-8,25,-7,26,-7,24,-8,26,-7,27,-8,27,-7,28,-4,26,-4,25,-3,29,-1,25,0,28,2,23,1,25,2,22,5,22,5,20,5,19,5,22,6,18,7,15,8,15,9,15,11,12,10,10,10,0,0,0,0,0,0,0,0,0,0,0,0,0,0,0,0,0,0,0,0,0,0,2,-4,2,-3,3,-2,3,0,0,0,-1,1,-1,4,-2,4,-3,5,-5,7,-5,6,-8,7,-10,8,-11,8,-12,7,-13,9,-15,8,-18,8,-18,9,-21,8,-20,7,-23,8,-26,7,-27,7,-29,4,-30,6,-29,2,-30,4,-32,2,-31,4,-31,4,-32,3,-34,3,-30,4,-35,4,-33,7,-34,4,-34,8,-34,7,-37,8,-32,8,-37,12,-36,9,-39,13,-37,13,-38,14,-40,13,-38,15,-39,14,-42,13,-43,14,-43,16,-42,14,-45,13,-47,14,-43,11,-42,12,0,0]"
CSI_DATA,388,1a:00:00:00:00:00,-45,11,1,0,1,1,1,0,0,0,1,-96,0,11,2,5307313,0,44,0,384,0,"[0,0,0,0,0,0,0,0,0,0,0,0,4,9,4,9,4,8,4,7,4,7,3,6,4,5,4,5,4,4,4,3,4,3,4,2,4,2,4,1,4,1,5,1,4,0,4,0,4,-1,5,-1,5,-2,5,-3,5,-3,6,-3,6,-4,6,-4,0,0,7,-4,7,-4,7,-5,7,-4,8,-4,8,-4,8,-4,8,-3,9,-3,8,-3,9,-2,8,-1,8,-2,8,-1,8,-1,7,0,7,0,7,0,6,0,6,1,6,1,6,1,5,1,5,2,4,2,3,2,0,0,0,0,0,0,0,0,0,0,0,0,0,0,11,75,9,70,14,71,7,64,8,60,7,58,14,53,9,45,11,44,11,42,13,39,13,30,17,35,18,29,18,30,24,21,25,18,24,17,24,16,23,14,27,7,26,7,32,0,29,0,30,-2,35,0,34,-5,37,-8,42,-9,38,-10,41,-8,45,-10,47,-11,49,-11,47,-13,54,-10,53,-13,55,-8,56,-6,52,-2,51,-1,54,0,51,3,52,5,52,6,48,9,46,11,46,8,42,11,38,13,37,14,38,13,34,15,27,18,26,22,24,21,19,22,0,0,0,0,0,0,0,0,0,0,0,0,0,0,0,0,0,0,0,0,0,0,3,-6,2,-3,3,-3,3,-1,3,3,0,4,1,5,-2,11,-9,9,-6,13,-12,12,-12,15,-20,15,-20,21,-26,15,-28,14,-33,22,-34,16,-39,18,-39,16,-45,14,-52,15,-46,12,-56,15,-57,13,-57,13,-58,8,-64,7,-60,7,-65,11,-56,9,-67,8,-66,7,-65,10,-68,10,-66,9,-64,12,-67,14,-67,14,-71,18,-75,16,-74,19,-75,21,-72,23,-73,21,-77,30,-77,26,-77,33,-77,30,-81,26,-82,27,-89,26,-94,21,-83,19,-88,22,-89,27,-83,21,0,0]"
CSI_DATA,389,1a:00:00:00:00:00,-45,11,1,0,1,1,1,0,0,0,1,-96,0,11,2,5331470,0,44,0,384,0,"[0,0,0,0,0,0,0,0,0,0,0,0,-7,9,-7,9,-5,9,-5,8,-5,8,-4,7,-3,7,-3,6,-3,6,-2,6,-1,6,0,6,0,5,0,5,1,4,1,5,2,4,2,4,3,3,3,4,4,4,4,3,5,4,6,4,6,4,6,4,0,0,7,4,7,5,7,5,8,5,7,5,7,6,7,6,7,6,7,7,7,7,6,7,6,7,5,7,5,7,4,8,4,7,3,7,3,7,2,7,2,6,1,6,1,6,0,6,0,6,-1,6,-1,5,0,0,0,0,0,0,0,0,0,0,0,0,0,0,-59,50,-50,51,-50,53,-44,41,-45,44,-41,41,-33,36,-37,40,-31,30,-28,36,-24,32,-19,34,-19,32,-13,27,-7,28,-6,27,-4,28,1,28,-1,29,2,26,11,29,7,24,15,22,13,26,18,24,19,26,22,25,25,22,27,28,35,25,32,26,37,33,33,31,37,31,37,33,37,41,35,36,33,40,30,43,34,43,33,41,31,42,26,41,27,46,22,46,21,41,16,42,16,42,10,40,8,42,5,41,6,38,5,36,0,32,-6,32,-4,33,-8,27,0,0,0,0,0,0,0,0,0,0,0,0,0,0,0,0,0,0,0,0,0,0,8,-3,6,0,1,1,-1,4,-1,1,-2,2,-5,2,-11,1,-12,1,-15,1,-18,2,-17,-1,-26,0,-25,-8,-28,-6,-33,-10,-33,-12,-35,-18,-35,-20,-36,-23,-38,-25,-40,-33,-38,-29,-43,-31,-41,-37,-46,-41,-44,-39,-43,-45,-40,-42,-46,-47,-38,-42,-44,-47,-42,-47,-44,-43,-43,-47,-46,-47,-47,-41,-51,-42,-50,-46,-58,-47,-59,-49,-57,-45,-61,-50,-59,-47,-59,-46,-63,-39,-67,-48,-67,-47,-70,-51,-70,-49,-73,-54,-76,-51,-72,-57,-63,-52,-71,-61,-73,-60,-63,-60,0,0]"
CSI_DATA,390,1a:00:00:00:00:00,-45,11,1,0,1,1,1,0,0,0,1,-96,0,11,2,5337427,0,44,0,384,0,"[0,0,0,0,0,0,0,0,0,0,0,0,11,-1,11,-1,10,-2,10,-2,8,-1,8,-2,7,-3,7,-2,6,-3,5,-3,5,-4,4,-4,4,-4,4,-4,3,-5,2,-5,1,-5,1,-5,1,-6,1,-6,0,-6,0,-7,-1,-7,-1,-8,-1,-8,-2,-9,0,0,-2,-9,-2,-10,-2,-10,-2,-10,-2,-10,-1,-11,-1,-11,-1,-11,-1,-11,0,-11,0,-11,1,-10,1,-10,1,-10,1,-9,2,-9,2,-8,2,-8,3,-8,3,-7,3,-7,3,-7,3,-6,4,-5,4,-5,4,-4,0,0,0,0,0,0,0,0,0,0,0,0,0,0,38,9,36,13,35,5,30,7,32,5,27,7,28,4,24,2,24,0,22,-1,20,-1,19,-4,18,-4,17,-3,14,-4,14,-8,14,-7,11,-8,10,-9,7,-10,8,-12,8,-12,5,-14,5,-16,3,-14,3,-18,2,-17,1,-19,1,-21,0,-22,-1,-23,0,-25,0,-25,-1,-24,-1,-26,1,-26,2,-28,2,-30,6,-30,4,-28,4,-28,8,-27,5,-25,8,-26,9,-23,8,-25,10,-21,7,-23,10,-20,11,-19,11,-18,10,-17,11,-15,10,-15,12,-14,14,-11,13,-8,0,0,0,0,0,0,0,0,0,0,0,0,0,0,0,0,0,0,0,0,0,0,-2,-4,-1,-4,0,-3,-1,-3,1,-3,4,1,2,2,3,2,3,7,5,6,2,8,2,9,4,10,1,12,1,14,-1,16,0,18,-3,18,-3,21,-4,21,-6,20,-8,25,-7,25,-8,25,-9,27,-9,26,-12,26,-10,28,-13,27,-11,30,-11,28,-14,30,-12,29,-14,29,-13,31,-11,33,-8,31,-11,33,-11,34,-8,37,-10,36,-7,36,-7,37,-6,39,-5,37,-8,42,-5,42,-4,39,-4,42,-6,44,-6,44,-3,44,-7,44,-8,43,-7,47,-7,45,-7,44,0,0]"
CSI_DATA,391,1a:00:00:00:00:00,-45,11,1,0,1,1,1,0,0,0,1,-96,0,11,2,5366945,0,44,0,384,0,"[0,0,0,0,0,0,0,0,0,0,0,0,11,1,10,1,9,0,9,0,8,0,8,0,7,-1,6,-2,6,-2,5,-2,5,-2,5,-3,4,-3,4,-4,3,-4,3,-4,3,-5,2,-5,1,-5,1,-6,1,-6,1,-6,0,-7,0,-7,0,-8,0,-8,0,0,-1,-9,0,-9,0,-10,0,-9,0,-10,1,-10,0,-10,1,-10,1,-11,1,-10,2,-10,2,-9,3,-9,3,-9,3,-8,3,-9,3,-8,3,-7,3,-7,3,-6,4,-6,4,-6,4,-5,4,-4,4,-4,4,-3,0,0,0,0,0,0,0,0,0,0,0,0,0,0,33,21,32,18,31,15,29,14,26,13,25,12,25,11,25,9,23,8,20,7,17,4,18,4,18,4,18,1,15,-1,14,-3,14,-5,13,-5,14,-7,12,-7,9,-11,9,-9,8,-12,8,-11,8,-14,9,-16,5,-18,8,-19,6,-20,8,-22,5,-22,7,-26,9,-22,8,-27,6,-25,9,-25,10,-26,10,-25,11,-28,12,-25,12,-25,12,-23,14,-23,14,-24,15,-22,15,-22,16,-18,16,-17,15,-16,15,-13,15,-14,16,-13,14,-11,16,-11,13,-7,16,-7,14,-4,0,0,0,0,0,0,0,0,0,0,0,0,0,0,0,0,0,0,0,0,0,0,0,-6,-1,-6,1,-3,1,-3,1,0,3,-1,3,2,2,2,2,5,1,7,0,9,1,9,-1,11,-3,13,-3,15,-5,14,-5,18,-7,18,-8,19,-10,19,-10,20,-15,22,-13,22,-14,22,-15,25,-15,26,-17,24,-18,25,-20,22,-19,27,-18,25,-20,25,-22,25,-21,26,-22,27,-18,29,-18,28,-17,29,-17,30,-17,33,-19,33,-15,32,-16,36,-17,37,-16,35,-14,35,-16,36,-14,39,-16,41,-16,42,-17,38,-16,42,-19,43,-18,37,-18,44,-19,41,-20,40,0,0]"
CSI_DATA,392,1a:00:00:00:00:00,-45,11,1,0,1,1,1,0,0,0,1,-96,0,11,2,5377015,0,44,0,384,0,"[0,0,0,0,0,0,0,0,0,0,0,0,-11,2,-10,3,-9,2,-10,3,-9,2,-8,2,-7,3,-6,3,-6,3,-5,3,-5,3,-4,4,-4,3,-3,4,-3,4,-2,5,-2,4,-1,4,-1,5,0,5,0,5,1,5,1,5,1,6,2,6,2,7,0,0,2,7,2,7,2,8,2,8,2,8,2,8,2,9,2,9,1,9,1,9,0,9,0,9,-1,8,-1,8,-1,8,-2,8,-2,7,-2,7,-2,7,-2,6,-3,6,-3,5,-3,5,-3,4,-4,4,-4,3,0,0,0,0,0,0,0,0,0,0,0,0,0,0,-78,1,-73,1,-72,7,-65,8,-59,6,-55,5,-56,7,-53,6,-46,11,-42,12,-38,13,-34,15,-34,14,-31,13,-27,18,-23,20,-25,21,-21,17,-16,25,-10,25,-10,27,-10,22,-8,27,-3,32,-2,31,1,34,4,37,6,38,7,40,12,43,9,39,9,48,8,45,10,49,9,45,10,53,9,55,5,54,4,54,1,52,4,52,-5,55,-6,51,-8,51,-9,52,-12,49,-11,47,-11,46,-14,43,-15,40,-17,36,-17,38,-16,34,-19,31,-24,28,-20,23,-23,20,0,0,0,0,0,0,0,0,0,0,0,0,0,0,0,0,0,0,0,0,0,0,4,5,3,5,0,3,0,4,-2,1,-3,0,-5,-5,-11,-3,-11,-7,-11,-10,-12,-13,-10,-18,-13,-23,-13,-24,-14,-27,-12,-32,-17,-35,-14,-34,-8,-40,-8,-44,-10,-44,-8,-52,-8,-49,-7,-54,-2,-58,-3,-59,-1,-57,-2,-62,2,-58,-3,-64,-4,-60,0,-65,-1,-67,-3,-63,-1,-66,-5,-67,-7,-66,-8,-69,-9,-69,-8,-74,-10,-72,-11,-73,-12,-72,-15,-77,-15,-78,-21,-75,-23,-75,-19,-76,-16,-80,-16,-83,-16,-88,-21,-88,-18,-91,-21,-84,-18,-90,-15,-91,-11,-88,0,0]"
CSI_DATA,393,1a:00:00:00:00:00,-45,11,1,0,1,1,1,0,0,0,1,-96,0,11,2,5388741,0,44,0,384,0,"[0,0,0,0,0,0,0,0,0,0,0,0,7,-9,7,-9,6,-8,6,-8,4,-7,4,-7,3,-7,3,-7,2,-7,1,-6,1,-6,0,-6,0,-6,-1,-6,-1,-6,-2,-6,-3,-5,-3,-5,-3,-5,-4,-5,-4,-5,-5,-5,-5,-5,-6,-5,-6,-5,-7,-5,0,0,-7,-5,-8,-6,-8,-6,-8,-6,-8,-7,-8,-7,-8,-7,-7,-7,-8,-7,-7,-8,-7,-8,-6,-8,-6,-8,-5,-8,-5,-8,-5,-8,-4,-8,-4,-8,-3,-8,-3,-7,-2,-7,-2,-7,-2,-7,-1,-6,0,-6,1,-6,0,0,0,0,0,0,0,0,0,0,0,0,0,0,66,-47,60,-40,56,-45,53,-41,48,-38,43,-32,39,-38,41,-36,34,-35,30,-36,25,-34,23,-34,22,-32,18,-33,13,-30,7,-35,3,-30,3,-33,0,-27,-6,-29,-10,-31,-8,-28,-12,-25,-11,-26,-16,-28,-18,-28,-23,-27,-30,-25,-31,-27,-36,-33,-35,-30,-36,-33,-33,-34,-35,-32,-39,-36,-34,-38,-37,-37,-37,-42,-35,-42,-35,-46,-31,-49,-34,-46,-30,-49,-29,-47,-20,-45,-23,-46,-14,-48,-17,-48,-15,-43,-10,-42,-9,-42,-8,-38,-4,-40,-2,-40,-3,-37,4,-33,5,-27,0,0,0,0,0,0,0,0,0,0,0,0,0,0,0,0,0,0,0,0,0,0,-11,-1,-6,-5,-5,-3,-5,-4,-1,-4,4,-3,6,-1,8,-1,14,0,11,3,17,7,22,4,24,9,24,13,25,15,26,19,30,24,29,28,31,27,26,34,27,33,32,43,32,40,34,44,33,45,37,49,34,51,33,53,32,53,32,53,31,55,34,56,31,57,34,58,33,57,37,58,41,56,45,55,41,54,48,56,45,59,54,54,48,57,56,58,55,55,54,56,55,58,59,57,62,64,65,65,63,63,67,66,63,70,58,63,64,70,56,67,60,71,0,0]"
CSI_DATA,394,1a:00:00:00:00:00,-45,11,1,0,1,1,1,0,0,0,1,-96,0,11,2,5396990,0,44,0,384,0,"[0,0,0,0,0,0,0,0,0,0,0,0,-10,-6,-10,-5,-10,-4,-9,-4,-9,-4,-8,-3,-8,-2,-7,-2,-7,-2,-6,-1,-6,-1,-6,0,-6,0,-5,1,-5,1,-5,2,-4,2,-4,3,-4,3,-4,4,-4,4,-3,4,-4,5,-3,6,-4,6,-3,6,0,0,-3,7,-4,8,-4,8,-4,8,-5,8,-5,8,-5,8,-5,7,-5,8,-6,7,-6,7,-6,6,-6,6,-6,5,-7,5,-7,5,-7,5,-6,4,-7,4,-6,3,-6,3,-6,2,-6,2,-6,1,-6,0,-6,0,0,0,0,0,0,0,0,0,0,0,0,0,0,0,-66,-45,-62,-39,-61,-33,-55,-34,-47,-31,-46,-33,-48,-23,-47,-22,-47,-22,-38,-14,-38,-11,-35,-5,-41,-5,-37,-2,-32,-4,-29,0,-32,4,-32,6,-27,6,-26,15,-22,17,-24,15,-22,20,-19,24,-22,26,-21,28,-18,28,-16,37,-21,35,-19,38,-19,37,-19,43,-21,43,-21,47,-17,46,-26,48,-26,48,-27,48,-29,46,-31,45,-31,46,-36,43,-38,38,-39,39,-35,33,-37,33,-36,33,-40,35,-36,25,-34,26,-34,22,-31,19,-32,15,-37,11,-34,7,-35,4,-31,1,0,0,0,0,0,0,0,0,0,0,0,0,0,0,0,0,0,0,0,0,0,0,1,9,0,7,-2,1,-3,1,-3,0,-5,-1,-5,-6,-3,-6,-5,-12,-1,-17,-4,-16,-2,-20,0,-25,3,-27,6,-30,4,-31,7,-38,12,-36,14,-40,17,-38,19,-46,19,-49,25,-45,24,-45,30,-50,25,-54,32,-48,31,-49,34,-48,33,-54,35,-46,37,-55,37,-54,33,-53,36,-58,36,-56,36,-58,34,-61,32,-62,32,-65,35,-63,31,-67,32,-69,31,-76,27,-66,29,-76,32,-73,25,-77,28,-81,31,-83,35,-81,33,-81,41,-82,36,-80,40,-83,35,-83,43,-81,0,0]"
CSI_DATA,395,1a:00:00:00:00:00,-45,11,1,0,1,1,1,0,0,0,1,-96,0,11,2,5406940,0,44,0,384,0,"[0,0,0,0,0,0,0,0,0,0,0,0,-10,5,-9,5,-9,5,-9,5,-8,4,-7,4,-6,5,-5,5,-5,4,-4,4,-4,4,-3,5,-3,4,-2,4,-2,5,-1,5,0,5,0,4,1,5,1,5,1,5,2,5,2,5,3,6,3,6,4,6,0,0,4,7,4,7,4,7,4,8,4,7,4,8,4,8,3,8,3,9,3,8,2,9,2,8,1,9,1,8,1,8,0,8,0,7,0,7,-1,7,-1,6,-2,7,-2,6,-2,5,-3,5,-3,5,-3,4,0,0,0,0,0,0,0,0,0,0,0,0,0,0,-69,28,-66,26,-65,31,-55,27,-50,28,-51,26,-44,25,-45,23,-40,25,-36,28,-32,27,-29,29,-26,28,-21,24,-16,26,-11,30,-14,29,-10,26,-8,26,-2,27,0,32,2,30,6,27,6,27,11,27,14,30,18,28,18,32,25,33,23,32,28,35,33,38,25,39,28,42,31,38,25,45,31,46,26,46,24,49,24,53,21,49,25,49,18,53,18,48,12,50,10,47,10,47,8,45,8,44,2,40,3,40,-1,39,0,33,-4,35,-11,31,-12,28,-13,29,0,0,0,0,0,0,0,0,0,0,0,0,0,0,0,0,0,0,0,0,0,0,6,2,6,3,2,5,-1,4,-2,0,-5,3,-7,-1,-10,-3,-15,-5,-11,-6,-14,-9,-19,-10,-17,-16,-19,-16,-21,-19,-21,-23,-26,-27,-24,-33,-20,-34,-20,-39,-25,-38,-20,-47,-22,-48,-23,-46,-22,-51,-29,-55,-20,-54,-22,-57,-18,-59,-24,-61,-18,-56,-24,-64,-19,-66,-23,-60,-23,-65,-28,-62,-28,-59,-29,-61,-32,-61,-35,-64,-32,-67,-36,-65,-37,-66,-41,-66,-39,-66,-50,-68,-45,-65,-45,-69,-44,-70,-47,-74,-46,-74,-52,-75,-50,-78,-42,-72,-47,-77,-42,-79,-38,-76,0,0]"
CSI_DATA,396,1a:00:00:00:00:00,-45,11,1,0,1,1,1,0,0,0,1,-96,0,11,2,5416944,0,44,0,384,0,"[0,0,0,0,0,0,0,0,0,0,0,0,-11,-5,-10,-5,-10,-4,-10,-4,-9,-3,-9,-3,-8,-2,-8,-2,-7,-1,-7,0,-7,0,-6,1,-6,1,-5,2,-5,2,-5,3,-4,3,-4,3,-4,4,-4,4,-4,5,-3,5,-3,5,-3,7,-3,7,-3,7,0,0,-3,8,-3,8,-3,9,-3,9,-3,9,-4,9,-4,9,-4,9,-4,9,-5,9,-5,8,-6,8,-6,7,-6,7,-6,7,-6,7,-6,6,-6,6,-6,5,-6,4,-6,4,-6,4,-6,3,-6,2,-6,2,-6,1,0,0,0,0,0,0,0,0,0,0,0,0,0,0,-37,-16,-33,-15,-33,-13,-31,-10,-30,-10,-28,-10,-26,-8,-27,-5,-22,-6,-23,-6,-21,0,-20,-2,-19,2,-18,-1,-16,1,-15,4,-15,6,-14,7,-13,8,-10,8,-11,9,-10,9,-11,12,-7,13,-7,14,-6,15,-5,17,-4,18,-5,22,-4,21,-5,21,-5,24,-5,21,-4,25,-5,23,-9,28,-7,27,-7,26,-7,25,-11,25,-9,27,-12,24,-12,24,-13,25,-14,24,-14,21,-13,20,-14,18,-15,18,-13,15,-14,15,-13,15,-15,12,-14,11,-15,9,-13,7,-15,3,0,0,0,0,0,0,0,0,0,0,0,0,0,0,0,0,0,0,0,0,0,0,1,3,0,5,-1,2,-2,2,-3,-1,-3,-3,-2,-2,-3,-4,-4,-5,-3,-9,-1,-9,-1,-10,0,-13,0,-14,1,-14,1,-16,3,-18,3,-18,2,-20,3,-23,5,-24,8,-25,8,-25,10,-28,12,-27,10,-27,13,-27,10,-29,15,-27,14,-30,12,-28,15,-30,14,-30,12,-29,15,-33,14,-32,12,-31,13,-35,11,-34,10,-35,13,-36,9,-37,10,-37,8,-38,8,-38,9,-40,6,-39,7,-40,9,-42,10,-43,11,-44,10,-44,12,-47,13,-43,13,-45,10,-45,12,-44,0,0]"
CSI_DATA,397,1a:00:00:00:00:00,-45,11,1,0,1,1,1,0,0,0,1,-96,0,11,2,5426914,0,44,0,384,0,"[0,0,0,0,0,0,0,0,0,0,0,0,-11,-5,-10,-4,-10,-3,-10,-3,-9,-3,-8,-3,-8,-1,-7,-1,-7,-1,-6,0,-7,0,-6,1,-6,1,-5,2,-5,2,-4,3,-4,3,-4,3,-3,4,-3,4,-3,4,-3,5,-3,5,-3,6,-3,7,-2,7,0,0,-2,7,-3,8,-3,8,-3,9,-3,8,-3,8,-3,9,-4,8,-4,8,-4,8,-5,8,-5,7,-5,7,-6,6,-6,6,-6,6,-6,6,-6,5,-6,5,-6,4,-6,3,-6,3,-6,3,-6,2,-6,1,-5,0,0,0,0,0,0,0,0,0,0,0,0,0,0,0,-71,-31,-65,-27,-68,-22,-61,-17,-56,-18,-54,-18,-50,-12,-55,-11,-45,-12,-46,-10,-45,-4,-37,-6,-38,4,-35,1,-33,5,-29,5,-27,10,-28,13,-26,14,-21,20,-21,21,-17,15,-16,26,-12,30,-15,33,-14,32,-9,35,-9,40,-9,39,-6,41,-4,42,-4,45,-5,45,-8,52,-7,48,-9,50,-10,53,-13,54,-14,49,-14,51,-13,52,-20,49,-22,48,-25,44,-23,42,-23,42,-22,43,-22,38,-26,34,-25,35,-27,31,-27,28,-26,26,-29,24,-28,22,-29,15,-30,12,0,0,0,0,0,0,0,0,0,0,0,0,0,0,0,0,0,0,0,0,0,0,1,6,-3,6,1,3,-3,3,-2,0,-3,-3,-6,-2,-6,-9,-7,-7,-5,-14,-3,-18,-1,-20,-1,-25,-2,-28,0,-31,2,-30,3,-37,13,-36,12,-42,12,-44,13,-43,19,-43,24,-48,24,-50,26,-53,22,-53,27,-53,29,-59,29,-52,29,-60,26,-50,33,-60,33,-57,28,-56,31,-58,31,-60,28,-58,25,-65,29,-64,23,-69,22,-73,21,-70,22,-75,17,-76,19,-73,23,-72,20,-78,18,-79,19,-81,23,-85,25,-85,19,-82,24,-85,22,-82,23,-93,21,-89,22,-84,0,0]"
CSI_DATA,398,1a:00:00:00:00:00,-45,11,1,0,1,1,1,0,0,0,1,-96,0,11,2,5437410,0,44,0,384,0,"[0,0,0,0,0,0,0,0,0,0,0,0,10,3,9,3,9,2,9,2,8,2,7,2,7,0,6,0,6,0,6,-1,5,-1,5,-1,5,-2,4,-2,4,-3,4,-4,3,-4,3,-4,3,-4,2,-5,2,-5,2,-6,2,-6,2,-7,2,-8,1,-8,0,0,1,-9,2,-9,2,-10,2,-10,3,-9,3,-10,3,-9,3,-9,3,-10,4,-9,4,-9,5,-9,5,-8,5,-7,5,-7,5,-7,5,-6,5,-6,5,-6,5,-5,5,-4,5,-4,5,-4,5,-3,5,-2,5,-2,0,0,0,0,0,0,0,0,0,0,0,0,0,0,72,28,68,27,67,20,61,23,58,22,50,16,54,11,48,14,45,10,44,7,40,2,34,1,36,0,35,-3,30,-3,30,-10,32,-9,26,-13,22,-16,22,-19,19,-22,18,-17,14,-27,14,-25,11,-29,14,-32,11,-34,9,-41,9,-38,8,-46,9,-45,10,-44,10,-49,13,-54,10,-57,12,-53,17,-52,14,-56,21,-55,20,-50,21,-48,27,-51,29,-50,30,-45,28,-39,32,-46,29,-38,32,-39,29,-34,31,-33,31,-29,29,-27,31,-25,32,-20,32,-19,29,-14,31,-9,0,0,0,0,0,0,0,0,0,0,0,0,0,0,0,0,0,0,0,0,0,0,-4,-9,-4,-8,0,-4,2,-3,2,-1,3,2,5,6,5,7,8,11,5,14,8,13,8,17,5,23,6,29,4,29,1,34,2,36,-6,38,-4,41,-6,47,-8,48,-15,48,-12,54,-15,56,-17,55,-16,57,-23,54,-19,57,-25,58,-26,60,-21,58,-25,62,-23,64,-20,63,-24,67,-22,61,-19,64,-20,67,-20,65,-19,72,-20,69,-16,73,-17,71,-15,77,-15,72,-17,77,-12,81,-13,81,-13,80,-13,87,-14,88,-14,87,-19,86,-24,90,-26,92,-16,88,-27,83,0,0]"
CSI_DATA,399,1a:00:00:00:00:00,-45,11,1,0,1,1,1,0,0,0,1,-96,0,11,2,5456997,0,44,0,384,0,"[0,0,0,0,0,0,0,0,0,0,0,0,-5,10,-4,9,-3,9,-4,9,-3,8,-3,7,-2,7,-1,6,0,6,0,5,0,5,1,5,1,5,2,4,2,3,3,4,3,4,3,3,4,2,4,2,5,2,5,2,5,2,6,2,7,1,7,2,0,0,8,1,8,2,9,2,9,2,9,2,8,2,9,2,9,3,9,3,8,4,8,4,7,4,7,4,7,4,6,5,6,5,6,5,5,5,5,5,4,5,4,5,3,5,3,5,2,5,2,5,1,4,0,0,0,0,0,0,0,0,0,0,0,0,0,0,-15,34,-14,32,-11,34,-11,32,-10,32,-7,29,-8,25,-6,24,-7,22,-3,20,-2,20,0,19,1,18,1,16,3,16,4,14,6,14,8,12,6,10,9,12,10,10,9,9,11,7,12,5,14,4,15,5,17,5,18,2,18,2,22,2,22,3,24,1,22,3,26,3,25,4,26,4,25,6,26,5,26,7,24,8,24,8,24,11,23,10,26,9,21,11,22,11,20,12,21,13,18,11,15,12,15,12,14,12,14,13,10,15,9,15,6,14,6,14,0,0,0,0,0,0,0,0,0,0,0,0,0,0,0,0,0,0,0,0,0,0,3,-2,3,-1,2,0,1,2,1,1,-2,1,-2,2,-5,2,-7,2,-8,3,-9,1,-11,0,-11,2,-15,0,-16,-1,-17,-1,-19,-1,-20,-4,-20,-4,-21,-5,-23,-7,-25,-8,-25,-11,-25,-11,-24,-11,-27,-11,-26,-14,-28,-14,-28,-15,-29,-13,-29,-14,-29,-15,-30,-13,-30,-15,-31,-13,-33,-15,-31,-14,-32,-13,-32,-13,-35,-13,-36,-10,-38,-10,-38,-11,-37,-9,-38,-9,-38,-5,-43,-7,-40,-6,-43,-8,-43,-10,-41,-12,-45,-10,-43,-11,-43,-11,-43,-14,-43,-12,-44,-12,0,0]"
CSI_DATA,400,1a:00:00:00:00:00,-45,11,1,0,1,1,1,0,0,0,1,-96,0,11,2,5468678,0,44,0,384,0,"[0,0,0,0,0,0,0,0,0,0,0,0,-12,-3,-11,-2,-11,-1,-11,-1,-9,-1,-9,-1,-8,0,-7,1,-7,1,-6,1,-6,1,-6,2,-6,2,-5,3,-5,3,-4,3,-3,4,-3,4,-3,4,-2,5,-2,5,-2,6,-1,5,-1,6,-1,7,-1,8,0,0,-1,8,-1,9,-1,9,-1,9,-2,9,-2,9,-2,9,-2,9,-3,9,-3,9,-4,9,-4,8,-4,8,-4,8,-5,7,-5,7,-5,6,-5,6,-5,6,-5,5,-5,5,-6,4,-6,3,-6,3,-6,2,-5,2,0,0,0,0,0,0,0,0,0,0,0,0,0,0,-39,-16,-37,-14,-33,-9,-32,-10,-33,-8,-27,-7,-29,-6,-26,-6,-24,-3,-21,-4,-20,0,-19,-2,-18,1,-18,3,-18,2,-14,5,-16,7,-13,6,-11,8,-10,11,-10,11,-10,10,-5,10,-7,14,-5,14,-5,17,-4,17,-3,16,-5,20,-2,21,-4,24,-2,22,-4,24,-3,25,-3,26,-5,24,-5,27,-7,28,-8,27,-9,27,-8,26,-9,23,-10,24,-12,23,-12,20,-12,23,-12,19,-12,22,-13,18,-12,17,-13,17,-12,14,-14,14,-14,12,-15,10,-15,8,-15,6,0,0,0,0,0,0,0,0,0,0,0,0,0,0,0,0,0,0,0,0,0,0,1,4,2,3,-2,1,-1,-1,-2,0,-3,-1,-5,-3,-2,-4,-4,-6,-4,-10,-2,-9,-3,-11,-3,-12,-3,-16,-1,-15,0,-17,0,-18,2,-20,2,-21,4,-21,4,-22,6,-25,6,-24,8,-28,9,-27,7,-30,12,-28,11,-28,13,-28,13,-28,12,-30,13,-30,12,-31,12,-31,11,-32,11,-33,10,-32,10,-34,11,-33,8,-38,9,-36,7,-40,8,-35,7,-41,5,-38,5,-39,6,-42,5,-42,5,-42,7,-47,5,-44,6,-47,8,-46,9,-46,8,-47,8,-44,8,-42,0,0]"
CSI_DATA,401,1a:00:00:00:00:00,-45,11,1,0,1,1,1,0,0,0,1,-96,0,11,2,5477218,0,44,0,384,0,"[0,0,0,0,0,0,0,0,0,0,0,0,-9,-8,-9,-8,-9,-7,-9,-7,-8,-6,-7,-6,-7,-4,-7,-4,-7,-3,-6,-3,-6,-3,-6,-1,-6,-1,-6,-1,-6,0,-6,1,-5,1,-5,2,-5,2,-5,3,-5,3,-5,4,-5,4,-5,5,-5,6,-5,6,0,0,-6,7,-6,7,-7,7,-6,7,-7,7,-7,7,-7,7,-8,7,-8,7,-8,7,-8,6,-8,5,-8,5,-9,5,-9,4,-9,4,-8,3,-8,3,-8,2,-8,2,-8,1,-7,1,-7,0,-7,0,-6,-1,-6,-1,0,0,0,0,0,0,0,0,0,0,0,0,0,0,-51,-63,-49,-58,-52,-49,-46,-47,-44,-44,-41,-44,-42,-37,-40,-34,-34,-27,-36,-27,-33,-23,-34,-19,-35,-15,-33,-14,-30,-10,-30,-3,-28,-6,-26,1,-29,1,-29,2,-31,8,-26,8,-22,14,-27,14,-23,23,-23,23,-26,27,-26,30,-28,30,-26,36,-27,35,-28,37,-28,36,-34,41,-32,38,-38,38,-40,44,-39,43,-40,39,-42,38,-43,37,-40,37,-44,33,-46,32,-43,28,-46,21,-46,24,-40,18,-39,16,-39,17,-39,13,-40,9,-36,9,-37,5,-36,1,-33,-5,-30,-5,0,0,0,0,0,0,0,0,0,0,0,0,0,0,0,0,0,0,0,0,0,0,-1,3,-4,6,-4,4,-6,1,-3,-4,-4,-5,0,-7,-2,-10,2,-13,2,-16,2,-19,5,-23,4,-26,8,-24,16,-29,15,-30,17,-35,24,-32,25,-35,28,-34,31,-36,35,-34,36,-40,39,-35,40,-37,42,-43,45,-36,48,-40,48,-35,54,-42,43,-34,52,-44,53,-44,48,-43,51,-44,51,-43,48,-46,49,-51,49,-52,51,-53,52,-56,46,-58,49,-61,53,-57,48,-60,48,-66,53,-67,52,-66,53,-68,51,-65,59,-70,62,-73,65,-69,58,-65,59,-69,63,-71,65,-63,0,0]"
CSI_DATA,402,1a:00:00:00:00:00,-45,11,1,0,1,1,1,0,0,0,1,-96,0,11,2,5496914,0,44,0,384,0,"[0,0,0,0,0,0,0,0,0,0,0,0,-10,5,-9,6,-8,6,-8,5,-7,5,-6,5,-6,5,-5,5,-5,5,-4,4,-3,5,-3,5,-2,4,-1,4,-1,4,0,5,0,5,1,4,1,4,1,5,2,4,3,5,3,5,4,5,4,5,4,6,0,0,5,6,5,6,5,7,5,7,5,7,5,8,5,7,5,7,5,8,4,8,4,8,3,8,3,8,3,8,2,8,2,8,1,8,1,7,1,7,1,7,0,6,-1,6,-1,6,-1,5,-2,5,-2,4,0,0,0,0,0,0,0,0,0,0,0,0,0,0,-72,26,-70,19,-63,23,-58,25,-60,27,-53,22,-51,25,-46,22,-43,22,-38,21,-29,23,-25,21,-27,24,-25,25,-23,25,-14,26,-15,25,-10,25,-6,26,-6,28,0,27,2,28,4,24,5,27,8,31,11,32,13,35,17,33,15,37,22,37,24,40,21,42,20,43,24,44,26,42,24,49,25,48,20,48,16,55,19,54,16,54,15,52,11,49,10,50,8,46,4,50,4,46,2,48,0,42,0,41,-4,38,-4,40,-7,34,-11,35,-13,30,-14,28,-18,24,0,0,0,0,0,0,0,0,0,0,0,0,0,0,0,0,0,0,0,0,0,0,7,3,7,7,5,4,1,3,-1,0,-8,0,-6,-1,-12,-3,-11,-5,-12,-10,-18,-6,-18,-12,-18,-16,-18,-20,-17,-21,-22,-27,-26,-28,-24,-32,-22,-32,-18,-40,-24,-42,-24,-46,-20,-46,-22,-52,-19,-55,-24,-56,-20,-56,-19,-57,-18,-57,-19,-61,-18,-59,-18,-63,-19,-63,-24,-62,-21,-67,-25,-65,-22,-67,-24,-64,-29,-64,-30,-68,-30,-63,-35,-63,-36,-68,-36,-69,-36,-70,-41,-63,-39,-67,-41,-69,-41,-74,-42,-79,-44,-76,-46,-77,-39,-81,-42,-80,-45,-84,-42,-81,-35,-81,0,0]"
CSI_DATA,403,1a:00:00:00:00:00,-45,11,1,0,1,1,1,0,0,0,1,-96,0,11,2,5507062,0,44,0,384,0,"[0,0,0,0,0,0,0,0,0,0,0,0,0,10,0,10,1,9,0,9,1,8,0,7,1,7,1,6,2,6,2,5,2,5,3,4,3,4,3,3,3,3,4,2,4,2,4,2,4,0,5,0,5,0,5,-1,5,0,6,-1,7,-1,7,-1,0,0,8,-1,8,-2,8,-1,9,-1,9,-1,9,-1,9,0,9,0,9,0,9,1,9,1,9,2,8,2,8,2,7,2,8,2,7,3,6,2,6,3,5,3,5,3,5,3,4,4,4,4,3,4,2,4,0,0,0,0,0,0,0,0,0,0,0,0,0,0,-2,36,-2,35,-1,33,-1,31,1,31,0,29,0,25,2,26,2,21,3,22,4,19,6,18,7,16,5,15,7,15,8,11,8,11,9,8,9,7,11,7,12,7,14,7,15,1,15,1,15,1,17,-2,18,0,21,-1,19,-3,22,-3,20,-2,22,-2,22,-4,25,-5,26,-4,26,-1,26,-2,27,-2,26,1,26,2,27,2,26,3,26,4,26,5,24,7,22,7,22,7,24,9,18,8,20,8,19,9,18,10,16,9,12,10,11,12,10,12,8,11,0,0,0,0,0,0,0,0,0,0,0,0,0,0,0,0,0,0,0,0,0,0,1,-3,2,-2,3,0,2,-1,-1,0,-1,2,-1,2,-2,4,-4,4,-4,4,-7,5,-8,5,-10,7,-12,7,-14,6,-17,5,-18,6,-18,4,-21,6,-22,5,-24,2,-26,2,-25,1,-28,2,-30,-2,-30,2,-29,-4,-30,-3,-31,-4,-32,-2,-30,-3,-33,0,-34,-2,-32,0,-35,0,-33,-2,-36,0,-36,1,-35,1,-37,3,-36,2,-39,3,-38,4,-39,5,-40,7,-38,4,-40,6,-41,8,-40,6,-43,5,-42,5,-46,7,-46,3,-45,5,-45,2,-44,3,-45,3,0,0]"
CSI_DATA,404,1a:00:00:00:00:00,-45,11,1,0,1,1,1,0,0,0,1,-96,0,11,2,5517315,0,44,0,384,0,"[0,0,0,0,0,0,0,0,0,0,0,0,-11,-6,-10,-5,-10,-4,-10,-4,-9,-4,-8,-4,-8,-2,-7,-2,-7,-1,-7,-1,-7,-1,-6,0,-6,0,-6,1,-5,1,-5,2,-5,3,-5,3,-4,4,-4,4,-4,4,-4,5,-4,5,-4,6,-4,7,-3,7,0,0,-4,8,-4,8,-4,8,-4,9,-5,9,-5,9,-5,9,-5,9,-6,8,-6,8,-7,8,-7,7,-7,7,-7,6,-7,6,-7,5,-7,5,-7,5,-7,4,-7,4,-7,3,-7,2,-7,2,-7,1,-7,0,-6,0,0,0,0,0,0,0,0,0,0,0,0,0,0,0,-32,-24,-29,-21,-32,-19,-29,-18,-27,-17,-25,-16,-22,-13,-24,-12,-22,-12,-21,-9,-21,-7,-20,-4,-17,-3,-19,-3,-17,-1,-17,1,-18,1,-14,3,-14,3,-13,5,-14,6,-13,6,-11,11,-11,11,-10,13,-10,15,-8,17,-8,17,-9,17,-9,21,-9,17,-11,21,-13,22,-12,22,-11,22,-15,23,-14,25,-13,23,-16,22,-16,21,-17,21,-19,21,-21,19,-18,19,-17,17,-17,15,-20,15,-20,14,-20,14,-18,11,-18,12,-18,9,-18,8,-16,3,-17,4,-16,3,-16,-1,0,0,0,0,0,0,0,0,0,0,0,0,0,0,0,0,0,0,0,0,0,0,2,3,-1,2,-1,2,-3,1,-1,-1,-3,-1,-3,-1,-3,-5,-2,-5,-2,-7,-1,-9,0,-10,-2,-13,2,-14,2,-15,3,-16,3,-18,5,-19,4,-21,8,-22,9,-22,11,-24,12,-22,17,-25,16,-25,13,-25,16,-25,18,-26,17,-23,19,-28,16,-24,20,-30,20,-29,18,-29,20,-29,16,-30,17,-30,19,-31,17,-31,16,-33,17,-32,17,-35,18,-36,15,-35,17,-38,13,-37,17,-39,15,-43,16,-40,17,-42,18,-43,17,-44,21,-41,19,-41,22,-43,20,-44,19,-38,0,0]"
CSI_DATA,405,1a:00:00:00:00:00,-45,11,1,0,1,1,1,0,0,0,1,-96,0,11,2,5546915,0,44,0,384,0,"[0,0,0,0,0,0,0,0,0,0,0,0,9,4,9,4,9,3,9,3,8,2,7,1,7,1,6,0,6,1,5,0,5,-1,5,-2,5,-2,4,-3,4,-3,4,-4,3,-4,3,-4,3,-5,2,-5,2,-5,2,-6,2,-6,1,-7,1,-8,1,-8,0,0,1,-9,2,-10,1,-10,1,-10,2,-9,2,-10,2,-10,3,-10,3,-10,3,-9,3,-9,4,-9,4,-8,4,-8,4,-8,5,-8,4,-7,4,-7,4,-6,4,-6,5,-5,4,-5,4,-4,5,-4,5,-3,5,-2,0,0,0,0,0,0,0,0,0,0,0,0,0,0,54,52,49,49,55,47,45,44,47,38,41,38,40,30,46,32,34,23,37,20,36,18,33,15,32,10,32,4,28,3,29,0,32,-3,28,-6,26,-7,22,-10,26,-13,21,-12,22,-22,24,-21,20,-26,22,-30,14,-31,20,-34,19,-35,19,-43,17,-37,20,-44,22,-43,23,-49,20,-47,27,-48,26,-50,26,-48,33,-47,33,-44,29,-41,32,-39,36,-41,40,-39,41,-39,33,-34,36,-34,37,-30,34,-28,30,-25,34,-23,32,-23,35,-15,35,-12,33,-8,33,-6,31,-3,0,0,0,0,0,0,0,0,0,0,0,0,0,0,0,0,0,0,0,0,0,0,2,-7,3,-7,2,-5,6,-3,1,1,2,2,3,4,-1,7,-2,13,0,14,-2,13,-6,19,-7,25,-13,24,-15,26,-18,26,-22,32,-21,29,-27,35,-29,33,-34,31,-39,37,-35,37,-38,37,-46,39,-45,42,-44,35,-45,36,-47,33,-52,43,-49,35,-54,41,-54,40,-50,43,-49,45,-49,47,-45,44,-50,48,-47,47,-54,53,-51,54,-43,55,-49,60,-49,60,-48,60,-47,62,-47,65,-46,70,-51,69,-50,70,-50,70,-56,74,-57,72,-55,63,-63,71,-55,70,-55,64,0,0]"
CSI_DATA,406,1a:00:00:00:00:00,-45,11,1,0,1,1,1,0,0,0,1,-96,0,11,2,5556954,0,44,0,384,0,"[0,0,0,0,0,0,0,0,0,0,0,0,-10,5,-9,5,-8,5,-8,4,-8,4,-6,4,-6,4,-5,4,-5,4,-4,4,-4,4,-3,4,-2,4,-2,4,-2,4,-1,5,0,4,0,5,1,4,1,5,1,5,2,5,2,5,3,5,3,6,4,6,0,0,4,6,4,7,4,7,5,7,3,7,4,8,3,8,3,8,3,9,2,9,2,9,2,8,1,8,0,8,0,8,0,8,0,8,-1,7,-1,7,-1,6,-2,6,-2,6,-3,5,-3,5,-3,4,-3,4,0,0,0,0,0,0,0,0,0,0,0,0,0,0,-62,46,-59,37,-57,47,-48,41,-47,39,-42,36,-38,36,-40,32,-32,28,-30,34,-19,34,-20,34,-11,28,-16,29,-13,31,-9,26,-4,32,-1,30,-2,25,6,27,10,28,9,25,8,23,16,27,19,25,21,24,23,27,24,29,27,29,35,29,34,31,40,31,32,32,38,34,37,33,36,40,38,40,39,42,32,41,34,39,32,40,31,45,26,47,26,48,18,45,20,42,21,45,15,44,16,41,15,42,9,42,6,41,7,34,-1,37,-3,35,-3,30,-9,28,0,0,0,0,0,0,0,0,0,0,0,0,0,0,0,0,0,0,0,0,0,0,7,-1,6,5,5,4,-1,1,-2,1,-3,2,-4,1,-12,1,-14,0,-14,-2,-18,-7,-22,-6,-25,-9,-23,-11,-28,-14,-30,-15,-31,-18,-31,-29,-32,-27,-37,-30,-32,-36,-35,-36,-37,-40,-38,-44,-34,-45,-40,-45,-37,-46,-37,-50,-33,-45,-42,-54,-35,-48,-43,-56,-40,-54,-40,-53,-38,-54,-40,-52,-42,-54,-45,-56,-49,-54,-52,-52,-52,-57,-55,-54,-59,-55,-56,-52,-58,-51,-64,-49,-61,-55,-64,-56,-61,-54,-63,-59,-68,-60,-66,-58,-69,-67,-68,-60,-67,-68,-65,-67,-63,-67,0,0]"
CSI_DATA,407,1a:00:00:00:00:00,-45,11,1,0,1,1,1,0,0,0,1,-96,0,11,2,5566956,0,44,0,384,0,"[0,0,0,0,0,0,0,0,0,0,0,0,-11,-5,-10,-4,-10,-3,-10,-3,-9,-3,-8,-2,-8,-1,-7,-1,-7,-1,-6,0,-6,0,-6,1,-6,1,-5,2,-5,2,-4,3,-4,3,-4,4,-3,4,-3,5,-3,5,-3,5,-3,5,-2,7,-2,7,-2,7,0,0,-2,8,-3,8,-3,9,-2,9,-3,9,-3,9,-4,9,-4,9,-4,9,-5,9,-5,8,-5,8,-5,8,-5,7,-6,7,-6,7,-6,6,-6,6,-6,5,-6,5,-6,4,-6,4,-6,3,-6,3,-6,2,-6,1,0,0,0,0,0,0,0,0,0,0,0,0,0,0,-34,-18,-33,-18,-30,-15,-29,-14,-30,-14,-25,-14,-25,-12,-24,-12,-23,-9,-21,-7,-21,-5,-20,-2,-19,-3,-18,-1,-17,-1,-15,2,-14,5,-14,5,-13,5,-12,8,-10,9,-10,9,-8,11,-8,13,-7,13,-7,17,-6,15,-7,18,-5,19,-5,20,-6,20,-5,24,-5,22,-5,24,-6,25,-9,26,-7,24,-9,27,-10,25,-12,24,-10,24,-12,23,-13,23,-13,23,-13,21,-15,21,-15,17,-16,19,-13,15,-13,15,-16,14,-15,12,-15,12,-15,9,-15,7,-15,6,-15,4,0,0,0,0,0,0,0,0,0,0,0,0,0,0,0,0,0,0,0,0,0,0,1,4,0,2,-2,1,-1,1,-2,-1,-3,-1,-1,-2,-3,-5,-2,-6,-2,-8,-2,-11,-1,-11,1,-13,1,-15,3,-15,6,-17,5,-18,6,-18,5,-19,11,-21,8,-19,10,-24,13,-24,14,-22,16,-24,15,-25,17,-25,16,-24,17,-24,17,-27,17,-25,19,-27,18,-24,17,-27,19,-29,16,-28,19,-29,17,-29,16,-30,19,-35,17,-34,16,-35,15,-36,15,-39,15,-36,14,-37,17,-38,14,-40,14,-40,16,-41,14,-41,17,-44,18,-43,17,-41,17,-43,17,-43,18,-41,0,0]"
CSI_DATA,408,1a:00:00:00:00:00,-45,11,1,0,1,1,1,0,0,0,1,-96,0,11,2,5587159,0,44,0,384,0,"[0,0,0,0,0,0,0,0,0,0,0,0,5,-10,4,-9,3,-9,3,-8,3,-8,2,-7,1,-7,1,-7,1,-7,0,-6,-1,-6,-1,-6,-2,-5,-2,-5,-2,-5,-3,-5,-4,-4,-4,-4,-4,-4,-5,-3,-5,-4,-5,-3,-6,-4,-7,-3,-7,-3,-7,-3,0,0,-8,-3,-9,-4,-9,-4,-9,-4,-8,-4,-9,-5,-9,-5,-8,-5,-9,-6,-8,-6,-8,-6,-7,-6,-7,-7,-6,-6,-6,-7,-6,-6,-6,-7,-5,-6,-4,-6,-4,-6,-3,-7,-3,-6,-3,-6,-2,-6,-1,-6,-1,-5,0,0,0,0,0,0,0,0,0,0,0,0,0,0,38,-67,36,-64,31,-62,26,-59,23,-55,20,-56,21,-50,18,-47,13,-41,8,-41,6,-43,5,-40,-1,-39,1,-38,2,-36,-8,-33,-6,-29,-8,-26,-12,-25,-17,-26,-17,-21,-21,-22,-23,-15,-27,-18,-27,-18,-29,-15,-37,-14,-41,-11,-43,-13,-41,-12,-42,-18,-48,-16,-46,-16,-50,-14,-50,-16,-54,-17,-51,-21,-50,-17,-53,-25,-48,-24,-50,-26,-45,-35,-45,-31,-44,-30,-38,-32,-43,-29,-35,-33,-34,-34,-30,-32,-29,-26,-26,-33,-25,-34,-21,-35,-18,-32,-14,-34,-11,-33,-8,-30,0,0,0,0,0,0,0,0,0,0,0,0,0,0,0,0,0,0,0,0,0,0,-6,3,-6,2,-6,-1,-4,-5,-1,-6,5,-8,6,-2,5,-3,13,-5,15,-7,22,-3,22,-3,25,-1,27,-1,27,1,34,3,39,3,38,11,43,5,41,13,41,18,49,18,49,19,52,22,51,23,54,26,52,30,52,27,55,33,55,32,52,31,59,28,58,32,55,30,60,31,60,29,60,32,61,29,65,28,71,28,65,24,72,25,70,28,78,25,73,22,72,23,77,24,80,23,81,21,88,27,86,29,83,23,87,33,84,31,89,29,78,31,78,37,0,0]"
CSI_DATA,409,1a:00:00:00:00:00,-45,11,1,0,1,1,1,0,0,0,1,-96,0,11,2,5596947,0,44,0,384,0,"[0,0,0,0,0,0,0,0,0,0,0,0,10,-5,9,-6,8,-5,8,-5,7,-5,6,-5,5,-6,5,-5,4,-5,3,-5,3,-6,2,-6,1,-6,1,-6,1,-5,0,-6,-1,-6,-1,-6,-2,-6,-2,-6,-2,-6,-3,-6,-4,-6,-4,-7,-4,-7,-5,-7,0,0,-6,-8,-6,-8,-6,-9,-6,-8,-6,-9,-6,-9,-6,-9,-5,-10,-5,-10,-5,-10,-4,-10,-3,-10,-3,-9,-3,-10,-2,-9,-2,-9,-2,-9,-2,-8,-1,-8,-1,-8,-1,-8,0,-7,0,-7,1,-7,2,-6,2,-6,0,0,0,0,0,0,0,0,0,0,0,0,0,0,71,-10,77,-5,69,-11,60,-11,59,-12,54,-7,50,-13,52,-12,42,-13,42,-15,38,-17,30,-18,29,-22,26,-19,20,-16,19,-22,21,-24,15,-25,10,-24,7,-30,1,-33,4,-24,3,-28,-7,-31,-3,-34,-3,-34,-13,-34,-13,-38,-12,-40,-18,-43,-15,-43,-20,-44,-20,-46,-18,-47,-20,-49,-16,-50,-19,-54,-16,-53,-15,-53,-15,-49,-11,-55,-5,-55,-7,-51,-5,-55,0,-50,0,-52,3,-46,3,-48,1,-41,9,-41,3,-46,6,-39,11,-37,13,-33,15,-33,18,-26,17,-25,0,0,0,0,0,0,0,0,0,0,0,0,0,0,0,0,0,0,0,0,0,0,-7,-5,-3,-7,0,-7,2,1,2,0,3,-1,6,1,11,4,9,7,13,10,10,15,14,12,14,23,11,24,12,25,14,30,12,34,11,37,10,38,9,42,4,44,6,49,4,52,4,55,1,55,3,58,-3,57,-2,59,0,64,2,69,3,59,-2,66,5,65,4,59,1,70,4,61,3,67,7,70,4,69,12,73,14,70,16,76,13,70,18,81,21,73,24,84,24,81,24,77,26,82,23,86,21,86,22,83,19,88,21,88,15,90,15,84,20,90,0,0]"
CSI_DATA,410,1a:00:00:00:00:00,-45,11,1,0,1,1,1,0,0,0,1,-96,0,11,2,5607660,0,44,0,384,0,"[0,0,0,0,0,0,0,0,0,0,0,0,-12,-3,-11,-2,-10,-1,-10,-1,-9,-1,-9,-1,-8,0,-8,1,-7,1,-6,1,-6,2,-6,2,-5,2,-5,3,-4,3,-4,4,-3,4,-3,4,-3,5,-2,5,-2,5,-1,6,-1,6,-1,7,-1,7,-1,8,0,0,-1,8,-1,9,-1,9,-1,10,-1,9,-1,10,-2,10,-2,10,-2,10,-3,9,-3,10,-3,9,-4,8,-4,8,-4,8,-4,8,-4,7,-5,6,-5,6,-5,5,-5,5,-5,5,-5,4,-5,3,-5,3,-5,2,0,0,0,0,0,0,0,0,0,0,0,0,0,0,-37,-12,-35,-11,-35,-8,-32,-8,-29,-6,-27,-9,-27,-7,-28,-4,-22,-3,-22,-5,-21,-2,-20,0,-19,1,-16,3,-15,2,-14,7,-13,7,-12,8,-11,9,-11,10,-10,13,-9,12,-7,12,-5,14,-7,14,-6,17,-3,18,-2,18,-5,20,-1,22,-1,22,-3,25,-3,23,0,26,-2,25,-4,27,-5,27,-5,28,-6,26,-7,26,-8,25,-6,25,-10,23,-10,25,-9,21,-13,22,-12,21,-12,22,-12,19,-15,17,-13,14,-13,16,-14,11,-15,11,-13,10,-14,8,-14,5,0,0,0,0,0,0,0,0,0,0,0,0,0,0,0,0,0,0,0,0,0,0,1,3,0,3,-2,1,-3,1,-3,-1,-3,-2,-4,-3,-2,-4,-4,-6,-3,-9,-4,-9,-3,-12,-4,-12,-3,-15,-2,-15,-1,-18,-1,-18,1,-20,2,-22,2,-23,5,-23,6,-26,7,-25,7,-27,8,-28,7,-29,9,-28,11,-29,10,-29,9,-31,10,-28,11,-32,10,-33,10,-30,12,-33,11,-32,7,-31,8,-34,8,-34,6,-38,9,-38,6,-36,6,-40,4,-39,3,-38,5,-41,5,-40,4,-41,5,-43,6,-46,3,-43,4,-46,9,-47,7,-43,7,-47,9,-45,11,-42,0,0]"
CSI_DATA,411,1a:00:00:00:00:00,-45,11,1,0,1,1,1,0,0,0,1,-96,0,11,2,5617055,0,44,0,384,0,"[0,0,0,0,0,0,0,0,0,0,0,0,2,-12,1,-11,0,-11,0,-10,0,-9,0,-9,-1,-8,-1,-8,-1,-7,-2,-7,-2,-7,-3,-6,-3,-6,-3,-5,-4,-4,-5,-5,-5,-4,-5,-4,-5,-3,-6,-2,-6,-2,-7,-2,-7,-2,-8,-2,-9,-2,-9,-1,0,0,-9,-1,-10,-2,-10,-2,-11,-2,-11,-2,-11,-3,-11,-3,-11,-3,-10,-4,-10,-4,-10,-5,-9,-5,-9,-5,-9,-6,-9,-6,-8,-6,-8,-6,-7,-5,-6,-6,-6,-6,-5,-6,-5,-6,-4,-6,-3,-6,-3,-6,-2,-6,0,0,0,0,0,0,0,0,0,0,0,0,0,0,8,-40,6,-34,5,-37,4,-31,3,-30,5,-28,0,-24,2,-25,0,-22,-1,-23,-4,-21,-4,-18,-5,-19,-7,-16,-4,-17,-8,-15,-7,-14,-8,-12,-10,-11,-9,-8,-14,-9,-11,-8,-14,-5,-14,-5,-16,-3,-18,-3,-18,-3,-19,-2,-23,-2,-23,-2,-23,-2,-24,-2,-23,-2,-27,-2,-25,-1,-29,-3,-29,-2,-29,-3,-28,-4,-28,-4,-28,-5,-26,-7,-24,-9,-26,-11,-24,-9,-24,-11,-23,-11,-19,-11,-19,-11,-17,-13,-16,-13,-17,-13,-16,-11,-12,-14,-11,-15,-8,-14,-6,-15,0,0,0,0,0,0,0,0,0,0,0,0,0,0,0,0,0,0,0,0,0,0,-4,1,-3,2,-2,-1,-2,-1,-2,-1,0,-4,1,-3,4,-4,4,-4,6,-4,7,-3,9,-5,11,-5,13,-5,14,-4,16,-2,19,-3,18,-1,22,-2,22,1,22,2,25,1,24,3,28,3,25,4,30,4,28,10,29,6,27,7,31,7,27,6,33,8,32,6,31,5,33,5,31,5,30,6,33,5,33,6,36,5,37,6,37,1,39,4,37,1,40,1,41,-2,40,0,41,-3,42,-1,41,0,44,2,44,2,46,3,41,2,43,7,46,4,42,4,0,0]"
CSI_DATA,412,1a:00:00:00:00:00,-45,11,1,0,1,1,1,0,0,0,1,-96,0,11,2,5628665,0,44,0,384,0,"[0,0,0,0,0,0,0,0,0,0,0,0,-4,-10,-5,-9,-5,-8,-5,-9,-4,-7,-4,-7,-5,-6,-4,-5,-5,-5,-4,-4,-5,-4,-5,-3,-5,-3,-5,-2,-5,-2,-5,-1,-5,-1,-5,0,-6,0,-6,1,-6,1,-6,2,-6,2,-7,2,-7,3,-7,3,0,0,-7,3,-8,3,-9,3,-8,4,-9,3,-9,3,-9,3,-9,3,-9,3,-9,2,-10,2,-9,1,-9,1,-9,0,-9,0,-9,0,-8,-1,-8,-1,-8,-1,-7,-1,-7,-2,-7,-2,-6,-3,-6,-3,-5,-3,-4,-3,0,0,0,0,0,0,0,0,0,0,0,0,0,0,-19,-75,-19,-68,-25,-63,-17,-62,-20,-57,-16,-51,-23,-50,-21,-44,-22,-41,-19,-35,-21,-33,-20,-32,-21,-26,-24,-21,-22,-24,-21,-22,-26,-16,-26,-12,-27,-10,-25,-8,-27,-2,-29,-6,-29,3,-31,5,-32,6,-32,13,-34,10,-35,16,-37,15,-38,16,-39,20,-43,17,-46,21,-48,22,-47,17,-50,20,-52,18,-50,20,-53,18,-55,12,-55,12,-52,10,-53,9,-52,7,-46,-1,-51,0,-46,1,-47,-2,-40,-3,-41,-7,-42,-6,-41,-10,-36,-8,-36,-14,-32,-14,-27,-16,-23,-18,0,0,0,0,0,0,0,0,0,0,0,0,0,0,0,0,0,0,0,0,0,0,-6,8,-3,2,-5,-1,-5,-1,-4,-4,-2,-3,1,-7,4,-7,4,-15,6,-13,9,-17,10,-16,16,-19,21,-23,24,-20,23,-18,28,-21,35,-19,32,-23,39,-20,41,-21,49,-24,48,-17,53,-23,52,-17,59,-15,54,-13,59,-13,60,-15,63,-18,56,-13,58,-18,60,-17,62,-16,65,-17,64,-19,66,-17,63,-20,65,-25,67,-29,66,-26,71,-28,67,-31,71,-32,68,-28,72,-33,72,-34,71,-36,70,-36,79,-38,75,-38,80,-38,80,-35,80,-32,81,-37,77,-36,84,-32,0,0]"
CSI_DATA,413,1a:00:00:00:00:00,-45,11,1,0,1,1,1,0,0,0,1,-96,0,11,2,5636946,0,44,0,384,0,"[0,0,0,0,0,0,0,0,0,0,0,0,-11,-3,-11,-2,-10,-1,-10,-2,-9,-1,-8,-1,-8,-1,-7,0,-7,0,-6,1,-6,1,-6,2,-5,2,-5,2,-4,3,-4,3,-3,4,-3,4,-3,4,-3,4,-2,5,-2,5,-1,6,-1,6,-1,7,-1,7,0,0,-1,8,-1,9,-1,9,-1,9,-2,9,-2,9,-2,9,-2,9,-3,9,-3,9,-3,9,-4,8,-4,8,-4,8,-4,7,-5,7,-5,6,-5,6,-5,6,-5,5,-5,5,-5,4,-5,4,-5,3,-5,2,-5,2,0,0,0,0,0,0,0,0,0,0,0,0,0,0,-35,-20,-31,-19,-32,-14,-28,-15,-29,-13,-25,-14,-26,-11,-24,-10,-22,-8,-21,-6,-20,-5,-19,-2,-18,-2,-18,-1,-15,0,-16,3,-15,4,-13,4,-13,6,-11,6,-11,10,-11,8,-10,12,-8,13,-7,14,-7,16,-6,18,-5,20,-7,19,-6,21,-7,20,-5,24,-6,22,-6,25,-6,24,-7,26,-8,26,-9,26,-10,25,-12,23,-12,25,-13,25,-12,22,-14,23,-12,20,-14,20,-15,20,-15,19,-15,17,-13,16,-17,13,-15,13,-14,11,-16,10,-16,9,-14,5,-15,5,0,0,0,0,0,0,0,0,0,0,0,0,0,0,0,0,0,0,0,0,0,0,0,2,-1,1,-2,1,-3,-2,-2,0,-2,-3,-3,-4,-2,-5,-2,-7,0,-6,0,-9,-1,-10,0,-15,2,-14,2,-14,4,-16,5,-19,6,-18,9,-21,11,-20,11,-22,12,-23,13,-22,15,-23,15,-25,14,-25,17,-25,17,-25,19,-24,20,-28,18,-23,19,-30,19,-27,17,-26,18,-28,18,-27,16,-29,18,-30,16,-30,15,-33,19,-32,15,-36,15,-36,15,-37,13,-36,15,-37,15,-37,12,-40,15,-40,17,-41,15,-40,14,-42,18,-42,17,-41,17,-42,19,-45,17,-40,0,0]"
CSI_DATA,414,1a:00:00:00:00:00,-45,11,1,0,1,1,1,0,0,0,1,-96,0,11,2,5647110,0,44,0,384,0,"[0,0,0,0,0,0,0,0,0,0,0,0,-11,1,-10,1,-10,2,-10,1,-9,1,-8,1,-7,2,-7,2,-6,3,-6,3,-5,3,-5,3,-4,3,-4,3,-3,4,-3,5,-2,4,-2,5,-1,4,-1,5,-1,5,0,6,0,6,1,7,1,7,1,7,0,0,2,8,2,8,2,8,2,9,1,9,1,9,1,9,1,9,0,9,0,10,-1,9,-2,9,-2,9,-2,8,-2,8,-3,8,-3,8,-3,7,-3,7,-3,6,-4,6,-4,5,-4,5,-5,4,-5,3,-5,3,0,0,0,0,0,0,0,0,0,0,0,0,0,0,-41,5,-39,4,-36,6,-31,4,-29,8,-29,6,-25,5,-26,5,-24,6,-19,9,-20,7,-17,7,-16,9,-15,9,-11,8,-9,11,-10,12,-7,12,-7,12,-4,13,-3,15,-3,14,0,14,1,14,3,16,2,16,5,17,7,19,5,19,11,19,8,20,11,22,10,24,10,24,10,23,7,25,9,24,10,25,7,26,5,26,5,27,4,27,2,26,4,26,1,25,1,27,-2,24,-1,23,-2,20,-3,20,-4,18,-5,19,-6,18,-6,16,-9,16,-9,13,-10,13,0,0,0,0,0,0,0,0,0,0,0,0,0,0,0,0,0,0,0,0,0,0,2,2,0,2,1,1,-1,2,-1,1,-2,-1,-5,-2,-6,-2,-4,-5,-7,-5,-7,-8,-8,-10,-8,-11,-7,-13,-6,-15,-8,-16,-9,-18,-6,-20,-6,-21,-6,-23,-3,-26,-4,-29,-5,-26,-4,-28,-3,-29,-4,-31,0,-30,-2,-33,-1,-32,-3,-34,-1,-32,-2,-34,-1,-32,-1,-34,-3,-35,-3,-34,-4,-33,-6,-37,-6,-35,-7,-37,-7,-36,-10,-37,-7,-39,-10,-40,-13,-36,-11,-40,-12,-39,-13,-38,-12,-43,-13,-44,-13,-43,-16,-44,-12,-46,-11,-43,-10,-46,-11,-42,-9,-46,0,0]"
CSI_DATA,415,1a:00:00:00:00:00,-45,11,1,0,1,1,1,0,0,0,1,-96,0,11,2,5666927,0,44,0,384,0,"[0,0,0,0,0,0,0,0,0,0,0,0,9,-6,9,-6,8,-6,8,-6,7,-5,6,-5,5,-5,5,-5,4,-5,3,-5,3,-6,2,-6,2,-5,1,-5,1,-5,-1,-6,-1,-6,-1,-6,-2,-6,-2,-6,-2,-6,-3,-6,-3,-6,-4,-6,-4,-7,-5,-7,0,0,-5,-8,-6,-8,-6,-8,-6,-9,-5,-9,-5,-9,-5,-9,-5,-9,-5,-10,-4,-9,-3,-10,-3,-10,-3,-9,-3,-10,-1,-9,-1,-9,-1,-9,-1,-9,-1,-8,0,-8,1,-8,0,-7,1,-7,2,-6,2,-6,2,-5,0,0,0,0,0,0,0,0,0,0,0,0,0,0,72,-20,65,-22,65,-27,58,-23,54,-23,48,-22,45,-23,41,-25,35,-23,35,-23,29,-24,28,-21,26,-27,25,-23,18,-25,14,-24,15,-25,10,-28,7,-24,4,-29,0,-30,3,-29,-2,-27,-2,-28,-5,-30,-9,-30,-15,-33,-16,-30,-15,-34,-25,-37,-18,-41,-21,-44,-19,-42,-22,-49,-24,-43,-17,-50,-18,-50,-20,-48,-13,-56,-13,-50,-13,-50,-9,-52,-9,-52,-8,-53,-2,-52,-5,-52,1,-50,-1,-47,0,-46,5,-42,9,-39,8,-41,12,-35,11,-35,14,-31,17,-29,19,-25,0,0,0,0,0,0,0,0,0,0,0,0,0,0,0,0,0,0,0,0,0,0,-5,-4,-4,-6,-2,-3,-2,-3,4,-3,2,2,7,0,11,1,12,4,15,3,17,6,18,9,20,13,24,15,23,18,24,23,28,27,24,31,24,32,25,34,24,35,24,41,24,43,29,46,27,48,27,53,22,51,23,55,18,56,24,59,21,55,21,58,25,60,26,60,25,63,26,61,24,61,31,59,25,61,35,62,30,62,34,61,36,66,40,68,42,65,37,70,37,68,43,69,42,70,43,76,43,73,50,74,42,78,35,74,39,79,38,80,35,80,0,0]"
