type,id,mac,rssi,rate,sig_mode,mcs,bandwidth,smoothing,not_sounding,aggregation,stbc,fec_coding,sgi,noise_floor,ampdu_cnt,channel,secondary_channel,local_timestamp,ant,sig_len,rx_state,len,first_word,data
CSI_DATA,49,2a:00:00:00:00:00,-37,11,1,0,1,1,1,0,0,0,1,-96,0,11,2,899364,0,44,0,384,0,"[0,0,0,0,0,0,0,0,0,0,0,0,13,-3,13,-2,12,-2,12,-2,11,-2,11,-2,11,-2,11,-2,10,-2,9,-3,10,-3,9,-3,9,-3,8,-3,8,-3,8,-3,8,-4,8,-4,7,-4,7,-3,7,-3,7,-4,7,-4,7,-4,7,-4,7,-4,0,0,7,-4,7,-3,7,-3,7,-3,6,-3,6,-2,6,-2,6,-2,6,-2,6,-2,6,-1,5,-1,5,-1,5,0,5,0,4,0,4,0,4,0,4,1,3,1,3,1,2,1,2,1,2,1,2,1,1,2,0,0,0,0,0,0,0,0,0,0,0,0,0,0,-52,-64,-44,-61,-49,-61,-46,-57,-49,-61,-47,-57,-42,-57,-42,-51,-45,-48,-45,-50,-40,-47,-39,-45,-40,-43,-38,-41,-40,-38,-39,-37,-41,-37,-40,-34,-41,-33,-39,-32,-41,-33,-44,-28,-39,-27,-35,-30,-31,-31,-34,-28,-35,-22,-39,-26,-33,-25,-44,-23,-36,-24,-38,-27,-35,-27,-31,-24,-31,-23,-28,-28,-27,-27,-26,-27,-26,-29,-31,-24,-22,-25,-23,-27,-20,-27,-19,-27,-11,-26,-14,-24,-12,-27,-8,-21,-10,-19,-6,-19,-5,-22,-4,-15,-1,-25,0,-18,2,-18,4,-16,4,-14,0,0,0,0,0,0,0,0,0,0,0,0,0,0,0,0,0,0,0,0,0,0,33,-13,31,-13,35,-10,34,-9,33,-11,34,-8,35,-9,34,-11,36,-10,39,-10,38,-11,40,-13,40,-14,43,-16,44,-14,43,-11,42,-14,44,-13,45,-15,48,-15,48,-17,47,-17,49,-17,49,-18,51,-24,49,-24,52,-25,54,-27,56,-20,55,-28,51,-26,55,-27,53,-25,58,-27,61,-32,56,-30,53,-35,56,-37,51,-37,56,-41,59,-40,55,-44,56,-46,57,-46,56,-50,57,-44,57,-45,54,-46,56,-53,56,-51,51,-53,57,-56,62,-55,52,-51,55,-55,62,-60,60,-53,0,0]"
CSI_DATA,50,2a:00:00:00:00:00,-37,11,1,0,1,1,1,0,0,0,1,-96,0,11,2,919413,0,44,0,384,0,"[0,0,0,0,0,0,0,0,0,0,0,0,2,-10,2,-10,1,-10,2,-10,1,-9,2,-9,2,-9,1,-9,1,-8,1,-8,1,-8,1,-8,0,-8,0,-8,0,-7,0,-7,0,-7,0,-7,-1,-7,-1,-7,-1,-7,-1,-7,-1,-6,-1,-7,-1,-6,-1,-6,0,0,-1,-6,-1,-6,-1,-6,0,-6,0,-6,0,-6,0,-6,0,-6,0,-5,1,-5,1,-5,1,-5,1,-5,1,-4,1,-4,1,-4,1,-4,1,-3,1,-3,2,-2,1,-2,1,-2,1,-2,1,-2,2,-1,1,-1,0,0,0,0,0,0,0,0,0,0,0,0,0,0,-51,28,-51,31,-49,27,-51,28,-49,27,-44,27,-45,27,-41,21,-42,26,-43,24,-43,22,-43,22,-38,23,-36,21,-34,21,-32,20,-32,20,-30,22,-27,21,-30,22,-27,26,-28,21,-24,22,-25,25,-26,22,-23,22,-27,22,-26,24,-24,23,-23,22,-22,10,-24,21,-24,23,-20,24,-20,18,-22,19,-24,16,-25,14,-23,19,-23,13,-22,14,-20,7,-21,10,-20,9,-22,7,-21,6,-19,3,-15,2,-17,1,-15,1,-16,2,-16,-4,-10,-2,-12,-3,-10,-3,-12,-3,-14,-6,0,0,0,0,0,0,0,0,0,0,0,0,0,0,0,0,0,0,0,0,0,0,-5,-25,-2,-26,-5,-25,-1,-31,-1,-25,-3,-29,2,-29,-3,-29,0,-33,-3,-30,23,-33,-4,-33,-2,-32,-3,-32,-3,-33,-5,-38,-2,-38,-6,-37,-3,-36,-8,-38,-5,-41,-6,-39,-7,-41,-7,-42,-6,-41,-6,-41,-128,-13,-9,-42,-11,-42,-11,-44,-11,-41,-9,-44,-13,-44,-12,-47,-12,-49,-14,-44,-14,-47,-16,-47,-17,-48,-18,-45,-20,-46,-22,-46,-22,-44,-26,-48,-23,-47,-22,-44,-23,-50,-22,-49,-28,-50,-26,-48,-29,-49,-28,-50,-27,-52,-33,-46,-33,-51,-30,-52,-32,-50,0,0]"
CSI_DATA,51,2a:00:00:00:00:00,-37,11,1,0,1,1,1,0,0,0,1,-96,0,11,2,929398,0,44,0,384,0,"[0,0,0,0,0,0,0,0,0,0,0,0,3,-14,3,-13,2,-14,2,-13,2,-13,2,-12,2,-12,2,-11,2,-11,1,-12,1,-11,1,-11,0,-10,0,-10,0,-10,0,-10,0,-9,0,-10,-1,-9,-1,-9,-1,-9,-1,-9,-1,-9,-2,-9,-1,-9,-1,-8,0,0,-1,-8,-1,-9,-1,-8,0,-8,0,-8,0,-8,0,-8,0,-7,1,-7,1,-7,1,-7,1,-6,1,-6,1,-5,2,-5,2,-5,2,-5,2,-4,2,-4,2,-3,2,-3,2,-3,2,-2,2,-2,2,-2,2,-1,0,0,0,0,0,0,0,0,0,0,0,0,0,0,-57,55,-60,53,-57,56,-48,54,-58,49,-55,43,-55,50,-50,42,-49,44,-49,44,-43,41,-43,39,-41,44,-38,43,-39,34,-38,40,-37,39,-32,38,-31,41,-29,38,-31,41,-31,39,-25,36,-25,41,-25,36,-24,39,-28,39,-25,33,-28,33,-24,36,-27,34,-24,33,-22,33,-21,33,-23,32,-20,31,-25,28,-22,27,-25,28,-27,28,-23,25,-24,21,-23,17,-23,19,-24,19,-24,14,-24,12,-24,10,-22,3,-22,6,-21,7,-19,3,-17,2,-16,-3,-19,0,-15,1,-13,-5,0,0,0,0,0,0,0,0,0,0,0,0,0,0,0,0,0,0,0,0,0,0,-14,-30,-15,-36,-13,-34,-15,-34,-14,-35,-11,-34,-14,-36,-10,-38,-13,-39,-9,-37,-12,-39,-11,-43,-11,-45,-10,-44,-13,-44,-16,-42,-18,-44,-14,-47,-15,-47,-21,-46,-20,-51,-19,-47,-21,-53,-21,-50,-20,-52,-23,-54,-21,-56,-23,-53,-28,-53,-30,-57,-28,-54,-27,-54,-29,-54,-33,-52,-36,-57,-35,-58,-38,-58,-39,-57,-35,-58,-38,-55,-40,-56,-41,-54,-48,-55,-50,-58,-45,-52,-48,-56,-46,-57,-50,-48,-58,-56,-58,-57,-49,-56,-55,-54,-54,-57,-55,-58,-58,-57,-54,-60,-60,-62,0,0]"
CSI_DATA,52,2a:00:00:00:00:00,-37,11,1,0,1,1,1,0,0,0,1,-96,0,11,2,939413,0,44,0,384,0,"[0,0,0,0,0,0,0,0,0,0,0,0,-6,-12,-6,-12,-6,-12,-5,-12,-5,-12,-5,-11,-5,-11,-5,-10,-5,-10,-5,-10,-5,-10,-5,-9,-5,-9,-5,-9,-5,-8,-5,-8,-5,-8,-6,-7,-6,-7,-6,-7,-6,-7,-6,-7,-5,-7,-6,-7,-6,-7,-5,-7,0,0,-5,-6,-5,-7,-5,-7,-5,-6,-4,-6,-5,-7,-4,-6,-4,-6,-4,-6,-3,-6,-3,-6,-2,-6,-2,-6,-2,-5,-1,-5,-1,-5,-1,-5,-1,-5,-1,-4,0,-4,0,-4,0,-4,0,-4,1,-3,1,-3,1,-3,0,0,0,0,0,0,0,0,0,0,0,0,0,0,-29,72,-36,67,-31,72,-32,66,-34,61,-28,65,-29,61,-31,64,-27,59,-25,55,-25,54,-21,56,-24,53,-22,47,-17,50,-19,49,-19,49,-16,48,-11,47,-15,45,-12,48,-8,45,-8,46,-11,46,-9,42,-9,43,-6,37,-7,42,-6,43,-10,40,-10,40,-9,41,-5,41,-11,37,-9,35,-11,40,-9,39,-10,35,-11,33,-12,33,-14,28,-15,28,-14,28,-15,21,-15,26,-13,18,-16,21,-16,18,-13,14,-15,14,-12,12,-21,8,-15,8,-18,7,-18,5,-13,4,-13,-1,0,0,0,0,0,0,0,0,0,0,0,0,0,0,0,0,0,0,0,0,0,0,-24,-24,-23,-26,-23,-25,-21,-30,-18,-25,-20,-28,-24,-32,-25,-28,-27,-29,-25,-30,-27,-30,-27,-31,-30,-36,-32,-35,-30,-37,-27,-34,-35,-38,-33,-37,-34,-38,-35,-39,-33,-38,-37,-37,-36,-40,-37,-39,-38,-40,-42,-40,-39,-40,-47,-43,-44,-39,-47,-40,-44,-35,-53,-41,-47,-41,-53,-37,-50,-36,-55,-41,-51,-36,-56,-37,-56,-37,-60,-36,-63,-41,-57,-32,-60,-34,-64,-31,-63,-31,-67,-28,-63,-31,-65,-26,-71,-25,-69,-29,-69,-29,-72,-31,-69,-34,-66,-27,-72,-29,-78,-32,-76,-25,0,0]"
CSI_DATA,53,2a:00:00:00:00:00,-37,11,1,0,1,1,1,0,0,0,1,-96,0,11,2,949405,0,44,0,384,0,"[0,0,0,0,0,0,0,0,0,0,0,0,-8,-12,-7,-12,-7,-12,-7,-12,-7,-11,-7,-11,-7,-10,-7,-10,-7,-10,-6,-9,-7,-9,-7,-9,-7,-8,-6,-8,-6,-8,-7,-7,-7,-7,-6,-7,-7,-7,-7,-7,-6,-7,-7,-6,-6,-6,-7,-6,-6,-6,-7,-6,0,0,-6,-6,-6,-6,-6,-6,-6,-6,-5,-6,-5,-6,-5,-6,-4,-6,-4,-6,-4,-6,-4,-6,-3,-6,-3,-6,-3,-6,-2,-5,-2,-5,-2,-5,-2,-5,-1,-4,-1,-4,-1,-4,0,-4,0,-4,0,-3,0,-3,0,-3,0,0,0,0,0,0,0,0,0,0,0,0,0,0,-18,72,-20,73,-19,75,-22,69,-16,71,-21,69,-18,65,-19,68,-17,58,-16,63,-11,59,-11,58,-12,58,-10,52,-8,54,-11,56,-8,49,-8,52,-6,50,-1,46,-4,47,-3,44,-1,49,3,44,1,44,3,41,1,39,2,41,5,40,2,36,2,35,4,42,0,39,5,40,1,37,-2,39,-2,38,-4,36,-5,31,-4,33,-7,30,-7,27,-3,28,-9,28,-9,28,-9,22,-12,23,-15,21,-11,18,-11,15,-13,15,-12,13,-12,11,-15,12,-15,11,-13,7,-15,6,0,0,0,0,0,0,0,0,0,0,0,0,0,0,0,0,0,0,0,0,0,0,-22,-25,-25,-24,-20,-27,-23,-27,-21,-24,-20,-25,-24,-28,-23,-30,-25,-30,-27,-28,-27,-32,-26,-34,-31,-32,-31,-36,-32,-33,-28,-31,-30,-36,-30,-32,-35,-32,-36,-35,-36,-36,-37,-37,-37,-34,-37,-39,-38,-38,-42,-35,-43,-40,-44,-40,-44,-34,-44,-42,-47,-37,-51,-39,-49,-35,-51,-36,-54,-36,-48,-34,-58,-29,-55,-30,-60,-33,-61,-29,-65,-28,-62,-28,-66,-30,-67,-26,-68,-25,-66,-23,-66,-23,-71,-20,-71,-26,-71,-19,-72,-26,-73,-22,-76,-26,-72,-21,-77,-22,-82,-24,-77,-15,0,0]"
CSI_DATA,54,2a:00:00:00:00:00,-37,11,1,0,1,1,1,0,0,0,1,-96,0,11,2,959411,0,44,0,384,0,"[0,0,0,0,0,0,0,0,0,0,0,0,-12,-7,-12,-7,-12,-8,-11,-8,-11,-7,-11,-6,-11,-6,-10,-6,-10,-6,-10,-6,-10,-5,-10,-5,-10,-5,-9,-4,-9,-4,-9,-4,-9,-3,-9,-3,-9,-3,-9,-3,-8,-3,-9,-3,-8,-2,-9,-3,-8,-3,-8,-2,0,0,-8,-2,-8,-3,-8,-3,-8,-2,-7,-3,-7,-3,-7,-3,-7,-3,-6,-3,-6,-3,-6,-3,-5,-4,-5,-4,-5,-4,-4,-4,-4,-4,-4,-4,-3,-4,-3,-4,-2,-4,-2,-4,-2,-4,-2,-4,-1,-3,-1,-3,-1,-3,0,0,0,0,0,0,0,0,0,0,0,0,0,0,10,72,7,75,3,80,3,75,6,70,5,65,4,70,-5,64,5,63,4,60,3,65,8,55,9,57,3,52,6,55,4,54,11,53,9,50,10,46,14,43,14,45,10,45,14,46,11,43,11,40,16,37,14,36,11,40,8,37,13,42,15,39,13,38,11,35,12,33,12,36,7,38,12,35,9,36,4,32,8,35,5,25,3,25,-3,27,-2,29,-6,31,-2,22,-7,24,-5,22,-4,19,-7,21,-4,16,-6,15,-6,13,-10,12,-10,14,-12,10,-12,9,0,0,0,0,0,0,0,0,0,0,0,0,0,0,0,0,0,0,0,0,0,0,-32,-17,-32,-16,-32,-14,-32,-19,-33,-17,-35,-17,-34,-20,-35,-19,-34,-17,-36,-17,-37,-21,-38,-25,-38,-19,-41,-23,-43,-24,-41,-19,-43,-20,-40,-18,-47,-18,-45,-19,-44,-19,-50,-15,-51,-17,-52,-18,-51,-22,-55,-19,-54,-22,-57,-19,-55,-21,-60,-16,-58,-15,-60,-19,-64,-16,-64,-13,-64,-16,-63,-10,-61,-13,-63,-13,-65,-11,-67,-11,-66,-7,-68,-4,-73,-5,-70,0,-69,-1,-73,3,-68,5,-71,3,-76,4,-77,2,-77,4,-76,5,-71,4,-76,5,-81,3,-83,8,-86,9,0,0]"
CSI_DATA,55,2a:00:00:00:00:00,-37,11,1,0,1,1,1,0,0,0,1,-96,0,11,2,969401,0,44,0,384,0,"[0,0,0,0,0,0,0,0,0,0,0,0,-13,-5,-13,-5,-12,-5,-12,-5,-12,-5,-12,-4,-11,-4,-11,-4,-11,-4,-10,-3,-10,-3,-10,-3,-10,-3,-10,-3,-9,-3,-10,-2,-9,-2,-9,-2,-9,-2,-9,-1,-9,-1,-8,-1,-9,-1,-8,-1,-8,-1,-9,-1,0,0,-8,-1,-8,-1,-8,-1,-8,-1,-7,-2,-7,-2,-7,-2,-7,-2,-7,-2,-7,-2,-6,-2,-6,-3,-6,-3,-5,-3,-5,-3,-4,-3,-4,-3,-4,-3,-4,-3,-3,-3,-3,-3,-2,-3,-2,-3,-2,-3,-2,-3,-1,-3,0,0,0,0,0,0,0,0,0,0,0,0,0,0,16,78,16,72,22,75,16,72,17,71,20,69,16,70,16,66,13,60,16,56,18,60,19,57,18,56,16,54,9,49,20,48,19,52,18,48,18,43,20,43,17,42,19,39,21,40,16,36,19,35,20,40,23,38,24,36,20,37,20,31,24,35,23,35,17,38,18,34,19,33,11,36,18,33,16,38,13,34,12,32,10,31,10,29,3,30,9,26,2,28,1,23,-1,28,5,24,-1,23,-3,23,-2,15,-8,17,-6,16,-4,12,-8,16,-10,7,-11,11,0,0,0,0,0,0,0,0,0,0,0,0,0,0,0,0,0,0,0,0,0,0,-33,-6,-36,-9,-36,-9,-35,-6,-32,-10,-32,-9,-37,-11,-34,-8,-39,-16,-35,-12,-40,-9,-41,-13,-45,-8,-41,-14,-44,-13,-40,-11,-48,-11,-48,-7,-47,-7,-56,-13,-54,-14,-51,-9,-52,-7,-54,-9,-58,-11,-57,-13,-56,-9,-61,-7,-62,-11,-59,-4,-58,-2,-57,-5,-65,0,-64,-7,-62,-5,-64,-2,-62,3,-66,2,-67,2,-66,3,-69,6,-64,7,-66,11,-70,12,-68,14,-65,17,-73,18,-70,18,-70,18,-71,19,-73,21,-77,21,-77,22,-72,17,-79,22,-80,22,-75,24,0,0]"
CSI_DATA,56,2a:00:00:00:00:00,-37,11,1,0,1,1,1,0,0,0,1,-96,0,11,2,989417,0,44,0,384,0,"[0,0,0,0,0,0,0,0,0,0,0,0,-12,7,-11,7,-11,7,-11,6,-11,7,-10,6,-10,6,-10,6,-10,6,-9,6,-9,5,-9,6,-8,6,-8,5,-7,5,-8,6,-7,6,-7,6,-6,6,-6,5,-6,5,-6,5,-6,5,-6,5,-6,5,-6,5,0,0,-6,5,-6,5,-6,4,-6,5,-6,4,-6,4,-6,3,-6,3,-6,3,-6,3,-6,2,-6,2,-5,2,-5,1,-5,1,-5,1,-5,0,-5,0,-5,0,-4,-1,-4,-1,-4,-1,-3,-1,-3,-1,-3,-2,-3,-2,0,0,0,0,0,0,0,0,0,0,0,0,0,0,76,14,73,12,72,15,73,17,68,14,69,18,67,13,66,12,64,16,63,13,60,15,58,8,61,10,56,10,60,11,57,5,49,8,51,1,47,6,48,7,47,2,50,1,47,-3,42,-1,42,-1,37,-2,43,-2,42,-5,43,-4,41,3,42,-4,42,2,36,0,36,-2,40,5,35,1,36,1,34,1,33,2,33,9,32,8,31,7,27,11,20,7,22,13,25,10,23,12,18,13,16,11,13,16,14,15,12,17,10,16,10,15,7,11,7,13,3,11,0,0,0,0,0,0,0,0,0,0,0,0,0,0,0,0,0,0,0,0,0,0,-18,29,-17,31,-16,31,-20,28,-18,33,-20,29,-19,31,-21,33,-22,29,-20,30,-23,33,-25,38,-18,37,-25,35,-28,37,-25,40,-26,42,-26,41,-23,43,-27,41,-29,45,-29,44,-29,47,-28,48,-29,47,-28,55,-29,48,-27,51,-28,53,-28,56,-24,57,-26,56,-30,56,-23,57,-26,60,-26,61,-25,64,-20,62,-21,62,-16,61,-17,64,-18,66,-15,64,-15,70,-19,69,-14,72,-19,71,-12,74,-12,74,-16,72,-11,72,-15,77,-10,79,-12,75,-8,78,-14,77,-10,80,0,0]"
CSI_DATA,57,2a:00:00:00:00:00,-37,11,1,0,1,1,1,0,0,0,1,-96,0,11,2,999422,0,44,0,384,0,"[0,0,0,0,0,0,0,0,0,0,0,0,-9,10,-9,9,-9,10,-9,9,-8,9,-8,8,-8,9,-7,8,-7,8,-7,8,-7,8,-6,8,-6,7,-6,7,-5,7,-5,8,-5,7,-5,7,-4,7,-4,7,-4,7,-4,7,-4,7,-3,7,-4,7,-4,7,0,0,-4,7,-4,6,-4,6,-4,6,-4,6,-3,6,-4,5,-4,5,-4,5,-4,4,-5,4,-4,4,-4,3,-4,3,-5,3,-4,2,-4,2,-4,2,-4,1,-4,1,-4,1,-3,1,-3,0,-3,0,-3,-1,-3,-1,0,0,0,0,0,0,0,0,0,0,0,0,0,0,73,-5,71,-10,79,-8,74,-6,72,-3,74,-11,65,-9,68,-9,60,-8,66,-6,62,-5,61,-5,61,-5,50,-7,52,-8,53,-10,48,-8,45,-11,51,-10,46,-10,52,-14,45,-11,43,-14,41,-15,42,-10,39,-12,36,-11,38,-14,40,-14,40,-16,41,-13,40,-13,40,-11,37,-14,38,-12,31,-11,36,-8,34,-5,36,-5,32,-7,30,-5,31,0,26,4,24,3,24,0,25,2,27,7,20,10,20,7,19,9,17,8,14,12,13,9,13,11,10,11,10,11,10,12,0,0,0,0,0,0,0,0,0,0,0,0,0,0,0,0,0,0,0,0,0,0,-4,37,-8,37,-10,30,-6,36,-9,35,-17,40,-11,37,-12,33,-13,39,-9,38,-15,36,-12,40,-14,42,-11,40,-11,42,-15,44,-13,50,-15,46,-10,49,-11,47,-12,48,-17,51,-13,52,-13,54,-10,54,-15,63,-7,58,-11,57,-12,57,-9,62,-5,57,-10,63,-8,63,-9,64,-4,62,-7,63,-3,60,-3,67,-2,65,2,66,-1,70,1,65,1,71,3,66,3,71,8,70,5,72,8,74,9,72,10,72,11,72,13,75,9,79,5,75,11,79,10,79,10,75,0,0]"
CSI_DATA,58,2a:00:00:00:00:00,-37,11,1,0,1,1,1,0,0,0,1,-96,0,11,2,1019392,0,44,0,384,0,"[0,0,0,0,0,0,0,0,0,0,0,0,-7,11,-7,11,-6,10,-7,10,-6,10,-7,10,-7,9,-6,9,-6,9,-5,9,-5,9,-5,8,-4,9,-4,8,-4,8,-4,8,-4,8,-3,8,-3,8,-2,8,-3,7,-3,7,-3,7,-2,7,-2,7,-3,7,0,0,-3,7,-2,6,-2,7,-3,6,-3,6,-3,6,-3,6,-3,5,-4,5,-4,5,-4,5,-3,4,-3,4,-3,4,-4,3,-4,3,-3,3,-4,2,-4,2,-4,1,-4,1,-3,1,-3,1,-3,0,-3,0,-3,0,0,0,0,0,0,0,0,0,0,0,0,0,0,0,80,-19,78,-17,74,-15,75,-13,72,-12,74,-12,66,-15,67,-13,64,-14,64,-11,59,-9,57,-10,61,-11,53,-13,59,-12,53,-17,49,-18,50,-16,51,-20,48,-16,48,-15,43,-18,41,-19,42,-18,40,-19,40,-21,41,-19,36,-19,39,-16,40,-21,41,-15,40,-15,37,-14,37,-17,39,-11,41,-14,35,-11,35,-9,36,-10,31,-8,33,-4,31,-4,32,-2,30,2,30,-1,26,3,25,2,22,1,22,7,22,7,18,11,17,9,14,10,11,10,10,8,10,10,10,11,0,0,0,0,0,0,0,0,0,0,0,0,0,0,0,0,0,0,0,0,0,0,-4,33,0,34,-4,36,-4,34,-5,40,-6,36,-6,38,-3,37,-5,38,-7,40,-8,40,-3,43,-4,47,-5,45,-12,48,-7,46,-14,49,-5,47,-8,51,-8,49,-5,56,-8,59,-8,57,-8,59,-10,55,-3,55,-8,58,-6,63,-6,57,-7,59,-3,62,-4,64,-1,63,2,68,-1,67,0,65,3,65,-1,66,9,67,8,72,2,67,8,69,6,72,11,70,8,72,13,78,12,74,17,73,16,74,15,72,16,75,21,74,15,85,17,73,18,80,20,82,17,78,0,0]"
CSI_DATA,59,2a:00:00:00:00:00,-37,11,1,0,1,1,1,0,0,0,1,-96,0,11,2,1030674,0,44,0,384,0,"[0,0,0,0,0,0,0,0,0,0,0,0,-5,12,-4,12,-4,12,-4,11,-4,12,-4,10,-4,10,-4,10,-4,10,-3,10,-3,9,-3,9,-2,9,-2,9,-2,8,-2,9,-2,8,-2,8,-1,8,-1,8,-1,8,-1,8,-1,8,0,8,-1,8,-1,7,0,0,-1,7,-1,7,-1,7,-2,7,-1,6,-2,7,-2,6,-2,6,-3,6,-2,6,-3,5,-2,5,-3,5,-3,4,-3,4,-3,3,-3,3,-3,3,-3,2,-3,2,-3,2,-3,1,-3,1,-3,1,-3,0,-3,0,0,0,0,0,0,0,0,0,0,0,0,0,0,0,73,-41,70,-31,64,-33,67,-36,68,-32,62,-33,58,-28,58,-32,61,-35,57,-29,56,-24,55,-29,55,-28,47,-31,49,-25,47,-28,43,-32,45,-30,40,-31,40,-31,37,-27,36,-30,35,-31,33,-29,30,-29,31,-32,30,-29,31,-28,29,-26,32,-26,31,-26,29,-29,30,-24,27,-31,33,-29,30,-23,26,-26,26,-25,25,-23,26,-20,29,-19,27,-15,28,-13,27,-10,23,-11,25,-5,23,-7,26,-6,20,0,21,-5,19,-5,18,1,16,3,18,7,12,4,14,2,12,7,0,0,0,0,0,0,0,0,0,0,0,0,0,0,0,0,0,0,0,0,0,0,-6,36,-3,33,-3,34,-3,34,-5,38,-6,34,-5,36,-2,41,-3,40,-6,37,-7,40,-7,46,-7,45,-5,44,-9,45,-4,49,-4,49,-4,52,0,49,-3,54,-2,52,-1,58,-2,56,-2,53,-2,55,-3,57,-3,58,1,59,1,60,6,63,3,62,4,61,7,58,8,63,6,63,11,65,10,63,12,61,14,66,18,66,14,65,22,63,20,67,25,66,22,65,25,71,22,68,29,66,34,63,30,69,28,70,31,65,35,70,34,68,35,70,36,71,34,67,0,0]"
CSI_DATA,60,2a:00:00:00:00:00,-37,11,1,0,1,1,1,0,0,0,1,-96,0,11,2,1039418,0,44,0,384,0,"[0,0,0,0,0,0,0,0,0,0,0,0,6,11,7,11,7,11,6,11,6,11,6,10,6,10,6,9,5,9,6,9,5,8,6,8,6,8,6,7,5,7,6,6,6,6,5,6,6,6,6,6,5,6,6,6,5,5,6,5,6,6,5,5,0,0,5,5,5,5,5,5,5,5,4,5,4,5,4,5,4,5,3,5,3,4,3,5,2,5,2,5,2,5,1,4,1,4,1,4,0,4,0,4,0,3,-1,3,-1,3,-1,3,-1,3,-2,2,-2,2,0,0,0,0,0,0,0,0,0,0,0,0,0,0,25,-81,20,-72,25,-73,17,-64,19,-73,19,-67,18,-66,19,-67,20,-67,15,-60,17,-59,15,-55,14,-58,12,-57,9,-51,6,-52,8,-57,8,-55,5,-53,6,-50,4,-48,3,-50,-3,-44,1,-47,5,-45,0,-46,0,-44,-2,-44,1,-43,-4,-42,-5,-42,0,-39,0,-38,0,-42,3,-39,5,-37,2,-37,2,-43,6,-37,7,-34,5,-30,7,-30,9,-29,6,-28,10,-23,8,-24,10,-23,11,-22,13,-16,10,-12,13,-15,14,-13,13,-12,12,-12,12,-9,13,-5,10,-4,0,0,0,0,0,0,0,0,0,0,0,0,0,0,0,0,0,0,0,0,0,0,25,21,23,22,26,25,25,26,26,23,25,23,22,27,27,26,29,30,29,29,33,28,33,29,36,32,34,31,34,32,34,34,34,34,34,34,37,34,38,37,39,37,44,41,43,37,39,37,47,33,52,35,48,40,44,32,46,35,47,36,53,36,49,36,51,36,53,36,53,34,56,35,59,30,57,32,62,26,66,29,64,32,62,27,61,25,68,27,62,24,62,25,67,25,65,22,72,22,72,23,75,21,77,19,72,20,69,23,76,23,75,17,77,16,0,0]"
CSI_DATA,61,2a:00:00:00:00:00,-37,11,1,0,1,1,1,0,0,0,1,-96,0,11,2,1061361,0,44,0,384,0,"[0,0,0,0,0,0,0,0,0,0,0,0,-13,-7,-12,-7,-12,-7,-12,-7,-11,-7,-11,-6,-11,-6,-10,-6,-10,-6,-10,-6,-10,-5,-10,-5,-10,-5,-9,-4,-9,-4,-10,-3,-9,-3,-9,-3,-9,-3,-9,-3,-9,-3,-8,-3,-8,-2,-9,-2,-8,-3,-8,-2,0,0,-8,-2,-8,-3,-8,-3,-8,-2,-7,-3,-7,-3,-7,-3,-7,-3,-6,-3,-6,-3,-6,-3,-5,-4,-5,-3,-5,-4,-4,-3,-4,-3,-4,-4,-3,-3,-3,-4,-2,-4,-2,-3,-2,-4,-2,-4,-1,-3,-1,-3,-1,-3,0,0,0,0,0,0,0,0,0,0,0,0,0,0,12,75,17,74,15,75,19,67,14,72,15,66,19,67,15,68,13,61,15,64,16,58,20,59,18,57,14,51,14,48,16,52,15,52,13,49,15,47,16,45,17,46,24,42,18,41,22,40,20,42,19,38,21,36,17,37,18,38,21,38,21,35,20,37,16,36,15,34,13,34,12,36,11,35,13,32,15,28,9,27,8,28,7,29,-2,30,-1,31,-1,28,-1,23,-3,26,-3,24,-3,22,-4,22,-8,17,-8,15,-7,16,-10,13,-8,13,-9,12,-14,11,0,0,0,0,0,0,0,0,0,0,0,0,0,0,0,0,0,0,0,0,0,0,-32,-5,-33,-7,-30,-9,-38,1,-34,-14,-25,-15,-38,-21,-32,4,-53,-17,-47,-11,-42,-9,-50,-16,-47,-14,-36,-8,-54,-4,-54,-16,-52,-18,-53,-7,-41,-8,-52,-17,-60,-14,-61,-11,-51,-7,-61,-9,-60,-13,-56,-5,-57,-5,-61,-8,-61,-8,-66,-8,-63,-5,-66,-2,-61,-5,-64,-9,-62,1,-65,3,-69,-1,-60,6,-67,4,-71,3,-68,7,-64,5,-68,7,-74,6,-67,10,-69,11,-67,11,-71,18,-71,17,-78,20,-75,13,-71,19,-84,19,-73,19,-75,17,-82,19,-79,24,0,0]"
CSI_DATA,62,2a:00:00:00:00:00,-37,11,1,0,1,1,1,0,0,0,1,-96,0,11,2,1069421,0,44,0,384,0,"[0,0,0,0,0,0,0,0,0,0,0,0,13,-3,13,-3,12,-2,12,-2,11,-2,12,-2,11,-2,11,-3,10,-2,9,-3,10,-3,9,-3,9,-3,8,-3,8,-3,8,-3,8,-3,8,-3,7,-4,7,-3,7,-4,7,-3,7,-4,7,-4,6,-4,7,-4,0,0,7,-4,6,-3,6,-3,6,-3,6,-3,6,-2,6,-2,6,-2,6,-2,5,-2,5,-2,5,-1,5,-1,5,-1,4,0,4,0,4,0,4,0,3,1,3,1,3,1,2,1,2,1,2,1,2,1,1,1,0,0,0,0,0,0,0,0,0,0,0,0,0,0,-40,-63,-37,-64,-38,-65,-41,-63,-42,-65,-43,-61,-35,-63,-32,-61,-32,-58,-38,-54,-34,-54,-31,-49,-34,-45,-27,-49,-31,-45,-35,-44,-35,-42,-31,-36,-33,-39,-32,-35,-37,-34,-33,-32,-34,-28,-33,-32,-30,-27,-31,-34,-35,-28,-32,-27,-29,-31,-33,-26,-34,-28,-32,-25,-33,-30,-29,-25,-29,-26,-27,-27,-22,-27,-24,-29,-21,-31,-18,-27,-24,-28,-16,-29,-18,-25,-16,-25,-15,-27,-14,-25,-12,-22,-9,-21,-6,-21,-1,-19,0,-21,5,-20,-2,-18,1,-14,4,-18,5,-15,6,-15,0,0,0,0,0,0,0,0,0,0,0,0,0,0,0,0,0,0,0,0,0,0,33,-4,36,-4,36,-6,35,-4,36,-5,37,-6,33,0,39,-1,39,-2,42,-2,43,-1,44,-1,43,-5,47,-4,45,-4,48,0,47,-7,46,-8,45,-12,54,-7,48,-9,55,-3,49,-8,54,-8,55,-8,54,-10,60,-9,59,-8,61,-11,61,-11,61,-16,63,-11,65,-12,60,-13,66,-15,66,-22,63,-18,61,-25,62,-23,61,-25,63,-23,60,-29,62,-30,66,-34,59,-37,65,-30,64,-34,63,-39,66,-36,62,-40,64,-37,64,-45,66,-45,62,-43,66,-47,68,-46,65,-50,0,0]"
CSI_DATA,63,2a:00:00:00:00:00,-37,11,1,0,1,1,1,0,0,0,1,-96,0,11,2,1089910,0,44,0,384,0,"[0,0,0,0,0,0,0,0,0,0,0,0,3,-14,3,-13,2,-14,2,-13,2,-13,2,-12,2,-12,2,-11,2,-11,1,-11,1,-11,1,-11,0,-11,0,-10,0,-10,0,-10,0,-9,0,-10,-1,-9,-1,-9,-1,-9,-1,-9,-1,-9,-1,-9,-1,-9,-1,-9,0,0,-1,-8,-1,-9,-1,-8,0,-8,-1,-8,0,-8,0,-7,0,-7,1,-7,1,-7,1,-6,1,-6,1,-6,1,-5,2,-5,2,-5,2,-5,2,-4,2,-3,2,-3,2,-3,2,-3,2,-2,2,-2,2,-2,2,-1,0,0,0,0,0,0,0,0,0,0,0,0,0,0,-52,56,-60,55,-47,53,-53,53,-54,50,-51,46,-51,53,-44,43,-47,45,-41,45,-42,43,-44,42,-42,43,-39,45,-39,38,-37,41,-33,40,-33,39,-34,38,-27,42,-26,37,-30,41,-26,41,-22,38,-25,37,-22,39,-25,39,-26,38,-23,36,-23,33,-23,35,-25,34,-21,32,-21,36,-26,31,-21,31,-22,29,-23,30,-18,25,-25,22,-22,24,-22,16,-23,21,-23,20,-23,15,-21,11,-22,10,-17,11,-25,7,-20,7,-20,3,-20,6,-17,-1,-15,-1,-15,-1,-17,-2,-13,-6,0,0,0,0,0,0,0,0,0,0,0,0,0,0,0,0,0,0,0,0,0,0,-18,-32,-13,-28,-15,-29,-11,-33,-17,-32,-13,-32,-14,-35,-11,-37,-16,-39,-21,-40,-18,-40,-19,-39,-18,-38,-23,-44,-18,-43,-19,-45,-19,-43,-20,-45,-22,-46,-26,-52,-22,-48,-22,-54,-23,-49,-26,-53,-25,-54,-28,-53,-26,-54,-26,-53,-31,-57,-29,-56,-31,-53,-32,-54,-32,-55,-32,-54,-34,-59,-33,-55,-36,-58,-37,-55,-39,-55,-46,-53,-45,-48,-48,-56,-44,-50,-47,-51,-44,-51,-52,-47,-47,-51,-56,-56,-53,-51,-54,-52,-58,-52,-59,-53,-55,-51,-58,-55,-55,-58,-57,-51,-67,-54,0,0]"
CSI_DATA,64,2a:00:00:00:00:00,-37,11,1,0,1,1,1,0,0,0,1,-96,0,11,2,1109407,0,44,0,384,0,"[0,0,0,0,0,0,0,0,0,0,0,0,6,-12,6,-12,6,-12,6,-11,5,-11,6,-11,6,-10,5,-10,5,-10,4,-10,4,-10,4,-10,3,-10,3,-9,3,-9,3,-9,3,-9,3,-9,2,-9,2,-9,2,-8,2,-8,2,-8,1,-8,1,-8,2,-8,0,0,2,-8,2,-8,2,-8,2,-8,2,-7,2,-7,2,-7,2,-6,3,-6,3,-6,3,-6,3,-5,2,-5,3,-4,3,-4,3,-4,3,-4,3,-3,3,-3,3,-2,3,-2,2,-2,2,-1,2,-1,2,-1,2,-1,0,0,0,0,0,0,0,0,0,0,0,0,0,0,-66,27,-72,24,-70,28,-72,28,-70,25,-65,23,-69,29,-64,25,-60,24,-59,20,-60,25,-56,20,-55,21,-53,22,-50,22,-49,22,-47,24,-41,28,-41,23,-41,24,-38,27,-42,23,-37,27,-35,24,-38,22,-33,24,-33,26,-35,27,-33,25,-35,26,-36,25,-30,26,-29,22,-33,23,-31,16,-29,24,-29,16,-33,18,-28,16,-32,17,-31,13,-32,11,-27,10,-29,7,-26,7,-27,7,-30,0,-22,3,-23,-1,-22,-1,-23,-6,-21,-4,-14,-2,-16,-4,-13,-6,-16,-7,-14,-6,0,0,0,0,0,0,0,0,0,0,0,0,0,0,0,0,0,0,0,0,0,0,-1,-33,1,-34,6,-35,4,-29,3,-34,4,-39,2,-38,5,-39,6,-38,4,-41,5,-40,4,-43,4,-49,0,-46,6,-48,5,-48,5,-49,5,-48,4,-53,5,-54,3,-56,4,-52,5,-58,3,-55,6,-57,1,-59,1,-60,4,-62,0,-61,-3,-60,-3,-62,0,-61,2,-60,-3,-62,0,-60,-3,-66,-8,-65,-10,-64,-8,-64,-13,-67,-15,-66,-18,-68,-17,-72,-20,-68,-19,-66,-28,-68,-23,-64,-23,-69,-28,-70,-27,-74,-27,-70,-31,-73,-30,-71,-30,-74,-31,-77,-29,-66,-30,-73,0,0]"
CSI_DATA,65,2a:00:00:00:00:00,-37,11,1,0,1,1,1,0,0,0,1,-96,0,11,2,1130247,0,44,0,384,0,"[0,0,0,0,0,0,0,0,0,0,0,0,7,-12,7,-11,7,-12,7,-11,7,-11,7,-10,6,-10,6,-10,6,-10,5,-10,5,-10,5,-9,5,-9,4,-9,4,-9,4,-9,3,-9,3,-9,3,-9,3,-9,3,-8,2,-9,3,-8,2,-8,3,-8,3,-8,0,0,3,-8,3,-8,3,-7,3,-7,3,-7,3,-7,3,-7,3,-6,4,-6,4,-6,4,-5,3,-5,3,-4,3,-4,4,-4,3,-3,3,-3,3,-3,3,-2,3,-2,3,-1,3,-1,2,-1,2,-1,2,0,2,0,0,0,0,0,0,0,0,0,0,0,0,0,0,0,-74,14,-76,15,-71,12,-72,10,-74,17,-69,11,-72,12,-65,14,-66,16,-60,14,-60,12,-59,14,-56,16,-53,16,-51,12,-48,15,-50,17,-45,17,-42,17,-43,16,-44,23,-46,20,-36,23,-42,21,-38,20,-39,21,-42,22,-41,23,-38,20,-37,20,-40,16,-35,19,-36,16,-36,20,-38,17,-37,15,-33,12,-34,14,-30,9,-33,8,-33,10,-35,7,-31,3,-29,4,-27,1,-31,1,-23,-3,-20,-3,-21,-6,-24,-6,-21,-5,-18,-5,-19,-6,-17,-10,-13,-11,-11,-10,-9,-12,0,0,0,0,0,0,0,0,0,0,0,0,0,0,0,0,0,0,0,0,0,0,11,-35,8,-30,9,-33,9,-33,9,-34,10,-29,8,-35,11,-37,6,-37,12,-39,13,-39,11,-40,9,-45,12,-45,12,-44,12,-49,11,-45,16,-50,13,-47,10,-52,8,-50,15,-53,12,-53,14,-54,11,-54,13,-59,10,-59,11,-57,11,-63,12,-60,12,-61,8,-60,7,-61,4,-63,4,-66,6,-63,3,-67,2,-66,0,-64,0,-66,1,-66,-5,-67,-2,-68,-11,-69,-11,-69,-14,-67,-12,-70,-13,-75,-13,-72,-13,-74,-14,-68,-19,-76,-16,-71,-15,-72,-20,-75,-26,-74,-25,-79,0,0]"
CSI_DATA,66,2a:00:00:00:00:00,-37,11,1,0,1,1,1,0,0,0,1,-96,0,11,2,1139442,0,44,0,384,0,"[0,0,0,0,0,0,0,0,0,0,0,0,-6,-12,-6,-12,-6,-12,-6,-12,-5,-11,-5,-11,-5,-10,-5,-10,-5,-10,-5,-10,-5,-9,-5,-9,-6,-9,-6,-9,-5,-8,-6,-8,-6,-8,-5,-7,-6,-7,-6,-7,-5,-7,-6,-7,-5,-7,-6,-7,-6,-7,-5,-6,0,0,-5,-7,-5,-7,-5,-7,-5,-6,-5,-7,-4,-7,-4,-6,-4,-7,-3,-6,-3,-6,-3,-6,-3,-6,-2,-6,-2,-6,-2,-5,-1,-5,-1,-5,-1,-5,0,-4,0,-4,0,-4,0,-4,1,-3,0,-3,1,-3,1,-2,0,0,0,0,0,0,0,0,0,0,0,0,0,0,-11,71,-14,74,-13,74,-12,69,-12,67,-13,67,-9,69,-15,70,-10,63,-11,62,-9,58,-10,57,-9,56,-7,55,-6,50,-8,52,-3,55,-2,50,-3,48,-1,52,2,48,-2,47,8,43,3,46,4,40,0,41,3,44,6,43,0,41,3,41,-1,39,2,43,2,37,2,44,0,37,-2,40,-2,38,-1,35,-5,39,-2,33,-8,33,-9,27,-11,28,-9,24,-8,22,-9,22,-11,22,-13,19,-13,16,-14,16,-16,13,-16,14,-14,14,-15,10,-15,7,-14,8,-15,4,0,0,0,0,0,0,0,0,0,0,0,0,0,0,0,0,0,0,0,0,0,0,-26,-16,-26,-16,-28,-16,-27,-20,-25,-20,-32,-19,-29,-22,-30,-23,-32,-20,-32,-25,-34,-22,-35,-26,-36,-24,-40,-23,-35,-28,-38,-28,-43,-25,-42,-30,-44,-30,-46,-29,-46,-27,-50,-27,-47,-30,-50,-28,-53,-31,-48,-33,-51,-32,-53,-30,-56,-33,-58,-33,-50,-26,-57,-27,-56,-27,-57,-28,-60,-30,-57,-29,-58,-26,-63,-22,-63,-24,-62,-24,-62,-22,-59,-20,-66,-16,-69,-17,-69,-14,-70,-12,-67,-16,-70,-13,-71,-12,-70,-10,-68,-15,-75,-11,-74,-9,-75,-13,-79,-8,-78,-10,-76,-10,0,0]"
CSI_DATA,67,2a:00:00:00:00:00,-37,11,1,0,1,1,1,0,0,0,1,-96,0,11,2,1149420,0,44,0,384,0,"[0,0,0,0,0,0,0,0,0,0,0,0,-4,-13,-4,-13,-5,-13,-4,-13,-4,-13,-4,-12,-5,-11,-5,-11,-5,-11,-4,-11,-4,-10,-4,-10,-5,-10,-4,-10,-5,-9,-5,-9,-5,-9,-5,-8,-5,-8,-5,-8,-5,-8,-5,-8,-5,-8,-5,-8,-5,-8,-5,-7,0,0,-5,-7,-5,-7,-5,-8,-4,-7,-4,-7,-4,-7,-4,-7,-3,-7,-3,-7,-3,-7,-2,-6,-2,-6,-1,-6,-1,-6,-1,-6,-1,-5,-1,-5,0,-5,0,-4,0,-4,0,-4,1,-4,1,-3,1,-3,1,-3,1,-2,0,0,0,0,0,0,0,0,0,0,0,0,0,0,-39,69,-44,71,-38,68,-32,67,-34,68,-34,61,-33,63,-26,61,-30,55,-26,54,-32,55,-28,53,-23,54,-24,58,-26,57,-20,47,-18,51,-14,48,-11,46,-13,51,-12,44,-11,45,-7,47,-5,44,-11,46,-9,40,-8,41,-8,47,-7,40,-13,42,-8,44,-5,39,-6,42,-7,41,-11,39,-6,39,-2,39,-10,35,-10,33,-11,34,-11,33,-14,31,-12,30,-14,28,-17,25,-13,20,-16,20,-16,19,-18,19,-16,14,-17,14,-17,13,-18,7,-15,7,-18,8,-13,6,-13,2,0,0,0,0,0,0,0,0,0,0,0,0,0,0,0,0,0,0,0,0,0,0,-15,-30,-16,-34,-19,-34,-16,-31,-12,-30,-14,-30,-20,-34,-15,-38,-18,-36,-15,-37,-17,-38,-17,-46,-20,-40,-24,-42,-18,-42,-22,-43,-27,-44,-22,-47,-28,-45,-28,-46,-24,-47,-27,-51,-26,-49,-30,-48,-27,-52,-29,-51,-29,-53,-34,-53,-37,-52,-37,-52,-38,-50,-39,-53,-39,-55,-41,-51,-44,-53,-39,-50,-46,-49,-46,-49,-44,-47,-52,-48,-52,-49,-56,-47,-55,-42,-54,-46,-57,-43,-56,-41,-61,-43,-64,-40,-65,-41,-65,-36,-68,-37,-64,-40,-66,-39,-69,-39,-72,-41,-73,-36,-71,-40,0,0]"
CSI_DATA,68,2a:00:00:00:00:00,-37,11,1,0,1,1,1,0,0,0,1,-96,0,11,2,1159466,0,44,0,384,0,"[0,0,0,0,0,0,0,0,0,0,0,0,-12,-7,-12,-7,-12,-7,-12,-7,-11,-7,-11,-6,-11,-6,-11,-5,-10,-5,-10,-5,-10,-5,-10,-4,-10,-5,-9,-4,-9,-4,-10,-3,-10,-3,-9,-3,-9,-3,-9,-3,-9,-3,-9,-3,-9,-2,-9,-2,-9,-3,-9,-2,0,0,-8,-3,-8,-3,-8,-3,-8,-3,-8,-3,-7,-3,-7,-3,-7,-4,-7,-3,-6,-4,-6,-4,-5,-4,-5,-4,-4,-4,-4,-4,-4,-4,-4,-4,-3,-4,-3,-4,-2,-4,-2,-4,-2,-4,-2,-4,-1,-4,-1,-3,-1,-3,0,0,0,0,0,0,0,0,0,0,0,0,0,0,23,76,21,71,21,70,20,65,25,71,18,69,17,63,22,64,18,57,19,57,18,60,21,52,17,57,18,51,23,47,23,48,26,45,24,48,25,46,21,41,27,41,22,39,26,36,20,38,19,35,23,41,21,33,25,35,23,35,28,36,25,32,24,33,22,32,18,35,19,27,17,32,18,34,12,35,12,32,11,32,15,27,14,24,5,30,7,31,3,29,5,27,3,27,-2,25,-1,21,-5,22,-7,20,-7,15,-5,17,-7,15,-10,15,-10,14,-6,13,0,0,0,0,0,0,0,0,0,0,0,0,0,0,0,0,0,0,0,0,0,0,-28,-4,-34,-4,-29,-6,-31,-8,-32,-4,-33,-5,-36,-8,-37,-7,-40,-12,-43,-5,-40,-7,-43,-8,-47,-6,-46,-3,-47,-8,-44,-11,-47,-9,-48,-8,-52,-5,-52,-16,-53,-9,-55,-11,-54,-8,-55,-6,-57,-9,-58,-6,-61,-5,-62,-7,-57,-9,-65,-5,-58,-2,-62,-7,-64,-5,-64,-3,-62,-4,-63,-5,-60,5,-67,3,-62,8,-68,10,-66,10,-62,9,-68,13,-67,15,-67,17,-73,12,-72,10,-66,21,-74,17,-69,15,-72,26,-71,28,-75,26,-65,25,-76,30,-80,22,-72,24,0,0]"
CSI_DATA,69,2a:00:00:00:00:00,-37,11,1,0,1,1,1,0,0,0,1,-96,0,11,2,1169575,0,44,0,384,0,"[0,0,0,0,0,0,0,0,0,0,0,0,-6,11,-6,11,-5,11,-5,12,-5,10,-5,10,-5,10,-4,10,-4,10,-4,9,-4,9,-3,9,-3,9,-3,9,-3,9,-2,8,-2,8,-2,8,-1,8,-1,8,-1,8,-1,8,-2,7,-1,8,-1,7,-2,8,0,0,-1,8,-1,7,-1,7,-2,6,-2,7,-2,6,-2,6,-2,6,-3,6,-3,5,-3,5,-3,5,-3,4,-3,4,-3,4,-3,3,-3,3,-3,3,-3,2,-3,2,-3,1,-3,1,-3,1,-3,1,-3,0,-3,0,0,0,0,0,0,0,0,0,0,0,0,0,0,0,70,-35,67,-30,65,-33,71,-25,66,-25,66,-30,61,-30,64,-28,53,-29,59,-26,55,-26,51,-25,54,-25,49,-25,51,-21,47,-28,44,-27,41,-29,45,-24,38,-24,41,-27,44,-25,37,-27,34,-30,35,-22,37,-23,34,-30,28,-28,34,-28,33,-27,30,-25,35,-25,31,-23,32,-24,32,-19,34,-17,31,-20,31,-17,33,-17,30,-8,31,-15,31,-13,29,-4,35,-10,26,-8,23,-1,25,1,28,-1,23,3,19,4,20,6,15,5,17,6,11,7,14,5,10,10,8,9,0,0,0,0,0,0,0,0,0,0,0,0,0,0,0,0,0,0,0,0,0,0,5,30,1,34,-2,38,1,28,1,31,3,34,1,33,1,37,-3,39,2,37,1,37,2,43,-2,44,6,45,6,44,2,47,3,49,3,44,6,47,4,48,6,54,1,59,3,56,6,52,5,54,5,58,3,60,4,62,5,57,5,58,5,56,9,61,10,62,10,59,10,60,14,63,14,60,15,63,18,63,15,63,17,64,22,60,19,66,24,67,22,66,27,66,24,67,27,70,31,63,29,67,33,65,33,69,27,69,27,65,35,71,31,71,39,68,0,0]"
CSI_DATA,70,2a:00:00:00:00:00,-37,11,1,0,1,1,1,0,0,0,1,-96,0,11,2,1179354,0,44,0,384,0,"[0,0,0,0,0,0,0,0,0,0,0,0,-1,-14,-1,-14,-2,-14,-1,-14,-1,-13,-1,-12,-1,-12,-1,-12,-1,-12,-2,-11,-2,-11,-2,-11,-2,-11,-2,-10,-3,-10,-2,-10,-3,-9,-3,-9,-3,-9,-3,-9,-3,-9,-3,-9,-3,-9,-3,-8,-3,-9,-3,-8,0,0,-3,-8,-3,-9,-3,-8,-2,-8,-2,-8,-2,-8,-2,-8,-2,-7,-1,-7,-1,-7,-1,-7,0,-6,0,-6,0,-6,0,-5,1,-5,1,-5,1,-4,1,-4,1,-4,1,-4,1,-3,1,-3,1,-3,2,-2,2,-2,0,0,0,0,0,0,0,0,0,0,0,0,0,0,-59,45,-54,42,-62,47,-55,40,-56,45,-53,43,-46,44,-55,51,-50,46,-50,41,-48,39,-43,36,-44,35,-40,37,-37,35,-38,38,-40,39,-33,38,-33,37,-31,36,-31,38,-32,36,-23,37,-26,37,-25,37,-29,38,-23,39,-22,35,-22,33,-27,36,-24,32,-23,36,-28,35,-23,34,-27,28,-25,29,-25,27,-26,29,-27,21,-24,21,-26,23,-25,22,-27,14,-24,17,-26,14,-23,11,-26,8,-25,11,-20,6,-23,5,-18,2,-21,-1,-18,-1,-14,2,-11,-2,-17,-3,-16,-8,0,0,0,0,0,0,0,0,0,0,0,0,0,0,0,0,0,0,0,0,0,0,-6,-33,-4,-33,-11,-32,-3,-34,-8,-29,-7,-34,-3,-36,-3,-34,-7,-37,-9,-38,-6,-39,-9,-41,-10,-41,-11,-46,-7,-48,-12,-44,-12,-49,-9,-46,-14,-51,-10,-52,-9,-53,-14,-56,-10,-54,-11,-55,-12,-56,-16,-57,-14,-56,-17,-59,-16,-56,-19,-59,-18,-58,-25,-61,-21,-59,-19,-58,-25,-62,-21,-61,-25,-58,-30,-58,-30,-56,-34,-54,-30,-61,-30,-61,-34,-60,-38,-56,-38,-57,-36,-60,-40,-59,-36,-59,-46,-58,-44,-59,-48,-54,-48,-59,-47,-55,-46,-61,-51,-56,-55,-62,-56,-61,0,0]"
CSI_DATA,71,2a:00:00:00:00:00,-37,11,1,0,1,1,1,0,0,0,1,-96,0,11,2,1189414,0,44,0,384,0,"[0,0,0,0,0,0,0,0,0,0,0,0,-11,-9,-10,-8,-11,-9,-10,-9,-10,-8,-9,-7,-10,-7,-9,-7,-9,-7,-9,-7,-9,-6,-9,-6,-9,-6,-8,-6,-8,-6,-9,-5,-8,-4,-8,-5,-8,-4,-8,-4,-8,-4,-8,-4,-8,-4,-8,-4,-8,-4,-8,-4,0,0,-8,-3,-8,-4,-7,-4,-7,-4,-6,-4,-7,-5,-6,-4,-6,-4,-6,-4,-6,-4,-5,-4,-5,-5,-4,-5,-4,-4,-4,-4,-3,-4,-3,-5,-3,-4,-2,-4,-2,-4,-2,-4,-1,-4,-1,-4,-1,-4,0,-3,0,-3,0,0,0,0,0,0,0,0,0,0,0,0,0,0,-8,76,-2,73,-1,73,-2,67,2,72,1,68,-2,65,-5,65,-2,59,2,63,4,59,2,58,3,57,4,53,5,56,6,50,7,53,7,50,9,44,10,47,10,45,10,46,12,42,14,38,12,44,12,39,17,41,16,42,12,41,15,41,10,40,16,41,13,36,7,40,11,36,6,33,6,35,8,36,5,37,1,34,3,35,-3,31,-4,32,-5,28,-3,27,-8,25,-4,23,-8,23,-6,21,-11,17,-9,19,-11,17,-9,16,-10,10,-11,12,-13,11,-14,7,0,0,0,0,0,0,0,0,0,0,0,0,0,0,0,0,0,0,0,0,0,0,-29,-17,-27,-18,-32,-18,-30,-17,-29,-20,-27,-15,-27,-21,-25,-18,-34,-20,-34,-15,-36,-18,-35,-22,-36,-19,-41,-22,-36,-23,-42,-23,-40,-24,-39,-20,-45,-21,-44,-25,-46,-22,-52,-23,-51,-25,-46,-26,-50,-24,-50,-23,-57,-23,-54,-24,-55,-23,-60,-24,-55,-25,-59,-22,-56,-24,-63,-24,-57,-20,-61,-19,-58,-15,-61,-18,-64,-13,-67,-15,-67,-16,-64,-10,-66,-11,-71,-6,-69,-5,-71,-6,-68,-7,-68,-1,-74,-4,-73,-2,-72,-1,-80,-3,-74,-4,-67,2,-78,2,-78,-2,-75,-1,0,0]"
CSI_DATA,72,2a:00:00:00:00:00,-37,11,1,0,1,1,1,0,0,0,1,-96,0,11,2,1199705,0,44,0,384,0,"[0,0,0,0,0,0,0,0,0,0,0,0,12,-7,11,-7,11,-7,10,-7,10,-7,10,-6,10,-7,10,-6,9,-6,8,-6,9,-6,9,-6,7,-6,7,-6,7,-6,8,-7,7,-6,7,-6,6,-6,6,-6,6,-6,5,-6,6,-6,5,-6,5,-6,6,-6,0,0,6,-6,6,-6,5,-6,6,-5,5,-5,6,-4,5,-4,5,-4,6,-4,6,-3,5,-3,5,-3,5,-2,4,-2,5,-2,4,-1,4,-1,4,-1,4,0,4,0,3,0,3,0,3,1,2,1,2,1,2,1,0,0,0,0,0,0,0,0,0,0,0,0,0,0,-81,-4,-82,-7,-74,-4,-82,-7,-77,-3,-75,-6,-68,-1,-67,-2,-65,-8,-67,-5,-66,-4,-64,-5,-58,-2,-58,-3,-58,3,-53,10,-53,3,-51,7,-51,7,-52,9,-50,7,-52,9,-44,13,-45,7,-46,9,-44,6,-46,12,-42,15,-41,7,-44,11,-43,12,-45,13,-42,9,-40,10,-42,9,-38,7,-40,1,-38,1,-40,-1,-39,2,-35,-3,-35,-5,-31,-3,-32,-8,-27,-7,-26,-9,-27,-6,-24,-9,-26,-10,-21,-7,-23,-14,-15,-15,-16,-11,-14,-16,-10,-7,-11,-11,-6,-14,0,0,0,0,0,0,0,0,0,0,0,0,0,0,0,0,0,0,0,0,0,0,13,-31,16,-28,19,-28,15,-27,18,-29,20,-28,18,-30,19,-29,20,-35,18,-36,18,-38,23,-38,18,-39,19,-38,23,-41,20,-42,23,-48,24,-41,25,-43,25,-46,21,-50,24,-55,30,-54,26,-54,27,-52,24,-53,23,-58,25,-54,22,-54,21,-57,24,-57,22,-62,23,-60,25,-58,22,-58,23,-62,18,-63,18,-64,13,-62,12,-67,15,-63,9,-71,10,-72,12,-71,8,-71,8,-72,14,-72,8,-77,6,-79,8,-75,2,-76,2,-83,0,-78,4,-80,-1,-82,-7,-80,-3,-81,0,0]"
CSI_DATA,73,2a:00:00:00:00:00,-37,11,1,0,1,1,1,0,0,0,1,-96,0,11,2,1220264,0,44,0,384,0,"[0,0,0,0,0,0,0,0,0,0,0,0,-12,-7,-12,-7,-12,-7,-12,-8,-11,-7,-11,-6,-11,-6,-11,-5,-10,-5,-10,-5,-10,-5,-10,-5,-10,-5,-10,-4,-9,-4,-10,-3,-9,-3,-9,-3,-9,-3,-9,-3,-9,-3,-9,-2,-9,-2,-9,-2,-9,-3,-9,-2,0,0,-8,-2,-8,-3,-8,-3,-8,-2,-8,-3,-8,-3,-8,-3,-7,-3,-7,-3,-7,-3,-6,-3,-6,-4,-5,-4,-5,-4,-5,-3,-5,-3,-4,-4,-4,-4,-4,-3,-3,-3,-3,-3,-2,-4,-2,-4,-2,-4,-1,-3,-1,-3,0,0,0,0,0,0,0,0,0,0,0,0,0,0,33,71,26,69,26,65,30,64,30,67,26,62,26,62,25,58,23,57,26,56,23,53,28,55,29,45,25,48,24,49,27,45,25,44,25,47,31,43,26,37,28,39,29,39,29,37,26,33,26,33,26,34,26,32,30,32,29,29,22,28,25,34,26,34,23,33,27,31,23,31,21,27,22,29,20,32,19,34,21,29,14,28,12,28,9,31,6,31,5,29,5,24,3,24,5,25,0,21,-1,22,-1,19,-3,15,-8,18,-6,14,-10,17,-8,11,-9,10,0,0,0,0,0,0,0,0,0,0,0,0,0,0,0,0,0,0,0,0,0,0,-33,0,-35,-4,-35,-5,-36,-1,-37,-2,-35,-3,-35,-4,-38,-4,-38,0,-39,-3,-41,-2,-43,-5,-44,0,-47,-2,-45,-3,-51,-5,-46,-2,-50,0,-48,-3,-51,1,-53,2,-60,-1,-55,-1,-57,0,-54,2,-61,4,-62,1,-64,0,-60,3,-63,3,-61,5,-60,2,-62,6,-62,2,-63,7,-65,7,-64,9,-61,11,-65,9,-66,13,-65,13,-64,21,-64,15,-66,19,-63,22,-61,25,-61,24,-69,25,-68,28,-66,32,-67,30,-71,33,-66,31,-67,26,-75,28,-71,28,-68,33,0,0]"
CSI_DATA,74,2a:00:00:00:00:00,-37,11,1,0,1,1,1,0,0,0,1,-96,0,11,2,1239716,0,44,0,384,0,"[0,0,0,0,0,0,0,0,0,0,0,0,4,-13,4,-12,3,-12,4,-12,3,-12,4,-11,3,-11,3,-11,3,-10,2,-10,3,-10,2,-10,2,-10,1,-10,1,-9,1,-9,1,-10,1,-9,0,-9,0,-9,0,-9,0,-9,1,-8,0,-9,0,-9,1,-9,0,0,1,-9,0,-8,0,-8,1,-8,1,-8,1,-8,1,-7,1,-7,2,-7,2,-6,2,-6,2,-6,2,-6,2,-5,3,-5,3,-4,2,-4,2,-3,3,-3,2,-3,3,-3,2,-2,2,-2,2,-2,2,-1,2,-1,0,0,0,0,0,0,0,0,0,0,0,0,0,0,-72,24,-71,19,-72,24,-63,20,-68,20,-68,19,-66,21,-65,22,-59,20,-59,21,-63,15,-58,20,-58,18,-47,18,-53,19,-49,20,-52,22,-45,22,-44,19,-47,19,-42,23,-42,16,-36,25,-39,21,-40,21,-38,22,-39,25,-34,25,-37,26,-36,24,-35,20,-38,21,-31,17,-35,18,-35,15,-36,15,-38,15,-37,14,-32,14,-35,11,-32,8,-31,3,-29,4,-30,4,-27,6,-25,-4,-24,0,-26,-2,-20,-3,-21,-7,-20,-5,-21,-5,-18,-12,-15,-9,-15,-9,-10,-14,-10,-8,0,0,0,0,0,0,0,0,0,0,0,0,0,0,0,0,0,0,0,0,0,0,-2,-32,2,-30,0,-31,3,-32,-1,-34,0,-36,3,-36,2,-38,0,-39,0,-38,1,-42,1,-41,1,-45,2,-47,3,-47,3,-49,3,-53,3,-52,-2,-52,-3,-52,-2,-59,3,-59,-1,-53,-1,-53,-1,-56,-2,-62,3,-60,-2,-62,2,-59,0,-66,0,-62,-1,-61,-2,-65,-9,-66,-3,-64,-3,-66,-6,-62,-9,-69,-8,-66,-12,-68,-12,-72,-11,-62,-15,-69,-18,-67,-17,-71,-24,-63,-19,-63,-16,-72,-24,-68,-21,-68,-27,-67,-27,-69,-23,-78,-21,-70,-22,-72,-33,-77,-26,-69,0,0]"
CSI_DATA,75,2a:00:00:00:00:00,-37,11,1,0,1,1,1,0,0,0,1,-96,0,11,2,1249401,0,44,0,384,0,"[0,0,0,0,0,0,0,0,0,0,0,0,-14,-1,-14,-1,-14,-1,-13,-2,-13,-1,-12,-1,-13,-1,-12,-1,-12,-1,-11,-1,-12,-1,-11,0,-10,0,-10,0,-10,0,-10,0,-10,1,-10,1,-9,1,-9,1,-9,0,-9,1,-9,1,-9,1,-9,1,-9,1,0,0,-9,1,-8,0,-8,0,-9,1,-8,0,-8,0,-8,-1,-7,-1,-7,-1,-7,-1,-7,-1,-6,-2,-6,-2,-5,-2,-6,-2,-5,-2,-5,-3,-5,-3,-4,-3,-4,-3,-3,-3,-3,-3,-2,-3,-2,-3,-2,-3,-2,-3,0,0,0,0,0,0,0,0,0,0,0,0,0,0,49,49,48,52,47,54,52,48,51,53,47,45,48,47,44,45,46,50,43,42,46,44,47,41,45,35,43,40,37,33,41,35,39,33,37,32,38,28,39,27,40,23,43,25,36,22,39,22,32,21,39,24,41,21,37,21,33,21,35,19,38,25,37,19,34,22,33,17,35,20,28,22,29,24,25,28,25,22,24,22,22,24,19,26,19,25,13,24,16,22,11,21,14,21,9,20,10,16,5,22,7,19,3,16,0,17,2,14,0,17,-1,9,-3,13,0,0,0,0,0,0,0,0,0,0,0,0,0,0,0,0,0,0,0,0,0,0,-32,13,-29,16,-32,14,-31,18,-34,14,-30,14,-33,11,-38,12,-36,11,-38,10,-40,10,-41,15,-41,15,-42,13,-46,16,-46,18,-44,22,-46,20,-47,19,-48,18,-54,21,-50,22,-55,19,-50,20,-55,20,-56,21,-55,20,-56,24,-56,27,-55,26,-56,27,-56,24,-55,33,-55,26,-56,31,-51,32,-55,32,-56,37,-55,32,-52,33,-50,36,-54,39,-52,42,-57,45,-53,42,-48,50,-52,49,-49,50,-51,51,-53,48,-58,46,-56,54,-49,51,-58,55,-58,53,-52,56,-53,52,0,0]"
CSI_DATA,76,2a:00:00:00:00:00,-37,11,1,0,1,1,1,0,0,0,1,-96,0,11,2,1259391,0,44,0,384,0,"[0,0,0,0,0,0,0,0,0,0,0,0,-13,-1,-13,-1,-12,-1,-13,-2,-12,-1,-12,-1,-12,-1,-11,-1,-11,0,-10,-1,-11,-1,-10,0,-10,0,-10,0,-9,0,-9,1,-9,1,-9,1,-9,1,-9,1,-8,1,-8,1,-8,1,-8,1,-8,1,-8,1,0,0,-8,1,-8,1,-8,1,-8,1,-8,1,-7,0,-7,0,-7,0,-7,0,-7,-1,-7,-1,-6,-1,-6,-1,-5,-1,-5,-1,-5,-2,-5,-2,-4,-2,-4,-2,-4,-2,-3,-2,-3,-2,-2,-2,-2,-2,-2,-2,-2,-2,0,0,0,0,0,0,0,0,0,0,0,0,0,0,59,53,59,52,57,50,57,46,58,42,56,44,56,39,54,42,53,40,52,39,50,34,50,34,52,33,46,34,48,28,48,24,50,28,46,18,43,24,47,20,44,17,42,20,42,19,42,14,43,16,41,17,47,17,44,11,41,12,44,14,41,10,42,13,38,14,38,15,36,16,37,16,33,16,36,19,32,19,27,18,30,16,27,17,23,19,24,18,18,19,22,20,19,21,15,19,13,19,9,18,13,17,8,13,4,16,1,17,5,17,0,16,-2,12,0,0,0,0,0,0,0,0,0,0,0,0,0,0,0,0,0,0,0,0,0,0,-31,16,-34,10,-30,11,-35,12,-36,11,-39,13,-38,9,-37,15,-40,14,-39,13,-46,13,-44,18,-45,11,-46,17,-47,14,-47,18,-49,20,-49,18,-49,17,-49,20,-53,21,-50,20,-56,23,-54,20,-56,22,-57,24,-57,24,-59,25,-57,28,-58,29,-58,31,-53,26,-59,24,-56,28,-58,32,-56,33,-54,37,-56,38,-52,38,-51,38,-58,38,-54,48,-54,44,-56,46,-53,49,-50,53,-51,48,-50,58,-52,53,-54,56,-47,64,-43,61,-48,56,-52,64,-54,54,-53,60,-49,60,0,0]"
CSI_DATA,77,2a:00:00:00:00:00,-37,11,1,0,1,1,1,0,0,0,1,-96,0,11,2,1269419,0,44,0,384,0,"[0,0,0,0,0,0,0,0,0,0,0,0,-11,7,-11,7,-10,7,-10,7,-10,7,-10,6,-10,6,-9,6,-9,6,-8,6,-8,6,-8,6,-7,6,-7,6,-7,6,-7,6,-7,6,-6,6,-6,6,-6,6,-6,6,-6,6,-6,6,-5,6,-5,6,-6,6,0,0,-6,6,-6,5,-5,5,-6,5,-6,5,-6,4,-6,4,-6,4,-6,3,-6,3,-6,3,-5,2,-5,2,-5,2,-5,1,-5,1,-5,1,-5,0,-5,0,-4,0,-4,0,-4,-1,-3,-1,-3,-1,-3,-1,-3,-2,0,0,0,0,0,0,0,0,0,0,0,0,0,0,80,-1,79,3,73,0,71,1,67,0,70,5,69,5,65,0,63,4,63,1,59,-2,63,-5,61,-5,53,-4,56,-4,51,-5,49,-7,46,-10,48,-9,50,-10,50,-15,46,-11,42,-15,43,-12,44,-12,39,-18,40,-10,38,-12,41,-12,42,-12,36,-11,43,-15,40,-9,39,-12,36,-8,35,-8,34,-7,37,-3,37,-7,34,-4,35,-2,32,1,33,-1,29,1,29,6,27,7,25,6,20,3,22,8,20,9,15,6,15,10,10,9,14,10,11,15,7,10,5,10,0,0,0,0,0,0,0,0,0,0,0,0,0,0,0,0,0,0,0,0,0,0,-11,30,-17,31,-18,28,-16,30,-18,36,-20,29,-20,34,-21,29,-19,33,-22,37,-21,35,-21,40,-20,41,-21,39,-23,45,-22,37,-26,44,-24,45,-21,45,-23,49,-26,48,-25,47,-30,52,-29,56,-27,51,-26,55,-27,54,-28,56,-25,57,-25,57,-26,61,-25,56,-24,60,-22,59,-21,62,-23,63,-21,66,-20,60,-17,63,-17,65,-15,64,-13,66,-13,69,-13,67,-12,67,-5,71,-5,71,-7,71,-5,71,-3,73,-2,76,-1,76,-10,74,-1,73,-2,73,-4,77,-5,77,0,0]"
CSI_DATA,78,2a:00:00:00:00:00,-37,11,1,0,1,1,1,0,0,0,1,-96,0,11,2,1280613,0,44,0,384,0,"[0,0,0,0,0,0,0,0,0,0,0,0,-10,-9,-10,-8,-10,-9,-9,-9,-9,-8,-9,-8,-9,-8,-9,-7,-9,-7,-9,-7,-8,-7,-9,-6,-8,-6,-8,-6,-8,-5,-8,-5,-8,-5,-8,-5,-8,-4,-8,-5,-7,-5,-8,-4,-8,-4,-8,-4,-8,-4,-7,-4,0,0,-7,-4,-7,-5,-7,-4,-7,-4,-6,-4,-6,-5,-6,-5,-6,-5,-5,-5,-5,-5,-5,-5,-4,-5,-4,-5,-3,-5,-3,-4,-3,-4,-2,-4,-2,-4,-2,-4,-1,-4,-1,-4,-1,-4,0,-3,0,-3,0,-3,0,-2,0,0,0,0,0,0,0,0,0,0,0,0,0,0,1,76,0,78,4,75,0,75,0,74,-2,64,-2,69,-1,62,1,64,0,59,2,59,2,57,7,58,5,56,7,52,7,50,8,49,9,51,6,50,12,47,11,45,9,44,12,42,13,46,12,43,14,45,14,38,11,40,9,43,12,41,8,38,13,38,9,38,6,37,12,44,6,39,4,41,5,41,6,41,3,37,-1,33,-2,30,-6,31,-7,29,-8,26,-9,26,-7,20,-3,21,-11,17,-9,15,-10,18,-7,14,-15,15,-8,12,-12,10,-10,7,-14,3,0,0,0,0,0,0,0,0,0,0,0,0,0,0,0,0,0,0,0,0,0,0,-33,-9,-32,-8,-37,-10,-37,-13,-35,-12,-32,-13,-36,-11,-35,-10,-39,-12,-40,-12,-42,-15,-42,-13,-45,-13,-47,-17,-44,-16,-50,-17,-52,-16,-54,-18,-49,-16,-54,-17,-53,-19,-57,-23,-59,-19,-55,-21,-61,-20,-60,-19,-58,-15,-59,-22,-59,-18,-57,-17,-65,-20,-59,-17,-60,-15,-62,-15,-63,-15,-63,-18,-64,-15,-66,-12,-66,-10,-67,-12,-66,-12,-65,-4,-69,-3,-73,-7,-64,-2,-74,-2,-68,-3,-68,0,-76,1,-76,3,-73,1,-75,4,-76,4,-75,5,-82,5,-80,5,-79,7,0,0]"
CSI_DATA,79,2a:00:00:00:00:00,-37,11,1,0,1,1,1,0,0,0,1,-96,0,11,2,1289414,0,44,0,384,0,"[0,0,0,0,0,0,0,0,0,0,0,0,-8,10,-8,10,-7,10,-7,9,-7,9,-7,9,-7,9,-6,8,-6,8,-5,8,-6,8,-6,8,-5,8,-5,8,-4,8,-4,8,-4,7,-4,7,-3,7,-3,7,-3,7,-3,7,-4,7,-3,7,-3,7,-4,7,0,0,-3,7,-3,6,-3,6,-4,6,-4,6,-4,6,-4,5,-4,5,-4,5,-4,4,-5,4,-4,4,-4,3,-4,3,-5,2,-4,2,-4,2,-4,1,-4,1,-4,1,-4,0,-3,0,-3,0,-3,0,-3,-1,-3,-1,0,0,0,0,0,0,0,0,0,0,0,0,0,0,71,-10,73,-5,71,-8,69,-5,73,-5,63,-3,66,-5,59,-5,63,-5,58,-4,60,-5,56,-6,57,-2,51,-6,53,-8,50,-12,48,-14,50,-11,48,-14,49,-12,45,-16,46,-16,42,-15,39,-12,38,-14,38,-16,42,-11,40,-17,39,-13,42,-15,40,-16,37,-10,39,-14,32,-11,40,-9,35,-9,31,-5,36,-9,33,-3,35,-3,34,-1,33,2,27,2,29,2,21,2,25,4,22,8,22,5,21,7,16,7,15,8,16,9,13,11,9,7,7,11,11,10,6,9,0,0,0,0,0,0,0,0,0,0,0,0,0,0,0,0,0,0,0,0,0,0,-6,32,-9,31,-6,30,-8,34,-6,34,-12,34,-7,34,-13,34,-8,36,-10,40,-8,42,-11,42,-9,43,-11,44,-7,46,-10,46,-10,48,-12,50,-11,50,-14,48,-11,51,-16,55,-13,59,-10,59,-13,57,-16,61,-15,55,-17,58,-13,61,-14,58,-15,61,-15,59,-11,63,-12,61,-12,65,-7,66,-7,61,-4,67,-5,64,-3,68,-2,66,-2,67,0,65,0,65,2,66,2,68,1,70,5,67,0,72,5,70,3,71,10,73,6,78,5,75,8,74,10,71,7,74,0,0]"
CSI_DATA,80,2a:00:00:00:00:00,-37,11,1,0,1,1,1,0,0,0,1,-96,0,11,2,1302304,0,44,0,384,0,"[0,0,0,0,0,0,0,0,0,0,0,0,-9,-11,-9,-10,-9,-11,-9,-11,-9,-10,-8,-9,-8,-9,-8,-9,-8,-8,-8,-8,-8,-7,-8,-7,-8,-7,-8,-7,-8,-7,-8,-6,-8,-6,-8,-5,-8,-5,-8,-6,-8,-5,-8,-6,-7,-5,-8,-5,-8,-5,-8,-5,0,0,-7,-5,-7,-5,-7,-5,-7,-5,-6,-5,-6,-5,-6,-5,-6,-5,-5,-5,-5,-5,-4,-5,-4,-5,-4,-5,-3,-5,-3,-5,-3,-5,-2,-5,-2,-4,-2,-4,-1,-4,-1,-4,-1,-4,-1,-4,0,-3,0,-3,0,-3,0,0,0,0,0,0,0,0,0,0,0,0,0,0,-7,81,-3,71,1,73,-6,63,-6,68,-5,70,-4,69,-3,67,-3,62,-3,57,0,58,-3,56,3,58,1,52,1,49,4,51,8,52,5,48,4,48,9,41,8,48,9,43,12,43,11,44,10,38,8,41,9,40,11,39,10,42,9,40,7,40,9,35,6,39,7,41,8,39,4,35,4,38,1,37,0,35,-2,32,-2,28,-1,29,-4,30,-3,27,-8,25,-8,21,-14,23,-9,25,-13,18,-10,15,-8,17,-17,13,-12,11,-12,10,-13,9,-12,8,-13,4,0,0,0,0,0,0,0,0,0,0,0,0,0,0,0,0,0,0,0,0,0,0,-32,-10,-31,-13,-30,-12,-32,-13,-28,-14,-33,-17,-35,-17,-35,-13,-37,-17,-37,-18,-36,-17,-39,-22,-42,-18,-40,-18,-42,-23,-40,-24,-48,-21,-45,-22,-50,-21,-44,-26,-48,-25,-51,-23,-50,-29,-53,-23,-53,-26,-54,-26,-54,-26,-55,-28,-58,-27,-61,-26,-55,-26,-62,-25,-60,-27,-60,-23,-61,-24,-62,-21,-61,-18,-61,-20,-61,-19,-64,-16,-66,-20,-66,-13,-65,-18,-69,-12,-67,-5,-61,-7,-68,-8,-73,-9,-76,-5,-75,-7,-69,-6,-76,-1,-76,-3,-70,-2,-81,1,-77,-5,-81,-4,0,0]"
CSI_DATA,81,2a:00:00:00:00:00,-37,11,1,0,1,1,1,0,0,0,1,-96,0,11,2,1310602,0,44,0,384,0,"[0,0,0,0,0,0,0,0,0,0,0,0,-14,-3,-13,-3,-13,-3,-13,-3,-12,-2,-12,-2,-12,-2,-12,-2,-11,-2,-11,-2,-11,-1,-11,-1,-10,-1,-10,-1,-10,-1,-10,0,-10,0,-9,0,-9,0,-9,0,-8,0,-9,0,-9,0,-9,1,-8,0,-9,1,0,0,-8,1,-8,0,-8,0,-8,0,-7,0,-7,-1,-7,-1,-7,-1,-7,-1,-7,-1,-6,-1,-6,-2,-5,-2,-5,-2,-5,-2,-5,-2,-4,-2,-4,-2,-4,-3,-3,-2,-3,-3,-2,-3,-2,-3,-2,-3,-2,-3,-1,-2,0,0,0,0,0,0,0,0,0,0,0,0,0,0,37,70,34,65,40,63,40,61,39,56,38,55,34,58,37,59,33,53,32,46,34,53,35,50,36,47,28,41,30,46,36,40,36,39,33,34,30,34,31,36,33,32,32,32,35,32,30,34,29,32,35,31,35,25,34,29,32,28,32,29,32,25,34,26,28,26,29,23,24,23,26,28,22,29,25,25,24,28,20,25,19,26,19,28,18,24,15,24,12,25,10,22,6,22,7,19,1,23,4,20,1,14,-4,15,0,18,-2,11,-2,13,-11,9,-10,10,0,0,0,0,0,0,0,0,0,0,0,0,0,0,0,0,0,0,0,0,0,0,-33,5,-34,2,-34,3,-37,2,-34,-1,-36,3,-38,1,-37,2,-43,2,-38,4,-47,2,-44,6,-42,2,-47,3,-52,3,-50,3,-58,6,-52,0,-55,6,-53,3,-55,6,-56,7,-59,5,-62,5,-58,5,-60,9,-62,8,-63,8,-61,8,-67,9,-60,10,-65,9,-61,9,-67,9,-64,10,-66,14,-65,16,-62,19,-64,21,-64,24,-64,21,-64,28,-68,24,-66,30,-67,30,-69,33,-61,30,-64,35,-67,34,-62,33,-66,41,-64,41,-64,38,-65,37,-66,44,-72,42,-70,42,0,0]"
CSI_DATA,82,2a:00:00:00:00:00,-37,11,1,0,1,1,1,0,0,0,1,-96,0,11,2,1330100,0,44,0,384,0,"[0,0,0,0,0,0,0,0,0,0,0,0,-10,-10,-10,-10,-10,-10,-9,-10,-9,-9,-9,-9,-9,-8,-9,-8,-8,-8,-8,-7,-9,-7,-9,-7,-8,-7,-8,-6,-8,-6,-8,-6,-8,-5,-8,-5,-8,-5,-8,-5,-8,-5,-8,-5,-8,-4,-8,-4,-8,-4,-8,-4,0,0,-7,-4,-7,-5,-7,-5,-7,-4,-6,-5,-6,-5,-6,-5,-6,-5,-5,-5,-5,-5,-5,-5,-4,-5,-4,-5,-3,-5,-3,-4,-3,-4,-2,-4,-2,-4,-2,-4,-1,-4,-1,-4,-1,-4,-1,-3,0,-3,0,-3,0,-3,0,0,0,0,0,0,0,0,0,0,0,0,0,0,-3,76,-10,73,-6,78,1,71,-10,64,-4,69,-7,65,-8,67,-6,62,-2,66,-3,58,1,57,-5,54,0,55,0,52,-2,51,3,50,0,50,4,47,4,44,6,49,2,42,4,44,9,44,6,44,8,42,8,40,9,41,10,40,8,38,5,37,10,40,8,33,7,42,0,37,1,36,3,36,3,37,2,38,-3,34,-9,28,-4,31,-5,29,-4,27,-10,26,-3,20,-9,23,-8,17,-7,17,-13,16,-12,9,-10,13,-13,11,-12,10,-12,9,-13,3,-11,4,0,0,0,0,0,0,0,0,0,0,0,0,0,0,0,0,0,0,0,0,0,0,-31,-13,-32,-16,-30,-10,-30,-13,-31,-15,-31,-19,-35,-15,-37,-16,-32,-14,-37,-14,-38,-21,-39,-19,-42,-23,-43,-19,-42,-20,-41,-20,-49,-18,-45,-22,-51,-24,-54,-21,-54,-21,-54,-21,-52,-26,-51,-25,-53,-27,-54,-26,-56,-27,-57,-28,-61,-21,-64,-24,-54,-23,-62,-24,-58,-24,-63,-16,-62,-23,-64,-18,-61,-16,-62,-18,-62,-17,-68,-17,-69,-20,-66,-15,-68,-14,-67,-7,-68,-11,-74,-9,-72,-9,-67,-5,-75,-5,-70,-8,-72,-10,-75,-9,-77,-8,-71,-4,-78,-5,-79,-4,-77,-6,0,0]"
CSI_DATA,83,2a:00:00:00:00:00,-37,11,1,0,1,1,1,0,0,0,1,-96,0,11,2,1339802,0,44,0,384,0,"[0,0,0,0,0,0,0,0,0,0,0,0,-4,12,-4,12,-4,12,-4,12,-4,11,-4,11,-4,10,-4,10,-3,10,-3,10,-3,10,-3,9,-2,9,-2,9,-2,9,-2,8,-1,9,-1,8,-1,8,-1,8,-1,8,-1,8,-1,7,0,8,-1,8,-1,7,0,0,-1,7,-1,7,-1,7,-2,7,-1,7,-2,7,-2,6,-2,6,-2,6,-2,5,-3,5,-3,5,-3,5,-3,4,-3,3,-3,3,-3,3,-3,2,-3,2,-3,1,-3,1,-3,1,-3,1,-3,0,-3,0,-3,0,0,0,0,0,0,0,0,0,0,0,0,0,0,0,59,-37,65,-38,67,-36,61,-36,59,-38,59,-33,53,-38,56,-35,49,-33,52,-32,46,-33,50,-31,46,-32,44,-29,46,-26,42,-28,41,-31,37,-29,34,-27,34,-30,34,-35,35,-29,31,-32,28,-29,28,-32,31,-32,32,-31,30,-30,28,-30,28,-28,28,-28,28,-27,24,-29,28,-26,26,-26,30,-24,25,-20,27,-22,22,-23,28,-17,27,-13,27,-12,25,-6,23,-9,25,-11,24,-5,22,-5,20,-4,18,-3,18,-1,15,0,17,2,17,1,12,-2,9,0,8,8,10,5,0,0,0,0,0,0,0,0,0,0,0,0,0,0,0,0,0,0,0,0,0,0,5,31,0,31,2,28,1,33,2,32,0,35,3,37,6,35,6,38,5,38,2,43,5,43,5,43,2,47,1,46,5,46,9,51,0,51,6,51,4,52,11,54,7,55,6,54,4,54,0,58,9,58,4,59,8,59,10,58,9,64,10,58,13,64,14,62,15,60,14,65,14,63,18,62,19,66,17,64,23,64,22,65,20,61,23,60,25,63,27,61,28,66,31,62,36,65,35,58,32,64,35,63,36,58,37,65,34,62,39,67,34,66,38,66,0,0]"
CSI_DATA,84,2a:00:00:00:00:00,-38,11,1,0,1,1,1,0,0,0,1,-96,0,11,2,1369436,0,44,0,384,0,"[0,0,0,0,0,0,0,0,0,0,0,0,13,3,12,2,12,2,12,3,11,2,11,2,11,2,11,1,10,1,10,1,10,1,10,1,9,1,9,1,8,0,9,0,8,-1,8,-1,8,-1,8,-1,8,0,8,-1,7,-1,8,-1,7,-1,7,-1,0,0,7,-1,7,-1,7,-1,7,-1,6,0,6,0,6,0,6,0,6,0,6,0,5,1,5,1,4,1,4,1,4,1,4,1,3,2,3,2,2,2,2,2,2,2,1,2,1,2,1,2,0,2,0,1,0,0,0,0,0,0,0,0,0,0,0,0,0,0,-44,-66,-37,-65,-41,-69,-40,-64,-38,-60,-34,-62,-37,-57,-35,-58,-34,-53,-34,-58,-37,-51,-32,-47,-34,-48,-32,-43,-32,-44,-31,-43,-30,-40,-31,-42,-32,-42,-32,-33,-35,-30,-31,-33,-33,-36,-33,-34,-31,-33,-32,-33,-34,-30,-34,-30,-29,-32,-33,-29,-35,-33,-33,-32,-28,-29,-29,-30,-29,-29,-25,-28,-23,-27,-23,-28,-21,-28,-20,-26,-16,-25,-13,-29,-10,-30,-14,-29,-12,-28,-9,-23,-5,-20,-7,-20,-1,-23,-3,-21,-3,-17,-3,-14,3,-18,6,-13,3,-10,7,-7,6,-7,0,0,0,0,0,0,0,0,0,0,0,0,0,0,0,0,0,0,0,0,0,0,34,-4,34,-1,31,-1,36,2,33,-1,42,0,38,-2,39,-3,37,-3,40,-2,41,2,44,-6,45,-5,46,-7,46,-3,49,-4,56,-5,49,-4,56,-8,59,-8,55,-8,55,-9,52,-3,59,0,59,-5,60,-9,64,-6,59,-10,60,-7,66,-5,59,-12,65,-10,65,-8,66,-14,63,-15,62,-19,61,-13,64,-20,66,-15,64,-22,68,-24,62,-22,66,-30,62,-27,62,-29,58,-32,62,-30,63,-32,61,-38,64,-33,71,-35,63,-42,66,-40,64,-35,68,-39,71,-42,64,-40,0,0]"
CSI_DATA,85,2a:00:00:00:00:00,-38,11,1,0,1,1,1,0,0,0,1,-96,0,11,2,1379727,0,44,0,384,0,"[0,0,0,0,0,0,0,0,0,0,0,0,-8,11,-7,10,-7,10,-7,10,-7,10,-7,9,-7,9,-6,9,-6,9,-5,9,-6,8,-5,8,-5,8,-4,8,-4,8,-4,8,-4,8,-4,8,-3,8,-3,7,-3,7,-3,7,-3,7,-2,7,-3,7,-3,7,0,0,-3,7,-3,6,-3,7,-4,6,-3,6,-3,6,-3,6,-3,5,-4,5,-4,4,-4,4,-4,4,-4,3,-4,3,-4,3,-4,2,-4,2,-4,1,-4,1,-4,1,-3,1,-3,0,-3,0,-3,0,-3,-1,-3,-1,0,0,0,0,0,0,0,0,0,0,0,0,0,0,73,-19,73,-13,70,-12,72,-13,72,-11,74,-9,62,-10,65,-12,58,-12,63,-13,61,-11,58,-11,59,-10,51,-6,52,-7,49,-15,47,-16,46,-14,46,-13,46,-15,43,-17,40,-16,46,-19,38,-18,40,-14,42,-18,41,-16,37,-19,38,-16,38,-17,38,-17,42,-16,35,-14,37,-17,34,-10,32,-11,35,-11,32,-10,32,-5,34,-6,34,-2,34,-3,31,4,23,3,23,1,26,5,24,7,22,3,18,5,20,7,14,8,12,10,12,6,9,9,6,8,5,15,8,12,0,0,0,0,0,0,0,0,0,0,0,0,0,0,0,0,0,0,0,0,0,0,-6,34,-5,32,-7,32,-8,39,-9,33,-9,36,-9,35,-6,39,-12,42,-4,38,-12,36,-9,41,-10,43,-10,43,-10,47,-14,46,-10,49,-7,48,-8,52,-10,53,-8,57,-12,56,-11,57,-11,57,-11,59,-11,59,-10,60,-7,58,-12,58,-9,60,-9,63,-10,63,-11,62,-6,66,-5,66,-7,68,-5,62,-3,69,-4,67,1,66,-3,70,1,62,0,67,6,67,9,67,8,64,9,67,7,70,7,72,9,73,8,69,13,73,10,78,14,69,13,71,13,77,24,75,0,0]"
CSI_DATA,86,2a:00:00:00:00:00,-38,11,1,0,1,1,1,0,0,0,1,-96,0,11,2,1420558,0,44,0,384,0,"[0,0,0,0,0,0,0,0,0,0,0,0,-6,11,-6,11,-5,11,-6,11,-5,11,-5,10,-5,10,-5,9,-5,9,-4,9,-4,9,-4,9,-3,9,-3,8,-3,8,-3,8,-3,8,-3,8,-2,8,-2,7,-2,7,-2,8,-2,7,-1,7,-2,7,-2,7,0,0,-2,7,-2,7,-2,7,-3,6,-2,6,-3,6,-3,6,-3,5,-4,5,-3,5,-4,4,-3,4,-3,4,-4,3,-4,3,-4,2,-4,2,-4,2,-4,1,-4,1,-3,1,-3,0,-3,0,-3,0,-3,0,-3,-1,0,0,0,0,0,0,0,0,0,0,0,0,0,0,73,-28,74,-29,71,-29,70,-21,73,-26,64,-26,60,-22,62,-25,68,-25,60,-22,62,-24,51,-25,56,-25,49,-25,52,-18,52,-21,47,-25,43,-23,42,-18,41,-26,40,-26,40,-24,35,-27,37,-23,36,-26,37,-30,35,-26,37,-24,34,-21,35,-20,37,-24,35,-21,31,-20,31,-21,37,-19,29,-18,32,-16,31,-13,29,-18,31,-11,34,-10,29,-8,27,-6,28,-7,23,-8,28,-2,19,0,21,1,19,3,20,4,17,7,17,3,13,6,13,8,9,7,9,9,9,9,0,0,0,0,0,0,0,0,0,0,0,0,0,0,0,0,0,0,0,0,0,0,-4,34,-5,34,-6,34,-5,31,-6,35,-5,36,-7,36,-7,35,-5,40,-7,40,-4,45,-9,43,-6,45,-6,45,-7,54,-7,50,-5,51,-7,52,-3,50,-3,52,-4,53,-5,59,-2,60,-7,58,-8,57,-3,62,-9,61,-5,59,-7,65,-3,61,-4,63,-3,62,0,65,1,63,5,63,0,67,0,67,4,65,3,63,7,68,10,64,14,66,11,63,11,68,12,65,22,69,20,68,22,64,22,67,22,67,19,71,21,71,24,74,28,72,25,76,27,73,27,71,0,0]"
CSI_DATA,87,2a:00:00:00:00:00,-38,11,1,0,1,1,1,0,0,0,1,-96,0,11,2,1430468,0,44,0,384,0,"[0,0,0,0,0,0,0,0,0,0,0,0,-14,0,-14,-1,-14,-1,-13,-1,-13,-1,-12,-1,-12,-1,-12,0,-12,0,-11,0,-11,0,-11,1,-10,0,-10,0,-10,1,-10,1,-9,1,-10,1,-9,1,-9,1,-8,1,-8,1,-8,2,-8,2,-8,1,-8,2,0,0,-8,2,-8,1,-7,1,-8,1,-7,0,-7,0,-7,0,-7,0,-7,0,-7,0,-6,-1,-6,-1,-6,-1,-5,-2,-5,-2,-5,-2,-5,-2,-4,-2,-4,-2,-4,-2,-3,-2,-3,-3,-2,-3,-2,-3,-2,-2,-2,-2,0,0,0,0,0,0,0,0,0,0,0,0,0,0,51,53,47,56,50,52,51,49,50,45,53,44,53,52,45,41,49,37,47,44,40,40,47,40,41,38,41,34,41,32,44,30,39,33,43,26,39,26,40,25,43,22,42,21,43,23,38,20,35,24,37,21,38,19,34,19,38,17,36,15,37,17,39,17,33,16,35,17,35,20,33,17,34,22,27,19,29,16,29,20,21,19,24,17,22,21,20,18,17,24,13,20,9,20,11,19,10,15,4,19,7,16,3,16,-2,19,0,15,-4,12,-2,10,-3,14,0,0,0,0,0,0,0,0,0,0,0,0,0,0,0,0,0,0,0,0,0,0,-31,13,-33,7,-37,6,-33,6,-30,8,-33,12,-34,5,-38,16,-34,11,-40,11,-41,13,-44,14,-42,15,-46,16,-48,16,-47,15,-49,16,-48,13,-48,19,-55,13,-56,13,-57,16,-53,21,-54,19,-58,18,-59,19,-59,25,-65,23,-63,18,-58,23,-61,22,-58,23,-61,20,-64,25,-55,26,-61,24,-57,31,-57,36,-58,33,-59,37,-57,37,-57,39,-56,37,-53,41,-47,44,-59,41,-55,46,-54,47,-57,47,-54,48,-45,49,-51,54,-53,56,-53,57,-48,58,-52,57,-51,59,0,0]"
CSI_DATA,88,2a:00:00:00:00:00,-38,11,1,0,1,1,1,0,0,0,1,-96,0,11,2,1439403,0,44,0,384,0,"[0,0,0,0,0,0,0,0,0,0,0,0,12,-6,12,-6,11,-6,11,-5,11,-5,11,-5,10,-5,10,-5,9,-5,9,-5,9,-5,9,-5,8,-5,8,-5,8,-5,8,-6,7,-5,7,-5,6,-5,6,-5,6,-5,6,-5,6,-5,6,-5,6,-5,6,-5,0,0,6,-5,6,-5,5,-5,6,-5,5,-4,5,-4,5,-3,5,-3,6,-3,5,-3,5,-2,5,-2,5,-1,5,-1,5,-1,4,-1,4,0,4,0,3,0,3,0,3,1,2,1,2,1,1,1,2,1,1,1,0,0,0,0,0,0,0,0,0,0,0,0,0,0,-78,-23,-64,-30,-70,-22,-70,-19,-69,-20,-68,-20,-60,-23,-60,-20,-57,-15,-56,-19,-57,-22,-58,-15,-56,-19,-49,-13,-55,-13,-51,-10,-51,-10,-52,-8,-52,-6,-48,-10,-54,-7,-47,-3,-46,-4,-44,-6,-40,-4,-45,-5,-40,-1,-41,-3,-40,-2,-43,-2,-42,-2,-44,-3,-39,-2,-38,-2,-39,1,-38,-7,-36,-5,-34,-6,-34,-10,-32,-7,-29,-7,-28,-11,-27,-11,-25,-16,-23,-14,-20,-16,-23,-13,-17,-14,-20,-12,-17,-15,-12,-15,-11,-13,-7,-19,-8,-16,-3,-16,-2,-15,-2,-13,0,0,0,0,0,0,0,0,0,0,0,0,0,0,0,0,0,0,0,0,0,0,23,-26,26,-24,27,-24,29,-22,26,-26,26,-28,28,-22,24,-27,30,-26,26,-27,26,-27,30,-33,34,-33,34,-34,35,-38,29,-32,33,-36,34,-36,37,-40,36,-39,37,-38,41,-42,40,-42,41,-37,41,-44,45,-43,42,-48,46,-48,39,-39,46,-49,38,-47,43,-45,40,-45,42,-47,39,-50,39,-54,37,-53,34,-55,39,-50,36,-58,39,-59,33,-57,32,-61,29,-60,28,-63,22,-66,25,-62,25,-68,27,-70,26,-63,24,-68,23,-73,24,-76,22,-69,22,-66,27,-74,18,-68,0,0]"
CSI_DATA,89,2a:00:00:00:00:00,-38,11,1,0,1,1,1,0,0,0,1,-96,0,11,2,1449418,0,44,0,384,0,"[0,0,0,0,0,0,0,0,0,0,0,0,8,-10,8,-10,7,-10,8,-10,7,-10,7,-9,7,-9,7,-9,7,-9,6,-9,6,-9,6,-9,5,-9,5,-8,4,-8,5,-8,4,-8,4,-8,3,-8,3,-8,3,-8,3,-8,4,-8,3,-8,3,-8,3,-8,0,0,3,-8,3,-7,3,-7,3,-7,3,-6,3,-6,4,-6,3,-6,4,-5,4,-5,4,-5,4,-4,4,-4,4,-4,4,-3,4,-3,3,-2,3,-2,3,-2,3,-1,3,-1,3,-1,2,0,2,0,2,0,2,1,0,0,0,0,0,0,0,0,0,0,0,0,0,0,-76,8,-78,6,-77,5,-75,7,-74,7,-73,6,-64,6,-62,2,-63,7,-63,3,-60,5,-62,6,-59,6,-54,3,-56,7,-53,10,-52,9,-48,8,-50,9,-47,10,-50,13,-47,11,-44,15,-44,12,-39,11,-39,18,-38,11,-42,17,-40,10,-44,12,-43,8,-43,10,-35,8,-40,11,-36,11,-35,6,-35,10,-34,10,-34,3,-35,3,-28,2,-31,-7,-28,-3,-30,-9,-31,-3,-29,-9,-26,-12,-20,-3,-21,-9,-26,-8,-16,-6,-16,-9,-12,-12,-13,-13,-6,-10,-9,-11,-7,-14,0,0,0,0,0,0,0,0,0,0,0,0,0,0,0,0,0,0,0,0,0,0,8,-30,13,-35,14,-32,14,-35,14,-37,11,-35,14,-33,11,-39,14,-39,16,-37,14,-42,17,-39,17,-46,19,-44,17,-50,19,-49,14,-50,17,-48,13,-52,19,-54,21,-55,16,-51,19,-54,21,-53,21,-58,26,-59,22,-58,19,-58,21,-56,22,-61,16,-62,24,-62,16,-63,9,-62,12,-61,15,-63,13,-61,11,-64,11,-66,12,-67,10,-69,6,-64,7,-69,3,-75,4,-70,4,-68,3,-71,-5,-68,-4,-74,-3,-70,-5,-69,-6,-72,-4,-73,-3,-77,-4,-80,-6,-80,-10,-78,0,0]"
CSI_DATA,90,2a:00:00:00:00:00,-38,11,1,0,1,1,1,0,0,0,1,-96,0,11,2,1459826,0,44,0,384,0,"[0,0,0,0,0,0,0,0,0,0,0,0,10,-8,10,-8,10,-8,9,-7,9,-7,9,-7,9,-7,8,-7,8,-7,7,-7,8,-7,7,-7,7,-7,6,-7,6,-7,6,-7,6,-7,5,-7,5,-7,5,-7,5,-6,5,-7,5,-7,4,-7,4,-7,5,-6,0,0,4,-6,4,-6,4,-6,5,-6,4,-5,4,-5,4,-5,4,-5,5,-4,5,-4,5,-4,4,-3,4,-3,4,-3,4,-2,4,-2,4,-2,4,-1,3,-1,3,-1,3,0,2,0,2,0,2,0,2,1,1,1,0,0,0,0,0,0,0,0,0,0,0,0,0,0,-71,-18,-72,-12,-74,-17,-74,-11,-77,-13,-69,-8,-69,-8,-69,-16,-63,-12,-63,-8,-63,-9,-58,-2,-61,-4,-51,-6,-55,-5,-59,-2,-52,-5,-51,-2,-51,3,-49,0,-49,3,-46,0,-43,1,-44,3,-43,1,-43,6,-46,7,-42,2,-39,2,-44,5,-43,2,-46,6,-37,-1,-37,6,-38,3,-34,1,-35,1,-39,3,-32,-1,-38,-1,-35,-5,-30,-6,-30,-9,-31,-8,-28,-10,-24,-7,-24,-13,-20,-13,-20,-14,-18,-10,-18,-11,-16,-14,-12,-18,-7,-14,-10,-15,-4,-15,-2,-12,0,0,0,0,0,0,0,0,0,0,0,0,0,0,0,0,0,0,0,0,0,0,21,-29,23,-29,22,-27,24,-28,25,-26,26,-27,22,-31,25,-28,26,-31,26,-31,30,-32,29,-32,30,-37,35,-38,31,-35,28,-38,34,-42,31,-41,33,-40,36,-39,36,-43,32,-48,37,-48,37,-46,41,-47,40,-50,37,-49,38,-55,35,-47,38,-52,33,-53,36,-52,35,-53,30,-53,35,-55,33,-56,32,-56,31,-62,28,-58,30,-59,30,-63,21,-62,23,-67,25,-63,25,-65,15,-70,15,-70,17,-68,14,-72,20,-74,16,-71,15,-73,16,-77,15,-75,10,-76,8,-77,16,-72,0,0]"
CSI_DATA,91,2a:00:00:00:00:00,-38,11,1,0,1,1,1,0,0,0,1,-96,0,11,2,1469724,0,44,0,384,0,"[0,0,0,0,0,0,0,0,0,0,0,0,10,8,9,8,10,8,9,8,9,8,8,7,8,7,8,7,8,6,8,6,8,6,8,5,7,5,7,5,7,5,8,4,7,4,7,4,7,4,7,4,7,4,7,4,7,3,7,3,7,3,7,3,0,0,7,3,6,4,6,3,6,3,5,3,6,4,5,4,5,4,4,4,4,4,4,4,3,4,3,4,3,4,2,4,2,4,2,4,1,3,1,3,1,3,0,3,0,3,0,3,-1,2,-1,2,-1,2,0,0,0,0,0,0,0,0,0,0,0,0,0,0,-9,-78,-3,-81,-8,-78,-8,-69,-10,-69,-6,-68,-7,-67,-8,-70,-9,-63,-10,-64,-11,-62,-11,-59,-16,-56,-8,-55,-10,-53,-8,-57,-9,-54,-16,-50,-12,-49,-14,-45,-19,-46,-13,-42,-18,-43,-16,-41,-15,-43,-16,-38,-14,-37,-15,-41,-13,-42,-17,-38,-18,-41,-16,-35,-20,-39,-9,-40,-12,-35,-8,-39,-15,-34,-10,-37,-11,-33,-2,-34,-6,-30,1,-35,-2,-34,-3,-32,1,-29,4,-21,5,-22,4,-25,8,-20,6,-20,8,-17,11,-14,10,-13,11,-14,7,-11,10,-10,14,-7,0,0,0,0,0,0,0,0,0,0,0,0,0,0,0,0,0,0,0,0,0,0,32,10,29,10,32,12,35,15,33,13,35,15,33,12,35,11,35,15,37,10,40,13,43,21,45,18,40,17,44,19,47,17,50,19,44,20,45,17,52,19,51,16,53,19,54,17,58,25,58,20,52,22,57,23,55,18,59,19,63,18,58,15,63,19,60,16,61,12,63,11,61,13,65,11,64,12,63,13,69,6,68,9,66,6,69,3,71,2,66,-3,69,-3,69,-5,74,-12,72,-6,73,-8,75,-7,77,-8,77,-6,73,-9,79,-7,81,-11,71,-15,0,0]"
CSI_DATA,92,2a:00:00:00:00:00,-38,11,1,0,1,1,1,0,0,0,1,-96,0,11,2,1479501,0,44,0,384,0,"[0,0,0,0,0,0,0,0,0,0,0,0,-11,-8,-11,-8,-10,-8,-10,-8,-10,-7,-10,-7,-10,-7,-9,-6,-9,-6,-9,-6,-9,-6,-9,-5,-9,-5,-9,-5,-9,-5,-9,-4,-9,-4,-8,-4,-9,-4,-8,-4,-8,-4,-8,-4,-8,-3,-8,-3,-8,-3,-8,-3,0,0,-8,-3,-8,-3,-8,-3,-7,-3,-7,-3,-7,-3,-7,-3,-6,-4,-6,-3,-6,-3,-6,-4,-5,-4,-5,-4,-5,-4,-4,-4,-4,-4,-3,-4,-3,-4,-3,-4,-2,-4,-2,-4,-1,-3,-1,-3,-1,-3,-1,-3,-1,-3,0,0,0,0,0,0,0,0,0,0,0,0,0,0,-3,77,-3,73,-1,76,-3,71,-1,65,-1,69,2,67,-4,71,-2,61,1,61,2,56,4,57,2,59,3,52,4,53,7,53,4,51,7,52,10,54,8,44,9,46,7,44,11,45,12,44,11,39,13,42,10,36,13,42,12,40,11,36,4,40,11,36,8,37,9,40,11,34,5,39,8,36,7,35,6,36,6,31,3,26,-3,30,-2,30,-5,30,-3,29,-4,23,-6,23,-7,21,-10,21,-11,17,-11,15,-12,15,-8,13,-13,16,-9,11,-14,7,-13,5,0,0,0,0,0,0,0,0,0,0,0,0,0,0,0,0,0,0,0,0,0,0,-32,-21,-32,-19,-30,-19,-33,-21,-34,-19,-33,-21,-31,-20,-32,-19,-35,-21,-39,-23,-40,-27,-39,-24,-43,-25,-44,-26,-44,-27,-37,-28,-47,-28,-49,-24,-43,-27,-48,-31,-52,-25,-52,-28,-48,-26,-50,-30,-53,-33,-53,-30,-53,-30,-56,-32,-50,-28,-57,-30,-56,-27,-62,-28,-57,-26,-61,-21,-64,-22,-56,-24,-55,-18,-58,-23,-60,-20,-64,-17,-70,-22,-60,-10,-66,-14,-65,-13,-67,-13,-66,-9,-62,-9,-65,-1,-70,-5,-68,-7,-73,-9,-70,-5,-76,-2,-67,-4,-77,-4,-83,-3,-74,2,0,0]"
CSI_DATA,93,2a:00:00:00:00:00,-38,11,1,0,1,1,1,0,0,0,1,-96,0,11,2,1499406,0,44,0,384,0,"[0,0,0,0,0,0,0,0,0,0,0,0,1,-13,1,-13,1,-13,1,-13,1,-12,1,-12,1,-12,1,-11,1,-11,0,-10,0,-11,0,-10,-1,-10,0,-10,-1,-10,-1,-9,-1,-9,-1,-9,-2,-9,-2,-9,-2,-8,-2,-8,-1,-8,-2,-8,-2,-8,-2,-8,0,0,-1,-8,-2,-8,-2,-8,-1,-7,-1,-8,-1,-7,-1,-7,-1,-7,0,-7,0,-7,0,-6,0,-6,0,-6,1,-6,1,-5,1,-5,1,-5,2,-4,2,-4,2,-3,2,-3,2,-3,2,-2,2,-2,2,-2,2,-1,0,0,0,0,0,0,0,0,0,0,0,0,0,0,-54,46,-65,43,-56,44,-59,42,-63,40,-56,43,-60,38,-55,37,-54,40,-53,37,-50,36,-47,34,-42,36,-41,33,-47,35,-42,33,-37,32,-33,33,-37,31,-34,32,-31,33,-33,34,-30,33,-30,33,-31,32,-24,29,-27,35,-25,30,-27,31,-27,32,-29,31,-29,31,-29,32,-23,31,-24,27,-27,31,-26,25,-24,25,-23,25,-29,23,-27,19,-29,20,-29,16,-28,18,-28,10,-25,8,-27,4,-22,4,-24,0,-22,0,-21,1,-21,2,-15,-1,-19,-3,-16,-5,-14,-4,-12,-5,0,0,0,0,0,0,0,0,0,0,0,0,0,0,0,0,0,0,0,0,0,0,-10,-35,-8,-32,-7,-35,-9,-40,-9,-40,-7,-38,-4,-40,-9,-41,-9,-45,-9,-43,-7,-43,-6,-48,-11,-46,-9,-47,-7,-51,-7,-51,-9,-54,-11,-55,-10,-56,-10,-54,-12,-56,-6,-58,-12,-56,-9,-58,-6,-56,-11,-65,-10,-61,-14,-56,-10,-61,-12,-61,-12,-63,-13,-62,-18,-62,-16,-64,-13,-63,-16,-62,-24,-64,-24,-59,-24,-60,-26,-59,-24,-61,-26,-61,-27,-60,-32,-64,-30,-62,-34,-54,-35,-58,-35,-60,-36,-58,-36,-57,-41,-58,-36,-60,-39,-59,-43,-66,-45,-58,-44,-65,-44,-63,0,0]"
CSI_DATA,94,2a:00:00:00:00:00,-38,11,1,0,1,1,1,0,0,0,1,-96,0,11,2,1509636,0,44,0,384,0,"[0,0,0,0,0,0,0,0,0,0,0,0,0,12,0,12,1,13,0,12,0,12,0,10,1,11,0,10,1,10,1,10,0,9,0,9,1,9,1,9,1,8,2,8,2,7,1,8,2,7,3,7,2,7,3,7,2,7,3,7,2,7,2,6,0,0,2,6,2,7,2,6,2,6,2,6,2,6,2,6,1,6,1,6,0,6,0,6,0,5,-1,5,-1,5,-1,5,-1,4,-1,4,-2,3,-2,3,-2,3,-2,2,-2,2,-2,2,-2,2,-3,1,-3,1,0,0,0,0,0,0,0,0,0,0,0,0,0,0,25,-61,37,-69,28,-65,31,-64,31,-61,30,-62,27,-61,30,-58,23,-58,29,-57,23,-55,21,-51,24,-54,20,-52,23,-47,22,-51,20,-46,12,-46,13,-48,15,-43,9,-45,17,-40,11,-44,6,-43,6,-41,5,-42,9,-42,10,-41,8,-42,6,-44,5,-42,5,-41,4,-38,5,-37,7,-39,6,-34,5,-39,8,-33,3,-37,13,-33,16,-32,17,-26,18,-32,10,-25,12,-27,17,-23,16,-22,16,-22,15,-18,15,-17,15,-14,18,-9,9,-11,13,-6,11,-8,15,-4,16,1,0,0,0,0,0,0,0,0,0,0,0,0,0,0,0,0,0,0,0,0,0,0,15,29,14,34,15,32,12,29,12,35,14,37,21,34,19,36,16,35,17,38,16,40,15,43,20,39,19,50,22,40,21,45,22,52,26,48,26,48,23,44,22,49,29,47,28,53,21,52,24,53,28,54,20,56,29,53,33,54,30,54,33,50,39,51,34,51,36,51,38,50,37,47,34,49,39,49,42,46,44,47,46,47,48,42,49,45,49,41,49,41,54,31,51,39,59,38,55,30,62,33,55,37,57,37,59,36,59,36,65,34,66,32,64,37,0,0]"
CSI_DATA,95,2a:00:00:00:00:00,-38,11,1,0,1,1,1,0,0,0,1,-96,0,11,2,1524561,0,44,0,384,0,"[0,0,0,0,0,0,0,0,0,0,0,0,8,-11,8,-11,7,-11,7,-10,7,-10,7,-9,6,-10,6,-10,6,-9,6,-9,6,-9,6,-9,5,-9,4,-8,4,-8,4,-9,4,-8,4,-8,3,-8,3,-8,3,-8,3,-8,3,-8,2,-8,3,-8,3,-8,0,0,3,-8,3,-8,2,-7,3,-8,3,-7,3,-7,3,-7,3,-6,4,-6,4,-6,4,-5,3,-5,3,-4,3,-4,4,-4,4,-3,3,-3,3,-3,3,-2,3,-2,3,-1,3,-1,3,-1,2,0,2,0,2,0,0,0,0,0,0,0,0,0,0,0,0,0,0,0,-69,10,-78,11,-69,12,-73,15,-69,15,-68,14,-70,13,-62,8,-62,12,-60,6,-59,12,-56,12,-56,13,-56,14,-52,8,-50,14,-49,16,-50,14,-42,14,-46,20,-40,20,-45,14,-41,19,-43,17,-36,18,-38,16,-38,19,-38,21,-36,21,-37,20,-37,17,-33,18,-34,21,-33,16,-35,14,-35,16,-35,14,-30,17,-33,11,-30,9,-34,10,-33,5,-31,5,-24,6,-23,2,-32,2,-27,-4,-24,-3,-20,-5,-22,-7,-18,-5,-18,-6,-14,-8,-16,-6,-13,-7,-11,-10,-10,-7,0,0,0,0,0,0,0,0,0,0,0,0,0,0,0,0,0,0,0,0,0,0,11,-33,16,-30,11,-34,13,-31,15,-30,13,-33,10,-36,12,-34,14,-39,14,-36,15,-39,15,-39,16,-43,13,-40,22,-44,19,-51,21,-46,16,-49,15,-50,17,-53,18,-54,20,-54,20,-61,24,-51,19,-56,18,-58,17,-58,18,-56,20,-59,18,-57,16,-58,17,-56,15,-58,12,-61,8,-63,16,-58,11,-66,9,-67,11,-61,6,-64,1,-63,4,-70,4,-66,1,-63,-4,-60,-9,-74,-2,-66,-7,-68,-2,-68,-10,-69,-9,-71,-14,-70,-10,-73,-9,-74,-18,-74,-18,-75,-20,-75,0,0]"
CSI_DATA,96,2a:00:00:00:00:00,-38,11,1,0,1,1,1,0,0,0,1,-96,0,11,2,1539621,0,44,0,384,0,"[0,0,0,0,0,0,0,0,0,0,0,0,4,12,4,11,4,12,4,11,4,11,4,10,3,10,3,10,3,9,4,9,4,9,4,8,4,8,4,8,4,8,4,7,4,7,4,7,4,7,4,7,4,6,4,6,4,6,5,6,5,6,4,6,0,0,4,6,4,6,4,6,4,6,4,5,3,6,3,6,3,6,2,5,2,5,2,5,1,5,1,5,0,5,0,4,0,4,0,4,-1,4,-1,3,-1,3,-1,3,-2,3,-2,2,-2,2,-2,2,-2,1,0,0,0,0,0,0,0,0,0,0,0,0,0,0,14,-79,20,-71,18,-69,19,-70,14,-71,16,-67,14,-70,15,-71,14,-67,17,-61,9,-61,9,-58,9,-55,8,-54,12,-55,7,-54,6,-54,3,-50,2,-52,4,-48,2,-49,2,-46,-8,-44,-5,-46,-4,-41,-2,-47,-1,-43,-4,-43,-6,-43,-3,-39,-2,-38,0,-40,-2,-38,-3,-41,-1,-38,-2,-40,-1,-34,1,-42,3,-32,3,-37,7,-34,6,-32,3,-34,8,-29,7,-28,13,-24,12,-24,11,-22,13,-19,15,-14,15,-14,14,-8,15,-13,13,-9,11,-7,14,-4,13,0,0,0,0,0,0,0,0,0,0,0,0,0,0,0,0,0,0,0,0,0,0,0,24,21,29,21,26,22,27,22,24,24,25,25,28,25,29,26,28,26,29,23,30,30,33,31,35,29,37,32,37,27,34,31,40,35,38,33,44,36,42,37,40,35,47,38,46,36,48,38,48,40,44,40,43,39,49,41,47,41,56,37,45,38,49,40,53,36,51,39,54,33,53,37,52,39,55,31,55,28,59,27,64,29,55,27,64,24,61,24,61,27,56,21,63,20,65,24,64,18,68,18,70,14,69,15,75,23,67,22,81,12,80,16,79,15,0,0]"
CSI_DATA,97,2a:00:00:00:00:00,-38,11,1,0,1,1,1,0,0,0,1,-96,0,11,2,1549424,0,44,0,384,0,"[0,0,0,0,0,0,0,0,0,0,0,0,-9,-10,-9,-10,-8,-10,-8,-10,-8,-9,-8,-9,-8,-9,-8,-8,-7,-8,-7,-8,-8,-7,-8,-7,-7,-7,-7,-7,-7,-7,-7,-6,-7,-6,-7,-5,-7,-5,-7,-5,-7,-5,-7,-5,-7,-4,-7,-4,-7,-5,-7,-4,0,0,-7,-4,-6,-5,-7,-5,-6,-4,-6,-5,-6,-5,-6,-5,-5,-5,-5,-5,-5,-5,-4,-5,-4,-5,-4,-5,-3,-5,-3,-5,-2,-5,-2,-4,-2,-4,-1,-4,-1,-4,-1,-4,0,-4,0,-3,0,-3,0,-3,0,-2,0,0,0,0,0,0,0,0,0,0,0,0,0,0,-46,66,-43,60,-43,69,-40,57,-37,61,-33,57,-35,57,-40,56,-29,50,-30,51,-31,49,-27,50,-29,51,-25,48,-23,45,-21,47,-21,52,-19,47,-20,50,-19,41,-17,46,-12,38,-8,40,-18,39,-8,43,-13,43,-10,37,-7,38,-10,43,-8,39,-10,36,-11,40,-11,38,-9,40,-10,35,-15,39,-11,38,-15,38,-14,31,-16,27,-11,26,-16,28,-19,26,-16,26,-18,25,-17,20,-18,16,-19,15,-21,13,-17,9,-13,8,-15,4,-14,10,-14,2,-15,0,-12,-2,-12,-3,0,0,0,0,0,0,0,0,0,0,0,0,0,0,0,0,0,0,0,0,0,0,-23,-31,-20,-30,-19,-29,-18,-37,-19,-30,-17,-35,-19,-33,-22,-34,-25,-37,-26,-33,-23,-37,-26,-40,-29,-43,-29,-46,-31,-47,-23,-46,-31,-51,-26,-44,-30,-50,-29,-49,-32,-45,-31,-59,-27,-48,-29,-50,-35,-52,-36,-52,-34,-51,-33,-54,-31,-53,-38,-58,-33,-51,-36,-55,-38,-52,-40,-54,-38,-54,-41,-51,-38,-49,-44,-50,-45,-50,-52,-51,-52,-53,-47,-44,-51,-48,-52,-43,-50,-45,-50,-38,-57,-42,-56,-36,-59,-43,-60,-40,-64,-38,-62,-39,-65,-44,-61,-34,-62,-39,-65,-38,-68,-38,0,0]"
CSI_DATA,98,2a:00:00:00:00:00,-38,11,1,0,1,1,1,0,0,0,1,-96,0,11,2,1559513,0,44,0,384,0,"[0,0,0,0,0,0,0,0,0,0,0,0,-13,5,-13,5,-12,5,-12,5,-12,4,-11,4,-11,4,-11,4,-10,4,-10,4,-10,4,-10,4,-9,4,-8,4,-8,4,-8,5,-8,4,-8,4,-7,5,-7,5,-7,5,-6,5,-7,5,-6,5,-6,5,-7,5,0,0,-7,5,-6,4,-6,4,-7,4,-6,4,-6,4,-6,3,-6,3,-6,3,-6,2,-6,2,-6,1,-5,1,-5,1,-5,1,-5,0,-5,0,-5,0,-4,-1,-4,-1,-4,-1,-3,-1,-3,-2,-3,-2,-2,-2,-2,-2,0,0,0,0,0,0,0,0,0,0,0,0,0,0,71,15,66,25,70,27,68,18,71,18,68,20,63,19,61,16,60,17,60,24,59,17,60,10,51,10,53,14,53,10,48,9,54,10,52,9,44,7,44,5,44,6,44,7,43,1,38,1,41,0,45,-6,45,-5,39,2,41,4,43,-4,40,-2,43,-6,39,-2,38,2,39,-1,36,2,35,-2,34,-1,33,2,36,4,29,9,27,7,30,13,23,11,27,11,22,14,18,13,20,17,16,10,15,12,11,14,13,17,9,11,4,13,3,13,4,13,4,7,0,0,0,0,0,0,0,0,0,0,0,0,0,0,0,0,0,0,0,0,0,0,-21,23,-28,25,-24,26,-30,26,-25,24,-31,25,-29,30,-29,27,-29,27,-28,30,-31,32,-37,32,-35,35,-41,31,-38,35,-39,32,-44,33,-38,35,-41,37,-42,38,-47,43,-46,44,-45,46,-45,40,-46,42,-40,44,-45,40,-48,45,-43,44,-44,45,-45,42,-43,50,-42,53,-38,49,-43,51,-40,52,-39,52,-41,55,-38,53,-37,58,-37,60,-33,58,-34,62,-29,62,-31,63,-25,59,-24,62,-26,66,-26,69,-26,65,-22,72,-21,71,-29,77,-20,67,-24,73,-24,71,-23,71,0,0]"
CSI_DATA,99,2a:00:00:00:00:00,-39,11,1,0,1,1,1,0,0,0,1,-96,0,11,2,1571488,0,44,0,384,0,"[0,0,0,0,0,0,0,0,0,0,0,0,8,-11,8,-11,7,-11,7,-10,7,-10,7,-10,6,-10,6,-9,6,-9,5,-9,6,-9,5,-9,5,-8,4,-8,4,-8,4,-9,3,-8,3,-8,3,-8,2,-8,2,-8,2,-8,3,-8,2,-8,2,-8,2,-8,0,0,2,-8,2,-7,2,-7,2,-7,2,-7,2,-7,2,-7,2,-6,3,-6,3,-5,3,-5,3,-5,3,-4,3,-4,3,-3,3,-3,3,-3,3,-2,3,-2,3,-2,3,-1,2,-1,2,-1,2,0,2,0,2,0,0,0,0,0,0,0,0,0,0,0,0,0,0,0,-69,21,-66,22,-69,24,-68,24,-66,15,-65,22,-65,20,-60,15,-59,19,-60,19,-60,18,-56,14,-54,19,-48,19,-49,23,-51,16,-47,23,-41,17,-40,15,-43,19,-45,18,-39,19,-38,24,-40,26,-38,21,-31,20,-39,22,-33,23,-32,20,-38,22,-33,26,-32,23,-34,24,-35,23,-33,17,-29,15,-34,14,-31,15,-33,12,-29,10,-33,12,-32,8,-25,6,-27,3,-25,5,-29,2,-24,2,-21,-3,-21,-4,-17,-8,-23,-8,-17,-7,-13,-5,-8,-7,-9,-10,-10,-13,-6,-15,0,0,0,0,0,0,0,0,0,0,0,0,0,0,0,0,0,0,0,0,0,0,6,-35,5,-39,3,-39,7,-37,6,-41,7,-40,5,-41,8,-41,6,-45,4,-45,9,-48,6,-47,3,-49,5,-48,9,-47,6,-55,7,-51,6,-51,7,-55,9,-63,6,-58,11,-56,12,-60,6,-64,10,-57,4,-66,8,-58,9,-62,7,-64,5,-62,2,-65,5,-65,4,-66,5,-65,6,-68,7,-63,2,-69,-3,-71,-7,-68,-2,-67,-4,-63,-12,-68,-11,-69,-12,-67,-13,-72,-12,-72,-14,-74,-13,-67,-19,-65,-16,-70,-17,-68,-20,-69,-18,-76,-19,-75,-27,-71,-24,-71,-28,-69,0,0]"
CSI_DATA,100,2a:00:00:00:00:00,-39,11,1,0,1,1,1,0,0,0,1,-96,0,11,2,1579414,0,44,0,384,0,"[0,0,0,0,0,0,0,0,0,0,0,0,-11,-9,-10,-8,-10,-9,-10,-8,-10,-8,-9,-8,-9,-7,-9,-7,-9,-7,-9,-7,-9,-6,-9,-6,-8,-6,-8,-6,-8,-5,-8,-5,-8,-4,-8,-4,-8,-4,-7,-4,-7,-4,-8,-4,-7,-4,-7,-3,-7,-3,-7,-3,0,0,-7,-3,-7,-4,-7,-4,-7,-3,-6,-4,-6,-4,-6,-4,-5,-4,-5,-4,-5,-4,-5,-4,-4,-4,-4,-4,-4,-4,-3,-4,-3,-4,-2,-4,-2,-4,-2,-4,-1,-3,-1,-3,-1,-4,0,-3,0,-3,0,-3,0,-2,0,0,0,0,0,0,0,0,0,0,0,0,0,0,-22,71,-15,71,-10,71,-7,69,-9,71,-9,67,-9,65,-10,62,-7,61,-10,57,-7,57,-2,59,-6,55,-1,53,-6,49,-1,49,3,53,2,49,0,45,4,46,3,43,5,41,6,39,4,40,9,42,5,43,4,33,6,39,11,38,8,37,5,34,10,38,8,36,5,35,8,33,3,33,1,36,3,31,2,30,-2,33,-2,29,-4,28,-7,30,-9,26,-8,24,-11,19,-8,18,-12,21,-11,16,-12,16,-12,10,-13,11,-13,10,-10,9,-15,6,-16,1,-12,0,0,0,0,0,0,0,0,0,0,0,0,0,0,0,0,0,0,0,0,0,0,0,-29,-25,-27,-26,-28,-26,-29,-25,-32,-25,-32,-23,-30,-26,-30,-21,-34,-30,-34,-29,-34,-30,-38,-30,-41,-31,-39,-33,-38,-31,-41,-35,-40,-31,-40,-37,-44,-31,-46,-37,-49,-36,-50,-37,-46,-36,-46,-38,-47,-40,-50,-42,-51,-40,-53,-38,-56,-42,-57,-39,-54,-38,-58,-36,-58,-38,-59,-33,-57,-32,-56,-35,-59,-30,-59,-31,-60,-29,-62,-29,-61,-30,-61,-24,-63,-23,-71,-21,-65,-22,-62,-8,-66,-21,-72,-13,-74,-20,-73,-15,-69,-16,-72,-20,-71,-12,-71,-17,-75,-17,-80,-9,-74,-16,0,0]"
CSI_DATA,101,2a:00:00:00:00:00,-40,11,1,0,1,1,1,0,0,0,1,-96,0,11,2,1589685,0,44,0,384,0,"[0,0,0,0,0,0,0,0,0,0,0,0,13,-2,12,-2,12,-2,12,-2,12,-2,11,-2,11,-2,10,-2,10,-2,9,-2,10,-2,9,-2,8,-2,8,-3,8,-3,8,-3,8,-3,7,-3,7,-3,7,-3,6,-3,6,-3,7,-3,6,-4,6,-3,7,-4,0,0,6,-3,6,-3,6,-3,6,-3,5,-2,6,-2,5,-2,5,-2,5,-2,5,-1,5,-1,5,-1,4,0,4,0,4,0,4,0,3,1,3,1,3,1,2,1,2,1,1,1,1,1,1,1,1,1,0,1,0,0,0,0,0,0,0,0,0,0,0,0,0,0,-53,-54,-46,-52,-49,-56,-53,-44,-56,-52,-46,-47,-49,-45,-44,-48,-41,-45,-43,-43,-42,-40,-42,-40,-40,-39,-37,-34,-37,-34,-36,-33,-40,-34,-37,-30,-29,-32,-37,-27,-34,-24,-37,-22,-38,-23,-36,-23,-32,-22,-31,-20,-32,-20,-35,-15,-34,-18,-34,-13,-33,-20,-31,-19,-28,-14,-27,-18,-30,-16,-25,-24,-27,-19,-25,-21,-22,-19,-23,-14,-22,-19,-22,-21,-16,-20,-14,-20,-10,-20,-12,-19,-11,-18,-9,-19,-6,-20,-7,-24,-4,-16,-3,-14,-1,-17,5,-14,4,-14,5,-10,7,-6,0,0,0,0,0,0,0,0,0,0,0,0,0,0,0,0,0,0,0,0,0,0,31,-13,33,-14,37,-11,36,-8,37,-12,37,-10,35,-8,40,-11,41,-15,41,-12,43,-9,42,-13,51,-17,46,-13,48,-14,48,-15,51,-21,52,-13,55,-17,51,-17,52,-18,54,-23,56,-21,60,-21,61,-16,60,-17,59,-17,63,-21,57,-24,62,-22,58,-23,64,-21,60,-21,59,-26,59,-24,57,-29,57,-36,59,-33,59,-28,56,-30,55,-38,57,-40,59,-40,56,-42,58,-42,50,-43,48,-44,51,-46,54,-47,54,-42,55,-45,58,-53,54,-50,52,-49,56,-50,58,-52,49,-54,0,0]"
CSI_DATA,102,2a:00:00:00:00:00,-40,11,1,0,1,1,1,0,0,0,1,-96,0,11,2,1599797,0,44,0,384,0,"[0,0,0,0,0,0,0,0,0,0,0,0,-5,-13,-5,-13,-5,-12,-5,-12,-5,-11,-5,-11,-4,-11,-5,-10,-4,-10,-4,-10,-4,-9,-5,-9,-5,-9,-5,-8,-5,-8,-5,-8,-5,-7,-5,-7,-5,-7,-5,-7,-5,-7,-5,-7,-5,-6,-5,-6,-5,-6,-5,-6,0,0,-5,-6,-4,-6,-5,-6,-4,-5,-4,-6,-4,-6,-3,-6,-3,-6,-3,-6,-2,-5,-2,-5,-2,-5,-1,-5,-1,-5,-1,-4,-1,-4,0,-4,0,-4,0,-3,0,-3,1,-3,1,-3,1,-3,1,-2,1,-2,1,-1,0,0,0,0,0,0,0,0,0,0,0,0,0,0,-41,60,-41,63,-40,58,-34,51,-42,58,-39,51,-39,53,-35,56,-33,51,-33,44,-36,45,-34,41,-36,46,-29,45,-29,42,-29,41,-25,45,-22,44,-19,40,-17,36,-21,37,-19,34,-12,40,-19,35,-15,35,-15,35,-15,31,-11,33,-9,34,-16,37,-12,31,-17,36,-11,32,-12,31,-10,27,-12,33,-10,24,-13,30,-14,24,-20,26,-16,19,-21,21,-17,24,-16,16,-16,18,-17,13,-18,11,-19,10,-17,5,-18,5,-20,1,-15,-2,-14,-1,-9,1,-11,-5,-12,-5,-11,-7,0,0,0,0,0,0,0,0,0,0,0,0,0,0,0,0,0,0,0,0,0,0,-25,-32,-22,-30,-22,-30,-20,-35,-23,-33,-23,-31,-21,-33,-24,-35,-25,-39,-23,-39,-28,-36,-27,-41,-30,-44,-29,-41,-35,-47,-29,-44,-31,-52,-30,-50,-33,-45,-33,-53,-32,-52,-37,-55,-35,-51,-36,-53,-38,-50,-37,-58,-37,-57,-37,-60,-37,-52,-40,-58,-37,-56,-43,-55,-35,-53,-43,-55,-42,-52,-44,-51,-38,-52,-44,-48,-50,-50,-55,-49,-52,-54,-49,-46,-53,-49,-59,-47,-53,-46,-51,-40,-50,-46,-58,-44,-65,-44,-61,-44,-62,-42,-64,-44,-67,-48,-55,-43,-68,-45,-66,-44,-63,-44,0,0]"
CSI_DATA,103,2a:00:00:00:00:00,-41,11,1,0,1,1,1,0,0,0,1,-96,0,11,2,1629413,0,44,0,384,0,"[0,0,0,0,0,0,0,0,0,0,0,0,-13,-3,-13,-3,-12,-3,-12,-3,-12,-3,-11,-3,-11,-2,-11,-2,-10,-2,-10,-2,-10,-2,-10,-2,-9,-2,-9,-2,-8,-1,-8,0,-8,0,-7,0,-7,0,-7,0,-7,0,-7,0,-7,0,-6,0,-6,0,-6,0,0,0,-6,0,-6,0,-6,0,-6,0,-5,0,-6,0,-5,-1,-5,-1,-5,-1,-5,-1,-5,-1,-4,-2,-4,-2,-4,-2,-4,-2,-3,-2,-3,-2,-3,-2,-3,-2,-2,-3,-2,-3,-2,-3,-1,-3,-1,-3,-1,-3,0,-3,0,0,0,0,0,0,0,0,0,0,0,0,0,0,47,59,43,61,37,54,43,54,49,59,37,52,40,51,41,49,40,53,39,43,35,43,36,42,35,41,30,35,32,35,31,31,31,36,31,36,26,28,31,29,29,26,29,23,23,22,26,28,26,22,26,23,23,18,26,22,25,21,25,13,25,16,24,16,23,20,21,15,22,18,20,19,26,21,18,20,17,21,16,12,11,18,8,16,12,21,6,19,9,18,7,16,2,18,3,18,3,13,-4,16,-4,11,-3,13,-7,17,-4,13,-6,10,-7,7,-8,7,0,0,0,0,0,0,0,0,0,0,0,0,0,0,0,0,0,0,0,0,0,0,-38,4,-33,8,-37,5,-37,6,-42,7,-38,5,-42,11,-38,4,-42,10,-45,12,-44,7,-48,11,-51,11,-51,10,-50,13,-56,10,-53,10,-53,14,-55,17,-61,11,-59,15,-61,16,-64,15,-62,9,-61,9,-68,14,-62,16,-68,19,-70,17,-64,18,-68,18,-62,13,-68,18,-64,21,-65,21,-64,26,-62,25,-66,26,-67,27,-60,30,-60,25,-61,36,-55,32,-68,36,-59,33,-54,41,-58,41,-56,42,-61,43,-64,40,-64,48,-56,41,-57,50,-57,48,-62,45,-66,43,-63,49,0,0]"
CSI_DATA,104,2a:00:00:00:00:00,-42,11,1,0,1,1,1,0,0,0,1,-96,0,11,2,1649410,0,44,0,384,0,"[0,0,0,0,0,0,0,0,0,0,0,0,-12,-6,-12,-5,-12,-6,-11,-6,-11,-6,-11,-5,-10,-5,-10,-5,-10,-4,-9,-4,-9,-4,-9,-4,-8,-4,-8,-3,-8,-3,-8,-3,-7,-2,-7,-2,-7,-2,-7,-2,-6,-2,-7,-2,-7,-1,-6,-2,-6,-2,-6,-1,0,0,-6,-1,-6,-2,-5,-2,-6,-1,-5,-2,-5,-2,-5,-2,-5,-2,-5,-2,-5,-2,-4,-3,-4,-3,-4,-3,-3,-3,-3,-3,-3,-3,-3,-3,-2,-3,-2,-3,-2,-3,-1,-3,-1,-3,0,-3,0,-3,0,-3,0,-3,0,0,0,0,0,0,0,0,0,0,0,0,0,0,-68,-40,-65,-40,-63,-34,-65,-35,-65,-36,-62,-34,-60,-35,-57,-32,-56,-31,-55,-30,-52,-28,-54,-26,-52,-27,-48,-25,-46,-23,-46,-19,-45,-21,-40,-16,-41,-14,-42,-16,-41,-13,-40,-13,-37,-11,-34,-8,-33,-8,-34,-9,-35,-4,-32,-4,-32,-7,-34,-4,-31,-4,-32,-4,-30,-10,-27,-9,-29,-5,-24,-7,-25,-8,-23,-9,-26,-10,-27,-11,-23,-8,-23,-11,-19,-13,-19,-14,-17,-15,-16,-15,-15,-16,-10,-18,-10,-16,-10,-15,-7,-19,-5,-15,-2,-18,1,-18,2,-15,1,-16,4,-17,0,0,0,0,0,0,0,0,0,0,0,0,0,0,0,0,0,0,0,0,0,0,36,-12,36,-13,37,-10,35,-11,36,-14,36,-9,36,-12,40,-16,40,-16,39,-17,41,-19,43,-19,46,-19,46,-22,46,-21,51,-22,51,-25,51,-25,51,-26,53,-27,51,-29,57,-29,57,-29,57,-27,58,-31,57,-34,58,-33,60,-35,57,-36,56,-37,56,-39,55,-38,56,-39,56,-41,56,-43,58,-43,53,-48,50,-46,51,-45,53,-53,50,-53,48,-55,48,-53,47,-57,44,-55,40,-56,42,-60,41,-65,44,-63,39,-62,39,-63,39,-70,40,-70,39,-69,40,-68,40,-68,40,-70,0,0]"
CSI_DATA,105,2a:00:00:00:00:00,-42,11,1,0,1,1,1,0,0,0,1,-96,0,11,2,1659411,0,44,0,384,0,"[0,0,0,0,0,0,0,0,0,0,0,0,-14,-2,-13,-2,-13,-2,-13,-2,-12,-2,-12,-2,-11,-2,-11,-1,-11,-2,-10,-1,-10,-1,-10,-1,-9,-1,-9,-1,-8,0,-8,0,-8,0,-8,0,-7,0,-7,0,-7,0,-7,0,-7,1,-6,1,-6,1,-6,1,0,0,-6,1,-6,0,-6,0,-6,0,-5,0,-5,0,-5,-1,-5,-1,-5,-1,-5,-1,-5,-1,-5,-2,-5,-2,-4,-2,-4,-2,-4,-2,-4,-3,-3,-3,-3,-3,-3,-3,-3,-3,-2,-4,-2,-4,-1,-4,-1,-4,-1,-3,0,0,0,0,0,0,0,0,0,0,0,0,0,0,-74,-28,-78,-27,-69,-22,-72,-22,-72,-22,-66,-20,-66,-21,-61,-23,-63,-19,-57,-15,-57,-18,-57,-15,-54,-16,-51,-15,-50,-10,-50,-10,-47,-12,-47,-9,-41,-10,-44,-8,-43,-2,-44,-2,-37,-2,-37,-4,-34,-1,-35,-4,-39,1,-32,-1,-33,1,-35,1,-34,1,-33,1,-30,3,-29,-2,-35,-2,-26,-1,-28,-3,-28,-4,-25,-4,-28,-5,-28,-8,-28,-8,-24,-7,-20,-11,-21,-11,-19,-14,-15,-14,-17,-17,-14,-15,-13,-15,-13,-16,-10,-15,-8,-19,-8,-20,-5,-21,-2,-18,0,-19,0,0,0,0,0,0,0,0,0,0,0,0,0,0,0,0,0,0,0,0,0,0,38,-14,28,-9,36,-10,39,-10,35,-15,33,-14,34,-17,35,-20,37,-13,37,-22,38,-21,44,-24,43,-24,43,-27,47,-22,46,-25,49,-23,48,-24,46,-28,47,-25,55,-32,52,-32,57,-35,55,-33,54,-37,52,-41,55,-38,52,-40,52,-43,52,-40,50,-39,46,-40,51,-40,52,-52,48,-44,51,-49,49,-55,47,-54,44,-55,43,-57,42,-55,38,-64,37,-59,38,-65,33,-59,34,-66,31,-66,29,-67,30,-72,31,-71,29,-71,27,-76,27,-71,28,-73,25,-77,29,-74,27,-79,0,0]"
CSI_DATA,106,2a:00:00:00:00:00,-42,11,1,0,1,1,1,0,0,0,1,-96,0,11,2,1669495,0,44,0,384,0,"[0,0,0,0,0,0,0,0,0,0,0,0,-10,9,-10,9,-9,9,-9,8,-9,8,-9,8,-9,8,-8,7,-8,7,-7,7,-7,7,-7,7,-6,6,-6,6,-5,6,-6,6,-5,6,-5,6,-4,6,-4,6,-4,5,-4,5,-4,5,-3,5,-3,5,-4,5,0,0,-4,5,-4,5,-3,5,-4,5,-3,4,-4,4,-4,4,-4,4,-4,3,-4,3,-4,3,-4,3,-4,2,-4,2,-5,2,-5,2,-5,1,-5,1,-5,1,-5,0,-5,0,-4,-1,-4,-1,-4,-1,-4,-2,-4,-2,0,0,0,0,0,0,0,0,0,0,0,0,0,0,-65,42,-61,44,-59,46,-62,39,-57,44,-58,38,-56,42,-54,38,-51,37,-47,38,-50,34,-44,37,-45,33,-42,37,-40,34,-36,33,-35,35,-33,35,-33,32,-31,28,-29,31,-28,27,-23,33,-24,31,-23,30,-24,30,-19,28,-21,29,-19,28,-15,28,-18,27,-20,25,-18,27,-16,27,-21,24,-16,23,-17,23,-20,22,-17,21,-21,19,-23,21,-25,17,-22,15,-24,17,-23,13,-25,10,-23,10,-24,7,-24,4,-25,3,-23,2,-23,-1,-20,1,-24,-2,-21,-7,-19,-9,-14,-12,0,0,0,0,0,0,0,0,0,0,0,0,0,0,0,0,0,0,0,0,0,0,12,-33,15,-32,15,-32,15,-31,14,-34,13,-35,15,-36,13,-37,16,-36,12,-38,12,-43,14,-45,9,-48,12,-46,11,-47,13,-50,15,-53,12,-51,10,-56,12,-55,12,-60,11,-59,10,-61,8,-61,9,-62,6,-64,6,-65,5,-64,7,-64,6,-66,3,-70,2,-69,1,-67,-4,-68,-6,-71,-3,-70,-8,-67,-11,-68,-15,-66,-15,-69,-17,-68,-15,-67,-18,-66,-28,-71,-22,-66,-32,-66,-34,-66,-32,-66,-36,-64,-37,-65,-40,-66,-39,-64,-39,-66,-41,-66,-45,-63,-48,-64,-48,-65,0,0]"
CSI_DATA,107,2a:00:00:00:00:00,-42,11,1,0,1,1,1,0,0,0,1,-96,0,11,2,1679394,0,44,0,384,0,"[0,0,0,0,0,0,0,0,0,0,0,0,-13,-6,-12,-6,-13,-6,-12,-6,-12,-6,-11,-5,-11,-5,-11,-5,-11,-4,-10,-4,-10,-4,-10,-3,-10,-3,-9,-3,-9,-3,-9,-2,-8,-2,-8,-2,-8,-1,-8,-2,-8,-1,-8,-1,-8,-1,-8,-1,-8,-1,-7,-1,0,0,-7,0,-7,-1,-7,-1,-7,-1,-7,-1,-7,-1,-7,-1,-6,-1,-6,-2,-6,-2,-6,-2,-6,-3,-6,-2,-5,-3,-5,-3,-5,-3,-5,-3,-4,-3,-4,-4,-4,-4,-4,-4,-3,-4,-3,-4,-3,-4,-2,-4,-2,-4,0,0,0,0,0,0,0,0,0,0,0,0,0,0,-67,-31,-69,-31,-67,-27,-67,-27,-66,-28,-64,-25,-62,-22,-60,-25,-55,-22,-60,-21,-57,-18,-57,-17,-55,-18,-51,-16,-52,-16,-50,-11,-50,-17,-46,-12,-45,-8,-45,-5,-44,-8,-40,-4,-41,-4,-37,-3,-37,-4,-37,-3,-36,0,-37,-2,-36,-2,-38,3,-35,-2,-35,-1,-35,-4,-34,-3,-32,0,-31,-5,-30,-3,-34,-4,-33,-5,-32,-4,-31,-4,-30,-9,-26,-10,-27,-11,-26,-13,-27,-13,-25,-14,-24,-14,-22,-16,-20,-18,-16,-18,-18,-19,-15,-20,-11,-21,-11,-19,-9,-22,-7,-21,0,0,0,0,0,0,0,0,0,0,0,0,0,0,0,0,0,0,0,0,0,0,30,2,34,3,31,-1,34,4,33,2,33,1,36,-1,35,-4,38,-2,37,-3,39,-3,43,-5,44,-8,45,-7,48,-10,47,-11,51,-10,49,-12,51,-15,51,-14,50,-14,56,-17,55,-17,56,-17,59,-16,57,-21,56,-20,58,-23,57,-22,57,-25,54,-24,57,-26,55,-30,53,-33,53,-37,55,-35,50,-40,53,-38,51,-39,51,-43,50,-44,44,-46,45,-46,45,-50,43,-52,39,-52,39,-55,34,-58,37,-58,36,-60,35,-58,36,-61,36,-66,29,-64,33,-69,32,-70,31,-70,0,0]"
CSI_DATA,108,2a:00:00:00:00:00,-41,11,1,0,1,1,1,0,0,0,1,-96,0,11,2,1690372,0,44,0,384,0,"[0,0,0,0,0,0,0,0,0,0,0,0,-9,10,-8,10,-8,10,-8,9,-8,9,-8,9,-7,9,-7,8,-7,9,-6,8,-6,8,-6,8,-5,8,-5,8,-4,7,-4,8,-4,7,-4,7,-3,7,-3,7,-3,7,-3,7,-3,7,-2,7,-2,7,-3,7,0,0,-3,7,-3,6,-3,6,-3,6,-3,6,-3,6,-3,6,-3,5,-4,5,-4,5,-4,5,-4,5,-4,4,-4,4,-5,4,-5,4,-5,3,-4,3,-5,3,-5,2,-5,2,-5,2,-5,1,-5,1,-5,1,-5,0,0,0,0,0,0,0,0,0,0,0,0,0,0,0,76,-3,70,-4,70,-8,70,-5,73,-6,69,-2,63,-6,66,-3,60,-4,61,-6,60,-8,55,-7,56,-10,52,-11,53,-10,54,-11,50,-13,43,-13,42,-14,44,-14,42,-14,46,-15,38,-15,31,-19,33,-14,35,-17,37,-19,37,-14,35,-13,33,-21,33,-20,37,-19,28,-13,32,-17,31,-17,34,-18,30,-12,34,-11,34,-13,33,-11,35,-13,37,-6,33,-1,30,-5,29,-4,35,-4,35,-3,29,-2,29,1,33,-3,32,7,26,7,24,8,23,11,21,13,21,10,19,14,0,0,0,0,0,0,0,0,0,0,0,0,0,0,0,0,0,0,0,0,0,0,-31,11,-33,12,-32,13,-33,8,-35,13,-29,12,-37,18,-33,15,-36,14,-34,18,-38,19,-40,18,-37,22,-44,24,-42,21,-37,27,-43,34,-47,28,-45,34,-45,35,-47,35,-43,33,-46,40,-48,38,-43,41,-44,39,-49,41,-47,48,-42,45,-44,44,-42,49,-40,53,-39,53,-41,50,-38,56,-33,55,-33,53,-35,57,-30,51,-29,55,-28,60,-28,61,-21,66,-20,65,-17,68,-19,72,-10,72,-6,73,-9,66,-14,72,-7,60,-8,67,-4,70,-2,70,0,72,-2,79,4,69,0,0]"
CSI_DATA,109,2a:00:00:00:00:00,-40,11,1,0,1,1,1,0,0,0,1,-96,0,11,2,1729379,0,44,0,384,0,"[0,0,0,0,0,0,0,0,0,0,0,0,-6,-13,-6,-12,-6,-12,-6,-12,-6,-12,-6,-11,-6,-11,-6,-10,-6,-10,-6,-10,-6,-10,-6,-9,-6,-9,-6,-8,-6,-8,-6,-8,-6,-7,-6,-7,-7,-7,-6,-7,-6,-7,-7,-6,-6,-6,-7,-6,-7,-6,-7,-5,0,0,-6,-5,-7,-6,-7,-6,-6,-5,-6,-6,-6,-6,-6,-6,-6,-6,-6,-6,-6,-6,-5,-6,-5,-6,-5,-6,-5,-6,-4,-6,-4,-6,-4,-6,-3,-6,-3,-6,-2,-6,-2,-6,-2,-6,-1,-6,-1,-6,-1,-5,0,-5,0,0,0,0,0,0,0,0,0,0,0,0,0,0,-27,74,-30,75,-27,77,-28,66,-30,68,-26,66,-23,64,-26,62,-21,62,-23,58,-19,57,-16,58,-19,56,-11,53,-14,52,-14,44,-11,52,-6,49,-10,47,-8,42,-10,44,-7,39,2,46,-1,44,0,44,1,44,-1,39,7,42,3,45,0,39,0,40,3,39,0,39,1,43,-1,34,4,43,2,40,0,34,3,34,2,34,-3,34,-5,32,-1,37,-6,34,-8,37,-11,31,-15,32,-11,33,-15,31,-15,21,-15,25,-15,24,-16,25,-15,19,-22,19,-23,18,-22,14,0,0,0,0,0,0,0,0,0,0,0,0,0,0,0,0,0,0,0,0,0,0,-9,-29,-5,-29,-10,-24,-8,-31,-11,-29,-9,-31,-9,-29,-9,-30,-9,-31,-14,-31,-14,-29,-15,-29,-20,-37,-20,-34,-25,-38,-16,-34,-23,-39,-25,-41,-28,-41,-29,-41,-30,-44,-27,-43,-27,-39,-34,-41,-29,-45,-33,-43,-32,-42,-32,-46,-31,-43,-36,-44,-41,-48,-42,-46,-42,-47,-47,-42,-45,-43,-41,-46,-45,-41,-44,-43,-54,-41,-55,-39,-54,-40,-50,-34,-57,-38,-56,-37,-61,-39,-61,-31,-60,-34,-61,-33,-61,-30,-64,-33,-66,-29,-67,-30,-72,-29,-64,-29,-71,-33,-70,-26,-69,-32,0,0]"
CSI_DATA,110,2a:00:00:00:00:00,-40,11,1,0,1,1,1,0,0,0,1,-96,0,11,2,1739433,0,44,0,384,0,"[0,0,0,0,0,0,0,0,0,0,0,0,-13,-8,-12,-7,-12,-7,-12,-7,-11,-7,-11,-6,-11,-6,-11,-5,-11,-5,-10,-5,-10,-5,-10,-5,-10,-5,-10,-4,-10,-4,-10,-3,-9,-3,-9,-3,-9,-2,-9,-2,-9,-2,-9,-2,-9,-2,-9,-2,-9,-2,-9,-1,0,0,-9,-1,-9,-1,-9,-1,-8,-1,-8,-2,-8,-2,-8,-2,-8,-2,-8,-2,-8,-2,-8,-3,-7,-3,-7,-3,-7,-3,-7,-3,-7,-3,-6,-4,-6,-4,-6,-4,-5,-4,-5,-4,-5,-4,-4,-5,-4,-5,-3,-5,-3,-5,0,0,0,0,0,0,0,0,0,0,0,0,0,0,22,76,19,73,16,70,23,66,19,68,20,69,17,65,18,68,21,64,18,61,24,58,19,56,18,51,18,53,16,55,19,51,17,48,20,46,18,50,25,43,26,37,25,37,26,42,24,40,25,34,22,39,21,33,24,35,24,36,25,31,26,30,27,34,21,40,26,38,26,35,24,33,24,36,26,32,22,33,18,32,21,37,13,31,19,35,16,34,15,36,11,35,12,35,6,34,4,30,3,33,4,24,1,30,4,27,-5,34,-4,30,-13,23,-8,24,0,0,0,0,0,0,0,0,0,0,0,0,0,0,0,0,0,0,0,0,0,0,-22,-18,-21,-20,-24,-22,-27,-23,-21,-18,-21,-22,-25,-19,-31,-15,-26,-19,-30,-23,-28,-20,-33,-21,-28,-22,-32,-20,-42,-19,-36,-17,-37,-18,-41,-19,-45,-15,-51,-10,-49,-14,-46,-17,-46,-19,-51,-18,-49,-16,-57,-15,-51,-22,-50,-18,-58,-13,-60,-15,-57,-14,-60,-12,-62,-9,-58,-5,-66,-7,-65,-4,-63,-5,-65,-7,-68,-5,-67,-7,-69,2,-63,0,-70,2,-71,7,-59,8,-66,7,-70,6,-73,11,-70,13,-71,13,-72,15,-71,15,-73,12,-72,16,-79,16,-82,21,-77,20,0,0]"
CSI_DATA,111,2a:00:00:00:00:00,-40,11,1,0,1,1,1,0,0,0,1,-96,0,11,2,1749875,0,44,0,384,0,"[0,0,0,0,0,0,0,0,0,0,0,0,-12,-8,-12,-8,-12,-8,-11,-8,-11,-8,-11,-7,-11,-7,-10,-6,-10,-7,-10,-6,-10,-6,-10,-6,-10,-5,-9,-5,-9,-5,-9,-4,-9,-4,-9,-3,-9,-3,-9,-3,-9,-3,-9,-3,-9,-3,-9,-2,-9,-3,-9,-2,0,0,-9,-2,-9,-2,-9,-2,-9,-2,-9,-3,-8,-3,-8,-3,-8,-3,-8,-3,-8,-3,-8,-4,-7,-4,-7,-4,-7,-4,-6,-4,-6,-4,-6,-5,-5,-4,-5,-4,-5,-4,-4,-5,-4,-5,-4,-5,-3,-5,-3,-5,-2,-5,0,0,0,0,0,0,0,0,0,0,0,0,0,0,15,75,20,74,20,82,17,66,20,68,10,68,15,69,14,71,18,61,19,60,18,63,17,65,18,57,21,56,13,57,20,55,18,54,19,54,17,46,28,47,28,43,24,41,24,40,27,36,20,40,26,37,25,38,27,39,26,39,27,38,26,34,29,34,24,38,34,37,20,36,24,36,27,39,26,36,26,32,22,33,21,38,19,35,19,32,17,38,12,29,11,30,6,31,10,33,9,31,7,33,5,31,7,30,-2,30,1,28,2,28,-8,28,-12,22,0,0,0,0,0,0,0,0,0,0,0,0,0,0,0,0,0,0,0,0,0,0,-22,-22,-20,-23,-20,-29,-21,-21,-22,-28,-17,-22,-21,-23,-18,-29,-22,-25,-28,-22,-26,-22,-30,-25,-30,-24,-27,-22,-31,-23,-32,-19,-33,-26,-34,-20,-37,-19,-39,-23,-40,-24,-39,-20,-46,-22,-46,-20,-45,-26,-46,-23,-46,-23,-50,-20,-54,-23,-52,-20,-53,-20,-57,-19,-59,-20,-62,-10,-56,-17,-58,-13,-63,-10,-65,-13,-62,-9,-62,-10,-59,-11,-68,-2,-62,-4,-71,2,-64,-1,-65,12,-69,7,-70,8,-71,8,-76,3,-75,6,-76,7,-69,13,-71,19,-81,17,-80,23,-89,11,0,0]"
CSI_DATA,112,2a:00:00:00:00:00,-39,11,1,0,1,1,1,0,0,0,1,-96,0,11,2,1769420,0,44,0,384,0,"[0,0,0,0,0,0,0,0,0,0,0,0,-8,-11,-9,-11,-8,-11,-8,-11,-8,-11,-8,-10,-8,-9,-8,-9,-8,-9,-8,-9,-8,-9,-8,-8,-8,-8,-8,-8,-7,-7,-8,-7,-8,-6,-8,-6,-8,-6,-7,-6,-8,-6,-8,-6,-8,-5,-8,-5,-8,-5,-8,-5,0,0,-8,-5,-8,-5,-8,-5,-8,-5,-7,-5,-7,-5,-7,-5,-7,-5,-7,-5,-7,-6,-6,-6,-6,-6,-6,-6,-5,-6,-5,-6,-4,-6,-4,-6,-4,-6,-3,-6,-3,-6,-3,-6,-2,-6,-2,-6,-1,-5,-1,-5,0,-5,0,0,0,0,0,0,0,0,0,0,0,0,0,0,-27,75,-33,76,-25,71,-30,71,-27,68,-22,64,-23,67,-24,59,-28,65,-23,60,-23,56,-19,56,-19,55,-20,61,-20,53,-12,55,-11,58,-11,48,-15,49,-13,44,-9,51,-7,50,-4,47,-8,47,-6,51,-3,48,-2,45,2,46,1,48,4,45,-2,46,0,48,0,49,6,46,-3,44,0,40,-1,43,0,44,-4,45,-9,40,-8,40,-7,38,-10,41,-7,40,-10,36,-17,32,-16,34,-12,32,-17,24,-21,29,-21,26,-19,22,-24,22,-16,24,-16,21,-27,16,-22,19,0,0,0,0,0,0,0,0,0,0,0,0,0,0,0,0,0,0,0,0,0,0,-14,-34,-10,-33,-6,-39,-23,-36,-12,-32,4,-35,5,-36,18,-16,-11,-40,-16,-28,-11,-44,9,-26,-21,-43,-37,-32,-11,-25,-22,-46,-9,-41,-9,-44,-31,-21,-16,-45,-19,-41,-24,-38,-28,-44,-28,-36,-16,-32,-42,-34,-28,-44,-39,-35,-28,-45,-34,-43,-46,-41,-35,-34,-43,-42,-36,-42,-41,-47,-48,-48,-37,-36,-42,-35,-46,-39,-48,-35,-51,-40,-56,-41,-50,-36,-60,-36,-49,-31,-62,-33,-56,-32,-57,-34,-66,-33,-65,-28,-70,-28,-65,-27,-72,-27,-64,-26,-69,-27,-71,-32,-69,-23,0,0]"
CSI_DATA,113,2a:00:00:00:00:00,-39,11,1,0,1,1,1,0,0,0,1,-96,0,11,2,1779394,0,44,0,384,0,"[0,0,0,0,0,0,0,0,0,0,0,0,-4,-14,-5,-14,-5,-14,-4,-14,-4,-13,-4,-13,-5,-12,-5,-12,-5,-12,-5,-11,-4,-11,-5,-11,-5,-11,-5,-10,-5,-10,-5,-10,-5,-9,-5,-9,-6,-9,-6,-9,-6,-9,-6,-9,-5,-8,-6,-8,-6,-8,-6,-8,0,0,-6,-8,-6,-8,-6,-8,-6,-8,-5,-8,-6,-8,-5,-8,-5,-8,-5,-8,-4,-8,-4,-8,-3,-8,-3,-8,-3,-8,-2,-8,-2,-8,-2,-8,-1,-7,-1,-7,0,-7,0,-6,0,-6,0,-6,1,-6,1,-5,2,-5,0,0,0,0,0,0,0,0,0,0,0,0,0,0,-49,54,-39,59,-43,61,-37,63,-41,57,-44,58,-36,56,-40,56,-36,59,-32,52,-35,49,-32,51,-30,47,-26,52,-24,43,-26,49,-24,48,-18,50,-22,45,-22,51,-22,43,-19,48,-8,47,-19,42,-13,46,-12,43,-17,46,-13,43,-9,47,-16,45,-10,43,-11,45,-12,42,-13,45,-12,40,-11,39,-13,45,-15,45,-11,39,-13,36,-15,36,-17,34,-23,36,-18,37,-22,38,-16,32,-23,30,-19,28,-24,22,-24,22,-26,15,-24,19,-22,15,-24,15,-26,12,-25,4,-25,8,0,0,0,0,0,0,0,0,0,0,0,0,0,0,0,0,0,0,0,0,0,0,-7,-31,-7,-38,-5,-33,-2,-37,-5,-32,0,-36,-2,-38,-3,-33,-4,-35,-8,-32,-5,-36,-6,-37,-9,-34,-11,-31,-9,-41,-8,-39,-10,-39,-16,-37,-14,-41,-21,-38,-20,-43,-19,-40,-12,-44,-21,-44,-22,-44,-25,-44,-28,-42,-27,-45,-27,-43,-28,-50,-23,-40,-32,-43,-28,-49,-34,-49,-35,-44,-35,-45,-37,-48,-37,-46,-40,-46,-37,-43,-45,-47,-46,-47,-48,-45,-49,-44,-50,-46,-53,-37,-48,-41,-53,-47,-55,-43,-58,-42,-61,-40,-59,-46,-61,-45,-68,-43,-59,-45,-69,-43,-72,-41,0,0]"
CSI_DATA,114,2a:00:00:00:00:00,-39,11,1,0,1,1,1,0,0,0,1,-96,0,11,2,1790222,0,44,0,384,0,"[0,0,0,0,0,0,0,0,0,0,0,0,6,-12,6,-12,5,-12,5,-12,5,-12,5,-11,5,-11,4,-11,4,-11,3,-11,4,-10,3,-10,3,-10,3,-10,2,-10,2,-10,2,-10,2,-9,1,-9,1,-9,1,-9,1,-9,1,-9,0,-9,0,-9,1,-9,0,0,0,-9,0,-9,0,-9,1,-9,0,-9,1,-9,1,-9,1,-9,1,-9,2,-8,2,-8,2,-8,2,-8,2,-7,3,-7,3,-6,3,-6,3,-6,3,-6,3,-5,4,-5,3,-4,3,-4,3,-3,4,-3,4,-3,0,0,0,0,0,0,0,0,0,0,0,0,0,0,-73,20,-74,13,-70,15,-77,13,-79,18,-75,16,-61,18,-68,17,-70,19,-65,14,-59,17,-65,19,-60,24,-56,19,-57,18,-59,18,-53,18,-53,19,-45,22,-47,24,-41,23,-49,23,-41,28,-40,21,-42,27,-42,24,-37,28,-38,29,-36,27,-40,31,-41,27,-41,32,-39,31,-43,23,-36,26,-35,23,-40,25,-40,23,-40,21,-44,22,-38,20,-37,16,-41,14,-37,13,-40,15,-39,12,-37,8,-36,7,-32,5,-37,10,-33,3,-31,3,-34,0,-29,-4,-26,-6,-27,-8,-25,-9,0,0,0,0,0,0,0,0,0,0,0,0,0,0,0,0,0,0,0,0,0,0,20,-27,23,-20,19,-26,23,-22,20,-28,23,-26,24,-23,26,-22,17,-33,19,-21,18,-27,22,-32,13,-31,21,-29,23,-29,22,-37,19,-33,16,-35,18,-33,21,-37,12,-41,19,-43,21,-41,15,-52,16,-42,16,-50,13,-52,16,-52,14,-47,15,-57,9,-54,13,-52,17,-56,11,-56,14,-58,11,-62,11,-58,10,-60,7,-67,5,-64,6,-66,-1,-66,-1,-66,-5,-64,0,-65,-16,-70,-2,-71,-2,-72,-10,-72,-13,-74,-12,-71,-14,-78,-14,-74,-16,-75,-10,-74,-17,-75,-12,-83,0,0]"
CSI_DATA,115,2a:00:00:00:00:00,-39,11,1,0,1,1,1,0,0,0,1,-96,0,11,2,1800213,0,44,0,384,0,"[0,0,0,0,0,0,0,0,0,0,0,0,8,-12,8,-11,7,-12,7,-11,7,-11,7,-10,6,-11,6,-10,5,-10,5,-10,6,-10,5,-10,4,-10,4,-9,3,-9,4,-10,3,-9,3,-9,2,-9,2,-9,2,-9,2,-9,2,-9,1,-9,2,-9,2,-9,0,0,2,-9,1,-9,1,-9,2,-9,2,-9,2,-9,2,-9,2,-9,2,-8,3,-8,3,-8,3,-7,3,-7,3,-7,4,-7,4,-6,4,-6,4,-5,4,-5,4,-5,4,-4,4,-4,4,-3,4,-3,4,-3,4,-2,0,0,0,0,0,0,0,0,0,0,0,0,0,0,-73,19,-76,15,-74,23,-74,18,-73,24,-72,17,-65,19,-68,21,-65,15,-64,19,-63,23,-57,18,-60,20,-56,23,-54,22,-55,24,-51,23,-49,23,-48,20,-48,24,-49,25,-42,26,-38,21,-42,28,-39,27,-38,24,-42,31,-35,32,-35,31,-36,27,-41,31,-40,27,-34,30,-33,30,-40,31,-37,25,-36,29,-32,21,-39,24,-38,22,-40,27,-33,21,-38,17,-36,17,-32,11,-43,8,-32,11,-34,12,-35,5,-37,9,-31,-2,-34,1,-30,-3,-36,-5,-26,-6,-30,-2,-26,-9,0,0,0,0,0,0,0,0,0,0,0,0,0,0,0,0,0,0,0,0,0,0,17,-30,18,-25,17,-31,15,-26,20,-29,14,-24,14,-31,22,-29,17,-28,18,-33,13,-32,15,-34,17,-36,17,-33,20,-37,14,-36,14,-35,17,-38,13,-39,10,-38,18,-40,14,-45,10,-48,13,-45,15,-50,11,-48,11,-51,13,-50,9,-50,11,-54,5,-57,5,-50,7,-56,-1,-58,1,-59,3,-61,-1,-65,-5,-60,-4,-62,-6,-65,-3,-66,-7,-64,-7,-71,-13,-67,-10,-70,-5,-72,-8,-70,-19,-74,-14,-70,-20,-72,-18,-69,-22,-74,-20,-69,-15,-74,-25,-78,-22,-73,-21,-73,0,0]"
CSI_DATA,116,2a:00:00:00:00:00,-39,11,1,0,1,1,1,0,0,0,1,-96,0,11,2,1809784,0,44,0,384,0,"[0,0,0,0,0,0,0,0,0,0,0,0,8,-12,8,-12,7,-11,7,-11,6,-11,7,-11,7,-10,6,-10,6,-10,5,-10,5,-10,5,-10,4,-10,4,-10,4,-10,4,-9,3,-10,3,-9,2,-9,2,-9,2,-9,2,-9,2,-9,1,-9,1,-9,2,-9,0,0,2,-9,1,-9,1,-9,1,-9,2,-9,2,-9,2,-9,2,-8,3,-9,3,-8,3,-8,3,-8,3,-7,3,-7,3,-6,4,-7,4,-6,4,-5,4,-5,4,-4,4,-4,4,-4,4,-3,4,-3,4,-3,4,-2,0,0,0,0,0,0,0,0,0,0,0,0,0,0,-72,10,-75,7,-72,13,-76,6,-74,6,-72,6,-65,8,-71,8,-65,8,-71,2,-61,8,-61,10,-59,10,-52,11,-60,4,-61,8,-54,14,-46,11,-50,12,-52,20,-56,15,-46,15,-44,14,-43,15,-37,17,-38,20,-44,16,-41,19,-42,16,-43,17,-42,21,-39,19,-40,20,-42,23,-41,23,-40,23,-43,17,-39,20,-39,17,-43,10,-43,17,-42,12,-39,7,-39,8,-33,6,-34,5,-39,4,-36,3,-34,-2,-35,1,-34,-5,-35,-4,-30,-10,-30,-8,-27,-12,-26,-11,-21,-10,0,0,0,0,0,0,0,0,0,0,0,0,0,0,0,0,0,0,0,0,0,0,16,-22,24,-24,19,-18,21,-19,19,-26,18,-24,21,-26,24,-25,18,-28,17,-26,22,-25,19,-28,20,-30,21,-30,23,-33,15,-33,19,-31,23,-31,21,-35,23,-35,15,-40,14,-40,19,-40,17,-46,18,-49,11,-41,19,-44,17,-50,11,-47,16,-50,13,-53,16,-49,8,-50,8,-56,10,-56,12,-57,7,-60,12,-63,8,-60,8,-60,6,-62,3,-65,2,-70,3,-66,4,-67,5,-71,-6,-68,-8,-69,-8,-73,-8,-69,-1,-68,-10,-76,-3,-75,-9,-75,-10,-77,-5,-77,-12,-72,0,0]"
CSI_DATA,117,2a:00:00:00:00:00,-39,11,1,0,1,1,1,0,0,0,1,-96,0,11,2,1830342,0,44,0,384,0,"[0,0,0,0,0,0,0,0,0,0,0,0,-12,-8,-12,-8,-11,-8,-11,-8,-11,-8,-11,-7,-11,-7,-10,-7,-10,-6,-10,-6,-10,-6,-10,-5,-10,-5,-10,-5,-9,-5,-10,-4,-10,-3,-9,-3,-9,-3,-9,-3,-9,-3,-9,-3,-9,-2,-9,-2,-9,-2,-9,-2,0,0,-9,-2,-9,-2,-9,-2,-9,-2,-9,-2,-9,-3,-9,-3,-9,-3,-8,-3,-8,-3,-8,-3,-8,-4,-7,-4,-7,-4,-7,-4,-7,-4,-6,-4,-6,-4,-5,-4,-5,-4,-5,-5,-4,-5,-4,-5,-3,-5,-3,-5,-2,-4,0,0,0,0,0,0,0,0,0,0,0,0,0,0,12,70,10,79,12,77,20,74,16,66,22,67,14,71,17,71,14,65,15,59,18,55,19,58,19,56,16,55,18,53,22,52,18,50,13,51,23,51,25,47,26,43,21,37,25,40,26,34,26,39,24,37,26,39,31,37,30,40,27,42,28,36,26,35,29,35,29,34,31,34,28,36,27,34,27,31,27,33,25,31,25,39,18,37,17,37,15,37,13,34,10,33,14,31,10,35,12,36,6,30,5,30,1,28,3,28,1,28,-3,25,-2,25,-8,27,0,0,0,0,0,0,0,0,0,0,0,0,0,0,0,0,0,0,0,0,0,0,-23,-18,-24,-17,-25,-20,-24,-18,-22,-21,-23,-21,-22,-19,-23,-18,-27,-13,-29,-19,-25,-24,-26,-21,-30,-20,-28,-22,-35,-21,-30,-20,-30,-17,-35,-17,-42,-19,-40,-11,-44,-19,-43,-14,-49,-18,-43,-16,-43,-20,-45,-12,-42,-17,-49,-15,-51,-17,-54,-13,-55,-10,-59,-13,-58,-6,-58,-6,-62,-9,-56,-11,-64,-7,-60,-14,-60,-7,-63,-8,-64,-2,-63,3,-66,3,-68,-1,-65,7,-62,3,-66,9,-70,14,-73,12,-70,11,-80,0,-77,16,-78,8,-78,19,-75,11,-85,14,-80,19,0,0]"
CSI_DATA,118,2a:00:00:00:00:00,-39,11,1,0,1,1,1,0,0,0,1,-96,0,11,2,1839854,0,44,0,384,0,"[0,0,0,0,0,0,0,0,0,0,0,0,-5,-14,-5,-13,-5,-13,-5,-13,-5,-13,-5,-12,-4,-12,-4,-12,-4,-11,-5,-11,-5,-11,-5,-10,-5,-10,-5,-10,-5,-9,-6,-9,-5,-9,-5,-8,-6,-8,-6,-8,-5,-8,-6,-8,-6,-8,-6,-7,-6,-7,-6,-7,0,0,-6,-8,-6,-8,-6,-8,-6,-7,-5,-7,-6,-8,-5,-8,-5,-8,-4,-8,-5,-8,-4,-8,-4,-8,-4,-8,-3,-8,-3,-7,-2,-7,-2,-7,-2,-7,-1,-7,-1,-6,0,-6,0,-6,0,-6,0,-6,1,-5,1,-5,0,0,0,0,0,0,0,0,0,0,0,0,0,0,-36,70,-36,67,-38,69,-37,63,-43,68,-33,63,-31,61,-32,66,-28,58,-34,56,-29,58,-30,57,-28,50,-24,51,-27,46,-23,59,-24,53,-18,50,-18,49,-16,49,-16,53,-15,47,-12,48,-12,46,-11,46,-12,47,-13,42,-13,49,-13,42,-7,49,-14,42,-10,39,-6,47,-8,44,-13,42,-13,48,-12,43,-11,42,-12,42,-21,41,-17,43,-20,38,-17,37,-18,38,-21,35,-22,29,-21,28,-27,25,-25,26,-25,24,-24,21,-29,19,-25,13,-21,14,-26,11,-27,8,-26,8,0,0,0,0,0,0,0,0,0,0,0,0,0,0,0,0,0,0,0,0,0,0,-17,-25,-16,-22,-16,-23,-18,-23,-14,-24,-19,-25,-15,-27,-19,-26,-17,-25,-16,-24,-21,-28,-21,-29,-22,-26,-25,-30,-25,-31,-25,-26,-30,-29,-23,-31,-31,-33,-31,-33,-33,-28,-34,-34,-35,-33,-37,-29,-33,-36,-40,-33,-38,-29,-33,-31,-40,-32,-41,-39,-39,-35,-45,-37,-45,-28,-45,-41,-51,-37,-44,-35,-48,-31,-50,-35,-53,-33,-51,-32,-53,-35,-55,-34,-57,-34,-61,-29,-59,-36,-64,-36,-58,-33,-63,-37,-68,-33,-65,-31,-67,-30,-67,-28,-76,-34,-71,-33,-72,-33,-74,-36,-74,-32,0,0]"
CSI_DATA,119,2a:00:00:00:00:00,-39,11,1,0,1,1,1,0,0,0,1,-96,0,11,2,1859420,0,44,0,384,0,"[0,0,0,0,0,0,0,0,0,0,0,0,-2,-14,-2,-14,-2,-14,-2,-14,-2,-13,-2,-12,-2,-12,-2,-12,-2,-12,-3,-12,-3,-11,-3,-11,-3,-11,-3,-10,-4,-10,-4,-10,-4,-9,-4,-9,-4,-9,-4,-9,-4,-9,-5,-9,-4,-8,-5,-8,-5,-9,-5,-8,0,0,-5,-8,-5,-9,-5,-8,-5,-8,-4,-8,-4,-8,-4,-8,-4,-8,-3,-8,-3,-8,-3,-8,-3,-8,-2,-8,-3,-8,-1,-8,-1,-7,-1,-8,-1,-7,0,-7,0,-6,0,-6,1,-6,1,-6,1,-5,1,-5,2,-5,0,0,0,0,0,0,0,0,0,0,0,0,0,0,-58,56,-45,54,-54,56,-52,57,-55,54,-55,55,-49,52,-51,50,-48,52,-46,52,-40,42,-45,42,-41,49,-39,42,-33,40,-35,40,-36,44,-33,46,-25,48,-29,48,-29,45,-26,44,-27,48,-21,43,-24,41,-22,42,-22,39,-17,45,-23,45,-15,40,-19,46,-17,45,-18,44,-17,40,-20,46,-18,39,-24,40,-23,38,-28,40,-25,39,-26,39,-26,37,-22,34,-26,32,-24,30,-22,25,-26,27,-27,28,-29,23,-28,22,-28,19,-30,11,-25,8,-25,10,-24,14,-26,5,-23,1,0,0,0,0,0,0,0,0,0,0,0,0,0,0,0,0,0,0,0,0,0,0,-6,-31,-6,-29,-4,-27,1,-30,0,-29,0,-30,-3,-29,-4,-28,0,-32,-6,-33,-6,-33,-4,-30,-9,-32,-11,-37,-6,-39,-12,-33,-9,-40,-9,-38,-14,-38,-11,-42,-14,-44,-13,-46,-15,-44,-21,-45,-21,-47,-20,-51,-20,-46,-20,-48,-26,-47,-28,-48,-21,-48,-27,-54,-29,-50,-30,-49,-27,-55,-25,-53,-29,-53,-29,-51,-33,-50,-38,-54,-36,-51,-43,-51,-41,-49,-48,-51,-40,-50,-44,-53,-46,-53,-50,-53,-49,-52,-50,-52,-53,-51,-54,-51,-57,-56,-57,-54,-60,-53,-64,-54,-59,-60,0,0]"
CSI_DATA,120,2a:00:00:00:00:00,-39,11,1,0,1,1,1,0,0,0,1,-96,0,11,2,1871035,0,44,0,384,0,"[0,0,0,0,0,0,0,0,0,0,0,0,13,3,13,2,12,2,12,3,12,3,12,2,11,2,11,2,11,2,10,1,10,1,10,0,10,1,10,0,9,0,10,0,10,-1,9,-1,9,-1,9,-1,9,-1,9,-1,8,-2,8,-2,8,-2,9,-2,0,0,9,-2,8,-2,9,-2,8,-2,8,-1,8,-1,8,-1,8,-1,8,-1,8,-1,8,0,7,0,7,0,7,1,6,1,6,1,6,1,6,2,5,2,5,2,5,2,4,2,4,3,3,3,3,3,3,3,0,0,0,0,0,0,0,0,0,0,0,0,0,0,-34,-72,-34,-73,-42,-69,-33,-74,-36,-64,-37,-68,-36,-68,-31,-67,-30,-56,-36,-56,-32,-59,-42,-49,-35,-55,-29,-52,-32,-44,-34,-44,-33,-49,-39,-47,-37,-44,-32,-38,-35,-41,-33,-33,-44,-33,-40,-38,-38,-32,-38,-35,-35,-27,-43,-35,-38,-31,-39,-27,-42,-30,-43,-25,-43,-27,-47,-28,-36,-29,-40,-36,-35,-33,-41,-30,-37,-27,-32,-26,-31,-29,-29,-30,-34,-38,-27,-35,-27,-34,-24,-31,-27,-34,-19,-36,-13,-34,-14,-29,-14,-30,-14,-31,-11,-31,-6,-26,-7,-31,0,-26,2,-29,0,0,0,0,0,0,0,0,0,0,0,0,0,0,0,0,0,0,0,0,0,0,22,5,27,14,24,8,25,19,21,5,28,11,35,8,25,17,30,18,29,10,30,11,33,3,37,4,30,10,33,11,38,11,33,5,46,6,39,13,48,10,42,8,47,8,40,-2,50,5,41,5,46,-3,50,6,53,1,48,3,52,-3,50,3,58,0,58,-1,60,1,57,-7,61,-5,58,-6,56,-13,62,-12,63,-12,68,-18,59,-15,62,-18,63,-16,63,-24,66,-18,65,-29,60,-27,67,-26,57,-23,72,-28,69,-31,71,-31,65,-33,69,-38,79,-33,67,-29,0,0]"
CSI_DATA,121,2a:00:00:00:00:00,-38,11,1,0,1,1,1,0,0,0,1,-96,0,11,2,1879392,0,44,0,384,0,"[0,0,0,0,0,0,0,0,0,0,0,0,6,-13,5,-12,5,-12,5,-12,5,-12,5,-11,5,-11,4,-11,4,-11,3,-11,4,-11,3,-10,3,-11,2,-10,2,-10,2,-10,2,-10,2,-10,1,-10,1,-10,1,-9,0,-10,1,-9,0,-9,0,-10,0,-9,0,0,0,-10,0,-10,0,-9,0,-9,0,-9,1,-9,1,-9,1,-9,1,-9,1,-9,2,-9,2,-8,2,-8,2,-8,3,-7,3,-7,3,-7,3,-6,3,-6,4,-5,3,-5,3,-4,3,-4,3,-3,4,-3,4,-3,0,0,0,0,0,0,0,0,0,0,0,0,0,0,-72,23,-74,27,-73,24,-70,23,-74,22,-70,23,-70,20,-64,19,-63,24,-62,25,-61,26,-58,23,-59,25,-54,21,-58,20,-59,26,-50,23,-48,27,-47,29,-44,27,-48,29,-43,28,-37,29,-38,32,-38,31,-38,29,-41,28,-38,31,-34,30,-40,31,-40,34,-38,35,-33,31,-39,37,-40,28,-33,26,-36,31,-37,32,-39,33,-40,30,-39,22,-45,22,-38,20,-40,20,-34,20,-40,11,-35,14,-38,15,-33,8,-35,6,-32,8,-31,6,-29,4,-28,1,-31,-3,-29,-5,-26,-5,0,0,0,0,0,0,0,0,0,0,0,0,0,0,0,0,0,0,0,0,0,0,13,-26,12,-24,11,-22,15,-24,14,-25,13,-24,9,-25,15,-24,17,-26,12,-29,16,-28,14,-30,14,-30,11,-34,14,-31,11,-39,13,-38,15,-34,14,-37,11,-45,12,-44,11,-42,12,-42,10,-42,12,-43,10,-51,8,-52,10,-55,6,-52,6,-50,6,-58,3,-54,2,-58,0,-59,2,-60,2,-56,-2,-59,-2,-63,-1,-59,-5,-63,-5,-65,-10,-61,-11,-67,-11,-63,-12,-65,-13,-60,-16,-63,-18,-70,-25,-70,-16,-69,-19,-59,-23,-75,-30,-73,-27,-74,-21,-71,-25,-74,-26,-75,0,0]"
CSI_DATA,122,2a:00:00:00:00:00,-38,11,1,0,1,1,1,0,0,0,1,-96,0,11,2,1889733,0,44,0,384,0,"[0,0,0,0,0,0,0,0,0,0,0,0,12,6,12,6,11,6,12,6,11,6,11,5,11,5,10,4,10,4,10,4,10,4,10,4,9,3,9,3,9,3,9,2,10,2,9,1,9,1,9,1,9,1,9,1,9,1,9,0,9,1,9,0,0,0,9,0,9,1,9,1,9,0,8,1,9,1,8,1,8,1,8,1,8,1,8,2,7,2,7,2,7,2,6,2,6,3,5,3,5,3,5,3,4,3,4,3,4,3,3,4,3,3,2,4,2,4,0,0,0,0,0,0,0,0,0,0,0,0,0,0,-12,-81,-9,-75,-11,-77,-11,-72,-15,-75,-15,-73,-14,-76,-9,-77,-8,-70,-11,-68,-12,-65,-14,-61,-11,-61,-11,-58,-7,-59,-14,-60,-15,-56,-15,-57,-13,-55,-23,-52,-20,-50,-21,-44,-24,-46,-25,-43,-25,-47,-19,-44,-24,-43,-22,-48,-26,-42,-31,-43,-27,-45,-27,-44,-26,-43,-28,-40,-22,-41,-22,-43,-25,-46,-26,-40,-23,-40,-19,-42,-20,-39,-17,-41,-14,-43,-9,-43,-12,-39,-7,-35,-9,-41,-6,-39,-8,-38,-4,-36,-1,-33,-1,-29,2,-32,6,-26,6,-34,11,-22,8,-21,0,0,0,0,0,0,0,0,0,0,0,0,0,0,0,0,0,0,0,0,0,0,18,20,20,19,18,21,21,23,23,21,21,20,20,17,24,20,24,18,26,21,22,20,24,19,32,18,31,24,31,19,30,22,33,17,30,19,37,13,41,19,38,16,48,21,39,20,38,23,44,24,43,17,40,23,44,19,47,21,53,21,50,16,54,20,52,16,55,17,55,9,61,16,56,13,57,15,59,11,59,14,63,10,62,13,66,6,67,3,64,3,64,-14,64,-5,66,-5,75,-7,71,-7,76,0,73,-5,78,-3,71,-6,81,-1,78,-11,82,-11,0,0]"
CSI_DATA,123,2a:00:00:00:00:00,-38,11,1,0,1,1,1,0,0,0,1,-96,0,11,2,1899404,0,44,0,384,0,"[0,0,0,0,0,0,0,0,0,0,0,0,7,-12,7,-12,6,-12,6,-12,6,-11,6,-11,5,-11,5,-11,5,-10,5,-10,5,-10,5,-10,4,-10,3,-10,3,-10,3,-10,3,-10,2,-10,2,-10,1,-9,1,-9,1,-10,2,-9,1,-9,1,-9,1,-9,0,0,1,-9,1,-9,1,-9,1,-9,1,-9,1,-9,1,-9,1,-9,2,-9,2,-8,2,-8,2,-8,3,-7,3,-7,3,-7,3,-6,3,-6,3,-6,3,-5,4,-5,3,-4,3,-4,4,-4,4,-3,4,-3,4,-2,0,0,0,0,0,0,0,0,0,0,0,0,0,0,-80,17,-77,24,-77,20,-74,18,-78,18,-76,16,-71,17,-66,17,-67,18,-70,18,-67,21,-62,17,-58,23,-60,13,-58,21,-57,20,-55,20,-52,20,-47,22,-49,24,-49,26,-46,27,-47,23,-44,29,-41,25,-42,24,-42,28,-39,26,-40,30,-43,31,-42,29,-43,28,-43,29,-38,32,-42,29,-46,22,-35,27,-43,25,-40,23,-40,23,-43,23,-41,18,-43,18,-39,17,-43,7,-43,14,-41,5,-36,6,-37,2,-36,5,-36,3,-36,1,-30,-3,-30,-3,-27,-14,-27,-7,-23,-11,0,0,0,0,0,0,0,0,0,0,0,0,0,0,0,0,0,0,0,0,0,0,12,-29,13,-26,12,-24,14,-26,12,-23,12,-26,15,-27,13,-29,10,-33,12,-28,16,-30,14,-34,14,-36,13,-34,9,-37,16,-36,16,-35,10,-38,9,-42,13,-38,13,-41,5,-42,11,-49,9,-44,11,-45,11,-49,8,-48,7,-51,11,-53,11,-56,7,-53,12,-56,8,-58,3,-55,6,-59,1,-59,-1,-63,2,-60,-3,-56,-3,-62,-2,-61,-7,-69,-1,-65,-4,-67,-7,-67,-16,-68,-13,-67,-15,-69,-16,-67,-6,-72,-20,-73,-18,-73,-19,-75,-16,-77,-21,-79,-26,-79,-26,-73,0,0]"
CSI_DATA,124,2a:00:00:00:00:00,-38,11,1,0,1,1,1,0,0,0,1,-96,0,11,2,1909420,0,44,0,384,0,"[0,0,0,0,0,0,0,0,0,0,0,0,5,-13,5,-13,4,-13,5,-13,4,-13,4,-12,4,-12,4,-11,3,-11,3,-11,3,-11,3,-11,2,-11,2,-10,2,-10,2,-11,1,-10,1,-10,0,-10,0,-10,0,-10,0,-10,0,-10,0,-10,0,-10,0,-10,0,0,0,-10,-1,-10,-1,-10,0,-10,0,-9,0,-9,0,-9,0,-9,1,-9,1,-9,1,-9,1,-8,2,-8,2,-8,2,-8,2,-7,2,-7,3,-6,3,-6,3,-6,3,-5,3,-5,3,-4,3,-4,3,-3,3,-3,0,0,0,0,0,0,0,0,0,0,0,0,0,0,-74,11,-76,15,-69,15,-76,12,-73,15,-70,7,-70,16,-68,13,-69,14,-66,15,-66,12,-65,10,-61,15,-58,17,-55,14,-56,19,-56,17,-47,22,-51,16,-48,24,-49,23,-44,18,-41,21,-41,24,-39,18,-44,24,-43,26,-40,27,-41,29,-41,28,-39,25,-40,27,-41,27,-41,25,-39,22,-38,22,-42,23,-41,21,-41,21,-42,17,-41,21,-42,17,-38,14,-35,15,-40,11,-36,8,-39,11,-37,6,-32,3,-31,0,-32,-2,-33,-2,-31,-4,-32,-6,-29,-5,-29,-7,-21,-9,0,0,0,0,0,0,0,0,0,0,0,0,0,0,0,0,0,0,0,0,0,0,11,-29,14,-24,10,-23,14,-24,11,-26,14,-25,14,-27,15,-29,14,-29,11,-26,12,-28,10,-33,13,-33,14,-35,11,-32,13,-37,12,-39,12,-39,13,-40,10,-39,9,-44,10,-41,16,-45,12,-47,11,-45,10,-45,8,-47,9,-48,10,-49,7,-51,6,-50,10,-50,7,-55,7,-58,8,-56,9,-59,6,-58,1,-57,-1,-61,0,-55,-1,-61,-2,-67,-3,-69,-10,-63,-3,-65,-2,-67,-4,-71,-9,-69,-10,-70,-19,-69,-16,-64,-18,-73,-14,-76,-15,-76,-23,-73,-19,-80,-17,-78,0,0]"
CSI_DATA,125,2a:00:00:00:00:00,-38,11,1,0,1,1,1,0,0,0,1,-96,0,11,2,1930294,0,44,0,384,0,"[0,0,0,0,0,0,0,0,0,0,0,0,7,-13,7,-13,6,-13,6,-12,6,-12,6,-12,6,-12,5,-11,5,-11,5,-11,5,-11,4,-11,4,-11,4,-10,3,-10,3,-11,3,-10,3,-10,2,-10,2,-10,2,-10,1,-10,2,-10,1,-10,1,-10,1,-10,0,0,1,-10,1,-10,1,-10,1,-10,1,-9,1,-10,1,-9,2,-9,2,-9,2,-9,3,-9,2,-8,3,-8,3,-7,3,-7,3,-7,3,-6,4,-6,4,-5,4,-5,4,-5,4,-4,4,-4,4,-3,4,-3,4,-2,0,0,0,0,0,0,0,0,0,0,0,0,0,0,-71,29,-71,29,-64,28,-71,27,-71,26,-72,33,-64,29,-67,32,-54,28,-61,27,-63,29,-59,24,-56,29,-50,25,-51,27,-48,27,-49,31,-45,27,-47,31,-45,25,-44,32,-43,27,-35,30,-41,32,-40,28,-36,30,-39,32,-32,40,-36,27,-37,33,-41,33,-38,31,-33,33,-35,29,-34,32,-35,27,-37,27,-39,28,-38,26,-37,25,-42,26,-37,19,-37,17,-36,20,-37,14,-38,16,-38,16,-34,12,-38,11,-31,6,-32,6,-33,0,-33,1,-30,-1,-26,-2,-25,-4,-24,-7,0,0,0,0,0,0,0,0,0,0,0,0,0,0,0,0,0,0,0,0,0,0,5,-27,3,-25,3,-27,7,-29,6,-28,5,-28,8,-30,11,-29,11,-28,8,-30,8,-31,8,-32,2,-37,3,-37,9,-38,10,-33,4,-39,1,-39,2,-40,5,-42,3,-43,3,-40,5,-46,3,-43,1,-44,1,-50,1,-49,0,-55,-2,-53,-2,-54,-1,-55,0,-52,-2,-53,-1,-59,-7,-59,-10,-59,-4,-61,-13,-62,-13,-57,-14,-57,-14,-61,-15,-60,-18,-65,-21,-61,-15,-62,-21,-63,-22,-72,-27,-65,-22,-65,-26,-66,-25,-64,-27,-69,-31,-71,-30,-67,-32,-72,-31,-74,-29,-71,0,0]"
CSI_DATA,126,2a:00:00:00:00:00,-38,11,1,0,1,1,1,0,0,0,1,-96,0,11,2,1939431,0,44,0,384,0,"[0,0,0,0,0,0,0,0,0,0,0,0,8,-11,8,-11,7,-11,7,-11,7,-11,7,-10,7,-10,6,-10,6,-10,5,-10,5,-10,5,-10,4,-10,4,-10,4,-9,4,-10,3,-9,3,-9,2,-9,3,-9,3,-9,2,-9,2,-9,1,-9,2,-10,2,-9,0,0,2,-9,2,-9,2,-9,2,-9,2,-9,2,-9,2,-9,2,-9,3,-8,3,-8,3,-8,3,-7,3,-7,3,-7,4,-6,4,-6,3,-6,3,-5,4,-5,4,-4,4,-4,4,-4,4,-3,3,-3,4,-2,4,-2,0,0,0,0,0,0,0,0,0,0,0,0,0,0,-76,-5,-81,-4,-71,-2,-77,-3,-79,-6,-74,-8,-73,-1,-66,-5,-68,-6,-70,-6,-67,-4,-66,-1,-67,-1,-61,2,-62,-5,-58,0,-61,4,-55,4,-56,5,-52,6,-53,11,-53,10,-45,8,-45,9,-47,12,-51,13,-50,13,-49,15,-42,15,-53,16,-47,15,-48,14,-52,13,-45,15,-47,15,-41,8,-44,15,-44,9,-46,8,-48,10,-47,6,-47,4,-41,3,-37,-3,-39,0,-42,-3,-37,-2,-33,-4,-30,-6,-32,-8,-33,-10,-29,-9,-28,-9,-23,-13,-23,-12,-22,-14,-23,-15,0,0,0,0,0,0,0,0,0,0,0,0,0,0,0,0,0,0,0,0,0,0,18,-19,21,-19,21,-20,22,-15,20,-17,22,-24,21,-19,20,-24,21,-17,20,-24,27,-29,22,-24,23,-25,23,-25,24,-33,22,-29,24,-31,26,-31,22,-33,25,-30,25,-32,25,-40,28,-37,26,-40,29,-40,25,-42,31,-41,27,-45,29,-46,24,-44,25,-47,26,-45,24,-47,27,-51,24,-55,26,-50,22,-56,20,-58,23,-57,17,-60,20,-57,19,-60,17,-62,17,-66,14,-62,16,-66,10,-67,11,-67,10,-64,14,-68,9,-71,9,-78,5,-75,8,-78,6,-76,3,-74,1,-81,0,0]"
CSI_DATA,127,2a:00:00:00:00:00,-38,11,1,0,1,1,1,0,0,0,1,-96,0,11,2,1949421,0,44,0,384,0,"[0,0,0,0,0,0,0,0,0,0,0,0,11,-9,10,-9,10,-9,10,-8,10,-9,9,-8,9,-8,9,-8,8,-8,8,-8,9,-8,8,-8,7,-8,7,-8,6,-7,7,-8,6,-8,6,-8,6,-8,5,-8,5,-8,5,-8,5,-8,5,-8,5,-8,5,-8,0,0,5,-8,5,-8,5,-8,5,-8,5,-8,5,-8,5,-8,5,-7,6,-7,6,-7,6,-6,6,-6,6,-5,5,-5,6,-5,5,-4,6,-4,5,-3,5,-3,5,-3,5,-2,5,-2,5,-1,4,-1,4,0,4,0,0,0,0,0,0,0,0,0,0,0,0,0,0,0,-80,-17,-78,-10,-77,-10,-80,-12,-80,-6,-79,-13,-69,-12,-75,-12,-70,-8,-69,-9,-73,-4,-61,-3,-66,-2,-57,-6,-66,-4,-65,-4,-61,-1,-58,1,-56,-1,-57,2,-63,5,-56,4,-49,7,-50,3,-54,9,-51,12,-52,10,-51,10,-49,12,-55,14,-53,16,-51,11,-47,10,-52,7,-44,9,-49,5,-48,6,-40,10,-49,8,-51,7,-49,3,-45,-4,-45,1,-41,0,-44,-4,-39,-2,-39,-9,-39,-4,-31,-7,-30,-9,-32,-11,-31,-10,-27,-14,-25,-16,-23,-16,-22,-18,-21,-19,0,0,0,0,0,0,0,0,0,0,0,0,0,0,0,0,0,0,0,0,0,0,20,-18,22,-20,22,-18,27,-20,22,-21,24,-19,21,-18,21,-24,22,-26,19,-23,26,-26,23,-24,25,-28,25,-23,25,-31,26,-26,28,-29,25,-33,24,-31,27,-34,25,-36,35,-36,25,-40,28,-37,28,-37,30,-41,30,-43,28,-48,30,-42,30,-43,31,-48,31,-47,26,-46,34,-50,30,-51,30,-53,25,-56,26,-55,22,-57,32,-58,20,-63,24,-58,27,-64,24,-65,20,-67,7,-65,16,-68,15,-74,14,-76,11,-70,17,-72,15,-78,13,-80,13,-73,22,-73,12,-80,12,-80,0,0]"
CSI_DATA,128,2a:00:00:00:00:00,-38,11,1,0,1,1,1,0,0,0,1,-96,0,11,2,1969417,0,44,0,384,0,"[0,0,0,0,0,0,0,0,0,0,0,0,13,-5,12,-6,12,-6,12,-5,11,-5,11,-5,11,-5,11,-5,10,-5,9,-6,10,-6,9,-6,9,-6,8,-6,8,-6,8,-6,8,-6,8,-6,7,-6,7,-6,7,-6,7,-7,7,-6,6,-7,7,-7,7,-7,0,0,7,-7,7,-7,7,-7,7,-6,7,-6,6,-6,7,-6,6,-5,7,-5,7,-5,7,-5,7,-4,7,-4,6,-3,7,-3,6,-3,6,-2,6,-2,6,-1,6,-1,6,-1,5,0,5,0,5,0,4,1,4,1,0,0,0,0,0,0,0,0,0,0,0,0,0,0,-69,-38,-70,-40,-67,-41,-67,-39,-67,-43,-64,-39,-61,-36,-63,-39,-61,-33,-63,-32,-63,-34,-60,-32,-58,-27,-51,-26,-51,-26,-57,-24,-55,-20,-51,-20,-54,-19,-54,-16,-54,-18,-51,-16,-52,-9,-49,-18,-43,-15,-48,-16,-50,-10,-53,-3,-50,-11,-46,-10,-51,-5,-57,-9,-48,-10,-48,-11,-51,-13,-48,-11,-43,-12,-45,-18,-51,-10,-51,-13,-45,-17,-45,-18,-41,-18,-42,-18,-39,-21,-33,-19,-34,-22,-32,-16,-30,-21,-27,-25,-22,-22,-24,-23,-20,-24,-17,-22,-18,-26,-14,-23,-14,-21,0,0,0,0,0,0,0,0,0,0,0,0,0,0,0,0,0,0,0,0,0,0,24,-13,24,-15,27,-12,27,-10,27,-15,26,-7,24,-11,24,-14,33,-11,29,-14,30,-14,26,-16,31,-16,34,-19,27,-16,30,-21,31,-23,36,-25,33,-22,35,-29,40,-24,42,-24,39,-28,39,-29,41,-26,43,-31,42,-27,45,-37,41,-30,48,-29,40,-37,46,-41,45,-32,45,-37,45,-38,44,-44,42,-42,45,-41,38,-45,46,-48,41,-49,43,-53,45,-53,40,-50,37,-57,32,-59,39,-58,40,-58,41,-63,36,-54,39,-61,37,-73,39,-70,37,-66,38,-68,39,-65,37,-72,0,0]"
CSI_DATA,129,2a:00:00:00:00:00,-38,11,1,0,1,1,1,0,0,0,1,-96,0,11,2,1979422,0,44,0,384,0,"[0,0,0,0,0,0,0,0,0,0,0,0,13,-4,13,-4,12,-4,12,-3,11,-4,12,-4,11,-4,11,-4,11,-4,10,-4,11,-4,10,-5,9,-5,9,-4,9,-5,9,-5,8,-5,8,-5,8,-6,7,-6,7,-5,7,-6,7,-6,7,-6,7,-6,7,-6,0,0,7,-6,7,-6,7,-6,7,-6,7,-6,7,-6,7,-6,7,-5,7,-5,7,-5,7,-4,7,-4,7,-3,7,-3,7,-3,7,-3,6,-2,6,-2,6,-1,6,-1,5,-1,5,0,5,0,5,0,4,1,4,1,0,0,0,0,0,0,0,0,0,0,0,0,0,0,-65,-46,-61,-45,-71,-47,-65,-42,-62,-42,-66,-39,-62,-39,-63,-43,-58,-35,-60,-41,-56,-38,-59,-32,-58,-28,-49,-31,-56,-33,-54,-26,-55,-27,-48,-24,-51,-20,-54,-18,-60,-20,-53,-16,-49,-18,-46,-17,-49,-17,-49,-12,-50,-10,-50,-15,-51,-13,-54,-12,-50,-8,-52,-11,-46,-14,-48,-16,-47,-13,-50,-20,-44,-10,-50,-15,-44,-18,-49,-16,-42,-17,-46,-17,-38,-27,-39,-21,-37,-21,-34,-21,-32,-19,-28,-24,-29,-23,-26,-25,-26,-29,-21,-23,-15,-20,-12,-23,-16,-27,-11,-26,-12,-21,0,0,0,0,0,0,0,0,0,0,0,0,0,0,0,0,0,0,0,0,0,0,28,-14,28,-10,26,-7,29,-10,30,-6,30,-11,26,-8,26,-14,30,-15,26,-10,35,-10,35,-19,35,-14,38,-15,33,-17,32,-18,40,-18,36,-16,36,-20,41,-17,42,-17,44,-23,42,-21,43,-24,43,-21,45,-27,42,-27,46,-34,46,-32,50,-30,45,-31,49,-28,45,-30,48,-31,48,-31,47,-37,47,-39,43,-38,48,-39,47,-41,46,-47,44,-50,43,-50,48,-49,42,-56,37,-51,40,-54,44,-57,39,-51,43,-58,45,-58,44,-60,36,-66,45,-58,49,-66,44,-63,43,-65,0,0]"
CSI_DATA,130,2a:00:00:00:00:00,-38,11,1,0,1,1,1,0,0,0,1,-96,0,11,2,1990667,0,44,0,384,0,"[0,0,0,0,0,0,0,0,0,0,0,0,9,9,9,9,9,9,9,9,8,8,9,8,8,8,9,7,8,7,8,7,8,7,9,6,9,6,8,5,8,5,8,5,8,4,8,4,9,4,8,4,8,4,8,3,8,3,8,3,8,3,9,3,0,0,9,3,8,3,8,3,8,3,8,3,8,4,8,3,8,3,7,4,7,4,7,4,6,4,6,4,6,5,5,5,5,4,5,5,4,5,3,5,3,5,3,5,2,5,2,5,1,4,1,4,1,4,0,0,0,0,0,0,0,0,0,0,0,0,0,0,8,-74,13,-72,6,-80,1,-73,6,-73,6,-70,5,-73,2,-71,4,-70,4,-63,-5,-70,-5,-63,1,-62,-4,-62,0,-61,-7,-60,-2,-57,-5,-52,-9,-59,-9,-51,-11,-52,-14,-48,-13,-54,-14,-53,-13,-50,-16,-49,-19,-47,-16,-45,-16,-48,-20,-49,-19,-48,-18,-51,-17,-46,-18,-51,-16,-41,-18,-47,-17,-48,-14,-50,-14,-50,-12,-43,-12,-46,-8,-51,-5,-44,0,-50,-3,-46,-5,-35,2,-42,-1,-38,9,-36,4,-39,8,-39,8,-31,14,-28,13,-28,9,-28,12,-25,17,-21,0,0,0,0,0,0,0,0,0,0,0,0,0,0,0,0,0,0,0,0,0,0,22,17,23,22,20,16,21,18,21,23,20,21,21,21,23,16,21,19,26,21,24,26,23,23,28,25,33,25,33,26,26,22,29,24,31,20,29,25,37,19,37,25,40,24,39,29,42,26,43,27,44,29,38,30,44,31,45,31,49,25,44,23,52,24,51,25,53,25,54,22,50,24,51,21,53,23,55,20,59,22,59,20,56,17,64,21,65,15,63,18,59,13,62,13,65,8,69,11,66,11,68,10,67,8,70,10,68,6,74,10,81,7,77,5,0,0]"
CSI_DATA,131,2a:00:00:00:00:00,-38,11,1,0,1,1,1,0,0,0,1,-96,0,11,2,1999685,0,44,0,384,0,"[0,0,0,0,0,0,0,0,0,0,0,0,-11,9,-10,8,-10,9,-10,8,-10,8,-9,8,-9,8,-9,8,-8,8,-8,8,-8,8,-8,8,-7,7,-7,7,-7,7,-7,8,-6,8,-6,8,-5,8,-5,8,-5,8,-5,8,-5,8,-5,8,-5,8,-5,8,0,0,-5,8,-4,8,-5,8,-5,8,-5,8,-5,8,-5,8,-5,7,-5,7,-6,7,-6,6,-6,6,-6,6,-6,5,-6,5,-6,4,-6,4,-6,4,-6,3,-6,3,-6,2,-6,2,-6,1,-6,1,-6,0,-5,0,0,0,0,0,0,0,0,0,0,0,0,0,0,0,76,-13,75,-13,75,-20,79,-21,74,-20,69,-16,71,-16,68,-23,61,-21,66,-18,62,-21,65,-17,56,-21,62,-17,56,-24,50,-23,51,-19,48,-21,50,-23,46,-26,45,-29,42,-29,44,-27,38,-28,44,-24,36,-26,43,-31,41,-27,44,-28,39,-34,41,-35,43,-34,38,-29,43,-34,42,-32,38,-25,42,-26,36,-33,47,-22,41,-24,43,-26,41,-24,44,-17,42,-20,40,-15,43,-12,43,-15,38,-5,36,-7,34,-7,38,-5,37,1,31,1,26,7,28,5,23,7,24,8,0,0,0,0,0,0,0,0,0,0,0,0,0,0,0,0,0,0,0,0,0,0,-14,25,-9,27,-16,28,-11,28,-15,30,-16,30,-16,23,-16,28,-12,31,-16,26,-14,33,-13,33,-13,36,-13,34,-13,33,-12,35,-11,41,-12,38,-14,41,-12,41,-9,44,-13,44,-16,49,-17,47,-13,47,-12,49,-14,50,-15,52,-7,56,-9,54,-7,51,-6,55,-8,58,-7,52,-19,59,-8,62,-4,62,-4,60,-5,62,-3,65,-1,60,2,68,3,69,2,66,7,66,8,69,10,65,5,70,3,66,10,65,10,68,19,73,15,74,15,75,18,75,15,72,16,69,0,0]"
CSI_DATA,132,2a:00:00:00:00:00,-38,11,1,0,1,1,1,0,0,0,1,-96,0,11,2,2019420,0,44,0,384,0,"[0,0,0,0,0,0,0,0,0,0,0,0,13,2,13,2,13,1,13,2,12,1,12,1,12,1,12,1,12,1,11,0,11,0,11,-1,10,0,10,-1,10,-1,10,-1,10,-2,10,-2,9,-2,9,-2,9,-2,9,-3,9,-2,9,-3,9,-3,9,-3,0,0,9,-3,9,-3,9,-3,9,-3,9,-2,9,-2,9,-2,9,-2,9,-2,9,-2,9,-2,8,-1,8,0,8,0,8,0,8,0,7,1,7,1,7,1,6,1,6,2,5,2,5,2,4,2,4,3,3,3,0,0,0,0,0,0,0,0,0,0,0,0,0,0,-42,-66,-34,-63,-39,-64,-42,-61,-40,-64,-37,-62,-41,-59,-36,-58,-32,-57,-37,-52,-32,-60,-36,-53,-33,-48,-35,-47,-32,-44,-40,-41,-36,-43,-39,-44,-40,-40,-36,-37,-48,-32,-40,-34,-43,-35,-40,-34,-36,-34,-41,-34,-41,-32,-43,-23,-43,-30,-44,-30,-46,-24,-43,-30,-42,-29,-42,-30,-44,-28,-38,-32,-40,-33,-38,-33,-40,-31,-38,-29,-38,-31,-37,-34,-33,-31,-27,-33,-27,-33,-24,-33,-23,-33,-23,-30,-22,-29,-11,-34,-12,-32,-11,-36,-11,-33,-8,-29,-4,-30,-6,-27,-2,-29,0,0,0,0,0,0,0,0,0,0,0,0,0,0,0,0,0,0,0,0,0,0,17,4,22,4,24,6,24,7,23,8,26,2,25,8,25,0,25,2,33,0,30,4,29,5,34,3,37,7,37,0,39,0,34,0,37,0,40,3,38,1,44,3,44,-2,45,1,42,-3,48,-3,42,-2,49,0,49,-7,52,-3,48,-3,52,-4,52,-3,53,-7,56,-5,54,-8,54,-7,57,-14,61,-13,59,-15,60,-18,57,-16,59,-23,56,-17,59,-24,55,-19,51,-28,62,-24,62,-31,63,-24,60,-32,59,-33,62,-43,57,-31,56,-34,63,-36,61,-37,64,-40,0,0]"
CSI_DATA,133,2a:00:00:00:00:00,-38,11,1,0,1,1,1,0,0,0,1,-96,0,11,2,2039447,0,44,0,384,0,"[0,0,0,0,0,0,0,0,0,0,0,0,14,-1,13,-1,13,-1,13,0,13,0,12,0,12,-1,12,-1,12,-1,11,-1,11,-1,11,-2,11,-2,10,-2,10,-2,10,-3,10,-3,10,-3,9,-3,9,-3,9,-3,9,-3,9,-3,9,-4,9,-4,9,-4,0,0,9,-4,9,-4,9,-4,9,-4,9,-3,9,-3,9,-3,8,-3,9,-3,9,-3,9,-2,8,-2,8,-1,8,-1,8,-1,7,-1,7,0,7,0,7,0,6,1,6,1,5,1,5,2,5,2,4,2,4,2,0,0,0,0,0,0,0,0,0,0,0,0,0,0,-50,-63,-47,-58,-51,-60,-53,-56,-53,-48,-47,-54,-50,-56,-48,-56,-51,-51,-52,-53,-48,-47,-48,-49,-47,-48,-45,-47,-45,-39,-49,-39,-44,-40,-43,-38,-44,-35,-45,-32,-52,-33,-43,-29,-47,-29,-43,-31,-46,-26,-47,-25,-46,-26,-50,-25,-47,-19,-52,-20,-51,-23,-49,-26,-45,-17,-49,-20,-42,-23,-45,-27,-45,-23,-41,-26,-46,-28,-47,-24,-44,-27,-36,-32,-39,-31,-38,-28,-34,-30,-34,-27,-30,-31,-28,-32,-25,-32,-23,-24,-21,-33,-17,-32,-21,-28,-15,-31,-11,-31,-8,-30,-6,-29,0,0,0,0,0,0,0,0,0,0,0,0,0,0,0,0,0,0,0,0,0,0,24,2,21,0,24,4,20,0,24,1,22,-2,24,4,24,1,28,2,27,2,24,-3,32,-1,31,-5,28,-6,32,-1,31,1,33,-6,36,-4,34,-7,35,-1,41,-5,42,-9,41,-12,44,-5,45,-4,43,-10,44,-14,49,-15,51,-9,47,-14,46,-16,52,-13,53,-18,54,-15,52,-18,51,-22,48,-22,51,-24,52,-22,53,-24,56,-28,57,-33,54,-30,50,-31,52,-32,57,-38,55,-38,49,-42,58,-39,54,-38,54,-43,57,-46,55,-46,47,-48,55,-50,59,-50,66,-53,0,0]"
CSI_DATA,134,2a:00:00:00:00:00,-38,11,1,0,1,1,1,0,0,0,1,-96,0,11,2,2059440,0,44,0,384,0,"[0,0,0,0,0,0,0,0,0,0,0,0,11,7,11,7,11,7,11,7,11,6,10,6,10,5,10,5,10,5,10,5,10,5,10,5,9,4,9,4,9,4,10,3,9,3,9,3,9,2,9,2,9,2,9,2,9,1,9,2,9,2,9,1,0,0,9,1,9,1,9,1,9,1,9,2,9,1,8,2,9,2,8,2,8,3,8,3,7,3,7,3,7,3,7,3,6,4,6,4,5,4,5,4,4,4,4,4,4,4,3,4,3,4,2,4,2,4,0,0,0,0,0,0,0,0,0,0,0,0,0,0,-12,-77,-4,-77,-2,-74,-7,-73,-12,-78,-3,-70,-4,-71,-8,-69,-7,-66,-6,-64,-11,-67,-9,-63,-11,-62,-13,-62,-12,-55,-14,-60,-12,-59,-15,-53,-15,-53,-19,-55,-22,-52,-22,-54,-26,-48,-21,-49,-23,-53,-24,-51,-24,-44,-24,-47,-20,-45,-23,-44,-27,-44,-21,-44,-24,-48,-28,-45,-26,-47,-26,-50,-21,-48,-20,-43,-18,-47,-23,-41,-16,-47,-12,-47,-12,-44,-9,-45,-10,-41,-10,-41,-3,-42,-8,-43,-5,-37,-2,-37,0,-36,-2,-37,3,-34,6,-28,4,-29,12,-30,9,-24,0,0,0,0,0,0,0,0,0,0,0,0,0,0,0,0,0,0,0,0,0,0,15,11,17,11,14,15,20,8,16,12,16,15,16,13,23,11,23,11,25,14,27,13,28,12,27,10,32,17,29,18,27,17,30,13,31,14,38,14,29,16,32,19,39,19,40,16,39,20,43,18,43,20,45,20,45,18,46,15,50,17,49,22,49,18,50,18,57,17,56,15,51,14,58,9,56,8,55,10,59,15,58,10,61,7,61,9,64,5,60,0,61,5,64,4,63,-3,65,-2,70,-5,69,0,68,-7,73,-1,70,-3,77,0,76,-4,81,-7,0,0]"
CSI_DATA,135,2a:00:00:00:00:00,-37,11,1,0,1,1,1,0,0,0,1,-96,0,11,2,2079417,0,44,0,384,0,"[0,0,0,0,0,0,0,0,0,0,0,0,7,11,7,10,7,11,6,10,7,10,6,9,7,9,6,9,6,8,7,9,6,8,7,8,7,7,7,7,6,7,7,6,7,6,7,6,7,6,7,6,7,5,7,5,7,5,7,5,8,5,7,5,0,0,7,5,8,5,8,5,8,5,7,5,7,5,7,5,7,5,6,5,6,6,6,6,5,6,5,6,5,6,4,6,4,6,4,6,3,5,3,5,2,5,2,5,2,5,1,5,1,5,0,4,0,4,0,0,0,0,0,0,0,0,0,0,0,0,0,0,11,-72,10,-81,7,-72,15,-74,13,-71,9,-69,12,-71,7,-72,7,-69,8,-65,6,-67,9,-58,6,-60,2,-65,2,-61,-1,-61,-1,-61,-5,-59,-3,-57,-2,-57,-5,-55,-3,-52,-12,-49,-9,-51,-4,-53,-10,-52,-11,-48,-16,-53,-16,-51,-13,-49,-17,-52,-16,-49,-15,-52,-14,-51,-10,-54,-10,-50,-8,-50,-14,-52,-11,-52,-4,-48,-9,-49,-2,-49,-3,-47,-5,-50,2,-47,5,-43,4,-41,7,-42,13,-33,9,-38,13,-33,14,-29,14,-35,16,-26,14,-30,13,-21,15,-14,0,0,0,0,0,0,0,0,0,0,0,0,0,0,0,0,0,0,0,0,0,0,17,14,19,16,18,16,14,15,20,17,17,20,18,21,20,20,19,18,21,20,25,25,27,22,26,22,27,22,25,21,25,25,25,26,26,25,29,22,34,30,28,30,33,31,34,29,38,25,34,31,37,27,36,25,37,26,41,27,46,26,45,26,44,27,41,28,47,31,44,27,47,27,49,23,47,28,53,27,54,21,51,23,54,18,56,22,61,18,55,20,57,20,56,19,60,19,63,12,63,17,70,12,66,13,66,13,70,16,76,8,72,12,76,14,0,0]"
CSI_DATA,136,2a:00:00:00:00:00,-38,11,1,0,1,1,1,0,0,0,1,-96,0,11,2,2089433,0,44,0,384,0,"[0,0,0,0,0,0,0,0,0,0,0,0,6,11,6,11,7,11,6,12,6,11,6,11,6,10,6,10,6,10,6,9,6,9,6,9,6,8,6,8,6,8,7,7,7,7,7,7,7,7,7,7,7,7,7,6,7,6,7,6,7,6,7,6,0,0,7,6,7,6,7,6,7,5,7,6,7,6,6,6,6,6,6,6,6,6,6,6,5,6,5,6,5,6,4,6,4,6,3,6,3,6,2,6,2,5,1,5,1,5,0,5,0,5,0,5,-1,4,0,0,0,0,0,0,0,0,0,0,0,0,0,0,22,-81,18,-79,22,-75,26,-74,21,-74,22,-72,17,-74,22,-68,19,-65,17,-67,14,-66,18,-66,12,-65,12,-65,13,-60,7,-60,6,-60,6,-60,8,-59,5,-56,9,-58,4,-55,1,-52,3,-49,-3,-56,-2,-54,-5,-55,-8,-54,-9,-51,-8,-50,-4,-55,-5,-55,-5,-49,-1,-54,-3,-44,6,-48,-1,-51,-5,-44,-1,-50,1,-48,1,-49,3,-46,1,-48,5,-47,8,-43,7,-40,13,-42,13,-40,16,-35,14,-34,13,-30,20,-33,15,-27,20,-27,14,-25,24,-22,23,-19,0,0,0,0,0,0,0,0,0,0,0,0,0,0,0,0,0,0,0,0,0,0,14,21,14,19,13,26,15,27,15,25,11,20,11,24,13,27,16,24,18,21,15,23,14,24,20,24,20,29,22,32,20,30,22,31,18,31,23,30,27,34,30,31,31,36,26,31,32,32,32,34,27,31,33,30,31,36,37,32,36,38,37,35,38,35,40,32,41,37,43,37,41,35,44,29,43,34,45,32,50,33,58,31,50,28,58,27,57,23,51,22,62,21,58,22,60,26,64,26,68,22,64,21,67,24,74,24,65,24,70,20,72,25,77,19,0,0]"
CSI_DATA,137,2a:00:00:00:00:00,-38,11,1,0,1,1,1,0,0,0,1,-96,0,11,2,2099452,0,44,0,384,0,"[0,0,0,0,0,0,0,0,0,0,0,0,7,12,7,11,7,12,7,11,7,11,6,11,7,10,6,10,7,9,6,9,6,9,7,9,7,8,6,8,6,8,7,7,7,6,7,7,7,6,7,6,7,6,7,6,7,6,7,5,7,6,7,5,0,0,7,5,7,5,7,5,7,5,7,5,7,5,7,5,6,5,6,5,6,6,6,6,5,6,5,6,4,6,4,6,4,5,4,6,3,5,3,5,2,5,1,5,1,5,1,5,0,5,0,4,0,4,0,0,0,0,0,0,0,0,0,0,0,0,0,0,13,-78,10,-82,9,-83,14,-75,14,-73,12,-73,5,-71,15,-74,10,-67,9,-68,10,-68,6,-63,3,-67,2,-60,10,-57,3,-63,5,-60,-1,-58,1,-55,0,-56,-4,-60,-1,-55,-5,-55,-8,-54,-6,-52,-4,-54,-6,-50,-7,-52,-4,-53,-9,-50,-8,-49,-5,-52,-12,-48,-10,-49,-14,-49,-7,-48,-8,-50,-9,-46,-3,-49,-6,-51,-2,-48,4,-46,3,-43,4,-43,4,-42,5,-39,5,-40,5,-39,11,-34,8,-33,16,-33,15,-31,12,-29,15,-22,19,-25,19,-21,19,-19,0,0,0,0,0,0,0,0,0,0,0,0,0,0,0,0,0,0,0,0,0,0,16,19,16,24,16,17,15,19,15,22,18,22,17,20,16,22,16,22,20,23,19,23,21,21,21,23,21,20,25,29,25,21,23,22,24,27,30,26,29,23,31,27,33,21,34,26,33,26,37,26,35,29,40,27,40,30,41,29,45,24,40,29,50,28,48,27,45,24,51,26,48,25,51,18,54,23,54,18,57,22,61,20,57,20,61,19,63,13,63,22,57,10,60,12,66,16,71,13,70,13,75,15,70,10,71,15,67,14,71,14,81,12,81,13,0,0]"
CSI_DATA,138,2a:00:00:00:00:00,-38,11,1,0,1,1,1,0,0,0,1,-96,0,11,2,2109413,0,44,0,384,0,"[0,0,0,0,0,0,0,0,0,0,0,0,-3,13,-3,13,-3,14,-3,13,-3,13,-3,12,-3,12,-2,12,-2,11,-2,12,-2,11,-1,11,-1,11,-1,10,-1,10,-1,10,0,10,0,10,1,10,1,9,1,9,1,9,1,9,1,9,1,9,1,9,0,0,1,9,1,9,1,9,1,9,1,9,1,9,1,9,0,9,0,9,0,9,-1,8,-1,8,-1,8,-1,7,-2,7,-2,7,-3,7,-2,6,-3,6,-3,5,-3,5,-3,5,-4,4,-4,4,-4,3,-4,2,0,0,0,0,0,0,0,0,0,0,0,0,0,0,65,-43,70,-39,66,-45,69,-42,73,-49,65,-42,61,-43,59,-42,63,-36,56,-40,60,-38,54,-35,57,-41,52,-41,51,-37,43,-42,45,-40,42,-44,37,-39,39,-40,39,-38,38,-42,31,-38,36,-41,33,-42,33,-40,33,-43,32,-41,28,-43,28,-48,33,-46,32,-45,31,-42,26,-47,28,-40,29,-39,32,-41,29,-39,35,-37,33,-38,34,-35,37,-31,34,-34,33,-32,31,-26,39,-27,32,-22,34,-18,35,-19,31,-16,33,-15,31,-11,32,-12,31,-7,27,-6,26,-9,28,3,0,0,0,0,0,0,0,0,0,0,0,0,0,0,0,0,0,0,0,0,0,0,-7,24,-4,25,-8,23,-5,22,-11,28,-6,22,-4,28,-9,32,-3,32,-2,33,-8,27,0,27,-2,36,-4,33,-9,37,-2,34,-4,40,1,35,5,34,2,43,11,39,0,42,-1,41,4,44,1,43,8,44,7,51,8,48,4,51,6,48,8,52,12,54,8,51,7,55,15,54,13,61,15,61,18,61,26,53,25,62,24,59,21,61,21,64,32,56,23,58,33,66,31,62,36,59,27,66,38,65,40,65,43,61,35,66,40,68,38,65,43,67,47,67,0,0]"
CSI_DATA,139,2a:00:00:00:00:00,-38,11,1,0,1,1,1,0,0,0,1,-96,0,11,2,2119403,0,44,0,384,0,"[0,0,0,0,0,0,0,0,0,0,0,0,-7,12,-7,12,-7,12,-7,12,-6,11,-7,11,-6,11,-6,11,-6,11,-5,10,-5,10,-5,10,-4,10,-4,10,-4,10,-4,10,-4,10,-3,9,-3,10,-3,9,-3,9,-2,10,-2,9,-2,9,-2,9,-2,9,0,0,-2,10,-2,9,-2,9,-2,9,-2,9,-2,9,-2,9,-2,8,-3,8,-3,8,-4,8,-4,7,-4,7,-4,7,-4,6,-4,6,-4,6,-5,5,-5,5,-5,4,-5,4,-5,3,-5,3,-5,2,-5,2,-5,1,0,0,0,0,0,0,0,0,0,0,0,0,0,0,75,-16,76,-15,73,-23,77,-22,68,-19,70,-21,62,-18,72,-22,64,-22,67,-19,68,-18,65,-17,62,-21,50,-18,57,-20,57,-21,56,-22,49,-25,54,-22,45,-20,53,-31,47,-20,45,-28,44,-25,44,-24,41,-21,44,-28,44,-34,37,-27,45,-31,41,-31,46,-30,40,-26,40,-31,38,-28,41,-26,41,-24,40,-20,43,-26,46,-18,40,-18,46,-17,38,-18,36,-13,40,-13,33,-10,38,-7,33,-6,36,-4,35,-1,33,1,34,3,30,4,26,5,24,8,27,4,23,6,0,0,0,0,0,0,0,0,0,0,0,0,0,0,0,0,0,0,0,0,0,0,-8,23,-12,22,-9,26,-14,21,-14,26,-10,25,-17,19,-9,21,-16,27,-10,22,-11,29,-14,27,-11,30,-16,30,-14,29,-16,31,-14,32,-6,30,-5,37,-21,41,-15,38,-6,37,-10,41,-15,43,-11,46,-9,46,-9,47,-8,49,-13,46,-4,49,-7,50,-5,49,-7,50,0,46,-6,58,-4,51,-5,52,5,58,1,55,5,57,3,61,9,62,6,65,8,60,9,65,12,60,8,66,12,61,11,64,14,64,20,64,22,72,22,74,16,73,22,68,24,74,23,74,0,0]"
CSI_DATA,140,2a:00:00:00:00:00,-38,11,1,0,1,1,1,0,0,0,1,-96,0,11,2,2139408,0,44,0,384,0,"[0,0,0,0,0,0,0,0,0,0,0,0,-11,9,-11,9,-10,10,-10,9,-10,9,-10,9,-10,9,-9,9,-9,8,-8,8,-8,8,-8,9,-7,8,-7,8,-7,8,-7,8,-6,8,-6,8,-5,8,-5,8,-5,8,-5,8,-5,8,-5,8,-5,8,-5,8,0,0,-5,8,-5,8,-5,8,-5,8,-5,8,-5,8,-5,8,-5,7,-6,7,-6,7,-6,7,-6,6,-6,6,-6,5,-6,5,-6,5,-6,4,-6,3,-6,3,-6,3,-6,2,-6,2,-5,1,-5,1,-5,1,-5,0,0,0,0,0,0,0,0,0,0,0,0,0,0,0,73,26,77,25,80,22,74,23,84,20,76,22,75,20,70,22,73,14,67,21,70,13,65,14,65,13,56,17,61,10,59,5,63,5,60,8,56,2,57,2,59,-1,60,-2,53,-2,54,-5,49,-1,55,-3,52,-4,55,-7,50,-6,54,-9,54,-11,50,-13,45,-11,44,-8,51,-10,46,-3,47,-6,53,-5,52,1,48,-2,47,4,51,0,49,2,42,6,38,3,40,1,38,3,39,9,33,12,36,12,31,14,27,17,27,14,24,14,19,18,20,14,19,21,0,0,0,0,0,0,0,0,0,0,0,0,0,0,0,0,0,0,0,0,0,0,-25,15,-24,6,-25,11,-25,6,-31,12,-25,9,-28,11,-32,13,-27,14,-27,12,-29,15,-28,18,-35,17,-32,16,-33,17,-34,17,-33,18,-34,23,-32,24,-36,19,-36,17,-37,30,-39,30,-32,27,-36,26,-38,33,-40,34,-38,33,-37,35,-34,37,-39,39,-31,38,-35,39,-36,38,-38,44,-39,45,-38,48,-35,49,-37,51,-36,48,-34,50,-28,57,-34,52,-33,57,-27,60,-22,62,-25,62,-24,61,-26,71,-29,64,-23,68,-21,72,-27,74,-24,70,-17,71,-28,68,-25,73,0,0]"
CSI_DATA,141,2a:00:00:00:00:00,-38,11,1,0,1,1,1,0,0,0,1,-96,0,11,2,2149412,0,44,0,384,0,"[0,0,0,0,0,0,0,0,0,0,0,0,-13,7,-12,7,-12,7,-12,7,-12,7,-11,7,-11,6,-11,7,-11,7,-10,7,-10,7,-9,7,-9,7,-8,7,-8,7,-8,7,-8,7,-8,7,-7,7,-7,7,-7,7,-7,7,-7,7,-6,7,-6,7,-6,8,0,0,-6,8,-6,7,-6,7,-6,7,-6,7,-6,7,-6,6,-6,6,-7,6,-7,6,-7,6,-6,5,-7,5,-7,4,-7,4,-7,4,-7,3,-6,3,-6,2,-6,2,-6,1,-6,1,-6,0,-5,0,-5,0,-5,-1,0,0,0,0,0,0,0,0,0,0,0,0,0,0,77,10,74,12,77,5,77,9,74,12,73,9,70,11,66,5,65,7,66,6,67,4,61,2,63,1,59,6,61,4,58,-2,56,3,56,-1,48,-4,57,-4,56,-7,55,-8,53,-5,53,-8,43,-9,48,-6,56,-15,51,-11,47,-7,48,-13,50,-14,51,-10,49,-9,46,-10,49,-7,47,-2,44,-11,46,-4,44,-3,44,-9,45,-6,45,-5,43,6,35,1,36,11,41,1,39,5,34,8,38,7,35,11,29,9,27,11,24,14,26,17,22,14,16,16,11,15,0,0,0,0,0,0,0,0,0,0,0,0,0,0,0,0,0,0,0,0,0,0,-20,15,-21,14,-21,15,-22,16,-20,13,-19,17,-20,22,-25,18,-24,20,-21,20,-20,20,-23,15,-22,22,-28,25,-26,22,-25,29,-24,31,-27,26,-28,29,-24,32,-22,34,-26,31,-26,38,-27,33,-27,35,-21,35,-31,41,-24,40,-28,41,-29,42,-25,47,-27,45,-25,43,-25,44,-23,48,-29,51,-20,51,-24,51,-20,53,-21,56,-20,56,-18,60,-16,59,-16,58,-10,59,-14,66,-13,65,-5,72,-6,61,-11,68,-14,71,-10,68,-11,74,-8,72,-9,75,-9,75,-9,78,0,0]"
CSI_DATA,142,2a:00:00:00:00:00,-38,11,1,0,1,1,1,0,0,0,1,-96,0,11,2,2169422,0,44,0,384,0,"[0,0,0,0,0,0,0,0,0,0,0,0,-15,1,-14,1,-14,1,-14,0,-14,1,-13,1,-13,1,-13,1,-13,1,-12,1,-12,1,-12,2,-11,2,-11,2,-11,2,-11,3,-11,3,-10,3,-10,3,-10,3,-9,3,-9,3,-9,3,-9,4,-9,3,-9,4,0,0,-9,4,-9,3,-9,4,-9,4,-9,3,-9,3,-9,3,-9,3,-9,3,-9,2,-9,2,-9,1,-9,1,-8,1,-8,0,-8,0,-7,0,-7,-1,-7,-1,-6,-1,-6,-2,-6,-2,-5,-2,-5,-2,-5,-3,-4,-3,0,0,0,0,0,0,0,0,0,0,0,0,0,0,57,48,57,44,62,44,59,46,62,41,59,42,60,46,56,46,56,42,54,41,53,37,56,36,54,36,51,33,52,28,49,29,54,28,45,24,49,26,51,24,51,20,49,20,48,16,46,18,43,14,44,18,48,15,49,10,52,11,50,12,49,7,53,13,46,13,46,11,49,12,46,9,45,13,43,17,44,14,37,14,37,17,39,19,39,21,35,19,32,25,31,16,29,21,26,26,26,22,25,20,20,19,19,22,13,25,15,20,9,22,10,21,8,22,0,0,0,0,0,0,0,0,0,0,0,0,0,0,0,0,0,0,0,0,0,0,-26,5,-28,2,-31,6,-26,2,-30,0,-31,1,-28,5,-25,3,-29,6,-29,4,-35,9,-30,8,-35,5,-35,9,-36,6,-32,9,-37,14,-35,9,-38,13,-39,12,-38,13,-42,15,-41,15,-43,21,-42,18,-48,18,-42,22,-46,18,-42,22,-43,23,-44,25,-42,24,-50,24,-51,24,-47,31,-45,31,-48,34,-45,35,-48,35,-52,41,-47,38,-49,40,-46,47,-43,44,-47,41,-46,38,-45,51,-47,51,-48,52,-46,53,-46,58,-45,55,-42,59,-42,52,-47,61,-46,55,-51,61,0,0]"
CSI_DATA,143,2a:00:00:00:00:00,-38,11,1,0,1,1,1,0,0,0,1,-96,0,11,2,2179480,0,44,0,384,0,"[0,0,0,0,0,0,0,0,0,0,0,0,-13,6,-13,7,-12,7,-12,6,-12,6,-12,6,-12,6,-11,6,-11,6,-10,6,-10,6,-10,6,-9,6,-9,6,-8,6,-9,7,-8,7,-8,6,-7,7,-7,7,-7,6,-7,7,-7,6,-6,7,-7,7,-7,7,0,0,-7,7,-6,7,-6,7,-7,7,-7,6,-6,6,-7,6,-7,6,-7,6,-7,5,-7,5,-7,4,-7,4,-7,4,-7,3,-7,3,-7,2,-7,2,-6,2,-6,1,-6,1,-6,0,-5,0,-5,0,-5,-1,-5,-1,0,0,0,0,0,0,0,0,0,0,0,0,0,0,78,5,73,10,70,7,81,8,78,13,72,6,71,6,65,11,70,7,62,9,67,7,66,3,68,8,59,3,58,2,63,-1,54,1,54,0,54,-3,55,-1,59,-8,58,-5,49,-5,51,-8,50,-4,50,-7,49,-9,46,-11,43,-11,49,-13,52,-10,50,-11,47,-11,44,-9,51,-10,45,-6,44,-6,47,-7,46,-4,42,-7,47,1,43,0,36,2,36,7,39,10,42,4,37,7,35,6,31,7,29,14,30,12,25,15,23,14,23,11,19,14,18,11,14,14,0,0,0,0,0,0,0,0,0,0,0,0,0,0,0,0,0,0,0,0,0,0,-16,20,-20,21,-19,20,-22,17,-23,19,-19,18,-17,23,-19,20,-18,23,-21,21,-19,29,-24,23,-22,26,-24,29,-25,30,-20,32,-24,30,-23,33,-23,28,-24,33,-21,29,-27,32,-25,39,-23,36,-22,36,-29,41,-24,41,-23,40,-26,42,-24,47,-22,42,-25,45,-22,45,-23,49,-19,50,-20,51,-18,54,-18,56,-18,55,-14,55,-17,55,-12,60,-14,62,-10,63,-15,60,-10,73,-9,65,-14,69,-9,67,-7,67,-7,64,-4,75,-7,74,-7,77,-6,77,-11,75,-8,74,0,0]"
CSI_DATA,144,2a:00:00:00:00:00,-38,11,1,0,1,1,1,0,0,0,1,-96,0,11,2,2191253,0,44,0,384,0,"[0,0,0,0,0,0,0,0,0,0,0,0,-13,7,-13,7,-12,7,-12,6,-12,6,-12,6,-11,6,-11,6,-11,6,-10,6,-10,6,-10,6,-9,7,-9,6,-8,6,-9,7,-8,7,-8,7,-7,7,-7,7,-7,6,-7,7,-7,7,-6,7,-6,7,-7,7,0,0,-7,7,-6,7,-6,7,-7,7,-6,6,-6,7,-7,6,-7,6,-7,6,-7,5,-7,5,-7,5,-6,4,-7,4,-7,3,-7,3,-7,3,-7,2,-6,1,-6,1,-6,1,-6,1,-5,0,-5,0,-5,0,-5,-1,0,0,0,0,0,0,0,0,0,0,0,0,0,0,76,30,77,34,75,29,75,25,73,26,70,28,70,23,64,27,67,26,71,29,65,23,68,19,66,19,59,13,66,19,62,14,58,15,56,12,52,11,57,9,55,3,56,7,51,3,51,3,51,-1,55,-3,52,5,51,0,50,0,52,-1,51,-3,51,-2,47,0,50,-2,49,1,51,-1,49,5,47,0,44,6,50,8,48,6,42,8,42,14,37,10,36,13,36,11,37,15,36,16,29,15,31,17,27,16,27,18,20,14,15,16,14,18,13,18,12,20,0,0,0,0,0,0,0,0,0,0,0,0,0,0,0,0,0,0,0,0,0,0,-27,14,-23,11,-27,12,-25,18,-24,16,-28,11,-24,13,-26,17,-28,15,-24,15,-32,16,-28,21,-26,23,-30,22,-30,19,-35,21,-30,25,-34,25,-34,24,-34,28,-31,27,-35,29,-40,28,-35,31,-35,31,-37,38,-39,37,-42,38,-38,35,-38,37,-36,41,-44,40,-42,42,-38,42,-35,44,-33,43,-32,52,-37,50,-32,51,-36,48,-33,49,-37,54,-30,61,-29,57,-28,55,-34,66,-30,66,-29,62,-25,66,-25,63,-28,67,-21,72,-30,71,-25,70,-24,70,-25,75,-24,78,0,0]"
CSI_DATA,145,2a:00:00:00:00:00,-38,11,1,0,1,1,1,0,0,0,1,-96,0,11,2,2199672,0,44,0,384,0,"[0,0,0,0,0,0,0,0,0,0,0,0,13,4,13,4,12,4,12,4,11,4,12,4,11,3,11,3,11,3,10,3,10,2,10,2,10,2,10,2,10,1,10,1,10,0,9,0,9,0,9,0,9,0,9,0,9,0,9,-1,9,0,9,0,0,0,9,-1,9,0,9,-1,9,-1,8,0,8,0,8,0,8,0,8,0,8,1,8,1,7,1,7,1,7,1,6,2,6,2,6,2,5,2,5,2,4,3,4,3,3,3,3,3,3,3,2,3,2,3,0,0,0,0,0,0,0,0,0,0,0,0,0,0,-20,-75,-21,-76,-27,-73,-29,-71,-26,-70,-27,-69,-22,-68,-20,-69,-21,-71,-23,-61,-24,-63,-26,-65,-24,-56,-21,-58,-22,-55,-26,-51,-25,-54,-29,-52,-26,-52,-29,-50,-25,-45,-29,-46,-31,-43,-28,-41,-31,-45,-29,-47,-29,-40,-32,-43,-35,-38,-32,-36,-32,-39,-32,-43,-32,-43,-29,-40,-29,-40,-25,-41,-27,-40,-32,-40,-25,-41,-22,-35,-23,-42,-21,-36,-14,-37,-15,-36,-16,-42,-12,-37,-11,-37,-12,-36,-4,-33,-1,-38,2,-30,-2,-27,2,-31,5,-26,3,-31,6,-25,4,-22,0,0,0,0,0,0,0,0,0,0,0,0,0,0,0,0,0,0,0,0,0,0,25,12,25,11,20,13,27,9,25,11,22,13,20,9,26,12,25,12,25,3,33,6,30,12,29,9,33,12,32,9,32,10,38,7,36,9,40,6,40,7,43,6,47,9,42,6,49,10,47,8,49,4,46,4,51,7,52,7,52,11,50,3,53,7,52,6,53,3,57,-3,50,-2,54,-4,55,-4,59,-6,62,-4,60,-6,59,-12,57,-12,64,-10,58,-10,61,-18,61,-15,62,-20,69,-21,67,-17,70,-22,70,-25,69,-19,70,-24,73,-23,73,-25,77,-22,0,0]"
CSI_DATA,146,2a:00:00:00:00:00,-38,11,1,0,1,1,1,0,0,0,1,-96,0,11,2,2209563,0,44,0,384,0,"[0,0,0,0,0,0,0,0,0,0,0,0,-7,12,-7,12,-6,11,-7,11,-6,11,-7,11,-6,10,-6,10,-6,10,-5,10,-5,10,-5,10,-4,10,-4,9,-4,9,-3,9,-3,9,-3,9,-2,9,-3,9,-2,9,-2,9,-2,9,-1,9,-1,9,-2,9,0,0,-2,9,-1,9,-2,9,-2,9,-2,8,-2,8,-2,8,-2,8,-3,8,-3,7,-3,7,-3,7,-3,7,-4,6,-4,6,-4,6,-4,5,-4,5,-4,4,-5,4,-4,3,-4,3,-4,3,-4,2,-4,2,-4,1,0,0,0,0,0,0,0,0,0,0,0,0,0,0,78,0,73,5,70,-4,70,4,80,2,67,3,73,0,72,4,67,-2,67,0,72,-2,63,-1,64,-3,52,-9,59,1,60,-11,55,-9,56,-11,53,-10,52,-14,52,-12,56,-10,47,-12,49,-12,44,-9,47,-13,49,-17,46,-16,46,-19,47,-19,49,-19,50,-18,41,-18,44,-17,47,-17,41,-13,45,-11,43,-14,44,-12,46,-11,45,-7,43,-5,39,-7,42,-5,35,1,38,2,40,4,38,3,32,6,34,10,26,10,26,10,27,11,23,8,23,10,20,12,16,12,0,0,0,0,0,0,0,0,0,0,0,0,0,0,0,0,0,0,0,0,0,0,-17,22,-19,21,-18,18,-22,19,-20,18,-17,18,-14,16,-15,21,-17,22,-17,23,-21,25,-21,28,-22,30,-18,33,-20,28,-17,29,-22,25,-25,31,-17,35,-22,34,-21,40,-21,38,-23,41,-22,39,-23,40,-23,44,-21,44,-23,49,-24,45,-21,50,-27,47,-22,46,-20,47,-19,48,-16,51,-20,56,-13,54,-15,54,-14,52,-16,56,-17,57,-11,64,-10,64,-9,62,-9,62,-6,67,-5,67,-3,67,-6,71,-5,72,-2,72,-7,73,-7,79,0,72,-1,74,0,74,3,77,0,0]"
CSI_DATA,147,2a:00:00:00:00:00,-38,11,1,0,1,1,1,0,0,0,1,-96,0,11,2,2223615,0,44,0,384,0,"[0,0,0,0,0,0,0,0,0,0,0,0,12,5,12,5,12,5,12,5,11,5,11,5,11,5,11,4,11,4,10,4,10,4,10,3,10,3,10,3,10,3,10,2,10,2,9,2,9,2,9,2,9,2,9,1,9,1,9,1,9,1,9,0,0,0,9,1,9,1,9,1,9,1,8,1,8,1,8,2,8,2,8,2,8,2,8,2,7,2,7,2,6,3,6,3,6,3,5,3,5,3,4,3,4,3,3,4,3,4,2,4,2,3,2,4,1,3,0,0,0,0,0,0,0,0,0,0,0,0,0,0,-34,-74,-33,-76,-31,-72,-36,-68,-37,-71,-34,-69,-30,-68,-34,-66,-31,-65,-32,-65,-32,-61,-34,-59,-35,-54,-34,-56,-29,-54,-32,-49,-32,-50,-34,-50,-30,-53,-35,-44,-36,-42,-31,-37,-40,-42,-37,-38,-41,-37,-36,-36,-37,-33,-39,-39,-38,-35,-36,-33,-39,-36,-42,-35,-40,-38,-43,-38,-37,-34,-36,-39,-38,-35,-33,-33,-38,-42,-34,-35,-29,-33,-27,-35,-27,-40,-26,-35,-20,-37,-22,-35,-14,-35,-19,-34,-13,-34,-10,-31,-10,-34,-8,-28,-7,-26,-2,-27,-4,-23,5,-24,7,-23,0,0,0,0,0,0,0,0,0,0,0,0,0,0,0,0,0,0,0,0,0,0,24,6,26,7,28,9,32,12,29,12,27,9,27,11,28,8,25,9,29,7,33,11,35,13,37,10,35,10,39,3,35,10,42,10,38,11,44,0,38,9,43,10,48,4,42,4,47,8,44,5,48,3,50,1,47,4,52,-2,56,3,51,3,59,-4,59,-4,57,-5,60,-6,57,-4,62,-5,58,-9,62,-7,62,-8,63,-15,56,-18,63,-20,67,-20,64,-22,61,-16,63,-25,68,-30,68,-29,68,-29,68,-36,68,-29,74,-34,69,-28,77,-31,70,-38,69,-33,0,0]"
CSI_DATA,148,2a:00:00:00:00:00,-38,11,1,0,1,1,1,0,0,0,1,-96,0,11,2,2239785,0,44,0,384,0,"[0,0,0,0,0,0,0,0,0,0,0,0,13,-6,12,-6,12,-6,12,-5,12,-6,11,-6,11,-6,10,-6,10,-6,10,-6,10,-6,10,-6,9,-6,8,-6,8,-6,8,-6,8,-7,8,-7,7,-6,7,-7,7,-7,6,-7,7,-7,6,-7,6,-7,6,-7,0,0,6,-7,6,-7,6,-7,6,-7,6,-6,6,-7,6,-6,6,-6,6,-6,7,-6,7,-5,6,-5,6,-4,6,-4,6,-4,6,-3,6,-3,5,-2,6,-2,5,-2,5,-1,5,-1,5,0,4,0,4,0,3,0,0,0,0,0,0,0,0,0,0,0,0,0,0,0,-80,-26,-75,-23,-74,-25,-74,-24,-75,-22,-68,-15,-71,-19,-65,-26,-70,-19,-63,-21,-66,-22,-61,-14,-62,-17,-59,-14,-58,-10,-60,-10,-56,-13,-53,-8,-50,-9,-60,-3,-61,0,-53,-6,-49,-2,-52,3,-47,-4,-48,-2,-53,1,-54,3,-47,-1,-49,-1,-47,4,-45,-3,-44,2,-48,1,-49,5,-47,0,-49,4,-46,0,-44,-3,-45,2,-48,-5,-43,-4,-41,-10,-40,-7,-36,-8,-39,-10,-30,-12,-34,-13,-30,-13,-28,-16,-23,-16,-23,-17,-23,-17,-24,-16,-16,-20,-16,-14,-11,-18,0,0,0,0,0,0,0,0,0,0,0,0,0,0,0,0,0,0,0,0,0,0,23,-13,26,-20,21,-24,19,-10,33,-15,24,-30,17,1,35,-11,11,-22,26,-16,28,-18,28,-27,11,-30,38,-31,35,-20,33,-20,27,-26,35,-20,31,-24,34,-34,31,-31,33,-27,34,-38,35,-25,40,-37,30,-37,35,-41,33,-36,37,-34,34,-41,29,-47,29,-36,35,-50,32,-38,32,-41,30,-54,31,-60,32,-52,31,-51,33,-52,32,-51,25,-56,28,-58,27,-59,24,-54,27,-64,23,-60,20,-64,24,-62,28,-67,24,-68,20,-69,22,-67,16,-78,23,-76,21,-68,21,-75,0,0]"
CSI_DATA,149,2a:00:00:00:00:00,-38,11,1,0,1,1,1,0,0,0,1,-96,0,11,2,2260503,0,44,0,384,0,"[0,0,0,0,0,0,0,0,0,0,0,0,-11,9,-10,9,-10,10,-10,9,-10,9,-9,8,-9,9,-9,9,-9,9,-8,8,-8,8,-8,8,-7,8,-7,8,-6,8,-7,8,-6,8,-6,8,-5,8,-5,8,-5,8,-5,8,-5,8,-5,8,-5,8,-5,8,0,0,-5,8,-5,8,-4,8,-5,8,-5,7,-5,7,-5,7,-5,7,-5,7,-6,6,-6,6,-6,5,-6,5,-6,5,-6,4,-6,4,-6,4,-6,3,-6,3,-5,2,-6,2,-5,2,-5,1,-5,1,-5,0,-5,0,0,0,0,0,0,0,0,0,0,0,0,0,0,0,79,1,71,-1,79,-3,72,-2,69,-6,75,-3,68,2,67,-4,63,-4,75,-1,65,-3,61,-9,62,-7,59,-7,57,-5,61,-6,51,-8,52,-9,57,-13,51,-13,51,-16,47,-18,53,-19,48,-16,41,-13,46,-16,48,-21,45,-14,45,-18,47,-17,45,-18,44,-18,45,-22,46,-21,42,-15,44,-18,38,-17,38,-15,40,-16,44,-16,43,-10,45,-10,40,-7,37,-8,34,-4,37,-5,37,0,33,-2,33,2,34,3,28,6,30,7,21,6,25,7,21,12,15,16,20,10,0,0,0,0,0,0,0,0,0,0,0,0,0,0,0,0,0,0,0,0,0,0,-19,22,-21,19,-20,19,-21,13,-20,23,-23,21,-27,22,-16,23,-19,28,-26,20,-23,25,-24,26,-24,28,-24,24,-26,25,-23,27,-26,35,-23,24,-21,31,-29,32,-21,34,-21,39,-20,36,-30,35,-29,38,-23,44,-26,38,-31,47,-25,42,-24,46,-19,44,-23,50,-20,47,-18,46,-20,52,-20,55,-16,55,-21,59,-16,54,-16,53,-18,57,-17,56,-12,63,-7,57,-10,62,2,64,-8,62,-1,70,1,67,-6,60,-4,70,-1,67,2,79,-2,74,0,72,-2,76,1,69,0,0]"
CSI_DATA,150,2a:00:00:00:00:00,-38,11,1,0,1,1,1,0,0,0,1,-96,0,11,2,2269401,0,44,0,384,0,"[0,0,0,0,0,0,0,0,0,0,0,0,13,-6,13,-6,12,-6,12,-5,12,-5,12,-5,11,-5,11,-5,11,-5,10,-5,10,-6,10,-6,9,-6,9,-6,8,-6,9,-6,8,-6,8,-6,7,-6,7,-6,7,-6,7,-6,7,-7,6,-7,7,-7,7,-7,0,0,7,-7,7,-7,7,-7,7,-7,6,-6,7,-6,7,-6,7,-5,7,-5,7,-5,7,-5,7,-4,7,-4,7,-3,7,-3,6,-3,6,-2,6,-2,6,-1,5,-1,5,-1,5,0,5,0,4,0,4,0,4,1,0,0,0,0,0,0,0,0,0,0,0,0,0,0,-62,-33,-71,-37,-70,-37,-67,-30,-75,-37,-71,-35,-70,-38,-62,-36,-66,-29,-62,-28,-58,-27,-57,-27,-59,-25,-59,-25,-59,-22,-61,-23,-55,-28,-57,-19,-52,-18,-58,-19,-55,-15,-55,-16,-49,-13,-51,-10,-53,-12,-47,-9,-52,-7,-56,-11,-52,-8,-53,-6,-50,-9,-50,-11,-50,-9,-46,-13,-50,-8,-44,-10,-46,-13,-49,-6,-48,-9,-48,-8,-45,-15,-43,-17,-39,-20,-37,-20,-35,-19,-38,-19,-32,-21,-32,-32,-29,-20,-25,-18,-24,-19,-23,-22,-17,-22,-19,-21,-12,-25,-14,-21,-11,-20,0,0,0,0,0,0,0,0,0,0,0,0,0,0,0,0,0,0,0,0,0,0,21,-10,27,-11,26,-10,22,-13,23,-14,25,-14,29,-12,27,-9,28,-18,28,-13,29,-15,29,-13,31,-14,32,-17,33,-15,35,-21,31,-21,33,-21,36,-21,37,-19,29,-24,39,-23,40,-28,37,-30,43,-27,37,-25,37,-31,40,-28,41,-31,38,-35,41,-37,39,-34,45,-38,36,-38,43,-42,40,-42,41,-49,38,-48,44,-44,39,-44,37,-47,37,-51,35,-55,34,-55,35,-56,34,-62,30,-66,29,-61,37,-63,40,-62,37,-61,35,-70,34,-67,35,-75,33,-70,35,-70,33,-70,0,0]"
CSI_DATA,151,2a:00:00:00:00:00,-38,11,1,0,1,1,1,0,0,0,1,-96,0,11,2,2279357,0,44,0,384,0,"[0,0,0,0,0,0,0,0,0,0,0,0,12,6,12,6,12,6,11,6,11,6,11,5,11,5,11,4,11,4,10,4,10,4,10,4,10,3,10,3,9,3,10,2,9,2,9,2,9,2,9,2,9,2,9,1,9,1,9,1,9,1,9,1,0,0,9,0,9,1,9,1,9,1,8,1,9,1,8,1,8,2,8,2,8,2,7,2,7,2,7,3,6,3,6,3,6,3,6,3,5,3,4,3,4,3,3,3,3,4,3,4,2,4,2,3,1,3,0,0,0,0,0,0,0,0,0,0,0,0,0,0,-14,-85,-13,-80,-13,-76,-14,-74,-20,-74,-16,-73,-12,-76,-11,-75,-9,-69,-14,-68,-14,-65,-17,-57,-11,-64,-15,-60,-17,-57,-19,-53,-19,-50,-21,-55,-21,-57,-20,-50,-25,-49,-18,-50,-26,-50,-24,-47,-25,-48,-22,-47,-28,-41,-25,-41,-27,-44,-30,-43,-31,-40,-27,-43,-23,-45,-27,-48,-29,-40,-30,-45,-23,-45,-22,-44,-23,-42,-21,-41,-17,-42,-18,-46,-13,-46,-12,-44,-12,-38,-4,-38,-6,-37,-5,-35,-9,-31,-3,-35,3,-33,1,-27,4,-28,3,-28,4,-30,6,-20,6,-19,0,0,0,0,0,0,0,0,0,0,0,0,0,0,0,0,0,0,0,0,0,0,20,15,24,16,19,15,21,20,24,11,22,15,23,19,26,15,24,17,31,19,25,16,28,14,32,14,36,18,33,18,33,20,33,19,35,21,43,13,38,18,45,19,45,21,43,18,43,15,44,23,46,12,45,13,45,14,47,19,51,17,49,14,55,12,52,15,57,11,61,11,51,17,55,9,60,11,58,2,62,6,61,7,54,1,60,0,71,-2,65,-2,59,-3,65,-4,66,-10,73,-8,65,-8,71,-7,73,-9,69,-13,69,-10,78,-14,80,-9,79,-17,0,0]"
CSI_DATA,152,2a:00:00:00:00:00,-38,11,1,0,1,1,1,0,0,0,1,-96,0,11,2,2290723,0,44,0,384,0,"[0,0,0,0,0,0,0,0,0,0,0,0,14,-2,13,-2,13,-2,13,-1,13,-2,12,-2,12,-2,12,-2,12,-2,11,-2,11,-2,11,-3,10,-3,10,-3,9,-3,10,-3,9,-4,9,-4,8,-4,8,-4,9,-4,8,-4,9,-4,8,-5,8,-4,8,-5,0,0,8,-5,8,-4,8,-4,9,-4,8,-4,8,-4,8,-3,8,-3,8,-3,8,-3,8,-2,7,-2,7,-2,7,-1,7,-1,7,-1,6,0,6,0,6,0,5,1,5,1,5,1,4,2,4,2,4,2,3,2,0,0,0,0,0,0,0,0,0,0,0,0,0,0,-55,-44,-64,-49,-66,-43,-63,-44,-62,-42,-57,-39,-59,-44,-58,-39,-58,-42,-54,-37,-55,-36,-51,-35,-58,-37,-50,-33,-50,-26,-52,-31,-49,-30,-48,-30,-51,-30,-51,-23,-52,-21,-46,-15,-47,-12,-47,-17,-49,-17,-48,-18,-44,-17,-44,-12,-46,-11,-49,-11,-44,-11,-47,-13,-44,-14,-45,-14,-45,-13,-46,-18,-44,-17,-43,-20,-45,-17,-46,-18,-45,-17,-37,-17,-36,-22,-36,-22,-34,-21,-30,-23,-29,-22,-26,-22,-23,-22,-23,-23,-20,-25,-18,-24,-20,-25,-12,-24,-13,-25,-6,-22,-5,-20,0,0,0,0,0,0,0,0,0,0,0,0,0,0,0,0,0,0,0,0,0,0,29,-7,28,-3,25,-13,26,-12,26,-3,33,-2,40,-16,23,-2,29,-6,33,-13,26,-9,33,-9,40,-23,40,-25,21,-12,44,-8,42,-13,47,-9,36,-8,38,-14,41,-20,44,-18,35,-17,36,-20,48,-23,45,-18,52,-26,47,-29,44,-28,39,-22,46,-30,45,-35,48,-29,45,-20,47,-31,50,-35,43,-38,49,-36,44,-34,49,-40,48,-36,44,-41,45,-47,45,-45,41,-45,34,-53,37,-52,39,-57,44,-52,42,-55,44,-50,37,-59,46,-59,37,-60,44,-58,43,-59,45,-65,0,0]"
CSI_DATA,153,2a:00:00:00:00:00,-38,11,1,0,1,1,1,0,0,0,1,-96,0,11,2,2309762,0,44,0,384,0,"[0,0,0,0,0,0,0,0,0,0,0,0,-5,12,-5,12,-5,13,-5,12,-4,12,-5,11,-4,11,-4,11,-4,10,-3,11,-3,10,-3,10,-3,10,-2,10,-2,10,-2,10,-2,9,-1,9,-1,9,-1,9,-1,9,-1,9,-1,9,0,9,0,9,0,9,0,0,0,9,0,9,0,9,-1,9,-1,8,-1,8,-1,8,-1,8,-2,8,-2,8,-2,7,-2,7,-2,7,-3,7,-3,6,-3,6,-3,6,-3,5,-4,5,-4,4,-4,4,-4,4,-4,3,-4,3,-4,2,-4,2,0,0,0,0,0,0,0,0,0,0,0,0,0,0,67,-43,69,-37,69,-49,68,-35,69,-41,66,-35,60,-37,63,-40,57,-37,61,-37,57,-38,56,-33,56,-36,45,-31,48,-35,46,-35,41,-43,36,-36,47,-38,38,-33,38,-41,37,-34,34,-39,35,-33,35,-39,34,-37,32,-39,27,-41,22,-39,33,-40,30,-39,32,-45,30,-33,29,-43,28,-34,27,-36,24,-30,32,-35,29,-36,37,-32,33,-29,36,-28,36,-25,30,-28,35,-22,34,-16,35,-21,29,-18,32,-16,31,-12,32,-10,29,-12,27,-7,30,-7,25,2,24,-1,24,4,0,0,0,0,0,0,0,0,0,0,0,0,0,0,0,0,0,0,0,0,0,0,-9,27,-9,30,-10,25,-9,26,-10,26,-6,28,-7,30,-8,29,-5,31,-7,30,-6,32,-8,37,-6,33,-2,39,-12,34,-7,35,-7,40,-8,38,-5,39,-3,44,-7,46,-2,42,-10,44,-4,46,-1,43,1,49,-3,51,-3,49,1,47,3,55,2,52,6,59,3,54,7,56,6,56,6,53,8,54,11,57,16,57,20,58,11,62,19,57,14,61,24,58,24,59,23,65,27,66,26,61,32,60,32,56,30,66,31,68,31,72,34,60,43,65,42,68,43,71,0,0]"
CSI_DATA,154,2a:00:00:00:00:00,-38,11,1,0,1,1,1,0,0,0,1,-96,0,11,2,2319399,0,44,0,384,0,"[0,0,0,0,0,0,0,0,0,0,0,0,10,9,10,9,10,9,9,9,9,9,9,8,9,8,9,8,8,8,8,7,9,7,9,6,8,6,8,6,8,6,8,5,8,5,8,4,8,5,8,4,8,4,8,4,8,4,8,3,8,4,8,3,0,0,8,3,8,4,8,4,8,3,8,4,8,4,7,4,7,4,7,4,7,4,6,4,6,4,6,5,5,5,5,4,4,5,4,5,3,5,3,5,2,4,2,5,1,5,1,4,1,4,1,4,1,4,0,0,0,0,0,0,0,0,0,0,0,0,0,0,8,-75,12,-77,13,-80,10,-75,11,-70,8,-69,12,-75,12,-75,12,-71,8,-75,9,-68,9,-63,6,-61,9,-65,6,-62,2,-57,2,-60,4,-64,3,-56,-2,-55,1,-51,-3,-53,-3,-56,-7,-53,-4,-54,-7,-47,-10,-51,-6,-48,-9,-54,-13,-51,-5,-47,-8,-49,-8,-48,-6,-52,-5,-43,-5,-49,-9,-49,-5,-45,-4,-50,3,-45,-4,-43,2,-43,5,-45,4,-48,2,-39,6,-37,12,-34,14,-35,9,-34,9,-32,16,-29,10,-25,14,-25,12,-24,21,-20,19,-18,18,-16,0,0,0,0,0,0,0,0,0,0,0,0,0,0,0,0,0,0,0,0,0,0,18,22,18,23,19,16,18,17,18,21,19,21,19,19,18,21,24,24,25,23,23,21,21,28,25,21,26,24,26,26,29,26,27,28,27,25,29,21,31,28,41,28,41,31,34,28,37,29,40,30,36,24,37,28,40,29,43,29,46,28,49,29,47,25,49,29,49,28,50,21,47,23,51,20,55,23,60,20,56,19,63,23,63,20,66,26,64,19,55,21,65,16,61,17,65,16,71,12,73,15,75,17,71,14,72,15,74,11,82,16,80,9,75,7,0,0]"
CSI_DATA,155,2a:00:00:00:00:00,-38,11,1,0,1,1,1,0,0,0,1,-96,0,11,2,2339388,0,44,0,384,0,"[0,0,0,0,0,0,0,0,0,0,0,0,0,13,1,13,1,13,1,13,1,12,0,11,1,11,1,11,0,11,1,11,1,10,1,10,1,10,2,9,2,9,2,9,2,9,2,8,3,8,3,8,3,8,3,8,3,8,3,8,3,8,3,8,0,0,3,8,3,8,3,8,3,8,3,8,3,8,2,8,2,7,2,7,1,7,1,7,1,7,1,7,0,7,0,6,0,6,-1,6,-1,5,-1,5,-2,5,-2,5,-2,5,-2,4,-2,3,-3,3,-3,3,0,0,0,0,0,0,0,0,0,0,0,0,0,0,52,-59,53,-54,51,-56,53,-55,55,-54,48,-50,52,-54,47,-54,45,-53,51,-48,49,-49,44,-46,41,-42,36,-49,38,-47,38,-47,38,-52,32,-49,27,-45,31,-46,26,-45,29,-44,26,-44,25,-47,21,-45,25,-46,22,-49,21,-44,22,-43,21,-48,24,-40,19,-36,18,-44,17,-49,20,-41,24,-50,20,-46,22,-44,27,-42,21,-39,28,-40,28,-36,24,-31,28,-34,24,-25,27,-28,26,-24,31,-25,29,-19,29,-20,25,-18,26,-13,28,-17,23,-10,22,-7,26,-5,25,-1,0,0,0,0,0,0,0,0,0,0,0,0,0,0,0,0,0,0,0,0,0,0,6,28,5,24,3,26,8,28,2,29,2,26,5,29,2,25,6,28,8,31,8,32,7,35,10,33,8,34,7,34,6,41,9,36,11,40,13,32,12,43,11,44,13,42,16,43,15,46,11,46,20,48,15,47,17,46,20,45,28,49,25,49,21,44,25,47,27,49,26,49,21,50,31,49,35,49,31,48,34,47,37,45,43,49,36,50,43,52,41,47,44,52,44,49,45,50,49,48,46,51,54,50,48,49,54,53,61,50,58,51,52,47,58,52,0,0]"
CSI_DATA,156,2a:00:00:00:00:00,-38,11,1,0,1,1,1,0,0,0,1,-96,0,11,2,2350129,0,44,0,384,0,"[0,0,0,0,0,0,0,0,0,0,0,0,-13,-8,-13,-7,-13,-7,-12,-7,-12,-7,-12,-7,-11,-6,-11,-6,-11,-6,-11,-6,-11,-5,-11,-5,-11,-5,-11,-5,-10,-4,-11,-4,-10,-3,-10,-3,-10,-3,-10,-3,-10,-3,-10,-2,-10,-2,-10,-2,-10,-2,-10,-2,0,0,-10,-2,-10,-2,-10,-2,-10,-2,-9,-2,-9,-2,-9,-3,-9,-2,-9,-3,-8,-3,-8,-3,-8,-3,-8,-3,-7,-4,-7,-4,-7,-4,-6,-4,-6,-4,-5,-4,-5,-4,-4,-4,-4,-5,-4,-4,-3,-4,-3,-4,-2,-4,0,0,0,0,0,0,0,0,0,0,0,0,0,0,-1,76,2,82,0,83,0,73,4,73,0,80,5,71,1,79,3,70,3,69,-1,68,6,62,4,64,5,59,5,60,12,57,5,56,13,55,12,60,9,49,17,49,16,47,19,52,13,51,15,43,17,51,20,41,14,45,22,46,21,42,23,46,21,48,20,47,22,51,15,39,19,44,15,40,17,42,9,45,11,44,10,39,9,41,9,41,10,41,7,42,1,38,4,36,3,37,-1,32,-5,30,-3,26,-8,25,-7,27,-6,24,-9,25,-7,21,-14,17,0,0,0,0,0,0,0,0,0,0,0,0,0,0,0,0,0,0,0,0,0,0,-18,-19,-20,-20,-21,-18,-21,-22,-23,-21,-19,-17,-20,-19,-20,-23,-25,-19,-22,-16,-25,-19,-27,-23,-32,-21,-29,-22,-33,-23,-28,-28,-27,-26,-32,-21,-29,-23,-39,-25,-42,-25,-36,-30,-37,-22,-41,-26,-41,-24,-47,-23,-46,-29,-53,-25,-42,-24,-51,-28,-47,-23,-53,-23,-51,-22,-55,-23,-54,-22,-55,-22,-54,-18,-55,-18,-60,-15,-65,-16,-72,-15,-57,-12,-66,-10,-63,-11,-65,-12,-72,-7,-72,-5,-71,-6,-72,-4,-72,0,-75,-2,-78,-3,-78,3,-66,-2,-83,-5,-90,-4,-82,2,0,0]"
CSI_DATA,157,2a:00:00:00:00:00,-38,11,1,0,1,1,1,0,0,0,1,-96,0,11,2,2359406,0,44,0,384,0,"[0,0,0,0,0,0,0,0,0,0,0,0,-5,13,-5,12,-4,13,-4,12,-5,12,-4,11,-4,11,-4,11,-4,11,-3,11,-3,10,-3,10,-2,10,-2,10,-2,9,-2,10,-2,9,-2,9,-1,9,-1,9,-1,9,-1,9,-1,9,0,9,0,9,0,9,0,0,0,9,0,9,0,8,-1,9,-1,8,-1,8,-1,8,-1,8,-2,8,-2,8,-2,7,-2,7,-2,7,-2,6,-3,6,-3,6,-3,6,-3,5,-3,4,-4,4,-4,4,-4,3,-4,3,-4,3,-4,2,-4,2,0,0,0,0,0,0,0,0,0,0,0,0,0,0,78,-33,74,-29,66,-40,72,-30,75,-37,70,-30,71,-31,67,-29,62,-31,65,-29,61,-29,61,-34,58,-28,56,-33,54,-28,53,-31,51,-34,49,-35,47,-31,53,-34,43,-29,44,-33,37,-32,38,-32,36,-31,35,-35,40,-39,36,-34,36,-37,34,-34,41,-37,38,-35,29,-32,31,-29,38,-34,35,-26,35,-37,28,-34,36,-32,37,-30,39,-26,35,-22,37,-24,36,-18,35,-18,37,-15,34,-16,33,-17,34,-8,33,-6,29,-10,28,-5,26,-1,27,-1,24,-1,22,5,22,5,0,0,0,0,0,0,0,0,0,0,0,0,0,0,0,0,0,0,0,0,0,0,-5,27,-9,22,-9,24,-9,27,-13,27,-10,25,-11,28,-13,29,-10,35,-6,27,-10,29,-11,34,-4,31,-9,34,-4,30,-12,39,-9,41,-8,38,-6,41,-6,39,-1,42,-3,47,-6,54,-3,43,-4,48,-4,50,-1,52,0,54,2,54,-3,53,-4,52,0,58,3,56,5,55,9,61,10,62,8,64,11,60,13,57,13,65,14,67,14,63,14,62,23,68,20,64,16,68,26,69,23,70,31,73,32,70,33,64,27,73,31,73,26,72,29,70,38,72,40,73,0,0]"
CSI_DATA,158,2a:00:00:00:00:00,-38,11,1,0,1,1,1,0,0,0,1,-96,0,11,2,2369414,0,44,0,384,0,"[0,0,0,0,0,0,0,0,0,0,0,0,-5,13,-5,13,-4,13,-5,13,-4,12,-5,12,-4,11,-4,11,-4,11,-3,11,-4,11,-3,10,-2,10,-2,10,-2,10,-2,10,-2,10,-2,9,-1,9,-1,9,-1,9,-1,9,-1,9,0,9,0,9,0,9,0,0,0,9,0,9,0,8,-1,8,-1,8,-1,8,-1,8,-1,8,-2,8,-2,7,-2,8,-2,7,-2,7,-3,6,-3,6,-3,6,-3,5,-3,5,-4,5,-4,4,-4,4,-4,3,-4,3,-4,3,-4,2,-4,2,0,0,0,0,0,0,0,0,0,0,0,0,0,0,75,-27,73,-21,74,-28,75,-23,69,-28,71,-22,65,-28,66,-24,62,-23,65,-24,61,-19,58,-26,59,-18,51,-21,58,-24,52,-26,50,-27,48,-25,49,-26,46,-27,48,-30,45,-27,38,-31,39,-30,43,-30,35,-25,36,-30,35,-31,35,-26,37,-27,38,-29,39,-29,36,-26,41,-30,31,-27,35,-29,39,-26,34,-28,38,-20,32,-24,39,-19,37,-22,36,-15,35,-19,31,-17,29,-9,37,-7,31,-6,29,-7,31,-5,28,-6,27,-1,24,3,20,3,25,3,21,8,21,8,0,0,0,0,0,0,0,0,0,0,0,0,0,0,0,0,0,0,0,0,0,0,-14,24,-11,25,-11,23,-12,23,-8,23,-11,24,-11,26,-11,25,-10,27,-11,26,-7,27,-10,32,-13,30,-12,35,-12,31,-11,32,-13,36,-10,36,-9,40,-7,36,-9,35,-11,41,-11,46,-11,45,-7,44,-6,48,-7,46,-5,49,-7,49,-6,50,-4,50,-4,55,-2,46,0,51,2,60,2,55,1,54,2,58,5,57,6,61,5,60,10,61,13,62,12,63,12,66,22,59,21,68,20,71,21,63,21,67,24,59,13,71,21,74,20,73,22,73,25,76,30,74,0,0]"
CSI_DATA,159,2a:00:00:00:00:00,-38,11,1,0,1,1,1,0,0,0,1,-96,0,11,2,2380298,0,44,0,384,0,"[0,0,0,0,0,0,0,0,0,0,0,0,-8,11,-8,11,-8,11,-8,11,-8,10,-8,10,-7,10,-7,10,-7,9,-6,9,-6,9,-6,9,-6,9,-5,9,-5,9,-5,9,-4,9,-4,8,-4,9,-4,8,-4,8,-4,8,-4,8,-3,8,-3,8,-3,8,0,0,-3,8,-3,8,-3,8,-3,8,-4,8,-4,8,-4,7,-4,7,-4,7,-4,7,-5,6,-5,6,-5,6,-5,5,-5,5,-5,5,-5,4,-5,4,-5,3,-5,3,-5,2,-5,2,-5,1,-5,1,-5,1,-4,0,0,0,0,0,0,0,0,0,0,0,0,0,0,0,79,-3,82,-2,77,0,75,-6,83,-5,73,1,72,0,71,-2,66,-4,69,-6,69,-4,66,-4,68,-7,64,-7,63,-4,62,-4,62,-4,56,-11,56,-10,58,-9,53,-18,53,-11,50,-18,45,-13,50,-11,49,-14,51,-16,49,-17,47,-17,45,-19,42,-19,47,-14,43,-15,45,-12,45,-16,39,-15,42,-15,47,-9,46,-12,47,-11,46,-7,45,-3,42,-4,39,-2,36,-5,40,-3,33,-1,35,7,33,5,30,5,29,9,27,9,24,9,27,13,21,13,22,11,14,15,0,0,0,0,0,0,0,0,0,0,0,0,0,0,0,0,0,0,0,0,0,0,-12,25,-16,23,-16,21,-15,25,-17,21,-15,24,-16,18,-19,25,-16,20,-16,27,-18,27,-16,29,-17,30,-15,32,-19,29,-21,34,-17,39,-16,38,-12,37,-23,40,-18,41,-17,40,-21,44,-19,43,-17,42,-16,49,-17,47,-22,47,-17,44,-14,48,-15,55,-14,50,-12,51,-14,54,-10,52,-13,57,-7,59,-9,60,-9,62,-8,58,-9,62,-3,65,-9,68,-3,66,-2,68,-2,72,1,69,-2,70,0,72,-1,71,4,71,3,78,7,77,9,83,-1,76,4,77,6,79,0,0]"
CSI_DATA,160,2a:00:00:00:00:00,-38,11,1,0,1,1,1,0,0,0,1,-96,0,11,2,2389406,0,44,0,384,0,"[0,0,0,0,0,0,0,0,0,0,0,0,-14,4,-14,4,-13,4,-13,3,-13,3,-13,3,-13,4,-12,4,-12,3,-11,4,-11,4,-11,4,-10,4,-10,4,-10,4,-10,4,-10,4,-9,4,-9,4,-8,4,-8,5,-8,5,-8,5,-8,5,-8,5,-8,5,0,0,-8,5,-8,4,-8,4,-8,5,-8,4,-8,4,-8,4,-8,4,-8,3,-8,3,-8,3,-8,2,-7,2,-7,2,-7,1,-7,1,-7,1,-6,0,-6,0,-6,0,-6,-1,-6,-1,-5,-1,-5,-2,-5,-2,-4,-2,0,0,0,0,0,0,0,0,0,0,0,0,0,0,60,48,64,43,61,52,62,44,63,45,61,45,55,43,57,46,58,38,58,43,50,42,57,38,54,34,49,34,53,32,51,33,44,34,49,31,47,24,50,28,53,20,54,21,46,22,44,20,45,19,50,20,45,17,48,17,45,12,48,16,50,14,51,17,45,17,47,12,46,14,41,19,36,18,46,16,42,22,37,19,40,22,42,19,36,20,34,24,33,27,29,26,27,25,25,22,23,21,20,22,20,24,16,24,12,23,12,22,9,24,7,20,7,18,0,0,0,0,0,0,0,0,0,0,0,0,0,0,0,0,0,0,0,0,0,0,-31,4,-27,5,-31,1,-32,3,-29,3,-31,5,-28,7,-28,5,-33,6,-31,5,-27,6,-34,11,-34,12,-36,10,-36,9,-36,15,-36,14,-38,15,-36,13,-42,15,-41,12,-44,15,-43,23,-45,16,-49,17,-44,23,-44,25,-45,20,-45,20,-44,25,-45,31,-47,27,-47,29,-47,28,-52,27,-47,33,-48,36,-44,37,-45,35,-50,37,-47,40,-43,47,-49,49,-48,50,-43,52,-40,56,-45,57,-49,56,-43,58,-49,54,-47,57,-47,53,-49,66,-43,61,-57,63,-50,60,-51,65,0,0]"
CSI_DATA,161,2a:00:00:00:00:00,-38,11,1,0,1,1,1,0,0,0,1,-96,0,11,2,2399423,0,44,0,384,0,"[0,0,0,0,0,0,0,0,0,0,0,0,-15,4,-14,4,-14,4,-14,3,-14,3,-13,3,-13,3,-13,3,-12,4,-12,3,-12,4,-12,4,-11,3,-10,4,-10,4,-10,4,-10,4,-10,4,-9,4,-9,5,-9,4,-9,5,-9,5,-8,5,-8,5,-8,5,0,0,-9,5,-8,5,-8,5,-8,5,-8,4,-8,4,-8,4,-8,4,-8,3,-8,3,-8,3,-8,2,-8,2,-7,2,-8,1,-7,1,-7,1,-7,0,-7,0,-6,0,-6,-1,-6,-1,-6,-1,-5,-2,-5,-2,-4,-2,0,0,0,0,0,0,0,0,0,0,0,0,0,0,75,39,65,39,71,31,69,33,69,32,64,32,68,36,65,36,63,33,63,30,59,25,57,26,57,25,57,29,61,22,62,23,50,20,53,15,56,18,53,18,51,16,53,14,49,9,49,13,47,7,47,14,51,11,53,8,50,7,52,6,54,3,49,3,51,8,48,9,44,7,44,13,46,15,43,10,41,10,46,7,41,12,43,11,39,17,37,17,35,19,34,22,34,16,33,18,27,19,26,21,20,17,21,22,15,21,19,21,14,16,8,24,9,20,0,0,0,0,0,0,0,0,0,0,0,0,0,0,0,0,0,0,0,0,0,0,-24,13,-26,11,-26,12,-28,8,-30,9,-28,10,-23,10,-27,9,-30,14,-28,16,-29,12,-33,15,-30,19,-36,17,-31,15,-36,16,-34,21,-33,18,-32,14,-33,22,-39,27,-39,21,-44,28,-38,29,-41,25,-36,29,-44,28,-40,31,-43,32,-41,35,-39,36,-41,31,-42,38,-38,37,-47,40,-39,42,-40,44,-39,42,-41,42,-41,51,-39,53,-40,57,-37,52,-36,52,-36,56,-38,57,-30,56,-33,64,-40,57,-37,65,-35,63,-29,65,-36,71,-32,68,-38,75,-39,69,-39,70,0,0]"
CSI_DATA,162,2a:00:00:00:00:00,-38,11,1,0,1,1,1,0,0,0,1,-96,0,11,2,2419388,0,44,0,384,0,"[0,0,0,0,0,0,0,0,0,0,0,0,-11,-10,-11,-10,-11,-10,-11,-10,-10,-10,-10,-9,-10,-9,-10,-9,-10,-9,-10,-8,-9,-8,-10,-7,-10,-7,-9,-7,-9,-7,-9,-6,-9,-6,-9,-6,-9,-6,-9,-6,-9,-5,-9,-5,-9,-5,-9,-4,-9,-5,-9,-4,0,0,-9,-4,-9,-5,-9,-5,-9,-4,-8,-5,-8,-5,-8,-5,-8,-5,-8,-5,-7,-5,-7,-5,-7,-6,-6,-6,-6,-6,-5,-6,-5,-6,-5,-6,-4,-5,-4,-6,-3,-6,-3,-5,-2,-6,-3,-5,-2,-5,-1,-5,-1,-5,0,0,0,0,0,0,0,0,0,0,0,0,0,0,-22,83,-18,85,-20,78,-19,73,-19,77,-19,68,-22,75,-16,78,-15,74,-17,65,-18,65,-22,67,-20,64,-15,67,-8,61,-7,59,-10,60,-5,57,-9,62,-6,55,-6,53,3,50,2,52,0,49,-4,50,-4,51,0,51,2,52,2,54,6,51,0,51,4,53,4,50,2,45,1,45,-2,52,-4,45,1,47,-2,47,-7,41,-5,43,-8,43,-7,39,-8,41,-10,33,-12,39,-16,31,-13,35,-12,29,-15,24,-18,23,-18,23,-16,23,-22,18,-16,19,-20,14,-23,11,0,0,0,0,0,0,0,0,0,0,0,0,0,0,0,0,0,0,0,0,0,0,-19,-20,-17,-26,-17,-19,-18,-24,-21,-20,-21,-18,-19,-24,-20,-21,-20,-25,-27,-26,-19,-26,-26,-27,-30,-25,-29,-24,-29,-29,-30,-28,-29,-24,-30,-28,-32,-25,-34,-35,-44,-28,-38,-27,-36,-26,-40,-28,-43,-27,-43,-26,-45,-30,-42,-31,-45,-30,-47,-30,-47,-31,-45,-27,-45,-30,-47,-29,-55,-29,-52,-32,-57,-26,-58,-25,-60,-24,-64,-23,-59,-21,-61,-21,-59,-20,-67,-25,-62,-19,-59,-17,-68,-23,-65,-24,-73,-22,-75,-19,-74,-16,-73,-12,-77,-25,-80,-20,-78,-15,-77,-17,-85,-22,0,0]"
CSI_DATA,163,2a:00:00:00:00:00,-38,11,1,0,1,1,1,0,0,0,1,-96,0,11,2,2449511,0,44,0,384,0,"[0,0,0,0,0,0,0,0,0,0,0,0,-15,-2,-15,-2,-14,-2,-14,-2,-13,-2,-14,-2,-13,-2,-13,-1,-13,-1,-11,-1,-12,-1,-12,0,-11,0,-11,0,-11,0,-11,0,-11,1,-10,1,-10,1,-10,1,-10,1,-10,1,-9,1,-9,2,-10,1,-10,2,0,0,-10,2,-9,1,-10,1,-9,1,-9,1,-9,1,-9,0,-9,0,-9,0,-9,0,-9,0,-8,-1,-8,-1,-8,-1,-7,-2,-8,-2,-7,-2,-7,-2,-6,-3,-6,-3,-6,-3,-5,-3,-4,-3,-4,-3,-4,-4,-3,-3,0,0,0,0,0,0,0,0,0,0,0,0,0,0,54,66,53,63,50,58,50,57,53,63,53,55,52,62,44,59,45,59,42,52,45,53,47,45,42,49,42,46,39,40,46,45,39,42,45,38,39,38,42,41,43,39,46,29,41,30,42,27,38,30,43,31,44,29,43,23,40,32,41,25,42,24,40,26,41,29,41,28,40,25,35,28,38,28,45,25,35,24,39,27,32,30,31,29,30,30,27,29,24,29,25,27,18,25,15,29,17,28,14,28,11,32,10,27,14,29,4,24,2,24,5,23,-3,21,0,0,0,0,0,0,0,0,0,0,0,0,0,0,0,0,0,0,0,0,0,0,-28,-3,-29,2,-26,-3,-24,-2,-28,-3,-28,-1,-29,-2,-28,3,-31,1,-31,-1,-34,3,-34,-1,-34,4,-37,3,-38,7,-38,1,-33,3,-41,3,-42,4,-39,4,-41,10,-47,9,-45,11,-45,12,-47,5,-50,12,-47,9,-46,18,-51,14,-49,14,-50,17,-55,14,-53,21,-53,22,-55,27,-54,28,-54,24,-50,29,-54,28,-56,32,-53,31,-55,35,-53,32,-61,34,-54,35,-55,40,-55,43,-51,42,-61,44,-62,52,-61,41,-63,52,-57,46,-61,51,-63,52,-62,53,-61,57,0,0]"
CSI_DATA,164,2a:00:00:00:00:00,-38,11,1,0,1,1,1,0,0,0,1,-96,0,11,2,2460315,0,44,0,384,0,"[0,0,0,0,0,0,0,0,0,0,0,0,-3,-14,-3,-14,-3,-14,-3,-15,-3,-14,-3,-13,-3,-13,-3,-13,-3,-12,-3,-12,-3,-12,-3,-11,-4,-11,-3,-11,-4,-11,-4,-10,-4,-10,-4,-10,-4,-10,-4,-10,-4,-9,-4,-9,-4,-9,-5,-9,-5,-9,-5,-9,0,0,-4,-9,-4,-9,-5,-9,-4,-8,-4,-9,-4,-9,-3,-9,-3,-9,-3,-8,-3,-8,-3,-8,-2,-8,-2,-8,-1,-8,-1,-7,-1,-7,-1,-7,0,-7,0,-7,1,-6,1,-6,1,-6,1,-5,2,-5,2,-4,2,-4,0,0,0,0,0,0,0,0,0,0,0,0,0,0,-49,63,-50,56,-52,58,-49,55,-55,57,-53,59,-49,55,-45,53,-40,53,-44,50,-44,50,-43,47,-42,47,-39,48,-37,42,-36,47,-32,46,-32,47,-32,40,-27,41,-25,46,-29,46,-22,43,-24,44,-27,42,-19,45,-22,42,-21,44,-20,45,-25,41,-22,43,-25,45,-21,44,-21,43,-24,42,-24,38,-20,41,-23,38,-27,43,-28,37,-28,37,-26,34,-22,29,-27,33,-28,27,-23,24,-28,24,-31,25,-29,17,-30,13,-27,15,-27,12,-25,10,-25,11,-23,8,-22,0,-22,3,0,0,0,0,0,0,0,0,0,0,0,0,0,0,0,0,0,0,0,0,0,0,-2,-31,-6,-24,-7,-29,-8,-28,-5,-27,-6,-29,-4,-27,-2,-33,-8,-30,-6,-31,-9,-30,-9,-35,-13,-33,-14,-36,-10,-33,-9,-29,-16,-35,-17,-42,-17,-37,-16,-41,-16,-36,-18,-40,-17,-43,-19,-41,-19,-41,-24,-41,-18,-44,-24,-44,-21,-41,-26,-43,-25,-51,-31,-43,-30,-45,-28,-45,-33,-46,-33,-48,-35,-47,-38,-47,-39,-48,-47,-49,-42,-45,-44,-50,-44,-46,-51,-46,-48,-46,-43,-48,-50,-48,-51,-41,-58,-44,-57,-45,-64,-46,-58,-47,-57,-49,-54,-50,-64,-43,-64,-51,-62,-51,0,0]"
CSI_DATA,165,2a:00:00:00:00:00,-38,11,1,0,1,1,1,0,0,0,1,-96,0,11,2,2469597,0,44,0,384,0,"[0,0,0,0,0,0,0,0,0,0,0,0,-13,7,-13,7,-12,7,-12,6,-12,6,-12,6,-11,6,-11,6,-11,6,-10,6,-10,6,-10,7,-9,6,-9,6,-9,6,-9,7,-8,7,-8,7,-7,6,-7,6,-7,6,-7,6,-7,6,-6,7,-6,7,-7,7,0,0,-7,7,-7,7,-6,6,-7,6,-6,6,-7,6,-7,5,-7,5,-7,5,-7,5,-7,5,-7,4,-7,4,-7,3,-7,3,-7,3,-6,2,-6,2,-6,1,-6,1,-6,0,-6,0,-6,0,-5,0,-5,-1,-5,-1,0,0,0,0,0,0,0,0,0,0,0,0,0,0,74,15,79,22,77,20,76,14,78,18,71,15,71,10,68,18,67,11,68,15,64,4,64,15,64,8,65,10,58,9,65,6,53,9,51,9,52,3,52,4,55,1,55,-4,46,-4,47,2,51,-2,51,-2,53,-4,49,-2,43,2,50,-6,48,-3,49,-10,43,-3,47,-4,48,-8,42,0,45,-4,40,-4,44,0,44,-2,44,-1,43,1,37,8,40,6,36,6,39,8,33,12,33,7,31,10,29,12,26,11,26,10,22,14,22,16,19,19,17,16,15,20,0,0,0,0,0,0,0,0,0,0,0,0,0,0,0,0,0,0,0,0,0,0,-29,16,-25,12,-22,14,-24,14,-28,16,-25,11,-22,18,-26,15,-26,13,-21,17,-25,22,-25,21,-27,23,-24,21,-27,22,-30,29,-24,29,-30,25,-30,27,-27,28,-27,30,-30,32,-31,30,-31,31,-34,32,-33,37,-30,39,-33,39,-31,39,-27,40,-30,42,-29,42,-29,44,-25,49,-29,46,-33,53,-26,53,-28,51,-28,53,-26,58,-22,57,-25,57,-24,62,-23,59,-21,66,-15,60,-22,65,-14,71,-19,68,-22,67,-14,69,-18,72,-17,73,-18,76,-17,70,-16,76,-18,82,0,0]"
CSI_DATA,166,2a:00:00:00:00:00,-38,11,1,0,1,1,1,0,0,0,1,-96,0,11,2,2479403,0,44,0,384,0,"[0,0,0,0,0,0,0,0,0,0,0,0,11,-9,11,-9,10,-9,11,-9,10,-8,11,-8,10,-8,9,-8,9,-8,8,-8,9,-8,8,-8,8,-8,7,-8,7,-8,7,-8,7,-8,6,-8,6,-8,6,-8,6,-8,5,-8,5,-8,5,-8,5,-8,5,-8,0,0,5,-8,5,-8,5,-8,5,-7,5,-7,5,-7,5,-7,5,-7,6,-7,5,-6,6,-6,6,-6,5,-5,6,-5,5,-4,6,-4,5,-4,5,-3,5,-3,5,-2,5,-2,5,-1,4,-1,4,-1,4,0,4,0,0,0,0,0,0,0,0,0,0,0,0,0,0,0,-77,-19,-79,-21,-77,-24,-74,-17,-74,-20,-74,-19,-65,-22,-72,-21,-68,-15,-68,-15,-72,-13,-64,-7,-65,-12,-53,-13,-61,-12,-60,-8,-57,-10,-55,-6,-56,-6,-55,-3,-53,-3,-55,-2,-50,-1,-52,0,-49,3,-48,-2,-47,6,-48,5,-47,1,-49,5,-51,1,-52,5,-46,5,-48,3,-45,2,-45,2,-43,1,-44,1,-48,-2,-47,-2,-45,-3,-42,-2,-43,-6,-41,-8,-38,-7,-37,-12,-35,-14,-33,-12,-31,-13,-30,-10,-25,-16,-27,-16,-23,-15,-22,-16,-15,-20,-18,-15,-15,-19,0,0,0,0,0,0,0,0,0,0,0,0,0,0,0,0,0,0,0,0,0,0,26,-18,24,-16,21,-16,23,-19,25,-15,19,-18,24,-23,19,-19,21,-18,25,-21,26,-21,27,-18,21,-22,27,-21,27,-24,22,-24,29,-30,27,-22,28,-30,28,-31,21,-29,29,-30,24,-35,29,-35,29,-37,28,-40,29,-36,31,-40,27,-38,30,-41,29,-40,35,-46,29,-46,23,-48,29,-47,28,-47,24,-48,27,-51,29,-51,21,-54,20,-57,22,-60,22,-63,23,-61,23,-56,11,-67,17,-67,17,-71,18,-66,14,-67,20,-67,14,-72,20,-77,14,-75,19,-75,20,-81,13,-72,0,0]"
CSI_DATA,167,2a:00:00:00:00:00,-38,11,1,0,1,1,1,0,0,0,1,-96,0,11,2,2489423,0,44,0,384,0,"[0,0,0,0,0,0,0,0,0,0,0,0,13,-6,13,-6,12,-6,12,-6,12,-6,12,-6,11,-6,11,-6,11,-6,10,-6,10,-6,10,-6,9,-6,9,-6,8,-6,9,-6,8,-6,8,-6,7,-7,7,-6,7,-6,7,-7,7,-6,6,-7,7,-7,7,-7,0,0,7,-7,6,-6,7,-6,7,-6,6,-6,7,-6,6,-6,6,-5,7,-5,7,-5,7,-5,6,-4,6,-4,6,-3,6,-3,6,-3,6,-2,6,-2,5,-1,5,-1,5,-1,5,0,4,0,4,0,4,0,3,1,0,0,0,0,0,0,0,0,0,0,0,0,0,0,-72,-44,-70,-40,-66,-40,-68,-37,-67,-41,-59,-47,-69,-36,-61,-38,-58,-35,-59,-37,-62,-32,-58,-31,-57,-32,-49,-33,-55,-28,-55,-27,-54,-27,-47,-24,-52,-21,-55,-23,-52,-19,-47,-22,-49,-16,-47,-18,-51,-14,-44,-12,-51,-15,-46,-14,-46,-10,-51,-10,-47,-17,-46,-15,-49,-14,-37,-11,-49,-11,-41,-14,-45,-16,-41,-13,-43,-12,-42,-17,-40,-16,-38,-18,-38,-24,-32,-22,-35,-20,-35,-23,-29,-17,-28,-22,-23,-19,-24,-25,-20,-22,-20,-21,-18,-25,-8,-23,-12,-25,-9,-24,-7,-22,0,0,0,0,0,0,0,0,0,0,0,0,0,0,0,0,0,0,0,0,0,0,25,-8,25,-6,25,-6,27,-8,24,-9,28,-8,26,-8,27,-8,27,-9,28,-8,29,-10,28,-11,35,-13,30,-13,30,-15,36,-15,37,-15,33,-17,32,-19,34,-14,36,-16,38,-21,34,-24,38,-22,41,-19,44,-26,40,-26,43,-28,38,-29,39,-30,43,-33,40,-33,42,-34,41,-36,40,-37,41,-37,44,-41,42,-41,43,-37,46,-45,44,-43,40,-52,43,-51,41,-52,36,-52,42,-58,40,-55,38,-61,41,-61,38,-61,39,-60,39,-63,47,-64,36,-65,43,-60,37,-68,38,-68,0,0]"
CSI_DATA,168,2a:00:00:00:00:00,-38,11,1,0,1,1,1,0,0,0,1,-96,0,11,2,2499966,0,44,0,384,0,"[0,0,0,0,0,0,0,0,0,0,0,0,-4,-14,-4,-14,-4,-14,-3,-14,-3,-13,-3,-13,-3,-13,-3,-12,-3,-12,-4,-12,-4,-11,-4,-11,-4,-11,-4,-10,-4,-10,-4,-10,-5,-10,-4,-9,-5,-9,-5,-9,-5,-9,-5,-9,-5,-8,-6,-8,-5,-9,-5,-8,0,0,-5,-8,-5,-8,-5,-8,-5,-8,-5,-8,-4,-8,-4,-8,-4,-8,-4,-8,-3,-8,-3,-8,-3,-8,-3,-8,-2,-8,-2,-7,-2,-7,-1,-7,-1,-7,0,-6,0,-6,0,-6,0,-5,1,-5,1,-5,1,-4,1,-4,0,0,0,0,0,0,0,0,0,0,0,0,0,0,-50,64,-43,60,-51,64,-51,55,-49,64,-50,57,-41,65,-44,54,-42,57,-43,51,-42,49,-41,51,-37,51,-36,53,-21,58,-32,47,-34,55,-27,57,-27,49,-28,46,-23,47,-28,51,-18,50,-22,49,-22,45,-19,48,-20,47,-13,50,-19,47,-18,46,-20,41,-21,50,-15,45,-17,45,-16,45,-20,43,-21,40,-20,40,-21,42,-25,40,-23,39,-23,36,-23,36,-23,32,-24,31,-26,22,-20,27,-21,28,-27,25,-20,17,-27,21,-28,16,-26,13,-22,4,-24,10,-22,8,-21,2,0,0,0,0,0,0,0,0,0,0,0,0,0,0,0,0,0,0,0,0,0,0,-12,-24,-10,-30,-6,-27,-9,-31,-4,-27,-5,-28,-6,-30,-5,-31,-8,-32,-11,-29,-11,-34,-9,-30,-11,-36,-12,-33,-10,-33,-16,-40,-18,-36,-15,-37,-17,-35,-17,-37,-17,-38,-16,-43,-15,-40,-24,-40,-23,-42,-20,-38,-22,-41,-24,-46,-25,-39,-30,-41,-27,-45,-31,-45,-27,-45,-34,-48,-33,-49,-36,-51,-36,-43,-39,-48,-40,-45,-44,-41,-48,-43,-48,-46,-43,-45,-49,-46,-52,-41,-56,-41,-53,-44,-56,-40,-58,-44,-56,-42,-63,-45,-62,-43,-63,-47,-58,-50,-66,-43,-64,-48,-69,-47,0,0]"
CSI_DATA,169,2a:00:00:00:00:00,-38,11,1,0,1,1,1,0,0,0,1,-96,0,11,2,2509471,0,44,0,384,0,"[0,0,0,0,0,0,0,0,0,0,0,0,11,-9,11,-9,11,-9,11,-8,10,-8,10,-8,10,-8,10,-8,9,-8,8,-8,8,-8,8,-8,8,-9,7,-8,7,-8,7,-8,7,-8,7,-8,6,-8,6,-8,6,-7,6,-8,5,-8,5,-8,5,-8,5,-8,0,0,5,-8,5,-8,5,-8,5,-8,5,-7,5,-7,5,-7,5,-7,6,-6,5,-6,6,-6,5,-6,5,-5,5,-5,6,-4,5,-4,5,-4,5,-3,5,-3,5,-2,5,-2,5,-1,4,-1,4,-1,4,-1,4,0,0,0,0,0,0,0,0,0,0,0,0,0,0,0,-83,-18,-74,-21,-72,-15,-73,-20,-78,-18,-74,-22,-69,-21,-70,-16,-65,-14,-69,-13,-63,-10,-65,-10,-69,-15,-62,-12,-57,-12,-61,-2,-56,-10,-55,-7,-50,-1,-53,1,-55,-2,-53,0,-50,4,-47,3,-48,2,-50,4,-50,0,-48,7,-45,4,-52,3,-50,7,-50,10,-46,3,-47,10,-45,5,-44,5,-41,5,-44,4,-43,2,-43,2,-42,-1,-41,-4,-41,-2,-39,-1,-38,-10,-39,-6,-33,-7,-33,-8,-33,-12,-27,-13,-28,-14,-24,-13,-23,-16,-20,-13,-20,-17,-17,-17,-11,-13,0,0,0,0,0,0,0,0,0,0,0,0,0,0,0,0,0,0,0,0,0,0,26,-15,20,-15,22,-14,26,-12,22,-17,22,-15,24,-15,24,-19,26,-15,24,-18,22,-22,22,-18,28,-19,28,-22,26,-23,27,-23,29,-25,27,-26,27,-26,32,-24,36,-27,27,-32,31,-34,30,-31,33,-33,31,-38,30,-39,28,-41,28,-40,31,-40,32,-46,31,-44,28,-43,28,-45,31,-45,27,-51,26,-51,27,-53,23,-53,23,-51,25,-58,23,-62,24,-60,24,-62,22,-63,20,-60,19,-66,13,-64,17,-71,22,-67,23,-66,15,-78,20,-79,20,-75,17,-80,21,-72,14,-75,0,0]"
CSI_DATA,170,2a:00:00:00:00:00,-38,11,1,0,1,1,1,0,0,0,1,-96,0,11,2,2519496,0,44,0,384,0,"[0,0,0,0,0,0,0,0,0,0,0,0,12,-8,12,-8,11,-8,11,-8,11,-8,11,-7,10,-8,10,-8,10,-8,9,-7,9,-7,9,-7,8,-7,8,-7,8,-7,8,-8,7,-8,7,-7,6,-8,6,-8,6,-7,6,-8,6,-8,5,-8,6,-8,6,-8,0,0,6,-8,6,-7,6,-7,6,-7,6,-7,5,-7,5,-7,5,-7,6,-6,6,-6,6,-5,6,-5,6,-5,6,-4,6,-4,5,-4,5,-3,5,-3,5,-3,5,-2,5,-2,5,-1,5,-1,4,0,4,0,4,0,0,0,0,0,0,0,0,0,0,0,0,0,0,0,-72,-30,-68,-22,-75,-30,-74,-26,-76,-22,-72,-31,-67,-26,-68,-25,-62,-20,-65,-24,-68,-22,-65,-17,-61,-14,-60,-16,-63,-14,-62,-9,-61,-11,-52,-14,-55,-10,-55,-9,-54,-5,-53,-6,-50,-4,-50,-7,-50,-4,-47,-2,-46,0,-48,-3,-49,-3,-51,2,-46,0,-50,-1,-45,-2,-55,-2,-47,1,-49,-5,-49,-4,-44,0,-42,-8,-46,-2,-44,-4,-41,-9,-44,-7,-37,-10,-36,-15,-35,-8,-29,-14,-32,-14,-33,-20,-27,-12,-22,-18,-28,-18,-24,-17,-16,-16,-18,-21,-16,-20,-14,-18,0,0,0,0,0,0,0,0,0,0,0,0,0,0,0,0,0,0,0,0,0,0,19,-13,25,-12,24,-13,23,-16,20,-13,24,-15,24,-13,24,-15,23,-18,23,-16,29,-17,25,-17,28,-18,30,-20,27,-25,26,-19,28,-28,30,-22,31,-26,27,-26,29,-29,31,-27,32,-28,32,-32,32,-30,30,-34,34,-36,36,-35,35,-36,33,-42,26,-40,32,-39,32,-44,32,-37,34,-45,31,-48,28,-50,29,-51,29,-48,25,-56,22,-51,26,-56,28,-60,25,-55,24,-60,22,-65,25,-61,24,-68,20,-66,24,-66,24,-67,18,-65,23,-77,22,-71,24,-74,24,-73,23,-75,0,0]"
CSI_DATA,171,2a:00:00:00:00:00,-38,11,1,0,1,1,1,0,0,0,1,-96,0,11,2,2539541,0,44,0,384,0,"[0,0,0,0,0,0,0,0,0,0,0,0,12,-9,11,-9,11,-9,11,-9,10,-9,10,-8,10,-9,10,-8,9,-8,9,-8,9,-8,8,-8,8,-8,7,-8,7,-8,7,-8,7,-8,7,-8,6,-8,6,-8,6,-8,5,-8,6,-8,5,-8,5,-8,5,-9,0,0,5,-8,5,-8,5,-8,6,-8,5,-7,5,-8,5,-7,5,-7,6,-7,6,-6,6,-6,6,-6,5,-5,5,-5,6,-4,5,-4,5,-3,5,-3,5,-3,5,-2,5,-2,5,-2,4,-1,4,-1,4,-1,3,0,0,0,0,0,0,0,0,0,0,0,0,0,0,0,-74,-7,-78,-5,-84,-3,-76,0,-81,-2,-79,0,-66,2,-74,-5,-67,-1,-73,-3,-69,-4,-70,-2,-66,3,-63,-3,-61,-5,-58,3,-57,3,-52,2,-59,4,-55,13,-57,11,-54,8,-50,8,-50,8,-48,9,-45,8,-50,7,-49,12,-49,13,-47,13,-50,13,-50,11,-47,9,-46,11,-49,9,-48,7,-47,8,-43,7,-45,3,-47,2,-41,4,-46,-1,-40,0,-41,1,-39,-4,-36,-6,-39,-6,-34,-9,-33,-5,-29,-7,-29,-12,-25,-9,-23,-14,-22,-11,-21,-15,-19,-16,-16,-17,0,0,0,0,0,0,0,0,0,0,0,0,0,0,0,0,0,0,0,0,0,0,16,-23,16,-24,18,-19,18,-23,19,-25,20,-20,16,-27,20,-21,18,-26,14,-24,18,-24,20,-28,18,-24,20,-25,21,-32,18,-31,21,-36,15,-31,21,-32,17,-34,21,-37,15,-37,21,-38,22,-42,22,-38,24,-46,17,-44,20,-46,20,-43,14,-51,19,-49,17,-52,20,-51,15,-51,21,-55,12,-56,12,-64,16,-57,14,-55,18,-58,16,-58,9,-65,8,-68,5,-67,8,-67,5,-63,2,-69,4,-71,5,-67,2,-68,1,-71,-4,-73,0,-80,-3,-75,8,-79,6,-85,5,-79,0,0]"
CSI_DATA,172,2a:00:00:00:00:00,-38,11,1,0,1,1,1,0,0,0,1,-96,0,11,2,2549379,0,44,0,384,0,"[0,0,0,0,0,0,0,0,0,0,0,0,-8,12,-7,11,-7,12,-7,11,-7,11,-7,11,-7,11,-7,10,-6,10,-6,10,-6,10,-5,10,-4,10,-4,10,-4,9,-4,9,-4,9,-4,9,-3,9,-3,9,-3,9,-3,9,-3,9,-2,9,-2,9,-3,9,0,0,-3,9,-3,9,-2,8,-3,9,-3,8,-3,8,-3,8,-3,8,-4,8,-4,7,-4,7,-4,7,-4,6,-4,6,-4,5,-5,5,-5,5,-4,4,-5,4,-5,3,-5,3,-5,2,-5,2,-4,2,-4,1,-4,1,0,0,0,0,0,0,0,0,0,0,0,0,0,0,77,-15,72,-12,74,-13,80,-14,77,-21,76,-16,72,-13,69,-17,64,-18,64,-19,62,-17,65,-15,64,-15,54,-21,58,-18,56,-18,53,-18,53,-20,52,-21,53,-21,49,-22,51,-21,41,-24,47,-25,44,-23,43,-24,44,-27,43,-24,41,-29,39,-28,41,-28,42,-30,38,-25,42,-27,40,-25,40,-21,39,-22,38,-18,40,-17,42,-21,38,-22,41,-10,38,-14,38,-10,40,-6,34,-7,33,-5,33,-4,34,-3,30,-1,28,-1,32,2,28,6,28,8,24,6,22,8,22,7,0,0,0,0,0,0,0,0,0,0,0,0,0,0,0,0,0,0,0,0,0,0,-13,24,-15,23,-13,20,-16,24,-15,26,-13,22,-16,25,-9,28,-15,23,-15,24,-14,26,-13,28,-14,31,-15,31,-9,37,-15,37,-13,37,-15,31,-11,34,-13,38,-12,42,-15,40,-13,43,-10,44,-14,43,-13,48,-11,49,-12,49,-13,50,-8,49,-12,50,-8,54,-6,49,-4,54,-5,53,-5,58,-1,61,-3,56,3,55,-2,61,3,63,6,60,6,65,8,66,6,63,10,64,9,67,11,67,11,73,12,73,12,69,19,73,13,81,12,69,13,71,17,71,21,75,0,0]"
CSI_DATA,173,2a:00:00:00:00:00,-38,11,1,0,1,1,1,0,0,0,1,-96,0,11,2,2569414,0,44,0,384,0,"[0,0,0,0,0,0,0,0,0,0,0,0,-9,11,-8,11,-8,11,-8,11,-8,11,-8,10,-8,10,-8,10,-7,10,-7,10,-7,9,-7,9,-6,9,-6,9,-5,9,-5,9,-5,9,-4,9,-4,9,-4,9,-4,9,-3,9,-4,8,-3,9,-4,9,-4,9,0,0,-3,9,-3,9,-3,8,-3,8,-4,8,-4,8,-4,8,-4,7,-4,7,-4,7,-5,6,-5,6,-5,6,-5,5,-5,5,-5,5,-5,5,-5,4,-5,3,-5,3,-5,3,-5,2,-5,2,-5,1,-5,1,-5,0,0,0,0,0,0,0,0,0,0,0,0,0,0,0,71,-13,79,-6,76,-18,77,-12,71,-11,75,-10,64,-10,67,-8,65,-12,67,-11,65,-16,67,-15,63,-13,55,-15,56,-11,52,-15,59,-15,50,-14,54,-17,48,-14,48,-22,53,-18,46,-22,41,-20,45,-18,41,-23,46,-26,40,-24,43,-22,40,-26,39,-22,42,-24,44,-17,43,-21,45,-25,42,-22,39,-18,43,-22,40,-16,42,-19,37,-13,40,-10,39,-8,35,-6,38,-7,35,-8,38,-9,32,-3,35,-3,30,0,29,-1,31,3,24,4,22,7,23,11,22,12,17,11,0,0,0,0,0,0,0,0,0,0,0,0,0,0,0,0,0,0,0,0,0,0,-15,21,-17,19,-13,22,-20,20,-14,26,-17,23,-14,23,-12,27,-15,29,-15,26,-20,30,-14,26,-18,31,-15,31,-16,32,-17,33,-20,33,-18,33,-15,35,-17,38,-13,39,-13,36,-13,37,-14,40,-12,38,-15,46,-15,44,-7,47,-14,46,-11,47,-11,46,-11,52,-9,49,-3,53,-5,54,-9,56,-5,54,-8,59,-5,54,-2,58,-4,62,-1,60,4,68,4,60,2,62,13,62,9,64,9,69,8,66,6,67,11,67,9,70,5,72,13,73,12,81,19,77,11,71,0,0]"
CSI_DATA,174,2a:00:00:00:00:00,-38,11,1,0,1,1,1,0,0,0,1,-96,0,11,2,2579503,0,44,0,384,0,"[0,0,0,0,0,0,0,0,0,0,0,0,5,13,5,13,5,13,5,12,5,12,5,11,5,11,5,11,5,10,5,10,5,10,5,10,5,10,5,9,5,9,5,8,5,8,5,8,6,8,6,7,6,7,6,7,5,7,6,7,6,7,6,7,0,0,6,7,6,7,6,7,5,7,5,7,5,7,5,7,5,6,4,6,4,7,3,7,3,7,3,7,3,7,2,6,2,6,1,6,1,5,1,5,0,5,0,5,0,5,-1,5,-1,4,-1,4,-2,3,0,0,0,0,0,0,0,0,0,0,0,0,0,0,35,-72,40,-71,34,-66,33,-70,36,-65,35,-65,35,-66,33,-65,31,-65,35,-58,27,-57,33,-57,28,-58,28,-61,24,-56,26,-55,20,-57,24,-52,17,-50,23,-51,18,-51,20,-51,12,-53,10,-48,13,-52,11,-49,11,-51,11,-49,12,-49,10,-49,12,-49,13,-44,8,-50,9,-47,13,-42,11,-41,13,-50,11,-47,11,-44,14,-39,19,-43,17,-39,19,-37,18,-40,23,-35,23,-34,16,-28,20,-26,18,-26,23,-22,24,-20,25,-17,22,-18,23,-13,20,-12,23,-12,25,-7,0,0,0,0,0,0,0,0,0,0,0,0,0,0,0,0,0,0,0,0,0,0,12,23,10,20,11,23,11,23,14,26,10,24,12,24,11,26,14,25,14,26,13,25,16,31,19,32,18,28,18,28,18,34,20,30,20,34,21,29,21,33,20,32,27,38,26,40,27,35,30,39,26,39,30,40,28,37,36,39,33,38,31,39,33,40,38,36,33,39,41,37,41,38,43,39,43,37,44,36,46,39,49,38,51,37,52,38,60,37,51,35,52,32,57,35,60,36,64,36,65,40,63,32,68,34,64,36,64,40,65,39,71,34,71,35,0,0]"
CSI_DATA,175,2a:00:00:00:00:00,-38,11,1,0,1,1,1,0,0,0,1,-96,0,11,2,2589539,0,44,0,384,0,"[0,0,0,0,0,0,0,0,0,0,0,0,7,11,7,10,7,10,7,10,7,10,7,10,7,9,7,9,6,9,6,8,6,8,7,7,7,7,7,7,7,7,7,7,7,6,6,6,7,6,7,5,7,5,7,5,7,5,7,5,7,5,7,5,0,0,7,4,7,5,7,5,7,4,6,5,6,5,6,4,6,5,6,5,5,5,5,5,5,5,4,5,4,5,4,5,3,5,3,5,3,4,2,4,2,4,2,4,1,4,1,4,0,4,0,4,0,3,0,0,0,0,0,0,0,0,0,0,0,0,0,0,33,-78,36,-67,36,-72,34,-68,35,-72,34,-63,27,-66,33,-67,27,-67,24,-62,21,-57,25,-65,20,-57,20,-59,23,-53,15,-60,18,-58,15,-62,14,-57,16,-51,10,-56,10,-51,5,-54,7,-55,6,-53,6,-51,3,-46,-2,-53,7,-50,2,-52,3,-53,-1,-50,3,-48,1,-50,3,-49,3,-50,2,-51,2,-45,4,-49,6,-44,5,-40,9,-40,10,-43,11,-40,14,-40,12,-37,13,-31,10,-35,14,-29,15,-28,14,-27,17,-25,16,-23,20,-18,16,-20,19,-13,19,-11,0,0,0,0,0,0,0,0,0,0,0,0,0,0,0,0,0,0,0,0,0,0,8,24,10,24,8,28,6,30,7,26,8,29,11,26,10,30,10,31,12,28,10,29,10,31,18,31,19,36,16,33,13,36,16,34,18,34,22,34,21,36,20,28,27,32,19,39,25,32,23,37,31,38,29,40,27,38,32,42,34,39,34,39,39,41,40,40,40,42,41,34,42,37,45,34,44,41,48,38,44,37,54,38,51,35,51,35,54,36,52,32,57,38,57,36,62,28,68,38,63,31,66,33,67,31,65,31,66,37,73,35,71,28,69,31,0,0]"
CSI_DATA,176,2a:00:00:00:00:00,-37,11,1,0,1,1,1,0,0,0,1,-96,0,11,2,2599424,0,44,0,384,0,"[0,0,0,0,0,0,0,0,0,0,0,0,-15,0,-15,0,-15,0,-14,0,-14,0,-13,0,-14,0,-13,0,-13,0,-12,1,-12,1,-12,1,-12,1,-11,1,-11,1,-11,2,-11,2,-11,2,-10,2,-10,2,-10,2,-10,3,-10,3,-10,3,-9,3,-10,3,0,0,-10,3,-9,3,-9,2,-9,3,-9,2,-9,2,-9,2,-9,1,-9,1,-9,1,-9,1,-8,0,-8,0,-8,0,-8,0,-8,-1,-7,-1,-7,-1,-7,-2,-6,-2,-6,-2,-5,-2,-5,-3,-5,-3,-4,-3,-4,-3,0,0,0,0,0,0,0,0,0,0,0,0,0,0,53,53,53,60,61,52,55,51,63,50,58,51,56,49,53,45,51,51,51,42,53,37,49,39,54,37,49,39,47,35,52,35,50,35,49,27,43,28,47,30,48,26,44,27,49,23,50,24,40,25,46,22,45,20,48,22,47,23,47,17,43,20,49,18,50,27,46,19,48,17,38,18,38,19,43,24,41,18,36,20,34,25,37,24,32,23,32,18,28,28,29,26,25,25,26,26,18,23,19,25,18,24,14,24,13,27,7,20,6,21,7,24,6,22,0,0,0,0,0,0,0,0,0,0,0,0,0,0,0,0,0,0,0,0,0,0,-27,4,-24,3,-27,1,-28,1,-31,0,-28,5,-29,4,-30,3,-30,5,-34,3,-30,8,-35,6,-39,8,-36,8,-36,10,-34,9,-37,12,-37,10,-40,15,-36,13,-40,11,-43,15,-47,19,-42,14,-44,12,-45,23,-45,20,-46,21,-45,16,-46,21,-44,25,-55,24,-46,25,-48,26,-54,31,-52,32,-48,32,-45,36,-46,33,-46,37,-47,37,-51,41,-45,39,-49,44,-45,43,-44,46,-46,52,-47,52,-51,50,-49,51,-50,51,-50,57,-54,56,-49,60,-49,55,-60,63,-54,54,0,0]"
CSI_DATA,177,2a:00:00:00:00:00,-37,11,1,0,1,1,1,0,0,0,1,-96,0,11,2,2609800,0,44,0,384,0,"[0,0,0,0,0,0,0,0,0,0,0,0,-7,-13,-7,-13,-6,-12,-6,-13,-6,-12,-6,-12,-6,-11,-6,-11,-6,-11,-6,-10,-6,-10,-6,-10,-6,-9,-7,-9,-7,-9,-7,-9,-7,-8,-6,-8,-7,-8,-7,-8,-7,-7,-7,-7,-7,-7,-7,-7,-7,-7,-7,-7,0,0,-7,-7,-7,-7,-7,-7,-7,-7,-6,-7,-6,-7,-6,-7,-6,-7,-6,-7,-5,-7,-5,-7,-5,-7,-4,-7,-4,-7,-3,-7,-3,-7,-3,-6,-2,-6,-2,-6,-2,-6,-1,-6,-1,-6,-1,-5,0,-5,0,-5,0,-4,0,0,0,0,0,0,0,0,0,0,0,0,0,0,-32,74,-32,79,-27,68,-25,72,-27,72,-28,62,-27,73,-27,69,-30,69,-22,63,-24,60,-22,65,-22,62,-19,60,-27,53,-17,56,-19,55,-12,56,-12,55,-13,54,-12,56,-11,54,-5,55,-2,52,-4,47,-2,48,1,54,-1,53,-3,50,-3,51,-8,48,-5,50,3,50,-2,50,-4,49,-3,46,-2,53,-3,44,-6,50,-7,43,-6,43,-13,39,-13,35,-12,40,-8,39,-15,34,-14,34,-19,35,-15,28,-18,25,-15,25,-18,23,-16,23,-21,19,-18,15,-20,13,-21,10,0,0,0,0,0,0,0,0,0,0,0,0,0,0,0,0,0,0,0,0,0,0,-17,-26,-10,-24,-15,-23,-12,-26,-10,-28,-9,-24,-14,-28,-13,-25,-15,-27,-18,-28,-15,-30,-15,-29,-19,-31,-21,-35,-19,-26,-18,-31,-26,-34,-20,-35,-25,-30,-23,-29,-28,-28,-32,-31,-30,-36,-28,-37,-26,-37,-32,-33,-32,-40,-34,-36,-40,-36,-39,-38,-39,-38,-44,-37,-44,-36,-48,-33,-50,-36,-45,-36,-49,-36,-47,-34,-54,-38,-52,-35,-49,-37,-56,-32,-58,-30,-60,-34,-54,-29,-63,-26,-58,-23,-64,-30,-70,-26,-73,-33,-68,-28,-68,-29,-66,-32,-77,-29,-78,-31,-73,-30,-76,-27,0,0]"
CSI_DATA,178,2a:00:00:00:00:00,-37,11,1,0,1,1,1,0,0,0,1,-96,0,11,2,2619415,0,44,0,384,0,"[0,0,0,0,0,0,0,0,0,0,0,0,-11,-10,-11,-9,-11,-9,-11,-10,-11,-9,-10,-9,-10,-8,-10,-8,-10,-8,-10,-7,-10,-7,-10,-7,-10,-7,-10,-6,-9,-6,-10,-6,-10,-5,-9,-5,-9,-5,-9,-5,-9,-5,-9,-5,-9,-4,-9,-4,-9,-4,-9,-4,0,0,-9,-4,-9,-4,-9,-5,-9,-4,-9,-4,-9,-5,-8,-5,-8,-5,-8,-5,-8,-5,-7,-5,-7,-5,-7,-5,-6,-5,-6,-5,-6,-5,-5,-6,-5,-5,-4,-5,-4,-5,-3,-5,-3,-5,-2,-5,-2,-5,-2,-5,-1,-4,0,0,0,0,0,0,0,0,0,0,0,0,0,0,-7,75,-8,76,-7,82,-9,75,-2,72,-8,75,-5,71,-8,72,-3,68,-3,66,-3,62,-4,64,-3,62,-2,59,4,65,1,60,5,61,3,55,5,52,5,52,7,54,6,48,16,49,9,53,8,51,11,50,12,42,22,48,13,47,15,49,18,45,14,47,12,44,15,47,8,45,11,44,7,47,11,42,5,44,11,44,8,44,5,40,6,42,3,41,0,39,-1,39,-3,35,-4,36,-7,36,-8,33,-9,29,-9,26,-9,24,-11,27,-10,24,-11,21,-17,15,0,0,0,0,0,0,0,0,0,0,0,0,0,0,0,0,0,0,0,0,0,0,-16,-23,-15,-22,-14,-23,-20,-23,-18,-22,-19,-23,-20,-23,-22,-19,-20,-24,-22,-22,-22,-21,-26,-22,-25,-22,-29,-25,-27,-26,-27,-25,-27,-28,-28,-28,-32,-27,-29,-23,-31,-27,-36,-26,-33,-23,-40,-26,-39,-26,-39,-23,-40,-24,-42,-29,-42,-26,-53,-23,-48,-25,-48,-30,-50,-29,-47,-25,-56,-21,-52,-22,-50,-18,-51,-21,-53,-19,-61,-19,-62,-17,-58,-13,-62,-13,-64,-14,-59,-8,-65,-12,-58,-7,-73,-8,-75,-13,-69,-12,-74,-8,-73,-6,-74,-8,-75,-11,-78,-11,-76,-11,-76,-12,0,0]"
CSI_DATA,179,2a:00:00:00:00:00,-37,11,1,0,1,1,1,0,0,0,1,-96,0,11,2,2630178,0,44,0,384,0,"[0,0,0,0,0,0,0,0,0,0,0,0,12,-8,11,-8,11,-8,11,-7,11,-8,10,-7,11,-7,10,-7,10,-7,9,-7,9,-7,9,-8,8,-7,8,-7,7,-7,8,-8,7,-8,7,-7,6,-8,6,-8,6,-7,6,-8,6,-8,5,-8,6,-8,6,-8,0,0,6,-8,6,-8,5,-8,6,-8,5,-7,5,-7,6,-7,5,-7,6,-6,6,-6,6,-6,6,-5,6,-5,5,-5,6,-4,6,-4,5,-4,5,-3,5,-3,5,-2,5,-2,5,-1,4,-1,4,-1,4,-1,4,0,0,0,0,0,0,0,0,0,0,0,0,0,0,0,-75,-30,-70,-34,-70,-33,-70,-34,-75,-34,-67,-36,-66,-29,-65,-32,-61,-32,-61,-30,-66,-30,-62,-30,-59,-26,-58,-23,-62,-21,-58,-13,-53,-19,-55,-18,-51,-14,-59,-16,-56,-11,-55,-13,-51,-7,-51,-11,-45,-14,-52,-7,-56,-4,-54,-4,-49,-3,-53,-2,-55,-3,-50,-6,-44,-5,-45,-6,-46,-5,-45,-9,-49,-6,-47,-11,-44,-10,-47,-8,-43,-9,-44,-11,-34,-14,-34,-13,-38,-19,-37,-16,-31,-12,-31,-13,-30,-19,-29,-20,-26,-18,-22,-21,-21,-18,-21,-17,-15,-20,-14,-19,-11,-22,0,0,0,0,0,0,0,0,0,0,0,0,0,0,0,0,0,0,0,0,0,0,23,-13,23,-11,24,-9,24,-11,25,-9,24,-10,26,-10,29,-10,27,-11,22,-17,27,-14,28,-16,28,-17,27,-14,30,-16,33,-17,30,-20,31,-25,31,-18,34,-20,33,-22,40,-24,32,-22,36,-24,34,-32,37,-28,38,-29,37,-37,34,-31,35,-28,39,-38,38,-34,40,-34,38,-39,41,-37,43,-45,38,-44,37,-46,33,-46,28,-49,41,-47,38,-57,36,-51,36,-54,35,-58,35,-57,35,-58,38,-62,33,-60,35,-66,27,-68,31,-67,35,-67,29,-68,32,-67,31,-73,35,-72,0,0]"
CSI_DATA,180,2a:00:00:00:00:00,-37,11,1,0,1,1,1,0,0,0,1,-96,0,11,2,2661909,0,44,0,384,0,"[0,0,0,0,0,0,0,0,0,0,0,0,13,5,12,5,12,5,12,5,12,5,11,4,11,4,11,4,11,4,10,3,11,3,11,2,10,2,10,2,10,2,10,2,10,1,10,1,9,1,9,1,9,1,9,1,9,0,9,0,9,0,9,0,0,0,9,0,9,0,9,0,9,0,8,0,8,1,9,1,8,1,8,1,8,1,8,1,7,1,7,1,7,2,6,2,6,2,6,2,5,2,5,2,5,3,4,3,4,3,3,3,3,3,3,3,2,3,0,0,0,0,0,0,0,0,0,0,0,0,0,0,-36,-74,-34,-76,-34,-76,-31,-69,-33,-65,-36,-62,-36,-67,-37,-66,-32,-63,-27,-63,-38,-60,-35,-55,-35,-54,-33,-62,-33,-54,-35,-54,-32,-52,-35,-48,-34,-47,-35,-44,-38,-41,-34,-43,-33,-39,-38,-37,-33,-41,-39,-40,-35,-39,-39,-40,-37,-37,-37,-33,-35,-40,-39,-37,-37,-40,-33,-35,-34,-36,-30,-36,-34,-37,-33,-36,-33,-36,-29,-34,-27,-35,-31,-35,-22,-37,-24,-30,-21,-35,-19,-38,-16,-33,-14,-34,-9,-32,-14,-30,-3,-30,-4,-29,-3,-30,-6,-28,0,-25,-1,-24,0,-28,0,0,0,0,0,0,0,0,0,0,0,0,0,0,0,0,0,0,0,0,0,0,24,7,22,7,26,7,26,7,25,5,24,10,26,8,27,9,23,5,26,8,32,7,30,8,32,6,33,6,35,5,35,9,32,6,37,3,35,6,37,6,40,5,41,2,41,3,45,3,43,3,47,2,43,0,48,0,49,-1,52,1,47,-3,51,-1,52,-6,52,-7,57,-6,51,-12,55,-13,58,-10,60,-10,57,-12,58,-12,59,-21,61,-18,63,-20,61,-18,58,-25,60,-27,60,-32,66,-30,68,-32,68,-32,69,-30,72,-32,66,-30,71,-37,76,-31,72,-39,0,0]"
CSI_DATA,181,2a:00:00:00:00:00,-37,11,1,0,1,1,1,0,0,0,1,-96,0,11,2,2669392,0,44,0,384,0,"[0,0,0,0,0,0,0,0,0,0,0,0,12,-9,11,-9,11,-9,11,-8,10,-8,10,-8,10,-8,10,-8,9,-8,9,-8,9,-8,9,-8,8,-8,7,-8,7,-8,7,-9,7,-8,7,-8,6,-8,6,-8,6,-8,6,-8,6,-8,5,-8,5,-8,5,-8,0,0,5,-8,5,-8,5,-8,5,-8,5,-8,5,-7,5,-7,5,-7,6,-7,6,-7,6,-6,6,-6,5,-5,5,-5,6,-5,5,-4,6,-4,5,-4,5,-3,5,-3,5,-2,5,-2,5,-2,4,-1,4,-1,4,-1,0,0,0,0,0,0,0,0,0,0,0,0,0,0,-82,-16,-74,-28,-76,-20,-78,-12,-77,-18,-80,-19,-69,-21,-77,-20,-65,-12,-70,-15,-70,-16,-62,-16,-69,-11,-64,-14,-64,-11,-61,-8,-63,-6,-60,-5,-58,-9,-58,-2,-64,-1,-56,-1,-58,-2,-54,-3,-51,4,-49,3,-51,3,-50,5,-53,1,-58,8,-55,7,-55,6,-51,2,-49,1,-50,5,-50,-1,-52,-1,-49,1,-49,-1,-50,0,-43,-3,-45,-8,-42,-9,-43,-9,-43,-10,-37,-11,-38,-11,-33,-12,-31,-17,-29,-12,-28,-18,-28,-13,-27,-19,-20,-18,-23,-18,-20,-13,-17,-18,0,0,0,0,0,0,0,0,0,0,0,0,0,0,0,0,0,0,0,0,0,0,16,-16,17,-19,19,-16,20,-16,17,-15,22,-16,18,-14,20,-16,19,-20,21,-16,23,-27,24,-22,22,-25,23,-23,26,-26,23,-25,25,-27,21,-30,25,-33,27,-30,27,-37,27,-36,26,-37,28,-32,30,-34,27,-35,28,-36,30,-41,29,-39,29,-45,30,-44,27,-46,31,-50,22,-47,29,-52,29,-52,22,-49,22,-52,22,-54,26,-57,23,-62,21,-61,23,-63,19,-64,16,-62,19,-63,18,-65,19,-71,16,-70,16,-68,15,-67,16,-79,10,-79,18,-77,19,-85,13,-80,22,-79,0,0]"
CSI_DATA,182,2a:00:00:00:00:00,-38,11,1,0,1,1,1,0,0,0,1,-96,0,11,2,2719503,0,44,0,384,0,"[0,0,0,0,0,0,0,0,0,0,0,0,13,-6,12,-6,12,-6,12,-6,11,-6,11,-6,11,-6,11,-6,11,-6,10,-6,10,-6,10,-6,9,-6,9,-6,8,-6,9,-7,8,-7,8,-7,7,-7,7,-7,7,-6,7,-7,7,-7,6,-7,6,-7,7,-7,0,0,7,-8,7,-7,6,-7,7,-7,6,-6,6,-6,7,-6,6,-6,7,-6,7,-6,7,-5,7,-5,6,-5,6,-4,7,-4,6,-4,6,-3,6,-3,6,-3,6,-2,6,-2,5,-1,5,-1,5,-1,5,0,4,0,0,0,0,0,0,0,0,0,0,0,0,0,0,0,-62,-55,-59,-48,-59,-42,-64,-45,-58,-50,-59,-43,-58,-38,-54,-43,-58,-38,-53,-38,-56,-32,-51,-39,-55,-35,-52,-32,-51,-36,-51,-34,-52,-33,-47,-24,-44,-31,-47,-21,-49,-21,-49,-26,-45,-20,-47,-18,-48,-25,-50,-17,-47,-20,-51,-18,-44,-28,-48,-16,-49,-14,-47,-13,-41,-19,-45,-15,-49,-17,-42,-18,-47,-16,-46,-18,-38,-17,-43,-18,-40,-18,-40,-23,-37,-24,-38,-28,-32,-26,-37,-26,-34,-25,-30,-25,-23,-27,-26,-24,-25,-25,-21,-24,-19,-25,-17,-26,-12,-24,-10,-30,-5,-27,0,0,0,0,0,0,0,0,0,0,0,0,0,0,0,0,0,0,0,0,0,0,24,-10,26,-8,24,-4,29,-3,24,-4,27,-4,23,-6,26,-9,28,-12,32,-4,31,-6,30,-12,33,-3,30,-7,33,-9,32,-9,36,-11,34,-14,34,-16,38,-13,36,-13,36,-19,39,-12,42,-15,42,-17,39,-15,42,-22,41,-23,44,-21,44,-20,44,-25,44,-29,46,-25,43,-28,44,-29,45,-37,45,-32,45,-35,41,-33,44,-38,45,-43,44,-40,41,-38,45,-43,44,-53,45,-47,42,-49,37,-54,39,-50,46,-53,44,-53,42,-48,44,-56,40,-59,45,-59,52,-56,42,-64,0,0]"
CSI_DATA,183,2a:00:00:00:00:00,-38,11,1,0,1,1,1,0,0,0,1,-96,0,11,2,2729418,0,44,0,384,0,"[0,0,0,0,0,0,0,0,0,0,0,0,4,12,5,12,5,12,5,12,5,11,4,11,5,11,5,10,5,10,5,10,5,10,5,9,5,9,5,9,5,8,5,8,6,8,5,7,6,8,6,7,6,7,6,7,6,7,6,7,6,7,6,6,0,0,6,6,6,6,6,6,6,6,6,6,6,6,6,6,5,6,5,6,5,6,5,7,4,7,4,6,4,6,3,6,3,6,3,6,2,6,2,6,2,6,1,5,1,6,0,5,0,5,0,5,-1,5,0,0,0,0,0,0,0,0,0,0,0,0,0,0,23,-72,17,-77,17,-74,22,-72,21,-69,20,-65,16,-73,16,-70,11,-66,15,-64,16,-70,13,-63,11,-66,12,-59,10,-60,4,-59,6,-60,2,-58,3,-51,6,-55,0,-54,3,-53,3,-50,-3,-56,0,-54,-3,-48,-5,-50,-2,-50,-4,-47,-3,-50,-4,-51,-2,-47,-6,-50,-6,-48,-3,-52,-3,-46,-7,-52,-6,-45,1,-53,2,-49,1,-46,4,-42,5,-45,2,-43,5,-42,7,-38,12,-38,10,-39,9,-36,13,-38,14,-33,13,-30,13,-27,13,-29,19,-27,17,-25,18,-21,0,0,0,0,0,0,0,0,0,0,0,0,0,0,0,0,0,0,0,0,0,0,12,22,13,24,16,20,12,24,15,26,13,22,15,26,14,26,17,26,16,26,18,30,16,23,21,26,18,27,23,32,23,30,24,27,25,29,23,29,27,31,33,25,31,30,26,28,30,31,33,30,35,32,34,35,34,31,37,33,35,36,38,32,41,30,45,30,41,29,48,26,44,33,49,37,47,28,51,30,47,31,54,31,56,22,52,31,60,28,59,24,56,22,58,24,65,21,64,20,64,23,69,25,66,24,71,21,65,21,76,20,78,24,72,12,0,0]"
CSI_DATA,184,2a:00:00:00:00:00,-39,11,1,0,1,1,1,0,0,0,1,-96,0,11,2,2739422,0,44,0,384,0,"[0,0,0,0,0,0,0,0,0,0,0,0,1,13,1,13,2,13,1,13,1,12,1,12,1,12,1,11,2,11,2,11,1,11,1,10,2,10,2,10,2,10,3,9,3,9,3,9,3,9,4,8,3,8,4,8,3,8,4,8,4,8,4,8,0,0,4,8,4,8,4,8,3,8,4,8,4,7,4,7,3,7,3,7,3,7,2,8,2,7,2,7,2,7,1,7,1,7,1,7,0,6,0,6,0,6,-1,6,-1,6,-1,5,-2,5,-2,5,-2,4,0,0,0,0,0,0,0,0,0,0,0,0,0,0,48,-66,47,-54,47,-70,43,-61,41,-56,41,-59,39,-55,44,-60,31,-55,38,-61,43,-57,37,-54,35,-58,35,-47,31,-56,28,-51,28,-54,21,-56,22,-52,23,-52,21,-54,21,-51,10,-54,15,-53,20,-50,16,-51,14,-46,12,-50,14,-47,10,-51,14,-45,12,-56,12,-50,14,-53,14,-46,16,-50,18,-42,14,-43,15,-45,20,-41,18,-44,17,-44,22,-41,18,-40,20,-37,22,-37,22,-34,20,-30,29,-34,25,-29,28,-26,23,-25,23,-23,20,-20,20,-18,24,-22,28,-13,0,0,0,0,0,0,0,0,0,0,0,0,0,0,0,0,0,0,0,0,0,0,4,27,4,31,4,30,0,29,5,30,2,30,6,25,1,30,5,30,7,29,5,34,4,39,9,36,7,35,10,37,5,32,6,38,12,33,14,38,12,40,9,36,14,40,12,39,16,45,15,42,19,41,17,46,20,47,18,46,26,49,22,42,22,47,22,50,28,46,31,45,30,47,27,42,33,48,40,46,41,39,44,48,39,38,44,45,42,42,43,48,47,48,48,51,50,40,51,39,54,39,59,40,58,42,58,49,54,43,61,42,66,42,62,45,0,0]"
CSI_DATA,185,2a:00:00:00:00:00,-39,11,1,0,1,1,1,0,0,0,1,-96,0,11,2,2749422,0,44,0,384,0,"[0,0,0,0,0,0,0,0,0,0,0,0,-4,12,-4,12,-3,12,-4,12,-3,12,-4,12,-3,11,-3,11,-3,11,-2,10,-3,10,-2,10,-2,10,-2,10,-1,10,-1,9,-1,9,-1,9,0,9,0,9,0,9,0,9,0,8,1,9,0,9,0,9,0,0,0,9,0,9,0,9,0,8,0,8,0,8,0,8,0,8,-1,8,-1,8,-1,8,-1,8,-1,7,-2,7,-2,7,-2,7,-2,6,-3,6,-3,6,-3,5,-4,5,-4,5,-4,4,-4,4,-4,3,-4,3,0,0,0,0,0,0,0,0,0,0,0,0,0,0,72,-26,72,-26,73,-29,72,-23,69,-24,70,-23,63,-29,70,-24,60,-24,63,-22,62,-22,61,-21,60,-24,50,-23,57,-23,51,-25,54,-29,46,-27,46,-28,44,-28,45,-31,41,-29,38,-32,42,-28,40,-30,38,-29,37,-33,37,-37,36,-33,41,-37,41,-32,36,-38,40,-28,34,-29,36,-30,35,-33,35,-31,32,-26,39,-24,35,-29,39,-26,40,-19,34,-21,35,-20,36,-19,40,-16,38,-17,35,-14,35,-11,38,-11,41,-5,36,-11,31,-8,32,-5,29,0,26,7,30,5,0,0,0,0,0,0,0,0,0,0,0,0,0,0,0,0,0,0,0,0,0,0,-18,26,-14,27,-18,23,-16,24,-18,20,-18,28,-19,27,-12,26,-17,26,-18,25,-18,26,-14,31,-16,32,-14,35,-19,34,-18,35,-19,34,-13,33,-13,36,-12,37,-10,36,-17,42,-10,43,-13,45,-13,44,-12,47,-14,46,-8,50,-13,45,-8,46,-9,50,-7,49,-5,51,-9,55,-6,52,-2,52,-2,55,-1,60,-1,57,3,61,6,62,11,63,8,64,9,61,11,63,19,61,15,66,15,66,18,66,18,64,18,66,23,69,26,70,18,65,30,71,28,72,24,65,0,0]"
CSI_DATA,186,2a:00:00:00:00:00,-40,11,1,0,1,1,1,0,0,0,1,-96,0,11,2,2770136,0,44,0,384,0,"[0,0,0,0,0,0,0,0,0,0,0,0,1,-14,1,-13,1,-14,1,-13,1,-13,1,-12,1,-12,1,-12,1,-12,0,-12,0,-11,0,-11,-1,-11,-1,-11,-1,-10,-1,-10,-1,-10,-1,-10,-2,-9,-2,-9,-2,-9,-2,-10,-2,-9,-2,-9,-2,-9,-2,-9,0,0,-2,-9,-2,-9,-2,-9,-2,-9,-2,-8,-2,-9,-2,-9,-2,-8,-1,-8,-1,-9,-1,-8,0,-8,0,-8,0,-8,0,-8,1,-7,1,-7,1,-6,1,-7,2,-6,2,-6,2,-6,2,-5,2,-5,3,-5,3,-4,0,0,0,0,0,0,0,0,0,0,0,0,0,0,-55,45,-70,45,-54,48,-64,48,-59,48,-60,41,-52,49,-57,48,-55,45,-49,42,-46,46,-39,41,-51,46,-44,40,-41,42,-40,43,-37,42,-33,39,-32,36,-36,41,-35,41,-31,38,-31,41,-24,40,-27,35,-24,45,-24,44,-23,41,-22,38,-22,42,-26,44,-22,42,-27,39,-24,38,-27,37,-27,34,-22,35,-24,39,-27,39,-27,39,-29,33,-29,33,-28,31,-28,30,-30,28,-31,23,-30,29,-32,20,-28,19,-32,19,-27,15,-27,16,-30,16,-30,9,-28,8,-25,6,-27,5,0,0,0,0,0,0,0,0,0,0,0,0,0,0,0,0,0,0,0,0,0,0,7,-33,4,-35,14,-34,5,-36,6,-30,10,-36,7,-36,14,-36,6,-36,7,-35,5,-37,5,-39,5,-40,1,-43,8,-39,5,-39,6,-45,2,-43,1,-47,3,-47,-6,-49,-2,-49,-2,-50,-2,-50,-3,-45,-8,-52,-5,-56,-6,-54,-5,-52,-11,-60,-12,-54,-14,-59,-15,-55,-13,-58,-18,-54,-16,-62,-23,-62,-20,-59,-23,-57,-25,-56,-27,-56,-29,-56,-26,-55,-32,-56,-33,-58,-33,-61,-41,-56,-40,-59,-44,-56,-48,-57,-47,-59,-44,-56,-47,-61,-48,-58,-51,-60,-57,-65,-48,-58,0,0]"
CSI_DATA,187,2a:00:00:00:00:00,-40,11,1,0,1,1,1,0,0,0,1,-96,0,11,2,2779414,0,44,0,384,0,"[0,0,0,0,0,0,0,0,0,0,0,0,-14,0,-14,0,-13,0,-14,0,-13,0,-13,0,-12,0,-12,1,-12,0,-11,1,-11,1,-11,2,-10,1,-10,2,-10,1,-10,2,-10,2,-9,2,-9,2,-9,2,-9,2,-9,3,-8,3,-8,3,-8,3,-8,3,0,0,-8,3,-8,3,-8,3,-8,3,-8,2,-8,3,-8,2,-8,2,-8,2,-8,2,-8,2,-8,1,-8,1,-8,1,-7,0,-8,0,-7,0,-7,0,-7,-1,-6,-1,-6,-1,-6,-2,-6,-2,-5,-2,-5,-2,-5,-3,0,0,0,0,0,0,0,0,0,0,0,0,0,0,30,67,36,69,35,67,33,63,33,73,32,62,35,60,32,63,25,58,30,57,26,55,32,52,37,49,27,47,36,49,32,47,30,48,26,44,24,40,35,36,32,35,33,39,26,33,26,30,32,31,33,32,36,30,34,36,32,35,35,33,33,25,30,33,33,32,30,26,33,29,27,28,32,28,31,29,28,33,24,30,25,32,25,35,23,30,18,34,19,35,20,31,17,31,17,33,12,35,11,33,11,28,10,34,4,30,6,28,5,29,0,29,-3,28,0,0,0,0,0,0,0,0,0,0,0,0,0,0,0,0,0,0,0,0,0,0,-32,-15,-31,-17,-27,-15,-33,-14,-33,-21,-33,-22,-28,-18,-35,-17,-35,-17,-39,-15,-37,-16,-38,-17,-42,-11,-40,-19,-38,-16,-40,-16,-40,-13,-46,-15,-46,-12,-43,-16,-46,-17,-47,-15,-52,-8,-50,-14,-48,-16,-54,-7,-53,-11,-54,-10,-60,-8,-51,-11,-57,-5,-56,-8,-57,-8,-63,-3,-60,-5,-62,1,-61,7,-60,4,-65,5,-62,7,-56,10,-63,11,-64,20,-67,12,-63,22,-58,13,-63,21,-67,28,-63,24,-63,23,-70,26,-69,29,-67,25,-68,24,-74,29,-64,33,-72,31,0,0]"
CSI_DATA,188,2a:00:00:00:00:00,-40,11,1,0,1,1,1,0,0,0,1,-96,0,11,2,2790115,0,44,0,384,0,"[0,0,0,0,0,0,0,0,0,0,0,0,12,-5,12,-5,11,-6,11,-5,11,-5,10,-5,10,-5,10,-5,10,-5,9,-5,9,-5,9,-5,8,-5,8,-5,7,-5,7,-6,7,-6,7,-6,6,-6,6,-6,6,-5,5,-6,6,-6,5,-6,5,-6,6,-6,0,0,6,-6,5,-6,5,-6,5,-6,5,-5,5,-5,5,-5,5,-5,5,-5,6,-5,6,-4,5,-4,5,-4,5,-3,5,-3,5,-3,5,-3,5,-2,5,-2,5,-1,5,-1,5,-1,4,0,4,0,4,0,4,1,0,0,0,0,0,0,0,0,0,0,0,0,0,0,-73,-28,-68,-27,-77,-26,-69,-28,-69,-20,-73,-26,-63,-27,-67,-21,-60,-26,-67,-26,-60,-20,-54,-19,-54,-19,-56,-11,-55,-19,-50,-14,-52,-15,-51,-7,-54,-8,-48,-4,-57,-4,-50,-3,-48,1,-43,-1,-43,1,-43,-6,-44,2,-42,2,-44,4,-48,1,-47,5,-44,9,-41,0,-41,6,-43,2,-42,-6,-41,3,-42,-1,-42,6,-42,7,-38,-1,-46,-9,-41,-7,-40,-5,-41,-7,-34,-3,-36,-4,-34,-7,-31,-9,-31,-9,-28,-8,-23,-14,-30,-13,-23,-13,-21,-20,-21,-18,-19,-20,0,0,0,0,0,0,0,0,0,0,0,0,0,0,0,0,0,0,0,0,0,0,30,-5,35,-3,30,-3,34,-2,34,0,36,-1,35,-1,39,-7,39,-7,39,-2,44,-8,43,-6,42,-7,41,-8,48,-8,45,-10,49,-15,45,-11,50,-15,50,-13,52,-20,44,-23,51,-19,55,-15,49,-21,56,-25,48,-26,54,-25,46,-23,54,-26,47,-25,55,-29,50,-36,49,-35,53,-36,47,-39,45,-36,51,-36,44,-37,51,-45,46,-43,41,-48,45,-55,42,-49,41,-60,41,-53,37,-61,36,-62,34,-63,34,-58,36,-63,37,-64,35,-75,29,-66,30,-69,33,-72,35,-68,0,0]"
CSI_DATA,189,2a:00:00:00:00:00,-40,11,1,0,1,1,1,0,0,0,1,-96,0,11,2,2799408,0,44,0,384,0,"[0,0,0,0,0,0,0,0,0,0,0,0,-10,-10,-10,-9,-10,-9,-9,-9,-9,-9,-9,-8,-9,-8,-9,-8,-9,-8,-9,-7,-9,-7,-8,-6,-9,-6,-8,-6,-8,-6,-8,-5,-8,-5,-8,-4,-8,-5,-8,-5,-8,-5,-8,-4,-8,-4,-8,-4,-8,-4,-8,-3,0,0,-8,-3,-8,-4,-8,-4,-7,-3,-7,-4,-7,-4,-7,-4,-7,-4,-7,-4,-7,-4,-6,-4,-6,-5,-6,-5,-5,-5,-5,-5,-5,-5,-5,-5,-4,-5,-3,-5,-3,-5,-3,-5,-3,-5,-2,-5,-2,-5,-1,-5,-1,-5,0,0,0,0,0,0,0,0,0,0,0,0,0,0,-7,76,-1,75,-5,77,-6,73,2,72,-1,74,2,66,-2,69,-2,71,3,69,2,62,7,58,3,58,3,57,5,51,12,54,10,53,8,50,7,52,10,41,12,47,5,44,14,46,12,40,14,41,17,42,8,38,18,40,17,38,19,37,14,42,16,40,20,39,16,38,13,41,10,37,16,37,16,36,14,39,10,39,9,36,4,38,11,39,8,39,1,34,2,36,1,38,-1,31,0,33,-8,32,-10,30,-7,28,-11,23,-10,24,-15,22,-17,20,-14,16,0,0,0,0,0,0,0,0,0,0,0,0,0,0,0,0,0,0,0,0,0,0,-25,-32,-25,-28,-23,-29,-26,-35,-19,-26,-21,-30,-21,-34,-25,-32,-25,-36,-26,-35,-30,-31,-31,-33,-34,-34,-31,-34,-30,-38,-30,-35,-41,-39,-34,-37,-36,-33,-41,-35,-38,-38,-35,-30,-44,-38,-41,-35,-40,-37,-44,-33,-42,-38,-48,-37,-47,-38,-48,-37,-50,-32,-55,-28,-53,-34,-51,-34,-53,-30,-55,-25,-56,-25,-60,-26,-57,-21,-59,-24,-61,-22,-65,-14,-65,-16,-68,-18,-66,-8,-59,-13,-69,-12,-66,-7,-72,-7,-73,-8,-75,-5,-74,-6,-76,-7,-77,-5,-82,-4,-75,-5,-81,4,0,0]"
CSI_DATA,190,2a:00:00:00:00:00,-39,11,1,0,1,1,1,0,0,0,1,-96,0,11,2,2810040,0,44,0,384,0,"[0,0,0,0,0,0,0,0,0,0,0,0,-1,12,-1,12,0,12,-1,12,-1,12,-1,11,0,10,0,10,0,10,0,10,1,10,-1,9,1,9,1,8,1,8,1,8,2,8,2,8,2,8,2,8,2,7,2,7,2,7,3,7,3,7,2,7,0,0,3,7,2,7,3,7,2,7,2,6,2,7,2,7,2,6,1,6,1,6,1,6,1,6,0,6,0,6,0,6,-1,5,-1,5,-1,5,-1,5,-2,5,-2,4,-2,4,-2,4,-3,4,-3,3,-3,2,0,0,0,0,0,0,0,0,0,0,0,0,0,0,58,-48,57,-49,64,-48,60,-49,54,-45,55,-39,53,-45,59,-41,50,-42,48,-38,47,-38,45,-38,50,-43,48,-43,50,-37,37,-43,41,-33,37,-41,32,-39,35,-34,30,-38,29,-36,21,-43,26,-37,23,-38,22,-34,26,-38,20,-41,24,-40,19,-39,23,-35,26,-41,22,-34,22,-38,21,-34,22,-36,23,-38,17,-34,28,-33,24,-29,27,-33,24,-29,29,-25,31,-24,27,-21,23,-20,30,-21,24,-23,26,-18,23,-12,20,-18,25,-10,25,-9,25,-8,24,-4,24,0,21,-1,0,0,0,0,0,0,0,0,0,0,0,0,0,0,0,0,0,0,0,0,0,0,-11,34,-11,30,-10,29,-9,31,-11,35,-6,37,-9,40,-9,41,-10,43,-9,37,-7,41,-13,41,-10,43,-13,48,-11,45,-12,46,-8,54,-10,44,-3,44,-10,52,-4,50,-11,54,-3,54,-5,53,-4,52,-6,57,-5,48,-1,54,4,56,8,59,4,55,2,58,8,54,8,59,15,56,9,55,12,60,15,59,15,58,24,56,24,63,23,56,23,59,26,58,24,55,26,65,29,62,31,59,33,56,38,57,37,59,40,60,42,57,43,59,45,60,43,63,44,58,0,0]"
CSI_DATA,191,2a:00:00:00:00:00,-39,11,1,0,1,1,1,0,0,0,1,-96,0,11,2,2819399,0,44,0,384,0,"[0,0,0,0,0,0,0,0,0,0,0,0,-1,-14,-1,-13,-1,-13,-1,-13,-1,-13,-1,-12,-1,-12,-1,-12,-1,-11,-2,-11,-2,-11,-2,-10,-2,-11,-2,-10,-2,-10,-2,-10,-3,-9,-2,-9,-3,-9,-3,-9,-3,-9,-3,-9,-3,-8,-4,-8,-4,-8,-3,-8,0,0,-3,-8,-3,-8,-3,-8,-3,-8,-3,-8,-3,-8,-2,-8,-2,-8,-1,-8,-1,-8,-1,-8,-1,-7,-1,-7,0,-7,0,-7,0,-7,0,-7,1,-6,1,-6,1,-5,2,-5,2,-5,2,-5,2,-4,3,-4,2,-3,0,0,0,0,0,0,0,0,0,0,0,0,0,0,-60,44,-61,46,-57,47,-56,40,-61,44,-57,38,-56,35,-50,39,-53,42,-51,40,-49,39,-49,42,-46,33,-42,39,-45,39,-46,33,-43,40,-35,32,-36,37,-39,38,-35,35,-35,35,-28,36,-30,39,-26,34,-26,34,-28,39,-26,40,-21,36,-23,35,-22,36,-27,39,-26,37,-26,32,-23,33,-25,36,-27,29,-23,31,-23,30,-32,29,-31,30,-27,24,-26,21,-28,24,-26,22,-28,16,-36,12,-31,16,-30,13,-30,9,-30,12,-25,10,-27,4,-25,3,-26,-1,-26,-4,-24,-6,0,0,0,0,0,0,0,0,0,0,0,0,0,0,0,0,0,0,0,0,0,0,4,-33,6,-37,6,-37,7,-32,3,-40,4,-39,8,-40,3,-40,3,-42,5,-42,9,-46,6,-41,6,-46,5,-44,6,-43,6,-51,4,-44,3,-50,0,-51,-1,-53,1,-57,0,-51,-1,-55,2,-54,5,-53,1,-57,0,-54,-2,-56,-5,-54,-6,-53,-6,-57,-8,-56,-12,-55,-12,-61,-16,-60,-14,-59,-18,-63,-20,-66,-19,-56,-24,-64,-24,-53,-30,-63,-26,-59,-33,-60,-26,-54,-31,-52,-34,-57,-42,-59,-35,-55,-45,-59,-45,-62,-41,-62,-40,-58,-41,-58,-44,-62,-46,-64,-52,-61,0,0]"
CSI_DATA,192,2a:00:00:00:00:00,-38,11,1,0,1,1,1,0,0,0,1,-96,0,11,2,2839411,0,44,0,384,0,"[0,0,0,0,0,0,0,0,0,0,0,0,6,-12,6,-12,5,-12,6,-12,5,-11,5,-11,5,-11,5,-11,5,-10,4,-10,4,-10,3,-10,3,-10,3,-10,3,-10,3,-9,2,-10,2,-9,2,-9,1,-9,1,-9,1,-9,2,-9,1,-9,1,-9,1,-9,0,0,1,-9,1,-9,1,-8,2,-8,2,-8,2,-8,2,-8,2,-7,3,-7,2,-7,3,-7,2,-7,3,-6,3,-6,3,-5,3,-5,3,-5,3,-4,4,-4,4,-4,4,-3,4,-3,3,-3,3,-2,3,-2,3,-1,0,0,0,0,0,0,0,0,0,0,0,0,0,0,-71,1,-72,2,-75,2,-77,1,-74,8,-75,6,-67,12,-68,5,-66,11,-68,3,-62,3,-59,12,-60,9,-56,11,-58,8,-57,16,-52,11,-52,17,-56,19,-50,16,-53,19,-45,10,-41,17,-43,14,-46,14,-47,19,-41,15,-42,18,-41,20,-39,21,-43,17,-45,16,-37,15,-39,18,-41,13,-40,16,-39,17,-41,13,-36,12,-42,12,-41,12,-41,9,-38,8,-35,5,-39,3,-32,3,-41,1,-31,-2,-31,-3,-33,-8,-31,-6,-27,-11,-27,-12,-20,-9,-20,-13,-24,-15,-19,-19,0,0,0,0,0,0,0,0,0,0,0,0,0,0,0,0,0,0,0,0,0,0,24,-25,25,-23,23,-24,28,-25,26,-26,26,-23,25,-24,26,-26,29,-30,29,-29,27,-28,27,-29,31,-29,30,-33,30,-29,29,-34,32,-38,30,-34,30,-36,32,-35,32,-38,31,-39,30,-42,29,-46,32,-41,30,-47,29,-48,28,-47,26,-46,28,-50,21,-45,25,-53,25,-49,27,-51,23,-52,24,-55,22,-55,20,-58,12,-57,14,-61,13,-62,6,-63,11,-67,6,-61,6,-69,1,-65,6,-67,5,-75,3,-68,-3,-63,-4,-73,-2,-74,0,-84,0,-73,-8,-76,-8,-77,-4,-76,0,0]"
CSI_DATA,193,2a:00:00:00:00:00,-38,11,1,0,1,1,1,0,0,0,1,-96,0,11,2,2849959,0,44,0,384,0,"[0,0,0,0,0,0,0,0,0,0,0,0,-10,-10,-10,-10,-10,-10,-9,-10,-10,-10,-9,-9,-10,-9,-9,-8,-9,-8,-9,-8,-9,-8,-9,-7,-9,-7,-8,-7,-8,-6,-9,-6,-9,-6,-9,-5,-8,-5,-8,-5,-8,-5,-8,-5,-9,-5,-8,-5,-8,-5,-8,-4,0,0,-8,-4,-8,-5,-8,-4,-8,-5,-7,-5,-8,-5,-7,-5,-7,-5,-7,-5,-7,-5,-6,-5,-6,-6,-5,-6,-5,-5,-5,-5,-4,-5,-4,-6,-3,-5,-3,-5,-3,-5,-2,-5,-2,-5,-1,-5,-1,-5,-1,-4,0,-4,0,0,0,0,0,0,0,0,0,0,0,0,0,0,18,77,19,74,21,78,18,71,20,66,15,61,15,65,17,67,20,61,17,58,17,59,18,53,17,55,18,58,32,43,15,56,21,54,14,47,19,45,28,45,27,39,22,45,26,38,28,39,22,42,25,40,24,39,26,37,28,39,27,36,24,34,25,33,24,35,29,37,27,35,23,36,19,38,26,36,18,37,19,35,11,38,14,37,14,39,15,32,8,33,5,29,5,29,3,28,1,30,-1,28,-1,20,-4,26,-4,22,-11,25,-7,22,-11,20,-13,16,0,0,0,0,0,0,0,0,0,0,0,0,0,0,0,0,0,0,0,0,0,0,-25,-21,-25,-23,-26,-21,-32,-22,-28,-26,-24,-27,-27,-22,-32,-27,-30,-21,-30,-26,-32,-28,-31,-25,-37,-32,-36,-27,-36,-23,-38,-22,-42,-22,-40,-28,-43,-30,-43,-24,-45,-29,-41,-28,-39,-30,-45,-26,-45,-26,-43,-26,-49,-25,-47,-23,-53,-25,-54,-24,-50,-21,-53,-19,-55,-19,-54,-16,-57,-17,-55,-12,-59,-17,-65,-9,-62,-11,-58,-9,-62,-7,-68,-1,-66,2,-68,3,-62,2,-65,-6,-70,3,-67,3,-68,7,-74,11,-70,8,-69,12,-65,7,-78,18,-77,17,-76,17,-78,12,0,0]"
CSI_DATA,194,2a:00:00:00:00:00,-38,11,1,0,1,1,1,0,0,0,1,-96,0,11,2,2859417,0,44,0,384,0,"[0,0,0,0,0,0,0,0,0,0,0,0,11,-7,11,-7,10,-7,11,-7,10,-7,10,-7,10,-6,10,-6,9,-6,8,-6,9,-7,8,-7,7,-7,7,-7,7,-7,7,-6,7,-7,6,-6,6,-7,6,-7,6,-6,6,-7,5,-7,5,-7,5,-7,6,-7,0,0,6,-7,5,-6,5,-6,5,-6,5,-6,5,-5,5,-5,5,-5,6,-5,6,-5,6,-4,5,-4,5,-4,5,-3,5,-3,5,-2,5,-2,5,-2,5,-1,4,-1,4,-1,4,0,3,0,3,0,3,0,3,1,0,0,0,0,0,0,0,0,0,0,0,0,0,0,-63,-38,-65,-32,-67,-35,-68,-37,-68,-33,-64,-30,-61,-35,-62,-32,-61,-23,-63,-31,-57,-33,-55,-29,-60,-24,-56,-28,-56,-20,-54,-15,-52,-19,-53,-21,-50,-15,-52,-16,-51,-14,-46,-13,-43,-10,-46,-13,-50,-10,-46,-8,-47,-6,-45,-5,-44,-9,-46,-7,-47,-5,-46,-7,-44,-7,-46,-10,-46,-7,-41,-11,-42,-12,-35,-11,-39,-15,-41,-11,-40,-12,-34,-16,-36,-18,-28,-21,-34,-22,-28,-15,-29,-18,-25,-18,-25,-18,-23,-21,-22,-23,-19,-20,-14,-23,-14,-22,-8,-23,-12,-21,-7,-18,0,0,0,0,0,0,0,0,0,0,0,0,0,0,0,0,0,0,0,0,0,0,32,-7,33,-3,34,-6,32,-8,33,-7,30,-5,35,-5,35,-7,34,-9,36,-10,40,-7,37,-8,40,-12,43,-12,41,-11,42,-14,45,-17,45,-16,45,-17,48,-16,50,-18,46,-15,45,-20,48,-17,53,-22,46,-23,49,-23,51,-26,49,-26,49,-27,51,-31,50,-31,51,-28,51,-30,50,-31,49,-39,47,-41,45,-41,52,-42,49,-45,45,-43,43,-47,40,-53,46,-53,42,-51,37,-59,39,-52,44,-57,40,-61,39,-56,36,-59,41,-61,40,-65,36,-63,35,-68,38,-71,43,-67,0,0]"
CSI_DATA,195,2a:00:00:00:00:00,-38,11,1,0,1,1,1,0,0,0,1,-96,0,11,2,2889413,0,44,0,384,0,"[0,0,0,0,0,0,0,0,0,0,0,0,11,7,10,7,10,7,10,7,10,7,10,7,9,6,9,6,9,6,9,5,9,5,9,5,8,5,8,4,8,4,8,4,8,3,8,3,8,3,7,3,7,3,7,3,7,2,7,2,7,2,7,2,0,0,7,2,7,2,7,3,6,2,6,3,6,3,6,3,6,3,5,3,5,3,5,3,4,3,4,3,4,3,3,3,3,3,3,3,2,3,2,3,2,3,1,3,1,3,1,3,0,3,0,3,-1,3,0,0,0,0,0,0,0,0,0,0,0,0,0,0,-7,-80,1,-78,-7,-77,-9,-75,-9,-74,-3,-68,-6,-72,-6,-70,-6,-71,-4,-66,-4,-61,-3,-61,-7,-59,-7,-55,-11,-55,-11,-54,-10,-53,-13,-56,-12,-54,-17,-53,-15,-47,-13,-47,-18,-49,-14,-48,-13,-48,-18,-44,-16,-46,-14,-45,-15,-42,-15,-38,-15,-41,-14,-40,-14,-41,-16,-39,-11,-39,-11,-39,-7,-41,-9,-41,-9,-39,-6,-37,-6,-37,-3,-36,-1,-37,0,-33,-6,-32,0,-29,1,-27,1,-26,5,-26,6,-23,8,-25,9,-23,7,-23,7,-18,7,-15,9,-10,13,-12,0,0,0,0,0,0,0,0,0,0,0,0,0,0,0,0,0,0,0,0,0,0,26,16,20,22,27,18,22,16,28,21,21,19,25,21,31,19,28,21,32,23,29,20,31,23,35,19,34,21,37,24,42,23,36,23,38,28,40,21,42,24,40,27,43,21,44,22,47,26,49,29,49,28,45,28,53,20,54,23,55,26,51,22,56,26,58,20,53,20,60,20,57,18,58,16,60,17,58,15,67,9,64,11,63,13,62,9,68,10,65,4,65,5,69,5,72,-3,77,1,79,2,74,-5,69,-8,78,-9,73,-3,83,-2,77,-5,78,-4,0,0]"
CSI_DATA,196,2a:00:00:00:00:00,-38,11,1,0,1,1,1,0,0,0,1,-96,0,11,2,2899408,0,44,0,384,0,"[0,0,0,0,0,0,0,0,0,0,0,0,5,12,5,11,6,12,5,11,5,11,4,10,5,10,5,10,5,9,5,10,4,9,5,9,5,8,5,8,4,7,5,7,5,6,5,7,5,6,5,6,5,6,5,6,5,6,5,6,5,6,5,5,0,0,5,5,5,6,4,5,4,6,4,5,4,5,4,5,3,5,3,5,3,5,2,5,2,5,2,5,1,5,1,5,1,4,0,5,0,4,0,4,0,3,-1,3,-1,3,-1,3,-1,3,-2,2,-2,2,0,0,0,0,0,0,0,0,0,0,0,0,0,0,17,-74,20,-86,15,-80,21,-72,15,-76,16,-67,19,-75,11,-69,19,-72,13,-63,14,-65,12,-59,11,-61,8,-54,13,-61,8,-55,5,-55,2,-56,7,-55,3,-52,1,-55,2,-51,-4,-48,-5,-52,-2,-51,-2,-48,0,-49,-3,-45,-2,-43,-3,-44,-2,-44,0,-43,-2,-45,-1,-45,-1,-41,2,-37,-1,-40,2,-43,1,-36,7,-40,1,-38,8,-32,3,-34,7,-32,10,-33,9,-27,11,-21,14,-24,14,-22,16,-22,13,-20,17,-18,12,-13,14,-15,18,-14,18,-10,16,-11,0,0,0,0,0,0,0,0,0,0,0,0,0,0,0,0,0,0,0,0,0,0,16,26,20,33,13,38,19,19,14,24,10,28,30,33,26,18,16,25,19,35,20,28,32,51,42,29,12,31,22,30,27,49,16,44,18,45,23,20,45,35,43,35,34,42,37,30,42,39,37,43,36,35,43,44,42,41,41,40,47,39,44,30,42,35,46,38,54,40,52,29,59,38,49,33,50,34,56,29,60,34,64,33,64,28,59,27,66,31,61,28,70,22,67,25,71,23,73,18,70,25,74,22,76,21,76,16,77,16,80,15,82,17,78,15,0,0]"
CSI_DATA,197,2a:00:00:00:00:00,-39,11,1,0,1,1,1,0,0,0,1,-96,0,11,2,2909402,0,44,0,384,0,"[0,0,0,0,0,0,0,0,0,0,0,0,-1,13,-1,12,-1,13,-1,12,-1,12,-1,11,-1,11,-1,11,0,10,0,10,-1,10,0,10,0,10,0,9,0,9,0,9,1,8,1,8,1,8,1,8,1,8,2,7,1,7,2,7,1,7,1,7,0,0,1,7,1,7,1,7,1,7,1,6,1,6,1,6,0,6,0,6,0,6,-1,6,-1,5,-1,5,-1,5,-2,4,-2,4,-2,4,-2,4,-2,3,-3,3,-3,3,-2,2,-3,2,-3,2,-3,1,-3,1,0,0,0,0,0,0,0,0,0,0,0,0,0,0,48,-66,51,-61,49,-63,44,-65,49,-64,45,-58,38,-65,43,-59,41,-61,39,-55,42,-52,36,-50,35,-53,34,-50,35,-47,30,-47,28,-47,22,-47,25,-41,25,-45,22,-46,25,-41,16,-42,18,-43,20,-43,18,-42,21,-39,15,-46,14,-43,18,-40,17,-35,16,-37,17,-40,13,-41,18,-36,13,-35,15,-37,16,-34,17,-33,20,-28,20,-30,24,-30,22,-23,18,-29,21,-18,24,-18,22,-19,18,-19,19,-13,20,-9,23,-8,19,-6,20,-4,16,-5,16,-7,16,-2,18,0,0,0,0,0,0,0,0,0,0,0,0,0,0,0,0,0,0,0,0,0,0,0,11,31,8,30,9,30,7,33,10,31,4,34,6,34,12,31,8,31,11,37,9,40,8,36,13,39,15,37,13,39,20,45,21,39,22,44,19,44,15,46,19,46,23,48,23,50,21,50,26,47,25,53,24,51,25,51,29,55,28,52,28,53,32,53,34,52,34,55,36,52,35,51,35,56,38,55,42,48,43,49,41,50,47,52,46,48,55,47,53,47,46,46,50,47,55,47,56,44,55,43,60,44,61,45,60,48,64,52,70,44,66,44,65,45,0,0]"
CSI_DATA,198,2a:00:00:00:00:00,-39,11,1,0,1,1,1,0,0,0,1,-96,0,11,2,2930299,0,44,0,384,0,"[0,0,0,0,0,0,0,0,0,0,0,0,-6,12,-6,12,-5,12,-5,11,-5,11,-5,11,-5,10,-5,10,-5,10,-4,10,-4,9,-4,9,-3,9,-3,9,-3,8,-3,8,-2,8,-2,8,-2,8,-2,7,-1,8,-2,8,-2,7,-1,7,-1,7,-1,7,0,0,-2,7,-1,7,-1,7,-2,6,-1,6,-2,6,-2,6,-2,6,-2,5,-2,5,-3,5,-2,5,-3,4,-3,4,-3,4,-3,3,-3,3,-3,3,-4,2,-3,2,-3,2,-3,1,-3,1,-3,1,-3,0,-3,0,0,0,0,0,0,0,0,0,0,0,0,0,0,0,80,-16,78,-5,79,-16,78,-11,79,-13,70,-8,68,-8,67,-10,69,-6,70,-9,63,-11,61,-15,59,-5,57,-11,56,-12,54,-11,58,-16,46,-10,45,-15,44,-11,49,-13,45,-15,42,-14,40,-18,41,-18,38,-15,40,-18,37,-18,37,-15,39,-18,37,-13,37,-15,34,-12,36,-16,36,-17,32,-12,33,-14,31,-16,32,-10,28,-7,34,-9,33,-7,28,-3,26,1,27,-3,28,3,30,2,27,4,22,7,24,6,22,7,18,8,19,6,11,9,11,13,11,16,12,12,0,0,0,0,0,0,0,0,0,0,0,0,0,0,0,0,0,0,0,0,0,0,-19,27,-16,27,-23,24,-17,23,-19,29,-24,27,-17,27,-22,29,-20,30,-16,29,-22,37,-23,34,-19,38,-17,37,-20,42,-22,35,-24,41,-18,43,-20,44,-20,45,-23,48,-20,50,-23,53,-19,49,-20,48,-24,55,-20,52,-19,55,-20,60,-20,58,-21,60,-17,60,-17,59,-13,62,-13,60,-17,63,-10,61,-9,58,-8,62,-7,65,-10,69,-6,67,-6,68,1,71,3,73,3,70,5,71,9,74,4,71,11,74,8,75,8,73,9,80,8,79,9,77,15,85,8,79,0,0]"
CSI_DATA,199,2a:00:00:00:00:00,-39,11,1,0,1,1,1,0,0,0,1,-96,0,11,2,2939505,0,44,0,384,0,"[0,0,0,0,0,0,0,0,0,0,0,0,5,12,4,12,5,12,4,12,4,11,4,11,4,10,4,10,4,10,4,9,4,9,4,8,4,8,4,8,4,8,4,7,4,7,4,6,5,7,5,6,4,6,4,6,4,6,5,5,4,6,5,5,0,0,4,5,4,5,4,5,4,5,4,5,4,5,3,5,3,5,2,5,2,5,2,5,2,5,1,5,1,5,1,4,1,4,0,4,0,3,-1,4,-1,3,-1,3,-1,3,-1,3,-1,2,-2,2,-2,2,0,0,0,0,0,0,0,0,0,0,0,0,0,0,35,-80,32,-71,31,-73,34,-64,34,-65,34,-67,29,-67,28,-65,28,-62,32,-58,32,-57,28,-51,27,-55,22,-52,21,-50,19,-51,19,-52,16,-55,15,-49,16,-47,10,-44,17,-41,5,-45,14,-39,10,-41,4,-41,6,-43,3,-43,5,-41,8,-40,8,-42,12,-45,4,-41,4,-42,12,-36,9,-36,10,-33,12,-35,12,-33,15,-32,19,-31,12,-24,11,-24,12,-25,15,-25,17,-21,16,-21,18,-24,17,-14,18,-17,21,-14,23,-9,14,-8,18,-7,18,-7,13,0,17,1,0,0,0,0,0,0,0,0,0,0,0,0,0,0,0,0,0,0,0,0,0,0,15,29,16,25,19,28,15,31,18,31,15,34,14,31,12,29,15,33,18,34,16,33,19,33,19,36,25,36,26,36,26,34,24,39,26,38,25,42,28,43,33,44,30,44,31,43,32,39,34,43,37,44,31,47,36,50,37,43,43,46,43,45,40,44,40,47,41,47,42,47,47,46,48,45,49,40,50,39,58,37,54,45,53,36,53,37,61,40,57,35,54,40,57,33,67,36,64,34,65,33,60,31,74,37,74,36,67,35,76,29,70,34,74,35,0,0]"
CSI_DATA,200,2a:00:00:00:00:00,-39,11,1,0,1,1,1,0,0,0,1,-96,0,11,2,2949426,0,44,0,384,0,"[0,0,0,0,0,0,0,0,0,0,0,0,-13,6,-13,6,-13,6,-12,6,-12,6,-12,5,-12,5,-11,5,-11,5,-10,5,-10,5,-9,6,-9,5,-8,5,-8,5,-9,5,-8,5,-8,5,-7,5,-7,5,-7,5,-7,5,-7,5,-6,5,-6,5,-6,5,0,0,-6,5,-6,5,-6,4,-6,5,-6,4,-6,4,-6,3,-6,3,-7,3,-6,3,-6,2,-6,2,-5,2,-5,1,-6,1,-5,1,-5,0,-5,0,-5,-1,-5,-1,-4,-1,-4,-1,-4,-2,-3,-2,-3,-2,-3,-2,0,0,0,0,0,0,0,0,0,0,0,0,0,0,81,24,79,28,77,21,73,20,81,21,66,26,73,23,68,23,64,20,67,20,64,16,64,12,64,13,55,13,61,11,53,11,49,9,50,6,45,7,51,11,52,4,48,3,51,-1,46,3,46,3,38,3,45,-6,42,2,36,0,41,-2,41,-4,42,-4,40,6,39,5,40,0,34,4,37,2,37,4,34,5,34,5,29,10,31,10,30,10,28,11,25,15,24,11,26,12,19,16,18,12,18,15,19,18,12,18,11,14,9,18,5,14,4,16,5,15,0,0,0,0,0,0,0,0,0,0,0,0,0,0,0,0,0,0,0,0,0,0,-30,18,-30,15,-38,15,-30,16,-36,17,-33,17,-35,17,-34,23,-37,21,-36,18,-37,18,-40,25,-36,27,-42,23,-41,26,-40,25,-40,28,-37,26,-40,27,-41,28,-41,32,-45,34,-44,36,-43,30,-48,35,-44,35,-47,43,-43,45,-41,37,-51,41,-44,47,-46,42,-42,48,-43,47,-42,51,-39,53,-40,52,-39,49,-39,53,-40,56,-39,59,-34,65,-31,62,-31,61,-31,65,-25,70,-26,69,-26,72,-22,75,-28,74,-32,69,-25,77,-26,77,-23,73,-25,77,-30,77,-18,80,0,0]"
CSI_DATA,201,2a:00:00:00:00:00,-39,11,1,0,1,1,1,0,0,0,1,-96,0,11,2,2959417,0,44,0,384,0,"[0,0,0,0,0,0,0,0,0,0,0,0,-15,-1,-15,-1,-14,-1,-14,-1,-13,-1,-13,-1,-13,-1,-12,-1,-12,0,-11,-1,-12,0,-11,0,-10,0,-10,0,-10,0,-10,1,-10,1,-10,1,-9,1,-9,2,-9,1,-9,2,-9,2,-8,2,-8,2,-8,2,0,0,-8,2,-8,1,-8,1,-8,2,-8,1,-8,1,-7,1,-7,0,-7,0,-7,0,-7,0,-6,-1,-6,-1,-6,-1,-6,-1,-6,-1,-5,-2,-5,-2,-4,-2,-4,-2,-4,-2,-3,-2,-3,-3,-3,-3,-2,-3,-2,-3,0,0,0,0,0,0,0,0,0,0,0,0,0,0,50,56,57,57,45,53,50,54,53,54,49,52,46,50,47,49,46,48,45,43,46,45,44,46,46,42,36,39,40,37,44,34,40,37,36,35,41,35,42,32,44,30,38,27,35,22,35,23,36,28,32,25,39,20,36,20,37,19,37,18,36,19,34,24,32,23,33,21,34,20,29,24,26,19,34,22,29,23,23,25,25,19,24,23,20,27,26,25,19,23,14,22,11,22,10,23,11,19,6,22,1,18,6,20,2,16,2,20,2,14,-3,17,-3,13,0,0,0,0,0,0,0,0,0,0,0,0,0,0,0,0,0,0,0,0,0,0,-35,2,-30,4,-31,3,-35,-1,-37,5,-37,1,-36,4,-39,4,-37,4,-39,5,-41,7,-38,5,-46,2,-45,7,-45,7,-44,4,-47,7,-48,4,-50,7,-49,13,-50,14,-55,13,-52,13,-50,10,-49,16,-51,13,-54,15,-59,12,-58,13,-58,18,-57,16,-53,18,-59,19,-57,24,-59,25,-57,29,-53,29,-56,32,-50,32,-52,30,-56,33,-53,38,-52,38,-55,37,-49,42,-57,41,-56,46,-57,47,-60,51,-60,49,-55,49,-53,55,-57,56,-45,52,-56,56,-57,57,-56,53,0,0]"
CSI_DATA,202,2a:00:00:00:00:00,-39,11,1,0,1,1,1,0,0,0,1,-96,0,11,2,2969405,0,44,0,384,0,"[0,0,0,0,0,0,0,0,0,0,0,0,-12,-8,-12,-8,-12,-8,-11,-8,-11,-8,-10,-7,-11,-7,-10,-7,-10,-6,-10,-6,-10,-6,-10,-5,-10,-5,-9,-5,-9,-5,-9,-4,-9,-3,-9,-4,-8,-3,-8,-4,-8,-4,-9,-3,-8,-3,-8,-3,-8,-3,-8,-3,0,0,-8,-3,-8,-3,-8,-3,-8,-3,-7,-3,-7,-3,-7,-3,-6,-4,-6,-4,-6,-4,-6,-4,-5,-4,-5,-4,-4,-4,-4,-4,-4,-4,-4,-4,-3,-4,-3,-4,-2,-4,-2,-4,-1,-4,-1,-4,-1,-3,-1,-3,-1,-3,0,0,0,0,0,0,0,0,0,0,0,0,0,0,4,74,4,83,5,79,5,73,7,79,8,69,6,70,2,66,8,66,8,63,13,56,10,54,4,59,9,56,10,50,11,50,7,54,12,52,12,45,10,46,13,44,12,40,15,38,15,42,15,42,15,41,14,39,14,36,15,39,17,37,14,37,14,34,13,34,11,37,12,34,7,38,11,35,6,39,9,34,9,34,4,37,-3,32,-1,37,-1,31,-2,27,-5,24,-3,25,-8,26,-6,21,-10,19,-7,19,-9,16,-9,15,-12,17,-12,11,-12,9,-14,7,0,0,0,0,0,0,0,0,0,0,0,0,0,0,0,0,0,0,0,0,0,0,-30,-19,-26,-16,-30,-18,-31,-19,-30,-21,-29,-20,-31,-18,-29,-21,-27,-24,-32,-21,-34,-22,-37,-26,-41,-24,-36,-25,-40,-25,-43,-27,-42,-24,-40,-25,-41,-19,-46,-24,-48,-23,-48,-26,-48,-25,-52,-24,-53,-24,-48,-23,-54,-22,-57,-21,-54,-24,-51,-21,-50,-18,-57,-18,-62,-18,-59,-13,-59,-16,-60,-14,-59,-13,-56,-9,-62,-10,-65,-10,-62,-8,-63,-4,-65,-3,-67,-6,-62,-4,-64,4,-70,4,-66,4,-72,3,-72,3,-75,5,-72,3,-72,11,-74,9,-76,8,-78,14,-81,8,0,0]"
CSI_DATA,203,2a:00:00:00:00:00,-38,11,1,0,1,1,1,0,0,0,1,-96,0,11,2,2980067,0,44,0,384,0,"[0,0,0,0,0,0,0,0,0,0,0,0,9,10,8,9,9,10,8,10,8,10,7,8,7,9,8,8,7,8,7,8,7,7,6,6,6,8,7,6,6,6,7,6,7,5,7,5,6,5,6,5,6,5,6,5,6,4,6,4,6,4,6,4,0,0,6,4,6,4,6,4,6,4,5,4,5,4,5,4,4,4,4,4,4,4,3,4,3,4,3,4,2,4,2,4,2,4,1,4,1,3,1,4,0,3,0,3,0,3,-1,3,-1,2,-1,2,-1,2,0,0,0,0,0,0,0,0,0,0,0,0,0,0,5,-84,12,-78,0,-80,3,-73,-1,-75,1,-76,-1,-70,2,-71,0,-67,-5,-70,0,-61,-1,-58,0,-57,-3,-58,-6,-55,-4,-50,-8,-55,-9,-57,-4,-54,-9,-48,-10,-46,-9,-44,-16,-51,-11,-44,-9,-44,-14,-41,-16,-42,-15,-41,-13,-49,-9,-40,-19,-41,-15,-40,-12,-38,-10,-40,-12,-35,-14,-38,-8,-41,-11,-38,-6,-38,-9,-34,-2,-31,-2,-32,-1,-35,-1,-29,1,-31,1,-27,5,-26,4,-26,5,-26,9,-24,11,-18,9,-18,10,-16,8,-16,10,-15,13,-11,12,-6,0,0,0,0,0,0,0,0,0,0,0,0,0,0,0,0,0,0,0,0,0,0,24,20,23,25,26,24,23,25,25,24,23,26,28,27,26,25,30,26,26,26,29,27,30,28,35,28,36,30,35,28,32,29,40,31,38,29,35,30,38,31,41,29,42,35,42,35,45,36,45,34,49,32,49,34,51,31,48,31,54,28,51,29,52,31,56,28,54,28,54,24,54,21,52,22,59,22,59,17,61,16,66,17,58,8,63,17,67,11,65,9,62,6,65,11,70,7,70,4,74,8,81,2,73,-1,74,2,73,4,75,-4,79,1,79,3,0,0]"
CSI_DATA,204,2a:00:00:00:00:00,-38,11,1,0,1,1,1,0,0,0,1,-96,0,11,2,2990067,0,44,0,384,0,"[0,0,0,0,0,0,0,0,0,0,0,0,4,12,4,12,4,12,4,12,4,11,4,10,4,10,4,11,4,9,4,10,1,8,5,9,4,8,3,9,4,8,4,7,4,7,4,7,4,7,4,7,4,7,5,7,4,6,4,6,4,7,4,6,0,0,4,6,4,6,4,6,4,6,4,6,3,6,3,6,3,6,2,5,2,5,2,5,1,5,1,5,1,5,0,4,0,4,0,4,0,4,-1,3,-1,3,-1,3,-1,3,-2,2,-2,2,-2,2,-2,1,0,0,0,0,0,0,0,0,0,0,0,0,0,0,33,-73,32,-73,31,-71,32,-66,31,-68,31,-63,29,-68,27,-66,26,-64,29,-55,22,-58,23,-58,23,-55,20,-55,20,-52,22,-52,22,-54,20,-47,10,-48,11,-49,15,-45,16,-45,10,-43,5,-48,7,-43,8,-45,12,-44,4,-45,6,-42,7,-43,5,-42,9,-37,5,-42,8,-42,9,-37,8,-37,9,-43,8,-38,9,-31,14,-34,12,-34,14,-30,15,-31,17,-22,17,-22,21,-22,19,-16,12,-19,20,-15,21,-15,17,-15,16,-10,11,-11,16,-5,12,-7,13,1,12,-3,0,0,0,0,0,0,0,0,0,0,0,0,0,0,0,0,0,0,0,0,0,0,22,23,18,25,24,24,24,30,23,27,19,28,21,26,22,25,24,30,24,33,22,31,25,31,27,34,24,32,30,37,25,37,32,39,30,40,33,38,33,43,33,43,40,38,38,38,33,35,37,43,36,44,39,42,38,45,40,38,41,35,45,42,47,38,48,43,50,41,47,36,47,33,47,42,51,37,52,34,58,36,54,35,57,32,61,29,58,32,54,27,64,31,63,30,65,32,68,29,69,29,70,31,64,33,67,28,70,29,72,30,73,30,80,26,0,0]"
CSI_DATA,205,2a:00:00:00:00:00,-38,11,1,0,1,1,1,0,0,0,1,-96,0,11,2,2999415,0,44,0,384,0,"[0,0,0,0,0,0,0,0,0,0,0,0,-2,-14,-2,-14,-2,-13,-2,-14,-2,-13,-1,-12,-2,-12,-2,-12,-2,-11,-2,-11,-2,-11,-2,-11,-2,-11,-2,-10,-3,-10,-3,-9,-3,-9,-3,-9,-3,-9,-3,-9,-3,-9,-3,-9,-3,-8,-3,-8,-3,-8,-3,-8,0,0,-3,-8,-3,-8,-3,-8,-2,-7,-2,-8,-2,-8,-2,-8,-2,-7,-1,-7,-1,-7,-1,-7,-1,-6,0,-6,0,-6,0,-5,0,-5,1,-5,1,-5,1,-4,1,-4,1,-4,1,-3,1,-3,1,-3,1,-2,1,-2,0,0,0,0,0,0,0,0,0,0,0,0,0,0,-57,53,-60,58,-53,51,-63,51,-59,49,-51,42,-54,50,-51,45,-53,45,-47,41,-52,39,-48,40,-48,37,-40,39,-39,40,-38,38,-36,38,-37,40,-34,33,-37,36,-35,37,-29,35,-30,33,-25,35,-30,32,-29,30,-27,34,-25,33,-23,34,-22,31,-27,31,-27,27,-28,31,-24,30,-28,29,-27,25,-24,26,-28,27,-25,21,-26,14,-27,19,-28,20,-26,18,-26,14,-24,10,-28,9,-23,14,-25,6,-21,4,-22,1,-21,3,-15,-5,-18,0,-15,-5,-17,-4,-16,-6,-12,-5,0,0,0,0,0,0,0,0,0,0,0,0,0,0,0,0,0,0,0,0,0,0,-18,-29,-16,-29,-16,-28,-11,-29,-17,-31,-17,-30,-15,-32,-13,-35,-9,-33,-17,-36,-17,-37,-16,-39,-22,-39,-26,-42,-16,-42,-22,-46,-19,-43,-23,-47,-21,-42,-14,-50,-19,-47,-21,-52,-22,-48,-25,-50,-24,-52,-27,-52,-29,-50,-26,-52,-31,-54,-30,-54,-33,-54,-26,-53,-26,-52,-28,-56,-30,-56,-31,-54,-36,-61,-36,-52,-37,-53,-42,-50,-37,-51,-43,-51,-39,-55,-51,-55,-45,-49,-43,-52,-40,-49,-50,-53,-51,-52,-50,-53,-58,-49,-54,-54,-53,-53,-55,-55,-59,-49,-56,-54,-54,-55,0,0]"
CSI_DATA,206,2a:00:00:00:00:00,-38,11,1,0,1,1,1,0,0,0,1,-96,0,11,2,3009394,0,44,0,384,0,"[0,0,0,0,0,0,0,0,0,0,0,0,7,-12,7,-12,6,-12,6,-12,6,-11,6,-11,6,-10,6,-10,6,-10,5,-10,5,-10,5,-10,4,-10,4,-9,3,-9,4,-10,3,-9,3,-9,2,-9,2,-9,2,-9,2,-9,2,-9,2,-8,2,-9,2,-8,0,0,2,-8,2,-8,2,-8,2,-8,2,-7,2,-7,2,-7,2,-7,3,-6,3,-6,3,-6,3,-5,3,-5,3,-4,4,-4,3,-4,3,-3,3,-3,3,-3,3,-2,3,-2,2,-2,2,-1,2,-1,2,-1,2,0,0,0,0,0,0,0,0,0,0,0,0,0,0,0,-80,-3,-81,4,-74,2,-76,1,-75,8,-70,-3,-73,-1,-69,-1,-67,-1,-63,0,-62,-4,-64,-2,-59,3,-57,4,-55,3,-56,1,-53,7,-51,6,-49,7,-46,12,-50,10,-48,9,-42,11,-43,11,-42,12,-46,10,-46,12,-37,13,-38,17,-40,14,-42,15,-41,12,-35,13,-36,13,-37,14,-35,11,-37,3,-35,11,-35,7,-37,5,-33,2,-32,-2,-33,-1,-32,0,-24,0,-23,-2,-26,-6,-21,-6,-19,-8,-20,-7,-18,-7,-15,-8,-14,-10,-12,-12,-10,-8,-14,-6,-9,-10,0,0,0,0,0,0,0,0,0,0,0,0,0,0,0,0,0,0,0,0,0,0,14,-32,20,-30,17,-25,15,-27,19,-28,17,-27,22,-29,23,-32,20,-30,19,-35,23,-33,26,-34,24,-36,26,-39,24,-40,29,-39,20,-42,21,-40,22,-41,26,-46,27,-47,25,-50,30,-47,27,-48,25,-48,26,-54,25,-50,30,-53,22,-52,23,-57,23,-55,25,-54,24,-55,19,-59,22,-59,21,-59,15,-59,17,-60,16,-64,11,-62,12,-67,12,-66,8,-64,6,-66,11,-69,6,-72,7,-71,5,-71,2,-77,1,-76,-4,-78,-1,-80,0,-76,-3,-72,-2,-80,-5,-77,0,-80,0,0]"
CSI_DATA,207,2a:00:00:00:00:00,-37,11,1,0,1,1,1,0,0,0,1,-96,0,11,2,3029419,0,44,0,384,0,"[0,0,0,0,0,0,0,0,0,0,0,0,13,-6,12,-5,12,-5,11,-5,11,-5,11,-5,11,-5,10,-5,10,-5,9,-5,9,-5,9,-5,8,-5,8,-5,8,-5,8,-5,8,-5,7,-5,6,-5,7,-5,6,-5,6,-5,7,-6,6,-5,6,-5,6,-5,0,0,6,-5,6,-5,6,-4,6,-5,5,-4,5,-4,5,-4,5,-3,6,-3,6,-3,5,-3,5,-2,5,-2,4,-1,4,-1,4,-1,4,-1,4,0,3,0,3,0,3,0,2,0,2,0,2,1,2,0,1,1,0,0,0,0,0,0,0,0,0,0,0,0,0,0,-66,-38,-66,-40,-66,-36,-65,-36,-67,-37,-66,-39,-57,-35,-58,-31,-57,-32,-62,-29,-59,-29,-58,-28,-52,-28,-52,-24,-48,-25,-55,-20,-49,-17,-48,-15,-46,-18,-50,-15,-53,-15,-46,-17,-44,-9,-42,-15,-43,-10,-45,-10,-43,-13,-42,-5,-43,-8,-41,-8,-44,-9,-45,-11,-40,-12,-38,-8,-40,-8,-33,-15,-36,-13,-35,-13,-32,-13,-33,-12,-35,-13,-30,-17,-26,-19,-25,-16,-23,-16,-23,-16,-20,-16,-16,-16,-17,-18,-15,-19,-13,-17,-10,-14,-8,-17,-5,-17,-6,-16,-3,-11,-3,-11,0,0,0,0,0,0,0,0,0,0,0,0,0,0,0,0,0,0,0,0,0,0,25,-23,31,-17,26,-17,30,-19,30,-20,29,-19,29,-18,30,-18,31,-24,31,-23,32,-25,32,-24,38,-27,36,-25,38,-23,35,-25,37,-29,40,-25,37,-28,37,-30,44,-34,42,-31,41,-33,41,-35,44,-38,45,-41,41,-36,46,-37,42,-40,45,-42,42,-38,45,-41,47,-40,45,-44,45,-47,49,-44,41,-47,43,-50,45,-46,37,-57,39,-54,35,-57,36,-56,35,-58,32,-56,38,-63,35,-64,36,-67,40,-67,33,-59,31,-61,36,-70,35,-73,35,-67,31,-71,31,-71,34,-74,0,0]"
CSI_DATA,208,2a:00:00:00:00:00,-37,11,1,0,1,1,1,0,0,0,1,-96,0,11,2,3049397,0,44,0,384,0,"[0,0,0,0,0,0,0,0,0,0,0,0,10,7,11,8,10,7,10,8,9,7,10,7,9,6,9,6,9,6,8,5,9,5,9,4,8,4,8,4,8,4,8,3,8,3,8,3,8,3,8,3,8,3,8,3,7,2,8,2,7,2,7,2,0,0,7,2,7,2,7,2,6,2,7,2,6,2,6,3,6,3,5,2,5,2,5,3,4,3,4,3,4,3,3,3,3,3,3,3,2,3,2,3,1,2,1,2,1,2,1,2,0,2,0,2,0,2,0,0,0,0,0,0,0,0,0,0,0,0,0,0,3,-83,6,-79,3,-80,2,-78,10,-79,-1,-69,8,-75,-2,-74,3,-68,0,-65,3,-63,4,-64,-3,-62,3,-59,0,-56,1,-54,-4,-59,0,-52,-4,-50,-2,-52,-5,-51,-4,-48,-8,-52,-5,-52,-5,-45,-12,-46,-7,-43,-10,-43,-8,-42,-10,-43,-3,-39,-7,-43,-7,-45,-4,-40,-6,-38,2,-42,-5,-38,-3,-37,0,-33,0,-37,3,-33,8,-32,5,-34,7,-31,5,-28,5,-24,9,-24,11,-25,15,-21,14,-18,13,-17,11,-14,12,-13,10,-13,11,-7,13,-7,10,-9,0,0,0,0,0,0,0,0,0,0,0,0,0,0,0,0,0,0,0,0,0,0,30,10,27,15,31,11,28,13,33,15,29,16,29,14,34,14,35,13,38,16,34,20,38,14,41,19,38,23,46,20,44,18,45,21,46,20,46,20,48,20,48,17,51,20,50,26,53,27,50,24,51,21,48,24,53,21,53,23,60,22,57,20,59,21,58,19,59,19,63,15,62,16,61,13,64,15,63,17,69,15,68,11,65,10,65,8,74,9,68,2,73,9,72,0,72,4,77,5,75,0,77,5,80,5,80,4,75,1,81,0,79,3,82,5,0,0]"
CSI_DATA,209,2a:00:00:00:00:00,-37,11,1,0,1,1,1,0,0,0,1,-96,0,11,2,3059414,0,44,0,384,0,"[0,0,0,0,0,0,0,0,0,0,0,0,8,10,8,10,8,10,8,10,7,10,7,9,7,8,7,8,6,8,7,8,6,7,6,7,7,7,6,7,6,7,7,6,6,5,6,5,7,6,6,5,6,5,6,5,6,5,6,5,6,5,6,4,0,0,6,4,6,5,6,5,5,4,5,5,5,5,5,5,4,5,4,4,4,4,3,4,3,5,2,5,2,5,1,4,1,4,1,4,1,3,0,3,0,3,0,3,0,3,-1,3,-1,2,-1,2,-1,1,0,0,0,0,0,0,0,0,0,0,0,0,0,0,12,-76,15,-76,9,-74,10,-74,11,-71,5,-70,11,-73,9,-67,11,-62,8,-62,8,-65,8,-61,4,-60,8,-57,4,-54,7,-52,3,-52,5,-54,-1,-51,-1,-52,-7,-51,0,-49,-7,-48,-3,-47,-2,-51,-1,-47,-7,-42,-4,-47,-9,-44,-2,-46,-3,-41,0,-41,-7,-42,-2,-38,-2,-39,4,-37,-1,-38,1,-37,3,-37,1,-32,7,-34,5,-32,4,-31,7,-27,12,-27,11,-25,11,-22,7,-25,8,-15,10,-17,15,-11,15,-11,11,-12,8,-12,12,-8,9,-8,9,-1,0,0,0,0,0,0,0,0,0,0,0,0,0,0,0,0,0,0,0,0,0,0,24,10,29,15,27,14,28,18,25,15,29,18,32,15,30,18,31,19,33,19,33,21,38,22,39,23,41,21,39,25,41,25,42,24,40,24,47,24,39,26,47,31,45,28,44,30,50,31,49,23,52,27,54,28,53,23,49,20,53,24,54,25,52,26,51,24,58,25,53,29,59,23,57,19,61,17,61,22,60,19,63,17,64,14,67,15,70,14,62,13,66,3,69,14,72,15,75,9,71,13,71,6,76,8,77,7,72,6,82,6,81,9,78,11,0,0]"
CSI_DATA,210,2a:00:00:00:00:00,-37,11,1,0,1,1,1,0,0,0,1,-96,0,11,2,3069393,0,44,0,384,0,"[0,0,0,0,0,0,0,0,0,0,0,0,0,13,0,12,0,13,0,12,0,12,0,11,0,11,0,11,0,10,0,10,0,10,0,9,1,10,1,9,1,9,1,9,1,8,1,8,1,8,2,8,1,8,1,8,1,8,2,8,1,8,1,7,0,0,1,7,1,7,1,7,0,7,1,7,0,7,0,7,0,6,-1,6,-1,6,-1,6,-1,5,-1,5,-2,5,-2,4,-2,4,-2,4,-2,3,-3,3,-3,3,-3,2,-2,2,-2,1,-2,1,-3,1,-3,0,0,0,0,0,0,0,0,0,0,0,0,0,0,0,48,-61,46,-68,45,-64,47,-59,37,-63,40,-61,41,-55,38,-57,35,-56,39,-55,35,-53,30,-49,32,-52,32,-52,33,-46,31,-49,26,-50,23,-44,24,-46,21,-45,21,-42,20,-43,18,-44,14,-45,15,-41,12,-41,15,-42,15,-42,13,-41,15,-44,13,-39,13,-36,10,-38,13,-39,15,-32,14,-34,12,-36,11,-31,18,-31,17,-29,16,-28,15,-25,17,-19,18,-20,20,-20,19,-18,17,-16,19,-15,17,-14,19,-10,17,-11,15,-7,17,-8,14,-5,13,-3,18,-1,8,3,0,0,0,0,0,0,0,0,0,0,0,0,0,0,0,0,0,0,0,0,0,0,14,26,17,26,19,24,16,33,10,27,14,32,18,25,19,34,21,36,19,32,20,33,19,36,27,36,16,37,20,45,24,44,23,36,23,44,21,43,27,49,25,50,29,49,25,46,25,49,27,47,30,46,24,48,26,49,33,49,31,46,31,46,32,47,35,48,38,46,37,51,37,46,41,47,43,48,45,44,42,47,41,43,49,46,44,45,55,45,50,41,55,44,53,42,61,43,59,41,64,42,64,46,56,42,59,47,59,46,67,48,64,43,67,44,0,0]"
CSI_DATA,211,2a:00:00:00:00:00,-37,11,1,0,1,1,1,0,0,0,1,-96,0,11,2,3089397,0,44,0,384,0,"[0,0,0,0,0,0,0,0,0,0,0,0,-9,10,-9,9,-8,10,-8,9,-8,9,-8,9,-8,8,-7,8,-7,8,-6,8,-7,8,-6,8,-5,8,-5,8,-5,7,-5,8,-5,7,-5,7,-4,7,-4,7,-4,7,-4,7,-4,7,-3,7,-3,7,-4,7,0,0,-4,7,-4,6,-4,6,-4,6,-4,6,-4,5,-4,5,-4,5,-5,5,-5,4,-5,4,-4,4,-4,3,-4,3,-5,2,-4,2,-4,2,-4,1,-4,1,-4,1,-4,1,-3,0,-3,0,-3,0,-3,-1,-3,-1,0,0,0,0,0,0,0,0,0,0,0,0,0,0,84,0,76,-4,71,-6,76,-1,75,-6,72,-5,64,-7,67,-1,59,-5,65,-2,65,-4,60,-6,58,-5,53,-7,54,-5,54,-10,52,-11,51,-13,51,-10,51,-11,48,-11,47,-12,42,-8,44,-8,41,-13,42,-6,37,-13,39,-14,38,-11,42,-13,40,-14,43,-8,37,-8,36,-9,36,-9,36,-8,37,-6,32,-5,32,-4,32,-1,36,-3,33,-2,29,2,25,2,27,3,26,8,21,5,20,8,21,7,16,10,13,7,16,8,10,10,12,13,10,11,13,9,4,9,0,0,0,0,0,0,0,0,0,0,0,0,0,0,0,0,0,0,0,0,0,0,-7,34,-9,29,-11,30,-10,33,-9,35,-11,31,-15,34,-9,37,-15,34,-10,32,-13,37,-9,38,-14,43,-13,44,-16,45,-15,40,-17,45,-13,42,-13,44,-13,45,-10,45,-18,52,-15,50,-18,51,-18,53,-15,56,-15,56,-16,62,-16,52,-16,57,-13,59,-13,58,-17,60,-12,60,-14,60,-13,64,-8,60,-7,65,-9,62,-4,65,-5,70,-3,65,-3,71,-1,66,-4,71,-1,65,2,72,7,77,4,69,8,70,9,72,9,76,7,81,6,70,7,77,6,82,7,78,0,0]"
CSI_DATA,212,2a:00:00:00:00:00,-37,11,1,0,1,1,1,0,0,0,1,-96,0,11,2,3099537,0,44,0,384,0,"[0,0,0,0,0,0,0,0,0,0,0,0,11,7,11,7,11,8,10,7,10,7,10,6,10,6,9,6,9,5,9,6,9,5,9,5,9,5,8,5,8,5,8,4,8,3,8,3,8,3,8,3,7,3,8,3,7,3,7,3,7,3,7,3,0,0,7,2,7,3,7,3,7,2,6,3,6,3,6,3,5,3,5,3,5,3,5,3,4,4,4,4,3,4,3,3,3,3,2,3,2,3,2,3,1,3,1,3,0,3,0,3,0,2,0,2,-1,2,0,0,0,0,0,0,0,0,0,0,0,0,0,0,-38,-69,-38,-68,-36,-70,-36,-69,-36,-66,-33,-64,-29,-64,-33,-64,-30,-55,-30,-59,-29,-52,-31,-51,-28,-53,-32,-45,-29,-54,-33,-47,-30,-46,-27,-44,-30,-42,-29,-39,-30,-43,-27,-38,-33,-40,-30,-34,-28,-35,-35,-32,-32,-31,-29,-36,-28,-35,-31,-31,-27,-29,-28,-28,-25,-35,-27,-33,-23,-26,-26,-32,-22,-27,-24,-27,-22,-32,-15,-28,-17,-28,-19,-28,-7,-32,-14,-29,-11,-30,-7,-26,-5,-24,-1,-25,-3,-22,1,-23,-2,-20,-1,-13,4,-21,3,-17,3,-16,5,-11,9,-12,0,0,0,0,0,0,0,0,0,0,0,0,0,0,0,0,0,0,0,0,0,0,31,-4,30,-5,30,-1,35,1,33,4,38,-2,34,0,36,-6,39,-3,39,-4,42,-2,42,-1,41,-6,44,-3,49,-5,45,1,53,-6,51,1,52,-5,47,-3,52,-5,51,-6,53,-4,55,-6,57,-4,58,-8,58,-6,61,-10,56,-7,60,-5,59,-6,65,-9,59,-11,62,-12,63,-11,60,-16,61,-17,58,-18,60,-23,61,-22,62,-19,63,-24,62,-23,64,-31,64,-26,69,-29,65,-27,61,-35,67,-35,65,-33,61,-35,67,-33,69,-36,62,-33,72,-39,71,-46,70,-38,0,0]"
CSI_DATA,213,2a:00:00:00:00:00,-37,11,1,0,1,1,1,0,0,0,1,-96,0,11,2,3109406,0,44,0,384,0,"[0,0,0,0,0,0,0,0,0,0,0,0,-15,2,-14,3,-13,3,-13,2,-13,2,-13,2,-13,3,-12,2,-12,2,-11,2,-11,2,-11,3,-10,3,-10,2,-10,3,-10,3,-9,3,-9,3,-9,3,-8,3,-8,3,-8,3,-8,3,-8,3,-8,3,-8,3,0,0,-8,3,-7,2,-8,3,-8,3,-7,2,-7,2,-7,2,-7,1,-7,1,-7,1,-7,1,-6,0,-6,0,-6,0,-6,-1,-6,-1,-5,-1,-5,-1,-4,-1,-4,-2,-4,-2,-4,-2,-3,-2,-3,-2,-2,-2,-2,-2,0,0,0,0,0,0,0,0,0,0,0,0,0,0,59,47,67,43,64,42,60,44,62,41,60,41,59,38,53,36,57,37,53,37,52,33,50,34,53,34,47,31,45,26,47,30,47,31,46,22,44,23,45,21,44,16,43,19,37,18,42,16,38,17,41,11,39,17,36,16,41,13,43,16,38,11,36,12,38,15,31,14,33,16,34,17,28,16,31,15,30,19,29,18,25,18,25,20,22,20,18,19,17,20,21,17,16,19,14,19,13,17,8,17,6,16,9,16,5,18,1,15,-2,12,1,12,0,11,0,0,0,0,0,0,0,0,0,0,0,0,0,0,0,0,0,0,0,0,0,0,-21,17,-23,13,-26,15,-28,17,-28,15,-27,17,-29,22,-31,19,-33,17,-33,23,-33,24,-37,20,-37,22,-40,26,-38,23,-43,27,-40,25,-41,25,-41,26,-40,27,-43,31,-49,27,-50,30,-47,29,-48,32,-46,33,-49,32,-48,31,-47,38,-48,33,-47,36,-56,36,-48,39,-49,34,-54,35,-48,40,-46,43,-47,46,-48,45,-45,46,-47,44,-44,54,-40,50,-47,53,-41,53,-48,53,-46,53,-41,60,-35,59,-40,61,-37,57,-38,65,-40,65,-41,67,-43,65,-44,67,-49,67,0,0]"
CSI_DATA,214,2a:00:00:00:00:00,-37,11,1,0,1,1,1,0,0,0,1,-96,0,11,2,3119461,0,44,0,384,0,"[0,0,0,0,0,0,0,0,0,0,0,0,-9,10,-8,9,-8,10,-8,9,-8,9,-8,8,-8,8,-7,8,-7,8,-7,8,-7,8,-6,8,-6,8,-6,8,-5,7,-5,7,-5,7,-5,7,-4,7,-4,7,-4,7,-4,7,-4,7,-4,7,-4,7,-4,7,0,0,-4,6,-4,6,-4,6,-4,6,-4,5,-4,6,-4,5,-4,5,-4,4,-5,4,-5,4,-4,4,-4,3,-4,3,-4,2,-4,2,-4,2,-4,1,-4,1,-4,1,-4,0,-3,0,-3,0,-3,0,-3,-1,-3,-1,0,0,0,0,0,0,0,0,0,0,0,0,0,0,78,2,75,-1,77,4,75,3,74,-2,73,4,69,1,69,1,61,2,68,4,63,6,62,0,61,3,52,-4,56,-3,55,-4,54,-7,51,-10,48,-6,48,-6,48,-10,45,-9,46,-13,41,-8,38,-8,42,-9,37,-16,39,-13,39,-14,42,-11,43,-12,43,-14,33,-11,39,-10,38,-6,35,-9,33,-9,33,-7,36,-6,33,-8,34,-3,32,-2,27,2,26,0,31,2,29,5,25,8,20,6,23,2,19,3,18,6,17,9,14,8,12,8,12,10,10,11,8,13,0,0,0,0,0,0,0,0,0,0,0,0,0,0,0,0,0,0,0,0,0,0,-20,25,-18,28,-16,25,-21,27,-18,25,-17,28,-22,28,-22,29,-20,27,-21,30,-22,37,-22,35,-23,39,-23,38,-25,42,-29,33,-30,41,-28,40,-22,46,-30,43,-29,44,-29,48,-31,43,-29,46,-28,46,-28,51,-28,52,-29,53,-21,52,-27,56,-26,51,-30,55,-28,56,-27,56,-25,57,-20,57,-20,57,-22,61,-18,62,-14,62,-17,62,-13,66,-13,68,-16,62,-10,70,-11,72,-8,69,-9,67,-5,77,-7,70,-6,75,-8,78,-6,83,-5,73,2,79,1,83,-6,82,0,0]"
CSI_DATA,215,2a:00:00:00:00:00,-37,11,1,0,1,1,1,0,0,0,1,-96,0,11,2,3130125,0,44,0,384,0,"[0,0,0,0,0,0,0,0,0,0,0,0,11,-9,10,-8,10,-9,10,-8,10,-8,9,-8,9,-8,9,-7,8,-7,8,-7,8,-7,8,-7,7,-7,6,-7,6,-7,7,-7,6,-7,6,-7,5,-7,5,-7,5,-7,5,-7,5,-7,4,-7,4,-7,5,-7,0,0,5,-7,4,-6,4,-6,5,-6,4,-5,4,-5,4,-5,4,-5,4,-5,5,-5,5,-4,4,-3,4,-3,4,-3,4,-3,4,-2,4,-2,4,-2,3,-1,3,-1,3,-1,3,0,2,0,2,0,2,0,2,0,0,0,0,0,0,0,0,0,0,0,0,0,0,0,-78,3,-78,5,-76,2,-75,4,-72,3,-74,5,-68,6,-70,6,-67,-1,-64,5,-64,4,-60,3,-59,3,-56,2,-62,2,-55,7,-52,7,-52,8,-49,9,-52,10,-49,11,-47,10,-48,10,-43,13,-41,11,-44,11,-42,11,-37,12,-38,15,-41,11,-39,12,-41,10,-36,12,-37,12,-36,9,-39,6,-35,6,-34,5,-34,6,-36,4,-33,-2,-34,2,-27,1,-29,-5,-25,-8,-28,-4,-24,-6,-23,-8,-22,-5,-16,-7,-22,-8,-15,-11,-11,-11,-9,-12,-9,-11,-11,-9,-7,-11,0,0,0,0,0,0,0,0,0,0,0,0,0,0,0,0,0,0,0,0,0,0,4,-34,12,-31,9,-30,8,-33,8,-35,10,-32,10,-38,8,-37,6,-37,11,-37,10,-39,15,-42,12,-44,11,-40,12,-46,15,-43,14,-46,13,-49,16,-46,15,-52,19,-54,15,-52,19,-53,18,-51,19,-56,16,-56,19,-57,16,-58,15,-56,16,-60,13,-60,15,-62,14,-64,13,-59,14,-62,12,-65,8,-66,6,-66,3,-64,4,-66,8,-66,-2,-73,2,-66,3,-70,0,-69,-8,-79,-2,-69,-4,-76,-3,-73,-10,-77,-8,-70,-7,-72,-7,-79,-8,-81,-6,-79,-5,-82,-5,-80,0,0]"
CSI_DATA,216,2a:00:00:00:00:00,-37,11,1,0,1,1,1,0,0,0,1,-96,0,11,2,3139457,0,44,0,384,0,"[0,0,0,0,0,0,0,0,0,0,0,0,-14,2,-14,2,-13,2,-13,1,-12,1,-13,1,-12,2,-12,2,-12,1,-11,1,-11,2,-11,2,-10,2,-10,2,-10,2,-9,2,-9,3,-9,2,-8,2,-8,2,-8,2,-8,3,-8,3,-8,2,-8,2,-8,3,0,0,-8,2,-7,2,-8,2,-7,2,-7,1,-7,1,-7,1,-7,1,-7,1,-7,0,-7,0,-6,0,-6,-1,-6,-1,-5,-1,-5,-1,-5,-1,-5,-1,-4,-1,-4,-2,-4,-2,-3,-2,-3,-2,-2,-2,-2,-2,-2,-2,0,0,0,0,0,0,0,0,0,0,0,0,0,0,63,37,63,38,68,38,66,39,63,31,61,32,64,34,56,32,57,34,53,28,54,28,53,27,56,27,49,27,50,21,51,20,45,24,43,19,44,20,44,17,45,15,45,14,46,15,42,7,40,11,38,11,45,9,41,11,33,7,42,9,43,12,42,10,36,10,34,11,35,11,36,9,35,12,31,12,35,16,32,9,28,12,29,18,22,20,21,19,22,17,16,22,19,18,13,15,14,15,13,12,9,16,11,14,5,16,6,14,3,13,2,12,-2,14,0,0,0,0,0,0,0,0,0,0,0,0,0,0,0,0,0,0,0,0,0,0,-23,14,-25,20,-26,19,-30,18,-30,18,-30,18,-28,21,-30,21,-25,22,-36,20,-34,23,-34,24,-38,24,-39,25,-36,25,-39,26,-43,25,-41,30,-42,30,-43,29,-46,28,-47,31,-46,34,-47,34,-48,31,-50,38,-47,30,-51,37,-48,36,-48,38,-48,38,-50,39,-48,38,-51,38,-43,39,-46,41,-48,47,-46,48,-43,45,-41,48,-47,53,-39,56,-41,52,-39,59,-40,54,-41,60,-40,60,-38,58,-41,60,-41,66,-34,61,-38,68,-39,64,-37,68,-36,75,-38,70,-37,69,0,0]"
CSI_DATA,217,2a:00:00:00:00:00,-37,11,1,0,1,1,1,0,0,0,1,-96,0,11,2,3149571,0,44,0,384,0,"[0,0,0,0,0,0,0,0,0,0,0,0,-2,13,-2,13,-2,13,-2,12,-2,12,-2,11,-2,11,-1,11,-2,10,-1,10,-1,10,-1,10,-1,10,-1,9,0,9,0,9,0,8,0,8,0,8,0,8,0,8,1,8,0,7,1,8,1,8,0,7,0,0,0,7,0,7,0,7,0,7,0,7,0,7,0,6,-1,6,-1,6,-1,6,-2,5,-2,5,-2,5,-2,5,-2,4,-2,4,-2,4,-3,3,-3,3,-3,2,-3,2,-3,2,-3,1,-3,1,-3,1,-3,0,0,0,0,0,0,0,0,0,0,0,0,0,0,0,61,-42,60,-49,65,-48,57,-44,61,-35,60,-41,56,-41,58,-40,52,-35,55,-37,54,-35,51,-35,45,-32,48,-34,44,-33,45,-32,42,-34,38,-33,34,-30,35,-31,36,-34,35,-30,30,-34,32,-32,31,-31,31,-30,29,-30,29,-28,31,-28,31,-28,28,-28,28,-23,30,-28,28,-26,29,-22,26,-23,32,-24,26,-23,26,-21,27,-17,24,-15,30,-11,23,-13,25,-9,26,-8,24,-10,22,-5,21,-6,23,-1,20,-4,18,-1,16,2,16,1,17,6,19,7,12,5,9,7,0,0,0,0,0,0,0,0,0,0,0,0,0,0,0,0,0,0,0,0,0,0,14,27,13,28,16,30,15,29,12,28,14,32,15,33,18,32,15,35,18,35,15,36,14,40,13,41,14,41,18,45,16,42,19,49,17,48,20,48,20,50,22,49,19,44,18,50,21,55,19,51,22,53,17,54,21,52,23,57,22,57,23,54,24,52,26,56,26,58,27,53,25,57,28,58,33,56,33,60,31,54,29,58,35,59,38,56,38,53,37,59,46,60,40,55,44,58,45,53,45,55,47,57,45,58,50,61,47,60,49,65,47,60,48,62,0,0]"
CSI_DATA,218,2a:00:00:00:00:00,-37,11,1,0,1,1,1,0,0,0,1,-96,0,11,2,3159396,0,44,0,384,0,"[0,0,0,0,0,0,0,0,0,0,0,0,-2,-14,-2,-13,-3,-14,-2,-14,-2,-13,-2,-12,-2,-12,-2,-12,-2,-11,-3,-11,-2,-11,-3,-10,-3,-10,-3,-10,-3,-10,-3,-9,-3,-9,-3,-9,-4,-9,-3,-9,-3,-9,-3,-9,-3,-8,-4,-8,-4,-8,-3,-8,0,0,-3,-8,-3,-8,-3,-8,-2,-7,-2,-7,-2,-7,-2,-7,-2,-7,-1,-7,-1,-7,-1,-6,-1,-6,0,-6,0,-6,0,-5,1,-5,0,-5,1,-4,1,-4,1,-4,1,-3,1,-3,1,-3,1,-3,1,-2,2,-2,0,0,0,0,0,0,0,0,0,0,0,0,0,0,-55,58,-54,53,-56,55,-48,48,-50,51,-51,49,-48,46,-48,48,-47,45,-47,46,-43,40,-45,42,-45,39,-40,42,-36,39,-36,41,-33,39,-32,40,-35,37,-25,38,-33,39,-27,31,-28,41,-23,36,-26,38,-27,36,-24,36,-22,38,-22,34,-21,36,-20,33,-23,29,-22,29,-22,36,-23,29,-25,29,-24,31,-25,31,-21,30,-24,23,-26,18,-24,20,-26,20,-25,19,-25,15,-19,11,-21,10,-22,10,-23,10,-17,5,-16,3,-17,4,-17,0,-13,1,-14,-1,-15,-6,-11,-4,0,0,0,0,0,0,0,0,0,0,0,0,0,0,0,0,0,0,0,0,0,0,-17,-23,-16,-27,-17,-28,-19,-29,-13,-25,-16,-33,-10,-34,-19,-34,-19,-39,-16,-36,-15,-37,-15,-42,-21,-43,-17,-43,-18,-41,-22,-42,-21,-49,-22,-49,-26,-47,-22,-50,-22,-50,-19,-56,-15,-53,-20,-52,-25,-50,-24,-55,-25,-49,-27,-54,-24,-53,-29,-56,-27,-56,-32,-58,-31,-56,-32,-57,-35,-55,-34,-53,-32,-48,-37,-52,-36,-52,-40,-51,-41,-54,-41,-52,-41,-55,-42,-49,-44,-50,-45,-50,-47,-51,-51,-50,-55,-52,-53,-50,-55,-50,-61,-51,-55,-51,-59,-52,-65,-54,-57,-52,-60,-54,0,0]"
CSI_DATA,219,2a:00:00:00:00:00,-37,11,1,0,1,1,1,0,0,0,1,-96,0,11,2,3171397,0,44,0,384,0,"[0,0,0,0,0,0,0,0,0,0,0,0,5,12,5,11,5,12,5,12,5,12,4,11,4,10,4,10,4,9,4,10,4,9,4,9,5,9,5,8,4,8,5,8,5,7,5,7,5,7,5,7,5,6,5,7,5,6,5,6,5,6,4,5,0,0,5,5,4,6,4,6,4,5,4,5,4,6,4,6,3,5,3,5,2,5,2,5,2,5,2,5,1,5,1,4,0,4,0,4,0,3,0,3,-1,3,-1,3,-1,3,-1,3,-2,2,-2,2,-2,1,0,0,0,0,0,0,0,0,0,0,0,0,0,0,24,-79,29,-73,22,-76,26,-77,27,-71,22,-71,23,-70,24,-70,25,-64,21,-65,21,-62,22,-60,20,-54,21,-58,20,-60,12,-54,11,-54,13,-52,9,-46,10,-47,9,-50,8,-44,3,-48,7,-47,6,-45,1,-43,8,-43,2,-49,6,-43,3,-44,2,-40,9,-38,2,-42,3,-40,6,-38,8,-40,8,-40,8,-36,11,-31,10,-32,7,-32,14,-32,15,-31,12,-28,13,-23,18,-22,18,-22,16,-21,16,-16,18,-17,15,-14,15,-9,14,-9,14,-7,18,-8,14,-1,12,-3,0,0,0,0,0,0,0,0,0,0,0,0,0,0,0,0,0,0,0,0,0,0,23,19,30,18,24,16,30,19,25,21,27,19,31,19,31,24,32,22,31,26,32,23,34,23,35,23,36,29,33,33,37,28,43,34,39,34,42,33,43,30,41,32,45,34,42,35,48,36,42,33,47,34,48,34,48,36,52,34,49,36,52,33,55,38,51,42,56,34,55,38,50,35,56,30,61,30,53,31,60,25,61,25,60,28,66,25,62,26,64,27,67,18,63,23,72,22,70,25,73,22,77,16,74,22,69,18,71,24,81,24,77,25,77,21,0,0]"
CSI_DATA,220,2a:00:00:00:00:00,-37,11,1,0,1,1,1,0,0,0,1,-96,0,11,2,3190878,0,44,0,384,0,"[0,0,0,0,0,0,0,0,0,0,0,0,-13,5,-12,6,-12,6,-12,5,-11,5,-11,5,-11,5,-10,5,-10,5,-9,5,-10,5,-9,5,-9,5,-8,5,-8,5,-8,5,-8,5,-8,5,-7,5,-7,5,-6,5,-6,5,-7,5,-6,5,-6,5,-6,5,0,0,-6,5,-6,4,-6,4,-6,4,-6,4,-6,4,-6,4,-6,3,-6,3,-6,3,-6,2,-6,2,-5,1,-5,1,-5,1,-5,1,-5,0,-5,0,-4,0,-4,0,-4,-1,-3,-1,-3,-1,-3,-1,-3,-1,-3,-2,0,0,0,0,0,0,0,0,0,0,0,0,0,0,71,31,74,27,69,24,70,22,71,25,78,18,67,21,66,25,63,24,65,22,58,22,59,14,59,18,57,14,54,10,54,9,55,13,51,10,53,10,45,8,53,1,46,4,47,3,44,5,41,0,43,3,45,0,45,0,44,1,43,1,38,0,40,-1,37,-1,36,2,41,3,39,2,37,3,37,3,37,9,34,4,31,9,28,11,27,8,28,7,24,11,25,11,21,12,21,11,18,11,13,15,13,11,10,16,11,14,9,13,6,17,6,11,5,14,0,0,0,0,0,0,0,0,0,0,0,0,0,0,0,0,0,0,0,0,0,0,-23,24,-24,21,-21,17,-21,24,-25,21,-30,24,-27,20,-27,24,-31,24,-33,24,-28,28,-32,27,-31,32,-34,32,-38,31,-37,31,-37,36,-38,33,-32,38,-37,33,-42,37,-39,41,-42,35,-45,38,-41,39,-37,39,-45,44,-42,45,-41,43,-42,45,-43,47,-41,52,-40,48,-40,49,-42,48,-44,52,-35,51,-36,54,-38,59,-33,54,-36,57,-30,59,-32,61,-28,65,-31,62,-21,66,-22,71,-27,69,-28,74,-30,69,-25,70,-23,73,-32,76,-25,75,-26,70,-27,73,-22,74,0,0]"
CSI_DATA,221,2a:00:00:00:00:00,-37,11,1,0,1,1,1,0,0,0,1,-96,0,11,2,3199418,0,44,0,384,0,"[0,0,0,0,0,0,0,0,0,0,0,0,8,-11,8,-11,7,-11,7,-11,7,-10,7,-10,7,-10,6,-9,6,-9,5,-9,6,-9,5,-9,5,-9,4,-9,4,-9,4,-9,4,-8,4,-8,3,-8,3,-8,3,-8,3,-8,3,-8,2,-8,3,-8,3,-7,0,0,3,-7,3,-7,3,-7,3,-7,3,-7,3,-7,3,-6,3,-6,3,-6,4,-5,4,-5,3,-5,3,-4,3,-4,3,-3,4,-3,3,-3,3,-2,3,-2,3,-2,3,-1,3,-1,2,-1,2,-1,2,0,2,0,0,0,0,0,0,0,0,0,0,0,0,0,0,0,-79,2,-79,2,-79,-5,-76,-1,-77,-2,-72,-2,-74,-4,-69,0,-69,1,-69,-1,-66,2,-65,1,-65,8,-60,0,-63,-1,-55,2,-55,2,-51,2,-51,2,-52,6,-48,4,-50,8,-45,12,-46,10,-43,5,-42,13,-44,11,-43,9,-39,4,-43,7,-42,8,-40,4,-42,10,-36,9,-38,8,-34,2,-36,4,-36,4,-40,6,-37,2,-35,0,-34,-7,-29,-6,-30,-8,-28,-10,-26,-9,-22,-9,-23,-7,-23,-13,-20,-13,-16,-13,-13,-11,-15,-13,-11,-15,-13,-12,-9,-14,-7,-10,0,0,0,0,0,0,0,0,0,0,0,0,0,0,0,0,0,0,0,0,0,0,12,-32,8,-33,9,-34,10,-30,10,-39,13,-31,11,-35,14,-34,14,-35,15,-38,13,-38,15,-40,12,-44,17,-44,17,-43,16,-44,18,-48,17,-47,13,-48,24,-50,15,-52,18,-54,21,-51,23,-55,20,-52,22,-57,20,-54,17,-56,17,-62,17,-57,18,-61,17,-61,15,-57,12,-63,15,-62,12,-62,15,-69,10,-64,12,-66,11,-66,9,-68,6,-69,7,-70,1,-76,2,-69,-4,-72,-2,-73,-5,-73,-2,-77,0,-77,3,-74,-9,-78,-7,-79,-6,-84,-6,-80,-1,-79,-9,-81,0,0]"
CSI_DATA,222,2a:00:00:00:00:00,-37,11,1,0,1,1,1,0,0,0,1,-96,0,11,2,3219428,0,44,0,384,0,"[0,0,0,0,0,0,0,0,0,0,0,0,13,-5,12,-5,12,-5,11,-6,11,-5,11,-5,11,-6,10,-5,10,-5,9,-5,10,-5,9,-5,8,-5,8,-5,8,-5,8,-6,7,-6,7,-5,7,-6,6,-5,6,-5,6,-6,6,-5,6,-5,6,-5,6,-5,0,0,6,-5,5,-5,5,-5,6,-5,5,-5,5,-4,5,-4,5,-4,5,-4,5,-3,6,-3,5,-2,5,-2,4,-2,5,-2,4,-2,4,-1,4,-1,4,-1,3,0,3,0,2,0,2,1,2,1,2,1,2,1,0,0,0,0,0,0,0,0,0,0,0,0,0,0,-77,-9,-82,-10,-80,-7,-77,-8,-73,-6,-76,-7,-75,-9,-71,-8,-64,-9,-69,-6,-68,-6,-67,-9,-64,-2,-53,-8,-57,-6,-55,-1,-53,-3,-55,2,-54,-1,-53,0,-52,2,-46,0,-50,7,-46,7,-42,-1,-43,3,-42,3,-42,8,-39,1,-43,8,-42,8,-39,4,-37,6,-39,1,-42,4,-38,5,-36,4,-36,0,-38,-2,-37,-1,-35,-4,-36,-4,-32,-5,-29,-8,-29,-8,-28,-7,-26,-8,-24,-12,-20,-13,-19,-10,-17,-12,-18,-15,-12,-11,-13,-14,-9,-12,-12,-13,-9,-13,0,0,0,0,0,0,0,0,0,0,0,0,0,0,0,0,0,0,0,0,0,0,13,-30,17,-26,17,-26,15,-26,19,-32,20,-30,15,-31,18,-30,18,-33,20,-33,25,-37,22,-38,20,-38,20,-37,26,-42,21,-43,24,-45,23,-44,26,-44,26,-45,29,-51,24,-53,28,-48,28,-49,28,-54,24,-52,29,-52,27,-58,23,-55,26,-58,24,-54,24,-61,25,-55,22,-57,26,-64,22,-58,20,-61,17,-67,17,-61,18,-67,16,-67,11,-69,11,-72,14,-71,12,-69,7,-69,9,-76,13,-73,9,-75,6,-74,3,-76,4,-78,8,-79,0,-86,1,-85,-2,-83,5,-83,0,0]"
CSI_DATA,223,2a:00:00:00:00:00,-37,11,1,0,1,1,1,0,0,0,1,-96,0,11,2,3229675,0,44,0,384,0,"[0,0,0,0,0,0,0,0,0,0,0,0,-12,8,-11,8,-11,8,-10,8,-10,7,-10,7,-10,7,-10,7,-10,7,-8,7,-9,7,-8,7,-7,7,-7,6,-7,6,-7,6,-7,6,-7,6,-6,6,-6,6,-6,6,-5,6,-6,6,-5,6,-5,6,-6,6,0,0,-5,6,-5,5,-5,5,-6,5,-5,5,-5,5,-5,4,-5,4,-6,4,-6,3,-6,4,-5,3,-5,2,-5,2,-6,2,-5,2,-5,1,-5,1,-5,0,-4,0,-4,0,-4,-1,-4,-1,-3,-1,-3,-1,-3,-1,0,0,0,0,0,0,0,0,0,0,0,0,0,0,78,9,75,9,78,11,72,7,77,4,73,8,64,6,67,5,63,8,62,6,63,7,58,5,59,6,52,1,57,6,53,-1,47,1,52,0,49,-5,46,0,51,1,47,-7,46,-7,44,-8,37,-4,44,-8,39,-5,35,-10,37,-7,43,-4,37,-6,46,-5,34,-8,40,-9,32,-6,34,-2,32,-2,35,-5,34,-2,34,-1,28,1,31,4,29,6,26,4,29,7,21,8,26,11,23,8,19,13,17,8,18,14,12,10,15,14,8,15,10,13,3,12,3,11,0,0,0,0,0,0,0,0,0,0,0,0,0,0,0,0,0,0,0,0,0,0,-15,24,-17,26,-17,24,-19,28,-17,28,-18,28,-22,27,-18,32,-22,31,-22,32,-26,33,-23,36,-21,35,-24,40,-25,37,-24,37,-25,45,-26,39,-23,39,-29,44,-29,45,-26,46,-25,48,-33,48,-30,49,-23,45,-31,52,-31,52,-20,48,-30,54,-28,49,-28,58,-26,52,-23,58,-20,59,-23,57,-21,55,-20,60,-21,61,-21,63,-17,67,-15,61,-16,69,-11,64,-16,72,-6,69,-12,71,-8,77,-8,71,-10,73,-10,71,-12,79,-9,79,-10,76,-11,80,-7,82,-6,76,0,0]"
CSI_DATA,224,2a:00:00:00:00:00,-37,11,1,0,1,1,1,0,0,0,1,-96,0,11,2,3239406,0,44,0,384,0,"[0,0,0,0,0,0,0,0,0,0,0,0,12,5,12,5,11,6,11,6,10,6,11,5,10,5,10,4,10,4,9,4,10,3,10,3,9,3,9,3,8,3,9,2,8,2,8,1,8,2,8,2,8,2,8,2,7,1,8,1,8,1,8,0,0,0,8,0,7,1,7,1,7,1,7,1,7,2,6,2,6,2,6,2,5,2,5,2,5,2,4,2,4,3,4,2,3,2,3,3,3,2,2,3,2,2,2,2,1,2,1,2,0,2,0,2,0,2,0,0,0,0,0,0,0,0,0,0,0,0,0,0,-24,-75,-17,-72,-25,-75,-23,-70,-24,-69,-24,-66,-18,-66,-21,-66,-15,-62,-24,-61,-20,-59,-24,-53,-21,-61,-20,-53,-19,-49,-22,-48,-22,-48,-21,-50,-20,-45,-20,-41,-21,-44,-23,-45,-26,-40,-24,-37,-20,-43,-25,-41,-21,-37,-24,-34,-22,-40,-27,-33,-20,-34,-21,-36,-15,-36,-18,-34,-15,-30,-16,-34,-11,-33,-14,-35,-14,-31,-13,-32,-10,-31,-6,-31,-5,-29,-7,-29,-5,-30,-2,-24,-1,-24,-1,-26,2,-21,5,-20,4,-19,7,-15,7,-17,5,-11,6,-14,9,-11,7,-10,0,0,0,0,0,0,0,0,0,0,0,0,0,0,0,0,0,0,0,0,0,0,31,0,28,0,27,2,36,2,29,0,31,-1,33,-1,38,-3,40,1,39,2,41,2,40,3,37,0,45,-1,43,3,43,2,47,0,47,2,50,0,54,-2,46,2,54,6,52,0,54,0,52,-1,60,-6,55,2,60,5,53,-2,65,-2,57,-3,60,-4,61,-6,65,-6,63,-6,63,-7,62,-12,63,-12,65,-13,67,-14,68,-14,63,-21,67,-16,66,-21,66,-28,66,-25,62,-26,67,-29,70,-25,69,-25,74,-28,74,-26,78,-33,69,-26,73,-27,79,-28,77,-27,0,0]"
CSI_DATA,225,2a:00:00:00:00:00,-37,11,1,0,1,1,1,0,0,0,1,-96,0,11,2,3250268,0,44,0,384,0,"[0,0,0,0,0,0,0,0,0,0,0,0,7,11,7,10,7,11,6,11,7,11,6,9,6,9,6,9,6,9,6,9,6,8,6,7,6,7,6,7,6,7,6,6,6,6,6,5,6,5,6,5,6,5,6,5,6,4,6,5,6,5,6,4,0,0,6,4,6,5,5,4,5,4,5,4,5,5,5,5,4,5,4,4,4,4,3,4,3,4,3,5,2,4,2,4,1,4,1,4,1,3,0,3,0,3,0,3,0,3,0,3,-1,3,-1,2,-1,2,0,0,0,0,0,0,0,0,0,0,0,0,0,0,18,-80,18,-83,14,-78,10,-74,13,-76,14,-71,12,-71,10,-68,19,-66,10,-64,7,-63,8,-62,4,-61,5,-61,7,-58,8,-59,4,-57,2,-55,1,-49,-1,-48,-2,-44,-2,-52,-4,-43,-7,-48,-4,-42,-6,-43,-5,-46,-7,-41,-7,-41,-10,-41,-6,-40,-10,-40,-9,-41,-5,-37,-2,-41,-4,-40,1,-34,-5,-33,1,-36,-4,-36,0,-36,1,-34,7,-29,8,-29,6,-27,4,-22,9,-23,11,-25,9,-15,11,-20,10,-18,8,-16,7,-12,11,-12,9,-9,10,-9,13,-3,0,0,0,0,0,0,0,0,0,0,0,0,0,0,0,0,0,0,0,0,0,0,24,17,20,17,23,18,25,18,27,18,25,18,30,23,29,21,26,21,32,23,33,25,36,27,32,25,35,26,37,19,34,26,35,26,37,31,38,24,39,26,45,30,42,31,46,37,49,33,43,34,49,29,46,30,46,30,54,35,53,28,51,29,53,30,58,26,55,29,59,26,58,25,59,28,59,27,60,20,66,24,61,20,68,18,62,22,69,20,62,15,72,10,71,9,76,12,76,14,76,12,80,12,80,6,78,9,78,11,85,5,82,10,82,12,0,0]"
CSI_DATA,226,2a:00:00:00:00:00,-37,11,1,0,1,1,1,0,0,0,1,-96,0,11,2,3269758,0,44,0,384,0,"[0,0,0,0,0,0,0,0,0,0,0,0,-13,5,-13,5,-12,5,-12,5,-12,5,-12,4,-12,4,-11,4,-11,4,-10,4,-10,4,-10,5,-9,4,-9,4,-8,4,-9,5,-8,5,-8,4,-7,4,-7,4,-7,4,-7,4,-7,5,-7,5,-7,4,-7,4,0,0,-7,4,-7,4,-6,4,-7,4,-6,3,-6,3,-6,3,-6,3,-7,2,-7,2,-6,2,-6,1,-6,1,-6,1,-6,0,-6,0,-5,0,-5,0,-5,-1,-4,-1,-4,-1,-3,-2,-3,-2,-3,-2,-3,-2,-3,-2,0,0,0,0,0,0,0,0,0,0,0,0,0,0,76,26,68,32,77,32,69,33,66,29,73,30,61,27,66,28,56,29,59,25,60,32,54,26,57,27,47,20,52,20,48,19,48,15,50,14,48,17,45,12,50,11,43,12,45,9,40,9,44,8,40,7,41,10,45,7,39,8,42,3,42,5,41,4,35,7,40,7,37,7,34,10,36,15,31,11,32,9,34,16,30,14,29,15,27,16,25,14,22,19,21,15,21,18,16,13,15,17,15,13,10,17,8,17,6,14,4,14,5,16,2,14,2,10,0,0,0,0,0,0,0,0,0,0,0,0,0,0,0,0,0,0,0,0,0,0,-21,24,-21,20,-18,19,-21,18,-23,19,-24,24,-23,22,-25,25,-25,25,-26,25,-27,28,-29,28,-27,31,-30,32,-32,34,-31,29,-33,31,-34,32,-38,35,-37,36,-38,36,-37,35,-34,36,-38,43,-38,40,-36,41,-38,47,-39,45,-35,40,-41,45,-33,42,-43,46,-40,46,-39,48,-40,43,-39,48,-35,48,-35,54,-37,52,-31,60,-39,62,-29,59,-33,65,-28,61,-33,63,-31,69,-31,68,-30,64,-34,66,-31,65,-27,71,-27,76,-33,81,-28,72,-29,80,-35,76,-27,76,0,0]"
CSI_DATA,227,2a:00:00:00:00:00,-37,11,1,0,1,1,1,0,0,0,1,-96,0,11,2,3279403,0,44,0,384,0,"[0,0,0,0,0,0,0,0,0,0,0,0,-5,12,-5,12,-4,12,-4,12,-4,11,-4,10,-4,10,-4,10,-4,10,-3,10,-3,9,-3,9,-2,9,-2,9,-2,9,-2,8,-1,8,-2,8,-1,8,-1,8,-1,7,0,8,-1,7,0,7,0,7,-1,7,0,0,-1,7,0,7,0,7,-1,7,-1,6,-1,6,-1,6,-1,6,-2,6,-2,6,-2,5,-2,5,-2,5,-2,4,-3,4,-3,4,-3,3,-3,3,-3,2,-3,2,-3,2,-3,1,-3,1,-3,1,-3,1,-3,0,0,0,0,0,0,0,0,0,0,0,0,0,0,0,66,-41,69,-35,71,-40,60,-37,64,-35,67,-37,61,-35,63,-37,54,-33,57,-34,54,-29,54,-31,50,-30,45,-32,48,-29,48,-29,42,-31,43,-30,45,-35,40,-29,41,-30,32,-26,33,-34,30,-30,33,-30,32,-33,28,-29,29,-35,25,-29,29,-30,27,-29,36,-31,28,-26,27,-30,32,-23,30,-28,27,-24,26,-24,29,-20,30,-19,29,-13,30,-16,25,-15,26,-11,31,-10,27,-9,22,-9,25,-7,24,-6,21,-2,23,0,17,3,15,5,16,4,18,3,15,3,11,10,0,0,0,0,0,0,0,0,0,0,0,0,0,0,0,0,0,0,0,0,0,0,3,29,3,30,3,30,3,29,5,29,5,32,2,35,1,32,4,36,4,31,2,34,0,39,4,44,6,46,11,44,4,43,7,48,6,45,9,47,8,53,8,48,5,55,6,50,4,52,7,52,8,53,9,57,8,59,9,51,13,55,11,51,14,61,16,61,16,64,19,59,19,60,20,56,19,62,20,60,26,65,27,67,28,62,27,66,30,58,31,67,38,64,36,64,36,60,41,67,38,60,38,68,45,74,46,73,34,62,44,67,44,76,42,68,0,0]"
CSI_DATA,228,2a:00:00:00:00:00,-37,11,1,0,1,1,1,0,0,0,1,-96,0,11,2,3309351,0,44,0,384,0,"[0,0,0,0,0,0,0,0,0,0,0,0,-13,-6,-13,-6,-13,-6,-12,-6,-12,-6,-11,-5,-12,-5,-11,-5,-11,-5,-11,-4,-11,-4,-11,-3,-10,-4,-10,-3,-9,-3,-10,-3,-10,-2,-10,-2,-9,-2,-9,-2,-9,-2,-9,-2,-9,-1,-9,-1,-9,-2,-9,-1,0,0,-8,-1,-8,-2,-8,-2,-8,-1,-7,-2,-8,-2,-7,-2,-7,-3,-7,-2,-7,-2,-7,-3,-6,-3,-6,-3,-5,-3,-5,-3,-5,-3,-4,-4,-4,-3,-3,-3,-3,-3,-3,-3,-2,-4,-2,-3,-2,-3,-2,-3,-1,-3,0,0,0,0,0,0,0,0,0,0,0,0,0,0,29,75,20,71,25,74,27,70,21,72,22,68,24,62,21,64,20,59,17,60,20,57,21,57,20,53,16,48,21,49,21,48,22,49,21,43,20,48,24,38,29,40,24,39,23,38,22,34,21,42,21,38,24,34,23,37,24,35,22,33,22,32,24,33,22,31,21,35,22,30,16,33,18,34,16,31,15,30,17,27,9,31,8,23,5,29,8,27,4,27,2,23,1,24,0,22,2,23,-1,20,-7,16,-4,15,-8,16,-9,16,-11,13,-8,12,-12,13,0,0,0,0,0,0,0,0,0,0,0,0,0,0,0,0,0,0,0,0,0,0,-29,0,-30,-3,-27,-2,-29,0,-30,-4,-31,-3,-32,-3,-34,-1,-35,3,-37,-3,-38,-2,-39,-4,-41,-3,-41,-2,-46,-2,-45,1,-47,-2,-46,-5,-50,0,-52,-4,-50,-3,-54,2,-51,-1,-55,-3,-57,-4,-59,-6,-58,-2,-61,0,-55,0,-60,2,-60,3,-64,2,-63,4,-67,6,-62,6,-59,6,-63,12,-66,9,-63,8,-66,12,-65,13,-68,20,-64,20,-64,21,-66,22,-65,19,-67,19,-67,26,-74,25,-75,25,-76,26,-76,25,-74,24,-74,26,-78,26,-77,24,-78,29,0,0]"
CSI_DATA,229,2a:00:00:00:00:00,-37,11,1,0,1,1,1,0,0,0,1,-96,0,11,2,3319388,0,44,0,384,0,"[0,0,0,0,0,0,0,0,0,0,0,0,-14,-5,-14,-4,-13,-5,-13,-5,-12,-5,-12,-4,-12,-4,-12,-4,-11,-4,-10,-3,-11,-3,-11,-3,-10,-3,-10,-2,-10,-3,-10,-2,-10,-2,-9,-2,-9,-2,-9,-2,-9,-2,-9,-1,-9,-1,-9,-1,-9,-1,-9,-1,0,0,-9,-1,-8,-1,-8,-2,-8,-1,-8,-2,-7,-2,-7,-2,-7,-3,-7,-2,-7,-2,-6,-2,-6,-3,-6,-3,-5,-3,-5,-3,-5,-3,-4,-4,-4,-3,-3,-3,-3,-3,-3,-3,-2,-3,-2,-3,-1,-3,-1,-3,-1,-3,0,0,0,0,0,0,0,0,0,0,0,0,0,0,22,79,14,76,19,74,21,73,22,72,16,68,17,66,11,65,14,64,16,61,17,59,17,58,19,60,17,53,17,52,18,51,20,50,17,48,15,45,16,47,22,41,22,40,23,38,19,38,21,38,18,37,24,36,24,37,21,39,23,32,21,34,24,36,21,32,17,33,15,33,14,37,12,32,15,35,13,35,13,33,12,31,5,28,5,29,6,31,-1,30,0,27,0,24,-4,21,-5,23,-4,22,-2,19,-9,21,-5,17,-10,14,-7,10,-5,10,-9,10,0,0,0,0,0,0,0,0,0,0,0,0,0,0,0,0,0,0,0,0,0,0,-27,-4,-25,-2,-30,-5,-31,-2,-28,-5,-32,-4,-35,-5,-34,-7,-40,2,-36,-2,-36,-4,-39,-4,-41,0,-43,-5,-46,-4,-45,-7,-46,-4,-46,-1,-50,-5,-51,-2,-51,-7,-57,-11,-60,-1,-56,-3,-54,-6,-57,-7,-58,-3,-58,-3,-58,-4,-61,-2,-59,-3,-63,-3,-60,-3,-66,2,-61,5,-66,2,-63,5,-66,10,-68,7,-67,9,-65,11,-67,11,-66,11,-71,15,-68,14,-74,16,-73,16,-74,20,-74,18,-72,17,-73,21,-75,25,-79,24,-72,24,-76,20,-82,21,-83,26,0,0]"
CSI_DATA,230,2a:00:00:00:00:00,-37,11,1,0,1,1,1,0,0,0,1,-96,0,11,2,3329415,0,44,0,384,0,"[0,0,0,0,0,0,0,0,0,0,0,0,-14,-5,-14,-5,-13,-5,-13,-5,-12,-5,-13,-4,-12,-4,-12,-4,-11,-3,-10,-3,-11,-3,-11,-3,-10,-3,-10,-3,-10,-3,-10,-2,-10,-1,-9,-1,-9,-1,-9,-1,-9,-1,-9,-1,-9,-1,-9,-1,-9,-1,-9,0,0,0,-9,0,-8,-1,-8,-1,-8,-1,-8,-1,-8,-1,-8,-2,-7,-2,-7,-2,-7,-2,-7,-2,-6,-2,-6,-3,-6,-3,-5,-2,-5,-3,-4,-3,-4,-3,-4,-3,-3,-3,-3,-3,-3,-3,-2,-3,-2,-3,-2,-3,-1,-3,0,0,0,0,0,0,0,0,0,0,0,0,0,0,37,63,36,69,38,71,38,66,37,61,35,65,32,59,31,60,34,54,34,55,34,53,32,54,31,48,26,47,32,47,32,46,32,39,31,39,30,40,32,36,34,38,31,37,36,30,29,33,27,30,29,31,33,29,32,30,34,26,29,29,30,29,31,29,30,27,30,26,29,29,27,26,28,29,22,27,22,27,20,25,25,26,22,28,15,24,15,27,16,26,6,28,8,25,4,23,6,21,0,23,0,16,-1,15,0,17,-4,13,-3,17,-8,12,-4,13,0,0,0,0,0,0,0,0,0,0,0,0,0,0,0,0,0,0,0,0,0,0,-29,2,-30,3,-29,3,-34,1,-33,2,-34,-1,-33,1,-36,2,-35,4,-37,3,-37,3,-43,2,-40,3,-41,3,-47,4,-43,3,-48,4,-48,5,-49,8,-50,-1,-57,3,-58,8,-56,3,-58,6,-61,4,-63,7,-57,7,-61,6,-59,5,-63,12,-58,11,-63,8,-64,12,-64,14,-67,11,-60,14,-59,18,-65,21,-63,21,-64,23,-68,23,-64,31,-67,27,-62,26,-69,29,-62,34,-64,34,-67,38,-67,35,-67,35,-70,40,-68,40,-72,44,-65,39,-74,44,-70,41,-74,43,0,0]"
CSI_DATA,231,2a:00:00:00:00:00,-37,11,1,0,1,1,1,0,0,0,1,-96,0,11,2,3349516,0,44,0,384,0,"[0,0,0,0,0,0,0,0,0,0,0,0,-13,6,-13,6,-12,6,-12,5,-11,5,-12,5,-11,5,-11,5,-11,5,-10,5,-10,5,-10,5,-9,5,-8,5,-8,5,-9,5,-8,5,-8,5,-7,5,-7,5,-7,5,-7,5,-7,5,-6,5,-7,5,-7,5,0,0,-7,5,-7,4,-6,4,-7,4,-6,4,-6,4,-6,3,-6,3,-7,3,-6,3,-6,2,-6,2,-6,1,-6,1,-6,1,-6,0,-5,0,-5,0,-5,-1,-4,-1,-4,-1,-4,-1,-3,-1,-3,-2,-3,-2,-3,-2,0,0,0,0,0,0,0,0,0,0,0,0,0,0,79,16,69,17,73,18,72,20,72,22,69,17,68,20,67,16,61,16,59,17,61,16,61,12,58,13,55,11,53,16,52,12,53,11,50,8,46,4,48,11,45,7,47,8,46,1,45,3,46,5,42,2,45,4,45,2,40,3,42,-1,42,5,40,3,39,0,38,4,41,4,35,8,35,8,38,6,33,13,33,8,33,11,33,10,29,11,26,13,25,13,21,14,17,16,14,14,17,20,14,15,11,18,12,13,4,12,9,13,3,12,2,15,-1,11,0,0,0,0,0,0,0,0,0,0,0,0,0,0,0,0,0,0,0,0,0,0,-6,26,-8,26,-7,26,-7,27,-12,27,-14,29,-11,31,-10,30,-9,33,-10,33,-16,36,-14,39,-14,42,-17,40,-16,39,-17,44,-20,42,-21,42,-14,43,-21,46,-21,46,-22,55,-20,45,-24,48,-24,47,-21,50,-29,51,-24,54,-23,52,-27,54,-22,55,-21,57,-21,61,-25,61,-23,54,-20,59,-21,59,-18,66,-22,60,-17,64,-16,64,-19,63,-19,68,-16,67,-17,70,-14,73,-15,76,-12,69,-14,73,-16,70,-17,72,-12,78,-17,77,-14,75,-10,80,-15,75,-22,80,0,0]"
CSI_DATA,232,2a:00:00:00:00:00,-37,11,1,0,1,1,1,0,0,0,1,-96,0,11,2,3369401,0,44,0,384,0,"[0,0,0,0,0,0,0,0,0,0,0,0,2,-13,2,-14,1,-13,2,-14,2,-12,2,-12,2,-12,2,-11,2,-11,1,-10,1,-11,0,-11,0,-10,0,-10,0,-10,0,-9,0,-10,0,-9,-1,-9,-1,-9,-1,-9,-1,-9,0,-8,-1,-9,-1,-9,-1,-8,0,0,-1,-8,-1,-8,-1,-8,0,-7,0,-8,0,-8,0,-8,0,-7,1,-7,1,-6,1,-6,1,-6,1,-6,1,-6,2,-5,2,-5,2,-4,2,-4,2,-4,2,-3,2,-3,2,-2,2,-2,2,-2,2,-1,2,-1,0,0,0,0,0,0,0,0,0,0,0,0,0,0,-79,30,-72,27,-75,27,-73,23,-68,23,-71,21,-61,22,-66,21,-54,20,-58,22,-58,20,-53,20,-56,19,-51,24,-50,22,-47,21,-49,25,-45,23,-46,28,-45,22,-45,25,-40,22,-36,27,-38,21,-35,23,-38,26,-33,20,-31,25,-39,22,-35,24,-36,20,-37,22,-32,18,-32,23,-32,16,-35,22,-29,15,-34,20,-28,12,-37,9,-31,12,-35,7,-27,5,-27,4,-30,4,-25,0,-26,0,-24,2,-24,-1,-20,-6,-23,-5,-20,-8,-16,-6,-18,-10,-13,-5,-11,-9,-9,-9,0,0,0,0,0,0,0,0,0,0,0,0,0,0,0,0,0,0,0,0,0,0,-9,-27,-3,-30,-6,-27,-5,-31,-7,-32,-2,-34,-5,-32,-7,-35,-6,-37,-5,-35,-4,-40,-6,-40,-7,-42,-5,-44,-11,-48,-4,-42,-5,-51,-3,-46,-7,-49,-5,-53,-5,-54,-6,-58,-4,-52,-5,-54,-4,-55,-6,-58,-10,-61,-7,-65,-5,-57,-8,-59,-8,-56,-11,-63,-8,-58,-8,-65,-10,-62,-11,-63,-16,-58,-14,-62,-17,-68,-21,-69,-19,-68,-19,-64,-25,-68,-23,-64,-20,-67,-31,-63,-29,-66,-29,-69,-33,-73,-28,-66,-33,-71,-32,-73,-34,-81,-31,-65,-31,-73,-35,-77,-30,-75,0,0]"
CSI_DATA,233,2a:00:00:00:00:00,-37,11,1,0,1,1,1,0,0,0,1,-96,0,11,2,3379396,0,44,0,384,0,"[0,0,0,0,0,0,0,0,0,0,0,0,6,-12,6,-12,5,-12,6,-11,5,-11,6,-10,5,-10,5,-10,5,-10,4,-10,5,-10,4,-10,3,-9,3,-9,3,-9,3,-9,3,-9,3,-9,2,-9,2,-9,2,-8,2,-8,2,-8,1,-8,1,-8,2,-8,0,0,2,-8,2,-8,2,-8,2,-8,2,-7,2,-7,2,-7,2,-7,3,-6,3,-6,3,-5,3,-5,3,-5,3,-5,3,-4,3,-4,3,-4,3,-3,3,-3,3,-2,3,-2,2,-2,2,-1,2,-1,2,-1,2,0,0,0,0,0,0,0,0,0,0,0,0,0,0,0,-70,29,-73,27,-70,29,-71,24,-73,26,-65,25,-69,29,-60,24,-62,25,-60,22,-58,25,-53,26,-57,25,-49,21,-52,23,-52,25,-52,24,-44,24,-41,25,-43,23,-45,25,-42,21,-37,24,-39,29,-36,23,-33,24,-35,27,-35,25,-32,27,-37,28,-34,23,-30,23,-34,21,-34,19,-34,20,-32,16,-33,20,-33,19,-32,19,-33,14,-32,15,-32,7,-30,7,-27,5,-25,5,-28,3,-30,1,-24,3,-26,-1,-24,-2,-24,-1,-20,-7,-17,-5,-13,-7,-17,-8,-16,-9,-11,-9,0,0,0,0,0,0,0,0,0,0,0,0,0,0,0,0,0,0,0,0,0,0,-2,-30,-5,-28,-6,-30,-5,-31,-4,-30,-6,-37,-7,-36,-5,-36,-5,-33,-6,-34,-4,-38,-6,-41,-8,-43,-6,-43,-6,-44,-5,-48,-6,-50,-3,-51,-7,-50,-5,-52,-12,-48,-7,-54,-6,-60,-7,-58,-6,-56,-8,-59,-6,-60,-8,-57,-6,-58,-9,-61,-9,-60,-10,-66,-10,-62,-12,-60,-19,-63,-13,-64,-16,-66,-17,-63,-16,-64,-20,-65,-18,-68,-19,-64,-21,-68,-30,-64,-26,-66,-26,-70,-26,-63,-36,-69,-32,-66,-32,-68,-30,-69,-31,-71,-31,-70,-31,-73,-34,-76,-33,-74,-36,-73,0,0]"
CSI_DATA,234,2a:00:00:00:00:00,-37,11,1,0,1,1,1,0,0,0,1,-96,0,11,2,3389379,0,44,0,384,0,"[0,0,0,0,0,0,0,0,0,0,0,0,13,-4,13,-4,12,-4,12,-4,11,-4,11,-4,11,-4,11,-4,11,-4,10,-4,10,-4,10,-4,9,-4,9,-4,8,-4,9,-4,8,-4,8,-4,7,-5,7,-4,7,-4,7,-5,7,-4,7,-4,7,-4,7,-4,0,0,7,-4,6,-4,6,-4,7,-4,6,-3,6,-3,6,-3,6,-3,6,-2,6,-2,6,-2,5,-1,5,-1,5,-1,5,0,5,0,4,0,4,0,4,0,3,1,3,1,2,1,2,1,2,1,2,1,1,2,0,0,0,0,0,0,0,0,0,0,0,0,0,0,-73,-26,-69,-31,-71,-28,-69,-29,-71,-29,-69,-28,-64,-29,-66,-26,-57,-27,-58,-25,-58,-22,-56,-26,-61,-23,-55,-18,-51,-23,-53,-18,-52,-17,-47,-15,-50,-16,-51,-11,-50,-10,-47,-13,-45,-8,-45,-8,-46,-10,-49,-8,-43,-6,-43,-8,-38,-6,-43,-8,-43,-10,-45,-7,-39,-7,-37,-7,-37,-9,-31,-10,-38,-7,-33,-14,-38,-13,-31,-13,-34,-14,-28,-16,-29,-14,-20,-13,-26,-18,-23,-19,-19,-19,-20,-18,-15,-16,-11,-13,-9,-20,-11,-18,-8,-18,-5,-18,-5,-15,-1,-16,-8,-14,0,0,0,0,0,0,0,0,0,0,0,0,0,0,0,0,0,0,0,0,0,0,18,-22,20,-20,17,-26,18,-25,18,-29,22,-25,18,-24,19,-30,21,-31,21,-32,23,-31,23,-34,26,-35,27,-35,26,-38,30,-34,26,-42,30,-37,29,-42,32,-40,34,-40,34,-41,35,-40,33,-41,39,-46,35,-47,41,-46,34,-44,36,-46,33,-47,33,-48,36,-49,33,-53,34,-52,35,-52,33,-54,35,-59,35,-57,31,-55,29,-61,29,-63,28,-64,30,-65,26,-63,26,-63,22,-70,26,-64,27,-66,25,-71,28,-70,28,-68,23,-73,29,-76,24,-74,25,-74,30,-75,30,-74,0,0]"
CSI_DATA,235,2a:00:00:00:00:00,-37,11,1,0,1,1,1,0,0,0,1,-96,0,11,2,3399529,0,44,0,384,0,"[0,0,0,0,0,0,0,0,0,0,0,0,-12,-8,-11,-8,-11,-8,-11,-8,-11,-8,-10,-7,-10,-7,-10,-7,-10,-7,-9,-6,-10,-6,-9,-5,-9,-5,-9,-5,-9,-5,-9,-4,-9,-4,-9,-4,-9,-4,-8,-4,-8,-4,-8,-3,-8,-3,-8,-3,-8,-3,-8,-3,0,0,-8,-3,-8,-3,-8,-3,-8,-3,-7,-4,-7,-3,-7,-4,-7,-4,-6,-4,-6,-4,-6,-4,-5,-4,-5,-4,-5,-4,-4,-4,-4,-4,-3,-4,-3,-4,-3,-4,-2,-4,-2,-4,-2,-4,-1,-3,-1,-3,-1,-3,-1,-3,0,0,0,0,0,0,0,0,0,0,0,0,0,0,7,80,2,78,2,81,7,73,1,71,5,75,1,68,1,72,2,59,5,66,8,64,5,56,7,56,3,52,1,53,14,53,4,54,7,49,10,51,15,46,11,48,12,42,10,45,15,46,9,42,13,43,9,36,16,40,10,40,12,38,10,32,13,40,14,38,10,41,8,36,9,39,9,37,8,42,4,39,6,34,-2,32,-2,31,-2,32,-4,31,-7,30,0,26,-2,27,-11,20,-8,18,-8,22,-11,15,-8,11,-6,17,-9,7,-10,7,-10,8,-13,6,0,0,0,0,0,0,0,0,0,0,0,0,0,0,0,0,0,0,0,0,0,0,-29,-8,-27,-11,-28,-6,-29,-7,-33,-13,-34,-10,-34,-11,-32,-10,-34,-13,-37,-12,-35,-11,-40,-15,-40,-17,-44,-15,-47,-17,-44,-15,-48,-14,-43,-12,-52,-13,-49,-16,-51,-15,-52,-22,-52,-15,-57,-21,-54,-18,-55,-19,-59,-22,-57,-15,-56,-16,-65,-15,-54,-14,-63,-19,-61,-15,-61,-13,-65,-12,-64,-12,-62,-7,-67,-11,-63,-10,-68,-8,-67,-5,-66,-3,-72,0,-71,2,-71,0,-68,3,-70,3,-72,4,-80,4,-72,1,-82,-2,-74,5,-83,5,-78,7,-80,6,-84,6,-78,9,0,0]"
CSI_DATA,236,2a:00:00:00:00:00,-37,11,1,0,1,1,1,0,0,0,1,-96,0,11,2,3409879,0,44,0,384,0,"[0,0,0,0,0,0,0,0,0,0,0,0,8,-11,7,-11,7,-11,7,-11,7,-11,7,-10,7,-10,6,-9,6,-10,5,-10,6,-9,5,-9,4,-9,4,-9,4,-8,4,-9,3,-9,4,-8,2,-8,3,-8,3,-8,3,-8,3,-8,2,-8,2,-8,3,-8,0,0,3,-8,2,-7,2,-7,3,-7,3,-7,3,-7,3,-7,3,-6,3,-6,4,-6,4,-5,3,-5,3,-4,3,-4,4,-4,3,-4,3,-3,3,-2,3,-2,3,-2,3,-2,3,-1,3,-1,2,-1,2,0,2,0,0,0,0,0,0,0,0,0,0,0,0,0,0,0,-75,38,-70,28,-68,37,-69,34,-64,32,-70,31,-58,30,-61,33,-53,29,-62,29,-62,23,-52,28,-53,31,-51,27,-49,29,-47,34,-45,28,-40,22,-46,33,-38,21,-41,29,-43,23,-38,29,-32,28,-31,26,-35,26,-32,22,-29,28,-32,28,-32,31,-33,27,-35,31,-27,24,-32,27,-31,23,-31,21,-27,18,-29,19,-32,18,-31,13,-29,10,-29,11,-29,11,-32,12,-29,8,-26,4,-27,7,-20,2,-23,-1,-23,0,-27,-3,-21,-2,-15,-4,-14,-6,-17,-4,-13,-8,-11,-8,0,0,0,0,0,0,0,0,0,0,0,0,0,0,0,0,0,0,0,0,0,0,-8,-26,-6,-28,-7,-28,-7,-30,-5,-29,-6,-33,-3,-28,-4,-34,-2,-40,-6,-35,-7,-40,-7,-41,-7,-43,-10,-44,-10,-47,-6,-44,-7,-53,-8,-47,-8,-53,-10,-53,-9,-52,-3,-54,-9,-52,-8,-53,-10,-57,-10,-58,-11,-59,-11,-62,-10,-56,-16,-66,-12,-56,-19,-63,-14,-58,-13,-62,-16,-62,-15,-65,-18,-58,-19,-61,-22,-62,-22,-61,-25,-66,-26,-61,-31,-66,-29,-62,-30,-67,-37,-67,-35,-68,-36,-63,-34,-70,-32,-66,-38,-68,-42,-70,-41,-73,-35,-67,-41,-66,-43,-74,-38,-66,0,0]"
CSI_DATA,237,2a:00:00:00:00:00,-37,11,1,0,1,1,1,0,0,0,1,-96,0,11,2,3429440,0,44,0,384,0,"[0,0,0,0,0,0,0,0,0,0,0,0,12,-7,11,-7,11,-7,11,-7,10,-7,10,-7,10,-7,9,-7,9,-7,8,-7,8,-6,8,-6,7,-6,7,-6,7,-6,7,-7,6,-7,6,-6,6,-7,5,-7,5,-6,5,-7,5,-6,5,-6,5,-6,5,-6,0,0,5,-6,5,-6,5,-6,5,-6,5,-5,5,-5,5,-5,5,-5,5,-5,5,-4,5,-3,5,-3,4,-3,4,-3,4,-2,4,-2,4,-2,4,-1,4,-1,3,-1,3,-1,3,0,3,0,2,0,2,0,2,1,0,0,0,0,0,0,0,0,0,0,0,0,0,0,-76,-29,-70,-25,-75,-29,-68,-33,-66,-28,-66,-30,-63,-28,-67,-28,-59,-24,-61,-20,-55,-25,-60,-19,-57,-15,-55,-19,-55,-16,-53,-14,-55,-14,-43,-13,-47,-15,-48,-11,-48,-8,-48,-7,-47,-7,-44,-4,-43,-5,-41,-2,-46,-7,-42,-5,-42,-6,-43,-2,-41,-3,-43,-1,-40,-6,-39,-9,-40,-6,-38,-9,-37,-11,-32,-8,-35,-9,-33,-12,-34,-12,-32,-12,-27,-14,-25,-15,-21,-13,-25,-15,-21,-12,-17,-16,-18,-16,-12,-17,-17,-17,-12,-16,-8,-13,-7,-21,-9,-12,-8,-11,-4,-13,0,0,0,0,0,0,0,0,0,0,0,0,0,0,0,0,0,0,0,0,0,0,17,-22,19,-23,16,-26,19,-22,20,-26,20,-24,21,-25,21,-26,21,-27,23,-29,26,-30,28,-30,25,-32,31,-36,32,-35,30,-31,35,-37,30,-35,29,-38,32,-39,33,-42,35,-39,38,-41,36,-42,35,-43,35,-47,39,-44,39,-47,38,-44,39,-47,39,-48,42,-47,36,-49,35,-47,36,-51,35,-55,35,-57,32,-56,34,-53,29,-58,32,-58,28,-60,30,-66,29,-69,23,-63,30,-63,30,-65,26,-71,29,-68,27,-70,24,-67,24,-73,29,-73,20,-72,20,-76,27,-78,29,-75,0,0]"
CSI_DATA,238,2a:00:00:00:00:00,-37,11,1,0,1,1,1,0,0,0,1,-96,0,11,2,3439568,0,44,0,384,0,"[0,0,0,0,0,0,0,0,0,0,0,0,-5,-13,-5,-13,-6,-13,-5,-13,-5,-13,-5,-11,-5,-11,-5,-11,-5,-10,-5,-11,-5,-10,-5,-10,-5,-10,-5,-9,-5,-9,-6,-9,-6,-7,-6,-8,-6,-8,-6,-8,-6,-8,-6,-7,-5,-7,-6,-7,-6,-7,-5,-7,0,0,-5,-7,-6,-7,-5,-7,-5,-7,-5,-7,-5,-7,-4,-7,-4,-7,-3,-6,-3,-6,-3,-6,-3,-7,-2,-6,-2,-6,-1,-6,-1,-5,-1,-6,-1,-5,0,-5,0,-4,0,-4,0,-4,0,-4,1,-3,1,-3,1,-2,0,0,0,0,0,0,0,0,0,0,0,0,0,0,-22,77,-26,75,-21,72,-20,69,-21,71,-22,69,-18,67,-22,68,-17,61,-20,61,-18,58,-18,56,-17,56,-12,53,-12,52,-8,47,-10,53,-6,49,-10,51,-4,48,-4,51,-5,39,-4,47,-2,43,-2,44,1,41,-2,41,-1,40,0,42,-3,42,-3,37,-4,41,0,40,0,41,-4,39,-6,38,-3,36,-5,36,-9,32,-6,32,-11,31,-12,32,-10,26,-12,24,-13,26,-10,19,-16,22,-17,19,-17,17,-13,12,-16,13,-14,10,-14,7,-12,8,-12,3,-13,4,-16,2,0,0,0,0,0,0,0,0,0,0,0,0,0,0,0,0,0,0,0,0,0,0,-22,-20,-22,-19,-25,-20,-26,-21,-28,-18,-22,-21,-23,-21,-27,-21,-32,-21,-29,-26,-30,-28,-33,-22,-35,-26,-39,-26,-33,-30,-39,-29,-40,-32,-38,-29,-41,-28,-44,-33,-42,-33,-48,-35,-42,-35,-46,-36,-44,-40,-48,-32,-45,-39,-47,-34,-47,-34,-55,-36,-48,-35,-53,-36,-55,-31,-55,-33,-57,-32,-53,-32,-57,-30,-56,-30,-59,-30,-65,-28,-65,-27,-61,-24,-66,-28,-66,-24,-64,-26,-72,-27,-69,-22,-66,-20,-74,-17,-71,-21,-75,-22,-78,-22,-75,-20,-73,-18,-79,-19,-79,-22,-81,-22,0,0]"
CSI_DATA,239,2a:00:00:00:00:00,-37,11,1,0,1,1,1,0,0,0,1,-96,0,11,2,3450109,0,44,0,384,0,"[0,0,0,0,0,0,0,0,0,0,0,0,-14,2,-14,2,-14,2,-13,2,-13,2,-13,2,-12,2,-12,2,-12,2,-11,2,-11,2,-11,2,-10,2,-10,2,-9,2,-10,3,-9,3,-9,3,-8,3,-9,3,-8,3,-8,3,-8,3,-8,3,-8,3,-8,3,0,0,-8,3,-8,3,-7,2,-8,3,-7,2,-7,2,-7,2,-7,1,-7,1,-7,1,-7,1,-6,0,-6,0,-6,-1,-6,-1,-5,-1,-5,-1,-5,-1,-4,-2,-4,-2,-4,-2,-3,-2,-3,-2,-3,-2,-2,-2,-2,-2,0,0,0,0,0,0,0,0,0,0,0,0,0,0,72,41,61,46,67,43,64,35,62,42,60,43,63,40,59,38,54,35,57,35,53,31,53,27,51,26,47,29,49,25,45,25,46,26,48,24,41,24,43,21,45,19,46,20,44,18,43,11,45,17,42,10,40,14,37,11,38,11,42,13,44,14,43,9,36,18,39,15,38,11,34,14,33,12,30,15,32,13,35,13,32,18,25,22,24,21,21,22,22,17,20,16,17,17,14,17,9,19,10,14,7,15,11,15,6,18,1,14,3,16,-1,15,1,16,0,0,0,0,0,0,0,0,0,0,0,0,0,0,0,0,0,0,0,0,0,0,-23,21,-24,21,-24,18,-27,18,-28,20,-24,18,-28,25,-27,24,-30,26,-33,25,-34,24,-34,24,-39,24,-34,27,-38,30,-41,31,-38,30,-37,28,-39,31,-43,35,-39,28,-47,34,-48,32,-50,34,-48,32,-49,36,-47,37,-50,35,-46,40,-45,39,-44,38,-50,44,-43,43,-45,41,-42,49,-47,49,-49,50,-48,48,-44,42,-46,51,-45,50,-41,58,-45,63,-47,57,-44,58,-34,68,-39,64,-38,66,-39,65,-43,68,-43,70,-38,67,-43,72,-40,67,-41,71,-43,73,-42,76,0,0]"
CSI_DATA,240,2a:00:00:00:00:00,-37,11,1,0,1,1,1,0,0,0,1,-96,0,11,2,3459401,0,44,0,384,0,"[0,0,0,0,0,0,0,0,0,0,0,0,7,11,6,10,6,11,6,10,6,10,6,9,6,9,6,8,6,8,6,8,5,8,5,7,5,8,5,7,5,7,6,6,6,5,6,5,6,6,6,6,5,5,6,5,5,5,6,5,6,5,5,4,0,0,5,4,5,5,5,5,5,4,5,5,5,5,4,5,4,5,3,4,3,5,3,5,2,5,2,4,2,4,1,4,1,4,1,4,0,3,0,3,0,3,0,3,-1,3,-1,3,-1,2,-1,2,-2,1,0,0,0,0,0,0,0,0,0,0,0,0,0,0,-2,-74,-3,-80,-1,-79,3,-71,2,-69,-1,-66,-2,-69,4,-67,2,-66,0,-64,-1,-66,-2,-58,0,-55,-1,-58,-6,-54,-7,-51,-5,-53,-8,-47,-7,-44,-10,-47,-9,-49,-10,-45,-13,-50,-11,-44,-7,-44,-8,-45,-12,-38,-16,-39,-10,-43,-13,-39,-15,-37,-14,-37,-9,-39,-7,-38,-9,-39,-7,-39,-5,-37,-7,-37,-4,-37,3,-33,-1,-34,0,-30,0,-32,3,-28,3,-30,6,-23,3,-23,7,-26,8,-20,13,-17,9,-18,10,-15,10,-13,10,-10,10,-8,11,-6,9,-6,0,0,0,0,0,0,0,0,0,0,0,0,0,0,0,0,0,0,0,0,0,0,27,9,30,8,26,11,26,9,27,11,29,10,32,16,28,13,31,11,34,12,35,14,33,14,38,11,39,15,40,14,42,17,44,13,43,15,40,15,48,20,44,20,47,22,47,20,48,19,54,15,55,19,51,18,54,19,53,19,52,19,56,17,55,17,60,20,57,16,55,16,59,15,62,11,62,7,65,5,60,4,62,7,65,5,69,5,69,5,66,3,70,2,64,2,70,3,73,2,73,1,77,-6,75,-5,75,1,76,-5,83,-8,77,1,80,-1,0,0]"
CSI_DATA,241,2a:00:00:00:00:00,-37,11,1,0,1,1,1,0,0,0,1,-96,0,11,2,3469387,0,44,0,384,0,"[0,0,0,0,0,0,0,0,0,0,0,0,1,13,1,13,1,13,1,13,1,12,1,12,1,11,1,11,1,10,2,10,1,10,2,10,2,10,2,9,2,9,2,9,2,8,2,8,3,8,3,8,3,8,3,8,3,7,3,7,3,7,3,7,0,0,3,7,3,7,3,7,2,7,2,7,2,7,2,7,2,6,1,6,1,6,0,6,0,6,0,6,0,5,-1,5,-1,4,-1,4,-1,4,-2,3,-2,3,-2,3,-2,3,-2,2,-2,2,-2,1,-2,1,0,0,0,0,0,0,0,0,0,0,0,0,0,0,59,-67,48,-64,49,-62,47,-58,47,-58,47,-52,44,-54,47,-54,42,-52,41,-44,39,-48,33,-47,39,-51,30,-47,35,-44,31,-45,31,-46,30,-44,27,-44,24,-42,21,-43,20,-43,21,-42,16,-43,18,-44,11,-38,21,-41,19,-43,14,-40,17,-39,14,-37,16,-40,13,-41,19,-36,14,-32,18,-39,17,-33,16,-33,16,-31,20,-28,23,-24,19,-22,18,-23,23,-25,23,-23,22,-14,24,-17,22,-17,21,-11,17,-11,19,-7,18,-7,17,-4,17,-3,15,-2,15,-3,17,0,0,0,0,0,0,0,0,0,0,0,0,0,0,0,0,0,0,0,0,0,0,0,10,24,13,24,12,25,14,32,14,30,14,30,14,28,15,29,11,34,16,34,14,36,18,39,19,41,17,42,23,40,19,44,20,44,20,47,21,46,20,48,20,46,23,49,25,52,22,51,22,54,23,55,24,51,25,54,31,53,29,59,29,50,33,52,29,51,36,55,35,56,35,53,37,53,37,49,39,53,42,55,44,54,40,49,48,53,51,51,51,50,51,47,51,44,56,47,60,46,58,49,58,53,61,55,60,56,57,47,59,52,65,52,62,55,0,0]"
CSI_DATA,242,2a:00:00:00:00:00,-37,11,1,0,1,1,1,0,0,0,1,-96,0,11,2,3479406,0,44,0,384,0,"[0,0,0,0,0,0,0,0,0,0,0,0,-1,13,-1,13,-1,14,-1,13,-1,13,-1,12,-1,11,-1,11,-1,11,0,11,-1,10,0,10,0,10,0,10,1,9,0,9,1,8,0,8,1,9,1,8,1,8,2,8,1,8,2,8,1,8,1,7,0,0,1,7,1,8,1,7,0,7,0,7,0,7,0,7,0,7,-1,6,-1,6,-2,6,-2,6,-2,5,-2,5,-2,4,-2,4,-2,4,-3,3,-3,3,-3,2,-3,2,-3,2,-3,2,-3,1,-3,1,-3,0,0,0,0,0,0,0,0,0,0,0,0,0,0,0,55,-56,47,-60,48,-60,53,-52,53,-52,46,-53,47,-51,45,-49,45,-52,43,-45,43,-44,39,-44,38,-44,35,-43,36,-40,30,-44,29,-43,25,-39,29,-42,30,-40,25,-41,23,-39,22,-40,25,-39,17,-38,26,-38,21,-39,18,-41,21,-39,20,-34,20,-35,19,-31,19,-36,20,-34,24,-33,19,-29,23,-30,23,-28,23,-27,25,-24,26,-19,22,-23,27,-19,22,-17,21,-14,23,-15,18,-12,23,-7,21,-1,20,-1,17,-1,18,-2,16,-3,18,1,15,0,14,3,13,6,0,0,0,0,0,0,0,0,0,0,0,0,0,0,0,0,0,0,0,0,0,0,17,19,15,21,21,21,18,23,21,23,20,24,24,30,18,27,22,28,19,29,21,30,22,33,29,32,28,39,27,34,23,39,26,38,36,39,30,41,29,42,29,40,32,46,29,43,31,47,28,42,31,48,32,47,29,45,32,49,31,43,33,45,38,50,36,49,35,48,40,51,40,49,39,47,46,48,42,45,46,45,47,46,51,46,49,47,49,45,45,43,55,45,55,46,55,45,57,45,59,48,58,48,60,45,59,45,58,49,64,45,63,50,58,47,0,0]"
CSI_DATA,243,2a:00:00:00:00:00,-37,11,1,0,1,1,1,0,0,0,1,-96,0,11,2,3489477,0,44,0,384,0,"[0,0,0,0,0,0,0,0,0,0,0,0,8,10,8,10,8,10,7,10,7,10,7,9,7,8,7,8,7,8,7,8,7,7,7,7,7,7,7,7,6,6,6,6,6,5,6,5,6,5,6,5,6,5,6,5,6,4,6,4,6,4,6,4,0,0,6,4,6,5,6,4,6,4,5,4,5,5,5,5,4,4,4,4,4,4,4,4,3,5,3,4,2,4,2,4,2,4,1,4,1,3,1,3,0,3,0,3,-1,3,-1,3,-1,2,-1,2,-1,2,0,0,0,0,0,0,0,0,0,0,0,0,0,0,7,-82,12,-78,12,-81,8,-76,10,-77,10,-75,13,-73,8,-69,11,-67,6,-64,7,-66,2,-56,3,-61,0,-52,5,-53,-1,-57,-2,-52,7,-52,-1,-49,2,-52,-5,-52,-2,-47,-5,-49,-6,-49,-8,-42,-3,-45,-6,-42,-9,-42,-7,-40,-13,-46,-9,-46,-7,-43,-3,-42,-2,-39,-2,-37,-2,-42,1,-37,-3,-39,0,-37,2,-33,5,-32,6,-31,6,-33,7,-31,10,-24,7,-26,12,-23,12,-24,11,-19,10,-20,12,-21,12,-11,12,-13,11,-8,12,-11,13,-9,14,-2,0,0,0,0,0,0,0,0,0,0,0,0,0,0,0,0,0,0,0,0,0,0,29,12,27,11,30,12,32,10,27,8,25,15,31,14,34,13,33,12,33,13,41,17,39,14,42,13,42,18,45,15,44,17,44,18,43,19,50,19,48,21,48,23,52,24,52,22,54,25,52,23,54,22,50,21,54,24,58,22,62,22,56,20,57,16,58,21,62,19,66,21,60,16,61,12,64,15,66,14,70,13,68,10,65,14,69,6,72,9,72,11,69,3,73,6,75,3,78,5,75,7,76,7,77,3,80,7,81,-1,82,10,84,3,87,7,0,0]"
CSI_DATA,244,2a:00:00:00:00:00,-37,11,1,0,1,1,1,0,0,0,1,-96,0,11,2,3509387,0,44,0,384,0,"[0,0,0,0,0,0,0,0,0,0,0,0,-12,7,-12,7,-11,6,-11,6,-11,6,-11,6,-10,6,-10,5,-10,5,-9,5,-9,6,-9,6,-8,6,-8,6,-8,5,-8,5,-7,6,-7,5,-6,6,-6,5,-6,5,-6,5,-6,5,-5,5,-6,6,-6,5,0,0,-6,5,-6,5,-6,5,-6,4,-6,4,-6,4,-6,4,-6,3,-6,3,-6,3,-6,2,-6,2,-5,2,-5,1,-5,1,-5,1,-5,0,-5,0,-5,-1,-4,-1,-4,-1,-4,-1,-3,-1,-3,-1,-3,-2,-3,-2,0,0,0,0,0,0,0,0,0,0,0,0,0,0,68,32,63,32,66,36,65,36,67,35,62,35,59,29,54,25,59,29,58,33,54,30,55,27,52,23,49,20,50,25,49,22,45,21,46,22,46,17,41,15,45,15,43,13,43,9,37,10,38,9,43,10,42,7,40,9,40,10,43,9,41,12,42,9,35,6,36,10,37,12,39,12,31,11,32,9,35,14,30,13,29,13,30,14,25,13,21,16,24,16,21,15,19,21,17,15,15,17,12,15,12,17,7,17,6,14,5,15,1,17,3,14,1,12,0,0,0,0,0,0,0,0,0,0,0,0,0,0,0,0,0,0,0,0,0,0,-21,20,-21,19,-22,18,-24,22,-23,21,-24,22,-25,22,-26,21,-24,24,-26,22,-31,25,-33,28,-30,27,-32,30,-37,26,-37,28,-36,33,-40,28,-35,35,-38,30,-37,34,-38,36,-39,35,-42,39,-44,33,-45,36,-41,38,-44,39,-39,39,-42,38,-39,40,-44,43,-39,47,-42,45,-42,42,-39,49,-41,49,-36,53,-41,47,-37,53,-44,54,-36,55,-38,57,-33,59,-37,60,-30,61,-37,61,-33,67,-35,62,-36,64,-36,63,-33,70,-38,74,-34,68,-37,72,-34,72,-33,71,0,0]"
CSI_DATA,245,2a:00:00:00:00:00,-37,11,1,0,1,1,1,0,0,0,1,-96,0,11,2,3519518,0,44,0,384,0,"[0,0,0,0,0,0,0,0,0,0,0,0,8,10,8,10,8,10,7,10,7,10,7,9,7,9,6,9,6,8,7,8,6,7,7,7,6,7,6,6,6,6,6,5,6,5,6,5,7,5,6,5,6,5,6,5,6,4,6,4,6,4,6,4,0,0,6,4,6,4,6,4,6,4,5,4,5,5,5,5,4,4,4,4,4,4,3,4,3,4,3,4,2,4,2,4,2,4,1,4,1,3,0,3,0,3,0,3,0,3,-1,2,-1,3,-1,2,-1,1,0,0,0,0,0,0,0,0,0,0,0,0,0,0,-9,-83,-8,-76,-11,-81,-4,-75,-6,-73,-5,-75,-7,-67,-11,-72,-3,-64,-8,-64,-6,-61,-5,-59,-8,-57,-7,-55,-9,-56,-11,-52,-12,-57,-11,-52,-14,-48,-13,-47,-16,-47,-13,-45,-19,-41,-15,-43,-15,-41,-17,-40,-17,-41,-19,-40,-18,-42,-16,-38,-22,-38,-14,-40,-17,-35,-15,-38,-13,-39,-10,-42,-13,-35,-7,-38,-6,-33,-6,-37,-8,-28,0,-33,-7,-35,-3,-36,2,-27,4,-30,3,-26,5,-26,5,-22,7,-18,6,-16,11,-16,10,-18,9,-14,4,-14,14,-8,14,-5,0,0,0,0,0,0,0,0,0,0,0,0,0,0,0,0,0,0,0,0,0,0,28,5,30,7,31,7,28,9,30,5,32,10,33,6,33,3,35,11,37,10,38,10,40,10,42,9,40,10,42,11,44,12,49,13,45,13,53,12,49,12,52,9,58,11,51,15,51,12,55,16,59,13,56,13,61,14,55,11,64,16,55,13,60,13,64,9,61,8,66,9,65,6,58,4,67,4,67,4,70,0,68,1,65,-4,70,-7,67,-4,75,-4,69,-5,72,-1,72,-10,78,-15,74,-15,78,-11,78,-15,81,-14,73,-12,83,-14,89,-14,78,-15,0,0]"
CSI_DATA,246,2a:00:00:00:00:00,-37,11,1,0,1,1,1,0,0,0,1,-96,0,11,2,3540131,0,44,0,384,0,"[0,0,0,0,0,0,0,0,0,0,0,0,5,-13,5,-13,4,-13,4,-13,4,-12,4,-12,4,-11,4,-11,3,-10,3,-10,3,-10,2,-10,2,-10,2,-10,2,-9,1,-9,1,-9,1,-9,1,-9,1,-9,1,-8,0,-9,1,-8,0,-9,0,-9,1,-8,0,0,1,-8,0,-8,0,-8,1,-8,1,-8,1,-7,1,-7,1,-7,2,-6,2,-6,2,-6,2,-6,2,-5,2,-5,2,-4,2,-4,2,-4,3,-3,3,-3,2,-3,3,-2,2,-2,2,-2,2,-1,2,-1,2,-1,0,0,0,0,0,0,0,0,0,0,0,0,0,0,-68,28,-67,29,-70,27,-69,30,-67,28,-70,29,-62,24,-65,26,-60,22,-64,23,-57,21,-52,27,-55,27,-47,22,-50,19,-44,25,-45,27,-42,26,-43,24,-37,25,-40,24,-37,25,-37,29,-32,25,-31,22,-34,25,-29,29,-35,26,-33,23,-30,23,-36,23,-37,26,-28,20,-31,22,-31,21,-33,21,-31,19,-25,19,-34,19,-30,17,-29,14,-31,13,-30,11,-26,7,-24,9,-28,3,-26,1,-24,-1,-17,0,-21,-3,-19,-3,-19,3,-16,-4,-19,-4,-14,-8,-11,-9,-11,-9,0,0,0,0,0,0,0,0,0,0,0,0,0,0,0,0,0,0,0,0,0,0,-3,-29,-4,-30,-2,-26,-1,-31,-3,-36,-1,-33,-3,-31,-3,-36,-4,-39,-4,-36,-4,-39,-2,-39,-4,-43,-3,-47,-3,-49,-1,-47,-5,-50,-3,-49,-3,-48,-4,-54,-8,-49,-3,-52,-6,-57,-3,-53,-4,-55,-6,-58,-5,-60,-6,-61,-5,-60,-7,-60,-9,-59,-7,-57,-13,-59,-14,-60,-12,-59,-13,-61,-15,-63,-18,-64,-21,-61,-21,-61,-19,-65,-25,-66,-25,-67,-25,-66,-30,-66,-30,-63,-30,-69,-32,-69,-32,-67,-30,-67,-37,-66,-33,-70,-32,-74,-34,-69,-37,-72,-34,-76,-39,-69,0,0]"
CSI_DATA,247,2a:00:00:00:00:00,-37,11,1,0,1,1,1,0,0,0,1,-96,0,11,2,3549406,0,44,0,384,0,"[0,0,0,0,0,0,0,0,0,0,0,0,-14,-3,-14,-3,-14,-3,-13,-4,-13,-3,-13,-3,-13,-2,-12,-2,-12,-2,-11,-2,-11,-2,-11,-1,-11,-2,-10,-1,-10,-1,-10,0,-10,0,-10,0,-9,0,-9,0,-9,0,-9,0,-9,0,-9,0,-9,0,-9,1,0,0,-9,1,-9,0,-8,0,-8,0,-8,0,-8,-1,-8,-1,-7,-1,-7,-1,-7,-1,-7,-1,-6,-2,-6,-2,-6,-2,-5,-2,-5,-2,-5,-3,-4,-3,-4,-3,-4,-3,-3,-3,-3,-3,-2,-3,-2,-3,-2,-3,-1,-3,0,0,0,0,0,0,0,0,0,0,0,0,0,0,62,55,55,53,55,56,52,55,51,54,49,54,50,53,49,51,43,44,49,47,47,40,44,42,42,39,40,37,46,37,42,36,39,35,39,28,37,33,42,30,39,27,37,27,38,26,38,25,33,30,36,21,39,19,38,19,34,26,35,19,35,18,35,23,35,19,34,21,32,20,29,24,27,23,27,21,27,25,27,24,23,24,20,26,17,25,15,25,13,21,13,20,12,18,9,18,7,20,7,17,4,16,-3,18,4,17,-4,16,-3,12,-2,10,-2,14,0,0,0,0,0,0,0,0,0,0,0,0,0,0,0,0,0,0,0,0,0,0,-26,16,-26,11,-26,14,-26,14,-32,17,-29,17,-30,20,-32,13,-33,20,-33,22,-39,14,-37,18,-39,21,-39,18,-45,20,-42,21,-42,23,-41,19,-47,26,-45,28,-48,29,-49,28,-47,27,-52,29,-52,24,-50,27,-51,26,-53,31,-52,30,-49,33,-52,28,-56,35,-55,34,-52,35,-52,36,-52,35,-52,40,-54,42,-57,42,-50,39,-52,44,-51,48,-54,47,-54,49,-49,49,-51,60,-51,58,-50,55,-49,57,-49,57,-56,58,-51,58,-53,62,-54,59,-57,60,-52,59,-54,58,0,0]"
CSI_DATA,248,2a:00:00:00:00:00,-37,11,1,0,1,1,1,0,0,0,1,-96,0,11,2,3559414,0,44,0,384,0,"[0,0,0,0,0,0,0,0,0,0,0,0,-14,-5,-13,-4,-13,-5,-13,-5,-12,-4,-12,-4,-12,-4,-11,-3,-11,-3,-11,-4,-11,-3,-11,-2,-10,-3,-10,-2,-10,-2,-10,-2,-9,-1,-10,-1,-9,-1,-9,-1,-9,-1,-9,-1,-9,0,-9,-1,-9,-1,-9,0,0,0,-8,0,-8,-1,-8,-1,-8,-1,-8,-1,-8,-2,-7,-2,-7,-2,-7,-2,-7,-2,-7,-2,-6,-3,-6,-3,-5,-3,-5,-3,-5,-3,-4,-3,-4,-3,-4,-3,-3,-3,-3,-3,-2,-3,-2,-3,-2,-3,-1,-3,-1,-3,0,0,0,0,0,0,0,0,0,0,0,0,0,0,47,59,47,64,45,60,50,54,49,57,43,50,43,54,40,51,45,50,42,49,40,40,38,46,39,40,36,36,35,34,39,37,35,35,36,30,37,30,33,31,37,28,39,25,35,26,31,25,34,23,31,21,34,26,37,19,34,25,35,22,33,21,35,21,35,20,31,18,30,24,32,25,29,23,25,27,25,25,23,19,25,18,19,24,19,27,17,24,13,22,10,22,16,20,10,20,7,16,9,17,3,14,3,14,0,17,-3,13,-2,14,-3,10,-2,14,0,0,0,0,0,0,0,0,0,0,0,0,0,0,0,0,0,0,0,0,0,0,-31,10,-28,5,-32,9,-30,9,-34,5,-28,6,-33,9,-32,8,-36,13,-37,9,-39,6,-43,10,-43,13,-42,9,-40,11,-45,10,-46,12,-49,13,-49,17,-47,13,-48,10,-53,15,-55,15,-55,9,-55,11,-58,15,-58,15,-59,16,-58,17,-55,19,-54,22,-58,19,-55,25,-56,24,-56,26,-55,26,-58,29,-60,30,-61,28,-61,35,-56,33,-57,36,-55,36,-58,39,-58,44,-50,44,-53,46,-56,49,-56,52,-58,47,-57,43,-63,51,-61,53,-56,46,-68,53,-60,50,-58,54,0,0]"
CSI_DATA,249,2a:00:00:00:00:00,-37,11,1,0,1,1,1,0,0,0,1,-96,0,11,2,3569405,0,44,0,384,0,"[0,0,0,0,0,0,0,0,0,0,0,0,-10,-10,-10,-9,-10,-10,-9,-10,-9,-10,-9,-9,-9,-8,-9,-8,-9,-8,-8,-8,-8,-7,-9,-7,-8,-7,-8,-7,-8,-6,-8,-6,-8,-5,-8,-5,-8,-5,-8,-5,-8,-5,-8,-5,-8,-4,-8,-4,-8,-5,-7,-4,0,0,-7,-4,-7,-5,-7,-5,-7,-4,-6,-5,-6,-5,-6,-5,-6,-5,-6,-5,-5,-5,-5,-5,-4,-5,-4,-5,-4,-5,-3,-5,-3,-4,-3,-5,-2,-4,-2,-4,-2,-4,-1,-4,-1,-4,-1,-4,0,-3,0,-3,0,-3,0,0,0,0,0,0,0,0,0,0,0,0,0,0,11,79,11,79,17,78,10,74,10,73,11,69,11,68,8,65,11,69,7,66,12,62,9,60,9,60,9,58,11,50,10,54,15,52,14,49,13,46,15,42,15,43,12,39,17,43,14,45,13,46,16,39,15,40,19,41,13,43,19,41,19,35,13,39,16,38,9,39,13,38,7,38,10,38,7,36,10,33,8,32,2,29,0,34,2,30,2,31,-2,27,-3,27,-5,20,-9,21,-7,20,-8,20,-5,18,-12,12,-9,11,-12,11,-13,12,-10,6,-12,5,0,0,0,0,0,0,0,0,0,0,0,0,0,0,0,0,0,0,0,0,0,0,-32,-5,-31,-6,-34,-4,-34,-7,-32,-3,-34,-4,-39,-7,-35,-3,-42,-7,-38,-3,-42,-6,-42,-6,-47,-4,-45,-4,-47,-6,-45,-5,-49,-8,-48,-9,-53,-7,-55,-6,-56,-7,-53,-10,-56,-7,-56,-8,-59,-12,-56,-10,-58,-9,-61,-8,-57,-11,-61,-2,-59,-6,-64,-7,-65,-6,-60,-3,-66,-3,-66,-4,-64,3,-65,5,-64,2,-68,4,-71,6,-67,5,-70,8,-70,10,-66,11,-72,14,-70,15,-76,18,-75,12,-78,15,-76,18,-77,15,-82,18,-73,19,-77,17,-80,19,-81,16,0,0]"
CSI_DATA,250,2a:00:00:00:00:00,-37,11,1,0,1,1,1,0,0,0,1,-96,0,11,2,3579413,0,44,0,384,0,"[0,0,0,0,0,0,0,0,0,0,0,0,-10,-9,-10,-9,-10,-9,-10,-10,-10,-9,-9,-9,-9,-8,-8,-8,-9,-8,-8,-8,-8,-7,-9,-7,-8,-7,-8,-6,-8,-6,-8,-6,-8,-5,-8,-5,-8,-5,-8,-5,-8,-5,-8,-5,-7,-4,-8,-4,-8,-4,-7,-4,0,0,-7,-4,-8,-5,-7,-4,-7,-4,-7,-4,-7,-5,-6,-5,-6,-5,-5,-4,-5,-4,-5,-4,-5,-5,-4,-5,-4,-5,-3,-4,-3,-4,-3,-5,-2,-4,-2,-4,-2,-4,-1,-4,-1,-4,-1,-4,-1,-3,0,-3,0,-3,0,0,0,0,0,0,0,0,0,0,0,0,0,0,20,70,23,76,27,73,23,72,20,74,18,64,18,64,20,64,16,62,13,60,20,58,15,57,21,52,19,58,16,50,17,51,20,51,18,44,20,45,21,43,20,41,21,43,24,40,23,40,20,36,24,40,23,36,20,40,16,36,22,34,18,36,19,35,22,37,17,32,17,33,17,32,17,32,16,34,13,36,10,29,9,31,6,32,7,29,1,30,3,24,0,29,-2,26,-3,29,-3,24,-3,21,-7,18,-9,13,-6,16,-12,17,-9,12,-9,9,-7,9,0,0,0,0,0,0,0,0,0,0,0,0,0,0,0,0,0,0,0,0,0,0,-31,0,-29,-5,-33,-3,-31,-5,-35,-5,-34,-6,-31,1,-39,0,-37,-4,-41,-2,-40,-5,-44,-6,-45,-4,-47,-8,-44,-6,-48,-6,-46,-4,-51,-4,-49,-6,-53,-4,-52,-7,-54,-2,-59,-5,-59,-5,-56,-5,-55,-3,-61,-9,-57,-2,-60,-5,-61,-4,-61,-2,-67,1,-62,-1,-64,2,-65,4,-64,3,-67,7,-64,4,-65,10,-69,7,-66,11,-72,15,-66,13,-75,16,-66,12,-65,22,-64,18,-70,23,-73,25,-75,21,-74,20,-75,22,-74,23,-80,23,-81,25,-78,25,-83,29,0,0]"
CSI_DATA,251,2a:00:00:00:00:00,-37,11,1,0,1,1,1,0,0,0,1,-96,0,11,2,3589584,0,44,0,384,0,"[0,0,0,0,0,0,0,0,0,0,0,0,-4,12,-4,12,-4,12,-4,12,-4,11,-4,11,-4,10,-3,10,-4,10,-2,10,-3,9,-2,9,-2,9,-2,9,-2,8,-2,8,-2,8,-2,8,-1,8,-1,8,-1,7,-1,8,-1,7,0,7,-1,7,-1,7,0,0,-1,7,-1,7,-1,7,-1,6,-1,6,-1,6,-2,6,-2,6,-2,5,-3,5,-3,5,-2,5,-2,5,-3,4,-3,3,-3,3,-3,3,-3,3,-3,2,-3,2,-3,1,-3,1,-3,1,-3,1,-3,0,-3,0,0,0,0,0,0,0,0,0,0,0,0,0,0,0,74,-27,74,-28,70,-28,67,-20,70,-25,67,-22,62,-24,62,-23,58,-22,59,-24,58,-20,54,-22,56,-20,53,-21,52,-18,49,-21,49,-22,45,-22,43,-23,41,-19,45,-24,41,-21,35,-29,37,-25,38,-25,36,-23,36,-27,34,-29,34,-22,33,-26,36,-21,37,-20,32,-21,36,-18,32,-19,35,-18,30,-14,31,-19,31,-14,33,-8,30,-11,32,-6,28,-9,29,-9,26,-6,28,-3,26,2,21,0,21,4,20,4,17,9,15,8,17,8,15,7,12,7,9,9,12,11,0,0,0,0,0,0,0,0,0,0,0,0,0,0,0,0,0,0,0,0,0,0,3,29,-3,35,1,31,0,38,4,37,2,30,2,34,-1,35,1,41,2,36,-3,40,1,40,0,47,-2,47,3,44,-1,47,4,49,-2,48,4,48,-1,47,0,54,1,54,-3,56,-2,55,-2,53,-1,59,-3,61,-2,59,3,56,5,62,4,60,1,63,4,61,5,65,7,57,5,63,7,60,11,63,11,62,16,69,15,69,17,63,21,68,18,68,17,67,23,64,24,69,29,70,32,73,27,71,30,67,26,77,29,76,28,73,28,72,28,79,30,73,0,0]"
CSI_DATA,252,2a:00:00:00:00:00,-37,11,1,0,1,1,1,0,0,0,1,-96,0,11,2,3599434,0,44,0,384,0,"[0,0,0,0,0,0,0,0,0,0,0,0,-8,-12,-8,-12,-8,-12,-7,-12,-7,-11,-7,-11,-7,-10,-7,-10,-7,-10,-7,-9,-7,-9,-6,-9,-7,-9,-7,-8,-7,-8,-7,-7,-7,-7,-6,-7,-7,-7,-7,-7,-7,-7,-7,-6,-6,-6,-7,-6,-7,-6,-6,-6,0,0,-6,-6,-6,-6,-6,-6,-6,-6,-6,-6,-6,-6,-5,-6,-5,-6,-4,-6,-4,-6,-4,-6,-3,-6,-3,-6,-3,-6,-2,-5,-2,-5,-2,-5,-1,-4,-1,-4,0,-4,0,-4,0,-4,0,-4,0,-3,0,-3,1,-2,0,0,0,0,0,0,0,0,0,0,0,0,0,0,-19,77,-18,76,-17,78,-12,72,-13,71,-14,71,-15,71,-9,73,-16,67,-13,64,-8,63,-8,57,-5,57,-7,60,-4,55,-5,52,-7,56,1,47,-3,52,-2,49,0,48,1,47,3,44,0,46,4,46,3,48,5,44,7,44,5,43,7,41,2,42,3,40,4,41,1,41,-1,37,-1,39,0,37,2,34,-2,32,-6,35,-2,33,-7,31,-9,29,-11,27,-12,27,-8,22,-12,22,-13,20,-18,18,-17,11,-13,14,-15,14,-11,9,-11,7,-11,5,-14,7,-11,2,0,0,0,0,0,0,0,0,0,0,0,0,0,0,0,0,0,0,0,0,0,0,-29,-12,-27,-19,-25,-15,-31,-19,-28,-16,-28,-22,-33,-21,-29,-17,-34,-18,-33,-19,-34,-25,-35,-22,-37,-20,-37,-24,-42,-25,-39,-21,-45,-23,-42,-28,-47,-25,-46,-24,-46,-28,-50,-24,-47,-26,-50,-28,-48,-31,-52,-28,-50,-29,-52,-31,-55,-29,-58,-29,-57,-26,-62,-28,-60,-25,-55,-28,-57,-28,-62,-24,-57,-25,-61,-21,-65,-24,-66,-18,-64,-17,-64,-15,-73,-16,-69,-16,-71,-17,-77,-9,-69,-8,-72,-11,-76,-12,-78,-17,-80,-10,-78,-10,-80,-11,-76,-15,-81,-11,-87,-14,-76,-11,0,0]"
CSI_DATA,253,2a:00:00:00:00:00,-37,11,1,0,1,1,1,0,0,0,1,-96,0,11,2,3610298,0,44,0,384,0,"[0,0,0,0,0,0,0,0,0,0,0,0,-3,-14,-3,-14,-3,-14,-3,-14,-3,-13,-3,-12,-3,-12,-3,-12,-3,-11,-3,-11,-3,-11,-3,-10,-3,-11,-4,-10,-4,-10,-4,-9,-4,-9,-4,-8,-4,-9,-4,-9,-4,-8,-4,-8,-4,-8,-5,-8,-4,-8,-4,-8,0,0,-4,-8,-4,-8,-4,-8,-3,-7,-3,-8,-3,-7,-3,-7,-3,-7,-2,-7,-2,-6,-1,-7,-1,-6,-1,-6,-1,-6,0,-5,0,-5,0,-5,0,-5,1,-4,1,-4,1,-4,1,-3,1,-3,1,-3,1,-2,1,-2,0,0,0,0,0,0,0,0,0,0,0,0,0,0,-45,61,-45,67,-48,62,-42,59,-41,65,-42,61,-44,58,-41,57,-37,54,-35,50,-35,47,-36,50,-31,45,-30,51,-25,51,-23,43,-22,52,-20,46,-17,43,-21,42,-18,44,-19,44,-15,39,-18,42,-13,43,-16,40,-11,36,-11,41,-13,38,-14,40,-11,36,-16,38,-11,37,-14,37,-15,38,-14,37,-18,32,-16,34,-16,34,-19,31,-20,26,-19,26,-14,26,-17,23,-22,19,-19,19,-22,17,-23,13,-18,11,-20,8,-17,6,-16,5,-17,3,-17,4,-12,3,-16,1,-14,-3,0,0,0,0,0,0,0,0,0,0,0,0,0,0,0,0,0,0,0,0,0,0,-17,-29,-15,-29,-16,-31,-16,-33,-19,-29,-13,-30,-21,-33,-17,-32,-17,-32,-19,-31,-20,-37,-19,-39,-23,-40,-22,-42,-25,-40,-24,-44,-25,-45,-26,-45,-26,-47,-24,-46,-26,-44,-25,-49,-25,-46,-24,-50,-28,-49,-31,-56,-30,-55,-33,-50,-35,-50,-34,-49,-36,-51,-38,-52,-37,-54,-41,-51,-40,-51,-38,-44,-42,-51,-44,-44,-46,-49,-51,-48,-49,-50,-51,-47,-52,-45,-59,-46,-50,-45,-57,-47,-60,-44,-62,-45,-64,-47,-67,-46,-62,-41,-67,-39,-67,-48,-65,-44,-72,-41,-69,-43,-66,-44,0,0]"
CSI_DATA,254,2a:00:00:00:00:00,-37,11,1,0,1,1,1,0,0,0,1,-96,0,11,2,3649430,0,44,0,384,0,"[0,0,0,0,0,0,0,0,0,0,0,0,8,-11,8,-11,8,-11,7,-10,7,-10,7,-10,7,-10,6,-9,6,-9,6,-9,6,-9,5,-9,5,-9,4,-9,4,-8,4,-9,3,-8,4,-8,3,-8,3,-8,3,-8,3,-8,3,-8,2,-8,2,-8,2,-8,0,0,2,-8,2,-8,2,-7,3,-7,2,-7,3,-7,3,-7,3,-6,3,-6,3,-5,3,-5,3,-5,3,-4,3,-4,3,-4,3,-3,3,-3,3,-2,3,-2,3,-2,3,-2,2,-1,2,-1,2,-1,2,0,2,0,0,0,0,0,0,0,0,0,0,0,0,0,0,0,-80,-6,-80,4,-77,4,-73,2,-81,-3,-72,3,-74,3,-65,-1,-67,-6,-63,3,-65,0,-62,3,-59,4,-56,5,-54,2,-53,5,-50,5,-48,8,-47,8,-47,8,-49,11,-46,4,-40,13,-42,9,-42,7,-41,13,-39,10,-41,13,-37,10,-41,8,-40,12,-40,13,-37,12,-33,14,-35,6,-37,5,-35,2,-33,4,-35,4,-33,1,-32,-1,-30,-2,-28,1,-26,1,-26,-1,-29,-4,-28,-4,-23,-5,-21,-11,-19,-11,-16,-15,-16,-9,-17,-12,-10,-13,-9,-10,-8,-14,-4,-12,0,0,0,0,0,0,0,0,0,0,0,0,0,0,0,0,0,0,0,0,0,0,8,-28,8,-30,7,-29,12,-32,11,-33,13,-31,10,-27,11,-32,10,-37,10,-37,13,-38,11,-42,14,-42,13,-44,15,-48,13,-46,14,-44,13,-46,13,-44,14,-48,18,-52,21,-53,17,-49,16,-50,24,-55,17,-54,18,-57,18,-56,18,-58,16,-58,12,-62,14,-61,15,-60,14,-62,12,-60,11,-65,9,-64,9,-64,8,-65,4,-67,3,-70,3,-67,-2,-69,1,-72,1,-73,-2,-70,0,-76,-2,-76,-7,-75,-1,-75,-8,-74,-9,-79,-7,-80,-10,-79,-12,-79,-5,-77,-4,-89,0,0]"
CSI_DATA,255,2a:00:00:00:00:00,-37,11,1,0,1,1,1,0,0,0,1,-96,0,11,2,3679389,0,44,0,384,0,"[0,0,0,0,0,0,0,0,0,0,0,0,12,3,12,3,12,3,11,3,11,3,10,2,10,2,10,2,10,2,9,2,9,1,9,1,9,1,9,1,8,1,9,1,8,0,8,0,7,0,7,0,7,0,7,0,7,0,7,0,7,0,7,0,0,0,7,0,7,0,7,0,7,0,6,1,6,1,6,1,6,1,5,1,5,1,5,1,4,2,4,2,4,2,3,2,3,2,3,2,2,2,2,2,2,2,1,2,1,2,1,2,0,2,0,2,0,2,0,0,0,0,0,0,0,0,0,0,0,0,0,0,-16,-83,-22,-83,-15,-77,-19,-74,-19,-79,-20,-73,-22,-73,-8,-70,-15,-68,-17,-63,-14,-61,-18,-58,-22,-59,-10,-57,-17,-56,-18,-53,-18,-53,-18,-48,-16,-45,-24,-47,-19,-44,-21,-40,-20,-38,-19,-41,-21,-42,-20,-39,-21,-40,-23,-39,-21,-36,-19,-36,-22,-36,-21,-33,-18,-35,-16,-35,-21,-36,-14,-34,-13,-34,-12,-35,-10,-35,-9,-33,-9,-32,-9,-33,-5,-29,-4,-31,-3,-29,-4,-30,0,-25,3,-25,3,-20,4,-21,1,-18,8,-17,6,-17,12,-17,6,-8,9,-10,8,-10,0,0,0,0,0,0,0,0,0,0,0,0,0,0,0,0,0,0,0,0,0,0,32,3,29,5,30,7,32,1,30,3,33,5,38,2,32,4,39,2,38,2,43,6,42,2,44,6,46,6,49,4,51,10,51,4,50,6,49,10,47,9,52,4,58,11,55,2,54,6,58,9,59,10,59,3,59,1,60,6,59,6,61,4,62,3,65,3,66,-2,66,-2,65,-5,65,-5,66,-4,67,-7,68,-11,71,-10,68,-12,67,-13,71,-17,68,-16,71,-12,74,-18,73,-23,76,-22,80,-21,71,-22,81,-29,78,-21,75,-27,76,-25,86,-24,78,-20,0,0]"
CSI_DATA,256,2a:00:00:00:00:00,-38,11,1,0,1,1,1,0,0,0,1,-96,0,11,2,3699412,0,44,0,384,0,"[0,0,0,0,0,0,0,0,0,0,0,0,10,8,10,8,9,8,9,8,9,8,9,7,9,7,9,6,8,6,8,6,8,5,8,5,7,5,7,5,7,5,8,4,7,4,7,3,7,3,7,3,7,3,7,3,7,3,7,3,7,3,7,2,0,0,7,3,6,3,6,3,6,3,6,3,5,3,5,3,5,3,5,3,5,3,4,3,3,4,3,4,3,3,3,3,2,3,2,3,1,3,1,3,1,3,0,2,0,3,0,2,0,2,-1,2,-1,2,0,0,0,0,0,0,0,0,0,0,0,0,0,0,2,-75,2,-78,-1,-78,1,-76,1,-76,-2,-70,0,-72,1,-69,0,-69,2,-63,0,-59,-3,-57,-1,-57,-3,-57,-3,-55,-8,-51,-4,-55,-10,-47,-8,-49,-12,-48,-12,-41,-12,-46,-10,-40,-8,-41,-8,-40,-10,-41,-15,-40,-13,-35,-13,-36,-11,-43,-11,-39,-14,-34,-9,-37,-12,-36,-11,-36,-2,-38,-5,-36,-7,-36,-3,-35,-4,-32,-2,-33,0,-30,3,-31,4,-28,2,-26,1,-25,5,-22,8,-20,3,-19,4,-19,8,-16,9,-13,10,-12,11,-14,9,-14,8,-9,9,-5,0,0,0,0,0,0,0,0,0,0,0,0,0,0,0,0,0,0,0,0,0,0,27,9,25,12,26,12,27,13,31,13,28,10,31,14,31,10,33,18,33,16,38,16,38,18,42,21,38,20,36,19,41,24,41,19,43,22,44,22,42,23,46,22,50,19,48,24,51,22,53,26,53,20,54,22,51,19,57,20,53,21,56,17,59,21,55,19,58,19,58,17,60,18,62,17,61,12,60,8,69,10,66,12,74,4,68,6,71,3,67,1,68,6,73,1,73,3,77,0,78,1,72,-1,78,-3,74,-4,75,-1,82,-5,78,1,79,0,0,0]"
CSI_DATA,257,2a:00:00:00:00:00,-38,11,1,0,1,1,1,0,0,0,1,-96,0,11,2,3709416,0,44,0,384,0,"[0,0,0,0,0,0,0,0,0,0,0,0,9,9,9,9,9,9,9,9,8,9,8,8,8,7,8,7,8,7,8,7,7,7,7,6,7,6,7,6,7,5,7,5,7,4,7,4,7,4,7,4,7,4,7,4,7,3,7,4,7,4,6,3,0,0,7,3,6,4,6,3,6,3,6,4,6,3,5,4,5,4,5,3,4,3,4,4,3,4,3,4,3,4,2,3,2,3,2,4,1,3,1,3,1,3,0,3,0,3,0,3,-1,2,-1,2,-1,2,0,0,0,0,0,0,0,0,0,0,0,0,0,0,-7,-86,-5,-79,-13,-83,-11,-69,-9,-75,-13,-72,-9,-73,-11,-69,-9,-66,-6,-69,-11,-66,-9,-61,-11,-55,-7,-57,-13,-56,-12,-56,-11,-51,-14,-49,-16,-47,-15,-47,-16,-46,-16,-45,-16,-43,-18,-43,-14,-39,-14,-44,-17,-39,-18,-43,-19,-39,-18,-37,-16,-38,-17,-38,-16,-40,-17,-38,-11,-34,-16,-38,-13,-37,-9,-32,-10,-34,-4,-33,-6,-33,-5,-32,-1,-34,-3,-30,-2,-27,-5,-23,4,-25,4,-22,5,-20,4,-19,5,-20,8,-15,8,-15,7,-15,8,-13,10,-10,10,-7,0,0,0,0,0,0,0,0,0,0,0,0,0,0,0,0,0,0,0,0,0,0,30,5,33,7,31,5,31,8,33,7,36,9,28,8,36,6,39,9,38,6,40,8,41,8,42,8,45,5,43,7,44,9,50,9,46,13,51,12,54,8,54,9,55,12,55,9,59,9,59,15,57,7,59,8,60,10,61,10,60,10,58,9,63,11,66,7,62,9,68,5,59,1,64,1,67,2,68,1,69,-2,71,-4,74,-6,72,-7,69,-8,71,-10,77,-9,76,-10,73,-9,76,-13,79,-15,79,-15,79,-18,76,-15,78,-11,86,-12,86,-14,84,-19,0,0]"
CSI_DATA,258,2a:00:00:00:00:00,-37,11,1,0,1,1,1,0,0,0,1,-96,0,11,2,3719402,0,44,0,384,0,"[0,0,0,0,0,0,0,0,0,0,0,0,5,12,6,11,5,11,5,11,5,11,5,10,5,10,5,9,5,9,4,9,5,9,5,8,5,8,5,8,5,8,5,7,5,6,5,6,5,7,5,6,5,6,5,6,5,5,5,6,5,6,5,5,0,0,4,5,4,6,4,6,4,5,3,6,3,6,3,6,3,5,2,5,2,5,2,5,1,5,1,5,1,4,0,4,0,4,0,4,-1,3,-1,3,-1,3,-1,3,-1,3,-2,2,-2,2,-2,1,-2,1,0,0,0,0,0,0,0,0,0,0,0,0,0,0,13,-83,18,-76,15,-80,14,-72,14,-68,12,-70,15,-70,13,-71,15,-59,11,-67,10,-61,12,-59,7,-56,7,-60,13,-54,11,-51,3,-53,9,-49,3,-50,1,-49,-1,-51,3,-47,-2,-50,-4,-46,0,-45,-6,-45,2,-45,1,-44,3,-44,-3,-43,-2,-34,-2,-44,0,-42,0,-43,0,-39,-1,-40,5,-39,0,-37,0,-35,9,-34,12,-33,8,-32,6,-29,6,-26,11,-27,13,-17,12,-21,9,-22,10,-18,11,-12,12,-12,13,-10,11,-10,11,-9,12,-7,13,-3,12,-3,0,0,0,0,0,0,0,0,0,0,0,0,0,0,0,0,0,0,0,0,0,0,27,14,26,13,27,14,29,15,28,13,30,14,31,14,34,13,33,15,32,13,37,21,40,19,36,18,44,23,40,18,42,21,42,22,44,21,48,25,46,28,48,23,49,25,49,25,52,23,51,30,56,26,51,24,53,25,54,26,56,26,54,23,58,25,60,27,58,19,61,21,60,21,59,20,64,23,61,21,63,19,66,20,65,12,69,14,72,14,71,14,70,5,69,9,76,10,76,6,82,11,81,12,77,15,80,11,81,13,78,13,83,17,88,10,0,0]"
CSI_DATA,259,2a:00:00:00:00:00,-37,11,1,0,1,1,1,0,0,0,1,-96,0,11,2,3730685,0,44,0,384,0,"[0,0,0,0,0,0,0,0,0,0,0,0,-4,12,-3,11,-3,13,-3,12,-3,12,-4,10,-3,10,-3,10,-3,10,-2,10,-3,9,-2,9,-2,9,-2,9,-1,8,-2,9,-1,8,-1,8,-1,8,-1,8,-1,8,0,8,-1,7,0,7,-1,7,-1,7,0,0,-1,7,-1,7,-1,7,-1,7,-1,7,-1,7,-2,6,-2,6,-2,5,-2,5,-3,5,-3,5,-2,4,-3,4,-3,3,-3,3,-3,3,-3,2,-3,2,-3,1,-3,1,-3,1,-3,1,-3,1,-3,0,-3,0,0,0,0,0,0,0,0,0,0,0,0,0,0,0,65,-55,64,-49,59,-47,57,-51,57,-48,60,-47,55,-46,54,-42,48,-38,51,-42,48,-42,47,-40,45,-37,42,-36,40,-42,39,-41,39,-39,33,-39,34,-36,29,-36,30,-35,32,-36,23,-40,27,-35,25,-37,23,-37,25,-35,24,-35,21,-32,26,-38,22,-34,28,-34,24,-31,20,-33,21,-33,23,-29,22,-26,24,-26,26,-26,25,-22,23,-21,27,-18,22,-16,24,-19,25,-16,22,-14,22,-9,21,-13,21,-6,18,-4,18,0,16,-3,13,1,18,0,17,2,13,5,9,9,0,0,0,0,0,0,0,0,0,0,0,0,0,0,0,0,0,0,0,0,0,0,16,28,14,26,15,30,10,29,13,32,11,30,15,32,11,31,11,33,14,39,17,37,14,39,16,39,15,39,19,44,17,44,22,44,18,48,19,50,14,46,19,47,21,53,19,51,20,53,17,54,22,54,20,55,22,57,25,51,26,57,26,55,27,56,28,57,30,59,29,59,32,56,31,53,33,56,38,53,38,55,39,59,40,54,42,55,50,52,43,55,48,49,50,56,51,56,53,55,51,57,52,57,58,59,58,64,48,60,59,58,56,59,58,60,0,0]"
CSI_DATA,260,2a:00:00:00:00:00,-38,11,1,0,1,1,1,0,0,0,1,-96,0,11,2,3739808,0,44,0,384,0,"[0,0,0,0,0,0,0,0,0,0,0,0,-8,10,-8,10,-7,10,-8,10,-7,9,-8,9,-7,9,-7,8,-7,8,-6,8,-6,8,-6,8,-5,8,-5,8,-5,8,-5,7,-5,7,-4,7,-4,7,-4,7,-4,7,-3,7,-4,7,-3,7,-3,7,-3,7,0,0,-4,7,-3,6,-3,7,-4,6,-3,6,-3,6,-4,5,-4,5,-4,4,-4,4,-4,4,-4,4,-4,3,-4,3,-4,2,-4,2,-4,2,-4,1,-4,1,-4,1,-4,0,-3,0,-3,0,-3,0,-3,-1,-3,-1,0,0,0,0,0,0,0,0,0,0,0,0,0,0,78,-14,79,-11,78,-14,80,-11,70,-9,69,-13,68,-16,67,-15,64,-10,62,-9,60,-11,61,-6,56,-12,55,-15,52,-9,56,-15,50,-16,47,-19,48,-15,45,-17,43,-16,46,-17,42,-20,41,-21,39,-19,38,-19,41,-18,38,-17,34,-16,40,-13,39,-20,38,-17,36,-12,36,-17,37,-14,33,-12,33,-11,29,-10,29,-10,34,-5,32,-5,34,-3,33,-2,25,1,29,-3,26,0,24,5,25,3,19,7,17,10,23,8,12,12,13,9,11,11,10,8,9,9,4,9,0,0,0,0,0,0,0,0,0,0,0,0,0,0,0,0,0,0,0,0,0,0,-2,33,-8,32,-4,28,-5,34,-4,30,-5,31,-3,34,-6,34,-6,41,-7,38,-6,38,-9,41,-2,49,-10,44,-5,47,-8,46,-7,51,-8,47,-7,50,-5,53,-10,55,-11,53,-10,56,-8,57,-11,56,-5,55,-9,58,-6,59,-1,57,-7,61,-8,59,-4,60,-3,60,-1,62,-1,61,2,63,-1,65,3,68,4,66,6,67,9,71,8,69,9,71,9,72,10,67,13,68,16,70,19,72,15,70,15,77,18,70,22,76,17,80,18,76,12,81,18,84,19,84,0,0]"
CSI_DATA,261,2a:00:00:00:00:00,-37,11,1,0,1,1,1,0,0,0,1,-96,0,11,2,3749414,0,44,0,384,0,"[0,0,0,0,0,0,0,0,0,0,0,0,-3,13,-3,12,-2,13,-3,12,-2,12,-2,11,-2,11,-2,10,-2,10,-2,10,-2,9,-2,9,-1,9,-1,9,-1,8,-1,9,0,8,-1,8,0,8,0,8,0,8,0,7,0,7,0,7,0,7,0,7,0,0,0,7,0,7,0,7,-1,7,0,6,-1,6,-1,6,-1,6,-2,6,-2,6,-2,5,-2,5,-2,4,-2,4,-3,4,-3,3,-3,3,-3,3,-3,2,-3,2,-3,2,-3,1,-3,1,-3,1,-3,0,-3,0,0,0,0,0,0,0,0,0,0,0,0,0,0,0,47,-58,55,-53,50,-56,48,-52,49,-51,47,-49,48,-47,46,-51,47,-47,45,-38,42,-41,42,-46,36,-41,36,-39,39,-39,35,-39,30,-36,28,-41,30,-40,27,-42,28,-40,26,-39,24,-38,20,-37,19,-37,17,-39,19,-38,18,-37,20,-37,18,-35,24,-31,23,-36,22,-29,20,-32,25,-29,21,-30,20,-28,22,-23,24,-25,22,-26,23,-21,25,-19,24,-17,21,-15,21,-11,24,-12,24,-10,20,-11,15,-4,20,-7,16,-2,16,0,15,3,14,1,13,4,10,-1,12,6,0,0,0,0,0,0,0,0,0,0,0,0,0,0,0,0,0,0,0,0,0,0,17,25,17,26,17,28,15,25,16,25,15,30,15,28,19,29,19,28,21,34,16,34,17,39,22,35,20,36,22,37,22,40,23,38,18,44,24,41,25,48,26,45,27,48,28,46,26,48,23,47,28,46,23,50,28,48,28,47,32,51,35,50,31,48,33,50,33,47,35,49,36,48,42,49,39,49,42,50,47,50,42,48,44,49,45,46,50,50,48,48,48,51,54,47,56,45,57,50,60,52,56,50,62,49,55,51,55,52,61,56,60,54,58,54,0,0]"
CSI_DATA,262,2a:00:00:00:00:00,-38,11,1,0,1,1,1,0,0,0,1,-96,0,11,2,3759781,0,44,0,384,0,"[0,0,0,0,0,0,0,0,0,0,0,0,-14,3,-14,3,-13,3,-13,2,-13,2,-12,3,-12,3,-12,3,-11,3,-11,3,-11,3,-10,3,-10,3,-10,3,-9,3,-9,4,-9,4,-9,4,-8,4,-8,4,-8,4,-8,4,-8,4,-7,4,-7,4,-8,4,0,0,-7,4,-7,3,-7,3,-7,3,-7,3,-7,2,-7,2,-7,2,-7,2,-7,2,-6,1,-6,1,-6,0,-6,0,-6,0,-5,0,-5,-1,-5,-1,-4,-1,-4,-1,-4,-2,-4,-2,-3,-2,-3,-2,-3,-2,-2,-2,0,0,0,0,0,0,0,0,0,0,0,0,0,0,57,52,56,50,53,54,55,52,59,51,52,43,55,48,52,43,49,45,48,45,49,40,47,37,48,36,44,37,42,27,45,29,45,29,42,25,39,27,42,26,43,27,41,22,35,19,38,22,37,19,39,23,40,16,39,14,40,14,42,15,39,9,39,13,40,18,36,18,34,15,30,18,33,17,28,22,24,22,27,21,29,18,26,18,22,21,21,22,12,17,17,18,16,15,15,16,6,17,10,17,8,13,7,16,5,17,1,14,2,16,-2,12,0,12,0,0,0,0,0,0,0,0,0,0,0,0,0,0,0,0,0,0,0,0,0,0,-28,10,-26,9,-32,10,-31,11,-31,13,-31,13,-30,6,-35,11,-38,11,-39,15,-37,14,-41,18,-42,18,-45,21,-43,16,-46,14,-44,19,-49,20,-48,20,-52,19,-52,20,-53,18,-53,19,-50,21,-52,24,-54,23,-54,21,-56,28,-56,25,-51,30,-58,27,-52,31,-54,25,-54,36,-57,35,-55,33,-55,37,-56,42,-52,38,-53,42,-59,45,-49,50,-54,49,-56,48,-56,46,-47,50,-53,50,-52,54,-58,54,-58,58,-49,61,-52,64,-53,63,-53,61,-53,64,-54,55,-54,62,0,0]"
CSI_DATA,263,2a:00:00:00:00:00,-38,11,1,0,1,1,1,0,0,0,1,-96,0,11,2,3779551,0,44,0,384,0,"[0,0,0,0,0,0,0,0,0,0,0,0,8,10,8,10,8,10,8,10,7,10,7,9,7,9,7,8,7,8,7,8,7,7,7,7,7,7,6,6,6,6,7,5,7,5,6,5,7,5,6,5,6,5,6,5,6,4,6,4,6,4,6,4,0,0,6,4,6,4,6,4,6,4,5,4,5,5,5,4,4,4,4,4,4,4,3,4,3,4,3,4,2,4,2,3,2,4,1,4,1,3,0,3,0,3,0,3,0,3,-1,2,-1,2,-1,2,-1,1,0,0,0,0,0,0,0,0,0,0,0,0,0,0,6,-84,2,-80,3,-77,5,-77,4,-71,4,-72,3,-70,5,-70,3,-65,8,-63,0,-64,2,-57,1,-64,0,-52,3,-54,-4,-56,0,-53,-5,-50,-5,-52,-7,-48,-3,-47,-10,-44,-9,-45,-13,-40,-11,-46,-8,-44,-11,-39,-9,-42,-11,-41,-11,-43,-10,-37,-9,-39,-13,-38,-8,-43,-9,-40,-5,-38,-7,-39,-6,-37,0,-37,-2,-34,0,-32,2,-31,3,-30,4,-32,7,-25,5,-23,6,-23,7,-20,9,-18,11,-18,11,-20,10,-11,10,-14,11,-12,12,-10,9,-5,9,-9,0,0,0,0,0,0,0,0,0,0,0,0,0,0,0,0,0,0,0,0,0,0,32,10,29,10,29,10,33,15,29,12,30,12,33,14,35,16,31,17,38,11,37,17,40,17,39,16,43,20,43,16,45,20,44,20,44,19,47,18,47,19,49,18,47,24,51,24,52,22,49,25,55,20,54,22,56,24,51,22,57,24,55,21,59,25,59,20,64,19,58,16,59,14,63,13,66,20,65,12,67,8,69,13,66,6,69,9,70,6,70,2,72,6,74,4,75,-3,81,2,77,6,76,8,76,5,81,0,77,-3,83,4,85,2,83,9,0,0]"
CSI_DATA,264,2a:00:00:00:00:00,-38,11,1,0,1,1,1,0,0,0,1,-96,0,11,2,3800777,0,44,0,384,0,"[0,0,0,0,0,0,0,0,0,0,0,0,-14,5,-13,5,-12,5,-12,5,-12,5,-12,5,-12,5,-11,5,-11,5,-10,4,-10,4,-10,4,-9,5,-9,5,-8,4,-9,5,-8,5,-8,4,-7,4,-7,4,-7,4,-7,5,-7,5,-7,4,-7,4,-7,5,0,0,-7,4,-7,4,-7,4,-7,4,-6,3,-7,3,-6,3,-6,3,-7,2,-7,2,-7,1,-6,1,-6,1,-5,0,-6,0,-5,0,-5,-1,-5,-1,-5,-1,-4,-1,-4,-1,-3,-2,-3,-2,-3,-2,-3,-2,-2,-2,0,0,0,0,0,0,0,0,0,0,0,0,0,0,76,18,82,21,76,15,74,19,71,14,71,14,67,17,61,20,61,15,61,14,61,15,58,12,61,14,50,11,54,14,53,6,54,7,49,9,45,7,50,4,52,-1,45,4,47,-2,45,5,41,-3,42,0,44,2,38,0,40,-2,45,-4,42,5,42,6,36,0,36,2,43,3,33,6,34,9,32,2,32,5,33,2,28,10,26,11,25,11,25,13,21,14,23,17,25,15,20,15,20,14,12,13,13,13,11,14,9,16,8,12,5,13,-1,11,1,13,0,0,0,0,0,0,0,0,0,0,0,0,0,0,0,0,0,0,0,0,0,0,-9,25,-12,30,-11,27,-16,28,-18,27,-15,31,-16,32,-15,34,-18,34,-18,37,-22,37,-19,42,-21,40,-18,42,-22,39,-25,41,-21,44,-25,46,-27,49,-24,44,-26,48,-29,45,-27,49,-29,45,-30,48,-28,50,-31,48,-29,50,-27,51,-26,53,-30,57,-26,56,-26,55,-25,58,-27,61,-25,58,-24,59,-26,64,-25,60,-24,63,-17,62,-16,66,-21,69,-19,70,-17,67,-6,71,-10,72,-10,71,-17,74,-14,80,-13,75,-19,79,-14,76,-13,80,-16,81,-13,82,-15,80,0,0]"
CSI_DATA,265,2a:00:00:00:00:00,-38,11,1,0,1,1,1,0,0,0,1,-96,0,11,2,3809424,0,44,0,384,0,"[0,0,0,0,0,0,0,0,0,0,0,0,-13,-7,-13,-7,-12,-7,-12,-7,-11,-7,-11,-6,-11,-6,-10,-6,-10,-5,-10,-5,-10,-5,-10,-4,-10,-5,-9,-4,-9,-4,-9,-3,-9,-3,-9,-3,-9,-3,-8,-3,-8,-3,-8,-3,-8,-2,-8,-2,-8,-2,-8,-2,0,0,-8,-2,-8,-3,-8,-3,-7,-2,-7,-3,-7,-3,-7,-3,-6,-3,-6,-3,-6,-3,-6,-3,-5,-4,-5,-4,-5,-4,-4,-3,-4,-3,-3,-4,-3,-3,-3,-4,-2,-4,-2,-3,-2,-4,-1,-3,-1,-3,-1,-3,-1,-3,0,0,0,0,0,0,0,0,0,0,0,0,0,0,21,80,27,75,22,80,21,66,26,67,24,71,21,66,25,71,24,61,25,61,23,59,20,55,25,56,19,50,24,49,24,48,24,46,21,47,18,46,25,37,27,44,22,34,30,36,24,36,27,34,25,38,27,30,25,36,25,33,23,32,24,31,25,32,20,27,24,37,21,23,21,32,24,31,19,29,22,28,17,32,13,31,9,27,10,26,9,27,8,30,7,25,4,24,2,28,0,22,-1,22,-2,16,-2,19,-3,17,-8,13,-11,15,-9,10,-4,12,0,0,0,0,0,0,0,0,0,0,0,0,0,0,0,0,0,0,0,0,0,0,-34,-6,-30,-5,-32,-5,-34,-9,-33,-10,-32,-9,-34,-9,-35,-7,-38,-4,-36,-7,-43,-7,-42,-8,-43,-4,-47,-6,-44,-8,-45,-8,-49,-12,-48,-11,-55,-8,-53,-9,-54,-7,-59,-7,-55,-11,-58,-12,-60,-9,-57,-5,-59,-7,-62,-7,-56,-8,-62,-7,-59,-2,-62,-5,-66,0,-63,1,-64,1,-63,4,-64,8,-66,7,-66,8,-69,11,-69,11,-71,18,-68,15,-72,15,-72,19,-67,23,-69,20,-73,24,-71,23,-74,17,-78,26,-70,29,-82,28,-71,27,-77,29,-78,29,-78,22,0,0]"
CSI_DATA,266,2a:00:00:00:00:00,-37,11,1,0,1,1,1,0,0,0,1,-96,0,11,2,3819460,0,44,0,384,0,"[0,0,0,0,0,0,0,0,0,0,0,0,-15,-3,-14,-3,-13,-3,-13,-3,-13,-3,-13,-2,-12,-2,-12,-2,-12,-2,-11,-2,-11,-1,-11,-1,-11,-1,-10,-1,-10,-1,-10,0,-10,0,-10,0,-9,0,-9,0,-9,0,-9,0,-9,0,-9,1,-9,0,-8,1,0,0,-9,1,-8,0,-8,0,-8,0,-8,0,-8,-1,-7,-1,-7,-1,-7,-1,-7,-1,-7,-1,-6,-2,-6,-2,-6,-2,-5,-2,-5,-2,-4,-3,-4,-3,-4,-3,-3,-3,-3,-3,-3,-3,-2,-3,-2,-3,-2,-3,-1,-3,0,0,0,0,0,0,0,0,0,0,0,0,0,0,42,69,41,72,38,65,37,64,42,63,35,60,39,62,34,62,37,57,31,52,33,54,33,51,34,52,35,47,32,45,35,42,35,39,33,36,26,39,34,36,32,29,32,33,32,30,30,30,29,28,28,30,32,29,30,28,30,25,31,27,36,25,29,26,28,29,27,25,26,26,21,23,21,28,20,31,24,29,18,26,19,25,13,27,13,28,10,28,9,26,10,23,7,19,0,22,0,17,1,21,2,17,-4,14,-4,15,-7,18,-2,11,-10,12,-7,13,0,0,0,0,0,0,0,0,0,0,0,0,0,0,0,0,0,0,0,0,0,0,-27,7,-28,4,-33,7,-30,6,-35,5,-31,10,-32,7,-38,9,-41,10,-38,10,-41,10,-47,8,-45,14,-45,9,-45,8,-50,9,-49,5,-52,11,-50,9,-53,9,-54,9,-57,9,-57,12,-57,13,-53,10,-53,18,-59,14,-58,12,-60,16,-59,13,-61,18,-59,19,-61,18,-61,18,-60,18,-62,22,-62,24,-63,26,-61,27,-61,29,-63,28,-59,34,-62,33,-65,39,-60,36,-66,31,-63,39,-58,40,-67,43,-63,43,-61,45,-62,47,-65,44,-71,44,-65,44,-71,47,-74,44,0,0]"
CSI_DATA,267,2a:00:00:00:00:00,-38,11,1,0,1,1,1,0,0,0,1,-96,0,11,2,3829596,0,44,0,384,0,"[0,0,0,0,0,0,0,0,0,0,0,0,-3,13,-3,12,-2,13,-3,12,-2,12,-3,10,-3,10,-2,10,-3,10,-2,10,-2,10,-2,9,-1,9,-1,9,-1,8,-1,9,-1,8,-1,8,0,8,0,8,0,7,0,8,0,7,0,7,0,7,0,7,0,0,-1,7,0,7,0,7,-1,7,-1,6,-1,6,-1,6,-1,6,-2,5,-2,5,-2,5,-2,5,-2,4,-2,4,-3,4,-3,3,-3,3,-3,3,-3,2,-3,2,-3,1,-3,1,-3,1,-3,1,-3,0,-3,0,0,0,0,0,0,0,0,0,0,0,0,0,0,0,55,-62,48,-54,58,-59,49,-58,52,-58,49,-49,49,-54,45,-51,42,-48,47,-48,42,-47,39,-48,37,-44,34,-44,36,-42,34,-38,31,-39,32,-42,32,-39,30,-44,27,-42,25,-40,21,-40,19,-35,21,-42,19,-39,17,-38,21,-40,21,-33,21,-36,21,-37,19,-40,22,-38,19,-33,22,-32,15,-39,19,-33,16,-27,23,-27,20,-22,18,-24,21,-20,21,-20,22,-13,19,-18,25,-14,23,-12,21,-9,23,-7,22,-4,16,-2,20,-8,11,-3,14,0,13,3,13,-1,9,0,0,0,0,0,0,0,0,0,0,0,0,0,0,0,0,0,0,0,0,0,0,0,11,26,11,28,14,28,13,30,16,31,17,32,17,32,17,32,16,28,16,36,16,34,18,42,21,39,19,43,20,39,18,42,21,47,18,45,21,43,26,46,23,50,25,49,22,53,24,53,21,52,27,52,23,52,24,53,26,49,27,57,26,53,31,56,30,52,32,46,34,55,40,52,37,51,37,53,43,50,44,50,44,51,44,51,50,49,50,52,52,51,55,51,53,46,56,49,62,48,58,48,54,51,57,54,59,61,59,53,65,58,61,53,63,57,0,0]"
CSI_DATA,268,2a:00:00:00:00:00,-38,11,1,0,1,1,1,0,0,0,1,-96,0,11,2,3839388,0,44,0,384,0,"[0,0,0,0,0,0,0,0,0,0,0,0,5,-13,5,-12,5,-13,5,-12,4,-12,4,-11,4,-11,4,-10,4,-10,3,-10,4,-10,3,-10,2,-10,2,-10,2,-9,2,-9,2,-9,2,-9,1,-8,1,-8,1,-8,0,-9,1,-8,0,-8,0,-8,1,-8,0,0,1,-8,0,-8,1,-8,1,-8,1,-7,1,-7,1,-7,1,-7,2,-6,2,-6,2,-6,2,-5,2,-5,2,-5,2,-4,2,-4,2,-4,2,-3,2,-3,2,-2,2,-2,2,-2,2,-2,2,-1,2,-1,2,-1,0,0,0,0,0,0,0,0,0,0,0,0,0,0,-72,34,-68,36,-75,35,-68,35,-67,27,-69,29,-62,28,-67,29,-60,19,-61,27,-59,26,-54,24,-53,26,-49,26,-48,20,-53,23,-50,23,-43,24,-42,23,-38,23,-41,28,-38,26,-36,31,-33,26,-35,29,-30,28,-38,25,-33,25,-32,26,-34,25,-35,25,-33,27,-32,21,-28,22,-32,18,-36,24,-30,21,-27,20,-32,19,-33,18,-30,12,-28,11,-28,8,-30,8,-28,8,-29,6,-27,2,-20,2,-22,-3,-25,-3,-18,-4,-20,-2,-17,0,-15,-5,-14,-6,-10,-10,-6,-8,0,0,0,0,0,0,0,0,0,0,0,0,0,0,0,0,0,0,0,0,0,0,-5,-32,-6,-36,-3,-30,-1,-33,-3,-33,-2,-37,-6,-35,-6,-35,-7,-41,-6,-39,1,-41,-5,-43,-6,-44,1,-48,-1,-49,-2,-46,-7,-54,1,-46,-3,-50,-1,-55,-6,-57,-5,-54,0,-57,-3,-57,-1,-58,-7,-58,-3,-60,-9,-63,-10,-60,-11,-64,-9,-55,-9,-64,-13,-56,-16,-63,-13,-68,-17,-69,-15,-63,-14,-67,-17,-63,-22,-62,-24,-70,-21,-60,-25,-65,-28,-63,-27,-67,-30,-71,-31,-69,-35,-67,-37,-67,-34,-66,-34,-65,-34,-76,-39,-77,-34,-68,-34,-71,-45,-79,-40,-73,0,0]"
CSI_DATA,269,2a:00:00:00:00:00,-37,11,1,0,1,1,1,0,0,0,1,-96,0,11,2,3849397,0,44,0,384,0,"[0,0,0,0,0,0,0,0,0,0,0,0,7,-13,7,-13,5,-13,6,-13,5,-12,6,-12,5,-11,5,-11,5,-11,4,-10,4,-10,4,-10,3,-10,3,-10,3,-10,3,-10,3,-10,2,-9,2,-10,1,-9,2,-9,1,-9,2,-9,1,-9,1,-9,1,-9,0,0,1,-9,1,-8,1,-8,2,-8,2,-8,1,-8,2,-7,2,-7,3,-7,2,-6,3,-6,2,-6,2,-5,3,-5,3,-4,3,-4,2,-4,3,-3,3,-3,3,-3,3,-2,2,-2,2,-1,2,-1,2,-1,2,-1,0,0,0,0,0,0,0,0,0,0,0,0,0,0,-83,-2,-80,0,-73,-1,-79,3,-84,1,-73,0,-66,5,-68,-2,-66,2,-59,-3,-62,1,-63,4,-62,4,-59,7,-55,-4,-55,2,-55,6,-52,8,-52,6,-50,8,-50,7,-49,11,-42,14,-42,10,-44,13,-41,11,-44,13,-40,9,-44,9,-40,12,-40,10,-37,8,-43,8,-36,8,-37,10,-35,8,-38,5,-36,6,-35,3,-37,0,-35,0,-29,-2,-30,0,-32,-5,-29,-1,-27,-6,-26,-7,-20,-9,-20,-12,-19,-10,-19,-11,-14,-8,-13,-9,-8,-10,-8,-11,-8,-16,-6,-9,0,0,0,0,0,0,0,0,0,0,0,0,0,0,0,0,0,0,0,0,0,0,7,-27,10,-33,8,-31,13,-30,13,-34,9,-37,14,-34,8,-39,11,-35,10,-39,13,-38,13,-43,10,-46,15,-46,12,-49,17,-48,16,-48,17,-48,14,-52,19,-49,13,-53,19,-52,21,-55,18,-56,23,-58,19,-54,20,-60,20,-62,16,-62,17,-62,14,-59,17,-58,10,-60,12,-64,12,-61,10,-65,10,-67,10,-66,6,-66,5,-72,5,-68,4,-71,3,-70,0,-74,3,-70,-5,-74,-6,-77,-2,-75,-2,-81,-1,-81,-4,-76,-2,-85,0,-80,-5,-78,-3,-81,-6,-79,-11,-88,0,0]"
CSI_DATA,270,2a:00:00:00:00:00,-37,11,1,0,1,1,1,0,0,0,1,-96,0,11,2,3859396,0,44,0,384,0,"[0,0,0,0,0,0,0,0,0,0,0,0,10,-9,10,-9,9,-9,10,-8,9,-8,9,-8,9,-8,8,-8,8,-7,7,-7,8,-7,7,-7,6,-7,6,-7,6,-7,6,-7,6,-7,6,-7,5,-7,5,-7,5,-6,5,-7,5,-7,4,-7,4,-7,5,-7,0,0,5,-6,4,-6,4,-6,5,-6,4,-6,4,-6,4,-5,4,-5,5,-4,5,-4,5,-4,4,-3,4,-3,4,-3,4,-2,4,-2,4,-1,4,-1,3,-1,3,-1,3,0,2,0,2,0,2,0,2,0,1,1,0,0,0,0,0,0,0,0,0,0,0,0,0,0,-74,10,-75,12,-73,14,-74,19,-78,10,-64,8,-68,9,-69,12,-63,8,-60,11,-62,12,-60,7,-58,12,-54,11,-51,8,-56,14,-53,9,-48,9,-43,11,-47,13,-43,16,-44,12,-41,15,-35,20,-40,11,-33,14,-41,19,-40,14,-40,13,-41,14,-38,11,-38,15,-36,17,-30,16,-34,14,-32,9,-33,9,-30,11,-28,8,-34,4,-35,6,-31,-3,-28,0,-27,-2,-23,-1,-27,-1,-25,-3,-20,-6,-23,-6,-18,-7,-16,-9,-17,-18,-17,-9,-13,-8,-11,-13,-7,-7,-8,-11,0,0,0,0,0,0,0,0,0,0,0,0,0,0,0,0,0,0,0,0,0,0,-1,-28,-1,-30,2,-31,2,-32,3,-30,2,-36,-2,-35,2,-37,4,-37,0,-37,5,-41,6,-44,4,-43,6,-46,5,-44,7,-47,5,-50,7,-48,4,-49,5,-54,5,-55,8,-53,8,-53,7,-56,11,-55,8,-56,10,-54,7,-58,4,-59,0,-61,6,-58,5,-60,-2,-59,-2,-61,-1,-63,-4,-62,-6,-65,-2,-63,-8,-65,-5,-67,-8,-64,-7,-69,-8,-67,-10,-69,-9,-68,-12,-68,-14,-68,-18,-74,-19,-71,-16,-74,-16,-73,-12,-74,-12,-73,-17,-78,-15,-78,-18,-77,-20,-79,0,0]"
CSI_DATA,271,2a:00:00:00:00:00,-37,11,1,0,1,1,1,0,0,0,1,-96,0,11,2,3870154,0,44,0,384,0,"[0,0,0,0,0,0,0,0,0,0,0,0,2,13,2,13,2,13,2,13,2,12,2,11,2,11,2,10,2,10,2,10,2,10,2,9,3,9,2,9,3,9,2,8,3,8,2,8,3,8,3,8,3,7,3,7,3,7,3,7,3,7,3,7,0,0,3,7,3,7,3,7,2,6,2,7,2,7,2,6,2,6,1,6,0,6,0,6,0,5,0,5,-1,5,-1,4,-1,4,-1,4,-1,3,-2,3,-2,3,-2,2,-2,2,-2,2,-2,2,-2,1,-2,1,0,0,0,0,0,0,0,0,0,0,0,0,0,0,53,-56,57,-56,53,-56,54,-49,51,-52,50,-50,51,-48,53,-53,50,-49,44,-47,43,-44,44,-42,41,-43,40,-40,43,-53,33,-43,34,-41,30,-39,32,-40,31,-39,29,-41,28,-36,28,-41,24,-38,26,-36,25,-37,21,-39,18,-40,19,-37,20,-34,20,-35,24,-35,23,-37,22,-33,25,-28,27,-30,23,-28,27,-25,21,-30,23,-24,27,-22,25,-19,24,-17,25,-19,25,-13,24,-11,24,-12,20,-9,20,-6,19,-5,18,-1,17,-3,16,0,19,-1,15,1,12,4,10,1,0,0,0,0,0,0,0,0,0,0,0,0,0,0,0,0,0,0,0,0,0,0,16,25,16,26,17,27,15,29,15,29,23,27,15,32,18,28,18,37,17,33,22,31,19,39,26,38,25,41,29,39,24,43,23,47,24,45,28,42,26,44,29,47,24,51,25,47,30,48,28,47,27,51,28,53,25,54,28,50,32,53,28,51,35,49,34,51,36,54,36,54,34,48,39,49,40,51,42,54,45,50,47,51,46,46,45,49,52,52,48,50,49,48,49,52,52,54,57,53,53,50,62,54,60,52,53,58,54,52,57,54,64,53,59,53,0,0]"
CSI_DATA,272,2a:00:00:00:00:00,-37,11,1,0,1,1,1,0,0,0,1,-96,0,11,2,3879811,0,44,0,384,0,"[0,0,0,0,0,0,0,0,0,0,0,0,12,4,12,4,11,4,11,5,11,4,11,4,10,4,10,3,10,3,9,3,10,2,9,2,9,2,8,2,8,2,9,1,9,1,8,1,8,1,8,1,8,1,8,1,7,0,8,0,7,0,7,0,0,0,7,0,7,1,7,1,7,0,7,1,6,1,6,1,6,1,5,1,6,1,5,1,5,2,4,2,4,2,4,2,3,2,3,2,3,2,2,2,2,2,1,2,1,2,1,2,0,2,0,2,0,1,0,0,0,0,0,0,0,0,0,0,0,0,0,0,-28,-71,-30,-72,-26,-68,-27,-69,-27,-68,-24,-61,-23,-65,-24,-63,-24,-60,-24,-61,-25,-58,-28,-54,-26,-50,-22,-52,-26,-50,-26,-51,-26,-49,-22,-46,-22,-42,-28,-42,-22,-40,-21,-37,-24,-37,-22,-39,-27,-34,-25,-37,-24,-36,-27,-33,-23,-33,-25,-33,-24,-33,-16,-32,-19,-35,-19,-34,-21,-29,-18,-33,-18,-33,-14,-34,-16,-30,-14,-30,-12,-30,-9,-27,-6,-29,-3,-34,-8,-29,-4,-27,0,-22,0,-26,-2,-17,1,-20,4,-20,2,-11,5,-17,8,-13,4,-12,11,-10,7,-8,0,0,0,0,0,0,0,0,0,0,0,0,0,0,0,0,0,0,0,0,0,0,29,-7,29,-5,31,-5,33,-5,32,-4,34,-2,37,-3,35,-6,35,-5,38,-6,41,-2,45,-3,44,-5,44,-5,46,-3,50,-4,46,-3,49,-3,47,-2,51,-4,53,-4,56,1,54,-1,53,-2,54,-1,57,-6,54,-2,54,-5,57,-6,58,-5,55,-8,55,-7,56,-9,60,-11,60,-15,59,-14,57,-16,63,-15,63,-14,63,-20,62,-24,63,-23,62,-25,66,-28,62,-25,65,-24,65,-26,67,-27,66,-32,70,-31,71,-32,68,-34,69,-33,70,-39,68,-30,72,-30,77,-35,0,0]"
CSI_DATA,273,2a:00:00:00:00:00,-37,11,1,0,1,1,1,0,0,0,1,-96,0,11,2,3889416,0,44,0,384,0,"[0,0,0,0,0,0,0,0,0,0,0,0,13,1,13,1,12,1,12,1,12,1,11,1,12,0,11,0,11,0,10,0,10,0,10,-1,9,0,9,-1,8,0,9,-2,9,-2,9,-2,8,-2,8,-2,7,-1,8,-2,8,-2,7,-2,7,-2,7,-2,0,0,7,-2,7,-2,7,-1,7,-2,6,-1,6,-1,6,-1,6,0,6,-1,6,0,6,0,5,1,4,1,4,1,5,1,4,1,3,2,3,1,3,1,2,1,2,2,2,2,1,2,1,2,1,2,0,1,0,0,0,0,0,0,0,0,0,0,0,0,0,0,-62,-47,-56,-45,-58,-41,-61,-47,-64,-43,-60,-41,-59,-45,-55,-39,-48,-36,-51,-35,-54,-32,-48,-32,-53,-31,-46,-29,-46,-29,-46,-25,-48,-29,-43,-21,-40,-22,-42,-15,-45,-18,-44,-18,-42,-16,-36,-13,-36,-15,-39,-11,-43,-9,-41,-14,-41,-14,-41,-13,-39,-9,-40,-9,-38,-14,-33,-10,-36,-11,-33,-17,-32,-16,-35,-14,-33,-21,-26,-15,-29,-17,-27,-16,-24,-17,-21,-18,-17,-19,-17,-18,-16,-15,-16,-19,-14,-16,-12,-17,-11,-17,-10,-16,-6,-15,-5,-18,-1,-14,-2,-15,-1,-10,0,0,0,0,0,0,0,0,0,0,0,0,0,0,0,0,0,0,0,0,0,0,24,-12,27,-16,27,-15,28,-16,30,-12,31,-13,31,-20,29,-19,34,-16,32,-18,36,-21,34,-21,39,-20,40,-21,39,-18,42,-20,47,-20,45,-23,47,-22,45,-21,46,-25,49,-24,49,-25,46,-24,48,-25,52,-26,44,-25,47,-27,50,-27,51,-30,47,-27,52,-28,50,-32,48,-32,52,-40,50,-38,49,-44,48,-43,49,-44,48,-42,46,-48,46,-50,45,-52,43,-53,45,-50,43,-54,42,-56,43,-61,49,-60,47,-63,44,-58,45,-62,45,-60,38,-67,43,-65,49,-63,48,-67,0,0]"
CSI_DATA,274,2a:00:00:00:00:00,-38,11,1,0,1,1,1,0,0,0,1,-96,0,11,2,3899397,0,44,0,384,0,"[0,0,0,0,0,0,0,0,0,0,0,0,12,5,11,5,12,5,11,5,11,5,11,4,10,4,10,3,10,3,9,4,9,3,9,3,9,3,8,3,8,3,9,2,8,1,8,1,8,1,8,1,7,1,8,1,8,0,7,1,7,1,7,0,0,0,7,0,7,1,7,1,7,1,7,1,6,2,6,1,6,2,6,1,5,2,5,2,4,2,4,3,4,3,4,2,3,2,3,3,2,2,2,2,2,2,1,2,1,2,0,2,0,2,0,2,0,1,0,0,0,0,0,0,0,0,0,0,0,0,0,0,-21,-75,-28,-73,-22,-75,-22,-75,-28,-72,-25,-71,-20,-65,-22,-69,-20,-62,-23,-59,-19,-60,-21,-55,-21,-58,-20,-54,-21,-50,-28,-51,-22,-50,-24,-50,-25,-47,-26,-43,-29,-39,-25,-42,-26,-36,-26,-36,-24,-36,-26,-36,-24,-35,-30,-34,-26,-35,-29,-34,-30,-37,-29,-32,-26,-31,-22,-34,-23,-27,-20,-31,-17,-31,-16,-31,-19,-36,-13,-30,-14,-31,-14,-28,-12,-29,-11,-27,-5,-30,-6,-25,-5,-23,-5,-25,-3,-21,0,-22,3,-18,2,-17,7,-15,6,-16,7,-12,6,-13,7,-10,0,0,0,0,0,0,0,0,0,0,0,0,0,0,0,0,0,0,0,0,0,0,29,-1,28,0,34,3,31,6,32,4,30,4,31,5,38,7,39,12,38,7,43,5,42,4,46,5,46,9,48,7,47,9,50,8,53,9,50,5,52,9,51,11,55,9,54,3,55,8,55,5,54,7,59,10,62,5,56,4,61,6,59,5,60,7,61,2,64,4,64,1,66,-2,60,-1,63,-9,64,-10,66,-11,72,-12,64,-11,69,-17,68,-18,70,-16,63,-22,70,-19,66,-19,76,-23,75,-24,68,-22,72,-30,79,-26,67,-25,76,-24,76,-30,80,-28,0,0]"
CSI_DATA,275,2a:00:00:00:00:00,-37,11,1,0,1,1,1,0,0,0,1,-96,0,11,2,3919539,0,44,0,384,0,"[0,0,0,0,0,0,0,0,0,0,0,0,7,-12,6,-12,6,-12,6,-12,5,-11,6,-11,5,-11,5,-10,5,-10,4,-10,5,-10,4,-9,3,-10,3,-9,3,-9,3,-9,3,-9,3,-9,2,-9,2,-8,2,-8,2,-8,2,-8,1,-8,2,-8,2,-8,0,0,2,-8,2,-8,2,-8,3,-8,2,-7,2,-7,2,-7,2,-6,3,-6,3,-6,3,-6,3,-5,3,-5,3,-4,4,-4,3,-3,3,-3,3,-3,3,-2,3,-2,3,-2,2,-1,2,-1,2,-1,2,0,2,0,0,0,0,0,0,0,0,0,0,0,0,0,0,0,-73,41,-71,31,-68,29,-71,36,-65,34,-63,31,-63,33,-57,27,-60,29,-58,23,-58,23,-51,26,-53,26,-46,30,-49,23,-52,29,-44,24,-44,28,-39,28,-40,26,-42,30,-37,25,-34,31,-29,27,-31,29,-29,30,-35,27,-32,31,-35,27,-32,25,-33,26,-35,20,-32,23,-30,26,-31,21,-29,21,-30,20,-27,25,-32,19,-28,14,-31,13,-35,9,-29,12,-28,10,-25,7,-29,5,-29,-1,-22,1,-23,4,-23,1,-23,0,-17,-2,-17,1,-17,-7,-13,-8,-17,-9,-10,-10,0,0,0,0,0,0,0,0,0,0,0,0,0,0,0,0,0,0,0,0,0,0,-9,-29,-1,-31,-3,-32,-3,-33,-6,-34,-5,-38,-5,-33,-7,-36,-5,-40,-5,-39,1,-42,-6,-45,-5,-45,-9,-45,-3,-48,-2,-50,-7,-51,-3,-50,-8,-51,-4,-55,-8,-56,-8,-57,-5,-59,-2,-57,-4,-57,-7,-57,-4,-61,-7,-58,-10,-64,-10,-64,-10,-63,-10,-60,-14,-60,-15,-60,-20,-64,-17,-63,-14,-68,-19,-63,-22,-69,-27,-63,-21,-66,-32,-66,-25,-61,-30,-63,-25,-60,-39,-65,-34,-66,-39,-63,-43,-67,-37,-70,-39,-65,-36,-71,-39,-68,-38,-66,-36,-73,-42,-74,-43,-74,0,0]"
CSI_DATA,276,2a:00:00:00:00:00,-37,11,1,0,1,1,1,0,0,0,1,-96,0,11,2,3929420,0,44,0,384,0,"[0,0,0,0,0,0,0,0,0,0,0,0,7,11,6,11,6,11,6,11,6,11,6,10,6,9,6,9,5,9,6,9,6,8,6,8,6,8,6,8,5,7,6,7,6,6,5,6,6,6,5,6,5,6,5,6,5,5,6,5,5,5,6,5,0,0,5,5,5,6,5,5,5,5,4,5,4,5,4,5,4,5,3,5,3,5,3,5,2,5,2,5,2,4,1,4,1,4,1,4,0,4,0,3,-1,3,-1,3,-1,3,-1,3,-1,2,-2,2,-2,1,0,0,0,0,0,0,0,0,0,0,0,0,0,0,26,-71,28,-76,25,-68,27,-66,27,-67,25,-62,24,-66,20,-63,22,-63,18,-59,22,-53,15,-59,18,-53,17,-53,11,-52,11,-52,13,-51,8,-49,10,-48,9,-45,5,-46,5,-42,4,-44,6,-41,6,-46,4,-37,-1,-43,3,-43,3,-40,1,-45,-1,-41,1,-41,1,-43,4,-40,3,-35,2,-35,1,-37,4,-35,4,-37,9,-30,7,-31,10,-28,11,-28,10,-26,9,-25,16,-21,12,-23,13,-21,17,-18,13,-12,16,-12,15,-8,14,-10,16,-4,14,-9,13,0,12,-1,0,0,0,0,0,0,0,0,0,0,0,0,0,0,0,0,0,0,0,0,0,0,19,21,23,22,22,19,21,26,24,22,20,23,23,28,24,26,25,26,28,24,28,26,30,29,36,30,34,29,34,33,33,29,34,33,32,35,39,31,33,36,36,37,39,40,41,37,40,34,42,36,40,37,40,42,42,38,45,39,40,39,44,37,45,37,45,37,52,38,54,33,52,33,55,30,55,34,56,32,60,29,61,33,57,28,57,30,65,26,64,23,60,33,63,31,64,25,69,28,72,26,69,26,72,23,72,25,69,27,70,21,71,22,78,28,0,0]"
CSI_DATA,277,2a:00:00:00:00:00,-37,11,1,0,1,1,1,0,0,0,1,-96,0,11,2,3939435,0,44,0,384,0,"[0,0,0,0,0,0,0,0,0,0,0,0,6,12,6,11,6,12,5,12,5,11,5,10,5,10,5,9,5,9,5,9,5,9,5,8,5,8,5,8,5,8,5,7,5,6,5,6,5,6,5,6,5,6,5,6,5,5,5,5,5,6,5,5,0,0,5,5,5,6,5,5,5,5,4,5,4,5,4,5,3,5,3,5,3,5,2,5,2,5,1,5,1,5,1,4,1,4,1,4,0,4,0,3,-1,3,-1,3,-1,3,-1,2,-2,2,-2,2,-2,1,0,0,0,0,0,0,0,0,0,0,0,0,0,0,8,-77,9,-81,12,-74,7,-76,10,-75,11,-67,8,-77,5,-66,10,-72,9,-60,5,-63,8,-59,2,-60,7,-59,4,-55,2,-54,3,-56,3,-54,2,-47,-3,-49,-6,-45,-1,-50,-2,-46,-8,-46,-4,-43,-5,-46,-5,-44,-5,-47,-9,-46,-8,-41,-9,-44,-4,-41,-6,-44,-5,-43,-6,-37,-1,-40,2,-40,3,-39,-3,-38,3,-36,3,-33,7,-32,8,-33,5,-30,10,-28,8,-25,9,-22,12,-24,8,-18,14,-17,13,-16,11,-15,14,-16,13,-14,11,-8,8,-6,12,-2,0,0,0,0,0,0,0,0,0,0,0,0,0,0,0,0,0,0,0,0,0,0,29,12,28,12,24,13,26,15,28,15,30,15,31,15,34,16,31,19,36,14,35,20,37,15,40,22,44,22,39,18,43,17,40,21,43,26,44,19,49,27,50,27,50,26,52,26,54,24,52,29,49,26,50,27,56,26,57,26,54,25,52,20,55,21,58,26,60,25,58,25,62,17,65,18,64,16,65,17,64,14,62,18,67,12,68,15,70,16,64,9,77,6,74,5,73,7,79,13,78,5,82,2,77,3,75,6,78,9,85,9,79,9,84,7,0,0]"
CSI_DATA,278,2a:00:00:00:00:00,-37,11,1,0,1,1,1,0,0,0,1,-96,0,11,2,3949428,0,44,0,384,0,"[0,0,0,0,0,0,0,0,0,0,0,0,2,13,2,13,2,13,2,13,2,12,2,11,2,11,2,10,2,10,2,10,2,10,2,9,2,9,3,9,3,9,3,8,3,8,3,8,3,8,3,8,3,7,4,7,3,7,3,7,3,7,3,7,0,0,3,6,3,7,3,7,3,6,2,7,2,7,2,6,2,6,1,6,1,6,0,6,0,6,0,5,0,5,-1,5,-1,4,-1,4,-1,3,-1,3,-2,3,-2,3,-2,3,-2,2,-2,2,-2,1,-2,1,0,0,0,0,0,0,0,0,0,0,0,0,0,0,47,-57,54,-50,54,-58,46,-50,49,-53,50,-52,46,-54,46,-50,43,-48,42,-48,40,-43,36,-42,37,-44,35,-45,34,-41,32,-45,27,-44,31,-40,25,-43,26,-37,25,-41,21,-38,19,-42,19,-41,18,-41,20,-40,20,-39,12,-39,17,-42,18,-37,14,-37,16,-35,14,-35,15,-37,22,-32,21,-30,15,-33,20,-30,18,-28,19,-25,22,-24,22,-23,21,-24,18,-23,19,-23,21,-12,19,-11,18,-15,19,-9,17,-7,17,-6,16,-6,15,-5,14,2,13,-1,12,3,10,1,0,0,0,0,0,0,0,0,0,0,0,0,0,0,0,0,0,0,0,0,0,0,10,26,13,27,11,27,13,30,12,27,13,27,9,31,14,30,14,38,14,33,17,38,18,40,17,39,19,42,21,45,16,45,17,43,17,42,19,44,16,44,19,43,21,55,21,46,17,51,19,50,22,50,23,51,23,50,26,51,24,51,28,48,29,50,28,52,37,48,36,52,35,51,38,51,38,50,40,49,38,54,43,52,43,46,47,53,49,50,47,48,44,46,48,51,55,49,54,50,57,53,57,50,53,51,56,52,53,50,60,54,62,51,62,48,0,0]"
CSI_DATA,279,2a:00:00:00:00:00,-37,11,1,0,1,1,1,0,0,0,1,-96,0,11,2,3979397,0,44,0,384,0,"[0,0,0,0,0,0,0,0,0,0,0,0,-14,3,-13,3,-13,3,-13,3,-12,3,-12,3,-12,3,-11,3,-11,3,-10,3,-11,3,-10,3,-10,3,-9,3,-9,3,-9,4,-8,4,-8,4,-8,4,-7,4,-7,4,-7,4,-8,4,-7,4,-7,4,-8,4,0,0,-7,4,-7,4,-7,3,-7,4,-7,3,-7,3,-7,3,-6,2,-7,2,-7,2,-7,1,-6,1,-6,0,-6,0,-6,0,-6,0,-5,-1,-5,-1,-5,-1,-4,-1,-4,-2,-3,-2,-3,-2,-3,-2,-3,-2,-2,-2,0,0,0,0,0,0,0,0,0,0,0,0,0,0,72,29,67,32,71,30,71,28,67,35,66,28,66,24,64,29,65,28,59,28,53,23,58,24,56,20,53,22,53,22,49,19,51,18,46,16,43,16,46,12,44,10,42,15,45,9,44,12,39,13,41,6,43,6,46,5,41,7,42,4,41,9,43,11,39,8,36,10,37,11,31,11,36,12,35,12,35,18,32,16,28,17,27,14,28,12,22,18,21,18,19,17,18,15,14,18,14,20,14,15,9,16,8,18,5,14,2,17,4,13,3,16,-4,11,0,0,0,0,0,0,0,0,0,0,0,0,0,0,0,0,0,0,0,0,0,0,-18,26,-18,21,-19,26,-21,23,-20,25,-22,26,-23,25,-19,27,-21,32,-22,35,-20,36,-25,34,-23,38,-30,37,-31,38,-27,33,-33,39,-36,39,-34,42,-27,42,-29,44,-35,41,-35,44,-34,37,-34,43,-38,46,-35,44,-35,43,-38,47,-32,50,-39,51,-36,50,-36,53,-34,54,-36,51,-32,55,-32,56,-32,59,-31,59,-28,59,-31,64,-26,66,-31,65,-27,69,-27,65,-30,70,-22,68,-27,73,-27,72,-26,74,-24,75,-28,80,-29,77,-27,73,-27,77,-32,79,-30,80,0,0]"
CSI_DATA,280,2a:00:00:00:00:00,-37,11,1,0,1,1,1,0,0,0,1,-96,0,11,2,3989420,0,44,0,384,0,"[0,0,0,0,0,0,0,0,0,0,0,0,-12,7,-12,7,-11,7,-11,6,-11,6,-11,6,-11,6,-10,6,-10,6,-8,6,-9,6,-9,6,-8,6,-7,6,-7,6,-7,6,-7,6,-7,5,-6,6,-6,6,-6,5,-6,5,-6,6,-5,6,-5,6,-6,6,0,0,-6,6,-6,5,-6,5,-6,5,-6,4,-6,4,-6,4,-5,4,-6,3,-6,3,-6,3,-5,2,-5,2,-5,2,-5,1,-5,1,-5,0,-5,1,-5,0,-4,0,-4,-1,-3,-1,-3,-1,-3,-1,-3,-2,-3,-2,0,0,0,0,0,0,0,0,0,0,0,0,0,0,77,18,75,16,80,18,73,20,74,18,76,19,65,13,69,15,62,12,67,12,62,15,61,15,54,14,53,11,55,9,53,3,54,5,53,5,48,7,49,5,51,-1,47,5,48,-2,48,-2,45,0,39,-4,43,-2,43,-4,41,-4,44,-5,43,-4,43,-4,40,-4,42,1,39,-3,43,1,38,1,36,8,33,4,33,4,35,9,31,6,28,8,29,9,26,10,25,10,20,11,20,12,18,9,18,13,13,12,12,12,7,19,5,13,9,12,6,11,5,11,0,0,0,0,0,0,0,0,0,0,0,0,0,0,0,0,0,0,0,0,0,0,-20,24,-17,26,-18,25,-20,26,-17,26,-22,29,-26,24,-22,30,-21,31,-27,31,-27,31,-26,33,-25,35,-29,38,-30,38,-32,40,-29,43,-33,41,-30,45,-37,39,-34,38,-33,40,-32,43,-38,46,-36,40,-36,45,-34,48,-34,50,-32,47,-34,51,-33,51,-36,55,-35,48,-33,52,-35,50,-28,56,-34,57,-27,61,-27,58,-24,62,-26,66,-21,65,-25,66,-19,64,-25,72,-18,74,-22,71,-19,73,-21,73,-18,74,-17,72,-18,77,-23,79,-20,72,-21,81,-25,85,-20,78,0,0]"
CSI_DATA,281,2a:00:00:00:00:00,-37,11,1,0,1,1,1,0,0,0,1,-96,0,11,2,4019775,0,44,0,384,0,"[0,0,0,0,0,0,0,0,0,0,0,0,-5,-13,-5,-13,-5,-13,-5,-13,-5,-12,-5,-11,-5,-11,-5,-11,-5,-10,-5,-10,-5,-10,-5,-9,-5,-9,-5,-9,-5,-9,-5,-8,-5,-8,-5,-7,-6,-8,-6,-7,-6,-7,-6,-7,-6,-6,-6,-7,-6,-7,-6,-6,0,0,-6,-7,-5,-7,-5,-7,-5,-6,-5,-7,-5,-7,-4,-7,-4,-6,-4,-6,-3,-6,-3,-6,-2,-6,-2,-6,-2,-6,-1,-5,-1,-5,-1,-5,-1,-5,0,-4,0,-4,0,-4,0,-4,0,-3,1,-3,1,-3,1,-2,0,0,0,0,0,0,0,0,0,0,0,0,0,0,-43,68,-40,61,-41,65,-41,63,-34,62,-37,57,-35,58,-33,56,-34,54,-31,51,-30,50,-25,48,-23,50,-27,49,-23,47,-20,45,-24,47,-17,46,-18,42,-15,44,-16,47,-14,44,-8,46,-14,46,-9,39,-10,36,-11,42,-8,44,-7,39,-9,43,-10,37,-12,35,-10,40,-10,38,-17,35,-14,36,-9,35,-13,32,-14,33,-15,30,-17,27,-16,26,-16,26,-15,25,-19,22,-19,17,-20,16,-17,15,-16,10,-18,11,-14,6,-18,8,-17,6,-18,2,-18,3,-13,2,-14,-1,0,0,0,0,0,0,0,0,0,0,0,0,0,0,0,0,0,0,0,0,0,0,-21,-20,-17,-22,-19,-20,-22,-27,-20,-27,-21,-27,-24,-27,-24,-28,-25,-28,-22,-31,-28,-29,-27,-31,-30,-34,-31,-30,-33,-38,-29,-37,-33,-39,-30,-39,-34,-38,-33,-43,-34,-41,-31,-43,-34,-45,-37,-44,-37,-40,-41,-42,-35,-41,-40,-41,-38,-42,-45,-45,-38,-42,-47,-40,-42,-46,-46,-41,-49,-42,-44,-41,-50,-39,-49,-40,-54,-36,-56,-33,-56,-39,-56,-41,-56,-41,-60,-38,-59,-37,-63,-39,-66,-37,-65,-34,-66,-39,-66,-34,-65,-35,-68,-30,-70,-35,-66,-29,-76,-36,-77,-39,-70,-37,0,0]"
CSI_DATA,282,2a:00:00:00:00:00,-37,11,1,0,1,1,1,0,0,0,1,-96,0,11,2,4031538,0,44,0,384,0,"[0,0,0,0,0,0,0,0,0,0,0,0,-6,-13,-6,-12,-6,-12,-6,-12,-6,-12,-6,-11,-5,-11,-5,-10,-5,-10,-5,-10,-5,-10,-6,-9,-6,-9,-5,-9,-5,-8,-6,-8,-6,-8,-6,-7,-6,-7,-6,-7,-5,-7,-6,-7,-6,-7,-6,-7,-6,-7,-6,-7,0,0,-5,-7,-5,-7,-5,-7,-5,-6,-4,-7,-4,-7,-4,-7,-4,-7,-3,-6,-3,-6,-3,-6,-2,-6,-2,-6,-2,-6,-1,-5,-1,-5,-1,-5,0,-4,0,-4,0,-4,1,-4,1,-4,1,-3,1,-3,1,-2,1,-2,0,0,0,0,0,0,0,0,0,0,0,0,0,0,-8,87,-5,74,-8,80,-10,67,-10,63,-14,69,-9,65,-11,67,-11,63,-8,63,-7,59,-1,56,1,54,-3,54,-9,51,-5,51,-7,56,2,50,-1,46,-6,44,0,46,1,39,3,44,4,44,2,41,3,41,4,38,3,44,6,40,2,40,2,40,0,41,2,40,2,40,-2,35,0,40,-1,35,-4,36,-4,37,-6,32,-9,31,-11,30,-14,30,-9,25,-12,27,-10,21,-15,19,-10,20,-14,17,-13,14,-15,15,-13,14,-13,8,-15,7,-11,7,-15,2,-14,0,0,0,0,0,0,0,0,0,0,0,0,0,0,0,0,0,0,0,0,0,0,0,-30,-10,-29,-9,-31,-12,-32,-11,-31,-8,-33,-10,-31,-11,-38,-9,-33,-12,-32,-13,-37,-14,-40,-14,-40,-14,-42,-17,-47,-12,-42,-14,-47,-19,-44,-16,-46,-20,-51,-19,-50,-17,-48,-22,-47,-20,-51,-23,-50,-22,-54,-21,-52,-23,-52,-21,-54,-22,-59,-25,-54,-18,-60,-23,-56,-17,-59,-18,-60,-15,-60,-17,-63,-11,-66,-19,-60,-13,-64,-12,-71,-16,-63,-12,-68,-12,-65,-7,-71,-11,-74,-8,-71,-5,-73,-6,-76,-10,-76,-2,-75,-7,-75,-9,-78,-11,-76,-6,-81,-6,-84,-5,-79,-8,0,0]"
CSI_DATA,283,2a:00:00:00:00:00,-37,11,1,0,1,1,1,0,0,0,1,-96,0,11,2,4039758,0,44,0,384,0,"[0,0,0,0,0,0,0,0,0,0,0,0,6,-12,6,-12,5,-11,6,-12,5,-11,6,-11,5,-10,5,-10,5,-10,3,-10,4,-10,3,-10,3,-10,2,-9,2,-9,2,-9,2,-9,2,-8,1,-9,1,-9,1,-8,1,-8,1,-8,0,-9,0,-9,1,-8,0,0,1,-8,1,-8,1,-8,1,-7,1,-8,1,-7,2,-7,2,-7,2,-6,2,-6,3,-6,2,-5,2,-5,2,-5,3,-4,3,-4,2,-4,3,-3,3,-3,3,-2,3,-2,2,-2,2,-1,2,-1,2,-1,2,0,0,0,0,0,0,0,0,0,0,0,0,0,0,0,-81,14,-81,17,-80,16,-76,4,-74,18,-73,14,-68,16,-69,13,-60,13,-67,13,-61,6,-67,6,-57,11,-55,14,-53,17,-52,17,-53,17,-48,19,-48,24,-42,14,-45,18,-41,18,-40,21,-36,19,-36,18,-42,15,-38,18,-42,23,-32,21,-39,20,-37,19,-38,16,-35,19,-36,19,-37,18,-38,12,-30,11,-32,14,-36,6,-38,5,-31,5,-38,8,-32,7,-33,5,-24,5,-28,-3,-27,-2,-22,-1,-26,-8,-20,-8,-23,-7,-16,-7,-18,-7,-17,-12,-11,-5,-11,-10,-13,-14,0,0,0,0,0,0,0,0,0,0,0,0,0,0,0,0,0,0,0,0,0,0,4,-32,6,-31,9,-32,10,-29,8,-35,6,-36,8,-34,7,-31,11,-37,6,-37,10,-38,10,-44,6,-44,9,-47,8,-46,10,-46,10,-52,11,-51,10,-53,15,-51,13,-49,16,-54,14,-54,14,-53,12,-52,16,-60,14,-59,13,-59,12,-61,7,-59,8,-59,11,-60,9,-59,11,-63,10,-64,9,-66,0,-66,0,-64,-1,-63,-1,-70,-6,-72,-5,-68,-5,-71,-7,-72,-6,-73,-7,-80,-7,-76,-9,-76,-10,-79,-10,-71,-16,-84,-16,-79,-17,-86,-12,-74,-17,-81,-18,-82,-17,-82,0,0]"
CSI_DATA,284,2a:00:00:00:00:00,-37,11,1,0,1,1,1,0,0,0,1,-96,0,11,2,4050891,0,44,0,384,0,"[0,0,0,0,0,0,0,0,0,0,0,0,1,13,1,12,1,13,1,12,1,12,1,11,1,11,1,10,1,10,1,10,2,10,2,9,2,9,2,9,2,8,2,8,2,8,2,8,3,8,3,8,2,7,3,8,3,7,3,7,3,7,3,7,0,0,2,7,2,7,2,7,2,7,2,7,2,7,1,6,1,6,0,6,0,6,0,6,0,5,-1,5,-1,5,-1,5,-1,4,-2,4,-2,3,-2,3,-2,3,-2,2,-2,2,-2,2,-2,2,-2,1,-2,1,0,0,0,0,0,0,0,0,0,0,0,0,0,0,42,-68,44,-56,46,-64,43,-57,44,-54,41,-54,38,-52,41,-54,36,-54,42,-47,34,-42,33,-47,35,-46,32,-51,27,-46,30,-46,25,-47,22,-42,28,-44,21,-41,19,-44,22,-39,20,-43,19,-38,17,-40,18,-40,18,-36,12,-44,13,-40,13,-38,16,-39,18,-38,18,-38,17,-37,16,-35,15,-36,17,-33,19,-34,23,-31,22,-25,22,-27,19,-21,23,-23,19,-19,19,-21,24,-13,23,-12,20,-12,21,-11,18,-8,19,-6,15,-5,17,-4,15,-1,9,-3,10,2,12,6,0,0,0,0,0,0,0,0,0,0,0,0,0,0,0,0,0,0,0,0,0,0,19,24,17,22,16,24,20,26,18,23,19,27,21,27,17,28,21,28,20,31,21,35,26,34,24,34,26,37,29,40,23,38,29,42,26,40,28,42,29,41,25,41,30,48,30,43,35,44,28,48,33,44,29,48,33,47,31,44,36,51,29,46,40,46,35,42,42,46,40,44,39,45,36,42,44,44,48,46,49,47,49,49,49,39,54,47,50,41,52,44,58,42,54,44,57,40,61,40,59,39,57,39,62,45,62,45,59,41,69,47,73,45,63,45,0,0]"
CSI_DATA,285,2a:00:00:00:00:00,-37,11,1,0,1,1,1,0,0,0,1,-96,0,11,2,4059433,0,44,0,384,0,"[0,0,0,0,0,0,0,0,0,0,0,0,-11,-9,-11,-8,-10,-9,-10,-9,-10,-8,-10,-8,-9,-8,-9,-7,-9,-7,-9,-7,-9,-6,-9,-6,-9,-6,-8,-6,-8,-5,-9,-5,-8,-4,-8,-4,-8,-4,-8,-4,-8,-4,-8,-4,-8,-4,-8,-3,-8,-4,-8,-3,0,0,-8,-4,-7,-4,-7,-4,-7,-4,-7,-4,-7,-4,-6,-4,-6,-4,-6,-5,-6,-4,-5,-4,-5,-5,-4,-5,-4,-5,-4,-4,-3,-4,-3,-4,-2,-4,-2,-4,-2,-4,-1,-4,-1,-4,-1,-4,0,-3,0,-3,0,-3,0,0,0,0,0,0,0,0,0,0,0,0,0,0,10,73,6,71,6,78,8,65,0,70,5,64,5,68,1,64,2,62,5,63,2,53,9,61,6,59,10,57,9,52,10,52,7,52,12,48,11,45,12,43,14,48,13,42,16,42,10,42,13,40,15,38,16,40,14,39,14,39,13,38,13,36,15,33,16,35,14,41,9,35,9,36,11,35,9,38,11,36,4,32,2,30,2,32,-2,30,-2,31,-5,27,-5,27,-8,25,-5,23,-8,23,-8,14,-8,17,-11,16,-8,12,-12,11,-13,12,-13,8,-12,3,0,0,0,0,0,0,0,0,0,0,0,0,0,0,0,0,0,0,0,0,0,0,-28,-8,-30,-10,-31,-10,-31,-14,-32,-12,-31,-15,-32,-13,-34,-13,-34,-12,-34,-7,-41,-14,-40,-11,-43,-19,-40,-13,-44,-13,-46,-11,-46,-14,-47,-15,-49,-17,-54,-20,-50,-15,-47,-15,-50,-17,-51,-19,-51,-20,-54,-20,-55,-18,-55,-16,-55,-16,-57,-17,-59,-18,-59,-14,-60,-15,-61,-9,-63,-15,-62,-8,-61,-6,-62,-11,-66,-4,-66,-4,-66,-4,-67,5,-68,-2,-69,0,-68,2,-71,11,-71,5,-69,8,-76,7,-73,11,-78,3,-71,6,-74,9,-74,2,-79,7,-84,7,-78,6,0,0]"
CSI_DATA,286,2a:00:00:00:00:00,-37,11,1,0,1,1,1,0,0,0,1,-96,0,11,2,4071132,0,44,0,384,0,"[0,0,0,0,0,0,0,0,0,0,0,0,-2,-14,-2,-13,-2,-14,-2,-13,-2,-13,-1,-12,-2,-12,-2,-12,-2,-11,-2,-11,-2,-11,-3,-10,-3,-10,-3,-10,-3,-10,-3,-10,-3,-9,-3,-9,-3,-9,-3,-9,-3,-8,-3,-9,-3,-8,-4,-8,-4,-8,-3,-8,0,0,-4,-8,-3,-8,-3,-8,-3,-7,-2,-7,-2,-8,-2,-7,-2,-7,-1,-7,-1,-7,-1,-6,-1,-6,0,-6,0,-6,0,-5,1,-5,0,-5,1,-4,1,-4,1,-4,1,-3,1,-3,1,-3,1,-2,2,-2,1,-2,0,0,0,0,0,0,0,0,0,0,0,0,0,0,-58,50,-58,44,-59,49,-58,49,-55,45,-57,44,-54,42,-53,45,-49,42,-50,46,-45,37,-48,37,-44,35,-42,40,-40,39,-37,35,-39,40,-34,39,-37,39,-30,35,-28,35,-28,37,-31,37,-29,35,-24,40,-27,41,-23,36,-25,37,-22,35,-24,34,-27,33,-24,37,-19,34,-24,32,-24,30,-25,28,-24,29,-25,30,-26,26,-24,20,-26,17,-28,20,-25,20,-27,16,-29,18,-24,8,-24,13,-21,7,-24,5,-22,4,-20,2,-22,1,-20,0,-16,0,-16,-1,-12,-2,-12,-10,0,0,0,0,0,0,0,0,0,0,0,0,0,0,0,0,0,0,0,0,0,0,-9,-30,-9,-31,-7,-31,-9,-28,-8,-29,-9,-33,-11,-33,-11,-37,-10,-36,-10,-37,-7,-40,-9,-46,-15,-46,-12,-45,-16,-44,-11,-47,-16,-50,-14,-49,-15,-50,-15,-48,-14,-49,-16,-51,-18,-52,-13,-55,-14,-55,-16,-58,-16,-58,-19,-59,-19,-59,-22,-57,-20,-51,-23,-60,-23,-58,-26,-57,-26,-57,-30,-60,-28,-59,-31,-57,-31,-56,-32,-59,-36,-59,-35,-59,-35,-64,-43,-58,-41,-60,-45,-54,-46,-57,-48,-59,-47,-60,-50,-61,-49,-59,-53,-61,-55,-64,-51,-61,-55,-62,-55,-67,-58,-62,0,0]"
CSI_DATA,287,2a:00:00:00:00:00,-37,11,1,0,1,1,1,0,0,0,1,-96,0,11,2,4089397,0,44,0,384,0,"[0,0,0,0,0,0,0,0,0,0,0,0,3,-14,3,-13,2,-14,3,-13,2,-13,3,-12,2,-12,2,-12,2,-11,1,-12,2,-11,2,-10,1,-11,1,-10,0,-10,0,-10,0,-10,0,-9,-1,-9,-1,-9,-1,-9,-1,-9,-1,-9,-1,-9,-1,-9,-1,-9,0,0,-1,-9,-1,-9,-1,-8,0,-8,-1,-8,0,-8,0,-8,0,-7,1,-7,1,-7,1,-6,1,-6,2,-6,1,-6,2,-5,2,-5,2,-5,2,-4,2,-4,2,-3,2,-3,2,-3,2,-2,2,-2,2,-1,2,-1,0,0,0,0,0,0,0,0,0,0,0,0,0,0,-55,48,-59,45,-57,44,-61,45,-59,47,-54,45,-52,43,-49,43,-49,39,-54,40,-49,36,-47,36,-43,36,-38,38,-39,37,-43,33,-35,37,-34,34,-33,35,-30,35,-32,37,-31,32,-26,38,-26,33,-31,31,-24,37,-22,34,-25,33,-25,30,-24,35,-29,37,-26,31,-19,26,-24,33,-23,27,-23,28,-24,24,-23,24,-24,21,-24,21,-29,22,-24,16,-25,16,-27,17,-23,12,-23,8,-26,7,-24,9,-21,6,-22,5,-20,2,-15,1,-15,-2,-15,-2,-13,-3,-15,-7,-11,-7,0,0,0,0,0,0,0,0,0,0,0,0,0,0,0,0,0,0,0,0,0,0,-14,-28,-13,-28,-12,-28,-12,-28,-13,-28,-15,-32,-13,-33,-12,-33,-14,-37,-16,-33,-16,-38,-18,-39,-19,-42,-18,-43,-16,-44,-13,-41,-16,-48,-17,-46,-18,-48,-16,-51,-16,-51,-18,-52,-20,-53,-22,-53,-18,-50,-24,-56,-22,-55,-23,-55,-26,-55,-28,-56,-26,-54,-26,-52,-23,-55,-28,-53,-28,-56,-26,-55,-30,-55,-37,-54,-34,-52,-42,-57,-38,-57,-40,-53,-41,-59,-43,-54,-46,-54,-48,-55,-43,-56,-48,-56,-51,-55,-45,-56,-54,-60,-49,-59,-52,-54,-55,-61,-56,-60,-58,-64,-60,-61,0,0]"
CSI_DATA,288,2a:00:00:00:00:00,-37,11,1,0,1,1,1,0,0,0,1,-96,0,11,2,4099941,0,44,0,384,0,"[0,0,0,0,0,0,0,0,0,0,0,0,-13,-7,-12,-6,-12,-6,-12,-7,-11,-6,-11,-6,-11,-5,-11,-5,-10,-5,-10,-5,-10,-4,-10,-4,-10,-4,-9,-4,-9,-4,-10,-3,-9,-3,-9,-3,-9,-3,-9,-2,-8,-3,-9,-3,-8,-2,-8,-2,-8,-2,-9,-1,0,0,-8,-2,-8,-2,-8,-2,-8,-2,-7,-2,-7,-3,-7,-3,-7,-3,-7,-3,-6,-3,-6,-3,-6,-4,-5,-3,-5,-4,-4,-3,-4,-3,-4,-4,-3,-3,-3,-4,-3,-4,-2,-4,-2,-4,-1,-3,-1,-3,-1,-3,-1,-3,0,0,0,0,0,0,0,0,0,0,0,0,0,0,21,83,16,73,16,73,13,71,16,72,19,68,13,67,10,67,13,62,15,62,13,60,16,59,13,55,17,54,17,47,23,48,16,53,17,47,19,46,13,45,23,44,19,43,21,45,21,39,18,41,19,40,23,35,24,39,23,36,21,33,22,34,19,37,19,36,20,35,19,34,11,33,15,37,14,35,13,38,8,37,8,31,9,33,3,30,5,28,5,29,1,26,0,21,-4,24,0,21,-6,19,-7,21,-7,13,-8,17,-7,14,-10,10,-11,13,-10,9,0,0,0,0,0,0,0,0,0,0,0,0,0,0,0,0,0,0,0,0,0,0,-30,1,-33,-1,-31,-9,-35,-7,-32,-7,-31,-3,-34,-5,-37,-6,-37,-7,-40,-3,-46,-5,-47,-4,-44,-2,-47,-5,-48,-8,-45,-3,-53,-9,-47,-7,-50,-5,-55,-11,-56,-6,-59,-14,-58,-10,-57,-8,-55,-8,-61,-11,-62,-5,-62,-8,-58,-6,-62,-9,-58,-6,-62,-5,-60,-1,-60,3,-66,0,-69,0,-61,1,-66,3,-66,7,-70,7,-72,6,-69,6,-69,12,-71,11,-67,9,-76,17,-72,12,-71,16,-74,15,-75,17,-75,20,-73,19,-79,22,-73,21,-80,19,-84,22,-81,20,0,0]"
CSI_DATA,289,2a:00:00:00:00:00,-37,11,1,0,1,1,1,0,0,0,1,-96,0,11,2,4109406,0,44,0,384,0,"[0,0,0,0,0,0,0,0,0,0,0,0,6,-12,6,-12,5,-12,5,-12,5,-11,5,-11,5,-11,5,-10,4,-10,4,-10,4,-10,4,-10,3,-10,3,-9,2,-9,3,-9,2,-9,2,-9,1,-9,1,-9,1,-8,1,-9,2,-9,1,-8,1,-8,1,-8,0,0,1,-8,1,-8,1,-8,2,-8,1,-7,1,-7,2,-7,2,-7,2,-6,3,-6,3,-6,2,-6,3,-5,2,-5,3,-4,3,-4,3,-4,3,-3,3,-3,3,-2,3,-2,2,-2,2,-1,2,-1,2,-1,2,0,0,0,0,0,0,0,0,0,0,0,0,0,0,0,-69,38,-71,36,-65,33,-69,32,-66,36,-64,29,-57,31,-59,31,-61,30,-59,32,-54,30,-54,27,-55,32,-51,27,-48,30,-41,28,-42,31,-45,32,-40,25,-39,30,-35,32,-38,33,-29,33,-32,30,-39,29,-27,29,-30,30,-29,33,-30,34,-32,31,-26,30,-26,31,-26,28,-31,26,-32,26,-26,29,-30,27,-27,24,-27,20,-30,19,-28,21,-30,19,-28,19,-27,13,-27,10,-29,9,-29,7,-22,2,-23,3,-25,1,-23,1,-20,-3,-18,-4,-17,-8,-14,-7,-12,-7,-12,-5,0,0,0,0,0,0,0,0,0,0,0,0,0,0,0,0,0,0,0,0,0,0,-2,-30,0,-31,1,-30,0,-33,-6,-32,1,-32,2,-33,-3,-35,-2,-38,0,-40,1,-39,-3,-43,-2,-44,-1,-48,-2,-50,0,-52,0,-50,1,-53,0,-54,0,-55,-1,-53,1,-58,3,-55,-3,-59,-3,-59,-7,-60,-4,-59,-3,-64,-7,-60,-4,-60,-6,-59,-8,-58,-7,-60,-9,-63,-8,-65,-12,-68,-14,-63,-20,-64,-17,-65,-21,-64,-20,-64,-22,-66,-24,-63,-28,-68,-25,-64,-29,-63,-29,-68,-30,-69,-34,-69,-33,-71,-35,-64,-38,-71,-34,-72,-38,-66,-42,-73,-41,-69,-36,-70,0,0]"
CSI_DATA,290,2a:00:00:00:00:00,-37,11,1,0,1,1,1,0,0,0,1,-96,0,11,2,4119416,0,44,0,384,0,"[0,0,0,0,0,0,0,0,0,0,0,0,6,-12,6,-12,6,-12,6,-11,5,-11,5,-11,5,-10,5,-10,5,-10,4,-10,4,-10,4,-10,3,-10,3,-9,3,-9,3,-9,2,-9,2,-9,2,-9,2,-9,2,-9,2,-8,2,-8,1,-9,1,-9,1,-8,0,0,2,-8,2,-8,2,-8,2,-8,2,-7,2,-7,2,-7,2,-6,3,-6,3,-6,3,-6,2,-5,3,-5,3,-5,3,-4,3,-4,3,-4,3,-3,3,-3,3,-2,3,-2,2,-2,2,-1,2,-1,2,-1,2,0,0,0,0,0,0,0,0,0,0,0,0,0,0,0,-76,4,-75,3,-73,4,-71,2,-73,11,-71,8,-71,10,-64,8,-60,7,-62,4,-61,3,-58,6,-58,6,-52,9,-55,12,-52,11,-50,8,-51,10,-44,16,-47,10,-45,12,-46,16,-42,17,-41,15,-40,13,-41,17,-41,15,-41,15,-35,17,-38,19,-40,15,-37,19,-35,12,-38,16,-34,12,-34,13,-33,12,-34,10,-34,9,-31,6,-34,5,-31,3,-30,0,-30,1,-26,-1,-27,-2,-30,-4,-24,-1,-25,-7,-20,-9,-18,-8,-20,-10,-17,-8,-10,-9,-15,-8,-11,-9,-10,-12,0,0,0,0,0,0,0,0,0,0,0,0,0,0,0,0,0,0,0,0,0,0,10,-28,12,-30,14,-31,9,-28,12,-29,10,-31,13,-27,11,-28,13,-38,13,-38,13,-35,14,-42,16,-43,15,-41,16,-45,17,-43,17,-47,18,-45,16,-46,17,-49,16,-50,18,-51,19,-51,17,-50,20,-50,17,-54,19,-54,21,-56,16,-54,16,-55,16,-58,17,-57,13,-57,13,-60,8,-63,9,-63,10,-60,8,-63,6,-66,6,-64,4,-70,1,-67,1,-67,-2,-73,-1,-66,0,-71,1,-72,-6,-70,-7,-73,-6,-73,-5,-75,-11,-81,-9,-80,-13,-77,-8,-75,-6,-84,-9,-83,0,0]"
CSI_DATA,291,2a:00:00:00:00:00,-37,11,1,0,1,1,1,0,0,0,1,-96,0,11,2,4129388,0,44,0,384,0,"[0,0,0,0,0,0,0,0,0,0,0,0,12,-7,11,-7,11,-7,10,-7,10,-6,10,-6,10,-6,9,-6,9,-6,8,-6,9,-6,8,-6,7,-6,7,-6,7,-6,7,-7,6,-7,6,-6,5,-6,5,-6,6,-6,5,-6,6,-7,5,-7,5,-6,5,-6,0,0,5,-6,5,-6,5,-6,5,-6,5,-5,5,-5,5,-5,5,-4,5,-4,6,-4,5,-3,5,-3,4,-3,4,-2,5,-2,4,-2,4,-1,4,-1,4,-1,3,0,3,0,3,0,2,0,2,0,2,0,2,1,0,0,0,0,0,0,0,0,0,0,0,0,0,0,-79,-25,-72,-26,-74,-22,-72,-19,-74,-23,-70,-26,-68,-22,-65,-18,-67,-22,-65,-21,-62,-20,-58,-15,-59,-17,-53,-13,-57,-10,-54,-10,-55,-8,-50,-8,-51,-7,-51,-5,-47,-3,-49,3,-46,-3,-46,0,-42,-3,-47,0,-45,0,-45,-3,-39,1,-46,2,-47,-1,-43,3,-39,-2,-39,0,-41,1,-35,-8,-40,-8,-37,-9,-37,-8,-38,-6,-34,-7,-34,-7,-26,-12,-33,-10,-25,-12,-23,-15,-22,-14,-23,-14,-17,-17,-21,-16,-16,-13,-7,-14,-8,-15,-9,-14,-4,-14,-2,-12,-8,-14,0,0,0,0,0,0,0,0,0,0,0,0,0,0,0,0,0,0,0,0,0,0,20,-23,21,-22,18,-24,23,-27,24,-25,17,-23,23,-29,22,-29,25,-28,26,-29,24,-31,23,-35,27,-39,25,-36,29,-43,28,-36,32,-41,32,-40,32,-41,34,-41,34,-42,38,-45,32,-44,35,-41,36,-43,33,-46,37,-47,38,-49,35,-45,35,-50,32,-49,34,-54,33,-50,33,-55,26,-54,33,-58,32,-55,31,-57,28,-58,29,-61,30,-63,26,-62,29,-65,24,-66,24,-67,19,-69,18,-71,22,-72,19,-77,24,-73,17,-74,20,-82,20,-84,20,-75,19,-82,21,-77,18,-77,0,0]"
CSI_DATA,292,2a:00:00:00:00:00,-37,11,1,0,1,1,1,0,0,0,1,-96,0,11,2,4139496,0,44,0,384,0,"[0,0,0,0,0,0,0,0,0,0,0,0,-6,-13,-6,-12,-6,-13,-5,-12,-6,-12,-5,-11,-5,-11,-5,-10,-5,-10,-5,-10,-5,-10,-5,-9,-5,-9,-5,-9,-5,-9,-6,-9,-5,-8,-5,-8,-6,-7,-6,-8,-5,-7,-6,-7,-5,-7,-6,-7,-6,-7,-5,-6,0,0,-5,-7,-6,-7,-5,-7,-5,-7,-4,-7,-4,-7,-4,-7,-4,-7,-3,-6,-3,-6,-2,-6,-2,-6,-2,-6,-2,-6,-1,-5,-1,-5,-1,-5,0,-4,0,-4,0,-4,0,-4,0,-4,1,-3,1,-3,1,-2,1,-2,0,0,0,0,0,0,0,0,0,0,0,0,0,0,-29,75,-27,75,-29,75,-23,72,-23,68,-23,68,-24,70,-27,62,-21,60,-21,59,-24,61,-19,54,-17,55,-17,58,-14,52,-11,51,-10,56,-9,51,-9,50,-10,49,-7,51,-8,45,-3,47,-2,44,-1,43,-9,47,-3,44,-2,43,1,42,1,42,-3,41,-3,40,-5,39,0,40,-3,36,-7,40,-4,37,-7,34,-4,35,-8,34,-11,30,-13,28,-9,26,-10,25,-13,28,-15,21,-16,21,-15,21,-19,16,-16,10,-19,17,-16,11,-15,10,-17,6,-13,4,-15,3,-10,4,0,0,0,0,0,0,0,0,0,0,0,0,0,0,0,0,0,0,0,0,0,0,-26,-20,-22,-23,-23,-21,-21,-24,-25,-25,-23,-23,-24,-23,-26,-25,-26,-23,-29,-24,-30,-26,-35,-32,-33,-28,-37,-27,-38,-28,-37,-31,-37,-36,-37,-33,-39,-33,-42,-35,-41,-37,-41,-39,-44,-37,-42,-36,-44,-38,-41,-39,-43,-36,-43,-37,-46,-38,-49,-43,-48,-37,-50,-40,-50,-38,-52,-37,-56,-38,-52,-37,-52,-32,-57,-35,-58,-31,-64,-29,-61,-29,-60,-29,-61,-29,-67,-33,-69,-27,-66,-25,-71,-26,-75,-23,-77,-19,-74,-24,-74,-24,-77,-24,-79,-26,-73,-26,-81,-27,-77,-28,-80,-28,0,0]"
CSI_DATA,293,2a:00:00:00:00:00,-37,11,1,0,1,1,1,0,0,0,1,-96,0,11,2,4159486,0,44,0,384,0,"[0,0,0,0,0,0,0,0,0,0,0,0,0,-14,-1,-13,-1,-14,-1,-13,-1,-13,-1,-12,-1,-12,-1,-11,-1,-11,-1,-11,-1,-11,-2,-10,-2,-10,-2,-10,-2,-10,-2,-10,-2,-9,-3,-9,-3,-9,-3,-9,-3,-9,-3,-9,-3,-8,-3,-8,-3,-8,-3,-8,0,0,-3,-8,-3,-8,-3,-8,-2,-8,-2,-8,-2,-8,-2,-7,-2,-7,-1,-7,-1,-7,0,-7,0,-6,0,-6,0,-6,1,-5,1,-5,1,-5,1,-4,1,-4,1,-4,1,-3,1,-3,1,-3,2,-2,2,-2,2,-2,0,0,0,0,0,0,0,0,0,0,0,0,0,0,-58,57,-58,54,-49,59,-53,57,-49,55,-56,52,-49,54,-52,50,-43,50,-49,49,-42,47,-42,44,-41,43,-40,43,-40,36,-41,44,-35,41,-33,40,-32,43,-31,41,-25,42,-28,41,-24,37,-26,41,-24,40,-25,39,-26,38,-18,39,-20,39,-20,37,-24,32,-20,33,-20,36,-22,37,-22,35,-19,33,-22,32,-21,34,-24,32,-23,25,-22,25,-24,24,-25,19,-24,22,-21,19,-22,16,-24,15,-23,12,-24,10,-21,6,-21,3,-16,3,-20,2,-20,1,-16,3,-14,-6,-15,-2,0,0,0,0,0,0,0,0,0,0,0,0,0,0,0,0,0,0,0,0,0,0,-13,-28,-12,-26,-13,-32,-10,-29,-11,-31,-15,-30,-14,-35,-12,-32,-15,-38,-18,-36,-14,-36,-18,-43,-19,-42,-18,-39,-17,-39,-17,-47,-21,-50,-19,-50,-21,-47,-22,-55,-24,-53,-16,-54,-24,-56,-24,-54,-22,-58,-24,-57,-22,-54,-25,-55,-24,-58,-28,-58,-27,-56,-26,-58,-36,-57,-32,-56,-36,-55,-34,-54,-40,-58,-39,-55,-43,-61,-42,-58,-40,-56,-44,-54,-44,-55,-50,-60,-54,-54,-51,-50,-54,-55,-54,-55,-55,-46,-61,-54,-55,-52,-56,-61,-57,-57,-58,-59,-59,-52,-59,-62,-68,-62,0,0]"
CSI_DATA,294,2a:00:00:00:00:00,-37,11,1,0,1,1,1,0,0,0,1,-96,0,11,2,4179399,0,44,0,384,0,"[0,0,0,0,0,0,0,0,0,0,0,0,13,1,13,1,12,1,12,2,12,1,11,1,12,1,11,1,11,0,10,0,10,0,10,-1,9,0,9,-1,9,-1,9,-1,9,-2,9,-2,8,-2,8,-2,8,-2,8,-2,8,-2,7,-2,8,-2,8,-2,0,0,8,-3,7,-2,7,-2,7,-2,7,-1,7,-1,7,-1,6,-1,6,-1,6,0,6,0,5,0,5,0,5,1,5,1,4,1,4,1,4,1,3,1,3,1,2,2,2,2,2,2,1,2,1,2,1,2,0,0,0,0,0,0,0,0,0,0,0,0,0,0,-52,-54,-56,-60,-51,-63,-54,-55,-53,-53,-47,-55,-47,-50,-49,-51,-46,-46,-54,-42,-46,-44,-44,-42,-45,-44,-40,-40,-42,-38,-39,-36,-42,-38,-41,-31,-42,-30,-43,-29,-45,-31,-42,-23,-38,-23,-37,-22,-38,-22,-38,-20,-39,-18,-43,-19,-39,-22,-39,-20,-39,-18,-36,-23,-41,-20,-35,-23,-35,-17,-33,-18,-34,-20,-30,-23,-31,-22,-32,-25,-27,-24,-28,-23,-23,-27,-20,-22,-19,-21,-14,-24,-13,-18,-12,-28,-10,-22,-9,-24,-8,-20,-1,-16,-5,-20,1,-14,1,-17,1,-13,2,-14,0,0,0,0,0,0,0,0,0,0,0,0,0,0,0,0,0,0,0,0,0,0,27,-9,28,-9,29,-5,29,-5,30,-7,31,-10,32,-10,33,-11,37,-13,37,-11,36,-13,36,-15,40,-17,41,-16,44,-13,49,-14,48,-15,46,-14,48,-15,53,-14,53,-16,55,-18,57,-17,52,-17,53,-15,58,-22,54,-21,55,-21,53,-22,59,-24,56,-22,54,-28,59,-25,56,-25,58,-31,57,-28,56,-30,58,-36,58,-35,57,-36,55,-38,56,-43,57,-41,53,-46,55,-43,53,-49,55,-47,56,-47,59,-49,57,-51,55,-52,53,-56,56,-51,58,-53,57,-54,57,-58,64,-56,0,0]"
CSI_DATA,295,2a:00:00:00:00:00,-37,11,1,0,1,1,1,0,0,0,1,-96,0,11,2,4200421,0,44,0,384,0,"[0,0,0,0,0,0,0,0,0,0,0,0,-3,-14,-3,-13,-3,-13,-2,-13,-3,-13,-2,-12,-3,-12,-2,-11,-2,-11,-3,-11,-3,-11,-3,-10,-3,-10,-3,-10,-3,-10,-3,-9,-3,-9,-3,-9,-4,-9,-4,-9,-4,-8,-4,-8,-4,-8,-4,-8,-4,-8,-4,-8,0,0,-3,-8,-3,-8,-3,-8,-3,-7,-3,-8,-2,-8,-2,-8,-2,-7,-2,-7,-1,-7,-1,-7,-1,-6,0,-6,0,-6,0,-5,0,-5,1,-5,1,-4,1,-4,1,-4,1,-3,1,-3,1,-3,1,-3,1,-2,1,-2,0,0,0,0,0,0,0,0,0,0,0,0,0,0,-50,56,-58,59,-48,56,-48,57,-51,58,-50,50,-50,55,-45,51,-44,50,-42,46,-43,50,-42,48,-39,46,-42,48,-33,46,-33,45,-33,48,-31,42,-28,42,-30,44,-25,45,-23,41,-19,39,-24,43,-20,41,-20,40,-19,43,-18,44,-19,43,-18,37,-20,37,-21,38,-19,38,-18,36,-24,33,-23,29,-22,35,-23,31,-22,28,-26,26,-25,29,-22,20,-29,22,-22,20,-26,15,-27,12,-23,10,-22,14,-21,9,-23,7,-18,2,-19,0,-17,1,-15,-2,-14,-4,-15,-5,-12,-5,0,0,0,0,0,0,0,0,0,0,0,0,0,0,0,0,0,0,0,0,0,0,-13,-24,-13,-25,-19,-27,-13,-27,-18,-28,-16,-28,-17,-26,-20,-31,-22,-35,-22,-36,-22,-39,-23,-38,-25,-41,-25,-42,-25,-43,-23,-41,-25,-43,-28,-47,-23,-46,-25,-49,-30,-48,-27,-52,-26,-53,-30,-51,-26,-52,-28,-51,-28,-55,-31,-51,-38,-55,-35,-51,-32,-58,-35,-50,-35,-53,-38,-56,-38,-54,-36,-53,-42,-56,-43,-53,-46,-55,-46,-51,-43,-51,-49,-50,-49,-49,-54,-54,-49,-46,-58,-44,-57,-51,-57,-53,-64,-50,-64,-49,-57,-50,-58,-53,-56,-50,-65,-50,-68,-51,-66,-58,-65,-48,0,0]"
CSI_DATA,296,2a:00:00:00:00:00,-37,11,1,0,1,1,1,0,0,0,1,-96,0,11,2,4209413,0,44,0,384,0,"[0,0,0,0,0,0,0,0,0,0,0,0,13,3,13,3,12,3,12,4,12,3,11,3,11,2,11,2,10,2,10,2,10,2,10,1,9,1,9,1,9,1,9,0,9,0,9,0,8,0,8,0,8,0,8,0,8,0,8,-1,8,0,8,-1,0,0,8,0,8,0,7,0,7,0,7,1,7,1,7,1,6,1,6,1,6,1,6,1,5,2,5,2,4,2,4,2,4,2,3,3,3,2,2,2,2,2,2,2,1,2,1,2,0,2,0,2,0,2,0,0,0,0,0,0,0,0,0,0,0,0,0,0,-45,-59,-42,-67,-42,-66,-46,-58,-43,-61,-46,-60,-42,-56,-40,-58,-36,-51,-42,-49,-42,-50,-39,-49,-39,-46,-40,-41,-35,-46,-38,-45,-34,-40,-37,-41,-38,-39,-36,-33,-36,-30,-35,-31,-38,-26,-34,-29,-34,-26,-33,-31,-36,-28,-35,-27,-35,-26,-37,-30,-32,-33,-36,-26,-31,-25,-30,-27,-28,-29,-23,-27,-28,-27,-24,-30,-26,-26,-23,-25,-22,-26,-15,-26,-17,-31,-13,-30,-17,-29,-7,-26,-6,-21,-11,-23,-6,-23,-6,-21,-3,-17,-1,-17,0,-19,5,-18,3,-12,6,-14,1,-14,0,0,0,0,0,0,0,0,0,0,0,0,0,0,0,0,0,0,0,0,0,0,27,-7,25,-6,27,-4,30,-6,29,-7,35,-8,30,-13,32,-15,36,-13,37,-9,38,-6,39,-4,44,-11,40,-11,46,-16,45,-10,49,-14,50,-9,51,-16,50,-11,51,-11,54,-15,49,-12,54,-7,57,-9,57,-13,59,-11,59,-16,58,-14,56,-15,59,-20,60,-17,55,-22,58,-21,57,-24,56,-29,58,-23,61,-21,60,-25,60,-28,60,-31,59,-35,60,-35,61,-36,59,-37,53,-41,60,-42,57,-48,63,-49,64,-45,64,-44,66,-48,65,-47,61,-49,67,-47,68,-48,67,-45,0,0]"
CSI_DATA,297,2a:00:00:00:00:00,-37,11,1,0,1,1,1,0,0,0,1,-96,0,11,2,4229418,0,44,0,384,0,"[0,0,0,0,0,0,0,0,0,0,0,0,12,5,12,5,11,5,11,5,10,5,11,4,10,4,10,3,10,3,9,3,9,3,9,2,9,2,9,2,9,2,9,1,9,1,8,1,8,1,8,1,8,1,8,1,7,0,8,0,7,0,8,0,0,0,8,0,7,1,7,1,7,0,7,1,7,1,6,1,6,1,6,1,5,1,5,2,5,2,5,2,4,2,4,2,3,2,3,2,3,2,2,2,2,2,2,2,1,2,1,2,1,2,0,2,0,2,0,0,0,0,0,0,0,0,0,0,0,0,0,0,-2,-83,-2,-77,-4,-74,-1,-74,-3,-78,-3,-71,-1,-70,-2,-73,-3,-61,-6,-64,-8,-65,-11,-55,-6,-63,-8,-55,-6,-58,-8,-54,-7,-56,-7,-53,-11,-51,-12,-43,-14,-44,-11,-43,-13,-42,-14,-47,-14,-48,-17,-44,-10,-43,-15,-41,-13,-42,-12,-41,-14,-40,-11,-44,-10,-40,-15,-42,-10,-37,-8,-37,-9,-39,-6,-40,-5,-34,-2,-32,1,-32,-1,-34,2,-34,-1,-30,4,-29,1,-24,4,-26,6,-24,5,-21,11,-17,9,-19,11,-13,9,-15,11,-12,9,-12,12,-8,11,-10,0,0,0,0,0,0,0,0,0,0,0,0,0,0,0,0,0,0,0,0,0,0,26,9,28,13,21,11,29,13,30,9,31,13,32,11,29,11,35,12,34,13,31,14,41,18,40,13,45,15,43,16,44,16,47,16,43,16,47,14,49,21,48,18,53,21,46,17,49,19,54,22,56,21,57,22,59,22,53,17,59,20,57,14,57,18,58,15,62,14,62,13,62,16,60,9,66,13,64,12,69,7,71,9,65,5,71,7,70,2,71,4,63,-4,72,4,71,-2,78,-3,68,2,73,-1,81,-7,83,-2,67,-6,79,-1,82,-1,79,-6,0,0]"
CSI_DATA,298,2a:00:00:00:00:00,-37,11,1,0,1,1,1,0,0,0,1,-96,0,11,2,4239533,0,44,0,384,0,"[0,0,0,0,0,0,0,0,0,0,0,0,8,-11,8,-11,7,-11,7,-11,7,-10,7,-10,7,-9,6,-9,6,-9,5,-9,6,-9,5,-9,4,-9,4,-9,4,-9,4,-9,4,-9,3,-8,3,-9,3,-8,3,-8,3,-8,3,-8,2,-8,2,-8,3,-8,0,0,3,-8,3,-7,3,-8,3,-7,3,-7,3,-7,3,-6,3,-6,4,-6,4,-6,4,-5,3,-5,3,-5,3,-4,4,-3,4,-3,3,-3,3,-2,3,-2,3,-1,3,-1,3,-1,2,-1,2,-1,2,0,2,0,0,0,0,0,0,0,0,0,0,0,0,0,0,0,-78,-5,-78,-11,-79,-3,-72,-3,-73,-5,-72,-7,-71,-5,-70,-6,-63,-5,-65,-3,-62,-7,-57,-3,-57,-3,-55,2,-54,-3,-53,6,-55,3,-50,5,-53,5,-47,3,-47,6,-47,8,-43,12,-40,11,-41,10,-45,9,-44,11,-44,8,-43,11,-43,10,-39,9,-45,10,-38,6,-37,9,-41,6,-36,8,-36,6,-40,0,-36,2,-35,-2,-34,0,-33,-1,-31,-8,-26,-6,-24,-2,-27,-7,-27,-5,-21,-8,-22,-8,-18,-12,-18,-15,-13,-14,-13,-12,-13,-12,-10,-13,-7,-9,-5,-14,0,0,0,0,0,0,0,0,0,0,0,0,0,0,0,0,0,0,0,0,0,0,15,-32,22,-20,16,-22,13,-31,25,-39,24,-30,14,-26,3,-29,13,-32,19,-19,19,-22,22,-36,23,-41,25,-41,23,-47,30,-43,21,-42,12,-40,20,-55,23,-50,22,-52,31,-43,24,-45,24,-43,24,-56,27,-51,32,-56,23,-58,27,-52,28,-66,22,-64,25,-64,25,-62,13,-58,20,-60,21,-54,16,-64,21,-67,19,-64,13,-64,12,-66,13,-69,13,-69,9,-72,8,-70,9,-69,6,-70,2,-72,0,-75,4,-74,9,-76,4,-76,9,-79,5,-76,6,-78,4,-80,2,-79,0,0]"
CSI_DATA,299,2a:00:00:00:00:00,-37,11,1,0,1,1,1,0,0,0,1,-96,0,11,2,4249415,0,44,0,384,0,"[0,0,0,0,0,0,0,0,0,0,0,0,8,10,8,9,8,10,7,10,7,9,7,8,7,8,7,8,7,7,7,8,7,7,7,6,7,7,7,6,6,6,7,5,7,5,7,5,7,5,7,4,7,5,7,5,7,4,7,4,7,4,6,4,0,0,6,4,6,4,6,4,6,4,6,4,5,4,5,4,5,4,4,4,4,4,4,4,3,4,3,4,3,4,2,4,2,4,1,4,1,4,1,3,0,3,0,3,0,3,0,3,-1,2,-1,2,-1,2,0,0,0,0,0,0,0,0,0,0,0,0,0,0,1,-78,0,-74,-4,-79,6,-71,0,-79,1,-70,-3,-71,1,-70,1,-66,-7,-64,-1,-62,-4,-59,-5,-57,-4,-54,-4,-50,-9,-52,-4,-53,-10,-53,-12,-55,-11,-47,-12,-53,-9,-42,-16,-46,-14,-43,-10,-42,-12,-44,-12,-38,-19,-45,-11,-43,-16,-37,-14,-42,-14,-40,-14,-42,-8,-41,-15,-37,-11,-40,-10,-37,-4,-39,-6,-40,-6,-33,-4,-28,2,-34,1,-33,0,-31,4,-31,1,-25,8,-24,6,-25,7,-23,9,-19,7,-21,12,-18,7,-16,12,-16,7,-11,11,-10,11,-8,0,0,0,0,0,0,0,0,0,0,0,0,0,0,0,0,0,0,0,0,0,0,29,11,25,11,24,14,29,17,29,17,30,14,29,15,27,16,35,14,31,20,35,19,34,22,36,23,39,18,40,21,40,21,45,25,43,20,46,21,47,25,47,23,48,27,47,30,46,28,49,26,48,29,52,26,52,31,49,23,57,25,55,20,60,22,58,23,58,19,58,22,63,19,59,16,63,17,64,10,65,15,68,17,61,9,65,10,70,13,70,8,70,0,69,1,71,1,77,5,78,3,76,4,76,7,84,4,74,-4,79,1,81,-4,82,6,0,0]"
CSI_DATA,300,2a:00:00:00:00:00,-37,11,1,0,1,1,1,0,0,0,1,-96,0,11,2,4279463,0,44,0,384,0,"[0,0,0,0,0,0,0,0,0,0,0,0,11,6,11,6,11,6,10,7,10,6,10,5,10,5,10,5,9,5,9,5,9,4,9,3,9,4,8,3,8,3,9,2,8,2,8,2,8,2,8,2,8,2,8,2,8,1,8,1,8,2,8,1,0,0,8,1,7,2,7,2,7,1,7,2,7,2,6,2,6,2,6,2,5,2,5,2,4,3,4,3,4,3,3,3,3,3,3,3,2,3,2,3,1,3,1,2,1,3,1,2,0,2,0,2,0,2,0,0,0,0,0,0,0,0,0,0,0,0,0,0,-2,-77,1,-75,3,-80,0,-73,-1,-70,-1,-74,-4,-71,-2,-70,1,-60,-1,-62,0,-64,-7,-58,-6,-57,-4,-54,-4,-53,-11,-51,-12,-54,-12,-48,-11,-52,-15,-42,-14,-47,-8,-43,-14,-49,-9,-42,-9,-44,-11,-43,-16,-38,-16,-43,-13,-40,-19,-44,-17,-42,-14,-42,-12,-39,-15,-40,-10,-35,-9,-36,-8,-39,-6,-37,-6,-38,-7,-34,-4,-30,-4,-32,1,-32,0,-30,6,-30,5,-27,5,-25,9,-25,7,-21,6,-19,9,-18,11,-18,9,-17,13,-16,11,-9,7,-10,8,-5,0,0,0,0,0,0,0,0,0,0,0,0,0,0,0,0,0,0,0,0,0,0,27,10,22,16,23,14,27,14,26,11,26,14,28,17,27,14,32,12,32,13,33,17,35,12,38,18,38,14,43,18,40,18,48,18,45,20,44,22,47,23,53,26,52,23,45,22,51,27,51,25,55,23,53,24,52,23,53,24,63,25,56,18,56,21,54,22,55,22,59,17,63,15,62,10,62,16,59,8,64,16,65,11,64,6,72,9,70,6,69,8,71,1,68,0,73,0,77,2,72,1,73,-2,75,-1,78,2,76,-4,81,-4,85,-6,77,0,0,0]"
CSI_DATA,301,2a:00:00:00:00:00,-37,11,1,0,1,1,1,0,0,0,1,-96,0,11,2,4289427,0,44,0,384,0,"[0,0,0,0,0,0,0,0,0,0,0,0,4,12,4,13,4,12,4,13,3,12,3,11,3,10,4,10,4,10,4,9,4,9,4,9,4,9,4,9,4,9,4,8,4,8,4,7,5,7,5,7,5,7,5,7,4,6,5,6,5,7,5,6,0,0,5,6,4,6,4,7,4,6,4,6,4,6,3,6,3,6,2,6,2,5,2,5,2,5,1,5,1,5,0,4,0,4,0,4,-1,4,-1,4,-1,3,-1,3,-2,3,-1,3,-2,2,-2,2,-2,1,0,0,0,0,0,0,0,0,0,0,0,0,0,0,56,-64,58,-52,51,-55,54,-53,48,-56,48,-49,50,-57,44,-51,45,-51,40,-47,41,-43,41,-43,41,-44,33,-48,31,-41,31,-44,32,-42,30,-43,29,-41,28,-41,22,-42,28,-42,24,-42,27,-38,23,-41,20,-43,17,-44,15,-44,16,-40,17,-40,16,-40,23,-34,21,-42,19,-38,23,-40,20,-35,20,-31,22,-34,25,-30,24,-26,24,-25,22,-23,26,-24,22,-21,23,-23,23,-16,22,-10,20,-12,17,-8,14,-9,21,-2,18,-7,14,-4,16,-2,16,0,16,2,11,4,0,0,0,0,0,0,0,0,0,0,0,0,0,0,0,0,0,0,0,0,0,0,12,25,8,22,11,34,10,23,16,27,14,26,12,28,9,33,13,31,16,34,14,35,19,39,21,39,21,44,20,42,17,46,18,46,21,47,22,45,17,51,16,53,22,54,18,54,23,50,21,55,28,54,25,51,25,52,27,55,26,52,30,52,32,55,31,57,27,57,36,57,32,55,33,53,36,54,36,52,40,53,47,52,48,51,43,55,49,54,46,49,51,56,46,55,48,55,54,56,54,54,57,48,57,51,60,53,53,52,62,53,59,57,62,53,0,0]"
CSI_DATA,302,2a:00:00:00:00:00,-38,11,1,0,1,1,1,0,0,0,1,-96,0,11,2,4309546,0,44,0,384,0,"[0,0,0,0,0,0,0,0,0,0,0,0,13,-5,12,-5,12,-5,11,-5,11,-5,11,-4,11,-5,10,-5,10,-5,9,-5,10,-5,9,-5,8,-5,8,-4,8,-5,8,-5,7,-5,7,-5,7,-5,7,-5,6,-5,6,-5,7,-6,6,-5,6,-5,7,-5,0,0,6,-5,6,-5,6,-4,7,-5,6,-4,6,-4,6,-4,6,-3,6,-3,6,-3,6,-2,5,-2,5,-2,4,-1,5,-1,5,-1,4,0,4,0,3,0,3,0,3,0,2,1,2,1,2,1,2,1,1,1,0,0,0,0,0,0,0,0,0,0,0,0,0,0,-73,-25,-78,-24,-74,-16,-76,-23,-75,-21,-72,-19,-71,-18,-66,-14,-66,-16,-63,-14,-62,-14,-62,-16,-60,-10,-58,-14,-56,-10,-55,-9,-52,-11,-51,-6,-49,-5,-53,0,-51,-4,-50,-1,-49,-2,-48,5,-48,-2,-48,-2,-47,0,-45,0,-44,1,-43,1,-45,2,-46,0,-40,-3,-39,-5,-40,0,-35,-2,-36,-5,-38,-5,-34,-8,-37,-9,-30,-9,-35,-11,-28,-14,-25,-9,-24,-13,-25,-13,-20,-12,-23,-14,-17,-14,-17,-15,-16,-14,-14,-13,-7,-12,-11,-15,-5,-16,-3,-18,-3,-11,0,0,0,0,0,0,0,0,0,0,0,0,0,0,0,0,0,0,0,0,0,0,17,-22,20,-23,17,-26,21,-20,23,-25,17,-26,21,-24,21,-29,21,-27,23,-30,26,-31,24,-34,24,-34,32,-37,29,-39,29,-34,29,-41,35,-39,33,-43,30,-43,35,-45,35,-42,33,-45,38,-44,31,-44,34,-47,39,-46,38,-46,31,-53,35,-52,31,-52,37,-45,34,-54,33,-51,35,-57,30,-57,32,-56,30,-63,28,-59,28,-58,26,-61,25,-70,25,-63,19,-71,22,-66,19,-69,20,-70,22,-75,20,-72,24,-74,19,-77,17,-78,25,-73,21,-81,19,-80,19,-77,25,-80,0,0]"
CSI_DATA,303,2a:00:00:00:00:00,-37,11,1,0,1,1,1,0,0,0,1,-96,0,11,2,4321528,0,44,0,384,0,"[0,0,0,0,0,0,0,0,0,0,0,0,-11,8,-11,8,-10,8,-11,7,-10,7,-10,7,-10,7,-9,7,-9,6,-8,7,-8,7,-8,7,-7,7,-7,6,-7,7,-7,7,-7,7,-6,6,-6,7,-6,6,-6,6,-6,6,-6,6,-5,7,-5,6,-5,6,0,0,-6,6,-5,6,-5,6,-6,5,-5,5,-5,5,-5,4,-5,4,-6,4,-5,4,-6,3,-5,3,-5,3,-5,2,-5,2,-5,1,-5,1,-5,1,-5,0,-4,0,-4,-1,-4,-1,-3,-1,-3,-1,-3,-1,-3,-1,0,0,0,0,0,0,0,0,0,0,0,0,0,0,76,6,73,10,75,19,74,12,72,17,72,11,66,11,68,12,65,7,66,10,61,10,59,7,57,9,60,6,61,6,53,4,50,5,50,3,51,2,50,-1,51,-5,49,-1,47,-6,45,-2,45,-2,45,-3,46,-4,46,-5,42,-2,42,-3,39,-3,49,-4,40,-5,41,-2,40,1,38,-1,41,1,37,1,34,3,32,5,34,9,32,9,26,10,28,14,27,11,27,13,20,13,21,11,19,16,14,12,11,12,14,15,5,11,10,15,5,14,1,11,2,15,0,0,0,0,0,0,0,0,0,0,0,0,0,0,0,0,0,0,0,0,0,0,-16,26,-17,23,-14,24,-22,23,-18,24,-20,26,-15,29,-16,29,-21,30,-15,29,-23,32,-20,36,-21,38,-26,37,-26,45,-25,42,-22,45,-29,42,-27,41,-27,42,-30,47,-33,50,-30,46,-32,43,-38,48,-33,53,-31,52,-33,52,-25,47,-31,55,-29,52,-27,53,-28,57,-24,51,-26,57,-25,58,-25,63,-25,65,-24,62,-24,62,-18,64,-24,66,-20,69,-20,64,-16,69,-16,72,-17,72,-13,71,-15,71,-14,71,-13,69,-14,79,-15,79,-15,76,-14,82,-9,79,-16,80,0,0]"
CSI_DATA,304,2a:00:00:00:00:00,-37,11,1,0,1,1,1,0,0,0,1,-96,0,11,2,4329469,0,44,0,384,0,"[0,0,0,0,0,0,0,0,0,0,0,0,7,11,7,11,7,11,7,11,7,10,6,9,6,9,6,9,6,8,6,8,6,8,7,7,7,7,6,7,6,7,6,6,6,6,6,6,7,5,6,6,6,6,6,5,6,5,7,5,7,5,6,4,0,0,6,4,6,5,6,5,5,4,5,5,5,5,5,5,4,5,4,5,4,5,3,4,3,5,3,4,2,5,2,4,1,4,1,4,1,4,0,3,0,3,-1,3,0,3,-1,3,-1,2,-2,2,-2,2,0,0,0,0,0,0,0,0,0,0,0,0,0,0,22,-75,17,-80,16,-76,15,-72,13,-71,18,-71,15,-68,11,-69,9,-63,15,-62,10,-66,9,-55,8,-58,4,-54,3,-56,-3,-55,0,-51,1,-53,-1,-53,5,-50,1,-55,-3,-49,-4,-48,-3,-49,-1,-46,-4,-49,-5,-45,-8,-47,-7,-41,-7,-43,-5,-44,-1,-41,-1,-44,-3,-42,-1,-41,2,-44,-2,-38,0,-39,6,-38,3,-37,8,-31,7,-30,11,-33,9,-31,10,-28,10,-22,9,-23,12,-25,14,-16,13,-14,13,-11,15,-14,13,-12,12,-7,13,-8,12,-5,9,-6,0,0,0,0,0,0,0,0,0,0,0,0,0,0,0,0,0,0,0,0,0,0,23,17,21,18,22,18,23,18,22,18,21,19,28,15,27,15,29,20,30,24,35,17,33,22,37,20,34,20,40,24,35,27,39,28,38,27,41,29,47,30,43,29,42,34,48,28,47,33,47,27,56,29,46,33,53,29,49,32,52,35,50,31,60,30,57,32,56,31,56,30,52,26,59,23,57,22,61,21,64,22,67,22,63,18,63,19,63,23,70,19,61,16,66,17,72,16,72,22,75,9,80,14,75,8,74,14,71,16,74,14,80,14,77,12,0,0]"
CSI_DATA,305,2a:00:00:00:00:00,-37,11,1,0,1,1,1,0,0,0,1,-96,0,11,2,4339397,0,44,0,384,0,"[0,0,0,0,0,0,0,0,0,0,0,0,-7,11,-7,10,-7,11,-7,10,-6,10,-6,9,-6,9,-6,9,-6,9,-5,9,-5,8,-5,8,-4,8,-4,8,-4,8,-4,8,-3,8,-4,8,-3,8,-3,8,-3,7,-2,8,-3,7,-2,7,-3,7,-3,7,0,0,-3,7,-3,7,-3,7,-3,7,-3,6,-3,6,-3,6,-3,6,-4,5,-4,5,-4,4,-4,4,-4,4,-4,3,-4,3,-4,2,-4,2,-4,2,-4,1,-4,1,-4,1,-3,0,-3,0,-3,0,-3,-1,-3,-1,0,0,0,0,0,0,0,0,0,0,0,0,0,0,83,-11,77,-2,76,-5,72,-3,74,-1,71,-7,69,-6,68,-5,65,-5,65,-4,60,-7,59,-9,63,-4,54,-8,56,-6,58,-11,52,-12,53,-13,48,-12,46,-10,51,-14,45,-16,47,-16,48,-12,43,-13,44,-15,43,-13,38,-16,42,-15,45,-14,42,-15,40,-14,40,-18,42,-13,40,-10,39,-12,35,-7,37,-6,35,-8,33,-3,33,-2,31,1,29,0,31,-1,25,4,23,5,25,9,23,11,22,15,19,11,15,10,15,11,13,12,9,10,8,10,4,9,5,13,0,0,0,0,0,0,0,0,0,0,0,0,0,0,0,0,0,0,0,0,0,0,-6,28,-5,27,-7,28,-8,29,-9,27,-11,28,-7,30,-9,35,-8,35,-6,37,-8,43,-9,40,-9,44,-10,44,-13,46,-12,43,-10,50,-8,49,-10,52,-17,51,-14,55,-20,52,-17,53,-15,54,-19,56,-15,55,-16,55,-18,61,-13,58,-13,57,-13,56,-13,59,-11,58,-9,59,-11,62,-16,65,-8,61,-7,65,-3,59,-2,68,-4,68,-4,65,4,73,0,71,-3,66,9,74,5,72,8,78,8,74,9,73,7,78,10,79,4,80,8,77,14,77,14,80,11,76,0,0]"
CSI_DATA,306,2a:00:00:00:00:00,-38,11,1,0,1,1,1,0,0,0,1,-96,0,11,2,4349806,0,44,0,384,0,"[0,0,0,0,0,0,0,0,0,0,0,0,-10,9,-9,9,-9,9,-9,8,-9,8,-9,8,-8,8,-8,8,-8,8,-7,8,-7,7,-7,8,-6,7,-6,7,-6,7,-6,7,-5,7,-5,7,-4,7,-5,7,-5,7,-5,7,-5,7,-4,7,-4,7,-4,7,0,0,-4,7,-4,6,-4,6,-4,6,-4,5,-4,5,-5,5,-5,5,-5,4,-5,4,-5,4,-5,3,-5,3,-5,2,-5,2,-5,2,-4,2,-4,1,-4,1,-4,0,-4,0,-3,0,-3,-1,-3,-1,-3,-1,-3,-1,0,0,0,0,0,0,0,0,0,0,0,0,0,0,72,-5,75,-3,79,2,74,-3,74,-1,70,0,62,-2,67,-4,67,-6,67,-1,65,1,64,-3,58,-5,53,-7,57,-10,58,-5,55,-8,51,-8,50,-6,44,-9,48,-10,45,-13,43,-13,46,-11,40,-13,40,-9,42,-16,37,-15,36,-14,41,-16,39,-15,42,-14,39,-12,39,-8,40,-7,34,-1,32,-7,31,-8,39,-1,31,-3,36,0,30,2,27,5,33,5,28,7,25,7,23,5,21,10,24,8,20,13,15,10,17,11,13,12,8,11,8,12,9,11,7,11,0,0,0,0,0,0,0,0,0,0,0,0,0,0,0,0,0,0,0,0,0,0,-13,28,-10,28,-13,26,-13,24,-11,28,-13,33,-10,34,-15,32,-12,35,-11,38,-12,39,-13,39,-13,41,-11,42,-12,42,-16,45,-15,45,-19,52,-18,47,-20,47,-19,48,-18,51,-19,53,-17,54,-23,51,-19,58,-22,53,-22,52,-15,57,-21,59,-17,59,-17,58,-18,58,-16,61,-18,63,-15,62,-12,59,-14,66,-7,62,-13,69,-8,67,-7,68,-5,67,-4,70,0,66,-8,71,-2,70,2,73,6,76,2,72,5,76,5,78,6,79,1,76,5,77,6,78,2,79,0,0]"
CSI_DATA,307,2a:00:00:00:00:00,-37,11,1,0,1,1,1,0,0,0,1,-96,0,11,2,4360143,0,44,0,384,0,"[0,0,0,0,0,0,0,0,0,0,0,0,-10,-10,-9,-10,-9,-10,-9,-10,-9,-10,-9,-9,-8,-9,-8,-9,-8,-8,-8,-8,-8,-8,-8,-7,-8,-7,-8,-7,-8,-7,-8,-6,-8,-6,-8,-5,-8,-6,-8,-6,-8,-6,-8,-5,-7,-5,-8,-5,-8,-5,-8,-5,0,0,-7,-5,-7,-5,-7,-5,-7,-5,-6,-5,-6,-5,-6,-5,-5,-5,-5,-5,-5,-5,-4,-5,-4,-5,-4,-5,-3,-5,-3,-5,-3,-5,-2,-5,-2,-4,-1,-4,-1,-4,-1,-4,0,-4,0,-4,0,-3,0,-3,0,-3,0,0,0,0,0,0,0,0,0,0,0,0,0,0,-14,77,-10,70,-13,78,-14,68,-9,74,-8,70,-3,68,-6,69,-8,66,-4,63,-4,62,-9,58,-4,59,-2,55,-16,43,2,56,0,50,6,50,2,54,5,48,9,49,1,49,7,49,4,47,4,45,8,48,7,38,8,44,5,41,7,37,7,40,7,41,7,42,4,44,5,35,5,40,6,35,1,40,0,34,-4,33,-4,30,-3,34,-10,31,-7,31,-7,27,-7,25,-10,23,-10,25,-13,18,-11,16,-10,15,-14,14,-13,16,-16,12,-11,8,-12,6,-14,3,0,0,0,0,0,0,0,0,0,0,0,0,0,0,0,0,0,0,0,0,0,0,-24,-16,-25,-17,-22,-16,-31,-22,-27,-17,-26,-18,-28,-13,-28,-15,-31,-19,-31,-19,-35,-24,-36,-20,-31,-21,-37,-28,-36,-31,-41,-23,-42,-26,-44,-25,-48,-26,-41,-30,-42,-31,-51,-36,-37,-32,-49,-33,-51,-39,-50,-26,-54,-35,-48,-32,-50,-29,-56,-30,-47,-29,-62,-31,-58,-25,-56,-27,-61,-29,-57,-25,-56,-24,-60,-25,-62,-21,-62,-19,-66,-26,-68,-13,-70,-19,-64,-16,-71,-17,-66,-12,-66,-12,-75,-14,-71,-11,-74,-12,-77,-10,-73,-6,-75,-9,-71,-7,-82,-14,-84,-14,-88,-8,0,0]"
CSI_DATA,308,2a:00:00:00:00:00,-38,11,1,0,1,1,1,0,0,0,1,-96,0,11,2,4369460,0,44,0,384,0,"[0,0,0,0,0,0,0,0,0,0,0,0,2,13,2,12,2,13,2,13,2,13,1,11,2,11,1,11,2,10,2,11,2,10,2,10,2,10,2,9,2,9,3,9,3,8,3,8,3,8,3,8,3,8,3,8,3,8,4,8,3,8,3,7,0,0,2,7,3,7,3,7,2,7,2,7,2,7,2,7,1,7,1,6,0,6,0,6,0,6,0,5,-1,5,-1,5,-1,4,-2,4,-2,4,-2,3,-2,3,-2,2,-2,3,-2,2,-3,2,-3,1,-3,1,0,0,0,0,0,0,0,0,0,0,0,0,0,0,41,-66,43,-70,38,-64,36,-65,36,-62,36,-62,30,-65,36,-60,32,-60,30,-55,31,-54,29,-53,25,-56,25,-51,27,-50,23,-52,23,-50,19,-49,18,-47,10,-50,12,-52,18,-47,8,-48,9,-49,11,-49,10,-43,12,-46,9,-44,10,-44,8,-41,9,-45,9,-42,12,-40,12,-42,12,-36,13,-36,15,-34,16,-37,18,-32,16,-30,19,-26,14,-29,18,-27,20,-24,16,-22,22,-19,19,-16,16,-11,15,-7,19,-11,18,-9,20,-3,18,-8,16,-6,14,-3,17,0,14,0,0,0,0,0,0,0,0,0,0,0,0,0,0,0,0,0,0,0,0,0,0,0,19,20,18,20,16,23,19,22,23,24,16,23,21,23,23,25,24,24,29,26,26,29,27,30,29,29,32,30,31,35,31,37,37,35,37,36,37,34,34,40,34,36,37,37,38,44,34,39,35,45,37,43,38,43,33,44,45,46,48,46,42,45,44,41,45,43,44,43,48,43,48,41,52,40,48,37,48,39,53,36,56,40,52,40,57,35,60,34,53,31,66,31,67,34,65,37,63,31,66,37,65,35,65,35,64,38,67,39,72,37,70,40,69,35,0,0]"
CSI_DATA,309,2a:00:00:00:00:00,-38,11,1,0,1,1,1,0,0,0,1,-96,0,11,2,4379400,0,44,0,384,0,"[0,0,0,0,0,0,0,0,0,0,0,0,-10,9,-10,9,-9,9,-9,9,-9,9,-9,8,-9,8,-9,8,-8,7,-7,7,-8,8,-7,7,-7,7,-6,7,-6,7,-6,7,-6,7,-6,7,-5,7,-5,7,-5,7,-5,7,-5,7,-4,7,-4,7,-5,7,0,0,-5,7,-4,6,-5,6,-5,6,-5,6,-5,5,-5,5,-5,5,-5,4,-5,4,-6,4,-5,3,-5,3,-5,2,-5,2,-5,2,-5,1,-5,1,-5,1,-4,0,-4,0,-4,0,-3,-1,-3,-1,-3,-1,-3,-1,0,0,0,0,0,0,0,0,0,0,0,0,0,0,76,4,76,4,76,2,78,5,77,4,76,4,73,5,67,0,61,2,66,3,64,1,65,2,62,-5,54,2,57,-4,58,-3,54,-6,55,-4,52,-8,52,-6,48,-15,50,-9,49,-11,48,-7,44,-10,40,-13,43,-8,44,-15,40,-13,43,-12,43,-12,41,-9,41,-5,40,-4,44,-7,38,-5,39,-8,36,1,35,1,39,0,35,8,35,-1,32,6,27,2,28,8,26,9,25,9,18,10,19,14,19,13,17,11,13,11,12,12,12,11,7,18,7,15,1,11,0,0,0,0,0,0,0,0,0,0,0,0,0,0,0,0,0,0,0,0,0,0,-13,25,-11,22,-15,23,-12,29,-15,26,-15,25,-15,29,-16,31,-17,30,-17,32,-19,37,-16,35,-15,41,-19,44,-22,42,-22,40,-24,45,-20,43,-22,45,-25,47,-27,48,-27,51,-27,46,-26,55,-30,51,-29,53,-28,54,-31,54,-26,55,-25,60,-25,55,-28,59,-25,61,-22,56,-23,60,-26,61,-21,65,-19,64,-21,67,-16,66,-13,65,-11,64,-17,67,-10,63,-9,70,-14,72,-11,71,-8,73,-9,73,-2,75,-2,77,-3,82,-2,83,-6,78,-5,82,-6,80,-4,77,0,0]"
CSI_DATA,310,2a:00:00:00:00:00,-38,11,1,0,1,1,1,0,0,0,1,-96,0,11,2,4390289,0,44,0,384,0,"[0,0,0,0,0,0,0,0,0,0,0,0,-9,10,-9,10,-8,10,-8,9,-8,9,-8,9,-8,8,-8,8,-7,8,-6,8,-7,8,-6,8,-5,8,-5,8,-5,8,-5,8,-5,8,-4,8,-4,8,-4,7,-4,7,-4,7,-4,7,-3,7,-3,7,-4,7,0,0,-4,7,-3,7,-3,7,-4,6,-4,6,-4,6,-4,5,-4,5,-5,5,-4,5,-5,4,-4,4,-4,4,-4,3,-5,3,-5,2,-4,2,-4,2,-4,1,-4,1,-4,0,-4,0,-3,0,-3,0,-3,-1,-3,-1,0,0,0,0,0,0,0,0,0,0,0,0,0,0,76,-9,72,-2,79,-9,69,-3,76,-2,75,0,65,-8,70,-4,59,-5,65,-1,62,-1,61,-11,58,-8,55,-6,58,-5,55,-9,52,-12,50,-9,49,-13,46,-7,51,-12,48,-10,46,-13,44,-13,42,-11,42,-13,39,-9,41,-18,45,-12,45,-15,40,-10,47,-10,38,-10,38,-8,39,-10,40,-10,32,-5,33,-3,32,3,34,-2,32,0,33,7,29,3,24,-2,30,8,27,6,24,7,17,10,23,16,18,10,14,10,14,14,9,12,6,6,12,14,5,14,5,15,0,0,0,0,0,0,0,0,0,0,0,0,0,0,0,0,0,0,0,0,0,0,-6,26,-13,26,-5,25,-10,27,-7,26,-13,32,-12,33,-11,28,-8,34,-9,34,-13,41,-9,39,-11,42,-12,41,-15,46,-11,47,-15,50,-18,47,-13,47,-15,49,-17,48,-18,57,-20,53,-19,46,-19,52,-19,51,-14,54,-20,58,-18,51,-16,57,-17,52,-22,59,-15,60,-11,59,-14,60,-17,61,-11,59,-7,64,-8,66,-6,66,-8,65,-6,70,-3,70,0,68,-4,69,7,66,-2,68,5,70,5,76,7,73,9,74,6,75,5,81,4,74,0,76,6,86,0,74,0,0]"
CSI_DATA,311,2a:00:00:00:00:00,-38,11,1,0,1,1,1,0,0,0,1,-96,0,11,2,4409395,0,44,0,384,0,"[0,0,0,0,0,0,0,0,0,0,0,0,-12,6,-12,7,-11,7,-11,6,-11,6,-11,6,-10,6,-10,6,-10,6,-9,5,-9,6,-9,5,-8,5,-8,5,-7,5,-8,6,-7,6,-7,6,-6,6,-6,6,-6,5,-6,6,-7,6,-6,6,-6,5,-6,6,0,0,-6,5,-6,5,-6,5,-6,5,-6,4,-6,4,-6,4,-6,3,-6,3,-6,3,-6,2,-6,2,-5,1,-5,1,-6,1,-6,1,-5,0,-5,0,-5,0,-4,-1,-4,-1,-4,-1,-3,-1,-3,-2,-3,-2,-2,-2,0,0,0,0,0,0,0,0,0,0,0,0,0,0,72,20,68,18,72,14,77,19,71,17,69,11,67,15,64,13,62,14,66,13,65,14,58,16,57,12,57,9,55,6,52,7,53,6,51,3,48,0,49,0,50,0,49,2,44,-3,45,-7,42,-2,42,-4,46,-3,44,-4,40,-2,43,-3,45,-1,43,-2,37,-4,41,-1,42,0,35,2,38,4,37,-2,35,3,34,6,33,11,34,9,29,8,27,9,25,13,27,11,18,14,19,15,17,14,14,12,15,14,11,15,13,13,4,12,8,12,2,10,0,8,0,0,0,0,0,0,0,0,0,0,0,0,0,0,0,0,0,0,0,0,0,0,-15,19,-20,22,-20,27,-17,23,-21,24,-20,21,-22,28,-17,26,-23,28,-22,30,-22,29,-27,33,-29,34,-27,38,-30,37,-26,35,-29,39,-32,38,-28,41,-31,42,-28,40,-35,41,-32,47,-36,45,-35,46,-35,48,-31,44,-33,51,-36,49,-33,47,-35,51,-33,49,-31,48,-31,52,-33,54,-32,55,-28,56,-27,59,-24,58,-21,63,-22,63,-25,66,-25,68,-19,70,-17,65,-24,63,-27,68,-17,68,-22,70,-22,70,-15,72,-17,75,-18,81,-18,70,-10,77,-16,75,-20,80,0,0]"
CSI_DATA,312,2a:00:00:00:00:00,-38,11,1,0,1,1,1,0,0,0,1,-96,0,11,2,4419402,0,44,0,384,0,"[0,0,0,0,0,0,0,0,0,0,0,0,-13,6,-12,6,-12,6,-11,6,-11,6,-11,5,-11,5,-11,5,-11,5,-10,6,-10,6,-9,5,-8,5,-8,5,-8,5,-8,6,-8,6,-8,6,-7,5,-7,5,-7,5,-7,5,-7,6,-6,6,-6,6,-7,6,0,0,-7,5,-6,5,-6,4,-7,5,-6,4,-6,4,-7,4,-6,3,-7,3,-7,3,-6,2,-6,2,-6,1,-5,1,-6,1,-5,0,-5,0,-5,0,-5,-1,-4,-1,-4,-1,-4,-2,-3,-2,-3,-2,-3,-2,-3,-2,0,0,0,0,0,0,0,0,0,0,0,0,0,0,74,24,72,18,76,20,72,18,71,15,70,19,66,16,70,14,62,15,67,17,62,16,57,10,60,7,54,11,57,12,52,5,54,6,54,4,51,6,51,4,56,1,47,2,47,-3,47,-1,38,-3,47,-1,45,-2,45,-4,40,-2,49,-2,44,-3,44,-1,41,-2,41,-2,42,-1,40,1,36,3,43,1,34,4,35,4,36,7,31,10,31,6,29,10,27,10,27,10,22,13,23,13,18,14,18,20,14,13,15,14,9,12,8,13,7,12,4,15,2,11,0,0,0,0,0,0,0,0,0,0,0,0,0,0,0,0,0,0,0,0,0,0,-21,19,-23,15,-23,18,-22,22,-21,20,-22,26,-26,24,-26,26,-26,28,-27,31,-25,28,-28,29,-31,30,-33,32,-32,35,-30,34,-35,39,-27,38,-35,42,-39,41,-37,35,-40,39,-37,43,-43,43,-41,38,-40,44,-38,40,-41,45,-38,43,-42,49,-39,48,-39,53,-36,50,-36,54,-35,54,-38,55,-33,57,-34,54,-35,57,-30,58,-34,63,-30,66,-29,63,-28,65,-26,63,-22,73,-28,73,-19,72,-18,72,-23,71,-25,71,-25,75,-27,84,-22,75,-26,77,-20,77,-19,73,0,0]"
CSI_DATA,313,2a:00:00:00:00:00,-38,11,1,0,1,1,1,0,0,0,1,-96,0,11,2,4429504,0,44,0,384,0,"[0,0,0,0,0,0,0,0,0,0,0,0,7,11,6,11,6,11,6,11,6,10,6,10,6,9,6,9,6,9,6,8,6,8,6,7,6,7,6,7,6,7,6,7,6,6,6,6,6,6,6,6,6,6,6,6,6,5,6,5,6,5,6,5,0,0,6,5,6,5,6,5,5,5,5,5,5,5,5,5,4,5,4,5,3,5,3,5,3,5,2,5,2,5,1,4,1,4,1,4,1,4,0,3,-1,3,-1,3,-1,3,-1,3,-1,2,-2,2,-2,2,0,0,0,0,0,0,0,0,0,0,0,0,0,0,46,-64,47,-65,42,-67,41,-58,43,-59,39,-65,39,-58,44,-57,39,-49,36,-57,37,-51,32,-50,36,-51,27,-52,26,-48,23,-47,23,-47,20,-46,17,-50,24,-47,18,-43,16,-44,13,-46,16,-48,12,-44,19,-45,10,-45,10,-46,9,-43,12,-45,12,-40,10,-44,13,-41,16,-44,12,-40,18,-39,14,-35,15,-37,13,-32,21,-31,19,-30,20,-25,18,-30,19,-24,21,-19,18,-17,17,-19,16,-17,21,-11,16,-10,19,-10,13,-6,20,-9,22,-7,18,-3,12,-1,13,1,0,0,0,0,0,0,0,0,0,0,0,0,0,0,0,0,0,0,0,0,0,0,11,25,13,29,9,26,9,30,14,27,14,29,9,31,13,25,16,34,12,32,19,31,20,34,20,38,27,40,21,41,17,38,22,44,24,41,26,44,22,49,30,50,23,52,23,48,26,48,28,53,29,51,27,52,28,54,27,49,28,55,33,52,32,57,32,49,30,53,41,51,40,56,40,50,42,54,43,52,49,47,44,52,43,42,51,47,53,47,55,48,50,42,50,47,56,44,63,49,59,44,62,45,65,45,61,48,61,42,60,42,65,51,70,50,0,0]"
CSI_DATA,314,2a:00:00:00:00:00,-38,11,1,0,1,1,1,0,0,0,1,-96,0,11,2,4439409,0,44,0,384,0,"[0,0,0,0,0,0,0,0,0,0,0,0,-11,8,-11,8,-10,8,-10,8,-9,7,-10,7,-9,7,-9,7,-9,7,-8,7,-8,7,-8,7,-7,7,-7,7,-7,7,-7,6,-6,7,-6,6,-5,7,-5,7,-5,6,-5,6,-5,6,-5,6,-5,6,-5,6,0,0,-5,6,-5,6,-5,6,-5,6,-5,5,-5,5,-5,5,-5,4,-6,4,-5,4,-6,3,-5,3,-5,2,-5,2,-5,1,-5,1,-4,1,-5,0,-4,0,-4,0,-4,-1,-4,-1,-3,-1,-3,-1,-3,-1,-3,-2,0,0,0,0,0,0,0,0,0,0,0,0,0,0,73,15,81,17,73,14,73,9,75,16,71,14,69,10,66,8,63,13,63,12,60,8,61,5,59,9,54,4,57,9,58,5,52,5,51,1,47,-4,50,3,50,-3,50,-1,44,-5,42,-8,43,-5,46,-5,44,-8,40,-2,42,-5,48,-5,46,-8,43,-3,44,-6,40,-7,39,-5,38,4,39,-3,40,-1,36,4,37,7,34,4,32,9,29,16,25,3,28,11,24,11,24,15,21,9,17,12,16,13,13,12,14,22,9,17,6,15,3,14,3,12,7,15,0,0,0,0,0,0,0,0,0,0,0,0,0,0,0,0,0,0,0,0,0,0,-17,24,-15,22,-19,17,-17,23,-18,24,-19,23,-17,31,-16,27,-22,29,-19,34,-26,32,-19,34,-23,38,-27,39,-27,39,-28,38,-28,41,-30,44,-25,37,-28,44,-29,41,-28,50,-32,43,-36,47,-34,47,-36,44,-35,49,-37,49,-33,52,-31,50,-31,53,-30,53,-27,56,-21,60,-24,57,-26,56,-26,60,-30,60,-24,60,-26,63,-23,65,-24,67,-27,63,-19,66,-17,68,-14,76,-11,73,-10,71,-13,75,-14,74,-16,74,-16,75,-12,78,-17,77,-16,74,-12,82,-15,83,0,0]"
CSI_DATA,315,2a:00:00:00:00:00,-38,11,1,0,1,1,1,0,0,0,1,-96,0,11,2,4450757,0,44,0,384,0,"[0,0,0,0,0,0,0,0,0,0,0,0,-3,12,-3,12,-3,12,-3,12,-3,12,-3,11,-3,11,-2,10,-2,10,-2,10,-2,10,-2,10,-1,9,-1,9,-1,9,-1,9,0,9,0,8,0,8,0,8,0,8,1,8,0,8,1,8,0,8,0,8,0,0,0,8,0,8,0,8,0,7,0,7,-1,7,-1,7,-1,6,-1,6,-2,6,-2,5,-2,5,-2,5,-2,4,-3,4,-3,4,-3,3,-3,3,-3,3,-3,2,-3,2,-3,2,-3,1,-3,1,-3,0,-3,0,0,0,0,0,0,0,0,0,0,0,0,0,0,0,71,-35,69,-36,67,-34,68,-37,71,-36,61,-30,64,-37,58,-31,58,-36,51,-30,57,-29,58,-30,55,-31,48,-33,47,-27,47,-32,45,-33,41,-34,43,-30,41,-31,41,-29,38,-28,35,-33,32,-31,40,-27,33,-35,33,-30,31,-29,33,-32,31,-28,31,-28,36,-27,28,-27,27,-28,31,-24,33,-25,28,-23,32,-24,34,-20,31,-16,31,-16,29,-10,28,-14,29,-8,25,-7,25,-6,29,-3,24,-2,19,0,21,1,20,3,18,6,15,6,16,6,14,7,13,8,13,12,0,0,0,0,0,0,0,0,0,0,0,0,0,0,0,0,0,0,0,0,0,0,2,28,-1,27,1,29,3,32,0,32,3,30,0,35,-2,29,3,37,5,38,5,37,6,39,2,40,9,46,4,46,5,51,7,48,3,47,3,49,4,53,2,46,7,56,3,62,0,52,6,54,4,57,6,59,5,57,10,61,11,60,10,61,13,60,9,62,10,61,14,63,12,65,17,62,21,63,15,62,18,63,18,64,21,64,23,61,29,64,28,60,30,68,30,62,33,67,32,65,34,64,41,63,42,70,34,67,36,68,42,70,43,68,40,72,0,0]"
CSI_DATA,316,2a:00:00:00:00:00,-38,11,1,0,1,1,1,0,0,0,1,-96,0,11,2,4459414,0,44,0,384,0,"[0,0,0,0,0,0,0,0,0,0,0,0,-10,9,-10,9,-9,8,-10,8,-9,8,-10,8,-9,8,-9,7,-9,7,-7,7,-8,7,-8,7,-7,7,-6,7,-6,7,-6,7,-6,7,-6,6,-5,7,-5,6,-5,6,-5,6,-5,6,-4,7,-5,6,-5,6,0,0,-5,6,-5,6,-5,6,-5,6,-5,5,-5,5,-5,5,-5,4,-6,4,-5,4,-6,3,-5,3,-5,3,-5,2,-5,2,-5,2,-5,1,-5,1,-5,0,-4,0,-4,0,-4,-1,-3,-1,-3,-1,-3,-1,-3,-2,0,0,0,0,0,0,0,0,0,0,0,0,0,0,78,14,75,12,76,10,73,11,75,10,70,11,65,7,66,14,63,3,63,10,62,7,60,2,61,7,54,1,58,5,57,-1,53,2,52,2,47,-2,49,0,54,-2,48,-4,44,-5,46,-6,43,-8,40,-6,41,-5,45,-7,41,-4,43,-7,46,-6,45,-5,38,-2,40,-5,42,-8,34,-2,37,0,34,1,37,3,38,4,32,3,34,6,28,8,29,7,25,11,24,12,22,8,18,12,18,16,19,14,16,14,13,10,8,12,11,17,6,12,3,10,3,12,0,0,0,0,0,0,0,0,0,0,0,0,0,0,0,0,0,0,0,0,0,0,-14,25,-17,22,-17,20,-16,25,-18,25,-20,28,-17,24,-15,31,-16,29,-20,32,-19,32,-17,34,-22,36,-23,38,-25,41,-24,39,-27,42,-25,40,-26,41,-29,40,-28,42,-28,49,-30,44,-31,48,-30,50,-30,55,-30,49,-31,53,-30,53,-28,52,-27,52,-28,54,-26,55,-28,55,-26,60,-23,59,-27,59,-26,59,-21,57,-19,64,-25,62,-19,67,-17,65,-16,62,-16,63,-18,69,-13,67,-10,74,-10,70,-16,72,-12,72,-10,74,-9,72,-10,74,-6,76,-9,76,-11,75,0,0]"
CSI_DATA,317,2a:00:00:00:00:00,-38,11,1,0,1,1,1,0,0,0,1,-96,0,11,2,4470535,0,44,0,384,0,"[0,0,0,0,0,0,0,0,0,0,0,0,6,-12,5,-12,5,-13,5,-12,4,-12,5,-11,5,-11,4,-10,4,-10,4,-11,4,-10,3,-10,3,-10,2,-9,2,-9,2,-10,2,-9,2,-9,1,-9,1,-9,1,-9,1,-9,1,-9,0,-9,1,-9,1,-8,0,0,1,-8,1,-9,1,-8,1,-8,1,-7,1,-8,1,-7,2,-7,2,-7,2,-6,2,-6,2,-5,2,-5,2,-5,3,-4,2,-4,3,-4,3,-3,3,-3,3,-2,3,-2,2,-2,2,-1,2,-1,2,-1,2,0,0,0,0,0,0,0,0,0,0,0,0,0,0,0,-73,31,-70,26,-68,33,-67,28,-64,27,-63,32,-59,30,-61,30,-54,28,-59,29,-56,29,-54,27,-58,26,-51,23,-52,28,-48,29,-43,34,-42,30,-45,27,-40,27,-41,30,-37,27,-35,33,-33,29,-34,27,-38,29,-34,26,-29,29,-32,24,-35,32,-37,26,-33,30,-31,25,-30,30,-27,28,-28,24,-31,24,-31,22,-36,14,-33,13,-32,14,-33,10,-30,8,-27,10,-28,10,-25,4,-31,1,-23,0,-22,2,-24,-8,-23,-3,-20,-6,-15,-6,-12,-7,-13,-7,-13,-10,-10,-12,0,0,0,0,0,0,0,0,0,0,0,0,0,0,0,0,0,0,0,0,0,0,1,-31,2,-27,2,-28,1,-28,-2,-31,0,-30,-1,-33,2,-35,-3,-31,-2,-39,0,-37,-5,-41,-7,-42,0,-43,-7,-44,2,-47,-2,-52,-4,-50,-2,-51,-1,-52,0,-56,0,-60,0,-52,0,-58,-2,-56,-5,-54,-4,-60,-3,-65,-10,-57,-1,-59,-11,-59,-6,-63,-7,-62,-12,-59,-6,-60,-10,-64,-12,-62,-16,-65,-12,-60,-12,-62,-19,-69,-22,-63,-21,-70,-23,-62,-22,-66,-31,-68,-29,-65,-32,-69,-33,-67,-32,-70,-32,-67,-33,-69,-31,-71,-29,-73,-36,-69,-31,-74,-31,-73,0,0]"
CSI_DATA,318,2a:00:00:00:00:00,-38,11,1,0,1,1,1,0,0,0,1,-96,0,11,2,4490165,0,44,0,384,0,"[0,0,0,0,0,0,0,0,0,0,0,0,-8,-12,-8,-12,-8,-11,-7,-12,-7,-11,-7,-10,-7,-10,-7,-10,-7,-9,-7,-9,-7,-9,-7,-8,-7,-8,-7,-8,-7,-8,-7,-8,-7,-7,-7,-7,-7,-7,-7,-7,-7,-7,-7,-7,-7,-6,-7,-6,-7,-6,-7,-6,0,0,-7,-6,-6,-6,-6,-6,-6,-6,-6,-6,-6,-6,-5,-6,-5,-6,-4,-6,-4,-6,-4,-6,-3,-6,-3,-6,-3,-6,-2,-5,-2,-5,-1,-5,-1,-5,-1,-4,0,-4,0,-4,0,-4,0,-3,0,-3,1,-3,1,-2,0,0,0,0,0,0,0,0,0,0,0,0,0,0,-30,70,-25,77,-23,74,-25,68,-21,66,-26,67,-23,69,-26,63,-21,64,-21,58,-24,57,-20,56,-15,56,-14,57,-11,56,-8,56,-13,55,-8,49,-8,51,-10,48,-7,51,-7,49,-5,49,-2,49,-3,50,3,49,-2,44,-1,44,3,43,2,43,-3,43,-2,43,-4,39,-4,42,-7,36,-2,42,-5,37,-6,41,-9,37,-11,37,-9,35,-12,28,-14,26,-12,28,-13,25,-16,21,-18,23,-15,23,-15,13,-17,10,-14,10,-15,8,-12,7,-18,9,-17,3,-17,0,-16,0,0,0,0,0,0,0,0,0,0,0,0,0,0,0,0,0,0,0,0,0,0,0,-20,-21,-19,-19,-17,-21,-21,-25,-19,-25,-26,-25,-21,-25,-24,-26,-25,-28,-24,-29,-29,-28,-27,-29,-30,-25,-30,-31,-34,-35,-31,-37,-34,-36,-35,-34,-35,-37,-35,-40,-36,-40,-42,-41,-38,-36,-43,-41,-42,-47,-44,-39,-38,-40,-42,-40,-43,-37,-44,-40,-46,-39,-49,-41,-45,-41,-44,-40,-50,-39,-48,-38,-57,-34,-58,-37,-56,-38,-57,-32,-62,-37,-64,-33,-62,-33,-63,-27,-64,-29,-58,-32,-64,-31,-69,-27,-69,-29,-71,-27,-70,-24,-77,-27,-77,-28,-74,-28,-76,-24,-79,-28,-79,-28,0,0]"
CSI_DATA,319,2a:00:00:00:00:00,-38,11,1,0,1,1,1,0,0,0,1,-96,0,11,2,4500760,0,44,0,384,0,"[0,0,0,0,0,0,0,0,0,0,0,0,-6,12,-5,11,-5,12,-5,11,-5,12,-5,11,-5,11,-4,10,-4,10,-4,10,-4,10,-4,10,-3,9,-3,9,-2,9,-2,9,-2,8,-2,9,-1,8,-1,8,-1,8,-1,8,-2,8,-1,8,-1,8,-2,8,0,0,-2,8,-1,8,-1,7,-2,7,-2,7,-2,7,-2,7,-2,6,-3,6,-3,6,-3,5,-3,5,-3,5,-3,4,-4,4,-3,3,-3,3,-4,2,-4,2,-4,2,-4,1,-3,1,-4,1,-3,0,-3,0,-3,0,0,0,0,0,0,0,0,0,0,0,0,0,0,0,59,-40,60,-42,59,-40,59,-42,66,-42,58,-36,58,-41,53,-39,53,-38,51,-32,48,-32,53,-35,48,-40,43,-37,46,-35,42,-33,38,-34,39,-34,32,-36,34,-37,37,-37,34,-33,26,-33,25,-37,29,-32,27,-34,33,-36,24,-36,26,-34,30,-31,29,-34,30,-33,25,-34,23,-33,23,-31,27,-27,24,-30,29,-24,28,-23,27,-23,34,-18,24,-20,27,-15,25,-12,24,-11,25,-11,26,-12,25,-8,20,-3,25,-2,21,-4,18,1,17,1,16,3,13,6,13,8,12,10,0,0,0,0,0,0,0,0,0,0,0,0,0,0,0,0,0,0,0,0,0,0,-1,24,-2,29,-2,28,-4,26,-4,28,-3,31,1,30,1,33,3,36,0,39,2,36,2,41,2,41,3,47,4,43,1,47,3,49,0,49,4,50,2,51,2,54,3,57,1,57,2,53,-1,57,0,56,3,56,1,57,3,64,5,56,9,59,7,56,11,58,11,59,9,62,11,59,15,61,17,60,17,58,18,63,22,64,29,64,23,61,31,60,25,58,29,65,31,63,37,68,38,62,38,65,39,62,40,66,38,66,40,67,44,64,40,68,49,64,0,0]"
CSI_DATA,320,2a:00:00:00:00:00,-38,11,1,0,1,1,1,0,0,0,1,-96,0,11,2,4519414,0,44,0,384,0,"[0,0,0,0,0,0,0,0,0,0,0,0,-13,7,-12,6,-12,7,-11,6,-12,6,-11,5,-11,6,-11,5,-10,5,-10,6,-10,5,-10,5,-9,5,-8,5,-8,5,-9,6,-7,5,-8,6,-7,5,-7,5,-7,5,-7,5,-7,6,-6,5,-7,5,-7,5,0,0,-7,5,-7,5,-6,4,-7,5,-6,4,-6,4,-6,4,-6,3,-7,3,-7,3,-6,2,-6,1,-6,1,-5,1,-6,1,-5,0,-5,0,-5,-1,-5,-1,-4,-1,-4,-1,-3,-1,-3,-2,-3,-2,-3,-2,-2,-2,0,0,0,0,0,0,0,0,0,0,0,0,0,0,72,-1,83,-3,80,3,71,-3,76,-2,72,2,70,4,66,2,70,-2,65,-3,64,-4,59,-5,59,-1,54,1,57,-1,56,-7,56,-7,51,-4,47,-8,51,-12,54,-10,46,-10,48,-12,49,-15,41,-12,41,-14,43,-11,40,-12,37,-14,42,-14,39,-16,42,-10,40,-10,42,-11,40,-9,40,-6,35,-10,41,-4,35,-9,37,-3,36,-3,31,-1,33,3,30,5,27,6,27,3,26,8,19,10,17,9,17,10,16,12,15,9,16,12,7,12,2,11,7,11,5,13,0,0,0,0,0,0,0,0,0,0,0,0,0,0,0,0,0,0,0,0,0,0,-14,20,-13,24,-17,23,-16,24,-17,27,-19,25,-19,28,-12,31,-17,34,-15,30,-17,30,-18,32,-20,33,-18,40,-22,41,-23,39,-24,41,-24,41,-23,44,-22,44,-25,41,-26,47,-25,51,-25,49,-27,49,-27,51,-29,49,-23,54,-28,53,-27,54,-25,55,-31,55,-24,57,-19,63,-22,61,-22,58,-19,59,-17,63,-19,64,-16,65,-14,63,-11,67,-8,68,-13,68,-15,69,-4,75,-1,73,-3,71,-2,72,-6,75,-5,78,-4,79,-6,81,-1,73,-4,77,1,77,5,81,0,0]"
CSI_DATA,321,2a:00:00:00:00:00,-38,11,1,0,1,1,1,0,0,0,1,-96,0,11,2,4549539,0,44,0,384,0,"[0,0,0,0,0,0,0,0,0,0,0,0,10,8,10,9,9,8,10,9,9,8,9,8,9,7,9,7,8,7,8,6,8,6,9,5,8,5,8,5,8,5,8,4,8,4,7,4,8,4,8,4,7,3,8,3,7,3,8,3,8,3,8,3,0,0,7,3,7,3,7,3,6,3,7,4,6,3,6,4,5,4,5,3,5,3,4,4,4,4,4,4,3,4,2,4,2,4,2,3,2,3,1,3,1,3,0,3,0,3,0,2,-1,3,-1,2,-1,2,0,0,0,0,0,0,0,0,0,0,0,0,0,0,23,-79,23,-81,18,-79,15,-77,21,-74,14,-71,18,-74,17,-75,12,-66,15,-60,12,-67,13,-63,9,-64,12,-58,3,-58,6,-56,4,-60,2,-52,4,-52,2,-55,1,-52,2,-54,-6,-47,-2,-52,-1,-50,1,-44,-4,-46,-4,-45,-5,-45,-8,-44,-6,-42,-3,-43,0,-48,-1,-45,0,-45,4,-41,5,-43,1,-40,4,-43,8,-34,8,-37,8,-33,14,-32,11,-33,12,-27,13,-25,11,-22,16,-23,13,-15,11,-19,16,-12,9,-14,16,-11,18,-11,13,-7,15,-4,14,-4,0,0,0,0,0,0,0,0,0,0,0,0,0,0,0,0,0,0,0,0,0,0,21,17,19,21,19,15,22,20,24,22,22,21,25,23,23,22,29,19,32,23,31,19,35,27,34,24,37,26,34,24,38,32,36,30,38,34,42,28,40,32,44,37,43,31,48,36,45,33,42,34,49,34,45,35,53,36,51,38,48,28,52,30,52,32,53,37,59,31,56,35,60,30,57,29,63,30,64,27,64,23,65,26,64,27,64,23,70,20,67,23,74,17,71,21,71,21,80,19,78,15,73,20,77,14,78,17,77,15,75,17,84,20,84,18,0,0]"
CSI_DATA,322,2a:00:00:00:00:00,-38,11,1,0,1,1,1,0,0,0,1,-96,0,11,2,4559386,0,44,0,384,0,"[0,0,0,0,0,0,0,0,0,0,0,0,-14,1,-13,1,-13,1,-13,1,-12,1,-12,1,-12,2,-11,2,-11,2,-11,2,-11,1,-10,2,-10,2,-10,2,-9,2,-10,3,-9,3,-9,3,-8,3,-8,3,-8,3,-8,3,-8,3,-8,3,-8,3,-8,3,0,0,-8,3,-8,3,-7,2,-8,3,-7,2,-7,2,-7,2,-7,1,-7,1,-7,1,-7,0,-6,0,-6,-1,-5,-1,-6,-1,-5,-1,-5,-1,-4,-1,-4,-2,-4,-2,-3,-2,-3,-2,-3,-3,-2,-2,-2,-2,-2,-3,0,0,0,0,0,0,0,0,0,0,0,0,0,0,59,47,52,53,53,51,54,45,58,47,50,43,51,46,51,43,46,44,55,35,52,33,49,30,47,32,45,33,45,29,46,27,45,25,41,25,42,27,45,19,47,21,37,22,42,13,40,14,39,15,40,14,45,14,41,12,42,15,42,14,40,17,42,15,38,19,37,17,38,20,34,17,30,16,33,20,33,20,28,16,31,18,23,22,24,22,19,21,18,21,21,20,15,21,16,22,11,22,11,14,7,20,5,18,5,18,-3,19,1,16,-3,13,-5,14,0,0,0,0,0,0,0,0,0,0,0,0,0,0,0,0,0,0,0,0,0,0,-26,8,-24,2,-26,6,-28,6,-33,6,-26,5,-30,8,-31,9,-31,9,-35,9,-34,11,-39,12,-41,11,-42,10,-38,14,-46,13,-41,15,-47,16,-50,15,-50,16,-52,19,-54,19,-53,17,-49,13,-53,18,-55,24,-51,19,-53,18,-55,19,-56,18,-53,24,-57,23,-58,26,-54,30,-55,30,-54,29,-52,32,-54,35,-53,35,-53,38,-55,40,-49,43,-54,42,-53,47,-45,46,-55,47,-50,46,-48,53,-47,51,-50,48,-52,53,-48,58,-51,55,-51,59,-51,57,-51,62,-49,58,0,0]"
CSI_DATA,323,2a:00:00:00:00:00,-38,11,1,0,1,1,1,0,0,0,1,-96,0,11,2,4573431,0,44,0,384,0,"[0,0,0,0,0,0,0,0,0,0,0,0,5,12,5,11,5,12,5,11,5,11,5,10,5,10,5,10,5,9,5,9,4,9,5,9,5,9,5,8,4,8,5,7,5,7,5,7,5,7,5,6,5,6,5,6,5,6,5,6,5,6,5,6,0,0,4,6,5,6,4,6,4,6,4,6,3,6,3,6,3,6,2,5,2,6,2,5,1,5,1,5,1,5,0,5,0,4,0,4,-1,4,-1,3,-1,3,-1,3,-2,3,-2,2,-2,2,-2,1,-2,1,0,0,0,0,0,0,0,0,0,0,0,0,0,0,14,-76,26,-75,19,-72,21,-68,23,-73,22,-65,22,-71,19,-61,18,-63,22,-63,15,-63,19,-61,11,-61,16,-56,14,-56,12,-53,10,-57,8,-52,7,-49,7,-53,7,-48,3,-53,2,-51,2,-44,2,-45,-3,-50,0,-47,0,-45,-2,-47,-2,-46,-2,-45,0,-43,0,-39,5,-43,1,-41,7,-37,3,-36,4,-37,8,-35,11,-38,11,-35,12,-29,16,-31,9,-34,16,-24,10,-22,19,-21,17,-23,16,-15,13,-12,12,-11,16,-9,16,-7,17,-7,15,-3,13,-3,15,-3,0,0,0,0,0,0,0,0,0,0,0,0,0,0,0,0,0,0,0,0,0,0,14,21,13,21,17,19,17,22,20,23,18,20,22,22,23,22,22,25,25,29,23,26,31,29,29,25,29,32,32,29,31,34,32,37,38,36,36,30,35,34,35,38,37,38,41,40,36,36,41,42,44,38,41,40,40,35,48,36,44,39,48,42,46,39,46,36,46,39,46,38,50,33,48,32,59,33,56,28,58,33,58,33,61,34,57,24,65,30,58,28,61,20,63,23,66,22,67,22,72,26,76,21,75,27,68,27,70,25,78,21,73,25,75,20,0,0]"
CSI_DATA,324,2a:00:00:00:00:00,-38,11,1,0,1,1,1,0,0,0,1,-96,0,11,2,4579413,0,44,0,384,0,"[0,0,0,0,0,0,0,0,0,0,0,0,-13,6,-13,6,-12,6,-12,6,-12,6,-12,6,-11,6,-11,6,-11,6,-10,5,-10,5,-10,5,-9,5,-9,5,-8,5,-9,6,-8,6,-8,6,-7,6,-7,6,-7,5,-7,6,-7,6,-6,6,-6,5,-7,5,0,0,-7,6,-7,5,-6,5,-7,5,-6,4,-6,4,-6,4,-6,4,-6,3,-6,3,-6,2,-6,2,-6,2,-5,1,-6,1,-6,1,-5,0,-5,0,-5,0,-4,-1,-4,-1,-4,-1,-3,-2,-3,-2,-3,-2,-2,-2,0,0,0,0,0,0,0,0,0,0,0,0,0,0,77,28,70,31,76,29,71,27,67,24,68,24,62,24,67,17,62,20,62,23,61,24,60,16,55,19,55,18,56,14,56,12,55,13,54,12,49,13,51,7,48,4,50,5,45,3,45,5,40,7,44,5,46,5,40,5,43,5,40,0,45,3,44,5,37,5,42,5,36,1,36,11,35,12,36,7,33,10,37,15,29,16,28,10,25,12,26,19,26,17,21,13,17,15,17,18,13,18,8,15,12,16,9,16,3,13,1,16,7,14,-2,11,3,13,0,0,0,0,0,0,0,0,0,0,0,0,0,0,0,0,0,0,0,0,0,0,-22,13,-21,16,-21,12,-25,19,-24,17,-25,19,-25,19,-27,21,-25,20,-24,19,-30,25,-31,24,-30,26,-29,28,-30,28,-35,31,-38,31,-38,35,-43,33,-40,31,-41,32,-46,33,-41,35,-40,33,-44,35,-40,33,-39,37,-48,38,-46,36,-47,41,-42,43,-42,47,-41,39,-41,46,-40,47,-42,43,-37,47,-38,48,-37,50,-36,55,-37,53,-33,60,-35,60,-35,60,-33,61,-30,58,-30,62,-24,68,-32,65,-29,65,-31,70,-29,71,-32,76,-36,68,-26,68,-31,72,-33,68,0,0]"
CSI_DATA,325,2a:00:00:00:00:00,-38,11,1,0,1,1,1,0,0,0,1,-96,0,11,2,4589455,0,44,0,384,0,"[0,0,0,0,0,0,0,0,0,0,0,0,-7,11,-7,11,-7,11,-7,10,-6,10,-6,10,-6,10,-6,9,-6,9,-5,9,-5,9,-5,9,-4,9,-4,8,-4,8,-4,8,-3,8,-3,8,-2,8,-2,8,-3,8,-3,8,-3,7,-2,8,-2,7,-2,7,0,0,-2,7,-2,7,-2,7,-3,7,-2,6,-3,6,-3,6,-3,5,-4,6,-3,5,-3,5,-3,4,-4,4,-4,4,-4,3,-4,3,-4,2,-4,2,-4,1,-4,1,-4,1,-3,0,-3,0,-3,0,-3,0,-3,-1,0,0,0,0,0,0,0,0,0,0,0,0,0,0,71,-6,75,-8,76,-13,75,-7,72,-7,71,-5,65,-7,67,-7,58,-11,67,-7,66,-7,56,-9,60,-9,51,-12,56,-10,52,-14,52,-12,49,-16,52,-12,49,-13,52,-17,49,-13,44,-16,40,-12,38,-17,43,-16,40,-17,34,-20,43,-16,40,-16,39,-17,41,-15,37,-17,40,-17,41,-13,34,-14,37,-6,33,-8,37,-3,33,-4,35,-1,31,-3,29,2,25,3,25,2,29,0,26,6,22,6,20,5,17,7,17,11,16,11,12,10,10,12,8,12,9,10,5,11,0,0,0,0,0,0,0,0,0,0,0,0,0,0,0,0,0,0,0,0,0,0,-14,25,-15,25,-17,27,-13,25,-15,22,-16,28,-17,28,-18,28,-16,32,-15,30,-10,32,-17,35,-16,40,-15,41,-18,41,-17,39,-18,44,-18,46,-20,46,-23,45,-23,45,-26,49,-21,49,-23,51,-24,49,-23,58,-23,49,-19,57,-21,54,-19,57,-21,55,-23,57,-17,56,-17,58,-17,61,-18,61,-12,61,-13,63,-11,63,-12,67,-9,66,-14,68,-6,70,-2,67,-4,72,-5,75,-4,72,5,71,1,74,1,71,7,76,6,81,4,79,5,74,9,76,7,81,1,82,0,0]"
CSI_DATA,326,2a:00:00:00:00:00,-38,11,1,0,1,1,1,0,0,0,1,-96,0,11,2,4599599,0,44,0,384,0,"[0,0,0,0,0,0,0,0,0,0,0,0,13,1,13,1,12,1,12,1,12,1,12,1,11,1,11,0,11,0,10,0,10,0,10,-1,9,-1,9,-1,9,-1,9,-1,9,-1,9,-1,8,-1,8,-1,8,-1,8,-1,8,-2,7,-2,8,-2,8,-2,0,0,8,-2,7,-1,7,-1,7,-1,7,-1,7,0,6,0,6,0,6,0,6,0,5,1,5,1,5,1,4,1,4,2,4,2,3,2,3,2,3,2,2,2,2,2,1,2,1,2,1,2,0,2,0,2,0,0,0,0,0,0,0,0,0,0,0,0,0,0,-26,-79,-31,-76,-25,-68,-24,-64,-35,-74,-27,-66,-27,-61,-26,-61,-25,-63,-29,-57,-22,-59,-23,-55,-25,-53,-25,-54,-29,-49,-33,-47,-27,-54,-28,-42,-30,-49,-24,-43,-32,-39,-31,-39,-29,-36,-25,-40,-27,-38,-26,-39,-32,-31,-31,-31,-28,-31,-29,-30,-32,-33,-33,-35,-27,-35,-24,-31,-28,-32,-20,-32,-21,-39,-20,-31,-19,-33,-19,-32,-19,-28,-16,-29,-11,-28,-10,-29,-12,-32,-3,-24,-6,-26,-4,-26,-2,-22,4,-23,3,-18,4,-17,9,-24,4,-17,10,-12,6,-8,6,-11,0,0,0,0,0,0,0,0,0,0,0,0,0,0,0,0,0,0,0,0,0,0,27,10,29,10,28,9,26,10,29,9,28,5,25,7,31,8,33,10,34,7,39,11,37,4,42,6,43,4,43,7,46,10,47,10,47,7,48,7,50,12,54,11,54,12,54,8,54,8,57,7,54,4,55,8,54,5,61,10,58,2,62,1,61,4,62,7,62,4,65,0,64,-3,64,-6,64,-9,65,-5,67,-11,69,-10,67,-12,63,-16,67,-18,65,-14,66,-21,72,-21,69,-20,75,-20,72,-24,73,-23,73,-31,75,-25,71,-29,77,-30,77,-30,75,-30,0,0]"
CSI_DATA,327,2a:00:00:00:00:00,-38,11,1,0,1,1,1,0,0,0,1,-96,0,11,2,4619396,0,44,0,384,0,"[0,0,0,0,0,0,0,0,0,0,0,0,-14,1,-14,1,-13,1,-13,1,-13,1,-12,1,-12,1,-12,1,-12,1,-11,2,-11,2,-11,2,-10,2,-10,2,-10,2,-10,2,-9,3,-9,3,-9,3,-8,3,-8,3,-8,3,-8,3,-8,3,-8,3,-8,3,0,0,-8,3,-8,2,-8,2,-8,2,-7,2,-7,1,-7,1,-7,1,-7,1,-7,1,-7,0,-6,0,-6,-1,-6,-1,-6,-1,-5,-1,-5,-2,-5,-2,-4,-2,-4,-2,-4,-2,-3,-2,-3,-2,-3,-2,-2,-3,-2,-3,0,0,0,0,0,0,0,0,0,0,0,0,0,0,56,50,60,53,59,49,64,45,61,46,57,40,56,40,53,40,55,38,51,36,53,38,50,31,53,34,50,36,48,28,48,30,48,26,40,24,41,24,48,17,47,16,42,18,42,19,42,15,40,19,40,16,45,16,40,15,46,14,45,14,45,17,43,10,37,18,39,17,37,14,36,18,36,19,33,21,33,22,31,15,31,17,29,17,23,22,21,19,19,23,20,23,16,19,17,20,8,18,9,18,9,20,6,21,4,23,2,22,3,16,-6,14,-5,13,0,0,0,0,0,0,0,0,0,0,0,0,0,0,0,0,0,0,0,0,0,0,-29,6,-29,6,-29,5,-28,5,-32,5,-31,5,-29,9,-34,11,-34,11,-38,12,-38,10,-42,14,-38,14,-40,15,-45,14,-42,21,-45,16,-48,17,-50,21,-47,21,-50,18,-54,21,-52,18,-57,22,-55,18,-53,26,-53,24,-53,23,-57,29,-53,26,-58,29,-56,26,-56,28,-53,31,-59,32,-58,34,-57,39,-58,37,-54,37,-52,40,-51,40,-52,49,-54,46,-55,49,-49,49,-46,52,-49,54,-54,55,-50,58,-55,58,-50,56,-49,59,-48,55,-48,64,-51,66,-51,59,-50,55,0,0]"
CSI_DATA,328,2a:00:00:00:00:00,-38,11,1,0,1,1,1,0,0,0,1,-96,0,11,2,4629395,0,44,0,384,0,"[0,0,0,0,0,0,0,0,0,0,0,0,-14,1,-14,1,-13,1,-13,1,-12,1,-13,1,-12,1,-12,1,-12,1,-11,1,-11,1,-11,2,-10,2,-10,2,-10,2,-10,2,-10,2,-9,2,-9,3,-9,3,-8,2,-8,3,-8,3,-8,3,-8,3,-8,3,0,0,-8,3,-8,2,-8,2,-8,2,-8,2,-7,1,-7,1,-7,1,-7,1,-7,0,-7,0,-6,0,-6,-1,-6,-1,-6,-1,-5,-1,-5,-2,-4,-2,-4,-2,-4,-2,-4,-2,-3,-2,-3,-2,-2,-3,-2,-2,-2,-3,0,0,0,0,0,0,0,0,0,0,0,0,0,0,46,61,47,62,45,56,47,55,49,53,46,50,41,49,43,53,41,47,44,47,43,45,44,41,42,40,39,45,41,39,40,35,39,35,43,30,38,31,41,28,41,26,40,26,35,24,39,22,36,27,37,26,38,17,37,20,40,22,37,22,35,20,39,16,37,21,35,23,34,22,28,23,31,21,29,24,29,21,31,21,27,21,23,23,23,26,16,23,12,23,15,21,14,24,12,23,10,19,8,18,1,15,-1,22,-2,17,-1,17,1,18,-2,15,-1,11,0,0,0,0,0,0,0,0,0,0,0,0,0,0,0,0,0,0,0,0,0,0,-27,-4,-31,-3,-31,-7,-32,-1,-29,0,-30,0,-31,-2,-34,0,-33,3,-32,2,-35,1,-42,4,-42,1,-43,4,-47,2,-45,4,-48,5,-49,2,-49,3,-51,5,-55,4,-53,6,-54,6,-56,5,-57,7,-59,8,-53,9,-58,10,-59,5,-59,10,-60,13,-59,9,-61,14,-61,19,-63,13,-61,17,-61,21,-61,21,-60,21,-62,30,-65,24,-60,34,-63,30,-64,34,-61,33,-56,32,-60,37,-59,42,-64,39,-60,41,-62,40,-61,49,-61,46,-58,49,-67,46,-67,49,-62,49,0,0]"
CSI_DATA,329,2a:00:00:00:00:00,-38,11,1,0,1,1,1,0,0,0,1,-96,0,11,2,4649802,0,44,0,384,0,"[0,0,0,0,0,0,0,0,0,0,0,0,-14,-3,-13,-3,-13,-3,-13,-3,-13,-3,-12,-3,-12,-2,-12,-2,-12,-2,-11,-2,-11,-1,-11,-1,-10,-1,-10,-1,-10,-1,-10,0,-10,0,-10,0,-9,0,-9,0,-9,0,-9,1,-9,1,-8,1,-9,0,-9,1,0,0,-9,1,-8,0,-8,0,-8,0,-8,-1,-8,-1,-7,-1,-7,-1,-7,-1,-7,-1,-7,-2,-6,-2,-6,-2,-5,-2,-5,-2,-5,-2,-4,-3,-4,-3,-4,-3,-3,-3,-3,-3,-2,-3,-2,-3,-2,-3,-1,-3,-1,-3,0,0,0,0,0,0,0,0,0,0,0,0,0,0,27,71,30,70,30,71,29,66,36,64,30,64,28,61,33,63,25,56,26,53,29,54,26,55,28,54,26,49,27,46,32,42,32,45,31,42,30,45,30,34,30,38,34,34,31,37,29,33,31,34,32,35,34,30,32,33,30,28,34,26,31,29,31,26,27,28,28,28,25,25,23,31,23,31,28,33,18,28,19,27,17,25,14,27,17,31,11,26,7,26,6,24,7,25,5,20,0,23,-1,22,-1,22,-4,18,-4,18,-2,15,-8,15,-4,11,-6,8,0,0,0,0,0,0,0,0,0,0,0,0,0,0,0,0,0,0,0,0,0,0,-27,-11,-27,-8,-25,-12,-26,-4,-25,-4,-27,-5,-29,-12,-30,-8,-33,-8,-35,-5,-37,-6,-44,-2,-35,-6,-46,-13,-48,-2,-38,-7,-49,-11,-44,-5,-50,-4,-47,-11,-52,-14,-59,-7,-52,-10,-58,-5,-55,-8,-60,-6,-59,-7,-59,-4,-62,0,-59,-3,-59,-1,-61,-3,-61,0,-63,3,-68,2,-61,-1,-60,7,-64,7,-66,9,-67,13,-68,13,-64,20,-65,21,-68,15,-65,16,-65,18,-67,22,-63,24,-74,23,-68,25,-68,25,-70,29,-77,25,-65,30,-69,29,-74,31,-72,31,0,0]"
CSI_DATA,330,2a:00:00:00:00:00,-38,11,1,0,1,1,1,0,0,0,1,-96,0,11,2,4660160,0,44,0,384,0,"[0,0,0,0,0,0,0,0,0,0,0,0,-4,-14,-5,-13,-5,-13,-4,-13,-4,-13,-4,-12,-4,-12,-4,-11,-4,-11,-4,-11,-5,-11,-5,-10,-5,-10,-5,-10,-5,-9,-5,-9,-5,-9,-5,-8,-5,-8,-5,-8,-5,-8,-5,-8,-5,-8,-6,-8,-5,-8,-5,-8,0,0,-5,-8,-5,-8,-5,-8,-4,-7,-4,-7,-4,-7,-3,-7,-3,-7,-2,-7,-2,-7,-2,-6,-2,-6,-1,-6,-1,-6,0,-5,0,-5,0,-5,0,-5,0,-4,1,-4,1,-3,1,-4,1,-3,1,-2,1,-2,1,-2,0,0,0,0,0,0,0,0,0,0,0,0,0,0,-44,70,-48,62,-42,66,-45,60,-41,58,-43,61,-38,56,-42,61,-36,53,-37,56,-33,51,-33,51,-31,53,-23,55,-28,43,-23,46,-24,49,-22,47,-21,48,-23,44,-21,47,-20,42,-14,49,-14,45,-12,42,-12,47,-13,42,-12,43,-10,42,-15,41,-15,43,-14,43,-12,41,-11,42,-12,38,-14,37,-15,35,-17,38,-15,36,-20,33,-21,27,-23,27,-21,28,-23,25,-21,22,-21,16,-22,17,-20,15,-21,11,-24,9,-20,14,-19,3,-18,7,-17,4,-19,-2,-16,-4,-18,-2,0,0,0,0,0,0,0,0,0,0,0,0,0,0,0,0,0,0,0,0,0,0,-11,-29,-10,-27,-10,-27,-9,-30,-10,-27,-11,-28,-12,-32,-14,-32,-12,-33,-12,-33,-16,-39,-17,-38,-19,-40,-18,-41,-23,-42,-19,-45,-22,-45,-20,-43,-23,-45,-27,-49,-22,-47,-28,-47,-21,-48,-21,-50,-24,-50,-28,-55,-23,-54,-32,-55,-25,-52,-35,-54,-34,-50,-36,-58,-33,-51,-38,-52,-33,-52,-36,-52,-41,-53,-41,-48,-41,-52,-48,-52,-47,-53,-44,-48,-47,-50,-54,-49,-51,-49,-54,-39,-55,-45,-63,-48,-67,-43,-63,-47,-63,-49,-60,-46,-70,-48,-58,-45,-66,-46,-69,-47,-70,-44,0,0]"
CSI_DATA,331,2a:00:00:00:00:00,-38,11,1,0,1,1,1,0,0,0,1,-96,0,11,2,4681289,0,44,0,384,0,"[0,0,0,0,0,0,0,0,0,0,0,0,11,5,12,5,11,5,11,5,10,4,10,4,10,4,10,3,10,3,9,3,9,3,9,2,9,2,9,2,9,2,8,1,9,1,8,1,8,1,8,1,8,1,8,1,8,0,8,0,8,1,8,0,0,0,7,0,7,1,7,1,7,1,7,1,7,1,6,1,6,2,6,2,5,2,5,2,5,2,4,2,4,3,3,2,3,3,3,3,2,3,2,2,2,2,1,2,1,2,0,2,0,2,0,2,-1,2,0,0,0,0,0,0,0,0,0,0,0,0,0,0,-8,-76,-8,-77,-8,-77,-12,-67,-7,-74,-9,-71,-6,-68,-7,-68,-8,-62,-7,-62,-14,-61,-12,-58,-12,-54,-9,-53,-13,-51,-15,-50,-10,-59,-18,-54,-13,-51,-17,-46,-15,-43,-20,-43,-18,-43,-20,-42,-19,-42,-21,-43,-19,-41,-15,-42,-18,-40,-15,-36,-17,-40,-16,-36,-18,-42,-16,-39,-14,-34,-13,-37,-16,-39,-13,-42,-12,-37,-6,-34,-6,-32,-3,-33,1,-32,2,-32,-1,-29,4,-27,3,-24,5,-23,5,-22,8,-19,12,-18,8,-13,9,-15,13,-13,12,-9,13,-8,13,-7,0,0,0,0,0,0,0,0,0,0,0,0,0,0,0,0,0,0,0,0,0,0,24,16,23,16,23,16,26,14,26,12,24,11,28,13,27,13,31,12,32,13,32,17,35,13,37,15,37,20,43,12,37,16,39,14,44,16,43,19,43,16,52,15,52,20,51,16,46,20,53,23,49,21,51,20,53,18,55,21,58,16,56,18,55,16,60,13,61,13,63,12,58,10,60,8,62,10,67,10,67,8,65,1,69,1,67,0,71,-1,66,0,72,1,72,-7,68,-5,74,-5,79,-7,75,-5,72,-3,77,-11,73,-11,78,-5,79,-7,76,-8,0,0]"
CSI_DATA,332,2a:00:00:00:00:00,-38,11,1,0,1,1,1,0,0,0,1,-96,0,11,2,4689446,0,44,0,384,0,"[0,0,0,0,0,0,0,0,0,0,0,0,-8,11,-7,11,-7,11,-7,11,-7,10,-7,10,-6,10,-6,9,-6,9,-5,9,-6,9,-5,9,-5,9,-4,9,-4,8,-4,9,-4,8,-4,8,-3,8,-3,8,-3,8,-3,8,-3,8,-2,8,-3,8,-3,8,0,0,-3,7,-3,7,-3,7,-3,7,-3,6,-4,6,-4,6,-4,6,-4,5,-4,5,-4,5,-4,4,-4,3,-4,3,-4,3,-4,2,-5,2,-4,1,-4,1,-4,1,-4,0,-4,0,-3,0,-3,-1,-3,-1,-3,-1,0,0,0,0,0,0,0,0,0,0,0,0,0,0,75,-19,72,-15,78,-13,76,-9,72,-14,75,-12,63,-15,70,-11,64,-11,65,-9,63,-10,59,-12,61,-11,53,-9,58,-15,53,-13,53,-18,48,-17,51,-15,45,-14,47,-16,48,-13,44,-19,44,-14,40,-18,41,-16,43,-15,42,-17,40,-16,43,-22,40,-12,40,-9,41,-13,37,-10,37,-11,39,-13,37,-9,36,-7,34,-5,36,-3,36,-5,31,2,31,0,27,1,29,3,25,4,24,6,26,9,20,7,20,9,17,14,12,16,13,14,5,12,11,11,4,13,5,11,0,0,0,0,0,0,0,0,0,0,0,0,0,0,0,0,0,0,0,0,0,0,-10,29,-10,23,-4,26,-8,32,-7,31,-9,30,-9,31,-6,33,-4,32,2,32,-5,38,-8,38,-7,40,-6,41,-4,41,-10,42,-6,48,-7,46,-5,50,-11,46,-7,49,-13,52,-11,52,-12,57,-11,57,-8,54,-11,57,-7,59,-8,56,-8,63,-13,58,-9,59,-8,63,-4,59,-5,66,-9,65,-3,65,-2,64,1,66,2,65,6,71,6,64,2,73,7,66,6,71,2,77,4,71,10,73,9,74,12,76,14,77,15,77,12,79,11,77,14,79,12,81,20,77,0,0]"
CSI_DATA,333,2a:00:00:00:00:00,-38,11,1,0,1,1,1,0,0,0,1,-96,0,11,2,4699609,0,44,0,384,0,"[0,0,0,0,0,0,0,0,0,0,0,0,12,-7,12,-7,12,-7,11,-6,11,-6,11,-6,11,-6,10,-6,10,-6,9,-6,9,-6,9,-7,8,-6,8,-6,8,-6,8,-6,7,-6,7,-6,6,-6,7,-6,6,-6,6,-6,7,-6,6,-6,6,-6,6,-6,0,0,6,-6,6,-6,6,-5,6,-5,6,-4,6,-4,6,-4,6,-4,6,-3,6,-3,6,-3,5,-2,5,-2,5,-1,5,-1,4,-1,4,0,4,0,3,0,3,1,3,1,3,1,2,1,2,1,2,1,1,1,0,0,0,0,0,0,0,0,0,0,0,0,0,0,-68,-31,-66,-32,-61,-34,-69,-32,-71,-27,-64,-27,-64,-32,-63,-28,-58,-27,-61,-24,-55,-24,-55,-23,-56,-23,-55,-21,-54,-16,-53,-12,-54,-13,-52,-13,-47,-17,-50,-11,-51,-6,-49,-14,-45,-9,-46,-12,-44,-7,-41,-4,-43,-5,-45,-1,-43,-7,-46,-3,-41,-4,-44,-7,-40,-9,-41,-9,-39,-9,-40,-13,-35,-7,-35,-13,-36,-15,-33,-12,-32,-18,-29,-14,-24,-18,-24,-14,-22,-12,-23,-16,-21,-15,-18,-18,-16,-15,-13,-16,-6,-19,-11,-14,-7,-16,-4,-17,-1,-17,-1,-13,-1,-10,0,0,0,0,0,0,0,0,0,0,0,0,0,0,0,0,0,0,0,0,0,0,25,-14,19,-13,25,-11,26,-13,24,-17,25,-15,24,-19,25,-20,25,-19,27,-20,30,-22,32,-22,34,-28,32,-24,36,-25,33,-27,37,-26,38,-30,37,-38,38,-33,39,-30,43,-33,42,-36,43,-36,42,-36,40,-41,46,-37,44,-39,41,-38,43,-39,36,-38,44,-44,43,-44,41,-43,41,-50,43,-47,40,-49,40,-57,38,-49,39,-55,37,-55,38,-57,37,-59,35,-58,34,-57,36,-65,33,-64,34,-70,36,-66,33,-65,33,-66,28,-72,35,-69,30,-72,30,-71,30,-69,33,-70,0,0]"
CSI_DATA,334,2a:00:00:00:00:00,-38,11,1,0,1,1,1,0,0,0,1,-96,0,11,2,4709405,0,44,0,384,0,"[0,0,0,0,0,0,0,0,0,0,0,0,-12,8,-11,8,-10,8,-10,8,-10,7,-10,7,-10,7,-9,7,-9,7,-8,7,-9,7,-8,7,-8,7,-7,7,-7,6,-7,7,-7,7,-7,6,-6,7,-6,6,-6,6,-6,6,-6,6,-5,6,-6,6,-6,6,0,0,-6,6,-6,6,-6,5,-6,5,-6,5,-6,5,-6,4,-6,4,-6,3,-6,3,-6,3,-6,2,-6,2,-5,2,-6,1,-5,1,-5,0,-5,0,-4,0,-4,-1,-4,-1,-3,-1,-3,-1,-3,-2,-3,-2,-2,-2,0,0,0,0,0,0,0,0,0,0,0,0,0,0,73,20,69,25,74,14,73,19,75,15,70,16,67,12,61,15,66,16,68,17,66,18,61,15,57,12,54,11,56,9,56,5,54,5,48,4,48,3,52,4,52,2,45,-1,47,0,45,-3,47,5,43,-3,49,-5,43,-4,41,-4,45,-7,45,-3,44,-4,39,-1,39,2,42,-4,39,1,35,5,38,8,37,8,36,8,37,9,32,8,31,15,26,11,25,14,26,13,22,12,19,16,18,15,14,15,13,16,12,18,6,16,7,13,8,14,7,13,2,9,0,0,0,0,0,0,0,0,0,0,0,0,0,0,0,0,0,0,0,0,0,0,-22,20,-23,18,-23,17,-22,16,-22,19,-22,18,-22,19,-19,26,-27,26,-24,24,-22,26,-24,35,-31,31,-28,32,-29,31,-31,32,-33,35,-30,40,-33,42,-34,37,-30,38,-36,41,-31,40,-39,38,-38,43,-39,46,-38,45,-37,45,-36,44,-38,42,-32,49,-39,49,-37,53,-37,53,-35,51,-37,56,-31,57,-35,58,-33,57,-27,58,-26,59,-27,66,-26,67,-22,67,-21,67,-31,69,-25,67,-18,71,-21,67,-26,67,-20,72,-21,75,-20,81,-27,77,-13,78,-19,75,-23,70,0,0]"
CSI_DATA,335,2a:00:00:00:00:00,-38,11,1,0,1,1,1,0,0,0,1,-96,0,11,2,4719747,0,44,0,384,0,"[0,0,0,0,0,0,0,0,0,0,0,0,-12,-7,-12,-7,-12,-6,-12,-7,-11,-6,-11,-6,-11,-6,-11,-5,-10,-5,-10,-5,-10,-4,-10,-4,-10,-4,-9,-3,-9,-4,-10,-3,-9,-3,-9,-3,-9,-2,-9,-2,-9,-2,-9,-2,-9,-2,-9,-2,-9,-2,-9,-2,0,0,-8,-2,-8,-2,-8,-2,-8,-2,-7,-2,-7,-3,-7,-3,-7,-3,-6,-3,-6,-3,-6,-3,-5,-3,-5,-4,-5,-4,-4,-4,-4,-4,-4,-4,-3,-4,-3,-4,-2,-3,-2,-4,-2,-4,-1,-3,-1,-3,-1,-3,0,-3,0,0,0,0,0,0,0,0,0,0,0,0,0,0,11,79,6,76,9,75,8,71,9,70,9,70,9,69,11,65,10,64,11,60,12,59,10,58,11,56,14,53,15,48,16,52,17,53,18,48,15,50,19,43,18,45,19,41,19,44,17,41,15,41,15,41,24,38,19,39,20,37,20,35,18,33,20,40,17,37,15,40,19,35,10,35,11,36,8,35,11,39,5,33,6,33,6,32,0,31,3,30,1,29,-7,27,-6,21,-7,21,-4,18,-7,24,-11,21,-8,14,-10,14,-10,13,-9,11,-12,7,-11,5,0,0,0,0,0,0,0,0,0,0,0,0,0,0,0,0,0,0,0,0,0,0,-20,-12,-27,-9,-23,-13,-25,-12,-27,-14,-27,-10,-27,-12,-29,-13,-30,-15,-32,-13,-33,-15,-38,-11,-42,-15,-40,-13,-42,-17,-41,-13,-44,-16,-42,-13,-46,-16,-47,-21,-50,-20,-48,-18,-48,-18,-50,-17,-46,-19,-52,-20,-60,-15,-56,-17,-51,-15,-60,-16,-54,-12,-58,-17,-58,-14,-63,-18,-60,-14,-63,-10,-59,-11,-61,-6,-65,-4,-66,-5,-63,0,-63,-3,-70,1,-71,2,-67,3,-65,8,-68,5,-71,4,-70,7,-71,4,-71,10,-70,16,-80,13,-68,7,-82,13,-80,10,-73,17,0,0]"
CSI_DATA,336,2a:00:00:00:00:00,-38,11,1,0,1,1,1,0,0,0,1,-96,0,11,2,4729810,0,44,0,384,0,"[0,0,0,0,0,0,0,0,0,0,0,0,-13,6,-13,6,-12,6,-12,5,-11,6,-11,5,-11,5,-11,5,-10,5,-10,5,-10,5,-10,5,-9,5,-9,5,-8,5,-8,5,-8,5,-8,5,-7,5,-7,5,-7,5,-7,5,-7,5,-6,5,-7,5,-7,5,0,0,-7,5,-7,5,-7,4,-7,4,-6,4,-7,4,-6,3,-6,3,-7,3,-7,2,-6,2,-6,1,-6,1,-6,1,-6,0,-5,0,-5,0,-5,-1,-4,-1,-4,-1,-4,-2,-3,-2,-3,-2,-3,-2,-2,-2,-2,-2,0,0,0,0,0,0,0,0,0,0,0,0,0,0,73,18,69,22,72,18,69,21,68,22,66,19,62,16,60,17,62,21,61,16,58,14,58,18,65,8,58,15,53,13,54,15,50,7,48,8,42,8,51,6,46,2,48,6,43,1,44,1,44,2,44,4,47,3,45,1,39,6,41,0,39,2,42,6,44,5,35,9,42,3,31,9,32,9,34,10,38,10,32,8,30,13,26,15,25,16,22,16,17,18,23,16,24,18,18,15,13,19,12,14,9,17,8,14,4,12,4,16,0,13,-2,15,-1,10,0,0,0,0,0,0,0,0,0,0,0,0,0,0,0,0,0,0,0,0,0,0,-19,18,-20,16,-18,20,-19,22,-23,19,-18,18,-21,22,-20,22,-19,26,-21,29,-23,25,-26,28,-26,31,-30,32,-26,32,-29,33,-29,36,-31,35,-27,37,-31,39,-33,39,-31,38,-36,41,-38,43,-33,42,-35,43,-37,42,-33,46,-41,44,-36,44,-34,47,-32,47,-33,49,-30,53,-35,57,-29,52,-29,57,-32,54,-33,58,-25,54,-30,56,-28,60,-24,61,-25,66,-26,62,-27,65,-22,62,-22,72,-17,70,-23,75,-23,70,-26,74,-21,72,-21,74,-25,72,-25,74,-23,74,0,0]"
CSI_DATA,337,2a:00:00:00:00:00,-38,11,1,0,1,1,1,0,0,0,1,-96,0,11,2,4739469,0,44,0,384,0,"[0,0,0,0,0,0,0,0,0,0,0,0,4,12,5,12,4,11,4,12,4,11,4,11,4,10,4,10,4,10,5,9,4,9,5,9,5,8,5,8,5,8,5,7,5,7,4,7,5,7,5,7,5,7,5,7,5,6,5,6,5,6,5,6,0,0,5,6,4,6,4,6,4,6,4,6,3,6,3,6,3,6,2,6,2,5,2,5,1,5,1,5,1,5,0,4,0,4,0,4,-1,4,-1,3,-1,3,-1,3,-2,3,-2,2,-2,2,-2,1,-2,1,0,0,0,0,0,0,0,0,0,0,0,0,0,0,50,-61,48,-62,48,-60,46,-57,42,-57,45,-52,38,-54,43,-56,38,-54,40,-55,40,-45,34,-52,39,-49,32,-46,29,-45,30,-50,23,-49,23,-53,24,-49,26,-41,27,-48,20,-39,18,-46,18,-45,18,-41,15,-45,11,-40,14,-43,12,-41,13,-42,16,-41,17,-45,13,-44,17,-39,13,-40,13,-38,17,-32,20,-34,16,-36,20,-28,20,-28,23,-25,18,-26,18,-21,16,-20,21,-16,18,-17,20,-16,17,-9,20,-9,18,-9,19,-6,14,0,16,-1,12,1,15,3,12,2,0,0,0,0,0,0,0,0,0,0,0,0,0,0,0,0,0,0,0,0,0,0,4,26,5,26,8,24,4,28,8,27,7,26,7,32,7,30,8,34,8,32,8,36,12,36,12,35,12,38,15,41,14,43,12,44,17,44,17,48,19,46,19,48,21,52,16,47,19,48,21,51,22,53,20,52,24,57,25,51,23,53,27,55,27,56,27,53,33,50,31,52,30,54,30,54,36,47,39,55,45,53,42,56,44,50,45,55,50,55,43,52,46,53,51,52,54,54,53,51,59,47,56,49,62,46,57,53,57,51,64,51,67,49,56,46,0,0]"
CSI_DATA,338,2a:00:00:00:00:00,-38,11,1,0,1,1,1,0,0,0,1,-96,0,11,2,4759390,0,44,0,384,0,"[0,0,0,0,0,0,0,0,0,0,0,0,-10,10,-9,10,-9,10,-9,9,-8,10,-8,9,-8,9,-7,9,-7,8,-7,9,-7,8,-6,8,-6,8,-5,8,-5,8,-5,8,-5,8,-5,8,-4,8,-4,8,-4,7,-4,7,-4,7,-3,7,-4,7,-4,7,0,0,-4,7,-4,7,-4,7,-4,6,-4,6,-4,6,-4,6,-4,5,-5,5,-5,5,-5,4,-5,4,-4,3,-4,3,-5,2,-5,2,-4,2,-4,1,-4,1,-4,0,-4,0,-4,0,-3,-1,-3,-1,-3,-1,-3,-1,0,0,0,0,0,0,0,0,0,0,0,0,0,0,79,-3,71,4,78,-9,74,-4,75,-5,67,-5,67,-4,66,-8,63,-5,69,-5,62,-8,63,-4,62,-6,54,-9,56,-8,56,-12,53,-16,51,-10,49,-12,49,-14,50,-17,47,-18,42,-14,39,-14,45,-16,37,-16,43,-15,39,-18,39,-15,44,-17,40,-16,42,-14,39,-14,38,-13,39,-14,37,-14,35,-12,36,-9,33,-8,32,-2,37,-6,33,0,29,1,32,3,25,1,29,3,26,7,22,9,19,6,21,10,13,10,14,12,14,8,12,10,6,9,9,9,5,13,0,0,0,0,0,0,0,0,0,0,0,0,0,0,0,0,0,0,0,0,0,0,-20,22,-17,19,-20,21,-21,19,-21,23,-16,25,-17,23,-15,26,-19,29,-19,28,-18,33,-20,37,-20,37,-19,34,-21,41,-23,37,-20,42,-21,45,-21,48,-25,43,-23,44,-27,52,-28,44,-27,47,-25,48,-28,52,-26,49,-24,52,-25,54,-23,58,-24,53,-24,54,-20,57,-20,56,-22,56,-17,63,-18,61,-15,65,-12,59,-10,68,-11,67,-11,67,-8,68,-5,70,-8,67,-4,72,-4,68,1,74,-4,72,-3,73,-2,75,-1,78,-3,80,3,76,1,81,0,79,7,82,0,0]"
CSI_DATA,339,2a:00:00:00:00:00,-38,11,1,0,1,1,1,0,0,0,1,-96,0,11,2,4799942,0,44,0,384,0,"[0,0,0,0,0,0,0,0,0,0,0,0,13,3,12,3,12,3,12,3,11,3,11,3,11,2,11,2,10,2,10,2,10,1,10,1,9,1,9,1,9,1,9,0,9,0,9,0,8,0,8,0,8,0,8,-1,8,-1,8,-1,8,-1,8,-1,0,0,8,-1,8,0,7,0,7,0,7,0,6,0,6,1,6,1,6,1,6,1,5,1,5,1,5,1,4,2,4,2,3,2,3,2,3,2,2,2,2,2,1,2,1,2,1,2,0,2,0,2,0,2,0,0,0,0,0,0,0,0,0,0,0,0,0,0,-28,-78,-22,-74,-25,-72,-21,-68,-28,-69,-26,-64,-29,-71,-24,-62,-26,-60,-23,-56,-27,-58,-21,-56,-22,-56,-21,-53,-27,-48,-26,-51,-26,-49,-29,-46,-24,-47,-29,-41,-30,-43,-27,-41,-25,-38,-24,-36,-25,-37,-28,-35,-29,-38,-25,-35,-25,-39,-33,-34,-30,-34,-26,-36,-25,-36,-25,-34,-20,-32,-18,-37,-23,-38,-16,-37,-15,-35,-12,-32,-7,-30,-11,-31,-7,-33,-12,-29,-2,-32,-2,-29,-2,-24,2,-25,-2,-21,6,-17,2,-19,8,-18,8,-15,12,-15,9,-11,7,-10,12,-8,0,0,0,0,0,0,0,0,0,0,0,0,0,0,0,0,0,0,0,0,0,0,20,5,19,8,25,10,26,8,28,8,29,6,28,8,29,6,32,9,33,8,34,7,34,4,38,7,39,5,48,4,45,8,42,7,43,6,45,9,51,10,49,10,54,11,52,6,56,10,52,8,55,6,55,8,59,4,58,6,61,4,61,4,61,3,62,5,59,0,65,-1,65,1,65,-4,64,-9,65,-8,70,-9,66,-11,67,-15,64,-15,67,-13,65,-18,68,-20,70,-22,69,-15,70,-22,75,-18,67,-25,71,-30,76,-19,73,-29,75,-28,73,-24,74,-26,0,0]"
CSI_DATA,340,2a:00:00:00:00:00,-38,11,1,0,1,1,1,0,0,0,1,-96,0,11,2,4809437,0,44,0,384,0,"[0,0,0,0,0,0,0,0,0,0,0,0,4,12,4,12,4,12,4,12,4,12,4,11,4,10,4,10,4,10,4,10,4,9,4,9,4,9,4,8,4,8,5,8,5,8,4,7,5,7,5,7,5,7,5,7,4,6,5,7,5,7,5,6,0,0,4,6,4,7,4,7,3,6,3,6,3,6,3,6,2,6,2,6,2,5,1,5,1,5,0,5,0,5,0,4,0,4,-1,4,-1,3,-1,3,-2,3,-2,3,-2,3,-2,2,-2,2,-2,1,-2,1,0,0,0,0,0,0,0,0,0,0,0,0,0,0,42,-66,44,-60,47,-65,42,-60,42,-55,43,-60,42,-57,43,-56,37,-53,36,-51,32,-51,32,-51,33,-54,31,-48,28,-46,28,-47,27,-49,23,-49,22,-45,21,-42,19,-47,21,-43,17,-47,14,-46,14,-44,19,-48,18,-41,14,-41,14,-42,14,-38,17,-37,17,-43,14,-41,13,-40,19,-33,18,-38,15,-37,14,-35,17,-31,20,-26,19,-25,21,-24,23,-24,22,-20,23,-18,21,-16,19,-15,22,-15,20,-10,16,-8,19,-6,13,0,17,-5,16,-2,15,0,13,7,13,6,0,0,0,0,0,0,0,0,0,0,0,0,0,0,0,0,0,0,0,0,0,0,4,29,7,28,6,22,7,28,6,29,8,32,12,31,19,24,11,32,11,34,10,30,14,38,16,34,21,41,16,34,16,37,16,47,21,42,28,47,21,54,20,49,26,50,21,49,23,44,22,48,27,52,23,48,28,54,30,47,28,55,31,47,33,51,33,49,39,48,37,49,41,51,43,44,40,45,40,49,44,49,48,52,46,47,49,47,51,42,53,49,50,43,54,40,57,44,59,40,60,45,60,45,56,43,64,46,56,43,65,48,70,47,63,44,0,0]"
CSI_DATA,341,2a:00:00:00:00:00,-38,11,1,0,1,1,1,0,0,0,1,-96,0,11,2,4820350,0,44,0,384,0,"[0,0,0,0,0,0,0,0,0,0,0,0,11,8,11,7,10,7,10,7,10,7,9,6,10,6,9,6,9,6,9,6,9,5,9,5,8,5,8,4,8,4,9,4,8,3,8,3,8,3,8,3,7,3,8,3,8,3,7,2,8,3,7,2,0,0,7,3,7,3,7,3,7,3,6,3,6,3,6,3,5,3,5,3,5,3,4,3,4,4,3,4,3,4,2,4,2,3,2,4,1,3,1,3,1,3,0,3,0,3,-1,2,-1,2,-1,2,-1,2,0,0,0,0,0,0,0,0,0,0,0,0,0,0,-5,-82,-2,-75,-8,-82,-8,-73,-7,-77,-5,-68,-8,-76,-4,-72,-9,-66,-7,-66,-5,-63,-12,-62,-13,-65,-9,-60,-12,-61,-10,-58,-8,-55,-9,-59,-13,-51,-16,-48,-12,-50,-12,-47,-14,-45,-15,-44,-18,-46,-17,-41,-16,-43,-16,-43,-12,-44,-19,-46,-15,-42,-15,-40,-14,-42,-15,-45,-15,-41,-10,-42,-11,-40,-9,-38,-11,-39,-4,-39,-1,-33,-4,-33,0,-31,5,-33,5,-32,-2,-26,7,-21,8,-21,8,-21,6,-18,11,-17,13,-15,11,-16,11,-13,12,-11,13,-8,13,-7,0,0,0,0,0,0,0,0,0,0,0,0,0,0,0,0,0,0,0,0,0,0,25,12,25,14,21,18,27,15,24,14,26,11,29,14,29,13,32,16,32,16,33,18,34,13,40,14,40,17,40,17,38,15,41,13,44,19,48,19,47,21,46,19,50,19,53,18,51,23,54,22,49,20,51,20,55,20,54,25,61,21,60,16,59,17,62,15,60,18,60,11,61,13,61,8,65,10,65,8,69,8,69,7,66,3,72,6,72,-1,69,-3,75,-3,72,-4,72,-3,76,-5,77,2,75,-7,78,-6,81,-1,76,-6,87,-9,90,-11,83,-6,0,0]"
CSI_DATA,342,2a:00:00:00:00:00,-38,11,1,0,1,1,1,0,0,0,1,-96,0,11,2,4829444,0,44,0,384,0,"[0,0,0,0,0,0,0,0,0,0,0,0,6,11,7,11,6,11,6,11,6,10,6,10,6,9,6,9,5,9,6,8,6,8,6,8,6,8,6,7,6,7,6,7,6,6,5,6,6,6,6,6,6,6,6,5,6,5,6,5,6,5,6,5,0,0,6,5,5,5,5,5,5,5,4,5,4,5,4,5,4,5,3,5,3,5,2,5,2,5,2,5,1,5,1,4,1,4,0,4,0,3,0,3,-1,3,-1,3,-1,3,-1,2,-2,2,-2,2,-2,1,0,0,0,0,0,0,0,0,0,0,0,0,0,0,38,-67,43,-67,37,-71,40,-63,39,-65,35,-59,33,-67,31,-65,30,-59,30,-55,29,-56,28,-55,34,-52,26,-57,25,-54,24,-51,23,-51,19,-55,20,-53,17,-48,19,-47,14,-49,12,-48,15,-48,13,-42,13,-43,14,-44,13,-46,9,-43,10,-43,10,-40,13,-45,13,-43,12,-46,16,-40,12,-38,14,-39,19,-34,15,-35,18,-30,21,-26,15,-25,18,-35,22,-26,21,-26,20,-15,21,-18,16,-16,21,-12,20,-12,19,-9,16,-4,14,-6,17,-1,14,0,14,0,9,2,0,0,0,0,0,0,0,0,0,0,0,0,0,0,0,0,0,0,0,0,0,0,10,22,8,26,12,25,9,23,10,25,11,26,11,27,14,31,13,28,17,27,21,28,19,30,21,29,21,32,22,39,19,43,23,40,25,45,26,40,19,46,27,45,28,48,31,48,32,46,29,47,34,49,32,47,32,48,38,49,36,53,33,46,42,48,39,47,43,50,43,49,43,48,46,47,45,47,48,44,55,43,52,42,54,43,53,40,55,43,55,44,63,36,61,45,60,42,64,42,62,39,66,39,67,41,71,43,71,42,67,43,72,40,77,40,0,0]"
CSI_DATA,343,2a:00:00:00:00:00,-38,11,1,0,1,1,1,0,0,0,1,-96,0,11,2,4840117,0,44,0,384,0,"[0,0,0,0,0,0,0,0,0,0,0,0,-11,-9,-11,-9,-11,-9,-11,-9,-11,-8,-10,-8,-10,-8,-10,-8,-10,-7,-9,-7,-10,-6,-10,-6,-9,-6,-9,-6,-9,-5,-9,-5,-9,-4,-9,-4,-9,-4,-9,-4,-8,-4,-9,-4,-8,-4,-9,-3,-8,-3,-8,-3,0,0,-9,-3,-8,-4,-8,-4,-7,-4,-7,-4,-7,-4,-7,-4,-6,-4,-6,-4,-6,-4,-5,-4,-5,-5,-4,-4,-4,-5,-4,-4,-3,-4,-3,-4,-2,-4,-2,-4,-2,-4,-1,-4,-1,-4,-1,-3,0,-3,0,-3,0,-3,0,0,0,0,0,0,0,0,0,0,0,0,0,0,3,81,-1,79,5,81,2,74,0,72,6,70,4,76,3,74,2,69,5,66,5,63,7,60,8,57,5,58,9,55,10,53,11,61,12,50,12,50,14,47,16,49,14,40,15,47,15,46,20,46,14,47,13,40,21,44,11,41,15,43,16,39,14,33,15,40,14,40,12,34,9,47,8,37,6,38,5,37,2,40,4,29,0,31,-3,31,-3,32,-4,27,-7,26,-8,24,-13,20,-9,21,-6,13,-9,15,-14,11,-12,13,-14,12,-13,12,-16,3,-10,3,0,0,0,0,0,0,0,0,0,0,0,0,0,0,0,0,0,0,0,0,0,0,-23,-19,-20,-15,-21,-15,-26,-24,-24,-18,-26,-19,-24,-17,-30,-19,-24,-21,-33,-17,-30,-19,-35,-24,-40,-17,-36,-21,-40,-21,-41,-22,-44,-23,-43,-22,-43,-23,-46,-24,-48,-26,-47,-28,-51,-24,-52,-25,-53,-27,-53,-26,-52,-25,-54,-23,-56,-22,-56,-24,-60,-23,-62,-25,-60,-19,-61,-17,-61,-19,-62,-17,-64,-18,-66,-17,-66,-11,-64,-9,-68,-15,-73,-8,-75,-7,-74,-11,-67,-6,-68,2,-74,1,-74,-2,-80,-3,-77,1,-78,-1,-79,2,-76,-1,-79,2,-85,6,-89,4,-84,4,0,0]"
CSI_DATA,344,2a:00:00:00:00:00,-38,11,1,0,1,1,1,0,0,0,1,-96,0,11,2,4849428,0,44,0,384,0,"[0,0,0,0,0,0,0,0,0,0,0,0,4,12,5,12,5,12,5,12,4,11,4,11,4,10,4,10,4,10,4,9,4,9,5,9,5,9,5,8,5,8,5,8,5,7,5,7,5,7,5,7,5,7,5,7,5,6,5,6,5,6,5,6,0,0,5,6,4,6,5,6,4,6,3,6,3,6,3,6,3,6,2,6,2,5,1,5,1,5,1,5,1,5,0,4,0,4,-1,4,-1,4,-1,3,-2,3,-2,3,-2,2,-2,2,-2,2,-2,1,-2,1,0,0,0,0,0,0,0,0,0,0,0,0,0,0,36,-70,42,-72,38,-67,35,-64,39,-69,36,-59,34,-72,36,-65,29,-56,28,-57,29,-56,25,-55,30,-55,32,-52,20,-48,21,-48,21,-50,17,-52,16,-48,18,-45,17,-45,17,-48,12,-46,9,-50,13,-47,11,-50,9,-44,8,-48,10,-44,12,-44,13,-41,15,-43,11,-46,9,-40,16,-39,14,-39,9,-31,16,-37,15,-32,19,-35,21,-31,19,-27,16,-26,18,-26,21,-21,19,-20,15,-16,20,-18,17,-11,18,-6,17,-7,17,-3,16,-9,19,-4,16,-1,16,0,16,1,0,0,0,0,0,0,0,0,0,0,0,0,0,0,0,0,0,0,0,0,0,0,11,27,11,25,13,25,15,25,11,24,14,26,12,24,16,28,17,29,18,31,15,27,17,35,21,33,19,33,23,37,20,38,22,36,23,42,24,39,27,44,26,40,33,45,31,47,28,42,32,48,34,43,27,47,34,49,36,47,35,48,39,48,35,52,40,46,40,49,39,50,42,45,47,46,45,43,45,44,52,41,54,41,54,42,56,44,60,46,53,42,64,41,60,45,59,42,67,39,63,43,68,37,65,37,63,39,65,40,75,39,66,42,76,46,0,0]"
CSI_DATA,345,2a:00:00:00:00:00,-38,11,1,0,1,1,1,0,0,0,1,-96,0,11,2,4859395,0,44,0,384,0,"[0,0,0,0,0,0,0,0,0,0,0,0,-2,13,-1,13,-1,13,-1,13,-1,12,-1,12,-1,11,-1,11,-1,11,-1,11,-1,10,0,10,0,10,0,10,0,9,0,9,1,9,0,9,1,9,1,9,1,8,1,8,1,8,1,8,1,8,1,8,0,0,0,8,1,8,0,7,0,7,0,7,0,7,-1,7,-1,6,-2,6,-2,6,-2,5,-2,5,-2,5,-3,4,-3,4,-3,3,-3,3,-3,3,-3,2,-3,2,-3,1,-3,1,-3,1,-3,1,-3,0,-3,0,0,0,0,0,0,0,0,0,0,0,0,0,0,0,71,-46,63,-45,61,-42,62,-41,69,-42,61,-38,61,-41,55,-39,56,-36,51,-36,54,-32,54,-31,50,-33,46,-38,47,-34,43,-32,44,-39,39,-34,38,-36,37,-33,39,-37,36,-33,31,-36,30,-31,33,-30,33,-35,33,-34,32,-36,30,-30,33,-38,33,-28,36,-27,28,-29,32,-32,32,-22,31,-24,30,-22,30,-21,34,-17,31,-15,35,-14,32,-12,27,-11,26,-9,27,-7,25,-1,26,-4,27,-4,20,2,18,4,17,8,20,4,15,7,16,9,11,6,11,7,8,12,0,0,0,0,0,0,0,0,0,0,0,0,0,0,0,0,0,0,0,0,0,0,1,27,6,26,2,27,2,24,4,31,3,26,2,25,3,30,10,35,7,28,13,36,8,38,11,35,10,36,11,41,10,48,14,43,9,49,15,45,9,49,19,51,17,58,6,52,14,52,13,56,14,59,11,58,16,55,19,59,19,60,12,57,14,58,19,59,21,60,25,60,20,58,26,59,24,65,31,59,31,65,30,63,32,61,35,61,39,66,35,59,35,59,36,65,40,63,41,61,44,64,47,65,48,66,46,71,46,66,49,63,48,66,48,62,0,0]"
CSI_DATA,346,2a:00:00:00:00:00,-38,11,1,0,1,1,1,0,0,0,1,-96,0,11,2,4869968,0,44,0,384,0,"[0,0,0,0,0,0,0,0,0,0,0,0,12,-7,11,-7,11,-7,11,-6,11,-7,10,-6,10,-6,10,-6,9,-6,9,-6,10,-8,8,-6,8,-6,8,-6,7,-6,8,-7,7,-7,7,-6,6,-6,6,-6,6,-6,6,-6,6,-6,5,-6,6,-6,6,-6,0,0,6,-6,6,-6,5,-5,6,-5,5,-5,6,-4,6,-4,5,-4,6,-3,6,-3,6,-3,5,-2,5,-2,4,-1,5,-1,4,-1,4,-1,3,0,3,0,3,0,3,1,2,1,2,1,2,1,1,1,1,1,0,0,0,0,0,0,0,0,0,0,0,0,0,0,-74,-30,-68,-27,-70,-25,-69,-27,-70,-28,-69,-19,-66,-23,-60,-24,-64,-19,-61,-22,-63,-22,-57,-19,-53,-13,-59,-14,-56,-14,-56,-18,-47,-11,-50,-13,-47,-11,-51,-8,-54,-7,-47,-5,-44,-4,-44,-5,-45,-2,-42,-4,-46,-3,-44,-2,-42,-1,-47,-3,-45,-1,-41,-4,-42,-5,-43,-9,-44,-7,-35,-10,-36,-11,-31,-9,-34,-13,-36,-13,-35,-19,-27,-13,-29,-19,-29,-12,-22,-18,-25,-16,-19,-15,-19,-16,-17,-18,-14,-15,-10,-18,-11,-16,-4,-15,-6,-16,-1,-20,1,-16,-2,-13,0,0,0,0,0,0,0,0,0,0,0,0,0,0,0,0,0,0,0,0,0,0,20,-16,18,-17,23,-15,21,-15,24,-18,19,-17,25,-18,21,-26,22,-20,27,-26,24,-27,24,-23,27,-29,29,-29,30,-30,27,-27,34,-32,36,-34,26,-34,36,-36,32,-37,37,-33,37,-39,39,-40,36,-38,34,-42,39,-48,37,-45,33,-41,40,-44,37,-42,41,-44,39,-45,36,-46,36,-48,37,-53,33,-56,34,-55,31,-50,29,-55,33,-58,30,-59,29,-62,29,-66,27,-63,33,-64,27,-64,23,-69,25,-71,23,-68,27,-66,21,-78,22,-74,28,-72,21,-73,30,-75,24,-77,0,0]"
CSI_DATA,347,2a:00:00:00:00:00,-38,11,1,0,1,1,1,0,0,0,1,-96,0,11,2,4879386,0,44,0,384,0,"[0,0,0,0,0,0,0,0,0,0,0,0,-2,13,-2,13,-1,13,-1,13,-1,12,-1,12,-1,12,-1,11,0,11,0,11,-1,10,0,10,0,10,0,10,0,9,1,9,1,9,1,9,1,9,1,9,1,8,2,8,1,8,1,8,1,8,1,8,0,0,1,8,1,7,1,8,0,7,0,7,0,7,0,7,0,7,-1,6,-1,6,-1,6,-2,5,-2,5,-2,5,-2,4,-3,4,-3,4,-3,3,-3,3,-3,2,-3,2,-3,2,-3,1,-3,1,-3,0,-3,0,0,0,0,0,0,0,0,0,0,0,0,0,0,0,58,-58,58,-54,57,-48,56,-50,57,-49,53,-48,50,-49,50,-48,52,-52,48,-44,50,-43,43,-45,42,-45,36,-48,40,-45,42,-43,42,-44,33,-45,34,-45,34,-40,29,-40,29,-40,25,-43,24,-38,29,-37,25,-39,25,-37,18,-42,20,-39,25,-38,24,-37,24,-37,24,-37,24,-32,24,-29,21,-30,26,-33,27,-32,28,-29,28,-25,30,-18,28,-18,26,-19,21,-14,20,-15,22,-15,26,-10,25,-13,24,-3,20,-4,19,1,19,1,18,1,17,3,13,4,10,5,12,4,0,0,0,0,0,0,0,0,0,0,0,0,0,0,0,0,0,0,0,0,0,0,4,27,-1,28,3,26,0,27,0,26,4,30,1,32,4,28,4,30,7,33,10,40,7,34,13,38,12,38,11,39,8,44,13,44,12,45,11,44,15,48,10,51,13,49,15,55,17,52,16,56,20,58,20,56,17,54,22,55,22,54,18,57,21,51,25,53,25,57,27,63,26,62,26,60,27,54,36,54,36,53,34,59,38,57,38,61,42,56,40,56,43,56,44,59,48,55,48,58,50,59,51,54,54,59,47,60,51,60,57,53,57,59,55,61,0,0]"
CSI_DATA,348,2a:00:00:00:00:00,-38,11,1,0,1,1,1,0,0,0,1,-96,0,11,2,4889402,0,44,0,384,0,"[0,0,0,0,0,0,0,0,0,0,0,0,5,12,5,12,5,12,5,12,5,11,4,11,4,10,4,10,4,10,5,9,5,9,5,8,5,8,5,8,5,8,5,7,5,7,5,7,5,7,5,7,5,6,5,7,5,6,6,6,5,6,5,6,0,0,5,6,5,6,4,6,4,6,4,6,3,6,3,6,3,6,2,6,2,5,2,5,1,5,1,5,1,5,0,4,0,4,0,4,-1,4,-1,3,-1,3,-2,3,-2,2,-2,2,-2,2,-2,1,-2,1,0,0,0,0,0,0,0,0,0,0,0,0,0,0,34,-68,31,-70,31,-68,30,-59,29,-67,33,-60,31,-65,27,-64,31,-61,26,-57,28,-53,23,-56,25,-55,21,-52,20,-48,17,-51,11,-53,13,-49,11,-49,17,-53,12,-51,10,-43,8,-44,8,-45,9,-47,7,-49,5,-45,4,-42,3,-46,6,-45,9,-42,9,-42,8,-43,8,-42,5,-37,6,-39,8,-38,11,-40,12,-36,17,-29,15,-29,14,-24,13,-29,15,-28,18,-26,14,-20,16,-17,15,-20,15,-15,18,-13,15,-12,18,-7,18,-5,12,-2,11,-7,15,-1,14,1,0,0,0,0,0,0,0,0,0,0,0,0,0,0,0,0,0,0,0,0,0,0,8,26,7,23,6,27,5,24,11,27,8,27,10,27,10,27,12,33,13,28,12,35,16,38,20,35,17,36,19,36,16,40,22,43,22,43,20,40,24,40,20,43,27,47,23,44,24,44,26,43,26,47,31,45,30,51,35,46,34,49,34,48,34,46,35,46,37,47,39,47,39,50,43,47,40,46,43,48,48,44,52,47,45,39,50,45,60,43,50,42,52,42,53,40,62,36,64,39,66,36,66,36,59,39,65,45,63,38,69,41,69,33,65,44,0,0]"
CSI_DATA,349,2a:00:00:00:00:00,-38,11,1,0,1,1,1,0,0,0,1,-96,0,11,2,4899406,0,44,0,384,0,"[0,0,0,0,0,0,0,0,0,0,0,0,7,11,7,10,7,11,7,10,7,10,6,9,6,9,6,9,6,9,6,8,6,8,6,8,6,7,6,7,6,7,6,6,6,6,6,6,6,6,6,6,6,6,6,5,6,5,6,5,6,5,6,5,0,0,6,5,5,5,5,5,5,5,5,5,4,5,4,5,4,5,3,5,3,5,3,5,2,5,2,5,1,4,1,4,1,4,0,4,0,3,-1,3,-1,3,-1,3,-1,3,-2,2,-2,2,-2,2,-2,1,0,0,0,0,0,0,0,0,0,0,0,0,0,0,14,-82,20,-78,13,-80,15,-79,14,-67,14,-71,13,-69,9,-70,15,-67,11,-65,9,-64,5,-62,6,-59,3,-53,4,-58,6,-53,3,-57,1,-51,-5,-56,0,-49,-1,-53,-3,-45,-10,-55,-3,-44,-8,-47,-5,-46,-9,-45,-3,-43,-4,-49,-5,-45,-6,-47,-6,-43,-2,-42,-7,-44,-1,-38,-4,-42,-1,-41,1,-39,4,-37,0,-33,2,-32,8,-30,8,-31,8,-25,15,-29,13,-22,13,-22,12,-21,16,-18,15,-15,14,-14,15,-9,14,-9,13,-7,12,-5,13,-4,12,-1,0,0,0,0,0,0,0,0,0,0,0,0,0,0,0,0,0,0,0,0,0,0,18,22,14,20,16,22,14,23,14,21,17,24,23,21,23,21,17,20,21,25,25,26,24,28,29,30,28,27,32,29,35,30,34,34,31,29,36,30,38,31,42,32,39,37,36,33,39,36,41,38,44,37,39,37,47,40,45,33,52,39,45,36,50,35,54,32,51,33,55,35,55,31,56,31,56,33,61,27,62,29,67,25,63,23,66,22,68,22,64,20,72,23,73,23,70,15,75,14,69,18,75,20,75,21,76,22,72,13,79,21,83,15,77,13,0,0]"
CSI_DATA,350,2a:00:00:00:00:00,-38,11,1,0,1,1,1,0,0,0,1,-96,0,11,2,4919478,0,44,0,384,0,"[0,0,0,0,0,0,0,0,0,0,0,0,13,-3,13,-3,12,-3,12,-3,12,-3,11,-3,11,-3,11,-3,11,-3,10,-3,10,-4,10,-4,9,-4,9,-4,8,-4,9,-4,8,-4,8,-4,8,-4,7,-4,7,-4,7,-4,7,-5,7,-4,7,-4,7,-4,0,0,7,-4,7,-4,7,-3,7,-4,6,-3,6,-3,6,-2,6,-2,6,-2,6,-2,6,-1,5,-1,5,0,4,0,5,0,4,0,4,1,4,1,3,1,3,1,2,1,2,1,2,1,1,1,1,1,0,2,0,0,0,0,0,0,0,0,0,0,0,0,0,0,-71,-36,-67,-39,-67,-42,-71,-33,-67,-32,-67,-31,-62,-35,-59,-34,-60,-32,-62,-28,-58,-28,-56,-27,-62,-23,-56,-24,-55,-20,-54,-17,-50,-22,-49,-13,-49,-19,-54,-13,-53,-12,-47,-15,-52,-12,-44,-12,-44,-16,-45,-12,-45,-9,-49,-10,-45,-10,-47,-5,-43,-4,-47,-10,-42,-10,-41,-10,-39,-13,-36,-9,-37,-13,-32,-16,-34,-17,-32,-12,-27,-16,-33,-17,-28,-18,-21,-19,-20,-23,-24,-20,-19,-16,-13,-20,-13,-15,-12,-20,-10,-19,-8,-19,-6,-20,-3,-18,-4,-19,0,-17,2,-15,0,0,0,0,0,0,0,0,0,0,0,0,0,0,0,0,0,0,0,0,0,0,25,-10,25,-8,23,-11,27,-12,25,-11,25,-12,23,-16,28,-13,23,-14,33,-18,31,-21,33,-23,32,-25,36,-22,36,-26,38,-25,40,-27,38,-25,41,-29,44,-28,47,-26,44,-29,50,-33,48,-31,48,-30,45,-32,46,-32,50,-33,49,-36,48,-35,49,-39,43,-39,52,-38,52,-39,49,-41,48,-37,44,-49,41,-53,46,-45,42,-51,42,-49,41,-57,42,-54,47,-58,38,-56,41,-53,38,-55,37,-65,38,-60,42,-70,35,-67,32,-72,36,-68,40,-75,40,-71,41,-70,42,-74,0,0]"
CSI_DATA,351,2a:00:00:00:00:00,-38,11,1,0,1,1,1,0,0,0,1,-96,0,11,2,4929392,0,44,0,384,0,"[0,0,0,0,0,0,0,0,0,0,0,0,6,12,6,11,7,11,6,11,6,11,6,10,6,10,6,9,6,9,6,9,6,9,6,8,6,8,6,8,6,8,6,7,6,6,6,6,6,6,6,6,6,6,6,6,6,6,6,6,6,6,6,5,0,0,5,5,5,6,5,5,5,5,4,5,4,6,4,5,3,5,3,5,3,5,2,5,2,5,1,5,1,5,1,4,0,4,0,4,0,4,-1,3,-1,3,-1,3,-1,3,-2,2,-2,2,-2,1,-2,1,0,0,0,0,0,0,0,0,0,0,0,0,0,0,16,-81,18,-75,18,-77,13,-76,20,-72,16,-72,14,-72,17,-69,13,-68,14,-65,13,-66,13,-60,10,-57,12,-60,9,-58,12,-61,7,-57,4,-55,3,-50,3,-50,2,-55,-3,-47,3,-50,0,-48,-1,-44,-3,-50,-1,-47,-1,-51,4,-42,-2,-46,1,-43,0,-39,0,-45,-2,-45,6,-40,8,-43,3,-38,7,-41,4,-39,4,-35,6,-34,15,-28,11,-30,12,-27,16,-27,16,-24,15,-18,16,-17,19,-17,15,-14,16,-11,17,-7,15,-9,14,-7,14,-2,16,0,15,-2,0,0,0,0,0,0,0,0,0,0,0,0,0,0,0,0,0,0,0,0,0,0,17,18,19,23,17,21,17,19,19,18,21,21,18,22,20,18,21,20,24,28,29,28,27,28,29,25,28,28,35,30,31,28,36,33,36,33,34,29,39,34,35,27,44,36,42,37,40,37,40,38,40,34,44,36,46,37,47,32,47,33,46,36,49,35,52,34,53,33,55,32,56,31,55,31,58,34,53,32,58,31,59,28,62,25,65,28,66,27,68,25,75,18,68,20,70,21,72,16,70,23,74,22,74,23,69,20,72,24,80,19,79,22,85,18,0,0]"
CSI_DATA,352,2a:00:00:00:00:00,-38,11,1,0,1,1,1,0,0,0,1,-96,0,11,2,4939402,0,44,0,384,0,"[0,0,0,0,0,0,0,0,0,0,0,0,8,11,7,10,8,10,7,10,7,10,7,9,7,9,7,8,7,8,7,8,6,8,7,7,7,7,7,7,6,7,7,6,7,6,6,5,7,5,6,5,6,5,6,5,6,5,6,5,6,5,6,4,0,0,6,4,5,5,5,5,5,5,5,5,4,5,4,5,4,5,4,5,3,5,3,4,2,5,2,4,1,4,1,4,1,4,0,4,0,3,0,3,-1,3,-1,3,-1,3,-1,2,-2,2,-2,2,-2,1,0,0,0,0,0,0,0,0,0,0,0,0,0,0,30,-82,28,-74,25,-72,20,-69,30,-74,22,-69,24,-74,18,-67,22,-67,22,-63,18,-60,19,-57,16,-59,17,-56,12,-54,11,-55,8,-56,11,-55,8,-51,5,-50,7,-52,8,-48,6,-46,2,-51,5,-50,2,-48,5,-47,1,-44,1,-50,1,-49,-1,-44,3,-41,0,-42,4,-43,4,-36,9,-43,7,-36,11,-39,10,-39,13,-32,16,-32,15,-31,15,-30,14,-28,12,-23,13,-23,15,-19,15,-20,17,-10,17,-11,20,-7,17,-10,14,-5,14,-5,13,-6,16,0,13,5,0,0,0,0,0,0,0,0,0,0,0,0,0,0,0,0,0,0,0,0,0,0,13,21,13,20,12,23,17,25,18,24,17,25,16,23,17,24,20,26,23,29,20,26,24,32,27,30,31,30,28,36,27,32,29,36,34,37,35,33,34,38,39,37,39,39,33,41,37,33,40,39,45,37,40,41,44,39,48,44,45,41,46,39,43,40,47,39,48,40,46,37,51,38,55,34,54,34,52,30,59,33,56,36,58,30,60,30,65,30,62,33,56,23,63,31,63,23,66,23,71,27,76,25,70,20,76,24,73,28,79,27,76,25,77,33,0,0]"
CSI_DATA,353,2a:00:00:00:00:00,-38,11,1,0,1,1,1,0,0,0,1,-96,0,11,2,4949607,0,44,0,384,0,"[0,0,0,0,0,0,0,0,0,0,0,0,-7,-13,-7,-12,-7,-12,-7,-12,-7,-12,-7,-11,-7,-11,-7,-10,-7,-10,-7,-10,-7,-10,-7,-9,-7,-9,-7,-9,-7,-9,-7,-8,-7,-7,-7,-7,-7,-7,-7,-7,-7,-7,-7,-7,-7,-7,-7,-6,-7,-7,-7,-6,0,0,-6,-6,-6,-7,-6,-7,-6,-6,-5,-7,-5,-6,-5,-6,-4,-6,-4,-6,-4,-6,-3,-6,-3,-6,-2,-6,-2,-6,-2,-5,-1,-5,-1,-5,-1,-4,0,-4,0,-4,0,-4,0,-3,1,-3,1,-3,1,-2,1,-2,0,0,0,0,0,0,0,0,0,0,0,0,0,0,-15,73,-19,78,-14,75,-16,69,-12,69,-10,66,-9,72,-9,67,-9,63,-16,58,-8,57,-10,54,-6,57,-11,53,-8,54,-3,51,-2,53,1,51,2,50,-2,49,3,49,1,40,7,44,7,46,6,48,6,45,6,44,0,43,3,44,3,43,3,41,5,43,6,38,5,40,2,38,1,40,0,37,-3,32,-2,34,-2,32,-6,33,-8,32,-6,30,-9,27,-7,20,-10,21,-10,18,-11,18,-15,16,-11,12,-16,15,-12,9,-12,6,-12,9,-13,5,-12,5,-17,2,0,0,0,0,0,0,0,0,0,0,0,0,0,0,0,0,0,0,0,0,0,0,-13,-20,-14,-25,-9,-24,-15,-22,-14,-23,-13,-22,-17,-24,-16,-26,-22,-24,-19,-27,-22,-30,-24,-27,-28,-27,-25,-31,-25,-32,-30,-31,-27,-32,-34,-37,-32,-36,-35,-37,-36,-37,-38,-37,-39,-39,-35,-42,-36,-39,-40,-38,-35,-37,-39,-32,-42,-35,-46,-43,-46,-36,-45,-34,-47,-41,-52,-34,-54,-36,-48,-35,-57,-34,-55,-29,-58,-29,-57,-32,-61,-29,-58,-25,-62,-25,-63,-24,-62,-24,-60,-24,-63,-23,-73,-20,-72,-22,-73,-17,-71,-22,-70,-19,-73,-18,-74,-21,-85,-20,-81,-15,-78,-20,0,0]"
CSI_DATA,354,2a:00:00:00:00:00,-38,11,1,0,1,1,1,0,0,0,1,-96,0,11,2,4959821,0,44,0,384,0,"[0,0,0,0,0,0,0,0,0,0,0,0,7,11,7,11,7,10,7,11,6,10,6,10,6,9,6,9,6,8,6,8,7,8,6,7,6,7,6,7,6,7,6,6,6,6,6,6,6,6,6,6,6,5,6,5,6,5,6,5,6,5,6,5,0,0,6,5,5,5,6,5,5,5,5,5,4,5,4,5,4,5,3,5,3,5,3,4,2,5,2,5,1,4,1,4,1,4,0,4,0,3,0,3,-1,3,-1,3,-1,3,-1,2,-2,2,-2,1,-2,1,0,0,0,0,0,0,0,0,0,0,0,0,0,0,17,-77,24,-80,12,-77,17,-67,13,-69,14,-70,10,-75,11,-71,11,-66,8,-58,1,-59,2,-60,7,-57,6,-60,3,-56,1,-53,2,-55,0,-55,2,-53,-3,-50,-3,-48,-1,-48,-6,-46,-5,-49,-5,-49,-5,-47,-3,-46,-3,-43,-7,-45,-4,-43,-7,-45,-2,-43,-5,-43,-1,-41,0,-45,1,-39,1,-39,1,-34,6,-34,-1,-36,6,-30,6,-30,5,-34,5,-32,8,-24,10,-27,13,-23,11,-25,10,-18,14,-11,16,-12,13,-7,14,-8,14,-8,10,-9,18,-6,12,-1,0,0,0,0,0,0,0,0,0,0,0,0,0,0,0,0,0,0,0,0,0,0,14,24,15,22,14,22,11,22,14,24,15,19,15,22,20,25,19,23,20,24,22,26,23,29,29,26,29,29,29,29,30,31,28,27,32,37,33,33,36,38,36,37,43,38,37,39,37,38,42,40,39,35,44,37,43,38,48,41,45,39,48,35,50,31,51,35,54,34,54,33,54,29,55,34,54,32,57,32,64,30,61,33,63,28,63,25,70,26,59,21,68,13,62,22,69,17,71,21,78,22,73,19,73,18,72,12,75,16,84,17,77,22,78,20,0,0]"
CSI_DATA,355,2a:00:00:00:00:00,-38,11,1,0,1,1,1,0,0,0,1,-96,0,11,2,4969410,0,44,0,384,0,"[0,0,0,0,0,0,0,0,0,0,0,0,11,8,11,7,11,7,10,7,10,7,10,6,10,6,10,6,9,6,9,5,9,5,9,5,9,4,8,4,8,4,9,4,8,3,8,3,8,3,8,3,8,3,8,3,8,2,8,2,8,2,8,2,0,0,7,2,7,3,7,3,7,3,6,3,6,3,6,3,5,3,5,3,5,3,4,3,4,4,3,3,3,3,2,3,2,3,2,3,1,3,1,3,1,3,0,3,0,3,0,2,-1,2,-1,2,-1,2,0,0,0,0,0,0,0,0,0,0,0,0,0,0,3,-77,1,-78,0,-82,1,-75,0,-73,-5,-73,1,-72,-2,-74,-2,-71,0,-67,-4,-67,-5,-65,-4,-59,-2,-56,-2,-58,-6,-55,-5,-54,-7,-55,-11,-55,-12,-46,-12,-50,-8,-45,-17,-46,-12,-48,-12,-48,-8,-44,-12,-45,-15,-49,-11,-46,-16,-43,-15,-40,-12,-42,-11,-45,-10,-45,-7,-41,-7,-41,-4,-41,-6,-42,-5,-39,3,-34,-2,-32,-2,-34,6,-31,-1,-30,8,-27,6,-24,9,-24,9,-22,10,-17,9,-21,9,-15,15,-12,13,-11,12,-10,16,-4,15,-4,14,-2,0,0,0,0,0,0,0,0,0,0,0,0,0,0,0,0,0,0,0,0,0,0,23,19,19,14,21,16,20,18,24,14,22,19,23,14,29,16,28,13,28,15,29,19,31,15,34,17,36,19,40,19,37,20,43,19,42,19,46,21,47,21,47,17,51,21,50,19,48,22,52,25,48,21,52,25,55,20,52,23,58,21,57,23,65,22,62,24,63,20,61,20,63,21,62,16,61,17,70,14,65,14,70,14,65,7,67,8,73,5,70,5,73,6,71,7,75,6,80,0,78,0,76,0,79,-2,84,-1,69,-1,79,1,89,1,82,-6,0,0]"
CSI_DATA,356,2a:00:00:00:00:00,-38,11,1,0,1,1,1,0,0,0,1,-96,0,11,2,4979411,0,44,0,384,0,"[0,0,0,0,0,0,0,0,0,0,0,0,11,6,11,6,11,6,11,6,10,6,10,5,10,5,10,5,9,5,9,5,9,4,9,4,9,4,8,3,8,3,9,3,9,2,8,2,8,2,8,2,8,2,8,2,8,2,8,1,8,2,7,1,0,0,7,2,7,2,7,2,7,2,6,2,6,2,6,2,5,3,5,3,5,3,5,3,4,3,3,3,3,3,3,3,2,3,2,3,1,3,1,3,1,3,0,3,0,3,0,3,-1,2,-1,2,-1,2,0,0,0,0,0,0,0,0,0,0,0,0,0,0,-25,-76,-15,-81,-17,-80,-24,-68,-26,-67,-24,-65,-22,-67,-21,-66,-19,-63,-17,-62,-23,-56,-23,-58,-27,-56,-23,-54,-21,-55,-29,-52,-25,-53,-28,-45,-27,-48,-29,-48,-28,-41,-26,-42,-31,-41,-27,-38,-27,-39,-28,-39,-26,-36,-27,-36,-27,-38,-27,-33,-25,-37,-28,-31,-22,-35,-28,-33,-17,-32,-19,-34,-20,-36,-16,-36,-17,-33,-13,-29,-16,-30,-7,-30,-4,-33,-9,-32,-6,-30,-5,-25,1,-25,0,-27,3,-21,0,-22,2,-16,8,-16,4,-19,6,-16,11,-14,10,-13,9,-9,0,0,0,0,0,0,0,0,0,0,0,0,0,0,0,0,0,0,0,0,0,0,19,13,25,13,20,15,23,14,25,14,21,13,25,14,26,11,30,10,30,15,32,15,36,12,35,13,37,13,37,15,38,17,43,13,37,15,45,13,48,15,46,13,53,14,50,16,56,15,55,15,50,20,53,15,55,12,58,11,58,10,60,10,59,13,64,10,61,4,63,3,61,4,61,5,63,6,69,0,66,1,69,-2,66,-9,67,-7,74,-9,69,-12,70,-17,70,-12,73,-20,77,-15,78,-17,73,-15,77,-19,72,-16,77,-19,80,-19,80,-18,82,-20,0,0]"
CSI_DATA,357,2a:00:00:00:00:00,-38,11,1,0,1,1,1,0,0,0,1,-96,0,11,2,4989818,0,44,0,384,0,"[0,0,0,0,0,0,0,0,0,0,0,0,9,9,9,9,9,9,9,9,8,8,9,8,8,7,8,7,8,7,8,6,8,6,8,6,8,6,8,5,8,5,8,5,8,4,7,4,7,4,7,4,7,4,7,4,7,3,7,3,7,4,7,3,0,0,7,3,6,3,6,4,6,3,6,4,5,4,5,4,5,4,4,4,4,4,4,4,3,4,3,4,2,4,2,4,2,3,1,3,1,3,0,3,0,3,0,3,0,3,-1,2,-1,2,-1,2,-1,1,0,0,0,0,0,0,0,0,0,0,0,0,0,0,17,-78,11,-81,11,-77,5,-71,5,-70,4,-70,5,-74,9,-74,6,-67,1,-65,-2,-61,2,-59,-1,-58,-1,-55,0,-56,1,-58,1,-66,-5,-57,-5,-51,-7,-52,0,-48,-5,-51,-9,-49,-8,-46,-7,-48,-8,-44,-9,-42,-9,-46,-7,-46,-11,-44,-9,-44,-11,-42,-7,-42,-10,-37,-4,-40,-5,-38,-5,-41,-5,-37,-3,-39,-1,-34,-1,-31,5,-34,7,-36,7,-30,7,-25,7,-19,10,-22,10,-22,8,-16,12,-17,12,-16,16,-12,13,-10,12,-6,12,-5,13,-2,15,-7,0,0,0,0,0,0,0,0,0,0,0,0,0,0,0,0,0,0,0,0,0,0,18,21,15,20,15,19,16,21,14,22,19,20,19,24,21,18,23,22,24,21,25,21,26,26,30,23,31,25,33,27,30,24,33,30,34,31,40,30,40,25,42,29,44,30,40,31,43,34,46,31,46,29,45,34,50,33,48,30,50,37,49,31,54,33,53,28,59,28,57,27,53,28,54,25,59,30,62,27,62,25,69,21,63,17,63,20,71,16,68,18,63,16,67,14,70,9,81,9,74,12,78,14,73,8,78,9,73,9,79,12,80,8,83,11,0,0]"
CSI_DATA,358,2a:00:00:00:00:00,-38,11,1,0,1,1,1,0,0,0,1,-96,0,11,2,5009859,0,44,0,384,0,"[0,0,0,0,0,0,0,0,0,0,0,0,14,-1,13,-1,13,-1,13,-1,12,-1,12,-1,12,-2,11,-2,11,-2,10,-2,11,-1,10,-2,10,-2,9,-2,9,-2,9,-3,9,-3,9,-3,8,-3,8,-3,8,-3,8,-3,8,-3,7,-3,7,-3,7,-3,0,0,7,-3,7,-3,7,-3,7,-2,7,-2,6,-2,6,-2,6,-1,6,-1,6,-1,6,0,5,0,5,0,4,1,4,1,4,1,4,1,3,1,3,1,2,2,2,2,2,2,1,2,1,2,1,2,0,2,0,0,0,0,0,0,0,0,0,0,0,0,0,0,-51,-66,-50,-63,-48,-63,-50,-55,-48,-58,-46,-61,-51,-56,-42,-59,-49,-53,-41,-48,-45,-52,-47,-46,-43,-44,-39,-45,-39,-42,-45,-38,-39,-41,-42,-41,-38,-41,-44,-32,-42,-32,-42,-34,-38,-31,-40,-30,-38,-29,-33,-29,-39,-24,-37,-26,-43,-26,-37,-25,-36,-27,-35,-30,-32,-27,-33,-27,-35,-26,-28,-29,-29,-31,-24,-24,-23,-30,-24,-29,-25,-25,-15,-30,-18,-28,-13,-26,-10,-28,-10,-28,-8,-28,-2,-26,-2,-23,2,-20,-3,-20,0,-17,-2,-18,4,-17,4,-14,7,-11,6,-13,0,0,0,0,0,0,0,0,0,0,0,0,0,0,0,0,0,0,0,0,0,0,27,0,24,2,25,2,26,0,25,-2,29,-3,29,-1,29,-3,32,-6,32,-3,33,-4,37,-7,33,-10,42,-8,48,-7,46,-9,44,-5,43,-9,44,-6,49,-14,53,-8,53,-12,50,-12,55,-8,54,-14,55,-14,59,-11,59,-16,60,-13,58,-13,59,-16,61,-16,59,-24,58,-21,60,-20,56,-25,59,-27,61,-28,62,-27,67,-27,62,-29,60,-34,61,-35,62,-36,60,-38,52,-43,58,-43,57,-45,66,-48,64,-46,63,-44,66,-51,61,-51,60,-48,63,-51,63,-51,69,-49,0,0]"
CSI_DATA,359,2a:00:00:00:00:00,-38,11,1,0,1,1,1,0,0,0,1,-96,0,11,2,5020184,0,44,0,384,0,"[0,0,0,0,0,0,0,0,0,0,0,0,1,13,1,13,2,13,1,13,1,12,1,12,1,11,1,11,1,11,2,10,2,10,2,10,3,10,3,9,3,9,2,9,3,8,3,8,3,8,3,8,3,8,3,8,3,7,4,7,3,7,3,7,0,0,3,7,3,7,3,7,2,7,2,7,2,7,1,7,1,6,1,6,0,6,0,5,0,5,0,5,-1,5,-1,4,-1,4,-2,4,-2,3,-2,3,-2,3,-3,2,-2,2,-2,2,-2,1,-3,1,-3,0,0,0,0,0,0,0,0,0,0,0,0,0,0,0,59,-57,67,-52,53,-56,61,-47,56,-50,54,-50,48,-52,48,-46,49,-44,47,-47,46,-44,46,-47,44,-46,39,-44,39,-43,35,-42,36,-47,31,-45,33,-44,32,-37,32,-41,27,-40,23,-44,31,-40,24,-39,29,-41,24,-37,18,-40,23,-38,19,-41,23,-37,27,-37,23,-35,29,-35,27,-31,23,-30,22,-26,28,-27,25,-27,29,-21,26,-21,31,-22,28,-18,25,-18,25,-12,27,-9,28,-7,20,-7,24,2,19,-2,22,-2,18,-1,15,3,17,3,14,4,14,7,12,4,0,0,0,0,0,0,0,0,0,0,0,0,0,0,0,0,0,0,0,0,0,0,0,26,3,28,3,26,3,25,3,26,5,30,3,27,8,29,5,32,9,32,8,34,10,35,13,35,16,42,12,42,12,43,11,43,13,47,17,46,13,51,17,51,15,50,17,48,16,53,12,51,21,52,17,56,19,60,19,55,23,58,24,54,27,59,22,59,30,60,29,57,25,60,31,55,33,57,31,54,40,53,37,60,36,57,40,60,44,56,39,54,50,58,47,64,47,59,50,53,48,60,52,56,55,58,59,59,48,53,53,60,56,62,56,57,0,0]"
CSI_DATA,360,2a:00:00:00:00:00,-38,11,1,0,1,1,1,0,0,0,1,-96,0,11,2,5031626,0,44,0,384,0,"[0,0,0,0,0,0,0,0,0,0,0,0,10,-10,10,-10,8,-9,9,-9,8,-9,8,-9,8,-9,8,-9,7,-9,6,-8,7,-8,7,-9,6,-8,5,-8,5,-8,6,-8,5,-8,5,-8,4,-8,4,-8,4,-8,4,-8,4,-8,3,-8,4,-8,4,-8,0,0,4,-8,4,-7,4,-7,4,-6,4,-6,3,-6,4,-6,4,-5,4,-5,4,-5,4,-4,4,-4,4,-4,4,-3,4,-3,4,-2,3,-2,3,-2,3,-1,3,-1,3,-1,3,0,2,0,2,0,2,1,2,1,0,0,0,0,0,0,0,0,0,0,0,0,0,0,-68,-29,-70,-25,-73,-19,-75,-30,-66,-24,-73,-26,-71,-21,-64,-25,-59,-21,-60,-21,-68,-25,-59,-17,-61,-18,-50,-15,-59,-16,-60,-10,-59,-8,-51,-8,-51,-8,-49,-12,-52,-10,-52,-7,-51,-6,-46,-7,-47,-7,-47,-8,-45,-2,-44,-3,-43,-4,-43,-2,-46,-8,-45,-6,-39,-5,-40,-9,-44,-5,-37,-11,-36,-14,-33,-13,-34,-17,-33,-14,-33,-16,-32,-10,-22,-13,-26,-15,-26,-18,-21,-15,-16,-17,-16,-22,-17,-18,-10,-15,-8,-18,-5,-15,-4,-15,-2,-16,0,-15,-3,-15,-1,-15,0,0,0,0,0,0,0,0,0,0,0,0,0,0,0,0,0,0,0,0,0,0,19,-15,20,-15,20,-15,23,-16,22,-16,20,-19,25,-20,23,-18,24,-23,22,-25,25,-29,22,-24,24,-32,30,-32,29,-29,28,-34,34,-39,29,-33,31,-40,39,-32,35,-34,37,-40,37,-36,38,-41,37,-42,36,-41,37,-46,38,-45,36,-43,39,-47,36,-46,38,-48,39,-47,39,-47,40,-51,40,-51,34,-49,35,-56,30,-57,29,-58,36,-58,27,-60,31,-58,29,-61,24,-68,32,-60,27,-65,31,-74,30,-68,27,-68,22,-73,23,-75,25,-79,23,-75,20,-74,26,-78,28,-76,0,0]"
CSI_DATA,361,2a:00:00:00:00:00,-38,11,1,0,1,1,1,0,0,0,1,-96,0,11,2,5039741,0,44,0,384,0,"[0,0,0,0,0,0,0,0,0,0,0,0,5,12,5,11,6,12,5,11,5,11,5,10,5,10,5,10,5,9,5,9,5,9,5,9,5,8,5,8,5,7,6,7,6,7,6,7,6,6,6,6,5,6,5,6,5,6,6,6,5,6,5,5,0,0,5,5,5,5,5,5,5,5,4,5,4,5,3,5,3,5,3,5,3,5,2,5,2,5,1,5,1,4,1,4,0,4,0,4,0,3,-1,3,-1,3,-1,3,-1,2,-2,2,-2,2,-2,2,-2,1,0,0,0,0,0,0,0,0,0,0,0,0,0,0,38,-76,34,-68,40,-73,31,-66,34,-65,34,-61,31,-65,32,-66,29,-65,32,-62,28,-56,26,-58,25,-58,21,-52,22,-55,17,-58,17,-57,10,-50,14,-50,8,-44,12,-54,12,-46,9,-55,7,-45,15,-45,7,-44,7,-42,1,-48,8,-46,6,-45,9,-41,5,-43,9,-41,5,-44,8,-36,13,-42,11,-39,12,-37,10,-37,13,-34,16,-29,18,-32,16,-31,13,-25,16,-28,15,-23,18,-18,12,-18,16,-15,16,-9,19,-9,13,-6,14,-7,15,-7,17,-1,15,-4,15,1,0,0,0,0,0,0,0,0,0,0,0,0,0,0,0,0,0,0,0,0,0,0,2,24,2,24,5,26,5,29,4,26,5,29,5,27,9,27,8,31,14,31,17,35,15,36,12,33,15,34,19,39,18,36,15,44,19,41,22,40,24,48,15,46,26,46,25,47,22,51,26,52,28,53,23,49,25,54,28,52,37,56,29,48,37,54,35,51,35,50,38,50,37,49,41,50,42,53,44,49,48,47,51,50,51,42,54,45,57,42,54,47,48,46,59,42,61,44,61,46,58,37,68,42,63,40,67,44,63,42,70,40,68,41,74,41,0,0]"
CSI_DATA,362,2a:00:00:00:00:00,-38,11,1,0,1,1,1,0,0,0,1,-96,0,11,2,5050946,0,44,0,384,0,"[0,0,0,0,0,0,0,0,0,0,0,0,-12,8,-11,8,-11,8,-11,7,-10,8,-10,7,-10,7,-10,7,-9,7,-9,7,-9,7,-9,7,-8,7,-8,7,-7,6,-7,7,-7,7,-7,7,-6,6,-6,7,-6,7,-6,7,-6,6,-6,6,-6,6,-6,6,0,0,-6,6,-6,6,-5,5,-6,5,-5,5,-5,5,-6,4,-5,4,-6,3,-6,3,-6,2,-5,2,-5,2,-5,1,-5,1,-5,1,-5,0,-4,0,-4,0,-4,-1,-4,-1,-4,-1,-3,-1,-3,-2,-3,-2,-2,-2,0,0,0,0,0,0,0,0,0,0,0,0,0,0,77,8,69,9,80,10,76,4,72,8,71,7,71,8,69,3,64,6,65,3,63,0,63,6,60,-2,57,5,60,6,58,-4,53,-2,47,-3,49,0,49,-8,56,-12,49,-4,52,-9,44,-6,44,-6,43,-8,44,-11,45,-6,40,-8,45,-8,39,-7,42,-5,38,-3,42,-1,39,-4,37,-2,37,4,31,2,30,6,35,2,28,5,32,8,26,9,25,8,23,12,25,7,20,11,18,13,14,13,17,13,15,13,9,14,6,12,3,16,3,19,6,12,-2,15,0,0,0,0,0,0,0,0,0,0,0,0,0,0,0,0,0,0,0,0,0,0,-18,19,-20,19,-17,18,-20,19,-18,18,-20,24,-21,23,-17,22,-19,24,-18,26,-20,28,-19,29,-22,37,-25,30,-21,32,-25,40,-21,36,-26,37,-27,43,-30,41,-30,38,-28,43,-31,46,-26,44,-28,44,-30,48,-25,50,-30,53,-27,48,-28,50,-22,53,-29,53,-31,49,-26,52,-29,58,-27,58,-20,60,-22,63,-21,65,-18,61,-17,63,-14,64,-20,70,-13,64,-13,72,-13,67,-9,68,-7,74,-12,69,-15,71,-3,75,-6,76,-12,78,-3,77,-4,76,-8,83,-7,81,0,0]"
CSI_DATA,363,2a:00:00:00:00:00,-38,11,1,0,1,1,1,0,0,0,1,-96,0,11,2,5079763,0,44,0,384,0,"[0,0,0,0,0,0,0,0,0,0,0,0,12,5,12,5,12,5,12,5,11,5,11,4,11,4,11,4,10,4,10,3,10,3,10,3,10,2,9,2,9,2,9,1,9,1,9,1,9,1,8,1,8,1,8,1,8,1,8,0,8,1,8,0,0,0,8,1,7,1,7,1,7,1,7,1,6,2,6,2,6,2,5,2,5,2,5,2,4,2,4,3,3,3,3,3,3,2,2,3,2,2,2,3,1,3,1,3,0,3,0,2,0,2,-1,2,-1,2,0,0,0,0,0,0,0,0,0,0,0,0,0,0,-32,-72,-33,-76,-33,-69,-30,-75,-29,-68,-39,-63,-27,-65,-31,-67,-32,-65,-26,-56,-31,-56,-27,-53,-27,-56,-29,-53,-32,-50,-29,-48,-31,-46,-30,-43,-29,-48,-34,-41,-29,-40,-30,-40,-31,-40,-27,-39,-29,-38,-27,-35,-29,-35,-36,-36,-28,-33,-32,-36,-27,-34,-29,-37,-26,-33,-22,-34,-29,-30,-23,-33,-20,-33,-20,-34,-16,-32,-15,-31,-8,-31,-10,-26,-7,-31,-8,-34,-3,-30,-3,-27,0,-27,-2,-26,1,-22,3,-19,9,-18,8,-17,8,-17,9,-17,8,-11,13,-9,11,-6,0,0,0,0,0,0,0,0,0,0,0,0,0,0,0,0,0,0,0,0,0,0,22,7,22,9,25,9,27,9,27,8,29,7,28,8,32,9,30,7,32,0,36,4,38,6,40,2,41,3,44,2,42,6,43,3,47,3,45,-1,49,6,51,5,52,4,52,6,54,4,62,2,59,-1,51,3,59,-1,59,-1,62,-1,58,-5,63,-1,66,-3,63,-5,62,-5,65,-2,63,-9,62,-9,65,-12,69,-13,69,-14,66,-18,66,-19,69,-23,65,-22,69,-27,69,-26,66,-25,73,-28,71,-32,72,-30,68,-32,77,-32,71,-35,70,-38,79,-36,78,-33,0,0]"
CSI_DATA,364,2a:00:00:00:00:00,-38,11,1,0,1,1,1,0,0,0,1,-96,0,11,2,5091050,0,44,0,384,0,"[0,0,0,0,0,0,0,0,0,0,0,0,12,5,12,5,11,5,11,6,11,5,11,5,10,4,11,4,10,4,10,4,10,3,10,3,9,3,9,3,9,3,9,2,9,2,8,2,8,1,8,2,8,2,8,1,8,1,8,1,8,1,8,1,0,0,8,1,7,2,7,2,7,1,7,2,6,2,6,2,5,2,5,2,5,2,5,3,4,3,3,3,3,3,3,3,2,3,2,3,2,3,1,3,1,3,0,3,0,3,0,2,-1,2,-1,2,-1,2,0,0,0,0,0,0,0,0,0,0,0,0,0,0,-34,-78,-26,-72,-31,-68,-34,-69,-32,-65,-23,-63,-32,-65,-29,-66,-32,-60,-23,-59,-30,-55,-28,-55,-30,-54,-32,-55,-27,-52,-28,-49,-31,-53,-28,-50,-30,-46,-31,-39,-35,-39,-30,-38,-39,-38,-33,-36,-28,-36,-28,-35,-31,-32,-23,-32,-27,-33,-27,-36,-29,-35,-29,-34,-28,-33,-27,-33,-25,-31,-25,-37,-22,-30,-23,-34,-19,-35,-16,-32,-15,-26,-12,-32,-5,-34,-7,-33,-6,-25,-7,-25,-2,-26,-4,-25,0,-20,4,-25,1,-19,8,-18,2,-20,7,-11,8,-12,10,-10,9,-12,0,0,0,0,0,0,0,0,0,0,0,0,0,0,0,0,0,0,0,0,0,0,24,13,24,12,22,13,24,12,25,9,26,11,27,9,27,10,29,8,33,8,34,11,31,13,41,8,38,10,42,10,41,14,40,6,47,11,46,6,45,7,50,3,54,9,53,10,48,13,57,13,52,8,54,18,57,6,61,4,62,1,53,3,63,2,61,-3,65,-1,65,2,66,-4,60,-1,65,-3,67,-3,65,-7,68,-11,67,-14,68,-17,71,-17,61,-16,69,-21,69,-24,62,-26,72,-28,74,-20,76,-21,74,-27,72,-23,73,-30,75,-31,75,-33,76,-34,0,0]"
CSI_DATA,365,2a:00:00:00:00:00,-38,11,1,0,1,1,1,0,0,0,1,-96,0,11,2,5109395,0,44,0,384,0,"[0,0,0,0,0,0,0,0,0,0,0,0,8,-11,8,-11,7,-11,7,-11,7,-11,7,-10,6,-10,6,-10,6,-10,6,-10,6,-10,5,-9,5,-9,5,-9,4,-9,4,-9,4,-9,4,-9,3,-9,3,-9,3,-9,3,-9,3,-8,2,-8,3,-8,3,-8,0,0,3,-8,3,-8,3,-8,3,-7,3,-7,3,-7,3,-6,3,-6,4,-6,4,-5,4,-5,3,-4,3,-4,3,-4,4,-3,4,-3,3,-2,3,-2,3,-2,3,-1,3,-1,3,-1,2,0,2,0,2,0,2,0,0,0,0,0,0,0,0,0,0,0,0,0,0,0,-78,5,-79,2,-76,10,-79,6,-78,3,-70,6,-70,1,-69,0,-63,4,-66,6,-67,6,-64,10,-63,11,-58,7,-56,5,-57,6,-56,10,-55,11,-48,15,-54,12,-53,9,-51,12,-46,14,-47,15,-46,14,-46,13,-50,18,-44,13,-40,14,-44,14,-41,14,-43,12,-39,11,-36,10,-45,9,-35,9,-37,6,-33,7,-34,1,-38,1,-38,-4,-34,-1,-31,-2,-30,-3,-25,-5,-28,-8,-25,-11,-20,-4,-25,-10,-19,-11,-19,-10,-18,-12,-13,-11,-9,-15,-9,-15,-9,-13,-6,-14,0,0,0,0,0,0,0,0,0,0,0,0,0,0,0,0,0,0,0,0,0,0,15,-23,20,-20,17,-17,15,-22,18,-19,14,-25,19,-24,12,-28,16,-27,18,-27,17,-26,18,-31,20,-32,23,-32,18,-36,21,-39,20,-40,20,-44,15,-43,21,-46,22,-42,22,-45,23,-48,25,-51,28,-46,24,-54,25,-51,25,-52,24,-54,26,-58,25,-59,19,-57,18,-61,18,-58,20,-58,22,-61,15,-61,20,-65,16,-64,15,-70,13,-65,9,-73,7,-71,7,-73,6,-71,1,-78,5,-74,-2,-72,2,-76,2,-79,-3,-78,-4,-83,-1,-79,0,-77,-7,-83,-5,-75,-10,-86,0,0]"
CSI_DATA,366,2a:00:00:00:00:00,-38,11,1,0,1,1,1,0,0,0,1,-96,0,11,2,5120306,0,44,0,384,0,"[0,0,0,0,0,0,0,0,0,0,0,0,-3,-14,-3,-14,-3,-14,-3,-14,-3,-13,-2,-13,-3,-12,-3,-12,-3,-12,-3,-11,-3,-11,-3,-11,-3,-11,-3,-10,-3,-10,-3,-10,-3,-9,-3,-9,-4,-9,-4,-9,-4,-9,-4,-9,-4,-8,-4,-9,-4,-8,-4,-8,0,0,-3,-8,-3,-8,-3,-8,-2,-8,-3,-8,-2,-8,-2,-7,-2,-7,-1,-7,-1,-7,-1,-6,-1,-6,0,-6,0,-6,1,-5,1,-5,1,-5,1,-4,1,-4,2,-3,2,-3,2,-3,2,-2,2,-2,2,-2,2,-1,0,0,0,0,0,0,0,0,0,0,0,0,0,0,-57,52,-58,50,-53,56,-51,52,-47,54,-49,50,-45,53,-49,56,-44,49,-46,47,-43,49,-39,43,-41,52,-33,46,-38,47,-40,48,-33,47,-32,45,-27,45,-25,42,-26,49,-24,42,-22,41,-21,47,-14,41,-20,40,-23,39,-20,42,-18,39,-21,41,-18,36,-17,43,-19,33,-18,40,-25,35,-18,33,-17,35,-19,32,-21,29,-21,28,-21,24,-25,21,-26,22,-25,20,-24,20,-23,14,-23,13,-21,10,-20,11,-22,6,-20,2,-21,2,-19,2,-17,0,-16,-5,-15,-4,-15,-8,0,0,0,0,0,0,0,0,0,0,0,0,0,0,0,0,0,0,0,0,0,0,1,-25,0,-22,4,-26,4,-28,3,-27,-3,-24,2,-30,-1,-32,-5,-32,-3,-31,-7,-29,-8,-34,-11,-37,-9,-41,-2,-42,-4,-41,-10,-49,-8,-45,-16,-48,-13,-52,-13,-49,-13,-54,-12,-51,-13,-54,-15,-55,-15,-56,-15,-59,-15,-58,-16,-57,-16,-59,-18,-58,-23,-59,-22,-61,-23,-60,-29,-61,-25,-61,-27,-57,-31,-64,-33,-58,-33,-61,-38,-61,-38,-53,-40,-62,-43,-61,-43,-58,-43,-52,-47,-54,-47,-55,-53,-59,-52,-53,-51,-60,-50,-60,-63,-60,-51,-54,-57,-51,-58,-58,-64,-57,0,0]"
CSI_DATA,367,2a:00:00:00:00:00,-38,11,1,0,1,1,1,0,0,0,1,-96,0,11,2,5129403,0,44,0,384,0,"[0,0,0,0,0,0,0,0,0,0,0,0,3,-14,2,-13,2,-14,2,-14,2,-13,2,-13,2,-12,2,-12,2,-11,1,-11,1,-12,1,-11,1,-11,0,-10,0,-11,0,-10,0,-10,0,-9,-1,-10,-1,-9,-1,-9,-1,-9,-1,-9,-1,-9,-1,-9,-1,-9,0,0,0,-9,-1,-8,0,-9,0,-8,0,-8,0,-8,0,-7,1,-7,1,-7,1,-7,2,-6,1,-6,2,-5,2,-5,2,-5,2,-4,2,-4,2,-3,2,-3,2,-2,2,-2,2,-2,2,-2,2,-1,2,-1,2,-1,0,0,0,0,0,0,0,0,0,0,0,0,0,0,-71,41,-65,37,-70,35,-64,32,-63,28,-64,32,-60,33,-65,30,-58,32,-60,29,-55,31,-52,30,-55,27,-50,27,-51,29,-45,32,-48,29,-45,29,-44,30,-42,31,-43,32,-36,32,-35,27,-38,27,-37,27,-37,30,-33,26,-31,27,-34,28,-34,30,-36,26,-37,27,-31,24,-29,23,-36,24,-32,22,-32,16,-30,21,-31,13,-35,13,-35,13,-33,12,-27,5,-26,5,-27,4,-25,0,-28,1,-22,-6,-23,-3,-25,-5,-18,-7,-14,-10,-13,-11,-10,-9,-13,-9,-10,-8,-9,-10,0,0,0,0,0,0,0,0,0,0,0,0,0,0,0,0,0,0,0,0,0,0,1,-22,3,-23,2,-27,3,-23,3,-27,-3,-31,-3,-30,2,-29,-3,-32,-5,-32,-5,-33,-1,-37,-1,-40,-1,-38,-4,-40,-6,-42,-4,-47,-1,-48,-11,-46,-4,-47,-4,-45,-8,-49,-2,-52,-3,-54,-4,-53,-5,-57,-9,-61,-6,-60,-13,-54,-12,-58,-9,-56,-14,-60,-11,-61,-16,-60,-14,-60,-15,-65,-20,-61,-16,-63,-22,-64,-23,-58,-23,-65,-23,-57,-21,-63,-31,-60,-27,-67,-21,-65,-30,-65,-30,-66,-35,-69,-35,-65,-35,-68,-34,-65,-34,-67,-38,-68,-41,-66,-40,-66,-40,-69,0,0]"
CSI_DATA,368,2a:00:00:00:00:00,-38,11,1,0,1,1,1,0,0,0,1,-96,0,11,2,5149508,0,44,0,384,0,"[0,0,0,0,0,0,0,0,0,0,0,0,-14,0,-13,0,-14,0,-13,0,-13,0,-12,0,-12,0,-12,0,-12,0,-11,0,-11,1,-11,1,-11,1,-10,1,-10,1,-10,1,-9,2,-10,2,-9,1,-9,1,-9,1,-9,2,-9,2,-8,2,-8,2,-8,2,0,0,-8,2,-8,1,-8,1,-8,1,-7,0,-7,0,-7,0,-7,0,-7,-1,-7,-1,-7,-1,-6,-1,-6,-1,-5,-2,-5,-2,-5,-2,-4,-2,-4,-2,-4,-2,-3,-3,-3,-3,-2,-3,-2,-3,-2,-3,-2,-3,-1,-3,0,0,0,0,0,0,0,0,0,0,0,0,0,0,53,68,44,62,48,60,49,59,50,51,53,52,48,54,44,53,43,52,42,47,42,48,41,53,42,42,42,44,43,37,43,35,41,40,37,36,41,34,43,32,45,28,40,26,39,27,34,37,39,29,38,29,34,24,36,26,34,24,40,22,41,24,33,25,35,25,36,27,33,26,25,26,28,24,25,29,26,29,20,26,18,22,19,23,13,26,15,24,12,27,9,23,8,25,4,25,6,19,-2,20,-1,21,-5,16,-5,19,-7,18,-4,12,-7,9,-6,10,0,0,0,0,0,0,0,0,0,0,0,0,0,0,0,0,0,0,0,0,0,0,-27,-1,-26,-2,-21,-7,-25,-10,-21,-3,-21,11,-34,6,-44,9,-36,-12,-33,7,-34,0,-39,13,-33,2,-43,-2,-49,5,-41,5,-41,-2,-41,18,-47,7,-43,5,-44,7,-61,11,-44,15,-52,9,-58,6,-54,13,-59,6,-56,8,-54,17,-65,8,-58,17,-60,16,-56,10,-65,14,-59,14,-70,16,-62,21,-62,26,-65,24,-60,27,-65,28,-56,36,-60,39,-67,31,-61,36,-58,43,-59,43,-63,44,-62,41,-61,43,-63,45,-60,50,-62,46,-53,49,-66,50,-69,42,-66,45,0,0]"
CSI_DATA,369,2a:00:00:00:00:00,-38,11,1,0,1,1,1,0,0,0,1,-96,0,11,2,5159763,0,44,0,384,0,"[0,0,0,0,0,0,0,0,0,0,0,0,11,-8,11,-8,10,-8,10,-8,9,-8,10,-8,9,-8,9,-8,9,-7,8,-8,8,-8,8,-8,7,-8,7,-7,6,-8,6,-7,6,-8,6,-7,5,-7,5,-7,5,-7,5,-7,5,-7,4,-7,5,-7,5,-7,0,0,5,-7,4,-6,5,-6,5,-6,5,-6,5,-6,5,-5,4,-5,5,-4,5,-4,5,-4,4,-3,4,-3,4,-2,4,-2,4,-1,3,-2,4,-1,3,0,3,0,3,0,3,0,2,1,2,1,2,1,1,1,0,0,0,0,0,0,0,0,0,0,0,0,0,0,-76,-27,-72,-28,-67,-26,-72,-26,-71,-22,-73,-22,-73,-23,-66,-22,-66,-18,-67,-22,-68,-22,-60,-14,-62,-13,-63,-11,-58,-11,-55,-14,-56,-10,-56,-12,-51,-5,-49,-6,-54,-6,-49,-5,-49,2,-46,0,-44,-2,-47,0,-48,-2,-39,3,-44,-2,-44,-1,-47,3,-46,3,-41,-2,-40,-5,-42,-2,-32,-3,-37,-4,-35,-4,-38,-5,-39,-4,-35,-9,-34,-13,-31,-16,-26,-13,-25,-12,-27,-12,-21,-13,-17,-16,-17,-17,-15,-14,-14,-17,-12,-14,-10,-14,-5,-13,-5,-15,-6,-16,0,-13,0,0,0,0,0,0,0,0,0,0,0,0,0,0,0,0,0,0,0,0,0,0,24,-7,25,-10,25,-11,29,-6,25,-8,24,-8,27,-11,20,-13,28,-12,29,-19,31,-20,35,-20,32,-20,32,-20,35,-22,33,-25,38,-22,38,-29,37,-26,37,-29,36,-29,42,-33,41,-33,45,-34,45,-29,43,-35,44,-37,46,-40,46,-37,47,-36,44,-44,46,-46,44,-45,42,-44,43,-51,43,-47,45,-47,41,-52,42,-48,40,-55,37,-57,37,-56,40,-58,32,-63,33,-65,31,-73,28,-70,29,-70,31,-75,33,-70,34,-71,30,-73,32,-75,27,-74,30,-76,27,-78,28,-75,0,0]"
CSI_DATA,370,2a:00:00:00:00:00,-38,11,1,0,1,1,1,0,0,0,1,-96,0,11,2,5171286,0,44,0,384,0,"[0,0,0,0,0,0,0,0,0,0,0,0,-8,10,-8,10,-7,10,-7,10,-7,10,-7,9,-7,9,-6,9,-6,9,-6,9,-6,9,-5,9,-5,8,-5,9,-4,8,-4,8,-4,8,-4,8,-3,8,-3,8,-3,8,-3,8,-3,7,-3,7,-3,7,-3,7,0,0,-3,7,-3,7,-3,6,-4,6,-3,6,-3,6,-4,6,-3,5,-4,5,-4,4,-4,4,-4,4,-4,3,-4,3,-4,2,-4,2,-4,2,-4,1,-4,1,-4,1,-4,0,-3,0,-3,0,-3,-1,-3,-1,-3,-1,0,0,0,0,0,0,0,0,0,0,0,0,0,0,79,-10,74,-7,71,-14,75,-14,72,-9,71,-11,70,-13,67,-13,59,-14,68,-8,64,-7,65,-14,62,-13,54,-11,57,-9,54,-11,53,-17,48,-13,51,-18,51,-19,47,-16,52,-16,45,-18,42,-15,39,-18,39,-17,41,-21,44,-17,40,-17,38,-22,42,-19,44,-16,38,-14,36,-15,39,-15,34,-7,35,-6,31,-6,35,-6,37,-5,36,-5,31,-3,30,-2,25,1,22,3,26,5,21,7,18,11,17,8,19,7,13,12,15,12,13,9,11,11,11,14,6,14,5,13,0,0,0,0,0,0,0,0,0,0,0,0,0,0,0,0,0,0,0,0,0,0,-11,24,-16,21,-14,20,-16,21,-12,21,-13,23,-11,22,-13,27,-11,28,-10,31,-16,32,-12,36,-11,35,-15,40,-19,39,-14,39,-16,43,-19,46,-12,42,-17,44,-22,43,-13,52,-20,52,-19,49,-18,49,-20,57,-19,55,-21,58,-17,56,-12,61,-17,57,-14,59,-15,58,-12,59,-12,60,-15,67,-10,67,-10,67,-10,63,-4,64,-4,70,-4,65,-1,67,1,72,1,73,-1,67,2,70,7,77,7,71,11,73,6,71,8,79,9,79,6,77,10,77,8,81,13,81,0,0]"
CSI_DATA,371,2a:00:00:00:00:00,-39,11,1,0,1,1,1,0,0,0,1,-96,0,11,2,5179421,0,44,0,384,0,"[0,0,0,0,0,0,0,0,0,0,0,0,-11,-10,-10,-10,-10,-9,-10,-9,-10,-9,-10,-8,-9,-8,-9,-8,-9,-8,-9,-7,-9,-7,-9,-7,-9,-7,-9,-6,-8,-6,-9,-6,-9,-5,-8,-5,-9,-5,-8,-5,-8,-5,-8,-5,-8,-4,-8,-4,-8,-4,-8,-4,0,0,-8,-4,-7,-5,-7,-5,-7,-4,-7,-5,-6,-5,-6,-5,-6,-5,-5,-5,-5,-5,-4,-5,-4,-5,-4,-5,-3,-5,-3,-5,-2,-5,-2,-5,-2,-4,-1,-4,-1,-4,0,-4,0,-4,0,-3,0,-3,0,-3,1,-2,0,0,0,0,0,0,0,0,0,0,0,0,0,0,0,81,4,78,-2,78,5,75,1,71,5,68,5,73,4,71,0,69,1,71,3,62,4,60,11,58,6,62,6,56,6,55,5,56,13,54,14,54,14,45,8,49,10,45,17,47,13,42,12,47,12,46,13,36,14,45,15,43,18,39,9,44,13,40,11,47,7,42,5,39,7,39,8,34,6,39,4,35,4,34,-1,29,-1,32,-2,30,-6,27,-4,25,-9,24,-9,20,-15,19,-13,18,-13,16,-14,18,-15,13,-14,13,-13,7,-15,8,-17,5,-14,0,0,0,0,0,0,0,0,0,0,0,0,0,0,0,0,0,0,0,0,0,0,0,-16,-18,-16,-18,-16,-18,-22,-20,-22,-15,-25,-16,-23,-17,-26,-20,-25,-18,-29,-17,-31,-17,-32,-22,-38,-21,-37,-21,-39,-22,-37,-21,-42,-23,-37,-26,-43,-17,-46,-21,-47,-22,-55,-24,-52,-25,-50,-27,-50,-25,-50,-28,-51,-27,-57,-29,-54,-24,-59,-26,-53,-25,-57,-23,-56,-22,-59,-23,-58,-22,-63,-21,-60,-20,-64,-19,-65,-18,-68,-18,-68,-13,-67,-11,-71,-13,-67,-8,-72,-7,-64,-6,-69,-2,-77,-3,-80,1,-76,-2,-73,-4,-78,0,-81,0,-73,-1,-83,-1,-89,-3,-85,2,0,0]"
CSI_DATA,372,2a:00:00:00:00:00,-38,11,1,0,1,1,1,0,0,0,1,-96,0,11,2,5189418,0,44,0,384,0,"[0,0,0,0,0,0,0,0,0,0,0,0,-13,-8,-12,-8,-12,-8,-12,-8,-12,-8,-11,-7,-11,-7,-11,-6,-11,-6,-10,-6,-11,-6,-10,-5,-10,-5,-10,-5,-10,-5,-10,-4,-10,-4,-10,-4,-9,-4,-9,-3,-9,-3,-9,-3,-9,-3,-9,-3,-9,-3,-9,-3,0,0,-9,-3,-8,-3,-8,-3,-8,-3,-7,-4,-7,-4,-7,-4,-7,-4,-6,-4,-6,-4,-5,-4,-5,-4,-5,-5,-4,-4,-4,-4,-3,-4,-3,-4,-2,-4,-2,-4,-1,-4,-1,-4,-1,-4,0,-3,0,-3,0,-3,0,-3,0,0,0,0,0,0,0,0,0,0,0,0,0,0,1,75,1,76,2,68,6,72,1,77,1,66,4,74,2,63,2,68,1,58,5,59,7,59,4,55,2,57,3,57,7,54,4,53,7,52,6,51,8,48,11,42,9,42,12,45,13,45,9,46,9,46,15,42,11,40,10,43,12,41,10,37,5,36,5,43,5,40,7,37,5,34,6,36,3,32,2,33,0,32,2,32,-8,30,-4,31,-6,28,-7,23,-8,27,-8,17,-11,23,-13,16,-12,16,-15,15,-17,12,-15,9,-16,9,-9,8,-14,5,-14,-2,0,0,0,0,0,0,0,0,0,0,0,0,0,0,0,0,0,0,0,0,0,0,-20,-17,-22,-17,-21,-16,-20,-17,-22,-18,-20,-14,-23,-16,-25,-18,-26,-12,-32,-16,-29,-20,-33,-20,-35,-16,-34,-13,-38,-18,-38,-21,-43,-22,-40,-21,-42,-19,-42,-22,-51,-18,-49,-22,-53,-22,-48,-25,-49,-28,-53,-25,-52,-24,-53,-25,-55,-23,-54,-20,-55,-24,-57,-18,-61,-25,-62,-20,-64,-16,-62,-17,-62,-16,-58,-12,-63,-14,-67,-13,-63,-12,-65,-12,-69,-10,-75,-4,-66,-1,-70,-10,-69,-2,-73,3,-73,2,-78,0,-78,-1,-76,-2,-76,-1,-78,2,-81,3,-81,-3,-82,8,0,0]"
CSI_DATA,373,2a:00:00:00:00:00,-38,11,1,0,1,1,1,0,0,0,1,-96,0,11,2,5199410,0,44,0,384,0,"[0,0,0,0,0,0,0,0,0,0,0,0,-11,-9,-11,-8,-11,-9,-11,-9,-11,-8,-10,-8,-10,-7,-10,-7,-10,-7,-10,-7,-10,-6,-9,-6,-9,-6,-9,-6,-9,-5,-9,-5,-9,-4,-9,-4,-9,-4,-9,-4,-8,-4,-8,-4,-8,-4,-8,-4,-8,-4,-8,-4,0,0,-8,-3,-8,-4,-7,-4,-7,-4,-7,-4,-7,-4,-6,-4,-6,-4,-6,-4,-5,-4,-5,-4,-4,-5,-4,-5,-3,-4,-3,-5,-3,-4,-2,-4,-2,-4,-2,-4,-1,-4,-1,-4,-1,-4,0,-4,0,-3,0,-3,0,-3,0,0,0,0,0,0,0,0,0,0,0,0,0,0,-6,76,-3,77,4,81,2,71,2,70,3,74,-4,69,2,78,3,65,2,64,5,58,7,61,6,60,5,58,8,55,12,59,6,54,8,55,8,54,11,47,8,49,10,42,11,49,10,46,10,51,14,42,15,39,17,45,14,37,12,43,14,39,11,41,8,38,7,41,9,35,4,37,7,42,11,34,5,38,-2,29,-1,32,-2,33,1,32,-5,27,-3,30,-4,24,-11,20,-8,21,-12,20,-14,13,-17,18,-7,12,-12,11,-14,13,-12,8,-14,3,-12,3,0,0,0,0,0,0,0,0,0,0,0,0,0,0,0,0,0,0,0,0,0,0,-20,-18,-20,-20,-20,-20,-20,-22,-22,-21,-19,-19,-24,-18,-23,-14,-27,-17,-28,-19,-32,-21,-30,-21,-34,-22,-35,-18,-38,-25,-39,-20,-40,-21,-40,-21,-42,-23,-42,-25,-47,-23,-49,-27,-43,-26,-50,-25,-49,-24,-47,-27,-51,-24,-55,-31,-55,-25,-58,-29,-53,-27,-60,-20,-61,-24,-60,-20,-62,-21,-61,-18,-60,-15,-66,-18,-60,-17,-65,-12,-70,-17,-65,-11,-72,-14,-72,-11,-70,-6,-67,-1,-75,-6,-75,-1,-74,0,-77,2,-78,-3,-78,2,-81,4,-73,1,-83,-3,-86,1,-82,1,0,0]"
CSI_DATA,374,2a:00:00:00:00:00,-38,11,1,0,1,1,1,0,0,0,1,-96,0,11,2,5230171,0,44,0,384,0,"[0,0,0,0,0,0,0,0,0,0,0,0,4,-13,4,-13,4,-13,4,-13,4,-12,4,-12,4,-12,3,-11,3,-11,3,-11,3,-10,3,-11,2,-10,2,-10,2,-10,2,-10,1,-10,1,-9,1,-9,1,-9,1,-9,1,-9,1,-9,0,-9,1,-9,1,-9,0,0,1,-8,1,-8,1,-8,2,-8,1,-7,1,-7,2,-7,2,-6,2,-6,2,-6,3,-5,3,-5,3,-5,3,-5,3,-4,3,-4,3,-3,3,-3,3,-2,3,-2,3,-1,3,-1,2,-1,2,-1,2,0,2,0,0,0,0,0,0,0,0,0,0,0,0,0,0,0,-71,32,-72,33,-67,33,-71,28,-72,31,-64,30,-65,27,-62,25,-60,26,-63,29,-62,27,-57,29,-53,28,-52,26,-49,24,-54,30,-48,27,-43,27,-46,27,-48,27,-44,27,-45,27,-38,30,-34,32,-35,25,-34,29,-40,28,-36,29,-34,24,-35,29,-36,26,-37,24,-32,24,-30,23,-37,27,-35,22,-34,18,-30,16,-33,14,-32,14,-38,13,-33,7,-32,7,-28,6,-26,3,-29,1,-23,-3,-24,-3,-20,-5,-24,-6,-18,-5,-17,-9,-14,-9,-13,-9,-6,-15,-9,-10,-8,-12,0,0,0,0,0,0,0,0,0,0,0,0,0,0,0,0,0,0,0,0,0,0,8,-24,4,-24,6,-25,5,-23,4,-29,4,-24,4,-27,6,-27,-2,-36,1,-35,3,-36,4,-39,9,-34,7,-41,3,-41,-1,-51,1,-43,1,-53,3,-48,0,-49,-2,-48,-4,-50,1,-52,4,-54,3,-55,0,-54,1,-56,4,-57,0,-61,-5,-58,-4,-63,-7,-58,0,-61,-9,-62,-6,-66,-3,-67,-7,-67,-8,-63,-13,-61,-15,-57,-16,-61,-18,-68,-19,-67,-26,-71,-19,-69,-24,-71,-25,-68,-29,-68,-28,-61,-32,-71,-27,-72,-26,-73,-28,-73,-33,-74,-36,-75,-32,-70,-33,-72,0,0]"
CSI_DATA,375,2a:00:00:00:00:00,-39,11,1,0,1,1,1,0,0,0,1,-96,0,11,2,5239419,0,44,0,384,0,"[0,0,0,0,0,0,0,0,0,0,0,0,-14,0,-14,0,-14,1,-13,0,-13,0,-12,0,-13,1,-12,1,-12,1,-12,1,-11,1,-11,1,-11,1,-10,1,-10,1,-10,2,-9,2,-10,2,-9,2,-9,2,-9,2,-9,2,-9,2,-8,2,-8,2,-8,2,0,0,-8,2,-8,2,-8,1,-8,2,-7,1,-7,1,-7,0,-7,0,-7,0,-7,0,-6,-1,-6,-1,-6,-1,-5,-2,-5,-2,-5,-2,-5,-2,-4,-2,-3,-2,-3,-2,-3,-3,-2,-3,-2,-3,-2,-3,-1,-3,-1,-3,0,0,0,0,0,0,0,0,0,0,0,0,0,0,65,43,59,45,57,43,65,43,63,39,62,37,59,34,59,39,57,33,56,35,51,28,53,32,56,30,51,31,47,27,51,27,49,27,53,20,47,22,49,15,47,16,43,15,49,16,43,13,41,19,40,16,42,9,45,14,42,19,41,10,43,15,38,13,39,17,40,11,36,12,31,17,36,15,34,17,27,21,26,15,27,12,25,18,21,17,23,23,15,21,15,18,14,18,13,20,11,22,5,16,6,16,-2,21,2,16,0,11,-2,14,-5,15,-7,15,0,0,0,0,0,0,0,0,0,0,0,0,0,0,0,0,0,0,0,0,0,0,-24,5,-27,8,-27,3,-31,3,-26,5,-29,6,-25,6,-30,10,-33,7,-32,13,-31,12,-35,12,-33,19,-36,15,-38,16,-38,18,-43,18,-46,20,-43,23,-45,21,-47,23,-49,22,-50,24,-48,25,-49,21,-48,27,-52,25,-53,29,-52,26,-53,30,-48,32,-51,27,-55,33,-55,37,-51,35,-51,39,-50,40,-49,39,-52,43,-48,48,-53,43,-47,43,-51,54,-49,52,-50,51,-51,54,-45,53,-42,59,-49,59,-49,61,-43,61,-47,70,-48,65,-44,66,-50,68,-52,70,-50,62,0,0]"
CSI_DATA,376,2a:00:00:00:00:00,-38,11,1,0,1,1,1,0,0,0,1,-96,0,11,2,5269393,0,44,0,384,0,"[0,0,0,0,0,0,0,0,0,0,0,0,-15,0,-14,0,-14,0,-14,0,-13,0,-13,0,-13,1,-12,0,-12,0,-12,1,-11,1,-11,1,-11,1,-10,1,-10,1,-10,2,-10,2,-10,2,-9,2,-9,2,-9,2,-9,2,-9,2,-8,2,-8,2,-9,2,0,0,-8,2,-8,1,-8,1,-8,1,-7,1,-8,1,-7,0,-7,0,-7,0,-7,0,-7,-1,-6,-1,-6,-1,-5,-2,-5,-2,-5,-2,-5,-2,-4,-2,-4,-3,-3,-3,-3,-3,-2,-3,-2,-3,-2,-3,-1,-3,-1,-2,0,0,0,0,0,0,0,0,0,0,0,0,0,0,58,54,55,50,55,54,56,49,58,53,50,48,59,50,48,49,46,49,51,47,45,44,50,40,50,43,43,39,44,37,49,33,47,37,43,29,45,30,42,27,44,26,45,25,43,17,36,22,41,25,42,23,40,19,38,23,41,26,43,17,39,16,37,15,36,21,37,19,36,22,31,23,32,26,31,24,30,24,23,21,26,19,23,23,19,22,14,24,11,27,10,22,12,22,7,27,4,21,7,24,5,18,0,17,-2,12,-3,12,-6,16,-9,16,-9,10,0,0,0,0,0,0,0,0,0,0,0,0,0,0,0,0,0,0,0,0,0,0,-26,-1,-27,2,-26,1,-28,1,-28,-1,-28,-1,-28,0,-31,4,-33,1,-33,6,-35,6,-35,9,-37,8,-41,12,-43,10,-42,6,-43,4,-43,10,-49,13,-48,7,-49,9,-54,16,-50,15,-57,15,-56,13,-55,19,-59,16,-58,20,-56,18,-60,16,-56,23,-58,18,-58,25,-64,27,-64,27,-61,31,-61,32,-57,32,-57,32,-60,35,-61,41,-57,37,-57,39,-63,43,-55,46,-59,47,-59,51,-58,52,-64,50,-56,52,-56,52,-54,59,-55,61,-57,52,-56,52,-60,57,-60,59,0,0]"
CSI_DATA,377,2a:00:00:00:00:00,-38,11,1,0,1,1,1,0,0,0,1,-96,0,11,2,5279398,0,44,0,384,0,"[0,0,0,0,0,0,0,0,0,0,0,0,-13,4,-13,4,-12,4,-13,4,-12,4,-12,4,-12,4,-11,4,-11,4,-10,4,-11,4,-10,4,-10,4,-9,4,-9,4,-9,4,-9,5,-8,5,-8,4,-8,5,-7,4,-7,5,-7,4,-7,4,-7,4,-7,5,0,0,-7,4,-7,4,-7,3,-7,3,-7,3,-7,3,-7,2,-6,2,-7,2,-6,1,-6,1,-6,1,-6,0,-5,0,-5,0,-5,-1,-5,-1,-4,-1,-4,-1,-4,-2,-4,-2,-3,-2,-3,-2,-2,-2,-2,-2,-2,-3,0,0,0,0,0,0,0,0,0,0,0,0,0,0,63,41,62,45,67,45,64,45,62,41,68,38,61,39,64,43,59,31,58,34,59,32,56,31,57,30,44,28,53,27,54,25,53,26,47,27,49,23,45,23,47,17,45,16,50,11,42,18,39,13,45,20,44,13,38,10,42,18,41,9,42,13,41,9,34,13,34,13,41,10,34,18,31,10,30,21,36,18,26,20,26,13,26,19,21,24,16,23,19,19,13,23,18,18,13,17,11,19,5,18,6,19,7,19,-2,16,2,18,-4,14,-3,11,-5,14,0,0,0,0,0,0,0,0,0,0,0,0,0,0,0,0,0,0,0,0,0,0,-28,5,-27,6,-28,9,-26,6,-31,9,-26,4,-30,12,-28,12,-31,11,-31,13,-32,11,-35,13,-38,13,-39,13,-39,14,-37,18,-46,18,-41,20,-40,24,-46,21,-44,27,-50,23,-47,23,-53,25,-54,24,-52,25,-57,28,-53,29,-55,27,-57,32,-54,31,-59,35,-55,35,-49,39,-55,35,-57,37,-52,43,-53,42,-52,39,-56,47,-55,48,-48,54,-45,56,-53,48,-50,53,-38,60,-48,59,-49,61,-49,66,-43,59,-49,65,-51,71,-47,71,-46,67,-49,62,-51,67,-45,66,0,0]"
CSI_DATA,378,2a:00:00:00:00:00,-38,11,1,0,1,1,1,0,0,0,1,-96,0,11,2,5289807,0,44,0,384,0,"[0,0,0,0,0,0,0,0,0,0,0,0,-14,-1,-14,-1,-13,0,-13,-1,-13,-1,-13,0,-13,0,-12,0,-12,0,-11,0,-11,0,-11,0,-11,1,-10,1,-10,1,-10,1,-10,1,-10,1,-9,1,-9,1,-9,2,-9,2,-9,2,-8,2,-8,2,-8,2,0,0,-8,2,-8,1,-8,1,-8,1,-7,1,-7,0,-7,0,-7,0,-7,0,-7,-1,-6,-1,-6,-1,-5,-2,-5,-2,-5,-2,-5,-2,-4,-2,-4,-3,-3,-2,-3,-3,-3,-3,-2,-3,-2,-3,-2,-3,-1,-3,-1,-3,0,0,0,0,0,0,0,0,0,0,0,0,0,0,48,55,51,58,56,55,53,53,56,48,53,48,46,51,54,49,46,47,45,44,46,37,47,39,50,40,43,37,46,37,51,31,43,28,43,31,42,32,41,24,46,22,43,21,43,23,40,19,39,19,40,22,40,20,36,15,41,18,41,17,38,15,39,14,29,16,38,15,37,12,33,20,29,17,30,18,30,19,28,18,26,23,26,16,22,19,19,21,13,23,13,22,14,22,10,18,10,19,8,19,4,20,5,20,-2,20,0,15,-4,14,-6,14,-7,14,0,0,0,0,0,0,0,0,0,0,0,0,0,0,0,0,0,0,0,0,0,0,-25,-7,-27,-4,-27,-4,-23,-4,-31,-5,-23,-6,-28,-4,-32,-2,-30,4,-34,-5,-37,-1,-37,-1,-44,-2,-42,2,-43,0,-44,3,-50,5,-47,2,-47,3,-51,2,-57,6,-55,6,-55,7,-54,6,-57,2,-54,6,-56,9,-60,9,-60,12,-58,11,-62,13,-62,12,-60,14,-62,13,-61,18,-61,19,-55,22,-57,27,-64,25,-58,28,-61,28,-54,34,-61,34,-59,37,-56,38,-65,38,-62,43,-58,47,-60,44,-54,45,-57,48,-61,51,-61,54,-55,47,-66,53,-60,53,-59,49,0,0]"
CSI_DATA,379,2a:00:00:00:00:00,-39,11,1,0,1,1,1,0,0,0,1,-96,0,11,2,5299660,0,44,0,384,0,"[0,0,0,0,0,0,0,0,0,0,0,0,5,-13,5,-13,5,-13,5,-12,4,-12,4,-12,4,-12,4,-11,4,-11,3,-11,3,-11,3,-10,2,-10,2,-10,2,-10,2,-10,2,-9,2,-9,1,-9,1,-9,1,-9,1,-9,1,-8,0,-9,0,-9,1,-8,0,0,1,-8,1,-8,1,-8,1,-8,1,-7,1,-7,1,-7,2,-7,2,-6,2,-6,2,-6,2,-5,2,-5,2,-5,3,-4,3,-4,3,-3,3,-3,3,-2,3,-2,3,-2,2,-1,2,-1,2,-1,2,0,2,0,0,0,0,0,0,0,0,0,0,0,0,0,0,0,-72,37,-71,35,-71,31,-75,31,-71,35,-67,29,-65,30,-61,29,-60,31,-61,32,-58,30,-57,28,-55,29,-48,27,-51,25,-51,31,-42,33,-42,30,-39,27,-39,29,-43,34,-37,32,-35,29,-36,28,-34,27,-33,29,-36,31,-33,26,-34,28,-32,30,-33,24,-35,29,-32,25,-31,22,-29,22,-31,19,-31,17,-33,18,-32,16,-32,13,-31,12,-35,10,-21,12,-29,4,-27,5,-26,2,-26,-2,-23,-2,-22,-2,-25,-4,-20,-3,-20,-6,-15,-7,-14,-8,-14,-9,-12,-11,-10,-8,0,0,0,0,0,0,0,0,0,0,0,0,0,0,0,0,0,0,0,0,0,0,7,-22,7,-25,9,-24,7,-25,10,-25,7,-25,7,-29,7,-30,7,-30,7,-32,6,-36,8,-38,5,-42,7,-40,6,-39,7,-41,6,-48,5,-48,1,-47,9,-48,8,-47,6,-52,3,-51,5,-51,-1,-55,6,-57,5,-56,5,-60,-1,-56,2,-60,-1,-60,-2,-61,-1,-59,-7,-63,-1,-62,-6,-68,-10,-59,-7,-60,-12,-65,-17,-66,-13,-67,-14,-66,-16,-69,-23,-70,-20,-68,-22,-64,-25,-69,-25,-71,-29,-71,-31,-74,-34,-70,-33,-76,-34,-75,-27,-72,-33,-77,-34,-75,-38,-68,0,0]"
CSI_DATA,380,2a:00:00:00:00:00,-38,11,1,0,1,1,1,0,0,0,1,-96,0,11,2,5309468,0,44,0,384,0,"[0,0,0,0,0,0,0,0,0,0,0,0,1,13,1,13,1,13,1,13,1,12,1,12,1,12,1,11,1,11,1,11,1,10,2,10,2,10,2,9,2,9,2,9,2,9,2,8,3,8,3,8,3,8,3,8,2,7,3,8,3,7,2,7,0,0,2,7,2,7,2,7,2,7,1,7,1,7,1,6,1,6,0,6,0,6,-1,6,-1,5,-1,5,-1,5,-2,4,-2,4,-2,4,-2,3,-2,3,-2,2,-3,2,-2,2,-3,1,-3,1,-3,0,-3,0,0,0,0,0,0,0,0,0,0,0,0,0,0,0,48,-61,43,-67,51,-64,44,-56,50,-60,50,-57,39,-53,43,-55,36,-56,38,-56,39,-51,36,-53,34,-51,30,-49,30,-45,31,-48,26,-46,22,-48,19,-52,24,-46,21,-39,18,-43,13,-42,15,-42,20,-40,17,-41,16,-41,15,-43,12,-41,18,-38,20,-36,14,-36,14,-34,11,-41,16,-32,15,-37,17,-35,15,-32,15,-31,19,-32,19,-27,26,-25,20,-23,19,-20,20,-18,21,-15,18,-7,16,-12,19,-8,22,-5,19,-5,20,-5,14,-3,13,-2,14,1,14,2,8,7,0,0,0,0,0,0,0,0,0,0,0,0,0,0,0,0,0,0,0,0,0,0,3,25,1,22,-2,25,5,26,0,27,8,29,2,28,5,30,10,28,7,28,11,32,12,32,15,36,11,35,13,38,10,37,15,43,13,44,20,43,18,48,18,43,18,46,18,50,21,49,19,48,22,48,22,53,25,58,25,52,29,56,23,48,28,54,27,51,29,51,33,55,40,53,34,51,40,54,43,50,41,54,46,53,42,50,41,53,50,53,48,51,55,48,53,47,51,51,59,48,61,46,61,48,58,49,60,52,59,49,62,52,64,55,59,42,0,0]"
CSI_DATA,381,2a:00:00:00:00:00,-39,11,1,0,1,1,1,0,0,0,1,-96,0,11,2,5319418,0,44,0,384,0,"[0,0,0,0,0,0,0,0,0,0,0,0,-8,11,-7,10,-7,11,-7,10,-7,11,-7,9,-7,10,-6,9,-6,9,-6,9,-6,9,-5,9,-5,9,-5,8,-4,8,-4,9,-4,8,-4,8,-3,8,-3,8,-3,8,-3,8,-3,8,-3,8,-3,7,-3,7,0,0,-3,7,-3,7,-3,6,-4,7,-3,6,-3,6,-3,6,-4,5,-4,5,-4,5,-4,4,-4,4,-4,3,-4,3,-5,2,-4,2,-4,2,-4,1,-4,1,-4,1,-4,0,-3,0,-3,0,-3,-1,-3,-1,-3,-1,0,0,0,0,0,0,0,0,0,0,0,0,0,0,73,-21,75,-18,72,-24,67,-18,70,-18,69,-18,70,-25,64,-24,59,-26,66,-16,62,-21,61,-22,57,-17,57,-19,53,-21,55,-23,48,-24,44,-25,47,-20,49,-22,46,-28,43,-22,42,-29,42,-25,35,-23,41,-21,36,-23,34,-20,40,-17,38,-24,40,-22,39,-20,37,-19,37,-17,37,-14,33,-11,35,-14,32,-13,36,-7,36,-11,34,-5,31,-5,34,-6,25,2,25,3,26,-1,26,3,21,5,15,10,19,11,16,10,11,11,8,11,9,9,7,14,10,13,8,12,0,0,0,0,0,0,0,0,0,0,0,0,0,0,0,0,0,0,0,0,0,0,-11,23,-12,19,-4,22,-14,29,-6,24,-13,24,-4,24,-7,30,-4,28,-8,30,-4,36,-11,30,-11,33,-4,38,-9,36,1,41,-6,49,-7,44,-6,45,-9,48,-7,48,-8,55,-8,52,-1,58,-10,49,-4,57,-9,53,-9,56,-5,62,-6,57,1,57,0,58,-1,58,2,60,1,65,4,62,5,63,2,67,7,67,10,61,12,65,14,74,11,61,19,75,15,63,12,67,16,72,24,70,20,71,24,69,23,69,24,71,24,77,24,75,28,74,25,79,25,73,0,0]"
CSI_DATA,382,2a:00:00:00:00:00,-39,11,1,0,1,1,1,0,0,0,1,-96,0,11,2,5339394,0,44,0,384,0,"[0,0,0,0,0,0,0,0,0,0,0,0,-10,10,-10,10,-9,10,-9,9,-9,9,-9,9,-9,8,-8,9,-8,8,-8,8,-8,8,-8,8,-7,8,-6,8,-6,7,-6,8,-6,7,-6,7,-5,7,-5,7,-5,7,-5,7,-5,7,-4,7,-5,7,-5,7,0,0,-5,6,-5,6,-5,6,-5,6,-5,5,-5,5,-5,5,-5,4,-5,4,-5,3,-5,3,-5,3,-5,2,-5,2,-5,1,-5,1,-5,1,-4,0,-4,0,-4,-1,-4,-1,-3,-1,-3,-1,-3,-2,-3,-2,-2,-2,0,0,0,0,0,0,0,0,0,0,0,0,0,0,76,-4,78,-4,78,-9,79,0,75,-5,71,-4,72,-9,70,-7,64,-3,63,-2,62,-5,60,-4,59,-11,55,-10,59,-12,55,-13,53,-13,49,-12,49,-11,53,-13,47,-16,47,-9,45,-16,43,-14,43,-14,40,-9,41,-13,39,-15,36,-16,39,-16,42,-16,42,-13,37,-11,35,-10,42,-9,33,-6,34,-7,34,-4,32,-6,37,0,37,3,33,1,32,-1,27,2,26,4,25,1,29,9,22,14,18,9,19,11,11,15,12,15,14,13,5,10,6,9,4,14,4,17,0,0,0,0,0,0,0,0,0,0,0,0,0,0,0,0,0,0,0,0,0,0,-15,18,-19,19,-20,20,-15,23,-17,21,-13,22,-17,24,-13,24,-13,26,-12,28,-14,28,-14,34,-22,36,-15,36,-17,40,-23,35,-17,44,-15,41,-17,45,-23,44,-24,46,-21,45,-24,52,-24,52,-19,47,-16,57,-20,57,-24,52,-17,56,-19,54,-17,55,-15,58,-18,57,-10,57,-17,59,-13,64,-10,67,-13,65,-12,63,-6,68,-9,61,-9,67,-8,71,-3,65,-2,70,0,72,-1,71,3,74,2,70,3,75,4,79,6,78,4,80,3,76,6,77,12,76,7,78,0,0]"
CSI_DATA,383,2a:00:00:00:00:00,-39,11,1,0,1,1,1,0,0,0,1,-96,0,11,2,5349626,0,44,0,384,0,"[0,0,0,0,0,0,0,0,0,0,0,0,2,-14,2,-14,2,-14,2,-13,2,-13,2,-12,2,-12,2,-12,1,-11,1,-11,1,-11,1,-11,0,-11,0,-10,0,-10,0,-10,-1,-10,0,-9,-1,-9,-1,-9,-1,-9,-1,-9,-1,-9,-1,-9,-1,-9,-1,-9,0,0,-1,-8,-1,-8,-1,-8,0,-8,0,-8,0,-8,0,-7,0,-7,1,-7,1,-6,1,-6,1,-6,1,-5,2,-5,2,-4,2,-4,2,-4,2,-4,2,-3,2,-3,2,-2,2,-2,2,-2,2,-1,2,-1,2,-1,0,0,0,0,0,0,0,0,0,0,0,0,0,0,-68,42,-67,36,-67,40,-66,38,-64,37,-69,34,-58,37,-58,36,-51,35,-57,38,-53,33,-51,34,-53,34,-43,34,-46,31,-47,32,-44,34,-38,35,-38,34,-40,34,-41,35,-36,34,-33,29,-31,34,-31,33,-28,33,-33,31,-29,33,-24,31,-32,34,-33,32,-30,31,-27,29,-25,34,-26,24,-28,24,-26,24,-29,17,-28,18,-30,19,-30,16,-30,12,-22,8,-21,11,-24,6,-27,10,-27,7,-23,1,-24,1,-22,1,-21,-1,-21,-4,-15,-5,-19,-2,-14,-7,-14,-11,-10,-12,0,0,0,0,0,0,0,0,0,0,0,0,0,0,0,0,0,0,0,0,0,0,11,-27,3,-30,3,-23,6,-28,3,-26,8,-29,3,-26,4,-32,2,-33,-1,-31,-3,-35,3,-39,3,-39,-2,-39,0,-43,3,-41,-3,-45,2,-48,-3,-48,3,-47,-1,-50,0,-54,-2,-58,-4,-54,-1,-55,1,-60,0,-59,-2,-58,-8,-60,-6,-59,-7,-61,-6,-62,-12,-59,-16,-59,-9,-66,-14,-67,-11,-64,-14,-62,-17,-68,-18,-68,-19,-67,-23,-65,-24,-67,-27,-63,-24,-70,-33,-58,-30,-62,-28,-65,-31,-67,-32,-67,-36,-68,-37,-71,-37,-74,-36,-70,-40,-66,-38,-73,-44,-65,0,0]"
CSI_DATA,384,2a:00:00:00:00:00,-39,11,1,0,1,1,1,0,0,0,1,-96,0,11,2,5359797,0,44,0,384,0,"[0,0,0,0,0,0,0,0,0,0,0,0,-12,8,-12,7,-11,8,-11,7,-11,7,-10,7,-10,7,-10,7,-10,7,-9,7,-9,7,-9,6,-8,7,-8,6,-7,7,-7,7,-7,7,-7,6,-6,6,-6,6,-6,6,-6,6,-6,6,-5,6,-6,6,-6,6,0,0,-6,6,-6,6,-5,5,-6,5,-5,5,-5,5,-5,5,-5,4,-6,4,-6,3,-6,3,-5,2,-5,2,-5,2,-5,1,-5,1,-5,0,-4,0,-4,0,-4,-1,-4,-1,-3,-1,-3,-1,-3,-2,-3,-2,-2,-2,0,0,0,0,0,0,0,0,0,0,0,0,0,0,69,20,72,19,70,16,73,12,70,15,72,11,70,16,63,11,67,10,63,18,66,12,63,9,62,10,55,9,57,12,57,0,48,2,49,4,47,1,50,2,52,2,48,1,44,-3,47,1,46,-1,42,-2,41,0,42,-1,42,1,45,-8,42,-2,47,-3,37,-3,39,3,42,2,36,5,34,4,35,7,35,6,34,7,35,5,29,10,26,10,25,15,26,13,23,14,21,15,17,16,16,13,13,15,12,16,11,16,5,18,4,16,3,17,0,13,-3,15,0,0,0,0,0,0,0,0,0,0,0,0,0,0,0,0,0,0,0,0,0,0,-21,13,-18,17,-19,13,-17,14,-18,16,-23,19,-20,19,-23,19,-22,18,-23,20,-24,23,-25,24,-23,30,-26,32,-27,34,-35,32,-29,36,-31,33,-32,37,-35,37,-32,36,-33,40,-34,38,-41,39,-36,42,-36,43,-35,41,-38,43,-35,45,-34,49,-39,54,-35,50,-35,50,-35,49,-30,54,-39,58,-34,58,-32,57,-31,54,-31,64,-27,59,-25,64,-28,66,-20,66,-24,68,-19,63,-23,69,-21,72,-24,70,-24,74,-23,70,-17,72,-21,75,-22,74,-19,78,-18,79,-17,76,0,0]"
CSI_DATA,385,2a:00:00:00:00:00,-39,11,1,0,1,1,1,0,0,0,1,-96,0,11,2,5379407,0,44,0,384,0,"[0,0,0,0,0,0,0,0,0,0,0,0,1,13,1,12,2,13,1,12,1,12,1,11,2,11,2,11,2,10,2,10,1,10,2,9,2,9,2,9,2,9,3,9,3,8,2,8,3,8,3,7,3,7,3,7,2,7,3,7,3,7,2,7,0,0,2,7,2,7,2,7,2,6,1,7,1,6,1,6,1,6,0,5,0,5,0,5,-1,5,-1,5,-1,4,-2,4,-2,4,-2,4,-2,3,-2,3,-2,2,-3,2,-3,2,-3,1,-3,1,-3,1,-3,0,0,0,0,0,0,0,0,0,0,0,0,0,0,0,37,-68,43,-64,42,-65,41,-67,38,-65,35,-62,29,-69,29,-64,31,-64,30,-55,28,-57,27,-55,26,-61,27,-58,22,-50,24,-49,20,-50,18,-49,16,-47,17,-49,12,-50,17,-51,8,-50,9,-44,12,-50,9,-49,12,-45,9,-46,10,-46,13,-41,10,-44,10,-40,9,-41,4,-39,10,-45,9,-34,6,-35,15,-37,14,-35,13,-31,18,-29,19,-24,18,-23,19,-24,15,-24,27,-18,20,-17,17,-14,18,-10,17,-12,17,-10,17,-2,17,-4,18,-3,14,-2,19,1,11,4,0,0,0,0,0,0,0,0,0,0,0,0,0,0,0,0,0,0,0,0,0,0,6,22,6,22,4,22,4,26,2,27,8,29,8,24,7,29,10,29,7,34,11,34,11,33,15,37,17,35,19,39,18,40,20,40,19,47,23,42,25,41,21,46,24,49,23,50,22,50,23,51,23,54,28,47,23,52,36,53,32,48,33,58,36,53,36,51,35,53,37,52,39,50,36,55,43,58,41,49,42,51,46,44,51,50,51,48,58,43,51,46,59,48,55,45,61,40,61,46,67,47,66,44,67,43,65,43,68,46,68,40,68,47,74,45,0,0]"
CSI_DATA,386,2a:00:00:00:00:00,-39,11,1,0,1,1,1,0,0,0,1,-96,0,11,2,5389395,0,44,0,384,0,"[0,0,0,0,0,0,0,0,0,0,0,0,2,13,2,13,2,13,2,13,2,12,2,12,2,11,2,11,2,11,2,10,2,10,3,10,3,9,3,9,3,9,3,9,3,9,3,8,3,8,3,8,3,8,3,8,3,7,4,7,3,7,3,7,0,0,3,7,3,7,3,7,2,6,2,7,2,6,1,6,1,6,0,6,0,5,0,6,0,5,-1,5,-1,5,-2,4,-2,4,-2,4,-2,3,-2,3,-2,2,-3,2,-2,2,-2,1,-3,1,-3,1,-3,0,0,0,0,0,0,0,0,0,0,0,0,0,0,0,55,-51,55,-53,51,-58,55,-48,55,-50,52,-49,44,-53,45,-52,47,-50,49,-42,45,-44,42,-44,45,-43,37,-45,35,-45,32,-43,35,-42,30,-44,30,-38,30,-39,29,-41,25,-37,22,-43,24,-40,26,-39,23,-38,23,-39,14,-40,20,-34,21,-36,23,-36,17,-41,21,-37,21,-39,25,-37,23,-33,21,-31,22,-26,19,-28,24,-24,25,-22,25,-22,20,-21,24,-13,22,-12,23,-13,22,-11,22,-8,21,-3,21,-3,20,4,14,1,19,0,15,2,14,4,11,5,14,8,0,0,0,0,0,0,0,0,0,0,0,0,0,0,0,0,0,0,0,0,0,0,1,25,0,27,-2,24,-3,22,-2,24,-1,29,2,28,4,29,3,28,4,32,7,32,8,37,11,40,7,37,8,39,8,41,6,42,8,46,10,50,11,50,11,45,8,51,9,47,9,53,14,52,14,54,16,56,18,54,15,55,18,58,16,57,22,60,21,59,25,55,23,56,23,56,25,56,30,56,31,51,38,56,35,60,32,57,40,59,37,58,38,57,44,53,47,50,47,56,47,56,44,59,48,57,52,57,51,58,50,57,54,58,53,61,54,60,0,0]"
CSI_DATA,387,2a:00:00:00:00:00,-39,11,1,0,1,1,1,0,0,0,1,-96,0,11,2,5402160,0,44,0,384,0,"[0,0,0,0,0,0,0,0,0,0,0,0,8,-11,8,-11,7,-11,7,-11,7,-11,7,-10,6,-10,6,-10,6,-10,5,-9,6,-9,5,-9,5,-9,4,-9,4,-9,4,-9,4,-9,4,-9,3,-9,3,-9,3,-8,3,-8,3,-8,2,-8,3,-8,3,-8,0,0,3,-8,2,-8,3,-7,3,-7,3,-7,3,-7,3,-6,3,-6,4,-6,4,-5,4,-5,3,-4,3,-4,3,-3,4,-3,4,-3,3,-2,3,-2,3,-1,3,-1,3,-1,2,0,2,0,2,0,2,0,2,1,0,0,0,0,0,0,0,0,0,0,0,0,0,0,-75,10,-75,11,-76,18,-82,7,-76,12,-75,6,-69,11,-70,6,-65,11,-69,11,-65,15,-65,10,-62,12,-55,18,-61,13,-55,14,-53,20,-45,15,-48,21,-49,17,-49,21,-41,16,-46,13,-46,17,-45,18,-38,19,-40,20,-38,18,-41,20,-39,17,-38,23,-37,19,-36,19,-34,14,-38,13,-36,12,-38,11,-33,12,-34,12,-34,6,-38,3,-36,0,-29,-3,-23,-1,-23,-4,-27,-5,-30,2,-17,-4,-19,-8,-18,-14,-22,-11,-16,-9,-10,-13,-14,-13,-8,-11,-11,-16,-4,-13,0,0,0,0,0,0,0,0,0,0,0,0,0,0,0,0,0,0,0,0,0,0,13,-24,13,-19,17,-21,13,-18,14,-22,15,-21,14,-24,15,-27,12,-31,14,-30,16,-28,16,-35,16,-34,16,-38,14,-40,16,-43,17,-40,18,-42,17,-48,17,-46,22,-50,20,-51,23,-55,18,-55,20,-52,16,-58,22,-53,20,-58,21,-58,18,-57,19,-58,14,-64,18,-65,9,-63,16,-65,15,-63,15,-59,10,-68,7,-69,3,-67,5,-67,2,-69,2,-75,3,-69,2,-70,-7,-73,-4,-72,-3,-78,-5,-78,-4,-74,-14,-73,-11,-84,-7,-86,-9,-80,-14,-76,-15,-82,-11,-78,0,0]"
CSI_DATA,388,2a:00:00:00:00:00,-39,11,1,0,1,1,1,0,0,0,1,-96,0,11,2,5419411,0,44,0,384,0,"[0,0,0,0,0,0,0,0,0,0,0,0,11,7,11,8,10,7,10,7,10,7,10,6,10,6,10,6,9,6,9,5,9,5,9,4,9,4,8,4,8,4,8,3,8,3,8,3,8,3,7,3,7,3,8,3,7,2,8,2,7,2,7,2,0,0,7,2,7,3,7,3,6,2,6,3,6,3,5,3,5,3,5,3,4,3,4,3,4,3,3,3,3,4,2,3,2,3,2,3,1,3,1,3,0,3,0,3,0,3,-1,2,-1,2,-1,2,-1,1,0,0,0,0,0,0,0,0,0,0,0,0,0,0,9,-76,10,-81,8,-75,7,-72,6,-74,5,-75,5,-71,6,-72,8,-72,1,-59,4,-66,2,-63,-1,-61,1,-57,-2,-55,-4,-55,-5,-62,-8,-56,0,-57,-7,-53,-5,-48,-6,-48,-4,-53,-6,-48,-6,-48,-7,-49,-10,-40,-12,-42,-14,-46,-9,-38,-11,-41,-8,-40,-4,-44,-8,-40,-2,-42,-4,-40,4,-38,3,-41,2,-36,3,-28,9,-30,2,-28,4,-35,5,-27,11,-25,7,-18,13,-22,10,-20,14,-17,14,-15,16,-12,13,-9,15,-11,11,-14,15,-7,14,-3,13,-2,0,0,0,0,0,0,0,0,0,0,0,0,0,0,0,0,0,0,0,0,0,0,19,19,19,15,17,15,16,16,19,16,20,14,17,17,25,12,27,21,27,19,29,18,31,22,30,13,36,18,36,21,37,25,35,19,40,22,41,26,40,24,39,25,49,32,46,25,50,21,51,29,53,27,46,29,50,23,55,30,53,30,52,32,60,30,54,28,56,29,63,20,61,21,61,14,68,22,66,17,71,20,65,21,69,20,67,16,72,16,66,15,66,9,69,17,73,6,78,15,81,9,82,6,73,1,80,9,73,10,87,6,89,4,76,7,0,0]"
CSI_DATA,389,2a:00:00:00:00:00,-39,11,1,0,1,1,1,0,0,0,1,-96,0,11,2,5429916,0,44,0,384,0,"[0,0,0,0,0,0,0,0,0,0,0,0,12,-6,12,-6,12,-6,12,-5,11,-5,11,-5,11,-5,10,-5,10,-5,9,-6,9,-6,9,-6,8,-6,8,-6,8,-6,8,-6,7,-6,7,-6,7,-6,7,-6,6,-5,6,-6,6,-6,6,-6,6,-6,6,-6,0,0,6,-5,6,-5,6,-5,6,-5,5,-4,6,-4,5,-4,5,-3,6,-3,5,-3,5,-3,5,-2,4,-2,4,-1,4,-1,4,-1,4,0,4,0,3,0,3,1,2,1,2,1,2,1,1,1,1,1,1,1,0,0,0,0,0,0,0,0,0,0,0,0,0,0,-70,-30,-65,-31,-73,-30,-70,-28,-68,-28,-69,-34,-68,-25,-66,-30,-65,-31,-60,-23,-64,-21,-61,-19,-64,-19,-55,-16,-59,-15,-55,-18,-54,-15,-55,-12,-49,-12,-53,-8,-49,-10,-51,-9,-44,-4,-49,-8,-46,-7,-43,-4,-48,-4,-47,-10,-44,-7,-45,-6,-45,-8,-46,-5,-42,-4,-35,-10,-43,-9,-35,-11,-37,-8,-35,-11,-35,-7,-34,-11,-37,-13,-33,-13,-25,-17,-26,-14,-25,-17,-22,-15,-17,-13,-14,-21,-14,-19,-13,-18,-6,-18,-10,-17,-4,-18,-5,-20,-5,-16,1,-18,5,-17,0,0,0,0,0,0,0,0,0,0,0,0,0,0,0,0,0,0,0,0,0,0,24,-9,21,-12,21,-11,24,-11,30,-14,22,-13,27,-9,27,-13,26,-18,29,-15,31,-17,30,-18,32,-20,30,-24,36,-24,35,-27,36,-29,39,-28,41,-24,43,-30,42,-29,43,-31,46,-35,43,-28,43,-29,53,-34,49,-34,47,-38,46,-38,47,-40,51,-40,50,-43,43,-44,44,-46,48,-44,48,-49,43,-46,42,-49,46,-50,45,-53,45,-57,39,-56,38,-58,42,-62,37,-60,40,-69,36,-67,29,-67,35,-72,37,-66,40,-67,34,-75,35,-74,34,-68,34,-73,35,-72,33,-73,0,0]"
CSI_DATA,390,2a:00:00:00:00:00,-39,11,1,0,1,1,1,0,0,0,1,-96,0,11,2,5439404,0,44,0,384,0,"[0,0,0,0,0,0,0,0,0,0,0,0,12,6,12,6,11,6,11,6,11,6,11,5,10,5,10,5,10,5,10,4,10,4,10,3,9,3,9,3,9,3,9,3,9,2,8,2,8,2,8,2,8,2,8,2,8,1,8,1,8,2,8,1,0,0,7,1,7,2,7,2,7,2,6,2,6,2,6,2,5,2,5,3,5,3,4,3,4,3,3,3,3,3,3,3,2,3,2,3,2,3,1,3,1,3,0,2,0,3,0,2,-1,2,-1,2,-1,2,0,0,0,0,0,0,0,0,0,0,0,0,0,0,-16,-75,-11,-80,-14,-76,-15,-68,-15,-74,-22,-69,-14,-74,-15,-65,-17,-71,-15,-63,-16,-64,-19,-61,-16,-59,-19,-57,-17,-57,-18,-55,-20,-58,-20,-53,-18,-52,-24,-47,-24,-48,-20,-46,-23,-46,-23,-43,-22,-41,-23,-44,-24,-42,-21,-45,-22,-42,-20,-41,-25,-36,-17,-38,-20,-37,-15,-36,-16,-37,-13,-34,-15,-34,-15,-34,-13,-38,-8,-34,-5,-35,-7,-30,0,-29,-2,-30,-1,-29,6,-29,9,-19,6,-21,4,-17,8,-19,10,-17,12,-15,10,-15,14,-14,12,-9,14,-4,14,-8,0,0,0,0,0,0,0,0,0,0,0,0,0,0,0,0,0,0,0,0,0,0,16,15,20,11,20,14,22,14,25,15,25,9,24,14,26,14,28,10,30,11,33,11,35,16,39,16,37,14,40,11,37,16,44,14,46,15,48,12,50,11,47,14,49,14,50,16,51,16,54,20,50,21,59,19,58,15,59,17,61,17,56,16,56,16,63,13,64,13,65,10,63,9,62,8,67,5,67,4,69,7,66,7,70,-3,69,-3,71,-5,66,-3,73,-12,72,-9,72,-16,80,-13,78,-13,79,-10,78,-15,79,-11,70,-14,82,-19,80,-14,87,-14,0,0]"
CSI_DATA,391,2a:00:00:00:00:00,-39,11,1,0,1,1,1,0,0,0,1,-96,0,11,2,5449423,0,44,0,384,0,"[0,0,0,0,0,0,0,0,0,0,0,0,14,1,13,1,13,1,13,1,12,1,12,1,12,0,11,0,11,0,10,0,11,-1,10,-1,10,-1,10,-1,9,-1,10,-1,9,-2,9,-1,8,-2,8,-2,8,-2,8,-2,8,-2,8,-2,8,-2,8,-2,0,0,8,-2,7,-1,7,-1,7,-1,6,-1,6,-1,6,0,6,0,6,0,5,0,5,1,5,1,4,1,4,1,4,1,4,1,3,2,3,2,2,2,2,2,1,2,1,2,1,2,0,2,0,2,0,2,0,0,0,0,0,0,0,0,0,0,0,0,0,0,-30,-78,-35,-72,-31,-80,-34,-68,-36,-71,-32,-67,-29,-65,-31,-63,-30,-59,-36,-56,-35,-55,-31,-58,-27,-53,-27,-53,-27,-49,-33,-49,-29,-48,-27,-44,-27,-48,-32,-43,-34,-42,-27,-35,-32,-37,-28,-37,-30,-37,-31,-37,-35,-37,-31,-33,-30,-32,-30,-32,-35,-28,-29,-31,-22,-34,-28,-32,-23,-29,-22,-36,-21,-35,-16,-34,-20,-30,-18,-28,-13,-26,-9,-27,-9,-27,-11,-28,-6,-25,-3,-28,-1,-24,1,-23,0,-18,2,-21,4,-21,7,-15,13,-17,8,-13,8,-15,11,-9,10,-8,0,0,0,0,0,0,0,0,0,0,0,0,0,0,0,0,0,0,0,0,0,0,22,5,22,8,21,7,25,7,26,8,26,8,28,6,25,9,31,5,34,5,33,4,33,2,35,2,41,3,42,5,46,4,46,7,43,2,50,3,49,4,57,5,54,5,52,4,57,4,59,6,59,2,56,5,60,-1,63,5,64,-3,60,-4,61,-1,65,-3,65,-9,64,-7,61,-9,61,-11,66,-10,67,-12,69,-12,66,-18,65,-20,66,-22,71,-25,70,-23,66,-25,69,-28,71,-32,76,-31,67,-31,74,-29,67,-32,72,-38,63,-38,72,-30,76,-35,76,-37,0,0]"
CSI_DATA,392,2a:00:00:00:00:00,-39,11,1,0,1,1,1,0,0,0,1,-96,0,11,2,5459465,0,44,0,384,0,"[0,0,0,0,0,0,0,0,0,0,0,0,12,-7,12,-7,11,-7,11,-7,11,-7,11,-7,10,-7,10,-7,10,-7,9,-7,9,-6,9,-6,8,-6,7,-6,7,-6,7,-6,7,-6,7,-6,6,-6,6,-6,6,-6,6,-6,6,-6,5,-6,5,-6,6,-6,0,0,6,-6,5,-5,5,-5,5,-5,5,-5,5,-4,5,-4,5,-4,5,-3,5,-3,5,-2,5,-2,4,-2,4,-1,4,-1,4,0,3,-1,3,0,3,0,3,0,2,1,2,1,2,1,1,1,1,1,1,2,0,0,0,0,0,0,0,0,0,0,0,0,0,0,-77,-40,-73,-35,-69,-30,-68,-35,-73,-33,-65,-30,-66,-28,-59,-26,-64,-28,-60,-26,-62,-26,-56,-27,-61,-25,-57,-18,-56,-19,-59,-21,-51,-19,-51,-13,-52,-14,-53,-13,-48,-12,-52,-11,-44,-9,-42,-8,-43,-6,-42,-8,-47,-7,-40,-9,-46,-10,-44,-7,-45,-9,-39,-9,-36,-7,-36,-6,-40,-6,-34,-12,-36,-13,-33,-13,-34,-14,-32,-12,-30,-16,-27,-13,-26,-19,-25,-20,-16,-17,-18,-16,-17,-18,-16,-21,-11,-18,-11,-15,-4,-22,-5,-20,0,-17,1,-18,-1,-20,3,-16,4,-18,0,0,0,0,0,0,0,0,0,0,0,0,0,0,0,0,0,0,0,0,0,0,23,-12,20,-12,21,-13,22,-9,22,-14,23,-13,22,-16,19,-17,25,-19,26,-19,26,-21,27,-22,26,-22,28,-29,29,-26,32,-31,29,-31,37,-31,32,-33,39,-35,39,-38,39,-37,41,-37,45,-33,39,-37,40,-38,43,-36,41,-42,44,-42,44,-39,43,-43,46,-41,44,-41,44,-46,40,-47,42,-48,38,-55,43,-53,38,-53,40,-58,40,-56,36,-62,39,-59,34,-64,34,-61,40,-67,36,-64,34,-71,34,-71,35,-71,34,-73,32,-78,35,-75,32,-76,35,-71,32,-78,33,-81,0,0]"
CSI_DATA,393,2a:00:00:00:00:00,-39,11,1,0,1,1,1,0,0,0,1,-96,0,11,2,5469531,0,44,0,384,0,"[0,0,0,0,0,0,0,0,0,0,0,0,-2,-15,-2,-14,-3,-15,-2,-14,-2,-14,-2,-13,-2,-13,-2,-12,-2,-12,-3,-12,-3,-11,-3,-11,-3,-11,-3,-11,-3,-10,-3,-10,-4,-9,-4,-9,-4,-9,-4,-9,-4,-9,-4,-9,-4,-8,-4,-8,-4,-8,-4,-8,0,0,-4,-8,-3,-8,-3,-8,-3,-7,-3,-8,-3,-7,-2,-7,-2,-7,-1,-7,-1,-7,-1,-7,-1,-6,0,-6,0,-6,1,-5,1,-5,1,-5,1,-4,1,-4,1,-3,2,-3,1,-3,1,-2,2,-2,2,-1,2,-1,0,0,0,0,0,0,0,0,0,0,0,0,0,0,-58,56,-54,58,-54,54,-59,49,-56,56,-53,54,-48,60,-48,53,-46,54,-45,46,-46,44,-44,47,-39,43,-39,44,-33,46,-33,44,-32,48,-31,40,-26,39,-28,46,-28,40,-23,47,-20,40,-22,39,-23,39,-21,38,-22,43,-14,42,-18,41,-23,39,-18,34,-18,38,-14,35,-18,34,-23,36,-20,28,-24,30,-18,30,-21,30,-20,25,-27,20,-25,20,-20,19,-20,21,-19,14,-25,12,-24,10,-24,7,-20,3,-21,4,-23,1,-21,-2,-15,-4,-17,-5,-13,-6,-13,-4,-13,-5,0,0,0,0,0,0,0,0,0,0,0,0,0,0,0,0,0,0,0,0,0,0,-5,-23,-5,-19,-3,-26,-3,-24,-9,-29,-4,-25,-7,-28,-10,-32,-4,-31,-11,-32,-11,-35,-16,-34,-14,-37,-19,-34,-16,-38,-17,-42,-18,-41,-18,-43,-20,-43,-14,-46,-18,-49,-19,-50,-21,-49,-23,-54,-23,-53,-29,-52,-25,-53,-25,-54,-31,-55,-24,-55,-30,-62,-30,-58,-28,-57,-31,-58,-32,-58,-32,-60,-45,-58,-38,-61,-45,-53,-46,-51,-45,-54,-45,-59,-46,-53,-51,-55,-43,-52,-52,-60,-49,-53,-51,-57,-57,-53,-61,-58,-63,-51,-62,-55,-61,-58,-61,-55,-68,-50,-63,-55,-65,-54,0,0]"
CSI_DATA,394,2a:00:00:00:00:00,-39,11,1,0,1,1,1,0,0,0,1,-96,0,11,2,5479420,0,44,0,384,0,"[0,0,0,0,0,0,0,0,0,0,0,0,13,-5,13,-5,12,-5,12,-5,11,-5,11,-5,11,-5,10,-5,10,-5,10,-5,10,-5,9,-5,9,-5,8,-5,8,-5,8,-5,8,-5,7,-5,7,-5,6,-5,7,-5,7,-5,6,-5,6,-5,6,-5,6,-5,0,0,6,-5,6,-4,6,-4,6,-5,6,-4,6,-4,5,-3,5,-3,6,-3,5,-2,5,-2,5,-2,5,-1,4,-1,4,0,4,0,4,0,3,0,3,0,3,1,2,1,2,1,2,1,1,1,1,1,1,2,0,0,0,0,0,0,0,0,0,0,0,0,0,0,-55,-56,-48,-55,-52,-60,-55,-52,-52,-53,-54,-51,-46,-49,-46,-55,-47,-46,-47,-48,-43,-42,-47,-41,-51,-39,-41,-39,-45,-41,-45,-31,-42,-36,-45,-31,-42,-34,-40,-29,-41,-29,-37,-25,-42,-28,-33,-25,-38,-22,-39,-25,-34,-20,-34,-22,-38,-22,-38,-22,-38,-23,-38,-25,-36,-21,-34,-22,-31,-23,-27,-28,-28,-22,-25,-28,-24,-22,-27,-20,-24,-20,-23,-20,-16,-24,-16,-27,-13,-22,-15,-24,-7,-24,-5,-23,-6,-20,-3,-16,0,-19,-4,-21,2,-17,5,-14,4,-14,7,-12,2,-11,0,0,0,0,0,0,0,0,0,0,0,0,0,0,0,0,0,0,0,0,0,0,20,-2,25,-3,19,-4,26,-3,26,-3,25,-6,26,-8,26,-9,29,-14,28,-12,30,-11,32,-11,32,-13,40,-16,39,-16,34,-12,42,-13,41,-15,42,-22,45,-16,43,-18,50,-18,45,-19,52,-21,52,-24,52,-22,54,-23,55,-23,57,-24,61,-21,55,-30,58,-24,56,-27,55,-27,57,-30,57,-30,52,-32,58,-33,63,-31,61,-37,60,-41,52,-39,57,-44,52,-43,50,-44,51,-43,53,-51,53,-53,56,-48,51,-55,57,-51,63,-56,61,-53,51,-56,60,-58,61,-56,61,-60,0,0]"
CSI_DATA,395,2a:00:00:00:00:00,-39,11,1,0,1,1,1,0,0,0,1,-96,0,11,2,5489992,0,44,0,384,0,"[0,0,0,0,0,0,0,0,0,0,0,0,-11,-10,-10,-9,-11,-10,-10,-9,-10,-9,-10,-8,-10,-8,-10,-8,-9,-8,-9,-8,-9,-7,-9,-7,-9,-7,-9,-6,-8,-6,-9,-6,-9,-5,-9,-5,-8,-5,-8,-5,-8,-5,-8,-4,-8,-4,-8,-4,-8,-4,-8,-4,0,0,-7,-4,-7,-4,-7,-4,-7,-4,-6,-4,-6,-4,-6,-5,-6,-4,-5,-4,-5,-5,-5,-5,-4,-5,-4,-5,-3,-4,-3,-4,-3,-4,-2,-5,-2,-4,-2,-4,-1,-4,-1,-4,-1,-4,0,-3,0,-3,0,-2,1,-2,0,0,0,0,0,0,0,0,0,0,0,0,0,0,15,78,13,78,15,77,16,70,16,74,16,65,11,73,14,70,13,63,13,63,13,58,16,63,16,60,19,57,15,53,17,53,13,52,18,51,20,50,17,48,16,46,17,45,23,44,18,42,19,41,20,45,20,41,18,39,17,40,21,35,19,34,19,38,17,40,17,38,15,33,15,33,12,30,10,34,10,37,7,30,6,30,4,33,-1,32,-2,26,-3,27,-2,23,-8,20,-6,24,-10,19,-10,17,-12,16,-12,15,-13,14,-14,12,-12,11,-11,3,-10,6,0,0,0,0,0,0,0,0,0,0,0,0,0,0,0,0,0,0,0,0,0,0,-23,-14,-21,-15,-18,-16,-22,-16,-25,-11,-23,-13,-25,-12,-27,-12,-33,-12,-30,-10,-36,-10,-38,-15,-40,-10,-38,-15,-41,-12,-38,-15,-47,-18,-44,-14,-48,-14,-45,-12,-50,-10,-54,-15,-57,-14,-55,-16,-51,-17,-53,-18,-53,-16,-63,-17,-62,-14,-61,-15,-59,-12,-61,-16,-65,-13,-66,-9,-67,-8,-67,-10,-69,-6,-66,-8,-64,-4,-72,-5,-69,-5,-68,0,-73,0,-75,6,-70,4,-72,10,-77,12,-75,12,-82,12,-75,13,-77,7,-79,16,-81,13,-79,16,-84,9,-83,14,-83,14,0,0]"
CSI_DATA,396,2a:00:00:00:00:00,-39,11,1,0,1,1,1,0,0,0,1,-96,0,11,2,5519424,0,44,0,384,0,"[0,0,0,0,0,0,0,0,0,0,0,0,2,-14,3,-13,2,-14,2,-13,2,-13,2,-12,2,-12,2,-12,2,-11,1,-11,1,-11,1,-11,1,-11,0,-10,0,-10,0,-10,0,-9,0,-9,0,-9,0,-9,0,-9,0,-9,0,-9,-1,-9,-1,-9,0,-8,0,0,0,-8,0,-8,0,-8,0,-7,0,-7,0,-7,1,-7,1,-7,2,-6,1,-6,2,-6,2,-5,2,-5,2,-5,2,-4,2,-4,2,-4,2,-3,3,-3,2,-2,2,-2,2,-2,2,-1,2,-1,2,0,2,0,0,0,0,0,0,0,0,0,0,0,0,0,0,0,-71,40,-68,40,-70,42,-66,35,-63,40,-67,41,-57,38,-64,44,-55,32,-62,37,-56,37,-53,33,-55,34,-45,34,-51,37,-45,37,-40,36,-41,31,-37,35,-39,32,-36,36,-33,28,-31,37,-34,33,-28,31,-31,35,-27,30,-24,31,-26,30,-31,31,-32,34,-31,35,-29,33,-26,27,-28,22,-28,28,-27,26,-25,21,-27,21,-28,16,-27,15,-29,16,-26,13,-24,13,-28,11,-27,5,-29,3,-23,4,-24,-2,-21,0,-17,1,-17,-5,-16,-7,-17,-4,-15,-11,-14,-10,-14,-11,0,0,0,0,0,0,0,0,0,0,0,0,0,0,0,0,0,0,0,0,0,0,0,-14,9,-12,6,-29,0,-23,5,-32,9,-45,1,-33,0,-14,-5,-30,-6,-35,3,-32,3,-44,-6,-29,-7,-36,6,-27,8,-40,-7,-50,-6,-45,-20,-71,-1,-39,-9,-47,-20,-64,-3,-64,-17,-77,-11,-45,-1,-70,-8,-42,-12,-61,-22,-60,6,-57,-6,-70,0,-52,-17,-47,-14,-61,-14,-67,-4,-68,-23,-59,-34,-62,-22,-62,-19,-64,-25,-68,-24,-65,-28,-74,-29,-62,-33,-70,-34,-74,-36,-65,-37,-68,-39,-67,-38,-62,-39,-64,-39,-67,-42,-75,-42,-70,-45,-71,-45,-73,-45,-71,0,0]"
CSI_DATA,397,2a:00:00:00:00:00,-39,11,1,0,1,1,1,0,0,0,1,-96,0,11,2,5530227,0,44,0,384,0,"[0,0,0,0,0,0,0,0,0,0,0,0,12,-8,11,-7,11,-8,10,-7,10,-7,10,-7,10,-7,9,-7,9,-6,8,-7,8,-7,8,-7,7,-7,7,-7,6,-6,7,-7,6,-6,6,-6,5,-6,6,-6,5,-6,5,-6,6,-6,5,-6,5,-6,5,-6,0,0,5,-6,5,-6,5,-5,5,-5,5,-5,5,-5,5,-4,5,-4,5,-4,5,-3,5,-3,4,-2,4,-2,4,-2,4,-1,4,-1,4,-1,3,0,3,0,3,0,3,0,2,1,2,1,2,1,1,1,1,1,0,0,0,0,0,0,0,0,0,0,0,0,0,0,-75,-26,-70,-23,-70,-23,-75,-25,-68,-22,-69,-28,-68,-22,-66,-22,-63,-22,-65,-21,-60,-20,-61,-14,-56,-15,-52,-15,-57,-17,-58,-12,-54,-12,-52,-12,-47,-10,-44,-8,-53,-7,-49,-4,-48,-11,-44,-6,-43,-8,-46,-7,-42,1,-45,-3,-44,-6,-43,1,-43,-2,-41,-6,-36,-8,-36,-4,-39,-8,-38,-10,-35,-9,-29,-8,-33,-14,-33,-13,-28,-10,-32,-9,-23,-13,-25,-14,-22,-15,-18,-18,-17,-17,-19,-19,-14,-18,-9,-16,-10,-18,-7,-16,-3,-18,3,-18,-1,-16,2,-17,-3,-16,0,0,0,0,0,0,0,0,0,0,0,0,0,0,0,0,0,0,0,0,0,0,17,-16,22,-16,16,-13,19,-14,19,-13,19,-17,19,-18,19,-24,21,-23,15,-24,23,-29,23,-25,24,-30,24,-28,24,-32,23,-32,28,-35,26,-37,24,-38,32,-41,33,-39,34,-36,34,-40,35,-44,34,-42,37,-47,37,-46,33,-49,39,-45,37,-49,34,-52,37,-47,37,-49,34,-53,35,-53,32,-57,35,-57,32,-59,32,-59,32,-56,31,-60,29,-64,31,-65,31,-64,24,-70,27,-69,22,-67,25,-69,23,-72,30,-66,22,-77,24,-76,27,-74,22,-75,26,-77,24,-78,23,-78,0,0]"
CSI_DATA,398,2a:00:00:00:00:00,-39,11,1,0,1,1,1,0,0,0,1,-96,0,11,2,5549419,0,44,0,384,0,"[0,0,0,0,0,0,0,0,0,0,0,0,-6,-13,-6,-13,-6,-13,-6,-13,-6,-12,-6,-12,-6,-12,-6,-11,-6,-11,-6,-11,-6,-10,-6,-10,-6,-10,-6,-9,-6,-9,-6,-8,-6,-8,-6,-8,-6,-8,-6,-8,-6,-7,-6,-7,-6,-7,-6,-7,-6,-7,-6,-7,0,0,-6,-6,-5,-7,-5,-7,-5,-6,-5,-7,-4,-6,-4,-6,-4,-6,-3,-6,-3,-6,-2,-6,-2,-6,-2,-6,-2,-5,-1,-5,-1,-5,-1,-5,0,-4,0,-4,0,-4,1,-3,1,-3,1,-3,1,-2,1,-2,1,-2,0,0,0,0,0,0,0,0,0,0,0,0,0,0,-25,80,-27,83,-22,78,-23,71,-19,70,-23,68,-17,69,-21,74,-15,67,-19,64,-16,62,-17,58,-13,59,-11,60,-10,51,-15,54,-10,56,-8,54,-2,56,-5,48,-4,48,-6,50,0,49,-4,44,2,45,5,46,5,46,-3,47,1,43,0,39,-1,40,-5,40,-2,40,0,41,-5,39,-2,36,-12,37,-7,35,-6,31,-8,29,-11,27,-12,28,-10,29,-11,28,-11,20,-13,20,-15,18,-21,20,-20,14,-13,13,-16,9,-16,8,-15,6,-17,4,-14,-3,-15,3,-14,-3,0,0,0,0,0,0,0,0,0,0,0,0,0,0,0,0,0,0,0,0,0,0,-9,-23,-13,-21,-7,-23,-13,-22,-14,-23,-13,-23,-17,-21,-20,-19,-17,-25,-18,-27,-22,-27,-25,-28,-26,-30,-28,-30,-29,-31,-32,-30,-33,-32,-30,-32,-35,-31,-41,-33,-42,-33,-42,-35,-38,-38,-41,-39,-40,-43,-36,-39,-41,-42,-46,-39,-47,-46,-51,-42,-50,-39,-51,-41,-53,-39,-54,-38,-56,-34,-52,-38,-60,-37,-58,-41,-58,-33,-58,-35,-64,-34,-64,-30,-64,-33,-73,-31,-63,-29,-71,-29,-72,-23,-75,-23,-75,-23,-72,-23,-74,-25,-78,-31,-76,-27,-77,-27,-79,-28,-85,-23,-74,-22,0,0]"
CSI_DATA,399,2a:00:00:00:00:00,-39,11,1,0,1,1,1,0,0,0,1,-96,0,11,2,5559616,0,44,0,384,0,"[0,0,0,0,0,0,0,0,0,0,0,0,3,13,3,13,3,13,3,13,3,12,2,11,2,11,2,11,3,11,3,10,3,10,3,9,3,9,3,9,3,9,3,8,3,8,3,7,4,8,3,8,3,7,4,7,3,7,4,7,4,7,4,6,0,0,3,6,3,6,3,6,2,6,2,6,2,6,2,6,1,6,1,5,1,5,1,5,0,5,0,5,0,5,-1,4,-1,4,-1,3,-1,3,-2,3,-2,2,-2,2,-2,2,-2,2,-2,1,-2,1,-3,0,0,0,0,0,0,0,0,0,0,0,0,0,0,0,47,-68,44,-70,42,-64,45,-61,39,-59,40,-60,45,-56,39,-60,34,-55,36,-56,30,-52,33,-50,32,-51,30,-50,26,-53,26,-50,25,-48,20,-45,23,-49,21,-41,22,-49,22,-46,19,-45,16,-40,16,-42,21,-47,16,-44,12,-45,13,-40,15,-43,17,-40,16,-37,16,-35,17,-38,17,-35,12,-31,20,-34,14,-33,16,-31,20,-28,22,-25,16,-25,15,-23,17,-20,17,-16,21,-16,21,-16,18,-15,23,-11,16,-4,18,-3,18,-4,19,1,15,-1,12,4,16,2,14,4,0,0,0,0,0,0,0,0,0,0,0,0,0,0,0,0,0,0,0,0,0,0,3,23,7,23,7,21,6,23,6,24,6,22,9,28,11,27,10,24,15,31,14,28,17,31,13,36,17,38,22,38,19,38,21,41,21,37,24,40,28,43,28,39,25,45,25,45,25,44,29,47,32,50,28,49,31,51,28,50,34,53,31,52,36,55,38,57,42,49,43,53,39,53,42,48,45,47,49,46,47,49,52,51,53,49,54,51,58,48,56,45,65,48,56,53,56,49,61,47,64,49,66,42,65,46,71,48,58,44,68,44,73,52,72,49,0,0]"
CSI_DATA,400,2a:00:00:00:00:00,-39,11,1,0,1,1,1,0,0,0,1,-96,0,11,2,5569408,0,44,0,384,0,"[0,0,0,0,0,0,0,0,0,0,0,0,-8,-12,-8,-12,-8,-12,-8,-12,-8,-12,-7,-11,-8,-10,-7,-10,-7,-10,-7,-10,-7,-9,-7,-9,-7,-9,-7,-8,-7,-8,-8,-7,-7,-7,-7,-7,-7,-7,-7,-7,-7,-6,-7,-6,-7,-6,-7,-6,-7,-6,-6,-6,0,0,-6,-6,-6,-6,-6,-6,-6,-6,-5,-6,-5,-6,-5,-6,-4,-6,-4,-5,-4,-6,-3,-5,-3,-5,-2,-5,-2,-5,-2,-5,-2,-5,-1,-5,-1,-4,0,-4,0,-4,0,-3,0,-3,1,-3,1,-3,1,-2,1,-2,0,0,0,0,0,0,0,0,0,0,0,0,0,0,4,78,-4,81,1,82,7,73,4,78,-3,69,2,74,7,72,0,74,5,63,5,67,6,63,7,57,9,61,6,54,4,53,5,52,10,49,13,45,15,53,11,45,12,47,19,48,15,39,16,42,18,39,17,43,17,40,15,43,14,39,12,38,15,31,18,46,18,36,11,43,11,34,11,34,14,37,5,34,5,28,6,31,5,28,1,31,-2,27,2,27,-4,25,-4,18,-5,23,-12,17,-11,14,-14,21,-12,8,-9,9,-11,10,-8,10,-10,9,-13,8,0,0,0,0,0,0,0,0,0,0,0,0,0,0,0,0,0,0,0,0,0,0,-18,-18,-18,-20,-15,-23,-15,-19,-21,-20,-17,-21,-17,-20,-20,-22,-26,-21,-25,-20,-24,-26,-28,-21,-30,-24,-29,-25,-30,-23,-34,-29,-39,-24,-34,-25,-38,-26,-43,-28,-45,-29,-49,-28,-48,-30,-50,-36,-49,-29,-48,-28,-51,-33,-49,-26,-60,-31,-54,-27,-52,-30,-58,-30,-59,-34,-58,-28,-58,-29,-61,-27,-66,-26,-63,-20,-64,-20,-68,-19,-65,-19,-71,-16,-74,-17,-80,-9,-71,-18,-79,-16,-72,-9,-76,-8,-77,-2,-87,-2,-81,-5,-81,-4,-74,-6,-84,-5,-88,4,-78,-4,-88,4,0,0]"
CSI_DATA,401,2a:00:00:00:00:00,-39,11,1,0,1,1,1,0,0,0,1,-96,0,11,2,5579428,0,44,0,384,0,"[0,0,0,0,0,0,0,0,0,0,0,0,-14,-2,-14,-2,-14,-2,-14,-3,-13,-2,-13,-2,-13,-2,-12,-2,-12,-2,-11,-1,-11,-1,-11,0,-11,0,-11,0,-10,-1,-10,0,-10,0,-10,0,-9,0,-9,0,-9,0,-9,0,-9,1,-9,1,-9,1,-9,1,0,0,-8,1,-8,0,-8,0,-8,0,-7,0,-7,-1,-7,-1,-7,-1,-7,-1,-6,-1,-6,-1,-6,-2,-5,-2,-5,-2,-5,-3,-5,-3,-4,-3,-3,-3,-3,-3,-3,-3,-2,-3,-2,-3,-2,-3,-1,-3,-1,-3,-1,-3,0,0,0,0,0,0,0,0,0,0,0,0,0,0,19,79,18,82,20,76,21,73,26,74,22,68,24,69,17,70,20,66,20,58,22,59,25,58,21,53,15,54,22,55,20,53,22,53,22,49,23,50,27,40,25,40,22,41,29,37,26,36,26,36,30,41,29,36,25,40,21,37,20,37,22,34,22,32,21,36,26,30,24,26,15,33,16,29,16,35,14,30,13,29,10,28,6,31,2,26,5,29,4,25,-1,22,0,19,-1,23,-2,20,-5,19,-8,19,-11,16,-11,13,-10,13,-12,15,-12,7,-14,8,0,0,0,0,0,0,0,0,0,0,0,0,0,0,0,0,0,0,0,0,0,0,-19,-15,-18,-12,-20,-12,-20,-11,-22,-9,-21,-13,-22,-13,-28,-11,-25,-15,-30,-10,-29,-14,-31,-11,-36,-17,-37,-12,-43,-14,-43,-8,-42,-14,-44,-15,-48,-11,-49,-8,-45,-8,-54,-10,-50,-17,-55,-10,-54,-17,-60,-13,-53,-14,-59,-17,-59,-17,-61,-14,-63,-7,-62,-17,-66,-14,-66,-7,-67,-6,-64,-7,-71,-8,-66,-7,-64,-6,-70,-3,-71,-4,-72,5,-72,7,-77,10,-70,9,-77,17,-74,20,-77,17,-80,13,-79,13,-79,14,-83,16,-80,18,-79,16,-80,15,-80,15,-79,24,0,0]"
CSI_DATA,402,2a:00:00:00:00:00,-39,11,1,0,1,1,1,0,0,0,1,-96,0,11,2,5589442,0,44,0,384,0,"[0,0,0,0,0,0,0,0,0,0,0,0,-15,2,-14,2,-14,2,-14,2,-13,2,-13,2,-13,2,-12,2,-12,2,-11,2,-11,2,-11,3,-10,3,-10,3,-10,3,-10,3,-9,3,-9,3,-8,3,-8,3,-8,3,-8,3,-8,3,-8,3,-8,3,-8,3,0,0,-8,3,-7,3,-7,2,-8,3,-7,2,-7,2,-7,1,-6,1,-7,1,-7,1,-6,0,-6,0,-5,0,-5,-1,-5,-1,-5,-1,-4,-2,-4,-2,-4,-2,-3,-2,-3,-2,-3,-2,-3,-3,-2,-3,-2,-3,-1,-2,0,0,0,0,0,0,0,0,0,0,0,0,0,0,62,43,63,52,60,47,64,44,61,47,58,44,53,44,60,41,53,43,54,44,48,38,46,37,47,31,47,29,49,28,51,27,51,27,41,25,41,22,46,22,46,19,45,17,44,18,42,19,39,21,35,21,42,15,38,13,36,12,39,13,37,13,38,15,34,14,36,15,37,12,34,17,30,19,28,16,27,19,27,19,28,16,22,20,18,20,22,21,16,20,20,19,16,20,13,18,6,17,6,18,4,20,1,17,-1,14,0,15,-3,14,-7,12,-5,9,0,0,0,0,0,0,0,0,0,0,0,0,0,0,0,0,0,0,0,0,0,0,-25,5,-20,3,-20,-1,-23,1,-28,4,-24,7,-28,7,-23,3,-26,11,-29,10,-28,12,-36,11,-38,13,-35,16,-38,12,-37,14,-42,17,-40,20,-46,21,-49,14,-49,15,-53,21,-47,18,-46,23,-49,22,-49,26,-55,24,-55,25,-53,26,-55,27,-51,33,-55,25,-57,29,-57,27,-55,32,-54,35,-52,35,-54,39,-53,42,-54,43,-53,43,-51,46,-51,50,-47,50,-50,52,-49,48,-49,54,-51,54,-48,55,-53,57,-49,58,-44,65,-49,63,-49,59,-50,65,-51,59,-53,65,0,0]"
CSI_DATA,403,2a:00:00:00:00:00,-39,11,1,0,1,1,1,0,0,0,1,-96,0,11,2,5600058,0,44,0,384,0,"[0,0,0,0,0,0,0,0,0,0,0,0,14,0,13,0,13,0,12,1,12,0,12,0,12,0,11,0,11,0,10,0,11,-1,10,-1,10,-1,9,-1,9,-1,9,-2,8,-2,8,-2,8,-2,8,-2,8,-2,8,-2,8,-2,7,-2,7,-2,7,-2,0,0,7,-2,7,-2,6,-2,7,-2,6,-1,6,-1,6,-1,6,-1,6,-1,5,0,5,0,5,0,4,1,4,1,4,1,3,1,3,1,3,1,2,2,2,2,1,2,1,2,1,2,1,2,0,2,0,1,0,0,0,0,0,0,0,0,0,0,0,0,0,0,-49,-65,-46,-67,-48,-64,-48,-60,-51,-62,-48,-58,-47,-58,-41,-60,-42,-60,-44,-51,-39,-52,-45,-46,-41,-48,-40,-47,-41,-46,-46,-41,-39,-43,-36,-38,-41,-36,-41,-31,-40,-29,-37,-30,-42,-30,-39,-26,-35,-30,-38,-32,-38,-27,-40,-29,-35,-24,-36,-24,-35,-27,-31,-25,-31,-29,-32,-25,-27,-23,-29,-26,-26,-26,-27,-28,-23,-24,-22,-19,-20,-26,-17,-23,-15,-29,-13,-26,-9,-27,-9,-21,-7,-24,-8,-28,-5,-21,-4,-23,-4,-19,0,-14,-1,-18,5,-16,4,-14,7,-8,8,-7,0,0,0,0,0,0,0,0,0,0,0,0,0,0,0,0,0,0,0,0,0,0,38,7,39,3,35,0,35,-7,18,15,28,14,14,-15,14,-4,14,-1,23,0,33,0,35,2,42,2,37,-9,38,-3,41,-1,47,-4,37,-13,43,-7,51,-17,50,5,59,3,63,-2,41,-14,69,-16,74,-22,51,5,62,0,64,-6,71,-8,45,-21,51,-13,70,-31,58,-7,67,-17,63,-14,69,-18,62,-25,65,-27,63,-31,65,-31,63,-35,61,-32,64,-39,57,-39,54,-35,60,-42,61,-44,65,-46,68,-40,69,-51,64,-53,65,-50,64,-48,68,-54,63,-50,64,-53,0,0]"
CSI_DATA,404,2a:00:00:00:00:00,-39,11,1,0,1,1,1,0,0,0,1,-96,0,11,2,5629671,0,44,0,384,0,"[0,0,0,0,0,0,0,0,0,0,0,0,5,-13,5,-13,4,-13,5,-13,4,-12,4,-12,4,-12,4,-11,3,-11,3,-11,3,-11,3,-10,2,-10,2,-10,2,-10,2,-10,2,-10,2,-9,1,-9,1,-9,1,-9,1,-9,1,-8,0,-9,1,-8,1,-8,0,0,1,-8,1,-8,1,-8,1,-7,1,-7,1,-7,2,-7,2,-6,2,-6,2,-6,2,-5,2,-5,2,-5,2,-4,3,-4,3,-3,3,-3,3,-2,3,-2,3,-2,3,-1,2,-1,2,-1,2,0,2,0,2,0,0,0,0,0,0,0,0,0,0,0,0,0,0,0,-79,23,-74,27,-74,23,-74,17,-73,26,-70,21,-73,22,-64,17,-64,22,-65,20,-63,21,-60,21,-60,20,-51,22,-54,18,-51,24,-48,21,-43,24,-46,26,-46,22,-46,22,-44,23,-39,22,-37,28,-40,24,-38,22,-38,24,-38,24,-34,23,-37,24,-37,20,-38,18,-32,23,-33,19,-35,17,-34,13,-31,16,-32,13,-31,14,-32,8,-33,7,-32,3,-27,4,-23,0,-28,2,-26,0,-28,-2,-23,-2,-18,-6,-20,-8,-17,-8,-15,-9,-13,-8,-13,-13,-13,-10,-8,-10,-7,-11,0,0,0,0,0,0,0,0,0,0,0,0,0,0,0,0,0,0,0,0,0,0,9,-23,11,-23,10,-24,10,-21,8,-25,5,-26,6,-26,3,-25,7,-30,8,-30,8,-36,6,-35,5,-39,5,-33,8,-40,6,-45,8,-45,10,-45,2,-43,6,-50,0,-48,6,-45,7,-54,10,-53,11,-55,7,-58,10,-56,10,-59,4,-63,7,-60,4,-63,0,-61,0,-63,-2,-62,-2,-66,0,-65,2,-64,-1,-70,-6,-65,-4,-65,-8,-66,-10,-68,-10,-72,-15,-72,-16,-68,-17,-64,-16,-75,-21,-76,-26,-75,-23,-74,-20,-76,-21,-73,-24,-84,-21,-83,-23,-77,-21,-74,-28,-75,0,0]"
CSI_DATA,405,2a:00:00:00:00:00,-39,11,1,0,1,1,1,0,0,0,1,-96,0,11,2,5649426,0,44,0,384,0,"[0,0,0,0,0,0,0,0,0,0,0,0,-5,12,-5,12,-4,12,-5,12,-4,11,-5,11,-5,11,-4,10,-4,10,-3,10,-4,10,-4,9,-3,10,-3,9,-3,9,-2,8,-2,9,-2,8,-2,9,-2,8,-2,8,-1,8,-2,7,-1,8,-1,8,-2,7,0,0,-2,7,-2,7,-2,7,-2,6,-2,6,-2,6,-3,6,-2,5,-3,5,-3,4,-3,4,-3,4,-3,4,-4,3,-4,3,-4,2,-4,2,-4,2,-4,1,-4,1,-3,0,-3,0,-3,0,-3,-1,-3,-1,-3,-1,0,0,0,0,0,0,0,0,0,0,0,0,0,0,76,-38,74,-33,74,-40,73,-33,76,-32,69,-29,65,-28,67,-27,62,-27,60,-28,61,-28,60,-31,59,-28,52,-30,51,-26,51,-25,47,-27,44,-29,45,-26,47,-26,45,-27,42,-23,38,-29,37,-28,36,-29,36,-32,34,-26,35,-28,30,-22,30,-23,37,-23,33,-26,35,-22,30,-23,38,-24,33,-17,27,-19,33,-17,32,-19,30,-12,34,-8,25,-5,28,-10,23,-3,26,-3,23,1,24,3,24,5,21,3,18,6,16,8,14,9,12,9,10,10,9,10,6,12,5,7,0,0,0,0,0,0,0,0,0,0,0,0,0,0,0,0,0,0,0,0,0,0,-7,19,-6,23,-6,24,-1,24,-2,26,-3,24,0,27,-2,28,1,32,0,28,-3,35,2,35,0,35,-2,37,4,38,-4,40,3,49,-2,44,3,51,5,41,8,47,6,54,4,56,0,52,3,56,3,57,-2,60,2,58,10,62,6,57,8,62,6,65,8,63,14,63,13,65,12,63,9,66,11,62,14,67,12,68,17,62,24,69,19,66,25,68,24,64,23,64,31,75,29,68,34,68,33,68,34,69,29,73,33,73,33,77,34,76,43,73,37,77,0,0]"
CSI_DATA,406,2a:00:00:00:00:00,-39,11,1,0,1,1,1,0,0,0,1,-96,0,11,2,5659389,0,44,0,384,0,"[0,0,0,0,0,0,0,0,0,0,0,0,-7,11,-7,11,-6,11,-6,10,-6,11,-6,10,-6,10,-6,9,-5,9,-5,9,-5,9,-5,9,-4,9,-4,8,-4,8,-4,8,-3,8,-3,8,-2,8,-3,8,-3,7,-2,7,-3,7,-2,7,-2,7,-3,7,0,0,-2,7,-2,7,-2,6,-3,6,-3,6,-3,6,-3,6,-3,5,-3,4,-4,4,-3,4,-3,3,-3,3,-3,3,-4,2,-4,2,-4,2,-4,1,-4,1,-3,1,-3,0,-3,0,-3,0,-3,-1,-3,-1,-3,-1,0,0,0,0,0,0,0,0,0,0,0,0,0,0,81,-30,78,-29,72,-32,72,-35,68,-27,73,-26,59,-29,64,-32,62,-28,64,-28,61,-29,58,-26,63,-28,50,-27,55,-23,51,-26,49,-24,49,-29,44,-26,46,-33,42,-28,39,-26,37,-30,38,-32,36,-27,35,-24,33,-30,29,-28,32,-29,38,-28,36,-29,34,-26,34,-27,29,-24,31,-19,32,-18,32,-20,28,-17,29,-11,30,-14,32,-13,30,-10,25,-5,23,-6,26,0,20,-3,25,-2,22,1,23,1,22,1,18,2,17,5,12,10,12,13,9,5,9,8,10,9,0,0,0,0,0,0,0,0,0,0,0,0,0,0,0,0,0,0,0,0,0,0,-13,22,-8,21,-11,21,-7,18,-11,23,-9,21,-8,24,-7,23,-9,30,-7,28,-5,27,-8,35,-9,34,-12,37,-6,39,-9,36,-7,42,-9,45,-5,43,-11,49,-8,45,-5,50,-7,56,-10,51,-8,55,-9,61,-12,56,-5,62,-4,55,-6,59,-3,59,-5,65,2,57,4,60,6,66,2,67,6,65,3,65,9,66,9,70,14,68,14,66,10,71,19,70,16,70,25,73,21,77,25,71,21,74,25,71,25,76,29,78,35,87,28,76,35,73,35,72,32,82,0,0]"
CSI_DATA,407,2a:00:00:00:00:00,-39,11,1,0,1,1,1,0,0,0,1,-96,0,11,2,5669666,0,44,0,384,0,"[0,0,0,0,0,0,0,0,0,0,0,0,-8,-12,-8,-12,-8,-12,-8,-12,-8,-11,-7,-10,-7,-10,-7,-10,-7,-9,-7,-9,-7,-9,-7,-9,-7,-8,-7,-8,-7,-8,-7,-7,-7,-7,-7,-7,-7,-7,-7,-6,-7,-6,-7,-6,-6,-6,-7,-6,-7,-6,-6,-6,0,0,-6,-5,-6,-5,-6,-6,-6,-5,-5,-6,-5,-6,-5,-6,-4,-5,-4,-5,-4,-5,-3,-5,-3,-5,-3,-5,-2,-5,-2,-5,-2,-4,-1,-4,-1,-4,0,-4,0,-4,0,-3,0,-3,1,-3,1,-3,1,-3,1,-2,0,0,0,0,0,0,0,0,0,0,0,0,0,0,-20,80,-19,82,-15,80,-18,70,-18,78,-17,70,-16,70,-19,69,-10,68,-13,63,-14,64,-9,59,-8,67,-13,61,-7,64,-6,57,-3,59,-5,53,-1,55,-2,50,-6,53,1,47,2,48,2,49,-3,40,5,47,1,44,4,44,3,41,3,41,1,39,0,42,0,42,-3,43,-1,35,-2,38,-5,42,-5,36,-4,33,-6,28,-4,33,-13,33,-8,30,-11,26,-15,21,-15,20,-18,17,-12,19,-18,16,-18,12,-17,9,-18,10,-12,6,-13,5,-20,0,-20,1,-15,5,0,0,0,0,0,0,0,0,0,0,0,0,0,0,0,0,0,0,0,0,0,0,-14,-19,-13,-19,-15,-18,-14,-22,-14,-20,-15,-20,-20,-22,-18,-24,-17,-24,-23,-23,-27,-19,-27,-22,-32,-22,-29,-21,-32,-25,-34,-28,-36,-27,-38,-30,-41,-26,-36,-31,-40,-33,-40,-33,-48,-32,-42,-38,-46,-35,-50,-36,-47,-37,-50,-34,-53,-30,-53,-35,-49,-36,-50,-31,-53,-36,-57,-34,-58,-37,-53,-34,-58,-27,-63,-29,-62,-26,-64,-28,-61,-27,-63,-28,-71,-24,-74,-27,-67,-25,-72,-26,-71,-23,-72,-24,-79,-22,-81,-23,-83,-16,-80,-13,-76,-18,-83,-17,-85,-17,-81,-16,-84,-22,0,0]"
CSI_DATA,408,2a:00:00:00:00:00,-39,11,1,0,1,1,1,0,0,0,1,-96,0,11,2,5680388,0,44,0,384,0,"[0,0,0,0,0,0,0,0,0,0,0,0,13,-5,12,-5,12,-5,12,-5,11,-5,11,-5,11,-5,10,-5,10,-5,9,-5,10,-5,9,-5,8,-5,8,-5,8,-5,8,-5,8,-5,7,-5,7,-5,7,-5,6,-5,6,-5,6,-5,6,-5,6,-5,6,-5,0,0,6,-5,6,-4,6,-4,6,-4,5,-4,5,-3,5,-3,5,-3,5,-2,5,-2,5,-2,5,-2,4,-1,4,-1,4,0,4,0,3,0,3,0,3,0,2,1,2,1,2,1,1,1,1,1,1,1,1,1,0,0,0,0,0,0,0,0,0,0,0,0,0,0,-68,-47,-64,-43,-67,-43,-65,-39,-61,-40,-64,-44,-65,-39,-61,-41,-51,-39,-56,-38,-56,-36,-55,-35,-51,-35,-48,-29,-56,-28,-52,-27,-48,-20,-49,-18,-45,-27,-47,-22,-49,-16,-46,-21,-41,-19,-41,-21,-41,-18,-41,-20,-39,-14,-40,-13,-43,-13,-41,-11,-40,-17,-41,-10,-33,-14,-38,-18,-33,-12,-32,-20,-31,-15,-29,-19,-30,-16,-28,-21,-28,-19,-24,-19,-18,-22,-17,-20,-17,-22,-15,-19,-14,-21,-12,-21,-7,-20,-5,-18,-1,-17,-3,-16,-4,-18,0,-17,3,-13,5,-13,5,-14,0,0,0,0,0,0,0,0,0,0,0,0,0,0,0,0,0,0,0,0,0,0,17,-6,23,-4,18,-2,21,-5,24,-10,22,-12,25,-7,22,-10,23,-14,26,-12,24,-13,29,-17,32,-18,34,-19,36,-16,36,-21,38,-20,37,-25,33,-23,39,-21,46,-21,39,-29,43,-28,47,-27,47,-34,41,-33,49,-30,51,-33,48,-33,51,-33,48,-32,52,-36,50,-34,48,-38,48,-38,50,-37,50,-43,49,-43,47,-46,45,-45,47,-49,45,-49,44,-53,46,-52,42,-57,49,-59,43,-61,44,-61,45,-57,41,-58,40,-63,39,-66,43,-67,37,-61,44,-65,41,-68,48,-69,0,0]"
CSI_DATA,409,2a:00:00:00:00:00,-39,11,1,0,1,1,1,0,0,0,1,-96,0,11,2,5689652,0,44,0,384,0,"[0,0,0,0,0,0,0,0,0,0,0,0,-11,-10,-11,-9,-11,-10,-10,-10,-10,-10,-10,-9,-10,-8,-10,-8,-9,-8,-9,-8,-9,-8,-9,-7,-9,-7,-9,-7,-8,-6,-9,-6,-8,-6,-8,-5,-8,-5,-8,-5,-8,-5,-8,-5,-8,-5,-8,-5,-8,-5,-8,-4,0,0,-7,-4,-7,-5,-7,-5,-7,-5,-6,-4,-6,-5,-6,-5,-5,-5,-5,-5,-4,-5,-4,-5,-3,-5,-3,-5,-3,-5,-2,-5,-2,-4,-2,-4,-1,-4,-1,-4,-1,-4,0,-4,0,-3,0,-3,1,-3,1,-2,1,-2,0,0,0,0,0,0,0,0,0,0,0,0,0,0,-8,88,-6,86,-10,81,-3,78,-7,77,-3,71,-7,74,-5,74,-3,68,-4,65,-4,59,-3,62,-2,62,-3,60,-3,56,4,58,2,54,5,56,5,54,2,47,3,49,3,44,7,46,6,44,5,46,6,50,7,42,9,38,7,42,4,41,7,43,2,35,-1,41,-2,40,-1,34,1,37,2,35,0,36,-3,36,-7,30,-4,31,-9,24,-5,29,-8,26,-13,25,-14,20,-15,15,-12,17,-13,15,-14,12,-15,14,-14,8,-12,10,-13,7,-13,4,-13,2,-14,-3,0,0,0,0,0,0,0,0,0,0,0,0,0,0,0,0,0,0,0,0,0,0,-19,-18,-15,-13,-20,-13,-18,-17,-21,-15,-19,-15,-20,-17,-24,-13,-25,-16,-30,-15,-29,-19,-28,-18,-36,-19,-35,-17,-34,-16,-35,-18,-38,-25,-37,-18,-47,-18,-43,-29,-47,-21,-52,-25,-47,-23,-49,-25,-52,-24,-49,-26,-53,-25,-56,-25,-59,-22,-57,-28,-53,-26,-59,-22,-56,-22,-60,-24,-64,-23,-59,-24,-61,-20,-60,-16,-65,-17,-67,-16,-75,-16,-66,-14,-75,-14,-71,-9,-70,-14,-71,-12,-72,-9,-79,-4,-83,-8,-78,0,-80,-5,-79,-6,-85,-7,-81,0,-84,1,-87,-8,-89,-2,0,0]"
CSI_DATA,410,2a:00:00:00:00:00,-39,11,1,0,1,1,1,0,0,0,1,-96,0,11,2,5699420,0,44,0,384,0,"[0,0,0,0,0,0,0,0,0,0,0,0,10,9,10,9,10,9,9,9,9,8,9,8,9,8,9,7,8,7,8,7,8,6,8,6,8,6,8,5,8,5,8,5,8,4,7,4,8,4,7,4,7,4,7,4,7,3,7,3,7,3,7,3,0,0,7,3,6,3,6,4,6,3,5,3,5,4,5,3,5,3,4,4,4,3,3,4,3,4,3,4,2,4,2,3,1,3,1,3,1,3,1,3,0,3,0,2,-1,2,-1,2,-1,2,-2,2,-2,1,0,0,0,0,0,0,0,0,0,0,0,0,0,0,-1,-81,4,-77,3,-85,4,-77,-2,-73,-1,-74,-6,-71,-2,-75,0,-66,1,-67,-6,-62,-8,-65,-3,-60,-2,-57,-8,-57,-6,-57,-5,-55,-10,-55,-7,-55,-11,-46,-14,-50,-11,-46,-15,-48,-12,-44,-14,-47,-12,-43,-11,-38,-13,-44,-14,-45,-12,-42,-9,-39,-13,-41,-11,-41,-9,-40,-6,-37,-9,-37,-5,-40,-4,-37,-2,-37,-1,-34,0,-26,2,-29,4,-27,5,-28,1,-23,5,-22,10,-23,5,-22,7,-15,15,-19,10,-11,11,-13,13,-15,11,-10,10,-9,9,-6,12,-1,0,0,0,0,0,0,0,0,0,0,0,0,0,0,0,0,0,0,0,0,0,0,13,18,14,18,17,14,18,16,16,12,19,16,21,18,20,17,26,15,26,17,24,14,29,20,29,18,37,20,36,17,31,18,36,20,37,21,40,22,39,19,41,23,48,26,46,23,48,24,47,28,47,25,48,20,51,25,49,23,54,29,52,20,53,23,60,26,60,22,60,22,59,21,59,20,62,19,64,19,65,18,70,16,63,10,70,10,69,10,67,7,66,3,68,10,73,1,73,4,76,2,78,3,78,-2,81,5,75,0,86,-5,89,-2,82,-3,0,0]"
CSI_DATA,411,2a:00:00:00:00:00,-39,11,1,0,1,1,1,0,0,0,1,-96,0,11,2,5709853,0,44,0,384,0,"[0,0,0,0,0,0,0,0,0,0,0,0,12,7,11,6,12,6,11,6,11,6,10,5,11,5,10,5,10,4,10,5,10,4,9,4,9,4,9,3,8,3,9,2,9,2,9,2,8,2,8,2,8,2,8,2,8,2,8,1,7,1,7,1,0,0,7,1,7,2,7,2,7,1,6,2,6,2,6,2,5,2,5,2,5,2,4,2,4,3,3,3,3,3,3,3,2,3,2,3,2,2,1,3,1,3,0,2,0,2,0,2,0,2,-1,2,-1,2,0,0,0,0,0,0,0,0,0,0,0,0,0,0,-26,-79,-22,-77,-28,-75,-28,-70,-27,-68,-25,-67,-26,-74,-26,-72,-22,-64,-26,-62,-29,-61,-25,-56,-30,-51,-24,-57,-24,-50,-22,-52,-24,-52,-21,-46,-24,-47,-30,-42,-31,-40,-26,-37,-29,-42,-31,-36,-22,-36,-29,-34,-29,-37,-30,-41,-27,-38,-27,-32,-22,-33,-24,-32,-24,-33,-22,-36,-23,-33,-16,-31,-18,-30,-18,-32,-16,-34,-14,-28,-14,-29,-5,-34,-8,-28,-8,-27,-5,-28,-5,-27,-2,-25,-1,-23,3,-16,5,-18,4,-16,3,-17,8,-15,10,-14,12,-13,10,-8,10,-12,0,0,0,0,0,0,0,0,0,0,0,0,0,0,0,0,0,0,0,0,0,0,18,13,18,13,20,12,20,13,19,16,22,9,23,7,24,8,29,6,32,10,29,11,29,10,33,9,35,9,37,11,41,7,44,6,41,9,48,4,51,4,54,11,53,7,55,11,51,10,57,8,52,9,54,10,55,14,59,6,60,12,57,10,61,10,61,-1,62,4,68,2,59,-3,62,1,67,-2,65,-2,65,-5,66,-9,70,-6,70,-9,69,-9,72,-20,72,-16,72,-16,71,-23,69,-27,80,-25,80,-22,76,-21,68,-26,74,-32,81,-27,78,-29,80,-31,0,0]"
CSI_DATA,412,2a:00:00:00:00:00,-39,11,1,0,1,1,1,0,0,0,1,-96,0,11,2,5740025,0,44,0,384,0,"[0,0,0,0,0,0,0,0,0,0,0,0,-15,-3,-14,-3,-14,-3,-13,-3,-13,-3,-13,-3,-13,-2,-12,-2,-12,-2,-12,-2,-12,-2,-11,-2,-11,-2,-10,-1,-10,-1,-11,0,-10,0,-10,0,-10,0,-9,0,-9,0,-9,0,-9,0,-9,0,-9,0,-9,0,0,0,-8,0,-8,-1,-8,-1,-8,-1,-7,-1,-7,-1,-7,-1,-7,-1,-7,-1,-6,-2,-6,-2,-5,-2,-5,-3,-4,-3,-4,-3,-4,-3,-4,-3,-3,-3,-3,-3,-3,-3,-2,-3,-2,-3,-1,-3,-1,-3,0,-3,0,-3,0,0,0,0,0,0,0,0,0,0,0,0,0,0,63,52,59,56,58,55,57,50,56,46,55,41,56,44,61,44,58,44,55,40,51,40,47,35,52,35,49,37,48,33,39,29,46,33,42,29,40,28,47,25,46,21,43,20,42,21,42,23,39,28,43,23,39,16,42,22,38,21,40,17,42,15,37,16,35,19,31,21,32,15,32,21,28,20,25,19,29,26,24,18,24,19,20,23,21,19,17,20,9,20,13,21,12,18,9,23,6,19,4,19,-2,17,1,18,0,16,-7,16,-5,15,-7,14,-9,7,0,0,0,0,0,0,0,0,0,0,0,0,0,0,0,0,0,0,0,0,0,0,-23,1,-21,-6,-26,2,-24,4,-27,4,-26,-1,-26,7,-29,6,-26,6,-33,6,-29,6,-31,6,-33,9,-33,11,-39,14,-40,14,-39,19,-43,15,-45,18,-45,21,-48,20,-47,18,-53,17,-55,13,-57,16,-53,22,-54,21,-53,20,-55,24,-58,23,-50,24,-57,24,-56,28,-58,27,-57,31,-55,29,-58,35,-56,33,-61,35,-54,36,-53,40,-52,44,-53,45,-57,47,-52,46,-49,48,-54,50,-52,60,-51,53,-53,54,-52,56,-52,53,-54,58,-49,63,-54,59,-51,66,-56,58,0,0]"
CSI_DATA,413,2a:00:00:00:00:00,-39,11,1,0,1,1,1,0,0,0,1,-96,0,11,2,5749635,0,44,0,384,0,"[0,0,0,0,0,0,0,0,0,0,0,0,-11,9,-11,9,-10,9,-10,9,-10,8,-10,8,-9,8,-9,8,-9,7,-8,8,-8,7,-8,7,-7,7,-7,7,-7,7,-7,7,-6,7,-6,7,-6,7,-5,7,-5,7,-5,7,-5,6,-5,7,-5,6,-5,6,0,0,-5,6,-5,5,-5,6,-5,5,-5,5,-5,5,-5,4,-5,4,-5,3,-5,3,-5,3,-5,2,-5,2,-5,2,-5,1,-5,1,-4,0,-4,0,-4,0,-4,-1,-4,-1,-3,-1,-3,-1,-3,-2,-3,-2,-2,-2,0,0,0,0,0,0,0,0,0,0,0,0,0,0,80,24,77,22,78,17,74,12,80,22,71,19,72,20,65,20,66,13,70,18,63,15,67,8,63,10,54,10,54,10,52,6,54,6,50,6,52,2,49,9,48,-5,55,6,44,-2,48,4,41,-4,40,2,39,-1,42,-2,41,2,42,0,44,0,43,-2,40,1,39,5,38,3,33,5,38,6,34,5,32,8,31,11,33,7,33,8,27,12,23,9,23,9,20,16,17,12,17,14,17,16,12,16,13,16,9,15,5,19,5,17,3,12,0,14,0,10,0,0,0,0,0,0,0,0,0,0,0,0,0,0,0,0,0,0,0,0,0,0,-21,9,-19,11,-19,14,-22,12,-18,12,-23,15,-24,15,-18,16,-27,19,-23,23,-22,20,-22,23,-26,28,-27,27,-27,29,-28,27,-27,30,-26,29,-32,39,-33,38,-29,35,-32,39,-34,40,-38,39,-37,42,-33,45,-38,40,-37,41,-39,45,-38,50,-37,47,-35,47,-38,50,-36,51,-35,57,-39,54,-37,58,-34,57,-33,59,-34,61,-32,60,-27,63,-32,64,-29,66,-27,65,-31,70,-24,69,-20,74,-22,75,-18,75,-23,75,-18,76,-26,85,-21,75,-31,75,-17,79,-21,85,0,0]"
CSI_DATA,414,2a:00:00:00:00:00,-39,11,1,0,1,1,1,0,0,0,1,-96,0,11,2,5759419,0,44,0,384,0,"[0,0,0,0,0,0,0,0,0,0,0,0,4,-14,4,-13,3,-14,3,-13,3,-13,3,-12,3,-12,3,-12,3,-11,2,-11,2,-11,2,-11,1,-10,1,-10,1,-10,1,-10,1,-9,1,-10,0,-9,0,-9,0,-9,0,-9,0,-9,0,-9,0,-9,0,-8,0,0,1,-8,1,-8,1,-8,1,-8,1,-7,1,-7,1,-7,1,-6,2,-6,2,-6,2,-5,2,-5,2,-5,2,-4,3,-4,2,-3,2,-3,2,-3,3,-2,2,-2,2,-2,2,-1,2,-1,2,-1,2,0,2,0,0,0,0,0,0,0,0,0,0,0,0,0,0,0,-72,37,-71,33,-71,39,-75,35,-75,35,-69,28,-63,34,-67,30,-58,34,-58,27,-56,30,-53,28,-59,33,-54,27,-55,30,-51,33,-48,31,-46,35,-45,32,-43,33,-44,30,-39,26,-41,33,-38,27,-39,30,-33,29,-39,27,-33,28,-36,26,-38,28,-37,26,-38,28,-33,25,-30,25,-31,24,-26,20,-29,20,-32,19,-28,15,-29,14,-33,7,-30,10,-26,8,-27,9,-27,1,-28,-2,-25,-1,-20,-3,-25,-7,-20,-5,-19,-7,-15,-9,-14,-9,-10,-12,-10,-7,-15,-13,-11,-12,0,0,0,0,0,0,0,0,0,0,0,0,0,0,0,0,0,0,0,0,0,0,7,-23,6,-22,2,-23,3,-24,5,-26,4,-26,2,-27,-1,-28,1,-30,0,-28,2,-28,-1,-33,-3,-36,0,-38,-5,-40,-5,-41,-6,-47,-1,-46,-8,-46,0,-50,-1,-59,-6,-52,-2,-50,-7,-58,-5,-56,-7,-60,-5,-59,-3,-65,-7,-56,-4,-61,-9,-62,-11,-59,-8,-61,-13,-61,-10,-66,-12,-63,-12,-63,-15,-65,-19,-64,-21,-68,-21,-63,-24,-65,-21,-68,-27,-65,-25,-66,-31,-61,-30,-70,-36,-73,-41,-69,-36,-65,-34,-69,-38,-76,-40,-74,-36,-69,-40,-73,-44,-76,-41,-71,0,0]"
